sex,Dose,type_vax,week,riskfactor,ADEM_broad_b,ACUASEARTHRITIS_broad_b,DM1_narrow_b,DM1_broad_b,HF_narrow_b,HF_broad_b,CAD_narrow_b,CAD_broad_b,ARR_narrow_b,ARR_broad_b,MYOCARD_narrow_b,MYOCARD_broad_b,PERICARD_narrow_b,PERICARD_broad_b,ALI_narrow_b,ALI_broad_b,AKI_narrow_b,AKI_broad_b,MENINGOENC_broad_b,ARD_narrow_b,ARD_broad_b,MISCC_narrow_b,MISCC_broad_b,MIS_broad_b,Hemostroke_narrow_b,Hemostroke_broad_b,Ischstroke_narrow_b,Ischstroke_broad_b,Sinusthrom_narrow_b,Sinusthrom_broad_b,VTE_narrow_b,VTE_broad_b,TP_narrow_b,TP_broad_b,BP_narrow_b,BP_broad_b,CONTRDIVERTIC_b,CONTRHYPERT_b,MIS_KD_narrow_b,MIS_KD_broad_b,DEATH_b,ArterialNoTP_b,VTENoTP_b,ArterialVTENoTP_b,CVSTNoTP_b,GENCONV_narrow_b,GENCONV_broad_b,ANAPHYL_broad_b,IR_ADEM_broad,lb_ADEM_broad,ub_ADEM_broad,IR_ACUASEARTHRITIS_broad,lb_ACUASEARTHRITIS_broad,ub_ACUASEARTHRITIS_broad,IR_DM1_narrow,lb_DM1_narrow,ub_DM1_narrow,IR_DM1_broad,lb_DM1_broad,ub_DM1_broad,IR_HF_narrow,lb_HF_narrow,ub_HF_narrow,IR_HF_broad,lb_HF_broad,ub_HF_broad,IR_CAD_narrow,lb_CAD_narrow,ub_CAD_narrow,IR_CAD_broad,lb_CAD_broad,ub_CAD_broad,IR_ARR_narrow,lb_ARR_narrow,ub_ARR_narrow,IR_ARR_broad,lb_ARR_broad,ub_ARR_broad,IR_MYOCARD_narrow,lb_MYOCARD_narrow,ub_MYOCARD_narrow,IR_MYOCARD_broad,lb_MYOCARD_broad,ub_MYOCARD_broad,IR_PERICARD_narrow,lb_PERICARD_narrow,ub_PERICARD_narrow,IR_PERICARD_broad,lb_PERICARD_broad,ub_PERICARD_broad,IR_ALI_narrow,lb_ALI_narrow,ub_ALI_narrow,IR_ALI_broad,lb_ALI_broad,ub_ALI_broad,IR_AKI_narrow,lb_AKI_narrow,ub_AKI_narrow,IR_AKI_broad,lb_AKI_broad,ub_AKI_broad,IR_GENCONV_narrow,lb_GENCONV_narrow,ub_GENCONV_narrow,IR_GENCONV_broad,lb_GENCONV_broad,ub_GENCONV_broad,IR_MENINGOENC_broad,lb_MENINGOENC_broad,ub_MENINGOENC_broad,IR_ARD_narrow,lb_ARD_narrow,ub_ARD_narrow,IR_ARD_broad,lb_ARD_broad,ub_ARD_broad,IR_ANAPHYL_broad,lb_ANAPHYL_broad,ub_ANAPHYL_broad,IR_MISCC_narrow,lb_MISCC_narrow,ub_MISCC_narrow,IR_MISCC_broad,lb_MISCC_broad,ub_MISCC_broad,IR_MIS_broad,lb_MIS_broad,ub_MIS_broad,IR_Hemostroke_narrow,lb_Hemostroke_narrow,ub_Hemostroke_narrow,IR_Hemostroke_broad,lb_Hemostroke_broad,ub_Hemostroke_broad,IR_Ischstroke_narrow,lb_Ischstroke_narrow,ub_Ischstroke_narrow,IR_Ischstroke_broad,lb_Ischstroke_broad,ub_Ischstroke_broad,IR_Sinusthrom_narrow,lb_Sinusthrom_narrow,ub_Sinusthrom_narrow,IR_Sinusthrom_broad,lb_Sinusthrom_broad,ub_Sinusthrom_broad,IR_VTE_narrow,lb_VTE_narrow,ub_VTE_narrow,IR_VTE_broad,lb_VTE_broad,ub_VTE_broad,IR_TP_narrow,lb_TP_narrow,ub_TP_narrow,IR_TP_broad,lb_TP_broad,ub_TP_broad,IR_BP_narrow,lb_BP_narrow,ub_BP_narrow,IR_BP_broad,lb_BP_broad,ub_BP_broad,IR_CONTRDIVERTIC,lb_CONTRDIVERTIC,ub_CONTRDIVERTIC,IR_CONTRHYPERT,lb_CONTRHYPERT,ub_CONTRHYPERT,IR_MIS_KD_narrow,lb_MIS_KD_narrow,ub_MIS_KD_narrow,IR_MIS_KD_broad,lb_MIS_KD_broad,ub_MIS_KD_broad,IR_DEATH,lb_DEATH,ub_DEATH,IR_ArterialNoTP,lb_ArterialNoTP,ub_ArterialNoTP,IR_VTENoTP,lb_VTENoTP,ub_VTENoTP,IR_ArterialVTENoTP,lb_ArterialVTENoTP,ub_ArterialVTENoTP,IR_CVSTNoTP,lb_CVSTNoTP,ub_CVSTNoTP
0,0,0,2020-01-06,CV,0,0,0,1,0,0,1,1,0,0,0,0,0,0,0,0,0,0,0,0,0,0,0,0,0,0,0,0,0,0,0,0,0,0,0,0,0,0,0,0,0,1,0,1,0,0,0,0,0,0,33268.23,0,0,33325.83,0,0,33268.23,9322.36,236.02,51940.86,0,0,34336.47,0,0,35151.66,9101.67,230.43,50711.26,9379.82,237.48,52260.98,0,0,34336.47,0,0,34336.47,0,0,33268.23,0,0,33268.23,0,0,33268.23,0,0,33268.23,0,0,33268.23,0,0,33268.23,0,0,33483.18,0,0,33658.84,0,0,33268.23,0,0,33268.23,0,0,33268.23,0,0,33268.23,0,0,33268.23,0,0,33268.23,0,0,33268.23,0,0,33268.23,0,0,33325.83,0,0,33383.63,0,0,33383.63,0,0,33558.24,0,0,33734.68,0,0,33325.83,0,0,33325.83,0,0,33499.83,0,0,33499.83,0,0,33268.23,0,0,33268.23,0,0,33268.23,0,0,33268.23,0,0,33268.23,0,0,70321.67,0,0,33268.23,0,0,33325.83,0,0,33268.23,9181.75,232.46,51157.43,0,0,33499.83,9246.84,234.11,51520.07,0,0,33325.83
0,0,0,2020-01-13,CV,0,0,0,0,0,0,0,0,1,1,0,0,0,0,0,0,1,1,0,0,0,0,0,0,0,0,0,0,0,0,0,0,0,0,0,0,0,0,0,0,1,0,0,0,0,0,0,0,0,0,33449.93,0,0,33508.16,0,0,33449.93,0,0,34565.5,0,0,34530.07,0,0,35354.58,0,0,33802.39,0,0,34842.6,9372.59,237.29,52220.75,9372.59,237.29,52220.75,0,0,33449.93,0,0,33449.93,0,0,33449.93,0,0,33449.93,0,0,33449.93,0,0,33449.93,9117.57,230.84,50799.87,9165.62,232.05,51067.57,0,0,33449.93,0,0,33449.93,0,0,33449.93,0,0,33449.93,0,0,33449.93,0,0,33449.93,0,0,33449.93,0,0,33449.93,0,0,33508.16,0,0,33566.6,0,0,33566.6,0,0,33743.13,0,0,33921.53,0,0,33508.16,0,0,33508.16,0,0,33684.08,0,0,33684.08,0,0,33449.93,0,0,33449.93,0,0,33449.93,0,0,33449.93,0,0,33449.93,0,0,70579.53,0,0,33449.93,0,0,33508.16,9067.78,229.58,50522.41,0,0,34101.83,0,0,33684.08,0,0,34345.23,0,0,33508.16
0,0,0,2020-01-20,CV,0,0,0,0,0,0,0,0,0,0,0,0,0,0,0,0,0,0,0,0,0,0,0,0,0,0,0,0,0,0,0,0,0,0,0,0,0,0,0,0,1,0,0,0,0,0,0,0,0,0,33633.63,0,0,33692.5,0,0,33633.63,0,0,34725.86,0,0,34681.16,0,0,35513,0,0,33989.99,0,0,34941.99,0,0,34788.62,0,0,34788.62,0,0,33633.63,0,0,33633.63,0,0,33633.63,0,0,33633.63,0,0,33633.63,0,0,33633.63,0,0,33870.37,0,0,34050.12,0,0,33633.63,0,0,33633.63,0,0,33633.63,0,0,33633.63,0,0,33633.63,0,0,33633.63,0,0,33633.63,0,0,33633.63,0,0,33692.5,0,0,33751.58,0,0,33751.58,0,0,33930.07,0,0,34110.46,0,0,33692.5,0,0,33692.5,0,0,33870.37,0,0,33870.37,0,0,33633.63,0,0,33633.63,0,0,33633.63,0,0,33633.63,0,0,33633.63,0,0,71213.7,0,0,33633.63,0,0,33692.5,9117.57,230.84,50799.87,0,0,34292.78,0,0,33870.37,0,0,34538.92,0,0,33692.5
0,0,0,2020-01-27,CV,0,0,0,0,0,0,0,0,0,0,0,0,0,0,0,0,0,0,0,0,0,0,0,0,0,0,1,1,0,0,0,0,0,0,0,0,0,1,0,0,0,1,0,1,0,0,0,0,0,0,33743.13,0,0,33802.39,0,0,33743.13,0,0,34842.6,0,0,34779.64,0,0,35616.26,0,0,34101.83,0,0,35032.85,0,0,34905.78,0,0,34905.78,0,0,33743.13,0,0,33743.13,0,0,33743.13,0,0,33743.13,0,0,33743.13,0,0,33743.13,0,0,33981.42,0,0,34162.35,0,0,33743.13,0,0,33743.13,0,0,33743.13,0,0,33743.13,0,0,33743.13,0,0,33743.13,0,0,33743.13,0,0,33743.13,0,0,33802.39,0,0,33861.86,0,0,33861.86,9232.81,233.75,51441.93,9282.08,235,51716.46,0,0,33802.39,0,0,33802.39,0,0,33981.42,0,0,33981.42,0,0,33743.13,0,0,33743.13,0,0,33743.13,0,0,33743.13,0,0,33743.13,19428.19,491.88,108246.95,0,0,33743.13,0,0,33802.39,0,0,33743.13,9331.89,236.26,51993.94,0,0,33981.42,9399.13,237.97,52368.57,0,0,33802.39
0,0,0,2020-02-03,CV,0,0,0,1,0,0,0,0,0,0,1,1,1,1,0,0,1,1,0,0,0,0,0,0,0,0,1,1,0,0,0,0,0,0,0,0,0,2,0,0,0,1,0,1,0,0,0,0,0,0,33827.85,0,0,33887.4,0,0,33827.85,9474.71,239.88,52789.7,0,0,34869.65,0,0,35710.66,0,0,34188.36,0,0,35124.17,0,0,34996.45,0,0,34996.45,9174.83,232.29,51118.88,9174.83,232.29,51118.88,9174.83,232.29,51118.88,9174.83,232.29,51118.88,0,0,33827.85,0,0,33827.85,9246.84,234.11,51520.07,9296.26,235.36,51795.44,0,0,33827.85,0,0,33827.85,0,0,33827.85,0,0,33827.85,0,0,33827.85,0,0,33827.85,0,0,33827.85,0,0,33827.85,0,0,33887.4,0,0,33947.17,0,0,33947.17,9267.95,234.64,51637.73,9317.6,235.9,51914.36,0,0,33887.4,0,0,33887.4,0,0,34067.34,0,0,34067.34,0,0,33827.85,0,0,33827.85,0,0,33827.85,0,0,33827.85,0,0,33827.85,39085.07,4733.38,141188.72,0,0,33827.85,0,0,33887.4,0,0,33827.85,9367.79,237.17,52193.97,0,0,34067.34,9435.55,238.89,52571.5,0,0,33887.4
0,0,0,2020-02-10,CV,0,0,0,0,1,1,0,0,0,0,0,0,0,0,0,0,0,0,0,0,0,0,0,0,0,0,0,0,0,0,0,0,0,0,0,0,0,0,0,0,0,0,0,0,0,0,0,0,0,0,33887.4,0,0,33938.62,0,0,33887.4,0,0,35060.19,9482.09,240.07,52830.81,9711.51,245.87,54109.09,0,0,34249.19,0,0,35179.2,0,0,35060.19,0,0,35060.19,0,0,33947.17,0,0,33947.17,0,0,33947.17,0,0,33947.17,0,0,33887.4,0,0,33887.4,0,0,34188.36,0,0,34371.51,0,0,33887.4,0,0,33887.4,0,0,33887.4,0,0,33887.4,0,0,33887.4,0,0,33887.4,0,0,33887.4,0,0,33887.4,0,0,33947.17,0,0,34007.15,0,0,34007.15,0,0,34301.51,0,0,34485.88,0,0,33947.17,0,0,33947.17,0,0,34127.74,0,0,34127.74,0,0,33887.4,0,0,33887.4,0,0,33887.4,0,0,33887.4,0,0,33887.4,0,0,72634.14,0,0,33887.4,0,0,33947.17,0,0,33887.4,0,0,34672.24,0,0,34127.74,0,0,34923.88,0,0,33947.17
0,0,0,2020-02-17,CV,0,0,0,0,0,0,0,1,0,0,0,0,0,0,0,0,0,1,0,0,0,0,0,0,0,0,0,0,0,0,0,0,0,0,0,0,0,1,0,0,0,0,0,0,0,0,0,0,0,0,34007.15,0,0,34007.15,0,0,34007.15,0,0,35151.66,0,0,35087.58,0,0,35939.27,0,0,34371.51,9566.53,242.2,53301.28,0,0,35188.38,0,0,35188.38,0,0,34067.34,0,0,34067.34,0,0,34067.34,0,0,34067.34,0,0,34007.15,0,0,34007.15,0,0,34310.24,9360.58,236.99,52153.84,0,0,34007.15,0,0,34007.15,0,0,34007.15,0,0,34007.15,0,0,34007.15,0,0,34007.15,0,0,34007.15,0,0,34007.15,0,0,34067.34,0,0,34127.74,0,0,34127.74,0,0,34371.51,0,0,34556.64,0,0,34067.34,0,0,34067.34,0,0,34249.19,0,0,34249.19,0,0,34007.15,0,0,34007.15,0,0,34007.15,0,0,34007.15,0,0,34007.15,19721.92,499.32,109883.52,0,0,34007.15,0,0,34067.34,0,0,34007.15,0,0,34743.77,0,0,34249.19,0,0,34996.45,0,0,34067.34
0,0,0,2020-02-24,CV,0,0,0,0,0,0,0,0,0,0,0,0,0,0,0,0,0,0,0,0,0,0,0,0,0,0,0,0,0,0,0,0,0,0,0,0,0,0,0,0,0,0,0,0,0,0,0,0,0,0,34067.34,0,0,34067.34,0,0,34067.34,0,0,35188.38,0,0,35124.17,0,0,35977.66,0,0,34433,0,0,35382.44,0,0,35252.83,0,0,35252.83,0,0,34127.74,0,0,34127.74,0,0,34127.74,0,0,34127.74,0,0,34067.34,0,0,34067.34,0,0,34371.51,0,0,34618.79,0,0,34067.34,0,0,34067.34,0,0,34067.34,0,0,34067.34,0,0,34067.34,0,0,34067.34,0,0,34067.34,0,0,34067.34,0,0,34127.74,0,0,34188.36,0,0,34188.36,0,0,34433,0,0,34618.79,0,0,34127.74,0,0,34127.74,0,0,34310.24,0,0,34310.24,0,0,34067.34,0,0,34067.34,0,0,34067.34,0,0,34067.34,0,0,34067.34,0,0,72909.27,0,0,34067.34,0,0,34127.74,0,0,34067.34,0,0,34806.59,0,0,34310.24,0,0,35060.19,0,0,34127.74
0,0,0,2020-03-02,CV,0,0,0,0,0,0,0,0,0,0,0,0,0,0,0,0,0,0,0,0,0,0,0,0,0,0,0,0,0,0,0,0,0,0,0,0,0,0,0,0,0,0,0,0,0,0,0,0,0,0,34067.34,0,0,34067.34,0,0,34067.34,0,0,35188.38,0,0,35124.17,0,0,35977.66,0,0,34433,0,0,35382.44,0,0,35252.83,0,0,35252.83,0,0,34127.74,0,0,34127.74,0,0,34127.74,0,0,34127.74,0,0,34067.34,0,0,34067.34,0,0,34371.51,0,0,34618.79,0,0,34067.34,0,0,34067.34,0,0,34067.34,0,0,34067.34,0,0,34067.34,0,0,34067.34,0,0,34067.34,0,0,34067.34,0,0,34127.74,0,0,34188.36,0,0,34188.36,0,0,34433,0,0,34618.79,0,0,34127.74,0,0,34127.74,0,0,34310.24,0,0,34310.24,0,0,34067.34,0,0,34067.34,0,0,34067.34,0,0,34067.34,0,0,34067.34,0,0,72909.27,0,0,34067.34,0,0,34127.74,0,0,34067.34,0,0,34806.59,0,0,34310.24,0,0,35060.19,0,0,34127.74
0,0,0,2020-03-09,CV,0,0,0,0,0,0,0,0,1,1,0,0,0,0,0,0,0,0,0,0,0,0,0,0,0,0,0,0,0,0,0,0,0,0,0,0,0,2,0,0,0,0,0,0,0,0,0,0,0,0,34145.04,0,0,34145.04,0,0,34145.04,0,0,35271.29,0,0,35206.77,0,0,36064.33,0,0,34512.38,0,0,35466.26,9594.17,242.9,53455.29,9594.17,242.9,53455.29,0,0,34205.72,0,0,34205.72,0,0,34205.72,0,0,34205.72,0,0,34145.04,0,0,34145.04,0,0,34450.61,0,0,34699.03,0,0,34145.04,0,0,34145.04,0,0,34145.04,0,0,34145.04,0,0,34145.04,0,0,34145.04,0,0,34145.04,0,0,34145.04,0,0,34205.72,0,0,34266.61,0,0,34266.61,0,0,34512.38,0,0,34699.03,0,0,34205.72,0,0,34205.72,0,0,34389.06,0,0,34389.06,0,0,34145.04,0,0,34145.04,0,0,34145.04,0,0,34145.04,0,0,34145.04,39593.5,4794.96,143025.32,0,0,34145.04,0,0,34205.72,0,0,34145.04,0,0,34887.71,0,0,34389.06,0,0,35142.49,0,0,34205.72
0,0,0,2020-03-16,CV,0,0,0,1,0,2,0,0,0,0,0,0,0,0,0,0,0,0,0,0,1,0,0,0,0,0,0,0,0,0,0,0,0,0,0,0,0,0,0,0,0,0,0,0,0,0,0,0,0,0,34249.19,0,0,34249.19,0,0,34249.19,9601.74,243.09,53497.44,0,0,35317.52,19647.66,2379.42,70974.1,0,0,34618.79,0,0,35578.64,0,0,35513,0,0,35513,0,0,34310.24,0,0,34310.24,0,0,34310.24,0,0,34310.24,0,0,34249.19,0,0,34249.19,0,0,34556.64,0,0,34806.59,0,0,34249.19,0,0,34249.19,0,0,34249.19,0,0,34249.19,9293.89,235.3,51782.26,0,0,34249.19,0,0,34249.19,0,0,34249.19,0,0,34310.24,0,0,34371.51,0,0,34371.51,0,0,34618.79,0,0,34806.59,0,0,34310.24,0,0,34310.24,0,0,34494.71,0,0,34494.71,0,0,34249.19,0,0,34249.19,0,0,34249.19,0,0,34249.19,0,0,34249.19,0,0,73465.82,0,0,34249.19,0,0,34310.24,0,0,34249.19,0,0,34996.45,0,0,34494.71,0,0,35252.83,0,0,34310.24
0,0,0,2020-03-23,CV,0,0,0,0,0,0,0,0,0,0,0,0,0,0,0,0,0,0,0,0,0,0,0,0,0,0,0,0,0,0,0,0,0,0,0,0,0,1,0,0,1,0,0,0,0,0,0,0,0,0,34266.61,0,0,34266.61,0,0,34266.61,0,0,35456.93,0,0,35326.78,0,0,36326.86,0,0,34636.59,0,0,35597.44,0,0,35531.73,0,0,35531.73,0,0,34327.73,0,0,34327.73,0,0,34327.73,0,0,34327.73,0,0,34266.61,0,0,34266.61,0,0,34574.37,0,0,34824.59,0,0,34266.61,0,0,34266.61,0,0,34266.61,0,0,34266.61,0,0,34327.73,0,0,34266.61,0,0,34266.61,0,0,34266.61,0,0,34327.73,0,0,34389.06,0,0,34389.06,0,0,34636.59,0,0,34824.59,0,0,34327.73,0,0,34327.73,0,0,34512.38,0,0,34512.38,0,0,34266.61,0,0,34266.61,0,0,34266.61,0,0,34266.61,0,0,34266.61,19937.23,504.77,111083.12,0,0,34266.61,0,0,34327.73,9289.17,235.18,51755.92,0,0,35014.64,0,0,34512.38,0,0,35271.29,0,0,34327.73
0,0,0,2020-03-30,CV,0,0,1,1,0,0,0,1,0,0,0,0,0,0,0,0,0,0,0,0,0,0,0,0,0,0,0,0,0,0,0,0,0,0,0,0,0,1,0,0,0,0,0,0,0,0,0,0,0,0,34424.2,0,0,34424.2,9341.43,236.5,52047.13,9652.48,244.38,53780.2,0,0,35438.28,0,0,36444.77,0,0,34797.6,9706.35,245.74,54080.33,0,0,35701.2,0,0,35701.2,0,0,34485.88,0,0,34485.88,0,0,34485.88,0,0,34485.88,0,0,34424.2,0,0,34424.2,0,0,34734.81,0,0,34987.36,0,0,34424.2,0,0,34424.2,0,0,34424.2,0,0,34424.2,0,0,34485.88,0,0,34424.2,0,0,34424.2,0,0,34424.2,0,0,34485.88,0,0,34547.77,0,0,34547.77,0,0,34797.6,0,0,34987.36,0,0,34485.88,0,0,34485.88,0,0,34672.24,0,0,34672.24,0,0,34424.2,0,0,34424.2,0,0,34424.2,0,0,34424.2,0,0,34424.2,20123.97,509.49,112123.57,0,0,34424.2,0,0,34485.88,0,0,34424.2,0,0,35179.2,0,0,34672.24,0,0,35438.28,0,0,34485.88
0,0,0,2020-04-06,CV,0,0,0,1,0,0,0,0,0,0,0,0,0,0,0,0,0,0,0,0,0,0,0,0,0,0,0,0,0,0,0,0,0,0,0,0,0,0,0,0,0,0,0,0,0,0,0,0,0,0,34441.8,0,0,34441.8,0,0,34503.54,9675.5,244.96,53908.42,0,0,35456.93,0,0,36464.5,0,0,34815.59,0,0,35853.2,0,0,35720.13,0,0,35720.13,0,0,34503.54,0,0,34503.54,0,0,34503.54,0,0,34503.54,0,0,34441.8,0,0,34441.8,0,0,34752.73,0,0,35005.54,0,0,34441.8,0,0,34441.8,0,0,34441.8,0,0,34441.8,0,0,34503.54,0,0,34441.8,0,0,34441.8,0,0,34441.8,0,0,34503.54,0,0,34565.5,0,0,34565.5,0,0,34815.59,0,0,35005.54,0,0,34503.54,0,0,34503.54,0,0,34690.09,0,0,34690.09,0,0,34441.8,0,0,34441.8,0,0,34441.8,0,0,34441.8,0,0,34441.8,0,0,74316.78,0,0,34441.8,0,0,34503.54,0,0,34441.8,0,0,35197.58,0,0,34690.09,0,0,35456.93,0,0,34503.54
0,0,0,2020-04-13,CV,0,0,0,0,0,0,0,0,0,0,0,0,0,0,0,0,0,0,0,0,0,0,0,0,0,0,0,0,0,0,0,0,0,0,0,0,0,0,0,0,0,0,0,0,0,0,0,0,0,0,34494.71,0,0,34494.71,0,0,34556.64,0,0,35777.04,0,0,35513,0,0,36523.81,0,0,34869.65,0,0,35910.53,0,0,35777.04,0,0,35777.04,0,0,34556.64,0,0,34556.64,0,0,34556.64,0,0,34556.64,0,0,34494.71,0,0,34494.71,0,0,34806.59,0,0,35060.19,0,0,34494.71,0,0,34494.71,0,0,34494.71,0,0,34494.71,0,0,34556.64,0,0,34494.71,0,0,34494.71,0,0,34494.71,0,0,34556.64,0,0,34618.79,0,0,34618.79,0,0,34869.65,0,0,35060.19,0,0,34556.64,0,0,34556.64,0,0,34743.77,0,0,34743.77,0,0,34494.71,0,0,34494.71,0,0,34494.71,0,0,34494.71,0,0,34494.71,0,0,74316.78,0,0,34494.71,0,0,34556.64,0,0,34494.71,0,0,35252.83,0,0,34743.77,0,0,35513,0,0,34556.64
0,0,0,2020-04-20,CV,0,0,0,0,0,1,0,0,0,0,0,0,0,0,0,0,0,0,0,0,0,0,0,0,0,0,0,0,0,0,0,0,0,0,0,0,0,0,0,0,0,0,0,0,0,0,0,0,0,0,34494.71,0,0,34494.71,0,0,34556.64,0,0,35777.04,0,0,35513,9901.06,250.67,55165.16,0,0,34869.65,0,0,35910.53,0,0,35777.04,0,0,35777.04,0,0,34556.64,0,0,34556.64,0,0,34556.64,0,0,34556.64,0,0,34494.71,0,0,34494.71,0,0,34806.59,0,0,35060.19,0,0,34494.71,0,0,34494.71,0,0,34494.71,0,0,34494.71,0,0,34556.64,0,0,34494.71,0,0,34494.71,0,0,34494.71,0,0,34556.64,0,0,34618.79,0,0,34618.79,0,0,34869.65,0,0,35060.19,0,0,34556.64,0,0,34556.64,0,0,34743.77,0,0,34743.77,0,0,34494.71,0,0,34494.71,0,0,34494.71,0,0,34494.71,0,0,34494.71,0,0,74316.78,0,0,34494.71,0,0,34556.64,0,0,34494.71,0,0,35252.83,0,0,34743.77,0,0,35513,0,0,34556.64
0,0,0,2020-04-27,CV,0,0,0,0,0,0,0,0,0,0,0,0,0,0,0,0,0,0,0,0,0,0,0,0,1,1,0,0,0,0,0,0,0,0,0,0,0,0,0,0,0,0,0,0,0,0,0,0,0,0,34494.71,0,0,34494.71,0,0,34556.64,0,0,35777.04,0,0,35513,0,0,36593.24,0,0,34869.65,0,0,35910.53,0,0,35777.04,0,0,35777.04,0,0,34556.64,0,0,34556.64,0,0,34556.64,0,0,34556.64,0,0,34494.71,0,0,34494.71,0,0,34806.59,0,0,35060.19,0,0,34494.71,0,0,34494.71,0,0,34494.71,0,0,34494.71,0,0,34556.64,0,0,34494.71,0,0,34494.71,0,0,34494.71,0,0,34556.64,9384.64,237.6,52287.84,9384.64,237.6,52287.84,0,0,34869.65,0,0,35060.19,0,0,34556.64,0,0,34556.64,0,0,34743.77,0,0,34743.77,0,0,34494.71,0,0,34494.71,0,0,34494.71,0,0,34494.71,0,0,34494.71,0,0,74316.78,0,0,34494.71,0,0,34556.64,0,0,34494.71,0,0,35252.83,0,0,34743.77,0,0,35513,0,0,34556.64
0,0,0,2020-05-04,CV,0,0,0,0,0,0,0,0,0,0,0,0,0,0,0,0,0,0,0,0,0,0,0,1,0,0,0,0,0,0,0,0,0,0,0,0,0,0,0,1,1,0,0,0,0,0,0,0,0,0,34592.12,0,0,34592.12,0,0,34654.4,0,0,35881.84,0,0,35616.26,0,0,36702.89,0,0,34969.2,0,0,36016.12,0,0,35881.84,0,0,35881.84,0,0,34654.4,0,0,34654.4,0,0,34654.4,0,0,34654.4,0,0,34592.12,0,0,34592.12,0,0,34905.78,0,0,35151.66,0,0,34592.12,0,0,34592.12,0,0,34592.12,0,0,34592.12,0,0,34654.4,0,0,34592.12,0,0,34592.12,0,0,34592.12,9396.71,237.9,52355.1,0,0,34779.64,0,0,34779.64,0,0,34969.2,0,0,35160.84,0,0,34654.4,0,0,34654.4,0,0,34842.6,0,0,34842.6,0,0,34592.12,0,0,34592.12,0,0,34592.12,0,0,34592.12,0,0,34592.12,0,0,74646.16,0,0,34592.12,9396.71,237.9,52355.1,9377.41,237.42,52247.57,0,0,35354.58,0,0,34842.6,0,0,35616.26,0,0,34654.4
0,0,0,2020-05-11,CV,0,0,0,0,1,1,0,1,0,0,0,0,0,0,0,0,0,0,0,0,0,0,0,0,0,0,0,0,0,0,0,0,0,0,0,0,0,1,0,0,1,0,0,0,0,0,0,0,0,0,34788.62,0,0,34788.62,0,0,34851.61,0,0,36093.31,9716.68,246.01,54137.88,10015.08,253.56,55800.46,0,0,35170.01,9837.06,249.05,54808.58,0,0,36093.31,0,0,36093.31,0,0,34851.61,0,0,34851.61,0,0,34851.61,0,0,34851.61,0,0,34788.62,0,0,34788.62,0,0,35105.87,0,0,35299.01,0,0,34788.62,0,0,34788.62,0,0,34788.62,0,0,34788.62,0,0,34851.61,0,0,34788.62,0,0,34788.62,0,0,34788.62,0,0,34851.61,0,0,34978.28,0,0,34978.28,0,0,35170.01,0,0,35363.86,0,0,34851.61,0,0,34851.61,0,0,35041.96,0,0,35041.96,0,0,34788.62,0,0,34788.62,0,0,34788.62,0,0,34788.62,0,0,34788.62,20427.85,517.19,113816.71,0,0,34788.62,0,0,34851.61,9430.67,238.76,52544.35,0,0,35559.86,0,0,35041.96,0,0,35824.6,0,0,34851.61
0,0,0,2020-05-18,CV,0,0,0,1,1,1,1,1,0,0,0,0,0,0,0,0,1,1,0,0,0,0,0,0,0,0,0,0,0,0,0,0,0,0,0,0,0,3,0,0,0,1,0,1,0,0,0,0,0,0,34869.65,0,0,34869.65,0,0,34932.93,9823.83,248.72,54734.88,9768.65,247.32,54427.46,10070.31,254.96,56108.15,9571.54,242.33,53329.21,9879.63,250.13,55045.79,0,0,36180.54,0,0,36180.54,0,0,34932.93,0,0,34932.93,0,0,34932.93,0,0,34932.93,0,0,34869.65,0,0,34869.65,9541.54,241.57,53162.04,9594.17,242.9,53455.29,0,0,34869.65,0,0,34869.65,0,0,34869.65,0,0,34869.65,0,0,34932.93,0,0,34869.65,0,0,34869.65,0,0,34869.65,0,0,34932.93,0,0,35060.19,0,0,35060.19,0,0,35252.83,0,0,35447.6,0,0,34932.93,0,0,34932.93,0,0,35124.17,0,0,35124.17,0,0,34869.65,0,0,34869.65,0,0,34869.65,0,0,34869.65,0,0,34869.65,61871.82,12759.46,180815.72,0,0,34869.65,0,0,34932.93,0,0,34869.65,9678.06,245.03,53922.7,0,0,35124.17,9750.4,246.86,54325.75,0,0,34932.93
0,0,0,2020-05-25,CV,0,0,0,0,0,0,0,0,0,0,0,0,0,0,0,0,0,0,0,0,0,0,0,0,0,0,0,0,0,0,0,0,0,0,0,0,0,2,0,0,0,0,0,0,0,0,0,0,0,0,34869.65,0,0,34869.65,0,0,34932.93,0,0,36248.67,0,0,36045.03,0,0,37158.39,0,0,35317.52,0,0,36454.63,0,0,36180.54,0,0,36180.54,0,0,34932.93,0,0,34932.93,0,0,34932.93,0,0,34932.93,0,0,34869.65,0,0,34869.65,0,0,35252.83,0,0,35447.6,0,0,34869.65,0,0,34869.65,0,0,34869.65,0,0,34869.65,0,0,34932.93,0,0,34869.65,0,0,34869.65,0,0,34869.65,0,0,34932.93,0,0,35060.19,0,0,35060.19,0,0,35252.83,0,0,35447.6,0,0,34932.93,0,0,34932.93,0,0,35124.17,0,0,35124.17,0,0,34869.65,0,0,34869.65,0,0,34869.65,0,0,34869.65,0,0,34869.65,41719.02,5052.37,150703.44,0,0,34869.65,0,0,34932.93,0,0,34869.65,0,0,35710.66,0,0,35124.17,0,0,35977.66,0,0,34932.93
0,0,0,2020-06-01,CV,0,0,0,0,0,0,0,0,0,0,0,0,0,0,0,0,0,0,0,0,0,0,0,0,1,1,0,0,0,0,0,0,0,0,0,0,0,0,0,0,0,0,0,0,0,0,0,0,0,0,34869.65,0,0,34869.65,0,0,34932.93,0,0,36248.67,0,0,36045.03,0,0,37158.39,0,0,35317.52,0,0,36454.63,0,0,36180.54,0,0,36180.54,0,0,34932.93,0,0,34932.93,0,0,34932.93,0,0,34932.93,0,0,34869.65,0,0,34869.65,0,0,35252.83,0,0,35447.6,0,0,34869.65,0,0,34869.65,0,0,34869.65,0,0,34869.65,0,0,34932.93,0,0,34869.65,0,0,34869.65,0,0,34869.65,0,0,34932.93,9509.24,240.75,52982.11,9509.24,240.75,52982.11,0,0,35252.83,0,0,35447.6,0,0,34932.93,0,0,34932.93,0,0,35124.17,0,0,35124.17,0,0,34869.65,0,0,34869.65,0,0,34869.65,0,0,34869.65,0,0,34869.65,0,0,77301.39,0,0,34869.65,0,0,34932.93,0,0,34869.65,0,0,35710.66,0,0,35124.17,0,0,35977.66,0,0,34932.93
0,0,0,2020-06-08,CV,0,0,0,0,0,1,0,0,0,0,0,0,0,0,0,0,0,1,0,0,0,0,0,0,0,0,0,0,0,0,1,1,0,0,0,0,0,1,0,0,0,0,1,1,0,0,0,0,0,0,34869.65,0,0,34869.65,0,0,34932.93,0,0,36248.67,0,0,36045.03,10089.78,255.45,56216.65,0,0,35317.52,0,0,36454.63,0,0,36180.54,0,0,36180.54,0,0,34932.93,0,0,34932.93,0,0,34932.93,0,0,34932.93,0,0,34869.65,0,0,34869.65,0,0,35252.83,9624.51,243.67,53624.31,0,0,34869.65,0,0,34869.65,0,0,34869.65,0,0,34869.65,0,0,34932.93,0,0,34869.65,0,0,34869.65,0,0,34869.65,0,0,34932.93,0,0,35124.17,0,0,35124.17,0,0,35252.83,0,0,35447.6,0,0,34932.93,0,0,34932.93,9529.09,241.26,53092.69,9529.09,241.26,53092.69,0,0,34869.65,0,0,34869.65,0,0,34869.65,0,0,34869.65,0,0,34869.65,21015.54,532.07,117091.07,0,0,34869.65,0,0,34932.93,0,0,34869.65,0,0,35710.66,9529.09,241.26,53092.69,9760.82,247.12,54383.83,0,0,34932.93
0,0,0,2020-06-15,CV,0,0,0,0,0,1,0,0,0,0,0,0,0,0,0,0,0,0,0,0,0,0,0,0,0,0,0,0,0,0,0,0,0,0,0,0,0,1,0,0,0,0,0,0,0,1,1,0,0,0,34869.65,0,0,34869.65,0,0,34932.93,0,0,36248.67,0,0,36045.03,10095.36,255.59,56247.73,0,0,35317.52,0,0,36454.63,0,0,36180.54,0,0,36180.54,0,0,34932.93,0,0,34932.93,0,0,34932.93,0,0,34932.93,0,0,34869.65,0,0,34869.65,0,0,35252.83,0,0,35513,9457.53,239.44,52694.01,9457.53,239.44,52694.01,0,0,34869.65,0,0,34869.65,0,0,34932.93,0,0,34869.65,0,0,34869.65,0,0,34869.65,0,0,34932.93,0,0,35124.17,0,0,35124.17,0,0,35252.83,0,0,35447.6,0,0,34932.93,0,0,34932.93,0,0,35188.38,0,0,35188.38,0,0,34869.65,0,0,34869.65,0,0,34869.65,0,0,34869.65,0,0,34869.65,21088.34,533.91,117496.69,0,0,34869.65,0,0,34932.93,0,0,34869.65,0,0,35710.66,0,0,35188.38,0,0,36045.03,0,0,34932.93
0,0,0,2020-06-22,CV,0,0,0,1,1,1,0,1,1,1,0,0,0,0,0,0,0,0,0,0,0,0,0,0,0,0,0,0,0,0,0,0,0,0,0,0,0,0,0,0,0,0,0,0,0,1,1,0,0,0,34960.13,0,0,34960.13,0,0,35023.74,9852.98,249.46,54897.3,9797.48,248.05,54588.06,10126.14,256.37,56419.26,0,0,35410.33,9925.27,251.29,55300.07,9834.41,248.99,54793.83,9834.41,248.99,54793.83,0,0,35023.74,0,0,35023.74,0,0,35023.74,0,0,35023.74,0,0,34960.13,0,0,34960.13,0,0,35345.31,0,0,35606.85,9511.72,240.82,52995.9,9511.72,240.82,52995.9,0,0,34960.13,0,0,34960.13,0,0,35023.74,0,0,34960.13,0,0,34960.13,0,0,34960.13,0,0,35023.74,0,0,35215.98,0,0,35215.98,0,0,35345.31,0,0,35541.1,0,0,35023.74,0,0,35023.74,0,0,35280.52,0,0,35280.52,0,0,34960.13,0,0,34960.13,0,0,34960.13,0,0,34960.13,0,0,34960.13,0,0,77927.31,0,0,34960.13,0,0,35023.74,0,0,34960.13,0,0,35805.56,0,0,35280.52,0,0,36141.72,0,0,35023.74
0,0,0,2020-06-29,CV,0,0,0,0,0,0,0,0,0,0,0,0,0,0,0,0,0,0,0,0,0,0,0,0,0,0,0,0,0,0,0,0,0,0,0,0,0,0,0,0,0,0,0,0,0,0,0,0,0,0,35069.32,0,0,35069.32,0,0,35133.33,0,0,36533.71,0,0,36326.86,0,0,37531.01,0,0,35522.36,0,0,36742.93,0,0,36464.5,0,0,36464.5,0,0,35133.33,0,0,35133.33,0,0,35133.33,0,0,35133.33,0,0,35069.32,0,0,35069.32,0,0,35456.93,0,0,35720.13,0,0,35197.58,0,0,35197.58,0,0,35069.32,0,0,35069.32,0,0,35133.33,0,0,35069.32,0,0,35069.32,0,0,35069.32,0,0,35133.33,0,0,35326.78,0,0,35326.78,0,0,35456.93,0,0,35653.96,0,0,35133.33,0,0,35133.33,0,0,35391.73,0,0,35391.73,0,0,35069.32,0,0,35069.32,0,0,35069.32,0,0,35069.32,0,0,35069.32,0,0,78108.01,0,0,35069.32,0,0,35133.33,0,0,35069.32,0,0,35920.11,0,0,35391.73,0,0,36258.43,0,0,35133.33
0,0,0,2020-07-06,CV,0,0,0,0,0,0,0,0,0,0,0,0,0,0,0,0,0,0,0,0,0,0,0,0,0,0,0,0,0,0,0,0,0,0,0,0,0,0,0,0,0,0,0,0,0,0,0,0,0,0,35124.17,0,0,35124.17,0,0,35188.38,0,0,36593.24,0,0,36385.72,0,0,37593.84,0,0,35578.64,0,0,36803.15,0,0,36523.81,0,0,36523.81,0,0,35188.38,0,0,35188.38,0,0,35188.38,0,0,35188.38,0,0,35124.17,0,0,35124.17,0,0,35513,0,0,35777.04,0,0,35252.83,0,0,35252.83,0,0,35124.17,0,0,35124.17,0,0,35188.38,0,0,35124.17,0,0,35124.17,0,0,35124.17,0,0,35188.38,0,0,35382.44,0,0,35382.44,0,0,35513,0,0,35710.66,0,0,35188.38,0,0,35188.38,0,0,35447.6,0,0,35447.6,0,0,35124.17,0,0,35124.17,0,0,35124.17,0,0,35124.17,0,0,35124.17,0,0,78244.09,0,0,35124.17,0,0,35188.38,0,0,35124.17,0,0,35977.66,0,0,35447.6,0,0,36317.07,0,0,35188.38
0,0,0,2020-07-13,CV,0,0,0,0,0,0,0,1,0,0,0,0,0,0,0,0,1,1,0,0,0,0,0,0,0,0,0,0,0,0,0,0,0,0,0,0,0,0,0,0,0,0,0,0,0,0,0,0,0,0,35206.77,0,0,35206.77,0,0,35271.29,0,0,36682.91,0,0,36474.37,0,0,37635.84,0,0,35663.4,10004.11,253.28,55739.32,0,0,36613.13,0,0,36613.13,0,0,35271.29,0,0,35271.29,0,0,35271.29,0,0,35271.29,0,0,35206.77,0,0,35206.77,9652.48,244.38,53780.2,9724.44,246.2,54181.12,0,0,35289.76,0,0,35289.76,0,0,35206.77,0,0,35206.77,0,0,35271.29,0,0,35206.77,0,0,35206.77,0,0,35206.77,0,0,35271.29,0,0,35419.64,0,0,35419.64,0,0,35597.44,0,0,35796.05,0,0,35271.29,0,0,35271.29,0,0,35531.73,0,0,35531.73,0,0,35206.77,0,0,35206.77,0,0,35206.77,0,0,35206.77,0,0,35206.77,0,0,78426.26,0,0,35206.77,0,0,35271.29,0,0,35206.77,0,0,36064.33,0,0,35531.73,0,0,36405.38,0,0,35271.29
0,0,0,2020-07-20,CV,0,0,0,1,0,0,0,0,0,0,0,0,0,0,0,0,0,0,0,0,0,0,0,0,0,0,0,0,0,0,0,0,0,0,0,0,0,0,0,0,0,0,0,0,0,0,0,0,0,0,35252.83,0,0,35252.83,0,0,35317.52,9963.18,252.25,55511.26,0,0,36523.81,0,0,37667.41,0,0,35710.66,0,0,36944.43,0,0,36662.94,0,0,36662.94,0,0,35317.52,0,0,35317.52,0,0,35317.52,0,0,35317.52,0,0,35252.83,0,0,35252.83,0,0,35710.66,0,0,35977.66,0,0,35252.83,0,0,35252.83,0,0,35252.83,0,0,35252.83,0,0,35317.52,0,0,35252.83,0,0,35252.83,0,0,35252.83,0,0,35317.52,0,0,35447.6,0,0,35447.6,0,0,35644.53,0,0,35843.66,0,0,35317.52,0,0,35317.52,0,0,35578.64,0,0,35578.64,0,0,35252.83,0,0,35252.83,0,0,35252.83,0,0,35252.83,0,0,35252.83,0,0,78563.45,0,0,35252.83,0,0,35317.52,0,0,35252.83,0,0,36112.66,0,0,35578.64,0,0,36454.63,0,0,35317.52
0,0,0,2020-07-27,CV,0,0,0,0,0,0,0,0,0,0,0,0,0,0,0,0,0,1,0,0,0,0,0,0,0,0,0,0,0,0,0,0,0,0,0,0,0,0,0,0,1,0,0,0,0,0,0,0,0,0,35299.01,0,0,35299.01,0,0,35363.86,0,0,36853.48,0,0,36573.38,0,0,37720.13,0,0,35758.05,0,0,36995.15,0,0,36712.89,0,0,36712.89,0,0,35363.86,0,0,35363.86,0,0,35363.86,0,0,35363.86,0,0,35299.01,0,0,35299.01,0,0,35758.05,9776.5,247.52,54471.17,0,0,35299.01,0,0,35299.01,0,0,35299.01,0,0,35299.01,0,0,35363.86,0,0,35299.01,0,0,35299.01,0,0,35299.01,0,0,35363.86,0,0,35494.29,0,0,35494.29,0,0,35691.74,0,0,35891.4,0,0,35363.86,0,0,35363.86,0,0,35625.68,0,0,35625.68,0,0,35299.01,0,0,35299.01,0,0,35299.01,0,0,35299.01,0,0,35299.01,0,0,78793.17,0,0,35299.01,0,0,35363.86,9569.03,242.27,53315.24,0,0,36161.12,0,0,35625.68,0,0,36504.02,0,0,35363.86
0,0,0,2020-08-03,CV,0,0,0,0,1,1,0,0,0,0,0,0,0,0,0,0,2,2,0,0,0,0,0,0,0,0,0,0,0,0,0,0,0,0,0,0,0,0,0,0,0,0,0,0,0,0,0,0,0,0,35317.52,0,0,35317.52,0,0,35382.44,0,0,36873.65,9933.37,251.49,55345.19,10245.44,259.39,57083.95,0,0,35777.04,0,0,37015.47,0,0,36732.91,0,0,36732.91,0,0,35382.44,0,0,35382.44,0,0,35382.44,0,0,35382.44,0,0,35317.52,0,0,35317.52,19448.88,2355.35,70256.05,19631.82,2377.5,70916.88,0,0,35317.52,0,0,35317.52,0,0,35317.52,0,0,35317.52,0,0,35382.44,0,0,35317.52,0,0,35317.52,0,0,35317.52,0,0,35382.44,0,0,35513,0,0,35513,0,0,35710.66,0,0,35910.53,0,0,35382.44,0,0,35382.44,0,0,35644.53,0,0,35644.53,0,0,35317.52,0,0,35317.52,0,0,35317.52,0,0,35317.52,0,0,35317.52,0,0,78885.43,0,0,35317.52,0,0,35382.44,0,0,35317.52,0,0,36180.54,0,0,35644.53,0,0,36523.81,0,0,35382.44
0,0,0,2020-08-10,CV,0,0,0,0,0,0,0,0,0,0,0,0,0,0,0,0,0,0,0,0,0,0,0,0,0,0,0,0,0,0,0,0,0,0,0,0,0,0,0,0,0,0,0,0,0,1,1,0,0,0,35317.52,0,0,35317.52,0,0,35382.44,0,0,36873.65,0,0,36662.94,0,0,37815.41,0,0,35777.04,0,0,37015.47,0,0,36732.91,0,0,36732.91,0,0,35382.44,0,0,35382.44,0,0,35382.44,0,0,35382.44,0,0,35317.52,0,0,35317.52,0,0,35910.53,0,0,36248.67,9584.1,242.65,53399.18,9584.1,242.65,53399.18,0,0,35317.52,0,0,35317.52,0,0,35382.44,0,0,35317.52,0,0,35317.52,0,0,35317.52,0,0,35382.44,0,0,35513,0,0,35513,0,0,35710.66,0,0,35910.53,0,0,35382.44,0,0,35382.44,0,0,35644.53,0,0,35644.53,0,0,35317.52,0,0,35317.52,0,0,35317.52,0,0,35317.52,0,0,35317.52,0,0,78885.43,0,0,35317.52,0,0,35382.44,0,0,35317.52,0,0,36180.54,0,0,35644.53,0,0,36523.81,0,0,35382.44
0,0,0,2020-08-17,CV,0,0,0,0,1,1,1,1,1,1,0,0,0,0,0,0,0,0,0,0,0,0,0,0,0,0,0,0,0,0,1,1,0,0,0,0,0,1,0,0,0,1,1,2,0,0,0,0,0,0,35336.04,0,0,35336.04,0,0,35401.03,0,0,36893.85,9957.74,252.11,55480.99,10271.37,260.05,57228.42,9714.1,245.94,54123.48,10050.91,254.47,56000.08,9976.78,252.59,55587.07,9976.78,252.59,55587.07,0,0,35401.03,0,0,35401.03,0,0,35401.03,0,0,35401.03,0,0,35336.04,0,0,35336.04,0,0,35929.69,0,0,36268.19,0,0,35401.03,0,0,35401.03,0,0,35336.04,0,0,35336.04,0,0,35401.03,0,0,35336.04,0,0,35336.04,0,0,35336.04,0,0,35401.03,0,0,35531.73,0,0,35531.73,0,0,35729.6,0,0,35929.69,0,0,35401.03,0,0,35401.03,9680.63,245.09,53936.99,9680.63,245.09,53936.99,0,0,35336.04,0,0,35336.04,0,0,35336.04,0,0,35336.04,0,0,35336.04,21397.19,541.73,119217.5,0,0,35336.04,0,0,35401.03,0,0,35336.04,9823.83,248.72,54734.88,9680.63,245.09,53936.99,19861.34,2405.3,71745.98,0,0,35401.03
0,0,0,2020-08-24,CV,0,0,0,0,0,0,0,0,0,0,0,0,0,0,0,0,1,0,0,0,0,0,0,0,0,0,0,0,0,0,0,0,0,0,0,0,0,0,0,0,0,0,0,0,0,0,0,0,0,0,35475.6,0,0,35475.6,0,0,35541.1,0,0,37046.01,0,0,36903.95,0,0,38071.86,0,0,36006.5,0,0,37261.15,0,0,36974.84,0,0,36974.84,0,0,35541.1,0,0,35541.1,0,0,35541.1,0,0,35541.1,0,0,35475.6,0,0,35475.6,9792.23,247.92,54558.79,0,0,36415.22,0,0,35541.1,0,0,35541.1,0,0,35475.6,0,0,35475.6,0,0,35541.1,0,0,35475.6,0,0,35475.6,0,0,35475.6,0,0,35541.1,0,0,35672.84,0,0,35672.84,0,0,35872.29,0,0,36073.98,0,0,35541.1,0,0,35541.1,0,0,35872.29,0,0,35872.29,0,0,35475.6,0,0,35475.6,0,0,35475.6,0,0,35475.6,0,0,35475.6,0,0,79210.07,0,0,35475.6,0,0,35541.1,0,0,35475.6,0,0,36415.22,0,0,35872.29,0,0,36833.33,0,0,35541.1
0,0,0,2020-08-31,CV,0,0,0,0,0,0,0,0,0,0,0,0,0,0,0,0,0,0,0,0,0,0,0,0,0,0,0,0,0,0,0,0,0,0,0,0,0,0,0,0,0,0,0,0,0,1,1,0,0,0,35541.1,0,0,35541.1,0,0,35606.85,0,0,37117.44,0,0,36974.84,0,0,38147.32,0,0,36073.98,0,0,37333.42,0,0,37046.01,0,0,37046.01,0,0,35606.85,0,0,35606.85,0,0,35606.85,0,0,35606.85,0,0,35541.1,0,0,35541.1,0,0,36209.71,0,0,36484.25,9665.26,244.7,53851.36,9665.26,244.7,53851.36,0,0,35541.1,0,0,35541.1,0,0,35606.85,0,0,35541.1,0,0,35541.1,0,0,35541.1,0,0,35606.85,0,0,35739.08,0,0,35739.08,0,0,35939.27,0,0,36141.72,0,0,35606.85,0,0,35606.85,0,0,35939.27,0,0,35939.27,0,0,35541.1,0,0,35541.1,0,0,35541.1,0,0,35541.1,0,0,35541.1,0,0,79350.01,0,0,35541.1,0,0,35606.85,0,0,35541.1,0,0,36484.25,0,0,35939.27,0,0,36903.95,0,0,35606.85
0,0,0,2020-09-07,CV,0,0,0,0,0,0,0,0,0,0,0,0,0,0,0,0,0,0,0,0,0,0,0,0,0,0,0,0,0,0,0,0,0,0,0,0,0,0,0,0,0,0,0,0,0,0,0,0,0,0,35578.64,0,0,35578.64,0,0,35644.53,0,0,37158.39,0,0,37015.47,0,0,38190.57,0,0,36112.66,0,0,37374.85,0,0,37086.79,0,0,37086.79,0,0,35644.53,0,0,35644.53,0,0,35644.53,0,0,35644.53,0,0,35578.64,0,0,35578.64,0,0,36248.67,0,0,36523.81,0,0,35691.74,0,0,35691.74,0,0,35578.64,0,0,35578.64,0,0,35644.53,0,0,35578.64,0,0,35578.64,0,0,35578.64,0,0,35644.53,0,0,35777.04,0,0,35777.04,0,0,35977.66,0,0,36180.54,0,0,35644.53,0,0,35644.53,0,0,35977.66,0,0,35977.66,0,0,35578.64,0,0,35578.64,0,0,35578.64,0,0,35578.64,0,0,35578.64,0,0,79537.38,0,0,35578.64,0,0,35644.53,0,0,35578.64,0,0,36523.81,0,0,35977.66,0,0,36944.43,0,0,35644.53
0,0,0,2020-09-14,CV,0,0,0,0,1,1,1,1,0,0,0,0,0,0,0,0,0,0,0,0,0,0,0,0,0,0,0,0,0,0,0,0,0,0,0,0,0,1,0,0,0,1,0,1,0,0,0,0,0,0,35578.64,0,0,35578.64,0,0,35644.53,0,0,37158.39,10048.14,254.4,55984.67,10367.58,262.48,57764.48,9802.74,248.18,54617.36,10145.83,256.87,56528.97,0,0,37086.79,0,0,37086.79,0,0,35644.53,0,0,35644.53,0,0,35644.53,0,0,35644.53,0,0,35578.64,0,0,35578.64,0,0,36248.67,0,0,36523.81,0,0,35644.53,0,0,35644.53,0,0,35578.64,0,0,35578.64,0,0,35644.53,0,0,35578.64,0,0,35578.64,0,0,35578.64,0,0,35644.53,0,0,35777.04,0,0,35777.04,0,0,35977.66,0,0,36180.54,0,0,35644.53,0,0,35644.53,0,0,35977.66,0,0,35977.66,0,0,35578.64,0,0,35578.64,0,0,35578.64,0,0,35578.64,0,0,35578.64,21599.65,546.86,120345.52,0,0,35578.64,0,0,35644.53,0,0,35578.64,9914.5,251.01,55240.03,0,0,35977.66,10028.83,253.91,55877.07,0,0,35644.53
0,0,0,2020-09-21,CV,0,0,0,0,0,0,0,0,0,0,0,0,0,0,0,0,0,0,0,0,0,0,0,0,0,0,0,0,0,0,0,0,0,0,0,0,0,2,0,0,0,0,0,0,0,0,0,0,0,0,35597.44,0,0,35597.44,0,0,35663.4,0,0,37178.9,0,0,37107.22,0,0,38288.24,0,0,36199.98,0,0,37468.39,0,0,37107.22,0,0,37107.22,0,0,35663.4,0,0,35663.4,0,0,35663.4,0,0,35663.4,0,0,35597.44,0,0,35597.44,0,0,36268.19,0,0,36543.62,0,0,35663.4,0,0,35663.4,0,0,35597.44,0,0,35597.44,0,0,35663.4,0,0,35597.44,0,0,35597.44,0,0,35597.44,0,0,35663.4,0,0,35796.05,0,0,35796.05,0,0,35996.88,0,0,36199.98,0,0,35663.4,0,0,35663.4,0,0,35996.88,0,0,35996.88,0,0,35597.44,0,0,35597.44,0,0,35597.44,0,0,35597.44,0,0,35597.44,43456.28,5262.76,156979.01,0,0,35597.44,0,0,35663.4,0,0,35597.44,0,0,36613.13,0,0,35996.88,0,0,37035.82,0,0,35663.4
0,0,0,2020-09-28,CV,0,0,0,0,0,0,0,0,0,0,0,0,0,0,0,0,0,0,0,0,0,0,0,0,0,0,0,0,0,0,0,0,0,0,0,0,0,0,0,0,1,0,0,0,0,0,0,0,0,0,35691.74,0,0,35691.74,0,0,35758.05,0,0,37281.77,0,0,37209.7,0,0,38397.36,0,0,36297.5,0,0,37572.87,0,0,37209.7,0,0,37209.7,0,0,35758.05,0,0,35758.05,0,0,35758.05,0,0,35758.05,0,0,35691.74,0,0,35691.74,0,0,36366.08,0,0,36643,0,0,35729.6,0,0,35729.6,0,0,35691.74,0,0,35691.74,0,0,35758.05,0,0,35691.74,0,0,35691.74,0,0,35691.74,0,0,35758.05,0,0,35891.4,0,0,35891.4,0,0,36093.31,0,0,36297.5,0,0,35758.05,0,0,35758.05,0,0,36093.31,0,0,36093.31,0,0,35691.74,0,0,35691.74,0,0,35691.74,0,0,35691.74,0,0,35691.74,0,0,80535.76,0,0,35691.74,0,0,35758.05,9675.5,244.96,53908.42,0,0,36712.89,0,0,36093.31,0,0,37137.91,0,0,35758.05
0,0,0,2020-10-05,CV,0,0,0,0,0,0,0,0,1,1,0,0,0,0,0,0,0,0,0,0,0,0,0,0,0,0,0,0,0,0,0,0,0,0,0,0,0,2,0,0,1,0,0,0,0,0,0,0,0,0,35767.54,0,0,35767.54,0,0,35834.13,0,0,37364.48,0,0,37292.09,0,0,38441.18,0,0,36375.9,0,0,37656.88,10117.73,256.16,56372.38,10117.73,256.16,56372.38,0,0,35834.13,0,0,35834.13,0,0,35834.13,0,0,35834.13,0,0,35767.54,0,0,35767.54,0,0,36444.77,0,0,36722.9,0,0,35767.54,0,0,35767.54,0,0,35767.54,0,0,35767.54,0,0,35834.13,0,0,35767.54,0,0,35767.54,0,0,35767.54,0,0,35834.13,0,0,35968.05,0,0,35968.05,0,0,36170.82,0,0,36375.9,0,0,35834.13,0,0,35834.13,0,0,36170.82,0,0,36170.82,0,0,35767.54,0,0,35767.54,0,0,35767.54,0,0,35767.54,0,0,35767.54,43768.72,5300.6,158107.68,0,0,35767.54,0,0,35834.13,9696.04,245.48,54022.9,0,0,36793.1,0,0,36170.82,0,0,37219.98,0,0,35834.13
0,0,0,2020-10-12,CV,0,0,0,0,1,1,0,0,0,0,0,0,0,0,0,0,0,0,0,1,1,0,0,0,0,0,0,0,0,0,0,0,0,0,0,0,0,1,0,0,2,0,0,0,0,0,0,0,0,0,35910.53,0,0,35910.53,0,0,35977.66,0,0,37520.56,10162.77,257.3,56623.34,10468.62,265.04,58327.39,0,0,36523.81,0,0,37815.41,0,0,37520.56,0,0,37520.56,0,0,35977.66,0,0,35977.66,0,0,35977.66,0,0,35977.66,0,0,35910.53,0,0,35910.53,0,0,36593.24,0,0,36873.65,0,0,35910.53,0,0,35910.53,0,0,35910.53,9745.2,246.73,54296.76,9763.43,247.19,54398.36,0,0,35910.53,0,0,35910.53,0,0,35910.53,0,0,35977.66,0,0,36112.66,0,0,36112.66,0,0,36317.07,0,0,36523.81,0,0,35977.66,0,0,35977.66,0,0,36317.07,0,0,36317.07,0,0,35910.53,0,0,35910.53,0,0,35910.53,0,0,35910.53,0,0,35910.53,22056.16,558.41,122889.05,0,0,35910.53,0,0,35977.66,19469.62,2357.86,70330.95,0,0,36944.43,0,0,36317.07,0,0,37374.85,0,0,35977.66
0,0,0,2020-10-19,CV,0,0,0,0,0,0,0,0,0,0,0,0,0,0,0,0,0,0,0,0,0,0,0,0,0,0,0,0,0,0,0,0,0,0,0,0,0,3,0,0,0,0,0,0,0,0,0,0,0,0,36045.03,0,0,36045.03,0,0,36112.66,0,0,37667.41,0,0,37667.41,0,0,38806.54,0,0,36662.94,0,0,37964.59,0,0,37667.41,0,0,37667.41,0,0,36112.66,0,0,36112.66,0,0,36112.66,0,0,36112.66,0,0,36045.03,0,0,36045.03,0,0,36732.91,0,0,37015.47,0,0,36045.03,0,0,36045.03,0,0,36045.03,0,0,36112.66,0,0,36180.54,0,0,36045.03,0,0,36045.03,0,0,36045.03,0,0,36112.66,0,0,36248.67,0,0,36248.67,0,0,36454.63,0,0,36662.94,0,0,36112.66,0,0,36112.66,0,0,36454.63,0,0,36454.63,0,0,36045.03,0,0,36045.03,0,0,36045.03,0,0,36045.03,0,0,36045.03,67141.54,13846.2,196216.08,0,0,36045.03,0,0,36112.66,0,0,36045.03,0,0,37086.79,0,0,36454.63,0,0,37520.56,0,0,36112.66
0,0,0,2020-10-26,CV,0,0,0,0,0,0,0,0,0,0,0,0,0,0,0,0,0,0,0,0,0,0,0,0,0,0,0,0,0,0,0,0,0,0,0,0,0,1,0,0,0,0,0,0,0,0,0,0,0,0,36102.98,0,0,36102.98,0,0,36170.82,0,0,37730.7,0,0,37730.7,0,0,38873.72,0,0,36722.9,0,0,38028.88,0,0,37730.7,0,0,37730.7,0,0,36170.82,0,0,36170.82,0,0,36170.82,0,0,36170.82,0,0,36102.98,0,0,36102.98,0,0,36793.1,0,0,37076.59,0,0,36102.98,0,0,36102.98,0,0,36102.98,0,0,36170.82,0,0,36238.92,0,0,36102.98,0,0,36102.98,0,0,36102.98,0,0,36170.82,0,0,36307.28,0,0,36307.28,0,0,36513.91,0,0,36722.9,0,0,36170.82,0,0,36170.82,0,0,36513.91,0,0,36513.91,0,0,36102.98,0,0,36102.98,0,0,36102.98,0,0,36102.98,0,0,36102.98,22490.76,569.42,125310.51,0,0,36102.98,0,0,36170.82,0,0,36102.98,0,0,37148.15,0,0,36513.91,0,0,37583.35,0,0,36170.82
0,0,0,2020-11-02,CV,0,0,0,0,0,0,0,0,0,0,0,0,0,0,0,0,0,0,0,0,0,0,0,0,0,0,0,0,0,0,0,0,0,0,0,0,0,4,0,0,1,0,0,0,0,0,0,0,0,0,36132.03,0,0,36132.03,0,0,36199.98,0,0,37762.42,0,0,37762.42,0,0,38907.4,0,0,36752.95,0,0,38061.11,0,0,37762.42,0,0,37762.42,0,0,36199.98,0,0,36199.98,0,0,36199.98,0,0,36199.98,0,0,36132.03,0,0,36132.03,0,0,36823.26,0,0,37107.22,0,0,36132.03,0,0,36132.03,0,0,36132.03,0,0,36199.98,0,0,36268.19,0,0,36132.03,0,0,36132.03,0,0,36132.03,0,0,36199.98,0,0,36336.66,0,0,36336.66,0,0,36543.62,0,0,36752.95,0,0,36199.98,0,0,36199.98,0,0,36543.62,0,0,36543.62,0,0,36132.03,0,0,36132.03,0,0,36132.03,0,0,36132.03,0,0,36132.03,90745.34,24725.05,232344.12,0,0,36132.03,0,0,36199.98,9794.85,247.98,54573.42,0,0,37178.9,0,0,36543.62,0,0,37614.83,0,0,36199.98
0,0,0,2020-11-09,CV,0,0,0,0,1,1,0,0,1,1,0,0,0,0,0,0,0,0,0,0,0,0,0,0,0,0,0,0,0,0,0,0,0,0,0,0,0,4,0,0,0,0,0,0,0,0,0,1,0,0,36219.44,0,0,36219.44,0,0,36287.72,0,0,37857.92,10265.6,259.9,57196.25,10577.76,267.81,58935.5,0,0,36843.4,0,0,38158.12,10265.6,259.9,57196.25,10265.6,259.9,57196.25,0,0,36287.72,0,0,36287.72,0,0,36287.72,0,0,36287.72,0,0,36219.44,0,0,36219.44,0,0,36914.06,0,0,37199.43,0,0,36219.44,0,0,36219.44,0,0,36219.44,0,0,36287.72,0,0,36356.27,9823.83,248.72,54734.88,0,0,36219.44,0,0,36219.44,0,0,36287.72,0,0,36425.07,0,0,36425.07,0,0,36633.04,0,0,36843.4,0,0,36287.72,0,0,36287.72,0,0,36633.04,0,0,36633.04,0,0,36219.44,0,0,36219.44,0,0,36219.44,0,0,36219.44,0,0,36219.44,92879.85,25306.63,237809.3,0,0,36219.44,0,0,36287.72,0,0,36219.44,0,0,37271.46,0,0,36633.04,0,0,37709.58,0,0,36287.72
0,0,0,2020-11-16,CV,0,0,0,0,0,0,0,0,0,0,0,0,0,0,0,0,0,0,0,0,0,0,0,0,0,0,0,0,0,0,0,0,0,0,0,0,0,8,0,0,0,0,0,0,0,0,0,0,0,0,36248.67,0,0,36248.67,0,0,36317.07,0,0,37889.85,0,0,37964.59,0,0,39122.04,0,0,36873.65,0,0,38190.57,0,0,37964.59,0,0,37964.59,0,0,36317.07,0,0,36317.07,0,0,36317.07,0,0,36317.07,0,0,36248.67,0,0,36248.67,0,0,36944.43,0,0,37230.26,0,0,36248.67,0,0,36248.67,0,0,36248.67,0,0,36317.07,0,0,36385.72,0,0,36317.07,0,0,36248.67,0,0,36248.67,0,0,36317.07,0,0,36454.63,0,0,36454.63,0,0,36662.94,0,0,36873.65,0,0,36317.07,0,0,36317.07,0,0,36662.94,0,0,36662.94,0,0,36248.67,0,0,36248.67,0,0,36248.67,0,0,36248.67,0,0,36248.67,189863.55,81969.6,374106.88,0,0,36248.67,0,0,36317.07,0,0,36248.67,0,0,37302.41,0,0,36662.94,0,0,37741.27,0,0,36317.07
0,0,0,2020-11-23,CV,0,0,0,0,0,0,0,1,0,0,0,0,0,0,0,0,0,0,0,0,0,0,0,0,0,0,0,0,0,0,0,0,0,0,0,0,0,5,0,0,0,0,0,0,0,0,0,0,0,0,36277.95,0,0,36277.95,0,0,36346.46,0,0,37921.85,0,0,37996.71,0,0,39156.15,0,0,36903.95,10376.42,262.71,57813.71,0,0,37996.71,0,0,37996.71,0,0,36346.46,0,0,36346.46,0,0,36346.46,0,0,36346.46,0,0,36277.95,0,0,36277.95,0,0,36974.84,0,0,37261.15,0,0,36277.95,0,0,36277.95,0,0,36277.95,0,0,36346.46,0,0,36415.22,0,0,36346.46,0,0,36277.95,0,0,36277.95,0,0,36346.46,0,0,36484.25,0,0,36484.25,0,0,36692.9,0,0,36903.95,0,0,36346.46,0,0,36346.46,0,0,36692.9,0,0,36692.9,0,0,36277.95,0,0,36277.95,0,0,36277.95,0,0,36277.95,0,0,36277.95,122567.11,39797.21,286030.76,0,0,36277.95,0,0,36346.46,0,0,36277.95,0,0,37333.42,0,0,36692.9,0,0,37773.01,0,0,36346.46
0,0,0,2020-11-30,CV,0,0,0,0,0,0,0,0,1,1,0,0,0,0,0,0,0,1,0,0,0,0,0,0,0,0,1,1,0,0,0,0,0,0,0,0,0,9,0,0,0,1,0,1,0,0,0,0,0,0,36317.07,0,0,36317.07,0,0,36385.72,0,0,37964.59,0,0,38039.62,0,0,39201.72,0,0,36944.43,0,0,38342.72,10311.97,261.08,57454.62,10311.97,261.08,57454.62,0,0,36385.72,0,0,36385.72,0,0,36385.72,0,0,36385.72,0,0,36317.07,0,0,36317.07,0,0,37015.47,10112.13,256.02,56341.16,0,0,36317.07,0,0,36317.07,0,0,36317.07,0,0,36385.72,0,0,36454.63,0,0,36385.72,0,0,36317.07,0,0,36317.07,0,0,36385.72,0,0,36523.81,0,0,36523.81,9971.33,252.45,55556.72,10028.83,253.91,55877.07,0,0,36385.72,0,0,36385.72,0,0,36732.91,0,0,36732.91,0,0,36317.07,0,0,36317.07,0,0,36317.07,0,0,36317.07,0,0,36317.07,227491.35,104023.53,431849.44,0,0,36317.07,0,0,36385.72,0,0,36317.07,10145.83,256.87,56528.97,0,0,36732.91,10265.6,259.9,57196.25,0,0,36385.72
0,0,0,2020-12-07,CV,0,0,0,0,0,0,0,0,0,0,0,0,0,0,0,0,0,0,0,0,0,0,0,0,0,0,0,0,0,0,0,0,0,0,0,0,0,5,0,0,0,0,0,0,0,0,0,0,0,0,36317.07,0,0,36317.07,0,0,36385.72,0,0,37964.59,0,0,38039.62,0,0,39201.72,0,0,36944.43,0,0,38342.72,0,0,38114.94,0,0,38114.94,0,0,36385.72,0,0,36385.72,0,0,36385.72,0,0,36385.72,0,0,36317.07,0,0,36317.07,0,0,37015.47,0,0,37374.85,0,0,36317.07,0,0,36317.07,0,0,36317.07,0,0,36385.72,0,0,36454.63,0,0,36385.72,0,0,36317.07,0,0,36317.07,0,0,36385.72,0,0,36523.81,0,0,36523.81,0,0,36803.15,0,0,37015.47,0,0,36385.72,0,0,36385.72,0,0,36732.91,0,0,36732.91,0,0,36317.07,0,0,36317.07,0,0,36317.07,0,0,36317.07,0,0,36317.07,131574.21,42721.79,307050.31,0,0,36317.07,0,0,36385.72,0,0,36317.07,0,0,37447.56,0,0,36732.91,0,0,37889.85,0,0,36385.72
0,0,0,2020-12-14,CV,0,0,0,0,0,0,0,0,0,0,0,0,0,0,0,0,0,0,0,0,0,0,0,0,0,0,0,0,0,0,0,0,0,0,0,0,0,5,0,0,1,0,0,0,0,0,0,0,0,0,36346.46,0,0,36346.46,0,0,36415.22,0,0,37964.59,0,0,38039.62,0,0,39201.72,0,0,36974.84,0,0,38375.48,0,0,38147.32,0,0,38147.32,0,0,36415.22,0,0,36415.22,0,0,36415.22,0,0,36415.22,0,0,36346.46,0,0,36346.46,0,0,37015.47,0,0,37374.85,0,0,36346.46,0,0,36346.46,0,0,36346.46,0,0,36415.22,0,0,36484.25,0,0,36346.46,0,0,36346.46,0,0,36346.46,0,0,36415.22,0,0,36553.53,0,0,36553.53,0,0,36833.33,0,0,37046.01,0,0,36415.22,0,0,36415.22,0,0,36762.98,0,0,36762.98,0,0,36346.46,0,0,36346.46,0,0,36346.46,0,0,36346.46,0,0,36346.46,134381.9,43633.44,313602.52,0,0,36346.46,0,0,36415.22,9852.98,249.46,54897.3,0,0,37478.81,0,0,36762.98,0,0,37921.85,0,0,36415.22
0,0,0,2020-12-21,CV,0,1,0,0,0,0,0,0,1,1,0,0,0,0,0,0,0,0,0,0,0,0,0,0,0,0,0,0,0,0,0,0,0,0,0,0,0,5,0,0,0,0,0,0,0,0,0,0,0,0,36385.72,9876.96,250.06,55030.9,0,0,36454.63,0,0,37964.59,0,0,38039.62,0,0,39201.72,0,0,37015.47,0,0,38419.25,10367.58,262.48,57764.48,10367.58,262.48,57764.48,0,0,36454.63,0,0,36454.63,0,0,36454.63,0,0,36454.63,0,0,36385.72,0,0,36385.72,0,0,37015.47,0,0,37374.85,0,0,36385.72,0,0,36385.72,0,0,36385.72,0,0,36454.63,0,0,36523.81,0,0,36385.72,0,0,36385.72,0,0,36385.72,0,0,36454.63,0,0,36593.24,0,0,36593.24,0,0,36873.65,0,0,37086.79,0,0,36454.63,0,0,36454.63,0,0,36803.15,0,0,36803.15,0,0,36385.72,0,0,36385.72,0,0,36385.72,0,0,36385.72,0,0,36385.72,138457.16,44956.66,323112.83,0,0,36385.72,0,0,36454.63,0,0,36385.72,0,0,37520.56,0,0,36803.15,0,0,37964.59,0,0,36454.63
0,0,0,2020-12-28,CV,0,0,0,0,0,0,0,0,0,0,0,0,0,0,0,0,0,0,0,0,0,0,0,0,0,0,0,0,0,0,0,0,0,0,0,0,0,6,0,0,0,0,0,0,0,0,0,0,0,0,36415.22,0,0,36484.25,0,0,36484.25,0,0,37996.71,0,0,38071.86,0,0,39235.97,0,0,37046.01,0,0,38452.15,0,0,38299.13,0,0,38299.13,0,0,36484.25,0,0,36484.25,0,0,36484.25,0,0,36484.25,0,0,36415.22,0,0,36415.22,0,0,37046.01,0,0,37405.98,0,0,36415.22,0,0,36415.22,0,0,36415.22,0,0,36484.25,0,0,36553.53,0,0,36415.22,0,0,36415.22,0,0,36415.22,0,0,36484.25,0,0,36623.08,0,0,36623.08,0,0,36903.95,0,0,37117.44,0,0,36484.25,0,0,36484.25,0,0,36833.33,0,0,36833.33,0,0,36415.22,0,0,36415.22,0,0,36415.22,0,0,36415.22,0,0,36415.22,170544.75,62586.92,371204.12,0,0,36415.22,0,0,36484.25,0,0,36415.22,0,0,37551.93,0,0,36833.33,0,0,37996.71,0,0,36484.25
0,0,0,2021-01-04,CV,0,0,0,0,0,0,0,0,0,0,0,0,0,0,0,0,0,0,0,0,0,0,0,0,0,0,0,0,0,0,0,0,0,0,0,0,0,7,0,0,0,0,0,0,0,0,0,0,0,0,36643,0,0,36712.89,0,0,36712.89,0,0,38244.77,0,0,38288.24,0,0,39431.17,0,0,37281.77,0,0,38706.21,0,0,38518.1,0,0,38518.1,0,0,36712.89,0,0,36712.89,0,0,36712.89,0,0,36712.89,0,0,36643,0,0,36643,0,0,37250.85,0,0,37614.83,0,0,36643,0,0,36643,0,0,36643,0,0,36712.89,0,0,36783.05,0,0,36643,0,0,36643,0,0,36643,0,0,36712.89,0,0,36853.48,0,0,36853.48,0,0,37137.91,0,0,37354.12,0,0,36712.89,0,0,36712.89,0,0,37066.39,0,0,37066.39,0,0,36643,0,0,36643,0,0,36643,0,0,36643,0,0,36643,207192.06,83301.95,426894.83,0,0,36643,0,0,36712.89,0,0,36643,0,0,37794.2,0,0,37066.39,0,0,38244.77,0,0,36712.89
0,0,0,2021-01-11,CV,0,0,0,0,0,0,0,0,0,0,0,0,0,0,0,0,0,0,0,0,0,0,0,0,0,0,0,0,0,0,0,0,0,0,0,0,0,10,0,0,0,0,0,0,0,0,0,0,0,0,37076.59,0,0,37148.15,0,0,37148.15,0,0,38717.33,0,0,38717.33,0,0,39839.24,0,0,37730.7,0,0,39190.32,0,0,38952.39,0,0,38952.39,0,0,37148.15,0,0,37148.15,0,0,37148.15,0,0,37148.15,0,0,37076.59,0,0,37076.59,0,0,37656.88,0,0,38028.88,0,0,37076.59,0,0,37076.59,0,0,37076.59,0,0,37148.15,0,0,37219.98,0,0,37076.59,0,0,37076.59,0,0,37076.59,0,0,37148.15,0,0,37292.09,0,0,37292.09,0,0,37583.35,0,0,37804.8,0,0,37148.15,0,0,37148.15,0,0,37510.11,0,0,37510.11,0,0,37076.59,0,0,37076.59,0,0,37076.59,0,0,37076.59,0,0,37076.59,310322.85,148811.87,570694.78,0,0,37076.59,0,0,37148.15,0,0,37076.59,0,0,38255.63,0,0,37510.11,0,0,38717.33,0,0,37148.15
0,0,0,2021-01-18,CV,0,0,0,0,0,0,0,0,0,0,0,0,0,0,0,0,0,0,0,0,0,0,0,0,0,0,0,0,0,0,0,0,0,0,0,0,0,4,0,0,0,0,0,0,0,0,0,0,0,0,37302.41,0,0,37374.85,0,0,37374.85,0,0,38963.66,0,0,38963.66,0,0,40016.73,0,0,37964.59,0,0,39442.72,0,0,39122.04,0,0,39122.04,0,0,37374.85,0,0,37374.85,0,0,37374.85,0,0,37374.85,0,0,37302.41,0,0,37302.41,0,0,37889.85,0,0,38266.49,0,0,37302.41,0,0,37302.41,0,0,37302.41,0,0,37374.85,0,0,37447.56,0,0,37302.41,0,0,37302.41,0,0,37302.41,0,0,37374.85,0,0,37520.56,0,0,37520.56,0,0,37815.41,0,0,38039.62,0,0,37374.85,0,0,37374.85,0,0,37741.27,0,0,37741.27,0,0,37302.41,0,0,37302.41,0,0,37302.41,0,0,37302.41,0,0,37302.41,132697.55,36155.62,339758.43,0,0,37302.41,0,0,37374.85,0,0,37302.41,0,0,38496.09,0,0,37741.27,0,0,38963.66,0,0,37374.85
0,0,0,2021-01-25,CV,0,0,0,0,0,0,0,0,0,0,0,0,0,0,0,0,0,0,0,0,0,0,0,0,0,0,0,0,0,0,0,0,0,0,0,0,0,9,0,0,0,0,0,0,0,0,0,0,0,0,37416.36,0,0,37489.24,0,0,37489.24,0,0,39088,0,0,39088,0,0,40147.89,0,0,38082.62,0,0,39570.14,0,0,39247.4,0,0,39247.4,0,0,37489.24,0,0,37489.24,0,0,37489.24,0,0,37489.24,0,0,37416.36,0,0,37416.36,0,0,38007.43,0,0,38386.42,0,0,37416.36,0,0,37416.36,0,0,37416.36,0,0,37489.24,0,0,37562.4,0,0,37416.36,0,0,37416.36,0,0,37416.36,0,0,37489.24,0,0,37635.84,0,0,37635.84,0,0,37932.52,0,0,38158.12,0,0,37489.24,0,0,37489.24,0,0,37857.92,0,0,37857.92,0,0,37416.36,0,0,37416.36,0,0,37416.36,0,0,37416.36,0,0,37416.36,310117.92,141805.66,588700.42,0,0,37416.36,0,0,37489.24,0,0,37416.36,0,0,38617.46,0,0,37857.92,0,0,39088,0,0,37489.24
0,0,0,2021-02-01,CV,0,0,0,0,0,0,0,0,0,0,0,0,0,0,0,0,0,0,0,0,0,0,0,0,0,0,0,0,0,0,0,0,0,0,0,0,0,2,0,0,1,0,0,0,0,0,0,0,0,0,37541.47,0,0,37614.83,0,0,37572.87,0,0,39144.78,0,0,39224.55,0,0,40255.85,0,0,38212.23,0,0,39663.33,0,0,39350.56,0,0,39350.56,0,0,37614.83,0,0,37614.83,0,0,37614.83,0,0,37614.83,0,0,37541.47,0,0,37541.47,0,0,38093.39,0,0,38474.11,0,0,37541.47,0,0,37541.47,0,0,37541.47,0,0,37614.83,0,0,37688.48,0,0,37541.47,0,0,37541.47,0,0,37541.47,0,0,37614.83,0,0,37762.42,0,0,37762.42,0,0,38028.88,0,0,38255.63,0,0,37614.83,0,0,37614.83,0,0,37985.99,0,0,37985.99,0,0,37541.47,0,0,37541.47,0,0,37541.47,0,0,37541.47,0,0,37541.47,72041.42,8724.55,260238.38,0,0,37541.47,0,0,37614.83,10176.93,257.66,56702.22,0,0,38717.33,0,0,37985.99,0,0,39190.32,0,0,37614.83
0,0,0,2021-02-08,CV,0,0,0,0,0,0,0,0,1,1,0,0,0,0,0,0,0,0,0,1,1,0,0,0,0,0,0,0,0,0,0,0,0,0,0,0,0,2,0,0,1,0,0,0,0,0,0,0,0,0,37932.52,0,0,38007.43,0,0,37932.52,0,0,39488.96,0,0,39651.65,0,0,40595.46,0,0,38617.46,0,0,40064.32,10780.7,272.94,60066.2,10780.7,272.94,60066.2,0,0,38007.43,0,0,38007.43,0,0,38007.43,0,0,38007.43,0,0,37932.52,0,0,37932.52,0,0,38463.12,0,0,38851.3,0,0,37932.52,0,0,37932.52,0,0,37932.52,10311.97,261.08,57454.62,10332.39,261.59,57568.39,0,0,37932.52,0,0,37932.52,0,0,37932.52,0,0,38007.43,0,0,38158.12,0,0,38158.12,0,0,38386.42,0,0,38617.46,0,0,38007.43,0,0,38007.43,0,0,38386.42,0,0,38386.42,0,0,37932.52,0,0,37932.52,0,0,37932.52,0,0,37932.52,0,0,37932.52,73196.39,8864.42,264410.54,0,0,37932.52,0,0,38007.43,10282.94,260.34,57292.87,0,0,39088,0,0,38386.42,0,0,39570.14,0,0,38007.43
0,0,0,2021-02-15,CV,0,0,0,1,0,0,1,1,0,0,0,0,0,0,0,0,0,0,0,0,0,0,0,0,0,0,0,0,0,0,0,0,0,0,0,0,0,2,0,0,0,1,0,1,0,0,0,0,0,0,38039.62,0,0,38114.94,0,0,38039.62,10748.97,272.14,59889.43,0,0,39768.69,0,0,40693.54,10510.79,266.11,58562.38,10906.24,276.12,60765.68,0,0,39933.71,0,0,39933.71,0,0,38114.94,0,0,38114.94,0,0,38114.94,0,0,38114.94,0,0,38039.62,0,0,38039.62,0,0,38573.24,0,0,38963.66,0,0,38039.62,0,0,38039.62,0,0,38039.62,0,0,38190.57,0,0,38266.49,0,0,38039.62,0,0,38039.62,0,0,38039.62,0,0,38114.94,0,0,38266.49,0,0,38266.49,0,0,38496.09,0,0,38728.46,0,0,38114.94,0,0,38114.94,0,0,38496.09,0,0,38496.09,0,0,38039.62,0,0,38039.62,0,0,38039.62,0,0,38039.62,0,0,38039.62,74389,9008.85,268718.65,0,0,38039.62,0,0,38114.94,0,0,38039.62,10639.38,269.37,59278.84,0,0,38496.09,10771.16,272.7,60013.06,0,0,38114.94
0,0,0,2021-02-22,CV,0,0,0,0,0,1,1,1,0,0,0,0,0,0,0,0,0,0,0,0,0,0,0,0,0,0,0,0,0,0,0,0,0,0,0,0,0,5,0,0,0,1,0,1,0,0,0,0,0,0,38342.72,0,0,38419.25,0,0,38342.72,0,0,40016.73,0,0,40100.1,11139.07,282.02,62062.91,10617.73,268.82,59158.22,11021.42,279.04,61407.45,0,0,40267.88,0,0,40267.88,0,0,38419.25,0,0,38419.25,0,0,38419.25,0,0,38419.25,0,0,38342.72,0,0,38342.72,0,0,38884.94,0,0,39281.73,0,0,38342.72,0,0,38342.72,0,0,38342.72,0,0,38496.09,0,0,38573.24,0,0,38342.72,0,0,38342.72,0,0,38342.72,0,0,38419.25,0,0,38573.24,0,0,38573.24,0,0,38806.54,0,0,39042.69,0,0,38419.25,0,0,38419.25,0,0,38806.54,0,0,38806.54,0,0,38342.72,0,0,38342.72,0,0,38342.72,0,0,38342.72,0,0,38342.72,192439.41,62484.55,449089.39,0,0,38342.72,0,0,38419.25,0,0,38342.72,10748.97,272.14,59889.43,0,0,38806.54,10883.49,275.55,60638.94,0,0,38419.25
0,0,0,2021-03-01,CV,0,0,0,2,0,0,0,1,1,1,0,0,0,0,0,0,0,0,0,0,0,0,0,0,0,0,0,0,0,0,0,0,0,0,0,0,0,2,0,0,0,0,0,0,0,0,0,0,0,0,39247.4,0,0,39327.59,0,0,39247.4,22223.91,2691.42,80280.41,0,0,41003.14,0,0,42078.8,0,0,40147.89,11315.06,286.47,63043.46,11200.55,283.57,62405.48,11200.55,283.57,62405.48,0,0,39327.59,0,0,39327.59,0,0,39327.59,0,0,39327.59,0,0,39247.4,0,0,39247.4,0,0,39768.69,0,0,40183.81,0,0,39247.4,0,0,39247.4,0,0,39247.4,0,0,39408.11,0,0,39488.96,0,0,39247.4,0,0,39247.4,0,0,39247.4,0,0,39327.59,0,0,39488.96,0,0,39488.96,0,0,39733.51,0,0,39981.1,0,0,39327.59,0,0,39327.59,0,0,39733.51,0,0,39733.51,0,0,39247.4,0,0,39247.4,0,0,39247.4,0,0,39247.4,0,0,39247.4,81076.58,9818.75,292876.49,0,0,39247.4,0,0,39327.59,0,0,39247.4,0,0,40656.71,0,0,39733.51,0,0,41178.58,0,0,39327.59
0,0,0,2021-03-08,CV,0,0,0,0,0,0,0,0,0,0,0,0,0,0,0,0,0,0,0,0,0,0,0,0,0,0,0,0,0,0,0,0,0,0,0,0,0,3,0,0,0,0,0,0,0,0,0,0,0,0,40990.67,0,0,41078.15,0,0,40990.67,0,0,42964.39,0,0,42773.44,0,0,43830.94,0,0,41960.86,0,0,43702.99,0,0,43226.28,0,0,43226.28,0,0,41078.15,0,0,41078.15,0,0,41078.15,0,0,41078.15,0,0,40990.67,0,0,40990.67,0,0,41482.86,0,0,41869.58,0,0,40990.67,0,0,40990.67,0,0,40990.67,0,0,41166,0,0,41254.23,0,0,40990.67,0,0,40990.67,0,0,40990.67,0,0,41078.15,0,0,41254.23,0,0,41254.23,0,0,41521.21,0,0,41791.66,0,0,41078.15,0,0,41078.15,0,0,41521.21,0,0,41521.21,0,0,40990.67,0,0,40990.67,0,0,40990.67,0,0,40990.67,0,0,40990.67,127264.81,26245.06,371921.78,0,0,40990.67,0,0,41078.15,0,0,40990.67,0,0,42516.98,0,0,41521.21,0,0,43088.05,0,0,41078.15
0,0,0,2021-03-15,CV,0,0,0,0,0,0,0,0,0,0,0,0,0,0,0,0,0,0,0,0,0,0,0,0,0,0,0,0,0,0,0,0,0,0,0,0,0,1,0,0,0,0,0,0,0,0,0,0,0,0,43407.32,0,0,43505.43,0,0,43407.32,0,0,45472.94,0,0,45077.39,0,0,46158.38,0,0,44408.81,0,0,46000.79,0,0,45565.21,0,0,45565.21,0,0,43505.43,0,0,43505.43,0,0,43505.43,0,0,43505.43,0,0,43407.32,0,0,43407.32,0,0,43845.21,0,0,44248.38,0,0,43407.32,0,0,43407.32,0,0,43407.32,0,0,43603.99,0,0,43702.99,0,0,43407.32,0,0,43407.32,0,0,43407.32,0,0,43505.43,0,0,43702.99,0,0,43702.99,0,0,44002.72,0,0,44306.58,0,0,43505.43,0,0,43505.43,0,0,43902.35,0,0,43902.35,0,0,43407.32,0,0,43407.32,0,0,43407.32,0,0,43407.32,0,0,43407.32,47007.72,1190.13,261910.26,0,0,43407.32,0,0,43505.43,0,0,43407.32,0,0,45032.19,0,0,43902.35,0,0,45565.21,0,0,43505.43
0,0,0,2021-03-22,CV,0,0,0,0,0,0,0,1,0,0,0,0,0,0,0,0,0,0,0,0,0,0,0,0,0,0,0,0,0,0,0,0,0,0,0,0,0,0,0,0,0,0,0,0,0,0,0,0,0,0,45596.05,0,0,45704.32,0,0,45596.05,0,0,47778.84,0,0,47392.3,0,0,48588.65,0,0,46702.36,13147.95,332.88,73255.68,0,0,47983.02,0,0,47983.02,0,0,45704.32,0,0,45704.32,0,0,45704.32,0,0,45704.32,0,0,45596.05,0,0,45596.05,0,0,46032.22,0,0,46476.83,0,0,45596.05,0,0,45596.05,0,0,45596.05,0,0,45813.1,0,0,45922.4,0,0,45596.05,0,0,45596.05,0,0,45596.05,0,0,45704.32,0,0,45922.4,0,0,45922.4,0,0,46253.46,0,0,46589.32,0,0,45704.32,0,0,45704.32,0,0,46142.58,0,0,46142.58,0,0,45596.05,0,0,45596.05,0,0,45596.05,0,0,45596.05,0,0,45596.05,0,0,179888.28,0,0,45596.05,0,0,45704.32,0,0,45596.05,0,0,47392.3,0,0,46142.58,0,0,47983.02,0,0,45704.32
0,0,0,2021-03-29,CV,0,0,0,0,2,1,1,1,1,1,0,0,0,0,0,0,0,0,0,0,0,0,0,0,0,0,0,0,0,0,0,0,0,0,0,0,0,0,0,0,0,1,0,1,0,0,0,0,0,0,50125.12,0,0,50237.26,0,0,50125.12,0,0,52672.53,28302.98,3427.62,102240.11,14540.21,368.13,81012.85,13946.16,353.09,77703.04,14540.21,368.13,81012.85,14301.1,362.07,79680.61,14301.1,362.07,79680.61,0,0,50255.99,0,0,50255.99,0,0,50255.99,0,0,50255.99,0,0,50125.12,0,0,50125.12,0,0,50633.72,0,0,51172.17,0,0,50125.12,0,0,50125.12,0,0,50125.12,0,0,50387.55,0,0,50519.81,0,0,50125.12,0,0,50125.12,0,0,50125.12,0,0,50255.99,0,0,50519.81,0,0,50519.81,0,0,50901.52,0,0,51308.58,0,0,50255.99,0,0,50255.99,0,0,50786.4,0,0,50786.4,0,0,50125.12,0,0,50125.12,0,0,50125.12,0,0,50125.12,0,0,50125.12,0,0,195270.03,0,0,50125.12,0,0,50255.99,0,0,50125.12,14167.96,358.7,78938.82,0,0,50786.4,14362.96,363.64,80025.28,0,0,50255.99
0,0,0,2021-04-05,CV,0,0,0,0,0,0,0,0,0,0,0,0,0,0,0,0,0,0,0,0,0,0,0,0,0,0,0,0,0,0,0,0,0,0,0,0,0,3,0,0,1,0,0,0,0,0,0,0,0,0,59355.21,0,0,59355.21,0,0,59355.21,0,0,61862.41,0,0,62233.87,0,0,64038.18,0,0,61188.16,0,0,63435.18,0,0,62464.68,0,0,62464.68,0,0,59538.81,0,0,59538.81,0,0,59538.81,0,0,59538.81,0,0,59355.21,0,0,59355.21,0,0,59909.44,0,0,60664.71,0,0,59355.21,0,0,59355.21,0,0,59355.21,0,0,59723.55,0,0,59909.44,0,0,59355.21,0,0,59355.21,0,0,59355.21,0,0,59486.23,0,0,59909.44,0,0,59909.44,0,0,60069.69,0,0,60637.41,0,0,59538.81,0,0,59538.81,0,0,60069.69,0,0,60069.69,0,0,59355.21,0,0,59355.21,0,0,59355.21,0,0,59355.21,0,0,59355.21,187628.42,38693.49,548329.88,0,0,59355.21,0,0,59486.23,16090.31,407.37,89649.46,0,0,61947.73,0,0,60069.69,0,0,62726.41,0,0,59538.81
0,0,0,2021-04-12,CV,0,0,0,0,0,0,0,0,0,0,0,0,0,0,0,0,0,0,0,0,0,0,0,0,0,0,0,0,0,0,0,0,0,0,0,0,0,1,0,0,0,0,0,0,0,0,0,0,0,0,70616.52,0,0,70616.52,0,0,70616.52,0,0,73186.49,0,0,74112.39,0,0,76381.13,0,0,72791.1,0,0,75062.02,0,0,74811.95,0,0,74811.95,0,0,70876.55,0,0,70876.55,0,0,70876.55,0,0,70876.55,0,0,70616.52,0,0,70616.52,0,0,71364.58,0,0,72399.96,0,0,70616.52,0,0,70616.52,0,0,70616.52,0,0,71138.5,0,0,71402.4,0,0,70616.52,0,0,70616.52,0,0,70616.52,0,0,70616.52,0,0,71402.4,0,0,71402.4,0,0,71402.4,0,0,72205.96,0,0,70876.55,0,0,70876.55,0,0,71326.8,0,0,71326.8,0,0,70616.52,0,0,70616.52,0,0,70616.52,0,0,70616.52,0,0,70616.52,73490.95,1860.63,409465.34,0,0,70616.52,0,0,70616.52,0,0,70616.52,0,0,73626.41,0,0,71326.8,0,0,74398.85,0,0,70876.55
0,0,0,2021-04-19,CV,0,0,0,0,0,0,0,0,0,0,0,0,0,0,0,0,0,0,0,0,0,0,0,0,0,0,0,0,0,0,0,0,0,0,0,0,0,1,0,0,0,0,0,0,0,0,0,0,0,0,83376.44,0,0,83376.44,0,0,83376.44,0,0,85710.13,0,0,86926.66,0,0,89585.32,0,0,85983.61,0,0,88235.97,0,0,88876.2,0,0,88876.2,0,0,83739.17,0,0,83739.17,0,0,83739.17,0,0,83739.17,0,0,83376.44,0,0,83376.44,0,0,83895.59,0,0,85007.14,0,0,83376.44,0,0,83376.44,0,0,83376.44,0,0,83843.39,0,0,84052.6,0,0,83376.44,0,0,83376.44,0,0,83376.44,0,0,83376.44,0,0,84474.18,0,0,84474.18,0,0,84368.39,0,0,85492.59,0,0,83739.17,0,0,83739.17,0,0,84105.07,0,0,84105.07,0,0,83376.44,0,0,83376.44,0,0,83376.44,0,0,83376.44,0,0,83376.44,80274.73,2032.38,447262.14,0,0,83376.44,0,0,83376.44,0,0,83376.44,0,0,87038.97,0,0,84105.07,0,0,87833.33,0,0,83739.17
0,0,0,2021-04-26,CV,0,0,0,0,0,0,0,0,0,0,0,0,0,0,0,0,0,0,0,0,0,0,0,0,0,0,0,0,0,0,0,0,0,0,0,0,0,0,0,0,0,0,0,0,0,0,0,0,0,0,94817.96,0,0,94817.96,0,0,94817.96,0,0,96723.85,0,0,98707.93,0,0,101153.39,0,0,97705.82,0,0,99730.81,0,0,101153.39,0,0,101153.39,0,0,95287.36,0,0,95287.36,0,0,95287.36,0,0,95287.36,0,0,94817.96,0,0,94817.96,0,0,95287.36,0,0,96723.85,0,0,94817.96,0,0,94817.96,0,0,94817.96,0,0,95287.36,0,0,95287.36,0,0,94817.96,0,0,94817.96,0,0,94817.96,0,0,94817.96,0,0,96240.23,0,0,96240.23,0,0,95761.42,0,0,96723.85,0,0,95287.36,0,0,95287.36,0,0,95761.42,0,0,95761.42,0,0,94817.96,0,0,94817.96,0,0,94817.96,0,0,94817.96,0,0,94817.96,0,0,312613.28,0,0,94817.96,0,0,94817.96,0,0,94817.96,0,0,98707.93,0,0,95761.42,0,0,99730.81,0,0,95287.36
0,0,0,2021-05-03,CV,0,0,0,0,0,0,0,0,0,0,0,0,0,0,0,0,0,0,0,0,0,0,0,0,0,0,0,0,0,0,0,0,0,0,0,0,0,0,0,0,0,0,0,0,0,0,0,0,0,0,109899.12,0,0,109899.12,0,0,109899.12,0,0,112467.71,0,0,114571.7,0,0,117366.13,0,0,113509.96,0,0,116252.22,0,0,117982.77,0,0,117982.77,0,0,110258.86,0,0,110258.86,0,0,110258.86,0,0,110258.86,0,0,109899.12,0,0,109899.12,0,0,110530.21,0,0,111907.24,0,0,109899.12,0,0,109899.12,0,0,109899.12,0,0,110530.21,0,0,110530.21,0,0,109899.12,0,0,109899.12,0,0,109899.12,0,0,109899.12,0,0,111814.38,0,0,111814.38,0,0,111168.58,0,0,112467.71,0,0,110530.21,0,0,110530.21,0,0,111168.58,0,0,111168.58,0,0,109899.12,0,0,109899.12,0,0,109899.12,0,0,109899.12,0,0,109899.12,0,0,329428.66,0,0,109899.12,0,0,109899.12,0,0,109899.12,0,0,114864.72,0,0,111168.58,0,0,116252.22,0,0,110530.21
0,0,0,2021-05-10,CV,0,0,0,0,0,0,0,0,0,0,0,0,0,0,0,0,0,0,0,0,0,0,0,0,0,0,0,0,0,0,0,0,0,0,0,0,0,0,0,0,1,0,0,0,0,0,0,0,0,0,124871.48,0,0,124871.48,0,0,124871.48,0,0,128198.21,0,0,130180.02,0,0,133799.72,0,0,128811.02,0,0,132353.95,0,0,134736.32,0,0,134736.32,0,0,124871.48,0,0,124871.48,0,0,124871.48,0,0,124871.48,0,0,124871.48,0,0,124871.48,0,0,125686.87,0,0,127109.74,0,0,124871.48,0,0,124871.48,0,0,124871.48,0,0,125452.81,0,0,125452.81,0,0,124871.48,0,0,124871.48,0,0,124871.48,0,0,124871.48,0,0,127350.02,0,0,127350.02,0,0,126512.98,0,0,128198.21,0,0,125686.87,0,0,125686.87,0,0,126512.98,0,0,126512.98,0,0,124871.48,0,0,124871.48,0,0,124871.48,0,0,124871.48,0,0,124871.48,0,0,351791.96,0,0,124871.48,0,0,124871.48,33850.79,857.03,188604.52,0,0,130558.45,0,0,126512.98,0,0,132353.95,0,0,125686.87
0,0,0,2021-05-17,CV,0,0,0,0,0,0,0,0,0,0,0,0,0,0,0,0,0,0,0,0,0,0,0,1,0,0,0,0,0,0,0,0,0,0,0,0,0,0,0,1,0,0,0,0,0,0,0,0,0,0,143642.13,0,0,143642.13,0,0,143642.13,0,0,148061.89,0,0,149044.6,0,0,152589.27,0,0,147899.37,0,0,151389.13,0,0,155047.55,0,0,155047.55,0,0,143642.13,0,0,143642.13,0,0,143642.13,0,0,143642.13,0,0,143642.13,0,0,143642.13,0,0,144722.15,0,0,145818.53,0,0,143642.13,0,0,143642.13,0,0,143642.13,0,0,143642.13,0,0,143642.13,0,0,143642.13,0,0,143642.13,0,0,143642.13,39022.44,987.96,217419.1,0,0,145818.53,0,0,145818.53,0,0,145818.53,0,0,148061.89,0,0,144722.15,0,0,144722.15,0,0,144722.15,0,0,144722.15,0,0,143642.13,0,0,143642.13,0,0,143642.13,0,0,143642.13,0,0,143642.13,0,0,386063.96,0,0,143642.13,39022.44,987.96,217419.1,0,0,143642.13,0,0,150207.72,0,0,144722.15,0,0,151389.13,0,0,144722.15
0,0,0,2021-05-24,CV,0,0,0,0,0,0,0,0,0,0,0,0,0,0,0,0,0,0,0,0,0,0,0,0,0,0,0,0,0,0,0,0,0,0,0,0,0,0,0,0,0,0,0,0,0,0,0,0,0,0,160975.3,0,0,160975.3,0,0,160975.3,0,0,166546.75,0,0,166546.75,0,0,170985.18,0,0,165118.04,0,0,166959.51,0,0,174077.94,0,0,174077.94,0,0,160975.3,0,0,160975.3,0,0,160975.3,0,0,160975.3,0,0,160975.3,0,0,160975.3,0,0,162332.92,0,0,163713.64,0,0,160975.3,0,0,160975.3,0,0,160975.3,0,0,160975.3,0,0,160975.3,0,0,160975.3,0,0,160975.3,0,0,160975.3,0,0,162332.92,0,0,163713.64,0,0,163713.64,0,0,163713.64,0,0,166546.75,0,0,162332.92,0,0,162332.92,0,0,162332.92,0,0,162332.92,0,0,160975.3,0,0,160975.3,0,0,160975.3,0,0,160975.3,0,0,160975.3,0,0,419739.32,0,0,160975.3,0,0,162332.92,0,0,160975.3,0,0,168000.4,0,0,162332.92,0,0,169479.65,0,0,162332.92
0,0,0,2021-05-31,CV,0,0,0,0,1,1,0,0,0,0,0,0,0,0,0,0,1,1,0,0,0,0,0,0,0,0,0,0,0,0,0,0,0,0,0,0,0,0,0,0,0,0,0,0,0,0,0,0,0,0,178458.7,0,0,178458.7,0,0,178458.7,0,0,184823.49,50379.31,1275.49,280695.55,51882.1,1313.54,289068.57,0,0,182569.54,0,0,184317.81,0,0,194705.67,0,0,194705.67,0,0,178458.7,0,0,178458.7,0,0,178458.7,0,0,178458.7,0,0,178458.7,0,0,178458.7,48961.13,1239.59,272793.93,49424.9,1251.33,275377.91,0,0,178458.7,0,0,178458.7,0,0,178458.7,0,0,178458.7,0,0,178458.7,0,0,178458.7,0,0,178458.7,0,0,178458.7,0,0,180128.77,0,0,181830.39,0,0,181830.39,0,0,181830.39,0,0,185331.94,0,0,180128.77,0,0,180128.77,0,0,180128.77,0,0,180128.77,0,0,178458.7,0,0,178458.7,0,0,178458.7,0,0,178458.7,0,0,178458.7,0,0,456733.3,0,0,178458.7,0,0,180128.77,0,0,178458.7,0,0,186099.89,0,0,180128.77,0,0,187916.77,0,0,180128.77
0,0,0,2021-06-07,CV,0,0,0,1,0,0,0,0,0,0,0,0,0,0,0,0,0,0,0,0,0,0,0,0,0,0,0,0,0,0,0,0,0,0,0,0,0,1,0,0,1,0,0,0,0,0,0,0,0,0,198726.14,0,0,198726.14,0,0,198726.14,55763.36,1411.81,310693.55,0,0,207286.65,0,0,214207.19,0,0,202916.15,0,0,205078.12,0,0,216617.88,0,0,216617.88,0,0,198726.14,0,0,198726.14,0,0,198726.14,0,0,198726.14,0,0,198726.14,0,0,198726.14,0,0,202916.15,0,0,205078.12,0,0,198726.14,0,0,198726.14,0,0,198726.14,0,0,198726.14,0,0,198726.14,0,0,198726.14,0,0,198726.14,0,0,198726.14,0,0,200799.29,0,0,202916.15,0,0,202916.15,0,0,202916.15,0,0,207286.65,0,0,200799.29,0,0,200799.29,0,0,200500.48,0,0,200500.48,0,0,198726.14,0,0,198726.14,0,0,198726.14,0,0,198726.14,0,0,198726.14,138878.33,3516.09,773780.51,0,0,198726.14,0,0,200799.29,53871.68,1363.91,300153.8,0,0,207286.65,0,0,200500.48,0,0,209217.89,0,0,200799.29
0,0,0,2021-06-14,CV,0,0,0,0,0,0,0,0,0,0,0,0,0,0,0,0,0,0,0,0,0,0,0,0,0,0,0,0,0,0,0,0,0,0,0,0,0,0,0,0,0,0,0,0,0,0,0,0,0,0,223073.38,0,0,223073.38,0,0,223073.38,0,0,233917.23,0,0,231108.61,0,0,239744.35,0,0,228366.65,0,0,231108.61,0,0,242768.15,0,0,242768.15,0,0,223073.38,0,0,223073.38,0,0,223073.38,0,0,223073.38,0,0,223073.38,0,0,223073.38,0,0,228366.65,0,0,231108.61,0,0,223073.38,0,0,223073.38,0,0,223073.38,0,0,223073.38,0,0,223073.38,0,0,223073.38,0,0,223073.38,0,0,223073.38,0,0,225688.98,0,0,228366.65,0,0,228366.65,0,0,228366.65,0,0,233917.23,0,0,225688.98,0,0,225688.98,0,0,223073.38,0,0,223073.38,0,0,223073.38,0,0,223073.38,0,0,223073.38,0,0,223073.38,0,0,223073.38,0,0,612437.83,0,0,223073.38,0,0,225688.98,0,0,223073.38,0,0,233917.23,0,0,223073.38,0,0,233917.23,0,0,225688.98
0,0,0,2021-06-21,CV,0,0,0,0,0,0,0,0,0,0,0,0,0,0,0,0,0,0,0,0,0,0,0,0,0,0,0,0,0,0,0,0,0,0,0,0,0,0,0,0,0,0,0,0,0,0,0,0,0,0,233511.82,0,0,233511.82,0,0,233511.82,0,0,244530.53,0,0,242331.51,0,0,250905.63,0,0,239318.51,0,0,242331.51,0,0,255182.43,0,0,255182.43,0,0,233511.82,0,0,233511.82,0,0,233511.82,0,0,233511.82,0,0,233511.82,0,0,233511.82,0,0,239318.51,0,0,242331.51,0,0,233511.82,0,0,233511.82,0,0,233511.82,0,0,233511.82,0,0,233511.82,0,0,233511.82,0,0,233511.82,0,0,233511.82,0,0,236379.51,0,0,239318.51,0,0,239318.51,0,0,239318.51,0,0,244530.53,0,0,236379.51,0,0,236379.51,0,0,233511.82,0,0,233511.82,0,0,233511.82,0,0,233511.82,0,0,233511.82,0,0,233511.82,0,0,233511.82,0,0,670329.96,0,0,233511.82,0,0,236379.51,0,0,233511.82,0,0,245421.35,0,0,233511.82,0,0,245421.35,0,0,236379.51
0,0,0,2021-06-28,CV,0,0,0,0,0,0,0,0,0,0,0,0,0,0,0,0,0,0,0,0,0,0,0,0,0,0,0,0,0,0,0,0,0,0,0,0,0,0,0,0,0,0,0,0,0,0,0,0,0,0,583274.12,0,0,583274.12,0,0,583274.12,0,0,606920.37,0,0,606920.37,0,0,623779.27,0,0,598828.1,0,0,606920.37,0,0,641601.53,0,0,641601.53,0,0,583274.12,0,0,583274.12,0,0,583274.12,0,0,583274.12,0,0,583274.12,0,0,583274.12,0,0,598828.1,0,0,606920.37,0,0,583274.12,0,0,583274.12,0,0,583274.12,0,0,583274.12,0,0,583274.12,0,0,583274.12,0,0,583274.12,0,0,583274.12,0,0,590948.78,0,0,598828.1,0,0,598828.1,0,0,598828.1,0,0,606920.37,0,0,583274.12,0,0,583274.12,0,0,583274.12,0,0,583274.12,0,0,583274.12,0,0,583274.12,0,0,583274.12,0,0,583274.12,0,0,583274.12,0,0,1796484.29,0,0,583274.12,0,0,590948.78,0,0,583274.12,0,0,615234.35,0,0,583274.12,0,0,615234.35,0,0,583274.12
0,1,Pfizer,2021-06-21,CV,0,0,0,0,0,0,0,0,0,0,0,0,0,0,0,0,0,0,0,0,0,0,0,0,0,0,0,0,0,0,0,0,0,0,0,0,0,1,0,0,0,0,0,0,0,0,0,0,0,0,216966.7,0,0,216966.7,0,0,216966.7,0,0,227980.24,0,0,227211.34,0,0,233511.82,0,0,224560.54,0,0,238471.37,0,0,235553.01,0,0,235553.01,0,0,219440.26,0,0,219440.26,0,0,219440.26,0,0,219440.26,0,0,216966.7,0,0,216966.7,0,0,221970.88,0,0,221970.88,0,0,216966.7,0,0,216966.7,0,0,216966.7,0,0,219440.26,0,0,219440.26,0,0,216966.7,0,0,216966.7,0,0,216966.7,0,0,216966.7,0,0,219440.26,0,0,219440.26,0,0,219440.26,0,0,222704.66,0,0,216966.7,0,0,216966.7,0,0,219440.26,0,0,219440.26,0,0,216966.7,0,0,216966.7,0,0,216966.7,0,0,216966.7,0,0,216966.7,226863.35,5743.68,1264001.71,0,0,216966.7,0,0,216966.7,0,0,216966.7,0,0,227211.34,0,0,219440.26,0,0,229925.46,0,0,216966.7
0,1,Pfizer,2021-06-28,CV,0,0,0,0,0,0,0,0,0,0,0,0,0,0,0,0,0,0,0,0,0,0,0,0,0,0,0,0,0,0,0,0,0,0,0,0,0,0,0,0,0,0,0,0,0,0,0,0,0,0,522233.81,0,0,522233.81,0,0,522233.81,0,0,554470.46,0,0,541109.73,0,0,561401.34,0,0,541109.73,0,0,575796.25,0,0,561401.34,0,0,561401.34,0,0,528377.73,0,0,528377.73,0,0,528377.73,0,0,528377.73,0,0,522233.81,0,0,522233.81,0,0,534667.94,0,0,534667.94,0,0,522233.81,0,0,522233.81,0,0,522233.81,0,0,528377.73,0,0,528377.73,0,0,522233.81,0,0,522233.81,0,0,522233.81,0,0,522233.81,0,0,528377.73,0,0,528377.73,0,0,528377.73,0,0,541109.73,0,0,528377.73,0,0,528377.73,0,0,528377.73,0,0,528377.73,0,0,522233.81,0,0,522233.81,0,0,522233.81,0,0,522233.81,0,0,522233.81,0,0,1845703.04,0,0,522233.81,0,0,522233.81,0,0,522233.81,0,0,547708.63,0,0,528377.73,0,0,554470.46,0,0,528377.73
0,1,Moderna,2021-06-21,CV,0,0,0,0,0,0,0,0,0,0,0,0,0,0,0,0,0,0,0,0,0,0,0,0,0,0,0,0,0,0,0,0,0,0,0,0,0,0,0,0,0,0,0,0,0,0,0,0,0,0,3742675.61,0,0,3742675.61,0,0,3742675.61,0,0,3742675.61,0,0,3742675.61,0,0,3742675.61,0,0,3742675.61,0,0,3742675.61,0,0,3742675.61,0,0,3742675.61,0,0,3742675.61,0,0,3742675.61,0,0,3742675.61,0,0,3742675.61,0,0,3742675.61,0,0,3742675.61,0,0,3742675.61,0,0,3742675.61,0,0,3742675.61,0,0,3742675.61,0,0,3742675.61,0,0,3742675.61,0,0,3742675.61,0,0,3742675.61,0,0,3742675.61,0,0,3742675.61,0,0,3742675.61,0,0,3742675.61,0,0,3742675.61,0,0,3742675.61,0,0,3742675.61,0,0,3742675.61,0,0,3742675.61,0,0,3742675.61,0,0,3742675.61,0,0,3742675.61,0,0,3742675.61,0,0,3742675.61,0,0,3742675.61,0,0,3742675.61,0,0,16842040.26,0,0,3742675.61,0,0,3742675.61,0,0,3742675.61,0,0,3742675.61,0,0,3742675.61,0,0,3742675.61,0,0,3742675.61
0,1,Moderna,2021-06-28,CV,0,0,0,0,0,0,0,0,0,0,0,0,0,0,0,0,0,0,0,0,0,0,0,0,0,0,0,0,0,0,0,0,0,0,0,0,0,0,0,0,0,0,0,0,0,0,0,0,0,0,6416015.34,0,0,6416015.34,0,0,6416015.34,0,0,6416015.34,0,0,6416015.34,0,0,6416015.34,0,0,6416015.34,0,0,6416015.34,0,0,6416015.34,0,0,6416015.34,0,0,6416015.34,0,0,6416015.34,0,0,6416015.34,0,0,6416015.34,0,0,6416015.34,0,0,6416015.34,0,0,6416015.34,0,0,6416015.34,0,0,6416015.34,0,0,6416015.34,0,0,6416015.34,0,0,6416015.34,0,0,6416015.34,0,0,6416015.34,0,0,6416015.34,0,0,6416015.34,0,0,6416015.34,0,0,6416015.34,0,0,6416015.34,0,0,6416015.34,0,0,6416015.34,0,0,6416015.34,0,0,6416015.34,0,0,6416015.34,0,0,6416015.34,0,0,6416015.34,0,0,6416015.34,0,0,6416015.34,0,0,6416015.34,0,0,6416015.34,0,0,22456053.68,0,0,6416015.34,0,0,6416015.34,0,0,6416015.34,0,0,6416015.34,0,0,6416015.34,0,0,6416015.34,0,0,6416015.34
0,1,Pfizer,2021-05-17,CV,0,0,0,0,0,0,0,0,0,0,0,0,0,0,0,0,0,0,0,0,0,0,0,0,0,0,0,0,0,0,0,0,0,0,0,0,0,0,0,0,0,0,0,0,0,0,0,0,0,0,241462.94,0,0,241462.94,0,0,241462.94,0,0,250905.63,0,0,254700.04,0,0,265228.98,0,0,244975.13,0,0,254700.04,0,0,268934.77,0,0,268934.77,0,0,244530.53,0,0,244530.53,0,0,244530.53,0,0,244530.53,0,0,241462.94,0,0,241462.94,0,0,247677.06,0,0,247677.06,0,0,241462.94,0,0,241462.94,0,0,241462.94,0,0,244530.53,0,0,244530.53,0,0,241462.94,0,0,241462.94,0,0,241462.94,0,0,241462.94,0,0,244530.53,0,0,244530.53,0,0,244530.53,0,0,247677.06,0,0,241462.94,0,0,241462.94,0,0,244530.53,0,0,244530.53,0,0,241462.94,0,0,241462.94,0,0,241462.94,0,0,241462.94,0,0,241462.94,0,0,1464525.24,0,0,241462.94,0,0,241462.94,0,0,241462.94,0,0,248133.19,0,0,244530.53,0,0,251373.74,0,0,241462.94
0,1,Pfizer,2021-05-24,CV,0,0,0,0,0,0,0,0,0,0,0,0,0,0,0,0,0,0,0,0,0,0,0,0,0,0,0,0,0,0,0,0,0,0,0,0,0,2,0,0,0,0,0,0,0,0,0,0,0,0,237630.2,0,0,237630.2,0,0,237630.2,0,0,246769.82,0,0,253263.76,0,0,260611.84,0,0,243646.15,0,0,259108.31,0,0,264188.87,0,0,264188.87,0,0,240600.58,0,0,240600.58,0,0,240600.58,0,0,240600.58,0,0,237630.2,0,0,237630.2,0,0,243646.15,0,0,243646.15,0,0,237630.2,0,0,237630.2,0,0,237630.2,0,0,240600.58,0,0,240600.58,0,0,237630.2,0,0,237630.2,0,0,237630.2,0,0,237630.2,0,0,240600.58,0,0,240600.58,0,0,240600.58,0,0,243646.15,0,0,237630.2,0,0,237630.2,0,0,240600.58,0,0,240600.58,0,0,237630.2,0,0,237630.2,0,0,237630.2,0,0,237630.2,0,0,237630.2,785483.87,95125.74,2837437.82,0,0,237630.2,0,0,237630.2,0,0,237630.2,0,0,246769.82,0,0,240600.58,0,0,249974.62,0,0,237630.2
0,1,Pfizer,2021-05-31,CV,0,0,0,0,0,0,0,0,0,0,0,0,0,0,0,0,0,0,0,0,0,0,0,0,0,0,0,0,0,0,0,0,0,0,0,0,0,0,0,0,0,0,0,0,0,0,0,0,0,0,255182.43,0,0,255182.43,0,0,255182.43,0,0,266804.6,0,0,273298.83,0,0,281286.68,0,0,264188.87,0,0,283655.41,0,0,285458.31,0,0,285458.31,0,0,258610.98,0,0,258610.98,0,0,258610.98,0,0,258610.98,0,0,255182.43,0,0,255182.43,0,0,262132.92,0,0,262132.92,0,0,255182.43,0,0,255182.43,0,0,255182.43,0,0,258610.98,0,0,258610.98,0,0,255182.43,0,0,255182.43,0,0,255182.43,0,0,255182.43,0,0,258610.98,0,0,258610.98,0,0,258610.98,0,0,262132.92,0,0,255182.43,0,0,255182.43,0,0,258610.98,0,0,258610.98,0,0,255182.43,0,0,255182.43,0,0,255182.43,0,0,255182.43,0,0,255182.43,0,0,1448777.66,0,0,255182.43,0,0,255182.43,0,0,255182.43,0,0,267865.45,0,0,258610.98,0,0,271645.81,0,0,255182.43
0,1,Pfizer,2021-06-07,CV,0,0,0,0,0,0,0,0,0,0,0,0,0,0,0,0,0,0,0,0,0,0,0,0,0,0,0,0,0,0,0,0,0,0,0,0,0,0,0,0,0,0,0,0,0,0,0,0,0,0,233511.82,0,0,233511.82,0,0,233511.82,0,0,245421.35,0,0,247222.61,0,0,253740.72,0,0,242331.51,0,0,258610.98,0,0,257130.39,0,0,257130.39,0,0,236379.51,0,0,236379.51,0,0,236379.51,0,0,236379.51,0,0,233511.82,0,0,233511.82,0,0,239318.51,0,0,239318.51,0,0,233511.82,0,0,233511.82,0,0,233511.82,0,0,236379.51,0,0,236379.51,0,0,233511.82,0,0,233511.82,0,0,233511.82,0,0,233511.82,0,0,236379.51,0,0,236379.51,0,0,236379.51,0,0,239318.51,0,0,233511.82,0,0,233511.82,0,0,236379.51,0,0,236379.51,0,0,233511.82,0,0,233511.82,0,0,233511.82,0,0,233511.82,0,0,233511.82,0,0,1122802.68,0,0,233511.82,0,0,233511.82,0,0,233511.82,0,0,245421.35,0,0,236379.51,0,0,248591,0,0,233511.82
0,1,Pfizer,2021-06-14,CV,0,0,0,0,0,0,0,0,0,0,0,0,0,0,0,0,0,0,0,0,0,0,0,0,0,0,0,0,0,0,0,0,0,0,0,0,0,0,0,0,0,0,0,0,0,0,0,0,0,0,219440.26,0,0,219440.26,0,0,219440.26,0,0,229925.46,0,0,229925.46,0,0,235553.01,0,0,227211.34,0,0,241462.94,0,0,238471.37,0,0,238471.37,0,0,221970.88,0,0,221970.88,0,0,221970.88,0,0,221970.88,0,0,219440.26,0,0,219440.26,0,0,224560.54,0,0,224560.54,0,0,219440.26,0,0,219440.26,0,0,219440.26,0,0,221970.88,0,0,221970.88,0,0,219440.26,0,0,219440.26,0,0,219440.26,0,0,219440.26,0,0,221970.88,0,0,221970.88,0,0,221970.88,0,0,224560.54,0,0,219440.26,0,0,219440.26,0,0,221970.88,0,0,221970.88,0,0,219440.26,0,0,219440.26,0,0,219440.26,0,0,219440.26,0,0,219440.26,0,0,898242.15,0,0,219440.26,0,0,219440.26,0,0,219440.26,0,0,229925.46,0,0,221970.88,0,0,232705.22,0,0,219440.26
0,2,Pfizer,2021-06-14,CV,0,0,0,0,0,0,0,0,0,0,0,0,0,0,0,0,0,0,0,0,0,0,0,0,0,0,0,0,0,0,0,0,0,0,0,0,0,2,0,0,0,0,0,0,0,0,0,0,0,0,82914.66,0,0,82914.66,0,0,82914.66,0,0,87833.33,0,0,87434.34,0,0,90305.85,0,0,85114.54,0,0,89884.14,0,0,86258.85,0,0,86258.85,0,0,82914.66,0,0,82914.66,0,0,82914.66,0,0,82914.66,0,0,82914.66,0,0,82914.66,0,0,84000.2,0,0,84739.83,0,0,82914.66,0,0,82914.66,0,0,82914.66,0,0,82914.66,0,0,82914.66,0,0,82914.66,0,0,82914.66,0,0,82914.66,0,0,83273.38,0,0,82914.66,0,0,82914.66,0,0,84368.39,0,0,84368.39,0,0,82914.66,0,0,82914.66,0,0,84000.2,0,0,84000.2,0,0,82914.66,0,0,82914.66,0,0,82914.66,0,0,82914.66,0,0,82914.66,327578.48,39671.27,1183326.09,0,0,82914.66,0,0,83273.38,0,0,82914.66,0,0,86647.15,0,0,84000.2,0,0,87833.33,0,0,82914.66
0,2,Pfizer,2021-06-21,CV,0,0,0,0,0,0,0,0,0,0,0,0,0,0,0,0,0,0,0,0,0,0,0,0,0,0,0,0,0,0,0,0,0,0,0,0,0,1,0,0,0,0,0,0,0,0,0,0,0,0,82156.29,0,0,82156.29,0,0,82156.29,0,0,86982.78,0,0,86591.47,0,0,89406.98,0,0,84315.6,0,0,88993.61,0,0,85438.38,0,0,85438.38,0,0,82156.29,0,0,82156.29,0,0,82156.29,0,0,82156.29,0,0,82156.29,0,0,82156.29,0,0,83221.94,0,0,83947.86,0,0,82156.29,0,0,82156.29,0,0,82156.29,0,0,82156.29,0,0,82156.29,0,0,82156.29,0,0,82156.29,0,0,82156.29,0,0,82508.46,0,0,82156.29,0,0,82156.29,0,0,83583.33,0,0,83583.33,0,0,82156.29,0,0,82156.29,0,0,83221.94,0,0,83221.94,0,0,82156.29,0,0,82156.29,0,0,82156.29,0,0,82156.29,0,0,82156.29,170677.57,4321.18,950954.56,0,0,82156.29,0,0,82508.46,0,0,82156.29,0,0,85819.31,0,0,83221.94,0,0,86982.78,0,0,82156.29
0,2,Pfizer,2021-06-28,CV,0,0,0,0,0,0,0,0,0,0,0,0,0,0,0,0,0,0,0,0,0,0,0,0,0,0,0,0,0,0,0,0,0,0,0,0,0,0,0,0,0,0,0,0,0,0,0,0,0,0,187133.78,0,0,187133.78,0,0,187133.78,0,0,197850.69,0,0,197850.69,0,0,204145.94,0,0,191932.08,0,0,202306.79,0,0,195270.03,0,0,195270.03,0,0,187133.78,0,0,187133.78,0,0,187133.78,0,0,187133.78,0,0,187133.78,0,0,187133.78,0,0,189502.56,0,0,191115.35,0,0,187133.78,0,0,187133.78,0,0,187133.78,0,0,187133.78,0,0,187133.78,0,0,187133.78,0,0,187133.78,0,0,187133.78,0,0,187916.77,0,0,187133.78,0,0,187133.78,0,0,190305.54,0,0,190305.54,0,0,187133.78,0,0,187133.78,0,0,189502.56,0,0,189502.56,0,0,187133.78,0,0,187133.78,0,0,187133.78,0,0,187133.78,0,0,187133.78,0,0,1464525.24,0,0,187133.78,0,0,187916.77,0,0,187133.78,0,0,195270.03,0,0,189502.56,0,0,197850.69,0,0,187133.78
0,1,AstraZeneca,2021-02-15,CV,0,0,0,0,0,0,0,0,0,0,0,0,0,0,0,0,0,0,0,0,0,0,0,0,0,0,0,0,0,0,0,0,0,0,0,0,0,0,0,0,0,0,0,0,0,0,0,0,0,0,67368161.03,0,0,67368161.03,0,0,67368161.03,0,0,67368161.03,0,0,67368161.03,0,0,67368161.03,0,0,67368161.03,0,0,67368161.03,0,0,67368161.03,0,0,67368161.03,0,0,67368161.03,0,0,67368161.03,0,0,67368161.03,0,0,67368161.03,0,0,67368161.03,0,0,67368161.03,0,0,67368161.03,0,0,67368161.03,0,0,67368161.03,0,0,67368161.03,0,0,67368161.03,0,0,67368161.03,0,0,67368161.03,0,0,67368161.03,0,0,67368161.03,0,0,67368161.03,0,0,67368161.03,0,0,67368161.03,0,0,67368161.03,0,0,67368161.03,0,0,67368161.03,0,0,67368161.03,0,0,67368161.03,0,0,67368161.03,0,0,67368161.03,0,0,67368161.03,0,0,67368161.03,0,0,67368161.03,0,0,67368161.03,0,0,67368161.03,0,0,67368161.03,0,0,67368161.03,0,0,67368161.03,0,0,67368161.03,0,0,67368161.03,0,0,67368161.03,0,0,67368161.03,0,0,67368161.03
0,1,AstraZeneca,2021-02-22,CV,0,0,0,0,0,0,0,0,0,0,0,0,0,0,0,0,0,0,0,0,0,0,0,0,0,0,0,0,0,0,0,0,0,0,0,0,0,0,0,0,0,0,0,0,0,0,0,0,0,0,19248046.01,0,0,19248046.01,0,0,19248046.01,0,0,19248046.01,0,0,19248046.01,0,0,19248046.01,0,0,19248046.01,0,0,19248046.01,0,0,19248046.01,0,0,19248046.01,0,0,19248046.01,0,0,19248046.01,0,0,19248046.01,0,0,19248046.01,0,0,19248046.01,0,0,19248046.01,0,0,19248046.01,0,0,19248046.01,0,0,19248046.01,0,0,19248046.01,0,0,19248046.01,0,0,19248046.01,0,0,19248046.01,0,0,19248046.01,0,0,19248046.01,0,0,19248046.01,0,0,19248046.01,0,0,19248046.01,0,0,19248046.01,0,0,19248046.01,0,0,19248046.01,0,0,19248046.01,0,0,19248046.01,0,0,19248046.01,0,0,19248046.01,0,0,19248046.01,0,0,19248046.01,0,0,19248046.01,0,0,19248046.01,0,0,19248046.01,0,0,19248046.01,0,0,19248046.01,0,0,19248046.01,0,0,19248046.01,0,0,19248046.01,0,0,19248046.01,0,0,19248046.01,0,0,19248046.01
0,1,AstraZeneca,2021-03-01,CV,0,0,0,0,0,0,0,0,0,0,0,0,0,0,0,0,0,0,0,0,0,0,0,0,0,0,0,0,0,0,0,0,0,0,0,0,0,0,0,0,0,0,0,0,0,0,0,0,0,0,19248046.01,0,0,19248046.01,0,0,19248046.01,0,0,19248046.01,0,0,19248046.01,0,0,19248046.01,0,0,19248046.01,0,0,19248046.01,0,0,19248046.01,0,0,19248046.01,0,0,19248046.01,0,0,19248046.01,0,0,19248046.01,0,0,19248046.01,0,0,19248046.01,0,0,19248046.01,0,0,19248046.01,0,0,19248046.01,0,0,19248046.01,0,0,19248046.01,0,0,19248046.01,0,0,19248046.01,0,0,19248046.01,0,0,19248046.01,0,0,19248046.01,0,0,19248046.01,0,0,19248046.01,0,0,19248046.01,0,0,19248046.01,0,0,19248046.01,0,0,19248046.01,0,0,19248046.01,0,0,19248046.01,0,0,19248046.01,0,0,19248046.01,0,0,19248046.01,0,0,19248046.01,0,0,19248046.01,0,0,19248046.01,0,0,19248046.01,0,0,19248046.01,0,0,19248046.01,0,0,19248046.01,0,0,19248046.01,0,0,19248046.01,0,0,19248046.01,0,0,19248046.01,0,0,19248046.01
0,1,AstraZeneca,2021-03-08,CV,0,0,0,0,0,0,0,0,0,0,0,0,0,0,0,0,0,0,0,0,0,0,0,0,0,0,0,0,0,0,0,0,0,0,0,0,0,0,0,0,0,0,0,0,0,0,0,0,0,0,19248046.01,0,0,19248046.01,0,0,19248046.01,0,0,19248046.01,0,0,19248046.01,0,0,19248046.01,0,0,19248046.01,0,0,19248046.01,0,0,19248046.01,0,0,19248046.01,0,0,19248046.01,0,0,19248046.01,0,0,19248046.01,0,0,19248046.01,0,0,19248046.01,0,0,19248046.01,0,0,19248046.01,0,0,19248046.01,0,0,19248046.01,0,0,19248046.01,0,0,19248046.01,0,0,19248046.01,0,0,19248046.01,0,0,19248046.01,0,0,19248046.01,0,0,19248046.01,0,0,19248046.01,0,0,19248046.01,0,0,19248046.01,0,0,19248046.01,0,0,19248046.01,0,0,19248046.01,0,0,19248046.01,0,0,19248046.01,0,0,19248046.01,0,0,19248046.01,0,0,19248046.01,0,0,19248046.01,0,0,19248046.01,0,0,19248046.01,0,0,19248046.01,0,0,19248046.01,0,0,19248046.01,0,0,19248046.01,0,0,19248046.01,0,0,19248046.01,0,0,19248046.01,0,0,19248046.01
0,1,AstraZeneca,2021-03-15,CV,0,0,0,0,0,0,0,0,0,0,0,0,0,0,0,0,0,0,0,0,0,0,0,0,0,0,0,0,0,0,0,0,0,0,0,0,0,0,0,0,0,0,0,0,0,0,0,0,0,0,4990234.15,0,0,4990234.15,0,0,4990234.15,0,0,4990234.15,0,0,4990234.15,0,0,4990234.15,0,0,4990234.15,0,0,6736816.1,0,0,4990234.15,0,0,4990234.15,0,0,4990234.15,0,0,4990234.15,0,0,4990234.15,0,0,4990234.15,0,0,4990234.15,0,0,4990234.15,0,0,4990234.15,0,0,4990234.15,0,0,4990234.15,0,0,4990234.15,0,0,4990234.15,0,0,4990234.15,0,0,4990234.15,0,0,4990234.15,0,0,4990234.15,0,0,4990234.15,0,0,4990234.15,0,0,4990234.15,0,0,4990234.15,0,0,4990234.15,0,0,4990234.15,0,0,4990234.15,0,0,4990234.15,0,0,4990234.15,0,0,4990234.15,0,0,4990234.15,0,0,4990234.15,0,0,4990234.15,0,0,4990234.15,0,0,4990234.15,0,0,7091385.37,0,0,4990234.15,0,0,4990234.15,0,0,4990234.15,0,0,4990234.15,0,0,4990234.15,0,0,4990234.15,0,0,4990234.15
0,1,AstraZeneca,2021-03-22,CV,0,0,0,0,0,0,0,0,0,0,0,0,0,0,0,0,0,0,0,0,0,0,0,0,0,0,0,0,0,0,0,0,0,0,0,0,0,0,0,0,0,0,0,0,0,0,0,0,0,0,1871337.81,0,0,1871337.81,0,0,1871337.81,0,0,2010989.88,0,0,1871337.81,0,0,1871337.81,0,0,1871337.81,0,0,2072866.49,0,0,1871337.81,0,0,1871337.81,0,0,1871337.81,0,0,1871337.81,0,0,1871337.81,0,0,1871337.81,0,0,1871337.81,0,0,1871337.81,0,0,1871337.81,0,0,1871337.81,0,0,1871337.81,0,0,1871337.81,0,0,1871337.81,0,0,1871337.81,0,0,1871337.81,0,0,1871337.81,0,0,1871337.81,0,0,1871337.81,0,0,1871337.81,0,0,1871337.81,0,0,1871337.81,0,0,1871337.81,0,0,1871337.81,0,0,1871337.81,0,0,1871337.81,0,0,1871337.81,0,0,1871337.81,0,0,1871337.81,0,0,1871337.81,0,0,1871337.81,0,0,1871337.81,0,0,1871337.81,0,0,4646080.07,0,0,1871337.81,0,0,1871337.81,0,0,1871337.81,0,0,1871337.81,0,0,1871337.81,0,0,1871337.81,0,0,1871337.81
0,1,AstraZeneca,2021-03-29,CV,0,0,0,0,0,0,0,0,0,0,0,0,0,0,0,0,0,0,0,0,0,0,0,0,0,0,0,0,0,0,0,0,0,0,0,0,0,0,0,0,0,0,0,0,0,0,0,0,0,0,821562.94,0,0,826603.2,0,0,821562.94,0,0,858193.13,0,0,821562.94,0,0,821562.94,0,0,821562.94,0,0,858193.13,0,0,826603.2,0,0,826603.2,0,0,821562.94,0,0,821562.94,0,0,821562.94,0,0,821562.94,0,0,821562.94,0,0,821562.94,0,0,821562.94,0,0,821562.94,0,0,821562.94,0,0,821562.94,0,0,821562.94,0,0,821562.94,0,0,821562.94,0,0,821562.94,0,0,821562.94,0,0,821562.94,0,0,821562.94,0,0,821562.94,0,0,821562.94,0,0,821562.94,0,0,821562.94,0,0,821562.94,0,0,821562.94,0,0,821562.94,0,0,821562.94,0,0,821562.94,0,0,821562.94,0,0,821562.94,0,0,821562.94,0,0,821562.94,0,0,2323040.04,0,0,821562.94,0,0,821562.94,0,0,821562.94,0,0,821562.94,0,0,821562.94,0,0,821562.94,0,0,821562.94
0,1,AstraZeneca,2021-04-05,CV,0,0,0,0,0,0,0,0,0,0,0,0,0,0,0,0,0,0,0,0,0,0,0,0,0,0,0,0,0,0,0,0,0,0,0,0,0,0,0,0,0,0,0,0,0,0,0,0,0,0,466215.65,0,0,477788.38,0,0,466215.65,0,0,488175.08,0,0,466215.65,0,0,466215.65,0,0,466215.65,0,0,488175.08,0,0,477788.38,0,0,477788.38,0,0,466215.65,0,0,466215.65,0,0,466215.65,0,0,466215.65,0,0,466215.65,0,0,466215.65,0,0,466215.65,0,0,466215.65,0,0,466215.65,0,0,466215.65,0,0,466215.65,0,0,466215.65,0,0,466215.65,0,0,466215.65,0,0,466215.65,0,0,466215.65,0,0,466215.65,0,0,466215.65,0,0,466215.65,0,0,466215.65,0,0,466215.65,0,0,466215.65,0,0,466215.65,0,0,476100.08,0,0,476100.08,0,0,466215.65,0,0,466215.65,0,0,466215.65,0,0,466215.65,0,0,466215.65,0,0,1433365.13,0,0,466215.65,0,0,466215.65,0,0,466215.65,0,0,466215.65,0,0,476100.08,0,0,476100.08,0,0,466215.65
0,1,AstraZeneca,2021-04-12,CV,0,0,0,0,0,0,0,0,0,0,0,0,0,0,0,0,0,0,0,0,0,0,0,0,0,0,0,0,0,0,0,0,0,0,0,0,0,1,0,0,0,0,0,0,0,0,0,0,0,0,408291.89,0,0,417140.32,0,0,408291.89,0,0,426380.77,0,0,408291.89,0,0,408291.89,0,0,408291.89,0,0,436039.88,0,0,417140.32,0,0,417140.32,0,0,408291.89,0,0,408291.89,0,0,408291.89,0,0,408291.89,0,0,408291.89,0,0,408291.89,0,0,408291.89,0,0,408291.89,0,0,408291.89,0,0,408291.89,0,0,408291.89,0,0,408291.89,0,0,408291.89,0,0,408291.89,0,0,408291.89,0,0,408291.89,0,0,408291.89,0,0,408291.89,0,0,408291.89,0,0,408291.89,0,0,408291.89,0,0,408291.89,0,0,408291.89,0,0,417140.32,0,0,417140.32,0,0,408291.89,0,0,408291.89,0,0,408291.89,0,0,408291.89,0,0,408291.89,365250,9247.33,2035042.75,0,0,408291.89,0,0,408291.89,0,0,408291.89,0,0,408291.89,0,0,417140.32,0,0,417140.32,0,0,408291.89
0,1,AstraZeneca,2021-04-19,CV,0,0,0,0,0,0,0,0,0,0,0,0,0,0,0,0,0,0,0,0,0,0,0,0,0,0,0,0,0,0,0,0,0,0,0,0,0,0,0,0,0,0,0,0,0,0,0,0,0,0,375310.09,0,0,382773.64,0,0,375310.09,0,0,390540.06,0,0,375310.09,0,0,375310.09,0,0,375310.09,0,0,398628.17,0,0,382773.64,0,0,382773.64,0,0,375310.09,0,0,375310.09,0,0,375310.09,0,0,375310.09,0,0,375310.09,0,0,375310.09,0,0,375310.09,0,0,375310.09,0,0,375310.09,0,0,375310.09,0,0,375310.09,0,0,375310.09,0,0,375310.09,0,0,375310.09,0,0,375310.09,0,0,375310.09,0,0,375310.09,0,0,375310.09,0,0,375310.09,0,0,375310.09,0,0,375310.09,0,0,375310.09,0,0,375310.09,0,0,382773.64,0,0,382773.64,0,0,375310.09,0,0,375310.09,0,0,375310.09,0,0,375310.09,0,0,375310.09,0,0,1151592.5,0,0,375310.09,0,0,375310.09,0,0,375310.09,0,0,375310.09,0,0,382773.64,0,0,382773.64,0,0,375310.09
0,1,AstraZeneca,2021-04-26,CV,0,0,0,0,0,0,0,0,0,0,0,0,0,0,0,0,0,0,0,0,0,0,0,0,0,0,0,0,0,0,0,0,0,0,0,0,0,1,0,0,0,0,0,0,0,0,0,0,0,0,361223.38,0,0,368132.03,0,0,361223.38,0,0,375310.09,0,0,361223.38,0,0,361223.38,0,0,361223.38,0,0,382773.64,0,0,368132.03,0,0,368132.03,0,0,361223.38,0,0,361223.38,0,0,361223.38,0,0,361223.38,0,0,361223.38,0,0,361223.38,0,0,361223.38,0,0,361223.38,0,0,361223.38,0,0,361223.38,0,0,361223.38,0,0,361223.38,0,0,361223.38,0,0,361223.38,0,0,361223.38,0,0,361223.38,0,0,361223.38,0,0,361223.38,0,0,361223.38,0,0,361223.38,0,0,361223.38,0,0,361223.38,0,0,361223.38,0,0,368132.03,0,0,368132.03,0,0,361223.38,0,0,361223.38,0,0,361223.38,0,0,361223.38,0,0,361223.38,320394.74,8111.69,1785125.22,0,0,361223.38,0,0,361223.38,0,0,361223.38,0,0,361223.38,0,0,368132.03,0,0,368132.03,0,0,361223.38
0,1,AstraZeneca,2021-05-03,CV,0,0,0,0,0,0,0,0,0,0,0,0,0,0,0,0,0,0,0,0,0,0,0,0,0,0,0,0,0,0,0,0,0,0,0,0,0,0,0,0,0,0,0,0,0,0,0,0,0,0,317026.64,0,0,322335.7,0,0,317026.64,0,0,327825.6,0,0,321566.4,0,0,321566.4,0,0,317026.64,0,0,333505.75,0,0,322335.7,0,0,322335.7,0,0,317026.64,0,0,317026.64,0,0,317026.64,0,0,317026.64,0,0,317026.64,0,0,317026.64,0,0,317026.64,0,0,317026.64,0,0,317026.64,0,0,317026.64,0,0,317026.64,0,0,317026.64,0,0,317026.64,0,0,317026.64,0,0,317026.64,0,0,317026.64,0,0,317026.64,0,0,317026.64,0,0,317026.64,0,0,317026.64,0,0,317026.64,0,0,317026.64,0,0,317026.64,0,0,322335.7,0,0,322335.7,0,0,317026.64,0,0,317026.64,0,0,317026.64,0,0,317026.64,0,0,317026.64,0,0,1171620.19,0,0,317026.64,0,0,317026.64,0,0,317026.64,0,0,317026.64,0,0,322335.7,0,0,322335.7,0,0,317026.64
0,1,AstraZeneca,2021-05-10,CV,0,0,0,0,0,0,0,0,0,0,0,0,0,0,0,0,0,0,0,0,0,0,0,0,0,0,0,0,0,0,0,0,0,0,0,0,0,0,0,0,0,0,0,0,0,0,0,0,0,0,312613.28,0,0,317774.34,0,0,312613.28,0,0,323108.69,0,0,317774.34,0,0,317774.34,0,0,312613.28,0,0,328625.18,0,0,317774.34,0,0,317774.34,0,0,312613.28,0,0,312613.28,0,0,312613.28,0,0,312613.28,0,0,312613.28,0,0,312613.28,0,0,312613.28,0,0,312613.28,0,0,312613.28,0,0,312613.28,0,0,312613.28,0,0,312613.28,0,0,312613.28,0,0,312613.28,0,0,312613.28,0,0,312613.28,0,0,312613.28,0,0,312613.28,0,0,312613.28,0,0,312613.28,0,0,312613.28,0,0,312613.28,0,0,312613.28,0,0,317774.34,0,0,317774.34,0,0,312613.28,0,0,312613.28,0,0,312613.28,0,0,312613.28,0,0,312613.28,0,0,1181897.56,0,0,312613.28,0,0,312613.28,0,0,312613.28,0,0,312613.28,0,0,317774.34,0,0,317774.34,0,0,312613.28
0,1,Moderna,2021-04-12,CV,0,0,0,0,0,0,0,0,0,0,0,0,0,0,0,0,0,0,0,0,0,0,0,0,0,0,0,0,0,0,0,0,0,0,0,0,0,0,0,0,0,0,0,0,0,0,0,0,0,0,2866730.26,0,0,2866730.26,0,0,2866730.26,0,0,2866730.26,0,0,2866730.26,0,0,2866730.26,0,0,3368408.05,0,0,3368408.05,0,0,2866730.26,0,0,2866730.26,0,0,2866730.26,0,0,2866730.26,0,0,2866730.26,0,0,2866730.26,0,0,2866730.26,0,0,2866730.26,0,0,2866730.26,0,0,2866730.26,0,0,2866730.26,0,0,2866730.26,0,0,2866730.26,0,0,2866730.26,0,0,2866730.26,0,0,2866730.26,0,0,2866730.26,0,0,2866730.26,0,0,2866730.26,0,0,2866730.26,0,0,2866730.26,0,0,2866730.26,0,0,2866730.26,0,0,2866730.26,0,0,2866730.26,0,0,2866730.26,0,0,2866730.26,0,0,2866730.26,0,0,2866730.26,0,0,2866730.26,0,0,2866730.26,0,0,2866730.26,0,0,19248046.01,0,0,2866730.26,0,0,2866730.26,0,0,2866730.26,0,0,3368408.05,0,0,2866730.26,0,0,3368408.05,0,0,2866730.26
0,1,Moderna,2021-04-19,CV,0,0,0,0,0,0,0,0,0,0,0,0,0,0,0,0,0,0,0,0,0,0,0,0,0,0,0,0,0,0,0,0,0,0,0,0,0,0,0,0,0,0,0,0,0,0,0,0,0,0,2749720.86,0,0,2749720.86,0,0,2749720.86,0,0,2929050.48,0,0,2749720.86,0,0,2929050.48,0,0,3133402.84,0,0,3133402.84,0,0,2749720.86,0,0,2749720.86,0,0,2749720.86,0,0,2749720.86,0,0,2749720.86,0,0,2749720.86,0,0,2749720.86,0,0,2749720.86,0,0,2749720.86,0,0,2749720.86,0,0,2749720.86,0,0,2749720.86,0,0,2749720.86,0,0,2749720.86,0,0,2929050.48,0,0,2749720.86,0,0,2749720.86,0,0,2749720.86,0,0,2749720.86,0,0,2749720.86,0,0,2749720.86,0,0,2749720.86,0,0,2749720.86,0,0,2749720.86,0,0,2749720.86,0,0,2749720.86,0,0,2749720.86,0,0,2749720.86,0,0,2749720.86,0,0,2749720.86,0,0,2749720.86,0,0,2749720.86,0,0,19248046.01,0,0,2749720.86,0,0,2749720.86,0,0,2749720.86,0,0,3133402.84,0,0,2749720.86,0,0,3133402.84,0,0,2749720.86
0,1,Moderna,2021-04-26,CV,0,0,0,0,0,0,0,0,0,0,0,0,0,0,0,0,0,0,0,0,0,0,0,0,0,0,0,0,0,0,0,0,0,0,0,0,0,0,0,0,0,0,0,0,0,0,0,0,0,0,2929050.48,0,0,2929050.48,0,0,2929050.48,0,0,3454777.49,0,0,2929050.48,0,0,3454777.49,0,0,2929050.48,0,0,2929050.48,0,0,2929050.48,0,0,2929050.48,0,0,2929050.48,0,0,2929050.48,0,0,2929050.48,0,0,2929050.48,0,0,2929050.48,0,0,2929050.48,0,0,2929050.48,0,0,2929050.48,0,0,2929050.48,0,0,2929050.48,0,0,2929050.48,0,0,2929050.48,0,0,3454777.49,0,0,2929050.48,0,0,2929050.48,0,0,2929050.48,0,0,2929050.48,0,0,2929050.48,0,0,2929050.48,0,0,2929050.48,0,0,2929050.48,0,0,2929050.48,0,0,2929050.48,0,0,2929050.48,0,0,2929050.48,0,0,2929050.48,0,0,2929050.48,0,0,2929050.48,0,0,2929050.48,0,0,2929050.48,0,0,19248046.01,0,0,2929050.48,0,0,2929050.48,0,0,2929050.48,0,0,2929050.48,0,0,2929050.48,0,0,2929050.48,0,0,2929050.48
0,1,Moderna,2021-05-03,CV,0,0,0,0,0,0,0,0,0,0,0,0,0,0,0,0,0,0,0,0,0,0,0,0,0,0,0,0,0,0,0,0,0,0,0,0,0,0,0,0,0,0,0,0,0,0,0,0,0,0,2363795.12,0,0,2363795.12,0,0,2363795.12,0,0,2694726.44,0,0,2363795.12,0,0,2694726.44,0,0,2363795.12,0,0,2363795.12,0,0,2363795.12,0,0,2363795.12,0,0,2363795.12,0,0,2363795.12,0,0,2363795.12,0,0,2363795.12,0,0,2363795.12,0,0,2363795.12,0,0,2363795.12,0,0,2641888.67,0,0,2363795.12,0,0,2363795.12,0,0,2363795.12,0,0,2363795.12,0,0,2694726.44,0,0,2363795.12,0,0,2363795.12,0,0,2363795.12,0,0,2363795.12,0,0,2363795.12,0,0,2363795.12,0,0,2363795.12,0,0,2363795.12,0,0,2363795.12,0,0,2363795.12,0,0,2363795.12,0,0,2363795.12,0,0,2363795.12,0,0,2363795.12,0,0,2363795.12,0,0,2363795.12,0,0,2363795.12,0,0,16842040.26,0,0,2363795.12,0,0,2363795.12,0,0,2363795.12,0,0,2363795.12,0,0,2363795.12,0,0,2363795.12,0,0,2363795.12
0,1,Pfizer,2021-03-01,CV,0,0,0,0,0,0,0,0,0,0,0,0,0,0,0,0,0,0,0,0,0,0,0,0,0,0,0,0,0,0,0,0,0,0,0,0,0,0,0,0,0,0,0,0,0,0,0,0,0,0,1236113.05,0,0,1236113.05,0,0,1236113.05,0,0,1418277.07,0,0,1320944.33,0,0,1418277.07,0,0,1236113.05,0,0,1236113.05,0,0,1320944.33,0,0,1320944.33,0,0,1236113.05,0,0,1236113.05,0,0,1236113.05,0,0,1236113.05,0,0,1236113.05,0,0,1236113.05,0,0,1283203.07,0,0,1283203.07,0,0,1236113.05,0,0,1236113.05,0,0,1236113.05,0,0,1236113.05,0,0,1236113.05,0,0,1236113.05,0,0,1236113.05,0,0,1236113.05,0,0,1236113.05,0,0,1236113.05,0,0,1236113.05,0,0,1320944.33,0,0,1320944.33,0,0,1236113.05,0,0,1236113.05,0,0,1236113.05,0,0,1236113.05,0,0,1236113.05,0,0,1236113.05,0,0,1236113.05,0,0,1236113.05,0,0,1236113.05,0,0,5389452.88,0,0,1236113.05,0,0,1236113.05,0,0,1236113.05,0,0,1320944.33,0,0,1236113.05,0,0,1320944.33,0,0,1236113.05
0,1,Pfizer,2021-03-08,CV,0,0,0,0,0,0,0,0,0,0,0,0,0,0,0,0,0,0,0,0,0,0,0,0,0,0,0,0,0,0,0,0,0,0,0,0,0,0,0,0,0,0,0,0,0,0,0,0,0,0,547708.63,0,0,547708.63,0,0,547708.63,0,0,580760.01,0,0,580760.01,0,0,620904.71,0,0,549944.17,0,0,561401.34,0,0,568507.69,0,0,568507.69,0,0,547708.63,0,0,547708.63,0,0,547708.63,0,0,547708.63,0,0,547708.63,0,0,547708.63,0,0,563750.3,0,0,575796.25,0,0,547708.63,0,0,547708.63,0,0,547708.63,0,0,547708.63,0,0,547708.63,0,0,547708.63,0,0,547708.63,0,0,547708.63,0,0,547708.63,0,0,547708.63,0,0,547708.63,0,0,563750.3,0,0,563750.3,0,0,547708.63,0,0,547708.63,0,0,547708.63,0,0,547708.63,0,0,547708.63,0,0,547708.63,0,0,547708.63,0,0,547708.63,0,0,547708.63,0,0,2283666.48,0,0,547708.63,0,0,547708.63,0,0,547708.63,0,0,566119,0,0,547708.63,0,0,566119,0,0,547708.63
0,1,Pfizer,2021-03-15,CV,0,0,0,0,0,0,0,0,0,0,0,0,0,0,0,0,0,0,0,0,0,0,0,0,0,0,0,0,0,0,0,0,0,0,0,0,0,0,0,0,0,0,0,0,0,0,0,0,0,0,361223.38,0,0,361223.38,0,0,361223.38,0,0,379538.94,0,0,392817.27,0,0,418435.78,0,0,368132.03,0,0,390540.06,0,0,390540.06,0,0,390540.06,0,0,361223.38,0,0,361223.38,0,0,361223.38,0,0,361223.38,0,0,361223.38,0,0,361223.38,0,0,372199.78,0,0,379538.94,0,0,361223.38,0,0,361223.38,0,0,361223.38,0,0,361223.38,0,0,361223.38,0,0,361223.38,0,0,361223.38,0,0,361223.38,0,0,361223.38,0,0,361223.38,0,0,361223.38,0,0,368132.03,0,0,368132.03,0,0,361223.38,0,0,361223.38,0,0,368132.03,0,0,368132.03,0,0,361223.38,0,0,361223.38,0,0,361223.38,0,0,361223.38,0,0,361223.38,0,0,1224875.66,0,0,361223.38,0,0,361223.38,0,0,361223.38,0,0,375310.09,0,0,368132.03,0,0,382773.64,0,0,361223.38
0,2,Moderna,2021-05-10,CV,0,0,0,0,0,0,0,0,0,0,0,0,0,0,0,0,0,0,0,0,0,0,0,0,0,0,0,0,0,0,0,0,0,0,0,0,0,0,0,0,0,0,0,0,0,0,0,0,0,0,1924804.6,0,0,1924804.6,0,0,1924804.6,0,0,2138671.78,0,0,2138671.78,0,0,2138671.78,0,0,2138671.78,0,0,2138671.78,0,0,2138671.78,0,0,2138671.78,0,0,1924804.6,0,0,1924804.6,0,0,1924804.6,0,0,1924804.6,0,0,1924804.6,0,0,1924804.6,0,0,2138671.78,0,0,2138671.78,0,0,1924804.6,0,0,1924804.6,0,0,1924804.6,0,0,1924804.6,0,0,1924804.6,0,0,1924804.6,0,0,1924804.6,0,0,1924804.6,0,0,1924804.6,0,0,1924804.6,0,0,1924804.6,0,0,1924804.6,0,0,1924804.6,0,0,1924804.6,0,0,1924804.6,0,0,1924804.6,0,0,1924804.6,0,0,1924804.6,0,0,1924804.6,0,0,1924804.6,0,0,1924804.6,0,0,1924804.6,0,0,19248046.01,0,0,1924804.6,0,0,1924804.6,0,0,1924804.6,0,0,2138671.78,0,0,1924804.6,0,0,2138671.78,0,0,1924804.6
0,2,Moderna,2021-05-17,CV,0,0,0,0,0,0,0,0,0,0,0,0,0,0,0,0,0,0,0,0,0,0,0,0,0,0,0,0,0,0,0,0,0,0,0,0,0,0,0,0,0,0,0,0,0,0,0,0,0,0,1705523.06,0,0,1705523.06,0,0,1705523.06,0,0,1924804.6,0,0,1871337.81,0,0,1924804.6,0,0,1871337.81,0,0,1871337.81,0,0,1871337.81,0,0,1871337.81,0,0,1705523.06,0,0,1705523.06,0,0,1705523.06,0,0,1705523.06,0,0,1705523.06,0,0,1705523.06,0,0,1871337.81,0,0,1871337.81,0,0,1705523.06,0,0,1705523.06,0,0,1705523.06,0,0,1705523.06,0,0,1749822.36,0,0,1705523.06,0,0,1705523.06,0,0,1705523.06,0,0,1705523.06,0,0,1705523.06,0,0,1705523.06,0,0,1705523.06,0,0,1705523.06,0,0,1705523.06,0,0,1705523.06,0,0,1705523.06,0,0,1705523.06,0,0,1705523.06,0,0,1705523.06,0,0,1705523.06,0,0,1705523.06,0,0,1705523.06,0,0,19248046.01,0,0,1705523.06,0,0,1705523.06,0,0,1705523.06,0,0,1871337.81,0,0,1705523.06,0,0,1871337.81,0,0,1705523.06
0,2,Moderna,2021-05-24,CV,0,0,0,0,0,0,0,0,0,0,0,0,0,0,0,0,0,0,0,0,0,0,0,0,0,0,0,0,0,0,0,0,0,0,0,0,0,0,0,0,0,0,0,0,0,0,0,0,0,0,1585133.2,0,0,1585133.2,0,0,1585133.2,0,0,1897694.68,0,0,1727388.74,0,0,1897694.68,0,0,1727388.74,0,0,1727388.74,0,0,1727388.74,0,0,1727388.74,0,0,1585133.2,0,0,1585133.2,0,0,1585133.2,0,0,1585133.2,0,0,1585133.2,0,0,1585133.2,0,0,1727388.74,0,0,1727388.74,0,0,1585133.2,0,0,1585133.2,0,0,1585133.2,0,0,1585133.2,0,0,1727388.74,0,0,1585133.2,0,0,1585133.2,0,0,1585133.2,0,0,1585133.2,0,0,1585133.2,0,0,1585133.2,0,0,1585133.2,0,0,1585133.2,0,0,1585133.2,0,0,1585133.2,0,0,1585133.2,0,0,1585133.2,0,0,1585133.2,0,0,1585133.2,0,0,1585133.2,0,0,1585133.2,0,0,1585133.2,0,0,19248046.01,0,0,1585133.2,0,0,1585133.2,0,0,1585133.2,0,0,1727388.74,0,0,1585133.2,0,0,1727388.74,0,0,1585133.2
0,2,Moderna,2021-05-31,CV,0,0,0,0,0,0,0,0,0,0,0,0,0,0,0,0,0,0,0,0,0,0,0,0,0,0,0,0,0,0,0,0,0,0,0,0,0,0,0,0,0,0,0,0,0,0,0,0,0,0,1320944.33,0,0,1320944.33,0,0,1320944.33,0,0,1531094.57,0,0,1418277.07,0,0,1531094.57,0,0,1418277.07,0,0,1418277.07,0,0,1418277.07,0,0,1418277.07,0,0,1320944.33,0,0,1320944.33,0,0,1320944.33,0,0,1320944.33,0,0,1320944.33,0,0,1320944.33,0,0,1418277.07,0,0,1464525.24,0,0,1320944.33,0,0,1320944.33,0,0,1320944.33,0,0,1320944.33,0,0,1418277.07,0,0,1320944.33,0,0,1320944.33,0,0,1320944.33,0,0,1320944.33,0,0,1320944.33,0,0,1320944.33,0,0,1320944.33,0,0,1320944.33,0,0,1320944.33,0,0,1320944.33,0,0,1320944.33,0,0,1320944.33,0,0,1320944.33,0,0,1320944.33,0,0,1320944.33,0,0,1320944.33,0,0,1320944.33,0,0,14970702.45,0,0,1320944.33,0,0,1320944.33,0,0,1320944.33,0,0,1418277.07,0,0,1320944.33,0,0,1418277.07,0,0,1320944.33
0,2,Moderna,2021-06-07,CV,0,0,0,0,0,0,0,0,0,0,0,0,0,0,0,0,0,0,0,0,0,0,0,0,0,0,0,0,0,0,0,0,0,0,0,0,0,0,0,0,0,0,0,0,0,0,0,0,0,0,1203002.88,0,0,1203002.88,0,0,1203002.88,0,0,1374860.43,0,0,1283203.07,0,0,1374860.43,0,0,1283203.07,0,0,1283203.07,0,0,1283203.07,0,0,1283203.07,0,0,1203002.88,0,0,1203002.88,0,0,1203002.88,0,0,1203002.88,0,0,1203002.88,0,0,1203002.88,0,0,1283203.07,0,0,1374860.43,0,0,1203002.88,0,0,1203002.88,0,0,1203002.88,0,0,1203002.88,0,0,1283203.07,0,0,1203002.88,0,0,1203002.88,0,0,1203002.88,0,0,1203002.88,0,0,1203002.88,0,0,1203002.88,0,0,1203002.88,0,0,1203002.88,0,0,1203002.88,0,0,1203002.88,0,0,1203002.88,0,0,1203002.88,0,0,1203002.88,0,0,1203002.88,0,0,1203002.88,0,0,1203002.88,0,0,1203002.88,0,0,9624023,0,0,1203002.88,0,0,1203002.88,0,0,1203002.88,0,0,1283203.07,0,0,1203002.88,0,0,1283203.07,0,0,1203002.88
0,2,Moderna,2021-06-14,CV,0,0,0,0,0,0,0,0,0,0,0,0,0,0,0,0,0,0,0,0,0,0,0,0,0,0,0,0,0,0,0,0,0,0,0,0,0,0,0,0,0,0,0,0,0,0,0,0,0,0,1203002.88,0,0,1203002.88,0,0,1203002.88,0,0,1374860.43,0,0,1283203.07,0,0,1374860.43,0,0,1283203.07,0,0,1283203.07,0,0,1283203.07,0,0,1283203.07,0,0,1203002.88,0,0,1203002.88,0,0,1203002.88,0,0,1203002.88,0,0,1203002.88,0,0,1203002.88,0,0,1283203.07,0,0,1374860.43,0,0,1203002.88,0,0,1203002.88,0,0,1203002.88,0,0,1203002.88,0,0,1283203.07,0,0,1203002.88,0,0,1203002.88,0,0,1203002.88,0,0,1203002.88,0,0,1203002.88,0,0,1203002.88,0,0,1203002.88,0,0,1203002.88,0,0,1203002.88,0,0,1203002.88,0,0,1203002.88,0,0,1203002.88,0,0,1203002.88,0,0,1203002.88,0,0,1203002.88,0,0,1203002.88,0,0,1203002.88,0,0,9624023,0,0,1203002.88,0,0,1203002.88,0,0,1203002.88,0,0,1283203.07,0,0,1203002.88,0,0,1283203.07,0,0,1203002.88
0,2,Moderna,2021-06-21,CV,0,0,0,0,0,0,0,0,0,0,0,0,0,0,0,0,0,0,0,0,0,0,0,0,0,0,0,0,0,0,0,0,0,0,0,0,0,0,0,0,0,0,0,0,0,0,0,0,0,0,1203002.88,0,0,1203002.88,0,0,1203002.88,0,0,1374860.43,0,0,1283203.07,0,0,1374860.43,0,0,1283203.07,0,0,1283203.07,0,0,1283203.07,0,0,1283203.07,0,0,1203002.88,0,0,1203002.88,0,0,1203002.88,0,0,1203002.88,0,0,1203002.88,0,0,1203002.88,0,0,1283203.07,0,0,1374860.43,0,0,1203002.88,0,0,1203002.88,0,0,1203002.88,0,0,1203002.88,0,0,1283203.07,0,0,1203002.88,0,0,1203002.88,0,0,1203002.88,0,0,1203002.88,0,0,1203002.88,0,0,1203002.88,0,0,1203002.88,0,0,1203002.88,0,0,1203002.88,0,0,1203002.88,0,0,1203002.88,0,0,1203002.88,0,0,1203002.88,0,0,1203002.88,0,0,1203002.88,0,0,1203002.88,0,0,1203002.88,0,0,9624023,0,0,1203002.88,0,0,1203002.88,0,0,1203002.88,0,0,1283203.07,0,0,1203002.88,0,0,1283203.07,0,0,1203002.88
0,2,Moderna,2021-06-28,CV,0,0,0,0,0,0,0,0,0,0,0,0,0,0,0,0,0,0,0,0,0,0,0,0,0,0,0,0,0,0,0,0,0,0,0,0,0,0,0,0,0,0,0,0,0,0,0,0,0,0,2807006.71,0,0,2807006.71,0,0,2807006.71,0,0,3208007.67,0,0,2994140.49,0,0,3208007.67,0,0,2994140.49,0,0,2994140.49,0,0,2994140.49,0,0,2994140.49,0,0,2807006.71,0,0,2807006.71,0,0,2807006.71,0,0,2807006.71,0,0,2807006.71,0,0,2807006.71,0,0,2994140.49,0,0,3208007.67,0,0,2807006.71,0,0,2807006.71,0,0,2807006.71,0,0,2807006.71,0,0,2994140.49,0,0,2807006.71,0,0,2807006.71,0,0,2807006.71,0,0,2807006.71,0,0,2807006.71,0,0,2807006.71,0,0,2807006.71,0,0,2807006.71,0,0,2807006.71,0,0,2807006.71,0,0,2807006.71,0,0,2807006.71,0,0,2807006.71,0,0,2807006.71,0,0,2807006.71,0,0,2807006.71,0,0,2807006.71,0,0,22456053.68,0,0,2807006.71,0,0,2807006.71,0,0,2807006.71,0,0,2994140.49,0,0,2807006.71,0,0,2994140.49,0,0,2807006.71
0,2,Pfizer,2021-03-15,CV,0,0,0,0,0,0,0,0,0,0,0,0,0,0,0,0,0,0,0,0,0,0,0,0,0,0,0,0,0,0,0,0,0,0,0,0,0,0,0,0,0,0,0,0,0,0,0,0,0,0,2591083.12,0,0,2591083.12,0,0,2591083.12,0,0,2694726.44,0,0,2694726.44,0,0,3133402.84,0,0,2591083.12,0,0,2591083.12,0,0,2591083.12,0,0,2591083.12,0,0,2591083.12,0,0,2591083.12,0,0,2591083.12,0,0,2591083.12,0,0,2591083.12,0,0,2591083.12,0,0,2591083.12,0,0,2591083.12,0,0,2591083.12,0,0,2591083.12,0,0,2591083.12,0,0,2591083.12,0,0,2591083.12,0,0,2591083.12,0,0,2591083.12,0,0,2591083.12,0,0,2591083.12,0,0,2591083.12,0,0,2591083.12,0,0,2591083.12,0,0,2591083.12,0,0,2591083.12,0,0,2591083.12,0,0,2591083.12,0,0,2591083.12,0,0,2591083.12,0,0,2591083.12,0,0,2591083.12,0,0,2591083.12,0,0,2591083.12,0,0,134736322.06,0,0,2591083.12,0,0,2591083.12,0,0,2591083.12,0,0,2591083.12,0,0,2591083.12,0,0,2591083.12,0,0,2591083.12
0,2,Pfizer,2021-03-22,CV,0,0,0,0,0,0,0,0,0,0,0,0,0,0,0,0,0,0,0,0,0,0,0,0,0,0,0,0,0,0,0,0,0,0,0,0,0,0,0,0,0,0,0,0,0,0,0,0,0,0,1141833.24,0,0,1141833.24,0,0,1141833.24,0,0,1213840.74,0,0,1236113.05,0,0,1320944.33,0,0,1141833.24,0,0,1141833.24,0,0,1141833.24,0,0,1141833.24,0,0,1141833.24,0,0,1141833.24,0,0,1141833.24,0,0,1141833.24,0,0,1141833.24,0,0,1141833.24,0,0,1141833.24,0,0,1141833.24,0,0,1141833.24,0,0,1141833.24,0,0,1141833.24,0,0,1141833.24,0,0,1141833.24,0,0,1141833.24,0,0,1141833.24,0,0,1141833.24,0,0,1141833.24,0,0,1141833.24,0,0,1141833.24,0,0,1141833.24,0,0,1141833.24,0,0,1141833.24,0,0,1141833.24,0,0,1141833.24,0,0,1141833.24,0,0,1141833.24,0,0,1141833.24,0,0,1141833.24,0,0,1141833.24,0,0,1141833.24,0,0,11228026.84,0,0,1141833.24,0,0,1141833.24,0,0,1141833.24,0,0,1141833.24,0,0,1141833.24,0,0,1141833.24,0,0,1141833.24
0,2,Pfizer,2021-03-29,CV,0,0,0,0,0,0,0,0,0,0,0,0,0,0,0,0,0,0,0,0,0,0,0,0,0,0,0,0,0,0,0,0,0,0,0,0,0,0,0,0,0,0,0,0,0,0,0,0,0,0,543291.62,0,0,543291.62,0,0,543291.62,0,0,563750.3,0,0,585810.1,0,0,626680.57,0,0,552198.04,0,0,559071.88,0,0,552198.04,0,0,552198.04,0,0,543291.62,0,0,543291.62,0,0,543291.62,0,0,543291.62,0,0,543291.62,0,0,543291.62,0,0,559071.88,0,0,570916.62,0,0,543291.62,0,0,543291.62,0,0,543291.62,0,0,543291.62,0,0,543291.62,0,0,543291.62,0,0,543291.62,0,0,543291.62,0,0,543291.62,0,0,543291.62,0,0,543291.62,0,0,543291.62,0,0,543291.62,0,0,543291.62,0,0,543291.62,0,0,552198.04,0,0,552198.04,0,0,543291.62,0,0,543291.62,0,0,543291.62,0,0,543291.62,0,0,543291.62,0,0,3849609.2,0,0,543291.62,0,0,543291.62,0,0,543291.62,0,0,552198.04,0,0,552198.04,0,0,561401.34,0,0,543291.62
0,2,Pfizer,2021-04-05,CV,0,0,0,0,0,0,0,0,0,0,0,0,0,0,0,0,0,0,0,0,0,0,0,0,0,0,0,0,0,0,0,0,0,0,0,0,0,1,0,0,0,0,0,0,0,0,0,0,0,0,360257.55,0,0,360257.55,0,0,360257.55,0,0,374267.56,0,0,388289.11,0,0,413301.6,0,0,373230.81,0,0,386063.96,0,0,372199.78,0,0,372199.78,0,0,360257.55,0,0,360257.55,0,0,360257.55,0,0,360257.55,0,0,360257.55,0,0,360257.55,0,0,367128.94,0,0,374267.56,0,0,360257.55,0,0,360257.55,0,0,360257.55,0,0,360257.55,0,0,360257.55,0,0,360257.55,0,0,360257.55,0,0,360257.55,0,0,360257.55,0,0,360257.55,0,0,360257.55,0,0,360257.55,0,0,360257.55,0,0,360257.55,0,0,360257.55,0,0,367128.94,0,0,367128.94,0,0,360257.55,0,0,360257.55,0,0,360257.55,0,0,360257.55,0,0,360257.55,474350.65,12009.52,2642912.66,0,0,360257.55,0,0,360257.55,0,0,360257.55,0,0,373230.81,0,0,367128.94,0,0,380611.08,0,0,360257.55
0,2,Pfizer,2021-04-12,CV,0,0,0,0,0,0,0,0,0,0,0,0,0,0,0,0,0,0,0,0,0,0,0,0,0,0,0,0,0,0,0,0,0,0,0,0,0,0,0,0,0,0,0,0,0,0,0,0,0,0,297431.17,0,0,297431.17,0,0,297431.17,0,0,306916.45,0,0,317026.64,0,0,333505.75,0,0,306916.45,0,0,317026.64,0,0,306916.45,0,0,306916.45,0,0,297431.17,0,0,297431.17,0,0,297431.17,0,0,297431.17,0,0,297431.17,0,0,297431.17,0,0,302099.38,0,0,306916.45,0,0,297431.17,0,0,297431.17,0,0,297431.17,0,0,297431.17,0,0,297431.17,0,0,297431.17,0,0,297431.17,0,0,297431.17,0,0,297431.17,0,0,297431.17,0,0,297431.17,0,0,297431.17,0,0,297431.17,0,0,297431.17,0,0,297431.17,0,0,302099.38,0,0,302099.38,0,0,297431.17,0,0,297431.17,0,0,297431.17,0,0,297431.17,0,0,297431.17,0,0,1705523.06,0,0,297431.17,0,0,297431.17,0,0,297431.17,0,0,306916.45,0,0,302099.38,0,0,311889.63,0,0,297431.17
0,2,Pfizer,2021-04-19,CV,0,0,0,0,0,0,0,0,0,0,0,0,0,0,0,0,0,0,0,0,0,0,0,0,0,0,0,0,0,0,0,0,0,0,0,0,0,0,0,0,0,0,0,0,0,0,0,0,0,0,230712.88,0,0,230712.88,0,0,230712.88,0,0,238050.04,0,0,243646.15,0,0,253263.76,0,0,236379.51,0,0,243206.36,0,0,240600.58,0,0,240600.58,0,0,230712.88,0,0,230712.88,0,0,230712.88,0,0,230712.88,0,0,230712.88,0,0,230712.88,0,0,234324.04,0,0,237211.83,0,0,230712.88,0,0,230712.88,0,0,230712.88,0,0,230712.88,0,0,230712.88,0,0,230712.88,0,0,230712.88,0,0,230712.88,0,0,230712.88,0,0,230712.88,0,0,230712.88,0,0,231505.71,0,0,231505.71,0,0,230712.88,0,0,230712.88,0,0,233511.82,0,0,233511.82,0,0,230712.88,0,0,230712.88,0,0,230712.88,0,0,230712.88,0,0,230712.88,0,0,1236113.05,0,0,230712.88,0,0,230712.88,0,0,230712.88,0,0,237211.83,0,0,233511.82,0,0,240171.7,0,0,230712.88
0,2,Pfizer,2021-04-26,CV,0,0,0,0,0,0,0,0,0,0,0,0,0,0,0,0,0,0,0,0,0,0,0,0,0,0,0,0,0,0,0,0,0,0,0,0,0,0,0,0,0,0,0,0,0,0,0,0,0,0,164112.45,0,0,164112.45,0,0,164112.45,0,0,172960.62,0,0,172960.62,0,0,177987.22,0,0,167791.19,0,0,175895.98,0,0,172738.87,0,0,172738.87,0,0,164112.45,0,0,164112.45,0,0,164112.45,0,0,164112.45,0,0,164112.45,0,0,164112.45,0,0,166959.51,0,0,168420.4,0,0,164112.45,0,0,164112.45,0,0,164112.45,0,0,164112.45,0,0,164112.45,0,0,164112.45,0,0,164112.45,0,0,164112.45,0,0,164312.59,0,0,164112.45,0,0,164112.45,0,0,165727.33,0,0,165727.33,0,0,164112.45,0,0,164112.45,0,0,165727.33,0,0,165727.33,0,0,164112.45,0,0,164112.45,0,0,164112.45,0,0,164112.45,0,0,164112.45,0,0,892293.52,0,0,164112.45,0,0,164312.59,0,0,164112.45,0,0,169479.65,0,0,165727.33,0,0,171202.44,0,0,164112.45
0,2,Pfizer,2021-05-03,CV,0,0,0,0,0,0,0,0,0,0,0,0,0,0,0,0,0,0,0,0,0,0,0,0,0,0,0,0,0,0,0,0,0,0,0,0,0,0,0,0,0,0,0,0,0,0,0,0,0,0,122710.68,0,0,122710.68,0,0,122710.68,0,0,131578.44,0,0,129057.78,0,0,133138.66,0,0,125452.81,0,0,132876.06,0,0,127833.32,0,0,127833.32,0,0,122710.68,0,0,122710.68,0,0,122710.68,0,0,122710.68,0,0,122710.68,0,0,122710.68,0,0,124640.45,0,0,125569.73,0,0,122710.68,0,0,122710.68,0,0,122710.68,0,0,122710.68,0,0,122710.68,0,0,122710.68,0,0,122710.68,0,0,122710.68,0,0,123498,0,0,122710.68,0,0,122710.68,0,0,125103.36,0,0,125103.36,0,0,122710.68,0,0,122710.68,0,0,124871.48,0,0,124871.48,0,0,122710.68,0,0,122710.68,0,0,122710.68,0,0,122710.68,0,0,122710.68,0,0,683940.72,0,0,122710.68,0,0,123498,0,0,122710.68,0,0,127954.72,0,0,124871.48,0,0,130305.92,0,0,122710.68
0,2,Pfizer,2021-05-10,CV,0,0,0,0,0,0,0,0,1,1,0,0,0,0,0,0,0,0,0,0,0,0,0,0,0,0,0,0,0,0,0,0,0,0,0,0,0,0,0,0,0,0,0,0,0,0,0,0,0,0,100926.08,0,0,100926.08,0,0,100926.08,0,0,108048.37,0,0,107188.8,0,0,110258.86,0,0,103643.32,0,0,109899.12,28468.43,720.76,158615.96,28468.43,720.76,158615.96,0,0,100926.08,0,0,100926.08,0,0,100926.08,0,0,100926.08,0,0,100926.08,0,0,100926.08,0,0,102617.15,0,0,103723.11,0,0,100926.08,0,0,100926.08,0,0,100926.08,0,0,100926.08,0,0,100926.08,0,0,100926.08,0,0,100926.08,0,0,100926.08,0,0,101458.07,0,0,100926.08,0,0,100926.08,0,0,102852.15,0,0,102852.15,0,0,100926.08,0,0,100926.08,0,0,102539.06,0,0,102539.06,0,0,100926.08,0,0,100926.08,0,0,100926.08,0,0,100926.08,0,0,100926.08,0,0,583274.12,0,0,100926.08,0,0,101458.07,0,0,100926.08,0,0,105675.55,0,0,102539.06,0,0,107445.23,0,0,100926.08
0,2,Pfizer,2021-05-17,CV,0,0,0,0,0,0,0,0,0,0,0,0,0,0,0,0,0,0,0,0,0,0,0,0,0,0,0,0,0,0,0,0,0,0,0,0,0,2,0,0,0,0,0,0,0,0,0,0,0,0,94089.61,0,0,94089.61,0,0,94089.61,0,0,100474.51,0,0,99952.76,0,0,103167.17,0,0,96932.61,0,0,102617.15,0,0,97918.84,0,0,97918.84,0,0,94089.61,0,0,94089.61,0,0,94089.61,0,0,94089.61,0,0,94089.61,0,0,94089.61,0,0,95966.04,0,0,96932.61,0,0,94089.61,0,0,94089.61,0,0,94089.61,0,0,94089.61,0,0,94089.61,0,0,94089.61,0,0,94089.61,0,0,94089.61,0,0,94551.8,0,0,94089.61,0,0,94089.61,0,0,95966.04,0,0,95966.04,0,0,94089.61,0,0,94089.61,0,0,95489.95,0,0,95489.95,0,0,94089.61,0,0,94089.61,0,0,94089.61,0,0,94089.61,0,0,94089.61,308227.85,37327.82,1113424.97,0,0,94089.61,0,0,94551.8,0,0,94089.61,0,0,98925.35,0,0,95489.95,0,0,100474.51,0,0,94089.61
0,2,Pfizer,2021-05-24,CV,0,0,0,0,0,0,0,1,0,0,0,0,0,0,0,0,0,0,0,0,0,0,0,0,0,0,0,0,0,0,0,0,0,0,0,0,0,2,0,0,0,0,0,0,0,0,0,0,0,0,89347.69,0,0,89347.69,0,0,89347.69,0,0,95085.62,0,0,94618.2,0,0,97918.84,0,0,91907.45,26409.98,668.64,147146.98,0,0,93178.65,0,0,93178.65,0,0,89347.69,0,0,89347.69,0,0,89347.69,0,0,89347.69,0,0,89347.69,0,0,89347.69,0,0,91038.06,0,0,91907.45,0,0,89347.69,0,0,89347.69,0,0,89347.69,0,0,89347.69,0,0,89347.69,0,0,89347.69,0,0,89347.69,0,0,89347.69,0,0,89764.37,0,0,89347.69,0,0,89347.69,0,0,91038.06,0,0,91038.06,0,0,89347.69,0,0,89347.69,0,0,90609.5,0,0,90609.5,0,0,89347.69,0,0,89347.69,0,0,89347.69,0,0,89347.69,0,0,89347.69,323230.09,39144.66,1167618.22,0,0,89347.69,0,0,89764.37,0,0,89347.69,0,0,93697.03,0,0,90609.5,0,0,95085.62,0,0,89347.69
0,2,Pfizer,2021-05-31,CV,0,0,0,0,0,0,0,0,0,0,0,0,0,0,0,0,0,0,0,0,0,0,0,0,0,0,0,0,0,0,0,0,0,0,0,0,0,2,0,0,0,0,0,0,0,0,0,0,0,0,83635.21,0,0,83635.21,0,0,83635.21,0,0,88642.32,0,0,88235.97,0,0,91161.25,0,0,85874.01,0,0,90731.53,0,0,87038.97,0,0,87038.97,0,0,83635.21,0,0,83635.21,0,0,83635.21,0,0,83635.21,0,0,83635.21,0,0,83635.21,0,0,85007.14,0,0,85764.69,0,0,83635.21,0,0,83635.21,0,0,83635.21,0,0,83635.21,0,0,83635.21,0,0,83635.21,0,0,83635.21,0,0,83635.21,0,0,84000.2,0,0,83635.21,0,0,83635.21,0,0,85114.54,0,0,85114.54,0,0,83635.21,0,0,83635.21,0,0,84739.83,0,0,84739.83,0,0,83635.21,0,0,83635.21,0,0,83635.21,0,0,83635.21,0,0,83635.21,318995.63,38631.85,1152321.91,0,0,83635.21,0,0,84000.2,0,0,83635.21,0,0,87434.34,0,0,84739.83,0,0,88642.32,0,0,83635.21
0,2,Pfizer,2021-06-07,CV,0,0,0,0,0,0,0,0,0,0,0,0,0,0,0,0,0,0,0,0,0,0,0,0,0,0,0,0,0,0,0,0,0,0,0,0,0,0,0,0,0,0,0,0,0,0,0,0,0,0,83273.38,0,0,83273.38,0,0,83273.38,0,0,88235.97,0,0,87833.33,0,0,90731.53,0,0,85492.59,0,0,90305.85,0,0,86647.15,0,0,86647.15,0,0,83273.38,0,0,83273.38,0,0,83273.38,0,0,83273.38,0,0,83273.38,0,0,83273.38,0,0,84368.39,0,0,85114.54,0,0,83273.38,0,0,83273.38,0,0,83273.38,0,0,83273.38,0,0,83273.38,0,0,83273.38,0,0,83273.38,0,0,83273.38,0,0,83635.21,0,0,83273.38,0,0,83273.38,0,0,84739.83,0,0,84739.83,0,0,83273.38,0,0,83273.38,0,0,84368.39,0,0,84368.39,0,0,83273.38,0,0,83273.38,0,0,83273.38,0,0,83273.38,0,0,83273.38,0,0,601501.44,0,0,83273.38,0,0,83635.21,0,0,83273.38,0,0,87038.97,0,0,84368.39,0,0,88235.97,0,0,83273.38
0,1,AstraZeneca,2021-05-17,CV,0,0,0,0,0,0,0,0,0,0,0,0,0,0,0,0,0,0,0,0,0,0,0,0,0,0,0,0,0,0,0,0,0,0,0,0,0,1,0,0,0,0,0,0,0,0,0,0,0,0,296123.78,0,0,300750.72,0,0,296123.78,0,0,305524.54,0,0,300750.72,0,0,300750.72,0,0,296123.78,0,0,310452.35,0,0,300750.72,0,0,300750.72,0,0,296123.78,0,0,296123.78,0,0,296123.78,0,0,296123.78,0,0,296123.78,0,0,296123.78,0,0,296123.78,0,0,296123.78,0,0,296123.78,0,0,296123.78,0,0,296123.78,0,0,296123.78,0,0,296123.78,0,0,296123.78,0,0,296123.78,0,0,296123.78,0,0,296123.78,0,0,296123.78,0,0,296123.78,0,0,296123.78,0,0,296123.78,0,0,296123.78,0,0,296123.78,0,0,300750.72,0,0,300750.72,0,0,296123.78,0,0,296123.78,0,0,296123.78,0,0,296123.78,0,0,296123.78,317608.7,8041.16,1769602.39,0,0,296123.78,0,0,296123.78,0,0,296123.78,0,0,296123.78,0,0,300750.72,0,0,300750.72,0,0,296123.78
0,1,AstraZeneca,2021-05-24,CV,0,0,0,0,0,0,0,0,0,0,0,0,0,0,0,0,0,0,0,0,0,0,0,0,0,0,0,0,0,0,0,0,0,0,0,0,0,1,0,0,0,0,0,0,0,0,0,0,0,0,296123.78,0,0,300750.72,0,0,296123.78,0,0,305524.54,0,0,300750.72,0,0,300750.72,0,0,296123.78,0,0,310452.35,0,0,300750.72,0,0,300750.72,0,0,296123.78,0,0,296123.78,0,0,296123.78,0,0,296123.78,0,0,296123.78,0,0,296123.78,0,0,296123.78,0,0,296123.78,0,0,296123.78,0,0,296123.78,0,0,296123.78,0,0,296123.78,0,0,296123.78,0,0,296123.78,0,0,296123.78,0,0,296123.78,0,0,296123.78,0,0,296123.78,0,0,296123.78,0,0,296123.78,0,0,296123.78,0,0,296123.78,0,0,296123.78,0,0,300750.72,0,0,300750.72,0,0,296123.78,0,0,296123.78,0,0,296123.78,0,0,296123.78,0,0,296123.78,344575.47,8723.9,1919851.65,0,0,296123.78,0,0,296123.78,0,0,296123.78,0,0,296123.78,0,0,300750.72,0,0,300750.72,0,0,296123.78
0,1,AstraZeneca,2021-05-31,CV,0,0,0,0,0,0,0,0,0,0,0,0,0,0,0,0,0,0,0,0,0,0,0,0,0,0,0,0,0,0,0,0,0,0,0,0,0,0,0,0,0,0,0,0,0,0,0,0,0,0,297431.17,0,0,302099.38,0,0,297431.17,0,0,306916.45,0,0,302099.38,0,0,302099.38,0,0,297431.17,0,0,311169.34,0,0,302099.38,0,0,302099.38,0,0,297431.17,0,0,297431.17,0,0,297431.17,0,0,297431.17,0,0,297431.17,0,0,297431.17,0,0,297431.17,0,0,297431.17,0,0,297431.17,0,0,297431.17,0,0,297431.17,0,0,297431.17,0,0,297431.17,0,0,297431.17,0,0,297431.17,0,0,297431.17,0,0,297431.17,0,0,297431.17,0,0,297431.17,0,0,297431.17,0,0,297431.17,0,0,297431.17,0,0,297431.17,0,0,302099.38,0,0,302099.38,0,0,297431.17,0,0,297431.17,0,0,297431.17,0,0,297431.17,0,0,297431.17,0,0,1308119.63,0,0,297431.17,0,0,297431.17,0,0,297431.17,0,0,297431.17,0,0,302099.38,0,0,302099.38,0,0,297431.17
0,1,AstraZeneca,2021-06-07,CV,0,0,0,0,0,0,0,0,0,0,0,0,0,0,0,0,0,0,0,0,0,0,0,0,0,0,0,0,0,0,0,0,0,0,0,0,0,1,0,0,0,0,0,0,0,0,0,0,0,0,311889.63,0,0,317026.64,0,0,311889.63,0,0,322335.7,0,0,317026.64,0,0,317026.64,0,0,311889.63,0,0,322335.7,0,0,317026.64,0,0,317026.64,0,0,311889.63,0,0,311889.63,0,0,311889.63,0,0,311889.63,0,0,311889.63,0,0,311889.63,0,0,311889.63,0,0,311889.63,0,0,311889.63,0,0,311889.63,0,0,311889.63,0,0,311889.63,0,0,311889.63,0,0,311889.63,0,0,311889.63,0,0,311889.63,0,0,311889.63,0,0,311889.63,0,0,311889.63,0,0,311889.63,0,0,311889.63,0,0,311889.63,0,0,311889.63,0,0,317026.64,0,0,317026.64,0,0,311889.63,0,0,311889.63,0,0,311889.63,0,0,311889.63,0,0,311889.63,405833.33,10274.81,2261158.61,0,0,311889.63,0,0,311889.63,0,0,311889.63,0,0,311889.63,0,0,317026.64,0,0,317026.64,0,0,311889.63
0,1,J&J,2021-05-24,CV,0,0,0,0,0,0,0,0,0,0,0,0,0,0,0,0,0,0,0,0,0,0,0,0,0,0,0,0,0,0,0,0,0,0,0,0,0,0,0,0,0,0,0,0,0,0,0,0,0,0,6416015.34,0,0,6416015.34,0,0,6416015.34,0,0,6416015.34,0,0,6416015.34,0,0,6416015.34,0,0,6416015.34,0,0,6416015.34,0,0,6416015.34,0,0,6416015.34,0,0,6416015.34,0,0,6416015.34,0,0,6416015.34,0,0,6416015.34,0,0,6416015.34,0,0,6416015.34,0,0,6416015.34,0,0,6416015.34,0,0,6416015.34,0,0,6416015.34,0,0,6416015.34,0,0,6416015.34,0,0,6416015.34,0,0,6416015.34,0,0,6416015.34,0,0,6416015.34,0,0,6416015.34,0,0,6416015.34,0,0,6416015.34,0,0,6416015.34,0,0,6416015.34,0,0,6416015.34,0,0,6416015.34,0,0,6416015.34,0,0,6416015.34,0,0,6416015.34,0,0,6416015.34,0,0,6416015.34,0,0,6416015.34,0,0,6416015.34,0,0,19248046.01,0,0,6416015.34,0,0,6416015.34,0,0,6416015.34,0,0,6416015.34,0,0,6416015.34,0,0,6416015.34,0,0,6416015.34
0,1,J&J,2021-05-31,CV,0,0,0,0,0,0,0,0,0,0,0,0,0,0,0,0,0,0,0,0,0,0,0,0,0,0,0,0,0,0,0,0,0,0,0,0,0,1,0,0,0,0,0,0,0,0,0,0,0,0,6416015.34,0,0,6416015.34,0,0,6416015.34,0,0,6416015.34,0,0,6416015.34,0,0,6416015.34,0,0,6416015.34,0,0,6416015.34,0,0,6416015.34,0,0,6416015.34,0,0,6416015.34,0,0,6416015.34,0,0,6416015.34,0,0,6416015.34,0,0,6416015.34,0,0,6416015.34,0,0,6416015.34,0,0,6416015.34,0,0,6416015.34,0,0,6416015.34,0,0,6416015.34,0,0,6416015.34,0,0,6416015.34,0,0,6416015.34,0,0,6416015.34,0,0,6416015.34,0,0,6416015.34,0,0,6416015.34,0,0,6416015.34,0,0,6416015.34,0,0,6416015.34,0,0,6416015.34,0,0,6416015.34,0,0,6416015.34,0,0,6416015.34,0,0,6416015.34,0,0,6416015.34,0,0,6416015.34,0,0,6416015.34,0,0,6416015.34,36525000,924732.94,203504274.85,0,0,6416015.34,0,0,6416015.34,0,0,6416015.34,0,0,6416015.34,0,0,6416015.34,0,0,6416015.34,0,0,6416015.34
0,1,J&J,2021-06-07,CV,0,0,0,0,0,0,0,0,0,0,0,0,0,0,0,0,0,0,0,0,0,0,0,0,0,0,0,0,0,0,0,0,0,0,0,0,0,0,0,0,0,0,0,0,0,0,0,0,0,0,6124378.28,0,0,6124378.28,0,0,6124378.28,0,0,6124378.28,0,0,6124378.28,0,0,6124378.28,0,0,6124378.28,0,0,6124378.28,0,0,6124378.28,0,0,6124378.28,0,0,6124378.28,0,0,6124378.28,0,0,6124378.28,0,0,6124378.28,0,0,6124378.28,0,0,6124378.28,0,0,6124378.28,0,0,6124378.28,0,0,6124378.28,0,0,6124378.28,0,0,6124378.28,0,0,6124378.28,0,0,6124378.28,0,0,6124378.28,0,0,6124378.28,0,0,6124378.28,0,0,6124378.28,0,0,6124378.28,0,0,6124378.28,0,0,6124378.28,0,0,6124378.28,0,0,6124378.28,0,0,6124378.28,0,0,6124378.28,0,0,6124378.28,0,0,6124378.28,0,0,6124378.28,0,0,6124378.28,0,0,6124378.28,0,0,6124378.28,0,0,134736322.06,0,0,6124378.28,0,0,6124378.28,0,0,6124378.28,0,0,6124378.28,0,0,6124378.28,0,0,6124378.28,0,0,6124378.28
0,1,J&J,2021-06-14,CV,0,0,0,0,0,0,0,0,0,0,0,0,0,0,0,0,0,0,0,0,0,0,0,0,0,0,0,0,0,0,0,0,0,0,0,0,0,0,0,0,0,0,0,0,0,0,0,0,0,0,3286251.76,0,0,3286251.76,0,0,3286251.76,0,0,3286251.76,0,0,3286251.76,0,0,3286251.76,0,0,3286251.76,0,0,3286251.76,0,0,3286251.76,0,0,3286251.76,0,0,3286251.76,0,0,3286251.76,0,0,3286251.76,0,0,3286251.76,0,0,3286251.76,0,0,3286251.76,0,0,3286251.76,0,0,3286251.76,0,0,3286251.76,0,0,3286251.76,0,0,3286251.76,0,0,3286251.76,0,0,3286251.76,0,0,3286251.76,0,0,3286251.76,0,0,3286251.76,0,0,3286251.76,0,0,3286251.76,0,0,3286251.76,0,0,3286251.76,0,0,3286251.76,0,0,3286251.76,0,0,3286251.76,0,0,3286251.76,0,0,3286251.76,0,0,3286251.76,0,0,3286251.76,0,0,3286251.76,0,0,3286251.76,0,0,3286251.76,0,0,19248046.01,0,0,3286251.76,0,0,3286251.76,0,0,3286251.76,0,0,3286251.76,0,0,3286251.76,0,0,3286251.76,0,0,3286251.76
0,1,J&J,2021-06-21,CV,0,0,0,0,0,0,0,0,0,0,0,0,0,0,0,0,0,0,0,0,0,0,0,0,0,0,0,0,0,0,0,0,0,0,0,0,0,0,0,0,0,0,0,0,0,0,0,0,0,0,3208007.67,0,0,3208007.67,0,0,3208007.67,0,0,3208007.67,0,0,3208007.67,0,0,3208007.67,0,0,3208007.67,0,0,3208007.67,0,0,3208007.67,0,0,3208007.67,0,0,3208007.67,0,0,3208007.67,0,0,3208007.67,0,0,3208007.67,0,0,3208007.67,0,0,3208007.67,0,0,3208007.67,0,0,3208007.67,0,0,3208007.67,0,0,3208007.67,0,0,3208007.67,0,0,3208007.67,0,0,3208007.67,0,0,3208007.67,0,0,3208007.67,0,0,3208007.67,0,0,3208007.67,0,0,3208007.67,0,0,3208007.67,0,0,3208007.67,0,0,3208007.67,0,0,3208007.67,0,0,3208007.67,0,0,3208007.67,0,0,3208007.67,0,0,3208007.67,0,0,3208007.67,0,0,3208007.67,0,0,3208007.67,0,0,3208007.67,0,0,19248046.01,0,0,3208007.67,0,0,3208007.67,0,0,3208007.67,0,0,3208007.67,0,0,3208007.67,0,0,3208007.67,0,0,3208007.67
0,1,J&J,2021-06-28,CV,0,0,0,0,0,0,0,0,0,0,0,0,0,0,0,0,0,0,0,0,0,0,0,0,0,0,0,0,0,0,0,0,0,0,0,0,0,0,0,0,0,0,0,0,0,0,0,0,0,0,7485351.23,0,0,7485351.23,0,0,7485351.23,0,0,7485351.23,0,0,7485351.23,0,0,7485351.23,0,0,7485351.23,0,0,7485351.23,0,0,7485351.23,0,0,7485351.23,0,0,7485351.23,0,0,7485351.23,0,0,7485351.23,0,0,7485351.23,0,0,7485351.23,0,0,7485351.23,0,0,7485351.23,0,0,7485351.23,0,0,7485351.23,0,0,7485351.23,0,0,7485351.23,0,0,7485351.23,0,0,7485351.23,0,0,7485351.23,0,0,7485351.23,0,0,7485351.23,0,0,7485351.23,0,0,7485351.23,0,0,7485351.23,0,0,7485351.23,0,0,7485351.23,0,0,7485351.23,0,0,7485351.23,0,0,7485351.23,0,0,7485351.23,0,0,7485351.23,0,0,7485351.23,0,0,7485351.23,0,0,7485351.23,0,0,7485351.23,0,0,44912107.35,0,0,7485351.23,0,0,7485351.23,0,0,7485351.23,0,0,7485351.23,0,0,7485351.23,0,0,7485351.23,0,0,7485351.23
0,1,Moderna,2021-03-08,CV,0,0,0,0,0,0,0,0,0,0,0,0,0,0,0,0,0,0,0,0,0,0,0,0,0,0,0,0,0,0,0,0,0,0,0,0,0,0,0,0,0,0,0,0,0,0,0,0,0,0,22456053.68,0,0,22456053.68,0,0,22456053.68,0,0,44912107.35,0,0,44912107.35,0,0,44912107.35,0,0,22456053.68,0,0,22456053.68,0,0,44912107.35,0,0,44912107.35,0,0,22456053.68,0,0,22456053.68,0,0,22456053.68,0,0,22456053.68,0,0,22456053.68,0,0,22456053.68,0,0,44912107.35,0,0,44912107.35,0,0,22456053.68,0,0,22456053.68,0,0,22456053.68,0,0,22456053.68,0,0,22456053.68,0,0,22456053.68,0,0,22456053.68,0,0,22456053.68,0,0,22456053.68,0,0,22456053.68,0,0,22456053.68,0,0,22456053.68,0,0,22456053.68,0,0,22456053.68,0,0,22456053.68,0,0,22456053.68,0,0,22456053.68,0,0,22456053.68,0,0,22456053.68,0,0,22456053.68,0,0,22456053.68,0,0,22456053.68,,,0,0,0,22456053.68,0,0,22456053.68,0,0,22456053.68,0,0,22456053.68,0,0,22456053.68,0,0,22456053.68,0,0,22456053.68
0,1,Moderna,2021-03-15,CV,0,0,0,0,0,0,0,0,0,0,0,0,0,0,0,0,0,0,0,0,0,0,0,0,0,0,0,0,0,0,0,0,0,0,0,0,0,0,0,0,0,0,0,0,0,0,0,0,0,0,6416015.34,0,0,6416015.34,0,0,6416015.34,0,0,9624023,0,0,9624023,0,0,9624023,0,0,6416015.34,0,0,6416015.34,0,0,9624023,0,0,9624023,0,0,6416015.34,0,0,6416015.34,0,0,6416015.34,0,0,6416015.34,0,0,6416015.34,0,0,6416015.34,0,0,9624023,0,0,9624023,0,0,6416015.34,0,0,6416015.34,0,0,6416015.34,0,0,6416015.34,0,0,6416015.34,0,0,6416015.34,0,0,6416015.34,0,0,6416015.34,0,0,6416015.34,0,0,6416015.34,0,0,6416015.34,0,0,6416015.34,0,0,6416015.34,0,0,6416015.34,0,0,6416015.34,0,0,6416015.34,0,0,6416015.34,0,0,6416015.34,0,0,6416015.34,0,0,6416015.34,0,0,6416015.34,0,0,6416015.34,,,0,0,0,6416015.34,0,0,6416015.34,0,0,6416015.34,0,0,6416015.34,0,0,6416015.34,0,0,6416015.34,0,0,6416015.34
0,1,Moderna,2021-03-22,CV,0,0,0,0,0,0,0,0,0,0,0,0,0,0,0,0,0,0,0,0,0,0,0,0,0,0,0,0,0,0,0,0,0,0,0,0,0,0,0,0,0,0,0,0,0,0,0,0,0,0,4346332.97,0,0,4346332.97,0,0,4346332.97,0,0,5614013.42,0,0,5614013.42,0,0,5614013.42,0,0,4346332.97,0,0,4346332.97,0,0,5614013.42,0,0,5614013.42,0,0,4346332.97,0,0,4346332.97,0,0,4346332.97,0,0,4346332.97,0,0,4346332.97,0,0,4346332.97,0,0,5614013.42,0,0,5614013.42,0,0,4346332.97,0,0,4346332.97,0,0,4346332.97,0,0,4346332.97,0,0,4346332.97,0,0,4346332.97,0,0,4346332.97,0,0,4346332.97,0,0,4346332.97,0,0,4346332.97,0,0,4346332.97,0,0,4346332.97,0,0,4346332.97,0,0,4346332.97,0,0,4346332.97,0,0,4346332.97,0,0,4346332.97,0,0,4346332.97,0,0,4346332.97,0,0,4346332.97,0,0,4346332.97,0,0,4346332.97,,,0,0,0,4346332.97,0,0,4346332.97,0,0,4346332.97,0,0,4346332.97,0,0,4346332.97,0,0,4346332.97,0,0,4346332.97
0,1,Moderna,2021-03-29,CV,0,0,0,0,0,0,0,0,0,0,0,0,0,0,0,0,0,0,0,0,0,0,0,0,0,0,0,0,0,0,0,0,0,0,0,0,0,0,0,0,0,0,0,0,0,0,0,0,0,0,3062189.14,0,0,3062189.14,0,0,3062189.14,0,0,3641522.22,0,0,3641522.22,0,0,3641522.22,0,0,3454777.49,0,0,3454777.49,0,0,3641522.22,0,0,3641522.22,0,0,3062189.14,0,0,3062189.14,0,0,3062189.14,0,0,3062189.14,0,0,3062189.14,0,0,3062189.14,0,0,3641522.22,0,0,3641522.22,0,0,3062189.14,0,0,3062189.14,0,0,3062189.14,0,0,3062189.14,0,0,3062189.14,0,0,3062189.14,0,0,3062189.14,0,0,3062189.14,0,0,3062189.14,0,0,3062189.14,0,0,3062189.14,0,0,3062189.14,0,0,3062189.14,0,0,3062189.14,0,0,3062189.14,0,0,3062189.14,0,0,3062189.14,0,0,3062189.14,0,0,3062189.14,0,0,3062189.14,0,0,3062189.14,0,0,3062189.14,,,0,0,0,3062189.14,0,0,3062189.14,0,0,3062189.14,0,0,3454777.49,0,0,3062189.14,0,0,3454777.49,0,0,3062189.14
0,1,Moderna,2021-04-05,CV,0,0,0,0,0,0,0,0,0,0,0,0,0,0,0,0,0,0,0,0,0,0,0,0,0,0,0,0,0,0,0,0,0,0,0,0,0,0,0,0,0,0,0,0,0,0,0,0,0,0,2694726.44,0,0,2694726.44,0,0,2694726.44,0,0,2807006.71,0,0,2807006.71,0,0,2807006.71,0,0,3133402.84,0,0,3133402.84,0,0,3133402.84,0,0,3133402.84,0,0,2694726.44,0,0,2694726.44,0,0,2694726.44,0,0,2694726.44,0,0,2694726.44,0,0,2694726.44,0,0,2807006.71,0,0,2807006.71,0,0,2694726.44,0,0,2694726.44,0,0,2694726.44,0,0,2694726.44,0,0,2694726.44,0,0,2694726.44,0,0,2694726.44,0,0,2694726.44,0,0,2694726.44,0,0,2694726.44,0,0,2694726.44,0,0,2694726.44,0,0,2694726.44,0,0,2694726.44,0,0,2694726.44,0,0,2694726.44,0,0,2694726.44,0,0,2694726.44,0,0,2694726.44,0,0,2694726.44,0,0,2694726.44,0,0,2694726.44,0,0,134736322.06,0,0,2694726.44,0,0,2694726.44,0,0,2694726.44,0,0,3133402.84,0,0,2694726.44,0,0,3133402.84,0,0,2694726.44
0,1,Moderna,2021-05-24,CV,0,0,0,0,0,0,0,0,0,0,0,0,0,0,0,0,0,0,0,0,0,0,0,0,0,0,0,0,0,0,0,0,0,0,0,0,0,0,0,0,0,0,0,0,0,0,0,0,0,0,2807006.71,0,0,2807006.71,0,0,2807006.71,0,0,2807006.71,0,0,2807006.71,0,0,2807006.71,0,0,2807006.71,0,0,2807006.71,0,0,2807006.71,0,0,2807006.71,0,0,2807006.71,0,0,2807006.71,0,0,2807006.71,0,0,2807006.71,0,0,2807006.71,0,0,2807006.71,0,0,2807006.71,0,0,3286251.76,0,0,2807006.71,0,0,2807006.71,0,0,2807006.71,0,0,2807006.71,0,0,2807006.71,0,0,2807006.71,0,0,2807006.71,0,0,2807006.71,0,0,2807006.71,0,0,2807006.71,0,0,2807006.71,0,0,2807006.71,0,0,2807006.71,0,0,2807006.71,0,0,2807006.71,0,0,2807006.71,0,0,2807006.71,0,0,2807006.71,0,0,2807006.71,0,0,2807006.71,0,0,2807006.71,0,0,2807006.71,0,0,13473632.21,0,0,2807006.71,0,0,2807006.71,0,0,2807006.71,0,0,2807006.71,0,0,2807006.71,0,0,2807006.71,0,0,2807006.71
0,1,Moderna,2021-05-31,CV,0,0,0,0,0,0,0,0,0,0,0,0,0,0,0,0,0,0,0,0,0,0,0,0,0,0,0,0,0,0,0,0,0,0,0,0,0,0,0,0,0,0,0,0,0,0,0,0,0,0,2994140.49,0,0,2994140.49,0,0,2994140.49,0,0,2994140.49,0,0,2994140.49,0,0,2994140.49,0,0,2994140.49,0,0,2994140.49,0,0,2994140.49,0,0,2994140.49,0,0,2994140.49,0,0,2994140.49,0,0,2994140.49,0,0,2994140.49,0,0,2994140.49,0,0,2994140.49,0,0,2994140.49,0,0,3286251.76,0,0,2994140.49,0,0,2994140.49,0,0,2994140.49,0,0,2994140.49,0,0,2994140.49,0,0,2994140.49,0,0,2994140.49,0,0,2994140.49,0,0,2994140.49,0,0,2994140.49,0,0,2994140.49,0,0,2994140.49,0,0,2994140.49,0,0,2994140.49,0,0,2994140.49,0,0,2994140.49,0,0,2994140.49,0,0,2994140.49,0,0,2994140.49,0,0,2994140.49,0,0,2994140.49,0,0,2994140.49,0,0,11228026.84,0,0,2994140.49,0,0,2994140.49,0,0,2994140.49,0,0,2994140.49,0,0,2994140.49,0,0,2994140.49,0,0,2994140.49
0,1,Moderna,2021-06-07,CV,0,0,0,0,0,0,0,0,0,0,0,0,0,0,0,0,0,0,0,0,0,0,0,0,0,0,0,0,0,0,0,0,0,0,0,0,0,0,0,0,0,0,0,0,0,0,0,0,0,0,3849609.2,0,0,3849609.2,0,0,3849609.2,0,0,3849609.2,0,0,3849609.2,0,0,3849609.2,0,0,3849609.2,0,0,3849609.2,0,0,3849609.2,0,0,3849609.2,0,0,3849609.2,0,0,3849609.2,0,0,3849609.2,0,0,3849609.2,0,0,3849609.2,0,0,3849609.2,0,0,3849609.2,0,0,3849609.2,0,0,3849609.2,0,0,3849609.2,0,0,3849609.2,0,0,3849609.2,0,0,3849609.2,0,0,3849609.2,0,0,3849609.2,0,0,3849609.2,0,0,3849609.2,0,0,3849609.2,0,0,3849609.2,0,0,3849609.2,0,0,3849609.2,0,0,3849609.2,0,0,3849609.2,0,0,3849609.2,0,0,3849609.2,0,0,3849609.2,0,0,3849609.2,0,0,3849609.2,0,0,3849609.2,0,0,3849609.2,0,0,19248046.01,0,0,3849609.2,0,0,3849609.2,0,0,3849609.2,0,0,3849609.2,0,0,3849609.2,0,0,3849609.2,0,0,3849609.2
0,1,Moderna,2021-06-14,CV,0,0,0,0,0,0,0,0,0,0,0,0,0,0,0,0,0,0,0,0,0,0,0,0,0,0,0,0,0,0,0,0,0,0,0,0,0,0,0,0,0,0,0,0,0,0,0,0,0,0,3849609.2,0,0,3849609.2,0,0,3849609.2,0,0,3849609.2,0,0,3849609.2,0,0,3849609.2,0,0,3849609.2,0,0,3849609.2,0,0,3849609.2,0,0,3849609.2,0,0,3849609.2,0,0,3849609.2,0,0,3849609.2,0,0,3849609.2,0,0,3849609.2,0,0,3849609.2,0,0,3849609.2,0,0,3849609.2,0,0,3849609.2,0,0,3849609.2,0,0,3849609.2,0,0,3849609.2,0,0,3849609.2,0,0,3849609.2,0,0,3849609.2,0,0,3849609.2,0,0,3849609.2,0,0,3849609.2,0,0,3849609.2,0,0,3849609.2,0,0,3849609.2,0,0,3849609.2,0,0,3849609.2,0,0,3849609.2,0,0,3849609.2,0,0,3849609.2,0,0,3849609.2,0,0,3849609.2,0,0,3849609.2,0,0,3849609.2,0,0,19248046.01,0,0,3849609.2,0,0,3849609.2,0,0,3849609.2,0,0,3849609.2,0,0,3849609.2,0,0,3849609.2,0,0,3849609.2
0,1,Moderna,2021-05-10,CV,0,0,0,0,0,0,0,0,0,0,0,0,0,0,0,0,0,0,0,0,0,0,0,0,0,0,0,0,0,0,0,0,0,0,0,0,0,0,0,0,0,0,0,0,0,0,0,0,0,0,2749720.86,0,0,2749720.86,0,0,2749720.86,0,0,3208007.67,0,0,2749720.86,0,0,3208007.67,0,0,2749720.86,0,0,2749720.86,0,0,2749720.86,0,0,2749720.86,0,0,2749720.86,0,0,2749720.86,0,0,2749720.86,0,0,2749720.86,0,0,2749720.86,0,0,2749720.86,0,0,2749720.86,0,0,3208007.67,0,0,2749720.86,0,0,2749720.86,0,0,2749720.86,0,0,2749720.86,0,0,3208007.67,0,0,2749720.86,0,0,2749720.86,0,0,2749720.86,0,0,2749720.86,0,0,2749720.86,0,0,2749720.86,0,0,2749720.86,0,0,2749720.86,0,0,2749720.86,0,0,2749720.86,0,0,2749720.86,0,0,2749720.86,0,0,2749720.86,0,0,2749720.86,0,0,2749720.86,0,0,2749720.86,0,0,2749720.86,0,0,19248046.01,0,0,2749720.86,0,0,2749720.86,0,0,2749720.86,0,0,2749720.86,0,0,2749720.86,0,0,2749720.86,0,0,2749720.86
0,1,Moderna,2021-05-17,CV,0,0,0,0,0,0,0,0,0,0,0,0,0,0,0,0,0,0,0,0,0,0,0,0,0,0,0,0,0,0,0,0,0,0,0,0,0,0,0,0,0,0,0,0,0,0,0,0,0,0,2994140.49,0,0,2994140.49,0,0,2994140.49,0,0,3368408.05,0,0,2994140.49,0,0,3368408.05,0,0,2994140.49,0,0,2994140.49,0,0,2994140.49,0,0,2994140.49,0,0,2994140.49,0,0,2994140.49,0,0,2994140.49,0,0,2994140.49,0,0,2994140.49,0,0,2994140.49,0,0,2994140.49,0,0,3545692.69,0,0,2994140.49,0,0,2994140.49,0,0,2994140.49,0,0,2994140.49,0,0,3368408.05,0,0,2994140.49,0,0,2994140.49,0,0,2994140.49,0,0,2994140.49,0,0,2994140.49,0,0,2994140.49,0,0,2994140.49,0,0,2994140.49,0,0,2994140.49,0,0,2994140.49,0,0,2994140.49,0,0,2994140.49,0,0,2994140.49,0,0,2994140.49,0,0,2994140.49,0,0,2994140.49,0,0,2994140.49,0,0,19248046.01,0,0,2994140.49,0,0,2994140.49,0,0,2994140.49,0,0,2994140.49,0,0,2994140.49,0,0,2994140.49,0,0,2994140.49
0,1,Pfizer,2021-04-12,CV,0,0,0,0,0,0,0,0,1,1,0,0,0,0,0,0,1,1,0,0,0,0,0,0,0,0,0,0,0,0,0,0,0,0,0,0,0,0,0,0,0,0,0,0,0,0,0,0,0,0,170552.31,0,0,170552.31,0,0,170552.31,0,0,186099.89,0,0,180369.91,0,0,184317.81,0,0,173405.82,0,0,185077.37,49626.36,1256.43,276500.37,49626.36,1256.43,276500.37,0,0,170552.31,0,0,170552.31,0,0,170552.31,0,0,170552.31,0,0,170552.31,0,0,170552.31,47129.03,1193.2,262586.16,47189.92,1194.75,262925.42,0,0,170552.31,0,0,170552.31,0,0,170552.31,0,0,170552.31,0,0,170552.31,0,0,170552.31,0,0,170552.31,0,0,170552.31,0,0,172077.04,0,0,170552.31,0,0,170552.31,0,0,176819.32,0,0,176819.32,0,0,170552.31,0,0,170552.31,0,0,172517.7,0,0,172517.7,0,0,170552.31,0,0,170552.31,0,0,170552.31,0,0,170552.31,0,0,170552.31,0,0,847398.25,0,0,170552.31,0,0,172077.04,0,0,170552.31,0,0,179888.28,0,0,172517.7,0,0,182076.11,0,0,170552.31
0,1,Pfizer,2021-04-19,CV,0,0,0,0,0,0,0,0,0,0,0,0,0,0,0,0,0,0,0,0,0,0,0,0,0,0,0,0,0,0,0,0,0,0,0,0,0,0,0,0,0,0,0,0,0,0,0,0,0,0,148061.89,0,0,148061.89,0,0,148061.89,0,0,162725.03,0,0,159262.79,0,0,163316.75,0,0,151559.42,0,0,163119.03,0,0,158141.22,0,0,158141.22,0,0,148061.89,0,0,148061.89,0,0,148061.89,0,0,148061.89,0,0,148061.89,0,0,148061.89,0,0,153109.46,0,0,154337.14,0,0,148061.89,0,0,148061.89,0,0,148061.89,0,0,148879.91,0,0,148879.91,0,0,148061.89,0,0,148061.89,0,0,148061.89,0,0,149209.66,0,0,148061.89,0,0,148061.89,0,0,152762.27,0,0,152762.27,0,0,148061.89,0,0,148061.89,0,0,150375.36,0,0,150375.36,0,0,148061.89,0,0,148061.89,0,0,148061.89,0,0,148061.89,0,0,148061.89,0,0,898242.15,0,0,148061.89,0,0,149209.66,0,0,148061.89,0,0,156488.18,0,0,150375.36,0,0,159074.76,0,0,148061.89
0,1,Pfizer,2021-04-26,CV,0,0,0,0,0,0,0,0,0,0,0,0,0,0,0,0,0,0,0,0,0,0,0,0,0,0,0,0,0,0,0,0,0,0,0,0,0,1,0,0,0,0,0,0,0,0,0,0,0,0,163316.75,0,0,163316.75,0,0,163316.75,0,0,178458.7,0,0,176819.32,0,0,183814.9,0,0,168210.14,0,0,180369.91,0,0,174303.13,0,0,174303.13,0,0,163316.75,0,0,163316.75,0,0,163316.75,0,0,163316.75,0,0,163316.75,0,0,163316.75,0,0,169054.36,0,0,170552.31,0,0,163316.75,0,0,163316.75,0,0,163316.75,0,0,164714.33,0,0,164714.33,0,0,163316.75,0,0,163316.75,0,0,163316.75,0,0,164513.21,0,0,163316.75,0,0,163316.75,0,0,168842.51,0,0,170336.69,0,0,163316.75,0,0,163316.75,0,0,165931.43,0,0,165931.43,0,0,163316.75,0,0,163316.75,0,0,163316.75,0,0,163316.75,0,0,163316.75,299385.25,7579.78,1668067.83,0,0,163316.75,0,0,164513.21,0,0,163316.75,0,0,174077.94,0,0,165931.43,0,0,177051.67,0,0,163316.75
0,1,Pfizer,2021-05-03,CV,0,0,0,0,0,0,0,0,0,0,0,0,0,0,0,0,0,0,0,0,0,0,0,0,0,0,0,0,0,0,0,0,0,0,0,0,0,0,0,0,0,0,0,0,0,0,0,0,0,0,204455.72,0,0,204455.72,0,0,204455.72,0,0,216966.7,0,0,221605.79,0,0,230712.88,0,0,211185.46,0,0,221970.88,0,0,222704.66,0,0,222704.66,0,0,205390.73,0,0,205390.73,0,0,205390.73,0,0,205390.73,0,0,204455.72,0,0,204455.72,0,0,212517.86,0,0,214548.28,0,0,204455.72,0,0,204455.72,0,0,204455.72,0,0,206650.8,0,0,206650.8,0,0,204455.72,0,0,204455.72,0,0,204455.72,0,0,204455.72,0,0,204455.72,0,0,204455.72,0,0,208893.52,0,0,211185.46,0,0,204455.72,0,0,204455.72,0,0,205078.12,0,0,205078.12,0,0,204455.72,0,0,204455.72,0,0,204455.72,0,0,204455.72,0,0,204455.72,0,0,1513891.26,0,0,204455.72,0,0,204455.72,0,0,204455.72,0,0,215923.59,0,0,205078.12,0,0,216617.88,0,0,204455.72
0,1,Pfizer,2021-05-10,CV,0,0,0,0,0,0,0,0,0,0,0,0,0,0,0,0,0,0,0,0,0,0,0,0,0,0,0,0,0,0,0,0,0,0,0,0,0,0,0,0,0,0,0,0,0,0,0,0,0,0,245421.35,0,0,245421.35,0,0,245421.35,0,0,256640.61,0,0,259607.56,0,0,270554.86,0,0,251843.59,0,0,260108.73,0,0,271099.24,0,0,271099.24,0,0,248591,0,0,248591,0,0,248591,0,0,248591,0,0,245421.35,0,0,245421.35,0,0,254700.04,0,0,254700.04,0,0,245421.35,0,0,245421.35,0,0,245421.35,0,0,248591,0,0,248591,0,0,245421.35,0,0,245421.35,0,0,245421.35,0,0,245421.35,0,0,245421.35,0,0,245421.35,0,0,249974.62,0,0,253263.76,0,0,245421.35,0,0,245421.35,0,0,245421.35,0,0,245421.35,0,0,245421.35,0,0,245421.35,0,0,245421.35,0,0,245421.35,0,0,245421.35,0,0,1897694.68,0,0,245421.35,0,0,245421.35,0,0,245421.35,0,0,256640.61,0,0,245421.35,0,0,256640.61,0,0,245421.35
0,2,AstraZeneca,2021-05-31,CV,0,0,0,0,0,0,0,0,0,0,0,0,0,0,0,0,0,0,0,0,0,0,0,0,0,0,0,0,0,0,0,0,0,0,0,0,0,0,0,0,0,0,0,0,0,0,0,0,0,0,67368161.03,0,0,67368161.03,0,0,67368161.03,0,0,67368161.03,0,0,67368161.03,0,0,67368161.03,0,0,67368161.03,0,0,134736322.06,0,0,67368161.03,0,0,67368161.03,0,0,67368161.03,0,0,67368161.03,0,0,67368161.03,0,0,67368161.03,0,0,67368161.03,0,0,67368161.03,0,0,67368161.03,0,0,67368161.03,0,0,67368161.03,0,0,67368161.03,0,0,67368161.03,0,0,67368161.03,0,0,67368161.03,0,0,67368161.03,0,0,67368161.03,0,0,67368161.03,0,0,67368161.03,0,0,67368161.03,0,0,67368161.03,0,0,67368161.03,0,0,67368161.03,0,0,67368161.03,0,0,67368161.03,0,0,67368161.03,0,0,67368161.03,0,0,67368161.03,0,0,67368161.03,0,0,67368161.03,0,0,67368161.03,0,0,67368161.03,0,0,67368161.03,0,0,67368161.03,0,0,67368161.03,0,0,67368161.03,0,0,67368161.03,0,0,67368161.03,0,0,67368161.03,0,0,67368161.03
0,2,AstraZeneca,2021-06-07,CV,0,0,0,0,0,0,0,0,0,0,0,0,0,0,0,0,0,0,0,0,0,0,0,0,0,0,0,0,0,0,0,0,0,0,0,0,0,0,0,0,0,0,0,0,0,0,0,0,0,0,5858100.96,0,0,5858100.96,0,0,5858100.96,0,0,5858100.96,0,0,5858100.96,0,0,5858100.96,0,0,5858100.96,0,0,8421020.13,0,0,5858100.96,0,0,5858100.96,0,0,5858100.96,0,0,5858100.96,0,0,5858100.96,0,0,5858100.96,0,0,5858100.96,0,0,5858100.96,0,0,5858100.96,0,0,5858100.96,0,0,5858100.96,0,0,5858100.96,0,0,5858100.96,0,0,5858100.96,0,0,5858100.96,0,0,5858100.96,0,0,5858100.96,0,0,5858100.96,0,0,5858100.96,0,0,5858100.96,0,0,5858100.96,0,0,5858100.96,0,0,5858100.96,0,0,5858100.96,0,0,5858100.96,0,0,5858100.96,0,0,5858100.96,0,0,5858100.96,0,0,5858100.96,0,0,5858100.96,0,0,5858100.96,0,0,5858100.96,0,0,8982421.47,0,0,5858100.96,0,0,5858100.96,0,0,5858100.96,0,0,5858100.96,0,0,5858100.96,0,0,5858100.96,0,0,5858100.96
0,2,AstraZeneca,2021-06-14,CV,0,0,0,0,0,0,0,0,0,0,0,0,0,0,0,0,0,0,0,0,0,0,0,0,0,0,0,0,0,0,0,0,0,0,0,0,0,0,0,0,0,0,0,0,0,0,0,0,0,0,1772846.34,0,0,1772846.34,0,0,1772846.34,0,0,1897694.68,0,0,1772846.34,0,0,1772846.34,0,0,1772846.34,0,0,1952700.32,0,0,1772846.34,0,0,1772846.34,0,0,1772846.34,0,0,1772846.34,0,0,1772846.34,0,0,1772846.34,0,0,1772846.34,0,0,1772846.34,0,0,1772846.34,0,0,1772846.34,0,0,1772846.34,0,0,1772846.34,0,0,1772846.34,0,0,1772846.34,0,0,1772846.34,0,0,1772846.34,0,0,1772846.34,0,0,1772846.34,0,0,1772846.34,0,0,1772846.34,0,0,1772846.34,0,0,1772846.34,0,0,1772846.34,0,0,1772846.34,0,0,1772846.34,0,0,1772846.34,0,0,1772846.34,0,0,1772846.34,0,0,1772846.34,0,0,1772846.34,0,0,1772846.34,0,0,1772846.34,0,0,4210510.06,0,0,1772846.34,0,0,1772846.34,0,0,1772846.34,0,0,1772846.34,0,0,1772846.34,0,0,1772846.34,0,0,1772846.34
0,2,AstraZeneca,2021-06-21,CV,0,0,0,0,0,0,0,0,0,0,0,0,0,0,0,0,0,0,0,0,0,0,0,0,0,0,0,0,0,0,0,0,0,0,0,0,0,0,0,0,0,0,0,0,0,0,0,0,0,0,806804.32,0,0,806804.32,0,0,806804.32,0,0,847398.25,0,0,806804.32,0,0,806804.32,0,0,806804.32,0,0,842102.01,0,0,806804.32,0,0,806804.32,0,0,806804.32,0,0,806804.32,0,0,806804.32,0,0,806804.32,0,0,806804.32,0,0,806804.32,0,0,806804.32,0,0,806804.32,0,0,806804.32,0,0,806804.32,0,0,806804.32,0,0,806804.32,0,0,806804.32,0,0,806804.32,0,0,806804.32,0,0,806804.32,0,0,806804.32,0,0,806804.32,0,0,806804.32,0,0,806804.32,0,0,806804.32,0,0,806804.32,0,0,806804.32,0,0,806804.32,0,0,806804.32,0,0,806804.32,0,0,806804.32,0,0,806804.32,0,0,806804.32,0,0,806804.32,0,0,2994140.49,0,0,806804.32,0,0,806804.32,0,0,806804.32,0,0,806804.32,0,0,806804.32,0,0,806804.32,0,0,806804.32
0,2,AstraZeneca,2021-06-28,CV,0,0,0,0,0,0,0,0,0,0,0,0,0,0,0,0,0,0,0,0,0,0,0,0,0,0,0,0,0,0,0,0,0,0,0,0,0,0,0,0,0,0,0,0,0,0,0,0,0,0,1283203.07,0,0,1283203.07,0,0,1283203.07,0,0,1360972.95,0,0,1283203.07,0,0,1283203.07,0,0,1283203.07,0,0,1320944.33,0,0,1283203.07,0,0,1283203.07,0,0,1283203.07,0,0,1283203.07,0,0,1283203.07,0,0,1283203.07,0,0,1283203.07,0,0,1283203.07,0,0,1283203.07,0,0,1283203.07,0,0,1283203.07,0,0,1283203.07,0,0,1283203.07,0,0,1283203.07,0,0,1283203.07,0,0,1283203.07,0,0,1283203.07,0,0,1283203.07,0,0,1283203.07,0,0,1283203.07,0,0,1283203.07,0,0,1283203.07,0,0,1283203.07,0,0,1283203.07,0,0,1283203.07,0,0,1283203.07,0,0,1283203.07,0,0,1283203.07,0,0,1283203.07,0,0,1283203.07,0,0,1283203.07,0,0,1283203.07,0,0,6416015.34,0,0,1283203.07,0,0,1283203.07,0,0,1283203.07,0,0,1283203.07,0,0,1283203.07,0,0,1283203.07,0,0,1283203.07
0,2,Moderna,2021-04-12,CV,0,0,0,0,0,0,0,0,0,0,0,0,0,0,0,0,0,0,0,0,0,0,0,0,0,0,0,0,0,0,0,0,0,0,0,0,0,0,0,0,0,0,0,0,0,0,0,0,0,0,6416015.34,0,0,6416015.34,0,0,6416015.34,0,0,9624023,0,0,9624023,0,0,9624023,0,0,6416015.34,0,0,6416015.34,0,0,9624023,0,0,9624023,0,0,6416015.34,0,0,6416015.34,0,0,6416015.34,0,0,6416015.34,0,0,6416015.34,0,0,6416015.34,0,0,9624023,0,0,9624023,0,0,6416015.34,0,0,6416015.34,0,0,6416015.34,0,0,6416015.34,0,0,6416015.34,0,0,6416015.34,0,0,6416015.34,0,0,6416015.34,0,0,6416015.34,0,0,6416015.34,0,0,6416015.34,0,0,6416015.34,0,0,6416015.34,0,0,6416015.34,0,0,6416015.34,0,0,6416015.34,0,0,6416015.34,0,0,6416015.34,0,0,6416015.34,0,0,6416015.34,0,0,6416015.34,0,0,6416015.34,,,0,0,0,6416015.34,0,0,6416015.34,0,0,6416015.34,0,0,6416015.34,0,0,6416015.34,0,0,6416015.34,0,0,6416015.34
0,2,Moderna,2021-04-19,CV,0,0,0,0,0,0,0,0,0,0,0,0,0,0,0,0,0,0,0,0,0,0,0,0,0,0,0,0,0,0,0,0,0,0,0,0,0,0,0,0,0,0,0,0,0,0,0,0,0,0,4346332.97,0,0,4346332.97,0,0,4346332.97,0,0,5614013.42,0,0,5614013.42,0,0,5614013.42,0,0,4491210.74,0,0,4491210.74,0,0,5614013.42,0,0,5614013.42,0,0,4346332.97,0,0,4346332.97,0,0,4346332.97,0,0,4346332.97,0,0,4346332.97,0,0,4346332.97,0,0,5614013.42,0,0,5614013.42,0,0,4346332.97,0,0,4346332.97,0,0,4346332.97,0,0,4346332.97,0,0,4346332.97,0,0,4346332.97,0,0,4346332.97,0,0,4346332.97,0,0,4346332.97,0,0,4346332.97,0,0,4346332.97,0,0,4346332.97,0,0,4346332.97,0,0,4346332.97,0,0,4346332.97,0,0,4346332.97,0,0,4346332.97,0,0,4346332.97,0,0,4346332.97,0,0,4346332.97,0,0,4346332.97,0,0,4346332.97,,,0,0,0,4346332.97,0,0,4346332.97,0,0,4346332.97,0,0,4491210.74,0,0,4346332.97,0,0,4491210.74,0,0,4346332.97
0,2,Moderna,2021-04-26,CV,0,0,0,0,0,0,0,0,0,0,0,0,0,0,0,0,0,0,0,0,0,0,0,0,0,0,0,0,0,0,0,0,0,0,0,0,0,0,0,0,0,0,0,0,0,0,0,0,0,0,2929050.48,0,0,2929050.48,0,0,2929050.48,0,0,3454777.49,0,0,3454777.49,0,0,3454777.49,0,0,3454777.49,0,0,3454777.49,0,0,3454777.49,0,0,3454777.49,0,0,2929050.48,0,0,2929050.48,0,0,2929050.48,0,0,2929050.48,0,0,2929050.48,0,0,2929050.48,0,0,3454777.49,0,0,3454777.49,0,0,2929050.48,0,0,2929050.48,0,0,2929050.48,0,0,2929050.48,0,0,2929050.48,0,0,2929050.48,0,0,2929050.48,0,0,2929050.48,0,0,2929050.48,0,0,2929050.48,0,0,2929050.48,0,0,2929050.48,0,0,2929050.48,0,0,2929050.48,0,0,2929050.48,0,0,2929050.48,0,0,2929050.48,0,0,2929050.48,0,0,2929050.48,0,0,2929050.48,0,0,2929050.48,0,0,2929050.48,,,0,0,0,2929050.48,0,0,2929050.48,0,0,2929050.48,0,0,3454777.49,0,0,2929050.48,0,0,3454777.49,0,0,2929050.48
0,2,Moderna,2021-05-03,CV,0,0,0,0,0,0,0,0,0,0,0,0,0,0,0,0,0,0,0,0,0,0,0,0,0,0,0,0,0,0,0,0,0,0,0,0,0,0,0,0,0,0,0,0,0,0,0,0,0,0,2406005.75,0,0,2406005.75,0,0,2406005.75,0,0,2749720.86,0,0,2749720.86,0,0,2749720.86,0,0,2749720.86,0,0,2749720.86,0,0,2749720.86,0,0,2749720.86,0,0,2406005.75,0,0,2406005.75,0,0,2406005.75,0,0,2406005.75,0,0,2406005.75,0,0,2406005.75,0,0,2749720.86,0,0,2749720.86,0,0,2406005.75,0,0,2406005.75,0,0,2406005.75,0,0,2406005.75,0,0,2406005.75,0,0,2406005.75,0,0,2406005.75,0,0,2406005.75,0,0,2406005.75,0,0,2406005.75,0,0,2406005.75,0,0,2406005.75,0,0,2406005.75,0,0,2406005.75,0,0,2406005.75,0,0,2406005.75,0,0,2406005.75,0,0,2406005.75,0,0,2406005.75,0,0,2406005.75,0,0,2406005.75,0,0,2406005.75,0,0,134736322.06,0,0,2406005.75,0,0,2406005.75,0,0,2406005.75,0,0,2749720.86,0,0,2406005.75,0,0,2749720.86,0,0,2406005.75
0,2,Moderna,2021-04-05,CV,0,0,0,0,0,0,0,0,0,0,0,0,0,0,0,0,0,0,0,0,0,0,0,0,0,0,0,0,0,0,0,0,0,0,0,0,0,0,0,0,0,0,0,0,0,0,0,0,0,0,19248046.01,0,0,19248046.01,0,0,19248046.01,0,0,67368161.03,0,0,67368161.03,0,0,67368161.03,0,0,19248046.01,0,0,19248046.01,0,0,19248046.01,0,0,19248046.01,0,0,19248046.01,0,0,19248046.01,0,0,19248046.01,0,0,19248046.01,0,0,19248046.01,0,0,19248046.01,0,0,67368161.03,0,0,67368161.03,0,0,19248046.01,0,0,19248046.01,0,0,19248046.01,0,0,19248046.01,0,0,19248046.01,0,0,19248046.01,0,0,19248046.01,0,0,19248046.01,0,0,19248046.01,0,0,19248046.01,0,0,19248046.01,0,0,19248046.01,0,0,19248046.01,0,0,19248046.01,0,0,19248046.01,0,0,19248046.01,0,0,19248046.01,0,0,19248046.01,0,0,19248046.01,0,0,19248046.01,0,0,19248046.01,0,0,19248046.01,,,0,0,0,19248046.01,0,0,19248046.01,0,0,19248046.01,0,0,19248046.01,0,0,19248046.01,0,0,19248046.01,0,0,19248046.01
0,1,AstraZeneca,2021-06-14,CV,0,0,0,0,0,0,0,0,0,0,0,0,0,0,0,0,0,0,0,0,0,0,0,0,0,0,0,0,0,0,0,0,0,0,0,0,0,0,0,0,0,0,0,0,0,0,0,0,0,0,355504.81,0,0,362194.41,0,0,355504.81,0,0,364152.22,0,0,362194.41,0,0,362194.41,0,0,355504.81,0,0,369140.61,0,0,362194.41,0,0,362194.41,0,0,355504.81,0,0,355504.81,0,0,355504.81,0,0,355504.81,0,0,355504.81,0,0,355504.81,0,0,355504.81,0,0,355504.81,0,0,355504.81,0,0,355504.81,0,0,355504.81,0,0,355504.81,0,0,355504.81,0,0,355504.81,0,0,355504.81,0,0,355504.81,0,0,355504.81,0,0,355504.81,0,0,355504.81,0,0,355504.81,0,0,355504.81,0,0,355504.81,0,0,355504.81,0,0,362194.41,0,0,362194.41,0,0,355504.81,0,0,355504.81,0,0,355504.81,0,0,355504.81,0,0,355504.81,0,0,2041459.43,0,0,355504.81,0,0,355504.81,0,0,355504.81,0,0,355504.81,0,0,362194.41,0,0,362194.41,0,0,355504.81
0,1,AstraZeneca,2021-06-21,CV,0,0,0,0,0,0,0,0,0,0,0,0,0,0,0,0,0,0,0,0,0,0,0,0,0,0,0,0,0,0,0,0,0,0,0,0,0,0,0,0,0,0,0,0,0,0,0,0,0,0,467834.45,0,0,479488.69,0,0,467834.45,0,0,477788.38,0,0,479488.69,0,0,479488.69,0,0,467834.45,0,0,491738.4,0,0,479488.69,0,0,479488.69,0,0,467834.45,0,0,467834.45,0,0,467834.45,0,0,467834.45,0,0,467834.45,0,0,467834.45,0,0,467834.45,0,0,467834.45,0,0,467834.45,0,0,467834.45,0,0,467834.45,0,0,467834.45,0,0,467834.45,0,0,467834.45,0,0,467834.45,0,0,467834.45,0,0,467834.45,0,0,467834.45,0,0,467834.45,0,0,467834.45,0,0,467834.45,0,0,467834.45,0,0,467834.45,0,0,479488.69,0,0,479488.69,0,0,467834.45,0,0,467834.45,0,0,467834.45,0,0,467834.45,0,0,467834.45,0,0,2542194.76,0,0,467834.45,0,0,467834.45,0,0,467834.45,0,0,467834.45,0,0,479488.69,0,0,479488.69,0,0,467834.45
0,1,AstraZeneca,2021-06-28,CV,0,0,0,0,0,0,0,0,0,0,0,0,0,0,0,0,0,0,0,0,0,0,0,0,0,0,0,0,0,0,0,0,0,0,0,0,0,0,0,0,0,0,0,0,0,0,0,0,0,0,1548693.36,0,0,1604003.83,0,0,1548693.36,0,0,1548693.36,0,0,1604003.83,0,0,1604003.83,0,0,1548693.36,0,0,1643125.88,0,0,1604003.83,0,0,1604003.83,0,0,1548693.36,0,0,1548693.36,0,0,1548693.36,0,0,1548693.36,0,0,1548693.36,0,0,1548693.36,0,0,1548693.36,0,0,1548693.36,0,0,1548693.36,0,0,1548693.36,0,0,1548693.36,0,0,1548693.36,0,0,1548693.36,0,0,1548693.36,0,0,1548693.36,0,0,1548693.36,0,0,1548693.36,0,0,1548693.36,0,0,1548693.36,0,0,1548693.36,0,0,1548693.36,0,0,1548693.36,0,0,1548693.36,0,0,1585133.2,0,0,1585133.2,0,0,1548693.36,0,0,1548693.36,0,0,1548693.36,0,0,1548693.36,0,0,1548693.36,0,0,7091385.37,0,0,1548693.36,0,0,1548693.36,0,0,1548693.36,0,0,1548693.36,0,0,1585133.2,0,0,1585133.2,0,0,1548693.36
0,1,Pfizer,2021-01-04,CV,0,0,0,0,0,0,0,0,0,0,0,0,0,0,0,0,0,0,0,0,0,0,0,0,0,0,0,0,0,0,0,0,0,0,0,0,0,0,0,0,0,0,0,0,0,0,0,0,0,0,9624023,0,0,9624023,0,0,9624023,0,0,9624023,0,0,9624023,0,0,12248756.55,0,0,9624023,0,0,9624023,0,0,9624023,0,0,9624023,0,0,9624023,0,0,9624023,0,0,9624023,0,0,9624023,0,0,9624023,0,0,9624023,0,0,9624023,0,0,9624023,0,0,9624023,0,0,9624023,0,0,9624023,0,0,9624023,0,0,9624023,0,0,9624023,0,0,9624023,0,0,9624023,0,0,9624023,0,0,9624023,0,0,9624023,0,0,9624023,0,0,9624023,0,0,9624023,0,0,9624023,0,0,9624023,0,0,9624023,0,0,9624023,0,0,9624023,0,0,9624023,0,0,9624023,0,0,9624023,0,0,26947264.41,0,0,9624023,0,0,9624023,0,0,9624023,0,0,9624023,0,0,9624023,0,0,9624023,0,0,9624023
0,1,Pfizer,2021-01-11,CV,0,0,0,0,0,0,0,0,0,0,0,0,0,0,0,0,0,0,0,0,0,0,0,0,0,0,0,0,0,0,0,0,0,0,0,0,0,0,0,0,0,0,0,0,0,0,0,0,0,0,3545692.69,0,0,3545692.69,0,0,3545692.69,0,0,3545692.69,0,0,3545692.69,0,0,4346332.97,0,0,3545692.69,0,0,3545692.69,0,0,3545692.69,0,0,3545692.69,0,0,3545692.69,0,0,3545692.69,0,0,3545692.69,0,0,3545692.69,0,0,3545692.69,0,0,3545692.69,0,0,3545692.69,0,0,3545692.69,0,0,3545692.69,0,0,3545692.69,0,0,3545692.69,0,0,3545692.69,0,0,3545692.69,0,0,3545692.69,0,0,3545692.69,0,0,3545692.69,0,0,3545692.69,0,0,3545692.69,0,0,3545692.69,0,0,3545692.69,0,0,3545692.69,0,0,3545692.69,0,0,3545692.69,0,0,3545692.69,0,0,3545692.69,0,0,3545692.69,0,0,3545692.69,0,0,3545692.69,0,0,3545692.69,0,0,3545692.69,0,0,19248046.01,0,0,3545692.69,0,0,3545692.69,0,0,3545692.69,0,0,3545692.69,0,0,3545692.69,0,0,3545692.69,0,0,3545692.69
0,1,Pfizer,2021-01-18,CV,0,0,0,0,0,0,0,0,0,0,0,0,0,0,0,0,0,0,0,0,0,0,0,0,0,0,0,0,0,0,0,0,0,0,0,0,0,0,0,0,0,0,0,0,0,0,0,0,0,0,3208007.67,0,0,3208007.67,0,0,3208007.67,0,0,3208007.67,0,0,3208007.67,0,0,3849609.2,0,0,3208007.67,0,0,3208007.67,0,0,3208007.67,0,0,3208007.67,0,0,3208007.67,0,0,3208007.67,0,0,3208007.67,0,0,3208007.67,0,0,3208007.67,0,0,3208007.67,0,0,3208007.67,0,0,3208007.67,0,0,3208007.67,0,0,3208007.67,0,0,3208007.67,0,0,3208007.67,0,0,3208007.67,0,0,3208007.67,0,0,3208007.67,0,0,3208007.67,0,0,3208007.67,0,0,3208007.67,0,0,3208007.67,0,0,3208007.67,0,0,3208007.67,0,0,3208007.67,0,0,3208007.67,0,0,3208007.67,0,0,3208007.67,0,0,3208007.67,0,0,3208007.67,0,0,3208007.67,0,0,3208007.67,0,0,3208007.67,0,0,19248046.01,0,0,3208007.67,0,0,3208007.67,0,0,3208007.67,0,0,3208007.67,0,0,3208007.67,0,0,3208007.67,0,0,3208007.67
0,1,Pfizer,2021-01-25,CV,0,0,0,0,0,0,0,0,0,0,0,0,0,0,0,0,0,0,0,0,0,0,0,0,0,0,0,0,0,0,0,0,0,0,0,0,0,0,0,0,0,0,0,0,0,0,0,0,0,0,4346332.97,0,0,4346332.97,0,0,4346332.97,0,0,4346332.97,0,0,4346332.97,0,0,4646080.07,0,0,4346332.97,0,0,4346332.97,0,0,4346332.97,0,0,4346332.97,0,0,4346332.97,0,0,4346332.97,0,0,4346332.97,0,0,4346332.97,0,0,4346332.97,0,0,4346332.97,0,0,4346332.97,0,0,4346332.97,0,0,4346332.97,0,0,4346332.97,0,0,4346332.97,0,0,4346332.97,0,0,4346332.97,0,0,4346332.97,0,0,4346332.97,0,0,4346332.97,0,0,4346332.97,0,0,4346332.97,0,0,4346332.97,0,0,4346332.97,0,0,4346332.97,0,0,4346332.97,0,0,4346332.97,0,0,4346332.97,0,0,4346332.97,0,0,4346332.97,0,0,4346332.97,0,0,4346332.97,0,0,4346332.97,0,0,4346332.97,0,0,19248046.01,0,0,4346332.97,0,0,4346332.97,0,0,4346332.97,0,0,4346332.97,0,0,4346332.97,0,0,4346332.97,0,0,4346332.97
0,2,Pfizer,2021-01-25,CV,0,0,0,0,0,0,0,0,0,0,0,0,0,0,0,0,0,0,0,0,0,0,0,0,0,0,0,0,0,0,0,0,0,0,0,0,0,0,0,0,0,0,0,0,0,0,0,0,0,0,12248756.55,0,0,12248756.55,0,0,12248756.55,0,0,12248756.55,0,0,12248756.55,0,0,22456053.68,0,0,12248756.55,0,0,12248756.55,0,0,12248756.55,0,0,12248756.55,0,0,12248756.55,0,0,12248756.55,0,0,12248756.55,0,0,12248756.55,0,0,12248756.55,0,0,12248756.55,0,0,12248756.55,0,0,12248756.55,0,0,12248756.55,0,0,12248756.55,0,0,12248756.55,0,0,12248756.55,0,0,12248756.55,0,0,12248756.55,0,0,12248756.55,0,0,12248756.55,0,0,12248756.55,0,0,12248756.55,0,0,12248756.55,0,0,12248756.55,0,0,12248756.55,0,0,12248756.55,0,0,12248756.55,0,0,12248756.55,0,0,12248756.55,0,0,12248756.55,0,0,12248756.55,0,0,12248756.55,0,0,12248756.55,0,0,12248756.55,,,0,0,0,12248756.55,0,0,12248756.55,0,0,12248756.55,0,0,12248756.55,0,0,12248756.55,0,0,12248756.55,0,0,12248756.55
0,2,Pfizer,2021-02-01,CV,0,0,0,0,0,0,0,0,0,0,0,0,0,0,0,0,0,0,0,0,0,0,0,0,0,0,0,0,0,0,0,0,0,0,0,0,0,0,0,0,0,0,0,0,0,0,0,0,0,0,5858100.96,0,0,5858100.96,0,0,5858100.96,0,0,5858100.96,0,0,5858100.96,0,0,8421020.13,0,0,5858100.96,0,0,5858100.96,0,0,5858100.96,0,0,5858100.96,0,0,5858100.96,0,0,5858100.96,0,0,5858100.96,0,0,5858100.96,0,0,5858100.96,0,0,5858100.96,0,0,5858100.96,0,0,5858100.96,0,0,5858100.96,0,0,5858100.96,0,0,5858100.96,0,0,5858100.96,0,0,5858100.96,0,0,5858100.96,0,0,5858100.96,0,0,5858100.96,0,0,5858100.96,0,0,5858100.96,0,0,5858100.96,0,0,5858100.96,0,0,5858100.96,0,0,5858100.96,0,0,5858100.96,0,0,5858100.96,0,0,5858100.96,0,0,5858100.96,0,0,5858100.96,0,0,5858100.96,0,0,5858100.96,0,0,5858100.96,,,0,0,0,5858100.96,0,0,5858100.96,0,0,5858100.96,0,0,5858100.96,0,0,5858100.96,0,0,5858100.96,0,0,5858100.96
0,2,Pfizer,2021-02-08,CV,0,0,0,0,0,0,0,0,0,0,0,0,0,0,0,0,0,0,0,0,0,0,0,0,0,0,0,0,0,0,0,0,0,0,0,0,0,0,0,0,0,0,0,0,0,0,0,0,0,0,3849609.2,0,0,3849609.2,0,0,3849609.2,0,0,3849609.2,0,0,3849609.2,0,0,4812011.5,0,0,3849609.2,0,0,3849609.2,0,0,3849609.2,0,0,3849609.2,0,0,3849609.2,0,0,3849609.2,0,0,3849609.2,0,0,3849609.2,0,0,3849609.2,0,0,3849609.2,0,0,3849609.2,0,0,3849609.2,0,0,3849609.2,0,0,3849609.2,0,0,3849609.2,0,0,3849609.2,0,0,3849609.2,0,0,3849609.2,0,0,3849609.2,0,0,3849609.2,0,0,3849609.2,0,0,3849609.2,0,0,3849609.2,0,0,3849609.2,0,0,3849609.2,0,0,3849609.2,0,0,3849609.2,0,0,3849609.2,0,0,3849609.2,0,0,3849609.2,0,0,3849609.2,0,0,3849609.2,0,0,3849609.2,0,0,3849609.2,,,0,0,0,3849609.2,0,0,3849609.2,0,0,3849609.2,0,0,3849609.2,0,0,3849609.2,0,0,3849609.2,0,0,3849609.2
0,2,Pfizer,2021-02-15,CV,0,0,0,0,0,0,0,0,0,0,0,0,0,0,0,0,0,0,0,0,0,0,0,0,0,0,0,0,0,0,0,0,0,0,0,0,0,0,0,0,0,0,0,0,0,0,0,0,0,0,3849609.2,0,0,3849609.2,0,0,3849609.2,0,0,3849609.2,0,0,3849609.2,0,0,4812011.5,0,0,3849609.2,0,0,3849609.2,0,0,3849609.2,0,0,3849609.2,0,0,3849609.2,0,0,3849609.2,0,0,3849609.2,0,0,3849609.2,0,0,3849609.2,0,0,3849609.2,0,0,3849609.2,0,0,3849609.2,0,0,3849609.2,0,0,3849609.2,0,0,3849609.2,0,0,3849609.2,0,0,3849609.2,0,0,3849609.2,0,0,3849609.2,0,0,3849609.2,0,0,3849609.2,0,0,3849609.2,0,0,3849609.2,0,0,3849609.2,0,0,3849609.2,0,0,3849609.2,0,0,3849609.2,0,0,3849609.2,0,0,3849609.2,0,0,3849609.2,0,0,3849609.2,0,0,3849609.2,0,0,3849609.2,0,0,3849609.2,,,0,0,0,3849609.2,0,0,3849609.2,0,0,3849609.2,0,0,3849609.2,0,0,3849609.2,0,0,3849609.2,0,0,3849609.2
0,2,Pfizer,2021-02-22,CV,0,0,0,0,0,0,0,0,0,0,0,0,0,0,0,0,0,0,0,0,0,0,0,0,0,0,0,0,0,0,0,0,0,0,0,0,0,0,0,0,0,0,0,0,0,0,0,0,0,0,3849609.2,0,0,3849609.2,0,0,3849609.2,0,0,3849609.2,0,0,3849609.2,0,0,4812011.5,0,0,3849609.2,0,0,3849609.2,0,0,3849609.2,0,0,3849609.2,0,0,3849609.2,0,0,3849609.2,0,0,3849609.2,0,0,3849609.2,0,0,3849609.2,0,0,3849609.2,0,0,3849609.2,0,0,3849609.2,0,0,3849609.2,0,0,3849609.2,0,0,3849609.2,0,0,3849609.2,0,0,3849609.2,0,0,3849609.2,0,0,3849609.2,0,0,3849609.2,0,0,3849609.2,0,0,3849609.2,0,0,3849609.2,0,0,3849609.2,0,0,3849609.2,0,0,3849609.2,0,0,3849609.2,0,0,3849609.2,0,0,3849609.2,0,0,3849609.2,0,0,3849609.2,0,0,3849609.2,0,0,3849609.2,0,0,3849609.2,,,0,0,0,3849609.2,0,0,3849609.2,0,0,3849609.2,0,0,3849609.2,0,0,3849609.2,0,0,3849609.2,0,0,3849609.2
0,2,Pfizer,2021-03-01,CV,0,0,0,0,0,0,0,0,0,0,0,0,0,0,0,0,0,0,0,0,0,0,0,0,0,0,0,0,0,0,0,0,0,0,0,0,0,0,0,0,0,0,0,0,0,0,0,0,0,0,3849609.2,0,0,3849609.2,0,0,3849609.2,0,0,3849609.2,0,0,3849609.2,0,0,4812011.5,0,0,3849609.2,0,0,3849609.2,0,0,3849609.2,0,0,3849609.2,0,0,3849609.2,0,0,3849609.2,0,0,3849609.2,0,0,3849609.2,0,0,3849609.2,0,0,3849609.2,0,0,3849609.2,0,0,3849609.2,0,0,3849609.2,0,0,3849609.2,0,0,3849609.2,0,0,3849609.2,0,0,3849609.2,0,0,3849609.2,0,0,3849609.2,0,0,3849609.2,0,0,3849609.2,0,0,3849609.2,0,0,3849609.2,0,0,3849609.2,0,0,3849609.2,0,0,3849609.2,0,0,3849609.2,0,0,3849609.2,0,0,3849609.2,0,0,3849609.2,0,0,3849609.2,0,0,3849609.2,0,0,3849609.2,0,0,3849609.2,,,0,0,0,3849609.2,0,0,3849609.2,0,0,3849609.2,0,0,3849609.2,0,0,3849609.2,0,0,3849609.2,0,0,3849609.2
0,2,Pfizer,2021-03-08,CV,0,0,0,0,0,0,0,0,0,0,0,0,0,0,0,0,0,0,0,0,0,0,0,0,0,0,0,0,0,0,0,0,0,0,0,0,0,0,0,0,0,0,0,0,0,0,0,0,0,0,3849609.2,0,0,3849609.2,0,0,3849609.2,0,0,3849609.2,0,0,3849609.2,0,0,4812011.5,0,0,3849609.2,0,0,3849609.2,0,0,3849609.2,0,0,3849609.2,0,0,3849609.2,0,0,3849609.2,0,0,3849609.2,0,0,3849609.2,0,0,3849609.2,0,0,3849609.2,0,0,3849609.2,0,0,3849609.2,0,0,3849609.2,0,0,3849609.2,0,0,3849609.2,0,0,3849609.2,0,0,3849609.2,0,0,3849609.2,0,0,3849609.2,0,0,3849609.2,0,0,3849609.2,0,0,3849609.2,0,0,3849609.2,0,0,3849609.2,0,0,3849609.2,0,0,3849609.2,0,0,3849609.2,0,0,3849609.2,0,0,3849609.2,0,0,3849609.2,0,0,3849609.2,0,0,3849609.2,0,0,3849609.2,0,0,3849609.2,,,0,0,0,3849609.2,0,0,3849609.2,0,0,3849609.2,0,0,3849609.2,0,0,3849609.2,0,0,3849609.2,0,0,3849609.2
0,1,J&J,2021-04-26,CV,0,0,0,0,0,0,0,0,0,0,0,0,0,0,0,0,0,0,0,0,0,0,0,0,0,0,0,0,0,0,0,0,0,0,0,0,0,0,0,0,0,0,0,0,0,0,0,0,0,0,11228026.84,0,0,11228026.84,0,0,11228026.84,0,0,11228026.84,0,0,11228026.84,0,0,11228026.84,0,0,11228026.84,0,0,11228026.84,0,0,11228026.84,0,0,11228026.84,0,0,11228026.84,0,0,11228026.84,0,0,11228026.84,0,0,11228026.84,0,0,11228026.84,0,0,11228026.84,0,0,11228026.84,0,0,11228026.84,0,0,11228026.84,0,0,11228026.84,0,0,11228026.84,0,0,11228026.84,0,0,11228026.84,0,0,11228026.84,0,0,11228026.84,0,0,11228026.84,0,0,11228026.84,0,0,11228026.84,0,0,11228026.84,0,0,11228026.84,0,0,11228026.84,0,0,11228026.84,0,0,11228026.84,0,0,11228026.84,0,0,11228026.84,0,0,11228026.84,0,0,11228026.84,0,0,11228026.84,0,0,11228026.84,0,0,11228026.84,,,0,0,0,11228026.84,0,0,11228026.84,0,0,11228026.84,0,0,11228026.84,0,0,11228026.84,0,0,11228026.84,0,0,11228026.84
0,1,J&J,2021-05-03,CV,0,0,0,0,0,0,0,0,0,0,0,0,0,0,0,0,0,0,0,0,0,0,0,0,0,0,0,0,0,0,0,0,0,0,0,0,0,0,0,0,0,0,0,0,0,0,0,0,0,0,9624023,0,0,9624023,0,0,9624023,0,0,9624023,0,0,9624023,0,0,9624023,0,0,9624023,0,0,9624023,0,0,9624023,0,0,9624023,0,0,9624023,0,0,9624023,0,0,9624023,0,0,9624023,0,0,9624023,0,0,9624023,0,0,9624023,0,0,9624023,0,0,9624023,0,0,9624023,0,0,9624023,0,0,9624023,0,0,9624023,0,0,9624023,0,0,9624023,0,0,9624023,0,0,9624023,0,0,9624023,0,0,9624023,0,0,9624023,0,0,9624023,0,0,9624023,0,0,9624023,0,0,9624023,0,0,9624023,0,0,9624023,0,0,9624023,0,0,9624023,0,0,9624023,0,0,9624023,,,0,0,0,9624023,0,0,9624023,0,0,9624023,0,0,9624023,0,0,9624023,0,0,9624023,0,0,9624023
0,1,J&J,2021-05-10,CV,0,0,0,0,0,0,0,0,0,0,0,0,0,0,0,0,0,0,0,0,0,0,0,0,0,0,0,0,0,0,0,0,0,0,0,0,0,0,0,0,0,0,0,0,0,0,0,0,0,0,9624023,0,0,9624023,0,0,9624023,0,0,9624023,0,0,9624023,0,0,9624023,0,0,9624023,0,0,9624023,0,0,9624023,0,0,9624023,0,0,9624023,0,0,9624023,0,0,9624023,0,0,9624023,0,0,9624023,0,0,9624023,0,0,9624023,0,0,9624023,0,0,9624023,0,0,9624023,0,0,9624023,0,0,9624023,0,0,9624023,0,0,9624023,0,0,9624023,0,0,9624023,0,0,9624023,0,0,9624023,0,0,9624023,0,0,9624023,0,0,9624023,0,0,9624023,0,0,9624023,0,0,9624023,0,0,9624023,0,0,9624023,0,0,9624023,0,0,9624023,0,0,9624023,0,0,9624023,,,0,0,0,9624023,0,0,9624023,0,0,9624023,0,0,9624023,0,0,9624023,0,0,9624023,0,0,9624023
0,1,J&J,2021-05-17,CV,0,0,0,0,0,0,0,0,0,0,0,0,0,0,0,0,0,0,0,0,0,0,0,0,0,0,0,0,0,0,0,0,0,0,0,0,0,0,0,0,0,0,0,0,0,0,0,0,0,0,9624023,0,0,9624023,0,0,9624023,0,0,9624023,0,0,9624023,0,0,9624023,0,0,9624023,0,0,9624023,0,0,9624023,0,0,9624023,0,0,9624023,0,0,9624023,0,0,9624023,0,0,9624023,0,0,9624023,0,0,9624023,0,0,9624023,0,0,9624023,0,0,9624023,0,0,9624023,0,0,9624023,0,0,9624023,0,0,9624023,0,0,9624023,0,0,9624023,0,0,9624023,0,0,9624023,0,0,9624023,0,0,9624023,0,0,9624023,0,0,9624023,0,0,9624023,0,0,9624023,0,0,9624023,0,0,9624023,0,0,9624023,0,0,9624023,0,0,9624023,0,0,9624023,0,0,9624023,,,0,0,0,9624023,0,0,9624023,0,0,9624023,0,0,9624023,0,0,9624023,0,0,9624023,0,0,9624023
0,1,Pfizer,2021-02-01,CV,0,0,0,0,0,0,0,0,0,0,0,0,0,0,0,0,0,0,0,0,0,0,0,0,0,0,0,0,0,0,0,0,0,0,0,0,0,0,0,0,0,0,0,0,0,0,0,0,0,0,6124378.28,0,0,6124378.28,0,0,6124378.28,0,0,7091385.37,0,0,6124378.28,0,0,7091385.37,0,0,6124378.28,0,0,6124378.28,0,0,7091385.37,0,0,7091385.37,0,0,6124378.28,0,0,6124378.28,0,0,6124378.28,0,0,6124378.28,0,0,6124378.28,0,0,6124378.28,0,0,6124378.28,0,0,6124378.28,0,0,6124378.28,0,0,6124378.28,0,0,6124378.28,0,0,6124378.28,0,0,6124378.28,0,0,6124378.28,0,0,6124378.28,0,0,6124378.28,0,0,6124378.28,0,0,6124378.28,0,0,6124378.28,0,0,7091385.37,0,0,7091385.37,0,0,6124378.28,0,0,6124378.28,0,0,6124378.28,0,0,6124378.28,0,0,6124378.28,0,0,6124378.28,0,0,6124378.28,0,0,6124378.28,0,0,6124378.28,0,0,19248046.01,0,0,6124378.28,0,0,6124378.28,0,0,6124378.28,0,0,7091385.37,0,0,6124378.28,0,0,7091385.37,0,0,6124378.28
0,1,Pfizer,2021-03-22,CV,0,0,0,0,0,0,1,1,0,0,0,0,0,0,0,0,0,0,0,0,0,0,0,0,0,0,0,0,0,0,0,0,0,0,0,0,0,1,0,0,0,1,0,1,0,0,0,0,0,0,336000.8,0,0,336000.8,0,0,336000.8,0,0,348155.87,0,0,359296.86,0,0,380611.08,92703.05,2347.04,516508.31,97922.25,2479.18,545587.87,0,0,361223.38,0,0,361223.38,0,0,336000.8,0,0,336000.8,0,0,336000.8,0,0,336000.8,0,0,336000.8,0,0,336000.8,0,0,348155.87,0,0,354569.27,0,0,336000.8,0,0,336000.8,0,0,336000.8,0,0,336000.8,0,0,336000.8,0,0,336000.8,0,0,336000.8,0,0,336000.8,0,0,336000.8,0,0,336000.8,0,0,336000.8,0,0,341970.36,0,0,341970.36,0,0,336000.8,0,0,336000.8,0,0,341970.36,0,0,341970.36,0,0,336000.8,0,0,336000.8,0,0,336000.8,0,0,336000.8,0,0,336000.8,326116.07,8256.54,1817002.45,0,0,336000.8,0,0,336000.8,0,0,336000.8,94379.84,2389.49,525850.84,0,0,341970.36,96118.42,2433.51,535537.57,0,0,336000.8
0,1,Pfizer,2021-03-29,CV,0,0,0,0,0,0,0,0,0,0,0,0,0,0,0,0,0,0,0,0,0,0,0,0,0,0,0,0,0,0,0,0,0,0,0,0,0,1,0,0,0,0,0,0,0,0,0,0,0,0,315541.74,0,0,315541.74,0,0,315541.74,0,0,327029.91,0,0,334333.31,0,0,345477.75,0,0,323108.69,0,0,341970.36,0,0,345477.75,0,0,345477.75,0,0,315541.74,0,0,315541.74,0,0,315541.74,0,0,315541.74,0,0,315541.74,0,0,315541.74,0,0,321566.4,0,0,323108.69,0,0,315541.74,0,0,315541.74,0,0,315541.74,0,0,315541.74,0,0,315541.74,0,0,315541.74,0,0,315541.74,0,0,315541.74,0,0,315541.74,0,0,315541.74,0,0,315541.74,0,0,321566.4,0,0,321566.4,0,0,315541.74,0,0,315541.74,0,0,317774.34,0,0,317774.34,0,0,315541.74,0,0,315541.74,0,0,315541.74,0,0,315541.74,0,0,315541.74,335091.74,8483.79,1867011.7,0,0,315541.74,0,0,315541.74,0,0,315541.74,0,0,329428.66,0,0,317774.34,0,0,331862.86,0,0,315541.74
0,1,Pfizer,2021-04-05,CV,0,0,0,0,0,0,0,0,0,0,0,0,0,0,0,0,0,0,0,0,0,0,0,0,0,0,0,0,0,0,0,0,0,0,0,0,0,1,0,0,0,0,0,0,0,0,0,0,0,0,236379.51,0,0,236379.51,0,0,236379.51,0,0,255182.43,0,0,249050.5,0,0,253263.76,0,0,237630.2,0,0,254219.48,0,0,259108.31,0,0,259108.31,0,0,236379.51,0,0,236379.51,0,0,236379.51,0,0,236379.51,0,0,236379.51,0,0,236379.51,0,0,242331.51,0,0,242331.51,0,0,236379.51,0,0,236379.51,0,0,236379.51,0,0,236379.51,0,0,236379.51,0,0,236379.51,0,0,236379.51,0,0,236379.51,0,0,237211.83,0,0,236379.51,0,0,236379.51,0,0,245869.2,0,0,245869.2,0,0,236379.51,0,0,236379.51,0,0,237211.83,0,0,237211.83,0,0,236379.51,0,0,236379.51,0,0,236379.51,0,0,236379.51,0,0,236379.51,332045.45,8406.66,1850038.86,0,0,236379.51,0,0,237211.83,0,0,236379.51,0,0,247222.61,0,0,237211.83,0,0,248133.19,0,0,236379.51
0,1,Pfizer,2021-02-22,CV,0,0,0,0,0,0,0,0,0,0,0,0,0,0,0,0,0,0,0,0,0,0,0,0,0,0,0,0,0,0,0,0,0,0,0,0,0,0,0,0,0,0,0,0,0,0,0,0,0,0,3962833,0,0,3962833,0,0,3962833,0,0,4990234.15,0,0,3962833,0,0,4990234.15,0,0,3962833,0,0,3962833,0,0,4990234.15,0,0,4990234.15,0,0,3962833,0,0,3962833,0,0,3962833,0,0,3962833,0,0,3962833,0,0,3962833,0,0,3962833,0,0,3962833,0,0,3962833,0,0,3962833,0,0,3962833,0,0,3962833,0,0,3962833,0,0,3962833,0,0,3962833,0,0,3962833,0,0,3962833,0,0,3962833,0,0,3962833,0,0,4990234.15,0,0,4990234.15,0,0,3962833,0,0,3962833,0,0,3962833,0,0,3962833,0,0,3962833,0,0,3962833,0,0,3962833,0,0,3962833,0,0,3962833,0,0,12248756.55,0,0,3962833,0,0,3962833,0,0,3962833,0,0,4990234.15,0,0,3962833,0,0,4990234.15,0,0,3962833
0,1,Pfizer,2021-02-08,CV,0,0,0,0,0,0,0,0,0,0,0,0,0,0,0,0,0,0,0,0,0,0,0,0,0,0,0,0,0,0,0,0,0,0,0,0,0,0,0,0,0,0,0,0,0,0,0,0,0,0,9624023,0,0,9624023,0,0,9624023,0,0,19248046.01,0,0,9624023,0,0,19248046.01,0,0,9624023,0,0,9624023,0,0,19248046.01,0,0,19248046.01,0,0,9624023,0,0,9624023,0,0,9624023,0,0,9624023,0,0,9624023,0,0,9624023,0,0,9624023,0,0,9624023,0,0,9624023,0,0,9624023,0,0,9624023,0,0,9624023,0,0,9624023,0,0,9624023,0,0,9624023,0,0,9624023,0,0,9624023,0,0,9624023,0,0,9624023,0,0,19248046.01,0,0,19248046.01,0,0,9624023,0,0,9624023,0,0,9624023,0,0,9624023,0,0,9624023,0,0,9624023,0,0,9624023,0,0,9624023,0,0,9624023,0,0,19248046.01,0,0,9624023,0,0,9624023,0,0,9624023,0,0,19248046.01,0,0,9624023,0,0,19248046.01,0,0,9624023
0,1,Pfizer,2021-02-15,CV,0,0,0,0,0,0,0,0,0,0,0,0,0,0,0,0,0,0,0,0,0,0,0,0,0,0,0,0,0,0,0,0,0,0,0,0,0,0,0,0,0,0,0,0,0,0,0,0,0,0,9624023,0,0,9624023,0,0,9624023,0,0,19248046.01,0,0,9624023,0,0,19248046.01,0,0,9624023,0,0,9624023,0,0,19248046.01,0,0,19248046.01,0,0,9624023,0,0,9624023,0,0,9624023,0,0,9624023,0,0,9624023,0,0,9624023,0,0,9624023,0,0,9624023,0,0,9624023,0,0,9624023,0,0,9624023,0,0,9624023,0,0,9624023,0,0,9624023,0,0,9624023,0,0,9624023,0,0,9624023,0,0,9624023,0,0,9624023,0,0,19248046.01,0,0,19248046.01,0,0,9624023,0,0,9624023,0,0,9624023,0,0,9624023,0,0,9624023,0,0,9624023,0,0,9624023,0,0,9624023,0,0,9624023,0,0,19248046.01,0,0,9624023,0,0,9624023,0,0,9624023,0,0,19248046.01,0,0,9624023,0,0,19248046.01,0,0,9624023
1,0,0,2020-01-06,CV,0,0,0,0,0,1,0,0,1,1,0,0,0,0,0,0,0,0,0,0,0,0,0,0,0,0,0,0,0,0,0,0,0,0,0,0,0,0,0,0,1,0,0,0,0,0,0,0,0,0,36843.4,0,0,36843.4,0,0,36773.01,0,0,38386.42,0,0,38125.73,10583.89,267.96,58969.65,0,0,37343.77,0,0,38963.66,10489.66,265.58,58444.65,10489.66,265.58,58444.65,0,0,36984.99,0,0,36984.99,0,0,36984.99,0,0,36984.99,0,0,36773.01,0,0,36773.01,0,0,37056.19,0,0,37199.43,0,0,36773.01,0,0,36773.01,0,0,36843.4,0,0,36773.01,0,0,36773.01,0,0,36773.01,0,0,36773.01,0,0,36773.01,0,0,36773.01,0,0,36843.4,0,0,36843.4,0,0,36914.06,0,0,37056.19,0,0,36773.01,0,0,36773.01,0,0,36914.06,0,0,36914.06,0,0,36773.01,0,0,36773.01,0,0,36773.01,0,0,36773.01,0,0,36773.01,0,0,77036.2,0,0,36773.01,0,0,36773.01,9968.61,252.38,55541.56,0,0,37489.24,0,0,36914.06,0,0,37635.84,0,0,36773.01
1,0,0,2020-01-13,CV,0,0,0,1,0,1,2,2,2,2,0,0,0,0,0,0,0,0,0,0,0,0,0,0,0,0,0,0,0,0,0,0,0,0,0,0,0,3,0,0,1,2,0,2,0,0,0,0,0,0,36984.99,0,0,36984.99,0,0,36914.06,10456.63,264.74,58260.6,0,0,38233.92,10627,269.05,59209.86,20359.53,2465.63,73545.63,21229.29,2570.97,76687.51,21100.52,2555.37,76222.33,21100.52,2555.37,76222.33,0,0,37127.67,0,0,37127.67,0,0,37127.67,0,0,37127.67,0,0,36914.06,0,0,36914.06,0,0,37199.43,0,0,37343.77,0,0,36914.06,0,0,36914.06,0,0,36984.99,0,0,36914.06,0,0,36914.06,0,0,36914.06,0,0,36914.06,0,0,36914.06,0,0,36914.06,0,0,36984.99,0,0,36984.99,0,0,37056.19,0,0,37199.43,0,0,36914.06,0,0,36914.06,0,0,37056.19,0,0,37056.19,0,0,36914.06,0,0,36914.06,0,0,36914.06,0,0,36914.06,0,0,36914.06,63119.24,13016.7,184461.2,0,0,36914.06,0,0,36914.06,10006.85,253.35,55754.6,20439.28,2475.29,73833.72,0,0,37056.19,20519.66,2485.03,74124.08,0,0,36914.06
1,0,0,2020-01-20,CV,0,0,0,1,0,0,0,0,0,0,0,0,0,0,0,0,0,0,0,0,0,0,0,0,0,0,0,0,0,0,0,0,0,0,0,0,0,0,0,0,0,0,0,0,0,0,0,0,0,0,37025.64,0,0,37025.64,0,0,36954.56,10489.66,265.58,58444.65,0,0,38277.36,0,0,39293.18,0,0,37677.94,0,0,39293.18,0,0,39042.69,0,0,39042.69,0,0,37168.64,0,0,37168.64,0,0,37168.64,0,0,37168.64,0,0,36954.56,0,0,36954.56,0,0,37240.55,0,0,37385.22,0,0,36954.56,0,0,36954.56,0,0,37025.64,0,0,36954.56,0,0,36954.56,0,0,36954.56,0,0,36954.56,0,0,36954.56,0,0,36954.56,0,0,37025.64,0,0,37025.64,0,0,37097,0,0,37240.55,0,0,36954.56,0,0,36954.56,0,0,37097,0,0,37097,0,0,36954.56,0,0,36954.56,0,0,36954.56,0,0,36954.56,0,0,36954.56,0,0,78244.09,0,0,36954.56,0,0,36954.56,0,0,36954.56,0,0,37826.03,0,0,37097,0,0,37975.29,0,0,36954.56
1,0,0,2020-01-27,CV,0,0,0,1,0,0,0,0,0,0,0,0,0,0,0,0,1,1,0,0,0,0,0,0,0,0,0,0,0,0,0,0,0,0,0,0,0,2,0,0,0,0,0,0,0,0,0,0,0,0,37178.9,0,0,37178.9,0,0,37107.22,10565.52,267.5,58867.31,0,0,38441.18,0,0,39465.82,0,0,37836.65,0,0,39465.82,0,0,39144.78,0,0,39144.78,0,0,37323.08,0,0,37323.08,0,0,37323.08,0,0,37323.08,0,0,37107.22,0,0,37107.22,10137.39,256.66,56481.9,10176.93,257.66,56702.22,0,0,37107.22,0,0,37107.22,0,0,37178.9,0,0,37107.22,0,0,37107.22,0,0,37107.22,0,0,37107.22,0,0,37107.22,0,0,37107.22,0,0,37178.9,0,0,37178.9,0,0,37250.85,0,0,37395.59,0,0,37107.22,0,0,37107.22,0,0,37250.85,0,0,37250.85,0,0,37107.22,0,0,37107.22,0,0,37107.22,0,0,37107.22,0,0,37107.22,42594.75,5158.42,153866.89,0,0,37107.22,0,0,37107.22,0,0,37107.22,0,0,37985.99,0,0,37250.85,0,0,38136.52,0,0,37107.22
1,0,0,2020-02-03,CV,0,0,0,0,0,0,0,1,0,0,0,0,0,0,0,0,0,0,0,0,0,0,0,1,0,0,0,0,0,0,0,0,0,0,0,0,0,0,0,1,0,0,0,0,0,0,0,0,0,0,37343.77,0,0,37343.77,0,0,37271.46,0,0,39167.54,0,0,38562.2,0,0,39593.39,0,0,38007.43,10755.3,272.3,59924.7,0,0,39327.59,0,0,39327.59,0,0,37489.24,0,0,37489.24,0,0,37489.24,0,0,37489.24,0,0,37271.46,0,0,37271.46,0,0,37635.84,0,0,37783.6,0,0,37271.46,0,0,37271.46,0,0,37343.77,0,0,37271.46,0,0,37271.46,0,0,37271.46,0,0,37271.46,0,0,37271.46,10109.33,255.95,56325.57,0,0,37343.77,0,0,37343.77,0,0,37416.36,0,0,37562.4,0,0,37271.46,0,0,37271.46,0,0,37416.36,0,0,37416.36,0,0,37271.46,0,0,37271.46,0,0,37271.46,0,0,37271.46,0,0,37271.46,0,0,79163.53,0,0,37271.46,10109.33,255.95,56325.57,0,0,37271.46,0,0,38158.12,0,0,37416.36,0,0,38310.01,0,0,37271.46
1,0,0,2020-02-10,CV,0,0,0,0,0,0,0,0,1,1,0,0,0,0,0,0,1,1,0,0,0,0,0,0,0,0,0,0,0,0,0,0,0,0,0,0,0,1,0,0,0,0,0,0,0,0,0,0,0,0,37447.56,0,0,37447.56,0,0,37374.85,0,0,39281.73,0,0,38650.69,0,0,39686.69,0,0,38114.94,0,0,39851.03,10695.46,270.79,59591.3,10695.46,270.79,59591.3,0,0,37593.84,0,0,37593.84,0,0,37593.84,0,0,37593.84,0,0,37374.85,0,0,37374.85,10231.09,259.03,57004,10271.37,260.05,57228.42,0,0,37374.85,0,0,37374.85,0,0,37447.56,0,0,37374.85,0,0,37374.85,0,0,37374.85,0,0,37374.85,0,0,37374.85,0,0,37447.56,0,0,37447.56,0,0,37447.56,0,0,37520.56,0,0,37667.41,0,0,37374.85,0,0,37374.85,0,0,37520.56,0,0,37520.56,0,0,37374.85,0,0,37374.85,0,0,37374.85,0,0,37374.85,0,0,37374.85,21510.6,544.6,119849.4,0,0,37374.85,0,0,37447.56,0,0,37374.85,0,0,38266.49,0,0,37520.56,0,0,38419.25,0,0,37374.85
1,0,0,2020-02-17,CV,0,0,0,0,0,0,0,0,0,0,0,0,0,0,0,0,0,0,0,0,0,0,0,0,0,0,0,0,0,0,0,0,0,0,0,0,0,0,0,0,0,0,0,0,0,0,0,0,0,0,37447.56,0,0,37447.56,0,0,37374.85,0,0,39281.73,0,0,38650.69,0,0,39686.69,0,0,38114.94,0,0,39851.03,0,0,39523.71,0,0,39523.71,0,0,37593.84,0,0,37593.84,0,0,37593.84,0,0,37593.84,0,0,37374.85,0,0,37374.85,0,0,37815.41,0,0,37964.59,0,0,37374.85,0,0,37374.85,0,0,37447.56,0,0,37374.85,0,0,37374.85,0,0,37374.85,0,0,37374.85,0,0,37374.85,0,0,37447.56,0,0,37447.56,0,0,37447.56,0,0,37520.56,0,0,37667.41,0,0,37374.85,0,0,37374.85,0,0,37520.56,0,0,37520.56,0,0,37374.85,0,0,37374.85,0,0,37374.85,0,0,37374.85,0,0,37374.85,0,0,79537.38,0,0,37374.85,0,0,37447.56,0,0,37374.85,0,0,38266.49,0,0,37520.56,0,0,38419.25,0,0,37374.85
1,0,0,2020-02-24,CV,0,0,0,0,0,0,1,1,1,1,0,0,0,0,0,0,1,1,0,0,0,0,0,0,0,0,0,0,0,0,0,0,0,0,0,0,0,2,0,0,1,1,0,1,0,0,0,0,0,0,37468.39,0,0,37468.39,0,0,37395.59,0,0,39281.73,0,0,38672.88,0,0,39686.69,10347.03,261.96,57649.94,10819.02,273.91,60279.7,10739.49,271.9,59836.6,10739.49,271.9,59836.6,0,0,37614.83,0,0,37614.83,0,0,37614.83,0,0,37614.83,0,0,37395.59,0,0,37395.59,10254.07,259.61,57132.03,10294.53,260.63,57357.46,0,0,37395.59,0,0,37395.59,0,0,37468.39,0,0,37395.59,0,0,37395.59,0,0,37395.59,0,0,37395.59,0,0,37395.59,0,0,37468.39,0,0,37468.39,0,0,37468.39,0,0,37541.47,0,0,37667.41,0,0,37395.59,0,0,37395.59,0,0,37541.47,0,0,37541.47,0,0,37395.59,0,0,37395.59,0,0,37395.59,0,0,37395.59,0,0,37395.59,43250.44,5237.83,156235.47,0,0,37395.59,0,0,37468.39,10137.39,256.66,56481.9,10388.23,263.01,57879.49,0,0,37541.47,10429.75,264.06,58110.87,0,0,37395.59
1,0,0,2020-03-02,CV,0,0,0,0,1,1,0,0,0,0,0,0,0,0,0,0,1,1,0,0,0,0,0,0,0,0,0,0,0,0,0,0,0,0,0,0,0,1,0,0,0,0,0,0,0,0,0,0,0,0,37667.41,0,0,37667.41,0,0,37593.84,0,0,39442.72,10541.13,266.88,58731.39,10803.02,273.51,60190.56,0,0,38419.25,0,0,40183.81,0,0,39851.03,0,0,39851.03,0,0,37815.41,0,0,37815.41,0,0,37815.41,0,0,37815.41,0,0,37593.84,0,0,37593.84,10323.63,261.37,57519.58,10364.64,262.41,57748.09,0,0,37593.84,0,0,37593.84,0,0,37667.41,0,0,37593.84,0,0,37593.84,0,0,37593.84,0,0,37593.84,0,0,37593.84,0,0,37667.41,0,0,37667.41,0,0,37667.41,0,0,37741.27,0,0,37815.41,0,0,37593.84,0,0,37593.84,0,0,37741.27,0,0,37741.27,0,0,37593.84,0,0,37593.84,0,0,37593.84,0,0,37593.84,0,0,37593.84,21871.26,553.73,121858.85,0,0,37593.84,0,0,37667.41,0,0,37593.84,0,0,38573.24,0,0,37741.27,0,0,38728.46,0,0,37593.84
1,0,0,2020-03-09,CV,0,0,0,1,1,1,0,0,1,1,0,0,0,0,0,0,0,0,0,0,0,0,0,0,0,0,0,0,0,0,0,0,0,0,0,0,0,0,0,0,1,0,0,0,0,0,0,1,0,0,37847.28,0,0,37847.28,0,0,37773.01,10748.97,272.14,59889.43,10623.91,268.97,59192.63,10889.98,275.71,60675.1,0,0,38606.4,0,0,40388.59,10860.84,274.97,60512.72,10860.84,274.97,60512.72,0,0,37996.71,0,0,37996.71,0,0,37996.71,0,0,37996.71,0,0,37773.01,0,0,37773.01,0,0,38299.13,0,0,38452.15,0,0,37773.01,0,0,37773.01,0,0,37847.28,0,0,37773.01,0,0,37773.01,10251.19,259.54,57115.99,0,0,37773.01,0,0,37773.01,0,0,37847.28,0,0,37847.28,0,0,37847.28,0,0,37921.85,0,0,37996.71,0,0,37773.01,0,0,37773.01,0,0,37921.85,0,0,37921.85,0,0,37773.01,0,0,37773.01,0,0,37773.01,0,0,37773.01,0,0,37773.01,0,0,80874.14,0,0,37773.01,0,0,37847.28,10239.7,259.25,57051.94,0,0,38761.89,0,0,37921.85,0,0,38918.64,0,0,37773.01
1,0,0,2020-03-16,CV,0,0,0,1,1,1,0,1,2,2,0,0,0,0,0,0,0,0,0,0,0,0,0,0,0,0,0,0,0,0,0,0,0,0,0,0,0,1,0,0,0,0,0,0,0,0,0,0,0,0,37889.85,0,0,37889.85,0,0,37815.41,10787.06,273.1,60101.68,10667.35,270.07,59434.66,10935.63,276.87,60929.42,0,0,38650.69,10968.47,277.7,61112.39,21838.57,2644.75,78888.41,21838.57,2644.75,78888.41,0,0,38039.62,0,0,38039.62,0,0,38039.62,0,0,38039.62,0,0,37815.41,0,0,37815.41,0,0,38342.72,0,0,38496.09,0,0,37815.41,0,0,37815.41,0,0,37889.85,0,0,37815.41,0,0,37815.41,0,0,37889.85,0,0,37815.41,0,0,37815.41,0,0,37889.85,0,0,37889.85,0,0,37889.85,0,0,37964.59,0,0,38039.62,0,0,37815.41,0,0,37815.41,0,0,37964.59,0,0,37964.59,0,0,37815.41,0,0,37815.41,0,0,37815.41,0,0,37815.41,0,0,37815.41,21963.32,556.06,122371.78,0,0,37815.41,0,0,37889.85,0,0,37815.41,0,0,38806.54,0,0,37964.59,0,0,38963.66,0,0,37815.41
1,0,0,2020-03-23,CV,0,0,0,0,0,0,0,0,1,1,0,0,0,0,0,0,0,0,0,0,0,0,0,0,0,0,0,0,0,0,0,0,0,0,0,0,0,0,0,0,0,0,0,0,0,0,0,0,0,0,37964.59,0,0,37964.59,0,0,37889.85,0,0,39933.71,0,0,39442.72,0,0,40437.07,0,0,38728.46,0,0,40607.69,10961.88,277.53,61075.71,10961.88,277.53,61075.71,0,0,38114.94,0,0,38114.94,0,0,38114.94,0,0,38114.94,0,0,37889.85,0,0,37889.85,0,0,38419.25,0,0,38573.24,0,0,37889.85,0,0,37889.85,0,0,37964.59,0,0,37889.85,0,0,37889.85,0,0,37964.59,0,0,37889.85,0,0,37889.85,0,0,37964.59,0,0,37964.59,0,0,37964.59,0,0,38039.62,0,0,38114.94,0,0,37889.85,0,0,37889.85,0,0,38039.62,0,0,38039.62,0,0,37889.85,0,0,37889.85,0,0,37889.85,0,0,37889.85,0,0,37889.85,0,0,81215.38,0,0,37889.85,0,0,37964.59,0,0,37889.85,0,0,38884.94,0,0,38039.62,0,0,39042.69,0,0,37889.85
1,0,0,2020-03-30,CV,0,0,0,0,0,1,0,1,1,1,0,0,0,0,0,0,0,0,0,0,0,0,0,1,0,0,1,1,0,0,0,0,0,0,0,0,0,0,0,1,0,1,0,1,0,0,0,0,0,0,37985.99,0,0,37985.99,0,0,37911.18,0,0,39957.39,0,0,39465.82,10984.96,278.12,61204.29,0,0,38750.74,11031.41,279.29,61463.09,10998.19,278.45,61278.01,10998.19,278.45,61278.01,0,0,38136.52,0,0,38136.52,0,0,38136.52,0,0,38136.52,0,0,37911.18,0,0,37911.18,0,0,38441.18,0,0,38595.34,0,0,37911.18,0,0,37911.18,0,0,37985.99,0,0,37911.18,0,0,37911.18,0,0,37985.99,0,0,37911.18,0,0,37911.18,10303.24,260.86,57406,0,0,37985.99,0,0,37985.99,10323.63,261.37,57519.58,10344.1,261.89,57633.61,0,0,37911.18,0,0,37911.18,0,0,38061.11,0,0,38061.11,0,0,37911.18,0,0,37911.18,0,0,37911.18,0,0,37911.18,0,0,37911.18,0,0,81313.41,0,0,37911.18,10303.24,260.86,57406,0,0,37911.18,10553.31,267.19,58799.27,0,0,38061.11,10596.17,268.27,59038.08,0,0,37911.18
1,0,0,2020-04-06,CV,0,0,0,0,0,0,0,1,0,0,0,0,0,0,0,0,1,1,0,0,0,0,0,0,0,0,0,0,0,0,0,0,0,0,0,0,0,1,0,0,1,0,0,0,0,0,0,0,0,0,38136.52,0,0,38136.52,0,0,38061.11,0,0,40123.98,0,0,39628.33,0,0,40718.14,0,0,38907.4,11095.08,280.9,61817.82,0,0,40804.46,0,0,40804.46,0,0,38288.24,0,0,38288.24,0,0,38288.24,0,0,38288.24,0,0,38061.11,0,0,38061.11,10471.62,265.12,58344.12,10513.82,266.19,58579.24,0,0,38061.11,0,0,38061.11,0,0,38136.52,0,0,38061.11,0,0,38061.11,0,0,38114.94,0,0,38061.11,0,0,38061.11,0,0,38212.23,0,0,38136.52,0,0,38136.52,0,0,38288.24,0,0,38364.56,0,0,38061.11,0,0,38061.11,0,0,38212.23,0,0,38212.23,0,0,38061.11,0,0,38061.11,0,0,38061.11,0,0,38061.11,0,0,38061.11,22230.68,562.83,123861.4,0,0,38061.11,0,0,38212.23,10317.8,261.22,57487.08,0,0,39144.78,0,0,38212.23,0,0,39304.64,0,0,38061.11
1,0,0,2020-04-13,CV,0,0,0,0,0,0,0,0,0,0,0,0,0,0,0,0,0,0,0,0,0,0,0,0,0,0,0,0,0,0,0,0,0,0,0,0,0,0,0,0,0,0,0,0,0,0,0,1,0,0,38190.57,0,0,38190.57,0,0,38114.94,0,0,40183.81,0,0,39686.69,0,0,40779.76,0,0,38963.66,0,0,41040.61,0,0,40866.34,0,0,40866.34,0,0,38342.72,0,0,38342.72,0,0,38342.72,0,0,38342.72,0,0,38114.94,0,0,38114.94,0,0,38728.46,0,0,38884.94,0,0,38114.94,0,0,38114.94,0,0,38190.57,0,0,38114.94,0,0,38114.94,10347.03,261.96,57649.94,0,0,38114.94,0,0,38114.94,0,0,38266.49,0,0,38190.57,0,0,38190.57,0,0,38342.72,0,0,38419.25,0,0,38114.94,0,0,38114.94,0,0,38266.49,0,0,38266.49,0,0,38114.94,0,0,38114.94,0,0,38114.94,0,0,38114.94,0,0,38114.94,0,0,82256.61,0,0,38114.94,0,0,38266.49,0,0,38114.94,0,0,39201.72,0,0,38266.49,0,0,39362.06,0,0,38114.94
1,0,0,2020-04-20,CV,0,0,0,1,0,0,0,1,0,0,0,0,0,0,0,0,0,0,0,0,0,0,0,0,0,0,0,0,0,0,0,0,0,0,0,0,0,1,0,0,0,0,0,0,0,0,0,0,0,0,38277.36,0,0,38277.36,0,0,38201.4,10925.82,276.62,60874.75,0,0,39780.43,0,0,40878.74,0,0,39054.01,11159.49,282.53,62176.68,0,0,40965.74,0,0,40965.74,0,0,38430.21,0,0,38430.21,0,0,38430.21,0,0,38430.21,0,0,38201.4,0,0,38201.4,0,0,38817.72,0,0,38974.93,0,0,38201.4,0,0,38201.4,0,0,38277.36,0,0,38201.4,0,0,38201.4,0,0,38277.36,0,0,38201.4,0,0,38201.4,0,0,38353.64,0,0,38277.36,0,0,38277.36,0,0,38430.21,0,0,38507.09,0,0,38201.4,0,0,38201.4,0,0,38353.64,0,0,38353.64,0,0,38201.4,0,0,38201.4,0,0,38201.4,0,0,38201.4,0,0,38201.4,22476.92,569.07,125233.4,0,0,38201.4,0,0,38353.64,0,0,38201.4,0,0,39293.18,0,0,38353.64,0,0,39454.27,0,0,38201.4
1,0,0,2020-04-27,CV,0,0,0,0,0,0,0,0,1,1,0,0,0,0,0,0,0,0,0,0,0,0,0,0,0,0,0,0,0,0,0,0,0,0,0,0,0,1,0,0,0,0,0,0,0,0,0,0,0,0,38342.72,0,0,38342.72,0,0,38266.49,0,0,40437.07,0,0,39851.03,0,0,40953.29,0,0,39122.04,0,0,41304.82,11135.67,281.93,62043.99,11135.67,281.93,62043.99,0,0,38496.09,0,0,38496.09,0,0,38496.09,0,0,38496.09,0,0,38266.49,0,0,38266.49,0,0,38884.94,0,0,39042.69,0,0,38266.49,0,0,38266.49,0,0,38342.72,0,0,38266.49,0,0,38266.49,0,0,38342.72,0,0,38266.49,0,0,38266.49,0,0,38419.25,0,0,38342.72,0,0,38342.72,0,0,38496.09,0,0,38573.24,0,0,38266.49,0,0,38266.49,0,0,38419.25,0,0,38419.25,0,0,38266.49,0,0,38266.49,0,0,38266.49,0,0,38266.49,0,0,38266.49,22574.17,571.53,125775.2,0,0,38266.49,0,0,38419.25,0,0,38266.49,0,0,39362.06,0,0,38419.25,0,0,39523.71,0,0,38266.49
1,0,0,2020-05-04,CV,0,0,0,0,0,0,1,1,0,0,0,0,0,0,0,0,0,0,0,0,0,0,0,0,0,0,0,0,0,0,0,0,0,0,0,0,0,1,0,0,1,1,0,1,0,0,0,0,0,0,38408.3,0,0,38408.3,0,0,38331.81,0,0,40510.02,0,0,39921.87,0,0,41028.11,10633.19,269.21,59244.33,11228.1,284.27,62558.95,0,0,41203.77,0,0,41203.77,0,0,38562.2,0,0,38562.2,0,0,38562.2,0,0,38562.2,0,0,38331.81,0,0,38331.81,0,0,38952.39,0,0,39110.69,0,0,38331.81,0,0,38331.81,0,0,38408.3,0,0,38331.81,0,0,38331.81,0,0,38408.3,0,0,38331.81,0,0,38331.81,0,0,38485.1,0,0,38408.3,0,0,38408.3,0,0,38562.2,0,0,38639.61,0,0,38331.81,0,0,38331.81,0,0,38485.1,0,0,38485.1,0,0,38331.81,0,0,38331.81,0,0,38331.81,0,0,38331.81,0,0,38331.81,22686.34,574.37,126400.17,0,0,38331.81,0,0,38485.1,10391.18,263.08,57895.95,10698.59,270.86,59608.75,0,0,38485.1,10742.65,271.98,59854.2,0,0,38331.81
1,0,0,2020-05-11,CV,0,0,0,1,1,0,0,0,0,0,0,0,0,0,0,0,0,0,0,0,0,0,0,0,0,0,0,0,0,0,0,0,0,0,0,0,0,1,0,0,2,0,0,0,0,0,0,0,0,0,38584.28,0,0,38584.28,0,0,38507.09,11034.74,279.38,61481.65,10877.01,275.38,60602.82,0,0,41228.98,0,0,39454.27,0,0,41675.32,0,0,41342.84,0,0,41342.84,0,0,38739.6,0,0,38739.6,0,0,38739.6,0,0,38739.6,0,0,38507.09,0,0,38507.09,0,0,39133.41,0,0,39293.18,0,0,38507.09,0,0,38507.09,0,0,38584.28,0,0,38507.09,0,0,38507.09,0,0,38551.17,0,0,38507.09,0,0,38507.09,0,0,38661.79,0,0,38584.28,0,0,38584.28,0,0,38739.6,0,0,38817.72,0,0,38507.09,0,0,38507.09,0,0,38661.79,0,0,38661.79,0,0,38507.09,0,0,38507.09,0,0,38507.09,0,0,38507.09,0,0,38507.09,23044.16,583.43,128393.86,0,0,38507.09,0,0,38661.79,20877.39,2528.35,75416.32,0,0,39698.39,0,0,38661.79,0,0,39862.82,0,0,38507.09
1,0,0,2020-05-18,CV,0,0,0,0,0,0,0,0,0,0,0,0,0,0,0,0,0,0,0,0,0,0,0,0,0,0,0,0,0,0,0,0,0,0,0,0,0,1,0,0,0,0,0,0,0,0,0,0,0,0,38795.37,0,0,38795.37,0,0,38717.33,0,0,40940.85,0,0,40267.88,0,0,41304.82,0,0,39675.01,0,0,41869.58,0,0,41444.58,0,0,41444.58,0,0,38952.39,0,0,38952.39,0,0,38952.39,0,0,38952.39,0,0,38717.33,0,0,38717.33,0,0,39270.28,0,0,39431.17,0,0,38717.33,0,0,38717.33,0,0,38795.37,0,0,38717.33,0,0,38717.33,0,0,38717.33,0,0,38717.33,0,0,38717.33,0,0,38795.37,0,0,38795.37,0,0,38795.37,0,0,38873.72,0,0,38952.39,0,0,38717.33,0,0,38717.33,0,0,38873.72,0,0,38873.72,0,0,38717.33,0,0,38717.33,0,0,38717.33,0,0,38717.33,0,0,38717.33,23219.96,587.88,129373.35,0,0,38717.33,0,0,38795.37,0,0,38717.33,0,0,39839.24,0,0,38873.72,0,0,40004.85,0,0,38717.33
1,0,0,2020-05-25,CV,0,0,0,0,0,2,0,1,2,2,0,0,0,0,0,0,0,0,0,0,1,0,0,0,0,0,0,0,0,0,0,0,0,0,0,0,0,0,0,0,0,0,0,0,0,0,0,0,0,0,38884.94,0,0,38884.94,0,0,38806.54,0,0,41040.61,0,0,40267.88,22428.62,2716.21,81019.87,0,0,39768.69,11367.88,287.81,63337.78,22525.44,2727.94,81369.63,22525.44,2727.94,81369.63,0,0,39042.69,0,0,39042.69,0,0,39042.69,0,0,39042.69,0,0,38806.54,0,0,38806.54,0,0,39362.06,0,0,39523.71,0,0,38806.54,0,0,38806.54,0,0,38884.94,0,0,38806.54,10532.01,266.65,58680.59,0,0,38806.54,0,0,38806.54,0,0,38806.54,0,0,38884.94,0,0,38884.94,0,0,38884.94,0,0,38963.66,0,0,39042.69,0,0,38806.54,0,0,38806.54,0,0,38963.66,0,0,38963.66,0,0,38806.54,0,0,38806.54,0,0,38806.54,0,0,38806.54,0,0,38806.54,0,0,86314.11,0,0,38806.54,0,0,38884.94,0,0,38806.54,0,0,39933.71,0,0,38963.66,0,0,40100.1,0,0,38806.54
1,0,0,2020-06-01,CV,0,0,0,0,1,1,1,1,1,1,0,0,0,0,0,0,0,0,0,0,0,0,0,0,0,0,0,0,0,0,0,0,0,0,0,0,0,0,0,0,0,1,0,1,0,0,0,0,0,0,38884.94,0,0,38884.94,0,0,38806.54,0,0,41040.61,10925.82,276.62,60874.75,11255.78,284.97,62713.18,10790.25,273.19,60119.43,11403.37,288.71,63535.52,11294.06,285.94,62926.49,11294.06,285.94,62926.49,0,0,39042.69,0,0,39042.69,0,0,39042.69,0,0,39042.69,0,0,38806.54,0,0,38806.54,0,0,39362.06,0,0,39523.71,0,0,38806.54,0,0,38806.54,0,0,38884.94,0,0,38806.54,0,0,38884.94,0,0,38806.54,0,0,38806.54,0,0,38806.54,0,0,38884.94,0,0,38884.94,0,0,38884.94,0,0,38963.66,0,0,39042.69,0,0,38806.54,0,0,38806.54,0,0,38963.66,0,0,38963.66,0,0,38806.54,0,0,38806.54,0,0,38806.54,0,0,38806.54,0,0,38806.54,0,0,86314.11,0,0,38806.54,0,0,38884.94,0,0,38806.54,10835.06,274.32,60369.11,0,0,38963.66,10880.25,275.46,60620.87,0,0,38806.54
1,0,0,2020-06-08,CV,0,0,0,0,0,0,0,0,0,0,0,0,0,0,0,0,0,0,0,0,0,0,0,0,0,0,0,0,0,0,0,0,0,0,0,0,0,0,0,0,0,0,0,0,0,0,0,0,0,0,38884.94,0,0,38884.94,0,0,38806.54,0,0,41040.61,0,0,40352.3,0,0,41572.45,0,0,39851.03,0,0,42118.26,0,0,41752.81,0,0,41752.81,0,0,39042.69,0,0,39042.69,0,0,39042.69,0,0,39042.69,0,0,38806.54,0,0,38806.54,0,0,39362.06,0,0,39523.71,0,0,38806.54,0,0,38806.54,0,0,38884.94,0,0,38806.54,0,0,38884.94,0,0,38806.54,0,0,38806.54,0,0,38806.54,0,0,38884.94,0,0,38884.94,0,0,38884.94,0,0,38963.66,0,0,39042.69,0,0,38806.54,0,0,38806.54,0,0,38963.66,0,0,38963.66,0,0,38806.54,0,0,38806.54,0,0,38806.54,0,0,38806.54,0,0,38806.54,0,0,86314.11,0,0,38806.54,0,0,38884.94,0,0,38806.54,0,0,40016.73,0,0,38963.66,0,0,40183.81,0,0,38806.54
1,0,0,2020-06-15,CV,0,0,0,0,0,0,0,0,0,0,0,0,0,0,0,0,0,0,0,0,0,0,0,0,0,0,0,0,0,0,0,0,0,0,0,0,0,0,0,0,2,0,0,0,0,0,0,0,0,0,38941.13,0,0,38941.13,0,0,38862.51,0,0,41103.21,0,0,40412.81,0,0,41636.69,0,0,39910.05,0,0,42184.2,0,0,41817.6,0,0,41817.6,0,0,39099.34,0,0,39099.34,0,0,39099.34,0,0,39099.34,0,0,38862.51,0,0,38862.51,0,0,39419.64,0,0,39581.76,0,0,38862.51,0,0,38862.51,0,0,38941.13,0,0,38862.51,0,0,38941.13,0,0,38862.51,0,0,38862.51,0,0,38862.51,0,0,38941.13,0,0,38941.13,0,0,38941.13,0,0,39020.08,0,0,39099.34,0,0,38862.51,0,0,38862.51,0,0,39020.08,0,0,39020.08,0,0,38862.51,0,0,38862.51,0,0,38862.51,0,0,38862.51,0,0,38862.51,0,0,86314.11,0,0,38862.51,0,0,38941.13,21070.09,2551.69,76112.41,0,0,40076.24,0,0,39020.08,0,0,40243.82,0,0,38862.51
1,0,0,2020-06-22,CV,0,0,0,0,0,0,0,0,0,0,0,0,0,0,0,0,0,0,0,0,0,0,0,0,0,0,0,0,0,0,0,0,0,0,0,0,0,0,0,0,0,0,0,0,0,0,0,0,0,0,39144.78,0,0,39144.78,0,0,39065.33,0,0,41317.49,0,0,40632.18,0,0,41843.58,0,0,40123.98,0,0,42409.92,0,0,42039.41,0,0,42039.41,0,0,39304.64,0,0,39304.64,0,0,39304.64,0,0,39304.64,0,0,39065.33,0,0,39065.33,0,0,39616.68,0,0,39780.43,0,0,39065.33,0,0,39065.33,0,0,39144.78,0,0,39065.33,0,0,39133.41,0,0,39065.33,0,0,39065.33,0,0,39065.33,0,0,39144.78,0,0,39144.78,0,0,39144.78,0,0,39224.55,0,0,39304.64,0,0,39065.33,0,0,39065.33,0,0,39224.55,0,0,39224.55,0,0,39065.33,0,0,39065.33,0,0,39065.33,0,0,39065.33,0,0,39065.33,0,0,86314.11,0,0,39065.33,0,0,39144.78,0,0,39065.33,0,0,40291.96,0,0,39224.55,0,0,40461.36,0,0,39065.33
1,0,0,2020-06-29,CV,0,0,0,0,0,0,0,0,0,0,0,0,0,0,0,0,0,0,0,0,0,0,0,0,0,0,0,0,0,0,0,0,0,0,0,0,0,1,0,0,0,0,0,0,0,0,0,0,0,0,39281.73,0,0,39281.73,0,0,39201.72,0,0,41393.65,0,0,40779.76,0,0,41843.58,0,0,40267.88,0,0,42490.17,0,0,42118.26,0,0,42118.26,0,0,39442.72,0,0,39442.72,0,0,39442.72,0,0,39442.72,0,0,39201.72,0,0,39201.72,0,0,39686.69,0,0,39851.03,0,0,39201.72,0,0,39201.72,0,0,39281.73,0,0,39201.72,0,0,39201.72,0,0,39201.72,0,0,39201.72,0,0,39201.72,0,0,39281.73,0,0,39281.73,0,0,39281.73,0,0,39362.06,0,0,39442.72,0,0,39201.72,0,0,39201.72,0,0,39362.06,0,0,39362.06,0,0,39201.72,0,0,39201.72,0,0,39201.72,0,0,39201.72,0,0,39201.72,23443.52,593.54,130618.92,0,0,39201.72,0,0,39281.73,0,0,39201.72,0,0,40437.07,0,0,39362.06,0,0,40607.69,0,0,39201.72
1,0,0,2020-07-06,CV,0,0,0,0,1,1,0,0,2,2,0,0,0,0,0,0,0,0,0,0,0,0,0,0,0,0,0,0,0,0,1,1,0,0,0,0,0,1,0,0,2,0,1,1,0,0,0,0,0,0,39385.07,0,0,39385.07,0,0,39304.64,0,0,41508.42,11088.34,280.73,61780.29,11378.5,288.08,63396.97,0,0,40376.48,0,0,42611.11,22892.51,2772.39,82695.62,22892.51,2772.39,82695.62,0,0,39546.91,0,0,39546.91,0,0,39546.91,0,0,39546.91,0,0,39304.64,0,0,39304.64,0,0,39792.18,0,0,39957.39,0,0,39304.64,0,0,39304.64,0,0,39385.07,0,0,39304.64,0,0,39304.64,0,0,39304.64,0,0,39304.64,0,0,39304.64,0,0,39385.07,0,0,39385.07,0,0,39385.07,0,0,39465.82,0,0,39546.91,0,0,39304.64,0,0,39304.64,10711.14,271.18,59678.67,10711.14,271.18,59678.67,0,0,39304.64,0,0,39304.64,0,0,39304.64,0,0,39304.64,0,0,39304.64,23594.96,597.37,131462.71,0,0,39304.64,0,0,39385.07,21309.8,2580.72,76978.33,0,0,40546.59,10711.14,271.18,59678.67,11051.44,279.8,61574.67,0,0,39304.64
1,0,0,2020-07-13,CV,0,0,0,3,0,0,1,1,0,0,0,0,0,0,0,0,1,1,0,0,0,0,0,0,0,0,0,0,0,0,0,0,0,0,0,0,0,0,0,0,0,1,0,1,0,0,0,0,0,0,39523.71,0,0,39523.71,0,0,39442.72,33976.74,7006.82,99294.46,0,0,41128.3,0,0,42210.63,11001.51,278.53,61296.47,11613.67,294.03,64707.24,0,0,42490.17,0,0,42490.17,0,0,39686.69,0,0,39686.69,0,0,39686.69,0,0,39686.69,0,0,39442.72,0,0,39442.72,10831.85,274.24,60351.21,10877.01,275.38,60602.82,0,0,39442.72,0,0,39442.72,0,0,39523.71,0,0,39442.72,0,0,39442.72,0,0,39442.72,0,0,39442.72,0,0,39442.72,0,0,39523.71,0,0,39523.71,0,0,39523.71,0,0,39605.03,0,0,39686.69,0,0,39442.72,0,0,39442.72,0,0,39686.69,0,0,39686.69,0,0,39442.72,0,0,39442.72,0,0,39442.72,0,0,39442.72,0,0,39442.72,0,0,87095.23,0,0,39442.72,0,0,39523.71,0,0,39442.72,11048.09,279.71,61556.04,0,0,39686.69,11118.72,281.5,61949.55,0,0,39442.72
1,0,0,2020-07-20,CV,0,0,0,0,1,1,0,1,0,0,0,0,0,0,0,0,0,0,0,0,0,0,0,0,0,0,0,0,0,0,0,0,0,0,0,0,0,0,0,0,0,0,0,0,0,0,0,0,0,0,39570.14,0,0,39570.14,0,0,39488.96,0,0,41987.01,11169.72,282.79,62233.72,11464.22,290.25,63874.54,0,0,40656.71,11643.29,294.78,64872.26,0,0,42543.83,0,0,42543.83,0,0,39733.51,0,0,39733.51,0,0,39733.51,0,0,39733.51,0,0,39488.96,0,0,39488.96,0,0,40064.32,0,0,40231.81,0,0,39488.96,0,0,39488.96,0,0,39570.14,0,0,39488.96,0,0,39488.96,0,0,39488.96,0,0,39488.96,0,0,39488.96,0,0,39570.14,0,0,39570.14,0,0,39570.14,0,0,39651.65,0,0,39733.51,0,0,39488.96,0,0,39488.96,0,0,39733.51,0,0,39733.51,0,0,39488.96,0,0,39488.96,0,0,39488.96,0,0,39488.96,0,0,39488.96,0,0,87207.98,0,0,39488.96,0,0,39570.14,0,0,39488.96,0,0,40829.19,0,0,39733.51,0,0,41090.67,0,0,39488.96
1,0,0,2020-07-27,CV,0,0,0,1,0,0,0,0,0,0,0,0,0,0,0,0,0,0,0,0,0,0,0,0,0,0,0,0,0,0,0,0,0,0,0,0,0,1,0,0,0,0,0,0,0,0,0,0,0,0,39792.18,0,0,39792.18,0,0,39710.09,11471.42,290.43,63914.66,0,0,41508.42,0,0,42611.11,0,0,40891.14,0,0,43254.04,0,0,42800.61,0,0,42800.61,0,0,39957.39,0,0,39957.39,0,0,39957.39,0,0,39957.39,0,0,39710.09,0,0,39710.09,0,0,40291.96,0,0,40461.36,0,0,39710.09,0,0,39710.09,0,0,39792.18,0,0,39710.09,0,0,39710.09,0,0,39710.09,0,0,39710.09,0,0,39710.09,0,0,39792.18,0,0,39792.18,0,0,39792.18,0,0,39874.61,0,0,39957.39,0,0,39710.09,0,0,39710.09,0,0,39957.39,0,0,39957.39,0,0,39710.09,0,0,39710.09,0,0,39710.09,0,0,39710.09,0,0,39710.09,23763.83,601.65,132403.56,0,0,39710.09,0,0,39792.18,0,0,39710.09,0,0,41065.63,0,0,39957.39,0,0,41330.16,0,0,39710.09
1,0,0,2020-08-03,CV,0,0,0,0,0,0,0,1,1,1,0,0,0,0,0,0,1,1,0,0,0,0,0,0,0,0,0,0,0,0,0,0,0,0,0,0,0,0,0,0,0,0,0,0,0,0,0,0,0,0,39862.82,0,0,39862.82,0,0,39780.43,0,0,42409.92,0,0,41585.28,0,0,42692.12,0,0,40965.74,11740.6,297.25,65414.42,11635.87,294.59,64830.93,11635.87,294.59,64830.93,0,0,40028.62,0,0,40028.62,0,0,40028.62,0,0,40028.62,0,0,39780.43,0,0,39780.43,10942.18,277.03,60965.93,10988.27,278.2,61222.71,0,0,39780.43,0,0,39780.43,0,0,39862.82,0,0,39780.43,0,0,39780.43,0,0,39780.43,0,0,39780.43,0,0,39780.43,0,0,39862.82,0,0,39862.82,0,0,39862.82,0,0,39945.54,0,0,40028.62,0,0,39780.43,0,0,39780.43,0,0,40028.62,0,0,40028.62,0,0,39780.43,0,0,39780.43,0,0,39780.43,0,0,39780.43,0,0,39780.43,0,0,87890.62,0,0,39780.43,0,0,39862.82,0,0,39780.43,0,0,41140.86,0,0,40028.62,0,0,41406.37,0,0,39780.43
1,0,0,2020-08-10,CV,0,0,0,0,0,0,0,0,0,0,0,0,0,0,0,0,0,0,0,0,0,0,0,0,0,0,0,0,0,0,0,0,0,0,0,0,0,1,0,0,2,0,0,0,0,0,0,0,0,0,39981.1,0,0,39981.1,0,0,39898.23,0,0,42543.83,0,0,41714.03,0,0,42814.21,0,0,41090.67,0,0,43505.43,0,0,43101.83,0,0,43101.83,0,0,40147.89,0,0,40147.89,0,0,40147.89,0,0,40147.89,0,0,39898.23,0,0,39898.23,0,0,40571.01,0,0,40742.76,0,0,39898.23,0,0,39898.23,0,0,39981.1,0,0,39898.23,0,0,39898.23,0,0,39898.23,0,0,39898.23,0,0,39898.23,0,0,39981.1,0,0,39981.1,0,0,39981.1,0,0,40064.32,0,0,40147.89,0,0,39898.23,0,0,39898.23,0,0,40147.89,0,0,40147.89,0,0,39898.23,0,0,39898.23,0,0,39898.23,0,0,39898.23,0,0,39898.23,23841.38,603.61,132835.69,0,0,39898.23,0,0,39981.1,21631.63,2619.69,78140.87,0,0,41266.87,0,0,40147.89,0,0,41534.01,0,0,39898.23
1,0,0,2020-08-17,CV,0,0,0,0,0,0,0,0,0,0,0,0,0,1,0,0,0,0,0,0,0,0,0,0,0,0,0,0,0,0,0,0,0,0,0,0,0,0,0,0,0,0,0,0,0,0,0,0,0,0,40400.7,0,0,40400.7,0,0,40316.07,0,0,43019.26,0,0,42170.99,0,0,43212.42,0,0,41534.01,0,0,44002.72,0,0,43505.43,0,0,43505.43,0,0,40571.01,0,0,40571.01,0,0,40571.01,10998.19,278.45,61278.01,0,0,40316.07,0,0,40316.07,0,0,41003.14,0,0,41178.58,0,0,40316.07,0,0,40316.07,0,0,40400.7,0,0,40316.07,0,0,40316.07,0,0,40316.07,0,0,40316.07,0,0,40316.07,0,0,40400.7,0,0,40400.7,0,0,40400.7,0,0,40485.67,0,0,40571.01,0,0,40316.07,0,0,40316.07,0,0,40571.01,0,0,40571.01,0,0,40316.07,0,0,40316.07,0,0,40316.07,0,0,40316.07,0,0,40316.07,0,0,88934.87,0,0,40316.07,0,0,40400.7,0,0,40316.07,0,0,41714.03,0,0,40571.01,0,0,41987.01,0,0,40316.07
1,0,0,2020-08-24,CV,0,0,0,0,0,0,0,1,1,1,0,0,0,0,0,0,0,0,0,0,0,0,0,0,0,0,0,0,0,0,0,0,0,0,0,0,0,0,0,0,0,0,0,0,0,0,0,0,0,0,40461.36,0,0,40461.36,0,0,40376.48,0,0,43088.05,0,0,42237.09,0,0,43281.83,0,0,41598.12,11955.81,302.69,66613.51,11828.04,299.46,65901.64,11828.04,299.46,65901.64,0,0,40632.18,0,0,40632.18,0,0,40632.18,0,0,40718.14,0,0,40376.48,0,0,40376.48,0,0,41065.63,0,0,41241.6,0,0,40376.48,0,0,40376.48,0,0,40461.36,0,0,40376.48,0,0,40376.48,0,0,40376.48,0,0,40376.48,0,0,40376.48,0,0,40461.36,0,0,40461.36,0,0,40461.36,0,0,40546.59,0,0,40632.18,0,0,40376.48,0,0,40376.48,0,0,40632.18,0,0,40632.18,0,0,40376.48,0,0,40376.48,0,0,40376.48,0,0,40376.48,0,0,40376.48,0,0,89111.32,0,0,40376.48,0,0,40461.36,0,0,40376.48,0,0,41778.7,0,0,40632.18,0,0,42052.53,0,0,40376.48
1,0,0,2020-08-31,CV,0,0,0,0,0,0,0,0,1,1,0,0,0,0,0,0,0,0,0,0,0,0,0,0,0,0,0,0,0,0,0,0,0,0,0,0,0,0,0,0,0,0,0,0,0,0,0,0,0,0,40546.59,0,0,40546.59,0,0,40461.36,0,0,43184.72,0,0,42329.98,0,0,43379.37,0,0,41688.22,0,0,44277.46,11885.78,300.92,66223.32,11885.78,300.92,66223.32,0,0,40718.14,0,0,40718.14,0,0,40718.14,0,0,40804.46,0,0,40461.36,0,0,40461.36,0,0,41153.43,0,0,41330.16,0,0,40461.36,0,0,40461.36,0,0,40546.59,0,0,40461.36,0,0,40461.36,0,0,40461.36,0,0,40461.36,0,0,40461.36,0,0,40546.59,0,0,40546.59,0,0,40546.59,0,0,40632.18,0,0,40718.14,0,0,40461.36,0,0,40461.36,0,0,40718.14,0,0,40718.14,0,0,40461.36,0,0,40461.36,0,0,40461.36,0,0,40461.36,0,0,40461.36,0,0,89111.32,0,0,40461.36,0,0,40546.59,0,0,40461.36,0,0,41869.58,0,0,40718.14,0,0,42144.61,0,0,40461.36
1,0,0,2020-09-07,CV,0,0,0,0,0,0,0,0,0,0,0,0,0,0,0,0,0,0,0,0,0,0,0,1,0,0,0,0,0,0,0,0,0,0,0,0,0,0,0,1,0,0,0,0,0,0,0,0,0,0,40607.69,0,0,40607.69,0,0,40522.2,0,0,43254.04,0,0,42396.58,0,0,43449.31,0,0,41752.81,0,0,44350.34,0,0,43945.31,0,0,43945.31,0,0,40779.76,0,0,40779.76,0,0,40779.76,0,0,40866.34,0,0,40522.2,0,0,40522.2,0,0,41216.37,0,0,41393.65,0,0,40522.2,0,0,40522.2,0,0,40607.69,0,0,40522.2,0,0,40522.2,0,0,40522.2,0,0,40522.2,0,0,40522.2,11014.78,278.87,61370.41,0,0,40607.69,0,0,40607.69,0,0,40693.54,0,0,40779.76,0,0,40522.2,0,0,40522.2,0,0,40779.76,0,0,40779.76,0,0,40522.2,0,0,40522.2,0,0,40522.2,0,0,40522.2,0,0,40522.2,0,0,89111.32,0,0,40522.2,11014.78,278.87,61370.41,0,0,40522.2,0,0,41934.74,0,0,40779.76,0,0,42210.63,0,0,40522.2
1,0,0,2020-09-14,CV,0,0,0,0,0,0,0,0,0,0,0,0,0,0,0,0,0,0,0,0,0,0,0,0,0,0,0,0,0,0,0,0,0,0,0,0,0,0,0,0,0,0,0,0,0,0,0,0,0,0,40668.98,0,0,40668.98,0,0,40583.23,0,0,43323.58,0,0,42423.28,0,0,43477.35,0,0,41817.6,0,0,44423.45,0,0,43974,0,0,43974,0,0,40841.56,0,0,40841.56,0,0,40841.56,0,0,40928.41,0,0,40583.23,0,0,40583.23,0,0,41279.51,0,0,41457.33,0,0,40583.23,0,0,40583.23,0,0,40668.98,0,0,40583.23,0,0,40583.23,0,0,40583.23,0,0,40583.23,0,0,40583.23,0,0,40730.45,0,0,40668.98,0,0,40668.98,0,0,40755.09,0,0,40841.56,0,0,40583.23,0,0,40583.23,0,0,40841.56,0,0,40841.56,0,0,40583.23,0,0,40583.23,0,0,40583.23,0,0,40583.23,0,0,40583.23,0,0,89111.32,0,0,40583.23,0,0,40730.45,0,0,40583.23,0,0,42000.1,0,0,40841.56,0,0,42276.85,0,0,40583.23
1,0,0,2020-09-21,CV,0,0,0,0,0,0,0,0,0,0,0,0,0,0,0,0,0,0,0,0,0,0,0,0,0,0,0,0,0,0,0,0,0,0,0,0,0,0,0,0,0,0,0,0,0,0,0,0,0,0,40853.95,0,0,40853.95,0,0,40767.42,0,0,43533.55,0,0,42570.72,0,0,43632.23,0,0,42013.2,0,0,44644.24,0,0,44132.43,0,0,44132.43,0,0,41028.11,0,0,41028.11,0,0,41028.11,0,0,41115.75,0,0,40767.42,0,0,40767.42,0,0,41470.09,0,0,41649.56,0,0,40767.42,0,0,40767.42,0,0,40853.95,0,0,40767.42,0,0,40767.42,0,0,40767.42,0,0,40767.42,0,0,40767.42,0,0,40853.95,0,0,40853.95,0,0,40853.95,0,0,40940.85,0,0,41028.11,0,0,40767.42,0,0,40767.42,0,0,41028.11,0,0,41028.11,0,0,40767.42,0,0,40767.42,0,0,40767.42,0,0,40767.42,0,0,40767.42,0,0,89111.32,0,0,40767.42,0,0,40853.95,0,0,40767.42,0,0,42197.41,0,0,41028.11,0,0,42476.77,0,0,40767.42
1,0,0,2020-09-28,CV,0,0,0,0,0,0,0,0,1,1,0,0,0,0,0,0,0,0,0,0,0,0,0,0,0,0,0,0,0,0,0,0,0,0,0,0,0,1,0,0,0,0,0,0,0,0,0,0,0,0,40953.29,0,0,40953.29,0,0,40866.34,0,0,43646.36,0,0,42678.59,0,0,43745.56,0,0,42118.26,0,0,44762.9,11995.07,303.69,66832.27,11995.07,303.69,66832.27,0,0,41128.3,0,0,41128.3,0,0,41128.3,0,0,41216.37,0,0,40866.34,0,0,40866.34,0,0,41572.45,0,0,41752.81,0,0,40866.34,0,0,40866.34,0,0,40953.29,0,0,40866.34,0,0,40866.34,0,0,40866.34,0,0,40866.34,0,0,40866.34,0,0,40953.29,0,0,40953.29,0,0,40953.29,0,0,41040.61,0,0,41128.3,0,0,40866.34,0,0,40866.34,0,0,41128.3,0,0,41128.3,0,0,40866.34,0,0,40866.34,0,0,40866.34,0,0,40866.34,0,0,40866.34,24172.73,612,134681.85,0,0,40866.34,0,0,40953.29,0,0,40866.34,0,0,42303.4,0,0,41128.3,0,0,42584.17,0,0,40866.34
1,0,0,2020-10-05,CV,0,0,0,0,0,0,0,0,0,0,0,0,0,0,0,0,0,0,0,0,0,0,0,0,0,0,0,0,0,0,0,0,0,0,0,0,0,0,0,0,0,0,0,0,0,0,0,0,0,0,40978.2,0,0,40978.2,0,0,40891.14,0,0,43674.66,0,0,42705.65,0,0,43773.98,0,0,42144.61,0,0,44792.66,0,0,44379.55,0,0,44379.55,0,0,41153.43,0,0,41153.43,0,0,41153.43,0,0,41241.6,0,0,40891.14,0,0,40891.14,0,0,41598.12,0,0,41778.7,0,0,40891.14,0,0,40891.14,0,0,40978.2,0,0,40891.14,0,0,40891.14,0,0,40891.14,0,0,40891.14,0,0,40891.14,0,0,40978.2,0,0,40978.2,0,0,40978.2,0,0,41065.63,0,0,41153.43,0,0,40891.14,0,0,40891.14,0,0,41153.43,0,0,41153.43,0,0,40891.14,0,0,40891.14,0,0,40891.14,0,0,40891.14,0,0,40891.14,0,0,89644.92,0,0,40891.14,0,0,40978.2,0,0,40891.14,0,0,42329.98,0,0,41153.43,0,0,42611.11,0,0,40891.14
1,0,0,2020-10-12,CV,0,0,0,0,0,0,0,0,0,0,0,0,0,0,0,0,0,0,0,0,0,0,0,0,0,0,0,0,0,0,0,0,0,0,0,0,0,4,0,0,0,0,0,0,0,0,0,0,0,0,41040.61,0,0,41040.61,0,0,40953.29,0,0,43745.56,0,0,42773.44,0,0,43845.21,0,0,42210.63,0,0,44867.24,0,0,44452.76,0,0,44452.76,0,0,41216.37,0,0,41216.37,0,0,41216.37,0,0,41304.82,0,0,40953.29,0,0,40953.29,0,0,41662.44,0,0,41843.58,0,0,40953.29,0,0,40953.29,0,0,41040.61,0,0,40953.29,0,0,40953.29,0,0,40953.29,0,0,40953.29,0,0,40953.29,0,0,41040.61,0,0,41040.61,0,0,41040.61,0,0,41128.3,0,0,41216.37,0,0,40953.29,0,0,40953.29,0,0,41216.37,0,0,41216.37,0,0,40953.29,0,0,40953.29,0,0,40953.29,0,0,40953.29,0,0,40953.29,98185.48,26752.24,251393.83,0,0,40953.29,0,0,41040.61,0,0,40953.29,0,0,42396.58,0,0,41216.37,0,0,42678.59,0,0,40953.29
1,0,0,2020-10-19,CV,0,0,0,0,1,1,0,0,1,1,0,0,0,0,0,0,0,0,0,0,0,0,0,0,0,0,0,0,0,0,0,0,0,0,0,0,0,3,0,0,1,0,0,0,0,0,0,0,0,0,41140.86,0,0,41140.86,0,0,41053.11,0,0,43816.69,11628.46,294.41,64789.64,11920.69,301.81,66417.84,0,0,42316.68,0,0,44987.09,12086.37,306,67340.92,12086.37,306,67340.92,0,0,41317.49,0,0,41317.49,0,0,41317.49,0,0,41368.23,0,0,41053.11,0,0,41053.11,0,0,41765.75,0,0,41947.8,0,0,41053.11,0,0,41053.11,0,0,41140.86,0,0,41053.11,0,0,41053.11,0,0,41053.11,0,0,41053.11,0,0,41053.11,0,0,41140.86,0,0,41140.86,0,0,41140.86,0,0,41228.98,0,0,41317.49,0,0,41053.11,0,0,41053.11,0,0,41317.49,0,0,41317.49,0,0,41053.11,0,0,41053.11,0,0,41053.11,0,0,41053.11,0,0,41053.11,75102.81,15488,219482.28,0,0,41053.11,0,0,41140.86,11128.88,281.76,62006.18,0,0,42503.57,0,0,41317.49,0,0,42787.02,0,0,41053.11
1,0,0,2020-10-26,CV,0,0,0,0,0,0,0,0,0,0,0,0,0,0,0,0,0,1,0,0,0,0,0,0,0,0,0,0,0,0,0,0,0,0,0,0,0,4,0,0,0,0,0,0,0,0,0,0,0,0,41304.82,0,0,41304.82,0,0,41216.37,0,0,43945.31,0,0,43157.05,0,0,44248.38,0,0,42490.17,0,0,45183.21,0,0,44867.24,0,0,44867.24,0,0,41482.86,0,0,41482.86,0,0,41482.86,0,0,41482.86,0,0,41216.37,0,0,41216.37,0,0,41934.74,11435.5,289.52,63714.55,0,0,41216.37,0,0,41216.37,0,0,41304.82,0,0,41216.37,0,0,41216.37,0,0,41216.37,0,0,41216.37,0,0,41216.37,0,0,41304.82,0,0,41304.82,0,0,41304.82,0,0,41393.65,0,0,41482.86,0,0,41216.37,0,0,41216.37,0,0,41482.86,0,0,41482.86,0,0,41216.37,0,0,41216.37,0,0,41216.37,0,0,41216.37,0,0,41216.37,102167.83,27837.3,261590.23,0,0,41216.37,0,0,41304.82,0,0,41216.37,0,0,42678.59,0,0,41482.86,0,0,42964.39,0,0,41216.37
1,0,0,2020-11-02,CV,0,0,0,0,0,0,0,0,0,0,0,0,0,0,0,0,0,0,0,0,0,0,0,0,0,0,0,0,0,0,0,0,0,0,0,0,0,2,0,0,0,0,0,0,0,0,0,0,0,0,41304.82,0,0,41304.82,0,0,41216.37,0,0,43945.31,0,0,43157.05,0,0,44248.38,0,0,42490.17,0,0,45183.21,0,0,44867.24,0,0,44867.24,0,0,41482.86,0,0,41482.86,0,0,41482.86,0,0,41482.86,0,0,41216.37,0,0,41216.37,0,0,41934.74,0,0,42210.63,0,0,41216.37,0,0,41216.37,0,0,41304.82,0,0,41216.37,0,0,41216.37,0,0,41216.37,0,0,41216.37,0,0,41216.37,0,0,41304.82,0,0,41304.82,0,0,41304.82,0,0,41393.65,0,0,41482.86,0,0,41216.37,0,0,41216.37,0,0,41482.86,0,0,41482.86,0,0,41216.37,0,0,41216.37,0,0,41216.37,0,0,41216.37,0,0,41216.37,51516.22,6238.85,186094.3,0,0,41216.37,0,0,41304.82,0,0,41216.37,0,0,42678.59,0,0,41482.86,0,0,42964.39,0,0,41216.37
1,0,0,2020-11-09,CV,0,0,0,0,0,0,0,0,0,0,0,0,0,0,0,0,0,0,0,0,0,0,0,0,0,0,0,1,0,0,0,0,0,0,0,0,0,5,0,0,0,0,0,0,0,0,0,0,0,0,41393.65,0,0,41393.65,0,0,41304.82,0,0,44045.87,0,0,43254.04,0,0,44350.34,0,0,42584.17,0,0,45289.52,0,0,44972.07,0,0,44972.07,0,0,41572.45,0,0,41572.45,0,0,41572.45,0,0,41572.45,0,0,41304.82,0,0,41304.82,0,0,42026.3,0,0,42303.4,0,0,41304.82,0,0,41304.82,0,0,41393.65,0,0,41304.82,0,0,41304.82,0,0,41304.82,0,0,41304.82,0,0,41304.82,0,0,41393.65,0,0,41393.65,0,0,41393.65,0,0,41482.86,11287.08,285.76,62887.6,0,0,41304.82,0,0,41304.82,0,0,41572.45,0,0,41572.45,0,0,41304.82,0,0,41304.82,0,0,41304.82,0,0,41304.82,0,0,41304.82,131290.44,42629.65,306388.09,0,0,41304.82,0,0,41393.65,0,0,41304.82,0,0,42773.44,0,0,41572.45,0,0,43060.51,0,0,41304.82
1,0,0,2020-11-16,CV,0,0,0,0,0,0,0,0,0,0,0,0,0,0,0,0,0,0,0,0,0,0,0,0,0,0,0,0,0,0,0,0,0,0,0,0,0,3,0,0,2,0,0,0,0,0,0,0,0,0,41457.33,0,0,41457.33,0,0,41368.23,0,0,44117.98,0,0,43323.58,0,0,44423.45,0,0,42651.57,0,0,45365.77,0,0,45047.25,0,0,45047.25,0,0,41636.69,0,0,41636.69,0,0,41636.69,0,0,41636.69,0,0,41368.23,0,0,41368.23,0,0,42091.95,0,0,42369.91,0,0,41368.23,0,0,41368.23,0,0,41457.33,0,0,41368.23,0,0,41368.23,0,0,41368.23,0,0,41368.23,0,0,41368.23,0,0,41457.33,0,0,41457.33,0,0,41457.33,0,0,41546.82,0,0,41726.95,0,0,41368.23,0,0,41368.23,0,0,41636.69,0,0,41636.69,0,0,41368.23,0,0,41368.23,0,0,41368.23,0,0,41368.23,0,0,41368.23,80569.85,16615.44,235459.3,0,0,41368.23,0,0,41457.33,22428.62,2716.21,81019.87,0,0,42841.44,0,0,41636.69,0,0,43129.42,0,0,41368.23
1,0,0,2020-11-23,CV,0,0,0,0,0,0,0,0,0,0,0,0,0,0,0,0,0,0,0,0,0,0,0,0,0,0,0,0,0,0,0,0,0,0,0,0,0,4,0,0,0,0,0,0,0,0,0,0,0,0,41610.97,0,0,41610.97,0,0,41521.21,0,0,44292.02,0,0,43463.33,0,0,44570.4,0,0,42814.21,0,0,45519.03,0,0,45198.36,0,0,45198.36,0,0,41791.66,0,0,41791.66,0,0,41791.66,0,0,41791.66,0,0,41521.21,0,0,41521.21,0,0,42250.34,0,0,42530.4,0,0,41521.21,0,0,41521.21,0,0,41610.97,0,0,41521.21,0,0,41521.21,0,0,41521.21,0,0,41521.21,0,0,41521.21,0,0,41610.97,0,0,41610.97,0,0,41610.97,0,0,41701.12,0,0,41882.6,0,0,41521.21,0,0,41521.21,0,0,41791.66,0,0,41791.66,0,0,41521.21,0,0,41521.21,0,0,41521.21,0,0,41521.21,0,0,41521.21,108786.3,29640.61,278536.13,0,0,41521.21,0,0,41610.97,0,0,41521.21,0,0,43005.53,0,0,41791.66,0,0,43295.73,0,0,41521.21
1,0,0,2020-11-30,CV,0,0,0,0,0,0,0,1,1,1,0,0,0,0,0,0,0,0,0,0,0,0,0,0,0,0,0,0,0,0,0,0,0,0,0,0,0,3,0,0,1,0,0,0,0,0,0,0,0,0,41752.81,0,0,41752.81,0,0,41662.44,0,0,44452.76,0,0,43547.62,0,0,44659.04,0,0,42964.39,12377.16,313.36,68961.12,12281.44,310.94,68427.8,12281.44,310.94,68427.8,0,0,41934.74,0,0,41934.74,0,0,41934.74,0,0,41934.74,0,0,41662.44,0,0,41662.44,0,0,42396.58,0,0,42678.59,0,0,41662.44,0,0,41662.44,0,0,41752.81,0,0,41662.44,0,0,41662.44,0,0,41662.44,0,0,41662.44,0,0,41662.44,0,0,41752.81,0,0,41752.81,0,0,41752.81,0,0,41843.58,0,0,42026.3,0,0,41662.44,0,0,41662.44,0,0,41934.74,0,0,41934.74,0,0,41662.44,0,0,41662.44,0,0,41662.44,0,0,41662.44,0,0,41662.44,83390.41,17197.11,243702.17,0,0,41662.44,0,0,41752.81,11294.06,285.94,62926.49,0,0,43157.05,0,0,41934.74,0,0,43449.31,0,0,41662.44
1,0,0,2020-12-07,CV,0,0,0,0,0,0,0,0,0,0,0,0,0,0,0,0,0,0,0,0,0,0,0,0,0,0,1,1,0,0,0,0,0,0,0,0,0,6,0,0,0,1,0,1,0,0,0,0,0,0,41843.58,0,0,41843.58,0,0,41752.81,0,0,44555.66,0,0,43646.36,0,0,44762.9,0,0,43060.51,0,0,45828.68,0,0,45396.33,0,0,45396.33,0,0,42026.3,0,0,42026.3,0,0,42026.3,0,0,42026.3,0,0,41752.81,0,0,41752.81,0,0,42490.17,0,0,42773.44,0,0,41752.81,0,0,41752.81,0,0,41843.58,0,0,41752.81,0,0,41752.81,0,0,41752.81,0,0,41752.81,0,0,41752.81,0,0,41843.58,0,0,41843.58,0,0,41843.58,11389.15,288.35,63456.28,11439.09,289.61,63734.51,0,0,41752.81,0,0,41752.81,0,0,42026.3,0,0,42026.3,0,0,41752.81,0,0,41752.81,0,0,41752.81,0,0,41752.81,0,0,41752.81,171478.87,62929.72,373237.32,0,0,41752.81,0,0,41843.58,0,0,41752.81,11748.15,297.44,65456.51,0,0,42026.3,11828.04,299.46,65901.64,0,0,41752.81
1,0,0,2020-12-14,CV,0,0,0,0,0,0,0,0,0,0,0,0,0,0,0,0,0,0,0,0,0,0,0,0,0,0,0,0,0,0,0,0,0,0,0,0,0,4,0,0,0,0,0,0,0,0,0,0,0,0,41908.65,0,0,41908.65,0,0,41817.6,0,0,44629.45,0,0,43717.17,0,0,44837.38,0,0,43129.42,0,0,45906.75,0,0,45472.94,0,0,45472.94,0,0,42091.95,0,0,42091.95,0,0,42091.95,0,0,42091.95,0,0,41817.6,0,0,41817.6,0,0,42557.27,0,0,42841.44,0,0,41817.6,0,0,41817.6,0,0,41908.65,0,0,41817.6,0,0,41817.6,0,0,41817.6,0,0,41817.6,0,0,41817.6,0,0,41908.65,0,0,41908.65,0,0,41908.65,0,0,42091.95,0,0,42276.85,0,0,41817.6,0,0,41817.6,0,0,42091.95,0,0,42091.95,0,0,41817.6,0,0,41817.6,0,0,41817.6,0,0,41817.6,0,0,41817.6,117349.4,31973.76,300461.07,0,0,41817.6,0,0,41908.65,0,0,41817.6,0,0,43421.31,0,0,42091.95,0,0,43717.17,0,0,41817.6
1,0,0,2020-12-21,CV,0,0,0,0,0,0,0,2,0,0,0,0,0,0,0,0,1,1,0,0,0,0,0,0,0,0,0,0,0,0,0,0,0,0,0,0,0,3,0,0,2,0,0,0,0,0,0,0,0,0,42013.2,0,0,42013.2,0,0,41921.69,0,0,44733.17,0,0,43816.69,0,0,44942.07,0,0,43240.15,24991.45,3026.58,90277.7,0,0,45596.05,0,0,45596.05,0,0,42197.41,0,0,42197.41,0,0,42197.41,0,0,42197.41,0,0,41921.69,0,0,41921.69,11584.21,293.29,64543.06,11661.88,295.25,64975.82,0,0,41921.69,0,0,41921.69,0,0,42013.2,0,0,41921.69,0,0,41921.69,0,0,41921.69,0,0,41921.69,0,0,41921.69,0,0,42013.2,0,0,42013.2,0,0,42013.2,0,0,42197.41,0,0,42383.24,0,0,41921.69,0,0,41921.69,0,0,42197.41,0,0,42197.41,0,0,41921.69,0,0,41921.69,0,0,41921.69,0,0,41921.69,0,0,41921.69,89448.98,18446.53,261407.88,0,0,41921.69,0,0,42013.2,22728.69,2752.55,82103.83,0,0,43533.55,0,0,42197.41,0,0,43830.94,0,0,41921.69
1,0,0,2020-12-28,CV,0,0,0,0,0,0,0,0,0,0,0,0,0,0,0,0,0,0,0,0,0,0,0,0,0,0,0,0,0,0,0,0,0,0,0,0,0,10,0,0,0,0,0,0,0,0,0,0,0,0,42276.85,0,0,42276.85,0,0,42184.2,0,0,44942.07,0,0,44017.09,0,0,45152.92,0,0,43519.48,0,0,46460.8,0,0,45906.75,0,0,45906.75,0,0,42463.39,0,0,42463.39,0,0,42463.39,0,0,42463.39,0,0,42184.2,0,0,42184.2,0,0,42841.44,0,0,43129.42,0,0,42184.2,0,0,42184.2,0,0,42276.85,0,0,42184.2,0,0,42184.2,0,0,42184.2,0,0,42184.2,0,0,42184.2,0,0,42276.85,0,0,42276.85,0,0,42276.85,0,0,42463.39,0,0,42651.57,0,0,42184.2,0,0,42184.2,0,0,42396.58,0,0,42396.58,0,0,42184.2,0,0,42184.2,0,0,42184.2,0,0,42184.2,0,0,42184.2,310322.85,148811.87,570694.78,0,0,42184.2,0,0,42276.85,0,0,42184.2,0,0,43816.69,0,0,42396.58,0,0,44045.87,0,0,42184.2
1,0,0,2021-01-04,CV,0,0,0,0,0,0,0,0,0,0,0,0,0,0,0,0,0,0,0,0,0,0,0,0,0,0,0,0,0,0,1,1,0,0,0,0,0,2,0,0,0,0,1,1,0,0,0,0,0,0,42732.74,0,0,42732.74,0,0,42638.08,0,0,45365.77,0,0,44511.5,0,0,45580.62,0,0,43988.35,0,0,46995.58,0,0,46444.79,0,0,46444.79,0,0,42923.33,0,0,42923.33,0,0,42923.33,0,0,42923.33,0,0,42638.08,0,0,42638.08,0,0,43295.73,0,0,43589.88,0,0,42638.08,0,0,42638.08,0,0,42732.74,0,0,42638.08,0,0,42638.08,0,0,42638.08,0,0,42638.08,0,0,42638.08,0,0,42732.74,0,0,42732.74,0,0,42732.74,0,0,42923.33,0,0,43115.62,0,0,42638.08,0,0,42638.08,11628.46,294.41,64789.64,11628.46,294.41,64789.64,0,0,42638.08,0,0,42638.08,0,0,42638.08,0,0,42638.08,0,0,42638.08,64818.1,7849.77,234145.27,0,0,42638.08,0,0,42732.74,0,0,42638.08,0,0,44292.02,11628.46,294.41,64789.64,12082.37,305.9,67318.65,0,0,42638.08
1,0,0,2021-01-11,CV,0,0,0,0,1,1,0,0,1,1,0,0,0,0,0,0,0,0,0,0,0,0,0,0,0,0,0,0,0,0,0,0,0,0,0,0,0,6,0,0,0,0,0,0,0,0,0,0,0,0,43393.34,0,0,43393.34,0,0,43295.73,0,0,45985.09,12273.19,310.73,68381.81,12568.82,318.22,70029,0,0,44599.91,0,0,47677.4,12779.92,323.56,71205.13,12779.92,323.56,71205.13,0,0,43589.88,0,0,43589.88,0,0,43589.88,0,0,43589.88,0,0,43295.73,0,0,43295.73,0,0,43888.05,0,0,44190.33,0,0,43295.73,0,0,43295.73,0,0,43393.34,0,0,43295.73,0,0,43295.73,0,0,43295.73,0,0,43295.73,0,0,43295.73,0,0,43393.34,0,0,43393.34,0,0,43393.34,0,0,43589.88,0,0,43788.21,0,0,43295.73,0,0,43295.73,0,0,43589.88,0,0,43589.88,0,0,43295.73,0,0,43295.73,0,0,43295.73,0,0,43295.73,0,0,43295.73,204430.97,75022.56,444960.16,0,0,43295.73,0,0,43393.34,0,0,43295.73,0,0,44912.11,0,0,43589.88,0,0,45228.71,0,0,43295.73
1,0,0,2021-01-18,CV,0,0,0,0,1,1,0,0,2,2,0,0,0,0,0,0,0,0,0,0,0,0,0,0,0,0,0,0,0,0,0,0,0,0,0,0,0,4,0,0,1,0,0,0,0,0,0,0,0,0,43873.76,0,0,43873.76,0,0,43773.98,0,0,46524.97,12436.16,314.86,69289.85,12739.8,322.54,70981.61,0,0,45107.57,0,0,48154.51,25904.26,3137.13,93575.08,25904.26,3137.13,93575.08,0,0,44074.69,0,0,44074.69,0,0,44074.69,0,0,44074.69,0,0,43773.98,0,0,43773.98,0,0,44379.55,0,0,44644.24,0,0,43773.98,0,0,43773.98,0,0,43873.76,0,0,43773.98,0,0,43773.98,0,0,43773.98,0,0,43773.98,0,0,43773.98,0,0,43873.76,0,0,43873.76,0,0,43873.76,0,0,44074.69,0,0,44277.46,0,0,43773.98,0,0,43773.98,0,0,44074.69,0,0,44074.69,0,0,43773.98,0,0,43773.98,0,0,43773.98,0,0,43773.98,0,0,43773.98,141432.72,38535.66,362123.94,0,0,43773.98,0,0,43873.76,11866.47,300.43,66115.75,0,0,45426.95,0,0,44074.69,0,0,45750.87,0,0,43773.98
1,0,0,2021-01-25,CV,0,0,0,0,0,0,0,0,0,0,0,0,0,0,0,0,0,0,0,0,0,0,0,0,0,0,0,0,0,0,0,0,0,0,0,0,0,3,0,0,0,0,0,0,0,0,0,0,0,0,43974,0,0,43974,0,0,43873.76,0,0,46637.7,0,0,46079.45,0,0,47209.64,0,0,45213.53,0,0,48275.29,0,0,48034.34,0,0,48034.34,0,0,44175.84,0,0,44175.84,0,0,44175.84,0,0,44175.84,0,0,43873.76,0,0,43873.76,0,0,44482.11,0,0,44688.66,0,0,43873.76,0,0,43873.76,0,0,43974,0,0,43873.76,0,0,43873.76,0,0,43873.76,0,0,43873.76,0,0,43873.76,0,0,43974,0,0,43974,0,0,43974,0,0,44175.84,0,0,44379.55,0,0,43873.76,0,0,43873.76,0,0,44175.84,0,0,44175.84,0,0,43873.76,0,0,43873.76,0,0,43873.76,0,0,43873.76,0,0,43873.76,109575,22597,320224.65,0,0,43873.76,0,0,43974,0,0,43873.76,0,0,45534.41,0,0,44175.84,0,0,45859.88,0,0,43873.76
1,0,0,2021-02-01,CV,0,0,0,1,1,1,0,0,0,0,0,0,0,0,0,0,0,0,0,0,0,0,0,0,0,0,0,0,0,0,0,0,0,0,0,0,0,2,0,0,0,0,0,0,0,1,1,0,0,0,44103.54,0,0,44103.54,0,0,44002.72,12699.93,321.53,70759.48,12547.23,317.67,69908.72,12856.39,325.5,71631.21,0,0,45350.5,0,0,48431.46,0,0,48188.96,0,0,48188.96,0,0,44306.58,0,0,44306.58,0,0,44306.58,0,0,44306.58,0,0,44002.72,0,0,44002.72,0,0,44614.68,0,0,44822.46,11955.81,302.69,66613.51,11955.81,302.69,66613.51,0,0,44103.54,0,0,44002.72,0,0,44002.72,0,0,44002.72,0,0,44002.72,0,0,44002.72,0,0,44103.54,0,0,44103.54,0,0,44103.54,0,0,44306.58,0,0,44511.5,0,0,44002.72,0,0,44002.72,0,0,44306.58,0,0,44306.58,0,0,44002.72,0,0,44002.72,0,0,44002.72,0,0,44002.72,0,0,44002.72,74087.22,8972.31,267628.52,0,0,44002.72,0,0,44103.54,0,0,44002.72,0,0,45673.33,0,0,44306.58,0,0,46000.79,0,0,44002.72
1,0,0,2021-02-08,CV,0,0,1,1,0,0,0,1,0,0,0,0,0,0,0,0,1,1,0,0,0,0,0,0,0,0,0,0,0,0,0,0,0,0,0,0,0,2,0,0,0,0,0,0,0,0,0,0,0,0,44262.92,0,0,44262.92,11975.41,303.19,66722.71,12766.52,323.22,71130.47,0,0,46508.91,0,0,47643.68,0,0,45503.65,13195.45,334.08,73520.33,0,0,48379.29,0,0,48379.29,0,0,44467.43,0,0,44467.43,0,0,44467.43,0,0,44467.43,0,0,44161.36,0,0,44161.36,12154.74,307.73,67721.89,12211.63,309.17,68038.87,0,0,44262.92,0,0,44262.92,0,0,44262.92,0,0,44161.36,0,0,44161.36,0,0,44161.36,0,0,44161.36,0,0,44161.36,0,0,44262.92,0,0,44262.92,0,0,44262.92,0,0,44467.43,0,0,44673.85,0,0,44161.36,0,0,44161.36,0,0,44467.43,0,0,44467.43,0,0,44161.36,0,0,44161.36,0,0,44161.36,0,0,44161.36,0,0,44161.36,75154.32,9101.54,271483.25,0,0,44161.36,0,0,44262.92,0,0,44161.36,0,0,45828.68,0,0,44467.43,0,0,46158.38,0,0,44161.36
1,0,0,2021-02-15,CV,0,0,0,0,0,0,0,2,1,1,0,0,0,0,0,0,1,1,0,0,0,0,0,0,0,0,0,0,0,0,0,0,0,0,0,0,0,2,0,0,0,0,0,0,0,0,0,0,0,0,44496.8,0,0,44496.8,0,0,44496.8,0,0,47459.08,0,0,46767.21,0,0,47812.75,0,0,45657.85,26592.65,3220.49,96061.78,13204.99,334.32,73573.49,13204.99,334.32,73573.49,0,0,44703.49,0,0,44703.49,0,0,44703.49,0,0,44703.49,0,0,44394.18,0,0,44394.18,12244.38,310,68221.35,12302.12,311.46,68543.04,0,0,44496.8,0,0,44496.8,0,0,44496.8,0,0,44394.18,0,0,44394.18,0,0,44394.18,0,0,44394.18,0,0,44394.18,0,0,44496.8,0,0,44496.8,0,0,44496.8,0,0,44703.49,0,0,44912.11,0,0,44394.18,0,0,44394.18,0,0,44703.49,0,0,44703.49,0,0,44394.18,0,0,44394.18,0,0,44394.18,0,0,44394.18,0,0,44394.18,76894.74,9312.31,277770.23,0,0,44394.18,0,0,44496.8,0,0,44394.18,0,0,45985.09,0,0,44703.49,0,0,46317.06,0,0,44394.18
1,0,0,2021-02-22,CV,0,0,0,1,0,0,0,0,0,0,0,0,0,0,0,0,0,0,0,0,0,0,0,0,0,0,0,0,0,0,0,0,0,0,0,0,0,1,0,0,1,0,0,0,0,0,0,0,0,0,44837.38,0,0,44837.38,0,0,44837.38,12970.53,328.39,72267.14,0,0,47028.38,0,0,48085.77,0,0,46016.5,0,0,49499.02,0,0,49066.4,0,0,49066.4,0,0,45047.25,0,0,45047.25,0,0,45047.25,0,0,45047.25,0,0,44733.17,0,0,44733.17,0,0,45580.62,0,0,45688.82,0,0,44837.38,0,0,44837.38,0,0,44837.38,0,0,44733.17,0,0,44733.17,0,0,44733.17,0,0,44733.17,0,0,44733.17,0,0,44792.66,0,0,44837.38,0,0,44837.38,0,0,45047.25,0,0,45213.53,0,0,44733.17,0,0,44733.17,0,0,44942.07,0,0,44942.07,0,0,44733.17,0,0,44733.17,0,0,44733.17,0,0,44733.17,0,0,44733.17,39147.91,991.14,218118.19,0,0,44733.17,0,0,44792.66,12126.49,307.02,67564.5,0,0,46348.92,0,0,44942.07,0,0,46573.22,0,0,44733.17
1,0,0,2021-03-01,CV,0,0,0,0,0,0,0,0,0,0,0,0,0,0,0,0,0,0,0,0,0,0,0,0,0,0,0,0,0,0,0,0,0,0,0,0,0,3,0,0,0,0,0,0,0,0,0,0,0,0,45596.05,0,0,45549.8,0,0,45596.05,0,0,48658.84,0,0,47694.27,0,0,48782.16,0,0,46815.96,0,0,50106.48,0,0,49663.22,0,0,49663.22,0,0,45813.1,0,0,45813.1,0,0,45813.1,0,0,45813.1,0,0,45488.29,0,0,45488.29,0,0,46364.87,0,0,46476.83,0,0,45519.03,0,0,45519.03,0,0,45596.05,0,0,45488.29,0,0,45488.29,0,0,45488.29,0,0,45488.29,0,0,45488.29,0,0,45488.29,0,0,45596.05,0,0,45596.05,0,0,45813.1,0,0,45922.4,0,0,45488.29,0,0,45488.29,0,0,45704.32,0,0,45704.32,0,0,45488.29,0,0,45488.29,0,0,45488.29,0,0,45488.29,0,0,45488.29,120412.09,24831.87,351895.22,0,0,45488.29,0,0,45488.29,0,0,45488.29,0,0,47160.07,0,0,45704.32,0,0,47392.3,0,0,45488.29
1,0,0,2021-03-08,CV,0,0,0,0,1,1,0,0,0,0,0,0,0,0,0,0,0,0,0,0,0,0,0,0,0,0,0,0,0,0,0,0,0,0,0,0,0,3,0,0,0,0,0,0,0,1,1,0,0,0,47425.67,0,0,47309.1,0,0,47425.67,0,0,50652.75,13462.96,340.85,75010.79,13783.02,348.96,76794.07,0,0,48694.01,0,0,52182.93,0,0,51662.7,0,0,51662.7,0,0,47660.53,0,0,47660.53,0,0,47660.53,0,0,47660.53,0,0,47309.1,0,0,47309.1,0,0,48258,0,0,48379.29,12847.34,325.27,71580.82,12847.34,325.27,71580.82,0,0,47425.67,0,0,47309.1,0,0,47309.1,0,0,47309.1,0,0,47309.1,0,0,47309.1,0,0,47309.1,0,0,47425.67,0,0,47425.67,0,0,47660.53,0,0,47778.84,0,0,47309.1,0,0,47309.1,0,0,47542.81,0,0,47542.81,0,0,47309.1,0,0,47309.1,0,0,47309.1,0,0,47309.1,0,0,47309.1,126384.08,26063.44,369347.92,0,0,47309.1,0,0,47309.1,0,0,47309.1,0,0,49066.4,0,0,47542.81,0,0,49317.83,0,0,47309.1
1,0,0,2021-03-15,CV,0,0,0,0,0,0,0,1,0,0,0,0,0,0,0,0,0,0,0,0,0,0,0,0,0,0,0,0,0,0,0,0,0,0,0,0,0,4,0,0,0,0,0,0,0,0,0,0,0,0,49754.92,0,0,49626.64,0,0,49754.92,0,0,52920.79,0,0,52182.93,0,0,53488.02,0,0,51075.18,14829.48,375.45,82624.55,0,0,54089.25,0,0,54089.25,0,0,50013.48,0,0,50013.48,0,0,50013.48,0,0,50013.48,0,0,49626.64,0,0,49626.64,0,0,50671.8,0,0,50805.55,0,0,49754.92,0,0,49754.92,0,0,49754.92,0,0,49626.64,0,0,49626.64,0,0,49626.64,0,0,49626.64,0,0,49626.64,0,0,49626.64,0,0,49754.92,0,0,49754.92,0,0,50013.48,0,0,50143.77,0,0,49626.64,0,0,49626.64,0,0,49883.87,0,0,49883.87,0,0,49626.64,0,0,49626.64,0,0,49626.64,0,0,49626.64,0,0,49626.64,181040.89,49327.55,463536.59,0,0,49626.64,0,0,49626.64,0,0,49626.64,0,0,51485.03,0,0,49883.87,0,0,51761.94,0,0,49626.64
1,0,0,2021-03-22,CV,0,0,0,0,0,0,0,0,0,0,0,0,0,0,0,0,0,0,0,0,0,0,0,0,0,0,0,0,0,0,0,0,0,0,0,0,0,0,0,0,0,0,0,0,0,0,0,0,0,0,52406.19,0,0,52263.9,0,0,52406.19,0,0,55584.29,0,0,55061.84,0,0,56422.25,0,0,53744.05,0,0,57579.62,0,0,56588.12,0,0,56588.12,0,0,52693.13,0,0,52693.13,0,0,52693.13,0,0,52693.13,0,0,52263.9,0,0,52263.9,0,0,53424.39,0,0,53573.09,0,0,52406.19,0,0,52406.19,0,0,52406.19,0,0,52263.9,0,0,52263.9,0,0,52263.9,0,0,52263.9,0,0,52263.9,0,0,52263.9,0,0,52406.19,0,0,52406.19,0,0,52693.13,0,0,52837.77,0,0,52263.9,0,0,52263.9,0,0,52549.27,0,0,52549.27,0,0,52263.9,0,0,52263.9,0,0,52263.9,0,0,52263.9,0,0,52263.9,0,0,182076.11,0,0,52263.9,0,0,52263.9,0,0,52263.9,0,0,54198.04,0,0,52549.27,0,0,54504.98,0,0,52263.9
1,0,0,2021-03-29,CV,0,0,0,2,0,0,0,1,0,0,1,1,1,1,0,0,0,0,0,0,0,0,0,0,0,0,0,0,0,0,0,0,0,0,0,0,0,2,0,0,0,0,0,0,0,0,0,0,0,0,57801.94,0,0,57628.88,0,0,57801.94,33356.16,4039.59,120493.93,0,0,60582.88,0,0,61834.02,0,0,59017.22,17196.33,435.37,95811.81,0,0,61692.46,0,0,61692.46,15763.92,399.11,87830.93,15763.92,399.11,87830.93,15763.92,399.11,87830.93,15763.92,399.11,87830.93,0,0,57628.88,0,0,57628.88,0,0,58914,0,0,59094.88,0,0,57801.94,0,0,57801.94,0,0,57801.94,0,0,57628.88,0,0,57628.88,0,0,57628.88,0,0,57628.88,0,0,57628.88,0,0,57628.88,0,0,57801.94,0,0,57801.94,0,0,58151.2,0,0,58327.41,0,0,57628.88,0,0,57628.88,0,0,57976.04,0,0,57976.04,0,0,57628.88,0,0,57628.88,0,0,57628.88,0,0,57628.88,0,0,57628.88,107902.51,13067.49,389780.97,0,0,57628.88,0,0,57628.88,0,0,57628.88,0,0,59565.13,0,0,57976.04,0,0,59936.09,0,0,57628.88
1,0,0,2021-04-05,CV,0,0,0,0,0,0,0,0,0,0,0,0,0,0,0,0,0,0,0,0,0,0,0,0,0,0,0,0,0,0,0,0,0,0,0,0,0,0,0,0,1,0,0,0,0,0,0,0,0,0,66536.46,0,0,66307.25,0,0,66470.81,0,0,71554.07,0,0,69811.57,0,0,71213.7,0,0,67740.74,0,0,73626.41,0,0,70913.85,0,0,70913.85,0,0,66999.66,0,0,66999.66,0,0,66999.66,0,0,66999.66,0,0,66307.25,0,0,66307.25,0,0,67672.69,0,0,67911.45,0,0,66438.03,0,0,66438.03,0,0,66536.46,0,0,66307.25,0,0,66307.25,0,0,66307.25,0,0,66307.25,0,0,66307.25,0,0,66307.25,0,0,66536.46,0,0,66536.46,0,0,66999.66,0,0,67233.69,0,0,66307.25,0,0,66307.25,0,0,66767.26,0,0,66767.26,0,0,66307.25,0,0,66307.25,0,0,66307.25,0,0,66307.25,0,0,66307.25,0,0,226067.65,0,0,66307.25,0,0,66307.25,17974.9,455.09,100149.74,0,0,68463.58,0,0,66767.26,0,0,68954.11,0,0,66307.25
1,0,0,2021-04-12,CV,0,0,0,0,0,0,0,0,0,0,0,0,0,0,0,0,1,1,0,0,0,0,0,0,0,0,0,0,0,0,0,0,0,0,0,0,0,0,0,0,1,0,0,0,0,0,0,0,0,0,78471.94,0,0,78153.32,0,0,78153.32,0,0,84000.2,0,0,81264.37,0,0,83016.83,0,0,79772.84,0,0,87095.23,0,0,82711.06,0,0,82711.06,0,0,79117.04,0,0,79117.04,0,0,79117.04,0,0,79117.04,0,0,78153.32,0,0,78153.32,21574.13,546.21,120203.35,21663.7,548.48,120702.42,0,0,78153.32,0,0,78153.32,0,0,78471.94,0,0,78153.32,0,0,78153.32,0,0,78153.32,0,0,78153.32,0,0,78153.32,0,0,78153.32,0,0,78426.26,0,0,78426.26,0,0,79117.04,0,0,79443.59,0,0,78153.32,0,0,78153.32,0,0,78747.12,0,0,78747.12,0,0,78153.32,0,0,78153.32,0,0,78153.32,0,0,78153.32,0,0,78153.32,0,0,256640.61,0,0,78153.32,0,0,78153.32,21186.19,536.39,118041.92,0,0,80777.17,0,0,78747.12,0,0,81411.67,0,0,78153.32
1,0,0,2021-04-19,CV,0,0,0,0,1,1,1,0,0,0,0,0,0,0,0,0,0,0,0,0,0,0,0,0,0,0,0,0,0,0,0,0,0,0,0,0,0,0,0,0,0,1,0,1,0,0,0,0,0,0,89288.48,0,0,89229.35,0,0,89229.35,0,0,95018.56,24965.82,632.08,139100.67,25524.11,646.21,142211.23,24813.18,628.22,138250.19,0,0,99804.68,0,0,92602.28,0,0,92602.28,0,0,90487.79,0,0,90487.79,0,0,90487.79,0,0,90487.79,0,0,89229.35,0,0,89229.35,0,0,91038.06,0,0,91099.61,0,0,89229.35,0,0,89229.35,0,0,89288.48,0,0,89229.35,0,0,89229.35,0,0,89229.35,0,0,89229.35,0,0,89229.35,0,0,89229.35,0,0,89229.35,0,0,89229.35,0,0,90487.79,0,0,90915.2,0,0,89229.35,0,0,89229.35,0,0,89288.48,0,0,89288.48,0,0,89229.35,0,0,89229.35,0,0,89229.35,0,0,89229.35,0,0,89229.35,0,0,276665.96,0,0,89229.35,0,0,89229.35,0,0,89229.35,25172.29,637.31,140251.05,0,0,89288.48,25189.66,637.75,140347.78,0,0,89229.35
1,0,0,2021-04-26,CV,0,0,0,0,0,0,0,0,0,0,0,0,0,0,0,0,0,0,0,0,0,0,0,0,0,0,0,0,0,0,0,0,0,0,0,0,0,3,0,0,0,0,0,0,0,0,0,0,0,0,102930.73,0,0,102930.73,0,0,102930.73,0,0,109809.55,0,0,106679.59,0,0,108135.09,0,0,105510.04,0,0,114377.18,0,0,106342.8,0,0,106342.8,0,0,104608.95,0,0,104608.95,0,0,104608.95,0,0,104608.95,0,0,102930.73,0,0,102930.73,0,0,104608.95,0,0,104608.95,0,0,102930.73,0,0,102930.73,0,0,102930.73,0,0,102930.73,0,0,102930.73,0,0,102930.73,0,0,102930.73,0,0,102930.73,0,0,102930.73,0,0,102930.73,0,0,102930.73,0,0,104204.43,0,0,104204.43,0,0,102930.73,0,0,102930.73,0,0,102930.73,0,0,102930.73,0,0,102930.73,0,0,102930.73,0,0,102930.73,0,0,102930.73,0,0,102930.73,244042.32,50327.39,713195.21,0,0,102930.73,0,0,102930.73,0,0,102930.73,0,0,106848.79,0,0,102930.73,0,0,106848.79,0,0,102930.73
1,0,0,2021-05-03,CV,0,0,0,0,1,2,1,1,0,0,0,0,0,0,0,0,0,0,0,0,0,0,0,0,0,0,0,0,0,0,0,0,0,0,0,0,0,1,0,0,0,1,0,1,0,0,0,0,0,0,121384.07,0,0,121384.07,0,0,121384.07,0,0,130054.36,33882.19,857.82,188779.48,68915.09,8345.94,248945.02,33725.76,853.86,187907.92,36745.47,930.31,204732.67,0,0,126157.6,0,0,126157.6,0,0,123498,0,0,123498,0,0,123498,0,0,123498,0,0,121384.07,0,0,121384.07,0,0,123724.81,0,0,123724.81,0,0,121384.07,0,0,121384.07,0,0,121384.07,0,0,121384.07,0,0,121384.07,0,0,121384.07,0,0,121384.07,0,0,121384.07,0,0,121384.07,0,0,121384.07,0,0,121384.07,0,0,122934.6,0,0,122934.6,0,0,121384.07,0,0,121384.07,0,0,121384.07,0,0,121384.07,0,0,121384.07,0,0,121384.07,0,0,121384.07,0,0,121384.07,0,0,121384.07,92468.35,2341.1,515200.7,0,0,121384.07,0,0,121384.07,0,0,121384.07,34167.45,865.04,190368.83,0,0,121384.07,34167.45,865.04,190368.83,0,0,121384.07
1,0,0,2021-05-10,CV,0,0,0,0,1,1,0,1,0,0,0,0,0,0,0,0,0,0,0,0,0,0,0,0,0,0,0,0,0,0,0,0,0,0,0,0,0,0,0,0,0,0,0,0,0,0,0,0,0,0,137486.04,0,0,137486.04,0,0,137486.04,0,0,147413.92,38528.48,975.46,214666.96,39401.29,997.55,219529.96,0,0,140643.34,41505.68,1050.83,231254.86,0,0,142880.51,0,0,142880.51,0,0,139478.59,0,0,139478.59,0,0,139478.59,0,0,139478.59,0,0,137486.04,0,0,137486.04,0,0,140496.69,0,0,140496.69,0,0,137486.04,0,0,137486.04,0,0,137486.04,0,0,137486.04,0,0,137486.04,0,0,137486.04,0,0,137486.04,0,0,137486.04,0,0,137486.04,0,0,137486.04,0,0,137486.04,0,0,139478.59,0,0,139478.59,0,0,137486.04,0,0,137486.04,0,0,137486.04,0,0,137486.04,0,0,137486.04,0,0,137486.04,0,0,137486.04,0,0,137486.04,0,0,137486.04,0,0,377412.67,0,0,137486.04,0,0,137486.04,0,0,137486.04,0,0,142729.15,0,0,137486.04,0,0,142729.15,0,0,137486.04
1,0,0,2021-05-17,CV,0,0,0,0,0,0,0,0,0,0,0,0,0,0,0,0,0,0,0,0,0,0,0,0,0,0,0,0,0,0,0,0,0,0,0,0,0,1,0,0,0,0,0,0,0,0,0,0,0,0,153458.23,0,0,153458.23,0,0,153458.23,0,0,164513.21,0,0,159074.76,0,0,163119.03,0,0,156488.18,0,0,170336.69,0,0,158513.32,0,0,158513.32,0,0,155944.82,0,0,155944.82,0,0,155944.82,0,0,155944.82,0,0,153458.23,0,0,153458.23,0,0,157218.58,0,0,157218.58,0,0,153458.23,0,0,153458.23,0,0,153458.23,0,0,153458.23,0,0,153458.23,0,0,153458.23,0,0,153458.23,0,0,153458.23,0,0,153458.23,0,0,153458.23,0,0,153458.23,0,0,155944.82,0,0,155944.82,0,0,153458.23,0,0,153458.23,0,0,153458.23,0,0,153458.23,0,0,153458.23,0,0,153458.23,0,0,153458.23,0,0,153458.23,0,0,153458.23,108062.13,2735.9,602083.65,0,0,153458.23,0,0,153458.23,0,0,153458.23,0,0,159074.76,0,0,153458.23,0,0,159074.76,0,0,153458.23
1,0,0,2021-05-24,CV,0,0,0,0,0,0,0,0,0,0,0,0,0,0,0,0,0,0,0,0,0,0,0,0,0,0,0,0,0,0,0,0,0,0,0,0,0,0,0,0,0,0,0,0,0,0,0,0,0,0,177284.63,0,0,177284.63,0,0,177284.63,0,0,189502.56,0,0,183564.47,0,0,188971,0,0,180611.69,0,0,195837.68,0,0,184066.01,0,0,184066.01,0,0,180611.69,0,0,180611.69,0,0,180611.69,0,0,180611.69,0,0,177284.63,0,0,177284.63,0,0,182322.49,0,0,182322.49,0,0,177284.63,0,0,177284.63,0,0,177284.63,0,0,177284.63,0,0,177284.63,0,0,177284.63,0,0,177284.63,0,0,177284.63,0,0,177284.63,0,0,177284.63,0,0,177284.63,0,0,180611.69,0,0,180611.69,0,0,177284.63,0,0,177284.63,0,0,177284.63,0,0,177284.63,0,0,177284.63,0,0,177284.63,0,0,177284.63,0,0,177284.63,0,0,177284.63,0,0,452135.31,0,0,177284.63,0,0,177284.63,0,0,177284.63,0,0,184066.01,0,0,177284.63,0,0,184066.01,0,0,177284.63
1,0,0,2021-05-31,CV,0,0,0,1,0,0,0,0,0,0,0,0,0,0,0,0,0,0,0,0,0,0,0,0,0,0,0,0,0,0,0,0,0,0,0,0,0,0,0,0,0,0,0,0,0,0,0,0,0,0,202611.01,0,0,202611.01,0,0,202611.01,59293.83,1501.19,330364.08,0,0,209217.89,0,0,216270.18,0,0,206968.24,0,0,221605.79,0,0,211516.99,0,0,211516.99,0,0,206968.24,0,0,206968.24,0,0,206968.24,0,0,206968.24,0,0,202611.01,0,0,202611.01,0,0,209217.89,0,0,209217.89,0,0,202611.01,0,0,202611.01,0,0,202611.01,0,0,202611.01,0,0,202611.01,0,0,202611.01,0,0,202611.01,0,0,202611.01,0,0,202611.01,0,0,202611.01,0,0,202611.01,0,0,206968.24,0,0,206968.24,0,0,202611.01,0,0,202611.01,0,0,202611.01,0,0,202611.01,0,0,202611.01,0,0,202611.01,0,0,202611.01,0,0,202611.01,0,0,202611.01,0,0,514260.77,0,0,202611.01,0,0,202611.01,0,0,202611.01,0,0,211516.99,0,0,202611.01,0,0,211516.99,0,0,202611.01
1,0,0,2021-06-07,CV,0,0,0,0,0,0,0,0,0,0,0,0,0,0,0,0,1,1,0,0,0,0,0,0,0,0,0,0,0,0,0,0,0,0,0,0,0,0,0,0,0,0,0,0,0,0,0,0,0,0,249974.62,0,0,249974.62,0,0,249974.62,0,0,276665.96,0,0,256640.61,0,0,267333.97,0,0,254219.48,0,0,272194.59,0,0,259607.56,0,0,259607.56,0,0,252315.21,0,0,252315.21,0,0,252315.21,0,0,252315.21,0,0,249974.62,0,0,249974.62,70105.57,1774.92,390603.21,70105.57,1774.92,390603.21,0,0,249974.62,0,0,249974.62,0,0,249974.62,0,0,249974.62,0,0,249974.62,0,0,249974.62,0,0,249974.62,0,0,249974.62,0,0,249974.62,0,0,249974.62,0,0,249974.62,0,0,256640.61,0,0,256640.61,0,0,249974.62,0,0,249974.62,0,0,249974.62,0,0,249974.62,0,0,249974.62,0,0,249974.62,0,0,249974.62,0,0,249974.62,0,0,249974.62,0,0,598828.1,0,0,249974.62,0,0,249974.62,0,0,249974.62,0,0,261116.9,0,0,249974.62,0,0,261116.9,0,0,249974.62
1,0,0,2021-06-14,CV,0,0,0,0,0,0,0,0,0,0,0,0,0,0,0,0,1,1,0,0,0,0,0,0,0,0,0,0,0,0,0,0,0,0,0,0,0,0,0,0,0,0,0,0,0,0,0,0,0,0,287898.12,0,0,287898.12,0,0,287898.12,0,0,321566.4,0,0,296776.04,0,0,311169.34,0,0,292269.68,0,0,316282.45,0,0,296776.04,0,0,296776.04,0,0,287898.12,0,0,287898.12,0,0,287898.12,0,0,287898.12,0,0,287898.12,0,0,287898.12,82449.21,2087.43,459377.6,82449.21,2087.43,459377.6,0,0,287898.12,0,0,287898.12,0,0,287898.12,0,0,287898.12,0,0,287898.12,0,0,287898.12,0,0,287898.12,0,0,287898.12,0,0,287898.12,0,0,287898.12,0,0,287898.12,0,0,296776.04,0,0,296776.04,0,0,287898.12,0,0,287898.12,0,0,287898.12,0,0,287898.12,0,0,287898.12,0,0,287898.12,0,0,287898.12,0,0,287898.12,0,0,287898.12,0,0,690955.5,0,0,287898.12,0,0,287898.12,0,0,287898.12,0,0,301423.54,0,0,287898.12,0,0,301423.54,0,0,287898.12
1,0,0,2021-06-21,CV,0,0,0,0,0,0,0,0,0,0,0,0,0,0,0,0,0,0,0,0,0,0,0,0,0,0,0,0,0,0,0,0,0,0,0,0,0,0,0,0,0,0,0,0,0,0,0,0,0,0,309028.26,0,0,309028.26,0,0,309028.26,0,0,348155.87,0,0,319280.38,0,0,336000.8,0,0,314070.68,0,0,340243.24,0,0,319280.38,0,0,319280.38,0,0,309028.26,0,0,309028.26,0,0,309028.26,0,0,309028.26,0,0,309028.26,0,0,309028.26,0,0,330236.08,0,0,330236.08,0,0,309028.26,0,0,309028.26,0,0,309028.26,0,0,309028.26,0,0,309028.26,0,0,309028.26,0,0,309028.26,0,0,309028.26,0,0,309028.26,0,0,309028.26,0,0,309028.26,0,0,319280.38,0,0,319280.38,0,0,309028.26,0,0,309028.26,0,0,309028.26,0,0,309028.26,0,0,309028.26,0,0,309028.26,0,0,309028.26,0,0,309028.26,0,0,309028.26,0,0,748535.12,0,0,309028.26,0,0,309028.26,0,0,309028.26,0,0,324665.84,0,0,309028.26,0,0,324665.84,0,0,309028.26
1,0,0,2021-06-28,CV,0,0,0,0,0,0,0,0,0,0,0,0,0,0,0,0,0,0,0,0,0,0,0,0,0,0,0,0,0,0,0,0,0,0,0,0,0,0,0,0,0,0,0,0,0,0,0,0,0,0,756945.63,0,0,756945.63,0,0,756945.63,0,0,858193.13,0,0,783350.71,0,0,826603.2,0,0,769921.84,0,0,826603.2,0,0,783350.71,0,0,783350.71,0,0,756945.63,0,0,756945.63,0,0,756945.63,0,0,756945.63,0,0,756945.63,0,0,756945.63,0,0,811664.59,0,0,811664.59,0,0,756945.63,0,0,756945.63,0,0,756945.63,0,0,756945.63,0,0,756945.63,0,0,756945.63,0,0,756945.63,0,0,756945.63,0,0,756945.63,0,0,756945.63,0,0,756945.63,0,0,783350.71,0,0,783350.71,0,0,756945.63,0,0,756945.63,0,0,756945.63,0,0,756945.63,0,0,756945.63,0,0,756945.63,0,0,756945.63,0,0,756945.63,0,0,756945.63,0,0,1845703.04,0,0,756945.63,0,0,756945.63,0,0,756945.63,0,0,797256.34,0,0,756945.63,0,0,797256.34,0,0,756945.63
1,1,Pfizer,2021-06-14,CV,0,0,0,0,0,0,0,0,0,0,0,0,0,0,0,0,0,0,0,0,0,0,0,0,0,0,0,0,0,0,0,0,0,0,0,0,0,0,0,0,0,0,0,0,0,0,0,0,0,0,233917.23,0,0,233917.23,0,0,233917.23,0,0,252315.21,0,0,245869.2,0,0,245869.2,0,0,239744.35,0,0,270012.67,0,0,262643.9,0,0,262643.9,0,0,236794.94,0,0,236794.94,0,0,236794.94,0,0,236794.94,0,0,233917.23,0,0,233917.23,0,0,239744.35,0,0,239744.35,0,0,233917.23,0,0,233917.23,0,0,233917.23,0,0,233917.23,0,0,233917.23,0,0,233917.23,0,0,233917.23,0,0,233917.23,0,0,233917.23,0,0,233917.23,0,0,233917.23,0,0,233917.23,0,0,233917.23,0,0,233917.23,0,0,233917.23,0,0,233917.23,0,0,233917.23,0,0,233917.23,0,0,233917.23,0,0,233917.23,0,0,233917.23,0,0,233917.23,0,0,869266.59,0,0,233917.23,0,0,233917.23,0,0,233917.23,0,0,239744.35,0,0,233917.23,0,0,239744.35,0,0,233917.23
1,1,Pfizer,2021-06-21,CV,0,0,0,0,0,0,0,0,0,0,0,0,0,0,0,0,0,0,0,0,0,0,0,0,0,0,0,0,0,0,0,0,0,0,0,0,0,0,0,0,0,0,0,0,0,0,0,0,0,0,229143.4,0,0,229143.4,0,0,229143.4,0,0,246769.82,0,0,238894.19,0,0,238894.19,0,0,234732.27,0,0,260611.84,0,0,254219.48,0,0,254219.48,0,0,231904.17,0,0,231904.17,0,0,231904.17,0,0,231904.17,0,0,229143.4,0,0,229143.4,0,0,234732.27,0,0,234732.27,0,0,229143.4,0,0,229143.4,0,0,229143.4,0,0,229143.4,0,0,229143.4,0,0,229143.4,0,0,229143.4,0,0,229143.4,0,0,229143.4,0,0,229143.4,0,0,229143.4,0,0,229143.4,0,0,229143.4,0,0,229143.4,0,0,229143.4,0,0,229143.4,0,0,229143.4,0,0,229143.4,0,0,229143.4,0,0,229143.4,0,0,229143.4,0,0,229143.4,0,0,806804.32,0,0,229143.4,0,0,229143.4,0,0,229143.4,0,0,234732.27,0,0,229143.4,0,0,234732.27,0,0,229143.4
1,1,Pfizer,2021-06-28,CV,0,0,0,0,0,0,0,0,0,0,0,0,0,0,0,0,0,0,0,0,0,0,0,0,0,0,0,0,0,0,0,0,0,0,0,0,0,0,0,0,0,0,0,0,0,0,0,0,0,0,561401.34,0,0,561401.34,0,0,561401.34,0,0,598828.1,0,0,580760.01,0,0,580760.01,0,0,573346.05,0,0,623779.27,0,0,615234.35,0,0,615234.35,0,0,568507.69,0,0,568507.69,0,0,568507.69,0,0,568507.69,0,0,561401.34,0,0,561401.34,0,0,575796.25,0,0,575796.25,0,0,561401.34,0,0,561401.34,0,0,561401.34,0,0,561401.34,0,0,561401.34,0,0,561401.34,0,0,561401.34,0,0,561401.34,0,0,561401.34,0,0,561401.34,0,0,561401.34,0,0,561401.34,0,0,561401.34,0,0,561401.34,0,0,561401.34,0,0,561401.34,0,0,561401.34,0,0,561401.34,0,0,561401.34,0,0,561401.34,0,0,561401.34,0,0,561401.34,0,0,1897694.68,0,0,561401.34,0,0,561401.34,0,0,561401.34,0,0,573346.05,0,0,561401.34,0,0,573346.05,0,0,561401.34
1,1,Pfizer,2021-01-18,CV,0,0,0,0,0,0,0,0,0,0,0,0,0,0,0,0,0,0,0,0,0,0,0,0,0,0,0,0,0,0,0,0,0,0,0,0,0,0,0,0,0,0,0,0,0,0,0,0,0,0,1433365.13,0,0,1433365.13,0,0,1433365.13,0,0,1684204.03,0,0,1433365.13,0,0,1548693.36,0,0,1548693.36,0,0,1684204.03,0,0,1684204.03,0,0,1684204.03,0,0,1433365.13,0,0,1433365.13,0,0,1433365.13,0,0,1433365.13,0,0,1433365.13,0,0,1433365.13,0,0,1548693.36,0,0,1548693.36,0,0,1433365.13,0,0,1433365.13,0,0,1433365.13,0,0,1433365.13,0,0,1433365.13,0,0,1433365.13,0,0,1433365.13,0,0,1433365.13,0,0,1433365.13,0,0,1433365.13,0,0,1433365.13,0,0,1433365.13,0,0,1433365.13,0,0,1433365.13,0,0,1433365.13,0,0,1433365.13,0,0,1433365.13,0,0,1433365.13,0,0,1433365.13,0,0,1433365.13,0,0,1433365.13,0,0,1433365.13,0,0,3962833,0,0,1433365.13,0,0,1433365.13,0,0,1433365.13,0,0,1548693.36,0,0,1433365.13,0,0,1548693.36,0,0,1433365.13
1,1,Pfizer,2021-01-25,CV,0,0,0,0,0,0,0,0,0,0,0,0,0,0,0,0,0,0,0,0,0,0,0,0,0,0,0,0,0,0,0,0,0,0,0,0,0,0,0,0,0,0,0,0,0,0,0,0,0,0,1897694.68,0,0,1897694.68,0,0,1897694.68,0,0,2208792.16,0,0,1897694.68,0,0,1952700.32,0,0,2105255.03,0,0,2363795.12,0,0,2363795.12,0,0,2363795.12,0,0,1897694.68,0,0,1897694.68,0,0,1897694.68,0,0,1897694.68,0,0,1897694.68,0,0,1897694.68,0,0,2105255.03,0,0,2105255.03,0,0,1897694.68,0,0,1897694.68,0,0,1897694.68,0,0,1897694.68,0,0,1897694.68,0,0,1897694.68,0,0,1897694.68,0,0,1897694.68,0,0,1897694.68,0,0,1897694.68,0,0,1897694.68,0,0,1897694.68,0,0,1897694.68,0,0,1897694.68,0,0,1897694.68,0,0,1897694.68,0,0,1897694.68,0,0,1897694.68,0,0,1897694.68,0,0,1897694.68,0,0,1897694.68,0,0,1897694.68,0,0,4346332.97,0,0,1897694.68,0,0,1897694.68,0,0,1897694.68,0,0,2105255.03,0,0,1897694.68,0,0,2105255.03,0,0,1897694.68
1,1,Pfizer,2021-02-01,CV,0,0,0,0,0,0,0,0,0,0,0,0,0,0,0,0,0,0,0,0,0,0,0,0,0,0,0,0,0,0,0,0,0,0,0,0,0,0,0,0,0,0,0,0,0,0,0,0,0,0,3641522.22,0,0,3641522.22,0,0,3641522.22,0,0,4082918.85,0,0,3641522.22,0,0,3641522.22,0,0,4082918.85,0,0,5182166.23,0,0,5858100.96,0,0,5858100.96,0,0,3641522.22,0,0,3641522.22,0,0,3641522.22,0,0,3641522.22,0,0,3641522.22,0,0,3641522.22,0,0,4082918.85,0,0,4082918.85,0,0,3641522.22,0,0,3641522.22,0,0,3641522.22,0,0,3641522.22,0,0,3641522.22,0,0,3641522.22,0,0,3641522.22,0,0,3641522.22,0,0,3641522.22,0,0,3641522.22,0,0,3641522.22,0,0,3641522.22,0,0,3641522.22,0,0,3641522.22,0,0,3641522.22,0,0,3641522.22,0,0,3641522.22,0,0,3641522.22,0,0,3641522.22,0,0,3641522.22,0,0,3641522.22,0,0,3641522.22,0,0,10364332.47,0,0,3641522.22,0,0,3641522.22,0,0,3641522.22,0,0,4082918.85,0,0,3641522.22,0,0,4082918.85,0,0,3641522.22
1,1,Pfizer,2021-06-07,CV,0,0,0,0,0,0,0,0,0,0,0,0,0,0,0,0,0,0,0,0,0,0,0,0,0,0,0,0,0,0,0,0,0,0,0,0,0,0,0,0,0,0,0,0,0,0,0,0,0,0,261623.93,0,0,261623.93,0,0,261623.93,0,0,283059.5,0,0,276665.96,0,0,276665.96,0,0,267865.45,0,0,306218.91,0,0,294184.11,0,0,294184.11,0,0,262643.9,0,0,262643.9,0,0,262643.9,0,0,262643.9,0,0,261623.93,0,0,261623.93,0,0,268934.77,0,0,268934.77,0,0,261623.93,0,0,261623.93,0,0,261623.93,0,0,261623.93,0,0,261623.93,0,0,261623.93,0,0,261623.93,0,0,261623.93,0,0,261623.93,0,0,261623.93,0,0,261623.93,0,0,261623.93,0,0,261623.93,0,0,261623.93,0,0,261623.93,0,0,261623.93,0,0,261623.93,0,0,261623.93,0,0,261623.93,0,0,261623.93,0,0,261623.93,0,0,261623.93,0,0,1044467.61,0,0,261623.93,0,0,261623.93,0,0,261623.93,0,0,267865.45,0,0,261623.93,0,0,267865.45,0,0,261623.93
1,2,Pfizer,2021-02-01,CV,0,0,0,0,0,0,0,0,0,0,0,0,0,0,0,0,0,0,0,0,0,0,0,0,0,0,0,0,0,0,0,0,0,0,0,0,0,0,0,0,0,0,0,0,0,0,0,0,0,0,2495117.08,0,0,2495117.08,0,0,2495117.08,0,0,3062189.14,0,0,2495117.08,0,0,2866730.26,0,0,2641888.67,0,0,2641888.67,0,0,2495117.08,0,0,2495117.08,0,0,2495117.08,0,0,2495117.08,0,0,2495117.08,0,0,2495117.08,0,0,2495117.08,0,0,2495117.08,0,0,2641888.67,0,0,2641888.67,0,0,2495117.08,0,0,2495117.08,0,0,2495117.08,0,0,2495117.08,0,0,2495117.08,0,0,2495117.08,0,0,2495117.08,0,0,2495117.08,0,0,2495117.08,0,0,2495117.08,0,0,2495117.08,0,0,2495117.08,0,0,2495117.08,0,0,2495117.08,0,0,2495117.08,0,0,2495117.08,0,0,2495117.08,0,0,2495117.08,0,0,2495117.08,0,0,2495117.08,0,0,2495117.08,0,0,2495117.08,0,0,6124378.28,0,0,2495117.08,0,0,2495117.08,0,0,2495117.08,0,0,2641888.67,0,0,2495117.08,0,0,2641888.67,0,0,2495117.08
1,2,Pfizer,2021-02-08,CV,0,0,0,0,0,0,0,0,0,0,0,0,0,0,0,0,0,0,0,0,0,0,0,0,0,0,0,0,0,0,0,0,0,0,0,0,0,0,0,0,0,0,0,0,0,0,0,0,0,0,1749822.36,0,0,1749822.36,0,0,1749822.36,0,0,2138671.78,0,0,1749822.36,0,0,1924804.6,0,0,1924804.6,0,0,1924804.6,0,0,1749822.36,0,0,1749822.36,0,0,1749822.36,0,0,1749822.36,0,0,1749822.36,0,0,1749822.36,0,0,1749822.36,0,0,1749822.36,0,0,1924804.6,0,0,1924804.6,0,0,1749822.36,0,0,1749822.36,0,0,1749822.36,0,0,1749822.36,0,0,1749822.36,0,0,1749822.36,0,0,1749822.36,0,0,1749822.36,0,0,1749822.36,0,0,1749822.36,0,0,1749822.36,0,0,1749822.36,0,0,1749822.36,0,0,1749822.36,0,0,1749822.36,0,0,1749822.36,0,0,1749822.36,0,0,1749822.36,0,0,1749822.36,0,0,1749822.36,0,0,1749822.36,0,0,1749822.36,0,0,3849609.2,0,0,1749822.36,0,0,1749822.36,0,0,1749822.36,0,0,1924804.6,0,0,1749822.36,0,0,1924804.6,0,0,1749822.36
1,2,Pfizer,2021-02-15,CV,0,0,0,0,0,0,0,0,0,0,0,0,0,0,0,0,0,0,0,0,0,0,0,0,0,0,0,0,0,0,0,0,0,0,0,0,0,0,0,0,0,0,0,0,0,0,0,0,0,0,1749822.36,0,0,1749822.36,0,0,1749822.36,0,0,2138671.78,0,0,1749822.36,0,0,1924804.6,0,0,1924804.6,0,0,1924804.6,0,0,1749822.36,0,0,1749822.36,0,0,1749822.36,0,0,1749822.36,0,0,1749822.36,0,0,1749822.36,0,0,1749822.36,0,0,1749822.36,0,0,1924804.6,0,0,1924804.6,0,0,1749822.36,0,0,1749822.36,0,0,1749822.36,0,0,1749822.36,0,0,1749822.36,0,0,1749822.36,0,0,1749822.36,0,0,1749822.36,0,0,1749822.36,0,0,1749822.36,0,0,1749822.36,0,0,1749822.36,0,0,1749822.36,0,0,1749822.36,0,0,1749822.36,0,0,1749822.36,0,0,1749822.36,0,0,1749822.36,0,0,1749822.36,0,0,1749822.36,0,0,1749822.36,0,0,1749822.36,0,0,3849609.2,0,0,1749822.36,0,0,1749822.36,0,0,1749822.36,0,0,1924804.6,0,0,1749822.36,0,0,1924804.6,0,0,1749822.36
1,2,Pfizer,2021-02-22,CV,0,0,0,0,0,0,0,0,0,0,0,0,0,0,0,0,0,0,0,0,0,0,0,0,0,0,0,0,0,0,0,0,0,0,0,0,0,0,0,0,0,0,0,0,0,0,0,0,0,0,1749822.36,0,0,1749822.36,0,0,1749822.36,0,0,2138671.78,0,0,1749822.36,0,0,1924804.6,0,0,1924804.6,0,0,1924804.6,0,0,1749822.36,0,0,1749822.36,0,0,1749822.36,0,0,1749822.36,0,0,1749822.36,0,0,1749822.36,0,0,1749822.36,0,0,1749822.36,0,0,1924804.6,0,0,1924804.6,0,0,1749822.36,0,0,1749822.36,0,0,1749822.36,0,0,1749822.36,0,0,1749822.36,0,0,1749822.36,0,0,1749822.36,0,0,1749822.36,0,0,1749822.36,0,0,1749822.36,0,0,1749822.36,0,0,1749822.36,0,0,1749822.36,0,0,1749822.36,0,0,1749822.36,0,0,1749822.36,0,0,1749822.36,0,0,1749822.36,0,0,1749822.36,0,0,1749822.36,0,0,1749822.36,0,0,1749822.36,0,0,3849609.2,0,0,1749822.36,0,0,1749822.36,0,0,1749822.36,0,0,1924804.6,0,0,1749822.36,0,0,1924804.6,0,0,1749822.36
1,2,Pfizer,2021-03-01,CV,0,0,0,0,0,0,0,0,0,0,0,0,0,0,0,0,0,0,0,0,0,0,0,0,0,0,0,0,0,0,0,0,0,0,0,0,0,1,0,0,0,0,0,0,0,0,0,0,0,0,1548693.36,0,0,1548693.36,0,0,1548693.36,0,0,1845703.04,0,0,1548693.36,0,0,1684204.03,0,0,1684204.03,0,0,1684204.03,0,0,1548693.36,0,0,1548693.36,0,0,1548693.36,0,0,1548693.36,0,0,1548693.36,0,0,1548693.36,0,0,1548693.36,0,0,1548693.36,0,0,1684204.03,0,0,1684204.03,0,0,1548693.36,0,0,1548693.36,0,0,1548693.36,0,0,1548693.36,0,0,1548693.36,0,0,1548693.36,0,0,1548693.36,0,0,1548693.36,0,0,1548693.36,0,0,1548693.36,0,0,1548693.36,0,0,1548693.36,0,0,1548693.36,0,0,1548693.36,0,0,1548693.36,0,0,1548693.36,0,0,1548693.36,0,0,1548693.36,0,0,1548693.36,0,0,1548693.36,0,0,1548693.36,0,0,1548693.36,987162.16,24992.78,5500115.54,0,0,1548693.36,0,0,1548693.36,0,0,1548693.36,0,0,1684204.03,0,0,1548693.36,0,0,1684204.03,0,0,1548693.36
1,2,Pfizer,2021-03-08,CV,0,0,0,0,0,0,0,0,0,0,0,0,0,0,0,0,0,0,0,0,0,0,0,0,0,0,0,0,0,0,0,0,0,0,0,0,0,0,0,0,0,0,0,0,0,0,0,0,0,0,1334022.99,0,0,1334022.99,0,0,1334022.99,0,0,1548693.36,0,0,1334022.99,0,0,1531094.57,0,0,1531094.57,0,0,1604003.83,0,0,1389034.25,0,0,1389034.25,0,0,1334022.99,0,0,1334022.99,0,0,1334022.99,0,0,1334022.99,0,0,1334022.99,0,0,1334022.99,0,0,1433365.13,0,0,1433365.13,0,0,1334022.99,0,0,1334022.99,0,0,1334022.99,0,0,1334022.99,0,0,1334022.99,0,0,1334022.99,0,0,1334022.99,0,0,1334022.99,0,0,1334022.99,0,0,1334022.99,0,0,1334022.99,0,0,1334022.99,0,0,1334022.99,0,0,1334022.99,0,0,1334022.99,0,0,1334022.99,0,0,1334022.99,0,0,1334022.99,0,0,1334022.99,0,0,1334022.99,0,0,1334022.99,0,0,1334022.99,0,0,3849609.2,0,0,1334022.99,0,0,1334022.99,0,0,1334022.99,0,0,1531094.57,0,0,1334022.99,0,0,1531094.57,0,0,1334022.99
1,2,Pfizer,2021-03-15,CV,0,0,0,0,0,0,0,0,0,0,0,0,0,0,0,0,0,0,0,0,0,0,0,0,0,0,0,0,0,0,0,0,0,0,0,0,0,0,0,0,0,0,0,0,0,0,0,0,0,0,1213840.74,0,0,1213840.74,0,0,1213840.74,0,0,1389034.25,0,0,1213840.74,0,0,1389034.25,0,0,1389034.25,0,0,1513891.26,0,0,1295541.56,0,0,1295541.56,0,0,1213840.74,0,0,1213840.74,0,0,1213840.74,0,0,1213840.74,0,0,1213840.74,0,0,1213840.74,0,0,1295541.56,0,0,1295541.56,0,0,1213840.74,0,0,1213840.74,0,0,1213840.74,0,0,1213840.74,0,0,1213840.74,0,0,1213840.74,0,0,1213840.74,0,0,1213840.74,0,0,1224875.66,0,0,1213840.74,0,0,1213840.74,0,0,1213840.74,0,0,1224875.66,0,0,1213840.74,0,0,1213840.74,0,0,1213840.74,0,0,1213840.74,0,0,1213840.74,0,0,1213840.74,0,0,1213840.74,0,0,1213840.74,0,0,1213840.74,0,0,3742675.61,0,0,1213840.74,0,0,1224875.66,0,0,1213840.74,0,0,1389034.25,0,0,1213840.74,0,0,1389034.25,0,0,1213840.74
1,2,Pfizer,2021-03-22,CV,0,0,0,0,0,0,0,0,0,0,0,0,0,0,0,0,0,0,0,0,0,0,0,1,0,0,0,0,0,0,0,0,0,0,0,0,0,0,0,1,0,0,0,0,0,0,0,0,0,0,948847.34,0,0,948847.34,0,0,948847.34,0,0,1122802.68,0,0,948847.34,0,0,1052627.52,0,0,1052627.52,0,0,1247558.54,0,0,1044467.61,0,0,1044467.61,0,0,948847.34,0,0,948847.34,0,0,948847.34,0,0,948847.34,0,0,948847.34,0,0,948847.34,0,0,998046.83,0,0,998046.83,0,0,948847.34,0,0,948847.34,0,0,948847.34,0,0,948847.34,0,0,948847.34,0,0,948847.34,0,0,948847.34,0,0,948847.34,283139.53,7168.47,1577552.52,0,0,948847.34,0,0,948847.34,0,0,948847.34,0,0,998046.83,0,0,948847.34,0,0,948847.34,0,0,948847.34,0,0,948847.34,0,0,948847.34,0,0,948847.34,0,0,948847.34,0,0,948847.34,0,0,948847.34,0,0,3208007.67,0,0,948847.34,283139.53,7168.47,1577552.52,0,0,948847.34,0,0,1052627.52,0,0,948847.34,0,0,1052627.52,0,0,948847.34
1,2,Pfizer,2021-03-29,CV,0,0,0,0,0,0,0,0,0,0,0,0,0,0,0,0,0,0,0,0,0,0,0,0,0,0,0,0,0,0,0,0,0,0,0,0,0,0,0,0,0,0,0,0,0,0,0,0,0,0,601501.44,0,0,601501.44,0,0,601501.44,0,0,690955.5,0,0,612437.83,0,0,654059.82,0,0,647770.78,0,0,736264.05,0,0,657250.35,0,0,657250.35,0,0,601501.44,0,0,601501.44,0,0,601501.44,0,0,601501.44,0,0,601501.44,0,0,601501.44,0,0,620904.71,0,0,620904.71,0,0,601501.44,0,0,601501.44,0,0,601501.44,0,0,601501.44,0,0,601501.44,0,0,601501.44,0,0,601501.44,0,0,601501.44,0,0,641601.53,0,0,601501.44,0,0,601501.44,0,0,601501.44,0,0,620904.71,0,0,601501.44,0,0,601501.44,0,0,601501.44,0,0,601501.44,0,0,601501.44,0,0,601501.44,0,0,601501.44,0,0,601501.44,0,0,601501.44,0,0,2323040.04,0,0,601501.44,0,0,641601.53,0,0,601501.44,0,0,647770.78,0,0,601501.44,0,0,647770.78,0,0,601501.44
1,2,Pfizer,2021-04-05,CV,0,0,0,0,0,0,0,0,0,0,0,0,0,0,0,0,0,0,0,0,0,0,0,0,0,0,0,0,0,0,0,0,0,0,0,0,0,0,0,0,0,0,0,0,0,0,0,0,0,0,412037.68,0,0,412037.68,0,0,412037.68,0,0,452135.31,0,0,430467.48,0,0,450623.15,0,0,431847.19,0,0,486412.72,0,0,449121.07,0,0,449121.07,0,0,412037.68,0,0,412037.68,0,0,412037.68,0,0,412037.68,0,0,412037.68,0,0,412037.68,0,0,413301.6,0,0,413301.6,0,0,412037.68,0,0,412037.68,0,0,412037.68,0,0,412037.68,0,0,412037.68,0,0,412037.68,0,0,412037.68,0,0,412037.68,0,0,422370.92,0,0,412037.68,0,0,412037.68,0,0,412037.68,0,0,421051.01,0,0,412037.68,0,0,412037.68,0,0,412037.68,0,0,412037.68,0,0,412037.68,0,0,412037.68,0,0,412037.68,0,0,412037.68,0,0,412037.68,0,0,1705523.06,0,0,412037.68,0,0,422370.92,0,0,412037.68,0,0,431847.19,0,0,412037.68,0,0,431847.19,0,0,412037.68
1,2,Pfizer,2021-04-12,CV,0,0,0,0,1,1,1,0,0,0,0,0,0,0,0,0,0,0,0,0,0,0,0,0,0,0,0,0,0,0,0,0,0,0,0,0,0,1,0,0,0,1,0,1,0,0,0,0,0,0,360257.55,0,0,360257.55,0,0,360257.55,0,0,389411.34,102887.32,2604.88,573251.48,107111.44,2711.83,596786.73,102887.32,2604.88,573251.48,0,0,415852.85,0,0,390540.06,0,0,390540.06,0,0,360257.55,0,0,360257.55,0,0,360257.55,0,0,360257.55,0,0,360257.55,0,0,360257.55,0,0,360257.55,0,0,360257.55,0,0,360257.55,0,0,360257.55,0,0,360257.55,0,0,360257.55,0,0,360257.55,0,0,360257.55,0,0,360257.55,0,0,360257.55,0,0,367128.94,0,0,360257.55,0,0,360257.55,0,0,360257.55,0,0,367128.94,0,0,360257.55,0,0,360257.55,0,0,360257.55,0,0,360257.55,0,0,360257.55,0,0,360257.55,0,0,360257.55,0,0,360257.55,0,0,360257.55,450925.93,11416.46,2512398.45,0,0,360257.55,0,0,367128.94,0,0,360257.55,102887.32,2604.88,573251.48,0,0,360257.55,102887.32,2604.88,573251.48,0,0,360257.55
1,2,Pfizer,2021-04-19,CV,0,0,0,0,0,0,0,0,0,0,0,0,0,0,0,0,0,0,0,0,0,0,0,0,0,0,0,0,0,0,0,0,0,0,0,0,0,1,0,0,0,0,0,0,0,0,0,0,0,0,286064.38,0,0,286064.38,0,0,286064.38,0,0,304145.2,0,0,300080.9,0,0,309738.67,0,0,300750.72,0,0,327029.91,0,0,317774.34,0,0,317774.34,0,0,287284.27,0,0,287284.27,0,0,287284.27,0,0,287284.27,0,0,286064.38,0,0,286064.38,0,0,287284.27,0,0,287284.27,0,0,286064.38,0,0,286064.38,0,0,286064.38,0,0,286064.38,0,0,286064.38,0,0,286064.38,0,0,286064.38,0,0,286064.38,0,0,290380,0,0,286064.38,0,0,286064.38,0,0,286064.38,0,0,290380,0,0,286064.38,0,0,286064.38,0,0,286064.38,0,0,286064.38,0,0,286064.38,0,0,286064.38,0,0,286064.38,0,0,286064.38,0,0,286064.38,397010.87,10051.44,2212002.99,0,0,286064.38,0,0,290380,0,0,286064.38,0,0,300750.72,0,0,286064.38,0,0,300750.72,0,0,286064.38
1,2,Pfizer,2021-04-26,CV,0,0,0,0,0,0,0,0,0,0,0,0,0,0,0,0,0,0,0,0,0,0,0,0,0,0,0,0,0,0,0,0,0,0,0,0,0,0,0,0,0,0,0,0,0,0,0,0,0,0,205078.12,0,0,205078.12,0,0,205390.73,0,0,216617.88,0,0,214890.47,0,0,219798.24,0,0,214548.28,0,0,231108.61,0,0,228754.37,0,0,228754.37,0,0,207286.65,0,0,207286.65,0,0,207286.65,0,0,207286.65,0,0,205078.12,0,0,205078.12,0,0,210525.5,0,0,210525.5,0,0,205078.12,0,0,205078.12,0,0,205078.12,0,0,205078.12,0,0,205078.12,0,0,205078.12,0,0,205078.12,0,0,205078.12,0,0,207286.65,0,0,205078.12,0,0,205078.12,0,0,205078.12,0,0,207286.65,0,0,205078.12,0,0,205078.12,0,0,205078.12,0,0,205078.12,0,0,205078.12,0,0,205078.12,0,0,205078.12,0,0,205078.12,0,0,205078.12,0,0,1151592.5,0,0,205078.12,0,0,207286.65,0,0,205078.12,0,0,214548.28,0,0,205078.12,0,0,214548.28,0,0,205078.12
1,2,Pfizer,2021-05-03,CV,0,0,0,0,0,0,0,0,0,0,0,0,0,0,0,0,0,0,0,0,0,0,0,0,0,0,0,0,0,0,0,0,0,0,0,0,0,0,0,0,0,0,0,0,0,0,0,0,0,0,159451.27,0,0,159451.27,0,0,160783.2,0,0,169907.09,0,0,170336.69,0,0,173405.82,0,0,166341.14,0,0,178458.7,0,0,180128.77,0,0,180128.77,0,0,160783.2,0,0,160783.2,0,0,160783.2,0,0,160783.2,0,0,159451.27,0,0,159451.27,0,0,163514.95,0,0,163514.95,0,0,159451.27,0,0,159451.27,0,0,159451.27,0,0,159451.27,0,0,159451.27,0,0,159451.27,0,0,159451.27,0,0,159451.27,0,0,160783.2,0,0,160400.38,0,0,160400.38,0,0,159451.27,0,0,160783.2,0,0,159451.27,0,0,159451.27,0,0,160400.38,0,0,160400.38,0,0,159451.27,0,0,159451.27,0,0,159451.27,0,0,159451.27,0,0,159451.27,0,0,922851.52,0,0,159451.27,0,0,160783.2,0,0,159451.27,0,0,166341.14,0,0,160400.38,0,0,167374.31,0,0,159451.27
1,2,Pfizer,2021-05-10,CV,0,0,0,0,0,0,0,0,0,0,0,0,0,0,0,0,0,0,0,0,0,0,0,0,0,0,0,0,0,0,0,0,0,0,0,0,0,0,0,0,0,0,0,0,0,0,0,0,0,0,135549.62,0,0,135549.62,0,0,136510.96,0,0,144722.15,0,0,147899.37,0,0,150375.36,0,0,140496.69,0,0,151559.42,0,0,157218.58,0,0,157218.58,0,0,136510.96,0,0,136510.96,0,0,136510.96,0,0,136510.96,0,0,135549.62,0,0,135549.62,0,0,139478.59,0,0,139478.59,0,0,135549.62,0,0,135549.62,0,0,135549.62,0,0,135549.62,0,0,135549.62,0,0,135549.62,0,0,135549.62,0,0,135549.62,0,0,136510.96,0,0,136510.96,0,0,136510.96,0,0,135549.62,0,0,136510.96,0,0,135549.62,0,0,135549.62,0,0,136510.96,0,0,136510.96,0,0,135549.62,0,0,135549.62,0,0,135549.62,0,0,135549.62,0,0,135549.62,0,0,792566.6,0,0,135549.62,0,0,136510.96,0,0,135549.62,0,0,140496.69,0,0,136510.96,0,0,141529.75,0,0,135549.62
1,2,Pfizer,2021-05-17,CV,0,0,0,0,0,0,0,0,0,0,0,0,0,0,0,0,0,0,0,0,0,0,0,0,0,0,0,0,0,0,0,0,0,0,0,0,0,1,0,0,0,0,0,0,0,0,0,0,0,0,120839.75,0,0,120839.75,0,0,121603.18,0,0,128076.35,0,0,131066.46,0,0,135959.96,0,0,124987.31,0,0,135277.43,0,0,139478.59,0,0,139478.59,0,0,121603.18,0,0,121603.18,0,0,121603.18,0,0,121603.18,0,0,120839.75,0,0,120839.75,0,0,123952.46,0,0,123952.46,0,0,120839.75,0,0,120839.75,0,0,120839.75,0,0,120839.75,0,0,120839.75,0,0,120839.75,0,0,120839.75,0,0,120839.75,0,0,121603.18,0,0,121603.18,0,0,121603.18,0,0,121493.53,0,0,122265.27,0,0,120839.75,0,0,120839.75,0,0,121603.18,0,0,121603.18,0,0,120839.75,0,0,120839.75,0,0,120839.75,0,0,120839.75,0,0,120839.75,198505.43,5025.72,1106001.49,0,0,120839.75,0,0,121603.18,0,0,120839.75,0,0,125686.87,0,0,121603.18,0,0,126512.98,0,0,120839.75
1,2,Pfizer,2021-05-24,CV,0,0,0,0,0,0,0,0,0,0,0,0,0,0,0,0,0,0,0,0,0,0,0,0,0,0,0,0,0,0,0,0,0,0,0,0,0,1,0,0,0,0,0,0,0,0,0,0,0,0,112655.79,0,0,112655.79,0,0,113319.03,0,0,119978.92,0,0,122599.02,0,0,127470.5,0,0,117366.13,0,0,126989.94,0,0,129305.49,0,0,129305.49,0,0,113319.03,0,0,113319.03,0,0,113319.03,0,0,113319.03,0,0,112655.79,0,0,112655.79,0,0,115356.44,0,0,115356.44,0,0,112655.79,0,0,112655.79,0,0,112655.79,0,0,112655.79,0,0,112655.79,0,0,112655.79,0,0,112655.79,0,0,112655.79,0,0,113319.03,0,0,113319.03,0,0,113319.03,0,0,113319.03,0,0,113990.12,0,0,112655.79,0,0,112655.79,0,0,113319.03,0,0,113319.03,0,0,112655.79,0,0,112655.79,0,0,112655.79,0,0,112655.79,0,0,112655.79,196370.97,4971.68,1094109,0,0,112655.79,0,0,113319.03,0,0,112655.79,0,0,118086.17,0,0,113319.03,0,0,118815.1,0,0,112655.79
1,2,Pfizer,2021-05-31,CV,0,0,0,0,0,0,0,0,0,0,0,0,0,0,0,0,0,0,0,0,0,0,0,0,0,0,0,0,0,0,0,0,0,0,0,0,0,2,0,0,0,0,0,0,0,0,0,0,0,0,105675.55,0,0,105675.55,0,0,106258.93,0,0,112467.71,0,0,114086.64,0,0,118293.52,0,0,110530.21,0,0,119447.09,0,0,120192.97,0,0,120192.97,0,0,106258.93,0,0,106258.93,0,0,106258.93,0,0,106258.93,0,0,105675.55,0,0,105675.55,0,0,108048.37,0,0,108048.37,0,0,105675.55,0,0,105675.55,0,0,105675.55,0,0,105675.55,0,0,105675.55,0,0,105675.55,0,0,105675.55,0,0,105675.55,0,0,106258.93,0,0,106258.93,0,0,106258.93,0,0,106258.93,0,0,106848.79,0,0,105675.55,0,0,105675.55,0,0,106258.93,0,0,106258.93,0,0,105675.55,0,0,105675.55,0,0,105675.55,0,0,105675.55,0,0,105675.55,388563.83,47056.88,1403626.15,0,0,105675.55,0,0,106258.93,0,0,105675.55,0,0,111168.58,0,0,106258.93,0,0,111814.38,0,0,105675.55
1,2,Pfizer,2021-06-07,CV,0,0,0,0,0,0,0,0,0,0,0,0,0,0,0,0,0,0,0,0,0,0,0,0,1,1,0,0,0,0,0,0,0,0,0,0,0,1,0,0,0,0,0,0,0,0,0,0,0,0,106258.93,0,0,106258.93,0,0,106342.8,0,0,112561.67,0,0,113893.76,0,0,118086.17,0,0,110620.95,0,0,119553.08,0,0,120948.22,0,0,120948.22,0,0,106848.79,0,0,106848.79,0,0,106848.79,0,0,106848.79,0,0,106258.93,0,0,106258.93,0,0,108658.32,0,0,108658.32,0,0,106258.93,0,0,106258.93,0,0,106258.93,0,0,106258.93,0,0,106258.93,0,0,106258.93,0,0,106258.93,0,0,106258.93,0,0,106848.79,29057.28,735.67,161896.8,29057.28,735.67,161896.8,0,0,106848.79,0,0,107445.23,0,0,106258.93,0,0,106258.93,0,0,106848.79,0,0,106848.79,0,0,106258.93,0,0,106258.93,0,0,106258.93,0,0,106258.93,0,0,106258.93,202916.67,5137.41,1130579.3,0,0,106258.93,0,0,106848.79,0,0,106258.93,0,0,111260.38,0,0,106848.79,0,0,111907.24,0,0,106258.93
1,2,Pfizer,2021-06-14,CV,0,0,0,0,0,0,0,0,0,0,0,0,0,0,0,0,0,0,0,0,0,0,0,0,0,0,0,0,0,0,0,0,0,0,0,0,0,2,0,0,0,0,0,0,0,0,0,0,0,0,106342.8,0,0,106342.8,0,0,106342.8,0,0,112561.67,0,0,113893.76,0,0,118086.17,0,0,110620.95,0,0,119553.08,0,0,121056.89,0,0,121056.89,0,0,106933.59,0,0,106933.59,0,0,106933.59,0,0,106933.59,0,0,106342.8,0,0,106342.8,0,0,108746.02,0,0,108746.02,0,0,106342.8,0,0,106342.8,0,0,106342.8,0,0,106342.8,0,0,106342.8,0,0,106342.8,0,0,106342.8,0,0,106342.8,0,0,106933.59,0,0,107530.98,0,0,107530.98,0,0,106933.59,0,0,107530.98,0,0,106342.8,0,0,106342.8,0,0,106933.59,0,0,106933.59,0,0,106342.8,0,0,106342.8,0,0,106342.8,0,0,106342.8,0,0,106342.8,422254.34,51136.96,1525327.84,0,0,106342.8,0,0,106933.59,0,0,106342.8,0,0,111260.38,0,0,106933.59,0,0,111907.24,0,0,106342.8
1,2,Pfizer,2021-06-21,CV,0,0,0,0,0,0,0,0,0,0,0,0,0,0,0,0,0,0,0,0,0,0,0,0,0,0,0,0,0,0,0,0,0,0,0,0,0,1,0,0,0,0,0,0,0,0,0,0,0,0,104934.83,0,0,104934.83,0,0,104934.83,0,0,110985.44,0,0,112655.79,0,0,116755.91,0,0,109098.24,0,0,118397.47,0,0,119765.62,0,0,119765.62,0,0,105510.04,0,0,105510.04,0,0,105510.04,0,0,105510.04,0,0,104934.83,0,0,104934.83,0,0,107274.14,0,0,107274.14,0,0,104934.83,0,0,104934.83,0,0,104934.83,0,0,104934.83,0,0,104934.83,0,0,104934.83,0,0,104934.83,0,0,104934.83,0,0,105510.04,0,0,106091.59,0,0,106091.59,0,0,105510.04,0,0,106091.59,0,0,104934.83,0,0,104934.83,0,0,105510.04,0,0,105510.04,0,0,104934.83,0,0,104934.83,0,0,104934.83,0,0,104934.83,0,0,104934.83,222713.41,5638.62,1240879.72,0,0,104934.83,0,0,105510.04,0,0,104934.83,0,0,109720.13,0,0,105510.04,0,0,110349.16,0,0,104934.83
1,2,Pfizer,2021-06-28,CV,0,0,0,0,0,0,0,0,0,0,0,0,0,0,0,0,0,0,0,0,0,0,0,0,0,0,0,0,0,0,0,0,0,0,0,0,0,0,0,0,0,0,0,0,0,0,0,0,0,0,239318.51,0,0,239318.51,0,0,239318.51,0,0,253740.72,0,0,257130.39,0,0,266277.32,0,0,248591,0,0,272194.59,0,0,274412.06,0,0,274412.06,0,0,240600.58,0,0,240600.58,0,0,240600.58,0,0,240600.58,0,0,239318.51,0,0,239318.51,0,0,244530.53,0,0,244530.53,0,0,239318.51,0,0,239318.51,0,0,239318.51,0,0,239318.51,0,0,239318.51,0,0,239318.51,0,0,239318.51,0,0,239318.51,0,0,240600.58,0,0,241896.45,0,0,241896.45,0,0,240600.58,0,0,241896.45,0,0,239318.51,0,0,239318.51,0,0,240600.58,0,0,240600.58,0,0,239318.51,0,0,239318.51,0,0,239318.51,0,0,239318.51,0,0,239318.51,0,0,1952700.32,0,0,239318.51,0,0,240600.58,0,0,239318.51,0,0,249974.62,0,0,240600.58,0,0,251373.74,0,0,239318.51
1,1,Moderna,2021-03-29,CV,0,0,0,0,0,0,0,0,0,0,0,0,0,0,0,0,0,0,0,0,0,0,0,0,0,0,0,0,0,0,0,0,0,0,0,0,0,0,0,0,0,0,0,0,0,0,0,0,0,0,1192356.83,0,0,1236113.05,0,0,1192356.83,0,0,1464525.24,0,0,1418277.07,0,0,1663411.38,0,0,1360972.95,0,0,1360972.95,0,0,1531094.57,0,0,1531094.57,0,0,1192356.83,0,0,1192356.83,0,0,1192356.83,0,0,1192356.83,0,0,1192356.83,0,0,1192356.83,0,0,1192356.83,0,0,1192356.83,0,0,1192356.83,0,0,1192356.83,0,0,1192356.83,0,0,1192356.83,0,0,1192356.83,0,0,1192356.83,0,0,1192356.83,0,0,1192356.83,0,0,1192356.83,0,0,1192356.83,0,0,1192356.83,0,0,1192356.83,0,0,1192356.83,0,0,1192356.83,0,0,1192356.83,0,0,1192356.83,0,0,1192356.83,0,0,1192356.83,0,0,1192356.83,0,0,1192356.83,0,0,1192356.83,0,0,1192356.83,0,0,3962833,0,0,1192356.83,0,0,1192356.83,0,0,1192356.83,0,0,1360972.95,0,0,1192356.83,0,0,1360972.95,0,0,1192356.83
1,1,Moderna,2021-04-05,CV,0,0,0,1,0,0,0,0,0,0,0,0,0,0,0,0,0,0,0,0,0,0,0,0,0,0,0,0,0,0,0,0,0,0,0,0,0,0,0,0,0,0,0,0,0,0,0,0,0,0,1028521.54,0,0,1028521.54,0,0,1028521.54,347857.14,8806.98,1938135.95,0,0,1213840.74,0,0,1389034.25,0,0,1151592.5,0,0,1151592.5,0,0,1224875.66,0,0,1224875.66,0,0,1028521.54,0,0,1028521.54,0,0,1028521.54,0,0,1028521.54,0,0,1028521.54,0,0,1028521.54,0,0,1028521.54,0,0,1028521.54,0,0,1028521.54,0,0,1028521.54,0,0,1028521.54,0,0,1028521.54,0,0,1028521.54,0,0,1028521.54,0,0,1028521.54,0,0,1028521.54,0,0,1028521.54,0,0,1028521.54,0,0,1028521.54,0,0,1028521.54,0,0,1028521.54,0,0,1028521.54,0,0,1028521.54,0,0,1028521.54,0,0,1028521.54,0,0,1028521.54,0,0,1028521.54,0,0,1028521.54,0,0,1028521.54,0,0,1028521.54,0,0,3454777.49,0,0,1028521.54,0,0,1028521.54,0,0,1028521.54,0,0,1151592.5,0,0,1028521.54,0,0,1151592.5,0,0,1028521.54
1,1,Moderna,2021-04-12,CV,0,0,0,0,0,0,0,0,0,0,0,0,0,0,0,0,0,0,0,0,0,0,0,0,0,0,0,0,0,0,0,0,0,0,0,0,0,0,0,0,0,0,0,0,0,0,0,0,0,0,886423.17,0,0,886423.17,0,0,886423.17,0,0,1069335.89,0,0,1086583.24,0,0,1224875.66,0,0,976350.16,0,0,976350.16,0,0,976350.16,0,0,976350.16,0,0,886423.17,0,0,886423.17,0,0,886423.17,0,0,886423.17,0,0,886423.17,0,0,886423.17,0,0,886423.17,0,0,886423.17,0,0,886423.17,0,0,886423.17,0,0,886423.17,0,0,886423.17,0,0,886423.17,0,0,886423.17,0,0,886423.17,0,0,886423.17,0,0,886423.17,0,0,886423.17,0,0,886423.17,0,0,886423.17,0,0,886423.17,0,0,886423.17,0,0,886423.17,0,0,886423.17,0,0,886423.17,0,0,886423.17,0,0,886423.17,0,0,886423.17,0,0,886423.17,0,0,886423.17,0,0,2749720.86,0,0,886423.17,0,0,886423.17,0,0,886423.17,0,0,976350.16,0,0,886423.17,0,0,976350.16,0,0,886423.17
1,1,Moderna,2021-04-19,CV,0,0,0,0,0,0,0,0,0,0,0,0,0,0,0,0,0,0,0,0,0,0,0,0,0,0,0,0,0,0,0,0,0,0,0,0,0,1,0,0,0,0,0,0,0,0,0,0,0,0,852761.53,0,0,821562.94,0,0,821562.94,0,0,955576.75,0,0,990708.25,0,0,1069335.89,0,0,874911.18,0,0,874911.18,0,0,863694.37,0,0,863694.37,0,0,821562.94,0,0,821562.94,0,0,821562.94,0,0,821562.94,0,0,821562.94,0,0,821562.94,0,0,821562.94,0,0,852761.53,0,0,821562.94,0,0,821562.94,0,0,852761.53,0,0,821562.94,0,0,821562.94,0,0,821562.94,0,0,821562.94,0,0,821562.94,0,0,821562.94,0,0,821562.94,0,0,821562.94,0,0,821562.94,0,0,821562.94,0,0,821562.94,0,0,821562.94,0,0,852761.53,0,0,852761.53,0,0,821562.94,0,0,821562.94,0,0,821562.94,0,0,821562.94,0,0,821562.94,640789.47,16223.38,3570250.44,0,0,821562.94,0,0,821562.94,0,0,821562.94,0,0,874911.18,0,0,852761.53,0,0,910380.55,0,0,821562.94
1,2,Moderna,2021-04-26,CV,0,0,0,0,0,0,0,1,0,0,0,0,0,0,0,0,0,0,0,0,0,0,0,0,0,0,0,0,0,0,0,0,0,0,0,0,0,1,0,0,0,0,0,0,0,0,0,0,0,0,1181897.56,0,0,1259217.96,0,0,1181897.56,0,0,1548693.36,0,0,1418277.07,0,0,1663411.38,0,0,1334022.99,372704.08,9436.05,2076574.23,0,0,1705523.06,0,0,1705523.06,0,0,1181897.56,0,0,1181897.56,0,0,1181897.56,0,0,1181897.56,0,0,1181897.56,0,0,1181897.56,0,0,1181897.56,0,0,1181897.56,0,0,1181897.56,0,0,1181897.56,0,0,1181897.56,0,0,1181897.56,0,0,1181897.56,0,0,1181897.56,0,0,1181897.56,0,0,1181897.56,0,0,1181897.56,0,0,1181897.56,0,0,1181897.56,0,0,1181897.56,0,0,1181897.56,0,0,1181897.56,0,0,1181897.56,0,0,1181897.56,0,0,1181897.56,0,0,1181897.56,0,0,1181897.56,0,0,1181897.56,0,0,1181897.56,0,0,1181897.56,1461000,36989.32,8140170.99,0,0,1181897.56,0,0,1181897.56,0,0,1181897.56,0,0,1334022.99,0,0,1181897.56,0,0,1334022.99,0,0,1181897.56
1,2,Moderna,2021-05-03,CV,0,0,0,0,0,0,0,0,0,0,0,0,0,0,0,0,0,0,0,0,0,0,0,0,0,0,0,0,0,0,0,0,0,0,0,0,0,0,0,0,0,0,0,0,0,0,0,0,0,0,916573.62,0,0,962402.3,0,0,916573.62,0,0,1132238,0,0,1077890.58,0,0,1213840.74,0,0,1013055.05,0,0,1069335.89,0,0,1203002.88,0,0,1203002.88,0,0,916573.62,0,0,916573.62,0,0,916573.62,0,0,916573.62,0,0,916573.62,0,0,916573.62,0,0,916573.62,0,0,916573.62,0,0,916573.62,0,0,916573.62,0,0,916573.62,0,0,916573.62,0,0,916573.62,0,0,916573.62,0,0,916573.62,0,0,916573.62,0,0,916573.62,0,0,916573.62,0,0,916573.62,0,0,916573.62,0,0,916573.62,0,0,916573.62,0,0,916573.62,0,0,916573.62,0,0,916573.62,0,0,916573.62,0,0,916573.62,0,0,916573.62,0,0,916573.62,0,0,916573.62,0,0,3286251.76,0,0,916573.62,0,0,916573.62,0,0,916573.62,0,0,1013055.05,0,0,916573.62,0,0,1013055.05,0,0,916573.62
1,2,Moderna,2021-05-10,CV,0,0,0,0,0,0,0,0,0,0,0,0,0,0,0,0,0,0,0,0,0,0,0,0,0,0,0,0,0,0,0,0,0,0,0,0,0,0,0,0,0,0,0,0,0,0,0,0,0,0,732262.62,0,0,761222.16,0,0,732262.62,0,0,904270.62,0,0,904270.62,0,0,998046.83,0,0,792566.6,0,0,826603.2,0,0,904270.62,0,0,904270.62,0,0,732262.62,0,0,732262.62,0,0,732262.62,0,0,732262.62,0,0,732262.62,0,0,732262.62,0,0,732262.62,0,0,732262.62,0,0,732262.62,0,0,732262.62,0,0,732262.62,0,0,732262.62,0,0,732262.62,0,0,732262.62,0,0,732262.62,0,0,732262.62,0,0,732262.62,0,0,732262.62,0,0,732262.62,0,0,732262.62,0,0,732262.62,0,0,732262.62,0,0,732262.62,0,0,732262.62,0,0,732262.62,0,0,732262.62,0,0,732262.62,0,0,732262.62,0,0,732262.62,0,0,732262.62,0,0,2807006.71,0,0,732262.62,0,0,732262.62,0,0,732262.62,0,0,792566.6,0,0,732262.62,0,0,792566.6,0,0,732262.62
1,2,Moderna,2021-05-17,CV,0,0,0,0,0,0,0,0,0,0,0,0,0,0,0,0,0,0,0,0,0,0,0,0,0,0,0,0,0,0,0,0,0,0,0,0,0,1,0,0,0,0,0,0,0,0,0,0,0,0,660472.17,0,0,683940.72,0,0,660472.17,0,0,797256.34,0,0,797256.34,0,0,869266.59,0,0,709138.54,0,0,736264.05,0,0,797256.34,0,0,797256.34,0,0,660472.17,0,0,660472.17,0,0,660472.17,0,0,660472.17,0,0,660472.17,0,0,660472.17,0,0,660472.17,0,0,660472.17,0,0,660472.17,0,0,660472.17,0,0,660472.17,0,0,660472.17,0,0,660472.17,0,0,660472.17,0,0,660472.17,0,0,660472.17,0,0,660472.17,0,0,660472.17,0,0,660472.17,0,0,660472.17,0,0,660472.17,0,0,660472.17,0,0,660472.17,0,0,660472.17,0,0,660472.17,0,0,660472.17,0,0,660472.17,0,0,660472.17,0,0,660472.17,0,0,660472.17,689150.94,17447.79,3839703.3,0,0,660472.17,0,0,660472.17,0,0,660472.17,0,0,709138.54,0,0,660472.17,0,0,709138.54,0,0,660472.17
1,2,Moderna,2021-05-24,CV,0,0,0,0,0,0,0,0,0,0,0,0,0,0,0,0,0,0,0,0,0,0,0,0,0,0,0,0,0,0,0,0,0,0,0,0,0,0,0,0,0,0,0,0,0,0,0,0,0,0,601501.44,0,0,620904.71,0,0,601501.44,0,0,732262.62,0,0,712890.59,0,0,769921.84,0,0,657250.35,0,0,680486.48,0,0,712890.59,0,0,712890.59,0,0,601501.44,0,0,601501.44,0,0,601501.44,0,0,601501.44,0,0,601501.44,0,0,601501.44,0,0,620904.71,0,0,620904.71,0,0,601501.44,0,0,601501.44,0,0,601501.44,0,0,601501.44,0,0,601501.44,0,0,601501.44,0,0,601501.44,0,0,601501.44,0,0,601501.44,0,0,601501.44,0,0,601501.44,0,0,601501.44,0,0,615234.35,0,0,601501.44,0,0,601501.44,0,0,601501.44,0,0,601501.44,0,0,601501.44,0,0,601501.44,0,0,601501.44,0,0,601501.44,0,0,601501.44,0,0,2406005.75,0,0,601501.44,0,0,601501.44,0,0,601501.44,0,0,657250.35,0,0,601501.44,0,0,657250.35,0,0,601501.44
1,2,Moderna,2021-05-31,CV,0,0,0,0,0,0,0,0,0,0,0,0,0,0,0,0,1,1,0,0,0,0,0,0,0,0,0,0,0,0,0,0,0,0,0,0,0,0,0,0,0,0,0,0,0,0,0,0,0,0,573346.05,0,0,590948.78,0,0,573346.05,0,0,698115.66,0,0,673681.61,0,0,724388.83,0,0,629608.98,0,0,650900.11,0,0,673681.61,0,0,673681.61,0,0,573346.05,0,0,573346.05,0,0,573346.05,0,0,573346.05,0,0,573346.05,0,0,573346.05,163058.04,4128.27,908501.23,163058.04,4128.27,908501.23,0,0,573346.05,0,0,573346.05,0,0,573346.05,0,0,573346.05,0,0,573346.05,0,0,573346.05,0,0,573346.05,0,0,573346.05,0,0,573346.05,0,0,573346.05,0,0,573346.05,0,0,573346.05,0,0,590948.78,0,0,573346.05,0,0,573346.05,0,0,573346.05,0,0,573346.05,0,0,573346.05,0,0,573346.05,0,0,573346.05,0,0,573346.05,0,0,573346.05,0,0,2406005.75,0,0,573346.05,0,0,573346.05,0,0,573346.05,0,0,629608.98,0,0,573346.05,0,0,629608.98,0,0,573346.05
1,2,Moderna,2021-06-07,CV,0,0,0,1,0,0,0,0,0,0,0,0,0,0,0,0,0,0,0,0,0,0,0,0,0,0,0,0,0,0,0,0,0,0,0,0,0,1,0,0,0,0,0,0,0,0,0,0,0,0,549944.17,0,0,566119,0,0,549944.17,179926.11,4555.33,1002484.11,0,0,641601.53,0,0,687430.21,0,0,601501.44,0,0,620904.71,0,0,641601.53,0,0,641601.53,0,0,549944.17,0,0,549944.17,0,0,549944.17,0,0,549944.17,0,0,549944.17,0,0,549944.17,0,0,583274.12,0,0,583274.12,0,0,549944.17,0,0,549944.17,0,0,549944.17,0,0,549944.17,0,0,549944.17,0,0,549944.17,0,0,549944.17,0,0,549944.17,0,0,549944.17,0,0,549944.17,0,0,549944.17,0,0,549944.17,0,0,566119,0,0,549944.17,0,0,549944.17,0,0,549944.17,0,0,549944.17,0,0,549944.17,0,0,549944.17,0,0,549944.17,0,0,549944.17,0,0,549944.17,664090.91,16813.33,3700077.72,0,0,549944.17,0,0,549944.17,0,0,549944.17,0,0,601501.44,0,0,549944.17,0,0,601501.44,0,0,549944.17
1,2,Moderna,2021-06-14,CV,0,0,0,0,0,0,0,0,0,0,0,0,0,0,0,0,0,0,0,0,0,0,0,0,0,0,0,0,0,0,0,0,0,0,0,0,0,0,0,0,0,0,0,0,0,0,0,0,0,0,549944.17,0,0,566119,0,0,549944.17,0,0,687430.21,0,0,641601.53,0,0,687430.21,0,0,601501.44,0,0,620904.71,0,0,641601.53,0,0,641601.53,0,0,549944.17,0,0,549944.17,0,0,549944.17,0,0,549944.17,0,0,549944.17,0,0,549944.17,0,0,583274.12,0,0,583274.12,0,0,549944.17,0,0,549944.17,0,0,549944.17,0,0,549944.17,0,0,549944.17,0,0,549944.17,0,0,549944.17,0,0,549944.17,0,0,549944.17,0,0,549944.17,0,0,549944.17,0,0,549944.17,0,0,566119,0,0,549944.17,0,0,549944.17,0,0,549944.17,0,0,549944.17,0,0,549944.17,0,0,549944.17,0,0,549944.17,0,0,549944.17,0,0,549944.17,0,0,2749720.86,0,0,549944.17,0,0,549944.17,0,0,549944.17,0,0,601501.44,0,0,549944.17,0,0,601501.44,0,0,549944.17
1,2,Moderna,2021-06-21,CV,0,0,0,0,0,0,0,0,0,0,0,0,0,0,0,0,0,0,0,0,0,0,0,0,0,0,0,0,0,0,0,0,0,0,0,0,0,0,0,0,0,0,0,0,0,0,0,0,0,0,534667.94,0,0,549944.17,0,0,534667.94,0,0,663725.72,0,0,620904.71,0,0,663725.72,0,0,583274.12,0,0,601501.44,0,0,620904.71,0,0,620904.71,0,0,534667.94,0,0,534667.94,0,0,534667.94,0,0,534667.94,0,0,534667.94,0,0,534667.94,0,0,566119,0,0,566119,0,0,534667.94,0,0,534667.94,0,0,534667.94,0,0,534667.94,0,0,534667.94,0,0,534667.94,0,0,534667.94,0,0,534667.94,0,0,534667.94,0,0,534667.94,0,0,534667.94,0,0,534667.94,0,0,549944.17,0,0,534667.94,0,0,534667.94,0,0,534667.94,0,0,534667.94,0,0,534667.94,0,0,534667.94,0,0,534667.94,0,0,534667.94,0,0,534667.94,0,0,2406005.75,0,0,534667.94,0,0,534667.94,0,0,534667.94,0,0,583274.12,0,0,534667.94,0,0,583274.12,0,0,534667.94
1,2,Moderna,2021-06-28,CV,0,0,0,0,0,0,0,0,0,0,0,0,0,0,0,0,0,0,0,0,0,0,0,0,0,0,0,0,0,0,0,0,0,0,0,0,0,0,0,0,0,0,0,0,0,0,0,0,0,0,1247558.54,0,0,1283203.07,0,0,1247558.54,0,0,1548693.36,0,0,1448777.66,0,0,1548693.36,0,0,1360972.95,0,0,1403503.35,0,0,1448777.66,0,0,1448777.66,0,0,1247558.54,0,0,1247558.54,0,0,1247558.54,0,0,1247558.54,0,0,1247558.54,0,0,1247558.54,0,0,1320944.33,0,0,1320944.33,0,0,1247558.54,0,0,1247558.54,0,0,1247558.54,0,0,1247558.54,0,0,1247558.54,0,0,1247558.54,0,0,1247558.54,0,0,1247558.54,0,0,1247558.54,0,0,1247558.54,0,0,1247558.54,0,0,1247558.54,0,0,1283203.07,0,0,1247558.54,0,0,1247558.54,0,0,1247558.54,0,0,1247558.54,0,0,1247558.54,0,0,1247558.54,0,0,1247558.54,0,0,1247558.54,0,0,1247558.54,0,0,5614013.42,0,0,1247558.54,0,0,1247558.54,0,0,1247558.54,0,0,1360972.95,0,0,1247558.54,0,0,1360972.95,0,0,1247558.54
1,1,Pfizer,2021-04-12,CV,0,0,0,0,0,0,0,0,0,0,0,0,0,0,0,0,0,0,0,0,0,0,0,0,0,0,0,0,0,0,0,0,0,0,0,0,0,0,0,0,0,0,0,0,0,0,0,0,0,0,242331.51,0,0,242331.51,0,0,245421.35,0,0,255666.65,0,0,260611.84,0,0,260611.84,0,0,248591,0,0,261623.93,0,0,291007.18,0,0,291007.18,0,0,245421.35,0,0,245421.35,0,0,245421.35,0,0,245421.35,0,0,242331.51,0,0,242331.51,0,0,255182.43,0,0,255182.43,0,0,242331.51,0,0,242331.51,0,0,242331.51,0,0,242331.51,0,0,242331.51,0,0,242331.51,0,0,242331.51,0,0,242331.51,0,0,242331.51,0,0,242768.15,0,0,242768.15,0,0,242331.51,0,0,242331.51,0,0,242331.51,0,0,242331.51,0,0,242768.15,0,0,242768.15,0,0,242331.51,0,0,242331.51,0,0,242331.51,0,0,242331.51,0,0,242331.51,0,0,1203002.88,0,0,242331.51,0,0,242331.51,0,0,242331.51,0,0,248591,0,0,242768.15,0,0,249050.5,0,0,242331.51
1,1,Pfizer,2021-04-19,CV,0,0,0,0,0,0,0,0,1,1,0,0,0,0,0,0,0,0,0,0,0,0,0,0,0,0,0,0,0,0,0,0,0,0,0,0,0,1,0,0,0,0,0,0,0,0,0,0,0,0,213190.38,0,0,213190.38,0,0,215578.12,0,0,231108.61,0,0,235553.01,0,0,236794.94,0,0,217316.65,0,0,230318.5,71198.83,1802.6,396694.49,71198.83,1802.6,396694.49,0,0,214890.47,0,0,214890.47,0,0,214890.47,0,0,214890.47,0,0,213190.38,0,0,213190.38,0,0,224186.89,0,0,224186.89,0,0,213190.38,0,0,213190.38,0,0,213190.38,0,0,213190.38,0,0,213190.38,0,0,213190.38,0,0,213190.38,0,0,213190.38,0,0,213190.38,0,0,215578.12,0,0,215578.12,0,0,213190.38,0,0,213190.38,0,0,213190.38,0,0,213190.38,0,0,215578.12,0,0,215578.12,0,0,213190.38,0,0,213190.38,0,0,213190.38,0,0,213190.38,0,0,213190.38,320394.74,8111.69,1785125.22,0,0,213190.38,0,0,213190.38,0,0,213190.38,0,0,217316.65,0,0,215578.12,0,0,219798.24,0,0,213190.38
1,1,Pfizer,2021-04-26,CV,0,0,0,0,0,0,0,0,0,0,0,0,0,0,0,0,0,0,0,0,0,0,0,0,0,0,0,0,0,0,0,0,0,0,0,0,0,0,0,0,0,0,0,0,0,0,0,0,0,0,224935.43,0,0,224935.43,0,0,227211.34,0,0,242768.15,0,0,247222.61,0,0,255666.65,0,0,227211.34,0,0,245869.2,0,0,277806.85,0,0,277806.85,0,0,224935.43,0,0,224935.43,0,0,224935.43,0,0,224935.43,0,0,224935.43,0,0,224935.43,0,0,231904.17,0,0,231904.17,0,0,224935.43,0,0,224935.43,0,0,224935.43,0,0,224935.43,0,0,224935.43,0,0,224935.43,0,0,224935.43,0,0,224935.43,0,0,224935.43,0,0,227595.14,0,0,227595.14,0,0,226828.83,0,0,226828.83,0,0,224935.43,0,0,224935.43,0,0,227595.14,0,0,227595.14,0,0,224935.43,0,0,224935.43,0,0,224935.43,0,0,224935.43,0,0,224935.43,0,0,1320944.33,0,0,224935.43,0,0,224935.43,0,0,224935.43,0,0,229143.4,0,0,227595.14,0,0,231904.17,0,0,224935.43
1,1,Pfizer,2021-05-03,CV,0,0,0,0,0,0,0,0,0,0,0,0,0,0,0,0,0,0,0,0,0,0,0,0,0,0,0,0,0,0,0,0,0,0,0,0,0,0,0,0,0,0,0,0,0,0,0,0,0,0,258115.56,0,0,258115.56,0,0,258115.56,0,0,276665.96,0,0,280700.67,0,0,293543.19,0,0,260611.84,0,0,285458.31,0,0,308321.1,0,0,308321.1,0,0,258115.56,0,0,258115.56,0,0,258115.56,0,0,258115.56,0,0,258115.56,0,0,258115.56,0,0,265228.98,0,0,265228.98,0,0,258115.56,0,0,258115.56,0,0,258115.56,0,0,258115.56,0,0,258115.56,0,0,258115.56,0,0,258115.56,0,0,258115.56,0,0,258115.56,0,0,259108.31,0,0,259108.31,0,0,261623.93,0,0,261623.93,0,0,258115.56,0,0,258115.56,0,0,259108.31,0,0,259108.31,0,0,258115.56,0,0,258115.56,0,0,258115.56,0,0,258115.56,0,0,258115.56,0,0,1418277.07,0,0,258115.56,0,0,258115.56,0,0,258115.56,0,0,264188.87,0,0,259108.31,0,0,265228.98,0,0,258115.56
1,1,Pfizer,2021-05-10,CV,0,0,0,0,0,0,1,1,0,0,0,0,0,0,0,0,0,0,0,0,0,0,0,0,0,0,0,0,0,0,0,0,0,0,0,0,0,1,0,0,0,1,0,1,0,0,0,0,0,0,286673.03,0,0,286673.03,0,0,286673.03,0,0,307617.17,0,0,299414.05,0,0,313340.28,80451.54,2036.86,448247.3,89522.06,2266.5,498784.99,0,0,320800.77,0,0,320800.77,0,0,286673.03,0,0,286673.03,0,0,286673.03,0,0,286673.03,0,0,286673.03,0,0,286673.03,0,0,291007.18,0,0,291007.18,0,0,286673.03,0,0,286673.03,0,0,286673.03,0,0,286673.03,0,0,286673.03,0,0,286673.03,0,0,286673.03,0,0,286673.03,0,0,286673.03,0,0,286673.03,0,0,286673.03,0,0,291007.18,0,0,291007.18,0,0,286673.03,0,0,286673.03,0,0,286673.03,0,0,286673.03,0,0,286673.03,0,0,286673.03,0,0,286673.03,0,0,286673.03,0,0,286673.03,415056.82,10508.33,2312548.58,0,0,286673.03,0,0,286673.03,0,0,286673.03,81711.41,2068.75,455266.83,0,0,286673.03,81711.41,2068.75,455266.83,0,0,286673.03
1,1,Moderna,2021-06-07,CV,0,0,0,0,0,0,0,0,0,0,0,0,0,0,0,0,0,0,0,0,0,0,0,0,0,0,0,0,0,0,0,0,0,0,0,0,0,0,0,0,0,0,0,0,0,0,0,0,0,0,1845703.04,0,0,1684204.03,0,0,1684204.03,0,0,1845703.04,0,0,1684204.03,0,0,1684204.03,0,0,1684204.03,0,0,1684204.03,0,0,1684204.03,0,0,1684204.03,0,0,2041459.43,0,0,2041459.43,0,0,2041459.43,0,0,2041459.43,0,0,1684204.03,0,0,1684204.03,0,0,1684204.03,0,0,1845703.04,0,0,1684204.03,0,0,1684204.03,0,0,1845703.04,0,0,1684204.03,0,0,1684204.03,0,0,1684204.03,0,0,1684204.03,0,0,1684204.03,0,0,1684204.03,0,0,1684204.03,0,0,1684204.03,0,0,1684204.03,0,0,1684204.03,0,0,1684204.03,0,0,1684204.03,0,0,1845703.04,0,0,1845703.04,0,0,1684204.03,0,0,1684204.03,0,0,1684204.03,0,0,1684204.03,0,0,1684204.03,0,0,3545692.69,0,0,1684204.03,0,0,1684204.03,0,0,1684204.03,0,0,1684204.03,0,0,1845703.04,0,0,1845703.04,0,0,1684204.03
1,1,Moderna,2021-06-14,CV,0,0,0,0,0,0,0,0,0,0,0,0,0,0,0,0,0,0,0,0,0,0,0,0,0,0,0,0,0,0,0,0,0,0,0,0,0,0,0,0,0,0,0,0,0,0,0,0,0,0,1623329.18,0,0,1497070.25,0,0,1497070.25,0,0,1623329.18,0,0,1497070.25,0,0,1497070.25,0,0,1497070.25,0,0,1497070.25,0,0,1497070.25,0,0,1497070.25,0,0,1772846.34,0,0,1772846.34,0,0,1772846.34,0,0,1772846.34,0,0,1497070.25,0,0,1497070.25,0,0,1497070.25,0,0,1623329.18,0,0,1497070.25,0,0,1497070.25,0,0,1623329.18,0,0,1497070.25,0,0,1497070.25,0,0,1497070.25,0,0,1497070.25,0,0,1497070.25,0,0,1497070.25,0,0,1497070.25,0,0,1497070.25,0,0,1497070.25,0,0,1497070.25,0,0,1497070.25,0,0,1497070.25,0,0,1623329.18,0,0,1623329.18,0,0,1497070.25,0,0,1497070.25,0,0,1497070.25,0,0,1497070.25,0,0,1497070.25,0,0,3208007.67,0,0,1497070.25,0,0,1497070.25,0,0,1497070.25,0,0,1497070.25,0,0,1623329.18,0,0,1623329.18,0,0,1497070.25
1,1,Moderna,2021-06-21,CV,0,0,0,0,0,0,0,0,0,0,0,0,0,0,0,0,0,0,0,0,0,0,0,0,0,0,0,0,0,0,0,0,0,0,0,0,0,0,0,0,0,0,0,0,0,0,0,0,0,0,1749822.36,0,0,1604003.83,0,0,1604003.83,0,0,1749822.36,0,0,1604003.83,0,0,1604003.83,0,0,1604003.83,0,0,1604003.83,0,0,1604003.83,0,0,1604003.83,0,0,1924804.6,0,0,1924804.6,0,0,1924804.6,0,0,1924804.6,0,0,1604003.83,0,0,1604003.83,0,0,1604003.83,0,0,1749822.36,0,0,1604003.83,0,0,1604003.83,0,0,1749822.36,0,0,1604003.83,0,0,1604003.83,0,0,1604003.83,0,0,1604003.83,0,0,1604003.83,0,0,1604003.83,0,0,1604003.83,0,0,1604003.83,0,0,1604003.83,0,0,1604003.83,0,0,1604003.83,0,0,1604003.83,0,0,1749822.36,0,0,1749822.36,0,0,1604003.83,0,0,1604003.83,0,0,1604003.83,0,0,1604003.83,0,0,1604003.83,0,0,3849609.2,0,0,1604003.83,0,0,1604003.83,0,0,1604003.83,0,0,1604003.83,0,0,1749822.36,0,0,1749822.36,0,0,1604003.83
1,1,Moderna,2021-06-28,CV,0,0,0,0,0,0,0,0,0,0,0,0,0,0,0,0,0,0,0,0,0,0,0,0,0,0,0,0,0,0,0,0,0,0,0,0,0,0,0,0,0,0,0,0,0,0,0,0,0,0,4082918.85,0,0,3742675.61,0,0,3742675.61,0,0,4082918.85,0,0,3742675.61,0,0,3742675.61,0,0,3742675.61,0,0,3742675.61,0,0,3742675.61,0,0,3742675.61,0,0,4491210.74,0,0,4491210.74,0,0,4491210.74,0,0,4491210.74,0,0,3742675.61,0,0,3742675.61,0,0,3742675.61,0,0,4082918.85,0,0,3742675.61,0,0,3742675.61,0,0,4082918.85,0,0,3742675.61,0,0,3742675.61,0,0,3742675.61,0,0,3742675.61,0,0,3742675.61,0,0,3742675.61,0,0,3742675.61,0,0,3742675.61,0,0,3742675.61,0,0,3742675.61,0,0,3742675.61,0,0,3742675.61,0,0,4082918.85,0,0,4082918.85,0,0,3742675.61,0,0,3742675.61,0,0,3742675.61,0,0,3742675.61,0,0,3742675.61,0,0,8982421.47,0,0,3742675.61,0,0,3742675.61,0,0,3742675.61,0,0,3742675.61,0,0,4082918.85,0,0,4082918.85,0,0,3742675.61
1,1,Moderna,2021-03-22,CV,0,0,0,0,0,0,0,0,0,0,0,0,0,0,0,0,0,0,0,0,0,0,0,0,0,0,0,0,0,0,0,0,0,0,0,0,0,1,0,0,0,0,0,0,0,0,0,0,0,0,2749720.86,0,0,3208007.67,0,0,2749720.86,0,0,3545692.69,0,0,3368408.05,0,0,3742675.61,0,0,3133402.84,0,0,3133402.84,0,0,4646080.07,0,0,4646080.07,0,0,2749720.86,0,0,2749720.86,0,0,2749720.86,0,0,2749720.86,0,0,2749720.86,0,0,2749720.86,0,0,2749720.86,0,0,2749720.86,0,0,2749720.86,0,0,2749720.86,0,0,2749720.86,0,0,2749720.86,0,0,2749720.86,0,0,2749720.86,0,0,2749720.86,0,0,2749720.86,0,0,2749720.86,0,0,2749720.86,0,0,2749720.86,0,0,2749720.86,0,0,2749720.86,0,0,2749720.86,0,0,2749720.86,0,0,2749720.86,0,0,2749720.86,0,0,2749720.86,0,0,2749720.86,0,0,2749720.86,0,0,2749720.86,0,0,2749720.86,1739285.71,44034.9,9690679.75,0,0,2749720.86,0,0,2749720.86,0,0,2749720.86,0,0,3133402.84,0,0,2749720.86,0,0,3133402.84,0,0,2749720.86
1,1,Pfizer,2021-01-04,CV,0,0,0,0,0,0,0,0,0,0,0,0,0,0,0,0,0,0,0,0,0,0,0,0,0,0,0,0,0,0,0,0,0,0,0,0,0,0,0,0,0,0,0,0,0,0,0,0,0,0,4990234.15,0,0,4990234.15,0,0,4990234.15,0,0,6416015.34,0,0,4990234.15,0,0,6416015.34,0,0,5182166.23,0,0,5182166.23,0,0,4990234.15,0,0,4990234.15,0,0,4990234.15,0,0,4990234.15,0,0,4990234.15,0,0,4990234.15,0,0,4990234.15,0,0,4990234.15,0,0,5182166.23,0,0,5182166.23,0,0,4990234.15,0,0,4990234.15,0,0,4990234.15,0,0,4990234.15,0,0,4990234.15,0,0,4990234.15,0,0,4990234.15,0,0,4990234.15,0,0,4990234.15,0,0,4990234.15,0,0,4990234.15,0,0,4990234.15,0,0,4990234.15,0,0,4990234.15,0,0,4990234.15,0,0,4990234.15,0,0,4990234.15,0,0,4990234.15,0,0,4990234.15,0,0,4990234.15,0,0,4990234.15,0,0,4990234.15,0,0,19248046.01,0,0,4990234.15,0,0,4990234.15,0,0,4990234.15,0,0,5182166.23,0,0,4990234.15,0,0,5182166.23,0,0,4990234.15
1,1,Pfizer,2021-01-11,CV,0,0,0,0,0,0,0,0,0,0,0,0,0,0,0,0,0,0,0,0,0,0,0,0,0,0,0,0,0,0,0,0,0,0,0,0,0,0,0,0,0,0,0,0,0,0,0,0,0,0,1845703.04,0,0,1845703.04,0,0,1845703.04,0,0,2283666.48,0,0,1845703.04,0,0,2041459.43,0,0,2041459.43,0,0,2072866.49,0,0,2072866.49,0,0,2072866.49,0,0,1845703.04,0,0,1845703.04,0,0,1845703.04,0,0,1845703.04,0,0,1845703.04,0,0,1845703.04,0,0,2041459.43,0,0,2041459.43,0,0,1845703.04,0,0,1845703.04,0,0,1845703.04,0,0,1845703.04,0,0,1845703.04,0,0,1845703.04,0,0,1845703.04,0,0,1845703.04,0,0,1845703.04,0,0,1845703.04,0,0,1845703.04,0,0,1845703.04,0,0,1845703.04,0,0,1845703.04,0,0,1845703.04,0,0,1845703.04,0,0,1845703.04,0,0,1845703.04,0,0,1845703.04,0,0,1845703.04,0,0,1845703.04,0,0,1845703.04,0,0,5389452.88,0,0,1845703.04,0,0,1845703.04,0,0,1845703.04,0,0,2041459.43,0,0,1845703.04,0,0,2041459.43,0,0,1845703.04
1,1,Pfizer,2021-05-17,CV,0,0,0,0,0,1,0,0,1,1,0,0,0,0,0,0,0,0,0,0,0,0,0,0,0,0,0,0,0,0,0,0,0,0,0,0,0,0,0,0,0,0,0,0,0,0,0,0,0,0,327825.6,0,0,327825.6,0,0,327825.6,0,0,362194.41,0,0,346365.87,94870.13,2401.9,528582.53,0,0,347258.56,0,0,391675.35,102025.14,2583.05,568447.7,102025.14,2583.05,568447.7,0,0,327825.6,0,0,327825.6,0,0,327825.6,0,0,327825.6,0,0,327825.6,0,0,327825.6,0,0,333505.75,0,0,333505.75,0,0,327825.6,0,0,327825.6,0,0,327825.6,0,0,327825.6,0,0,327825.6,0,0,327825.6,0,0,327825.6,0,0,327825.6,0,0,327825.6,0,0,327825.6,0,0,327825.6,0,0,328625.18,0,0,328625.18,0,0,327825.6,0,0,327825.6,0,0,327825.6,0,0,327825.6,0,0,327825.6,0,0,327825.6,0,0,327825.6,0,0,327825.6,0,0,327825.6,0,0,1845703.04,0,0,327825.6,0,0,327825.6,0,0,327825.6,0,0,348155.87,0,0,327825.6,0,0,348155.87,0,0,327825.6
1,1,Pfizer,2021-05-24,CV,0,0,0,0,0,0,0,0,0,0,0,0,0,0,0,0,0,0,0,0,0,0,0,0,0,0,0,0,0,0,0,0,0,0,0,0,0,1,0,0,0,0,0,0,0,0,0,0,0,0,311889.63,0,0,311889.63,0,0,311889.63,0,0,342840.51,0,0,324665.84,0,0,324665.84,0,0,323108.69,0,0,368132.03,0,0,351791.96,0,0,351791.96,0,0,311889.63,0,0,311889.63,0,0,311889.63,0,0,311889.63,0,0,311889.63,0,0,311889.63,0,0,317026.64,0,0,317026.64,0,0,311889.63,0,0,311889.63,0,0,311889.63,0,0,311889.63,0,0,311889.63,0,0,311889.63,0,0,311889.63,0,0,311889.63,0,0,311889.63,0,0,311889.63,0,0,311889.63,0,0,311889.63,0,0,311889.63,0,0,311889.63,0,0,311889.63,0,0,311889.63,0,0,311889.63,0,0,311889.63,0,0,311889.63,0,0,311889.63,0,0,311889.63,0,0,311889.63,405833.33,10274.81,2261158.61,0,0,311889.63,0,0,311889.63,0,0,311889.63,0,0,323108.69,0,0,311889.63,0,0,323108.69,0,0,311889.63
1,1,Pfizer,2021-05-31,CV,0,0,0,0,0,0,0,0,0,0,0,0,0,0,0,0,0,0,0,0,0,0,0,0,0,0,0,0,0,0,0,0,0,0,0,0,0,0,0,0,0,0,0,0,0,0,0,0,0,0,323108.69,0,0,323108.69,0,0,323108.69,0,0,352712.88,0,0,340243.24,0,0,340243.24,0,0,328625.18,0,0,380611.08,0,0,366131.31,0,0,366131.31,0,0,323108.69,0,0,323108.69,0,0,323108.69,0,0,323108.69,0,0,323108.69,0,0,323108.69,0,0,328625.18,0,0,328625.18,0,0,323108.69,0,0,323108.69,0,0,323108.69,0,0,323108.69,0,0,323108.69,0,0,323108.69,0,0,323108.69,0,0,323108.69,0,0,323108.69,0,0,323108.69,0,0,323108.69,0,0,323108.69,0,0,323108.69,0,0,323108.69,0,0,323108.69,0,0,323108.69,0,0,323108.69,0,0,323108.69,0,0,323108.69,0,0,323108.69,0,0,323108.69,0,0,323108.69,0,0,1403503.35,0,0,323108.69,0,0,323108.69,0,0,323108.69,0,0,328625.18,0,0,323108.69,0,0,328625.18,0,0,323108.69
1,2,Moderna,2021-04-19,CV,0,0,0,0,0,0,0,0,0,0,0,0,0,0,0,0,0,0,0,0,0,0,0,0,0,0,0,0,0,0,0,0,0,0,0,0,0,0,0,0,0,0,0,0,0,0,0,0,0,0,2323040.04,0,0,2641888.67,0,0,2323040.04,0,0,3368408.05,0,0,2641888.67,0,0,2866730.26,0,0,2495117.08,0,0,2495117.08,0,0,4346332.97,0,0,4346332.97,0,0,2323040.04,0,0,2323040.04,0,0,2323040.04,0,0,2323040.04,0,0,2323040.04,0,0,2323040.04,0,0,2323040.04,0,0,2323040.04,0,0,2323040.04,0,0,2323040.04,0,0,2323040.04,0,0,2323040.04,0,0,2323040.04,0,0,2323040.04,0,0,2323040.04,0,0,2323040.04,0,0,2323040.04,0,0,2323040.04,0,0,2323040.04,0,0,2323040.04,0,0,2323040.04,0,0,2323040.04,0,0,2323040.04,0,0,2323040.04,0,0,2323040.04,0,0,2323040.04,0,0,2323040.04,0,0,2323040.04,0,0,2323040.04,0,0,2323040.04,0,0,7925666,0,0,2323040.04,0,0,2323040.04,0,0,2323040.04,0,0,2495117.08,0,0,2323040.04,0,0,2495117.08,0,0,2323040.04
1,2,Pfizer,2021-01-25,CV,0,0,0,0,0,0,0,0,0,0,0,0,0,0,0,0,0,0,0,0,0,0,0,0,0,0,0,0,0,0,0,0,0,0,0,0,0,0,0,0,0,0,0,0,0,0,0,0,0,0,6736816.1,0,0,6736816.1,0,0,6736816.1,0,0,8421020.13,0,0,6736816.1,0,0,8982421.47,0,0,6736816.1,0,0,6736816.1,0,0,6736816.1,0,0,6736816.1,0,0,6736816.1,0,0,6736816.1,0,0,6736816.1,0,0,6736816.1,0,0,6736816.1,0,0,6736816.1,0,0,6736816.1,0,0,6736816.1,0,0,6736816.1,0,0,6736816.1,0,0,6736816.1,0,0,6736816.1,0,0,6736816.1,0,0,6736816.1,0,0,6736816.1,0,0,6736816.1,0,0,6736816.1,0,0,6736816.1,0,0,6736816.1,0,0,6736816.1,0,0,6736816.1,0,0,6736816.1,0,0,6736816.1,0,0,6736816.1,0,0,6736816.1,0,0,6736816.1,0,0,6736816.1,0,0,6736816.1,0,0,6736816.1,0,0,6736816.1,0,0,33684080.52,0,0,6736816.1,0,0,6736816.1,0,0,6736816.1,0,0,6736816.1,0,0,6736816.1,0,0,6736816.1,0,0,6736816.1
1,1,Moderna,2021-04-26,CV,0,0,0,0,0,0,0,0,0,0,0,0,0,0,0,0,0,0,0,0,0,0,0,0,0,0,0,0,0,0,0,0,0,0,0,0,0,0,0,0,0,0,0,0,0,0,0,0,0,0,1104396.08,0,0,1044467.61,0,0,1044467.61,0,0,1259217.96,0,0,1192356.83,0,0,1192356.83,0,0,1113523.32,0,0,1113523.32,0,0,1044467.61,0,0,1044467.61,0,0,1044467.61,0,0,1044467.61,0,0,1044467.61,0,0,1044467.61,0,0,1044467.61,0,0,1044467.61,0,0,1104396.08,0,0,1171620.19,0,0,1044467.61,0,0,1044467.61,0,0,1104396.08,0,0,1044467.61,0,0,1044467.61,0,0,1044467.61,0,0,1044467.61,0,0,1044467.61,0,0,1044467.61,0,0,1044467.61,0,0,1044467.61,0,0,1044467.61,0,0,1104396.08,0,0,1044467.61,0,0,1044467.61,0,0,1104396.08,0,0,1104396.08,0,0,1044467.61,0,0,1044467.61,0,0,1044467.61,0,0,1044467.61,0,0,1044467.61,0,0,3454777.49,0,0,1044467.61,0,0,1044467.61,0,0,1044467.61,0,0,1113523.32,0,0,1104396.08,0,0,1181897.56,0,0,1044467.61
1,1,Moderna,2021-05-03,CV,0,0,0,0,0,0,0,0,0,0,0,0,0,0,0,0,0,0,0,0,0,0,0,0,0,0,0,0,0,0,0,0,0,0,0,0,0,0,0,0,0,0,0,0,0,0,0,0,0,0,1295541.56,0,0,1213840.74,0,0,1213840.74,0,0,1497070.25,0,0,1374860.43,0,0,1374860.43,0,0,1295541.56,0,0,1295541.56,0,0,1213840.74,0,0,1213840.74,0,0,1236113.05,0,0,1236113.05,0,0,1236113.05,0,0,1236113.05,0,0,1213840.74,0,0,1213840.74,0,0,1295541.56,0,0,1389034.25,0,0,1213840.74,0,0,1213840.74,0,0,1295541.56,0,0,1213840.74,0,0,1213840.74,0,0,1213840.74,0,0,1213840.74,0,0,1213840.74,0,0,1213840.74,0,0,1213840.74,0,0,1213840.74,0,0,1213840.74,0,0,1295541.56,0,0,1213840.74,0,0,1213840.74,0,0,1295541.56,0,0,1295541.56,0,0,1213840.74,0,0,1213840.74,0,0,1213840.74,0,0,1213840.74,0,0,1213840.74,0,0,5614013.42,0,0,1213840.74,0,0,1213840.74,0,0,1213840.74,0,0,1295541.56,0,0,1295541.56,0,0,1389034.25,0,0,1213840.74
1,1,Moderna,2021-05-17,CV,0,0,0,0,0,0,0,0,0,0,0,0,0,0,0,0,0,0,0,0,0,0,0,0,0,0,0,0,0,0,0,0,0,0,0,0,0,0,0,0,0,0,0,0,0,0,0,0,0,0,1871337.81,0,0,1705523.06,0,0,1705523.06,0,0,2072866.49,0,0,1705523.06,0,0,1705523.06,0,0,1871337.81,0,0,1871337.81,0,0,1705523.06,0,0,1705523.06,0,0,1871337.81,0,0,1871337.81,0,0,1871337.81,0,0,1871337.81,0,0,1705523.06,0,0,1705523.06,0,0,1871337.81,0,0,2072866.49,0,0,1705523.06,0,0,1705523.06,0,0,1871337.81,0,0,1705523.06,0,0,1705523.06,0,0,1705523.06,0,0,1705523.06,0,0,1705523.06,0,0,1705523.06,0,0,1705523.06,0,0,1705523.06,0,0,1705523.06,0,0,1871337.81,0,0,1705523.06,0,0,1705523.06,0,0,1871337.81,0,0,1871337.81,0,0,1705523.06,0,0,1705523.06,0,0,1705523.06,0,0,1705523.06,0,0,1705523.06,0,0,4491210.74,0,0,1705523.06,0,0,1705523.06,0,0,1705523.06,0,0,1871337.81,0,0,1871337.81,0,0,2072866.49,0,0,1705523.06
1,1,Moderna,2021-05-24,CV,0,0,0,0,0,0,0,0,0,0,0,0,0,0,0,0,0,0,0,0,0,0,0,0,0,0,0,0,0,0,0,0,0,0,0,0,0,0,0,0,0,0,0,0,0,0,0,0,0,0,2323040.04,0,0,2072866.49,0,0,2072866.49,0,0,2406005.75,0,0,2072866.49,0,0,2072866.49,0,0,2138671.78,0,0,2138671.78,0,0,2072866.49,0,0,2072866.49,0,0,2323040.04,0,0,2323040.04,0,0,2323040.04,0,0,2323040.04,0,0,2072866.49,0,0,2072866.49,0,0,2072866.49,0,0,2323040.04,0,0,2072866.49,0,0,2072866.49,0,0,2323040.04,0,0,2072866.49,0,0,2072866.49,0,0,2072866.49,0,0,2072866.49,0,0,2072866.49,0,0,2072866.49,0,0,2072866.49,0,0,2072866.49,0,0,2072866.49,0,0,2138671.78,0,0,2072866.49,0,0,2072866.49,0,0,2323040.04,0,0,2323040.04,0,0,2072866.49,0,0,2072866.49,0,0,2072866.49,0,0,2072866.49,0,0,2072866.49,0,0,4491210.74,0,0,2072866.49,0,0,2072866.49,0,0,2072866.49,0,0,2138671.78,0,0,2323040.04,0,0,2406005.75,0,0,2072866.49
1,1,Moderna,2021-05-31,CV,0,0,0,0,0,0,0,0,0,0,0,0,0,0,0,0,0,0,0,0,0,0,0,0,0,0,0,0,0,0,0,0,0,0,0,0,0,0,0,0,0,0,0,0,0,0,0,0,0,0,2072866.49,0,0,1871337.81,0,0,1871337.81,0,0,2072866.49,0,0,1871337.81,0,0,1871337.81,0,0,1871337.81,0,0,1871337.81,0,0,1871337.81,0,0,1871337.81,0,0,2072866.49,0,0,2072866.49,0,0,2072866.49,0,0,2072866.49,0,0,1871337.81,0,0,1871337.81,0,0,1871337.81,0,0,2072866.49,0,0,1871337.81,0,0,1871337.81,0,0,2072866.49,0,0,1871337.81,0,0,1871337.81,0,0,1871337.81,0,0,1871337.81,0,0,1871337.81,0,0,1871337.81,0,0,1871337.81,0,0,1871337.81,0,0,1871337.81,0,0,1871337.81,0,0,1871337.81,0,0,1871337.81,0,0,2072866.49,0,0,2072866.49,0,0,1871337.81,0,0,1871337.81,0,0,1871337.81,0,0,1871337.81,0,0,1871337.81,0,0,3849609.2,0,0,1871337.81,0,0,1871337.81,0,0,1871337.81,0,0,1871337.81,0,0,2072866.49,0,0,2072866.49,0,0,1871337.81
1,1,Moderna,2021-02-22,CV,0,0,0,0,0,0,0,0,0,0,0,0,0,0,0,0,0,0,0,0,0,0,0,0,0,0,0,0,0,0,0,0,0,0,0,0,0,0,0,0,0,0,0,0,0,0,0,0,0,0,22456053.68,0,0,22456053.68,0,0,22456053.68,0,0,22456053.68,0,0,22456053.68,0,0,22456053.68,0,0,22456053.68,0,0,22456053.68,,,0,,,0,0,0,22456053.68,0,0,22456053.68,0,0,22456053.68,0,0,22456053.68,0,0,22456053.68,0,0,22456053.68,0,0,22456053.68,0,0,22456053.68,0,0,22456053.68,0,0,22456053.68,0,0,22456053.68,0,0,22456053.68,0,0,22456053.68,0,0,22456053.68,0,0,22456053.68,0,0,22456053.68,0,0,22456053.68,0,0,22456053.68,0,0,22456053.68,0,0,22456053.68,0,0,22456053.68,0,0,22456053.68,0,0,22456053.68,0,0,22456053.68,0,0,22456053.68,0,0,22456053.68,0,0,22456053.68,0,0,22456053.68,0,0,22456053.68,0,0,22456053.68,,,0,0,0,22456053.68,0,0,22456053.68,0,0,22456053.68,0,0,22456053.68,0,0,22456053.68,0,0,22456053.68,0,0,22456053.68
1,1,Moderna,2021-03-01,CV,0,0,0,0,0,0,0,0,0,0,0,0,0,0,0,0,0,0,0,0,0,0,0,0,0,0,0,0,0,0,0,0,0,0,0,0,0,0,0,0,0,0,0,0,0,0,0,0,0,0,13473632.21,0,0,19248046.01,0,0,13473632.21,0,0,13473632.21,0,0,19248046.01,0,0,19248046.01,0,0,13473632.21,0,0,13473632.21,,,0,,,0,0,0,13473632.21,0,0,13473632.21,0,0,13473632.21,0,0,13473632.21,0,0,13473632.21,0,0,13473632.21,0,0,13473632.21,0,0,13473632.21,0,0,13473632.21,0,0,13473632.21,0,0,13473632.21,0,0,13473632.21,0,0,13473632.21,0,0,13473632.21,0,0,13473632.21,0,0,13473632.21,0,0,13473632.21,0,0,13473632.21,0,0,13473632.21,0,0,13473632.21,0,0,13473632.21,0,0,13473632.21,0,0,13473632.21,0,0,13473632.21,0,0,13473632.21,0,0,13473632.21,0,0,13473632.21,0,0,13473632.21,0,0,13473632.21,0,0,13473632.21,,,0,0,0,13473632.21,0,0,13473632.21,0,0,13473632.21,0,0,13473632.21,0,0,13473632.21,0,0,13473632.21,0,0,13473632.21
1,1,Moderna,2021-03-08,CV,0,0,0,0,0,0,0,0,0,0,0,0,0,0,0,0,0,0,0,0,0,0,0,0,0,0,0,0,0,0,0,0,0,0,0,0,0,0,0,0,0,0,0,0,0,0,0,0,0,0,5858100.96,0,0,8421020.13,0,0,5858100.96,0,0,5858100.96,0,0,8421020.13,0,0,8421020.13,0,0,5858100.96,0,0,5858100.96,0,0,14970702.45,0,0,14970702.45,0,0,5858100.96,0,0,5858100.96,0,0,5858100.96,0,0,5858100.96,0,0,5858100.96,0,0,5858100.96,0,0,5858100.96,0,0,5858100.96,0,0,5858100.96,0,0,5858100.96,0,0,5858100.96,0,0,5858100.96,0,0,5858100.96,0,0,5858100.96,0,0,5858100.96,0,0,5858100.96,0,0,5858100.96,0,0,5858100.96,0,0,5858100.96,0,0,5858100.96,0,0,5858100.96,0,0,5858100.96,0,0,5858100.96,0,0,5858100.96,0,0,5858100.96,0,0,5858100.96,0,0,5858100.96,0,0,5858100.96,0,0,5858100.96,0,0,5858100.96,0,0,14970702.45,0,0,5858100.96,0,0,5858100.96,0,0,5858100.96,0,0,5858100.96,0,0,5858100.96,0,0,5858100.96,0,0,5858100.96
1,1,Moderna,2021-03-15,CV,0,0,0,0,0,0,0,0,0,0,0,0,0,0,0,0,0,0,0,0,0,0,0,0,0,0,0,0,0,0,0,0,0,0,0,0,0,0,0,0,0,0,0,0,0,0,0,0,0,0,3962833,0,0,4990234.15,0,0,3962833,0,0,4812011.5,0,0,4990234.15,0,0,4990234.15,0,0,3962833,0,0,3962833,0,0,9624023,0,0,9624023,0,0,3962833,0,0,3962833,0,0,3962833,0,0,3962833,0,0,3962833,0,0,3962833,0,0,3962833,0,0,3962833,0,0,3962833,0,0,3962833,0,0,3962833,0,0,3962833,0,0,3962833,0,0,3962833,0,0,3962833,0,0,3962833,0,0,3962833,0,0,3962833,0,0,3962833,0,0,3962833,0,0,3962833,0,0,3962833,0,0,3962833,0,0,3962833,0,0,3962833,0,0,3962833,0,0,3962833,0,0,3962833,0,0,3962833,0,0,3962833,0,0,9624023,0,0,3962833,0,0,3962833,0,0,3962833,0,0,3962833,0,0,3962833,0,0,3962833,0,0,3962833
1,1,Moderna,2021-05-10,CV,0,0,0,0,0,0,0,0,0,0,0,0,0,0,0,0,0,0,0,0,0,0,0,0,0,0,0,0,0,0,0,0,0,0,0,0,0,0,0,0,0,0,0,0,0,0,0,0,0,0,1727388.74,0,0,1585133.2,0,0,1585133.2,0,0,1897694.68,0,0,1585133.2,0,0,1585133.2,0,0,1727388.74,0,0,1727388.74,0,0,1585133.2,0,0,1585133.2,0,0,1727388.74,0,0,1727388.74,0,0,1727388.74,0,0,1727388.74,0,0,1585133.2,0,0,1585133.2,0,0,1727388.74,0,0,1897694.68,0,0,1585133.2,0,0,1585133.2,0,0,1727388.74,0,0,1585133.2,0,0,1585133.2,0,0,1585133.2,0,0,1585133.2,0,0,1585133.2,0,0,1585133.2,0,0,1585133.2,0,0,1585133.2,0,0,1585133.2,0,0,1727388.74,0,0,1585133.2,0,0,1585133.2,0,0,1727388.74,0,0,1727388.74,0,0,1585133.2,0,0,1585133.2,0,0,1585133.2,0,0,1585133.2,0,0,1585133.2,0,0,5389452.88,0,0,1585133.2,0,0,1585133.2,0,0,1585133.2,0,0,1727388.74,0,0,1727388.74,0,0,1897694.68,0,0,1585133.2
1,1,Pfizer,2021-02-22,CV,0,0,0,0,0,0,0,0,0,0,0,0,0,0,0,0,0,0,0,0,0,0,0,0,0,0,0,0,0,0,0,0,0,0,0,0,0,0,0,0,0,0,0,0,0,0,0,0,0,0,3286251.76,0,0,3286251.76,0,0,3286251.76,0,0,3368408.05,0,0,3286251.76,0,0,3962833,0,0,3962833,0,0,5858100.96,0,0,5182166.23,0,0,5182166.23,0,0,3286251.76,0,0,3286251.76,0,0,3286251.76,0,0,3286251.76,0,0,3286251.76,0,0,3286251.76,0,0,3286251.76,0,0,3286251.76,0,0,3286251.76,0,0,3286251.76,0,0,3286251.76,0,0,3286251.76,0,0,3286251.76,0,0,3286251.76,0,0,3286251.76,0,0,3286251.76,0,0,3545692.69,0,0,3286251.76,0,0,3286251.76,0,0,3286251.76,0,0,3545692.69,0,0,3286251.76,0,0,3286251.76,0,0,3286251.76,0,0,3286251.76,0,0,3286251.76,0,0,3286251.76,0,0,3286251.76,0,0,3286251.76,0,0,3286251.76,0,0,13473632.21,0,0,3286251.76,0,0,3545692.69,0,0,3286251.76,0,0,3962833,0,0,3286251.76,0,0,3962833,0,0,3286251.76
1,1,Pfizer,2021-03-01,CV,0,0,0,0,0,0,0,0,0,0,0,0,0,0,0,0,0,0,0,0,0,0,0,0,0,0,0,0,0,0,0,0,0,0,0,0,0,0,0,0,0,0,0,0,0,0,0,0,0,0,1924804.6,0,0,1924804.6,0,0,1924804.6,0,0,2245605.37,0,0,1924804.6,0,0,2138671.78,0,0,2138671.78,0,0,3208007.67,0,0,2749720.86,0,0,2749720.86,0,0,1924804.6,0,0,1924804.6,0,0,1924804.6,0,0,1924804.6,0,0,1924804.6,0,0,1924804.6,0,0,1924804.6,0,0,1924804.6,0,0,1924804.6,0,0,1924804.6,0,0,1924804.6,0,0,1924804.6,0,0,1924804.6,0,0,1924804.6,0,0,1924804.6,0,0,1924804.6,0,0,2138671.78,0,0,1924804.6,0,0,1924804.6,0,0,1924804.6,0,0,2138671.78,0,0,1924804.6,0,0,1924804.6,0,0,1924804.6,0,0,1924804.6,0,0,1924804.6,0,0,1924804.6,0,0,1924804.6,0,0,1924804.6,0,0,1924804.6,0,0,11228026.84,0,0,1924804.6,0,0,2138671.78,0,0,1924804.6,0,0,2138671.78,0,0,1924804.6,0,0,2138671.78,0,0,1924804.6
1,1,Pfizer,2021-03-08,CV,0,0,0,0,0,0,0,0,0,0,0,0,0,0,0,0,0,0,0,0,0,0,0,0,0,0,0,0,0,0,0,0,0,0,0,0,0,0,0,0,0,0,0,0,0,0,0,0,0,0,880629.56,0,0,880629.56,0,0,880629.56,0,0,976350.16,0,0,898242.15,0,0,904270.62,0,0,904270.62,0,0,1052627.52,0,0,1028521.54,0,0,1028521.54,0,0,880629.56,0,0,880629.56,0,0,880629.56,0,0,880629.56,0,0,880629.56,0,0,880629.56,0,0,880629.56,0,0,880629.56,0,0,880629.56,0,0,880629.56,0,0,880629.56,0,0,880629.56,0,0,880629.56,0,0,880629.56,0,0,880629.56,0,0,880629.56,0,0,922851.52,0,0,880629.56,0,0,880629.56,0,0,880629.56,0,0,922851.52,0,0,880629.56,0,0,880629.56,0,0,880629.56,0,0,880629.56,0,0,880629.56,0,0,880629.56,0,0,880629.56,0,0,880629.56,0,0,880629.56,0,0,5389452.88,0,0,880629.56,0,0,922851.52,0,0,880629.56,0,0,904270.62,0,0,880629.56,0,0,904270.62,0,0,880629.56
1,1,Pfizer,2021-03-15,CV,0,0,0,0,1,1,0,0,0,0,0,0,0,0,0,0,0,0,0,0,0,0,0,0,0,0,0,0,0,0,0,0,0,0,0,0,0,0,0,0,0,0,0,0,0,0,0,0,0,0,526313.76,0,0,526313.76,0,0,526313.76,0,0,588368.22,146686.75,3713.79,817286.24,146686.75,3713.79,817286.24,0,0,541109.73,0,0,606920.37,0,0,593552.08,0,0,593552.08,0,0,526313.76,0,0,526313.76,0,0,526313.76,0,0,526313.76,0,0,526313.76,0,0,526313.76,0,0,526313.76,0,0,526313.76,0,0,526313.76,0,0,526313.76,0,0,526313.76,0,0,526313.76,0,0,526313.76,0,0,526313.76,0,0,526313.76,0,0,526313.76,0,0,538945.29,0,0,526313.76,0,0,526313.76,0,0,526313.76,0,0,538945.29,0,0,526313.76,0,0,526313.76,0,0,526313.76,0,0,526313.76,0,0,526313.76,0,0,526313.76,0,0,526313.76,0,0,526313.76,0,0,526313.76,0,0,2694726.44,0,0,526313.76,0,0,538945.29,0,0,526313.76,0,0,541109.73,0,0,526313.76,0,0,541109.73,0,0,526313.76
1,2,Moderna,2021-03-22,CV,0,0,0,0,0,0,0,0,0,0,0,0,0,0,0,0,0,0,0,0,0,0,0,0,0,0,0,0,0,0,0,0,0,0,0,0,0,0,0,0,0,0,0,0,0,0,0,0,0,0,26947264.41,0,0,26947264.41,0,0,26947264.41,0,0,26947264.41,0,0,26947264.41,0,0,26947264.41,0,0,26947264.41,0,0,26947264.41,,,0,,,0,0,0,26947264.41,0,0,26947264.41,0,0,26947264.41,0,0,26947264.41,0,0,26947264.41,0,0,26947264.41,0,0,26947264.41,0,0,26947264.41,0,0,26947264.41,0,0,26947264.41,0,0,26947264.41,0,0,26947264.41,0,0,26947264.41,0,0,26947264.41,0,0,26947264.41,0,0,26947264.41,0,0,26947264.41,0,0,26947264.41,0,0,26947264.41,0,0,26947264.41,0,0,26947264.41,0,0,26947264.41,0,0,26947264.41,0,0,26947264.41,0,0,26947264.41,0,0,26947264.41,0,0,26947264.41,0,0,26947264.41,0,0,26947264.41,0,0,26947264.41,,,0,0,0,26947264.41,0,0,26947264.41,0,0,26947264.41,0,0,26947264.41,0,0,26947264.41,0,0,26947264.41,0,0,26947264.41
1,2,Moderna,2021-03-29,CV,0,0,0,0,0,0,0,0,0,0,0,0,0,0,0,0,0,0,0,0,0,0,0,0,0,0,0,0,0,0,0,0,0,0,0,0,0,0,0,0,0,0,0,0,0,0,0,0,0,0,13473632.21,0,0,19248046.01,0,0,13473632.21,0,0,13473632.21,0,0,19248046.01,0,0,19248046.01,0,0,13473632.21,0,0,13473632.21,,,0,,,0,0,0,13473632.21,0,0,13473632.21,0,0,13473632.21,0,0,13473632.21,0,0,13473632.21,0,0,13473632.21,0,0,13473632.21,0,0,13473632.21,0,0,13473632.21,0,0,13473632.21,0,0,13473632.21,0,0,13473632.21,0,0,13473632.21,0,0,13473632.21,0,0,13473632.21,0,0,13473632.21,0,0,13473632.21,0,0,13473632.21,0,0,13473632.21,0,0,13473632.21,0,0,13473632.21,0,0,13473632.21,0,0,13473632.21,0,0,13473632.21,0,0,13473632.21,0,0,13473632.21,0,0,13473632.21,0,0,13473632.21,0,0,13473632.21,0,0,13473632.21,,,0,0,0,13473632.21,0,0,13473632.21,0,0,13473632.21,0,0,13473632.21,0,0,13473632.21,0,0,13473632.21,0,0,13473632.21
1,2,Moderna,2021-04-05,CV,0,0,0,0,0,0,0,0,0,0,0,0,0,0,0,0,0,0,0,0,0,0,0,0,0,0,0,0,0,0,0,0,0,0,0,0,0,0,0,0,0,0,0,0,0,0,0,0,0,0,5614013.42,0,0,7925666,0,0,5614013.42,0,0,5614013.42,0,0,7925666,0,0,7925666,0,0,5614013.42,0,0,5614013.42,0,0,13473632.21,0,0,13473632.21,0,0,5614013.42,0,0,5614013.42,0,0,5614013.42,0,0,5614013.42,0,0,5614013.42,0,0,5614013.42,0,0,5614013.42,0,0,5614013.42,0,0,5614013.42,0,0,5614013.42,0,0,5614013.42,0,0,5614013.42,0,0,5614013.42,0,0,5614013.42,0,0,5614013.42,0,0,5614013.42,0,0,5614013.42,0,0,5614013.42,0,0,5614013.42,0,0,5614013.42,0,0,5614013.42,0,0,5614013.42,0,0,5614013.42,0,0,5614013.42,0,0,5614013.42,0,0,5614013.42,0,0,5614013.42,0,0,5614013.42,0,0,5614013.42,0,0,5614013.42,0,0,13473632.21,0,0,5614013.42,0,0,5614013.42,0,0,5614013.42,0,0,5614013.42,0,0,5614013.42,0,0,5614013.42,0,0,5614013.42
1,2,Moderna,2021-04-12,CV,0,0,0,0,0,0,0,0,0,0,0,0,0,0,0,0,0,0,0,0,0,0,0,0,0,0,0,0,0,0,0,0,0,0,0,0,0,0,0,0,0,0,0,0,0,0,0,0,0,0,3641522.22,0,0,4491210.74,0,0,3641522.22,0,0,4812011.5,0,0,4491210.74,0,0,4491210.74,0,0,3641522.22,0,0,3641522.22,0,0,8421020.13,0,0,8421020.13,0,0,3641522.22,0,0,3641522.22,0,0,3641522.22,0,0,3641522.22,0,0,3641522.22,0,0,3641522.22,0,0,3641522.22,0,0,3641522.22,0,0,3641522.22,0,0,3641522.22,0,0,3641522.22,0,0,3641522.22,0,0,3641522.22,0,0,3641522.22,0,0,3641522.22,0,0,3641522.22,0,0,3641522.22,0,0,3641522.22,0,0,3641522.22,0,0,3641522.22,0,0,3641522.22,0,0,3641522.22,0,0,3641522.22,0,0,3641522.22,0,0,3641522.22,0,0,3641522.22,0,0,3641522.22,0,0,3641522.22,0,0,3641522.22,0,0,3641522.22,0,0,9624023,0,0,3641522.22,0,0,3641522.22,0,0,3641522.22,0,0,3641522.22,0,0,3641522.22,0,0,3641522.22,0,0,3641522.22
1,1,AstraZeneca,2021-05-10,CV,0,0,0,0,0,0,0,0,0,0,0,0,0,0,0,0,0,0,0,0,0,0,0,0,0,0,0,0,0,0,0,0,0,0,0,0,0,2,0,0,0,0,0,0,0,0,0,0,0,0,446146.76,0,0,446146.76,0,0,446146.76,0,0,467834.45,0,0,446146.76,0,0,467834.45,0,0,456733.3,0,0,479488.69,0,0,491738.4,0,0,491738.4,0,0,446146.76,0,0,446146.76,0,0,446146.76,0,0,446146.76,0,0,446146.76,0,0,446146.76,0,0,446146.76,0,0,446146.76,0,0,446146.76,0,0,446146.76,0,0,446146.76,0,0,446146.76,0,0,446146.76,0,0,446146.76,0,0,446146.76,0,0,446146.76,0,0,446146.76,0,0,446146.76,0,0,446146.76,0,0,446146.76,0,0,446146.76,0,0,446146.76,0,0,446146.76,0,0,446146.76,0,0,446146.76,0,0,446146.76,0,0,446146.76,0,0,446146.76,0,0,446146.76,0,0,446146.76,987162.16,119549.92,3565969.15,0,0,446146.76,0,0,446146.76,0,0,446146.76,0,0,456733.3,0,0,446146.76,0,0,456733.3,0,0,446146.76
1,1,AstraZeneca,2021-05-17,CV,0,0,0,0,0,0,0,0,0,0,0,0,0,0,0,0,0,0,0,0,0,0,0,0,0,0,0,0,0,0,0,0,0,0,0,0,0,0,0,0,0,0,0,0,0,0,0,0,0,0,427734.36,0,0,427734.36,0,0,427734.36,0,0,447628.98,0,0,427734.36,0,0,447628.98,0,0,437455.59,0,0,458286.81,0,0,469464.54,0,0,469464.54,0,0,427734.36,0,0,427734.36,0,0,427734.36,0,0,427734.36,0,0,427734.36,0,0,427734.36,0,0,427734.36,0,0,427734.36,0,0,427734.36,0,0,427734.36,0,0,427734.36,0,0,427734.36,0,0,427734.36,0,0,427734.36,0,0,427734.36,0,0,427734.36,0,0,427734.36,0,0,427734.36,0,0,427734.36,0,0,427734.36,0,0,427734.36,0,0,427734.36,0,0,427734.36,0,0,427734.36,0,0,427734.36,0,0,427734.36,0,0,427734.36,0,0,427734.36,0,0,427734.36,0,0,427734.36,0,0,2138671.78,0,0,427734.36,0,0,427734.36,0,0,427734.36,0,0,437455.59,0,0,427734.36,0,0,437455.59,0,0,427734.36
1,1,AstraZeneca,2021-05-24,CV,0,0,0,0,0,0,0,0,0,0,0,0,0,0,0,0,0,0,0,0,0,0,0,0,0,0,0,0,0,0,0,0,0,0,0,0,0,0,0,0,0,0,0,0,0,0,0,0,0,0,422370.92,0,0,422370.92,0,0,422370.92,0,0,441758.43,0,0,422370.92,0,0,441758.43,0,0,431847.19,0,0,452135.31,0,0,463011.42,0,0,463011.42,0,0,422370.92,0,0,422370.92,0,0,422370.92,0,0,422370.92,0,0,422370.92,0,0,422370.92,0,0,422370.92,0,0,422370.92,0,0,422370.92,0,0,422370.92,0,0,422370.92,0,0,422370.92,0,0,422370.92,0,0,422370.92,0,0,422370.92,0,0,422370.92,0,0,422370.92,0,0,422370.92,0,0,422370.92,0,0,422370.92,0,0,422370.92,0,0,422370.92,0,0,422370.92,0,0,422370.92,0,0,422370.92,0,0,422370.92,0,0,422370.92,0,0,422370.92,0,0,422370.92,0,0,422370.92,0,0,2138671.78,0,0,422370.92,0,0,422370.92,0,0,422370.92,0,0,431847.19,0,0,422370.92,0,0,431847.19,0,0,422370.92
1,1,AstraZeneca,2021-05-31,CV,0,0,0,0,0,0,0,0,0,0,0,0,0,0,0,0,0,0,0,0,0,0,0,0,0,0,0,0,0,0,0,0,0,0,0,0,0,1,0,0,0,0,0,0,0,0,0,0,0,0,410781.47,0,0,410781.47,0,0,410781.47,0,0,429096.57,0,0,410781.47,0,0,429096.57,0,0,419739.32,0,0,447628.98,0,0,449121.07,0,0,449121.07,0,0,410781.47,0,0,410781.47,0,0,410781.47,0,0,410781.47,0,0,410781.47,0,0,410781.47,0,0,410781.47,0,0,410781.47,0,0,410781.47,0,0,410781.47,0,0,410781.47,0,0,410781.47,0,0,410781.47,0,0,410781.47,0,0,410781.47,0,0,410781.47,0,0,410781.47,0,0,410781.47,0,0,410781.47,0,0,410781.47,0,0,410781.47,0,0,410781.47,0,0,410781.47,0,0,410781.47,0,0,410781.47,0,0,410781.47,0,0,410781.47,0,0,410781.47,0,0,410781.47,0,0,410781.47,570703.12,14448.95,3179754.29,0,0,410781.47,0,0,410781.47,0,0,410781.47,0,0,419739.32,0,0,410781.47,0,0,419739.32,0,0,410781.47
1,1,AstraZeneca,2021-06-07,CV,0,0,0,0,0,0,0,0,0,0,0,0,0,0,0,0,0,0,0,0,0,0,0,0,0,0,0,0,0,0,0,0,0,0,0,0,0,0,0,0,0,0,0,0,0,0,0,0,0,0,417140.32,0,0,417140.32,0,0,417140.32,0,0,436039.88,0,0,417140.32,0,0,436039.88,0,0,426380.77,0,0,456733.3,0,0,456733.3,0,0,456733.3,0,0,417140.32,0,0,417140.32,0,0,417140.32,0,0,417140.32,0,0,417140.32,0,0,417140.32,0,0,417140.32,0,0,417140.32,0,0,417140.32,0,0,417140.32,0,0,417140.32,0,0,417140.32,0,0,417140.32,0,0,417140.32,0,0,417140.32,0,0,417140.32,0,0,417140.32,0,0,417140.32,0,0,417140.32,0,0,417140.32,0,0,417140.32,0,0,417140.32,0,0,417140.32,0,0,417140.32,0,0,417140.32,0,0,417140.32,0,0,417140.32,0,0,417140.32,0,0,417140.32,0,0,417140.32,0,0,2245605.37,0,0,417140.32,0,0,417140.32,0,0,417140.32,0,0,426380.77,0,0,417140.32,0,0,426380.77,0,0,417140.32
1,1,AstraZeneca,2021-06-14,CV,0,0,0,0,0,0,0,1,0,0,0,0,0,0,0,0,0,0,0,0,0,0,0,0,0,0,0,0,0,0,0,0,0,0,0,0,0,0,0,0,0,0,0,0,0,0,0,0,0,0,495354.13,0,0,495354.13,0,0,495354.13,0,0,506527.53,0,0,495354.13,0,0,522233.81,0,0,508438.95,143235.29,3626.4,798055.98,0,0,532554.63,0,0,532554.63,0,0,495354.13,0,0,495354.13,0,0,495354.13,0,0,495354.13,0,0,495354.13,0,0,495354.13,0,0,495354.13,0,0,495354.13,0,0,495354.13,0,0,495354.13,0,0,495354.13,0,0,495354.13,0,0,495354.13,0,0,495354.13,0,0,495354.13,0,0,495354.13,0,0,495354.13,0,0,495354.13,0,0,495354.13,0,0,495354.13,0,0,495354.13,0,0,495354.13,0,0,495354.13,0,0,495354.13,0,0,495354.13,0,0,495354.13,0,0,495354.13,0,0,495354.13,0,0,495354.13,0,0,495354.13,0,0,2929050.48,0,0,495354.13,0,0,495354.13,0,0,495354.13,0,0,508438.95,0,0,495354.13,0,0,508438.95,0,0,495354.13
1,1,AstraZeneca,2021-06-21,CV,0,0,0,0,0,0,0,0,0,0,0,0,0,0,0,0,0,0,0,0,0,0,0,0,0,0,0,0,0,0,0,0,0,0,0,0,0,0,0,0,0,0,0,0,0,0,0,0,0,0,677066.95,0,0,677066.95,0,0,677066.95,0,0,677066.95,0,0,677066.95,0,0,709138.54,0,0,680486.48,0,0,724388.83,0,0,701751.68,0,0,701751.68,0,0,677066.95,0,0,677066.95,0,0,677066.95,0,0,677066.95,0,0,677066.95,0,0,677066.95,0,0,677066.95,0,0,677066.95,0,0,677066.95,0,0,677066.95,0,0,677066.95,0,0,677066.95,0,0,677066.95,0,0,677066.95,0,0,677066.95,0,0,677066.95,0,0,677066.95,0,0,677066.95,0,0,677066.95,0,0,677066.95,0,0,677066.95,0,0,677066.95,0,0,677066.95,0,0,677066.95,0,0,677066.95,0,0,677066.95,0,0,677066.95,0,0,677066.95,0,0,677066.95,0,0,677066.95,0,0,3849609.2,0,0,677066.95,0,0,677066.95,0,0,677066.95,0,0,680486.48,0,0,677066.95,0,0,680486.48,0,0,677066.95
1,1,AstraZeneca,2021-06-28,CV,0,0,0,0,0,0,0,0,0,0,0,0,0,0,0,0,0,0,0,0,0,0,0,0,0,0,0,0,0,0,0,0,0,0,0,0,0,0,0,0,0,0,0,0,0,0,0,0,0,0,1981416.5,0,0,1981416.5,0,0,1981416.5,0,0,1981416.5,0,0,1981416.5,0,0,2072866.49,0,0,1981416.5,0,0,2072866.49,0,0,1981416.5,0,0,1981416.5,0,0,1981416.5,0,0,1981416.5,0,0,1981416.5,0,0,1981416.5,0,0,1981416.5,0,0,1981416.5,0,0,1981416.5,0,0,1981416.5,0,0,1981416.5,0,0,1981416.5,0,0,1981416.5,0,0,1981416.5,0,0,1981416.5,0,0,1981416.5,0,0,1981416.5,0,0,1981416.5,0,0,1981416.5,0,0,1981416.5,0,0,1981416.5,0,0,1981416.5,0,0,1981416.5,0,0,1981416.5,0,0,1981416.5,0,0,1981416.5,0,0,1981416.5,0,0,1981416.5,0,0,1981416.5,0,0,1981416.5,0,0,1981416.5,0,0,1981416.5,0,0,11228026.84,0,0,1981416.5,0,0,1981416.5,0,0,1981416.5,0,0,1981416.5,0,0,1981416.5,0,0,1981416.5,0,0,1981416.5
1,1,AstraZeneca,2021-05-03,CV,0,0,0,0,0,0,0,0,0,0,0,0,0,0,0,0,0,0,0,0,0,0,0,0,0,0,0,0,0,0,0,0,0,0,0,0,0,0,0,0,0,0,0,0,0,0,0,0,0,0,459850.93,0,0,459850.93,0,0,459850.93,0,0,482925.89,0,0,471106.02,0,0,495354.13,0,0,482925.89,0,0,508438.95,0,0,508438.95,0,0,508438.95,0,0,459850.93,0,0,459850.93,0,0,459850.93,0,0,459850.93,0,0,459850.93,0,0,459850.93,0,0,459850.93,0,0,459850.93,0,0,459850.93,0,0,459850.93,0,0,459850.93,0,0,459850.93,0,0,459850.93,0,0,459850.93,0,0,459850.93,0,0,459850.93,0,0,459850.93,0,0,459850.93,0,0,459850.93,0,0,459850.93,0,0,459850.93,0,0,459850.93,0,0,459850.93,0,0,459850.93,0,0,459850.93,0,0,459850.93,0,0,459850.93,0,0,459850.93,0,0,459850.93,0,0,459850.93,0,0,1772846.34,0,0,459850.93,0,0,459850.93,0,0,459850.93,0,0,482925.89,0,0,459850.93,0,0,482925.89,0,0,459850.93
1,1,J&J,2021-04-26,CV,0,0,0,0,0,0,0,0,0,0,0,0,0,0,0,0,0,0,0,0,0,0,0,0,0,0,0,0,0,0,0,0,0,0,0,0,0,0,0,0,0,0,0,0,0,0,0,0,0,0,7091385.37,0,0,7091385.37,0,0,7091385.37,0,0,7091385.37,0,0,7091385.37,0,0,7091385.37,0,0,7091385.37,0,0,7091385.37,0,0,7091385.37,0,0,7091385.37,0,0,7091385.37,0,0,7091385.37,0,0,7091385.37,0,0,7091385.37,0,0,7091385.37,0,0,7091385.37,0,0,7091385.37,0,0,7091385.37,0,0,7091385.37,0,0,7091385.37,0,0,7091385.37,0,0,7091385.37,0,0,7091385.37,0,0,7091385.37,0,0,7091385.37,0,0,7091385.37,0,0,7091385.37,0,0,7091385.37,0,0,7091385.37,0,0,7091385.37,0,0,7091385.37,0,0,7091385.37,0,0,7091385.37,0,0,7091385.37,0,0,7091385.37,0,0,7091385.37,0,0,7091385.37,0,0,7091385.37,0,0,7091385.37,0,0,7091385.37,0,0,14970702.45,0,0,7091385.37,0,0,7091385.37,0,0,7091385.37,0,0,7091385.37,0,0,7091385.37,0,0,7091385.37,0,0,7091385.37
1,1,J&J,2021-05-03,CV,0,0,0,0,0,0,0,0,0,0,0,0,0,0,0,0,0,0,0,0,0,0,0,0,0,0,0,0,0,0,0,0,0,0,0,0,0,0,0,0,0,0,0,0,0,0,0,0,0,0,4812011.5,0,0,4812011.5,0,0,4812011.5,0,0,4812011.5,0,0,4812011.5,0,0,4812011.5,0,0,4812011.5,0,0,4812011.5,0,0,4812011.5,0,0,4812011.5,0,0,4812011.5,0,0,4812011.5,0,0,4812011.5,0,0,4812011.5,0,0,4812011.5,0,0,4812011.5,0,0,4812011.5,0,0,4812011.5,0,0,4812011.5,0,0,4812011.5,0,0,4812011.5,0,0,4812011.5,0,0,4812011.5,0,0,4812011.5,0,0,4812011.5,0,0,4812011.5,0,0,4812011.5,0,0,4812011.5,0,0,4812011.5,0,0,4812011.5,0,0,4812011.5,0,0,4812011.5,0,0,4812011.5,0,0,4812011.5,0,0,4812011.5,0,0,4812011.5,0,0,4812011.5,0,0,4812011.5,0,0,4812011.5,0,0,4812011.5,0,0,9624023,0,0,4812011.5,0,0,4812011.5,0,0,4812011.5,0,0,4812011.5,0,0,4812011.5,0,0,4812011.5,0,0,4812011.5
1,1,J&J,2021-05-10,CV,0,0,0,0,0,0,0,0,0,0,0,0,0,0,0,0,0,0,0,0,0,0,0,0,0,0,0,0,0,0,0,0,0,0,0,0,0,0,0,0,0,0,0,0,0,0,0,0,0,0,4812011.5,0,0,4812011.5,0,0,4812011.5,0,0,4812011.5,0,0,4812011.5,0,0,4812011.5,0,0,4812011.5,0,0,4812011.5,0,0,4812011.5,0,0,4812011.5,0,0,4812011.5,0,0,4812011.5,0,0,4812011.5,0,0,4812011.5,0,0,4812011.5,0,0,4812011.5,0,0,4812011.5,0,0,4812011.5,0,0,4812011.5,0,0,4812011.5,0,0,4812011.5,0,0,4812011.5,0,0,4812011.5,0,0,4812011.5,0,0,4812011.5,0,0,4812011.5,0,0,4812011.5,0,0,4812011.5,0,0,4812011.5,0,0,4812011.5,0,0,4812011.5,0,0,4812011.5,0,0,4812011.5,0,0,4812011.5,0,0,4812011.5,0,0,4812011.5,0,0,4812011.5,0,0,4812011.5,0,0,4812011.5,0,0,4812011.5,0,0,9624023,0,0,4812011.5,0,0,4812011.5,0,0,4812011.5,0,0,4812011.5,0,0,4812011.5,0,0,4812011.5,0,0,4812011.5
1,1,J&J,2021-05-17,CV,0,0,0,0,0,0,0,0,0,0,0,0,0,0,0,0,0,0,0,0,0,0,0,0,0,0,0,0,0,0,0,0,0,0,0,0,0,0,0,0,0,0,0,0,0,0,0,0,0,0,4812011.5,0,0,4812011.5,0,0,4812011.5,0,0,4812011.5,0,0,4812011.5,0,0,4812011.5,0,0,4812011.5,0,0,4812011.5,0,0,4812011.5,0,0,4812011.5,0,0,4812011.5,0,0,4812011.5,0,0,4812011.5,0,0,4812011.5,0,0,4812011.5,0,0,4812011.5,0,0,4812011.5,0,0,4812011.5,0,0,4812011.5,0,0,4812011.5,0,0,4812011.5,0,0,4812011.5,0,0,4812011.5,0,0,4812011.5,0,0,4812011.5,0,0,4812011.5,0,0,4812011.5,0,0,4812011.5,0,0,4812011.5,0,0,4812011.5,0,0,4812011.5,0,0,4812011.5,0,0,4812011.5,0,0,4812011.5,0,0,4812011.5,0,0,4812011.5,0,0,4812011.5,0,0,4812011.5,0,0,4812011.5,0,0,4812011.5,0,0,9624023,0,0,4812011.5,0,0,4812011.5,0,0,4812011.5,0,0,4812011.5,0,0,4812011.5,0,0,4812011.5,0,0,4812011.5
1,1,J&J,2021-05-24,CV,0,0,0,0,0,0,0,0,0,0,0,0,0,0,0,0,0,0,0,0,0,0,0,0,0,0,0,0,0,0,0,0,0,0,0,0,0,0,0,0,0,0,0,0,0,0,0,0,0,0,4812011.5,0,0,4812011.5,0,0,4812011.5,0,0,4812011.5,0,0,4812011.5,0,0,4812011.5,0,0,4812011.5,0,0,4812011.5,0,0,4812011.5,0,0,4812011.5,0,0,4812011.5,0,0,4812011.5,0,0,4812011.5,0,0,4812011.5,0,0,4812011.5,0,0,4812011.5,0,0,4812011.5,0,0,4812011.5,0,0,4812011.5,0,0,4812011.5,0,0,4812011.5,0,0,4812011.5,0,0,4812011.5,0,0,4812011.5,0,0,4812011.5,0,0,4812011.5,0,0,4812011.5,0,0,4812011.5,0,0,4812011.5,0,0,4812011.5,0,0,4812011.5,0,0,4812011.5,0,0,4812011.5,0,0,4812011.5,0,0,4812011.5,0,0,4812011.5,0,0,4812011.5,0,0,4812011.5,0,0,4812011.5,0,0,4812011.5,0,0,9624023,0,0,4812011.5,0,0,4812011.5,0,0,4812011.5,0,0,4812011.5,0,0,4812011.5,0,0,4812011.5,0,0,4812011.5
1,1,J&J,2021-05-31,CV,0,0,0,0,0,0,0,0,0,0,0,0,0,0,0,0,0,0,0,0,0,0,0,0,0,0,0,0,0,0,0,0,0,0,0,0,0,0,0,0,0,0,0,0,0,0,0,0,0,0,4812011.5,0,0,4812011.5,0,0,4812011.5,0,0,4812011.5,0,0,4812011.5,0,0,4812011.5,0,0,4812011.5,0,0,4812011.5,0,0,4812011.5,0,0,4812011.5,0,0,4812011.5,0,0,4812011.5,0,0,4812011.5,0,0,4812011.5,0,0,4812011.5,0,0,4812011.5,0,0,4812011.5,0,0,4812011.5,0,0,4812011.5,0,0,4812011.5,0,0,4812011.5,0,0,4812011.5,0,0,4812011.5,0,0,4812011.5,0,0,4812011.5,0,0,4812011.5,0,0,4812011.5,0,0,4812011.5,0,0,4812011.5,0,0,4812011.5,0,0,4812011.5,0,0,4812011.5,0,0,4812011.5,0,0,4812011.5,0,0,4812011.5,0,0,4812011.5,0,0,4812011.5,0,0,4812011.5,0,0,4812011.5,0,0,4812011.5,0,0,9624023,0,0,4812011.5,0,0,4812011.5,0,0,4812011.5,0,0,4812011.5,0,0,4812011.5,0,0,4812011.5,0,0,4812011.5
1,1,J&J,2021-06-07,CV,0,0,0,0,0,0,0,0,0,0,0,0,0,0,0,0,0,0,0,0,0,0,0,0,0,0,0,0,0,0,0,0,0,0,0,0,0,0,0,0,0,0,0,0,0,0,0,0,0,0,4812011.5,0,0,4812011.5,0,0,4812011.5,0,0,4812011.5,0,0,4812011.5,0,0,4812011.5,0,0,4812011.5,0,0,4812011.5,0,0,4812011.5,0,0,4812011.5,0,0,4812011.5,0,0,4812011.5,0,0,4812011.5,0,0,4812011.5,0,0,4812011.5,0,0,4812011.5,0,0,4812011.5,0,0,4812011.5,0,0,4812011.5,0,0,4812011.5,0,0,4812011.5,0,0,4812011.5,0,0,4812011.5,0,0,4812011.5,0,0,4812011.5,0,0,4812011.5,0,0,4812011.5,0,0,4812011.5,0,0,4812011.5,0,0,4812011.5,0,0,4812011.5,0,0,4812011.5,0,0,4812011.5,0,0,4812011.5,0,0,4812011.5,0,0,4812011.5,0,0,4812011.5,0,0,4812011.5,0,0,4812011.5,0,0,4812011.5,0,0,9624023,0,0,4812011.5,0,0,4812011.5,0,0,4812011.5,0,0,4812011.5,0,0,4812011.5,0,0,4812011.5,0,0,4812011.5
1,1,J&J,2021-06-14,CV,0,0,0,0,0,0,0,0,0,0,0,0,0,0,0,0,0,0,0,0,0,0,0,0,0,0,0,0,0,0,0,0,0,0,0,0,0,0,0,0,0,0,0,0,0,0,0,0,0,0,4812011.5,0,0,4812011.5,0,0,4812011.5,0,0,4812011.5,0,0,4812011.5,0,0,4812011.5,0,0,4812011.5,0,0,4812011.5,0,0,4812011.5,0,0,4812011.5,0,0,4812011.5,0,0,4812011.5,0,0,4812011.5,0,0,4812011.5,0,0,4812011.5,0,0,4812011.5,0,0,4812011.5,0,0,4812011.5,0,0,4812011.5,0,0,4812011.5,0,0,4812011.5,0,0,4812011.5,0,0,4812011.5,0,0,4812011.5,0,0,4812011.5,0,0,4812011.5,0,0,4812011.5,0,0,4812011.5,0,0,4812011.5,0,0,4812011.5,0,0,4812011.5,0,0,4812011.5,0,0,4812011.5,0,0,4812011.5,0,0,4812011.5,0,0,4812011.5,0,0,4812011.5,0,0,4812011.5,0,0,4812011.5,0,0,4812011.5,0,0,9624023,0,0,4812011.5,0,0,4812011.5,0,0,4812011.5,0,0,4812011.5,0,0,4812011.5,0,0,4812011.5,0,0,4812011.5
1,1,J&J,2021-06-21,CV,0,0,0,0,0,0,0,0,0,0,0,0,0,0,0,0,0,0,0,0,0,0,0,0,0,0,0,0,0,0,0,0,0,0,0,0,0,0,0,0,0,0,0,0,0,0,0,0,0,0,4812011.5,0,0,4812011.5,0,0,4812011.5,0,0,4812011.5,0,0,4812011.5,0,0,4812011.5,0,0,4812011.5,0,0,4812011.5,0,0,4812011.5,0,0,4812011.5,0,0,4812011.5,0,0,4812011.5,0,0,4812011.5,0,0,4812011.5,0,0,4812011.5,0,0,4812011.5,0,0,4812011.5,0,0,4812011.5,0,0,4812011.5,0,0,4812011.5,0,0,4812011.5,0,0,4812011.5,0,0,4812011.5,0,0,4812011.5,0,0,4812011.5,0,0,4812011.5,0,0,4812011.5,0,0,4812011.5,0,0,4812011.5,0,0,4812011.5,0,0,4812011.5,0,0,4812011.5,0,0,4812011.5,0,0,4812011.5,0,0,4812011.5,0,0,4812011.5,0,0,4812011.5,0,0,4812011.5,0,0,4812011.5,0,0,4812011.5,0,0,9624023,0,0,4812011.5,0,0,4812011.5,0,0,4812011.5,0,0,4812011.5,0,0,4812011.5,0,0,4812011.5,0,0,4812011.5
1,1,J&J,2021-06-28,CV,0,0,0,0,0,0,0,0,0,0,0,0,0,0,0,0,0,0,0,0,0,0,0,0,0,0,0,0,0,0,0,0,0,0,0,0,0,0,0,0,0,0,0,0,0,0,0,0,0,0,11228026.84,0,0,11228026.84,0,0,11228026.84,0,0,11228026.84,0,0,11228026.84,0,0,11228026.84,0,0,11228026.84,0,0,11228026.84,0,0,11228026.84,0,0,11228026.84,0,0,11228026.84,0,0,11228026.84,0,0,11228026.84,0,0,11228026.84,0,0,11228026.84,0,0,11228026.84,0,0,11228026.84,0,0,11228026.84,0,0,11228026.84,0,0,11228026.84,0,0,11228026.84,0,0,11228026.84,0,0,11228026.84,0,0,11228026.84,0,0,11228026.84,0,0,11228026.84,0,0,11228026.84,0,0,11228026.84,0,0,11228026.84,0,0,11228026.84,0,0,11228026.84,0,0,11228026.84,0,0,11228026.84,0,0,11228026.84,0,0,11228026.84,0,0,11228026.84,0,0,11228026.84,0,0,11228026.84,0,0,11228026.84,0,0,11228026.84,0,0,22456053.68,0,0,11228026.84,0,0,11228026.84,0,0,11228026.84,0,0,11228026.84,0,0,11228026.84,0,0,11228026.84,0,0,11228026.84
1,1,Pfizer,2021-02-08,CV,0,0,0,0,0,0,0,0,0,0,0,0,0,0,0,0,0,0,0,0,0,0,0,0,0,0,0,0,0,0,0,0,0,0,0,0,0,0,0,0,0,0,0,0,0,0,0,0,0,0,6124378.28,0,0,6124378.28,0,0,6124378.28,0,0,6124378.28,0,0,6124378.28,0,0,6416015.34,0,0,6416015.34,0,0,9624023,0,0,16842040.26,0,0,16842040.26,0,0,6124378.28,0,0,6124378.28,0,0,6124378.28,0,0,6124378.28,0,0,6124378.28,0,0,6124378.28,0,0,6124378.28,0,0,6124378.28,0,0,6124378.28,0,0,6124378.28,0,0,6124378.28,0,0,6124378.28,0,0,6124378.28,0,0,6124378.28,0,0,6124378.28,0,0,6124378.28,0,0,6124378.28,0,0,6124378.28,0,0,6124378.28,0,0,6124378.28,0,0,6124378.28,0,0,6124378.28,0,0,6124378.28,0,0,6124378.28,0,0,6124378.28,0,0,6124378.28,0,0,6124378.28,0,0,6124378.28,0,0,6124378.28,0,0,6124378.28,0,0,26947264.41,0,0,6124378.28,0,0,6124378.28,0,0,6124378.28,0,0,6416015.34,0,0,6124378.28,0,0,6416015.34,0,0,6124378.28
1,1,Pfizer,2021-02-15,CV,0,0,0,0,0,0,0,0,0,0,0,0,0,0,0,0,0,0,0,0,0,0,0,0,0,0,0,0,0,0,0,0,0,0,0,0,0,0,0,0,0,0,0,0,0,0,0,0,0,0,3849609.2,0,0,3849609.2,0,0,3849609.2,0,0,3849609.2,0,0,3849609.2,0,0,4812011.5,0,0,4812011.5,0,0,6416015.34,0,0,6416015.34,0,0,6416015.34,0,0,3849609.2,0,0,3849609.2,0,0,3849609.2,0,0,3849609.2,0,0,3849609.2,0,0,3849609.2,0,0,3849609.2,0,0,3849609.2,0,0,3849609.2,0,0,3849609.2,0,0,3849609.2,0,0,3849609.2,0,0,3849609.2,0,0,3849609.2,0,0,3849609.2,0,0,3849609.2,0,0,3849609.2,0,0,3849609.2,0,0,3849609.2,0,0,3849609.2,0,0,3849609.2,0,0,3849609.2,0,0,3849609.2,0,0,3849609.2,0,0,3849609.2,0,0,3849609.2,0,0,3849609.2,0,0,3849609.2,0,0,3849609.2,0,0,3849609.2,0,0,19248046.01,0,0,3849609.2,0,0,3849609.2,0,0,3849609.2,0,0,4812011.5,0,0,3849609.2,0,0,4812011.5,0,0,3849609.2
1,1,Pfizer,2021-03-22,CV,0,0,0,0,0,0,0,0,0,0,0,0,0,0,0,0,0,0,0,0,0,0,0,0,0,0,0,0,0,0,0,0,0,0,0,0,0,0,0,0,0,0,0,0,0,0,0,0,0,0,488175.08,0,0,488175.08,0,0,488175.08,0,0,526313.76,0,0,514260.77,0,0,514260.77,0,0,500878.52,0,0,534667.94,0,0,566119,0,0,566119,0,0,488175.08,0,0,488175.08,0,0,488175.08,0,0,488175.08,0,0,488175.08,0,0,488175.08,0,0,488175.08,0,0,488175.08,0,0,488175.08,0,0,488175.08,0,0,488175.08,0,0,488175.08,0,0,488175.08,0,0,488175.08,0,0,488175.08,0,0,488175.08,0,0,488175.08,0,0,488175.08,0,0,488175.08,0,0,488175.08,0,0,488175.08,0,0,488175.08,0,0,488175.08,0,0,488175.08,0,0,488175.08,0,0,488175.08,0,0,488175.08,0,0,488175.08,0,0,488175.08,0,0,488175.08,0,0,2542194.76,0,0,488175.08,0,0,488175.08,0,0,488175.08,0,0,500878.52,0,0,488175.08,0,0,500878.52,0,0,488175.08
1,1,Pfizer,2021-03-29,CV,0,0,0,0,0,0,0,0,0,0,0,0,0,0,0,0,0,0,0,0,0,0,0,0,0,0,0,0,0,0,0,0,0,0,0,0,0,0,0,0,0,0,0,0,0,0,0,0,0,0,477788.38,0,0,477788.38,0,0,477788.38,0,0,500878.52,0,0,504630.42,0,0,504630.42,0,0,493539.64,0,0,536798.1,0,0,590948.78,0,0,590948.78,0,0,484663.03,0,0,484663.03,0,0,484663.03,0,0,484663.03,0,0,477788.38,0,0,477788.38,0,0,486412.72,0,0,486412.72,0,0,477788.38,0,0,477788.38,0,0,477788.38,0,0,477788.38,0,0,477788.38,0,0,477788.38,0,0,477788.38,0,0,477788.38,0,0,477788.38,0,0,477788.38,0,0,477788.38,0,0,477788.38,0,0,477788.38,0,0,477788.38,0,0,477788.38,0,0,477788.38,0,0,477788.38,0,0,477788.38,0,0,477788.38,0,0,477788.38,0,0,477788.38,0,0,477788.38,0,0,2542194.76,0,0,477788.38,0,0,477788.38,0,0,477788.38,0,0,493539.64,0,0,477788.38,0,0,493539.64,0,0,477788.38
1,1,Pfizer,2021-04-05,CV,0,0,0,0,0,0,0,0,0,0,0,0,0,0,0,0,0,0,0,0,0,0,0,0,0,0,0,0,0,0,0,0,0,0,0,0,0,0,0,0,0,0,0,0,0,0,0,0,0,0,369140.61,0,0,369140.61,0,0,371174.44,0,0,380611.08,0,0,380611.08,0,0,380611.08,0,0,378472.81,0,0,396283.3,0,0,441758.43,0,0,441758.43,0,0,376358.44,0,0,376358.44,0,0,376358.44,0,0,376358.44,0,0,369140.61,0,0,369140.61,0,0,384960.92,0,0,384960.92,0,0,369140.61,0,0,369140.61,0,0,369140.61,0,0,369140.61,0,0,369140.61,0,0,369140.61,0,0,369140.61,0,0,369140.61,0,0,369140.61,0,0,369140.61,0,0,369140.61,0,0,369140.61,0,0,369140.61,0,0,369140.61,0,0,369140.61,0,0,369140.61,0,0,369140.61,0,0,369140.61,0,0,369140.61,0,0,369140.61,0,0,369140.61,0,0,369140.61,0,0,1981416.5,0,0,369140.61,0,0,369140.61,0,0,369140.61,0,0,378472.81,0,0,369140.61,0,0,378472.81,0,0,369140.61
1,1,AstraZeneca,2021-03-22,CV,0,0,0,0,0,0,0,0,0,0,0,0,0,0,0,0,0,0,0,0,0,0,0,0,0,0,0,0,0,0,0,0,0,0,0,0,0,0,0,0,0,0,0,0,0,0,0,0,0,0,2323040.04,0,0,2323040.04,0,0,2323040.04,0,0,2807006.71,0,0,2323040.04,0,0,2323040.04,0,0,2323040.04,0,0,2994140.49,0,0,2641888.67,0,0,2641888.67,0,0,2323040.04,0,0,2323040.04,0,0,2323040.04,0,0,2323040.04,0,0,2323040.04,0,0,2323040.04,0,0,2323040.04,0,0,2323040.04,0,0,2323040.04,0,0,2323040.04,0,0,2323040.04,0,0,2323040.04,0,0,2323040.04,0,0,2323040.04,0,0,2323040.04,0,0,2323040.04,0,0,2323040.04,0,0,2323040.04,0,0,2323040.04,0,0,2323040.04,0,0,2323040.04,0,0,2323040.04,0,0,2323040.04,0,0,2323040.04,0,0,2323040.04,0,0,2323040.04,0,0,2323040.04,0,0,2323040.04,0,0,2323040.04,0,0,2323040.04,0,0,4210510.06,0,0,2323040.04,0,0,2323040.04,0,0,2323040.04,0,0,2323040.04,0,0,2323040.04,0,0,2323040.04,0,0,2323040.04
1,1,AstraZeneca,2021-03-29,CV,0,0,0,0,0,0,0,0,0,0,0,0,0,0,0,0,0,0,0,0,0,0,0,0,0,0,0,0,0,0,0,0,0,0,0,0,0,0,0,0,0,0,0,0,0,0,0,0,0,0,990708.25,0,0,990708.25,0,0,990708.25,0,0,1104396.08,0,0,990708.25,0,0,1020729.71,0,0,1020729.71,0,0,1141833.24,0,0,1141833.24,0,0,1141833.24,0,0,990708.25,0,0,990708.25,0,0,990708.25,0,0,990708.25,0,0,990708.25,0,0,990708.25,0,0,990708.25,0,0,990708.25,0,0,990708.25,0,0,990708.25,0,0,990708.25,0,0,990708.25,0,0,990708.25,0,0,990708.25,0,0,990708.25,0,0,990708.25,0,0,990708.25,0,0,990708.25,0,0,990708.25,0,0,990708.25,0,0,990708.25,0,0,990708.25,0,0,990708.25,0,0,990708.25,0,0,990708.25,0,0,990708.25,0,0,990708.25,0,0,990708.25,0,0,990708.25,0,0,990708.25,0,0,2749720.86,0,0,990708.25,0,0,990708.25,0,0,990708.25,0,0,1020729.71,0,0,990708.25,0,0,1020729.71,0,0,990708.25
1,1,AstraZeneca,2021-04-05,CV,0,0,0,0,0,0,0,0,0,0,0,0,0,0,0,0,0,0,0,0,0,0,0,0,0,0,0,0,0,0,0,0,0,0,0,0,0,0,0,0,0,0,0,0,0,0,0,0,0,0,657250.35,0,0,657250.35,0,0,657250.35,0,0,705425.77,0,0,657250.35,0,0,694517.12,0,0,680486.48,0,0,732262.62,0,0,752716.88,0,0,752716.88,0,0,657250.35,0,0,657250.35,0,0,657250.35,0,0,657250.35,0,0,657250.35,0,0,657250.35,0,0,657250.35,0,0,657250.35,0,0,657250.35,0,0,657250.35,0,0,657250.35,0,0,657250.35,0,0,657250.35,0,0,657250.35,0,0,657250.35,0,0,657250.35,0,0,657250.35,0,0,657250.35,0,0,657250.35,0,0,657250.35,0,0,657250.35,0,0,657250.35,0,0,657250.35,0,0,657250.35,0,0,657250.35,0,0,657250.35,0,0,657250.35,0,0,657250.35,0,0,657250.35,0,0,657250.35,0,0,2138671.78,0,0,657250.35,0,0,657250.35,0,0,657250.35,0,0,680486.48,0,0,657250.35,0,0,680486.48,0,0,657250.35
1,1,AstraZeneca,2021-04-12,CV,0,0,0,0,0,0,0,0,0,0,0,0,0,0,0,0,0,0,0,0,0,0,0,0,0,0,0,0,0,0,0,0,0,0,0,0,0,0,0,0,0,0,0,0,0,0,0,0,0,0,583274.12,0,0,583274.12,0,0,583274.12,0,0,620904.71,0,0,583274.12,0,0,620904.71,0,0,601501.44,0,0,641601.53,0,0,663725.72,0,0,663725.72,0,0,583274.12,0,0,583274.12,0,0,583274.12,0,0,583274.12,0,0,583274.12,0,0,583274.12,0,0,583274.12,0,0,583274.12,0,0,583274.12,0,0,583274.12,0,0,583274.12,0,0,583274.12,0,0,583274.12,0,0,583274.12,0,0,583274.12,0,0,583274.12,0,0,583274.12,0,0,583274.12,0,0,583274.12,0,0,583274.12,0,0,583274.12,0,0,583274.12,0,0,583274.12,0,0,583274.12,0,0,583274.12,0,0,583274.12,0,0,583274.12,0,0,583274.12,0,0,583274.12,0,0,583274.12,0,0,1924804.6,0,0,583274.12,0,0,583274.12,0,0,583274.12,0,0,601501.44,0,0,583274.12,0,0,601501.44,0,0,583274.12
1,1,AstraZeneca,2021-04-19,CV,0,0,0,0,0,0,0,0,0,0,0,0,0,0,0,0,0,0,0,0,0,0,0,0,0,0,0,0,0,0,0,0,0,0,0,0,0,0,0,0,0,0,0,0,0,0,0,0,0,0,583274.12,0,0,583274.12,0,0,583274.12,0,0,620904.71,0,0,583274.12,0,0,620904.71,0,0,601501.44,0,0,641601.53,0,0,663725.72,0,0,663725.72,0,0,583274.12,0,0,583274.12,0,0,583274.12,0,0,583274.12,0,0,583274.12,0,0,583274.12,0,0,583274.12,0,0,583274.12,0,0,583274.12,0,0,583274.12,0,0,583274.12,0,0,583274.12,0,0,583274.12,0,0,583274.12,0,0,583274.12,0,0,583274.12,0,0,583274.12,0,0,583274.12,0,0,583274.12,0,0,583274.12,0,0,583274.12,0,0,583274.12,0,0,583274.12,0,0,583274.12,0,0,583274.12,0,0,583274.12,0,0,583274.12,0,0,583274.12,0,0,583274.12,0,0,583274.12,0,0,1924804.6,0,0,583274.12,0,0,583274.12,0,0,583274.12,0,0,601501.44,0,0,583274.12,0,0,601501.44,0,0,583274.12
1,1,AstraZeneca,2021-04-26,CV,0,0,0,0,0,0,0,0,0,0,0,0,0,0,0,0,0,0,0,0,0,0,0,0,0,0,0,0,0,0,0,0,0,0,0,0,0,1,0,0,0,0,0,0,0,0,0,0,0,0,566119,0,0,566119,0,0,566119,0,0,601501.44,0,0,573346.05,0,0,609666.62,0,0,590948.78,0,0,629608.98,0,0,641601.53,0,0,641601.53,0,0,566119,0,0,566119,0,0,566119,0,0,566119,0,0,566119,0,0,566119,0,0,566119,0,0,566119,0,0,566119,0,0,566119,0,0,566119,0,0,566119,0,0,566119,0,0,566119,0,0,566119,0,0,566119,0,0,566119,0,0,566119,0,0,566119,0,0,566119,0,0,566119,0,0,566119,0,0,566119,0,0,566119,0,0,566119,0,0,566119,0,0,566119,0,0,566119,0,0,566119,0,0,566119,514436.62,13024.41,2866257.39,0,0,566119,0,0,566119,0,0,566119,0,0,590948.78,0,0,566119,0,0,590948.78,0,0,566119
1,1,AstraZeneca,2021-03-15,CV,0,0,0,0,0,0,0,0,0,0,0,0,0,0,0,0,0,0,0,0,0,0,0,0,0,0,0,0,0,0,0,0,0,0,0,0,0,0,0,0,0,0,0,0,0,0,0,0,0,0,67368161.03,0,0,67368161.03,0,0,67368161.03,0,0,134736322.06,0,0,67368161.03,0,0,67368161.03,0,0,67368161.03,0,0,134736322.06,0,0,67368161.03,0,0,67368161.03,0,0,67368161.03,0,0,67368161.03,0,0,67368161.03,0,0,67368161.03,0,0,67368161.03,0,0,67368161.03,0,0,67368161.03,0,0,67368161.03,0,0,67368161.03,0,0,67368161.03,0,0,67368161.03,0,0,67368161.03,0,0,67368161.03,0,0,67368161.03,0,0,67368161.03,0,0,67368161.03,0,0,67368161.03,0,0,67368161.03,0,0,67368161.03,0,0,67368161.03,0,0,67368161.03,0,0,67368161.03,0,0,67368161.03,0,0,67368161.03,0,0,67368161.03,0,0,67368161.03,0,0,67368161.03,0,0,67368161.03,0,0,67368161.03,0,0,67368161.03,0,0,134736322.06,0,0,67368161.03,0,0,67368161.03,0,0,67368161.03,0,0,67368161.03,0,0,67368161.03,0,0,67368161.03,0,0,67368161.03
1,2,AstraZeneca,2021-06-07,CV,0,0,0,0,0,0,0,0,0,0,0,0,0,0,0,0,0,0,0,0,0,0,0,0,0,0,0,0,0,0,0,0,0,0,0,0,0,0,0,0,0,0,0,0,0,0,0,0,0,0,22456053.68,0,0,22456053.68,0,0,22456053.68,0,0,22456053.68,0,0,22456053.68,0,0,22456053.68,0,0,22456053.68,0,0,22456053.68,0,0,22456053.68,0,0,22456053.68,0,0,22456053.68,0,0,22456053.68,0,0,22456053.68,0,0,22456053.68,0,0,22456053.68,0,0,22456053.68,0,0,22456053.68,0,0,22456053.68,0,0,22456053.68,0,0,22456053.68,0,0,22456053.68,0,0,22456053.68,0,0,22456053.68,0,0,22456053.68,0,0,22456053.68,0,0,22456053.68,0,0,22456053.68,0,0,22456053.68,0,0,22456053.68,0,0,22456053.68,0,0,22456053.68,0,0,22456053.68,0,0,22456053.68,0,0,22456053.68,0,0,22456053.68,0,0,22456053.68,0,0,22456053.68,0,0,22456053.68,0,0,22456053.68,0,0,22456053.68,0,0,44912107.35,0,0,22456053.68,0,0,22456053.68,0,0,22456053.68,0,0,22456053.68,0,0,22456053.68,0,0,22456053.68,0,0,22456053.68
1,2,AstraZeneca,2021-06-14,CV,0,0,0,0,0,0,0,0,0,0,0,0,0,0,0,0,0,0,0,0,0,0,0,0,0,0,0,0,0,0,0,0,0,0,0,0,0,0,0,0,0,0,0,0,0,0,0,0,0,0,2363795.12,0,0,2363795.12,0,0,2363795.12,0,0,2749720.86,0,0,2363795.12,0,0,2363795.12,0,0,2363795.12,0,0,2929050.48,0,0,2807006.71,0,0,2807006.71,0,0,2363795.12,0,0,2363795.12,0,0,2363795.12,0,0,2363795.12,0,0,2363795.12,0,0,2363795.12,0,0,2363795.12,0,0,2363795.12,0,0,2363795.12,0,0,2363795.12,0,0,2363795.12,0,0,2363795.12,0,0,2363795.12,0,0,2363795.12,0,0,2363795.12,0,0,2363795.12,0,0,2363795.12,0,0,2363795.12,0,0,2363795.12,0,0,2363795.12,0,0,2363795.12,0,0,2363795.12,0,0,2363795.12,0,0,2363795.12,0,0,2363795.12,0,0,2363795.12,0,0,2363795.12,0,0,2363795.12,0,0,2363795.12,0,0,2363795.12,0,0,7925666,0,0,2363795.12,0,0,2363795.12,0,0,2363795.12,0,0,2363795.12,0,0,2363795.12,0,0,2363795.12,0,0,2363795.12
1,2,AstraZeneca,2021-06-21,CV,0,0,0,0,0,0,0,0,0,0,0,0,0,0,0,0,0,0,0,0,0,0,0,0,0,0,0,0,0,0,0,0,0,0,0,0,0,0,0,0,0,0,0,0,0,0,0,0,0,0,1036433.25,0,0,1036433.25,0,0,1036433.25,0,0,1161520.02,0,0,1036433.25,0,0,1077890.58,0,0,1086583.24,0,0,1247558.54,0,0,1236113.05,0,0,1236113.05,0,0,1036433.25,0,0,1036433.25,0,0,1036433.25,0,0,1036433.25,0,0,1036433.25,0,0,1036433.25,0,0,1036433.25,0,0,1036433.25,0,0,1036433.25,0,0,1036433.25,0,0,1036433.25,0,0,1036433.25,0,0,1036433.25,0,0,1036433.25,0,0,1036433.25,0,0,1036433.25,0,0,1036433.25,0,0,1036433.25,0,0,1036433.25,0,0,1036433.25,0,0,1036433.25,0,0,1036433.25,0,0,1036433.25,0,0,1036433.25,0,0,1036433.25,0,0,1036433.25,0,0,1036433.25,0,0,1036433.25,0,0,1036433.25,0,0,1036433.25,0,0,4812011.5,0,0,1036433.25,0,0,1036433.25,0,0,1036433.25,0,0,1086583.24,0,0,1036433.25,0,0,1086583.24,0,0,1036433.25
1,2,AstraZeneca,2021-06-28,CV,0,0,0,0,0,0,0,0,0,0,0,0,0,0,0,0,0,0,0,0,0,0,0,0,0,0,0,0,0,0,0,0,0,0,0,0,0,0,0,0,0,0,0,0,0,0,0,0,0,0,1871337.81,0,0,1871337.81,0,0,1871337.81,0,0,2041459.43,0,0,1871337.81,0,0,1952700.32,0,0,1952700.32,0,0,2245605.37,0,0,2245605.37,0,0,2245605.37,0,0,1871337.81,0,0,1871337.81,0,0,1871337.81,0,0,1871337.81,0,0,1871337.81,0,0,1871337.81,0,0,1871337.81,0,0,1871337.81,0,0,1871337.81,0,0,1871337.81,0,0,1871337.81,0,0,1871337.81,0,0,1871337.81,0,0,1871337.81,0,0,1871337.81,0,0,1871337.81,0,0,1871337.81,0,0,1871337.81,0,0,1871337.81,0,0,1871337.81,0,0,1871337.81,0,0,1871337.81,0,0,1871337.81,0,0,1871337.81,0,0,1871337.81,0,0,1871337.81,0,0,1871337.81,0,0,1871337.81,0,0,1871337.81,0,0,1871337.81,0,0,8982421.47,0,0,1871337.81,0,0,1871337.81,0,0,1871337.81,0,0,1952700.32,0,0,1871337.81,0,0,1952700.32,0,0,1871337.81
0,0,0,2020-01-06,COVCANCER,0,0,0,0,0,0,0,0,0,0,0,0,0,0,0,0,0,0,0,0,0,0,0,0,0,0,0,0,0,0,0,0,0,0,0,0,0,0,0,0,0,0,0,0,0,0,0,0,0,0,195553.44,0,0,195553.44,0,0,195553.44,0,0,195553.44,0,0,197560.59,0,0,197560.59,0,0,195553.44,0,0,195553.44,0,0,195553.44,0,0,195553.44,0,0,195553.44,0,0,195553.44,0,0,195553.44,0,0,195553.44,0,0,195553.44,0,0,195553.44,0,0,195553.44,0,0,195553.44,0,0,195553.44,0,0,195553.44,0,0,195553.44,0,0,195553.44,0,0,195553.44,0,0,195553.44,0,0,195553.44,0,0,195553.44,0,0,195553.44,0,0,197560.59,0,0,197560.59,0,0,197560.59,0,0,197560.59,0,0,195553.44,0,0,195553.44,0,0,195553.44,0,0,195553.44,0,0,195553.44,0,0,195553.44,0,0,195553.44,0,0,195553.44,0,0,195553.44,0,0,298750.16,0,0,195553.44,0,0,195553.44,0,0,195553.44,0,0,197560.59,0,0,195553.44,0,0,197560.59,0,0,195553.44
0,0,0,2020-01-13,COVCANCER,0,0,0,0,0,0,0,0,0,0,0,0,0,0,0,0,0,0,0,0,0,0,0,0,0,0,0,0,0,0,0,0,0,0,0,0,0,0,0,0,0,0,0,0,0,0,0,0,0,0,198141.65,0,0,198141.65,0,0,198141.65,0,0,198141.65,0,0,200202.56,0,0,200202.56,0,0,198141.65,0,0,198141.65,0,0,198141.65,0,0,198141.65,0,0,198141.65,0,0,198141.65,0,0,198141.65,0,0,198141.65,0,0,198141.65,0,0,198141.65,0,0,198141.65,0,0,198141.65,0,0,198141.65,0,0,198141.65,0,0,198141.65,0,0,198141.65,0,0,198141.65,0,0,198141.65,0,0,198141.65,0,0,198141.65,0,0,198141.65,0,0,200202.56,0,0,200202.56,0,0,200202.56,0,0,200202.56,0,0,198141.65,0,0,198141.65,0,0,198141.65,0,0,198141.65,0,0,198141.65,0,0,198141.65,0,0,198141.65,0,0,198141.65,0,0,198141.65,0,0,300750.72,0,0,198141.65,0,0,198141.65,0,0,198141.65,0,0,200202.56,0,0,198141.65,0,0,200202.56,0,0,198141.65
0,0,0,2020-01-20,COVCANCER,0,0,0,0,0,0,0,0,0,0,0,0,0,0,0,0,0,0,0,0,0,0,0,0,0,0,0,0,0,0,0,0,0,0,0,0,0,0,0,0,0,0,0,0,0,0,0,0,0,0,198726.14,0,0,198726.14,0,0,198726.14,0,0,198726.14,0,0,200799.29,0,0,200799.29,0,0,198726.14,0,0,198726.14,0,0,198726.14,0,0,198726.14,0,0,198726.14,0,0,198726.14,0,0,198726.14,0,0,198726.14,0,0,198726.14,0,0,198726.14,0,0,198726.14,0,0,198726.14,0,0,198726.14,0,0,198726.14,0,0,198726.14,0,0,198726.14,0,0,198726.14,0,0,198726.14,0,0,198726.14,0,0,198726.14,0,0,198726.14,0,0,200799.29,0,0,200799.29,0,0,200799.29,0,0,200799.29,0,0,198726.14,0,0,198726.14,0,0,198726.14,0,0,198726.14,0,0,198726.14,0,0,198726.14,0,0,198726.14,0,0,198726.14,0,0,198726.14,0,0,301423.54,0,0,198726.14,0,0,198726.14,0,0,198726.14,0,0,200799.29,0,0,198726.14,0,0,200799.29,0,0,198726.14
0,0,0,2020-01-27,COVCANCER,0,0,0,0,0,0,0,0,0,0,0,0,0,0,0,0,0,0,0,0,0,0,0,0,0,0,0,0,0,0,0,0,0,0,0,0,0,0,0,0,0,0,0,0,0,0,0,0,0,0,200500.48,0,0,200500.48,0,0,200500.48,0,0,200500.48,0,0,202611.01,0,0,202611.01,0,0,200500.48,0,0,200500.48,0,0,200500.48,0,0,200500.48,0,0,200500.48,0,0,200500.48,0,0,200500.48,0,0,200500.48,0,0,200500.48,0,0,200500.48,0,0,200500.48,0,0,200500.48,0,0,200500.48,0,0,200500.48,0,0,200500.48,0,0,200500.48,0,0,200500.48,0,0,200500.48,0,0,200500.48,0,0,200500.48,0,0,200500.48,0,0,202611.01,0,0,202611.01,0,0,202611.01,0,0,202611.01,0,0,200500.48,0,0,200500.48,0,0,200500.48,0,0,200500.48,0,0,200500.48,0,0,200500.48,0,0,200500.48,0,0,200500.48,0,0,200500.48,0,0,305524.54,0,0,200500.48,0,0,200500.48,0,0,200500.48,0,0,202611.01,0,0,200500.48,0,0,202611.01,0,0,200500.48
0,0,0,2020-02-03,COVCANCER,0,0,0,1,0,0,0,0,0,0,0,0,0,0,0,0,1,1,0,0,0,0,0,0,0,0,0,0,0,0,0,0,0,0,0,0,0,0,0,0,0,0,0,0,0,0,0,0,0,0,200500.48,0,0,200500.48,0,0,200500.48,54514.93,1380.2,303737.72,0,0,202611.01,0,0,202611.01,0,0,200500.48,0,0,200500.48,0,0,200500.48,0,0,200500.48,0,0,200500.48,0,0,200500.48,0,0,200500.48,0,0,200500.48,0,0,200500.48,0,0,200500.48,54760.12,1386.41,305103.86,54760.12,1386.41,305103.86,0,0,200500.48,0,0,200500.48,0,0,200500.48,0,0,200500.48,0,0,200500.48,0,0,200500.48,0,0,200500.48,0,0,200500.48,0,0,200500.48,0,0,202611.01,0,0,202611.01,0,0,202611.01,0,0,202611.01,0,0,200500.48,0,0,200500.48,0,0,200500.48,0,0,200500.48,0,0,200500.48,0,0,200500.48,0,0,200500.48,0,0,200500.48,0,0,200500.48,0,0,305524.54,0,0,200500.48,0,0,200500.48,0,0,200500.48,0,0,202611.01,0,0,200500.48,0,0,202611.01,0,0,200500.48
0,0,0,2020-02-10,COVCANCER,0,0,0,0,0,0,0,0,0,0,0,0,0,0,0,0,0,0,0,0,0,0,0,0,0,0,0,0,0,0,0,0,0,0,0,0,0,0,0,0,0,0,0,0,0,0,0,0,0,0,200500.48,0,0,200500.48,0,0,200500.48,0,0,202611.01,0,0,202611.01,0,0,202611.01,0,0,200500.48,0,0,200500.48,0,0,200500.48,0,0,200500.48,0,0,200500.48,0,0,200500.48,0,0,200500.48,0,0,200500.48,0,0,200500.48,0,0,200500.48,0,0,202611.01,0,0,202611.01,0,0,200500.48,0,0,200500.48,0,0,200500.48,0,0,200500.48,0,0,200500.48,0,0,200500.48,0,0,200500.48,0,0,200500.48,0,0,200500.48,0,0,202611.01,0,0,202611.01,0,0,202611.01,0,0,202611.01,0,0,200500.48,0,0,200500.48,0,0,200500.48,0,0,200500.48,0,0,200500.48,0,0,200500.48,0,0,200500.48,0,0,200500.48,0,0,200500.48,0,0,305524.54,0,0,200500.48,0,0,200500.48,0,0,200500.48,0,0,202611.01,0,0,200500.48,0,0,202611.01,0,0,200500.48
0,0,0,2020-02-17,COVCANCER,0,0,0,0,0,0,0,0,0,0,0,0,0,0,0,0,0,0,0,0,0,0,0,0,0,0,0,0,0,0,0,0,0,0,0,0,0,0,0,0,0,0,0,0,0,0,0,0,0,0,200500.48,0,0,200500.48,0,0,200500.48,0,0,202611.01,0,0,202611.01,0,0,202611.01,0,0,200500.48,0,0,200500.48,0,0,200500.48,0,0,200500.48,0,0,200500.48,0,0,200500.48,0,0,200500.48,0,0,200500.48,0,0,200500.48,0,0,200500.48,0,0,202611.01,0,0,202611.01,0,0,200500.48,0,0,200500.48,0,0,200500.48,0,0,200500.48,0,0,200500.48,0,0,200500.48,0,0,200500.48,0,0,200500.48,0,0,200500.48,0,0,202611.01,0,0,202611.01,0,0,202611.01,0,0,202611.01,0,0,200500.48,0,0,200500.48,0,0,200500.48,0,0,200500.48,0,0,200500.48,0,0,200500.48,0,0,200500.48,0,0,200500.48,0,0,200500.48,0,0,305524.54,0,0,200500.48,0,0,200500.48,0,0,200500.48,0,0,202611.01,0,0,200500.48,0,0,202611.01,0,0,200500.48
0,0,0,2020-02-24,COVCANCER,0,0,0,0,0,0,0,0,0,0,0,0,0,0,0,0,0,0,0,0,0,0,0,0,0,0,0,0,0,0,0,0,0,0,0,0,0,0,0,0,0,0,0,0,0,0,0,0,0,0,200500.48,0,0,200500.48,0,0,200500.48,0,0,202611.01,0,0,202611.01,0,0,202611.01,0,0,200500.48,0,0,200500.48,0,0,200500.48,0,0,200500.48,0,0,200500.48,0,0,200500.48,0,0,200500.48,0,0,200500.48,0,0,200500.48,0,0,200500.48,0,0,202611.01,0,0,202611.01,0,0,200500.48,0,0,200500.48,0,0,200500.48,0,0,200500.48,0,0,200500.48,0,0,200500.48,0,0,200500.48,0,0,200500.48,0,0,200500.48,0,0,202611.01,0,0,202611.01,0,0,202611.01,0,0,202611.01,0,0,200500.48,0,0,200500.48,0,0,200500.48,0,0,200500.48,0,0,200500.48,0,0,200500.48,0,0,200500.48,0,0,200500.48,0,0,200500.48,0,0,305524.54,0,0,200500.48,0,0,200500.48,0,0,200500.48,0,0,202611.01,0,0,200500.48,0,0,202611.01,0,0,200500.48
0,0,0,2020-03-02,COVCANCER,0,0,0,0,0,0,0,0,0,0,0,0,0,0,0,0,0,0,0,0,0,0,0,0,0,0,0,0,0,0,0,0,0,0,0,0,0,0,0,0,0,0,0,0,0,0,0,0,0,0,200500.48,0,0,200500.48,0,0,200500.48,0,0,202611.01,0,0,202611.01,0,0,202611.01,0,0,200500.48,0,0,200500.48,0,0,200500.48,0,0,200500.48,0,0,200500.48,0,0,200500.48,0,0,200500.48,0,0,200500.48,0,0,200500.48,0,0,200500.48,0,0,202611.01,0,0,202611.01,0,0,200500.48,0,0,200500.48,0,0,200500.48,0,0,200500.48,0,0,200500.48,0,0,200500.48,0,0,200500.48,0,0,200500.48,0,0,200500.48,0,0,202611.01,0,0,202611.01,0,0,202611.01,0,0,202611.01,0,0,200500.48,0,0,200500.48,0,0,200500.48,0,0,200500.48,0,0,200500.48,0,0,200500.48,0,0,200500.48,0,0,200500.48,0,0,200500.48,0,0,305524.54,0,0,200500.48,0,0,200500.48,0,0,200500.48,0,0,202611.01,0,0,200500.48,0,0,202611.01,0,0,200500.48
0,0,0,2020-03-09,COVCANCER,0,0,0,0,0,0,0,0,0,0,0,0,0,0,0,0,0,0,0,0,0,0,0,0,0,0,0,0,0,0,0,0,0,0,0,0,0,0,0,0,0,0,0,0,0,0,0,0,0,0,200500.48,0,0,200500.48,0,0,200500.48,0,0,202611.01,0,0,202611.01,0,0,202611.01,0,0,200500.48,0,0,200500.48,0,0,200500.48,0,0,200500.48,0,0,200500.48,0,0,200500.48,0,0,200500.48,0,0,200500.48,0,0,200500.48,0,0,200500.48,0,0,202611.01,0,0,202611.01,0,0,200500.48,0,0,200500.48,0,0,200500.48,0,0,200500.48,0,0,200500.48,0,0,200500.48,0,0,200500.48,0,0,200500.48,0,0,200500.48,0,0,202611.01,0,0,202611.01,0,0,202611.01,0,0,202611.01,0,0,200500.48,0,0,200500.48,0,0,200500.48,0,0,200500.48,0,0,200500.48,0,0,200500.48,0,0,200500.48,0,0,200500.48,0,0,200500.48,0,0,305524.54,0,0,200500.48,0,0,200500.48,0,0,200500.48,0,0,202611.01,0,0,200500.48,0,0,202611.01,0,0,200500.48
0,0,0,2020-03-16,COVCANCER,0,0,0,0,0,0,0,0,0,0,0,0,0,0,0,0,0,0,0,0,0,0,0,0,0,0,0,0,0,0,0,0,0,0,0,0,0,0,0,0,0,0,0,0,0,0,0,0,0,0,200500.48,0,0,200500.48,0,0,200500.48,0,0,202611.01,0,0,202611.01,0,0,202611.01,0,0,200500.48,0,0,200500.48,0,0,200500.48,0,0,200500.48,0,0,200500.48,0,0,200500.48,0,0,200500.48,0,0,200500.48,0,0,200500.48,0,0,200500.48,0,0,202611.01,0,0,202611.01,0,0,200500.48,0,0,200500.48,0,0,200500.48,0,0,200500.48,0,0,200500.48,0,0,200500.48,0,0,200500.48,0,0,200500.48,0,0,200500.48,0,0,202611.01,0,0,202611.01,0,0,202611.01,0,0,202611.01,0,0,200500.48,0,0,200500.48,0,0,200500.48,0,0,200500.48,0,0,200500.48,0,0,200500.48,0,0,200500.48,0,0,200500.48,0,0,200500.48,0,0,305524.54,0,0,200500.48,0,0,200500.48,0,0,200500.48,0,0,202611.01,0,0,200500.48,0,0,202611.01,0,0,200500.48
0,0,0,2020-03-23,COVCANCER,0,0,0,0,0,0,0,0,0,0,0,0,0,0,0,0,0,0,0,0,0,0,0,0,0,0,0,0,0,0,0,0,0,0,0,0,0,0,0,0,0,0,0,0,0,0,0,0,0,0,200500.48,0,0,200500.48,0,0,200500.48,0,0,202611.01,0,0,202611.01,0,0,202611.01,0,0,200500.48,0,0,200500.48,0,0,200500.48,0,0,200500.48,0,0,200500.48,0,0,200500.48,0,0,200500.48,0,0,200500.48,0,0,200500.48,0,0,200500.48,0,0,202611.01,0,0,202611.01,0,0,200500.48,0,0,200500.48,0,0,200500.48,0,0,200500.48,0,0,200500.48,0,0,200500.48,0,0,200500.48,0,0,200500.48,0,0,200500.48,0,0,202611.01,0,0,202611.01,0,0,202611.01,0,0,202611.01,0,0,200500.48,0,0,200500.48,0,0,200500.48,0,0,200500.48,0,0,200500.48,0,0,200500.48,0,0,200500.48,0,0,200500.48,0,0,200500.48,0,0,305524.54,0,0,200500.48,0,0,200500.48,0,0,200500.48,0,0,202611.01,0,0,200500.48,0,0,202611.01,0,0,200500.48
0,0,0,2020-03-30,COVCANCER,0,0,0,0,0,0,0,0,0,0,0,0,0,0,0,0,0,0,0,0,0,0,0,0,0,0,0,0,0,0,0,0,0,0,0,0,0,0,0,0,0,0,0,0,0,0,0,0,0,0,201399.58,0,0,201399.58,0,0,201399.58,0,0,203529.19,0,0,203529.19,0,0,203529.19,0,0,201399.58,0,0,201399.58,0,0,201399.58,0,0,201399.58,0,0,201399.58,0,0,201399.58,0,0,201399.58,0,0,201399.58,0,0,201399.58,0,0,201399.58,0,0,203529.19,0,0,203529.19,0,0,201399.58,0,0,201399.58,0,0,201399.58,0,0,201399.58,0,0,201399.58,0,0,201399.58,0,0,201399.58,0,0,201399.58,0,0,201399.58,0,0,203529.19,0,0,203529.19,0,0,203529.19,0,0,203529.19,0,0,201399.58,0,0,201399.58,0,0,201399.58,0,0,201399.58,0,0,201399.58,0,0,201399.58,0,0,201399.58,0,0,201399.58,0,0,201399.58,0,0,307617.17,0,0,201399.58,0,0,201399.58,0,0,201399.58,0,0,203529.19,0,0,201399.58,0,0,203529.19,0,0,201399.58
0,0,0,2020-04-06,COVCANCER,0,0,0,0,0,0,0,0,0,0,0,0,0,0,0,0,0,0,0,0,0,0,0,0,0,0,0,0,0,0,0,0,0,0,0,0,0,0,0,0,0,0,0,0,0,0,0,0,0,0,202611.01,0,0,202611.01,0,0,202611.01,0,0,204766.45,0,0,204766.45,0,0,204766.45,0,0,202611.01,0,0,202611.01,0,0,202611.01,0,0,202611.01,0,0,202611.01,0,0,202611.01,0,0,202611.01,0,0,202611.01,0,0,202611.01,0,0,202611.01,0,0,204766.45,0,0,204766.45,0,0,202611.01,0,0,202611.01,0,0,202611.01,0,0,202611.01,0,0,202611.01,0,0,202611.01,0,0,202611.01,0,0,202611.01,0,0,202611.01,0,0,204766.45,0,0,204766.45,0,0,204766.45,0,0,204766.45,0,0,202611.01,0,0,202611.01,0,0,202611.01,0,0,202611.01,0,0,202611.01,0,0,202611.01,0,0,202611.01,0,0,202611.01,0,0,202611.01,0,0,310452.35,0,0,202611.01,0,0,202611.01,0,0,202611.01,0,0,204766.45,0,0,202611.01,0,0,204766.45,0,0,202611.01
0,0,0,2020-04-13,COVCANCER,0,0,0,0,0,0,0,0,0,0,0,0,0,0,0,0,0,0,0,0,0,0,0,0,0,0,0,0,0,0,0,0,0,0,0,0,0,0,0,0,0,0,0,0,0,0,0,0,0,0,202611.01,0,0,202611.01,0,0,202611.01,0,0,204766.45,0,0,204766.45,0,0,204766.45,0,0,202611.01,0,0,202611.01,0,0,202611.01,0,0,202611.01,0,0,202611.01,0,0,202611.01,0,0,202611.01,0,0,202611.01,0,0,202611.01,0,0,202611.01,0,0,204766.45,0,0,204766.45,0,0,202611.01,0,0,202611.01,0,0,202611.01,0,0,202611.01,0,0,202611.01,0,0,202611.01,0,0,202611.01,0,0,202611.01,0,0,202611.01,0,0,204766.45,0,0,204766.45,0,0,204766.45,0,0,204766.45,0,0,202611.01,0,0,202611.01,0,0,202611.01,0,0,202611.01,0,0,202611.01,0,0,202611.01,0,0,202611.01,0,0,202611.01,0,0,202611.01,0,0,310452.35,0,0,202611.01,0,0,202611.01,0,0,202611.01,0,0,204766.45,0,0,202611.01,0,0,204766.45,0,0,202611.01
0,0,0,2020-04-20,COVCANCER,0,0,0,0,0,1,0,0,0,0,0,0,0,0,0,0,0,0,0,0,0,0,0,0,0,0,0,0,0,0,0,0,0,0,0,0,0,0,0,0,0,0,0,0,0,0,0,0,0,0,202611.01,0,0,202611.01,0,0,202611.01,0,0,204766.45,0,0,204766.45,55509.12,1405.37,309277.01,0,0,202611.01,0,0,202611.01,0,0,202611.01,0,0,202611.01,0,0,202611.01,0,0,202611.01,0,0,202611.01,0,0,202611.01,0,0,202611.01,0,0,202611.01,0,0,204766.45,0,0,204766.45,0,0,202611.01,0,0,202611.01,0,0,202611.01,0,0,202611.01,0,0,202611.01,0,0,202611.01,0,0,202611.01,0,0,202611.01,0,0,202611.01,0,0,204766.45,0,0,204766.45,0,0,204766.45,0,0,204766.45,0,0,202611.01,0,0,202611.01,0,0,202611.01,0,0,202611.01,0,0,202611.01,0,0,202611.01,0,0,202611.01,0,0,202611.01,0,0,202611.01,0,0,310452.35,0,0,202611.01,0,0,202611.01,0,0,202611.01,0,0,204766.45,0,0,202611.01,0,0,204766.45,0,0,202611.01
0,0,0,2020-04-27,COVCANCER,0,0,0,0,0,0,0,0,0,0,0,0,0,0,0,0,0,0,0,0,0,0,0,0,0,0,0,0,0,0,0,0,0,0,0,0,0,0,0,0,0,0,0,0,0,0,0,0,0,0,202611.01,0,0,202611.01,0,0,202611.01,0,0,204766.45,0,0,204766.45,0,0,206968.24,0,0,202611.01,0,0,202611.01,0,0,202611.01,0,0,202611.01,0,0,202611.01,0,0,202611.01,0,0,202611.01,0,0,202611.01,0,0,202611.01,0,0,202611.01,0,0,204766.45,0,0,204766.45,0,0,202611.01,0,0,202611.01,0,0,202611.01,0,0,202611.01,0,0,202611.01,0,0,202611.01,0,0,202611.01,0,0,202611.01,0,0,202611.01,0,0,204766.45,0,0,204766.45,0,0,204766.45,0,0,204766.45,0,0,202611.01,0,0,202611.01,0,0,202611.01,0,0,202611.01,0,0,202611.01,0,0,202611.01,0,0,202611.01,0,0,202611.01,0,0,202611.01,0,0,310452.35,0,0,202611.01,0,0,202611.01,0,0,202611.01,0,0,204766.45,0,0,202611.01,0,0,204766.45,0,0,202611.01
0,0,0,2020-05-04,COVCANCER,0,0,0,0,0,0,0,0,0,0,0,0,0,0,0,0,0,0,0,0,0,0,0,0,0,0,0,0,0,0,0,0,0,0,0,0,0,0,0,0,0,0,0,0,0,0,0,0,0,0,202611.01,0,0,202611.01,0,0,202611.01,0,0,204766.45,0,0,204766.45,0,0,206968.24,0,0,202611.01,0,0,202611.01,0,0,202611.01,0,0,202611.01,0,0,202611.01,0,0,202611.01,0,0,202611.01,0,0,202611.01,0,0,202611.01,0,0,202611.01,0,0,204766.45,0,0,204766.45,0,0,202611.01,0,0,202611.01,0,0,202611.01,0,0,202611.01,0,0,202611.01,0,0,202611.01,0,0,202611.01,0,0,202611.01,0,0,202611.01,0,0,204766.45,0,0,204766.45,0,0,204766.45,0,0,204766.45,0,0,202611.01,0,0,202611.01,0,0,202611.01,0,0,202611.01,0,0,202611.01,0,0,202611.01,0,0,202611.01,0,0,202611.01,0,0,202611.01,0,0,310452.35,0,0,202611.01,0,0,202611.01,0,0,202611.01,0,0,204766.45,0,0,202611.01,0,0,204766.45,0,0,202611.01
0,0,0,2020-05-11,COVCANCER,0,0,0,0,0,0,0,0,0,0,0,0,0,0,0,0,0,0,0,0,0,0,0,0,0,0,0,0,0,0,0,0,0,0,0,0,0,0,0,0,0,0,0,0,0,0,0,0,0,0,202611.01,0,0,202611.01,0,0,202611.01,0,0,204766.45,0,0,204766.45,0,0,206968.24,0,0,202611.01,0,0,202611.01,0,0,202611.01,0,0,202611.01,0,0,202611.01,0,0,202611.01,0,0,202611.01,0,0,202611.01,0,0,202611.01,0,0,202611.01,0,0,204766.45,0,0,204766.45,0,0,202611.01,0,0,202611.01,0,0,202611.01,0,0,202611.01,0,0,202611.01,0,0,202611.01,0,0,202611.01,0,0,202611.01,0,0,202611.01,0,0,204766.45,0,0,204766.45,0,0,204766.45,0,0,204766.45,0,0,202611.01,0,0,202611.01,0,0,202611.01,0,0,202611.01,0,0,202611.01,0,0,202611.01,0,0,202611.01,0,0,202611.01,0,0,202611.01,0,0,310452.35,0,0,202611.01,0,0,202611.01,0,0,202611.01,0,0,204766.45,0,0,202611.01,0,0,204766.45,0,0,202611.01
0,0,0,2020-05-18,COVCANCER,0,0,0,0,0,0,0,0,0,0,0,0,0,0,0,0,0,0,0,0,0,0,0,0,0,0,0,0,0,0,0,0,0,0,0,0,0,1,0,0,0,0,0,0,0,0,0,0,0,0,203837.1,0,0,203837.1,0,0,203837.1,0,0,206018.84,0,0,206018.84,0,0,208247.79,0,0,203837.1,0,0,203837.1,0,0,203837.1,0,0,203837.1,0,0,203837.1,0,0,203837.1,0,0,203837.1,0,0,203837.1,0,0,203837.1,0,0,203837.1,0,0,206018.84,0,0,206018.84,0,0,203837.1,0,0,203837.1,0,0,203837.1,0,0,203837.1,0,0,203837.1,0,0,203837.1,0,0,203837.1,0,0,203837.1,0,0,203837.1,0,0,206018.84,0,0,206018.84,0,0,206018.84,0,0,206018.84,0,0,203837.1,0,0,203837.1,0,0,203837.1,0,0,203837.1,0,0,203837.1,0,0,203837.1,0,0,203837.1,0,0,203837.1,0,0,203837.1,85941.18,2175.84,478833.59,0,0,203837.1,0,0,203837.1,0,0,203837.1,0,0,206018.84,0,0,203837.1,0,0,206018.84,0,0,203837.1
0,0,0,2020-05-25,COVCANCER,0,0,0,0,0,0,0,0,0,0,0,0,0,0,0,0,0,0,0,0,0,0,0,0,0,0,0,0,0,0,0,0,0,0,0,0,0,0,0,0,0,0,0,0,0,0,0,0,0,0,206018.84,0,0,206018.84,0,0,206018.84,0,0,208247.79,0,0,208247.79,0,0,210525.5,0,0,206018.84,0,0,206018.84,0,0,206018.84,0,0,206018.84,0,0,206018.84,0,0,206018.84,0,0,206018.84,0,0,206018.84,0,0,206018.84,0,0,206018.84,0,0,208247.79,0,0,208247.79,0,0,206018.84,0,0,206018.84,0,0,206018.84,0,0,206018.84,0,0,206018.84,0,0,206018.84,0,0,206018.84,0,0,206018.84,0,0,206018.84,0,0,208247.79,0,0,208247.79,0,0,208247.79,0,0,208247.79,0,0,206018.84,0,0,206018.84,0,0,206018.84,0,0,206018.84,0,0,206018.84,0,0,206018.84,0,0,206018.84,0,0,206018.84,0,0,206018.84,0,0,320800.77,0,0,206018.84,0,0,206018.84,0,0,206018.84,0,0,208247.79,0,0,206018.84,0,0,208247.79,0,0,206018.84
0,0,0,2020-06-01,COVCANCER,0,0,0,0,0,0,0,0,0,0,0,0,0,0,0,0,0,0,0,0,0,0,0,0,1,1,0,0,0,0,0,0,0,0,0,0,0,0,0,0,0,0,0,0,0,0,0,0,0,0,206968.24,0,0,206968.24,0,0,206968.24,0,0,209217.89,0,0,209217.89,0,0,211516.99,0,0,206968.24,0,0,206968.24,0,0,206968.24,0,0,206968.24,0,0,206968.24,0,0,206968.24,0,0,206968.24,0,0,206968.24,0,0,206968.24,0,0,206968.24,0,0,209217.89,0,0,209217.89,0,0,206968.24,0,0,206968.24,0,0,206968.24,0,0,206968.24,0,0,206968.24,0,0,206968.24,0,0,206968.24,0,0,206968.24,0,0,206968.24,56892.52,1440.39,316984.85,56892.52,1440.39,316984.85,0,0,209217.89,0,0,209217.89,0,0,206968.24,0,0,206968.24,0,0,206968.24,0,0,206968.24,0,0,206968.24,0,0,206968.24,0,0,206968.24,0,0,206968.24,0,0,206968.24,0,0,320800.77,0,0,206968.24,0,0,206968.24,0,0,206968.24,0,0,209217.89,0,0,206968.24,0,0,209217.89,0,0,206968.24
0,0,0,2020-06-08,COVCANCER,0,0,0,0,0,0,0,0,0,0,0,0,0,0,0,0,0,0,0,0,0,0,0,0,0,0,0,0,0,0,0,0,0,0,0,0,0,0,0,0,0,0,0,0,0,0,0,0,0,0,206968.24,0,0,206968.24,0,0,206968.24,0,0,209217.89,0,0,209217.89,0,0,211516.99,0,0,206968.24,0,0,206968.24,0,0,206968.24,0,0,206968.24,0,0,206968.24,0,0,206968.24,0,0,206968.24,0,0,206968.24,0,0,206968.24,0,0,206968.24,0,0,209217.89,0,0,209217.89,0,0,206968.24,0,0,206968.24,0,0,206968.24,0,0,206968.24,0,0,206968.24,0,0,206968.24,0,0,206968.24,0,0,206968.24,0,0,206968.24,0,0,211516.99,0,0,211516.99,0,0,209217.89,0,0,209217.89,0,0,206968.24,0,0,206968.24,0,0,206968.24,0,0,206968.24,0,0,206968.24,0,0,206968.24,0,0,206968.24,0,0,206968.24,0,0,206968.24,0,0,320800.77,0,0,206968.24,0,0,206968.24,0,0,206968.24,0,0,209217.89,0,0,206968.24,0,0,209217.89,0,0,206968.24
0,0,0,2020-06-15,COVCANCER,0,0,0,0,0,0,0,0,0,0,0,0,0,0,0,0,0,0,0,0,0,0,0,0,0,0,0,0,0,0,0,0,0,0,0,0,0,0,0,0,0,0,0,0,0,0,0,0,0,0,206968.24,0,0,206968.24,0,0,206968.24,0,0,209217.89,0,0,209217.89,0,0,211516.99,0,0,206968.24,0,0,206968.24,0,0,206968.24,0,0,206968.24,0,0,206968.24,0,0,206968.24,0,0,206968.24,0,0,206968.24,0,0,206968.24,0,0,206968.24,0,0,209217.89,0,0,209217.89,0,0,206968.24,0,0,206968.24,0,0,206968.24,0,0,206968.24,0,0,206968.24,0,0,206968.24,0,0,206968.24,0,0,206968.24,0,0,206968.24,0,0,211516.99,0,0,211516.99,0,0,209217.89,0,0,209217.89,0,0,206968.24,0,0,206968.24,0,0,206968.24,0,0,206968.24,0,0,206968.24,0,0,206968.24,0,0,206968.24,0,0,206968.24,0,0,206968.24,0,0,320800.77,0,0,206968.24,0,0,206968.24,0,0,206968.24,0,0,209217.89,0,0,206968.24,0,0,209217.89,0,0,206968.24
0,0,0,2020-06-22,COVCANCER,0,0,0,0,0,0,0,1,0,0,0,0,0,0,0,0,0,0,0,0,0,0,0,0,0,0,0,0,0,0,0,0,0,0,0,0,0,0,0,0,0,0,0,0,0,1,1,0,0,0,206968.24,0,0,206968.24,0,0,206968.24,0,0,209217.89,0,0,209217.89,0,0,211516.99,0,0,206968.24,56627.91,1433.69,315510.5,0,0,206968.24,0,0,206968.24,0,0,206968.24,0,0,206968.24,0,0,206968.24,0,0,206968.24,0,0,206968.24,0,0,206968.24,0,0,209217.89,0,0,209217.89,56715.84,1435.92,316000.43,56715.84,1435.92,316000.43,0,0,206968.24,0,0,206968.24,0,0,206968.24,0,0,206968.24,0,0,206968.24,0,0,206968.24,0,0,206968.24,0,0,211516.99,0,0,211516.99,0,0,209217.89,0,0,209217.89,0,0,206968.24,0,0,206968.24,0,0,206968.24,0,0,206968.24,0,0,206968.24,0,0,206968.24,0,0,206968.24,0,0,206968.24,0,0,206968.24,0,0,320800.77,0,0,206968.24,0,0,206968.24,0,0,206968.24,0,0,209217.89,0,0,206968.24,0,0,209217.89,0,0,206968.24
0,0,0,2020-06-29,COVCANCER,0,0,0,0,0,0,0,0,0,0,0,0,0,0,0,0,0,0,0,0,0,0,0,0,0,0,0,0,0,0,0,0,0,0,0,0,0,0,0,0,0,0,0,0,0,0,0,0,0,0,206968.24,0,0,206968.24,0,0,206968.24,0,0,209217.89,0,0,209217.89,0,0,211516.99,0,0,206968.24,0,0,209217.89,0,0,206968.24,0,0,206968.24,0,0,206968.24,0,0,206968.24,0,0,206968.24,0,0,206968.24,0,0,206968.24,0,0,206968.24,0,0,209217.89,0,0,209217.89,0,0,209217.89,0,0,209217.89,0,0,206968.24,0,0,206968.24,0,0,206968.24,0,0,206968.24,0,0,206968.24,0,0,206968.24,0,0,206968.24,0,0,211516.99,0,0,211516.99,0,0,209217.89,0,0,209217.89,0,0,206968.24,0,0,206968.24,0,0,206968.24,0,0,206968.24,0,0,206968.24,0,0,206968.24,0,0,206968.24,0,0,206968.24,0,0,206968.24,0,0,320800.77,0,0,206968.24,0,0,206968.24,0,0,206968.24,0,0,209217.89,0,0,206968.24,0,0,209217.89,0,0,206968.24
0,0,0,2020-07-06,COVCANCER,0,0,0,0,0,0,0,0,0,0,0,0,0,0,0,0,0,0,0,0,0,0,0,0,0,0,0,0,0,0,0,0,0,0,0,0,0,0,0,0,0,0,0,0,0,0,0,0,0,0,206968.24,0,0,206968.24,0,0,206968.24,0,0,209217.89,0,0,209217.89,0,0,211516.99,0,0,206968.24,0,0,209217.89,0,0,206968.24,0,0,206968.24,0,0,206968.24,0,0,206968.24,0,0,206968.24,0,0,206968.24,0,0,206968.24,0,0,206968.24,0,0,209217.89,0,0,209217.89,0,0,209217.89,0,0,209217.89,0,0,206968.24,0,0,206968.24,0,0,206968.24,0,0,206968.24,0,0,206968.24,0,0,206968.24,0,0,206968.24,0,0,211516.99,0,0,211516.99,0,0,209217.89,0,0,209217.89,0,0,206968.24,0,0,206968.24,0,0,206968.24,0,0,206968.24,0,0,206968.24,0,0,206968.24,0,0,206968.24,0,0,206968.24,0,0,206968.24,0,0,320800.77,0,0,206968.24,0,0,206968.24,0,0,206968.24,0,0,209217.89,0,0,206968.24,0,0,209217.89,0,0,206968.24
0,0,0,2020-07-13,COVCANCER,0,0,0,0,0,0,0,0,0,0,0,0,0,0,0,0,0,0,0,0,0,0,0,0,0,0,0,0,0,0,0,0,0,0,0,0,0,0,0,0,0,0,0,0,0,0,0,0,0,0,208570.16,0,0,208570.16,0,0,208570.16,0,0,210854.96,0,0,210854.96,0,0,211516.99,0,0,208570.16,0,0,209217.89,0,0,208570.16,0,0,208570.16,0,0,208570.16,0,0,208570.16,0,0,208570.16,0,0,208570.16,0,0,208570.16,0,0,208570.16,0,0,210854.96,0,0,210854.96,0,0,209217.89,0,0,209217.89,0,0,208570.16,0,0,208570.16,0,0,208570.16,0,0,208570.16,0,0,208570.16,0,0,208570.16,0,0,208570.16,0,0,211516.99,0,0,211516.99,0,0,210854.96,0,0,210854.96,0,0,208570.16,0,0,208570.16,0,0,208570.16,0,0,208570.16,0,0,208570.16,0,0,208570.16,0,0,208570.16,0,0,208570.16,0,0,208570.16,0,0,320800.77,0,0,208570.16,0,0,208570.16,0,0,208570.16,0,0,210854.96,0,0,208570.16,0,0,210854.96,0,0,208570.16
0,0,0,2020-07-20,COVCANCER,0,0,0,0,0,0,0,0,0,0,0,0,0,0,0,0,0,0,0,0,0,0,0,0,0,0,0,0,0,0,0,0,0,0,0,0,0,0,0,0,0,0,0,0,0,0,0,0,0,0,209217.89,0,0,209217.89,0,0,209217.89,0,0,211516.99,0,0,211516.99,0,0,211516.99,0,0,209217.89,0,0,209217.89,0,0,209217.89,0,0,209217.89,0,0,209217.89,0,0,209217.89,0,0,209217.89,0,0,209217.89,0,0,209217.89,0,0,209217.89,0,0,211516.99,0,0,211516.99,0,0,209217.89,0,0,209217.89,0,0,209217.89,0,0,209217.89,0,0,209217.89,0,0,209217.89,0,0,209217.89,0,0,209217.89,0,0,209217.89,0,0,211516.99,0,0,211516.99,0,0,211516.99,0,0,211516.99,0,0,209217.89,0,0,209217.89,0,0,209217.89,0,0,209217.89,0,0,209217.89,0,0,209217.89,0,0,209217.89,0,0,209217.89,0,0,209217.89,0,0,320800.77,0,0,209217.89,0,0,209217.89,0,0,209217.89,0,0,211516.99,0,0,209217.89,0,0,211516.99,0,0,209217.89
0,0,0,2020-07-27,COVCANCER,0,0,0,0,0,0,0,0,0,0,0,0,0,0,0,0,0,0,0,0,0,0,0,0,0,0,0,0,0,0,0,0,0,0,0,0,0,0,0,0,0,0,0,0,0,0,0,0,0,0,209217.89,0,0,209217.89,0,0,209217.89,0,0,211516.99,0,0,211516.99,0,0,211516.99,0,0,209217.89,0,0,209217.89,0,0,209217.89,0,0,209217.89,0,0,209217.89,0,0,209217.89,0,0,209217.89,0,0,209217.89,0,0,209217.89,0,0,209217.89,0,0,211516.99,0,0,211516.99,0,0,209217.89,0,0,209217.89,0,0,209217.89,0,0,209217.89,0,0,209217.89,0,0,209217.89,0,0,209217.89,0,0,209217.89,0,0,209217.89,0,0,211516.99,0,0,211516.99,0,0,211516.99,0,0,211516.99,0,0,209217.89,0,0,209217.89,0,0,209217.89,0,0,209217.89,0,0,209217.89,0,0,209217.89,0,0,209217.89,0,0,209217.89,0,0,209217.89,0,0,320800.77,0,0,209217.89,0,0,209217.89,0,0,209217.89,0,0,211516.99,0,0,209217.89,0,0,211516.99,0,0,209217.89
0,0,0,2020-08-03,COVCANCER,0,0,0,0,0,0,0,0,0,0,0,0,0,0,0,0,0,0,0,0,0,0,0,0,0,0,0,0,0,0,0,0,0,0,0,0,0,0,0,0,0,0,0,0,0,0,0,0,0,0,209217.89,0,0,209217.89,0,0,209217.89,0,0,211516.99,0,0,211516.99,0,0,211516.99,0,0,209217.89,0,0,209217.89,0,0,209217.89,0,0,209217.89,0,0,209217.89,0,0,209217.89,0,0,209217.89,0,0,209217.89,0,0,209217.89,0,0,209217.89,0,0,211516.99,0,0,211516.99,0,0,209217.89,0,0,209217.89,0,0,209217.89,0,0,209217.89,0,0,209217.89,0,0,209217.89,0,0,209217.89,0,0,209217.89,0,0,209217.89,0,0,211516.99,0,0,211516.99,0,0,211516.99,0,0,211516.99,0,0,209217.89,0,0,209217.89,0,0,209217.89,0,0,209217.89,0,0,209217.89,0,0,209217.89,0,0,209217.89,0,0,209217.89,0,0,209217.89,0,0,320800.77,0,0,209217.89,0,0,209217.89,0,0,209217.89,0,0,211516.99,0,0,209217.89,0,0,211516.99,0,0,209217.89
0,0,0,2020-08-10,COVCANCER,0,0,0,0,0,0,0,0,0,0,0,0,0,0,0,0,0,0,0,0,0,0,0,0,0,0,0,0,0,0,0,0,0,0,0,0,0,0,0,0,0,0,0,0,0,0,0,0,0,0,209217.89,0,0,209217.89,0,0,209217.89,0,0,211516.99,0,0,211516.99,0,0,211516.99,0,0,209217.89,0,0,209217.89,0,0,209217.89,0,0,209217.89,0,0,209217.89,0,0,209217.89,0,0,209217.89,0,0,209217.89,0,0,209217.89,0,0,209217.89,0,0,211516.99,0,0,211516.99,0,0,209217.89,0,0,209217.89,0,0,209217.89,0,0,209217.89,0,0,209217.89,0,0,209217.89,0,0,209217.89,0,0,209217.89,0,0,209217.89,0,0,211516.99,0,0,211516.99,0,0,211516.99,0,0,211516.99,0,0,209217.89,0,0,209217.89,0,0,209217.89,0,0,209217.89,0,0,209217.89,0,0,209217.89,0,0,209217.89,0,0,209217.89,0,0,209217.89,0,0,320800.77,0,0,209217.89,0,0,209217.89,0,0,209217.89,0,0,211516.99,0,0,209217.89,0,0,211516.99,0,0,209217.89
0,0,0,2020-08-17,COVCANCER,0,0,0,0,0,0,0,0,0,0,0,0,0,0,0,0,0,0,0,0,0,0,0,0,0,0,0,0,0,0,0,0,0,0,0,0,0,0,0,0,0,0,0,0,0,0,0,0,0,0,209217.89,0,0,209217.89,0,0,209217.89,0,0,211516.99,0,0,211516.99,0,0,211516.99,0,0,209217.89,0,0,209217.89,0,0,209217.89,0,0,209217.89,0,0,209217.89,0,0,209217.89,0,0,209217.89,0,0,209217.89,0,0,209217.89,0,0,209217.89,0,0,211516.99,0,0,211516.99,0,0,209217.89,0,0,209217.89,0,0,209217.89,0,0,209217.89,0,0,209217.89,0,0,209217.89,0,0,209217.89,0,0,209217.89,0,0,209217.89,0,0,211516.99,0,0,211516.99,0,0,211516.99,0,0,211516.99,0,0,209217.89,0,0,209217.89,0,0,209217.89,0,0,209217.89,0,0,209217.89,0,0,209217.89,0,0,209217.89,0,0,209217.89,0,0,209217.89,0,0,320800.77,0,0,209217.89,0,0,209217.89,0,0,209217.89,0,0,211516.99,0,0,209217.89,0,0,211516.99,0,0,209217.89
0,0,0,2020-08-24,COVCANCER,0,0,0,0,0,0,0,0,0,0,0,0,0,0,0,0,0,0,0,0,0,0,0,0,0,0,0,0,0,0,0,0,0,0,0,0,0,0,0,0,0,0,0,0,0,0,0,0,0,0,209217.89,0,0,209217.89,0,0,209217.89,0,0,211516.99,0,0,211516.99,0,0,211516.99,0,0,209217.89,0,0,209217.89,0,0,209217.89,0,0,209217.89,0,0,209217.89,0,0,209217.89,0,0,209217.89,0,0,209217.89,0,0,209217.89,0,0,209217.89,0,0,211516.99,0,0,211516.99,0,0,209217.89,0,0,209217.89,0,0,209217.89,0,0,209217.89,0,0,209217.89,0,0,209217.89,0,0,209217.89,0,0,209217.89,0,0,209217.89,0,0,211516.99,0,0,211516.99,0,0,211516.99,0,0,211516.99,0,0,209217.89,0,0,209217.89,0,0,209217.89,0,0,209217.89,0,0,209217.89,0,0,209217.89,0,0,209217.89,0,0,209217.89,0,0,209217.89,0,0,320800.77,0,0,209217.89,0,0,209217.89,0,0,209217.89,0,0,211516.99,0,0,209217.89,0,0,211516.99,0,0,209217.89
0,0,0,2020-08-31,COVCANCER,0,0,0,0,0,0,0,0,0,0,0,0,0,0,0,0,0,0,0,0,0,0,0,0,0,0,0,0,0,0,0,0,0,0,0,0,0,0,0,0,0,0,0,0,0,0,0,0,0,0,209217.89,0,0,209217.89,0,0,209217.89,0,0,211516.99,0,0,211516.99,0,0,211516.99,0,0,209217.89,0,0,209217.89,0,0,209217.89,0,0,209217.89,0,0,209217.89,0,0,209217.89,0,0,209217.89,0,0,209217.89,0,0,209217.89,0,0,209217.89,0,0,211516.99,0,0,211516.99,0,0,209217.89,0,0,209217.89,0,0,209217.89,0,0,209217.89,0,0,209217.89,0,0,209217.89,0,0,209217.89,0,0,209217.89,0,0,209217.89,0,0,211516.99,0,0,211516.99,0,0,211516.99,0,0,211516.99,0,0,209217.89,0,0,209217.89,0,0,209217.89,0,0,209217.89,0,0,209217.89,0,0,209217.89,0,0,209217.89,0,0,209217.89,0,0,209217.89,0,0,320800.77,0,0,209217.89,0,0,209217.89,0,0,209217.89,0,0,211516.99,0,0,209217.89,0,0,211516.99,0,0,209217.89
0,0,0,2020-09-07,COVCANCER,0,0,0,0,0,0,0,0,0,0,0,0,0,0,0,0,0,0,0,0,0,0,0,0,0,0,0,0,0,0,0,0,0,0,0,0,0,0,0,0,0,0,0,0,0,0,0,0,0,0,209217.89,0,0,209217.89,0,0,209217.89,0,0,211516.99,0,0,211516.99,0,0,211516.99,0,0,209217.89,0,0,209217.89,0,0,209217.89,0,0,209217.89,0,0,209217.89,0,0,209217.89,0,0,209217.89,0,0,209217.89,0,0,209217.89,0,0,209217.89,0,0,211516.99,0,0,211516.99,0,0,209217.89,0,0,209217.89,0,0,209217.89,0,0,209217.89,0,0,209217.89,0,0,209217.89,0,0,209217.89,0,0,209217.89,0,0,209217.89,0,0,211516.99,0,0,211516.99,0,0,211516.99,0,0,211516.99,0,0,209217.89,0,0,209217.89,0,0,209217.89,0,0,209217.89,0,0,209217.89,0,0,209217.89,0,0,209217.89,0,0,209217.89,0,0,209217.89,0,0,320800.77,0,0,209217.89,0,0,209217.89,0,0,209217.89,0,0,211516.99,0,0,209217.89,0,0,211516.99,0,0,209217.89
0,0,0,2020-09-14,COVCANCER,0,0,0,0,0,0,0,0,0,0,0,0,0,0,0,0,0,0,0,0,0,0,0,0,0,0,0,0,0,0,0,0,0,0,0,0,0,0,0,0,0,0,0,0,0,0,0,0,0,0,209217.89,0,0,209217.89,0,0,209217.89,0,0,211516.99,0,0,211516.99,0,0,211516.99,0,0,209217.89,0,0,209217.89,0,0,209217.89,0,0,209217.89,0,0,209217.89,0,0,209217.89,0,0,209217.89,0,0,209217.89,0,0,209217.89,0,0,209217.89,0,0,211516.99,0,0,211516.99,0,0,209217.89,0,0,209217.89,0,0,209217.89,0,0,209217.89,0,0,209217.89,0,0,209217.89,0,0,209217.89,0,0,209217.89,0,0,209217.89,0,0,211516.99,0,0,211516.99,0,0,211516.99,0,0,211516.99,0,0,209217.89,0,0,209217.89,0,0,209217.89,0,0,209217.89,0,0,209217.89,0,0,209217.89,0,0,209217.89,0,0,209217.89,0,0,209217.89,0,0,320800.77,0,0,209217.89,0,0,209217.89,0,0,209217.89,0,0,211516.99,0,0,209217.89,0,0,211516.99,0,0,209217.89
0,0,0,2020-09-21,COVCANCER,0,0,0,0,0,0,0,0,0,0,0,0,0,0,0,0,0,0,0,0,0,0,0,0,0,0,0,0,0,0,0,0,0,0,0,0,0,0,0,0,0,0,0,0,0,0,0,0,0,0,210525.5,0,0,210525.5,0,0,210525.5,0,0,212853.59,0,0,212853.59,0,0,212853.59,0,0,210525.5,0,0,210525.5,0,0,210525.5,0,0,210525.5,0,0,210525.5,0,0,210525.5,0,0,210525.5,0,0,210525.5,0,0,210525.5,0,0,210525.5,0,0,212853.59,0,0,212853.59,0,0,210525.5,0,0,210525.5,0,0,210525.5,0,0,210525.5,0,0,210525.5,0,0,210525.5,0,0,210525.5,0,0,210525.5,0,0,210525.5,0,0,212853.59,0,0,212853.59,0,0,212853.59,0,0,212853.59,0,0,210525.5,0,0,210525.5,0,0,210525.5,0,0,210525.5,0,0,210525.5,0,0,210525.5,0,0,210525.5,0,0,210525.5,0,0,210525.5,0,0,322335.7,0,0,210525.5,0,0,210525.5,0,0,210525.5,0,0,212853.59,0,0,210525.5,0,0,212853.59,0,0,210525.5
0,0,0,2020-09-28,COVCANCER,0,0,0,0,0,0,0,0,0,0,0,0,0,0,0,0,0,0,0,0,0,0,0,0,0,0,0,0,0,0,0,0,0,0,0,0,0,0,0,0,0,0,0,0,0,0,0,0,0,0,213867.18,0,0,213867.18,0,0,213867.18,0,0,216270.18,0,0,216270.18,0,0,216270.18,0,0,213867.18,0,0,213867.18,0,0,213867.18,0,0,213867.18,0,0,213867.18,0,0,213867.18,0,0,213867.18,0,0,213867.18,0,0,213867.18,0,0,213867.18,0,0,216270.18,0,0,216270.18,0,0,213867.18,0,0,213867.18,0,0,213867.18,0,0,213867.18,0,0,213867.18,0,0,213867.18,0,0,213867.18,0,0,213867.18,0,0,213867.18,0,0,216270.18,0,0,216270.18,0,0,216270.18,0,0,216270.18,0,0,213867.18,0,0,213867.18,0,0,213867.18,0,0,213867.18,0,0,213867.18,0,0,213867.18,0,0,213867.18,0,0,213867.18,0,0,213867.18,0,0,326238.07,0,0,213867.18,0,0,213867.18,0,0,213867.18,0,0,216270.18,0,0,213867.18,0,0,216270.18,0,0,213867.18
0,0,0,2020-10-05,COVCANCER,0,0,0,0,0,0,0,0,0,0,0,0,0,0,0,0,0,0,0,0,0,0,0,0,0,0,0,0,0,0,0,0,0,0,0,0,0,1,0,0,1,0,0,0,0,0,0,0,0,0,214548.28,0,0,214548.28,0,0,214548.28,0,0,216966.7,0,0,216966.7,0,0,216966.7,0,0,214548.28,0,0,214548.28,0,0,214548.28,0,0,214548.28,0,0,214548.28,0,0,214548.28,0,0,214548.28,0,0,214548.28,0,0,214548.28,0,0,214548.28,0,0,216966.7,0,0,216966.7,0,0,214548.28,0,0,214548.28,0,0,214548.28,0,0,214548.28,0,0,214548.28,0,0,214548.28,0,0,214548.28,0,0,214548.28,0,0,214548.28,0,0,216966.7,0,0,216966.7,0,0,216966.7,0,0,216966.7,0,0,214548.28,0,0,214548.28,0,0,214548.28,0,0,214548.28,0,0,214548.28,0,0,214548.28,0,0,214548.28,0,0,214548.28,0,0,214548.28,89085.37,2255.45,496351.89,0,0,214548.28,0,0,214548.28,58160.83,1472.5,324051.39,0,0,216966.7,0,0,214548.28,0,0,216966.7,0,0,214548.28
0,0,0,2020-10-12,COVCANCER,0,0,0,0,0,0,0,0,0,0,0,0,0,0,0,0,0,0,0,0,0,0,0,0,0,0,0,0,0,0,0,0,0,0,0,0,0,0,0,0,1,0,0,0,0,0,0,0,0,0,216270.18,0,0,216270.18,0,0,216270.18,0,0,218727.8,0,0,218727.8,0,0,218727.8,0,0,216270.18,0,0,216270.18,0,0,216270.18,0,0,216270.18,0,0,216270.18,0,0,216270.18,0,0,216270.18,0,0,216270.18,0,0,216270.18,0,0,216270.18,0,0,218727.8,0,0,218727.8,0,0,216270.18,0,0,216270.18,0,0,216270.18,0,0,216270.18,0,0,216270.18,0,0,216270.18,0,0,216270.18,0,0,216270.18,0,0,216270.18,0,0,218727.8,0,0,218727.8,0,0,218727.8,0,0,218727.8,0,0,216270.18,0,0,216270.18,0,0,216270.18,0,0,216270.18,0,0,216270.18,0,0,216270.18,0,0,216270.18,0,0,216270.18,0,0,216270.18,0,0,331862.86,0,0,216270.18,0,0,216270.18,58627.61,1484.32,326652.13,0,0,218727.8,0,0,216270.18,0,0,218727.8,0,0,216270.18
0,0,0,2020-10-19,COVCANCER,0,0,0,0,0,0,0,0,0,0,0,0,0,0,0,0,0,0,0,0,0,0,0,0,0,0,0,0,0,0,0,0,0,0,0,0,0,1,0,0,0,0,0,0,0,0,0,0,0,0,218727.8,0,0,218727.8,0,0,218727.8,0,0,221241.91,0,0,221241.91,0,0,221241.91,0,0,218727.8,0,0,218727.8,0,0,218727.8,0,0,218727.8,0,0,218727.8,0,0,218727.8,0,0,218727.8,0,0,218727.8,0,0,218727.8,0,0,218727.8,0,0,221241.91,0,0,221241.91,0,0,218727.8,0,0,218727.8,0,0,218727.8,0,0,218727.8,0,0,218727.8,0,0,218727.8,0,0,218727.8,0,0,218727.8,0,0,218727.8,0,0,221241.91,0,0,221241.91,0,0,221241.91,0,0,221241.91,0,0,218727.8,0,0,218727.8,0,0,218727.8,0,0,218727.8,0,0,218727.8,0,0,218727.8,0,0,218727.8,0,0,218727.8,0,0,218727.8,92468.35,2341.1,515200.7,0,0,218727.8,0,0,218727.8,0,0,218727.8,0,0,221241.91,0,0,218727.8,0,0,221241.91,0,0,218727.8
0,0,0,2020-10-26,COVCANCER,0,0,0,0,0,0,0,0,0,0,0,0,0,0,0,0,0,0,0,0,0,0,0,0,0,0,0,0,0,0,0,0,0,0,0,0,0,0,0,0,0,0,0,0,0,0,0,0,0,0,218727.8,0,0,218727.8,0,0,218727.8,0,0,221241.91,0,0,221241.91,0,0,221241.91,0,0,218727.8,0,0,218727.8,0,0,218727.8,0,0,218727.8,0,0,218727.8,0,0,218727.8,0,0,218727.8,0,0,218727.8,0,0,218727.8,0,0,218727.8,0,0,221241.91,0,0,221241.91,0,0,218727.8,0,0,218727.8,0,0,218727.8,0,0,218727.8,0,0,218727.8,0,0,218727.8,0,0,218727.8,0,0,218727.8,0,0,218727.8,0,0,221241.91,0,0,221241.91,0,0,221241.91,0,0,221241.91,0,0,218727.8,0,0,218727.8,0,0,218727.8,0,0,218727.8,0,0,218727.8,0,0,218727.8,0,0,218727.8,0,0,218727.8,0,0,218727.8,0,0,343715.11,0,0,218727.8,0,0,218727.8,0,0,218727.8,0,0,221241.91,0,0,218727.8,0,0,221241.91,0,0,218727.8
0,0,0,2020-11-02,COVCANCER,0,0,0,0,0,0,0,0,0,0,0,0,0,0,0,0,0,0,0,0,0,0,0,0,0,0,0,0,0,0,0,0,0,0,0,0,0,0,0,0,0,0,0,0,0,0,0,0,0,0,218727.8,0,0,218727.8,0,0,218727.8,0,0,221241.91,0,0,221241.91,0,0,221241.91,0,0,218727.8,0,0,218727.8,0,0,218727.8,0,0,218727.8,0,0,218727.8,0,0,218727.8,0,0,218727.8,0,0,218727.8,0,0,218727.8,0,0,218727.8,0,0,221241.91,0,0,221241.91,0,0,218727.8,0,0,218727.8,0,0,218727.8,0,0,218727.8,0,0,218727.8,0,0,218727.8,0,0,218727.8,0,0,218727.8,0,0,218727.8,0,0,221241.91,0,0,221241.91,0,0,221241.91,0,0,221241.91,0,0,218727.8,0,0,218727.8,0,0,218727.8,0,0,218727.8,0,0,218727.8,0,0,218727.8,0,0,218727.8,0,0,218727.8,0,0,218727.8,0,0,343715.11,0,0,218727.8,0,0,218727.8,0,0,218727.8,0,0,221241.91,0,0,218727.8,0,0,221241.91,0,0,218727.8
0,0,0,2020-11-09,COVCANCER,0,0,0,0,0,0,0,0,0,0,0,0,0,0,0,0,0,0,0,0,0,0,0,0,0,0,0,0,0,0,0,0,0,0,0,0,0,0,0,0,0,0,0,0,0,0,0,0,0,0,218727.8,0,0,218727.8,0,0,218727.8,0,0,221241.91,0,0,221241.91,0,0,221241.91,0,0,218727.8,0,0,218727.8,0,0,218727.8,0,0,218727.8,0,0,218727.8,0,0,218727.8,0,0,218727.8,0,0,218727.8,0,0,218727.8,0,0,218727.8,0,0,221241.91,0,0,221241.91,0,0,218727.8,0,0,218727.8,0,0,218727.8,0,0,218727.8,0,0,218727.8,0,0,218727.8,0,0,218727.8,0,0,218727.8,0,0,218727.8,0,0,221241.91,0,0,221241.91,0,0,221241.91,0,0,221241.91,0,0,218727.8,0,0,218727.8,0,0,218727.8,0,0,218727.8,0,0,218727.8,0,0,218727.8,0,0,218727.8,0,0,218727.8,0,0,218727.8,0,0,343715.11,0,0,218727.8,0,0,218727.8,0,0,218727.8,0,0,221241.91,0,0,218727.8,0,0,221241.91,0,0,218727.8
0,0,0,2020-11-16,COVCANCER,0,0,0,0,0,0,0,0,0,0,0,0,0,0,0,0,0,0,0,0,0,0,0,0,0,0,0,0,0,0,0,0,0,0,0,0,0,0,0,0,0,0,0,0,0,0,0,0,0,0,219083.45,0,0,219083.45,0,0,219083.45,0,0,221605.79,0,0,221605.79,0,0,221605.79,0,0,219083.45,0,0,219083.45,0,0,219083.45,0,0,219083.45,0,0,219083.45,0,0,219083.45,0,0,219083.45,0,0,219083.45,0,0,219083.45,0,0,219083.45,0,0,221605.79,0,0,221605.79,0,0,219083.45,0,0,219083.45,0,0,219083.45,0,0,219083.45,0,0,219083.45,0,0,219083.45,0,0,219083.45,0,0,219083.45,0,0,219083.45,0,0,221605.79,0,0,221605.79,0,0,221605.79,0,0,221605.79,0,0,219083.45,0,0,219083.45,0,0,219083.45,0,0,219083.45,0,0,219083.45,0,0,219083.45,0,0,219083.45,0,0,219083.45,0,0,219083.45,0,0,344594.17,0,0,219083.45,0,0,219083.45,0,0,219083.45,0,0,221605.79,0,0,219083.45,0,0,221605.79,0,0,219083.45
0,0,0,2020-11-23,COVCANCER,0,0,0,0,0,0,0,0,0,0,0,0,0,0,0,0,0,0,0,0,0,0,0,0,0,0,0,0,0,0,0,0,0,0,0,0,0,0,0,0,0,0,0,0,0,0,0,0,0,0,221241.91,0,0,221241.91,0,0,221241.91,0,0,223814.49,0,0,223814.49,0,0,223814.49,0,0,221241.91,0,0,221241.91,0,0,221241.91,0,0,221241.91,0,0,221241.91,0,0,221241.91,0,0,221241.91,0,0,221241.91,0,0,221241.91,0,0,221241.91,0,0,223814.49,0,0,223814.49,0,0,221241.91,0,0,221241.91,0,0,221241.91,0,0,221241.91,0,0,221241.91,0,0,221241.91,0,0,221241.91,0,0,221241.91,0,0,221241.91,0,0,223814.49,0,0,223814.49,0,0,223814.49,0,0,223814.49,0,0,221241.91,0,0,221241.91,0,0,221241.91,0,0,221241.91,0,0,221241.91,0,0,221241.91,0,0,221241.91,0,0,221241.91,0,0,221241.91,0,0,349964.47,0,0,221241.91,0,0,221241.91,0,0,221241.91,0,0,223814.49,0,0,221241.91,0,0,223814.49,0,0,221241.91
0,0,0,2020-11-30,COVCANCER,0,0,0,0,0,0,0,0,0,0,0,0,0,0,0,0,0,0,0,0,0,0,0,0,0,0,0,0,0,0,0,0,0,0,0,0,0,2,0,0,0,0,0,0,0,0,0,0,0,0,221241.91,0,0,221241.91,0,0,221241.91,0,0,223814.49,0,0,223814.49,0,0,223814.49,0,0,221241.91,0,0,221241.91,0,0,221241.91,0,0,221241.91,0,0,221241.91,0,0,221241.91,0,0,221241.91,0,0,221241.91,0,0,221241.91,0,0,221241.91,0,0,223814.49,0,0,223814.49,0,0,221241.91,0,0,221241.91,0,0,221241.91,0,0,221241.91,0,0,221241.91,0,0,221241.91,0,0,221241.91,0,0,221241.91,0,0,221241.91,0,0,223814.49,0,0,223814.49,0,0,223814.49,0,0,223814.49,0,0,221241.91,0,0,221241.91,0,0,221241.91,0,0,221241.91,0,0,221241.91,0,0,221241.91,0,0,221241.91,0,0,221241.91,0,0,221241.91,194281.91,23528.44,701813.08,0,0,221241.91,0,0,221241.91,0,0,221241.91,0,0,223814.49,0,0,221241.91,0,0,223814.49,0,0,221241.91
0,0,0,2020-12-07,COVCANCER,0,0,0,0,0,0,0,0,0,0,0,0,0,0,0,0,0,0,0,0,0,0,0,0,0,0,0,0,0,0,0,0,0,0,0,0,0,0,0,0,0,0,0,0,0,0,0,0,0,0,221241.91,0,0,221241.91,0,0,221241.91,0,0,223814.49,0,0,223814.49,0,0,223814.49,0,0,221241.91,0,0,221241.91,0,0,221241.91,0,0,221241.91,0,0,221241.91,0,0,221241.91,0,0,221241.91,0,0,221241.91,0,0,221241.91,0,0,221241.91,0,0,223814.49,0,0,223814.49,0,0,221241.91,0,0,221241.91,0,0,221241.91,0,0,221241.91,0,0,221241.91,0,0,221241.91,0,0,221241.91,0,0,221241.91,0,0,221241.91,0,0,223814.49,0,0,223814.49,0,0,223814.49,0,0,223814.49,0,0,221241.91,0,0,221241.91,0,0,221241.91,0,0,221241.91,0,0,221241.91,0,0,221241.91,0,0,221241.91,0,0,221241.91,0,0,221241.91,0,0,363170.68,0,0,221241.91,0,0,221241.91,0,0,221241.91,0,0,223814.49,0,0,221241.91,0,0,223814.49,0,0,221241.91
0,0,0,2020-12-14,COVCANCER,0,0,0,0,0,0,0,0,0,0,0,0,0,0,0,0,0,0,0,0,0,0,0,0,0,0,0,0,0,0,0,0,0,0,0,0,0,1,0,0,0,0,0,0,0,0,0,0,0,0,221241.91,0,0,221241.91,0,0,221241.91,0,0,223814.49,0,0,223814.49,0,0,223814.49,0,0,221241.91,0,0,221241.91,0,0,221241.91,0,0,221241.91,0,0,221241.91,0,0,221241.91,0,0,221241.91,0,0,221241.91,0,0,221241.91,0,0,221241.91,0,0,223814.49,0,0,223814.49,0,0,221241.91,0,0,221241.91,0,0,221241.91,0,0,221241.91,0,0,221241.91,0,0,221241.91,0,0,221241.91,0,0,221241.91,0,0,221241.91,0,0,223814.49,0,0,223814.49,0,0,223814.49,0,0,223814.49,0,0,221241.91,0,0,221241.91,0,0,221241.91,0,0,221241.91,0,0,221241.91,0,0,221241.91,0,0,221241.91,0,0,221241.91,0,0,221241.91,99252.72,2512.86,553000.75,0,0,221241.91,0,0,221241.91,0,0,221241.91,0,0,223814.49,0,0,221241.91,0,0,223814.49,0,0,221241.91
0,0,0,2020-12-21,COVCANCER,0,0,0,0,0,0,0,0,0,0,0,0,0,0,0,0,0,0,0,0,0,0,0,0,0,0,0,0,0,0,0,0,0,0,0,0,0,1,0,0,0,0,0,0,0,0,0,0,0,0,221241.91,0,0,221241.91,0,0,221241.91,0,0,223814.49,0,0,223814.49,0,0,223814.49,0,0,221241.91,0,0,221241.91,0,0,221241.91,0,0,221241.91,0,0,221241.91,0,0,221241.91,0,0,221241.91,0,0,221241.91,0,0,221241.91,0,0,221241.91,0,0,223814.49,0,0,223814.49,0,0,221241.91,0,0,221241.91,0,0,221241.91,0,0,221241.91,0,0,221241.91,0,0,221241.91,0,0,221241.91,0,0,221241.91,0,0,221241.91,0,0,223814.49,0,0,223814.49,0,0,223814.49,0,0,223814.49,0,0,221241.91,0,0,221241.91,0,0,221241.91,0,0,221241.91,0,0,221241.91,0,0,221241.91,0,0,221241.91,0,0,221241.91,0,0,221241.91,102025.14,2583.05,568447.7,0,0,221241.91,0,0,221241.91,0,0,221241.91,0,0,223814.49,0,0,221241.91,0,0,223814.49,0,0,221241.91
0,0,0,2020-12-28,COVCANCER,0,0,0,0,0,0,0,0,0,0,0,0,0,0,0,0,0,0,0,0,0,0,0,0,0,0,0,0,0,0,0,0,0,0,0,0,0,2,0,0,0,0,0,0,0,0,0,0,0,0,221241.91,0,0,221241.91,0,0,221241.91,0,0,223814.49,0,0,223814.49,0,0,223814.49,0,0,221241.91,0,0,221241.91,0,0,221241.91,0,0,221241.91,0,0,221241.91,0,0,221241.91,0,0,221241.91,0,0,221241.91,0,0,221241.91,0,0,221241.91,0,0,223814.49,0,0,223814.49,0,0,221241.91,0,0,221241.91,0,0,221241.91,0,0,221241.91,0,0,221241.91,0,0,221241.91,0,0,221241.91,0,0,221241.91,0,0,221241.91,0,0,223814.49,0,0,223814.49,0,0,223814.49,0,0,223814.49,0,0,221241.91,0,0,221241.91,0,0,221241.91,0,0,221241.91,0,0,221241.91,0,0,221241.91,0,0,221241.91,0,0,221241.91,0,0,221241.91,208714.29,25276.27,753947.76,0,0,221241.91,0,0,221241.91,0,0,221241.91,0,0,223814.49,0,0,221241.91,0,0,223814.49,0,0,221241.91
0,0,0,2021-01-04,COVCANCER,0,0,0,0,0,0,0,0,0,0,0,0,0,0,0,0,0,0,0,0,0,0,0,0,0,0,0,0,0,0,0,0,0,0,0,0,0,0,0,0,0,0,0,0,0,0,0,0,0,0,221970.88,0,0,221970.88,0,0,221970.88,0,0,224560.54,0,0,224560.54,0,0,224560.54,0,0,221970.88,0,0,221970.88,0,0,221970.88,0,0,221970.88,0,0,221970.88,0,0,221970.88,0,0,221970.88,0,0,221970.88,0,0,221970.88,0,0,221970.88,0,0,224560.54,0,0,224560.54,0,0,221970.88,0,0,221970.88,0,0,221970.88,0,0,221970.88,0,0,221970.88,0,0,221970.88,0,0,221970.88,0,0,221970.88,0,0,221970.88,0,0,224560.54,0,0,224560.54,0,0,224560.54,0,0,224560.54,0,0,221970.88,0,0,221970.88,0,0,221970.88,0,0,221970.88,0,0,221970.88,0,0,221970.88,0,0,221970.88,0,0,221970.88,0,0,221970.88,0,0,395121.18,0,0,221970.88,0,0,221970.88,0,0,221970.88,0,0,224560.54,0,0,221970.88,0,0,224560.54,0,0,221970.88
0,0,0,2021-01-11,COVCANCER,0,0,0,0,0,0,0,0,0,0,0,0,0,0,0,0,0,0,0,0,0,0,0,0,0,0,0,0,0,0,0,0,0,0,0,0,0,2,0,0,0,0,0,0,0,0,0,0,0,0,224560.54,0,0,224560.54,0,0,224560.54,0,0,227211.34,0,0,227211.34,0,0,227211.34,0,0,224560.54,0,0,224560.54,0,0,224560.54,0,0,224560.54,0,0,224560.54,0,0,224560.54,0,0,224560.54,0,0,224560.54,0,0,224560.54,0,0,224560.54,0,0,227211.34,0,0,227211.34,0,0,224560.54,0,0,224560.54,0,0,224560.54,0,0,224560.54,0,0,224560.54,0,0,224560.54,0,0,224560.54,0,0,224560.54,0,0,224560.54,0,0,227211.34,0,0,227211.34,0,0,227211.34,0,0,227211.34,0,0,224560.54,0,0,224560.54,0,0,224560.54,0,0,224560.54,0,0,224560.54,0,0,224560.54,0,0,224560.54,0,0,224560.54,0,0,224560.54,219369.37,26566.65,792437.59,0,0,224560.54,0,0,224560.54,0,0,224560.54,0,0,227211.34,0,0,224560.54,0,0,227211.34,0,0,224560.54
0,0,0,2021-01-18,COVCANCER,0,0,0,0,0,0,0,0,0,0,0,0,0,0,0,0,0,0,0,0,0,0,0,0,0,0,0,0,0,0,0,0,0,0,0,0,0,3,0,0,0,0,0,0,0,0,0,0,0,0,226447.6,0,0,226447.6,0,0,226447.6,0,0,229143.4,0,0,229143.4,0,0,229143.4,0,0,226447.6,0,0,226447.6,0,0,226447.6,0,0,226447.6,0,0,226447.6,0,0,226447.6,0,0,226447.6,0,0,226447.6,0,0,226447.6,0,0,226447.6,0,0,229143.4,0,0,229143.4,0,0,226447.6,0,0,226447.6,0,0,226447.6,0,0,226447.6,0,0,226447.6,0,0,226447.6,0,0,226447.6,0,0,226447.6,0,0,226447.6,0,0,229143.4,0,0,229143.4,0,0,229143.4,0,0,229143.4,0,0,226447.6,0,0,226447.6,0,0,226447.6,0,0,226447.6,0,0,226447.6,0,0,226447.6,0,0,226447.6,0,0,226447.6,0,0,226447.6,346756.33,71509.49,1013369.14,0,0,226447.6,0,0,226447.6,0,0,226447.6,0,0,229143.4,0,0,226447.6,0,0,229143.4,0,0,226447.6
0,0,0,2021-01-25,COVCANCER,0,0,0,0,0,0,0,0,0,0,0,0,0,0,0,0,0,0,0,0,0,0,0,0,0,0,0,0,0,0,0,0,0,0,0,0,0,2,0,0,0,0,0,0,0,0,0,0,0,0,226447.6,0,0,226447.6,0,0,226447.6,0,0,229143.4,0,0,229143.4,0,0,229143.4,0,0,226447.6,0,0,226447.6,0,0,226447.6,0,0,226447.6,0,0,226447.6,0,0,226447.6,0,0,226447.6,0,0,226447.6,0,0,226447.6,0,0,226447.6,0,0,229143.4,0,0,229143.4,0,0,226447.6,0,0,226447.6,0,0,226447.6,0,0,226447.6,0,0,226447.6,0,0,226447.6,0,0,226447.6,0,0,226447.6,0,0,226447.6,0,0,229143.4,0,0,229143.4,0,0,229143.4,0,0,229143.4,0,0,226447.6,0,0,226447.6,0,0,226447.6,0,0,226447.6,0,0,226447.6,0,0,226447.6,0,0,226447.6,0,0,226447.6,0,0,226447.6,250171.23,30296.9,903704.51,0,0,226447.6,0,0,226447.6,0,0,226447.6,0,0,229143.4,0,0,226447.6,0,0,229143.4,0,0,226447.6
0,0,0,2021-02-01,COVCANCER,0,0,0,0,0,0,0,0,0,0,0,0,0,0,0,0,0,0,0,0,0,0,0,0,0,0,0,0,0,0,0,0,0,0,0,0,0,1,0,0,0,0,0,0,0,0,0,0,0,0,226447.6,0,0,226447.6,0,0,226447.6,0,0,229143.4,0,0,229143.4,0,0,229143.4,0,0,226447.6,0,0,226447.6,0,0,226447.6,0,0,226447.6,0,0,226447.6,0,0,226447.6,0,0,226447.6,0,0,226447.6,0,0,226447.6,0,0,226447.6,0,0,229143.4,0,0,229143.4,0,0,226447.6,0,0,226447.6,0,0,226447.6,0,0,226447.6,0,0,226447.6,0,0,226447.6,0,0,226447.6,0,0,226447.6,0,0,226447.6,0,0,229143.4,0,0,229143.4,0,0,229143.4,0,0,229143.4,0,0,226447.6,0,0,226447.6,0,0,226447.6,0,0,226447.6,0,0,226447.6,0,0,226447.6,0,0,226447.6,0,0,226447.6,0,0,226447.6,129521.28,3279.19,721646.36,0,0,226447.6,0,0,226447.6,0,0,226447.6,0,0,229143.4,0,0,226447.6,0,0,229143.4,0,0,226447.6
0,0,0,2021-02-08,COVCANCER,0,0,0,0,0,0,0,0,0,0,0,0,0,0,0,0,0,0,0,0,0,0,0,0,0,0,0,0,0,0,0,0,0,0,0,0,0,0,0,0,0,0,0,0,0,0,0,0,0,0,227595.14,0,0,227595.14,0,0,227595.14,0,0,230318.5,0,0,230318.5,0,0,230318.5,0,0,227595.14,0,0,227595.14,0,0,227595.14,0,0,227595.14,0,0,227595.14,0,0,227595.14,0,0,227595.14,0,0,227595.14,0,0,227595.14,0,0,227595.14,0,0,230318.5,0,0,230318.5,0,0,227595.14,0,0,227595.14,0,0,227595.14,0,0,227595.14,0,0,227595.14,0,0,227595.14,0,0,227595.14,0,0,227595.14,0,0,227595.14,0,0,230318.5,0,0,230318.5,0,0,230318.5,0,0,230318.5,0,0,227595.14,0,0,227595.14,0,0,227595.14,0,0,227595.14,0,0,227595.14,0,0,227595.14,0,0,227595.14,0,0,227595.14,0,0,227595.14,0,0,486412.72,0,0,227595.14,0,0,227595.14,0,0,227595.14,0,0,230318.5,0,0,227595.14,0,0,230318.5,0,0,227595.14
0,0,0,2021-02-15,COVCANCER,0,0,0,0,0,0,0,0,0,0,0,0,0,0,0,0,0,0,0,0,0,0,0,0,0,0,0,0,0,0,0,0,0,0,0,0,0,0,0,0,0,0,0,0,0,0,0,0,0,0,234732.27,0,0,234732.27,0,0,234732.27,0,0,237630.2,0,0,237630.2,0,0,237630.2,0,0,234732.27,0,0,234732.27,0,0,234732.27,0,0,234732.27,0,0,234732.27,0,0,234732.27,0,0,234732.27,0,0,234732.27,0,0,234732.27,0,0,234732.27,0,0,237630.2,0,0,237630.2,0,0,234732.27,0,0,234732.27,0,0,234732.27,0,0,234732.27,0,0,234732.27,0,0,234732.27,0,0,234732.27,0,0,234732.27,0,0,234732.27,0,0,237630.2,0,0,237630.2,0,0,237630.2,0,0,237630.2,0,0,234732.27,0,0,234732.27,0,0,234732.27,0,0,234732.27,0,0,234732.27,0,0,234732.27,0,0,234732.27,0,0,234732.27,0,0,234732.27,0,0,506527.53,0,0,234732.27,0,0,234732.27,0,0,234732.27,0,0,237630.2,0,0,234732.27,0,0,237630.2,0,0,234732.27
0,0,0,2021-02-22,COVCANCER,0,0,0,0,0,0,0,0,0,0,0,0,0,0,0,0,0,0,0,0,0,0,0,0,0,0,0,0,0,0,0,0,0,0,0,0,0,0,0,0,0,0,0,0,0,0,0,0,0,0,237630.2,0,0,237630.2,0,0,237630.2,0,0,240600.58,0,0,240600.58,0,0,240600.58,0,0,237630.2,0,0,237630.2,0,0,237630.2,0,0,237630.2,0,0,237630.2,0,0,237630.2,0,0,237630.2,0,0,237630.2,0,0,237630.2,0,0,237630.2,0,0,240600.58,0,0,240600.58,0,0,237630.2,0,0,237630.2,0,0,237630.2,0,0,237630.2,0,0,237630.2,0,0,237630.2,0,0,237630.2,0,0,237630.2,0,0,237630.2,0,0,240600.58,0,0,240600.58,0,0,240600.58,0,0,240600.58,0,0,237630.2,0,0,237630.2,0,0,237630.2,0,0,237630.2,0,0,237630.2,0,0,237630.2,0,0,237630.2,0,0,237630.2,0,0,237630.2,0,0,506527.53,0,0,237630.2,0,0,237630.2,0,0,237630.2,0,0,240600.58,0,0,237630.2,0,0,240600.58,0,0,237630.2
0,0,0,2021-03-01,COVCANCER,0,0,0,0,0,0,0,0,0,0,0,0,0,0,0,0,0,0,0,0,0,0,0,0,0,0,0,0,0,0,0,0,0,0,0,0,0,0,0,0,0,0,0,0,0,0,0,0,0,0,243646.15,0,0,243646.15,0,0,243646.15,0,0,246769.82,0,0,246769.82,0,0,246769.82,0,0,243646.15,0,0,243646.15,0,0,243646.15,0,0,243646.15,0,0,243646.15,0,0,243646.15,0,0,243646.15,0,0,243646.15,0,0,243646.15,0,0,243646.15,0,0,246769.82,0,0,246769.82,0,0,243646.15,0,0,243646.15,0,0,243646.15,0,0,243646.15,0,0,243646.15,0,0,243646.15,0,0,243646.15,0,0,243646.15,0,0,243646.15,0,0,246769.82,0,0,246769.82,0,0,246769.82,0,0,246769.82,0,0,243646.15,0,0,243646.15,0,0,243646.15,0,0,243646.15,0,0,243646.15,0,0,243646.15,0,0,243646.15,0,0,243646.15,0,0,243646.15,0,0,506527.53,0,0,243646.15,0,0,243646.15,0,0,243646.15,0,0,246769.82,0,0,243646.15,0,0,246769.82,0,0,243646.15
0,0,0,2021-03-08,COVCANCER,0,0,0,0,0,0,0,0,0,0,0,0,0,0,0,0,0,0,0,0,0,0,0,0,0,0,0,0,0,0,0,0,0,0,0,0,0,0,0,0,0,0,0,0,0,0,0,0,0,0,244530.53,0,0,244530.53,0,0,244530.53,0,0,247677.06,0,0,247677.06,0,0,247677.06,0,0,244530.53,0,0,244530.53,0,0,244530.53,0,0,244530.53,0,0,244530.53,0,0,244530.53,0,0,244530.53,0,0,244530.53,0,0,244530.53,0,0,244530.53,0,0,247677.06,0,0,247677.06,0,0,244530.53,0,0,244530.53,0,0,244530.53,0,0,244530.53,0,0,244530.53,0,0,244530.53,0,0,244530.53,0,0,244530.53,0,0,244530.53,0,0,247677.06,0,0,247677.06,0,0,247677.06,0,0,247677.06,0,0,244530.53,0,0,244530.53,0,0,244530.53,0,0,244530.53,0,0,244530.53,0,0,244530.53,0,0,244530.53,0,0,244530.53,0,0,244530.53,0,0,506527.53,0,0,244530.53,0,0,244530.53,0,0,244530.53,0,0,247677.06,0,0,244530.53,0,0,247677.06,0,0,244530.53
0,0,0,2021-03-15,COVCANCER,0,0,0,0,0,0,0,0,0,0,0,0,0,0,0,0,0,0,0,0,0,0,0,0,0,0,0,0,0,0,0,0,0,0,0,0,0,0,0,0,0,0,0,0,0,0,0,0,0,0,263156.88,0,0,263156.88,0,0,263156.88,0,0,263671.86,0,0,264707.9,0,0,264707.9,0,0,263156.88,0,0,263156.88,0,0,263156.88,0,0,263156.88,0,0,263156.88,0,0,263156.88,0,0,263156.88,0,0,263156.88,0,0,263156.88,0,0,263156.88,0,0,264707.9,0,0,264707.9,0,0,263156.88,0,0,263156.88,0,0,263156.88,0,0,263156.88,0,0,263156.88,0,0,263156.88,0,0,263156.88,0,0,263156.88,0,0,263156.88,0,0,266804.6,0,0,266804.6,0,0,266804.6,0,0,266804.6,0,0,263156.88,0,0,263156.88,0,0,263156.88,0,0,263156.88,0,0,263156.88,0,0,263156.88,0,0,263156.88,0,0,263156.88,0,0,263156.88,0,0,559071.88,0,0,263156.88,0,0,263156.88,0,0,263156.88,0,0,266804.6,0,0,263156.88,0,0,266804.6,0,0,263156.88
0,0,0,2021-03-22,COVCANCER,0,0,0,0,0,0,0,0,0,0,0,0,0,0,0,0,0,0,0,0,0,0,0,0,0,0,0,0,0,0,0,0,0,0,0,0,0,0,0,0,0,0,0,0,0,0,0,0,0,0,281286.68,0,0,281286.68,0,0,281286.68,0,0,281286.68,0,0,281286.68,0,0,281286.68,0,0,281286.68,0,0,281286.68,0,0,281286.68,0,0,281286.68,0,0,281286.68,0,0,281286.68,0,0,281286.68,0,0,281286.68,0,0,281286.68,0,0,281286.68,0,0,281286.68,0,0,281286.68,0,0,281286.68,0,0,281286.68,0,0,281286.68,0,0,281286.68,0,0,281286.68,0,0,281286.68,0,0,281286.68,0,0,281286.68,0,0,281286.68,0,0,285458.31,0,0,285458.31,0,0,285458.31,0,0,285458.31,0,0,281286.68,0,0,281286.68,0,0,281286.68,0,0,281286.68,0,0,281286.68,0,0,281286.68,0,0,281286.68,0,0,281286.68,0,0,281286.68,0,0,583274.12,0,0,281286.68,0,0,281286.68,0,0,281286.68,0,0,285458.31,0,0,281286.68,0,0,285458.31,0,0,281286.68
0,0,0,2021-03-29,COVCANCER,0,0,0,0,0,0,0,0,0,0,0,0,0,0,0,0,0,0,0,0,0,0,0,0,0,0,0,0,0,0,0,0,0,0,0,0,0,0,0,0,0,0,0,0,0,0,0,0,0,0,300080.9,0,0,300080.9,0,0,300080.9,0,0,300080.9,0,0,300080.9,0,0,300080.9,0,0,300080.9,0,0,300080.9,0,0,300080.9,0,0,300080.9,0,0,300080.9,0,0,300080.9,0,0,300080.9,0,0,300080.9,0,0,300080.9,0,0,300080.9,0,0,300080.9,0,0,300080.9,0,0,300080.9,0,0,300080.9,0,0,300080.9,0,0,300080.9,0,0,300080.9,0,0,300080.9,0,0,300080.9,0,0,300080.9,0,0,300080.9,0,0,304833.31,0,0,304833.31,0,0,304833.31,0,0,304833.31,0,0,300080.9,0,0,300080.9,0,0,300080.9,0,0,300080.9,0,0,300080.9,0,0,300080.9,0,0,300080.9,0,0,300080.9,0,0,300080.9,0,0,596178.42,0,0,300080.9,0,0,300080.9,0,0,300080.9,0,0,304833.31,0,0,300080.9,0,0,304833.31,0,0,300080.9
0,0,0,2021-04-05,COVCANCER,0,0,0,0,0,0,0,0,0,0,0,0,0,0,0,0,0,0,0,0,0,0,0,0,0,0,0,0,0,0,0,0,0,0,0,0,0,0,0,0,0,0,0,0,0,0,0,0,0,0,348155.87,0,0,348155.87,0,0,348155.87,0,0,348155.87,0,0,348155.87,0,0,348155.87,0,0,348155.87,0,0,348155.87,0,0,348155.87,0,0,348155.87,0,0,348155.87,0,0,348155.87,0,0,348155.87,0,0,348155.87,0,0,348155.87,0,0,348155.87,0,0,348155.87,0,0,348155.87,0,0,348155.87,0,0,348155.87,0,0,348155.87,0,0,348155.87,0,0,348155.87,0,0,348155.87,0,0,348155.87,0,0,348155.87,0,0,348155.87,0,0,354569.27,0,0,354569.27,0,0,354569.27,0,0,354569.27,0,0,348155.87,0,0,348155.87,0,0,348155.87,0,0,348155.87,0,0,348155.87,0,0,348155.87,0,0,348155.87,0,0,348155.87,0,0,348155.87,0,0,612437.83,0,0,348155.87,0,0,348155.87,0,0,348155.87,0,0,354569.27,0,0,348155.87,0,0,354569.27,0,0,348155.87
0,0,0,2021-04-12,COVCANCER,0,0,0,0,0,0,0,0,0,0,0,0,0,0,0,0,0,0,0,0,0,0,0,0,0,0,0,0,0,0,0,0,0,0,0,0,0,0,0,0,0,0,0,0,0,0,0,0,0,0,383864.17,0,0,383864.17,0,0,383864.17,0,0,383864.17,0,0,383864.17,0,0,383864.17,0,0,383864.17,0,0,383864.17,0,0,383864.17,0,0,383864.17,0,0,383864.17,0,0,383864.17,0,0,383864.17,0,0,383864.17,0,0,383864.17,0,0,383864.17,0,0,383864.17,0,0,383864.17,0,0,383864.17,0,0,383864.17,0,0,383864.17,0,0,383864.17,0,0,383864.17,0,0,383864.17,0,0,383864.17,0,0,383864.17,0,0,383864.17,0,0,391675.35,0,0,391675.35,0,0,391675.35,0,0,391675.35,0,0,383864.17,0,0,383864.17,0,0,383864.17,0,0,383864.17,0,0,383864.17,0,0,383864.17,0,0,383864.17,0,0,383864.17,0,0,383864.17,0,0,647770.78,0,0,383864.17,0,0,383864.17,0,0,383864.17,0,0,391675.35,0,0,383864.17,0,0,391675.35,0,0,383864.17
0,0,0,2021-04-19,COVCANCER,0,0,0,0,0,0,0,0,0,0,0,0,0,0,0,0,0,0,0,0,0,0,0,0,0,0,0,0,0,0,0,0,0,0,0,0,0,0,0,0,0,0,0,0,0,0,0,0,0,0,412037.68,0,0,412037.68,0,0,412037.68,0,0,412037.68,0,0,412037.68,0,0,412037.68,0,0,412037.68,0,0,412037.68,0,0,412037.68,0,0,412037.68,0,0,412037.68,0,0,412037.68,0,0,412037.68,0,0,412037.68,0,0,412037.68,0,0,412037.68,0,0,412037.68,0,0,412037.68,0,0,412037.68,0,0,412037.68,0,0,412037.68,0,0,412037.68,0,0,412037.68,0,0,412037.68,0,0,412037.68,0,0,412037.68,0,0,412037.68,0,0,421051.01,0,0,421051.01,0,0,421051.01,0,0,421051.01,0,0,412037.68,0,0,412037.68,0,0,412037.68,0,0,412037.68,0,0,412037.68,0,0,412037.68,0,0,412037.68,0,0,412037.68,0,0,412037.68,0,0,673681.61,0,0,412037.68,0,0,412037.68,0,0,412037.68,0,0,421051.01,0,0,412037.68,0,0,421051.01,0,0,412037.68
0,0,0,2021-04-26,COVCANCER,0,0,0,0,0,0,0,0,0,0,0,0,0,0,0,0,0,0,0,0,0,0,0,0,0,0,0,0,0,0,0,0,0,0,0,0,0,0,0,0,0,0,0,0,0,0,0,0,0,0,441758.43,0,0,441758.43,0,0,441758.43,0,0,441758.43,0,0,441758.43,0,0,441758.43,0,0,441758.43,0,0,441758.43,0,0,441758.43,0,0,441758.43,0,0,441758.43,0,0,441758.43,0,0,441758.43,0,0,441758.43,0,0,441758.43,0,0,441758.43,0,0,441758.43,0,0,441758.43,0,0,441758.43,0,0,441758.43,0,0,441758.43,0,0,441758.43,0,0,441758.43,0,0,441758.43,0,0,441758.43,0,0,441758.43,0,0,441758.43,0,0,452135.31,0,0,452135.31,0,0,452135.31,0,0,452135.31,0,0,441758.43,0,0,441758.43,0,0,441758.43,0,0,441758.43,0,0,441758.43,0,0,441758.43,0,0,441758.43,0,0,441758.43,0,0,441758.43,0,0,720515.09,0,0,441758.43,0,0,441758.43,0,0,441758.43,0,0,452135.31,0,0,441758.43,0,0,452135.31,0,0,441758.43
0,0,0,2021-05-03,COVCANCER,0,0,0,0,0,0,0,0,0,0,0,0,0,0,0,0,0,0,0,0,0,0,0,0,0,0,0,0,0,0,0,0,0,0,0,0,0,0,0,0,0,0,0,0,0,0,0,0,0,0,497182,0,0,497182,0,0,497182,0,0,497182,0,0,497182,0,0,497182,0,0,497182,0,0,497182,0,0,497182,0,0,497182,0,0,497182,0,0,497182,0,0,497182,0,0,497182,0,0,497182,0,0,497182,0,0,497182,0,0,497182,0,0,497182,0,0,497182,0,0,497182,0,0,497182,0,0,497182,0,0,497182,0,0,497182,0,0,497182,0,0,497182,0,0,510364.86,0,0,510364.86,0,0,510364.86,0,0,510364.86,0,0,497182,0,0,497182,0,0,497182,0,0,497182,0,0,497182,0,0,497182,0,0,497182,0,0,497182,0,0,497182,0,0,778822.67,0,0,497182,0,0,497182,0,0,497182,0,0,510364.86,0,0,497182,0,0,510364.86,0,0,497182
0,0,0,2021-05-10,COVCANCER,0,0,0,0,0,0,0,0,0,0,0,0,0,0,0,0,0,0,0,0,0,0,0,0,0,0,0,0,0,0,0,0,0,0,0,0,0,0,0,0,0,0,0,0,0,0,0,0,0,0,606920.37,0,0,606920.37,0,0,606920.37,0,0,606920.37,0,0,606920.37,0,0,606920.37,0,0,606920.37,0,0,606920.37,0,0,606920.37,0,0,606920.37,0,0,606920.37,0,0,606920.37,0,0,606920.37,0,0,606920.37,0,0,606920.37,0,0,606920.37,0,0,606920.37,0,0,606920.37,0,0,606920.37,0,0,606920.37,0,0,606920.37,0,0,606920.37,0,0,606920.37,0,0,606920.37,0,0,606920.37,0,0,606920.37,0,0,606920.37,0,0,626680.57,0,0,626680.57,0,0,626680.57,0,0,626680.57,0,0,606920.37,0,0,606920.37,0,0,606920.37,0,0,606920.37,0,0,606920.37,0,0,606920.37,0,0,606920.37,0,0,606920.37,0,0,606920.37,0,0,863694.37,0,0,606920.37,0,0,606920.37,0,0,606920.37,0,0,626680.57,0,0,606920.37,0,0,626680.57,0,0,606920.37
0,0,0,2021-05-17,COVCANCER,0,0,0,0,0,0,0,0,0,0,0,0,0,0,0,0,0,0,0,0,0,0,0,0,0,0,0,0,0,0,0,0,0,0,0,0,0,1,0,0,0,0,0,0,0,0,0,0,0,0,677066.95,0,0,677066.95,0,0,677066.95,0,0,677066.95,0,0,677066.95,0,0,677066.95,0,0,677066.95,0,0,677066.95,0,0,677066.95,0,0,677066.95,0,0,677066.95,0,0,677066.95,0,0,677066.95,0,0,677066.95,0,0,677066.95,0,0,677066.95,0,0,677066.95,0,0,677066.95,0,0,677066.95,0,0,677066.95,0,0,677066.95,0,0,677066.95,0,0,677066.95,0,0,677066.95,0,0,677066.95,0,0,677066.95,0,0,677066.95,0,0,701751.68,0,0,701751.68,0,0,701751.68,0,0,701751.68,0,0,677066.95,0,0,677066.95,0,0,677066.95,0,0,677066.95,0,0,677066.95,0,0,677066.95,0,0,677066.95,0,0,677066.95,0,0,677066.95,243500,6164.89,1356695.17,0,0,677066.95,0,0,677066.95,0,0,677066.95,0,0,701751.68,0,0,677066.95,0,0,701751.68,0,0,677066.95
0,0,0,2021-05-24,COVCANCER,0,0,0,0,0,0,0,0,0,0,0,0,0,0,0,0,0,0,0,0,0,0,0,0,0,0,0,0,0,0,0,0,0,0,0,0,0,0,0,0,0,0,0,0,0,0,0,0,0,0,774346.68,0,0,774346.68,0,0,774346.68,0,0,774346.68,0,0,774346.68,0,0,774346.68,0,0,774346.68,0,0,774346.68,0,0,774346.68,0,0,774346.68,0,0,774346.68,0,0,774346.68,0,0,774346.68,0,0,774346.68,0,0,774346.68,0,0,774346.68,0,0,774346.68,0,0,774346.68,0,0,774346.68,0,0,774346.68,0,0,774346.68,0,0,774346.68,0,0,774346.68,0,0,774346.68,0,0,774346.68,0,0,774346.68,0,0,774346.68,0,0,806804.32,0,0,806804.32,0,0,806804.32,0,0,806804.32,0,0,774346.68,0,0,774346.68,0,0,774346.68,0,0,774346.68,0,0,774346.68,0,0,774346.68,0,0,774346.68,0,0,774346.68,0,0,774346.68,0,0,998046.83,0,0,774346.68,0,0,774346.68,0,0,774346.68,0,0,806804.32,0,0,774346.68,0,0,806804.32,0,0,774346.68
0,0,0,2021-05-31,COVCANCER,0,0,0,0,0,0,0,0,0,0,0,0,0,0,0,0,0,0,0,0,0,0,0,0,0,0,0,0,0,0,0,0,0,0,0,0,0,0,0,0,0,0,0,0,0,0,0,0,0,0,935668.9,0,0,935668.9,0,0,935668.9,0,0,935668.9,0,0,935668.9,0,0,935668.9,0,0,935668.9,0,0,935668.9,0,0,935668.9,0,0,935668.9,0,0,935668.9,0,0,935668.9,0,0,935668.9,0,0,935668.9,0,0,935668.9,0,0,935668.9,0,0,935668.9,0,0,935668.9,0,0,935668.9,0,0,935668.9,0,0,935668.9,0,0,935668.9,0,0,935668.9,0,0,935668.9,0,0,935668.9,0,0,935668.9,0,0,935668.9,0,0,983476.8,0,0,983476.8,0,0,983476.8,0,0,983476.8,0,0,935668.9,0,0,935668.9,0,0,935668.9,0,0,935668.9,0,0,935668.9,0,0,935668.9,0,0,935668.9,0,0,935668.9,0,0,935668.9,0,0,1236113.05,0,0,935668.9,0,0,935668.9,0,0,935668.9,0,0,983476.8,0,0,935668.9,0,0,983476.8,0,0,935668.9
0,0,0,2021-06-07,COVCANCER,0,0,0,0,0,0,0,0,0,0,0,0,0,0,0,0,0,0,0,0,0,0,0,0,0,0,0,0,0,0,0,0,0,0,0,0,0,0,0,0,0,0,0,0,0,0,0,0,0,0,1013055.05,0,0,1013055.05,0,0,1013055.05,0,0,1013055.05,0,0,1013055.05,0,0,1013055.05,0,0,1013055.05,0,0,1013055.05,0,0,1013055.05,0,0,1013055.05,0,0,1013055.05,0,0,1013055.05,0,0,1013055.05,0,0,1013055.05,0,0,1013055.05,0,0,1013055.05,0,0,1013055.05,0,0,1013055.05,0,0,1013055.05,0,0,1013055.05,0,0,1013055.05,0,0,1013055.05,0,0,1013055.05,0,0,1013055.05,0,0,1013055.05,0,0,1013055.05,0,0,1013055.05,0,0,1069335.89,0,0,1069335.89,0,0,1069335.89,0,0,1069335.89,0,0,1013055.05,0,0,1013055.05,0,0,1013055.05,0,0,1013055.05,0,0,1013055.05,0,0,1013055.05,0,0,1013055.05,0,0,1013055.05,0,0,1013055.05,0,0,1374860.43,0,0,1013055.05,0,0,1013055.05,0,0,1013055.05,0,0,1069335.89,0,0,1013055.05,0,0,1069335.89,0,0,1013055.05
0,0,0,2021-06-14,COVCANCER,0,0,0,0,0,0,0,0,0,0,0,0,0,0,0,0,0,0,0,0,0,0,0,0,0,0,0,0,0,0,0,0,0,0,0,0,0,0,0,0,0,0,0,0,0,0,0,0,0,0,1060915.92,0,0,1060915.92,0,0,1060915.92,0,0,1060915.92,0,0,1060915.92,0,0,1060915.92,0,0,1060915.92,0,0,1060915.92,0,0,1060915.92,0,0,1060915.92,0,0,1060915.92,0,0,1060915.92,0,0,1060915.92,0,0,1060915.92,0,0,1060915.92,0,0,1060915.92,0,0,1060915.92,0,0,1060915.92,0,0,1060915.92,0,0,1060915.92,0,0,1060915.92,0,0,1060915.92,0,0,1060915.92,0,0,1060915.92,0,0,1060915.92,0,0,1060915.92,0,0,1060915.92,0,0,1122802.68,0,0,1122802.68,0,0,1122802.68,0,0,1122802.68,0,0,1060915.92,0,0,1060915.92,0,0,1060915.92,0,0,1060915.92,0,0,1060915.92,0,0,1060915.92,0,0,1060915.92,0,0,1060915.92,0,0,1060915.92,0,0,1464525.24,0,0,1060915.92,0,0,1060915.92,0,0,1060915.92,0,0,1122802.68,0,0,1060915.92,0,0,1122802.68,0,0,1060915.92
0,0,0,2021-06-21,COVCANCER,0,0,0,0,0,0,0,0,0,0,0,0,0,0,0,0,0,0,0,0,0,0,0,0,0,0,0,0,0,0,0,0,0,0,0,0,0,0,0,0,0,0,0,0,0,0,0,0,0,0,1069335.89,0,0,1069335.89,0,0,1069335.89,0,0,1069335.89,0,0,1069335.89,0,0,1069335.89,0,0,1069335.89,0,0,1069335.89,0,0,1069335.89,0,0,1069335.89,0,0,1069335.89,0,0,1069335.89,0,0,1069335.89,0,0,1069335.89,0,0,1069335.89,0,0,1069335.89,0,0,1069335.89,0,0,1069335.89,0,0,1069335.89,0,0,1069335.89,0,0,1069335.89,0,0,1069335.89,0,0,1069335.89,0,0,1069335.89,0,0,1069335.89,0,0,1069335.89,0,0,1069335.89,0,0,1132238,0,0,1132238,0,0,1132238,0,0,1132238,0,0,1069335.89,0,0,1069335.89,0,0,1069335.89,0,0,1069335.89,0,0,1069335.89,0,0,1069335.89,0,0,1069335.89,0,0,1069335.89,0,0,1069335.89,0,0,1480618.92,0,0,1069335.89,0,0,1069335.89,0,0,1069335.89,0,0,1132238,0,0,1069335.89,0,0,1132238,0,0,1069335.89
0,0,0,2021-06-28,COVCANCER,0,0,0,0,0,0,0,0,0,0,0,0,0,0,0,0,0,0,0,0,0,0,0,0,0,0,0,0,0,0,0,0,0,0,0,0,0,0,0,0,0,0,0,0,0,0,0,0,0,0,2495117.08,0,0,2495117.08,0,0,2495117.08,0,0,2495117.08,0,0,2495117.08,0,0,2495117.08,0,0,2495117.08,0,0,2495117.08,0,0,2495117.08,0,0,2495117.08,0,0,2495117.08,0,0,2495117.08,0,0,2495117.08,0,0,2495117.08,0,0,2495117.08,0,0,2495117.08,0,0,2495117.08,0,0,2495117.08,0,0,2495117.08,0,0,2495117.08,0,0,2495117.08,0,0,2495117.08,0,0,2495117.08,0,0,2495117.08,0,0,2495117.08,0,0,2495117.08,0,0,2495117.08,0,0,2641888.67,0,0,2641888.67,0,0,2641888.67,0,0,2641888.67,0,0,2495117.08,0,0,2495117.08,0,0,2495117.08,0,0,2495117.08,0,0,2495117.08,0,0,2495117.08,0,0,2495117.08,0,0,2495117.08,0,0,2495117.08,0,0,3454777.49,0,0,2495117.08,0,0,2495117.08,0,0,2495117.08,0,0,2641888.67,0,0,2495117.08,0,0,2641888.67,0,0,2495117.08
0,1,Moderna,2021-03-29,COVCANCER,0,0,0,0,0,0,0,0,0,0,0,0,0,0,0,0,0,0,0,0,0,0,0,0,0,0,0,0,0,0,0,0,0,0,0,0,0,0,0,0,0,0,0,0,0,0,0,0,0,0,6416015.34,0,0,6416015.34,0,0,6416015.34,0,0,6416015.34,0,0,6416015.34,0,0,6416015.34,0,0,6416015.34,0,0,6416015.34,0,0,6416015.34,0,0,6416015.34,0,0,6416015.34,0,0,6416015.34,0,0,6416015.34,0,0,6416015.34,0,0,6416015.34,0,0,6416015.34,0,0,6416015.34,0,0,6416015.34,0,0,6416015.34,0,0,6416015.34,0,0,6416015.34,0,0,6416015.34,0,0,6416015.34,0,0,6416015.34,0,0,6416015.34,0,0,6416015.34,0,0,6416015.34,0,0,6416015.34,0,0,6416015.34,0,0,6416015.34,0,0,6416015.34,0,0,6416015.34,0,0,6416015.34,0,0,6416015.34,0,0,6416015.34,0,0,6416015.34,0,0,6416015.34,0,0,6416015.34,0,0,6416015.34,0,0,6416015.34,0,0,11228026.84,0,0,6416015.34,0,0,6416015.34,0,0,6416015.34,0,0,6416015.34,0,0,6416015.34,0,0,6416015.34,0,0,6416015.34
0,1,Moderna,2021-04-05,COVCANCER,0,0,0,0,0,0,0,0,0,0,0,0,0,0,0,0,0,0,0,0,0,0,0,0,0,0,0,0,0,0,0,0,0,0,0,0,0,0,0,0,0,0,0,0,0,0,0,0,0,0,2591083.12,0,0,2591083.12,0,0,2591083.12,0,0,2591083.12,0,0,2591083.12,0,0,2591083.12,0,0,2591083.12,0,0,2591083.12,0,0,2591083.12,0,0,2591083.12,0,0,2591083.12,0,0,2591083.12,0,0,2591083.12,0,0,2591083.12,0,0,2591083.12,0,0,2591083.12,0,0,2591083.12,0,0,2591083.12,0,0,2591083.12,0,0,2591083.12,0,0,2591083.12,0,0,2591083.12,0,0,2591083.12,0,0,2591083.12,0,0,2591083.12,0,0,2591083.12,0,0,2591083.12,0,0,2591083.12,0,0,2591083.12,0,0,2591083.12,0,0,2591083.12,0,0,2591083.12,0,0,2591083.12,0,0,2591083.12,0,0,2591083.12,0,0,2591083.12,0,0,2591083.12,0,0,2591083.12,0,0,2591083.12,0,0,2591083.12,0,0,7485351.23,0,0,2591083.12,0,0,2591083.12,0,0,2591083.12,0,0,2591083.12,0,0,2591083.12,0,0,2591083.12,0,0,2591083.12
0,1,Moderna,2021-04-12,COVCANCER,0,0,0,0,0,0,0,0,0,0,0,0,0,0,0,0,0,0,0,0,0,0,0,0,0,0,0,0,0,0,0,0,0,0,0,0,0,0,0,0,0,0,0,0,0,0,0,0,0,0,2363795.12,0,0,2363795.12,0,0,2363795.12,0,0,2363795.12,0,0,2363795.12,0,0,2363795.12,0,0,2363795.12,0,0,2363795.12,0,0,2363795.12,0,0,2363795.12,0,0,2363795.12,0,0,2363795.12,0,0,2363795.12,0,0,2363795.12,0,0,2363795.12,0,0,2363795.12,0,0,2363795.12,0,0,2363795.12,0,0,2363795.12,0,0,2363795.12,0,0,2363795.12,0,0,2363795.12,0,0,2363795.12,0,0,2363795.12,0,0,2363795.12,0,0,2363795.12,0,0,2363795.12,0,0,2363795.12,0,0,2363795.12,0,0,2363795.12,0,0,2363795.12,0,0,2363795.12,0,0,2363795.12,0,0,2363795.12,0,0,2363795.12,0,0,2363795.12,0,0,2363795.12,0,0,2363795.12,0,0,2363795.12,0,0,2363795.12,0,0,6124378.28,0,0,2363795.12,0,0,2363795.12,0,0,2363795.12,0,0,2363795.12,0,0,2363795.12,0,0,2363795.12,0,0,2363795.12
0,1,Moderna,2021-04-19,COVCANCER,0,0,0,0,0,0,0,0,0,0,0,0,0,0,0,0,0,0,0,0,0,0,0,0,0,0,0,0,0,0,0,0,0,0,0,0,0,0,0,0,0,0,0,0,0,0,0,0,0,0,2495117.08,0,0,2495117.08,0,0,2495117.08,0,0,2495117.08,0,0,2495117.08,0,0,2495117.08,0,0,2495117.08,0,0,2495117.08,0,0,2495117.08,0,0,2495117.08,0,0,2495117.08,0,0,2495117.08,0,0,2495117.08,0,0,2495117.08,0,0,2495117.08,0,0,2495117.08,0,0,2495117.08,0,0,2495117.08,0,0,2495117.08,0,0,2495117.08,0,0,2495117.08,0,0,2495117.08,0,0,2495117.08,0,0,2495117.08,0,0,2495117.08,0,0,2495117.08,0,0,2495117.08,0,0,2495117.08,0,0,2495117.08,0,0,2495117.08,0,0,2495117.08,0,0,2495117.08,0,0,2495117.08,0,0,2495117.08,0,0,2495117.08,0,0,2495117.08,0,0,2495117.08,0,0,2495117.08,0,0,2495117.08,0,0,2495117.08,0,0,6124378.28,0,0,2495117.08,0,0,2495117.08,0,0,2495117.08,0,0,2495117.08,0,0,2495117.08,0,0,2495117.08,0,0,2495117.08
0,1,Moderna,2021-04-26,COVCANCER,0,0,0,0,0,0,0,0,0,0,0,0,0,0,0,0,0,0,0,0,0,0,0,0,0,0,0,0,0,0,0,0,0,0,0,0,0,0,0,0,0,0,0,0,0,0,0,0,0,0,2591083.12,0,0,2591083.12,0,0,2591083.12,0,0,2591083.12,0,0,2591083.12,0,0,2591083.12,0,0,2591083.12,0,0,2591083.12,0,0,2591083.12,0,0,2591083.12,0,0,2591083.12,0,0,2591083.12,0,0,2591083.12,0,0,2591083.12,0,0,2591083.12,0,0,2591083.12,0,0,2591083.12,0,0,2591083.12,0,0,2591083.12,0,0,2591083.12,0,0,2591083.12,0,0,2591083.12,0,0,2591083.12,0,0,2591083.12,0,0,2591083.12,0,0,2591083.12,0,0,2591083.12,0,0,2591083.12,0,0,2591083.12,0,0,2591083.12,0,0,2591083.12,0,0,2591083.12,0,0,2591083.12,0,0,2591083.12,0,0,2591083.12,0,0,2591083.12,0,0,2591083.12,0,0,2591083.12,0,0,2591083.12,0,0,2591083.12,0,0,5389452.88,0,0,2591083.12,0,0,2591083.12,0,0,2591083.12,0,0,2591083.12,0,0,2591083.12,0,0,2591083.12,0,0,2591083.12
0,1,Moderna,2021-05-03,COVCANCER,0,0,0,0,0,0,0,0,0,0,0,0,0,0,0,0,0,0,0,0,0,0,0,0,0,0,0,0,0,0,0,0,0,0,0,0,0,0,0,0,0,0,0,0,0,0,0,0,0,0,2929050.48,0,0,2929050.48,0,0,2929050.48,0,0,2929050.48,0,0,2929050.48,0,0,2929050.48,0,0,2929050.48,0,0,2929050.48,0,0,2929050.48,0,0,2929050.48,0,0,2929050.48,0,0,2929050.48,0,0,2929050.48,0,0,2929050.48,0,0,2929050.48,0,0,2929050.48,0,0,2929050.48,0,0,2929050.48,0,0,2929050.48,0,0,2929050.48,0,0,2929050.48,0,0,2929050.48,0,0,2929050.48,0,0,2929050.48,0,0,2929050.48,0,0,2929050.48,0,0,2929050.48,0,0,2929050.48,0,0,2929050.48,0,0,2929050.48,0,0,2929050.48,0,0,2929050.48,0,0,2929050.48,0,0,2929050.48,0,0,2929050.48,0,0,2929050.48,0,0,2929050.48,0,0,2929050.48,0,0,2929050.48,0,0,2929050.48,0,0,5389452.88,0,0,2929050.48,0,0,2929050.48,0,0,2929050.48,0,0,2929050.48,0,0,2929050.48,0,0,2929050.48,0,0,2929050.48
0,1,Moderna,2021-05-10,COVCANCER,0,0,0,0,0,0,0,0,0,0,0,0,0,0,0,0,0,0,0,0,0,0,0,0,0,0,0,0,0,0,0,0,0,0,0,0,0,0,0,0,0,0,0,0,0,0,0,0,0,0,2994140.49,0,0,2994140.49,0,0,2994140.49,0,0,2994140.49,0,0,2994140.49,0,0,2994140.49,0,0,2994140.49,0,0,2994140.49,0,0,2994140.49,0,0,2994140.49,0,0,2994140.49,0,0,2994140.49,0,0,2994140.49,0,0,2994140.49,0,0,2994140.49,0,0,2994140.49,0,0,2994140.49,0,0,2994140.49,0,0,2994140.49,0,0,2994140.49,0,0,2994140.49,0,0,2994140.49,0,0,2994140.49,0,0,2994140.49,0,0,2994140.49,0,0,2994140.49,0,0,2994140.49,0,0,2994140.49,0,0,2994140.49,0,0,2994140.49,0,0,2994140.49,0,0,2994140.49,0,0,2994140.49,0,0,2994140.49,0,0,2994140.49,0,0,2994140.49,0,0,2994140.49,0,0,2994140.49,0,0,2994140.49,0,0,2994140.49,0,0,5614013.42,0,0,2994140.49,0,0,2994140.49,0,0,2994140.49,0,0,2994140.49,0,0,2994140.49,0,0,2994140.49,0,0,2994140.49
0,1,Moderna,2021-05-17,COVCANCER,0,0,0,0,0,0,0,0,0,0,0,0,0,0,0,0,0,0,0,0,0,0,0,0,0,0,0,0,0,0,0,0,0,0,0,0,0,0,0,0,0,0,0,0,0,0,0,0,0,0,3286251.76,0,0,3286251.76,0,0,3286251.76,0,0,3286251.76,0,0,3286251.76,0,0,3286251.76,0,0,3286251.76,0,0,3286251.76,0,0,3286251.76,0,0,3286251.76,0,0,3286251.76,0,0,3286251.76,0,0,3286251.76,0,0,3286251.76,0,0,3286251.76,0,0,3286251.76,0,0,3286251.76,0,0,3286251.76,0,0,3286251.76,0,0,3286251.76,0,0,3286251.76,0,0,3286251.76,0,0,3286251.76,0,0,3286251.76,0,0,3286251.76,0,0,3286251.76,0,0,3286251.76,0,0,3286251.76,0,0,3286251.76,0,0,3286251.76,0,0,3286251.76,0,0,3286251.76,0,0,3286251.76,0,0,3286251.76,0,0,3286251.76,0,0,3286251.76,0,0,3286251.76,0,0,3286251.76,0,0,3286251.76,0,0,3286251.76,0,0,6736816.1,0,0,3286251.76,0,0,3286251.76,0,0,3286251.76,0,0,3286251.76,0,0,3286251.76,0,0,3286251.76,0,0,3286251.76
0,1,Moderna,2021-05-24,COVCANCER,0,0,0,0,0,0,0,0,0,0,0,0,0,0,0,0,0,0,0,0,0,0,0,0,0,0,0,0,0,0,0,0,0,0,0,0,0,0,0,0,0,0,0,0,0,0,0,0,0,0,3849609.2,0,0,3849609.2,0,0,3849609.2,0,0,3849609.2,0,0,3849609.2,0,0,3849609.2,0,0,3849609.2,0,0,3849609.2,0,0,3849609.2,0,0,3849609.2,0,0,3849609.2,0,0,3849609.2,0,0,3849609.2,0,0,3849609.2,0,0,3849609.2,0,0,3849609.2,0,0,3849609.2,0,0,3849609.2,0,0,3849609.2,0,0,3849609.2,0,0,3849609.2,0,0,3849609.2,0,0,3849609.2,0,0,3849609.2,0,0,3849609.2,0,0,3849609.2,0,0,3849609.2,0,0,3849609.2,0,0,3849609.2,0,0,3849609.2,0,0,3849609.2,0,0,3849609.2,0,0,3849609.2,0,0,3849609.2,0,0,3849609.2,0,0,3849609.2,0,0,3849609.2,0,0,3849609.2,0,0,3849609.2,0,0,3849609.2,0,0,9624023,0,0,3849609.2,0,0,3849609.2,0,0,3849609.2,0,0,3849609.2,0,0,3849609.2,0,0,3849609.2,0,0,3849609.2
0,1,Moderna,2021-05-31,COVCANCER,0,0,0,0,0,0,0,0,0,0,0,0,0,0,0,0,0,0,0,0,0,0,0,0,0,0,0,0,0,0,0,0,0,0,0,0,0,0,0,0,0,0,0,0,0,0,0,0,0,0,4082918.85,0,0,4082918.85,0,0,4082918.85,0,0,4082918.85,0,0,4082918.85,0,0,4082918.85,0,0,4082918.85,0,0,4082918.85,0,0,4082918.85,0,0,4082918.85,0,0,4082918.85,0,0,4082918.85,0,0,4082918.85,0,0,4082918.85,0,0,4082918.85,0,0,4082918.85,0,0,4082918.85,0,0,4082918.85,0,0,4082918.85,0,0,4082918.85,0,0,4082918.85,0,0,4082918.85,0,0,4082918.85,0,0,4082918.85,0,0,4082918.85,0,0,4082918.85,0,0,4082918.85,0,0,4082918.85,0,0,4082918.85,0,0,4082918.85,0,0,4082918.85,0,0,4082918.85,0,0,4082918.85,0,0,4082918.85,0,0,4082918.85,0,0,4082918.85,0,0,4082918.85,0,0,4082918.85,0,0,4082918.85,0,0,4082918.85,0,0,11228026.84,0,0,4082918.85,0,0,4082918.85,0,0,4082918.85,0,0,4082918.85,0,0,4082918.85,0,0,4082918.85,0,0,4082918.85
0,1,Moderna,2021-06-07,COVCANCER,0,0,0,0,0,0,0,0,0,0,0,0,0,0,0,0,0,0,0,0,0,0,0,0,0,0,0,0,0,0,0,0,0,0,0,0,0,0,0,0,0,0,0,0,0,0,0,0,0,0,4812011.5,0,0,4812011.5,0,0,4812011.5,0,0,4812011.5,0,0,4812011.5,0,0,4812011.5,0,0,4812011.5,0,0,4812011.5,0,0,4812011.5,0,0,4812011.5,0,0,4812011.5,0,0,4812011.5,0,0,4812011.5,0,0,4812011.5,0,0,4812011.5,0,0,4812011.5,0,0,4812011.5,0,0,4812011.5,0,0,4812011.5,0,0,4812011.5,0,0,4812011.5,0,0,4812011.5,0,0,4812011.5,0,0,4812011.5,0,0,4812011.5,0,0,4812011.5,0,0,4812011.5,0,0,4812011.5,0,0,4812011.5,0,0,4812011.5,0,0,4812011.5,0,0,4812011.5,0,0,4812011.5,0,0,4812011.5,0,0,4812011.5,0,0,4812011.5,0,0,4812011.5,0,0,4812011.5,0,0,4812011.5,0,0,4812011.5,0,0,19248046.01,0,0,4812011.5,0,0,4812011.5,0,0,4812011.5,0,0,4812011.5,0,0,4812011.5,0,0,4812011.5,0,0,4812011.5
0,1,Moderna,2021-06-14,COVCANCER,0,0,0,0,0,0,0,0,0,0,0,0,0,0,0,0,0,0,0,0,0,0,0,0,0,0,0,0,0,0,0,0,0,0,0,0,0,0,0,0,0,0,0,0,0,0,0,0,0,0,4812011.5,0,0,4812011.5,0,0,4812011.5,0,0,4812011.5,0,0,4812011.5,0,0,4812011.5,0,0,4812011.5,0,0,4812011.5,0,0,4812011.5,0,0,4812011.5,0,0,4812011.5,0,0,4812011.5,0,0,4812011.5,0,0,4812011.5,0,0,4812011.5,0,0,4812011.5,0,0,4812011.5,0,0,4812011.5,0,0,4812011.5,0,0,4812011.5,0,0,4812011.5,0,0,4812011.5,0,0,4812011.5,0,0,4812011.5,0,0,4812011.5,0,0,4812011.5,0,0,4812011.5,0,0,4812011.5,0,0,4812011.5,0,0,4812011.5,0,0,4812011.5,0,0,4812011.5,0,0,4812011.5,0,0,4812011.5,0,0,4812011.5,0,0,4812011.5,0,0,4812011.5,0,0,4812011.5,0,0,4812011.5,0,0,4812011.5,0,0,19248046.01,0,0,4812011.5,0,0,4812011.5,0,0,4812011.5,0,0,4812011.5,0,0,4812011.5,0,0,4812011.5,0,0,4812011.5
0,1,Moderna,2021-06-21,COVCANCER,0,0,0,0,0,0,0,0,0,0,0,0,0,0,0,0,0,0,0,0,0,0,0,0,0,0,0,0,0,0,0,0,0,0,0,0,0,0,0,0,0,0,0,0,0,0,0,0,0,0,6416015.34,0,0,6416015.34,0,0,6416015.34,0,0,6416015.34,0,0,6416015.34,0,0,6416015.34,0,0,6416015.34,0,0,6416015.34,0,0,6416015.34,0,0,6416015.34,0,0,6416015.34,0,0,6416015.34,0,0,6416015.34,0,0,6416015.34,0,0,6416015.34,0,0,6416015.34,0,0,6416015.34,0,0,6416015.34,0,0,6416015.34,0,0,6416015.34,0,0,6416015.34,0,0,6416015.34,0,0,6416015.34,0,0,6416015.34,0,0,6416015.34,0,0,6416015.34,0,0,6416015.34,0,0,6416015.34,0,0,6416015.34,0,0,6416015.34,0,0,6416015.34,0,0,6416015.34,0,0,6416015.34,0,0,6416015.34,0,0,6416015.34,0,0,6416015.34,0,0,6416015.34,0,0,6416015.34,0,0,6416015.34,0,0,6416015.34,0,0,19248046.01,0,0,6416015.34,0,0,6416015.34,0,0,6416015.34,0,0,6416015.34,0,0,6416015.34,0,0,6416015.34,0,0,6416015.34
0,1,Moderna,2021-06-28,COVCANCER,0,0,0,0,0,0,0,0,0,0,0,0,0,0,0,0,0,0,0,0,0,0,0,0,0,0,0,0,0,0,0,0,0,0,0,0,0,0,0,0,0,0,0,0,0,0,0,0,0,0,14970702.45,0,0,14970702.45,0,0,14970702.45,0,0,14970702.45,0,0,14970702.45,0,0,14970702.45,0,0,14970702.45,0,0,14970702.45,0,0,14970702.45,0,0,14970702.45,0,0,14970702.45,0,0,14970702.45,0,0,14970702.45,0,0,14970702.45,0,0,14970702.45,0,0,14970702.45,0,0,14970702.45,0,0,14970702.45,0,0,14970702.45,0,0,14970702.45,0,0,14970702.45,0,0,14970702.45,0,0,14970702.45,0,0,14970702.45,0,0,14970702.45,0,0,14970702.45,0,0,14970702.45,0,0,14970702.45,0,0,14970702.45,0,0,14970702.45,0,0,14970702.45,0,0,14970702.45,0,0,14970702.45,0,0,14970702.45,0,0,14970702.45,0,0,14970702.45,0,0,14970702.45,0,0,14970702.45,0,0,14970702.45,0,0,14970702.45,0,0,44912107.35,0,0,14970702.45,0,0,14970702.45,0,0,14970702.45,0,0,14970702.45,0,0,14970702.45,0,0,14970702.45,0,0,14970702.45
0,1,Pfizer,2021-05-10,COVCANCER,0,0,0,0,0,0,0,0,0,0,0,0,0,0,0,0,0,0,0,0,0,0,0,0,0,0,0,0,0,0,0,0,0,0,0,0,0,0,0,0,0,0,0,0,0,0,0,0,0,0,1796484.29,0,0,1796484.29,0,0,1796484.29,0,0,1796484.29,0,0,1981416.5,0,0,1981416.5,0,0,1796484.29,0,0,1796484.29,0,0,1796484.29,0,0,1796484.29,0,0,1796484.29,0,0,1796484.29,0,0,1796484.29,0,0,1796484.29,0,0,1796484.29,0,0,1796484.29,0,0,1981416.5,0,0,1981416.5,0,0,1796484.29,0,0,1796484.29,0,0,1796484.29,0,0,1796484.29,0,0,1796484.29,0,0,1796484.29,0,0,1796484.29,0,0,1796484.29,0,0,1796484.29,0,0,1796484.29,0,0,1796484.29,0,0,1796484.29,0,0,1796484.29,0,0,1796484.29,0,0,1796484.29,0,0,1796484.29,0,0,1796484.29,0,0,1796484.29,0,0,1796484.29,0,0,1796484.29,0,0,1796484.29,0,0,1796484.29,0,0,8421020.13,0,0,1796484.29,0,0,1796484.29,0,0,1796484.29,0,0,1796484.29,0,0,1796484.29,0,0,1796484.29,0,0,1796484.29
0,1,Pfizer,2021-05-17,COVCANCER,0,0,0,0,0,0,0,0,0,0,0,0,0,0,0,0,0,0,0,0,0,0,0,0,0,0,0,0,0,0,0,0,0,0,0,0,0,0,0,0,0,0,0,0,0,0,0,0,0,0,1749822.36,0,0,1749822.36,0,0,1749822.36,0,0,1749822.36,0,0,1924804.6,0,0,1924804.6,0,0,1749822.36,0,0,1749822.36,0,0,1749822.36,0,0,1749822.36,0,0,1749822.36,0,0,1749822.36,0,0,1749822.36,0,0,1749822.36,0,0,1749822.36,0,0,1749822.36,0,0,1924804.6,0,0,1924804.6,0,0,1749822.36,0,0,1749822.36,0,0,1749822.36,0,0,1749822.36,0,0,1749822.36,0,0,1749822.36,0,0,1749822.36,0,0,1749822.36,0,0,1749822.36,0,0,1749822.36,0,0,1749822.36,0,0,1749822.36,0,0,1749822.36,0,0,1749822.36,0,0,1749822.36,0,0,1749822.36,0,0,1749822.36,0,0,1749822.36,0,0,1749822.36,0,0,1749822.36,0,0,1749822.36,0,0,1749822.36,0,0,9624023,0,0,1749822.36,0,0,1749822.36,0,0,1749822.36,0,0,1749822.36,0,0,1749822.36,0,0,1749822.36,0,0,1749822.36
0,1,Pfizer,2021-05-24,COVCANCER,0,0,0,0,0,0,0,0,0,0,0,0,0,0,0,0,0,0,0,0,0,0,0,0,0,0,0,0,0,0,0,0,0,0,0,0,0,0,0,0,0,0,0,0,0,0,0,0,0,0,1513891.26,0,0,1513891.26,0,0,1513891.26,0,0,1513891.26,0,0,1643125.88,0,0,1643125.88,0,0,1513891.26,0,0,1513891.26,0,0,1513891.26,0,0,1513891.26,0,0,1513891.26,0,0,1513891.26,0,0,1513891.26,0,0,1513891.26,0,0,1513891.26,0,0,1513891.26,0,0,1643125.88,0,0,1643125.88,0,0,1513891.26,0,0,1513891.26,0,0,1513891.26,0,0,1513891.26,0,0,1513891.26,0,0,1513891.26,0,0,1513891.26,0,0,1513891.26,0,0,1513891.26,0,0,1513891.26,0,0,1513891.26,0,0,1513891.26,0,0,1513891.26,0,0,1513891.26,0,0,1513891.26,0,0,1513891.26,0,0,1513891.26,0,0,1513891.26,0,0,1513891.26,0,0,1513891.26,0,0,1513891.26,0,0,1513891.26,0,0,5614013.42,0,0,1513891.26,0,0,1513891.26,0,0,1513891.26,0,0,1513891.26,0,0,1513891.26,0,0,1513891.26,0,0,1513891.26
0,1,Pfizer,2021-05-31,COVCANCER,0,0,0,0,0,0,0,0,0,0,0,0,0,0,0,0,0,0,0,0,0,0,0,0,0,0,0,0,0,0,0,0,0,0,0,0,0,0,0,0,0,0,0,0,0,0,0,0,0,0,1320944.33,0,0,1320944.33,0,0,1320944.33,0,0,1320944.33,0,0,1418277.07,0,0,1418277.07,0,0,1320944.33,0,0,1320944.33,0,0,1320944.33,0,0,1320944.33,0,0,1320944.33,0,0,1320944.33,0,0,1320944.33,0,0,1320944.33,0,0,1320944.33,0,0,1320944.33,0,0,1418277.07,0,0,1418277.07,0,0,1320944.33,0,0,1320944.33,0,0,1320944.33,0,0,1320944.33,0,0,1320944.33,0,0,1320944.33,0,0,1320944.33,0,0,1320944.33,0,0,1320944.33,0,0,1320944.33,0,0,1320944.33,0,0,1320944.33,0,0,1320944.33,0,0,1320944.33,0,0,1320944.33,0,0,1320944.33,0,0,1320944.33,0,0,1320944.33,0,0,1320944.33,0,0,1320944.33,0,0,1320944.33,0,0,1320944.33,0,0,2994140.49,0,0,1320944.33,0,0,1320944.33,0,0,1320944.33,0,0,1320944.33,0,0,1320944.33,0,0,1320944.33,0,0,1320944.33
0,1,Pfizer,2021-06-07,COVCANCER,0,0,0,0,0,0,0,0,0,0,0,0,0,0,0,0,0,0,0,0,0,0,0,0,0,0,0,0,0,0,0,0,0,0,0,0,0,0,0,0,0,0,0,0,0,0,0,0,0,0,1213840.74,0,0,1213840.74,0,0,1213840.74,0,0,1213840.74,0,0,1295541.56,0,0,1295541.56,0,0,1213840.74,0,0,1213840.74,0,0,1213840.74,0,0,1213840.74,0,0,1213840.74,0,0,1213840.74,0,0,1213840.74,0,0,1213840.74,0,0,1213840.74,0,0,1213840.74,0,0,1295541.56,0,0,1295541.56,0,0,1213840.74,0,0,1213840.74,0,0,1213840.74,0,0,1213840.74,0,0,1213840.74,0,0,1213840.74,0,0,1213840.74,0,0,1213840.74,0,0,1213840.74,0,0,1213840.74,0,0,1213840.74,0,0,1213840.74,0,0,1213840.74,0,0,1213840.74,0,0,1213840.74,0,0,1213840.74,0,0,1213840.74,0,0,1213840.74,0,0,1213840.74,0,0,1213840.74,0,0,1213840.74,0,0,1213840.74,0,0,2406005.75,0,0,1213840.74,0,0,1213840.74,0,0,1213840.74,0,0,1213840.74,0,0,1213840.74,0,0,1213840.74,0,0,1213840.74
0,1,Pfizer,2021-06-14,COVCANCER,0,0,0,0,0,0,0,0,0,0,0,0,0,0,0,0,0,0,0,0,0,0,0,0,0,0,0,0,0,0,0,0,0,0,0,0,0,0,0,0,0,0,0,0,0,0,0,0,0,0,1213840.74,0,0,1213840.74,0,0,1213840.74,0,0,1213840.74,0,0,1295541.56,0,0,1295541.56,0,0,1213840.74,0,0,1213840.74,0,0,1213840.74,0,0,1213840.74,0,0,1213840.74,0,0,1213840.74,0,0,1213840.74,0,0,1213840.74,0,0,1213840.74,0,0,1213840.74,0,0,1295541.56,0,0,1295541.56,0,0,1213840.74,0,0,1213840.74,0,0,1213840.74,0,0,1213840.74,0,0,1213840.74,0,0,1213840.74,0,0,1213840.74,0,0,1213840.74,0,0,1213840.74,0,0,1213840.74,0,0,1213840.74,0,0,1213840.74,0,0,1213840.74,0,0,1213840.74,0,0,1213840.74,0,0,1213840.74,0,0,1213840.74,0,0,1213840.74,0,0,1213840.74,0,0,1213840.74,0,0,1213840.74,0,0,1213840.74,0,0,2173166.48,0,0,1213840.74,0,0,1213840.74,0,0,1213840.74,0,0,1213840.74,0,0,1213840.74,0,0,1213840.74,0,0,1213840.74
0,2,Moderna,2021-04-26,COVCANCER,0,0,0,0,0,0,0,0,0,0,0,0,0,0,0,0,0,0,0,0,0,0,0,0,0,0,0,0,0,0,0,0,0,0,0,0,0,0,0,0,0,0,0,0,0,0,0,0,0,0,6736816.1,0,0,6736816.1,0,0,6736816.1,0,0,6736816.1,0,0,6736816.1,0,0,6736816.1,0,0,6736816.1,0,0,6736816.1,0,0,6736816.1,0,0,6736816.1,0,0,6736816.1,0,0,6736816.1,0,0,6736816.1,0,0,6736816.1,0,0,6736816.1,0,0,6736816.1,0,0,6736816.1,0,0,6736816.1,0,0,6736816.1,0,0,6736816.1,0,0,6736816.1,0,0,6736816.1,0,0,6736816.1,0,0,6736816.1,0,0,6736816.1,0,0,6736816.1,0,0,6736816.1,0,0,6736816.1,0,0,6736816.1,0,0,6736816.1,0,0,6736816.1,0,0,6736816.1,0,0,6736816.1,0,0,6736816.1,0,0,6736816.1,0,0,6736816.1,0,0,6736816.1,0,0,6736816.1,0,0,6736816.1,0,0,6736816.1,0,0,11228026.84,0,0,6736816.1,0,0,6736816.1,0,0,6736816.1,0,0,6736816.1,0,0,6736816.1,0,0,6736816.1,0,0,6736816.1
0,2,Moderna,2021-05-03,COVCANCER,0,0,0,0,0,0,0,0,0,0,0,0,0,0,0,0,0,0,0,0,0,0,0,0,0,0,0,0,0,0,0,0,0,0,0,0,0,0,0,0,0,0,0,0,0,0,0,0,0,0,3286251.76,0,0,3286251.76,0,0,3286251.76,0,0,3286251.76,0,0,3286251.76,0,0,3286251.76,0,0,3286251.76,0,0,3286251.76,0,0,3286251.76,0,0,3286251.76,0,0,3286251.76,0,0,3286251.76,0,0,3286251.76,0,0,3286251.76,0,0,3286251.76,0,0,3286251.76,0,0,3286251.76,0,0,3286251.76,0,0,3286251.76,0,0,3286251.76,0,0,3286251.76,0,0,3286251.76,0,0,3286251.76,0,0,3286251.76,0,0,3286251.76,0,0,3286251.76,0,0,3286251.76,0,0,3286251.76,0,0,3286251.76,0,0,3286251.76,0,0,3286251.76,0,0,3286251.76,0,0,3286251.76,0,0,3286251.76,0,0,3286251.76,0,0,3286251.76,0,0,3286251.76,0,0,3286251.76,0,0,3286251.76,0,0,3286251.76,0,0,7091385.37,0,0,3286251.76,0,0,3286251.76,0,0,3286251.76,0,0,3286251.76,0,0,3286251.76,0,0,3286251.76,0,0,3286251.76
0,2,Moderna,2021-05-10,COVCANCER,0,0,0,0,0,0,0,0,0,0,0,0,0,0,0,0,0,0,0,0,0,0,0,0,0,0,0,0,0,0,0,0,0,0,0,0,0,0,0,0,0,0,0,0,0,0,0,0,0,0,2542194.76,0,0,2542194.76,0,0,2542194.76,0,0,2542194.76,0,0,2542194.76,0,0,2542194.76,0,0,2542194.76,0,0,2542194.76,0,0,2542194.76,0,0,2542194.76,0,0,2542194.76,0,0,2542194.76,0,0,2542194.76,0,0,2542194.76,0,0,2542194.76,0,0,2542194.76,0,0,2542194.76,0,0,2542194.76,0,0,2542194.76,0,0,2542194.76,0,0,2542194.76,0,0,2542194.76,0,0,2542194.76,0,0,2542194.76,0,0,2542194.76,0,0,2542194.76,0,0,2542194.76,0,0,2542194.76,0,0,2542194.76,0,0,2542194.76,0,0,2542194.76,0,0,2542194.76,0,0,2542194.76,0,0,2542194.76,0,0,2542194.76,0,0,2542194.76,0,0,2542194.76,0,0,2542194.76,0,0,2542194.76,0,0,2542194.76,0,0,5389452.88,0,0,2542194.76,0,0,2542194.76,0,0,2542194.76,0,0,2542194.76,0,0,2542194.76,0,0,2542194.76,0,0,2542194.76
0,2,Moderna,2021-05-17,COVCANCER,0,0,0,0,0,0,0,0,0,0,0,0,0,0,0,0,0,0,0,0,0,0,0,0,0,0,0,0,0,0,0,0,0,0,0,0,0,0,0,0,0,0,0,0,0,0,0,0,0,0,2363795.12,0,0,2363795.12,0,0,2363795.12,0,0,2363795.12,0,0,2363795.12,0,0,2363795.12,0,0,2363795.12,0,0,2363795.12,0,0,2363795.12,0,0,2363795.12,0,0,2363795.12,0,0,2363795.12,0,0,2363795.12,0,0,2363795.12,0,0,2363795.12,0,0,2363795.12,0,0,2363795.12,0,0,2363795.12,0,0,2363795.12,0,0,2363795.12,0,0,2363795.12,0,0,2363795.12,0,0,2363795.12,0,0,2363795.12,0,0,2363795.12,0,0,2363795.12,0,0,2363795.12,0,0,2363795.12,0,0,2363795.12,0,0,2363795.12,0,0,2363795.12,0,0,2363795.12,0,0,2363795.12,0,0,2363795.12,0,0,2363795.12,0,0,2363795.12,0,0,2363795.12,0,0,2363795.12,0,0,2363795.12,0,0,2363795.12,0,0,4646080.07,0,0,2363795.12,0,0,2363795.12,0,0,2363795.12,0,0,2363795.12,0,0,2363795.12,0,0,2363795.12,0,0,2363795.12
0,2,Moderna,2021-05-24,COVCANCER,0,0,0,0,0,0,0,0,0,0,0,0,0,0,0,0,0,0,0,0,0,0,0,0,0,0,0,0,0,0,0,0,0,0,0,0,0,0,0,0,0,0,0,0,0,0,0,0,0,0,2138671.78,0,0,2138671.78,0,0,2138671.78,0,0,2138671.78,0,0,2138671.78,0,0,2138671.78,0,0,2138671.78,0,0,2138671.78,0,0,2138671.78,0,0,2138671.78,0,0,2138671.78,0,0,2138671.78,0,0,2138671.78,0,0,2138671.78,0,0,2138671.78,0,0,2138671.78,0,0,2138671.78,0,0,2138671.78,0,0,2138671.78,0,0,2138671.78,0,0,2138671.78,0,0,2138671.78,0,0,2138671.78,0,0,2138671.78,0,0,2138671.78,0,0,2138671.78,0,0,2138671.78,0,0,2138671.78,0,0,2138671.78,0,0,2138671.78,0,0,2138671.78,0,0,2138671.78,0,0,2138671.78,0,0,2138671.78,0,0,2138671.78,0,0,2138671.78,0,0,2138671.78,0,0,2138671.78,0,0,2138671.78,0,0,2138671.78,0,0,3849609.2,0,0,2138671.78,0,0,2138671.78,0,0,2138671.78,0,0,2138671.78,0,0,2138671.78,0,0,2138671.78,0,0,2138671.78
0,2,Moderna,2021-05-31,COVCANCER,0,0,0,0,0,0,0,0,0,0,0,0,0,0,0,0,0,0,0,0,0,0,0,0,0,0,0,0,0,0,0,0,0,0,0,0,0,0,0,0,0,0,0,0,0,0,0,0,0,0,2072866.49,0,0,2072866.49,0,0,2072866.49,0,0,2072866.49,0,0,2072866.49,0,0,2072866.49,0,0,2072866.49,0,0,2072866.49,0,0,2072866.49,0,0,2072866.49,0,0,2072866.49,0,0,2072866.49,0,0,2072866.49,0,0,2072866.49,0,0,2072866.49,0,0,2072866.49,0,0,2072866.49,0,0,2072866.49,0,0,2072866.49,0,0,2072866.49,0,0,2072866.49,0,0,2072866.49,0,0,2072866.49,0,0,2072866.49,0,0,2072866.49,0,0,2072866.49,0,0,2072866.49,0,0,2072866.49,0,0,2072866.49,0,0,2072866.49,0,0,2072866.49,0,0,2072866.49,0,0,2072866.49,0,0,2072866.49,0,0,2072866.49,0,0,2072866.49,0,0,2072866.49,0,0,2072866.49,0,0,2072866.49,0,0,2072866.49,0,0,3641522.22,0,0,2072866.49,0,0,2072866.49,0,0,2072866.49,0,0,2072866.49,0,0,2072866.49,0,0,2072866.49,0,0,2072866.49
0,2,Moderna,2021-06-07,COVCANCER,0,0,0,0,0,0,0,0,0,0,0,0,0,0,0,0,0,0,0,0,0,0,0,0,0,0,0,0,0,0,0,0,0,0,0,0,0,0,0,0,0,0,0,0,0,0,0,0,0,0,1924804.6,0,0,1924804.6,0,0,1924804.6,0,0,1924804.6,0,0,1924804.6,0,0,1924804.6,0,0,1924804.6,0,0,1924804.6,0,0,1924804.6,0,0,1924804.6,0,0,1924804.6,0,0,1924804.6,0,0,1924804.6,0,0,1924804.6,0,0,1924804.6,0,0,1924804.6,0,0,1924804.6,0,0,1924804.6,0,0,1924804.6,0,0,1924804.6,0,0,1924804.6,0,0,1924804.6,0,0,1924804.6,0,0,1924804.6,0,0,1924804.6,0,0,1924804.6,0,0,1924804.6,0,0,1924804.6,0,0,1924804.6,0,0,1924804.6,0,0,1924804.6,0,0,1924804.6,0,0,1924804.6,0,0,1924804.6,0,0,1924804.6,0,0,1924804.6,0,0,1924804.6,0,0,1924804.6,0,0,1924804.6,0,0,1924804.6,0,0,3208007.67,0,0,1924804.6,0,0,1924804.6,0,0,1924804.6,0,0,1924804.6,0,0,1924804.6,0,0,1924804.6,0,0,1924804.6
0,2,Moderna,2021-06-14,COVCANCER,0,0,0,0,0,0,0,0,0,0,0,0,0,0,0,0,0,0,0,0,0,0,0,0,0,0,0,0,0,0,0,0,0,0,0,0,0,0,0,0,0,0,0,0,0,0,0,0,0,0,1924804.6,0,0,1924804.6,0,0,1924804.6,0,0,1924804.6,0,0,1924804.6,0,0,1924804.6,0,0,1924804.6,0,0,1924804.6,0,0,1924804.6,0,0,1924804.6,0,0,1924804.6,0,0,1924804.6,0,0,1924804.6,0,0,1924804.6,0,0,1924804.6,0,0,1924804.6,0,0,1924804.6,0,0,1924804.6,0,0,1924804.6,0,0,1924804.6,0,0,1924804.6,0,0,1924804.6,0,0,1924804.6,0,0,1924804.6,0,0,1924804.6,0,0,1924804.6,0,0,1924804.6,0,0,1924804.6,0,0,1924804.6,0,0,1924804.6,0,0,1924804.6,0,0,1924804.6,0,0,1924804.6,0,0,1924804.6,0,0,1924804.6,0,0,1924804.6,0,0,1924804.6,0,0,1924804.6,0,0,1924804.6,0,0,1924804.6,0,0,3208007.67,0,0,1924804.6,0,0,1924804.6,0,0,1924804.6,0,0,1924804.6,0,0,1924804.6,0,0,1924804.6,0,0,1924804.6
0,2,Moderna,2021-06-21,COVCANCER,0,0,0,0,0,0,0,0,0,0,0,0,0,0,0,0,0,0,0,0,0,0,0,0,0,0,0,0,0,0,0,0,0,0,0,0,0,0,0,0,0,0,0,0,0,0,0,0,0,0,1924804.6,0,0,1924804.6,0,0,1924804.6,0,0,1924804.6,0,0,1924804.6,0,0,1924804.6,0,0,1924804.6,0,0,1924804.6,0,0,1924804.6,0,0,1924804.6,0,0,1924804.6,0,0,1924804.6,0,0,1924804.6,0,0,1924804.6,0,0,1924804.6,0,0,1924804.6,0,0,1924804.6,0,0,1924804.6,0,0,1924804.6,0,0,1924804.6,0,0,1924804.6,0,0,1924804.6,0,0,1924804.6,0,0,1924804.6,0,0,1924804.6,0,0,1924804.6,0,0,1924804.6,0,0,1924804.6,0,0,1924804.6,0,0,1924804.6,0,0,1924804.6,0,0,1924804.6,0,0,1924804.6,0,0,1924804.6,0,0,1924804.6,0,0,1924804.6,0,0,1924804.6,0,0,1924804.6,0,0,1924804.6,0,0,1924804.6,0,0,3208007.67,0,0,1924804.6,0,0,1924804.6,0,0,1924804.6,0,0,1924804.6,0,0,1924804.6,0,0,1924804.6,0,0,1924804.6
0,2,Moderna,2021-06-28,COVCANCER,0,0,0,0,0,0,0,0,0,0,0,0,0,0,0,0,0,0,0,0,0,0,0,0,0,0,0,0,0,0,0,0,0,0,0,0,0,0,0,0,0,0,0,0,0,0,0,0,0,0,4491210.74,0,0,4491210.74,0,0,4491210.74,0,0,4491210.74,0,0,4491210.74,0,0,4491210.74,0,0,4491210.74,0,0,4491210.74,0,0,4491210.74,0,0,4491210.74,0,0,4491210.74,0,0,4491210.74,0,0,4491210.74,0,0,4491210.74,0,0,4491210.74,0,0,4491210.74,0,0,4491210.74,0,0,4491210.74,0,0,4491210.74,0,0,4491210.74,0,0,4491210.74,0,0,4491210.74,0,0,4491210.74,0,0,4491210.74,0,0,4491210.74,0,0,4491210.74,0,0,4491210.74,0,0,4491210.74,0,0,4491210.74,0,0,4491210.74,0,0,4491210.74,0,0,4491210.74,0,0,4491210.74,0,0,4491210.74,0,0,4491210.74,0,0,4491210.74,0,0,4491210.74,0,0,4491210.74,0,0,4491210.74,0,0,4491210.74,0,0,7485351.23,0,0,4491210.74,0,0,4491210.74,0,0,4491210.74,0,0,4491210.74,0,0,4491210.74,0,0,4491210.74,0,0,4491210.74
0,2,Pfizer,2021-06-21,COVCANCER,0,0,0,0,0,0,0,0,0,0,0,0,0,0,0,0,0,0,0,0,0,0,0,0,0,0,0,0,0,0,0,0,0,0,0,0,0,0,0,0,0,0,0,0,0,0,0,0,0,0,698115.66,0,0,698115.66,0,0,698115.66,0,0,724388.83,0,0,698115.66,0,0,698115.66,0,0,698115.66,0,0,698115.66,0,0,698115.66,0,0,698115.66,0,0,698115.66,0,0,698115.66,0,0,698115.66,0,0,698115.66,0,0,698115.66,0,0,698115.66,0,0,698115.66,0,0,698115.66,0,0,698115.66,0,0,698115.66,0,0,698115.66,0,0,698115.66,0,0,698115.66,0,0,698115.66,0,0,698115.66,0,0,698115.66,0,0,698115.66,0,0,698115.66,0,0,698115.66,0,0,698115.66,0,0,698115.66,0,0,698115.66,0,0,698115.66,0,0,698115.66,0,0,698115.66,0,0,698115.66,0,0,698115.66,0,0,698115.66,0,0,698115.66,0,0,698115.66,0,0,2749720.86,0,0,698115.66,0,0,698115.66,0,0,698115.66,0,0,698115.66,0,0,698115.66,0,0,698115.66,0,0,698115.66
0,2,Pfizer,2021-06-28,COVCANCER,0,0,0,0,0,0,0,0,0,0,0,0,0,0,0,0,0,0,0,0,0,0,0,0,0,0,0,0,0,0,0,0,0,0,0,0,0,0,0,0,0,0,0,0,0,0,0,0,0,0,1604003.83,0,0,1604003.83,0,0,1604003.83,0,0,1663411.38,0,0,1604003.83,0,0,1604003.83,0,0,1604003.83,0,0,1604003.83,0,0,1604003.83,0,0,1604003.83,0,0,1604003.83,0,0,1604003.83,0,0,1604003.83,0,0,1604003.83,0,0,1604003.83,0,0,1604003.83,0,0,1604003.83,0,0,1604003.83,0,0,1604003.83,0,0,1604003.83,0,0,1604003.83,0,0,1604003.83,0,0,1604003.83,0,0,1604003.83,0,0,1604003.83,0,0,1604003.83,0,0,1604003.83,0,0,1604003.83,0,0,1604003.83,0,0,1604003.83,0,0,1604003.83,0,0,1604003.83,0,0,1604003.83,0,0,1604003.83,0,0,1604003.83,0,0,1604003.83,0,0,1604003.83,0,0,1604003.83,0,0,1604003.83,0,0,1604003.83,0,0,6416015.34,0,0,1604003.83,0,0,1604003.83,0,0,1604003.83,0,0,1604003.83,0,0,1604003.83,0,0,1604003.83,0,0,1604003.83
0,1,AstraZeneca,2021-03-15,COVCANCER,0,0,0,0,0,0,0,0,0,0,0,0,0,0,0,0,0,0,0,0,0,0,0,0,0,0,0,0,0,0,0,0,0,0,0,0,0,0,0,0,0,0,0,0,0,0,0,0,0,0,7091385.37,0,0,7091385.37,0,0,7091385.37,0,0,7091385.37,0,0,7091385.37,0,0,7091385.37,0,0,7091385.37,0,0,7091385.37,0,0,7091385.37,0,0,7091385.37,0,0,7091385.37,0,0,7091385.37,0,0,7091385.37,0,0,7091385.37,0,0,7091385.37,0,0,7091385.37,0,0,7091385.37,0,0,7091385.37,0,0,7091385.37,0,0,7091385.37,0,0,7091385.37,0,0,7091385.37,0,0,7091385.37,0,0,7091385.37,0,0,7091385.37,0,0,7091385.37,0,0,7091385.37,0,0,7091385.37,0,0,7091385.37,0,0,7091385.37,0,0,7091385.37,0,0,7091385.37,0,0,7091385.37,0,0,7091385.37,0,0,7091385.37,0,0,7091385.37,0,0,7091385.37,0,0,7091385.37,0,0,7091385.37,0,0,7091385.37,0,0,7091385.37,0,0,7091385.37,0,0,7091385.37,0,0,7091385.37,0,0,7091385.37,0,0,7091385.37,0,0,7091385.37,0,0,7091385.37
0,1,AstraZeneca,2021-03-22,COVCANCER,0,0,0,0,0,0,0,0,0,0,0,0,0,0,0,0,0,0,0,0,0,0,0,0,0,0,0,0,0,0,0,0,0,0,0,0,0,0,0,0,0,0,0,0,0,0,0,0,0,0,4990234.15,0,0,4990234.15,0,0,4990234.15,0,0,4990234.15,0,0,4990234.15,0,0,4990234.15,0,0,4990234.15,0,0,4990234.15,0,0,4990234.15,0,0,4990234.15,0,0,4990234.15,0,0,4990234.15,0,0,4990234.15,0,0,4990234.15,0,0,4990234.15,0,0,4990234.15,0,0,4990234.15,0,0,4990234.15,0,0,4990234.15,0,0,4990234.15,0,0,4990234.15,0,0,4990234.15,0,0,4990234.15,0,0,4990234.15,0,0,4990234.15,0,0,4990234.15,0,0,4990234.15,0,0,4990234.15,0,0,4990234.15,0,0,4990234.15,0,0,4990234.15,0,0,4990234.15,0,0,4990234.15,0,0,4990234.15,0,0,4990234.15,0,0,4990234.15,0,0,4990234.15,0,0,4990234.15,0,0,4990234.15,0,0,4990234.15,0,0,6416015.34,0,0,4990234.15,0,0,4990234.15,0,0,4990234.15,0,0,4990234.15,0,0,4990234.15,0,0,4990234.15,0,0,4990234.15
0,1,AstraZeneca,2021-03-29,COVCANCER,0,0,0,0,0,0,0,0,0,0,0,0,0,0,0,0,0,0,0,0,0,0,0,0,0,0,0,0,0,0,0,0,0,0,0,0,0,0,0,0,0,0,0,0,0,0,0,0,0,0,4210510.06,0,0,4210510.06,0,0,4210510.06,0,0,4210510.06,0,0,4210510.06,0,0,4210510.06,0,0,4210510.06,0,0,4210510.06,0,0,4210510.06,0,0,4210510.06,0,0,4210510.06,0,0,4210510.06,0,0,4210510.06,0,0,4210510.06,0,0,4210510.06,0,0,4210510.06,0,0,4210510.06,0,0,4210510.06,0,0,4210510.06,0,0,4210510.06,0,0,4210510.06,0,0,4210510.06,0,0,4210510.06,0,0,4210510.06,0,0,4210510.06,0,0,4210510.06,0,0,4210510.06,0,0,4210510.06,0,0,4210510.06,0,0,4210510.06,0,0,4210510.06,0,0,4210510.06,0,0,4210510.06,0,0,4210510.06,0,0,4210510.06,0,0,4210510.06,0,0,4210510.06,0,0,4210510.06,0,0,4210510.06,0,0,4210510.06,0,0,6416015.34,0,0,4210510.06,0,0,4210510.06,0,0,4210510.06,0,0,4210510.06,0,0,4210510.06,0,0,4210510.06,0,0,4210510.06
0,1,AstraZeneca,2021-04-05,COVCANCER,0,0,0,0,0,0,0,0,0,0,0,0,0,0,0,0,0,0,0,0,0,0,0,0,0,0,0,0,0,0,0,0,0,0,0,0,0,0,0,0,0,0,0,0,0,0,0,0,0,0,3545692.69,0,0,3545692.69,0,0,3545692.69,0,0,3545692.69,0,0,3545692.69,0,0,3545692.69,0,0,3545692.69,0,0,3545692.69,0,0,3545692.69,0,0,3545692.69,0,0,3545692.69,0,0,3545692.69,0,0,3545692.69,0,0,3545692.69,0,0,3545692.69,0,0,3545692.69,0,0,3545692.69,0,0,3545692.69,0,0,3545692.69,0,0,3545692.69,0,0,3545692.69,0,0,3545692.69,0,0,3545692.69,0,0,3545692.69,0,0,3545692.69,0,0,3545692.69,0,0,3545692.69,0,0,3545692.69,0,0,3545692.69,0,0,3545692.69,0,0,3545692.69,0,0,3545692.69,0,0,3545692.69,0,0,3545692.69,0,0,3545692.69,0,0,3545692.69,0,0,3545692.69,0,0,3545692.69,0,0,3545692.69,0,0,3545692.69,0,0,6416015.34,0,0,3545692.69,0,0,3545692.69,0,0,3545692.69,0,0,3545692.69,0,0,3545692.69,0,0,3545692.69,0,0,3545692.69
0,1,AstraZeneca,2021-04-12,COVCANCER,0,0,0,0,0,0,0,0,0,0,0,0,0,0,0,0,0,0,0,0,0,0,0,0,0,0,0,0,0,0,0,0,0,0,0,0,0,0,0,0,0,0,0,0,0,0,0,0,0,0,3208007.67,0,0,3208007.67,0,0,3208007.67,0,0,3208007.67,0,0,3208007.67,0,0,3208007.67,0,0,3208007.67,0,0,3208007.67,0,0,3208007.67,0,0,3208007.67,0,0,3208007.67,0,0,3208007.67,0,0,3208007.67,0,0,3208007.67,0,0,3208007.67,0,0,3208007.67,0,0,3208007.67,0,0,3208007.67,0,0,3208007.67,0,0,3208007.67,0,0,3208007.67,0,0,3208007.67,0,0,3208007.67,0,0,3208007.67,0,0,3208007.67,0,0,3208007.67,0,0,3208007.67,0,0,3208007.67,0,0,3208007.67,0,0,3208007.67,0,0,3208007.67,0,0,3208007.67,0,0,3208007.67,0,0,3208007.67,0,0,3208007.67,0,0,3208007.67,0,0,3208007.67,0,0,3208007.67,0,0,3208007.67,0,0,3208007.67,0,0,6416015.34,0,0,3208007.67,0,0,3208007.67,0,0,3208007.67,0,0,3208007.67,0,0,3208007.67,0,0,3208007.67,0,0,3208007.67
0,1,AstraZeneca,2021-04-19,COVCANCER,0,0,0,0,0,0,0,0,0,0,0,0,0,0,0,0,0,0,0,0,0,0,0,0,0,0,0,0,0,0,0,0,0,0,0,0,0,0,0,0,0,0,0,0,0,0,0,0,0,0,3208007.67,0,0,3208007.67,0,0,3208007.67,0,0,3208007.67,0,0,3208007.67,0,0,3208007.67,0,0,3208007.67,0,0,3208007.67,0,0,3208007.67,0,0,3208007.67,0,0,3208007.67,0,0,3208007.67,0,0,3208007.67,0,0,3208007.67,0,0,3208007.67,0,0,3208007.67,0,0,3208007.67,0,0,3208007.67,0,0,3208007.67,0,0,3208007.67,0,0,3208007.67,0,0,3208007.67,0,0,3208007.67,0,0,3208007.67,0,0,3208007.67,0,0,3208007.67,0,0,3208007.67,0,0,3208007.67,0,0,3208007.67,0,0,3208007.67,0,0,3208007.67,0,0,3208007.67,0,0,3208007.67,0,0,3208007.67,0,0,3208007.67,0,0,3208007.67,0,0,3208007.67,0,0,3208007.67,0,0,3208007.67,0,0,3208007.67,0,0,6416015.34,0,0,3208007.67,0,0,3208007.67,0,0,3208007.67,0,0,3208007.67,0,0,3208007.67,0,0,3208007.67,0,0,3208007.67
0,1,AstraZeneca,2021-04-26,COVCANCER,0,0,0,0,0,0,0,0,0,0,0,0,0,0,0,0,0,0,0,0,0,0,0,0,0,0,0,0,0,0,0,0,0,0,0,0,0,0,0,0,0,0,0,0,0,0,0,0,0,0,3208007.67,0,0,3208007.67,0,0,3208007.67,0,0,3208007.67,0,0,3208007.67,0,0,3208007.67,0,0,3208007.67,0,0,3208007.67,0,0,3208007.67,0,0,3208007.67,0,0,3208007.67,0,0,3208007.67,0,0,3208007.67,0,0,3208007.67,0,0,3208007.67,0,0,3208007.67,0,0,3208007.67,0,0,3208007.67,0,0,3208007.67,0,0,3208007.67,0,0,3208007.67,0,0,3208007.67,0,0,3208007.67,0,0,3208007.67,0,0,3208007.67,0,0,3208007.67,0,0,3208007.67,0,0,3208007.67,0,0,3208007.67,0,0,3208007.67,0,0,3208007.67,0,0,3208007.67,0,0,3208007.67,0,0,3208007.67,0,0,3208007.67,0,0,3208007.67,0,0,3208007.67,0,0,3208007.67,0,0,3208007.67,0,0,3208007.67,0,0,6416015.34,0,0,3208007.67,0,0,3208007.67,0,0,3208007.67,0,0,3208007.67,0,0,3208007.67,0,0,3208007.67,0,0,3208007.67
0,1,AstraZeneca,2021-05-03,COVCANCER,0,0,0,0,0,0,0,0,0,0,0,0,0,0,0,0,0,0,0,0,0,0,0,0,0,0,0,0,0,0,0,0,0,0,0,0,0,0,0,0,0,0,0,0,0,0,0,0,0,0,2866730.26,0,0,2866730.26,0,0,2866730.26,0,0,2866730.26,0,0,2866730.26,0,0,2866730.26,0,0,2866730.26,0,0,2866730.26,0,0,2866730.26,0,0,2866730.26,0,0,2866730.26,0,0,2866730.26,0,0,2866730.26,0,0,2866730.26,0,0,2866730.26,0,0,2866730.26,0,0,2866730.26,0,0,2866730.26,0,0,2866730.26,0,0,2866730.26,0,0,2866730.26,0,0,2866730.26,0,0,2866730.26,0,0,2866730.26,0,0,2866730.26,0,0,2866730.26,0,0,2866730.26,0,0,2866730.26,0,0,2866730.26,0,0,2866730.26,0,0,2866730.26,0,0,2866730.26,0,0,2866730.26,0,0,2866730.26,0,0,2866730.26,0,0,2866730.26,0,0,2866730.26,0,0,2866730.26,0,0,2866730.26,0,0,2866730.26,0,0,5182166.23,0,0,2866730.26,0,0,2866730.26,0,0,2866730.26,0,0,2866730.26,0,0,2866730.26,0,0,2866730.26,0,0,2866730.26
0,1,AstraZeneca,2021-05-10,COVCANCER,0,0,0,0,0,0,0,0,0,0,0,0,0,0,0,0,0,0,0,0,0,0,0,0,0,0,0,0,0,0,0,0,0,0,0,0,0,0,0,0,0,0,0,0,0,0,0,0,0,0,2694726.44,0,0,2694726.44,0,0,2694726.44,0,0,2694726.44,0,0,2694726.44,0,0,2694726.44,0,0,2694726.44,0,0,2694726.44,0,0,2694726.44,0,0,2694726.44,0,0,2694726.44,0,0,2694726.44,0,0,2694726.44,0,0,2694726.44,0,0,2694726.44,0,0,2694726.44,0,0,2694726.44,0,0,2694726.44,0,0,2694726.44,0,0,2694726.44,0,0,2694726.44,0,0,2694726.44,0,0,2694726.44,0,0,2694726.44,0,0,2694726.44,0,0,2694726.44,0,0,2694726.44,0,0,2694726.44,0,0,2694726.44,0,0,2694726.44,0,0,2694726.44,0,0,2694726.44,0,0,2694726.44,0,0,2694726.44,0,0,2694726.44,0,0,2694726.44,0,0,2694726.44,0,0,2694726.44,0,0,2694726.44,0,0,2694726.44,0,0,5389452.88,0,0,2694726.44,0,0,2694726.44,0,0,2694726.44,0,0,2694726.44,0,0,2694726.44,0,0,2694726.44,0,0,2694726.44
0,1,AstraZeneca,2021-05-17,COVCANCER,0,0,0,0,0,0,0,0,0,0,0,0,0,0,0,0,0,0,0,0,0,0,0,0,0,0,0,0,0,0,0,0,0,0,0,0,0,0,0,0,0,0,0,0,0,0,0,0,0,0,2406005.75,0,0,2406005.75,0,0,2406005.75,0,0,2406005.75,0,0,2406005.75,0,0,2406005.75,0,0,2406005.75,0,0,2406005.75,0,0,2406005.75,0,0,2406005.75,0,0,2406005.75,0,0,2406005.75,0,0,2406005.75,0,0,2406005.75,0,0,2406005.75,0,0,2406005.75,0,0,2406005.75,0,0,2406005.75,0,0,2406005.75,0,0,2406005.75,0,0,2406005.75,0,0,2406005.75,0,0,2406005.75,0,0,2406005.75,0,0,2406005.75,0,0,2406005.75,0,0,2406005.75,0,0,2406005.75,0,0,2406005.75,0,0,2406005.75,0,0,2406005.75,0,0,2406005.75,0,0,2406005.75,0,0,2406005.75,0,0,2406005.75,0,0,2406005.75,0,0,2406005.75,0,0,2406005.75,0,0,2406005.75,0,0,2406005.75,0,0,6416015.34,0,0,2406005.75,0,0,2406005.75,0,0,2406005.75,0,0,2406005.75,0,0,2406005.75,0,0,2406005.75,0,0,2406005.75
0,1,AstraZeneca,2021-05-24,COVCANCER,0,0,0,0,0,0,0,0,0,0,0,0,0,0,0,0,0,0,0,0,0,0,0,0,0,0,0,0,0,0,0,0,0,0,0,0,0,0,0,0,0,0,0,0,0,0,0,0,0,0,2406005.75,0,0,2406005.75,0,0,2406005.75,0,0,2406005.75,0,0,2406005.75,0,0,2406005.75,0,0,2406005.75,0,0,2406005.75,0,0,2406005.75,0,0,2406005.75,0,0,2406005.75,0,0,2406005.75,0,0,2406005.75,0,0,2406005.75,0,0,2406005.75,0,0,2406005.75,0,0,2406005.75,0,0,2406005.75,0,0,2406005.75,0,0,2406005.75,0,0,2406005.75,0,0,2406005.75,0,0,2406005.75,0,0,2406005.75,0,0,2406005.75,0,0,2406005.75,0,0,2406005.75,0,0,2406005.75,0,0,2406005.75,0,0,2406005.75,0,0,2406005.75,0,0,2406005.75,0,0,2406005.75,0,0,2406005.75,0,0,2406005.75,0,0,2406005.75,0,0,2406005.75,0,0,2406005.75,0,0,2406005.75,0,0,2406005.75,0,0,6416015.34,0,0,2406005.75,0,0,2406005.75,0,0,2406005.75,0,0,2406005.75,0,0,2406005.75,0,0,2406005.75,0,0,2406005.75
0,1,AstraZeneca,2021-05-31,COVCANCER,0,0,0,0,0,0,0,0,0,0,0,0,0,0,0,0,0,0,0,0,0,0,0,0,0,0,0,0,0,0,0,0,0,0,0,0,0,0,0,0,0,0,0,0,0,0,0,0,0,0,2542194.76,0,0,2542194.76,0,0,2542194.76,0,0,2542194.76,0,0,2542194.76,0,0,2542194.76,0,0,2542194.76,0,0,2542194.76,0,0,2542194.76,0,0,2542194.76,0,0,2542194.76,0,0,2542194.76,0,0,2542194.76,0,0,2542194.76,0,0,2542194.76,0,0,2542194.76,0,0,2542194.76,0,0,2542194.76,0,0,2542194.76,0,0,2542194.76,0,0,2542194.76,0,0,2542194.76,0,0,2542194.76,0,0,2542194.76,0,0,2542194.76,0,0,2542194.76,0,0,2542194.76,0,0,2542194.76,0,0,2542194.76,0,0,2542194.76,0,0,2542194.76,0,0,2542194.76,0,0,2542194.76,0,0,2542194.76,0,0,2542194.76,0,0,2542194.76,0,0,2542194.76,0,0,2542194.76,0,0,2542194.76,0,0,2542194.76,0,0,7485351.23,0,0,2542194.76,0,0,2542194.76,0,0,2542194.76,0,0,2542194.76,0,0,2542194.76,0,0,2542194.76,0,0,2542194.76
0,1,AstraZeneca,2021-02-08,COVCANCER,0,0,0,0,0,0,0,0,0,0,0,0,0,0,0,0,0,0,0,0,0,0,0,0,0,0,0,0,0,0,0,0,0,0,0,0,0,0,0,0,0,0,0,0,0,0,0,0,0,0,134736322.06,0,0,134736322.06,0,0,134736322.06,0,0,134736322.06,0,0,134736322.06,0,0,134736322.06,0,0,134736322.06,0,0,134736322.06,0,0,134736322.06,0,0,134736322.06,0,0,134736322.06,0,0,134736322.06,0,0,134736322.06,0,0,134736322.06,0,0,134736322.06,0,0,134736322.06,0,0,134736322.06,0,0,134736322.06,0,0,134736322.06,0,0,134736322.06,0,0,134736322.06,0,0,134736322.06,0,0,134736322.06,0,0,134736322.06,0,0,134736322.06,0,0,134736322.06,0,0,134736322.06,0,0,134736322.06,0,0,134736322.06,0,0,134736322.06,0,0,134736322.06,0,0,134736322.06,0,0,134736322.06,0,0,134736322.06,0,0,134736322.06,0,0,134736322.06,0,0,134736322.06,0,0,134736322.06,0,0,134736322.06,0,0,134736322.06,0,0,134736322.06,0,0,134736322.06,0,0,134736322.06,0,0,134736322.06,0,0,134736322.06,0,0,134736322.06,0,0,134736322.06,0,0,134736322.06
0,1,AstraZeneca,2021-02-15,COVCANCER,0,0,0,0,0,0,0,0,0,0,0,0,0,0,0,0,0,0,0,0,0,0,0,0,0,0,0,0,0,0,0,0,0,0,0,0,0,0,0,0,0,0,0,0,0,0,0,0,0,0,19248046.01,0,0,19248046.01,0,0,19248046.01,0,0,19248046.01,0,0,19248046.01,0,0,19248046.01,0,0,19248046.01,0,0,19248046.01,0,0,19248046.01,0,0,19248046.01,0,0,19248046.01,0,0,19248046.01,0,0,19248046.01,0,0,19248046.01,0,0,19248046.01,0,0,19248046.01,0,0,19248046.01,0,0,19248046.01,0,0,19248046.01,0,0,19248046.01,0,0,19248046.01,0,0,19248046.01,0,0,19248046.01,0,0,19248046.01,0,0,19248046.01,0,0,19248046.01,0,0,19248046.01,0,0,19248046.01,0,0,19248046.01,0,0,19248046.01,0,0,19248046.01,0,0,19248046.01,0,0,19248046.01,0,0,19248046.01,0,0,19248046.01,0,0,19248046.01,0,0,19248046.01,0,0,19248046.01,0,0,19248046.01,0,0,19248046.01,0,0,19248046.01,0,0,19248046.01,0,0,19248046.01,0,0,19248046.01,0,0,19248046.01,0,0,19248046.01,0,0,19248046.01,0,0,19248046.01
0,1,AstraZeneca,2021-02-22,COVCANCER,0,0,0,0,0,0,0,0,0,0,0,0,0,0,0,0,0,0,0,0,0,0,0,0,0,0,0,0,0,0,0,0,0,0,0,0,0,0,0,0,0,0,0,0,0,0,0,0,0,0,19248046.01,0,0,19248046.01,0,0,19248046.01,0,0,19248046.01,0,0,19248046.01,0,0,19248046.01,0,0,19248046.01,0,0,19248046.01,0,0,19248046.01,0,0,19248046.01,0,0,19248046.01,0,0,19248046.01,0,0,19248046.01,0,0,19248046.01,0,0,19248046.01,0,0,19248046.01,0,0,19248046.01,0,0,19248046.01,0,0,19248046.01,0,0,19248046.01,0,0,19248046.01,0,0,19248046.01,0,0,19248046.01,0,0,19248046.01,0,0,19248046.01,0,0,19248046.01,0,0,19248046.01,0,0,19248046.01,0,0,19248046.01,0,0,19248046.01,0,0,19248046.01,0,0,19248046.01,0,0,19248046.01,0,0,19248046.01,0,0,19248046.01,0,0,19248046.01,0,0,19248046.01,0,0,19248046.01,0,0,19248046.01,0,0,19248046.01,0,0,19248046.01,0,0,19248046.01,0,0,19248046.01,0,0,19248046.01,0,0,19248046.01,0,0,19248046.01,0,0,19248046.01,0,0,19248046.01
0,1,AstraZeneca,2021-03-01,COVCANCER,0,0,0,0,0,0,0,0,0,0,0,0,0,0,0,0,0,0,0,0,0,0,0,0,0,0,0,0,0,0,0,0,0,0,0,0,0,0,0,0,0,0,0,0,0,0,0,0,0,0,19248046.01,0,0,19248046.01,0,0,19248046.01,0,0,19248046.01,0,0,19248046.01,0,0,19248046.01,0,0,19248046.01,0,0,19248046.01,0,0,19248046.01,0,0,19248046.01,0,0,19248046.01,0,0,19248046.01,0,0,19248046.01,0,0,19248046.01,0,0,19248046.01,0,0,19248046.01,0,0,19248046.01,0,0,19248046.01,0,0,19248046.01,0,0,19248046.01,0,0,19248046.01,0,0,19248046.01,0,0,19248046.01,0,0,19248046.01,0,0,19248046.01,0,0,19248046.01,0,0,19248046.01,0,0,19248046.01,0,0,19248046.01,0,0,19248046.01,0,0,19248046.01,0,0,19248046.01,0,0,19248046.01,0,0,19248046.01,0,0,19248046.01,0,0,19248046.01,0,0,19248046.01,0,0,19248046.01,0,0,19248046.01,0,0,19248046.01,0,0,19248046.01,0,0,19248046.01,0,0,19248046.01,0,0,19248046.01,0,0,19248046.01,0,0,19248046.01,0,0,19248046.01,0,0,19248046.01
0,1,AstraZeneca,2021-03-08,COVCANCER,0,0,0,0,0,0,0,0,0,0,0,0,0,0,0,0,0,0,0,0,0,0,0,0,0,0,0,0,0,0,0,0,0,0,0,0,0,0,0,0,0,0,0,0,0,0,0,0,0,0,19248046.01,0,0,19248046.01,0,0,19248046.01,0,0,19248046.01,0,0,19248046.01,0,0,19248046.01,0,0,19248046.01,0,0,19248046.01,0,0,19248046.01,0,0,19248046.01,0,0,19248046.01,0,0,19248046.01,0,0,19248046.01,0,0,19248046.01,0,0,19248046.01,0,0,19248046.01,0,0,19248046.01,0,0,19248046.01,0,0,19248046.01,0,0,19248046.01,0,0,19248046.01,0,0,19248046.01,0,0,19248046.01,0,0,19248046.01,0,0,19248046.01,0,0,19248046.01,0,0,19248046.01,0,0,19248046.01,0,0,19248046.01,0,0,19248046.01,0,0,19248046.01,0,0,19248046.01,0,0,19248046.01,0,0,19248046.01,0,0,19248046.01,0,0,19248046.01,0,0,19248046.01,0,0,19248046.01,0,0,19248046.01,0,0,19248046.01,0,0,19248046.01,0,0,19248046.01,0,0,19248046.01,0,0,19248046.01,0,0,19248046.01,0,0,19248046.01,0,0,19248046.01,0,0,19248046.01
0,1,Pfizer,2021-03-15,COVCANCER,0,0,0,0,0,0,0,0,0,0,0,0,0,0,0,0,0,0,0,0,0,0,0,0,0,0,0,0,0,0,0,0,0,0,0,0,0,0,0,0,0,0,0,0,0,0,0,0,0,0,4210510.06,0,0,4210510.06,0,0,4210510.06,0,0,5182166.23,0,0,4812011.5,0,0,4812011.5,0,0,4210510.06,0,0,4210510.06,0,0,4210510.06,0,0,4210510.06,0,0,4210510.06,0,0,4210510.06,0,0,4210510.06,0,0,4210510.06,0,0,4210510.06,0,0,4210510.06,0,0,4812011.5,0,0,4812011.5,0,0,4210510.06,0,0,4210510.06,0,0,4210510.06,0,0,4210510.06,0,0,4210510.06,0,0,4210510.06,0,0,4210510.06,0,0,4210510.06,0,0,4210510.06,0,0,4210510.06,0,0,4210510.06,0,0,4210510.06,0,0,4210510.06,0,0,4210510.06,0,0,4210510.06,0,0,4210510.06,0,0,4210510.06,0,0,4210510.06,0,0,4210510.06,0,0,4210510.06,0,0,4210510.06,0,0,4210510.06,0,0,19248046.01,0,0,4210510.06,0,0,4210510.06,0,0,4210510.06,0,0,4210510.06,0,0,4210510.06,0,0,4210510.06,0,0,4210510.06
0,1,Pfizer,2021-03-22,COVCANCER,0,0,0,0,0,0,0,0,0,0,0,0,0,0,0,0,0,0,0,0,0,0,0,0,0,0,0,0,0,0,0,0,0,0,0,0,0,0,0,0,0,0,0,0,0,0,0,0,0,0,3133402.84,0,0,3133402.84,0,0,3133402.84,0,0,3742675.61,0,0,3742675.61,0,0,3742675.61,0,0,3133402.84,0,0,3133402.84,0,0,3133402.84,0,0,3133402.84,0,0,3133402.84,0,0,3133402.84,0,0,3133402.84,0,0,3133402.84,0,0,3133402.84,0,0,3133402.84,0,0,3742675.61,0,0,3742675.61,0,0,3133402.84,0,0,3133402.84,0,0,3133402.84,0,0,3133402.84,0,0,3133402.84,0,0,3133402.84,0,0,3133402.84,0,0,3133402.84,0,0,3133402.84,0,0,3133402.84,0,0,3133402.84,0,0,3133402.84,0,0,3133402.84,0,0,3133402.84,0,0,3133402.84,0,0,3133402.84,0,0,3133402.84,0,0,3133402.84,0,0,3133402.84,0,0,3133402.84,0,0,3133402.84,0,0,3133402.84,0,0,9624023,0,0,3133402.84,0,0,3133402.84,0,0,3133402.84,0,0,3133402.84,0,0,3133402.84,0,0,3133402.84,0,0,3133402.84
0,1,Pfizer,2021-03-29,COVCANCER,0,0,0,0,0,0,0,0,0,0,0,0,0,0,0,0,0,0,0,0,0,0,0,0,0,0,0,0,0,0,0,0,0,0,0,0,0,0,0,0,0,0,0,0,0,0,0,0,0,0,2495117.08,0,0,2495117.08,0,0,2495117.08,0,0,2749720.86,0,0,2866730.26,0,0,2866730.26,0,0,2495117.08,0,0,2495117.08,0,0,2495117.08,0,0,2495117.08,0,0,2495117.08,0,0,2495117.08,0,0,2495117.08,0,0,2495117.08,0,0,2495117.08,0,0,2495117.08,0,0,2866730.26,0,0,2866730.26,0,0,2495117.08,0,0,2495117.08,0,0,2495117.08,0,0,2495117.08,0,0,2495117.08,0,0,2495117.08,0,0,2495117.08,0,0,2495117.08,0,0,2495117.08,0,0,2495117.08,0,0,2495117.08,0,0,2495117.08,0,0,2495117.08,0,0,2495117.08,0,0,2495117.08,0,0,2495117.08,0,0,2495117.08,0,0,2495117.08,0,0,2495117.08,0,0,2495117.08,0,0,2495117.08,0,0,2495117.08,0,0,11228026.84,0,0,2495117.08,0,0,2495117.08,0,0,2495117.08,0,0,2495117.08,0,0,2495117.08,0,0,2495117.08,0,0,2495117.08
0,1,Pfizer,2021-04-05,COVCANCER,0,0,0,0,0,0,0,0,0,0,0,0,0,0,0,0,0,0,0,0,0,0,0,0,0,0,0,0,0,0,0,0,0,0,0,0,0,0,0,0,0,0,0,0,0,0,0,0,0,0,2072866.49,0,0,2072866.49,0,0,2072866.49,0,0,2072866.49,0,0,2323040.04,0,0,2323040.04,0,0,2072866.49,0,0,2072866.49,0,0,2072866.49,0,0,2072866.49,0,0,2072866.49,0,0,2072866.49,0,0,2072866.49,0,0,2072866.49,0,0,2072866.49,0,0,2072866.49,0,0,2323040.04,0,0,2323040.04,0,0,2072866.49,0,0,2072866.49,0,0,2072866.49,0,0,2072866.49,0,0,2072866.49,0,0,2072866.49,0,0,2072866.49,0,0,2072866.49,0,0,2072866.49,0,0,2072866.49,0,0,2072866.49,0,0,2072866.49,0,0,2072866.49,0,0,2072866.49,0,0,2072866.49,0,0,2072866.49,0,0,2072866.49,0,0,2072866.49,0,0,2072866.49,0,0,2072866.49,0,0,2072866.49,0,0,2072866.49,0,0,22456053.68,0,0,2072866.49,0,0,2072866.49,0,0,2072866.49,0,0,2072866.49,0,0,2072866.49,0,0,2072866.49,0,0,2072866.49
0,1,Pfizer,2021-06-21,COVCANCER,0,0,0,0,0,0,0,0,0,0,0,0,0,0,0,0,0,0,0,0,0,0,0,0,0,0,0,0,0,0,0,0,0,0,0,0,0,0,0,0,0,0,0,0,0,0,0,0,0,0,1374860.43,0,0,1374860.43,0,0,1374860.43,0,0,1374860.43,0,0,1480618.92,0,0,1480618.92,0,0,1374860.43,0,0,1374860.43,0,0,1374860.43,0,0,1374860.43,0,0,1374860.43,0,0,1374860.43,0,0,1374860.43,0,0,1374860.43,0,0,1374860.43,0,0,1374860.43,0,0,1480618.92,0,0,1480618.92,0,0,1374860.43,0,0,1374860.43,0,0,1374860.43,0,0,1374860.43,0,0,1374860.43,0,0,1374860.43,0,0,1374860.43,0,0,1374860.43,0,0,1374860.43,0,0,1374860.43,0,0,1374860.43,0,0,1374860.43,0,0,1374860.43,0,0,1374860.43,0,0,1374860.43,0,0,1374860.43,0,0,1374860.43,0,0,1374860.43,0,0,1374860.43,0,0,1374860.43,0,0,1374860.43,0,0,1374860.43,0,0,2406005.75,0,0,1374860.43,0,0,1374860.43,0,0,1374860.43,0,0,1374860.43,0,0,1374860.43,0,0,1374860.43,0,0,1374860.43
0,1,Pfizer,2021-06-28,COVCANCER,0,0,0,0,0,0,0,0,0,0,0,0,0,0,0,0,0,0,0,0,0,0,0,0,0,0,0,0,0,0,0,0,0,0,0,0,0,0,0,0,0,0,0,0,0,0,0,0,0,0,3454777.49,0,0,3454777.49,0,0,3454777.49,0,0,3454777.49,0,0,3742675.61,0,0,3742675.61,0,0,3454777.49,0,0,3454777.49,0,0,3454777.49,0,0,3454777.49,0,0,3454777.49,0,0,3454777.49,0,0,3454777.49,0,0,3454777.49,0,0,3454777.49,0,0,3454777.49,0,0,3742675.61,0,0,3742675.61,0,0,3454777.49,0,0,3454777.49,0,0,3454777.49,0,0,3454777.49,0,0,3454777.49,0,0,3454777.49,0,0,3454777.49,0,0,3454777.49,0,0,3454777.49,0,0,3454777.49,0,0,3454777.49,0,0,3454777.49,0,0,3454777.49,0,0,3454777.49,0,0,3454777.49,0,0,3454777.49,0,0,3454777.49,0,0,3454777.49,0,0,3454777.49,0,0,3454777.49,0,0,3454777.49,0,0,3454777.49,0,0,5614013.42,0,0,3454777.49,0,0,3454777.49,0,0,3454777.49,0,0,3454777.49,0,0,3454777.49,0,0,3454777.49,0,0,3454777.49
0,2,AstraZeneca,2021-05-31,COVCANCER,0,0,0,0,0,0,0,0,0,0,0,0,0,0,0,0,0,0,0,0,0,0,0,0,0,0,0,0,0,0,0,0,0,0,0,0,0,0,0,0,0,0,0,0,0,0,0,0,0,0,13473632.21,0,0,13473632.21,0,0,13473632.21,0,0,13473632.21,0,0,13473632.21,0,0,13473632.21,0,0,13473632.21,0,0,13473632.21,0,0,13473632.21,0,0,13473632.21,0,0,13473632.21,0,0,13473632.21,0,0,13473632.21,0,0,13473632.21,0,0,13473632.21,0,0,13473632.21,0,0,13473632.21,0,0,13473632.21,0,0,13473632.21,0,0,13473632.21,0,0,13473632.21,0,0,13473632.21,0,0,13473632.21,0,0,13473632.21,0,0,13473632.21,0,0,13473632.21,0,0,13473632.21,0,0,13473632.21,0,0,13473632.21,0,0,13473632.21,0,0,13473632.21,0,0,13473632.21,0,0,13473632.21,0,0,13473632.21,0,0,13473632.21,0,0,13473632.21,0,0,13473632.21,0,0,13473632.21,0,0,13473632.21,0,0,13473632.21,0,0,13473632.21,0,0,13473632.21,0,0,13473632.21,0,0,13473632.21,0,0,13473632.21,0,0,13473632.21,0,0,13473632.21,0,0,13473632.21
0,2,AstraZeneca,2021-06-07,COVCANCER,0,0,0,0,0,0,0,0,0,0,0,0,0,0,0,0,0,0,0,0,0,0,0,0,0,0,0,0,0,0,0,0,0,0,0,0,0,0,0,0,0,0,0,0,0,0,0,0,0,0,6416015.34,0,0,6416015.34,0,0,6416015.34,0,0,6416015.34,0,0,6416015.34,0,0,6416015.34,0,0,6416015.34,0,0,6416015.34,0,0,6416015.34,0,0,6416015.34,0,0,6416015.34,0,0,6416015.34,0,0,6416015.34,0,0,6416015.34,0,0,6416015.34,0,0,6416015.34,0,0,6416015.34,0,0,6416015.34,0,0,6416015.34,0,0,6416015.34,0,0,6416015.34,0,0,6416015.34,0,0,6416015.34,0,0,6416015.34,0,0,6416015.34,0,0,6416015.34,0,0,6416015.34,0,0,6416015.34,0,0,6416015.34,0,0,6416015.34,0,0,6416015.34,0,0,6416015.34,0,0,6416015.34,0,0,6416015.34,0,0,6416015.34,0,0,6416015.34,0,0,6416015.34,0,0,6416015.34,0,0,6416015.34,0,0,6416015.34,0,0,6416015.34,0,0,6416015.34,0,0,6416015.34,0,0,6416015.34,0,0,6416015.34,0,0,6416015.34,0,0,6416015.34,0,0,6416015.34
0,2,AstraZeneca,2021-06-14,COVCANCER,0,0,0,0,0,0,0,0,0,0,0,0,0,0,0,0,0,0,0,0,0,0,0,0,0,0,0,0,0,0,0,0,0,0,0,0,0,0,0,0,0,0,0,0,0,0,0,0,0,0,4812011.5,0,0,4812011.5,0,0,4812011.5,0,0,4812011.5,0,0,4812011.5,0,0,4812011.5,0,0,4812011.5,0,0,4812011.5,0,0,4812011.5,0,0,4812011.5,0,0,4812011.5,0,0,4812011.5,0,0,4812011.5,0,0,4812011.5,0,0,4812011.5,0,0,4812011.5,0,0,4812011.5,0,0,4812011.5,0,0,4812011.5,0,0,4812011.5,0,0,4812011.5,0,0,4812011.5,0,0,4812011.5,0,0,4812011.5,0,0,4812011.5,0,0,4812011.5,0,0,4812011.5,0,0,4812011.5,0,0,4812011.5,0,0,4812011.5,0,0,4812011.5,0,0,4812011.5,0,0,4812011.5,0,0,4812011.5,0,0,4812011.5,0,0,4812011.5,0,0,4812011.5,0,0,4812011.5,0,0,4812011.5,0,0,4812011.5,0,0,6416015.34,0,0,4812011.5,0,0,4812011.5,0,0,4812011.5,0,0,4812011.5,0,0,4812011.5,0,0,4812011.5,0,0,4812011.5
0,2,AstraZeneca,2021-06-21,COVCANCER,0,0,0,0,0,0,0,0,0,0,0,0,0,0,0,0,0,0,0,0,0,0,0,0,0,0,0,0,0,0,0,0,0,0,0,0,0,0,0,0,0,0,0,0,0,0,0,0,0,0,4346332.97,0,0,4346332.97,0,0,4346332.97,0,0,4346332.97,0,0,4346332.97,0,0,4346332.97,0,0,4346332.97,0,0,4346332.97,0,0,4346332.97,0,0,4346332.97,0,0,4346332.97,0,0,4346332.97,0,0,4346332.97,0,0,4346332.97,0,0,4346332.97,0,0,4346332.97,0,0,4346332.97,0,0,4346332.97,0,0,4346332.97,0,0,4346332.97,0,0,4346332.97,0,0,4346332.97,0,0,4346332.97,0,0,4346332.97,0,0,4346332.97,0,0,4346332.97,0,0,4346332.97,0,0,4346332.97,0,0,4346332.97,0,0,4346332.97,0,0,4346332.97,0,0,4346332.97,0,0,4346332.97,0,0,4346332.97,0,0,4346332.97,0,0,4346332.97,0,0,4346332.97,0,0,4346332.97,0,0,4346332.97,0,0,4346332.97,0,0,6416015.34,0,0,4346332.97,0,0,4346332.97,0,0,4346332.97,0,0,4346332.97,0,0,4346332.97,0,0,4346332.97,0,0,4346332.97
0,2,AstraZeneca,2021-06-28,COVCANCER,0,0,0,0,0,0,0,0,0,0,0,0,0,0,0,0,0,0,0,0,0,0,0,0,0,0,0,0,0,0,0,0,0,0,0,0,0,0,0,0,0,0,0,0,0,0,0,0,0,0,8982421.47,0,0,8982421.47,0,0,8982421.47,0,0,8982421.47,0,0,8982421.47,0,0,8982421.47,0,0,8982421.47,0,0,8982421.47,0,0,8982421.47,0,0,8982421.47,0,0,8982421.47,0,0,8982421.47,0,0,8982421.47,0,0,8982421.47,0,0,8982421.47,0,0,8982421.47,0,0,8982421.47,0,0,8982421.47,0,0,8982421.47,0,0,8982421.47,0,0,8982421.47,0,0,8982421.47,0,0,8982421.47,0,0,8982421.47,0,0,8982421.47,0,0,8982421.47,0,0,8982421.47,0,0,8982421.47,0,0,8982421.47,0,0,8982421.47,0,0,8982421.47,0,0,8982421.47,0,0,8982421.47,0,0,8982421.47,0,0,8982421.47,0,0,8982421.47,0,0,8982421.47,0,0,8982421.47,0,0,8982421.47,0,0,8982421.47,0,0,14970702.45,0,0,8982421.47,0,0,8982421.47,0,0,8982421.47,0,0,8982421.47,0,0,8982421.47,0,0,8982421.47,0,0,8982421.47
0,2,AstraZeneca,2021-05-10,COVCANCER,0,0,0,0,0,0,0,0,0,0,0,0,0,0,0,0,0,0,0,0,0,0,0,0,0,0,0,0,0,0,0,0,0,0,0,0,0,0,0,0,0,0,0,0,0,0,0,0,0,0,44912107.35,0,0,44912107.35,0,0,44912107.35,0,0,44912107.35,0,0,44912107.35,0,0,44912107.35,0,0,44912107.35,0,0,44912107.35,0,0,44912107.35,0,0,44912107.35,0,0,44912107.35,0,0,44912107.35,0,0,44912107.35,0,0,44912107.35,0,0,44912107.35,0,0,44912107.35,0,0,44912107.35,0,0,44912107.35,0,0,44912107.35,0,0,44912107.35,0,0,44912107.35,0,0,44912107.35,0,0,44912107.35,0,0,44912107.35,0,0,44912107.35,0,0,44912107.35,0,0,44912107.35,0,0,44912107.35,0,0,44912107.35,0,0,44912107.35,0,0,44912107.35,0,0,44912107.35,0,0,44912107.35,0,0,44912107.35,0,0,44912107.35,0,0,44912107.35,0,0,44912107.35,0,0,44912107.35,0,0,44912107.35,0,0,44912107.35,0,0,44912107.35,0,0,44912107.35,0,0,44912107.35,0,0,44912107.35,0,0,44912107.35,0,0,44912107.35,0,0,44912107.35,0,0,44912107.35
0,2,AstraZeneca,2021-05-17,COVCANCER,0,0,0,0,0,0,0,0,0,0,0,0,0,0,0,0,0,0,0,0,0,0,0,0,0,0,0,0,0,0,0,0,0,0,0,0,0,0,0,0,0,0,0,0,0,0,0,0,0,0,19248046.01,0,0,19248046.01,0,0,19248046.01,0,0,19248046.01,0,0,19248046.01,0,0,19248046.01,0,0,19248046.01,0,0,19248046.01,0,0,19248046.01,0,0,19248046.01,0,0,19248046.01,0,0,19248046.01,0,0,19248046.01,0,0,19248046.01,0,0,19248046.01,0,0,19248046.01,0,0,19248046.01,0,0,19248046.01,0,0,19248046.01,0,0,19248046.01,0,0,19248046.01,0,0,19248046.01,0,0,19248046.01,0,0,19248046.01,0,0,19248046.01,0,0,19248046.01,0,0,19248046.01,0,0,19248046.01,0,0,19248046.01,0,0,19248046.01,0,0,19248046.01,0,0,19248046.01,0,0,19248046.01,0,0,19248046.01,0,0,19248046.01,0,0,19248046.01,0,0,19248046.01,0,0,19248046.01,0,0,19248046.01,0,0,19248046.01,0,0,19248046.01,0,0,19248046.01,0,0,19248046.01,0,0,19248046.01,0,0,19248046.01,0,0,19248046.01,0,0,19248046.01,0,0,19248046.01
0,2,AstraZeneca,2021-05-24,COVCANCER,0,0,0,0,0,0,0,0,0,0,0,0,0,0,0,0,0,0,0,0,0,0,0,0,0,0,0,0,0,0,0,0,0,0,0,0,0,0,0,0,0,0,0,0,0,0,0,0,0,0,19248046.01,0,0,19248046.01,0,0,19248046.01,0,0,19248046.01,0,0,19248046.01,0,0,19248046.01,0,0,19248046.01,0,0,19248046.01,0,0,19248046.01,0,0,19248046.01,0,0,19248046.01,0,0,19248046.01,0,0,19248046.01,0,0,19248046.01,0,0,19248046.01,0,0,19248046.01,0,0,19248046.01,0,0,19248046.01,0,0,19248046.01,0,0,19248046.01,0,0,19248046.01,0,0,19248046.01,0,0,19248046.01,0,0,19248046.01,0,0,19248046.01,0,0,19248046.01,0,0,19248046.01,0,0,19248046.01,0,0,19248046.01,0,0,19248046.01,0,0,19248046.01,0,0,19248046.01,0,0,19248046.01,0,0,19248046.01,0,0,19248046.01,0,0,19248046.01,0,0,19248046.01,0,0,19248046.01,0,0,19248046.01,0,0,19248046.01,0,0,19248046.01,0,0,19248046.01,0,0,19248046.01,0,0,19248046.01,0,0,19248046.01,0,0,19248046.01,0,0,19248046.01,0,0,19248046.01
0,2,Pfizer,2021-04-05,COVCANCER,0,0,0,0,0,0,0,0,0,0,0,0,0,0,0,0,0,0,0,0,0,0,0,0,0,0,0,0,0,0,0,0,0,0,0,0,0,0,0,0,0,0,0,0,0,0,0,0,0,0,3454777.49,0,0,3454777.49,0,0,3454777.49,0,0,4210510.06,0,0,3454777.49,0,0,3454777.49,0,0,3454777.49,0,0,3454777.49,0,0,3454777.49,0,0,3454777.49,0,0,3454777.49,0,0,3454777.49,0,0,3454777.49,0,0,3454777.49,0,0,3454777.49,0,0,3454777.49,0,0,3454777.49,0,0,3454777.49,0,0,3454777.49,0,0,3454777.49,0,0,3454777.49,0,0,3454777.49,0,0,3454777.49,0,0,3454777.49,0,0,3454777.49,0,0,3454777.49,0,0,3454777.49,0,0,3454777.49,0,0,3454777.49,0,0,3454777.49,0,0,3454777.49,0,0,3454777.49,0,0,3454777.49,0,0,3454777.49,0,0,3454777.49,0,0,3454777.49,0,0,3454777.49,0,0,3454777.49,0,0,3454777.49,0,0,3454777.49,0,0,8982421.47,0,0,3454777.49,0,0,3454777.49,0,0,3454777.49,0,0,3454777.49,0,0,3454777.49,0,0,3454777.49,0,0,3454777.49
0,2,Pfizer,2021-04-12,COVCANCER,0,0,0,0,0,0,0,0,0,0,0,0,0,0,0,0,0,0,0,0,0,0,0,0,0,0,0,0,0,0,0,0,0,0,0,0,0,0,0,0,0,0,0,0,0,0,0,0,0,0,2406005.75,0,0,2406005.75,0,0,2406005.75,0,0,2749720.86,0,0,2406005.75,0,0,2406005.75,0,0,2406005.75,0,0,2406005.75,0,0,2406005.75,0,0,2406005.75,0,0,2406005.75,0,0,2406005.75,0,0,2406005.75,0,0,2406005.75,0,0,2406005.75,0,0,2406005.75,0,0,2406005.75,0,0,2406005.75,0,0,2406005.75,0,0,2406005.75,0,0,2406005.75,0,0,2406005.75,0,0,2406005.75,0,0,2406005.75,0,0,2406005.75,0,0,2406005.75,0,0,2406005.75,0,0,2406005.75,0,0,2406005.75,0,0,2406005.75,0,0,2406005.75,0,0,2406005.75,0,0,2406005.75,0,0,2406005.75,0,0,2406005.75,0,0,2406005.75,0,0,2406005.75,0,0,2406005.75,0,0,2406005.75,0,0,2406005.75,0,0,6416015.34,0,0,2406005.75,0,0,2406005.75,0,0,2406005.75,0,0,2406005.75,0,0,2406005.75,0,0,2406005.75,0,0,2406005.75
0,2,Pfizer,2021-04-19,COVCANCER,0,0,0,0,0,0,0,0,0,0,0,0,0,0,0,0,0,0,0,0,0,0,0,0,0,0,0,0,0,0,0,0,0,0,0,0,0,0,0,0,0,0,0,0,0,0,0,0,0,0,2105255.03,0,0,2105255.03,0,0,2105255.03,0,0,2363795.12,0,0,2105255.03,0,0,2105255.03,0,0,2105255.03,0,0,2105255.03,0,0,2105255.03,0,0,2105255.03,0,0,2105255.03,0,0,2105255.03,0,0,2105255.03,0,0,2105255.03,0,0,2105255.03,0,0,2105255.03,0,0,2105255.03,0,0,2105255.03,0,0,2105255.03,0,0,2105255.03,0,0,2105255.03,0,0,2105255.03,0,0,2105255.03,0,0,2105255.03,0,0,2105255.03,0,0,2105255.03,0,0,2105255.03,0,0,2105255.03,0,0,2105255.03,0,0,2105255.03,0,0,2105255.03,0,0,2105255.03,0,0,2105255.03,0,0,2105255.03,0,0,2105255.03,0,0,2105255.03,0,0,2105255.03,0,0,2105255.03,0,0,2105255.03,0,0,2105255.03,0,0,6416015.34,0,0,2105255.03,0,0,2105255.03,0,0,2105255.03,0,0,2105255.03,0,0,2105255.03,0,0,2105255.03,0,0,2105255.03
0,2,Pfizer,2021-04-26,COVCANCER,0,0,0,0,0,0,0,0,0,0,0,0,0,0,0,0,0,0,0,0,0,0,0,0,0,0,0,0,0,0,0,0,0,0,0,0,0,0,0,0,0,0,0,0,0,0,0,0,0,0,1531094.57,0,0,1531094.57,0,0,1531094.57,0,0,1663411.38,0,0,1531094.57,0,0,1531094.57,0,0,1531094.57,0,0,1531094.57,0,0,1531094.57,0,0,1531094.57,0,0,1531094.57,0,0,1531094.57,0,0,1531094.57,0,0,1531094.57,0,0,1531094.57,0,0,1531094.57,0,0,1531094.57,0,0,1531094.57,0,0,1531094.57,0,0,1531094.57,0,0,1531094.57,0,0,1531094.57,0,0,1531094.57,0,0,1531094.57,0,0,1531094.57,0,0,1531094.57,0,0,1531094.57,0,0,1531094.57,0,0,1531094.57,0,0,1531094.57,0,0,1531094.57,0,0,1531094.57,0,0,1531094.57,0,0,1531094.57,0,0,1531094.57,0,0,1531094.57,0,0,1531094.57,0,0,1531094.57,0,0,1531094.57,0,0,1531094.57,0,0,6416015.34,0,0,1531094.57,0,0,1531094.57,0,0,1531094.57,0,0,1531094.57,0,0,1531094.57,0,0,1531094.57,0,0,1531094.57
0,2,Pfizer,2021-05-03,COVCANCER,0,0,0,0,0,0,0,0,0,0,0,0,0,0,0,0,0,0,0,0,0,0,0,0,0,0,0,0,0,0,0,0,0,0,0,0,0,0,0,0,0,0,0,0,0,0,0,0,0,0,1203002.88,0,0,1203002.88,0,0,1203002.88,0,0,1283203.07,0,0,1203002.88,0,0,1203002.88,0,0,1203002.88,0,0,1203002.88,0,0,1203002.88,0,0,1203002.88,0,0,1203002.88,0,0,1203002.88,0,0,1203002.88,0,0,1203002.88,0,0,1203002.88,0,0,1203002.88,0,0,1203002.88,0,0,1203002.88,0,0,1203002.88,0,0,1203002.88,0,0,1203002.88,0,0,1203002.88,0,0,1203002.88,0,0,1203002.88,0,0,1203002.88,0,0,1203002.88,0,0,1203002.88,0,0,1203002.88,0,0,1203002.88,0,0,1203002.88,0,0,1203002.88,0,0,1203002.88,0,0,1203002.88,0,0,1203002.88,0,0,1203002.88,0,0,1203002.88,0,0,1203002.88,0,0,1203002.88,0,0,1203002.88,0,0,1203002.88,0,0,5858100.96,0,0,1203002.88,0,0,1203002.88,0,0,1203002.88,0,0,1203002.88,0,0,1203002.88,0,0,1203002.88,0,0,1203002.88
0,2,Pfizer,2021-05-10,COVCANCER,0,0,0,0,0,0,0,0,0,0,0,0,0,0,0,0,0,0,0,0,0,0,0,0,0,0,0,0,0,0,0,0,0,0,0,0,0,0,0,0,0,0,0,0,0,0,0,0,0,0,1013055.05,0,0,1013055.05,0,0,1013055.05,0,0,1069335.89,0,0,1013055.05,0,0,1013055.05,0,0,1013055.05,0,0,1013055.05,0,0,1013055.05,0,0,1013055.05,0,0,1013055.05,0,0,1013055.05,0,0,1013055.05,0,0,1013055.05,0,0,1013055.05,0,0,1013055.05,0,0,1013055.05,0,0,1013055.05,0,0,1013055.05,0,0,1013055.05,0,0,1013055.05,0,0,1013055.05,0,0,1013055.05,0,0,1013055.05,0,0,1013055.05,0,0,1013055.05,0,0,1013055.05,0,0,1013055.05,0,0,1013055.05,0,0,1013055.05,0,0,1013055.05,0,0,1013055.05,0,0,1013055.05,0,0,1013055.05,0,0,1013055.05,0,0,1013055.05,0,0,1013055.05,0,0,1013055.05,0,0,1013055.05,0,0,1013055.05,0,0,4346332.97,0,0,1013055.05,0,0,1013055.05,0,0,1013055.05,0,0,1013055.05,0,0,1013055.05,0,0,1013055.05,0,0,1013055.05
0,2,Pfizer,2021-05-17,COVCANCER,0,0,0,0,0,0,0,0,0,0,0,0,0,0,0,0,0,0,0,0,0,0,0,0,0,0,0,0,0,0,0,0,0,0,0,0,0,0,0,0,0,0,0,0,0,0,0,0,0,0,935668.9,0,0,935668.9,0,0,935668.9,0,0,983476.8,0,0,935668.9,0,0,935668.9,0,0,935668.9,0,0,935668.9,0,0,935668.9,0,0,935668.9,0,0,935668.9,0,0,935668.9,0,0,935668.9,0,0,935668.9,0,0,935668.9,0,0,935668.9,0,0,935668.9,0,0,935668.9,0,0,935668.9,0,0,935668.9,0,0,935668.9,0,0,935668.9,0,0,935668.9,0,0,935668.9,0,0,935668.9,0,0,935668.9,0,0,935668.9,0,0,935668.9,0,0,935668.9,0,0,935668.9,0,0,935668.9,0,0,935668.9,0,0,935668.9,0,0,935668.9,0,0,935668.9,0,0,935668.9,0,0,935668.9,0,0,935668.9,0,0,935668.9,0,0,935668.9,0,0,3849609.2,0,0,935668.9,0,0,935668.9,0,0,935668.9,0,0,935668.9,0,0,935668.9,0,0,935668.9,0,0,935668.9
0,2,Pfizer,2021-05-24,COVCANCER,0,0,0,0,0,0,0,0,0,0,0,0,0,0,0,0,0,0,0,0,0,0,0,0,0,0,0,0,0,0,0,0,0,0,0,0,0,0,0,0,0,0,0,0,0,0,0,0,0,0,858193.13,0,0,858193.13,0,0,858193.13,0,0,898242.15,0,0,858193.13,0,0,858193.13,0,0,858193.13,0,0,858193.13,0,0,858193.13,0,0,858193.13,0,0,858193.13,0,0,858193.13,0,0,858193.13,0,0,858193.13,0,0,858193.13,0,0,858193.13,0,0,858193.13,0,0,858193.13,0,0,858193.13,0,0,858193.13,0,0,858193.13,0,0,858193.13,0,0,858193.13,0,0,858193.13,0,0,858193.13,0,0,858193.13,0,0,858193.13,0,0,858193.13,0,0,858193.13,0,0,858193.13,0,0,858193.13,0,0,858193.13,0,0,858193.13,0,0,858193.13,0,0,858193.13,0,0,858193.13,0,0,858193.13,0,0,858193.13,0,0,858193.13,0,0,858193.13,0,0,3641522.22,0,0,858193.13,0,0,858193.13,0,0,858193.13,0,0,858193.13,0,0,858193.13,0,0,858193.13,0,0,858193.13
0,2,Pfizer,2021-05-31,COVCANCER,0,0,0,0,0,0,0,0,0,0,0,0,0,0,0,0,0,0,0,0,0,0,0,0,0,0,0,0,0,0,0,0,0,0,0,0,0,0,0,0,0,0,0,0,0,0,0,0,0,0,774346.68,0,0,774346.68,0,0,774346.68,0,0,806804.32,0,0,774346.68,0,0,774346.68,0,0,774346.68,0,0,774346.68,0,0,774346.68,0,0,774346.68,0,0,774346.68,0,0,774346.68,0,0,774346.68,0,0,774346.68,0,0,774346.68,0,0,774346.68,0,0,774346.68,0,0,774346.68,0,0,774346.68,0,0,774346.68,0,0,774346.68,0,0,774346.68,0,0,774346.68,0,0,774346.68,0,0,774346.68,0,0,774346.68,0,0,774346.68,0,0,774346.68,0,0,774346.68,0,0,774346.68,0,0,774346.68,0,0,774346.68,0,0,774346.68,0,0,774346.68,0,0,774346.68,0,0,774346.68,0,0,774346.68,0,0,774346.68,0,0,774346.68,0,0,774346.68,0,0,3208007.67,0,0,774346.68,0,0,774346.68,0,0,774346.68,0,0,774346.68,0,0,774346.68,0,0,774346.68,0,0,774346.68
0,2,Pfizer,2021-06-07,COVCANCER,0,0,0,0,0,0,0,0,0,0,0,0,0,0,0,0,0,0,0,0,0,0,0,0,0,0,0,0,0,0,0,0,0,0,0,0,0,0,0,0,0,0,0,0,0,0,0,0,0,0,765547.28,0,0,765547.28,0,0,765547.28,0,0,797256.34,0,0,765547.28,0,0,765547.28,0,0,765547.28,0,0,765547.28,0,0,765547.28,0,0,765547.28,0,0,765547.28,0,0,765547.28,0,0,765547.28,0,0,765547.28,0,0,765547.28,0,0,765547.28,0,0,765547.28,0,0,765547.28,0,0,765547.28,0,0,765547.28,0,0,765547.28,0,0,765547.28,0,0,765547.28,0,0,765547.28,0,0,765547.28,0,0,765547.28,0,0,765547.28,0,0,765547.28,0,0,765547.28,0,0,765547.28,0,0,765547.28,0,0,765547.28,0,0,765547.28,0,0,765547.28,0,0,765547.28,0,0,765547.28,0,0,765547.28,0,0,765547.28,0,0,765547.28,0,0,765547.28,0,0,3208007.67,0,0,765547.28,0,0,765547.28,0,0,765547.28,0,0,765547.28,0,0,765547.28,0,0,765547.28,0,0,765547.28
0,2,Pfizer,2021-06-14,COVCANCER,0,0,0,0,0,0,0,0,0,0,0,0,0,0,0,0,0,0,0,0,0,0,0,0,0,0,0,0,0,0,0,0,0,0,0,0,0,0,0,0,0,0,0,0,0,0,0,0,0,0,740309.46,0,0,740309.46,0,0,740309.46,0,0,769921.84,0,0,740309.46,0,0,740309.46,0,0,740309.46,0,0,740309.46,0,0,740309.46,0,0,740309.46,0,0,740309.46,0,0,740309.46,0,0,740309.46,0,0,740309.46,0,0,740309.46,0,0,740309.46,0,0,740309.46,0,0,740309.46,0,0,740309.46,0,0,740309.46,0,0,740309.46,0,0,740309.46,0,0,740309.46,0,0,740309.46,0,0,740309.46,0,0,740309.46,0,0,740309.46,0,0,740309.46,0,0,740309.46,0,0,740309.46,0,0,740309.46,0,0,740309.46,0,0,740309.46,0,0,740309.46,0,0,740309.46,0,0,740309.46,0,0,740309.46,0,0,740309.46,0,0,740309.46,0,0,740309.46,0,0,3208007.67,0,0,740309.46,0,0,740309.46,0,0,740309.46,0,0,740309.46,0,0,740309.46,0,0,740309.46,0,0,740309.46
0,1,Moderna,2021-03-15,COVCANCER,0,0,0,0,0,0,0,0,0,0,0,0,0,0,0,0,0,0,0,0,0,0,0,0,0,0,0,0,0,0,0,0,0,0,0,0,0,0,0,0,0,0,0,0,0,0,0,0,0,0,22456053.68,0,0,22456053.68,0,0,22456053.68,0,0,22456053.68,0,0,22456053.68,0,0,22456053.68,0,0,22456053.68,0,0,22456053.68,0,0,22456053.68,0,0,22456053.68,0,0,22456053.68,0,0,22456053.68,0,0,22456053.68,0,0,22456053.68,0,0,22456053.68,0,0,22456053.68,0,0,22456053.68,0,0,22456053.68,0,0,22456053.68,0,0,22456053.68,0,0,22456053.68,0,0,22456053.68,0,0,22456053.68,0,0,22456053.68,0,0,22456053.68,0,0,22456053.68,0,0,22456053.68,0,0,22456053.68,0,0,22456053.68,0,0,22456053.68,0,0,22456053.68,0,0,22456053.68,0,0,22456053.68,0,0,22456053.68,0,0,22456053.68,0,0,22456053.68,0,0,22456053.68,0,0,22456053.68,0,0,22456053.68,0,0,22456053.68,0,0,22456053.68,0,0,22456053.68,0,0,22456053.68,0,0,22456053.68,0,0,22456053.68,0,0,22456053.68,0,0,22456053.68,0,0,22456053.68
0,1,Moderna,2021-03-22,COVCANCER,0,0,0,0,0,0,0,0,0,0,0,0,0,0,0,0,0,0,0,0,0,0,0,0,0,0,0,0,0,0,0,0,0,0,0,0,0,0,0,0,0,0,0,0,0,0,0,0,0,0,12248756.55,0,0,12248756.55,0,0,12248756.55,0,0,12248756.55,0,0,12248756.55,0,0,12248756.55,0,0,12248756.55,0,0,12248756.55,0,0,12248756.55,0,0,12248756.55,0,0,12248756.55,0,0,12248756.55,0,0,12248756.55,0,0,12248756.55,0,0,12248756.55,0,0,12248756.55,0,0,12248756.55,0,0,12248756.55,0,0,12248756.55,0,0,12248756.55,0,0,12248756.55,0,0,12248756.55,0,0,12248756.55,0,0,12248756.55,0,0,12248756.55,0,0,12248756.55,0,0,12248756.55,0,0,12248756.55,0,0,12248756.55,0,0,12248756.55,0,0,12248756.55,0,0,12248756.55,0,0,12248756.55,0,0,12248756.55,0,0,12248756.55,0,0,12248756.55,0,0,12248756.55,0,0,12248756.55,0,0,12248756.55,0,0,12248756.55,0,0,19248046.01,0,0,12248756.55,0,0,12248756.55,0,0,12248756.55,0,0,12248756.55,0,0,12248756.55,0,0,12248756.55,0,0,12248756.55
0,1,Pfizer,2021-01-04,COVCANCER,0,0,0,0,0,0,0,0,0,0,0,0,0,0,0,0,0,0,0,0,0,0,0,0,0,0,0,0,0,0,0,0,0,0,0,0,0,0,0,0,0,0,0,0,0,0,0,0,0,0,67368161.03,0,0,67368161.03,0,0,67368161.03,0,0,67368161.03,0,0,67368161.03,0,0,67368161.03,0,0,67368161.03,0,0,67368161.03,0,0,67368161.03,0,0,67368161.03,0,0,67368161.03,0,0,67368161.03,0,0,67368161.03,0,0,67368161.03,0,0,67368161.03,0,0,67368161.03,0,0,67368161.03,0,0,67368161.03,0,0,67368161.03,0,0,67368161.03,0,0,67368161.03,0,0,67368161.03,0,0,67368161.03,0,0,67368161.03,0,0,67368161.03,0,0,67368161.03,0,0,67368161.03,0,0,67368161.03,0,0,67368161.03,0,0,67368161.03,0,0,67368161.03,0,0,67368161.03,0,0,67368161.03,0,0,67368161.03,0,0,67368161.03,0,0,67368161.03,0,0,67368161.03,0,0,67368161.03,0,0,67368161.03,0,0,67368161.03,0,0,67368161.03,0,0,67368161.03,0,0,67368161.03,0,0,67368161.03,0,0,67368161.03,0,0,67368161.03,0,0,67368161.03,0,0,67368161.03
0,1,Pfizer,2021-01-11,COVCANCER,0,0,0,0,0,0,0,0,0,0,0,0,0,0,0,0,0,0,0,0,0,0,0,0,0,0,0,0,0,0,0,0,0,0,0,0,0,0,0,0,0,0,0,0,0,0,0,0,0,0,19248046.01,0,0,19248046.01,0,0,19248046.01,0,0,19248046.01,0,0,19248046.01,0,0,19248046.01,0,0,19248046.01,0,0,19248046.01,0,0,19248046.01,0,0,19248046.01,0,0,19248046.01,0,0,19248046.01,0,0,19248046.01,0,0,19248046.01,0,0,19248046.01,0,0,19248046.01,0,0,19248046.01,0,0,19248046.01,0,0,19248046.01,0,0,19248046.01,0,0,19248046.01,0,0,19248046.01,0,0,19248046.01,0,0,19248046.01,0,0,19248046.01,0,0,19248046.01,0,0,19248046.01,0,0,19248046.01,0,0,19248046.01,0,0,19248046.01,0,0,19248046.01,0,0,19248046.01,0,0,19248046.01,0,0,19248046.01,0,0,19248046.01,0,0,19248046.01,0,0,19248046.01,0,0,19248046.01,0,0,19248046.01,0,0,19248046.01,0,0,19248046.01,0,0,19248046.01,0,0,19248046.01,0,0,19248046.01,0,0,19248046.01,0,0,19248046.01,0,0,19248046.01,0,0,19248046.01
0,1,Pfizer,2021-01-18,COVCANCER,0,0,0,0,0,0,0,0,0,0,0,0,0,0,0,0,0,0,0,0,0,0,0,0,0,0,0,0,0,0,0,0,0,0,0,0,0,0,0,0,0,0,0,0,0,0,0,0,0,0,19248046.01,0,0,19248046.01,0,0,19248046.01,0,0,19248046.01,0,0,19248046.01,0,0,19248046.01,0,0,19248046.01,0,0,19248046.01,0,0,19248046.01,0,0,19248046.01,0,0,19248046.01,0,0,19248046.01,0,0,19248046.01,0,0,19248046.01,0,0,19248046.01,0,0,19248046.01,0,0,19248046.01,0,0,19248046.01,0,0,19248046.01,0,0,19248046.01,0,0,19248046.01,0,0,19248046.01,0,0,19248046.01,0,0,19248046.01,0,0,19248046.01,0,0,19248046.01,0,0,19248046.01,0,0,19248046.01,0,0,19248046.01,0,0,19248046.01,0,0,19248046.01,0,0,19248046.01,0,0,19248046.01,0,0,19248046.01,0,0,19248046.01,0,0,19248046.01,0,0,19248046.01,0,0,19248046.01,0,0,19248046.01,0,0,19248046.01,0,0,19248046.01,0,0,19248046.01,0,0,19248046.01,0,0,19248046.01,0,0,19248046.01,0,0,19248046.01,0,0,19248046.01,0,0,19248046.01
0,1,Pfizer,2021-01-25,COVCANCER,0,0,0,0,0,0,0,0,0,0,0,0,0,0,0,0,0,0,0,0,0,0,0,0,0,0,0,0,0,0,0,0,0,0,0,0,0,0,0,0,0,0,0,0,0,0,0,0,0,0,44912107.35,0,0,44912107.35,0,0,44912107.35,0,0,44912107.35,0,0,44912107.35,0,0,44912107.35,0,0,44912107.35,0,0,44912107.35,0,0,44912107.35,0,0,44912107.35,0,0,44912107.35,0,0,44912107.35,0,0,44912107.35,0,0,44912107.35,0,0,44912107.35,0,0,44912107.35,0,0,44912107.35,0,0,44912107.35,0,0,44912107.35,0,0,44912107.35,0,0,44912107.35,0,0,44912107.35,0,0,44912107.35,0,0,44912107.35,0,0,44912107.35,0,0,44912107.35,0,0,44912107.35,0,0,44912107.35,0,0,44912107.35,0,0,44912107.35,0,0,44912107.35,0,0,44912107.35,0,0,44912107.35,0,0,44912107.35,0,0,44912107.35,0,0,44912107.35,0,0,44912107.35,0,0,44912107.35,0,0,44912107.35,0,0,44912107.35,0,0,44912107.35,0,0,44912107.35,0,0,44912107.35,0,0,44912107.35,0,0,44912107.35,0,0,44912107.35,0,0,44912107.35,0,0,44912107.35
0,2,Moderna,2021-04-12,COVCANCER,0,0,0,0,0,0,0,0,0,0,0,0,0,0,0,0,0,0,0,0,0,0,0,0,0,0,0,0,0,0,0,0,0,0,0,0,0,0,0,0,0,0,0,0,0,0,0,0,0,0,33684080.52,0,0,33684080.52,0,0,33684080.52,0,0,33684080.52,0,0,33684080.52,0,0,33684080.52,0,0,33684080.52,0,0,33684080.52,0,0,33684080.52,0,0,33684080.52,0,0,33684080.52,0,0,33684080.52,0,0,33684080.52,0,0,33684080.52,0,0,33684080.52,0,0,33684080.52,0,0,33684080.52,0,0,33684080.52,0,0,33684080.52,0,0,33684080.52,0,0,33684080.52,0,0,33684080.52,0,0,33684080.52,0,0,33684080.52,0,0,33684080.52,0,0,33684080.52,0,0,33684080.52,0,0,33684080.52,0,0,33684080.52,0,0,33684080.52,0,0,33684080.52,0,0,33684080.52,0,0,33684080.52,0,0,33684080.52,0,0,33684080.52,0,0,33684080.52,0,0,33684080.52,0,0,33684080.52,0,0,33684080.52,0,0,33684080.52,0,0,33684080.52,0,0,33684080.52,0,0,33684080.52,0,0,33684080.52,0,0,33684080.52,0,0,33684080.52,0,0,33684080.52,0,0,33684080.52
0,2,Moderna,2021-04-19,COVCANCER,0,0,0,0,0,0,0,0,0,0,0,0,0,0,0,0,0,0,0,0,0,0,0,0,0,0,0,0,0,0,0,0,0,0,0,0,0,0,0,0,0,0,0,0,0,0,0,0,0,0,13473632.21,0,0,13473632.21,0,0,13473632.21,0,0,13473632.21,0,0,13473632.21,0,0,13473632.21,0,0,13473632.21,0,0,13473632.21,0,0,13473632.21,0,0,13473632.21,0,0,13473632.21,0,0,13473632.21,0,0,13473632.21,0,0,13473632.21,0,0,13473632.21,0,0,13473632.21,0,0,13473632.21,0,0,13473632.21,0,0,13473632.21,0,0,13473632.21,0,0,13473632.21,0,0,13473632.21,0,0,13473632.21,0,0,13473632.21,0,0,13473632.21,0,0,13473632.21,0,0,13473632.21,0,0,13473632.21,0,0,13473632.21,0,0,13473632.21,0,0,13473632.21,0,0,13473632.21,0,0,13473632.21,0,0,13473632.21,0,0,13473632.21,0,0,13473632.21,0,0,13473632.21,0,0,13473632.21,0,0,13473632.21,0,0,13473632.21,0,0,19248046.01,0,0,13473632.21,0,0,13473632.21,0,0,13473632.21,0,0,13473632.21,0,0,13473632.21,0,0,13473632.21,0,0,13473632.21
0,2,Pfizer,2021-01-25,COVCANCER,0,0,0,0,0,0,0,0,0,0,0,0,0,0,0,0,0,0,0,0,0,0,0,0,0,0,0,0,0,0,0,0,0,0,0,0,0,0,0,0,0,0,0,0,0,0,0,0,0,0,33684080.52,0,0,33684080.52,0,0,33684080.52,0,0,33684080.52,0,0,33684080.52,0,0,33684080.52,0,0,33684080.52,0,0,33684080.52,0,0,33684080.52,0,0,33684080.52,0,0,33684080.52,0,0,33684080.52,0,0,33684080.52,0,0,33684080.52,0,0,33684080.52,0,0,33684080.52,0,0,33684080.52,0,0,33684080.52,0,0,33684080.52,0,0,33684080.52,0,0,33684080.52,0,0,33684080.52,0,0,33684080.52,0,0,33684080.52,0,0,33684080.52,0,0,33684080.52,0,0,33684080.52,0,0,33684080.52,0,0,33684080.52,0,0,33684080.52,0,0,33684080.52,0,0,33684080.52,0,0,33684080.52,0,0,33684080.52,0,0,33684080.52,0,0,33684080.52,0,0,33684080.52,0,0,33684080.52,0,0,33684080.52,0,0,33684080.52,0,0,33684080.52,0,0,33684080.52,0,0,33684080.52,0,0,33684080.52,0,0,33684080.52,0,0,33684080.52,0,0,33684080.52,0,0,33684080.52
0,2,Pfizer,2021-02-01,COVCANCER,0,0,0,0,0,0,0,0,0,0,0,0,0,0,0,0,0,0,0,0,0,0,0,0,0,0,0,0,0,0,0,0,0,0,0,0,0,0,0,0,0,0,0,0,0,0,0,0,0,0,19248046.01,0,0,19248046.01,0,0,19248046.01,0,0,19248046.01,0,0,19248046.01,0,0,19248046.01,0,0,19248046.01,0,0,19248046.01,0,0,19248046.01,0,0,19248046.01,0,0,19248046.01,0,0,19248046.01,0,0,19248046.01,0,0,19248046.01,0,0,19248046.01,0,0,19248046.01,0,0,19248046.01,0,0,19248046.01,0,0,19248046.01,0,0,19248046.01,0,0,19248046.01,0,0,19248046.01,0,0,19248046.01,0,0,19248046.01,0,0,19248046.01,0,0,19248046.01,0,0,19248046.01,0,0,19248046.01,0,0,19248046.01,0,0,19248046.01,0,0,19248046.01,0,0,19248046.01,0,0,19248046.01,0,0,19248046.01,0,0,19248046.01,0,0,19248046.01,0,0,19248046.01,0,0,19248046.01,0,0,19248046.01,0,0,19248046.01,0,0,19248046.01,0,0,19248046.01,0,0,19248046.01,0,0,19248046.01,0,0,19248046.01,0,0,19248046.01,0,0,19248046.01,0,0,19248046.01
0,2,Pfizer,2021-02-08,COVCANCER,0,0,0,0,0,0,0,0,0,0,0,0,0,0,0,0,0,0,0,0,0,0,0,0,0,0,0,0,0,0,0,0,0,0,0,0,0,0,0,0,0,0,0,0,0,0,0,0,0,0,19248046.01,0,0,19248046.01,0,0,19248046.01,0,0,19248046.01,0,0,19248046.01,0,0,19248046.01,0,0,19248046.01,0,0,19248046.01,0,0,19248046.01,0,0,19248046.01,0,0,19248046.01,0,0,19248046.01,0,0,19248046.01,0,0,19248046.01,0,0,19248046.01,0,0,19248046.01,0,0,19248046.01,0,0,19248046.01,0,0,19248046.01,0,0,19248046.01,0,0,19248046.01,0,0,19248046.01,0,0,19248046.01,0,0,19248046.01,0,0,19248046.01,0,0,19248046.01,0,0,19248046.01,0,0,19248046.01,0,0,19248046.01,0,0,19248046.01,0,0,19248046.01,0,0,19248046.01,0,0,19248046.01,0,0,19248046.01,0,0,19248046.01,0,0,19248046.01,0,0,19248046.01,0,0,19248046.01,0,0,19248046.01,0,0,19248046.01,0,0,19248046.01,0,0,19248046.01,0,0,19248046.01,0,0,19248046.01,0,0,19248046.01,0,0,19248046.01,0,0,19248046.01,0,0,19248046.01
0,2,Pfizer,2021-02-15,COVCANCER,0,0,0,0,0,0,0,0,0,0,0,0,0,0,0,0,0,0,0,0,0,0,0,0,0,0,0,0,0,0,0,0,0,0,0,0,0,0,0,0,0,0,0,0,0,0,0,0,0,0,19248046.01,0,0,19248046.01,0,0,19248046.01,0,0,19248046.01,0,0,19248046.01,0,0,19248046.01,0,0,19248046.01,0,0,19248046.01,0,0,19248046.01,0,0,19248046.01,0,0,19248046.01,0,0,19248046.01,0,0,19248046.01,0,0,19248046.01,0,0,19248046.01,0,0,19248046.01,0,0,19248046.01,0,0,19248046.01,0,0,19248046.01,0,0,19248046.01,0,0,19248046.01,0,0,19248046.01,0,0,19248046.01,0,0,19248046.01,0,0,19248046.01,0,0,19248046.01,0,0,19248046.01,0,0,19248046.01,0,0,19248046.01,0,0,19248046.01,0,0,19248046.01,0,0,19248046.01,0,0,19248046.01,0,0,19248046.01,0,0,19248046.01,0,0,19248046.01,0,0,19248046.01,0,0,19248046.01,0,0,19248046.01,0,0,19248046.01,0,0,19248046.01,0,0,19248046.01,0,0,19248046.01,0,0,19248046.01,0,0,19248046.01,0,0,19248046.01,0,0,19248046.01,0,0,19248046.01
0,2,Pfizer,2021-02-22,COVCANCER,0,0,0,0,0,0,0,0,0,0,0,0,0,0,0,0,0,0,0,0,0,0,0,0,0,0,0,0,0,0,0,0,0,0,0,0,0,0,0,0,0,0,0,0,0,0,0,0,0,0,19248046.01,0,0,19248046.01,0,0,19248046.01,0,0,19248046.01,0,0,19248046.01,0,0,19248046.01,0,0,19248046.01,0,0,19248046.01,0,0,19248046.01,0,0,19248046.01,0,0,19248046.01,0,0,19248046.01,0,0,19248046.01,0,0,19248046.01,0,0,19248046.01,0,0,19248046.01,0,0,19248046.01,0,0,19248046.01,0,0,19248046.01,0,0,19248046.01,0,0,19248046.01,0,0,19248046.01,0,0,19248046.01,0,0,19248046.01,0,0,19248046.01,0,0,19248046.01,0,0,19248046.01,0,0,19248046.01,0,0,19248046.01,0,0,19248046.01,0,0,19248046.01,0,0,19248046.01,0,0,19248046.01,0,0,19248046.01,0,0,19248046.01,0,0,19248046.01,0,0,19248046.01,0,0,19248046.01,0,0,19248046.01,0,0,19248046.01,0,0,19248046.01,0,0,19248046.01,0,0,19248046.01,0,0,19248046.01,0,0,19248046.01,0,0,19248046.01,0,0,19248046.01,0,0,19248046.01
0,2,Pfizer,2021-03-01,COVCANCER,0,0,0,0,0,0,0,0,0,0,0,0,0,0,0,0,0,0,0,0,0,0,0,0,0,0,0,0,0,0,0,0,0,0,0,0,0,0,0,0,0,0,0,0,0,0,0,0,0,0,19248046.01,0,0,19248046.01,0,0,19248046.01,0,0,19248046.01,0,0,19248046.01,0,0,19248046.01,0,0,19248046.01,0,0,19248046.01,0,0,19248046.01,0,0,19248046.01,0,0,19248046.01,0,0,19248046.01,0,0,19248046.01,0,0,19248046.01,0,0,19248046.01,0,0,19248046.01,0,0,19248046.01,0,0,19248046.01,0,0,19248046.01,0,0,19248046.01,0,0,19248046.01,0,0,19248046.01,0,0,19248046.01,0,0,19248046.01,0,0,19248046.01,0,0,19248046.01,0,0,19248046.01,0,0,19248046.01,0,0,19248046.01,0,0,19248046.01,0,0,19248046.01,0,0,19248046.01,0,0,19248046.01,0,0,19248046.01,0,0,19248046.01,0,0,19248046.01,0,0,19248046.01,0,0,19248046.01,0,0,19248046.01,0,0,19248046.01,0,0,19248046.01,0,0,19248046.01,0,0,19248046.01,0,0,19248046.01,0,0,19248046.01,0,0,19248046.01,0,0,19248046.01,0,0,19248046.01
0,2,Pfizer,2021-03-08,COVCANCER,0,0,0,0,0,0,0,0,0,0,0,0,0,0,0,0,0,0,0,0,0,0,0,0,0,0,0,0,0,0,0,0,0,0,0,0,0,0,0,0,0,0,0,0,0,0,0,0,0,0,19248046.01,0,0,19248046.01,0,0,19248046.01,0,0,19248046.01,0,0,19248046.01,0,0,19248046.01,0,0,19248046.01,0,0,19248046.01,0,0,19248046.01,0,0,19248046.01,0,0,19248046.01,0,0,19248046.01,0,0,19248046.01,0,0,19248046.01,0,0,19248046.01,0,0,19248046.01,0,0,19248046.01,0,0,19248046.01,0,0,19248046.01,0,0,19248046.01,0,0,19248046.01,0,0,19248046.01,0,0,19248046.01,0,0,19248046.01,0,0,19248046.01,0,0,19248046.01,0,0,19248046.01,0,0,19248046.01,0,0,19248046.01,0,0,19248046.01,0,0,19248046.01,0,0,19248046.01,0,0,19248046.01,0,0,19248046.01,0,0,19248046.01,0,0,19248046.01,0,0,19248046.01,0,0,19248046.01,0,0,19248046.01,0,0,19248046.01,0,0,19248046.01,0,0,19248046.01,0,0,19248046.01,0,0,19248046.01,0,0,19248046.01,0,0,19248046.01,0,0,19248046.01,0,0,19248046.01
0,2,Pfizer,2021-03-15,COVCANCER,0,0,0,0,0,0,0,0,0,0,0,0,0,0,0,0,0,0,0,0,0,0,0,0,0,0,0,0,0,0,0,0,0,0,0,0,0,0,0,0,0,0,0,0,0,0,0,0,0,0,11228026.84,0,0,11228026.84,0,0,11228026.84,0,0,11228026.84,0,0,11228026.84,0,0,11228026.84,0,0,11228026.84,0,0,11228026.84,0,0,11228026.84,0,0,11228026.84,0,0,11228026.84,0,0,11228026.84,0,0,11228026.84,0,0,11228026.84,0,0,11228026.84,0,0,11228026.84,0,0,11228026.84,0,0,11228026.84,0,0,11228026.84,0,0,11228026.84,0,0,11228026.84,0,0,11228026.84,0,0,11228026.84,0,0,11228026.84,0,0,11228026.84,0,0,11228026.84,0,0,11228026.84,0,0,11228026.84,0,0,11228026.84,0,0,11228026.84,0,0,11228026.84,0,0,11228026.84,0,0,11228026.84,0,0,11228026.84,0,0,11228026.84,0,0,11228026.84,0,0,11228026.84,0,0,11228026.84,0,0,11228026.84,0,0,11228026.84,0,0,19248046.01,0,0,11228026.84,0,0,11228026.84,0,0,11228026.84,0,0,11228026.84,0,0,11228026.84,0,0,11228026.84,0,0,11228026.84
0,2,Pfizer,2021-03-22,COVCANCER,0,0,0,0,0,0,0,0,0,0,0,0,0,0,0,0,0,0,0,0,0,0,0,0,0,0,0,0,0,0,0,0,0,0,0,0,0,0,0,0,0,0,0,0,0,0,0,0,0,0,6416015.34,0,0,6416015.34,0,0,6416015.34,0,0,6416015.34,0,0,6416015.34,0,0,6416015.34,0,0,6416015.34,0,0,6416015.34,0,0,6416015.34,0,0,6416015.34,0,0,6416015.34,0,0,6416015.34,0,0,6416015.34,0,0,6416015.34,0,0,6416015.34,0,0,6416015.34,0,0,6416015.34,0,0,6416015.34,0,0,6416015.34,0,0,6416015.34,0,0,6416015.34,0,0,6416015.34,0,0,6416015.34,0,0,6416015.34,0,0,6416015.34,0,0,6416015.34,0,0,6416015.34,0,0,6416015.34,0,0,6416015.34,0,0,6416015.34,0,0,6416015.34,0,0,6416015.34,0,0,6416015.34,0,0,6416015.34,0,0,6416015.34,0,0,6416015.34,0,0,6416015.34,0,0,6416015.34,0,0,6416015.34,0,0,6416015.34,0,0,19248046.01,0,0,6416015.34,0,0,6416015.34,0,0,6416015.34,0,0,6416015.34,0,0,6416015.34,0,0,6416015.34,0,0,6416015.34
0,2,Pfizer,2021-03-29,COVCANCER,0,0,0,0,0,0,0,0,0,0,0,0,0,0,0,0,0,0,0,0,0,0,0,0,0,0,0,0,0,0,0,0,0,0,0,0,0,0,0,0,0,0,0,0,0,0,0,0,0,0,5389452.88,0,0,5389452.88,0,0,5389452.88,0,0,5858100.96,0,0,5389452.88,0,0,5389452.88,0,0,5389452.88,0,0,5389452.88,0,0,5389452.88,0,0,5389452.88,0,0,5389452.88,0,0,5389452.88,0,0,5389452.88,0,0,5389452.88,0,0,5389452.88,0,0,5389452.88,0,0,5389452.88,0,0,5389452.88,0,0,5389452.88,0,0,5389452.88,0,0,5389452.88,0,0,5389452.88,0,0,5389452.88,0,0,5389452.88,0,0,5389452.88,0,0,5389452.88,0,0,5389452.88,0,0,5389452.88,0,0,5389452.88,0,0,5389452.88,0,0,5389452.88,0,0,5389452.88,0,0,5389452.88,0,0,5389452.88,0,0,5389452.88,0,0,5389452.88,0,0,5389452.88,0,0,5389452.88,0,0,5389452.88,0,0,5389452.88,0,0,14970702.45,0,0,5389452.88,0,0,5389452.88,0,0,5389452.88,0,0,5389452.88,0,0,5389452.88,0,0,5389452.88,0,0,5389452.88
0,1,AstraZeneca,2021-06-07,COVCANCER,0,0,0,0,0,0,0,0,0,0,0,0,0,0,0,0,0,0,0,0,0,0,0,0,0,0,0,0,0,0,0,0,0,0,0,0,0,0,0,0,0,0,0,0,0,0,0,0,0,0,3208007.67,0,0,3208007.67,0,0,3208007.67,0,0,3208007.67,0,0,3208007.67,0,0,3208007.67,0,0,3208007.67,0,0,3208007.67,0,0,3208007.67,0,0,3208007.67,0,0,3208007.67,0,0,3208007.67,0,0,3208007.67,0,0,3208007.67,0,0,3208007.67,0,0,3208007.67,0,0,3208007.67,0,0,3208007.67,0,0,3208007.67,0,0,3208007.67,0,0,3208007.67,0,0,3208007.67,0,0,3208007.67,0,0,3208007.67,0,0,3208007.67,0,0,3208007.67,0,0,3208007.67,0,0,3208007.67,0,0,3208007.67,0,0,3208007.67,0,0,3208007.67,0,0,3208007.67,0,0,3208007.67,0,0,3208007.67,0,0,3208007.67,0,0,3208007.67,0,0,3208007.67,0,0,3208007.67,0,0,3208007.67,0,0,3208007.67,0,0,19248046.01,0,0,3208007.67,0,0,3208007.67,0,0,3208007.67,0,0,3208007.67,0,0,3208007.67,0,0,3208007.67,0,0,3208007.67
0,1,AstraZeneca,2021-06-14,COVCANCER,0,0,0,0,0,0,0,0,0,0,0,0,0,0,0,0,0,0,0,0,0,0,0,0,0,0,0,0,0,0,0,0,0,0,0,0,0,0,0,0,0,0,0,0,0,0,0,0,0,0,3849609.2,0,0,3849609.2,0,0,3849609.2,0,0,3849609.2,0,0,3849609.2,0,0,3849609.2,0,0,3849609.2,0,0,3849609.2,0,0,3849609.2,0,0,3849609.2,0,0,3849609.2,0,0,3849609.2,0,0,3849609.2,0,0,3849609.2,0,0,3849609.2,0,0,3849609.2,0,0,3849609.2,0,0,3849609.2,0,0,3849609.2,0,0,3849609.2,0,0,3849609.2,0,0,3849609.2,0,0,3849609.2,0,0,3849609.2,0,0,3849609.2,0,0,3849609.2,0,0,3849609.2,0,0,3849609.2,0,0,3849609.2,0,0,3849609.2,0,0,3849609.2,0,0,3849609.2,0,0,3849609.2,0,0,3849609.2,0,0,3849609.2,0,0,3849609.2,0,0,3849609.2,0,0,3849609.2,0,0,3849609.2,0,0,3849609.2,0,0,19248046.01,0,0,3849609.2,0,0,3849609.2,0,0,3849609.2,0,0,3849609.2,0,0,3849609.2,0,0,3849609.2,0,0,3849609.2
0,1,AstraZeneca,2021-06-21,COVCANCER,0,0,0,0,0,0,0,0,0,0,0,0,0,0,0,0,0,0,0,0,0,0,0,0,0,0,0,0,0,0,0,0,0,0,0,0,0,0,0,0,0,0,0,0,0,0,0,0,0,0,4210510.06,0,0,4210510.06,0,0,4210510.06,0,0,4210510.06,0,0,4210510.06,0,0,4210510.06,0,0,4210510.06,0,0,4210510.06,0,0,4210510.06,0,0,4210510.06,0,0,4210510.06,0,0,4210510.06,0,0,4210510.06,0,0,4210510.06,0,0,4210510.06,0,0,4210510.06,0,0,4210510.06,0,0,4210510.06,0,0,4210510.06,0,0,4210510.06,0,0,4210510.06,0,0,4210510.06,0,0,4210510.06,0,0,4210510.06,0,0,4210510.06,0,0,4210510.06,0,0,4210510.06,0,0,4210510.06,0,0,4210510.06,0,0,4210510.06,0,0,4210510.06,0,0,4210510.06,0,0,4210510.06,0,0,4210510.06,0,0,4210510.06,0,0,4210510.06,0,0,4210510.06,0,0,4210510.06,0,0,4210510.06,0,0,4210510.06,0,0,19248046.01,0,0,4210510.06,0,0,4210510.06,0,0,4210510.06,0,0,4210510.06,0,0,4210510.06,0,0,4210510.06,0,0,4210510.06
0,1,AstraZeneca,2021-06-28,COVCANCER,0,0,0,0,0,0,0,0,0,0,0,0,0,0,0,0,0,0,0,0,0,0,0,0,0,0,0,0,0,0,0,0,0,0,0,0,0,0,0,0,0,0,0,0,0,0,0,0,0,0,11228026.84,0,0,11228026.84,0,0,11228026.84,0,0,11228026.84,0,0,11228026.84,0,0,11228026.84,0,0,11228026.84,0,0,11228026.84,0,0,11228026.84,0,0,11228026.84,0,0,11228026.84,0,0,11228026.84,0,0,11228026.84,0,0,11228026.84,0,0,11228026.84,0,0,11228026.84,0,0,11228026.84,0,0,11228026.84,0,0,11228026.84,0,0,11228026.84,0,0,11228026.84,0,0,11228026.84,0,0,11228026.84,0,0,11228026.84,0,0,11228026.84,0,0,11228026.84,0,0,11228026.84,0,0,11228026.84,0,0,11228026.84,0,0,11228026.84,0,0,11228026.84,0,0,11228026.84,0,0,11228026.84,0,0,11228026.84,0,0,11228026.84,0,0,11228026.84,0,0,11228026.84,0,0,11228026.84,0,0,11228026.84,0,0,11228026.84,0,0,44912107.35,0,0,11228026.84,0,0,11228026.84,0,0,11228026.84,0,0,11228026.84,0,0,11228026.84,0,0,11228026.84,0,0,11228026.84
0,1,Pfizer,2021-05-03,COVCANCER,0,0,0,0,0,0,0,0,0,0,0,0,0,0,0,0,0,0,0,0,0,0,0,0,0,0,0,0,0,0,0,0,0,0,0,0,0,0,0,0,0,0,0,0,0,0,0,0,0,0,2105255.03,0,0,2105255.03,0,0,2105255.03,0,0,2105255.03,0,0,2363795.12,0,0,2363795.12,0,0,2105255.03,0,0,2105255.03,0,0,2105255.03,0,0,2105255.03,0,0,2105255.03,0,0,2105255.03,0,0,2105255.03,0,0,2105255.03,0,0,2105255.03,0,0,2105255.03,0,0,2363795.12,0,0,2363795.12,0,0,2105255.03,0,0,2105255.03,0,0,2105255.03,0,0,2105255.03,0,0,2105255.03,0,0,2105255.03,0,0,2105255.03,0,0,2105255.03,0,0,2105255.03,0,0,2105255.03,0,0,2105255.03,0,0,2105255.03,0,0,2105255.03,0,0,2105255.03,0,0,2105255.03,0,0,2105255.03,0,0,2105255.03,0,0,2105255.03,0,0,2105255.03,0,0,2105255.03,0,0,2105255.03,0,0,2105255.03,0,0,9624023,0,0,2105255.03,0,0,2105255.03,0,0,2105255.03,0,0,2105255.03,0,0,2105255.03,0,0,2105255.03,0,0,2105255.03
0,1,Pfizer,2021-04-19,COVCANCER,0,0,0,0,0,0,0,0,0,0,0,0,0,0,0,0,0,0,0,0,0,0,0,0,0,0,0,0,0,0,0,0,0,0,0,0,0,0,0,0,0,0,0,0,0,0,0,0,0,0,1604003.83,0,0,1604003.83,0,0,1604003.83,0,0,1604003.83,0,0,1749822.36,0,0,1749822.36,0,0,1604003.83,0,0,1604003.83,0,0,1604003.83,0,0,1604003.83,0,0,1604003.83,0,0,1604003.83,0,0,1604003.83,0,0,1604003.83,0,0,1604003.83,0,0,1604003.83,0,0,1749822.36,0,0,1749822.36,0,0,1604003.83,0,0,1604003.83,0,0,1604003.83,0,0,1604003.83,0,0,1604003.83,0,0,1604003.83,0,0,1604003.83,0,0,1604003.83,0,0,1604003.83,0,0,1604003.83,0,0,1604003.83,0,0,1604003.83,0,0,1604003.83,0,0,1604003.83,0,0,1604003.83,0,0,1604003.83,0,0,1604003.83,0,0,1604003.83,0,0,1604003.83,0,0,1604003.83,0,0,1604003.83,0,0,1604003.83,0,0,14970702.45,0,0,1604003.83,0,0,1604003.83,0,0,1604003.83,0,0,1604003.83,0,0,1604003.83,0,0,1604003.83,0,0,1604003.83
0,1,Pfizer,2021-04-26,COVCANCER,0,0,0,0,0,0,0,0,0,0,0,0,0,0,0,0,0,0,0,0,0,0,0,0,0,0,0,0,0,0,0,0,0,0,0,0,0,0,0,0,0,0,0,0,0,0,0,0,0,0,1820761.11,0,0,1820761.11,0,0,1820761.11,0,0,1820761.11,0,0,2010989.88,0,0,2010989.88,0,0,1820761.11,0,0,1820761.11,0,0,1820761.11,0,0,1820761.11,0,0,1820761.11,0,0,1820761.11,0,0,1820761.11,0,0,1820761.11,0,0,1820761.11,0,0,1820761.11,0,0,2010989.88,0,0,2010989.88,0,0,1820761.11,0,0,1820761.11,0,0,1820761.11,0,0,1820761.11,0,0,1820761.11,0,0,1820761.11,0,0,1820761.11,0,0,1820761.11,0,0,1820761.11,0,0,1820761.11,0,0,1820761.11,0,0,1820761.11,0,0,1820761.11,0,0,1820761.11,0,0,1820761.11,0,0,1820761.11,0,0,1820761.11,0,0,1820761.11,0,0,1820761.11,0,0,1820761.11,0,0,1820761.11,0,0,1820761.11,0,0,9624023,0,0,1820761.11,0,0,1820761.11,0,0,1820761.11,0,0,1820761.11,0,0,1820761.11,0,0,1820761.11,0,0,1820761.11
0,1,Pfizer,2021-04-12,COVCANCER,0,0,0,0,0,0,0,0,0,0,0,0,0,0,0,0,0,0,0,0,0,0,0,0,0,0,0,0,0,0,0,0,0,0,0,0,0,0,0,0,0,0,0,0,0,0,0,0,0,0,1897694.68,0,0,1897694.68,0,0,1897694.68,0,0,1897694.68,0,0,2105255.03,0,0,2105255.03,0,0,1897694.68,0,0,1897694.68,0,0,1897694.68,0,0,1897694.68,0,0,1897694.68,0,0,1897694.68,0,0,1897694.68,0,0,1897694.68,0,0,1897694.68,0,0,1897694.68,0,0,2105255.03,0,0,2105255.03,0,0,1897694.68,0,0,1897694.68,0,0,1897694.68,0,0,1897694.68,0,0,1897694.68,0,0,1897694.68,0,0,1897694.68,0,0,1897694.68,0,0,1897694.68,0,0,1897694.68,0,0,1897694.68,0,0,1897694.68,0,0,1897694.68,0,0,1897694.68,0,0,1897694.68,0,0,1897694.68,0,0,1897694.68,0,0,1897694.68,0,0,1897694.68,0,0,1897694.68,0,0,1897694.68,0,0,1897694.68,0,0,33684080.52,0,0,1897694.68,0,0,1897694.68,0,0,1897694.68,0,0,1897694.68,0,0,1897694.68,0,0,1897694.68,0,0,1897694.68
0,1,Pfizer,2021-02-22,COVCANCER,0,0,0,0,0,0,0,0,0,0,0,0,0,0,0,0,0,0,0,0,0,0,0,0,0,0,0,0,0,0,0,0,0,0,0,0,0,0,0,0,0,0,0,0,0,0,0,0,0,0,22456053.68,0,0,22456053.68,0,0,22456053.68,0,0,22456053.68,0,0,22456053.68,0,0,22456053.68,0,0,22456053.68,0,0,22456053.68,0,0,22456053.68,0,0,22456053.68,0,0,22456053.68,0,0,22456053.68,0,0,22456053.68,0,0,22456053.68,0,0,22456053.68,0,0,22456053.68,0,0,22456053.68,0,0,22456053.68,0,0,22456053.68,0,0,22456053.68,0,0,22456053.68,0,0,22456053.68,0,0,22456053.68,0,0,22456053.68,0,0,22456053.68,0,0,22456053.68,0,0,22456053.68,0,0,22456053.68,0,0,22456053.68,0,0,22456053.68,0,0,22456053.68,0,0,22456053.68,0,0,22456053.68,0,0,22456053.68,0,0,22456053.68,0,0,22456053.68,0,0,22456053.68,0,0,22456053.68,0,0,22456053.68,0,0,22456053.68,,,0,0,0,22456053.68,0,0,22456053.68,0,0,22456053.68,0,0,22456053.68,0,0,22456053.68,0,0,22456053.68,0,0,22456053.68
0,1,Pfizer,2021-03-01,COVCANCER,0,0,0,0,0,0,0,0,0,0,0,0,0,0,0,0,0,0,0,0,0,0,0,0,0,0,0,0,0,0,0,0,0,0,0,0,0,0,0,0,0,0,0,0,0,0,0,0,0,0,9624023,0,0,9624023,0,0,9624023,0,0,9624023,0,0,9624023,0,0,9624023,0,0,9624023,0,0,9624023,0,0,9624023,0,0,9624023,0,0,9624023,0,0,9624023,0,0,9624023,0,0,9624023,0,0,9624023,0,0,9624023,0,0,9624023,0,0,9624023,0,0,9624023,0,0,9624023,0,0,9624023,0,0,9624023,0,0,9624023,0,0,9624023,0,0,9624023,0,0,9624023,0,0,9624023,0,0,9624023,0,0,9624023,0,0,9624023,0,0,9624023,0,0,9624023,0,0,9624023,0,0,9624023,0,0,9624023,0,0,9624023,0,0,9624023,0,0,9624023,0,0,9624023,0,0,9624023,,,0,0,0,9624023,0,0,9624023,0,0,9624023,0,0,9624023,0,0,9624023,0,0,9624023,0,0,9624023
0,1,Pfizer,2021-03-08,COVCANCER,0,0,0,0,0,0,0,0,0,0,0,0,0,0,0,0,0,0,0,0,0,0,0,0,0,0,0,0,0,0,0,0,0,0,0,0,0,0,0,0,0,0,0,0,0,0,0,0,0,0,8421020.13,0,0,8421020.13,0,0,8421020.13,0,0,8421020.13,0,0,8421020.13,0,0,8421020.13,0,0,8421020.13,0,0,8421020.13,0,0,8421020.13,0,0,8421020.13,0,0,8421020.13,0,0,8421020.13,0,0,8421020.13,0,0,8421020.13,0,0,8421020.13,0,0,8421020.13,0,0,8421020.13,0,0,8421020.13,0,0,8421020.13,0,0,8421020.13,0,0,8421020.13,0,0,8421020.13,0,0,8421020.13,0,0,8421020.13,0,0,8421020.13,0,0,8421020.13,0,0,8421020.13,0,0,8421020.13,0,0,8421020.13,0,0,8421020.13,0,0,8421020.13,0,0,8421020.13,0,0,8421020.13,0,0,8421020.13,0,0,8421020.13,0,0,8421020.13,0,0,8421020.13,0,0,8421020.13,0,0,8421020.13,0,0,8421020.13,,,0,0,0,8421020.13,0,0,8421020.13,0,0,8421020.13,0,0,8421020.13,0,0,8421020.13,0,0,8421020.13,0,0,8421020.13
1,0,0,2020-01-06,COVCANCER,0,0,0,0,0,0,0,0,0,0,0,0,0,0,0,0,0,0,0,0,0,0,0,0,0,0,0,0,0,0,0,0,0,0,0,0,0,0,0,0,0,0,0,0,0,0,0,0,0,0,283059.5,0,0,283059.5,0,0,283059.5,0,0,296123.78,0,0,287284.27,0,0,296123.78,0,0,287284.27,0,0,291637.06,0,0,300750.72,0,0,300750.72,0,0,291637.06,0,0,291637.06,0,0,291637.06,0,0,291637.06,0,0,283059.5,0,0,283059.5,0,0,283059.5,0,0,283059.5,0,0,283059.5,0,0,283059.5,0,0,283059.5,0,0,283059.5,0,0,283059.5,0,0,283059.5,0,0,283059.5,0,0,283059.5,0,0,283059.5,0,0,283059.5,0,0,283059.5,0,0,283059.5,0,0,283059.5,0,0,283059.5,0,0,283059.5,0,0,291637.06,0,0,291637.06,0,0,283059.5,0,0,283059.5,0,0,283059.5,0,0,283059.5,0,0,283059.5,0,0,437455.59,0,0,283059.5,0,0,283059.5,0,0,283059.5,0,0,287284.27,0,0,291637.06,0,0,296123.78,0,0,283059.5
1,0,0,2020-01-13,COVCANCER,0,0,0,0,0,0,0,0,0,0,0,0,0,0,0,0,0,0,0,0,0,0,0,0,0,0,0,0,0,0,0,0,0,0,0,0,0,0,0,0,0,0,0,0,0,0,0,0,0,0,283059.5,0,0,283059.5,0,0,283059.5,0,0,296123.78,0,0,287284.27,0,0,296123.78,0,0,287284.27,0,0,291637.06,0,0,300750.72,0,0,300750.72,0,0,291637.06,0,0,291637.06,0,0,291637.06,0,0,291637.06,0,0,283059.5,0,0,283059.5,0,0,283059.5,0,0,283059.5,0,0,283059.5,0,0,283059.5,0,0,283059.5,0,0,283059.5,0,0,283059.5,0,0,283059.5,0,0,283059.5,0,0,283059.5,0,0,283059.5,0,0,283059.5,0,0,283059.5,0,0,283059.5,0,0,283059.5,0,0,283059.5,0,0,283059.5,0,0,291637.06,0,0,291637.06,0,0,283059.5,0,0,283059.5,0,0,283059.5,0,0,283059.5,0,0,283059.5,0,0,437455.59,0,0,283059.5,0,0,283059.5,0,0,283059.5,0,0,287284.27,0,0,291637.06,0,0,296123.78,0,0,283059.5
1,0,0,2020-01-20,COVCANCER,0,0,0,0,0,0,0,0,0,0,0,0,0,0,0,0,0,0,0,0,0,0,0,0,0,0,0,0,0,0,0,0,0,0,0,0,0,0,0,0,0,0,0,0,0,0,0,0,0,0,283059.5,0,0,283059.5,0,0,283059.5,0,0,296123.78,0,0,287284.27,0,0,296123.78,0,0,287284.27,0,0,291637.06,0,0,300750.72,0,0,300750.72,0,0,291637.06,0,0,291637.06,0,0,291637.06,0,0,291637.06,0,0,283059.5,0,0,283059.5,0,0,283059.5,0,0,283059.5,0,0,283059.5,0,0,283059.5,0,0,283059.5,0,0,283059.5,0,0,283059.5,0,0,283059.5,0,0,283059.5,0,0,283059.5,0,0,283059.5,0,0,283059.5,0,0,283059.5,0,0,283059.5,0,0,283059.5,0,0,283059.5,0,0,283059.5,0,0,291637.06,0,0,291637.06,0,0,283059.5,0,0,283059.5,0,0,283059.5,0,0,283059.5,0,0,283059.5,0,0,437455.59,0,0,283059.5,0,0,283059.5,0,0,283059.5,0,0,287284.27,0,0,291637.06,0,0,296123.78,0,0,283059.5
1,0,0,2020-01-27,COVCANCER,0,0,0,0,0,0,0,0,0,0,0,0,0,0,0,0,0,0,0,0,0,0,0,0,0,0,0,0,0,0,0,0,0,0,0,0,0,0,0,0,0,0,0,0,0,0,0,0,0,0,283059.5,0,0,283059.5,0,0,283059.5,0,0,296123.78,0,0,287284.27,0,0,296123.78,0,0,287284.27,0,0,291637.06,0,0,300750.72,0,0,300750.72,0,0,291637.06,0,0,291637.06,0,0,291637.06,0,0,291637.06,0,0,283059.5,0,0,283059.5,0,0,283059.5,0,0,283059.5,0,0,283059.5,0,0,283059.5,0,0,283059.5,0,0,283059.5,0,0,283059.5,0,0,283059.5,0,0,283059.5,0,0,283059.5,0,0,283059.5,0,0,283059.5,0,0,283059.5,0,0,283059.5,0,0,283059.5,0,0,283059.5,0,0,283059.5,0,0,291637.06,0,0,291637.06,0,0,283059.5,0,0,283059.5,0,0,283059.5,0,0,283059.5,0,0,283059.5,0,0,437455.59,0,0,283059.5,0,0,283059.5,0,0,283059.5,0,0,287284.27,0,0,291637.06,0,0,296123.78,0,0,283059.5
1,0,0,2020-02-03,COVCANCER,0,0,0,0,0,0,0,0,0,0,0,0,0,0,0,0,0,0,0,0,0,0,0,0,0,0,0,0,0,0,0,0,0,0,0,0,0,0,0,0,0,0,0,0,0,0,0,0,0,0,283059.5,0,0,283059.5,0,0,283059.5,0,0,296123.78,0,0,287284.27,0,0,296123.78,0,0,287284.27,0,0,291637.06,0,0,300750.72,0,0,300750.72,0,0,291637.06,0,0,291637.06,0,0,291637.06,0,0,291637.06,0,0,283059.5,0,0,283059.5,0,0,283059.5,0,0,283059.5,0,0,283059.5,0,0,283059.5,0,0,283059.5,0,0,283059.5,0,0,283059.5,0,0,283059.5,0,0,283059.5,0,0,283059.5,0,0,283059.5,0,0,283059.5,0,0,283059.5,0,0,283059.5,0,0,283059.5,0,0,283059.5,0,0,283059.5,0,0,291637.06,0,0,291637.06,0,0,283059.5,0,0,283059.5,0,0,283059.5,0,0,283059.5,0,0,283059.5,0,0,437455.59,0,0,283059.5,0,0,283059.5,0,0,283059.5,0,0,287284.27,0,0,291637.06,0,0,296123.78,0,0,283059.5
1,0,0,2020-02-10,COVCANCER,0,0,0,0,0,0,0,0,0,0,0,0,0,0,0,0,0,0,0,0,0,0,0,0,0,0,0,0,0,0,0,0,0,0,0,0,0,0,0,0,0,0,0,0,0,0,0,0,0,0,283059.5,0,0,283059.5,0,0,283059.5,0,0,296123.78,0,0,287284.27,0,0,296123.78,0,0,287284.27,0,0,291637.06,0,0,300750.72,0,0,300750.72,0,0,291637.06,0,0,291637.06,0,0,291637.06,0,0,291637.06,0,0,283059.5,0,0,283059.5,0,0,283059.5,0,0,283059.5,0,0,283059.5,0,0,283059.5,0,0,283059.5,0,0,283059.5,0,0,283059.5,0,0,283059.5,0,0,283059.5,0,0,283059.5,0,0,283059.5,0,0,283059.5,0,0,283059.5,0,0,283059.5,0,0,283059.5,0,0,283059.5,0,0,283059.5,0,0,291637.06,0,0,291637.06,0,0,283059.5,0,0,283059.5,0,0,283059.5,0,0,283059.5,0,0,283059.5,0,0,437455.59,0,0,283059.5,0,0,283059.5,0,0,283059.5,0,0,287284.27,0,0,291637.06,0,0,296123.78,0,0,283059.5
1,0,0,2020-02-17,COVCANCER,0,0,0,0,0,0,0,0,0,0,0,0,0,0,0,0,0,0,0,0,0,0,0,0,0,0,0,0,0,0,0,0,0,0,0,0,0,0,0,0,0,0,0,0,0,0,0,0,0,0,283059.5,0,0,283059.5,0,0,283059.5,0,0,296123.78,0,0,287284.27,0,0,296123.78,0,0,287284.27,0,0,291637.06,0,0,300750.72,0,0,300750.72,0,0,291637.06,0,0,291637.06,0,0,291637.06,0,0,291637.06,0,0,283059.5,0,0,283059.5,0,0,283059.5,0,0,283059.5,0,0,283059.5,0,0,283059.5,0,0,283059.5,0,0,283059.5,0,0,283059.5,0,0,283059.5,0,0,283059.5,0,0,283059.5,0,0,283059.5,0,0,283059.5,0,0,283059.5,0,0,283059.5,0,0,283059.5,0,0,283059.5,0,0,283059.5,0,0,291637.06,0,0,291637.06,0,0,283059.5,0,0,283059.5,0,0,283059.5,0,0,283059.5,0,0,283059.5,0,0,437455.59,0,0,283059.5,0,0,283059.5,0,0,283059.5,0,0,287284.27,0,0,291637.06,0,0,296123.78,0,0,283059.5
1,0,0,2020-02-24,COVCANCER,0,0,0,0,0,0,0,0,0,0,0,0,0,0,0,0,0,0,0,0,0,0,0,0,0,0,0,0,0,0,0,0,0,0,0,0,0,0,0,0,0,0,0,0,0,0,0,0,0,0,283059.5,0,0,283059.5,0,0,283059.5,0,0,296123.78,0,0,287284.27,0,0,296123.78,0,0,287284.27,0,0,291637.06,0,0,300750.72,0,0,300750.72,0,0,291637.06,0,0,291637.06,0,0,291637.06,0,0,291637.06,0,0,283059.5,0,0,283059.5,0,0,283059.5,0,0,283059.5,0,0,283059.5,0,0,283059.5,0,0,283059.5,0,0,283059.5,0,0,283059.5,0,0,283059.5,0,0,283059.5,0,0,283059.5,0,0,283059.5,0,0,283059.5,0,0,283059.5,0,0,283059.5,0,0,283059.5,0,0,283059.5,0,0,283059.5,0,0,291637.06,0,0,291637.06,0,0,283059.5,0,0,283059.5,0,0,283059.5,0,0,283059.5,0,0,283059.5,0,0,437455.59,0,0,283059.5,0,0,283059.5,0,0,283059.5,0,0,287284.27,0,0,291637.06,0,0,296123.78,0,0,283059.5
1,0,0,2020-03-02,COVCANCER,0,0,0,0,0,0,0,0,0,0,0,0,0,0,0,0,0,0,0,0,0,0,0,0,0,0,0,0,0,0,0,0,0,0,0,0,0,0,0,0,0,0,0,0,0,0,0,0,0,0,283059.5,0,0,283059.5,0,0,283059.5,0,0,296123.78,0,0,287284.27,0,0,296123.78,0,0,287284.27,0,0,291637.06,0,0,300750.72,0,0,300750.72,0,0,291637.06,0,0,291637.06,0,0,291637.06,0,0,291637.06,0,0,283059.5,0,0,283059.5,0,0,283059.5,0,0,283059.5,0,0,283059.5,0,0,283059.5,0,0,283059.5,0,0,283059.5,0,0,283059.5,0,0,283059.5,0,0,283059.5,0,0,283059.5,0,0,283059.5,0,0,283059.5,0,0,283059.5,0,0,283059.5,0,0,283059.5,0,0,283059.5,0,0,283059.5,0,0,291637.06,0,0,291637.06,0,0,283059.5,0,0,283059.5,0,0,283059.5,0,0,283059.5,0,0,283059.5,0,0,437455.59,0,0,283059.5,0,0,283059.5,0,0,283059.5,0,0,287284.27,0,0,291637.06,0,0,296123.78,0,0,283059.5
1,0,0,2020-03-09,COVCANCER,0,0,0,0,0,0,0,0,0,0,0,0,0,0,0,0,0,0,0,0,0,0,0,0,0,0,0,0,0,0,0,0,0,0,0,0,0,0,0,0,0,0,0,0,0,0,0,0,0,0,283059.5,0,0,283059.5,0,0,283059.5,0,0,296123.78,0,0,287284.27,0,0,296123.78,0,0,287284.27,0,0,291637.06,0,0,300750.72,0,0,300750.72,0,0,291637.06,0,0,291637.06,0,0,291637.06,0,0,291637.06,0,0,283059.5,0,0,283059.5,0,0,283059.5,0,0,283059.5,0,0,283059.5,0,0,283059.5,0,0,283059.5,0,0,283059.5,0,0,283059.5,0,0,283059.5,0,0,283059.5,0,0,283059.5,0,0,283059.5,0,0,283059.5,0,0,283059.5,0,0,283059.5,0,0,283059.5,0,0,283059.5,0,0,283059.5,0,0,291637.06,0,0,291637.06,0,0,283059.5,0,0,283059.5,0,0,283059.5,0,0,283059.5,0,0,283059.5,0,0,437455.59,0,0,283059.5,0,0,283059.5,0,0,283059.5,0,0,287284.27,0,0,291637.06,0,0,296123.78,0,0,283059.5
1,0,0,2020-03-16,COVCANCER,0,0,0,0,0,0,0,0,0,0,0,0,0,0,0,0,0,0,0,0,0,0,0,0,0,0,0,0,0,0,0,0,0,0,0,0,0,0,0,0,0,0,0,0,0,0,0,0,0,0,283059.5,0,0,283059.5,0,0,283059.5,0,0,296123.78,0,0,287284.27,0,0,296123.78,0,0,287284.27,0,0,291637.06,0,0,300750.72,0,0,300750.72,0,0,291637.06,0,0,291637.06,0,0,291637.06,0,0,291637.06,0,0,283059.5,0,0,283059.5,0,0,283059.5,0,0,283059.5,0,0,283059.5,0,0,283059.5,0,0,283059.5,0,0,283059.5,0,0,283059.5,0,0,283059.5,0,0,283059.5,0,0,283059.5,0,0,283059.5,0,0,283059.5,0,0,283059.5,0,0,283059.5,0,0,283059.5,0,0,283059.5,0,0,283059.5,0,0,291637.06,0,0,291637.06,0,0,283059.5,0,0,283059.5,0,0,283059.5,0,0,283059.5,0,0,283059.5,0,0,437455.59,0,0,283059.5,0,0,283059.5,0,0,283059.5,0,0,287284.27,0,0,291637.06,0,0,296123.78,0,0,283059.5
1,0,0,2020-03-23,COVCANCER,0,0,0,0,0,0,0,0,0,0,0,0,0,0,0,0,0,0,0,0,0,0,0,0,0,0,0,0,0,0,0,0,0,0,0,0,0,0,0,0,0,0,0,0,0,0,0,0,0,0,283059.5,0,0,283059.5,0,0,283059.5,0,0,296123.78,0,0,287284.27,0,0,296123.78,0,0,287284.27,0,0,291637.06,0,0,300750.72,0,0,300750.72,0,0,291637.06,0,0,291637.06,0,0,291637.06,0,0,291637.06,0,0,283059.5,0,0,283059.5,0,0,283059.5,0,0,283059.5,0,0,283059.5,0,0,283059.5,0,0,283059.5,0,0,283059.5,0,0,283059.5,0,0,283059.5,0,0,283059.5,0,0,283059.5,0,0,283059.5,0,0,283059.5,0,0,283059.5,0,0,283059.5,0,0,283059.5,0,0,283059.5,0,0,283059.5,0,0,291637.06,0,0,291637.06,0,0,283059.5,0,0,283059.5,0,0,283059.5,0,0,283059.5,0,0,283059.5,0,0,437455.59,0,0,283059.5,0,0,283059.5,0,0,283059.5,0,0,287284.27,0,0,291637.06,0,0,296123.78,0,0,283059.5
1,0,0,2020-03-30,COVCANCER,0,0,0,0,0,0,0,0,0,0,0,0,0,0,0,0,0,0,0,0,0,0,0,0,0,0,0,0,0,0,0,0,0,0,0,0,0,0,0,0,0,0,0,0,0,0,0,0,0,0,283059.5,0,0,283059.5,0,0,283059.5,0,0,296123.78,0,0,287284.27,0,0,296123.78,0,0,287284.27,0,0,291637.06,0,0,300750.72,0,0,300750.72,0,0,291637.06,0,0,291637.06,0,0,291637.06,0,0,291637.06,0,0,283059.5,0,0,283059.5,0,0,283059.5,0,0,283059.5,0,0,283059.5,0,0,283059.5,0,0,283059.5,0,0,283059.5,0,0,283059.5,0,0,283059.5,0,0,283059.5,0,0,283059.5,0,0,283059.5,0,0,283059.5,0,0,283059.5,0,0,283059.5,0,0,283059.5,0,0,283059.5,0,0,283059.5,0,0,291637.06,0,0,291637.06,0,0,283059.5,0,0,283059.5,0,0,283059.5,0,0,283059.5,0,0,283059.5,0,0,437455.59,0,0,283059.5,0,0,283059.5,0,0,283059.5,0,0,287284.27,0,0,291637.06,0,0,296123.78,0,0,283059.5
1,0,0,2020-04-06,COVCANCER,0,0,0,0,0,0,0,0,0,0,0,0,0,0,0,0,0,0,0,0,0,0,0,0,0,0,0,0,0,0,0,0,0,0,0,0,0,1,0,0,0,0,0,0,0,0,0,0,0,0,283059.5,0,0,283059.5,0,0,283059.5,0,0,296123.78,0,0,287284.27,0,0,296123.78,0,0,287284.27,0,0,291637.06,0,0,300750.72,0,0,300750.72,0,0,291637.06,0,0,291637.06,0,0,291637.06,0,0,291637.06,0,0,283059.5,0,0,283059.5,0,0,283059.5,0,0,283059.5,0,0,283059.5,0,0,283059.5,0,0,283059.5,0,0,283059.5,0,0,283059.5,0,0,283059.5,0,0,283059.5,0,0,283059.5,0,0,283059.5,0,0,283059.5,0,0,283059.5,0,0,283059.5,0,0,283059.5,0,0,283059.5,0,0,283059.5,0,0,291637.06,0,0,291637.06,0,0,283059.5,0,0,283059.5,0,0,283059.5,0,0,283059.5,0,0,283059.5,120943.71,3062.03,673855.21,0,0,283059.5,0,0,283059.5,0,0,283059.5,0,0,287284.27,0,0,291637.06,0,0,296123.78,0,0,283059.5
1,0,0,2020-04-13,COVCANCER,0,0,0,0,0,0,0,0,0,0,0,0,0,0,0,0,0,0,0,0,0,0,0,0,0,0,0,0,0,0,0,0,0,0,0,0,0,0,0,0,0,0,0,0,0,0,0,0,0,0,283059.5,0,0,283059.5,0,0,283059.5,0,0,296123.78,0,0,287284.27,0,0,296123.78,0,0,287284.27,0,0,291637.06,0,0,300750.72,0,0,300750.72,0,0,291637.06,0,0,291637.06,0,0,291637.06,0,0,291637.06,0,0,283059.5,0,0,283059.5,0,0,283059.5,0,0,283059.5,0,0,283059.5,0,0,283059.5,0,0,283059.5,0,0,283059.5,0,0,283059.5,0,0,283059.5,0,0,283059.5,0,0,283059.5,0,0,283059.5,0,0,283059.5,0,0,283059.5,0,0,283059.5,0,0,283059.5,0,0,283059.5,0,0,283059.5,0,0,291637.06,0,0,291637.06,0,0,283059.5,0,0,283059.5,0,0,283059.5,0,0,283059.5,0,0,283059.5,0,0,447628.98,0,0,283059.5,0,0,283059.5,0,0,283059.5,0,0,287284.27,0,0,291637.06,0,0,296123.78,0,0,283059.5
1,0,0,2020-04-20,COVCANCER,0,0,0,0,0,0,0,0,0,0,0,0,0,0,0,0,0,0,0,0,0,0,0,0,0,0,0,0,0,0,0,0,0,0,0,0,0,0,0,0,0,0,0,0,0,0,0,0,0,0,283059.5,0,0,283059.5,0,0,283059.5,0,0,296123.78,0,0,287284.27,0,0,296123.78,0,0,287284.27,0,0,291637.06,0,0,300750.72,0,0,300750.72,0,0,291637.06,0,0,291637.06,0,0,291637.06,0,0,291637.06,0,0,283059.5,0,0,283059.5,0,0,283059.5,0,0,283059.5,0,0,283059.5,0,0,283059.5,0,0,283059.5,0,0,283059.5,0,0,283059.5,0,0,283059.5,0,0,283059.5,0,0,283059.5,0,0,283059.5,0,0,283059.5,0,0,283059.5,0,0,283059.5,0,0,283059.5,0,0,283059.5,0,0,283059.5,0,0,291637.06,0,0,291637.06,0,0,283059.5,0,0,283059.5,0,0,283059.5,0,0,283059.5,0,0,283059.5,0,0,447628.98,0,0,283059.5,0,0,283059.5,0,0,283059.5,0,0,287284.27,0,0,291637.06,0,0,296123.78,0,0,283059.5
1,0,0,2020-04-27,COVCANCER,0,0,0,0,0,0,0,0,0,0,0,0,0,0,0,0,0,0,0,0,0,0,0,0,0,0,0,0,0,0,0,0,0,0,0,0,0,0,0,0,0,0,0,0,0,0,0,0,0,0,283059.5,0,0,283059.5,0,0,283059.5,0,0,296123.78,0,0,287284.27,0,0,296123.78,0,0,287284.27,0,0,291637.06,0,0,300750.72,0,0,300750.72,0,0,291637.06,0,0,291637.06,0,0,291637.06,0,0,291637.06,0,0,283059.5,0,0,283059.5,0,0,283059.5,0,0,283059.5,0,0,283059.5,0,0,283059.5,0,0,283059.5,0,0,283059.5,0,0,283059.5,0,0,283059.5,0,0,283059.5,0,0,283059.5,0,0,283059.5,0,0,283059.5,0,0,283059.5,0,0,283059.5,0,0,283059.5,0,0,283059.5,0,0,283059.5,0,0,291637.06,0,0,291637.06,0,0,283059.5,0,0,283059.5,0,0,283059.5,0,0,283059.5,0,0,283059.5,0,0,447628.98,0,0,283059.5,0,0,283059.5,0,0,283059.5,0,0,287284.27,0,0,291637.06,0,0,296123.78,0,0,283059.5
1,0,0,2020-05-04,COVCANCER,0,0,0,0,0,0,0,0,0,0,0,0,0,0,0,0,0,0,0,0,0,0,0,0,0,0,0,0,0,0,0,0,0,0,0,0,0,0,0,0,0,0,0,0,0,0,0,0,0,0,283059.5,0,0,283059.5,0,0,283059.5,0,0,296123.78,0,0,287284.27,0,0,296123.78,0,0,287284.27,0,0,291637.06,0,0,300750.72,0,0,300750.72,0,0,291637.06,0,0,291637.06,0,0,291637.06,0,0,291637.06,0,0,283059.5,0,0,283059.5,0,0,283059.5,0,0,283059.5,0,0,283059.5,0,0,283059.5,0,0,283059.5,0,0,283059.5,0,0,283059.5,0,0,283059.5,0,0,283059.5,0,0,283059.5,0,0,283059.5,0,0,283059.5,0,0,283059.5,0,0,283059.5,0,0,283059.5,0,0,283059.5,0,0,283059.5,0,0,291637.06,0,0,291637.06,0,0,283059.5,0,0,283059.5,0,0,283059.5,0,0,283059.5,0,0,283059.5,0,0,447628.98,0,0,283059.5,0,0,283059.5,0,0,283059.5,0,0,287284.27,0,0,291637.06,0,0,296123.78,0,0,283059.5
1,0,0,2020-05-11,COVCANCER,0,0,0,0,0,0,0,0,0,0,0,0,0,0,0,0,0,0,0,0,0,0,0,0,0,0,0,0,0,0,0,0,0,0,0,0,0,0,0,0,0,0,0,0,0,0,0,0,0,0,283059.5,0,0,283059.5,0,0,283059.5,0,0,296123.78,0,0,287284.27,0,0,296123.78,0,0,287284.27,0,0,291637.06,0,0,300750.72,0,0,300750.72,0,0,291637.06,0,0,291637.06,0,0,291637.06,0,0,291637.06,0,0,283059.5,0,0,283059.5,0,0,283059.5,0,0,283059.5,0,0,283059.5,0,0,283059.5,0,0,283059.5,0,0,283059.5,0,0,283059.5,0,0,283059.5,0,0,283059.5,0,0,283059.5,0,0,283059.5,0,0,283059.5,0,0,283059.5,0,0,283059.5,0,0,283059.5,0,0,283059.5,0,0,283059.5,0,0,291637.06,0,0,291637.06,0,0,283059.5,0,0,283059.5,0,0,283059.5,0,0,283059.5,0,0,283059.5,0,0,447628.98,0,0,283059.5,0,0,283059.5,0,0,283059.5,0,0,287284.27,0,0,291637.06,0,0,296123.78,0,0,283059.5
1,0,0,2020-05-18,COVCANCER,0,0,0,0,0,0,0,0,0,0,0,0,0,0,0,0,0,0,0,0,0,0,0,0,0,0,0,0,0,0,0,0,0,0,0,0,0,0,0,0,0,0,0,0,0,0,0,0,0,0,283059.5,0,0,283059.5,0,0,283059.5,0,0,296123.78,0,0,287284.27,0,0,296123.78,0,0,287284.27,0,0,291637.06,0,0,300750.72,0,0,300750.72,0,0,291637.06,0,0,291637.06,0,0,291637.06,0,0,291637.06,0,0,283059.5,0,0,283059.5,0,0,283059.5,0,0,283059.5,0,0,283059.5,0,0,283059.5,0,0,283059.5,0,0,283059.5,0,0,283059.5,0,0,283059.5,0,0,283059.5,0,0,283059.5,0,0,283059.5,0,0,283059.5,0,0,283059.5,0,0,283059.5,0,0,283059.5,0,0,283059.5,0,0,283059.5,0,0,291637.06,0,0,291637.06,0,0,283059.5,0,0,283059.5,0,0,283059.5,0,0,283059.5,0,0,283059.5,0,0,447628.98,0,0,283059.5,0,0,283059.5,0,0,283059.5,0,0,287284.27,0,0,291637.06,0,0,296123.78,0,0,283059.5
1,0,0,2020-05-25,COVCANCER,0,0,0,0,0,0,0,0,0,0,0,0,0,0,0,0,0,0,0,0,0,0,0,0,0,0,0,0,0,0,0,0,0,0,0,0,0,0,0,0,0,0,0,0,0,0,0,0,0,0,283059.5,0,0,283059.5,0,0,283059.5,0,0,296123.78,0,0,287284.27,0,0,296123.78,0,0,287284.27,0,0,291637.06,0,0,300750.72,0,0,300750.72,0,0,291637.06,0,0,291637.06,0,0,291637.06,0,0,291637.06,0,0,283059.5,0,0,283059.5,0,0,283059.5,0,0,283059.5,0,0,283059.5,0,0,283059.5,0,0,283059.5,0,0,283059.5,0,0,283059.5,0,0,283059.5,0,0,283059.5,0,0,283059.5,0,0,283059.5,0,0,283059.5,0,0,283059.5,0,0,283059.5,0,0,283059.5,0,0,283059.5,0,0,283059.5,0,0,291637.06,0,0,291637.06,0,0,283059.5,0,0,283059.5,0,0,283059.5,0,0,283059.5,0,0,283059.5,0,0,447628.98,0,0,283059.5,0,0,283059.5,0,0,283059.5,0,0,287284.27,0,0,291637.06,0,0,296123.78,0,0,283059.5
1,0,0,2020-06-01,COVCANCER,0,0,0,0,1,1,1,1,0,0,0,0,0,0,0,0,0,0,0,0,0,0,0,0,0,0,0,0,0,0,0,0,0,0,0,0,0,0,0,0,1,1,0,1,0,0,0,0,0,0,286673.03,0,0,286673.03,0,0,286673.03,0,0,300080.9,79402.17,2010.29,442400.6,81894.62,2073.39,456287.61,79402.17,2010.29,442400.6,80629.14,2041.35,449236.81,0,0,304833.31,0,0,304833.31,0,0,295474.39,0,0,295474.39,0,0,295474.39,0,0,295474.39,0,0,286673.03,0,0,286673.03,0,0,286673.03,0,0,286673.03,0,0,286673.03,0,0,286673.03,0,0,286673.03,0,0,286673.03,0,0,286673.03,0,0,286673.03,0,0,286673.03,0,0,286673.03,0,0,286673.03,0,0,286673.03,0,0,286673.03,0,0,286673.03,0,0,286673.03,0,0,286673.03,0,0,286673.03,0,0,291637.06,0,0,291637.06,0,0,286673.03,0,0,286673.03,0,0,286673.03,0,0,286673.03,0,0,286673.03,0,0,456733.3,0,0,286673.03,0,0,286673.03,77712.77,1967.52,432987.82,79402.17,2010.29,442400.6,0,0,291637.06,80807.52,2045.87,450230.7,0,0,286673.03
1,0,0,2020-06-08,COVCANCER,0,0,0,0,0,0,0,0,0,0,0,0,0,0,0,0,0,0,0,0,0,0,0,0,0,0,0,0,0,0,0,0,0,0,0,0,0,0,0,0,0,0,0,0,0,0,0,0,0,0,287284.27,0,0,287284.27,0,0,287284.27,0,0,300750.72,0,0,296123.78,0,0,305524.54,0,0,296123.78,0,0,300750.72,0,0,305524.54,0,0,305524.54,0,0,296123.78,0,0,296123.78,0,0,296123.78,0,0,296123.78,0,0,287284.27,0,0,287284.27,0,0,287284.27,0,0,287284.27,0,0,287284.27,0,0,287284.27,0,0,287284.27,0,0,287284.27,0,0,287284.27,0,0,287284.27,0,0,287284.27,0,0,287284.27,0,0,287284.27,0,0,287284.27,0,0,287284.27,0,0,287284.27,0,0,287284.27,0,0,287284.27,0,0,287284.27,0,0,291637.06,0,0,291637.06,0,0,287284.27,0,0,287284.27,0,0,287284.27,0,0,287284.27,0,0,287284.27,0,0,458286.81,0,0,287284.27,0,0,287284.27,0,0,287284.27,0,0,296123.78,0,0,291637.06,0,0,300750.72,0,0,287284.27
1,0,0,2020-06-15,COVCANCER,0,0,0,0,0,0,0,0,0,0,0,0,0,0,0,0,0,0,0,0,0,0,0,0,0,0,0,0,0,0,0,0,0,0,0,0,0,0,0,0,0,0,0,0,0,0,0,0,0,0,287284.27,0,0,287284.27,0,0,287284.27,0,0,300750.72,0,0,296123.78,0,0,305524.54,0,0,296123.78,0,0,300750.72,0,0,305524.54,0,0,305524.54,0,0,296123.78,0,0,296123.78,0,0,296123.78,0,0,296123.78,0,0,287284.27,0,0,287284.27,0,0,287284.27,0,0,287284.27,0,0,287284.27,0,0,287284.27,0,0,287284.27,0,0,287284.27,0,0,287284.27,0,0,287284.27,0,0,287284.27,0,0,287284.27,0,0,287284.27,0,0,287284.27,0,0,287284.27,0,0,287284.27,0,0,287284.27,0,0,287284.27,0,0,287284.27,0,0,291637.06,0,0,291637.06,0,0,287284.27,0,0,287284.27,0,0,287284.27,0,0,287284.27,0,0,287284.27,0,0,458286.81,0,0,287284.27,0,0,287284.27,0,0,287284.27,0,0,296123.78,0,0,291637.06,0,0,300750.72,0,0,287284.27
1,0,0,2020-06-22,COVCANCER,0,0,0,0,0,0,0,0,0,0,0,0,0,0,0,0,0,0,0,0,0,0,0,0,0,0,0,0,0,0,0,0,0,0,0,0,0,0,0,0,0,0,0,0,0,0,0,0,0,0,287898.12,0,0,287898.12,0,0,287898.12,0,0,300750.72,0,0,296776.04,0,0,305524.54,0,0,296776.04,0,0,301423.54,0,0,306218.91,0,0,306218.91,0,0,296776.04,0,0,296776.04,0,0,296776.04,0,0,296776.04,0,0,287898.12,0,0,287898.12,0,0,287898.12,0,0,287898.12,0,0,287898.12,0,0,287898.12,0,0,287898.12,0,0,287898.12,0,0,287898.12,0,0,287898.12,0,0,287898.12,0,0,287898.12,0,0,287898.12,0,0,287898.12,0,0,287898.12,0,0,287898.12,0,0,287898.12,0,0,287898.12,0,0,287898.12,0,0,292269.68,0,0,292269.68,0,0,287898.12,0,0,287898.12,0,0,287898.12,0,0,287898.12,0,0,287898.12,0,0,458286.81,0,0,287898.12,0,0,287898.12,0,0,287898.12,0,0,296776.04,0,0,292269.68,0,0,301423.54,0,0,287898.12
1,0,0,2020-06-29,COVCANCER,0,0,0,0,0,0,0,0,0,0,0,0,0,0,0,0,0,0,0,0,0,0,0,0,0,0,0,0,0,0,0,0,0,0,0,0,0,1,0,0,0,0,0,0,0,0,0,0,0,0,291637.06,0,0,291637.06,0,0,291637.06,0,0,300750.72,0,0,300750.72,0,0,305524.54,0,0,300750.72,0,0,305524.54,0,0,310452.35,0,0,310452.35,0,0,300750.72,0,0,300750.72,0,0,300750.72,0,0,300750.72,0,0,291637.06,0,0,291637.06,0,0,291637.06,0,0,291637.06,0,0,291637.06,0,0,291637.06,0,0,291637.06,0,0,291637.06,0,0,291637.06,0,0,291637.06,0,0,291637.06,0,0,291637.06,0,0,291637.06,0,0,291637.06,0,0,291637.06,0,0,291637.06,0,0,291637.06,0,0,291637.06,0,0,291637.06,0,0,296123.78,0,0,296123.78,0,0,291637.06,0,0,291637.06,0,0,291637.06,0,0,291637.06,0,0,291637.06,125515.46,3177.78,699327.4,0,0,291637.06,0,0,291637.06,0,0,291637.06,0,0,300750.72,0,0,296123.78,0,0,305524.54,0,0,291637.06
1,0,0,2020-07-06,COVCANCER,0,0,0,0,0,0,0,0,0,0,0,0,0,0,0,0,0,0,0,0,0,0,0,0,0,0,0,0,0,0,0,0,0,0,0,0,0,0,0,0,0,0,0,0,0,0,0,0,0,0,291637.06,0,0,291637.06,0,0,291637.06,0,0,300750.72,0,0,300750.72,0,0,305524.54,0,0,300750.72,0,0,305524.54,0,0,310452.35,0,0,310452.35,0,0,300750.72,0,0,300750.72,0,0,300750.72,0,0,300750.72,0,0,291637.06,0,0,291637.06,0,0,291637.06,0,0,291637.06,0,0,291637.06,0,0,291637.06,0,0,291637.06,0,0,291637.06,0,0,291637.06,0,0,291637.06,0,0,291637.06,0,0,291637.06,0,0,291637.06,0,0,291637.06,0,0,291637.06,0,0,291637.06,0,0,291637.06,0,0,291637.06,0,0,291637.06,0,0,296123.78,0,0,296123.78,0,0,291637.06,0,0,291637.06,0,0,291637.06,0,0,291637.06,0,0,291637.06,0,0,469464.54,0,0,291637.06,0,0,291637.06,0,0,291637.06,0,0,300750.72,0,0,296123.78,0,0,305524.54,0,0,291637.06
1,0,0,2020-07-13,COVCANCER,0,0,0,0,0,0,0,0,0,0,0,0,0,0,0,0,0,0,0,0,0,0,0,0,0,0,0,0,0,0,0,0,0,0,0,0,0,0,0,0,0,0,0,0,0,0,0,0,0,0,291637.06,0,0,291637.06,0,0,291637.06,0,0,300750.72,0,0,300750.72,0,0,305524.54,0,0,300750.72,0,0,305524.54,0,0,310452.35,0,0,310452.35,0,0,300750.72,0,0,300750.72,0,0,300750.72,0,0,300750.72,0,0,291637.06,0,0,291637.06,0,0,291637.06,0,0,291637.06,0,0,291637.06,0,0,291637.06,0,0,291637.06,0,0,291637.06,0,0,291637.06,0,0,291637.06,0,0,291637.06,0,0,291637.06,0,0,291637.06,0,0,291637.06,0,0,291637.06,0,0,291637.06,0,0,291637.06,0,0,291637.06,0,0,291637.06,0,0,296123.78,0,0,296123.78,0,0,291637.06,0,0,291637.06,0,0,291637.06,0,0,291637.06,0,0,291637.06,0,0,469464.54,0,0,291637.06,0,0,291637.06,0,0,291637.06,0,0,300750.72,0,0,296123.78,0,0,305524.54,0,0,291637.06
1,0,0,2020-07-20,COVCANCER,0,0,0,0,0,0,0,0,0,0,0,0,0,0,0,0,0,0,0,0,0,0,0,0,0,0,0,0,0,0,0,0,0,0,0,0,0,0,0,0,0,0,0,0,0,0,0,0,0,0,291637.06,0,0,291637.06,0,0,291637.06,0,0,300750.72,0,0,300750.72,0,0,305524.54,0,0,300750.72,0,0,305524.54,0,0,310452.35,0,0,310452.35,0,0,300750.72,0,0,300750.72,0,0,300750.72,0,0,300750.72,0,0,291637.06,0,0,291637.06,0,0,291637.06,0,0,291637.06,0,0,291637.06,0,0,291637.06,0,0,291637.06,0,0,291637.06,0,0,291637.06,0,0,291637.06,0,0,291637.06,0,0,291637.06,0,0,291637.06,0,0,291637.06,0,0,291637.06,0,0,291637.06,0,0,291637.06,0,0,291637.06,0,0,291637.06,0,0,296123.78,0,0,296123.78,0,0,291637.06,0,0,291637.06,0,0,291637.06,0,0,291637.06,0,0,291637.06,0,0,469464.54,0,0,291637.06,0,0,291637.06,0,0,291637.06,0,0,300750.72,0,0,296123.78,0,0,305524.54,0,0,291637.06
1,0,0,2020-07-27,COVCANCER,0,0,0,0,0,0,0,0,0,0,0,0,0,0,0,0,0,0,0,0,0,0,0,0,0,0,0,0,0,0,0,0,0,0,0,0,0,0,0,0,0,0,0,0,0,0,0,0,0,0,291637.06,0,0,291637.06,0,0,291637.06,0,0,300750.72,0,0,300750.72,0,0,305524.54,0,0,300750.72,0,0,305524.54,0,0,310452.35,0,0,310452.35,0,0,300750.72,0,0,300750.72,0,0,300750.72,0,0,300750.72,0,0,291637.06,0,0,291637.06,0,0,291637.06,0,0,291637.06,0,0,291637.06,0,0,291637.06,0,0,291637.06,0,0,291637.06,0,0,291637.06,0,0,291637.06,0,0,291637.06,0,0,291637.06,0,0,291637.06,0,0,291637.06,0,0,291637.06,0,0,291637.06,0,0,291637.06,0,0,291637.06,0,0,291637.06,0,0,296123.78,0,0,296123.78,0,0,291637.06,0,0,291637.06,0,0,291637.06,0,0,291637.06,0,0,291637.06,0,0,469464.54,0,0,291637.06,0,0,291637.06,0,0,291637.06,0,0,300750.72,0,0,296123.78,0,0,305524.54,0,0,291637.06
1,0,0,2020-08-03,COVCANCER,0,0,0,0,0,0,0,0,0,0,0,0,0,0,0,0,0,0,0,0,0,0,0,0,0,0,0,0,0,0,0,0,0,0,0,0,0,0,0,0,0,0,0,0,0,0,0,0,0,0,291637.06,0,0,291637.06,0,0,291637.06,0,0,300750.72,0,0,300750.72,0,0,305524.54,0,0,300750.72,0,0,305524.54,0,0,310452.35,0,0,310452.35,0,0,300750.72,0,0,300750.72,0,0,300750.72,0,0,300750.72,0,0,291637.06,0,0,291637.06,0,0,291637.06,0,0,291637.06,0,0,291637.06,0,0,291637.06,0,0,291637.06,0,0,291637.06,0,0,291637.06,0,0,291637.06,0,0,291637.06,0,0,291637.06,0,0,291637.06,0,0,291637.06,0,0,291637.06,0,0,291637.06,0,0,291637.06,0,0,291637.06,0,0,291637.06,0,0,296123.78,0,0,296123.78,0,0,291637.06,0,0,291637.06,0,0,291637.06,0,0,291637.06,0,0,291637.06,0,0,469464.54,0,0,291637.06,0,0,291637.06,0,0,291637.06,0,0,300750.72,0,0,296123.78,0,0,305524.54,0,0,291637.06
1,0,0,2020-08-10,COVCANCER,0,0,0,0,0,0,0,0,0,0,0,0,0,0,0,0,0,0,0,0,0,0,0,0,0,0,0,0,0,0,0,0,0,0,0,0,0,0,0,0,0,0,0,0,0,0,0,0,0,0,291637.06,0,0,291637.06,0,0,291637.06,0,0,300750.72,0,0,300750.72,0,0,305524.54,0,0,300750.72,0,0,305524.54,0,0,310452.35,0,0,310452.35,0,0,300750.72,0,0,300750.72,0,0,300750.72,0,0,300750.72,0,0,291637.06,0,0,291637.06,0,0,291637.06,0,0,291637.06,0,0,291637.06,0,0,291637.06,0,0,291637.06,0,0,291637.06,0,0,291637.06,0,0,291637.06,0,0,291637.06,0,0,291637.06,0,0,291637.06,0,0,291637.06,0,0,291637.06,0,0,291637.06,0,0,291637.06,0,0,291637.06,0,0,291637.06,0,0,296123.78,0,0,296123.78,0,0,291637.06,0,0,291637.06,0,0,291637.06,0,0,291637.06,0,0,291637.06,0,0,469464.54,0,0,291637.06,0,0,291637.06,0,0,291637.06,0,0,300750.72,0,0,296123.78,0,0,305524.54,0,0,291637.06
1,0,0,2020-08-17,COVCANCER,0,0,0,0,0,0,0,0,0,0,0,0,0,0,0,0,0,0,0,0,0,0,0,0,0,0,0,0,0,0,0,0,0,0,0,0,0,0,0,0,0,0,0,0,0,0,0,0,0,0,291637.06,0,0,291637.06,0,0,291637.06,0,0,300750.72,0,0,300750.72,0,0,305524.54,0,0,300750.72,0,0,305524.54,0,0,310452.35,0,0,310452.35,0,0,300750.72,0,0,300750.72,0,0,300750.72,0,0,300750.72,0,0,291637.06,0,0,291637.06,0,0,291637.06,0,0,291637.06,0,0,291637.06,0,0,291637.06,0,0,291637.06,0,0,291637.06,0,0,291637.06,0,0,291637.06,0,0,291637.06,0,0,291637.06,0,0,291637.06,0,0,291637.06,0,0,291637.06,0,0,291637.06,0,0,291637.06,0,0,291637.06,0,0,291637.06,0,0,296123.78,0,0,296123.78,0,0,291637.06,0,0,291637.06,0,0,291637.06,0,0,291637.06,0,0,291637.06,0,0,469464.54,0,0,291637.06,0,0,291637.06,0,0,291637.06,0,0,300750.72,0,0,296123.78,0,0,305524.54,0,0,291637.06
1,0,0,2020-08-24,COVCANCER,0,0,0,0,0,0,0,0,0,0,0,0,0,0,0,0,0,0,0,0,0,0,0,0,0,0,0,0,0,0,0,0,0,0,0,0,0,0,0,0,0,0,0,0,0,0,0,0,0,0,291637.06,0,0,291637.06,0,0,291637.06,0,0,300750.72,0,0,300750.72,0,0,305524.54,0,0,300750.72,0,0,305524.54,0,0,310452.35,0,0,310452.35,0,0,300750.72,0,0,300750.72,0,0,300750.72,0,0,300750.72,0,0,291637.06,0,0,291637.06,0,0,291637.06,0,0,291637.06,0,0,291637.06,0,0,291637.06,0,0,291637.06,0,0,291637.06,0,0,291637.06,0,0,291637.06,0,0,291637.06,0,0,291637.06,0,0,291637.06,0,0,291637.06,0,0,291637.06,0,0,291637.06,0,0,291637.06,0,0,291637.06,0,0,291637.06,0,0,296123.78,0,0,296123.78,0,0,291637.06,0,0,291637.06,0,0,291637.06,0,0,291637.06,0,0,291637.06,0,0,469464.54,0,0,291637.06,0,0,291637.06,0,0,291637.06,0,0,300750.72,0,0,296123.78,0,0,305524.54,0,0,291637.06
1,0,0,2020-08-31,COVCANCER,0,0,0,0,0,0,0,0,0,0,0,0,0,0,0,0,0,0,0,0,0,0,0,0,0,0,0,0,0,0,0,0,0,0,0,0,0,0,0,0,0,0,0,0,0,0,0,0,0,0,291637.06,0,0,291637.06,0,0,291637.06,0,0,300750.72,0,0,300750.72,0,0,305524.54,0,0,300750.72,0,0,305524.54,0,0,310452.35,0,0,310452.35,0,0,300750.72,0,0,300750.72,0,0,300750.72,0,0,300750.72,0,0,291637.06,0,0,291637.06,0,0,291637.06,0,0,291637.06,0,0,291637.06,0,0,291637.06,0,0,291637.06,0,0,291637.06,0,0,291637.06,0,0,291637.06,0,0,291637.06,0,0,291637.06,0,0,291637.06,0,0,291637.06,0,0,291637.06,0,0,291637.06,0,0,291637.06,0,0,291637.06,0,0,291637.06,0,0,296123.78,0,0,296123.78,0,0,291637.06,0,0,291637.06,0,0,291637.06,0,0,291637.06,0,0,291637.06,0,0,469464.54,0,0,291637.06,0,0,291637.06,0,0,291637.06,0,0,300750.72,0,0,296123.78,0,0,305524.54,0,0,291637.06
1,0,0,2020-09-07,COVCANCER,0,0,0,0,0,0,0,0,0,0,0,0,0,0,0,0,0,0,0,0,0,0,0,0,0,0,0,0,0,0,0,0,0,0,0,0,0,0,0,0,0,0,0,0,0,0,0,0,0,0,291637.06,0,0,291637.06,0,0,291637.06,0,0,300750.72,0,0,300750.72,0,0,305524.54,0,0,300750.72,0,0,305524.54,0,0,310452.35,0,0,310452.35,0,0,300750.72,0,0,300750.72,0,0,300750.72,0,0,300750.72,0,0,291637.06,0,0,291637.06,0,0,291637.06,0,0,291637.06,0,0,291637.06,0,0,291637.06,0,0,291637.06,0,0,291637.06,0,0,291637.06,0,0,291637.06,0,0,291637.06,0,0,291637.06,0,0,291637.06,0,0,291637.06,0,0,291637.06,0,0,291637.06,0,0,291637.06,0,0,291637.06,0,0,291637.06,0,0,296123.78,0,0,296123.78,0,0,291637.06,0,0,291637.06,0,0,291637.06,0,0,291637.06,0,0,291637.06,0,0,469464.54,0,0,291637.06,0,0,291637.06,0,0,291637.06,0,0,300750.72,0,0,296123.78,0,0,305524.54,0,0,291637.06
1,0,0,2020-09-14,COVCANCER,0,0,0,0,0,0,0,0,0,0,0,0,0,0,0,0,0,0,0,0,0,0,0,0,0,0,0,0,0,0,0,0,0,0,0,0,0,0,0,0,0,0,0,0,0,0,0,0,0,0,291637.06,0,0,291637.06,0,0,291637.06,0,0,300750.72,0,0,300750.72,0,0,305524.54,0,0,300750.72,0,0,305524.54,0,0,310452.35,0,0,310452.35,0,0,300750.72,0,0,300750.72,0,0,300750.72,0,0,300750.72,0,0,291637.06,0,0,291637.06,0,0,291637.06,0,0,291637.06,0,0,291637.06,0,0,291637.06,0,0,291637.06,0,0,291637.06,0,0,291637.06,0,0,291637.06,0,0,291637.06,0,0,291637.06,0,0,291637.06,0,0,291637.06,0,0,291637.06,0,0,291637.06,0,0,291637.06,0,0,291637.06,0,0,291637.06,0,0,296123.78,0,0,296123.78,0,0,291637.06,0,0,291637.06,0,0,291637.06,0,0,291637.06,0,0,291637.06,0,0,469464.54,0,0,291637.06,0,0,291637.06,0,0,291637.06,0,0,300750.72,0,0,296123.78,0,0,305524.54,0,0,291637.06
1,0,0,2020-09-21,COVCANCER,0,0,0,0,0,0,0,0,0,0,0,0,0,0,0,0,0,0,0,0,0,0,0,0,0,0,0,0,0,0,0,0,0,0,0,0,0,0,0,0,0,0,0,0,0,0,0,0,0,0,291637.06,0,0,291637.06,0,0,291637.06,0,0,300750.72,0,0,300750.72,0,0,305524.54,0,0,300750.72,0,0,305524.54,0,0,310452.35,0,0,310452.35,0,0,300750.72,0,0,300750.72,0,0,300750.72,0,0,300750.72,0,0,291637.06,0,0,291637.06,0,0,291637.06,0,0,291637.06,0,0,291637.06,0,0,291637.06,0,0,291637.06,0,0,291637.06,0,0,291637.06,0,0,291637.06,0,0,291637.06,0,0,291637.06,0,0,291637.06,0,0,291637.06,0,0,291637.06,0,0,291637.06,0,0,291637.06,0,0,291637.06,0,0,291637.06,0,0,296123.78,0,0,296123.78,0,0,291637.06,0,0,291637.06,0,0,291637.06,0,0,291637.06,0,0,291637.06,0,0,469464.54,0,0,291637.06,0,0,291637.06,0,0,291637.06,0,0,300750.72,0,0,296123.78,0,0,305524.54,0,0,291637.06
1,0,0,2020-09-28,COVCANCER,0,0,0,0,0,0,0,0,0,0,0,0,0,0,0,0,0,0,0,0,0,0,0,0,0,0,0,0,0,0,0,0,0,0,0,0,0,0,0,0,0,0,0,0,0,0,0,0,0,0,293543.19,0,0,293543.19,0,0,293543.19,0,0,302778.25,0,0,302778.25,0,0,307617.17,0,0,302778.25,0,0,307617.17,0,0,312613.28,0,0,312613.28,0,0,302778.25,0,0,302778.25,0,0,302778.25,0,0,302778.25,0,0,293543.19,0,0,293543.19,0,0,293543.19,0,0,293543.19,0,0,293543.19,0,0,293543.19,0,0,293543.19,0,0,293543.19,0,0,293543.19,0,0,293543.19,0,0,293543.19,0,0,293543.19,0,0,293543.19,0,0,293543.19,0,0,293543.19,0,0,293543.19,0,0,293543.19,0,0,293543.19,0,0,293543.19,0,0,298089.21,0,0,298089.21,0,0,293543.19,0,0,293543.19,0,0,293543.19,0,0,293543.19,0,0,293543.19,0,0,474423.67,0,0,293543.19,0,0,293543.19,0,0,293543.19,0,0,302778.25,0,0,298089.21,0,0,307617.17,0,0,293543.19
1,0,0,2020-10-05,COVCANCER,0,0,0,0,0,0,0,0,0,0,0,0,0,0,0,0,0,0,0,0,0,0,0,0,0,0,0,0,0,0,0,0,0,0,0,0,0,0,0,0,0,0,0,0,0,0,0,0,0,0,296123.78,0,0,296123.78,0,0,296123.78,0,0,305524.54,0,0,305524.54,0,0,310452.35,0,0,305524.54,0,0,310452.35,0,0,315541.74,0,0,315541.74,0,0,305524.54,0,0,305524.54,0,0,305524.54,0,0,305524.54,0,0,296123.78,0,0,296123.78,0,0,296123.78,0,0,296123.78,0,0,296123.78,0,0,296123.78,0,0,296123.78,0,0,296123.78,0,0,296123.78,0,0,296123.78,0,0,296123.78,0,0,296123.78,0,0,296123.78,0,0,296123.78,0,0,296123.78,0,0,296123.78,0,0,296123.78,0,0,296123.78,0,0,296123.78,0,0,300750.72,0,0,300750.72,0,0,296123.78,0,0,296123.78,0,0,296123.78,0,0,296123.78,0,0,296123.78,0,0,481201.15,0,0,296123.78,0,0,296123.78,0,0,296123.78,0,0,305524.54,0,0,300750.72,0,0,310452.35,0,0,296123.78
1,0,0,2020-10-12,COVCANCER,0,0,0,0,0,0,0,0,0,0,0,0,0,0,0,0,0,0,0,0,0,0,0,0,0,0,0,0,0,0,0,0,0,0,0,0,0,0,0,0,0,0,0,0,0,0,0,0,0,0,296123.78,0,0,296123.78,0,0,296123.78,0,0,305524.54,0,0,305524.54,0,0,310452.35,0,0,305524.54,0,0,310452.35,0,0,315541.74,0,0,315541.74,0,0,305524.54,0,0,305524.54,0,0,305524.54,0,0,305524.54,0,0,296123.78,0,0,296123.78,0,0,296123.78,0,0,296123.78,0,0,296123.78,0,0,296123.78,0,0,296123.78,0,0,296123.78,0,0,296123.78,0,0,296123.78,0,0,296123.78,0,0,296123.78,0,0,296123.78,0,0,296123.78,0,0,296123.78,0,0,296123.78,0,0,296123.78,0,0,296123.78,0,0,296123.78,0,0,300750.72,0,0,300750.72,0,0,296123.78,0,0,296123.78,0,0,296123.78,0,0,296123.78,0,0,296123.78,0,0,481201.15,0,0,296123.78,0,0,296123.78,0,0,296123.78,0,0,305524.54,0,0,300750.72,0,0,310452.35,0,0,296123.78
1,0,0,2020-10-19,COVCANCER,0,0,0,0,0,0,0,0,0,0,0,0,0,0,0,0,0,0,0,0,0,0,0,0,0,0,0,0,0,0,0,0,0,0,0,0,0,0,0,0,0,0,0,0,0,0,0,0,0,0,296123.78,0,0,296123.78,0,0,296123.78,0,0,305524.54,0,0,305524.54,0,0,310452.35,0,0,305524.54,0,0,310452.35,0,0,315541.74,0,0,315541.74,0,0,305524.54,0,0,305524.54,0,0,305524.54,0,0,305524.54,0,0,296123.78,0,0,296123.78,0,0,296123.78,0,0,296123.78,0,0,296123.78,0,0,296123.78,0,0,296123.78,0,0,296123.78,0,0,296123.78,0,0,296123.78,0,0,296123.78,0,0,296123.78,0,0,296123.78,0,0,296123.78,0,0,296123.78,0,0,296123.78,0,0,296123.78,0,0,296123.78,0,0,296123.78,0,0,300750.72,0,0,300750.72,0,0,296123.78,0,0,296123.78,0,0,296123.78,0,0,296123.78,0,0,296123.78,0,0,481201.15,0,0,296123.78,0,0,296123.78,0,0,296123.78,0,0,305524.54,0,0,300750.72,0,0,310452.35,0,0,296123.78
1,0,0,2020-10-26,COVCANCER,0,0,0,0,0,0,0,0,0,0,0,0,0,0,0,0,0,0,0,0,0,0,0,0,0,0,0,0,0,0,0,0,0,0,0,0,0,0,0,0,0,0,0,0,0,0,0,0,0,0,296123.78,0,0,296123.78,0,0,296123.78,0,0,305524.54,0,0,305524.54,0,0,310452.35,0,0,305524.54,0,0,310452.35,0,0,315541.74,0,0,315541.74,0,0,305524.54,0,0,305524.54,0,0,305524.54,0,0,305524.54,0,0,296123.78,0,0,296123.78,0,0,296123.78,0,0,296123.78,0,0,296123.78,0,0,296123.78,0,0,296123.78,0,0,296123.78,0,0,296123.78,0,0,296123.78,0,0,296123.78,0,0,296123.78,0,0,296123.78,0,0,296123.78,0,0,296123.78,0,0,296123.78,0,0,296123.78,0,0,296123.78,0,0,296123.78,0,0,300750.72,0,0,300750.72,0,0,296123.78,0,0,296123.78,0,0,296123.78,0,0,296123.78,0,0,296123.78,0,0,481201.15,0,0,296123.78,0,0,296123.78,0,0,296123.78,0,0,305524.54,0,0,300750.72,0,0,310452.35,0,0,296123.78
1,0,0,2020-11-02,COVCANCER,0,0,0,0,0,0,0,0,0,0,0,0,0,0,0,0,0,0,0,0,0,0,0,0,0,0,0,0,0,0,0,0,0,0,0,0,0,1,0,0,0,0,0,0,0,0,0,0,0,0,300750.72,0,0,300750.72,0,0,300750.72,0,0,310452.35,0,0,310452.35,0,0,315541.74,0,0,310452.35,0,0,315541.74,0,0,320800.77,0,0,320800.77,0,0,310452.35,0,0,310452.35,0,0,310452.35,0,0,310452.35,0,0,300750.72,0,0,300750.72,0,0,300750.72,0,0,300750.72,0,0,300750.72,0,0,300750.72,0,0,300750.72,0,0,300750.72,0,0,300750.72,0,0,300750.72,0,0,300750.72,0,0,300750.72,0,0,300750.72,0,0,300750.72,0,0,300750.72,0,0,300750.72,0,0,300750.72,0,0,300750.72,0,0,300750.72,0,0,305524.54,0,0,305524.54,0,0,300750.72,0,0,300750.72,0,0,300750.72,0,0,300750.72,0,0,300750.72,133791.21,3387.3,745436.9,0,0,300750.72,0,0,300750.72,0,0,300750.72,0,0,310452.35,0,0,305524.54,0,0,315541.74,0,0,300750.72
1,0,0,2020-11-09,COVCANCER,0,0,0,0,0,0,0,0,0,0,0,0,0,0,0,0,0,0,0,0,0,0,0,0,0,0,0,0,0,0,0,0,0,0,0,0,0,1,0,0,0,0,0,0,0,0,0,0,0,0,300750.72,0,0,300750.72,0,0,300750.72,0,0,310452.35,0,0,310452.35,0,0,315541.74,0,0,310452.35,0,0,315541.74,0,0,320800.77,0,0,320800.77,0,0,310452.35,0,0,310452.35,0,0,310452.35,0,0,310452.35,0,0,300750.72,0,0,300750.72,0,0,300750.72,0,0,300750.72,0,0,300750.72,0,0,300750.72,0,0,300750.72,0,0,300750.72,0,0,300750.72,0,0,300750.72,0,0,300750.72,0,0,300750.72,0,0,300750.72,0,0,300750.72,0,0,300750.72,0,0,300750.72,0,0,300750.72,0,0,300750.72,0,0,300750.72,0,0,305524.54,0,0,305524.54,0,0,300750.72,0,0,300750.72,0,0,300750.72,0,0,300750.72,0,0,300750.72,137312.03,3476.44,765053.66,0,0,300750.72,0,0,300750.72,0,0,300750.72,0,0,310452.35,0,0,305524.54,0,0,315541.74,0,0,300750.72
1,0,0,2020-11-16,COVCANCER,0,0,0,0,0,0,0,0,0,0,0,0,0,0,0,0,0,0,0,0,0,0,0,0,0,0,0,0,0,0,0,0,0,0,0,0,0,1,0,0,0,0,0,0,0,0,0,0,0,0,300750.72,0,0,300750.72,0,0,300750.72,0,0,310452.35,0,0,310452.35,0,0,315541.74,0,0,310452.35,0,0,315541.74,0,0,320800.77,0,0,320800.77,0,0,310452.35,0,0,310452.35,0,0,310452.35,0,0,310452.35,0,0,300750.72,0,0,300750.72,0,0,300750.72,0,0,300750.72,0,0,300750.72,0,0,300750.72,0,0,300750.72,0,0,300750.72,0,0,300750.72,0,0,300750.72,0,0,300750.72,0,0,300750.72,0,0,300750.72,0,0,300750.72,0,0,300750.72,0,0,300750.72,0,0,300750.72,0,0,300750.72,0,0,300750.72,0,0,305524.54,0,0,305524.54,0,0,300750.72,0,0,300750.72,0,0,300750.72,0,0,300750.72,0,0,300750.72,143235.29,3626.4,798055.98,0,0,300750.72,0,0,300750.72,0,0,300750.72,0,0,310452.35,0,0,305524.54,0,0,315541.74,0,0,300750.72
1,0,0,2020-11-23,COVCANCER,0,0,0,0,0,0,0,0,0,0,0,0,0,0,0,0,0,0,0,0,0,0,0,0,0,0,0,0,0,0,0,0,0,0,0,0,0,1,0,0,0,0,0,0,0,0,0,0,0,0,301423.54,0,0,301423.54,0,0,301423.54,0,0,311169.34,0,0,311169.34,0,0,316282.45,0,0,311169.34,0,0,316282.45,0,0,321566.4,0,0,321566.4,0,0,311169.34,0,0,311169.34,0,0,311169.34,0,0,311169.34,0,0,301423.54,0,0,301423.54,0,0,301423.54,0,0,301423.54,0,0,301423.54,0,0,301423.54,0,0,301423.54,0,0,301423.54,0,0,301423.54,0,0,301423.54,0,0,301423.54,0,0,301423.54,0,0,301423.54,0,0,301423.54,0,0,301423.54,0,0,301423.54,0,0,301423.54,0,0,301423.54,0,0,301423.54,0,0,306218.91,0,0,306218.91,0,0,301423.54,0,0,301423.54,0,0,301423.54,0,0,301423.54,0,0,301423.54,145517.93,3684.19,810774,0,0,301423.54,0,0,301423.54,0,0,301423.54,0,0,311169.34,0,0,306218.91,0,0,316282.45,0,0,301423.54
1,0,0,2020-11-30,COVCANCER,0,0,0,0,0,0,0,0,0,0,0,0,0,0,0,0,0,0,0,0,0,0,0,0,0,0,0,0,0,0,0,0,0,0,0,0,0,1,0,0,0,0,0,0,0,0,0,0,0,0,305524.54,0,0,305524.54,0,0,305524.54,0,0,315541.74,0,0,315541.74,0,0,320800.77,0,0,315541.74,0,0,320800.77,0,0,326238.07,0,0,326238.07,0,0,315541.74,0,0,315541.74,0,0,315541.74,0,0,315541.74,0,0,305524.54,0,0,305524.54,0,0,305524.54,0,0,305524.54,0,0,305524.54,0,0,305524.54,0,0,305524.54,0,0,305524.54,0,0,305524.54,0,0,305524.54,0,0,305524.54,0,0,305524.54,0,0,305524.54,0,0,305524.54,0,0,305524.54,0,0,305524.54,0,0,305524.54,0,0,305524.54,0,0,305524.54,0,0,310452.35,0,0,310452.35,0,0,305524.54,0,0,305524.54,0,0,305524.54,0,0,305524.54,0,0,305524.54,149081.63,3774.42,830629.69,0,0,305524.54,0,0,305524.54,0,0,305524.54,0,0,315541.74,0,0,310452.35,0,0,320800.77,0,0,305524.54
1,0,0,2020-12-07,COVCANCER,0,0,0,0,0,0,0,0,0,0,0,0,0,0,0,0,0,0,0,0,0,0,0,0,0,0,0,0,0,0,0,0,0,0,0,0,0,1,0,0,0,0,0,0,0,0,0,0,0,0,305524.54,0,0,305524.54,0,0,305524.54,0,0,315541.74,0,0,315541.74,0,0,320800.77,0,0,315541.74,0,0,320800.77,0,0,326238.07,0,0,326238.07,0,0,315541.74,0,0,315541.74,0,0,315541.74,0,0,315541.74,0,0,305524.54,0,0,305524.54,0,0,305524.54,0,0,305524.54,0,0,305524.54,0,0,305524.54,0,0,305524.54,0,0,305524.54,0,0,305524.54,0,0,305524.54,0,0,305524.54,0,0,305524.54,0,0,305524.54,0,0,305524.54,0,0,305524.54,0,0,305524.54,0,0,305524.54,0,0,305524.54,0,0,305524.54,0,0,310452.35,0,0,310452.35,0,0,305524.54,0,0,305524.54,0,0,305524.54,0,0,305524.54,0,0,305524.54,157435.34,3985.92,877173.6,0,0,305524.54,0,0,305524.54,0,0,305524.54,0,0,315541.74,0,0,310452.35,0,0,320800.77,0,0,305524.54
1,0,0,2020-12-14,COVCANCER,0,0,0,0,0,0,0,0,0,0,0,0,0,0,0,0,0,0,0,0,0,0,0,0,0,0,0,0,0,0,0,0,0,0,0,0,0,0,0,0,0,0,0,0,0,0,0,0,0,0,305524.54,0,0,305524.54,0,0,305524.54,0,0,315541.74,0,0,315541.74,0,0,320800.77,0,0,315541.74,0,0,320800.77,0,0,326238.07,0,0,326238.07,0,0,315541.74,0,0,315541.74,0,0,315541.74,0,0,315541.74,0,0,305524.54,0,0,305524.54,0,0,305524.54,0,0,305524.54,0,0,305524.54,0,0,305524.54,0,0,305524.54,0,0,305524.54,0,0,305524.54,0,0,305524.54,0,0,305524.54,0,0,305524.54,0,0,305524.54,0,0,305524.54,0,0,305524.54,0,0,305524.54,0,0,305524.54,0,0,305524.54,0,0,305524.54,0,0,310452.35,0,0,310452.35,0,0,305524.54,0,0,305524.54,0,0,305524.54,0,0,305524.54,0,0,305524.54,0,0,583274.12,0,0,305524.54,0,0,305524.54,0,0,305524.54,0,0,315541.74,0,0,310452.35,0,0,320800.77,0,0,305524.54
1,0,0,2020-12-21,COVCANCER,0,0,0,0,0,0,0,0,0,0,0,0,0,0,0,0,0,0,0,0,0,0,0,0,0,0,0,0,0,0,0,0,0,0,0,0,0,0,0,0,0,0,0,0,0,0,0,0,0,0,305524.54,0,0,305524.54,0,0,305524.54,0,0,315541.74,0,0,315541.74,0,0,320800.77,0,0,315541.74,0,0,320800.77,0,0,326238.07,0,0,326238.07,0,0,315541.74,0,0,315541.74,0,0,315541.74,0,0,315541.74,0,0,305524.54,0,0,305524.54,0,0,305524.54,0,0,305524.54,0,0,305524.54,0,0,305524.54,0,0,305524.54,0,0,305524.54,0,0,305524.54,0,0,305524.54,0,0,305524.54,0,0,305524.54,0,0,305524.54,0,0,305524.54,0,0,305524.54,0,0,305524.54,0,0,305524.54,0,0,305524.54,0,0,305524.54,0,0,310452.35,0,0,310452.35,0,0,305524.54,0,0,305524.54,0,0,305524.54,0,0,305524.54,0,0,305524.54,0,0,583274.12,0,0,305524.54,0,0,305524.54,0,0,305524.54,0,0,315541.74,0,0,310452.35,0,0,320800.77,0,0,305524.54
1,0,0,2020-12-28,COVCANCER,0,0,0,0,0,0,0,0,0,0,0,0,0,0,0,0,0,0,0,0,0,0,0,0,0,0,0,0,0,0,0,0,0,0,0,0,0,0,0,0,0,0,0,0,0,0,0,0,0,0,309028.26,0,0,309028.26,0,0,309028.26,0,0,319280.38,0,0,319280.38,0,0,324665.84,0,0,319280.38,0,0,324665.84,0,0,330236.08,0,0,330236.08,0,0,319280.38,0,0,319280.38,0,0,319280.38,0,0,319280.38,0,0,309028.26,0,0,309028.26,0,0,309028.26,0,0,309028.26,0,0,309028.26,0,0,309028.26,0,0,309028.26,0,0,309028.26,0,0,309028.26,0,0,309028.26,0,0,309028.26,0,0,309028.26,0,0,309028.26,0,0,309028.26,0,0,309028.26,0,0,309028.26,0,0,309028.26,0,0,309028.26,0,0,309028.26,0,0,310452.35,0,0,310452.35,0,0,309028.26,0,0,309028.26,0,0,309028.26,0,0,309028.26,0,0,309028.26,0,0,583274.12,0,0,309028.26,0,0,309028.26,0,0,309028.26,0,0,319280.38,0,0,310452.35,0,0,320800.77,0,0,309028.26
1,0,0,2021-01-04,COVCANCER,0,0,0,0,0,0,0,0,0,0,0,0,0,0,0,0,0,0,0,0,0,0,0,0,0,0,0,0,0,0,0,0,0,0,0,0,0,0,0,0,0,0,0,0,0,0,0,0,0,0,310452.35,0,0,310452.35,0,0,310452.35,0,0,320800.77,0,0,320800.77,0,0,326238.07,0,0,320800.77,0,0,326238.07,0,0,331862.86,0,0,331862.86,0,0,320800.77,0,0,320800.77,0,0,320800.77,0,0,320800.77,0,0,310452.35,0,0,310452.35,0,0,310452.35,0,0,310452.35,0,0,310452.35,0,0,310452.35,0,0,310452.35,0,0,310452.35,0,0,310452.35,0,0,310452.35,0,0,310452.35,0,0,310452.35,0,0,310452.35,0,0,310452.35,0,0,310452.35,0,0,310452.35,0,0,310452.35,0,0,310452.35,0,0,310452.35,0,0,310452.35,0,0,310452.35,0,0,310452.35,0,0,310452.35,0,0,310452.35,0,0,310452.35,0,0,310452.35,0,0,583274.12,0,0,310452.35,0,0,310452.35,0,0,310452.35,0,0,320800.77,0,0,310452.35,0,0,320800.77,0,0,310452.35
1,0,0,2021-01-11,COVCANCER,0,0,0,0,0,0,0,0,0,0,0,0,0,0,0,0,0,0,0,0,0,0,0,0,0,0,0,0,0,0,0,0,0,0,0,0,0,0,0,0,0,0,0,0,0,0,0,0,0,0,310452.35,0,0,310452.35,0,0,310452.35,0,0,320800.77,0,0,320800.77,0,0,326238.07,0,0,320800.77,0,0,326238.07,0,0,331862.86,0,0,331862.86,0,0,320800.77,0,0,320800.77,0,0,320800.77,0,0,320800.77,0,0,310452.35,0,0,310452.35,0,0,310452.35,0,0,310452.35,0,0,310452.35,0,0,310452.35,0,0,310452.35,0,0,310452.35,0,0,310452.35,0,0,310452.35,0,0,310452.35,0,0,310452.35,0,0,310452.35,0,0,310452.35,0,0,310452.35,0,0,310452.35,0,0,310452.35,0,0,310452.35,0,0,310452.35,0,0,310452.35,0,0,310452.35,0,0,310452.35,0,0,310452.35,0,0,310452.35,0,0,310452.35,0,0,310452.35,0,0,583274.12,0,0,310452.35,0,0,310452.35,0,0,310452.35,0,0,320800.77,0,0,310452.35,0,0,320800.77,0,0,310452.35
1,0,0,2021-01-18,COVCANCER,0,0,0,0,0,0,0,0,0,0,0,0,0,0,0,0,0,0,0,0,0,0,0,0,0,0,0,0,0,0,0,0,0,0,0,0,0,2,0,0,0,0,0,0,0,0,0,0,0,0,310452.35,0,0,310452.35,0,0,310452.35,0,0,320800.77,0,0,320800.77,0,0,326238.07,0,0,320800.77,0,0,326238.07,0,0,331862.86,0,0,331862.86,0,0,320800.77,0,0,320800.77,0,0,320800.77,0,0,320800.77,0,0,310452.35,0,0,310452.35,0,0,310452.35,0,0,310452.35,0,0,310452.35,0,0,310452.35,0,0,310452.35,0,0,310452.35,0,0,310452.35,0,0,310452.35,0,0,310452.35,0,0,310452.35,0,0,310452.35,0,0,310452.35,0,0,310452.35,0,0,310452.35,0,0,310452.35,0,0,310452.35,0,0,310452.35,0,0,310452.35,0,0,310452.35,0,0,310452.35,0,0,310452.35,0,0,310452.35,0,0,310452.35,0,0,310452.35,321806.17,38972.22,1162474.52,0,0,310452.35,0,0,310452.35,0,0,310452.35,0,0,320800.77,0,0,310452.35,0,0,320800.77,0,0,310452.35
1,0,0,2021-01-25,COVCANCER,0,0,0,0,0,0,0,0,0,0,0,0,0,0,0,0,0,0,0,0,0,0,0,0,0,0,0,0,0,0,0,0,0,0,0,0,0,0,0,0,0,0,0,0,0,0,0,0,0,0,310452.35,0,0,310452.35,0,0,310452.35,0,0,320800.77,0,0,320800.77,0,0,326238.07,0,0,320800.77,0,0,326238.07,0,0,331862.86,0,0,331862.86,0,0,320800.77,0,0,320800.77,0,0,320800.77,0,0,320800.77,0,0,310452.35,0,0,310452.35,0,0,310452.35,0,0,310452.35,0,0,310452.35,0,0,310452.35,0,0,310452.35,0,0,310452.35,0,0,310452.35,0,0,310452.35,0,0,310452.35,0,0,310452.35,0,0,310452.35,0,0,310452.35,0,0,310452.35,0,0,310452.35,0,0,310452.35,0,0,310452.35,0,0,310452.35,0,0,310452.35,0,0,310452.35,0,0,310452.35,0,0,310452.35,0,0,310452.35,0,0,310452.35,0,0,310452.35,0,0,620904.71,0,0,310452.35,0,0,310452.35,0,0,310452.35,0,0,320800.77,0,0,310452.35,0,0,320800.77,0,0,310452.35
1,0,0,2021-02-01,COVCANCER,0,0,0,0,0,0,0,0,0,0,0,0,0,0,0,0,0,0,0,0,0,0,0,0,0,0,0,0,0,0,0,0,0,0,0,0,0,1,0,0,0,0,0,0,0,0,0,0,0,0,310452.35,0,0,310452.35,0,0,310452.35,0,0,320800.77,0,0,320800.77,0,0,326238.07,0,0,320800.77,0,0,326238.07,0,0,331862.86,0,0,331862.86,0,0,320800.77,0,0,320800.77,0,0,320800.77,0,0,320800.77,0,0,310452.35,0,0,310452.35,0,0,310452.35,0,0,310452.35,0,0,310452.35,0,0,310452.35,0,0,310452.35,0,0,310452.35,0,0,310452.35,0,0,310452.35,0,0,310452.35,0,0,310452.35,0,0,310452.35,0,0,310452.35,0,0,310452.35,0,0,310452.35,0,0,310452.35,0,0,310452.35,0,0,310452.35,0,0,310452.35,0,0,310452.35,0,0,310452.35,0,0,310452.35,0,0,310452.35,0,0,310452.35,0,0,310452.35,172287.74,4361.95,959925.82,0,0,310452.35,0,0,310452.35,0,0,310452.35,0,0,320800.77,0,0,310452.35,0,0,320800.77,0,0,310452.35
1,0,0,2021-02-08,COVCANCER,0,0,1,1,0,0,0,0,0,0,0,0,0,0,0,0,0,0,0,0,0,0,0,0,0,0,0,0,0,0,0,0,0,0,0,0,0,0,0,0,0,0,0,0,0,0,0,0,0,0,310452.35,0,0,310452.35,84353.35,2135.64,469986.78,87171.84,2207,485690.39,0,0,320800.77,0,0,326238.07,0,0,320800.77,0,0,326238.07,0,0,331862.86,0,0,331862.86,0,0,320800.77,0,0,320800.77,0,0,320800.77,0,0,320800.77,0,0,310452.35,0,0,310452.35,0,0,310452.35,0,0,310452.35,0,0,310452.35,0,0,310452.35,0,0,310452.35,0,0,310452.35,0,0,310452.35,0,0,310452.35,0,0,310452.35,0,0,310452.35,0,0,310452.35,0,0,310452.35,0,0,310452.35,0,0,310452.35,0,0,310452.35,0,0,310452.35,0,0,310452.35,0,0,310452.35,0,0,310452.35,0,0,310452.35,0,0,310452.35,0,0,310452.35,0,0,310452.35,0,0,310452.35,0,0,641601.53,0,0,310452.35,0,0,310452.35,0,0,310452.35,0,0,320800.77,0,0,310452.35,0,0,320800.77,0,0,310452.35
1,0,0,2021-02-15,COVCANCER,0,0,0,0,0,0,0,0,0,0,0,0,0,0,0,0,0,0,0,0,0,0,0,0,0,0,0,0,0,0,0,0,0,0,0,0,0,0,0,0,0,0,0,0,0,0,0,0,0,0,310452.35,0,0,310452.35,0,0,315541.74,0,0,326238.07,0,0,320800.77,0,0,326238.07,0,0,320800.77,0,0,326238.07,0,0,331862.86,0,0,331862.86,0,0,320800.77,0,0,320800.77,0,0,320800.77,0,0,320800.77,0,0,310452.35,0,0,310452.35,0,0,310452.35,0,0,310452.35,0,0,310452.35,0,0,310452.35,0,0,310452.35,0,0,310452.35,0,0,310452.35,0,0,310452.35,0,0,310452.35,0,0,310452.35,0,0,310452.35,0,0,310452.35,0,0,310452.35,0,0,310452.35,0,0,310452.35,0,0,310452.35,0,0,310452.35,0,0,310452.35,0,0,310452.35,0,0,310452.35,0,0,310452.35,0,0,310452.35,0,0,310452.35,0,0,310452.35,0,0,641601.53,0,0,310452.35,0,0,310452.35,0,0,310452.35,0,0,320800.77,0,0,310452.35,0,0,320800.77,0,0,310452.35
1,0,0,2021-02-22,COVCANCER,0,0,0,0,0,0,0,0,0,0,0,0,0,0,0,0,0,0,0,0,0,0,0,0,0,0,0,0,0,0,0,0,0,0,0,0,0,0,0,0,0,0,0,0,0,0,0,0,0,0,314070.68,0,0,314070.68,0,0,319280.38,0,0,330236.08,0,0,324665.84,0,0,330236.08,0,0,324665.84,0,0,330236.08,0,0,336000.8,0,0,336000.8,0,0,324665.84,0,0,324665.84,0,0,324665.84,0,0,324665.84,0,0,314070.68,0,0,314070.68,0,0,314070.68,0,0,314070.68,0,0,314070.68,0,0,314070.68,0,0,314070.68,0,0,314070.68,0,0,314070.68,0,0,314070.68,0,0,314070.68,0,0,314070.68,0,0,314070.68,0,0,314070.68,0,0,314070.68,0,0,314070.68,0,0,314070.68,0,0,314070.68,0,0,314070.68,0,0,314070.68,0,0,314070.68,0,0,314070.68,0,0,314070.68,0,0,314070.68,0,0,314070.68,0,0,314070.68,0,0,657250.35,0,0,314070.68,0,0,314070.68,0,0,314070.68,0,0,324665.84,0,0,314070.68,0,0,324665.84,0,0,314070.68
1,0,0,2021-03-01,COVCANCER,0,0,0,0,0,0,0,0,0,0,0,0,0,0,0,0,0,0,0,0,0,0,0,0,0,0,0,0,0,0,0,0,0,0,0,0,0,0,0,0,0,0,0,0,0,0,0,0,0,0,317026.64,0,0,317026.64,0,0,322335.7,0,0,333505.75,0,0,327825.6,0,0,333505.75,0,0,327825.6,0,0,333505.75,0,0,339386.2,0,0,339386.2,0,0,327825.6,0,0,327825.6,0,0,327825.6,0,0,327825.6,0,0,317026.64,0,0,317026.64,0,0,317026.64,0,0,317026.64,0,0,317026.64,0,0,317026.64,0,0,317026.64,0,0,317026.64,0,0,317026.64,0,0,317026.64,0,0,317026.64,0,0,317026.64,0,0,317026.64,0,0,317026.64,0,0,317026.64,0,0,317026.64,0,0,317026.64,0,0,317026.64,0,0,317026.64,0,0,317026.64,0,0,317026.64,0,0,317026.64,0,0,317026.64,0,0,317026.64,0,0,317026.64,0,0,317026.64,0,0,663725.72,0,0,317026.64,0,0,317026.64,0,0,317026.64,0,0,327825.6,0,0,317026.64,0,0,327825.6,0,0,317026.64
1,0,0,2021-03-08,COVCANCER,0,0,0,0,0,0,0,0,0,0,0,0,0,0,0,0,0,0,0,0,0,0,0,0,0,0,0,0,0,0,0,0,0,0,0,0,0,0,0,0,0,0,0,0,0,0,0,0,0,0,329428.66,0,0,329428.66,0,0,335164.98,0,0,347258.56,0,0,341104.61,0,0,347258.56,0,0,341104.61,0,0,347258.56,0,0,353638.64,0,0,353638.64,0,0,341104.61,0,0,341104.61,0,0,341104.61,0,0,341104.61,0,0,329428.66,0,0,329428.66,0,0,329428.66,0,0,329428.66,0,0,329428.66,0,0,329428.66,0,0,329428.66,0,0,329428.66,0,0,329428.66,0,0,329428.66,0,0,329428.66,0,0,329428.66,0,0,329428.66,0,0,329428.66,0,0,329428.66,0,0,329428.66,0,0,329428.66,0,0,329428.66,0,0,329428.66,0,0,329428.66,0,0,329428.66,0,0,329428.66,0,0,329428.66,0,0,329428.66,0,0,329428.66,0,0,329428.66,0,0,694517.12,0,0,329428.66,0,0,329428.66,0,0,329428.66,0,0,341104.61,0,0,329428.66,0,0,341104.61,0,0,329428.66
1,0,0,2021-03-15,COVCANCER,0,0,0,0,0,0,0,0,0,0,0,0,0,0,0,0,0,0,0,0,0,0,0,0,0,0,0,0,0,0,0,0,0,0,0,0,0,0,0,0,1,0,0,0,0,0,0,0,0,0,350875.84,0,0,350875.84,0,0,357390.77,0,0,365139.08,0,0,364152.22,0,0,371174.44,0,0,364152.22,0,0,371174.44,0,0,372199.78,0,0,372199.78,0,0,364152.22,0,0,364152.22,0,0,364152.22,0,0,364152.22,0,0,350875.84,0,0,350875.84,0,0,350875.84,0,0,350875.84,0,0,350875.84,0,0,350875.84,0,0,350875.84,0,0,350875.84,0,0,350875.84,0,0,350875.84,0,0,350875.84,0,0,350875.84,0,0,350875.84,0,0,350875.84,0,0,350875.84,0,0,350875.84,0,0,350875.84,0,0,350875.84,0,0,350875.84,0,0,350875.84,0,0,350875.84,0,0,350875.84,0,0,350875.84,0,0,350875.84,0,0,350875.84,0,0,350875.84,0,0,720515.09,0,0,350875.84,0,0,350875.84,95117.19,2408.16,529959.05,0,0,364152.22,0,0,350875.84,0,0,364152.22,0,0,350875.84
1,0,0,2021-03-22,COVCANCER,0,0,0,0,0,0,0,0,0,0,0,0,0,0,0,0,0,0,0,0,0,0,0,0,0,0,0,0,0,0,0,0,0,0,0,0,0,1,0,0,0,0,0,0,0,0,0,0,0,0,361223.38,0,0,361223.38,0,0,368132.03,0,0,375310.09,0,0,375310.09,0,0,382773.64,0,0,375310.09,0,0,382773.64,0,0,382773.64,0,0,382773.64,0,0,375310.09,0,0,375310.09,0,0,375310.09,0,0,375310.09,0,0,361223.38,0,0,361223.38,0,0,361223.38,0,0,361223.38,0,0,361223.38,0,0,361223.38,0,0,361223.38,0,0,361223.38,0,0,361223.38,0,0,361223.38,0,0,361223.38,0,0,361223.38,0,0,361223.38,0,0,361223.38,0,0,361223.38,0,0,361223.38,0,0,361223.38,0,0,361223.38,0,0,361223.38,0,0,361223.38,0,0,361223.38,0,0,361223.38,0,0,361223.38,0,0,361223.38,0,0,361223.38,0,0,361223.38,202916.67,5137.41,1130579.3,0,0,361223.38,0,0,361223.38,0,0,361223.38,0,0,375310.09,0,0,361223.38,0,0,375310.09,0,0,361223.38
1,0,0,2021-03-29,COVCANCER,0,0,0,1,0,0,0,0,0,0,0,0,0,0,0,0,0,0,0,0,0,0,0,0,0,0,0,0,0,0,0,0,0,0,0,0,0,0,0,0,0,0,0,0,0,0,0,0,0,0,398628.17,0,0,398628.17,0,0,407058.37,114498.43,2898.85,637944.44,0,0,415852.85,0,0,425035.72,0,0,415852.85,0,0,425035.72,0,0,425035.72,0,0,425035.72,0,0,415852.85,0,0,415852.85,0,0,415852.85,0,0,415852.85,0,0,398628.17,0,0,398628.17,0,0,398628.17,0,0,398628.17,0,0,398628.17,0,0,398628.17,0,0,398628.17,0,0,398628.17,0,0,398628.17,0,0,398628.17,0,0,398628.17,0,0,398628.17,0,0,398628.17,0,0,398628.17,0,0,398628.17,0,0,398628.17,0,0,398628.17,0,0,398628.17,0,0,398628.17,0,0,398628.17,0,0,398628.17,0,0,398628.17,0,0,398628.17,0,0,398628.17,0,0,398628.17,0,0,398628.17,0,0,842102.01,0,0,398628.17,0,0,398628.17,0,0,398628.17,0,0,415852.85,0,0,398628.17,0,0,415852.85,0,0,398628.17
1,0,0,2021-04-05,COVCANCER,0,0,0,0,0,0,0,0,0,0,0,0,0,0,0,0,0,0,0,0,0,0,0,0,0,0,0,0,0,0,0,0,0,0,0,0,0,0,0,0,1,0,0,0,0,0,0,0,0,0,466215.65,0,0,466215.65,0,0,474423.67,0,0,499023.42,0,0,486412.72,0,0,499023.42,0,0,479488.69,0,0,491738.4,0,0,502747.47,0,0,502747.47,0,0,489950.26,0,0,489950.26,0,0,489950.26,0,0,489950.26,0,0,466215.65,0,0,466215.65,0,0,466215.65,0,0,466215.65,0,0,466215.65,0,0,466215.65,0,0,466215.65,0,0,466215.65,0,0,466215.65,0,0,466215.65,0,0,466215.65,0,0,466215.65,0,0,466215.65,0,0,466215.65,0,0,466215.65,0,0,466215.65,0,0,466215.65,0,0,466215.65,0,0,466215.65,0,0,466215.65,0,0,466215.65,0,0,466215.65,0,0,466215.65,0,0,466215.65,0,0,466215.65,0,0,466215.65,0,0,962402.3,0,0,466215.65,0,0,466215.65,126384.08,3199.77,704167.04,0,0,479488.69,0,0,466215.65,0,0,479488.69,0,0,466215.65
1,0,0,2021-04-12,COVCANCER,0,0,0,0,0,0,0,0,0,0,0,0,0,0,0,0,1,1,0,0,0,0,0,0,0,0,0,0,0,0,0,0,0,0,0,0,0,0,0,0,0,0,0,0,0,0,0,0,0,0,554470.46,0,0,554470.46,0,0,554470.46,0,0,585810.1,0,0,568507.69,0,0,585810.1,0,0,554470.46,0,0,570916.62,0,0,604198.75,0,0,604198.75,0,0,588368.22,0,0,588368.22,0,0,588368.22,0,0,588368.22,0,0,554470.46,0,0,554470.46,152187.5,3853.05,847934.48,152187.5,3853.05,847934.48,0,0,554470.46,0,0,554470.46,0,0,554470.46,0,0,554470.46,0,0,554470.46,0,0,554470.46,0,0,554470.46,0,0,554470.46,0,0,554470.46,0,0,554470.46,0,0,554470.46,0,0,554470.46,0,0,554470.46,0,0,554470.46,0,0,554470.46,0,0,554470.46,0,0,554470.46,0,0,554470.46,0,0,554470.46,0,0,554470.46,0,0,554470.46,0,0,554470.46,0,0,1077890.58,0,0,554470.46,0,0,554470.46,0,0,554470.46,0,0,554470.46,0,0,554470.46,0,0,554470.46,0,0,554470.46
1,0,0,2021-04-19,COVCANCER,0,0,0,0,0,0,0,0,0,0,0,0,0,0,0,0,0,0,0,0,0,0,0,0,0,0,0,0,0,0,0,0,0,0,0,0,0,0,0,0,0,0,0,0,0,0,0,0,0,0,720515.09,0,0,720515.09,0,0,720515.09,0,0,720515.09,0,0,720515.09,0,0,740309.46,0,0,720515.09,0,0,748535.12,0,0,740309.46,0,0,740309.46,0,0,778822.67,0,0,778822.67,0,0,778822.67,0,0,778822.67,0,0,720515.09,0,0,720515.09,0,0,748535.12,0,0,748535.12,0,0,720515.09,0,0,720515.09,0,0,720515.09,0,0,720515.09,0,0,720515.09,0,0,720515.09,0,0,720515.09,0,0,720515.09,0,0,720515.09,0,0,720515.09,0,0,720515.09,0,0,720515.09,0,0,720515.09,0,0,720515.09,0,0,720515.09,0,0,720515.09,0,0,720515.09,0,0,720515.09,0,0,720515.09,0,0,720515.09,0,0,720515.09,0,0,720515.09,0,0,1236113.05,0,0,720515.09,0,0,720515.09,0,0,720515.09,0,0,720515.09,0,0,720515.09,0,0,720515.09,0,0,720515.09
1,0,0,2021-04-26,COVCANCER,0,0,0,0,0,0,0,0,0,0,0,0,0,0,0,0,0,0,0,0,0,0,0,0,0,0,0,0,0,0,0,0,0,0,0,0,0,0,0,0,0,0,0,0,0,0,0,0,0,0,811664.59,0,0,811664.59,0,0,811664.59,0,0,811664.59,0,0,811664.59,0,0,811664.59,0,0,811664.59,0,0,847398.25,0,0,811664.59,0,0,811664.59,0,0,886423.17,0,0,886423.17,0,0,886423.17,0,0,886423.17,0,0,811664.59,0,0,811664.59,0,0,847398.25,0,0,847398.25,0,0,811664.59,0,0,811664.59,0,0,811664.59,0,0,811664.59,0,0,811664.59,0,0,811664.59,0,0,811664.59,0,0,811664.59,0,0,811664.59,0,0,811664.59,0,0,811664.59,0,0,811664.59,0,0,811664.59,0,0,811664.59,0,0,811664.59,0,0,811664.59,0,0,811664.59,0,0,811664.59,0,0,811664.59,0,0,811664.59,0,0,811664.59,0,0,811664.59,0,0,1308119.63,0,0,811664.59,0,0,811664.59,0,0,811664.59,0,0,811664.59,0,0,811664.59,0,0,811664.59,0,0,811664.59
1,0,0,2021-05-03,COVCANCER,0,0,0,0,0,0,0,0,0,0,0,0,0,0,0,0,0,0,0,0,0,0,0,0,0,0,0,0,0,0,0,0,0,0,0,0,0,0,0,0,0,0,0,0,0,0,0,0,0,0,898242.15,0,0,898242.15,0,0,898242.15,0,0,898242.15,0,0,898242.15,0,0,898242.15,0,0,898242.15,0,0,942212.04,0,0,898242.15,0,0,898242.15,0,0,976350.16,0,0,976350.16,0,0,976350.16,0,0,976350.16,0,0,898242.15,0,0,898242.15,0,0,942212.04,0,0,942212.04,0,0,898242.15,0,0,898242.15,0,0,898242.15,0,0,898242.15,0,0,898242.15,0,0,898242.15,0,0,898242.15,0,0,898242.15,0,0,898242.15,0,0,898242.15,0,0,898242.15,0,0,898242.15,0,0,898242.15,0,0,898242.15,0,0,898242.15,0,0,898242.15,0,0,898242.15,0,0,898242.15,0,0,898242.15,0,0,898242.15,0,0,898242.15,0,0,898242.15,0,0,1548693.36,0,0,898242.15,0,0,898242.15,0,0,898242.15,0,0,898242.15,0,0,898242.15,0,0,898242.15,0,0,898242.15
1,0,0,2021-05-10,COVCANCER,0,0,0,0,0,0,0,0,0,0,0,0,0,0,0,0,0,0,0,0,0,0,0,0,0,0,0,0,0,0,0,0,0,0,0,0,0,0,0,0,0,0,0,0,0,0,0,0,0,0,1132238,0,0,1132238,0,0,1132238,0,0,1132238,0,0,1132238,0,0,1132238,0,0,1132238,0,0,1203002.88,0,0,1132238,0,0,1132238,0,0,1203002.88,0,0,1203002.88,0,0,1203002.88,0,0,1203002.88,0,0,1132238,0,0,1132238,0,0,1203002.88,0,0,1203002.88,0,0,1132238,0,0,1132238,0,0,1132238,0,0,1132238,0,0,1132238,0,0,1132238,0,0,1132238,0,0,1132238,0,0,1132238,0,0,1132238,0,0,1132238,0,0,1132238,0,0,1132238,0,0,1132238,0,0,1132238,0,0,1132238,0,0,1132238,0,0,1132238,0,0,1132238,0,0,1132238,0,0,1132238,0,0,1132238,0,0,2072866.49,0,0,1132238,0,0,1132238,0,0,1132238,0,0,1132238,0,0,1132238,0,0,1132238,0,0,1132238
1,0,0,2021-05-17,COVCANCER,0,0,0,0,0,0,0,0,0,0,0,0,0,0,0,0,0,0,0,0,0,0,0,0,0,0,0,0,0,0,0,0,0,0,0,0,0,0,0,0,0,0,0,0,0,0,0,0,0,0,1236113.05,0,0,1236113.05,0,0,1236113.05,0,0,1236113.05,0,0,1236113.05,0,0,1236113.05,0,0,1236113.05,0,0,1320944.33,0,0,1236113.05,0,0,1236113.05,0,0,1320944.33,0,0,1320944.33,0,0,1320944.33,0,0,1320944.33,0,0,1236113.05,0,0,1236113.05,0,0,1320944.33,0,0,1320944.33,0,0,1236113.05,0,0,1236113.05,0,0,1236113.05,0,0,1236113.05,0,0,1236113.05,0,0,1236113.05,0,0,1236113.05,0,0,1236113.05,0,0,1236113.05,0,0,1236113.05,0,0,1236113.05,0,0,1236113.05,0,0,1236113.05,0,0,1236113.05,0,0,1236113.05,0,0,1236113.05,0,0,1236113.05,0,0,1236113.05,0,0,1236113.05,0,0,1236113.05,0,0,1236113.05,0,0,1236113.05,0,0,2173166.48,0,0,1236113.05,0,0,1236113.05,0,0,1236113.05,0,0,1236113.05,0,0,1236113.05,0,0,1236113.05,0,0,1236113.05
1,0,0,2021-05-24,COVCANCER,0,0,0,0,0,0,0,0,0,0,0,0,0,0,0,0,0,0,0,0,0,0,0,0,0,0,0,0,0,0,0,0,0,0,0,0,0,0,0,0,0,0,0,0,0,0,0,0,0,0,1374860.43,0,0,1374860.43,0,0,1374860.43,0,0,1374860.43,0,0,1374860.43,0,0,1374860.43,0,0,1374860.43,0,0,1480618.92,0,0,1374860.43,0,0,1374860.43,0,0,1480618.92,0,0,1480618.92,0,0,1480618.92,0,0,1480618.92,0,0,1374860.43,0,0,1374860.43,0,0,1480618.92,0,0,1480618.92,0,0,1374860.43,0,0,1374860.43,0,0,1374860.43,0,0,1374860.43,0,0,1374860.43,0,0,1374860.43,0,0,1374860.43,0,0,1374860.43,0,0,1374860.43,0,0,1374860.43,0,0,1374860.43,0,0,1374860.43,0,0,1374860.43,0,0,1374860.43,0,0,1374860.43,0,0,1374860.43,0,0,1374860.43,0,0,1374860.43,0,0,1374860.43,0,0,1374860.43,0,0,1374860.43,0,0,1374860.43,0,0,2406005.75,0,0,1374860.43,0,0,1374860.43,0,0,1374860.43,0,0,1374860.43,0,0,1374860.43,0,0,1374860.43,0,0,1374860.43
1,0,0,2021-05-31,COVCANCER,0,0,0,0,0,0,0,0,0,0,0,0,0,0,0,0,0,0,0,0,0,0,0,0,0,0,0,0,0,0,0,0,0,0,0,0,0,0,0,0,0,0,0,0,0,0,0,0,0,0,1513891.26,0,0,1513891.26,0,0,1513891.26,0,0,1513891.26,0,0,1513891.26,0,0,1513891.26,0,0,1513891.26,0,0,1643125.88,0,0,1513891.26,0,0,1513891.26,0,0,1643125.88,0,0,1643125.88,0,0,1643125.88,0,0,1643125.88,0,0,1513891.26,0,0,1513891.26,0,0,1643125.88,0,0,1643125.88,0,0,1513891.26,0,0,1513891.26,0,0,1513891.26,0,0,1513891.26,0,0,1513891.26,0,0,1513891.26,0,0,1513891.26,0,0,1513891.26,0,0,1513891.26,0,0,1513891.26,0,0,1513891.26,0,0,1513891.26,0,0,1513891.26,0,0,1513891.26,0,0,1513891.26,0,0,1513891.26,0,0,1513891.26,0,0,1513891.26,0,0,1513891.26,0,0,1513891.26,0,0,1513891.26,0,0,1513891.26,0,0,2866730.26,0,0,1513891.26,0,0,1513891.26,0,0,1513891.26,0,0,1513891.26,0,0,1513891.26,0,0,1513891.26,0,0,1513891.26
1,0,0,2021-06-07,COVCANCER,0,0,0,0,0,0,0,0,0,0,0,0,0,0,0,0,0,0,0,0,0,0,0,0,0,0,0,0,0,0,0,0,0,0,0,0,0,0,0,0,0,0,0,0,0,0,0,0,0,0,2363795.12,0,0,2363795.12,0,0,2363795.12,0,0,2363795.12,0,0,2363795.12,0,0,2363795.12,0,0,2363795.12,0,0,2694726.44,0,0,2363795.12,0,0,2363795.12,0,0,2363795.12,0,0,2363795.12,0,0,2363795.12,0,0,2363795.12,0,0,2363795.12,0,0,2363795.12,0,0,2363795.12,0,0,2363795.12,0,0,2363795.12,0,0,2363795.12,0,0,2363795.12,0,0,2363795.12,0,0,2363795.12,0,0,2363795.12,0,0,2363795.12,0,0,2363795.12,0,0,2363795.12,0,0,2363795.12,0,0,2363795.12,0,0,2363795.12,0,0,2363795.12,0,0,2363795.12,0,0,2363795.12,0,0,2363795.12,0,0,2363795.12,0,0,2363795.12,0,0,2363795.12,0,0,2363795.12,0,0,2363795.12,0,0,2363795.12,0,0,3849609.2,0,0,2363795.12,0,0,2363795.12,0,0,2363795.12,0,0,2363795.12,0,0,2363795.12,0,0,2363795.12,0,0,2363795.12
1,0,0,2021-06-14,COVCANCER,0,0,0,0,0,0,0,0,0,0,0,0,0,0,0,0,0,0,0,0,0,0,0,0,0,0,0,0,0,0,0,0,0,0,0,0,0,0,0,0,0,0,0,0,0,0,0,0,0,0,2866730.26,0,0,2866730.26,0,0,2866730.26,0,0,2866730.26,0,0,2866730.26,0,0,2866730.26,0,0,2866730.26,0,0,3368408.05,0,0,2866730.26,0,0,2866730.26,0,0,2866730.26,0,0,2866730.26,0,0,2866730.26,0,0,2866730.26,0,0,2866730.26,0,0,2866730.26,0,0,2866730.26,0,0,2866730.26,0,0,2866730.26,0,0,2866730.26,0,0,2866730.26,0,0,2866730.26,0,0,2866730.26,0,0,2866730.26,0,0,2866730.26,0,0,2866730.26,0,0,2866730.26,0,0,2866730.26,0,0,2866730.26,0,0,2866730.26,0,0,2866730.26,0,0,2866730.26,0,0,2866730.26,0,0,2866730.26,0,0,2866730.26,0,0,2866730.26,0,0,2866730.26,0,0,2866730.26,0,0,2866730.26,0,0,2866730.26,0,0,4346332.97,0,0,2866730.26,0,0,2866730.26,0,0,2866730.26,0,0,2866730.26,0,0,2866730.26,0,0,2866730.26,0,0,2866730.26
1,1,Pfizer,2021-06-14,COVCANCER,0,0,0,0,0,0,0,0,0,0,0,0,0,0,0,0,0,0,0,0,0,0,0,0,0,0,0,0,0,0,0,0,0,0,0,0,0,0,0,0,0,0,0,0,0,0,0,0,0,0,2010989.88,0,0,2010989.88,0,0,2010989.88,0,0,2010989.88,0,0,2010989.88,0,0,2010989.88,0,0,2010989.88,0,0,2010989.88,0,0,2010989.88,0,0,2010989.88,0,0,2010989.88,0,0,2010989.88,0,0,2010989.88,0,0,2010989.88,0,0,2010989.88,0,0,2010989.88,0,0,2245605.37,0,0,2245605.37,0,0,2010989.88,0,0,2010989.88,0,0,2010989.88,0,0,2010989.88,0,0,2010989.88,0,0,2010989.88,0,0,2010989.88,0,0,2010989.88,0,0,2010989.88,0,0,2010989.88,0,0,2010989.88,0,0,2010989.88,0,0,2010989.88,0,0,2010989.88,0,0,2010989.88,0,0,2010989.88,0,0,2010989.88,0,0,2010989.88,0,0,2010989.88,0,0,2010989.88,0,0,2010989.88,0,0,2010989.88,0,0,4210510.06,0,0,2010989.88,0,0,2010989.88,0,0,2010989.88,0,0,2010989.88,0,0,2010989.88,0,0,2010989.88,0,0,2010989.88
1,1,Pfizer,2021-06-21,COVCANCER,0,0,0,0,0,0,0,0,0,0,0,0,0,0,0,0,0,0,0,0,0,0,0,0,0,0,0,0,0,0,0,0,0,0,0,0,0,0,0,0,0,0,0,0,0,0,0,0,0,0,1924804.6,0,0,1924804.6,0,0,1924804.6,0,0,1924804.6,0,0,1924804.6,0,0,1924804.6,0,0,1924804.6,0,0,1924804.6,0,0,1924804.6,0,0,1924804.6,0,0,1924804.6,0,0,1924804.6,0,0,1924804.6,0,0,1924804.6,0,0,1924804.6,0,0,1924804.6,0,0,2138671.78,0,0,2138671.78,0,0,1924804.6,0,0,1924804.6,0,0,1924804.6,0,0,1924804.6,0,0,1924804.6,0,0,1924804.6,0,0,1924804.6,0,0,1924804.6,0,0,1924804.6,0,0,1924804.6,0,0,1924804.6,0,0,1924804.6,0,0,1924804.6,0,0,1924804.6,0,0,1924804.6,0,0,1924804.6,0,0,1924804.6,0,0,1924804.6,0,0,1924804.6,0,0,1924804.6,0,0,1924804.6,0,0,1924804.6,0,0,3849609.2,0,0,1924804.6,0,0,1924804.6,0,0,1924804.6,0,0,1924804.6,0,0,1924804.6,0,0,1924804.6,0,0,1924804.6
1,1,Pfizer,2021-06-28,COVCANCER,0,0,0,0,0,0,0,0,0,0,0,0,0,0,0,0,0,0,0,0,0,0,0,0,0,0,0,0,0,0,0,0,0,0,0,0,0,0,0,0,0,0,0,0,0,0,0,0,0,0,4491210.74,0,0,4491210.74,0,0,4491210.74,0,0,4491210.74,0,0,4491210.74,0,0,4491210.74,0,0,4491210.74,0,0,4491210.74,0,0,4491210.74,0,0,4491210.74,0,0,4491210.74,0,0,4491210.74,0,0,4491210.74,0,0,4491210.74,0,0,4491210.74,0,0,4491210.74,0,0,4990234.15,0,0,4990234.15,0,0,4491210.74,0,0,4491210.74,0,0,4491210.74,0,0,4491210.74,0,0,4491210.74,0,0,4491210.74,0,0,4491210.74,0,0,4491210.74,0,0,4491210.74,0,0,4491210.74,0,0,4491210.74,0,0,4491210.74,0,0,4491210.74,0,0,4491210.74,0,0,4491210.74,0,0,4491210.74,0,0,4491210.74,0,0,4491210.74,0,0,4491210.74,0,0,4491210.74,0,0,4491210.74,0,0,4491210.74,0,0,8982421.47,0,0,4491210.74,0,0,4491210.74,0,0,4491210.74,0,0,4491210.74,0,0,4491210.74,0,0,4491210.74,0,0,4491210.74
1,1,Pfizer,2021-04-12,COVCANCER,0,0,0,0,0,0,0,0,0,0,0,0,0,0,0,0,0,0,0,0,0,0,0,0,0,0,0,0,0,0,0,0,0,0,0,0,0,0,0,0,0,0,0,0,0,0,0,0,0,0,2807006.71,0,0,2807006.71,0,0,3286251.76,0,0,3368408.05,0,0,3368408.05,0,0,3368408.05,0,0,3286251.76,0,0,3286251.76,0,0,2866730.26,0,0,2866730.26,0,0,2807006.71,0,0,2807006.71,0,0,2807006.71,0,0,2807006.71,0,0,2807006.71,0,0,2807006.71,0,0,2807006.71,0,0,2807006.71,0,0,2807006.71,0,0,2807006.71,0,0,2807006.71,0,0,2807006.71,0,0,2807006.71,0,0,2807006.71,0,0,2807006.71,0,0,2807006.71,0,0,2807006.71,0,0,2807006.71,0,0,2807006.71,0,0,2807006.71,0,0,2807006.71,0,0,2807006.71,0,0,2807006.71,0,0,2807006.71,0,0,2807006.71,0,0,2807006.71,0,0,2807006.71,0,0,2807006.71,0,0,2807006.71,0,0,2807006.71,0,0,26947264.41,0,0,2807006.71,0,0,2807006.71,0,0,2807006.71,0,0,3286251.76,0,0,2807006.71,0,0,3286251.76,0,0,2807006.71
1,1,Pfizer,2021-04-19,COVCANCER,0,0,0,0,0,0,0,0,0,0,0,0,0,0,0,0,0,0,0,0,0,0,0,0,0,0,0,0,0,0,0,0,0,0,0,0,0,0,0,0,0,0,0,0,0,0,0,0,0,0,1585133.2,0,0,1585133.2,0,0,1727388.74,0,0,2105255.03,0,0,1897694.68,0,0,1952700.32,0,0,1727388.74,0,0,1727388.74,0,0,1952700.32,0,0,1952700.32,0,0,1585133.2,0,0,1585133.2,0,0,1585133.2,0,0,1585133.2,0,0,1585133.2,0,0,1585133.2,0,0,1585133.2,0,0,1585133.2,0,0,1585133.2,0,0,1585133.2,0,0,1585133.2,0,0,1585133.2,0,0,1585133.2,0,0,1585133.2,0,0,1585133.2,0,0,1585133.2,0,0,1585133.2,0,0,1585133.2,0,0,1585133.2,0,0,1585133.2,0,0,1585133.2,0,0,1585133.2,0,0,1585133.2,0,0,1585133.2,0,0,1585133.2,0,0,1585133.2,0,0,1585133.2,0,0,1585133.2,0,0,1585133.2,0,0,1585133.2,0,0,7925666,0,0,1585133.2,0,0,1585133.2,0,0,1585133.2,0,0,1727388.74,0,0,1585133.2,0,0,1727388.74,0,0,1585133.2
1,1,Pfizer,2021-04-26,COVCANCER,0,0,0,0,0,0,0,0,0,0,0,0,0,0,0,0,0,0,0,0,0,0,0,0,0,0,0,0,0,0,0,0,0,0,0,0,0,0,0,0,0,0,0,0,0,0,0,0,0,0,1604003.83,0,0,1604003.83,0,0,1727388.74,0,0,2105255.03,0,0,1897694.68,0,0,2105255.03,0,0,1727388.74,0,0,1727388.74,0,0,2138671.78,0,0,2138671.78,0,0,1604003.83,0,0,1604003.83,0,0,1604003.83,0,0,1604003.83,0,0,1604003.83,0,0,1604003.83,0,0,1604003.83,0,0,1604003.83,0,0,1604003.83,0,0,1604003.83,0,0,1604003.83,0,0,1604003.83,0,0,1604003.83,0,0,1604003.83,0,0,1604003.83,0,0,1604003.83,0,0,1604003.83,0,0,1604003.83,0,0,1604003.83,0,0,1604003.83,0,0,1604003.83,0,0,1604003.83,0,0,1604003.83,0,0,1604003.83,0,0,1604003.83,0,0,1604003.83,0,0,1604003.83,0,0,1604003.83,0,0,1604003.83,0,0,1604003.83,0,0,6416015.34,0,0,1604003.83,0,0,1604003.83,0,0,1604003.83,0,0,1727388.74,0,0,1604003.83,0,0,1727388.74,0,0,1604003.83
1,1,Pfizer,2021-05-03,COVCANCER,0,0,0,0,0,0,0,0,0,0,0,0,0,0,0,0,0,0,0,0,0,0,0,0,0,0,0,0,0,0,0,0,0,0,0,0,0,0,0,0,0,0,0,0,0,0,0,0,0,0,2245605.37,0,0,2245605.37,0,0,2245605.37,0,0,2749720.86,0,0,2449751.31,0,0,2807006.71,0,0,2245605.37,0,0,2245605.37,0,0,3208007.67,0,0,3208007.67,0,0,2245605.37,0,0,2245605.37,0,0,2245605.37,0,0,2245605.37,0,0,2245605.37,0,0,2245605.37,0,0,2245605.37,0,0,2245605.37,0,0,2245605.37,0,0,2245605.37,0,0,2245605.37,0,0,2245605.37,0,0,2245605.37,0,0,2245605.37,0,0,2245605.37,0,0,2245605.37,0,0,2245605.37,0,0,2245605.37,0,0,2245605.37,0,0,2245605.37,0,0,2245605.37,0,0,2245605.37,0,0,2245605.37,0,0,2245605.37,0,0,2245605.37,0,0,2245605.37,0,0,2245605.37,0,0,2245605.37,0,0,2245605.37,0,0,2245605.37,0,0,5858100.96,0,0,2245605.37,0,0,2245605.37,0,0,2245605.37,0,0,2245605.37,0,0,2245605.37,0,0,2245605.37,0,0,2245605.37
1,1,Pfizer,2021-05-10,COVCANCER,0,0,0,0,0,0,0,0,0,0,0,0,0,0,0,0,0,0,0,0,0,0,0,0,0,0,0,0,0,0,0,0,0,0,0,0,0,0,0,0,0,0,0,0,0,0,0,0,0,0,3208007.67,0,0,3208007.67,0,0,3208007.67,0,0,3208007.67,0,0,3208007.67,0,0,3742675.61,0,0,3208007.67,0,0,3208007.67,0,0,3742675.61,0,0,3742675.61,0,0,3208007.67,0,0,3208007.67,0,0,3208007.67,0,0,3208007.67,0,0,3208007.67,0,0,3208007.67,0,0,3208007.67,0,0,3208007.67,0,0,3208007.67,0,0,3208007.67,0,0,3208007.67,0,0,3208007.67,0,0,3208007.67,0,0,3208007.67,0,0,3208007.67,0,0,3208007.67,0,0,3208007.67,0,0,3208007.67,0,0,3208007.67,0,0,3208007.67,0,0,3208007.67,0,0,3208007.67,0,0,3208007.67,0,0,3208007.67,0,0,3208007.67,0,0,3208007.67,0,0,3208007.67,0,0,3208007.67,0,0,3208007.67,0,0,3208007.67,0,0,7091385.37,0,0,3208007.67,0,0,3208007.67,0,0,3208007.67,0,0,3208007.67,0,0,3208007.67,0,0,3208007.67,0,0,3208007.67
1,2,Pfizer,2021-05-10,COVCANCER,0,0,0,0,0,0,0,0,0,0,0,0,0,0,0,0,0,0,0,0,0,0,0,0,0,0,0,0,0,0,0,0,0,0,0,0,0,0,0,0,0,0,0,0,0,0,0,0,0,0,1259217.96,0,0,1259217.96,0,0,1347363.22,0,0,1566701.42,0,0,1566701.42,0,0,1585133.2,0,0,1347363.22,0,0,1347363.22,0,0,1464525.24,0,0,1464525.24,0,0,1259217.96,0,0,1259217.96,0,0,1259217.96,0,0,1259217.96,0,0,1259217.96,0,0,1259217.96,0,0,1259217.96,0,0,1259217.96,0,0,1259217.96,0,0,1259217.96,0,0,1259217.96,0,0,1259217.96,0,0,1259217.96,0,0,1259217.96,0,0,1259217.96,0,0,1259217.96,0,0,1259217.96,0,0,1259217.96,0,0,1259217.96,0,0,1259217.96,0,0,1259217.96,0,0,1259217.96,0,0,1259217.96,0,0,1259217.96,0,0,1259217.96,0,0,1259217.96,0,0,1259217.96,0,0,1259217.96,0,0,1259217.96,0,0,1259217.96,0,0,8421020.13,0,0,1259217.96,0,0,1259217.96,0,0,1259217.96,0,0,1347363.22,0,0,1259217.96,0,0,1347363.22,0,0,1259217.96
1,2,Pfizer,2021-05-17,COVCANCER,0,0,0,0,0,0,0,0,0,0,0,0,0,0,0,0,0,0,0,0,0,0,0,0,0,0,0,0,0,0,0,0,0,0,0,0,0,0,0,0,0,0,0,0,0,0,0,0,0,0,1181897.56,0,0,1181897.56,0,0,1259217.96,0,0,1448777.66,0,0,1448777.66,0,0,1566701.42,0,0,1259217.96,0,0,1259217.96,0,0,1448777.66,0,0,1448777.66,0,0,1181897.56,0,0,1181897.56,0,0,1181897.56,0,0,1181897.56,0,0,1181897.56,0,0,1181897.56,0,0,1181897.56,0,0,1181897.56,0,0,1181897.56,0,0,1181897.56,0,0,1181897.56,0,0,1181897.56,0,0,1181897.56,0,0,1181897.56,0,0,1181897.56,0,0,1181897.56,0,0,1181897.56,0,0,1181897.56,0,0,1181897.56,0,0,1181897.56,0,0,1181897.56,0,0,1181897.56,0,0,1181897.56,0,0,1181897.56,0,0,1181897.56,0,0,1181897.56,0,0,1181897.56,0,0,1181897.56,0,0,1181897.56,0,0,1181897.56,0,0,6416015.34,0,0,1181897.56,0,0,1181897.56,0,0,1181897.56,0,0,1259217.96,0,0,1181897.56,0,0,1259217.96,0,0,1181897.56
1,2,Pfizer,2021-05-24,COVCANCER,0,0,0,0,0,0,0,0,0,0,0,0,0,0,0,0,0,0,0,0,0,0,0,0,0,0,0,0,0,0,0,0,0,0,0,0,0,0,0,0,0,0,0,0,0,0,0,0,0,0,1151592.5,0,0,1151592.5,0,0,1224875.66,0,0,1403503.35,0,0,1403503.35,0,0,1513891.26,0,0,1224875.66,0,0,1224875.66,0,0,1403503.35,0,0,1403503.35,0,0,1151592.5,0,0,1151592.5,0,0,1151592.5,0,0,1151592.5,0,0,1151592.5,0,0,1151592.5,0,0,1151592.5,0,0,1151592.5,0,0,1151592.5,0,0,1151592.5,0,0,1151592.5,0,0,1151592.5,0,0,1151592.5,0,0,1151592.5,0,0,1151592.5,0,0,1151592.5,0,0,1151592.5,0,0,1151592.5,0,0,1151592.5,0,0,1151592.5,0,0,1151592.5,0,0,1151592.5,0,0,1151592.5,0,0,1151592.5,0,0,1151592.5,0,0,1151592.5,0,0,1151592.5,0,0,1151592.5,0,0,1151592.5,0,0,1151592.5,0,0,5182166.23,0,0,1151592.5,0,0,1151592.5,0,0,1151592.5,0,0,1224875.66,0,0,1151592.5,0,0,1224875.66,0,0,1151592.5
1,2,Pfizer,2021-05-31,COVCANCER,0,0,0,0,0,0,0,0,0,0,0,0,0,0,0,0,0,0,0,0,0,0,0,0,0,0,0,0,0,0,0,0,0,0,0,0,0,0,0,0,0,0,0,0,0,0,0,0,0,0,1052627.52,0,0,1052627.52,0,0,1113523.32,0,0,1259217.96,0,0,1213840.74,0,0,1295541.56,0,0,1113523.32,0,0,1113523.32,0,0,1259217.96,0,0,1259217.96,0,0,1052627.52,0,0,1052627.52,0,0,1052627.52,0,0,1052627.52,0,0,1052627.52,0,0,1052627.52,0,0,1052627.52,0,0,1052627.52,0,0,1052627.52,0,0,1052627.52,0,0,1052627.52,0,0,1052627.52,0,0,1052627.52,0,0,1052627.52,0,0,1052627.52,0,0,1052627.52,0,0,1052627.52,0,0,1052627.52,0,0,1052627.52,0,0,1052627.52,0,0,1052627.52,0,0,1052627.52,0,0,1052627.52,0,0,1052627.52,0,0,1052627.52,0,0,1052627.52,0,0,1052627.52,0,0,1052627.52,0,0,1052627.52,0,0,1052627.52,0,0,3849609.2,0,0,1052627.52,0,0,1052627.52,0,0,1052627.52,0,0,1113523.32,0,0,1052627.52,0,0,1113523.32,0,0,1052627.52
1,2,Pfizer,2021-06-07,COVCANCER,0,0,0,0,0,0,0,0,0,0,0,0,0,0,0,0,0,0,0,0,0,0,0,0,0,0,0,0,0,0,0,0,0,0,0,0,0,0,0,0,0,0,0,0,0,0,0,0,0,0,1122802.68,0,0,1122802.68,0,0,1132238,0,0,1283203.07,0,0,1203002.88,0,0,1283203.07,0,0,1132238,0,0,1132238,0,0,1360972.95,0,0,1360972.95,0,0,1122802.68,0,0,1122802.68,0,0,1122802.68,0,0,1122802.68,0,0,1122802.68,0,0,1122802.68,0,0,1122802.68,0,0,1122802.68,0,0,1122802.68,0,0,1122802.68,0,0,1122802.68,0,0,1122802.68,0,0,1122802.68,0,0,1122802.68,0,0,1122802.68,0,0,1122802.68,0,0,1122802.68,0,0,1122802.68,0,0,1122802.68,0,0,1122802.68,0,0,1122802.68,0,0,1122802.68,0,0,1122802.68,0,0,1122802.68,0,0,1122802.68,0,0,1122802.68,0,0,1122802.68,0,0,1122802.68,0,0,1122802.68,0,0,1122802.68,0,0,3849609.2,0,0,1122802.68,0,0,1122802.68,0,0,1122802.68,0,0,1132238,0,0,1122802.68,0,0,1132238,0,0,1122802.68
1,2,Pfizer,2021-06-14,COVCANCER,0,0,0,0,0,0,0,0,0,0,0,0,0,0,0,0,0,0,0,0,0,0,0,0,0,0,0,0,0,0,0,0,0,0,0,0,0,0,0,0,0,0,0,0,0,0,0,0,0,0,1132238,0,0,1132238,0,0,1132238,0,0,1283203.07,0,0,1203002.88,0,0,1283203.07,0,0,1132238,0,0,1132238,0,0,1374860.43,0,0,1374860.43,0,0,1132238,0,0,1132238,0,0,1132238,0,0,1132238,0,0,1132238,0,0,1132238,0,0,1132238,0,0,1132238,0,0,1132238,0,0,1132238,0,0,1132238,0,0,1132238,0,0,1132238,0,0,1132238,0,0,1132238,0,0,1132238,0,0,1132238,0,0,1132238,0,0,1132238,0,0,1132238,0,0,1132238,0,0,1132238,0,0,1132238,0,0,1132238,0,0,1132238,0,0,1132238,0,0,1132238,0,0,1132238,0,0,1132238,0,0,1132238,0,0,3849609.2,0,0,1132238,0,0,1132238,0,0,1132238,0,0,1132238,0,0,1132238,0,0,1132238,0,0,1132238
1,2,Pfizer,2021-06-21,COVCANCER,0,0,0,0,0,0,0,0,0,0,0,0,0,0,0,0,0,0,0,0,0,0,0,0,0,0,0,0,0,0,0,0,0,0,0,0,0,0,0,0,0,0,0,0,0,0,0,0,0,0,1132238,0,0,1132238,0,0,1132238,0,0,1283203.07,0,0,1203002.88,0,0,1283203.07,0,0,1132238,0,0,1132238,0,0,1374860.43,0,0,1374860.43,0,0,1132238,0,0,1132238,0,0,1132238,0,0,1132238,0,0,1132238,0,0,1132238,0,0,1132238,0,0,1132238,0,0,1132238,0,0,1132238,0,0,1132238,0,0,1132238,0,0,1132238,0,0,1132238,0,0,1132238,0,0,1132238,0,0,1132238,0,0,1132238,0,0,1132238,0,0,1132238,0,0,1132238,0,0,1132238,0,0,1132238,0,0,1132238,0,0,1132238,0,0,1132238,0,0,1132238,0,0,1132238,0,0,1132238,0,0,1132238,0,0,3849609.2,0,0,1132238,0,0,1132238,0,0,1132238,0,0,1132238,0,0,1132238,0,0,1132238,0,0,1132238
1,2,Pfizer,2021-06-28,COVCANCER,0,0,0,0,0,0,0,0,0,0,0,0,0,0,0,0,0,0,0,0,0,0,0,0,0,0,0,0,0,0,0,0,0,0,0,0,0,0,0,0,0,0,0,0,0,0,0,0,0,0,2641888.67,0,0,2641888.67,0,0,2641888.67,0,0,2994140.49,0,0,2807006.71,0,0,2994140.49,0,0,2641888.67,0,0,2641888.67,0,0,3208007.67,0,0,3208007.67,0,0,2641888.67,0,0,2641888.67,0,0,2641888.67,0,0,2641888.67,0,0,2641888.67,0,0,2641888.67,0,0,2641888.67,0,0,2641888.67,0,0,2641888.67,0,0,2641888.67,0,0,2641888.67,0,0,2641888.67,0,0,2641888.67,0,0,2641888.67,0,0,2641888.67,0,0,2641888.67,0,0,2641888.67,0,0,2641888.67,0,0,2641888.67,0,0,2641888.67,0,0,2641888.67,0,0,2641888.67,0,0,2641888.67,0,0,2641888.67,0,0,2641888.67,0,0,2641888.67,0,0,2641888.67,0,0,2641888.67,0,0,2641888.67,0,0,2641888.67,0,0,8982421.47,0,0,2641888.67,0,0,2641888.67,0,0,2641888.67,0,0,2641888.67,0,0,2641888.67,0,0,2641888.67,0,0,2641888.67
1,1,Moderna,2021-03-22,COVCANCER,0,0,0,0,0,0,0,0,0,0,0,0,0,0,0,0,0,0,0,0,0,0,0,0,0,0,0,0,0,0,0,0,0,0,0,0,0,0,0,0,0,0,0,0,0,0,0,0,0,0,5182166.23,0,0,5182166.23,0,0,5182166.23,0,0,7091385.37,0,0,5182166.23,0,0,5182166.23,0,0,5182166.23,0,0,5182166.23,0,0,7091385.37,0,0,7091385.37,0,0,5182166.23,0,0,5182166.23,0,0,5182166.23,0,0,5182166.23,0,0,5182166.23,0,0,5182166.23,0,0,5182166.23,0,0,5182166.23,0,0,5182166.23,0,0,5182166.23,0,0,5182166.23,0,0,5182166.23,0,0,5182166.23,0,0,5182166.23,0,0,5182166.23,0,0,5182166.23,0,0,5182166.23,0,0,5182166.23,0,0,5182166.23,0,0,5182166.23,0,0,5182166.23,0,0,5182166.23,0,0,5182166.23,0,0,5182166.23,0,0,5182166.23,0,0,5182166.23,0,0,5182166.23,0,0,5182166.23,0,0,5182166.23,0,0,5182166.23,0,0,19248046.01,0,0,5182166.23,0,0,5182166.23,0,0,5182166.23,0,0,5182166.23,0,0,5182166.23,0,0,5182166.23,0,0,5182166.23
1,1,Moderna,2021-03-29,COVCANCER,0,0,0,0,0,0,0,0,0,0,0,0,0,0,0,0,0,0,0,0,0,0,0,0,0,0,0,0,0,0,0,0,0,0,0,0,0,0,0,0,0,0,0,0,0,0,0,0,0,0,2866730.26,0,0,2866730.26,0,0,2866730.26,0,0,3368408.05,0,0,2866730.26,0,0,2866730.26,0,0,2866730.26,0,0,2866730.26,0,0,3368408.05,0,0,3368408.05,0,0,2866730.26,0,0,2866730.26,0,0,2866730.26,0,0,2866730.26,0,0,2866730.26,0,0,2866730.26,0,0,2866730.26,0,0,2866730.26,0,0,2866730.26,0,0,2866730.26,0,0,2866730.26,0,0,2866730.26,0,0,2866730.26,0,0,2866730.26,0,0,2866730.26,0,0,2866730.26,0,0,2866730.26,0,0,2866730.26,0,0,2866730.26,0,0,2866730.26,0,0,2866730.26,0,0,2866730.26,0,0,2866730.26,0,0,2866730.26,0,0,2866730.26,0,0,2866730.26,0,0,2866730.26,0,0,2866730.26,0,0,2866730.26,0,0,2866730.26,0,0,6416015.34,0,0,2866730.26,0,0,2866730.26,0,0,2866730.26,0,0,2866730.26,0,0,2866730.26,0,0,2866730.26,0,0,2866730.26
1,1,Moderna,2021-04-05,COVCANCER,0,0,0,0,0,0,0,0,0,0,0,0,0,0,0,0,0,0,0,0,0,0,0,0,0,0,0,0,0,0,0,0,0,0,0,0,0,0,0,0,0,0,0,0,0,0,0,0,0,0,2449751.31,0,0,2449751.31,0,0,2449751.31,0,0,2807006.71,0,0,2449751.31,0,0,2449751.31,0,0,2449751.31,0,0,2449751.31,0,0,2807006.71,0,0,2807006.71,0,0,2449751.31,0,0,2449751.31,0,0,2449751.31,0,0,2449751.31,0,0,2449751.31,0,0,2449751.31,0,0,2449751.31,0,0,2449751.31,0,0,2449751.31,0,0,2449751.31,0,0,2449751.31,0,0,2449751.31,0,0,2449751.31,0,0,2449751.31,0,0,2449751.31,0,0,2449751.31,0,0,2449751.31,0,0,2449751.31,0,0,2449751.31,0,0,2449751.31,0,0,2449751.31,0,0,2449751.31,0,0,2449751.31,0,0,2449751.31,0,0,2449751.31,0,0,2449751.31,0,0,2449751.31,0,0,2449751.31,0,0,2449751.31,0,0,2449751.31,0,0,4812011.5,0,0,2449751.31,0,0,2449751.31,0,0,2449751.31,0,0,2449751.31,0,0,2449751.31,0,0,2449751.31,0,0,2449751.31
1,1,Moderna,2021-04-12,COVCANCER,0,0,0,0,0,0,0,0,0,0,0,0,0,0,0,0,0,0,0,0,0,0,0,0,0,0,0,0,0,0,0,0,0,0,0,0,0,0,0,0,0,0,0,0,0,0,0,0,0,0,2591083.12,0,0,2591083.12,0,0,2591083.12,0,0,2591083.12,0,0,2591083.12,0,0,2591083.12,0,0,2591083.12,0,0,2591083.12,0,0,2591083.12,0,0,2591083.12,0,0,2591083.12,0,0,2591083.12,0,0,2591083.12,0,0,2591083.12,0,0,2591083.12,0,0,2591083.12,0,0,2591083.12,0,0,2591083.12,0,0,2591083.12,0,0,2591083.12,0,0,2591083.12,0,0,2591083.12,0,0,2591083.12,0,0,2591083.12,0,0,2591083.12,0,0,2591083.12,0,0,2591083.12,0,0,2591083.12,0,0,2591083.12,0,0,2591083.12,0,0,2591083.12,0,0,2591083.12,0,0,2591083.12,0,0,2591083.12,0,0,2591083.12,0,0,2591083.12,0,0,2591083.12,0,0,2591083.12,0,0,2591083.12,0,0,2591083.12,0,0,4346332.97,0,0,2591083.12,0,0,2591083.12,0,0,2591083.12,0,0,2591083.12,0,0,2591083.12,0,0,2591083.12,0,0,2591083.12
1,1,Pfizer,2021-05-17,COVCANCER,0,0,0,0,0,0,0,0,0,0,0,0,0,0,0,0,0,0,0,0,0,0,0,0,0,0,0,0,0,0,0,0,0,0,0,0,0,0,0,0,0,0,0,0,0,0,0,0,0,0,3545692.69,0,0,3545692.69,0,0,3545692.69,0,0,3545692.69,0,0,3545692.69,0,0,3545692.69,0,0,3545692.69,0,0,3545692.69,0,0,3545692.69,0,0,3545692.69,0,0,3545692.69,0,0,3545692.69,0,0,3545692.69,0,0,3545692.69,0,0,3545692.69,0,0,3545692.69,0,0,3545692.69,0,0,3545692.69,0,0,3545692.69,0,0,3545692.69,0,0,3545692.69,0,0,3545692.69,0,0,3545692.69,0,0,3545692.69,0,0,3545692.69,0,0,3545692.69,0,0,3545692.69,0,0,3545692.69,0,0,3545692.69,0,0,3545692.69,0,0,3545692.69,0,0,3545692.69,0,0,3545692.69,0,0,3545692.69,0,0,3545692.69,0,0,3545692.69,0,0,3545692.69,0,0,3545692.69,0,0,3545692.69,0,0,3545692.69,0,0,8982421.47,0,0,3545692.69,0,0,3545692.69,0,0,3545692.69,0,0,3545692.69,0,0,3545692.69,0,0,3545692.69,0,0,3545692.69
1,1,Pfizer,2021-05-24,COVCANCER,0,0,0,0,0,0,0,0,0,0,0,0,0,0,0,0,0,0,0,0,0,0,0,0,0,0,0,0,0,0,0,0,0,0,0,0,0,0,0,0,0,0,0,0,0,0,0,0,0,0,3062189.14,0,0,3062189.14,0,0,3062189.14,0,0,3062189.14,0,0,3062189.14,0,0,3062189.14,0,0,3062189.14,0,0,3062189.14,0,0,3062189.14,0,0,3062189.14,0,0,3062189.14,0,0,3062189.14,0,0,3062189.14,0,0,3062189.14,0,0,3062189.14,0,0,3062189.14,0,0,3062189.14,0,0,3062189.14,0,0,3062189.14,0,0,3062189.14,0,0,3062189.14,0,0,3062189.14,0,0,3062189.14,0,0,3062189.14,0,0,3062189.14,0,0,3062189.14,0,0,3062189.14,0,0,3062189.14,0,0,3062189.14,0,0,3062189.14,0,0,3062189.14,0,0,3062189.14,0,0,3062189.14,0,0,3062189.14,0,0,3062189.14,0,0,3062189.14,0,0,3062189.14,0,0,3062189.14,0,0,3062189.14,0,0,3062189.14,0,0,8421020.13,0,0,3062189.14,0,0,3062189.14,0,0,3062189.14,0,0,3062189.14,0,0,3062189.14,0,0,3062189.14,0,0,3062189.14
1,1,Pfizer,2021-05-31,COVCANCER,0,0,0,0,0,0,0,0,0,0,0,0,0,0,0,0,0,0,0,0,0,0,0,0,0,0,0,0,0,0,0,0,0,0,0,0,0,0,0,0,0,0,0,0,0,0,0,0,0,0,3545692.69,0,0,3545692.69,0,0,3545692.69,0,0,3545692.69,0,0,3545692.69,0,0,3545692.69,0,0,3545692.69,0,0,3545692.69,0,0,3545692.69,0,0,3545692.69,0,0,3545692.69,0,0,3545692.69,0,0,3545692.69,0,0,3545692.69,0,0,3545692.69,0,0,3545692.69,0,0,3545692.69,0,0,3545692.69,0,0,3545692.69,0,0,3545692.69,0,0,3545692.69,0,0,3545692.69,0,0,3545692.69,0,0,3545692.69,0,0,3545692.69,0,0,3545692.69,0,0,3545692.69,0,0,3545692.69,0,0,3545692.69,0,0,3545692.69,0,0,3545692.69,0,0,3545692.69,0,0,3545692.69,0,0,3545692.69,0,0,3545692.69,0,0,3545692.69,0,0,3545692.69,0,0,3545692.69,0,0,3545692.69,0,0,3545692.69,0,0,8421020.13,0,0,3545692.69,0,0,3545692.69,0,0,3545692.69,0,0,3545692.69,0,0,3545692.69,0,0,3545692.69,0,0,3545692.69
1,1,Pfizer,2021-06-07,COVCANCER,0,0,0,0,0,0,0,0,0,0,0,0,0,0,0,0,0,0,0,0,0,0,0,0,0,0,0,0,0,0,0,0,0,0,0,0,0,0,0,0,0,0,0,0,0,0,0,0,0,0,2173166.48,0,0,2173166.48,0,0,2173166.48,0,0,2173166.48,0,0,2173166.48,0,0,2173166.48,0,0,2173166.48,0,0,2173166.48,0,0,2173166.48,0,0,2173166.48,0,0,2173166.48,0,0,2173166.48,0,0,2173166.48,0,0,2173166.48,0,0,2173166.48,0,0,2173166.48,0,0,2449751.31,0,0,2449751.31,0,0,2173166.48,0,0,2173166.48,0,0,2173166.48,0,0,2173166.48,0,0,2173166.48,0,0,2173166.48,0,0,2173166.48,0,0,2173166.48,0,0,2173166.48,0,0,2173166.48,0,0,2173166.48,0,0,2173166.48,0,0,2173166.48,0,0,2173166.48,0,0,2173166.48,0,0,2173166.48,0,0,2173166.48,0,0,2173166.48,0,0,2173166.48,0,0,2173166.48,0,0,2173166.48,0,0,2173166.48,0,0,4812011.5,0,0,2173166.48,0,0,2173166.48,0,0,2173166.48,0,0,2173166.48,0,0,2173166.48,0,0,2173166.48,0,0,2173166.48
1,2,Moderna,2021-04-19,COVCANCER,0,0,0,0,0,0,0,0,0,0,0,0,0,0,0,0,0,0,0,0,0,0,0,0,0,0,0,0,0,0,0,0,0,0,0,0,0,0,0,0,0,0,0,0,0,0,0,0,0,0,3849609.2,0,0,3849609.2,0,0,3849609.2,0,0,4812011.5,0,0,3849609.2,0,0,3849609.2,0,0,3849609.2,0,0,3849609.2,0,0,4812011.5,0,0,4812011.5,0,0,3849609.2,0,0,3849609.2,0,0,3849609.2,0,0,3849609.2,0,0,3849609.2,0,0,3849609.2,0,0,3849609.2,0,0,3849609.2,0,0,3849609.2,0,0,3849609.2,0,0,3849609.2,0,0,3849609.2,0,0,3849609.2,0,0,3849609.2,0,0,3849609.2,0,0,3849609.2,0,0,3849609.2,0,0,3849609.2,0,0,3849609.2,0,0,3849609.2,0,0,3849609.2,0,0,3849609.2,0,0,3849609.2,0,0,3849609.2,0,0,3849609.2,0,0,3849609.2,0,0,3849609.2,0,0,3849609.2,0,0,3849609.2,0,0,3849609.2,0,0,9624023,0,0,3849609.2,0,0,3849609.2,0,0,3849609.2,0,0,3849609.2,0,0,3849609.2,0,0,3849609.2,0,0,3849609.2
1,2,Moderna,2021-04-26,COVCANCER,0,0,0,0,0,0,0,0,0,0,0,0,0,0,0,0,0,0,0,0,0,0,0,0,0,0,0,0,0,0,0,0,0,0,0,0,0,0,0,0,0,0,0,0,0,0,0,0,0,0,3062189.14,0,0,3062189.14,0,0,3062189.14,0,0,3641522.22,0,0,3062189.14,0,0,3062189.14,0,0,3062189.14,0,0,3062189.14,0,0,3641522.22,0,0,3641522.22,0,0,3062189.14,0,0,3062189.14,0,0,3062189.14,0,0,3062189.14,0,0,3062189.14,0,0,3062189.14,0,0,3062189.14,0,0,3062189.14,0,0,3062189.14,0,0,3062189.14,0,0,3062189.14,0,0,3062189.14,0,0,3062189.14,0,0,3062189.14,0,0,3062189.14,0,0,3062189.14,0,0,3062189.14,0,0,3062189.14,0,0,3062189.14,0,0,3062189.14,0,0,3062189.14,0,0,3062189.14,0,0,3062189.14,0,0,3062189.14,0,0,3062189.14,0,0,3062189.14,0,0,3062189.14,0,0,3062189.14,0,0,3062189.14,0,0,3062189.14,0,0,7091385.37,0,0,3062189.14,0,0,3062189.14,0,0,3062189.14,0,0,3062189.14,0,0,3062189.14,0,0,3062189.14,0,0,3062189.14
1,2,Moderna,2021-05-03,COVCANCER,0,0,0,0,0,0,0,0,0,0,0,0,0,0,0,0,0,0,0,0,0,0,0,0,0,0,0,0,0,0,0,0,0,0,0,0,0,0,0,0,0,0,0,0,0,0,0,0,0,0,1924804.6,0,0,1924804.6,0,0,1924804.6,0,0,2138671.78,0,0,1924804.6,0,0,1924804.6,0,0,1924804.6,0,0,1924804.6,0,0,2138671.78,0,0,2138671.78,0,0,1924804.6,0,0,1924804.6,0,0,1924804.6,0,0,1924804.6,0,0,1924804.6,0,0,1924804.6,0,0,1924804.6,0,0,1924804.6,0,0,1924804.6,0,0,1924804.6,0,0,1924804.6,0,0,1924804.6,0,0,1924804.6,0,0,1924804.6,0,0,1924804.6,0,0,1924804.6,0,0,1924804.6,0,0,1924804.6,0,0,1924804.6,0,0,1924804.6,0,0,1924804.6,0,0,1924804.6,0,0,1924804.6,0,0,1924804.6,0,0,1924804.6,0,0,1924804.6,0,0,1924804.6,0,0,1924804.6,0,0,1924804.6,0,0,1924804.6,0,0,3849609.2,0,0,1924804.6,0,0,1924804.6,0,0,1924804.6,0,0,1924804.6,0,0,1924804.6,0,0,1924804.6,0,0,1924804.6
1,2,Moderna,2021-05-10,COVCANCER,0,0,0,0,0,0,0,0,0,0,0,0,0,0,0,0,0,0,0,0,0,0,0,0,0,0,0,0,0,0,0,0,0,0,0,0,0,0,0,0,0,0,0,0,0,0,0,0,0,0,1897694.68,0,0,1897694.68,0,0,1897694.68,0,0,2105255.03,0,0,1897694.68,0,0,1897694.68,0,0,1897694.68,0,0,1897694.68,0,0,2105255.03,0,0,2105255.03,0,0,1897694.68,0,0,1897694.68,0,0,1897694.68,0,0,1897694.68,0,0,1897694.68,0,0,1897694.68,0,0,1897694.68,0,0,1897694.68,0,0,1897694.68,0,0,1897694.68,0,0,1897694.68,0,0,1897694.68,0,0,1897694.68,0,0,1897694.68,0,0,1897694.68,0,0,1897694.68,0,0,1897694.68,0,0,1897694.68,0,0,1897694.68,0,0,1897694.68,0,0,1897694.68,0,0,1897694.68,0,0,1897694.68,0,0,1897694.68,0,0,1897694.68,0,0,1897694.68,0,0,1897694.68,0,0,1897694.68,0,0,1897694.68,0,0,1897694.68,0,0,3849609.2,0,0,1897694.68,0,0,1897694.68,0,0,1897694.68,0,0,1897694.68,0,0,1897694.68,0,0,1897694.68,0,0,1897694.68
1,2,Moderna,2021-05-17,COVCANCER,0,0,0,0,0,0,0,0,0,0,0,0,0,0,0,0,0,0,0,0,0,0,0,0,0,0,0,0,0,0,0,0,0,0,0,0,0,0,0,0,0,0,0,0,0,0,0,0,0,0,1705523.06,0,0,1705523.06,0,0,1705523.06,0,0,1871337.81,0,0,1705523.06,0,0,1705523.06,0,0,1705523.06,0,0,1705523.06,0,0,1871337.81,0,0,1871337.81,0,0,1705523.06,0,0,1705523.06,0,0,1705523.06,0,0,1705523.06,0,0,1705523.06,0,0,1705523.06,0,0,1705523.06,0,0,1705523.06,0,0,1705523.06,0,0,1705523.06,0,0,1705523.06,0,0,1705523.06,0,0,1705523.06,0,0,1705523.06,0,0,1705523.06,0,0,1705523.06,0,0,1705523.06,0,0,1705523.06,0,0,1705523.06,0,0,1705523.06,0,0,1705523.06,0,0,1705523.06,0,0,1705523.06,0,0,1705523.06,0,0,1705523.06,0,0,1705523.06,0,0,1705523.06,0,0,1705523.06,0,0,1705523.06,0,0,1705523.06,0,0,3641522.22,0,0,1705523.06,0,0,1705523.06,0,0,1705523.06,0,0,1705523.06,0,0,1705523.06,0,0,1705523.06,0,0,1705523.06
1,2,Moderna,2021-05-24,COVCANCER,0,0,0,0,0,0,0,0,0,0,0,0,0,0,0,0,0,0,0,0,0,0,0,0,0,0,0,0,0,0,0,0,0,0,0,0,0,0,0,0,0,0,0,0,0,0,0,0,0,0,1604003.83,0,0,1604003.83,0,0,1604003.83,0,0,1749822.36,0,0,1604003.83,0,0,1604003.83,0,0,1604003.83,0,0,1604003.83,0,0,1749822.36,0,0,1749822.36,0,0,1604003.83,0,0,1604003.83,0,0,1604003.83,0,0,1604003.83,0,0,1604003.83,0,0,1604003.83,0,0,1604003.83,0,0,1604003.83,0,0,1604003.83,0,0,1604003.83,0,0,1604003.83,0,0,1604003.83,0,0,1604003.83,0,0,1604003.83,0,0,1604003.83,0,0,1604003.83,0,0,1604003.83,0,0,1604003.83,0,0,1604003.83,0,0,1604003.83,0,0,1604003.83,0,0,1604003.83,0,0,1604003.83,0,0,1604003.83,0,0,1604003.83,0,0,1604003.83,0,0,1604003.83,0,0,1604003.83,0,0,1604003.83,0,0,1604003.83,0,0,3208007.67,0,0,1604003.83,0,0,1604003.83,0,0,1604003.83,0,0,1604003.83,0,0,1604003.83,0,0,1604003.83,0,0,1604003.83
1,2,Moderna,2021-05-31,COVCANCER,0,0,0,0,0,0,0,0,0,0,0,0,0,0,0,0,0,0,0,0,0,0,0,0,0,0,0,0,0,0,0,0,0,0,0,0,0,0,0,0,0,0,0,0,0,0,0,0,0,0,1604003.83,0,0,1604003.83,0,0,1604003.83,0,0,1749822.36,0,0,1604003.83,0,0,1604003.83,0,0,1604003.83,0,0,1604003.83,0,0,1749822.36,0,0,1749822.36,0,0,1604003.83,0,0,1604003.83,0,0,1604003.83,0,0,1604003.83,0,0,1604003.83,0,0,1604003.83,0,0,1604003.83,0,0,1604003.83,0,0,1604003.83,0,0,1604003.83,0,0,1604003.83,0,0,1604003.83,0,0,1604003.83,0,0,1604003.83,0,0,1604003.83,0,0,1604003.83,0,0,1604003.83,0,0,1604003.83,0,0,1604003.83,0,0,1604003.83,0,0,1604003.83,0,0,1604003.83,0,0,1604003.83,0,0,1604003.83,0,0,1604003.83,0,0,1604003.83,0,0,1604003.83,0,0,1604003.83,0,0,1604003.83,0,0,1604003.83,0,0,3208007.67,0,0,1604003.83,0,0,1604003.83,0,0,1604003.83,0,0,1604003.83,0,0,1604003.83,0,0,1604003.83,0,0,1604003.83
1,2,Moderna,2021-06-07,COVCANCER,0,0,0,0,0,0,0,0,0,0,0,0,0,0,0,0,0,0,0,0,0,0,0,0,0,0,0,0,0,0,0,0,0,0,0,0,0,0,0,0,0,0,0,0,0,0,0,0,0,0,1604003.83,0,0,1604003.83,0,0,1604003.83,0,0,1749822.36,0,0,1604003.83,0,0,1604003.83,0,0,1604003.83,0,0,1604003.83,0,0,1749822.36,0,0,1749822.36,0,0,1604003.83,0,0,1604003.83,0,0,1604003.83,0,0,1604003.83,0,0,1604003.83,0,0,1604003.83,0,0,1604003.83,0,0,1604003.83,0,0,1604003.83,0,0,1604003.83,0,0,1604003.83,0,0,1604003.83,0,0,1604003.83,0,0,1604003.83,0,0,1604003.83,0,0,1604003.83,0,0,1604003.83,0,0,1604003.83,0,0,1604003.83,0,0,1604003.83,0,0,1604003.83,0,0,1604003.83,0,0,1604003.83,0,0,1604003.83,0,0,1604003.83,0,0,1604003.83,0,0,1604003.83,0,0,1604003.83,0,0,1604003.83,0,0,1604003.83,0,0,3208007.67,0,0,1604003.83,0,0,1604003.83,0,0,1604003.83,0,0,1604003.83,0,0,1604003.83,0,0,1604003.83,0,0,1604003.83
1,2,Moderna,2021-06-14,COVCANCER,0,0,0,0,0,0,0,0,0,0,0,0,0,0,0,0,0,0,0,0,0,0,0,0,0,0,0,0,0,0,0,0,0,0,0,0,0,0,0,0,0,0,0,0,0,0,0,0,0,0,1604003.83,0,0,1604003.83,0,0,1604003.83,0,0,1749822.36,0,0,1604003.83,0,0,1604003.83,0,0,1604003.83,0,0,1604003.83,0,0,1749822.36,0,0,1749822.36,0,0,1604003.83,0,0,1604003.83,0,0,1604003.83,0,0,1604003.83,0,0,1604003.83,0,0,1604003.83,0,0,1604003.83,0,0,1604003.83,0,0,1604003.83,0,0,1604003.83,0,0,1604003.83,0,0,1604003.83,0,0,1604003.83,0,0,1604003.83,0,0,1604003.83,0,0,1604003.83,0,0,1604003.83,0,0,1604003.83,0,0,1604003.83,0,0,1604003.83,0,0,1604003.83,0,0,1604003.83,0,0,1604003.83,0,0,1604003.83,0,0,1604003.83,0,0,1604003.83,0,0,1604003.83,0,0,1604003.83,0,0,1604003.83,0,0,1604003.83,0,0,3208007.67,0,0,1604003.83,0,0,1604003.83,0,0,1604003.83,0,0,1604003.83,0,0,1604003.83,0,0,1604003.83,0,0,1604003.83
1,2,Moderna,2021-06-21,COVCANCER,0,0,0,0,0,0,0,0,0,0,0,0,0,0,0,0,0,0,0,0,0,0,0,0,0,0,0,0,0,0,0,0,0,0,0,0,0,0,0,0,0,0,0,0,0,0,0,0,0,0,1604003.83,0,0,1604003.83,0,0,1604003.83,0,0,1749822.36,0,0,1604003.83,0,0,1604003.83,0,0,1604003.83,0,0,1604003.83,0,0,1749822.36,0,0,1749822.36,0,0,1604003.83,0,0,1604003.83,0,0,1604003.83,0,0,1604003.83,0,0,1604003.83,0,0,1604003.83,0,0,1604003.83,0,0,1604003.83,0,0,1604003.83,0,0,1604003.83,0,0,1604003.83,0,0,1604003.83,0,0,1604003.83,0,0,1604003.83,0,0,1604003.83,0,0,1604003.83,0,0,1604003.83,0,0,1604003.83,0,0,1604003.83,0,0,1604003.83,0,0,1604003.83,0,0,1604003.83,0,0,1604003.83,0,0,1604003.83,0,0,1604003.83,0,0,1604003.83,0,0,1604003.83,0,0,1604003.83,0,0,1604003.83,0,0,1604003.83,0,0,3208007.67,0,0,1604003.83,0,0,1604003.83,0,0,1604003.83,0,0,1604003.83,0,0,1604003.83,0,0,1604003.83,0,0,1604003.83
1,2,Moderna,2021-06-28,COVCANCER,0,0,0,0,0,0,0,0,0,0,0,0,0,0,0,0,0,0,0,0,0,0,0,0,0,0,0,0,0,0,0,0,0,0,0,0,0,0,0,0,0,0,0,0,0,0,0,0,0,0,3742675.61,0,0,3742675.61,0,0,3742675.61,0,0,4082918.85,0,0,3742675.61,0,0,3742675.61,0,0,3742675.61,0,0,3742675.61,0,0,4082918.85,0,0,4082918.85,0,0,3742675.61,0,0,3742675.61,0,0,3742675.61,0,0,3742675.61,0,0,3742675.61,0,0,3742675.61,0,0,3742675.61,0,0,3742675.61,0,0,3742675.61,0,0,3742675.61,0,0,3742675.61,0,0,3742675.61,0,0,3742675.61,0,0,3742675.61,0,0,3742675.61,0,0,3742675.61,0,0,3742675.61,0,0,3742675.61,0,0,3742675.61,0,0,3742675.61,0,0,3742675.61,0,0,3742675.61,0,0,3742675.61,0,0,3742675.61,0,0,3742675.61,0,0,3742675.61,0,0,3742675.61,0,0,3742675.61,0,0,3742675.61,0,0,3742675.61,0,0,7485351.23,0,0,3742675.61,0,0,3742675.61,0,0,3742675.61,0,0,3742675.61,0,0,3742675.61,0,0,3742675.61,0,0,3742675.61
1,0,0,2021-06-21,COVCANCER,0,0,0,0,0,0,0,0,0,0,0,0,0,0,0,0,0,0,0,0,0,0,0,0,0,0,0,0,0,0,0,0,0,0,0,0,0,0,0,0,0,0,0,0,0,0,0,0,0,0,3368408.05,0,0,3368408.05,0,0,3368408.05,0,0,3368408.05,0,0,3368408.05,0,0,3368408.05,0,0,3368408.05,0,0,3849609.2,0,0,3368408.05,0,0,3368408.05,0,0,3368408.05,0,0,3368408.05,0,0,3368408.05,0,0,3368408.05,0,0,3368408.05,0,0,3368408.05,0,0,3368408.05,0,0,3368408.05,0,0,3368408.05,0,0,3368408.05,0,0,3368408.05,0,0,3368408.05,0,0,3368408.05,0,0,3368408.05,0,0,3368408.05,0,0,3368408.05,0,0,3368408.05,0,0,3368408.05,0,0,3368408.05,0,0,3368408.05,0,0,3368408.05,0,0,3368408.05,0,0,3368408.05,0,0,3368408.05,0,0,3368408.05,0,0,3368408.05,0,0,3368408.05,0,0,3368408.05,0,0,3368408.05,0,0,3368408.05,0,0,4812011.5,0,0,3368408.05,0,0,3368408.05,0,0,3368408.05,0,0,3368408.05,0,0,3368408.05,0,0,3368408.05,0,0,3368408.05
1,0,0,2021-06-28,COVCANCER,0,0,0,0,0,0,0,0,0,0,0,0,0,0,0,0,0,0,0,0,0,0,0,0,0,0,0,0,0,0,0,0,0,0,0,0,0,0,0,0,0,0,0,0,0,0,0,0,0,0,8982421.47,0,0,8982421.47,0,0,8982421.47,0,0,8982421.47,0,0,8982421.47,0,0,8982421.47,0,0,8982421.47,0,0,8982421.47,0,0,8982421.47,0,0,8982421.47,0,0,8982421.47,0,0,8982421.47,0,0,8982421.47,0,0,8982421.47,0,0,8982421.47,0,0,8982421.47,0,0,8982421.47,0,0,8982421.47,0,0,8982421.47,0,0,8982421.47,0,0,8982421.47,0,0,8982421.47,0,0,8982421.47,0,0,8982421.47,0,0,8982421.47,0,0,8982421.47,0,0,8982421.47,0,0,8982421.47,0,0,8982421.47,0,0,8982421.47,0,0,8982421.47,0,0,8982421.47,0,0,8982421.47,0,0,8982421.47,0,0,8982421.47,0,0,8982421.47,0,0,8982421.47,0,0,8982421.47,0,0,8982421.47,0,0,8982421.47,0,0,11228026.84,0,0,8982421.47,0,0,8982421.47,0,0,8982421.47,0,0,8982421.47,0,0,8982421.47,0,0,8982421.47,0,0,8982421.47
1,1,Moderna,2021-04-19,COVCANCER,0,0,0,0,0,0,0,0,0,0,0,0,0,0,0,0,0,0,0,0,0,0,0,0,0,0,0,0,0,0,0,0,0,0,0,0,0,0,0,0,0,0,0,0,0,0,0,0,0,0,2406005.75,0,0,2406005.75,0,0,2406005.75,0,0,2406005.75,0,0,2406005.75,0,0,2406005.75,0,0,2406005.75,0,0,2406005.75,0,0,2406005.75,0,0,2406005.75,0,0,2406005.75,0,0,2406005.75,0,0,2406005.75,0,0,2406005.75,0,0,2406005.75,0,0,2406005.75,0,0,2406005.75,0,0,2406005.75,0,0,2406005.75,0,0,2406005.75,0,0,2406005.75,0,0,2406005.75,0,0,2406005.75,0,0,2406005.75,0,0,2406005.75,0,0,2406005.75,0,0,2406005.75,0,0,2406005.75,0,0,2406005.75,0,0,2406005.75,0,0,2406005.75,0,0,2406005.75,0,0,2406005.75,0,0,2406005.75,0,0,2406005.75,0,0,2406005.75,0,0,2406005.75,0,0,2406005.75,0,0,2406005.75,0,0,2406005.75,0,0,3849609.2,0,0,2406005.75,0,0,2406005.75,0,0,2406005.75,0,0,2406005.75,0,0,2406005.75,0,0,2406005.75,0,0,2406005.75
1,1,Moderna,2021-04-26,COVCANCER,0,0,0,0,0,0,0,0,0,0,0,0,0,0,0,0,0,0,0,0,0,0,0,0,0,0,0,0,0,0,0,0,0,0,0,0,0,0,0,0,0,0,0,0,0,0,0,0,0,0,2495117.08,0,0,2495117.08,0,0,2495117.08,0,0,2495117.08,0,0,2495117.08,0,0,2495117.08,0,0,2495117.08,0,0,2495117.08,0,0,2495117.08,0,0,2495117.08,0,0,2495117.08,0,0,2495117.08,0,0,2495117.08,0,0,2495117.08,0,0,2495117.08,0,0,2495117.08,0,0,2495117.08,0,0,2495117.08,0,0,2495117.08,0,0,2495117.08,0,0,2495117.08,0,0,2495117.08,0,0,2495117.08,0,0,2495117.08,0,0,2495117.08,0,0,2495117.08,0,0,2495117.08,0,0,2495117.08,0,0,2495117.08,0,0,2495117.08,0,0,2495117.08,0,0,2495117.08,0,0,2495117.08,0,0,2495117.08,0,0,2495117.08,0,0,2495117.08,0,0,2495117.08,0,0,2495117.08,0,0,2495117.08,0,0,2495117.08,0,0,4491210.74,0,0,2495117.08,0,0,2495117.08,0,0,2495117.08,0,0,2495117.08,0,0,2495117.08,0,0,2495117.08,0,0,2495117.08
1,1,Moderna,2021-03-01,COVCANCER,0,0,0,0,0,0,0,0,0,0,0,0,0,0,0,0,0,0,0,0,0,0,0,0,0,0,0,0,0,0,0,0,0,0,0,0,0,0,0,0,0,0,0,0,0,0,0,0,0,0,14970702.45,0,0,14970702.45,0,0,14970702.45,0,0,14970702.45,0,0,14970702.45,0,0,14970702.45,0,0,14970702.45,0,0,14970702.45,0,0,14970702.45,0,0,14970702.45,0,0,14970702.45,0,0,14970702.45,0,0,14970702.45,0,0,14970702.45,0,0,14970702.45,0,0,14970702.45,0,0,14970702.45,0,0,14970702.45,0,0,14970702.45,0,0,14970702.45,0,0,14970702.45,0,0,14970702.45,0,0,14970702.45,0,0,14970702.45,0,0,14970702.45,0,0,14970702.45,0,0,14970702.45,0,0,14970702.45,0,0,14970702.45,0,0,14970702.45,0,0,14970702.45,0,0,14970702.45,0,0,14970702.45,0,0,14970702.45,0,0,14970702.45,0,0,14970702.45,0,0,14970702.45,0,0,14970702.45,0,0,14970702.45,0,0,14970702.45,0,0,19248046.01,0,0,14970702.45,0,0,14970702.45,0,0,14970702.45,0,0,14970702.45,0,0,14970702.45,0,0,14970702.45,0,0,14970702.45
1,1,Moderna,2021-03-08,COVCANCER,0,0,0,0,0,0,0,0,0,0,0,0,0,0,0,0,0,0,0,0,0,0,0,0,0,0,0,0,0,0,0,0,0,0,0,0,0,0,0,0,0,0,0,0,0,0,0,0,0,0,7091385.37,0,0,7091385.37,0,0,7091385.37,0,0,7091385.37,0,0,7091385.37,0,0,7091385.37,0,0,7091385.37,0,0,7091385.37,0,0,7091385.37,0,0,7091385.37,0,0,7091385.37,0,0,7091385.37,0,0,7091385.37,0,0,7091385.37,0,0,7091385.37,0,0,7091385.37,0,0,7091385.37,0,0,7091385.37,0,0,7091385.37,0,0,7091385.37,0,0,7091385.37,0,0,7091385.37,0,0,7091385.37,0,0,7091385.37,0,0,7091385.37,0,0,7091385.37,0,0,7091385.37,0,0,7091385.37,0,0,7091385.37,0,0,7091385.37,0,0,7091385.37,0,0,7091385.37,0,0,7091385.37,0,0,7091385.37,0,0,7091385.37,0,0,7091385.37,0,0,7091385.37,0,0,7091385.37,0,0,7091385.37,0,0,7091385.37,0,0,11228026.84,0,0,7091385.37,0,0,7091385.37,0,0,7091385.37,0,0,7091385.37,0,0,7091385.37,0,0,7091385.37,0,0,7091385.37
1,1,Moderna,2021-03-15,COVCANCER,0,0,0,0,0,0,0,0,0,0,0,0,0,0,0,0,0,0,0,0,0,0,0,0,0,0,0,0,0,0,0,0,0,0,0,0,0,0,0,0,0,0,0,0,0,0,0,0,0,0,4990234.15,0,0,4990234.15,0,0,4990234.15,0,0,6416015.34,0,0,4990234.15,0,0,4990234.15,0,0,4990234.15,0,0,4990234.15,0,0,6416015.34,0,0,6416015.34,0,0,4990234.15,0,0,4990234.15,0,0,4990234.15,0,0,4990234.15,0,0,4990234.15,0,0,4990234.15,0,0,4990234.15,0,0,4990234.15,0,0,4990234.15,0,0,4990234.15,0,0,4990234.15,0,0,4990234.15,0,0,4990234.15,0,0,4990234.15,0,0,4990234.15,0,0,4990234.15,0,0,4990234.15,0,0,4990234.15,0,0,4990234.15,0,0,4990234.15,0,0,4990234.15,0,0,4990234.15,0,0,4990234.15,0,0,4990234.15,0,0,4990234.15,0,0,4990234.15,0,0,4990234.15,0,0,4990234.15,0,0,4990234.15,0,0,4990234.15,0,0,9624023,0,0,4990234.15,0,0,4990234.15,0,0,4990234.15,0,0,4990234.15,0,0,4990234.15,0,0,4990234.15,0,0,4990234.15
1,1,Moderna,2021-06-07,COVCANCER,0,0,0,0,0,0,0,0,0,0,0,0,0,0,0,0,0,0,0,0,0,0,0,0,0,0,0,0,0,0,0,0,0,0,0,0,0,0,0,0,0,0,0,0,0,0,0,0,0,0,3849609.2,0,0,3849609.2,0,0,3849609.2,0,0,3849609.2,0,0,3849609.2,0,0,3849609.2,0,0,3849609.2,0,0,3849609.2,0,0,3849609.2,0,0,3849609.2,0,0,6416015.34,0,0,6416015.34,0,0,6416015.34,0,0,6416015.34,0,0,3849609.2,0,0,3849609.2,0,0,3849609.2,0,0,3849609.2,0,0,3849609.2,0,0,3849609.2,0,0,3849609.2,0,0,3849609.2,0,0,3849609.2,0,0,3849609.2,0,0,3849609.2,0,0,3849609.2,0,0,3849609.2,0,0,3849609.2,0,0,3849609.2,0,0,3849609.2,0,0,3849609.2,0,0,3849609.2,0,0,3849609.2,0,0,3849609.2,0,0,3849609.2,0,0,3849609.2,0,0,3849609.2,0,0,3849609.2,0,0,3849609.2,0,0,3849609.2,0,0,6416015.34,0,0,3849609.2,0,0,3849609.2,0,0,3849609.2,0,0,3849609.2,0,0,3849609.2,0,0,3849609.2,0,0,3849609.2
1,1,Moderna,2021-06-14,COVCANCER,0,0,0,0,0,0,0,0,0,0,0,0,0,0,0,0,0,0,0,0,0,0,0,0,0,0,0,0,0,0,0,0,0,0,0,0,0,0,0,0,0,0,0,0,0,0,0,0,0,0,3849609.2,0,0,3849609.2,0,0,3849609.2,0,0,3849609.2,0,0,3849609.2,0,0,3849609.2,0,0,3849609.2,0,0,3849609.2,0,0,3849609.2,0,0,3849609.2,0,0,6416015.34,0,0,6416015.34,0,0,6416015.34,0,0,6416015.34,0,0,3849609.2,0,0,3849609.2,0,0,3849609.2,0,0,3849609.2,0,0,3849609.2,0,0,3849609.2,0,0,3849609.2,0,0,3849609.2,0,0,3849609.2,0,0,3849609.2,0,0,3849609.2,0,0,3849609.2,0,0,3849609.2,0,0,3849609.2,0,0,3849609.2,0,0,3849609.2,0,0,3849609.2,0,0,3849609.2,0,0,3849609.2,0,0,3849609.2,0,0,3849609.2,0,0,3849609.2,0,0,3849609.2,0,0,3849609.2,0,0,3849609.2,0,0,3849609.2,0,0,6416015.34,0,0,3849609.2,0,0,3849609.2,0,0,3849609.2,0,0,3849609.2,0,0,3849609.2,0,0,3849609.2,0,0,3849609.2
1,1,Moderna,2021-06-21,COVCANCER,0,0,0,0,0,0,0,0,0,0,0,0,0,0,0,0,0,0,0,0,0,0,0,0,0,0,0,0,0,0,0,0,0,0,0,0,0,0,0,0,0,0,0,0,0,0,0,0,0,0,3849609.2,0,0,3849609.2,0,0,3849609.2,0,0,3849609.2,0,0,3849609.2,0,0,3849609.2,0,0,3849609.2,0,0,3849609.2,0,0,3849609.2,0,0,3849609.2,0,0,6416015.34,0,0,6416015.34,0,0,6416015.34,0,0,6416015.34,0,0,3849609.2,0,0,3849609.2,0,0,3849609.2,0,0,3849609.2,0,0,3849609.2,0,0,3849609.2,0,0,3849609.2,0,0,3849609.2,0,0,3849609.2,0,0,3849609.2,0,0,3849609.2,0,0,3849609.2,0,0,3849609.2,0,0,3849609.2,0,0,3849609.2,0,0,3849609.2,0,0,3849609.2,0,0,3849609.2,0,0,3849609.2,0,0,3849609.2,0,0,3849609.2,0,0,3849609.2,0,0,3849609.2,0,0,3849609.2,0,0,3849609.2,0,0,3849609.2,0,0,6416015.34,0,0,3849609.2,0,0,3849609.2,0,0,3849609.2,0,0,3849609.2,0,0,3849609.2,0,0,3849609.2,0,0,3849609.2
1,1,Moderna,2021-06-28,COVCANCER,0,0,0,0,0,0,0,0,0,0,0,0,0,0,0,0,0,0,0,0,0,0,0,0,0,0,0,0,0,0,0,0,0,0,0,0,0,0,0,0,0,0,0,0,0,0,0,0,0,0,8982421.47,0,0,8982421.47,0,0,8982421.47,0,0,8982421.47,0,0,8982421.47,0,0,8982421.47,0,0,8982421.47,0,0,8982421.47,0,0,8982421.47,0,0,8982421.47,0,0,14970702.45,0,0,14970702.45,0,0,14970702.45,0,0,14970702.45,0,0,8982421.47,0,0,8982421.47,0,0,8982421.47,0,0,8982421.47,0,0,8982421.47,0,0,8982421.47,0,0,8982421.47,0,0,8982421.47,0,0,8982421.47,0,0,8982421.47,0,0,8982421.47,0,0,8982421.47,0,0,8982421.47,0,0,8982421.47,0,0,8982421.47,0,0,8982421.47,0,0,8982421.47,0,0,8982421.47,0,0,8982421.47,0,0,8982421.47,0,0,8982421.47,0,0,8982421.47,0,0,8982421.47,0,0,8982421.47,0,0,8982421.47,0,0,8982421.47,0,0,14970702.45,0,0,8982421.47,0,0,8982421.47,0,0,8982421.47,0,0,8982421.47,0,0,8982421.47,0,0,8982421.47,0,0,8982421.47
1,2,Moderna,2021-04-05,COVCANCER,0,0,0,0,0,0,0,0,0,0,0,0,0,0,0,0,0,0,0,0,0,0,0,0,0,0,0,0,0,0,0,0,0,0,0,0,0,0,0,0,0,0,0,0,0,0,0,0,0,0,7091385.37,0,0,7091385.37,0,0,7091385.37,0,0,7091385.37,0,0,7091385.37,0,0,7091385.37,0,0,7091385.37,0,0,7091385.37,0,0,7091385.37,0,0,7091385.37,0,0,7091385.37,0,0,7091385.37,0,0,7091385.37,0,0,7091385.37,0,0,7091385.37,0,0,7091385.37,0,0,7091385.37,0,0,7091385.37,0,0,7091385.37,0,0,7091385.37,0,0,7091385.37,0,0,7091385.37,0,0,7091385.37,0,0,7091385.37,0,0,7091385.37,0,0,7091385.37,0,0,7091385.37,0,0,7091385.37,0,0,7091385.37,0,0,7091385.37,0,0,7091385.37,0,0,7091385.37,0,0,7091385.37,0,0,7091385.37,0,0,7091385.37,0,0,7091385.37,0,0,7091385.37,0,0,7091385.37,0,0,7091385.37,0,0,7091385.37,0,0,10364332.47,0,0,7091385.37,0,0,7091385.37,0,0,7091385.37,0,0,7091385.37,0,0,7091385.37,0,0,7091385.37,0,0,7091385.37
1,2,Moderna,2021-04-12,COVCANCER,0,0,0,0,0,0,0,0,0,0,0,0,0,0,0,0,0,0,0,0,0,0,0,0,0,0,0,0,0,0,0,0,0,0,0,0,0,0,0,0,0,0,0,0,0,0,0,0,0,0,4812011.5,0,0,4812011.5,0,0,4812011.5,0,0,6416015.34,0,0,4812011.5,0,0,4812011.5,0,0,4812011.5,0,0,4812011.5,0,0,6416015.34,0,0,6416015.34,0,0,4812011.5,0,0,4812011.5,0,0,4812011.5,0,0,4812011.5,0,0,4812011.5,0,0,4812011.5,0,0,4812011.5,0,0,4812011.5,0,0,4812011.5,0,0,4812011.5,0,0,4812011.5,0,0,4812011.5,0,0,4812011.5,0,0,4812011.5,0,0,4812011.5,0,0,4812011.5,0,0,4812011.5,0,0,4812011.5,0,0,4812011.5,0,0,4812011.5,0,0,4812011.5,0,0,4812011.5,0,0,4812011.5,0,0,4812011.5,0,0,4812011.5,0,0,4812011.5,0,0,4812011.5,0,0,4812011.5,0,0,4812011.5,0,0,4812011.5,0,0,9624023,0,0,4812011.5,0,0,4812011.5,0,0,4812011.5,0,0,4812011.5,0,0,4812011.5,0,0,4812011.5,0,0,4812011.5
1,1,J&J,2021-04-26,COVCANCER,0,0,0,0,0,0,0,0,0,0,0,0,0,0,0,0,0,0,0,0,0,0,0,0,0,0,0,0,0,0,0,0,0,0,0,0,0,0,0,0,0,0,0,0,0,0,0,0,0,0,67368161.03,0,0,67368161.03,0,0,67368161.03,0,0,67368161.03,0,0,67368161.03,0,0,67368161.03,0,0,67368161.03,0,0,67368161.03,0,0,67368161.03,0,0,67368161.03,0,0,67368161.03,0,0,67368161.03,0,0,67368161.03,0,0,67368161.03,0,0,67368161.03,0,0,67368161.03,0,0,67368161.03,0,0,67368161.03,0,0,67368161.03,0,0,67368161.03,0,0,67368161.03,0,0,67368161.03,0,0,67368161.03,0,0,67368161.03,0,0,67368161.03,0,0,67368161.03,0,0,67368161.03,0,0,67368161.03,0,0,67368161.03,0,0,67368161.03,0,0,67368161.03,0,0,67368161.03,0,0,67368161.03,0,0,67368161.03,0,0,67368161.03,0,0,67368161.03,0,0,67368161.03,0,0,67368161.03,0,0,67368161.03,0,0,67368161.03,0,0,67368161.03,0,0,67368161.03,0,0,67368161.03,0,0,67368161.03,0,0,67368161.03,0,0,67368161.03,0,0,67368161.03,0,0,67368161.03
1,1,J&J,2021-05-03,COVCANCER,0,0,0,0,0,0,0,0,0,0,0,0,0,0,0,0,0,0,0,0,0,0,0,0,0,0,0,0,0,0,0,0,0,0,0,0,0,0,0,0,0,0,0,0,0,0,0,0,0,0,19248046.01,0,0,19248046.01,0,0,19248046.01,0,0,19248046.01,0,0,19248046.01,0,0,19248046.01,0,0,19248046.01,0,0,19248046.01,0,0,19248046.01,0,0,19248046.01,0,0,19248046.01,0,0,19248046.01,0,0,19248046.01,0,0,19248046.01,0,0,19248046.01,0,0,19248046.01,0,0,19248046.01,0,0,19248046.01,0,0,19248046.01,0,0,19248046.01,0,0,19248046.01,0,0,19248046.01,0,0,19248046.01,0,0,19248046.01,0,0,19248046.01,0,0,19248046.01,0,0,19248046.01,0,0,19248046.01,0,0,19248046.01,0,0,19248046.01,0,0,19248046.01,0,0,19248046.01,0,0,19248046.01,0,0,19248046.01,0,0,19248046.01,0,0,19248046.01,0,0,19248046.01,0,0,19248046.01,0,0,19248046.01,0,0,19248046.01,0,0,19248046.01,0,0,19248046.01,0,0,19248046.01,0,0,19248046.01,0,0,19248046.01,0,0,19248046.01,0,0,19248046.01,0,0,19248046.01
1,1,J&J,2021-05-10,COVCANCER,0,0,0,0,0,0,0,0,0,0,0,0,0,0,0,0,0,0,0,0,0,0,0,0,0,0,0,0,0,0,0,0,0,0,0,0,0,0,0,0,0,0,0,0,0,0,0,0,0,0,19248046.01,0,0,19248046.01,0,0,19248046.01,0,0,19248046.01,0,0,19248046.01,0,0,19248046.01,0,0,19248046.01,0,0,19248046.01,0,0,19248046.01,0,0,19248046.01,0,0,19248046.01,0,0,19248046.01,0,0,19248046.01,0,0,19248046.01,0,0,19248046.01,0,0,19248046.01,0,0,19248046.01,0,0,19248046.01,0,0,19248046.01,0,0,19248046.01,0,0,19248046.01,0,0,19248046.01,0,0,19248046.01,0,0,19248046.01,0,0,19248046.01,0,0,19248046.01,0,0,19248046.01,0,0,19248046.01,0,0,19248046.01,0,0,19248046.01,0,0,19248046.01,0,0,19248046.01,0,0,19248046.01,0,0,19248046.01,0,0,19248046.01,0,0,19248046.01,0,0,19248046.01,0,0,19248046.01,0,0,19248046.01,0,0,19248046.01,0,0,19248046.01,0,0,19248046.01,0,0,19248046.01,0,0,19248046.01,0,0,19248046.01,0,0,19248046.01,0,0,19248046.01,0,0,19248046.01
1,1,J&J,2021-05-17,COVCANCER,0,0,0,0,0,0,0,0,0,0,0,0,0,0,0,0,0,0,0,0,0,0,0,0,0,0,0,0,0,0,0,0,0,0,0,0,0,0,0,0,0,0,0,0,0,0,0,0,0,0,19248046.01,0,0,19248046.01,0,0,19248046.01,0,0,19248046.01,0,0,19248046.01,0,0,19248046.01,0,0,19248046.01,0,0,19248046.01,0,0,19248046.01,0,0,19248046.01,0,0,19248046.01,0,0,19248046.01,0,0,19248046.01,0,0,19248046.01,0,0,19248046.01,0,0,19248046.01,0,0,19248046.01,0,0,19248046.01,0,0,19248046.01,0,0,19248046.01,0,0,19248046.01,0,0,19248046.01,0,0,19248046.01,0,0,19248046.01,0,0,19248046.01,0,0,19248046.01,0,0,19248046.01,0,0,19248046.01,0,0,19248046.01,0,0,19248046.01,0,0,19248046.01,0,0,19248046.01,0,0,19248046.01,0,0,19248046.01,0,0,19248046.01,0,0,19248046.01,0,0,19248046.01,0,0,19248046.01,0,0,19248046.01,0,0,19248046.01,0,0,19248046.01,0,0,19248046.01,0,0,19248046.01,0,0,19248046.01,0,0,19248046.01,0,0,19248046.01,0,0,19248046.01,0,0,19248046.01
1,1,J&J,2021-05-24,COVCANCER,0,0,0,0,0,0,0,0,0,0,0,0,0,0,0,0,0,0,0,0,0,0,0,0,0,0,0,0,0,0,0,0,0,0,0,0,0,0,0,0,0,0,0,0,0,0,0,0,0,0,19248046.01,0,0,19248046.01,0,0,19248046.01,0,0,19248046.01,0,0,19248046.01,0,0,19248046.01,0,0,19248046.01,0,0,19248046.01,0,0,19248046.01,0,0,19248046.01,0,0,19248046.01,0,0,19248046.01,0,0,19248046.01,0,0,19248046.01,0,0,19248046.01,0,0,19248046.01,0,0,19248046.01,0,0,19248046.01,0,0,19248046.01,0,0,19248046.01,0,0,19248046.01,0,0,19248046.01,0,0,19248046.01,0,0,19248046.01,0,0,19248046.01,0,0,19248046.01,0,0,19248046.01,0,0,19248046.01,0,0,19248046.01,0,0,19248046.01,0,0,19248046.01,0,0,19248046.01,0,0,19248046.01,0,0,19248046.01,0,0,19248046.01,0,0,19248046.01,0,0,19248046.01,0,0,19248046.01,0,0,19248046.01,0,0,19248046.01,0,0,19248046.01,0,0,19248046.01,0,0,19248046.01,0,0,19248046.01,0,0,19248046.01,0,0,19248046.01,0,0,19248046.01,0,0,19248046.01
1,1,J&J,2021-05-31,COVCANCER,0,0,0,0,0,0,0,0,0,0,0,0,0,0,0,0,0,0,0,0,0,0,0,0,0,0,0,0,0,0,0,0,0,0,0,0,0,0,0,0,0,0,0,0,0,0,0,0,0,0,19248046.01,0,0,19248046.01,0,0,19248046.01,0,0,19248046.01,0,0,19248046.01,0,0,19248046.01,0,0,19248046.01,0,0,19248046.01,0,0,19248046.01,0,0,19248046.01,0,0,19248046.01,0,0,19248046.01,0,0,19248046.01,0,0,19248046.01,0,0,19248046.01,0,0,19248046.01,0,0,19248046.01,0,0,19248046.01,0,0,19248046.01,0,0,19248046.01,0,0,19248046.01,0,0,19248046.01,0,0,19248046.01,0,0,19248046.01,0,0,19248046.01,0,0,19248046.01,0,0,19248046.01,0,0,19248046.01,0,0,19248046.01,0,0,19248046.01,0,0,19248046.01,0,0,19248046.01,0,0,19248046.01,0,0,19248046.01,0,0,19248046.01,0,0,19248046.01,0,0,19248046.01,0,0,19248046.01,0,0,19248046.01,0,0,19248046.01,0,0,19248046.01,0,0,19248046.01,0,0,19248046.01,0,0,19248046.01,0,0,19248046.01,0,0,19248046.01,0,0,19248046.01,0,0,19248046.01
1,1,J&J,2021-06-07,COVCANCER,0,0,0,0,0,0,0,0,0,0,0,0,0,0,0,0,0,0,0,0,0,0,0,0,0,0,0,0,0,0,0,0,0,0,0,0,0,0,0,0,0,0,0,0,0,0,0,0,0,0,19248046.01,0,0,19248046.01,0,0,19248046.01,0,0,19248046.01,0,0,19248046.01,0,0,19248046.01,0,0,19248046.01,0,0,19248046.01,0,0,19248046.01,0,0,19248046.01,0,0,19248046.01,0,0,19248046.01,0,0,19248046.01,0,0,19248046.01,0,0,19248046.01,0,0,19248046.01,0,0,19248046.01,0,0,19248046.01,0,0,19248046.01,0,0,19248046.01,0,0,19248046.01,0,0,19248046.01,0,0,19248046.01,0,0,19248046.01,0,0,19248046.01,0,0,19248046.01,0,0,19248046.01,0,0,19248046.01,0,0,19248046.01,0,0,19248046.01,0,0,19248046.01,0,0,19248046.01,0,0,19248046.01,0,0,19248046.01,0,0,19248046.01,0,0,19248046.01,0,0,19248046.01,0,0,19248046.01,0,0,19248046.01,0,0,19248046.01,0,0,19248046.01,0,0,19248046.01,0,0,19248046.01,0,0,19248046.01,0,0,19248046.01,0,0,19248046.01,0,0,19248046.01,0,0,19248046.01
1,1,J&J,2021-06-14,COVCANCER,0,0,0,0,0,0,0,0,0,0,0,0,0,0,0,0,0,0,0,0,0,0,0,0,0,0,0,0,0,0,0,0,0,0,0,0,0,0,0,0,0,0,0,0,0,0,0,0,0,0,19248046.01,0,0,19248046.01,0,0,19248046.01,0,0,19248046.01,0,0,19248046.01,0,0,19248046.01,0,0,19248046.01,0,0,19248046.01,0,0,19248046.01,0,0,19248046.01,0,0,19248046.01,0,0,19248046.01,0,0,19248046.01,0,0,19248046.01,0,0,19248046.01,0,0,19248046.01,0,0,19248046.01,0,0,19248046.01,0,0,19248046.01,0,0,19248046.01,0,0,19248046.01,0,0,19248046.01,0,0,19248046.01,0,0,19248046.01,0,0,19248046.01,0,0,19248046.01,0,0,19248046.01,0,0,19248046.01,0,0,19248046.01,0,0,19248046.01,0,0,19248046.01,0,0,19248046.01,0,0,19248046.01,0,0,19248046.01,0,0,19248046.01,0,0,19248046.01,0,0,19248046.01,0,0,19248046.01,0,0,19248046.01,0,0,19248046.01,0,0,19248046.01,0,0,19248046.01,0,0,19248046.01,0,0,19248046.01,0,0,19248046.01,0,0,19248046.01,0,0,19248046.01,0,0,19248046.01
1,1,J&J,2021-06-21,COVCANCER,0,0,0,0,0,0,0,0,0,0,0,0,0,0,0,0,0,0,0,0,0,0,0,0,0,0,0,0,0,0,0,0,0,0,0,0,0,0,0,0,0,0,0,0,0,0,0,0,0,0,19248046.01,0,0,19248046.01,0,0,19248046.01,0,0,19248046.01,0,0,19248046.01,0,0,19248046.01,0,0,19248046.01,0,0,19248046.01,0,0,19248046.01,0,0,19248046.01,0,0,19248046.01,0,0,19248046.01,0,0,19248046.01,0,0,19248046.01,0,0,19248046.01,0,0,19248046.01,0,0,19248046.01,0,0,19248046.01,0,0,19248046.01,0,0,19248046.01,0,0,19248046.01,0,0,19248046.01,0,0,19248046.01,0,0,19248046.01,0,0,19248046.01,0,0,19248046.01,0,0,19248046.01,0,0,19248046.01,0,0,19248046.01,0,0,19248046.01,0,0,19248046.01,0,0,19248046.01,0,0,19248046.01,0,0,19248046.01,0,0,19248046.01,0,0,19248046.01,0,0,19248046.01,0,0,19248046.01,0,0,19248046.01,0,0,19248046.01,0,0,19248046.01,0,0,19248046.01,0,0,19248046.01,0,0,19248046.01,0,0,19248046.01,0,0,19248046.01,0,0,19248046.01,0,0,19248046.01
1,1,J&J,2021-06-28,COVCANCER,0,0,0,0,0,0,0,0,0,0,0,0,0,0,0,0,0,0,0,0,0,0,0,0,0,0,0,0,0,0,0,0,0,0,0,0,0,0,0,0,0,0,0,0,0,0,0,0,0,0,44912107.35,0,0,44912107.35,0,0,44912107.35,0,0,44912107.35,0,0,44912107.35,0,0,44912107.35,0,0,44912107.35,0,0,44912107.35,0,0,44912107.35,0,0,44912107.35,0,0,44912107.35,0,0,44912107.35,0,0,44912107.35,0,0,44912107.35,0,0,44912107.35,0,0,44912107.35,0,0,44912107.35,0,0,44912107.35,0,0,44912107.35,0,0,44912107.35,0,0,44912107.35,0,0,44912107.35,0,0,44912107.35,0,0,44912107.35,0,0,44912107.35,0,0,44912107.35,0,0,44912107.35,0,0,44912107.35,0,0,44912107.35,0,0,44912107.35,0,0,44912107.35,0,0,44912107.35,0,0,44912107.35,0,0,44912107.35,0,0,44912107.35,0,0,44912107.35,0,0,44912107.35,0,0,44912107.35,0,0,44912107.35,0,0,44912107.35,0,0,44912107.35,0,0,44912107.35,0,0,44912107.35,0,0,44912107.35,0,0,44912107.35,0,0,44912107.35,0,0,44912107.35,0,0,44912107.35
1,1,Moderna,2021-05-03,COVCANCER,0,0,0,0,0,0,0,0,0,0,0,0,0,0,0,0,0,0,0,0,0,0,0,0,0,0,0,0,0,0,0,0,0,0,0,0,0,0,0,0,0,0,0,0,0,0,0,0,0,0,4491210.74,0,0,4491210.74,0,0,4491210.74,0,0,4491210.74,0,0,4491210.74,0,0,4491210.74,0,0,4491210.74,0,0,4491210.74,0,0,4491210.74,0,0,4491210.74,0,0,4812011.5,0,0,4812011.5,0,0,4812011.5,0,0,4812011.5,0,0,4491210.74,0,0,4491210.74,0,0,4491210.74,0,0,4491210.74,0,0,4491210.74,0,0,4491210.74,0,0,4491210.74,0,0,4491210.74,0,0,4491210.74,0,0,4491210.74,0,0,4491210.74,0,0,4491210.74,0,0,4491210.74,0,0,4491210.74,0,0,4491210.74,0,0,4491210.74,0,0,4491210.74,0,0,4491210.74,0,0,4491210.74,0,0,4491210.74,0,0,4491210.74,0,0,4491210.74,0,0,4491210.74,0,0,4491210.74,0,0,4491210.74,0,0,4491210.74,0,0,8421020.13,0,0,4491210.74,0,0,4491210.74,0,0,4491210.74,0,0,4491210.74,0,0,4491210.74,0,0,4491210.74,0,0,4491210.74
1,1,Moderna,2021-05-10,COVCANCER,0,0,0,0,0,0,0,0,0,0,0,0,0,0,0,0,0,0,0,0,0,0,0,0,0,0,0,0,0,0,0,0,0,0,0,0,0,0,0,0,0,0,0,0,0,0,0,0,0,0,3454777.49,0,0,3454777.49,0,0,3454777.49,0,0,3454777.49,0,0,3454777.49,0,0,3454777.49,0,0,3454777.49,0,0,3454777.49,0,0,3454777.49,0,0,3454777.49,0,0,4210510.06,0,0,4210510.06,0,0,4210510.06,0,0,4210510.06,0,0,3454777.49,0,0,3454777.49,0,0,3454777.49,0,0,3454777.49,0,0,3454777.49,0,0,3454777.49,0,0,3454777.49,0,0,3454777.49,0,0,3454777.49,0,0,3454777.49,0,0,3454777.49,0,0,3454777.49,0,0,3454777.49,0,0,3454777.49,0,0,3454777.49,0,0,3454777.49,0,0,3454777.49,0,0,3454777.49,0,0,3454777.49,0,0,3454777.49,0,0,3454777.49,0,0,3454777.49,0,0,3454777.49,0,0,3454777.49,0,0,3454777.49,0,0,3454777.49,0,0,5182166.23,0,0,3454777.49,0,0,3454777.49,0,0,3454777.49,0,0,3454777.49,0,0,3454777.49,0,0,3454777.49,0,0,3454777.49
1,1,Moderna,2021-05-17,COVCANCER,0,0,0,0,0,0,0,0,0,0,0,0,0,0,0,0,0,0,0,0,0,0,0,0,0,0,0,0,0,0,0,0,0,0,0,0,0,0,0,0,0,0,0,0,0,0,0,0,0,0,4082918.85,0,0,4082918.85,0,0,4082918.85,0,0,4082918.85,0,0,4082918.85,0,0,4082918.85,0,0,4082918.85,0,0,4082918.85,0,0,4082918.85,0,0,4082918.85,0,0,5182166.23,0,0,5182166.23,0,0,5182166.23,0,0,5182166.23,0,0,4082918.85,0,0,4082918.85,0,0,4082918.85,0,0,4082918.85,0,0,4082918.85,0,0,4082918.85,0,0,4082918.85,0,0,4082918.85,0,0,4082918.85,0,0,4082918.85,0,0,4082918.85,0,0,4082918.85,0,0,4082918.85,0,0,4082918.85,0,0,4082918.85,0,0,4082918.85,0,0,4082918.85,0,0,4082918.85,0,0,4082918.85,0,0,4082918.85,0,0,4082918.85,0,0,4082918.85,0,0,4082918.85,0,0,4082918.85,0,0,4082918.85,0,0,4082918.85,0,0,5182166.23,0,0,4082918.85,0,0,4082918.85,0,0,4082918.85,0,0,4082918.85,0,0,4082918.85,0,0,4082918.85,0,0,4082918.85
1,1,Moderna,2021-05-24,COVCANCER,0,0,0,0,0,0,0,0,0,0,0,0,0,0,0,0,0,0,0,0,0,0,0,0,0,0,0,0,0,0,0,0,0,0,0,0,0,0,0,0,0,0,0,0,0,0,0,0,0,0,4812011.5,0,0,4812011.5,0,0,4812011.5,0,0,4812011.5,0,0,4812011.5,0,0,4812011.5,0,0,4812011.5,0,0,4812011.5,0,0,4812011.5,0,0,4812011.5,0,0,6416015.34,0,0,6416015.34,0,0,6416015.34,0,0,6416015.34,0,0,4812011.5,0,0,4812011.5,0,0,4812011.5,0,0,4812011.5,0,0,4812011.5,0,0,4812011.5,0,0,4812011.5,0,0,4812011.5,0,0,4812011.5,0,0,4812011.5,0,0,4812011.5,0,0,4812011.5,0,0,4812011.5,0,0,4812011.5,0,0,4812011.5,0,0,4812011.5,0,0,4812011.5,0,0,4812011.5,0,0,4812011.5,0,0,4812011.5,0,0,4812011.5,0,0,4812011.5,0,0,4812011.5,0,0,4812011.5,0,0,4812011.5,0,0,4812011.5,0,0,6416015.34,0,0,4812011.5,0,0,4812011.5,0,0,4812011.5,0,0,4812011.5,0,0,4812011.5,0,0,4812011.5,0,0,4812011.5
1,1,Moderna,2021-05-31,COVCANCER,0,0,0,0,0,0,0,0,0,0,0,0,0,0,0,0,0,0,0,0,0,0,0,0,0,0,0,0,0,0,0,0,0,0,0,0,0,0,0,0,0,0,0,0,0,0,0,0,0,0,4812011.5,0,0,4812011.5,0,0,4812011.5,0,0,4812011.5,0,0,4812011.5,0,0,4812011.5,0,0,4812011.5,0,0,4812011.5,0,0,4812011.5,0,0,4812011.5,0,0,6416015.34,0,0,6416015.34,0,0,6416015.34,0,0,6416015.34,0,0,4812011.5,0,0,4812011.5,0,0,4812011.5,0,0,4812011.5,0,0,4812011.5,0,0,4812011.5,0,0,4812011.5,0,0,4812011.5,0,0,4812011.5,0,0,4812011.5,0,0,4812011.5,0,0,4812011.5,0,0,4812011.5,0,0,4812011.5,0,0,4812011.5,0,0,4812011.5,0,0,4812011.5,0,0,4812011.5,0,0,4812011.5,0,0,4812011.5,0,0,4812011.5,0,0,4812011.5,0,0,4812011.5,0,0,4812011.5,0,0,4812011.5,0,0,4812011.5,0,0,6416015.34,0,0,4812011.5,0,0,4812011.5,0,0,4812011.5,0,0,4812011.5,0,0,4812011.5,0,0,4812011.5,0,0,4812011.5
1,2,Pfizer,2021-05-03,COVCANCER,0,0,0,0,0,0,0,0,0,0,0,0,0,0,0,0,0,0,0,0,0,0,0,0,0,0,0,0,0,0,0,0,0,0,0,0,0,0,0,0,0,0,0,0,0,0,0,0,0,0,1952700.32,0,0,1952700.32,0,0,2173166.48,0,0,2283666.48,0,0,2542194.76,0,0,2542194.76,0,0,2173166.48,0,0,2173166.48,0,0,2041459.43,0,0,2041459.43,0,0,1952700.32,0,0,1952700.32,0,0,1952700.32,0,0,1952700.32,0,0,1952700.32,0,0,1952700.32,0,0,1952700.32,0,0,1952700.32,0,0,1952700.32,0,0,1952700.32,0,0,1952700.32,0,0,1952700.32,0,0,1952700.32,0,0,1952700.32,0,0,1952700.32,0,0,1952700.32,0,0,1952700.32,0,0,1952700.32,0,0,1952700.32,0,0,1952700.32,0,0,1952700.32,0,0,1952700.32,0,0,1952700.32,0,0,1952700.32,0,0,1952700.32,0,0,1952700.32,0,0,1952700.32,0,0,1952700.32,0,0,1952700.32,0,0,1952700.32,0,0,134736322.06,0,0,1952700.32,0,0,1952700.32,0,0,1952700.32,0,0,2173166.48,0,0,1952700.32,0,0,2173166.48,0,0,1952700.32
1,1,AstraZeneca,2021-03-29,COVCANCER,0,0,0,0,0,0,0,0,0,0,0,0,0,0,0,0,0,0,0,0,0,0,0,0,0,0,0,0,0,0,0,0,0,0,0,0,0,0,0,0,0,0,0,0,0,0,0,0,0,0,19248046.01,0,0,19248046.01,0,0,19248046.01,0,0,19248046.01,0,0,19248046.01,0,0,19248046.01,0,0,19248046.01,0,0,19248046.01,0,0,19248046.01,0,0,19248046.01,0,0,19248046.01,0,0,19248046.01,0,0,19248046.01,0,0,19248046.01,0,0,19248046.01,0,0,19248046.01,0,0,19248046.01,0,0,19248046.01,0,0,19248046.01,0,0,19248046.01,0,0,19248046.01,0,0,19248046.01,0,0,19248046.01,0,0,19248046.01,0,0,19248046.01,0,0,19248046.01,0,0,19248046.01,0,0,19248046.01,0,0,19248046.01,0,0,19248046.01,0,0,19248046.01,0,0,19248046.01,0,0,19248046.01,0,0,19248046.01,0,0,19248046.01,0,0,19248046.01,0,0,19248046.01,0,0,19248046.01,0,0,19248046.01,0,0,19248046.01,0,0,134736322.06,0,0,19248046.01,0,0,19248046.01,0,0,19248046.01,0,0,19248046.01,0,0,19248046.01,0,0,19248046.01,0,0,19248046.01
1,1,AstraZeneca,2021-04-05,COVCANCER,0,0,0,0,0,0,0,0,0,0,0,0,0,0,0,0,0,0,0,0,0,0,0,0,0,0,0,0,0,0,0,0,0,0,0,0,0,0,0,0,0,0,0,0,0,0,0,0,0,0,6416015.34,0,0,6416015.34,0,0,6416015.34,0,0,6416015.34,0,0,6416015.34,0,0,6416015.34,0,0,6416015.34,0,0,6416015.34,0,0,6416015.34,0,0,6416015.34,0,0,6416015.34,0,0,6416015.34,0,0,6416015.34,0,0,6416015.34,0,0,6416015.34,0,0,6416015.34,0,0,6416015.34,0,0,6416015.34,0,0,6416015.34,0,0,6416015.34,0,0,6416015.34,0,0,6416015.34,0,0,6416015.34,0,0,6416015.34,0,0,6416015.34,0,0,6416015.34,0,0,6416015.34,0,0,6416015.34,0,0,6416015.34,0,0,6416015.34,0,0,6416015.34,0,0,6416015.34,0,0,6416015.34,0,0,6416015.34,0,0,6416015.34,0,0,6416015.34,0,0,6416015.34,0,0,6416015.34,0,0,6416015.34,0,0,6416015.34,0,0,16842040.26,0,0,6416015.34,0,0,6416015.34,0,0,6416015.34,0,0,6416015.34,0,0,6416015.34,0,0,6416015.34,0,0,6416015.34
1,1,AstraZeneca,2021-04-12,COVCANCER,0,0,0,0,0,0,0,0,0,0,0,0,0,0,0,0,0,0,0,0,0,0,0,0,0,0,0,0,0,0,0,0,0,0,0,0,0,0,0,0,0,0,0,0,0,0,0,0,0,0,4812011.5,0,0,4812011.5,0,0,4812011.5,0,0,4812011.5,0,0,4812011.5,0,0,4812011.5,0,0,4812011.5,0,0,4812011.5,0,0,4812011.5,0,0,4812011.5,0,0,4812011.5,0,0,4812011.5,0,0,4812011.5,0,0,4812011.5,0,0,4812011.5,0,0,4812011.5,0,0,4812011.5,0,0,4812011.5,0,0,4812011.5,0,0,4812011.5,0,0,4812011.5,0,0,4812011.5,0,0,4812011.5,0,0,4812011.5,0,0,4812011.5,0,0,4812011.5,0,0,4812011.5,0,0,4812011.5,0,0,4812011.5,0,0,4812011.5,0,0,4812011.5,0,0,4812011.5,0,0,4812011.5,0,0,4812011.5,0,0,4812011.5,0,0,4812011.5,0,0,4812011.5,0,0,4812011.5,0,0,4812011.5,0,0,4812011.5,0,0,9624023,0,0,4812011.5,0,0,4812011.5,0,0,4812011.5,0,0,4812011.5,0,0,4812011.5,0,0,4812011.5,0,0,4812011.5
1,1,AstraZeneca,2021-04-19,COVCANCER,0,0,0,0,0,0,0,0,0,0,0,0,0,0,0,0,0,0,0,0,0,0,0,0,0,0,0,0,0,0,0,0,0,0,0,0,0,0,0,0,0,0,0,0,0,0,0,0,0,0,4812011.5,0,0,4812011.5,0,0,4812011.5,0,0,4812011.5,0,0,4812011.5,0,0,4812011.5,0,0,4812011.5,0,0,4812011.5,0,0,4812011.5,0,0,4812011.5,0,0,4812011.5,0,0,4812011.5,0,0,4812011.5,0,0,4812011.5,0,0,4812011.5,0,0,4812011.5,0,0,4812011.5,0,0,4812011.5,0,0,4812011.5,0,0,4812011.5,0,0,4812011.5,0,0,4812011.5,0,0,4812011.5,0,0,4812011.5,0,0,4812011.5,0,0,4812011.5,0,0,4812011.5,0,0,4812011.5,0,0,4812011.5,0,0,4812011.5,0,0,4812011.5,0,0,4812011.5,0,0,4812011.5,0,0,4812011.5,0,0,4812011.5,0,0,4812011.5,0,0,4812011.5,0,0,4812011.5,0,0,4812011.5,0,0,4812011.5,0,0,9624023,0,0,4812011.5,0,0,4812011.5,0,0,4812011.5,0,0,4812011.5,0,0,4812011.5,0,0,4812011.5,0,0,4812011.5
1,1,AstraZeneca,2021-04-26,COVCANCER,0,0,0,0,0,0,0,0,0,0,0,0,0,0,0,0,0,0,0,0,0,0,0,0,0,0,0,0,0,0,0,0,0,0,0,0,0,0,0,0,0,0,0,0,0,0,0,0,0,0,4812011.5,0,0,4812011.5,0,0,4812011.5,0,0,4812011.5,0,0,4812011.5,0,0,4812011.5,0,0,4812011.5,0,0,4812011.5,0,0,4812011.5,0,0,4812011.5,0,0,4812011.5,0,0,4812011.5,0,0,4812011.5,0,0,4812011.5,0,0,4812011.5,0,0,4812011.5,0,0,4812011.5,0,0,4812011.5,0,0,4812011.5,0,0,4812011.5,0,0,4812011.5,0,0,4812011.5,0,0,4812011.5,0,0,4812011.5,0,0,4812011.5,0,0,4812011.5,0,0,4812011.5,0,0,4812011.5,0,0,4812011.5,0,0,4812011.5,0,0,4812011.5,0,0,4812011.5,0,0,4812011.5,0,0,4812011.5,0,0,4812011.5,0,0,4812011.5,0,0,4812011.5,0,0,4812011.5,0,0,4812011.5,0,0,4812011.5,0,0,9624023,0,0,4812011.5,0,0,4812011.5,0,0,4812011.5,0,0,4812011.5,0,0,4812011.5,0,0,4812011.5,0,0,4812011.5
1,1,AstraZeneca,2021-05-03,COVCANCER,0,0,0,0,0,0,0,0,0,0,0,0,0,0,0,0,0,0,0,0,0,0,0,0,0,0,0,0,0,0,0,0,0,0,0,0,0,0,0,0,0,0,0,0,0,0,0,0,0,0,4812011.5,0,0,4812011.5,0,0,4812011.5,0,0,4812011.5,0,0,4812011.5,0,0,4812011.5,0,0,4812011.5,0,0,4812011.5,0,0,4812011.5,0,0,4812011.5,0,0,4812011.5,0,0,4812011.5,0,0,4812011.5,0,0,4812011.5,0,0,4812011.5,0,0,4812011.5,0,0,4812011.5,0,0,4812011.5,0,0,4812011.5,0,0,4812011.5,0,0,4812011.5,0,0,4812011.5,0,0,4812011.5,0,0,4812011.5,0,0,4812011.5,0,0,4812011.5,0,0,4812011.5,0,0,4812011.5,0,0,4812011.5,0,0,4812011.5,0,0,4812011.5,0,0,4812011.5,0,0,4812011.5,0,0,4812011.5,0,0,4812011.5,0,0,4812011.5,0,0,4812011.5,0,0,4812011.5,0,0,4812011.5,0,0,4812011.5,0,0,9624023,0,0,4812011.5,0,0,4812011.5,0,0,4812011.5,0,0,4812011.5,0,0,4812011.5,0,0,4812011.5,0,0,4812011.5
1,1,AstraZeneca,2021-05-10,COVCANCER,0,0,0,0,0,0,0,0,0,0,0,0,0,0,0,0,0,0,0,0,0,0,0,0,0,0,0,0,0,0,0,0,0,0,0,0,0,0,0,0,0,0,0,0,0,0,0,0,0,0,4812011.5,0,0,4812011.5,0,0,4812011.5,0,0,4812011.5,0,0,4812011.5,0,0,4812011.5,0,0,4812011.5,0,0,4812011.5,0,0,4812011.5,0,0,4812011.5,0,0,4812011.5,0,0,4812011.5,0,0,4812011.5,0,0,4812011.5,0,0,4812011.5,0,0,4812011.5,0,0,4812011.5,0,0,4812011.5,0,0,4812011.5,0,0,4812011.5,0,0,4812011.5,0,0,4812011.5,0,0,4812011.5,0,0,4812011.5,0,0,4812011.5,0,0,4812011.5,0,0,4812011.5,0,0,4812011.5,0,0,4812011.5,0,0,4812011.5,0,0,4812011.5,0,0,4812011.5,0,0,4812011.5,0,0,4812011.5,0,0,4812011.5,0,0,4812011.5,0,0,4812011.5,0,0,4812011.5,0,0,4812011.5,0,0,4812011.5,0,0,9624023,0,0,4812011.5,0,0,4812011.5,0,0,4812011.5,0,0,4812011.5,0,0,4812011.5,0,0,4812011.5,0,0,4812011.5
1,1,AstraZeneca,2021-05-17,COVCANCER,0,0,0,0,0,0,0,0,0,0,0,0,0,0,0,0,0,0,0,0,0,0,0,0,0,0,0,0,0,0,0,0,0,0,0,0,0,0,0,0,0,0,0,0,0,0,0,0,0,0,4812011.5,0,0,4812011.5,0,0,4812011.5,0,0,4812011.5,0,0,4812011.5,0,0,4812011.5,0,0,4812011.5,0,0,4812011.5,0,0,4812011.5,0,0,4812011.5,0,0,4812011.5,0,0,4812011.5,0,0,4812011.5,0,0,4812011.5,0,0,4812011.5,0,0,4812011.5,0,0,4812011.5,0,0,4812011.5,0,0,4812011.5,0,0,4812011.5,0,0,4812011.5,0,0,4812011.5,0,0,4812011.5,0,0,4812011.5,0,0,4812011.5,0,0,4812011.5,0,0,4812011.5,0,0,4812011.5,0,0,4812011.5,0,0,4812011.5,0,0,4812011.5,0,0,4812011.5,0,0,4812011.5,0,0,4812011.5,0,0,4812011.5,0,0,4812011.5,0,0,4812011.5,0,0,4812011.5,0,0,4812011.5,0,0,4812011.5,0,0,9624023,0,0,4812011.5,0,0,4812011.5,0,0,4812011.5,0,0,4812011.5,0,0,4812011.5,0,0,4812011.5,0,0,4812011.5
1,1,AstraZeneca,2021-05-24,COVCANCER,0,0,0,0,0,0,0,0,0,0,0,0,0,0,0,0,0,0,0,0,0,0,0,0,0,0,0,0,0,0,0,0,0,0,0,0,0,0,0,0,0,0,0,0,0,0,0,0,0,0,4812011.5,0,0,4812011.5,0,0,4812011.5,0,0,4812011.5,0,0,4812011.5,0,0,4812011.5,0,0,4812011.5,0,0,4812011.5,0,0,4812011.5,0,0,4812011.5,0,0,4812011.5,0,0,4812011.5,0,0,4812011.5,0,0,4812011.5,0,0,4812011.5,0,0,4812011.5,0,0,4812011.5,0,0,4812011.5,0,0,4812011.5,0,0,4812011.5,0,0,4812011.5,0,0,4812011.5,0,0,4812011.5,0,0,4812011.5,0,0,4812011.5,0,0,4812011.5,0,0,4812011.5,0,0,4812011.5,0,0,4812011.5,0,0,4812011.5,0,0,4812011.5,0,0,4812011.5,0,0,4812011.5,0,0,4812011.5,0,0,4812011.5,0,0,4812011.5,0,0,4812011.5,0,0,4812011.5,0,0,4812011.5,0,0,4812011.5,0,0,9624023,0,0,4812011.5,0,0,4812011.5,0,0,4812011.5,0,0,4812011.5,0,0,4812011.5,0,0,4812011.5,0,0,4812011.5
1,1,AstraZeneca,2021-05-31,COVCANCER,0,0,0,0,0,0,0,0,0,0,0,0,0,0,0,0,0,0,0,0,0,0,0,0,0,0,0,0,0,0,0,0,0,0,0,0,0,0,0,0,0,0,0,0,0,0,0,0,0,0,4812011.5,0,0,4812011.5,0,0,4812011.5,0,0,4812011.5,0,0,4812011.5,0,0,4812011.5,0,0,4812011.5,0,0,4812011.5,0,0,4812011.5,0,0,4812011.5,0,0,4812011.5,0,0,4812011.5,0,0,4812011.5,0,0,4812011.5,0,0,4812011.5,0,0,4812011.5,0,0,4812011.5,0,0,4812011.5,0,0,4812011.5,0,0,4812011.5,0,0,4812011.5,0,0,4812011.5,0,0,4812011.5,0,0,4812011.5,0,0,4812011.5,0,0,4812011.5,0,0,4812011.5,0,0,4812011.5,0,0,4812011.5,0,0,4812011.5,0,0,4812011.5,0,0,4812011.5,0,0,4812011.5,0,0,4812011.5,0,0,4812011.5,0,0,4812011.5,0,0,4812011.5,0,0,4812011.5,0,0,4812011.5,0,0,4812011.5,0,0,9624023,0,0,4812011.5,0,0,4812011.5,0,0,4812011.5,0,0,4812011.5,0,0,4812011.5,0,0,4812011.5,0,0,4812011.5
1,1,AstraZeneca,2021-06-07,COVCANCER,0,0,0,0,0,0,0,0,0,0,0,0,0,0,0,0,0,0,0,0,0,0,0,0,0,0,0,0,0,0,0,0,0,0,0,0,0,0,0,0,0,0,0,0,0,0,0,0,0,0,4812011.5,0,0,4812011.5,0,0,4812011.5,0,0,4812011.5,0,0,4812011.5,0,0,4812011.5,0,0,4812011.5,0,0,4812011.5,0,0,4812011.5,0,0,4812011.5,0,0,4812011.5,0,0,4812011.5,0,0,4812011.5,0,0,4812011.5,0,0,4812011.5,0,0,4812011.5,0,0,4812011.5,0,0,4812011.5,0,0,4812011.5,0,0,4812011.5,0,0,4812011.5,0,0,4812011.5,0,0,4812011.5,0,0,4812011.5,0,0,4812011.5,0,0,4812011.5,0,0,4812011.5,0,0,4812011.5,0,0,4812011.5,0,0,4812011.5,0,0,4812011.5,0,0,4812011.5,0,0,4812011.5,0,0,4812011.5,0,0,4812011.5,0,0,4812011.5,0,0,4812011.5,0,0,4812011.5,0,0,4812011.5,0,0,4812011.5,0,0,9624023,0,0,4812011.5,0,0,4812011.5,0,0,4812011.5,0,0,4812011.5,0,0,4812011.5,0,0,4812011.5,0,0,4812011.5
1,1,AstraZeneca,2021-06-14,COVCANCER,0,0,0,0,0,0,0,0,0,0,0,0,0,0,0,0,0,0,0,0,0,0,0,0,0,0,0,0,0,0,0,0,0,0,0,0,0,0,0,0,0,0,0,0,0,0,0,0,0,0,4812011.5,0,0,4812011.5,0,0,4812011.5,0,0,4812011.5,0,0,4812011.5,0,0,4812011.5,0,0,4812011.5,0,0,4812011.5,0,0,4812011.5,0,0,4812011.5,0,0,4812011.5,0,0,4812011.5,0,0,4812011.5,0,0,4812011.5,0,0,4812011.5,0,0,4812011.5,0,0,4812011.5,0,0,4812011.5,0,0,4812011.5,0,0,4812011.5,0,0,4812011.5,0,0,4812011.5,0,0,4812011.5,0,0,4812011.5,0,0,4812011.5,0,0,4812011.5,0,0,4812011.5,0,0,4812011.5,0,0,4812011.5,0,0,4812011.5,0,0,4812011.5,0,0,4812011.5,0,0,4812011.5,0,0,4812011.5,0,0,4812011.5,0,0,4812011.5,0,0,4812011.5,0,0,4812011.5,0,0,4812011.5,0,0,4812011.5,0,0,9624023,0,0,4812011.5,0,0,4812011.5,0,0,4812011.5,0,0,4812011.5,0,0,4812011.5,0,0,4812011.5,0,0,4812011.5
1,1,AstraZeneca,2021-06-21,COVCANCER,0,0,0,0,0,0,0,0,0,0,0,0,0,0,0,0,0,0,0,0,0,0,0,0,0,0,0,0,0,0,0,0,0,0,0,0,0,0,0,0,0,0,0,0,0,0,0,0,0,0,5614013.42,0,0,5614013.42,0,0,5614013.42,0,0,5614013.42,0,0,5614013.42,0,0,5614013.42,0,0,5614013.42,0,0,5614013.42,0,0,5614013.42,0,0,5614013.42,0,0,5614013.42,0,0,5614013.42,0,0,5614013.42,0,0,5614013.42,0,0,5614013.42,0,0,5614013.42,0,0,5614013.42,0,0,5614013.42,0,0,5614013.42,0,0,5614013.42,0,0,5614013.42,0,0,5614013.42,0,0,5614013.42,0,0,5614013.42,0,0,5614013.42,0,0,5614013.42,0,0,5614013.42,0,0,5614013.42,0,0,5614013.42,0,0,5614013.42,0,0,5614013.42,0,0,5614013.42,0,0,5614013.42,0,0,5614013.42,0,0,5614013.42,0,0,5614013.42,0,0,5614013.42,0,0,5614013.42,0,0,5614013.42,0,0,5614013.42,0,0,9624023,0,0,5614013.42,0,0,5614013.42,0,0,5614013.42,0,0,5614013.42,0,0,5614013.42,0,0,5614013.42,0,0,5614013.42
1,1,AstraZeneca,2021-06-28,COVCANCER,0,0,0,0,0,0,0,0,0,0,0,0,0,0,0,0,0,0,0,0,0,0,0,0,0,0,0,0,0,0,0,0,0,0,0,0,0,0,0,0,0,0,0,0,0,0,0,0,0,0,22456053.68,0,0,22456053.68,0,0,22456053.68,0,0,22456053.68,0,0,22456053.68,0,0,22456053.68,0,0,22456053.68,0,0,22456053.68,0,0,22456053.68,0,0,22456053.68,0,0,22456053.68,0,0,22456053.68,0,0,22456053.68,0,0,22456053.68,0,0,22456053.68,0,0,22456053.68,0,0,22456053.68,0,0,22456053.68,0,0,22456053.68,0,0,22456053.68,0,0,22456053.68,0,0,22456053.68,0,0,22456053.68,0,0,22456053.68,0,0,22456053.68,0,0,22456053.68,0,0,22456053.68,0,0,22456053.68,0,0,22456053.68,0,0,22456053.68,0,0,22456053.68,0,0,22456053.68,0,0,22456053.68,0,0,22456053.68,0,0,22456053.68,0,0,22456053.68,0,0,22456053.68,0,0,22456053.68,0,0,22456053.68,0,0,22456053.68,0,0,44912107.35,0,0,22456053.68,0,0,22456053.68,0,0,22456053.68,0,0,22456053.68,0,0,22456053.68,0,0,22456053.68,0,0,22456053.68
1,1,Moderna,2021-02-22,COVCANCER,0,0,0,0,0,0,0,0,0,0,0,0,0,0,0,0,0,0,0,0,0,0,0,0,0,0,0,0,0,0,0,0,0,0,0,0,0,0,0,0,0,0,0,0,0,0,0,0,0,0,26947264.41,0,0,26947264.41,0,0,26947264.41,0,0,26947264.41,0,0,26947264.41,0,0,26947264.41,0,0,26947264.41,0,0,26947264.41,0,0,26947264.41,0,0,26947264.41,0,0,26947264.41,0,0,26947264.41,0,0,26947264.41,0,0,26947264.41,0,0,26947264.41,0,0,26947264.41,0,0,26947264.41,0,0,26947264.41,0,0,26947264.41,0,0,26947264.41,0,0,26947264.41,0,0,26947264.41,0,0,26947264.41,0,0,26947264.41,0,0,26947264.41,0,0,26947264.41,0,0,26947264.41,0,0,26947264.41,0,0,26947264.41,0,0,26947264.41,0,0,26947264.41,0,0,26947264.41,0,0,26947264.41,0,0,26947264.41,0,0,26947264.41,0,0,26947264.41,0,0,26947264.41,0,0,26947264.41,0,0,26947264.41,0,0,26947264.41,0,0,26947264.41,0,0,26947264.41,0,0,26947264.41,0,0,26947264.41,0,0,26947264.41,0,0,26947264.41,0,0,26947264.41,0,0,26947264.41
1,2,AstraZeneca,2021-06-21,COVCANCER,0,0,0,0,0,0,0,0,0,0,0,0,0,0,0,0,0,0,0,0,0,0,0,0,0,0,0,0,0,0,0,0,0,0,0,0,0,0,0,0,0,0,0,0,0,0,0,0,0,0,33684080.52,0,0,33684080.52,0,0,33684080.52,0,0,33684080.52,0,0,33684080.52,0,0,33684080.52,0,0,33684080.52,0,0,33684080.52,0,0,33684080.52,0,0,33684080.52,0,0,33684080.52,0,0,33684080.52,0,0,33684080.52,0,0,33684080.52,0,0,33684080.52,0,0,33684080.52,0,0,33684080.52,0,0,33684080.52,0,0,33684080.52,0,0,33684080.52,0,0,33684080.52,0,0,33684080.52,0,0,33684080.52,0,0,33684080.52,0,0,33684080.52,0,0,33684080.52,0,0,33684080.52,0,0,33684080.52,0,0,33684080.52,0,0,33684080.52,0,0,33684080.52,0,0,33684080.52,0,0,33684080.52,0,0,33684080.52,0,0,33684080.52,0,0,33684080.52,0,0,33684080.52,0,0,33684080.52,0,0,33684080.52,0,0,33684080.52,,,0,0,0,33684080.52,0,0,33684080.52,0,0,33684080.52,0,0,33684080.52,0,0,33684080.52,0,0,33684080.52,0,0,33684080.52
1,2,AstraZeneca,2021-06-28,COVCANCER,0,0,0,0,0,0,0,0,0,0,0,0,0,0,0,0,0,0,0,0,0,0,0,0,0,0,0,0,0,0,0,0,0,0,0,0,0,0,0,0,0,0,0,0,0,0,0,0,0,0,22456053.68,0,0,22456053.68,0,0,22456053.68,0,0,22456053.68,0,0,22456053.68,0,0,22456053.68,0,0,22456053.68,0,0,22456053.68,0,0,22456053.68,0,0,22456053.68,0,0,22456053.68,0,0,22456053.68,0,0,22456053.68,0,0,22456053.68,0,0,22456053.68,0,0,22456053.68,0,0,22456053.68,0,0,22456053.68,0,0,22456053.68,0,0,22456053.68,0,0,22456053.68,0,0,22456053.68,0,0,22456053.68,0,0,22456053.68,0,0,22456053.68,0,0,22456053.68,0,0,22456053.68,0,0,22456053.68,0,0,22456053.68,0,0,22456053.68,0,0,22456053.68,0,0,22456053.68,0,0,22456053.68,0,0,22456053.68,0,0,22456053.68,0,0,22456053.68,0,0,22456053.68,0,0,22456053.68,0,0,22456053.68,0,0,22456053.68,0,0,44912107.35,0,0,22456053.68,0,0,22456053.68,0,0,22456053.68,0,0,22456053.68,0,0,22456053.68,0,0,22456053.68,0,0,22456053.68
1,2,Moderna,2021-03-22,COVCANCER,0,0,0,0,0,0,0,0,0,0,0,0,0,0,0,0,0,0,0,0,0,0,0,0,0,0,0,0,0,0,0,0,0,0,0,0,0,0,0,0,0,0,0,0,0,0,0,0,0,0,19248046.01,0,0,19248046.01,0,0,19248046.01,0,0,19248046.01,0,0,19248046.01,0,0,19248046.01,0,0,19248046.01,0,0,19248046.01,0,0,19248046.01,0,0,19248046.01,0,0,19248046.01,0,0,19248046.01,0,0,19248046.01,0,0,19248046.01,0,0,19248046.01,0,0,19248046.01,0,0,19248046.01,0,0,19248046.01,0,0,19248046.01,0,0,19248046.01,0,0,19248046.01,0,0,19248046.01,0,0,19248046.01,0,0,19248046.01,0,0,19248046.01,0,0,19248046.01,0,0,19248046.01,0,0,19248046.01,0,0,19248046.01,0,0,19248046.01,0,0,19248046.01,0,0,19248046.01,0,0,19248046.01,0,0,19248046.01,0,0,19248046.01,0,0,19248046.01,0,0,19248046.01,0,0,19248046.01,0,0,19248046.01,0,0,19248046.01,0,0,19248046.01,0,0,19248046.01,0,0,19248046.01,0,0,19248046.01,0,0,19248046.01,0,0,19248046.01,0,0,19248046.01,0,0,19248046.01
1,2,Moderna,2021-03-29,COVCANCER,0,0,0,0,0,0,0,0,0,0,0,0,0,0,0,0,0,0,0,0,0,0,0,0,0,0,0,0,0,0,0,0,0,0,0,0,0,0,0,0,0,0,0,0,0,0,0,0,0,0,19248046.01,0,0,19248046.01,0,0,19248046.01,0,0,19248046.01,0,0,19248046.01,0,0,19248046.01,0,0,19248046.01,0,0,19248046.01,0,0,19248046.01,0,0,19248046.01,0,0,19248046.01,0,0,19248046.01,0,0,19248046.01,0,0,19248046.01,0,0,19248046.01,0,0,19248046.01,0,0,19248046.01,0,0,19248046.01,0,0,19248046.01,0,0,19248046.01,0,0,19248046.01,0,0,19248046.01,0,0,19248046.01,0,0,19248046.01,0,0,19248046.01,0,0,19248046.01,0,0,19248046.01,0,0,19248046.01,0,0,19248046.01,0,0,19248046.01,0,0,19248046.01,0,0,19248046.01,0,0,19248046.01,0,0,19248046.01,0,0,19248046.01,0,0,19248046.01,0,0,19248046.01,0,0,19248046.01,0,0,19248046.01,0,0,19248046.01,0,0,19248046.01,0,0,19248046.01,0,0,19248046.01,0,0,19248046.01,0,0,19248046.01,0,0,19248046.01,0,0,19248046.01,0,0,19248046.01
1,2,Pfizer,2021-04-26,COVCANCER,0,0,0,0,0,0,0,0,0,0,0,0,0,0,0,0,0,0,0,0,0,0,0,0,0,0,0,0,0,0,0,0,0,0,0,0,0,0,0,0,0,0,0,0,0,0,0,0,0,0,3208007.67,0,0,3208007.67,0,0,3286251.76,0,0,3286251.76,0,0,3962833,0,0,3962833,0,0,3286251.76,0,0,3286251.76,0,0,3208007.67,0,0,3208007.67,0,0,3208007.67,0,0,3208007.67,0,0,3208007.67,0,0,3208007.67,0,0,3208007.67,0,0,3208007.67,0,0,3208007.67,0,0,3208007.67,0,0,3208007.67,0,0,3208007.67,0,0,3208007.67,0,0,3208007.67,0,0,3208007.67,0,0,3208007.67,0,0,3208007.67,0,0,3208007.67,0,0,3208007.67,0,0,3208007.67,0,0,3208007.67,0,0,3208007.67,0,0,3208007.67,0,0,3208007.67,0,0,3208007.67,0,0,3208007.67,0,0,3208007.67,0,0,3208007.67,0,0,3208007.67,0,0,3208007.67,0,0,3208007.67,0,0,3208007.67,,,0,0,0,3208007.67,0,0,3208007.67,0,0,3208007.67,0,0,3286251.76,0,0,3208007.67,0,0,3286251.76,0,0,3208007.67
1,1,Pfizer,2021-03-08,COVCANCER,0,0,0,0,0,0,0,0,0,0,0,0,0,0,0,0,0,0,0,0,0,0,0,0,0,0,0,0,0,0,0,0,0,0,0,0,0,0,0,0,0,0,0,0,0,0,0,0,0,0,22456053.68,0,0,22456053.68,0,0,22456053.68,0,0,22456053.68,0,0,22456053.68,0,0,22456053.68,0,0,22456053.68,0,0,22456053.68,0,0,22456053.68,0,0,22456053.68,0,0,22456053.68,0,0,22456053.68,0,0,22456053.68,0,0,22456053.68,0,0,22456053.68,0,0,22456053.68,0,0,22456053.68,0,0,22456053.68,0,0,22456053.68,0,0,22456053.68,0,0,22456053.68,0,0,22456053.68,0,0,22456053.68,0,0,22456053.68,0,0,22456053.68,0,0,22456053.68,0,0,22456053.68,0,0,22456053.68,0,0,22456053.68,0,0,22456053.68,0,0,22456053.68,0,0,22456053.68,0,0,22456053.68,0,0,22456053.68,0,0,22456053.68,0,0,22456053.68,0,0,22456053.68,0,0,22456053.68,0,0,22456053.68,0,0,22456053.68,0,0,33684080.52,0,0,22456053.68,0,0,22456053.68,0,0,22456053.68,0,0,22456053.68,0,0,22456053.68,0,0,22456053.68,0,0,22456053.68
1,1,Pfizer,2021-03-15,COVCANCER,0,0,0,0,1,1,0,0,0,0,0,0,0,0,0,0,0,0,0,0,0,0,0,0,0,0,0,0,0,0,0,0,0,0,0,0,0,0,0,0,0,0,0,0,0,0,0,0,0,0,6416015.34,0,0,6416015.34,0,0,6416015.34,0,0,6416015.34,1739285.71,44034.9,9690679.75,1739285.71,44034.9,9690679.75,0,0,6416015.34,0,0,6416015.34,0,0,6416015.34,0,0,6416015.34,0,0,6416015.34,0,0,6416015.34,0,0,6416015.34,0,0,6416015.34,0,0,6416015.34,0,0,6416015.34,0,0,6416015.34,0,0,6416015.34,0,0,6416015.34,0,0,6416015.34,0,0,6416015.34,0,0,6416015.34,0,0,6416015.34,0,0,6416015.34,0,0,6416015.34,0,0,6416015.34,0,0,6416015.34,0,0,6416015.34,0,0,6416015.34,0,0,6416015.34,0,0,6416015.34,0,0,6416015.34,0,0,6416015.34,0,0,6416015.34,0,0,6416015.34,0,0,6416015.34,0,0,6416015.34,0,0,6416015.34,0,0,6416015.34,0,0,6416015.34,0,0,19248046.01,0,0,6416015.34,0,0,6416015.34,0,0,6416015.34,0,0,6416015.34,0,0,6416015.34,0,0,6416015.34,0,0,6416015.34
1,1,Pfizer,2021-03-22,COVCANCER,0,0,0,0,0,0,0,0,0,0,0,0,0,0,0,0,0,0,0,0,0,0,0,0,0,0,0,0,0,0,0,0,0,0,0,0,0,0,0,0,0,0,0,0,0,0,0,0,0,0,6416015.34,0,0,6416015.34,0,0,6416015.34,0,0,6416015.34,0,0,9624023,0,0,9624023,0,0,6416015.34,0,0,6416015.34,0,0,6416015.34,0,0,6416015.34,0,0,6416015.34,0,0,6416015.34,0,0,6416015.34,0,0,6416015.34,0,0,6416015.34,0,0,6416015.34,0,0,6416015.34,0,0,6416015.34,0,0,6416015.34,0,0,6416015.34,0,0,6416015.34,0,0,6416015.34,0,0,6416015.34,0,0,6416015.34,0,0,6416015.34,0,0,6416015.34,0,0,6416015.34,0,0,6416015.34,0,0,6416015.34,0,0,6416015.34,0,0,6416015.34,0,0,6416015.34,0,0,6416015.34,0,0,6416015.34,0,0,6416015.34,0,0,6416015.34,0,0,6416015.34,0,0,6416015.34,0,0,6416015.34,0,0,6416015.34,0,0,19248046.01,0,0,6416015.34,0,0,6416015.34,0,0,6416015.34,0,0,6416015.34,0,0,6416015.34,0,0,6416015.34,0,0,6416015.34
1,1,Pfizer,2021-03-29,COVCANCER,0,0,0,0,0,0,0,0,0,0,0,0,0,0,0,0,0,0,0,0,0,0,0,0,0,0,0,0,0,0,0,0,0,0,0,0,0,0,0,0,0,0,0,0,0,0,0,0,0,0,6736816.1,0,0,6736816.1,0,0,6736816.1,0,0,6736816.1,0,0,9624023,0,0,9624023,0,0,6736816.1,0,0,6736816.1,0,0,6736816.1,0,0,6736816.1,0,0,6736816.1,0,0,6736816.1,0,0,6736816.1,0,0,6736816.1,0,0,6736816.1,0,0,6736816.1,0,0,6736816.1,0,0,6736816.1,0,0,6736816.1,0,0,6736816.1,0,0,6736816.1,0,0,6736816.1,0,0,6736816.1,0,0,6736816.1,0,0,6736816.1,0,0,6736816.1,0,0,6736816.1,0,0,6736816.1,0,0,6736816.1,0,0,6736816.1,0,0,6736816.1,0,0,6736816.1,0,0,6736816.1,0,0,6736816.1,0,0,6736816.1,0,0,6736816.1,0,0,6736816.1,0,0,6736816.1,0,0,6736816.1,0,0,6736816.1,0,0,22456053.68,0,0,6736816.1,0,0,6736816.1,0,0,6736816.1,0,0,6736816.1,0,0,6736816.1,0,0,6736816.1,0,0,6736816.1
1,1,Pfizer,2021-04-05,COVCANCER,0,0,0,0,0,0,0,0,0,0,0,0,0,0,0,0,0,0,0,0,0,0,0,0,0,0,0,0,0,0,0,0,0,0,0,0,0,0,0,0,0,0,0,0,0,0,0,0,0,0,7485351.23,0,0,7485351.23,0,0,8421020.13,0,0,8421020.13,0,0,8421020.13,0,0,8421020.13,0,0,8421020.13,0,0,8421020.13,0,0,7485351.23,0,0,7485351.23,0,0,7485351.23,0,0,7485351.23,0,0,7485351.23,0,0,7485351.23,0,0,7485351.23,0,0,7485351.23,0,0,7485351.23,0,0,7485351.23,0,0,7485351.23,0,0,7485351.23,0,0,7485351.23,0,0,7485351.23,0,0,7485351.23,0,0,7485351.23,0,0,7485351.23,0,0,7485351.23,0,0,7485351.23,0,0,7485351.23,0,0,7485351.23,0,0,7485351.23,0,0,7485351.23,0,0,7485351.23,0,0,7485351.23,0,0,7485351.23,0,0,7485351.23,0,0,7485351.23,0,0,7485351.23,0,0,7485351.23,0,0,7485351.23,0,0,7485351.23,,,0,0,0,7485351.23,0,0,7485351.23,0,0,7485351.23,0,0,8421020.13,0,0,7485351.23,0,0,8421020.13,0,0,7485351.23
1,2,Pfizer,2021-03-29,COVCANCER,0,0,0,0,0,0,0,0,0,0,0,0,0,0,0,0,0,0,0,0,0,0,0,0,0,0,0,0,0,0,0,0,0,0,0,0,0,0,0,0,0,0,0,0,0,0,0,0,0,0,16842040.26,0,0,16842040.26,0,0,16842040.26,0,0,16842040.26,0,0,19248046.01,0,0,19248046.01,0,0,16842040.26,0,0,16842040.26,0,0,16842040.26,0,0,16842040.26,0,0,16842040.26,0,0,16842040.26,0,0,16842040.26,0,0,16842040.26,0,0,16842040.26,0,0,16842040.26,0,0,16842040.26,0,0,16842040.26,0,0,16842040.26,0,0,16842040.26,0,0,16842040.26,0,0,16842040.26,0,0,16842040.26,0,0,16842040.26,0,0,16842040.26,0,0,16842040.26,0,0,16842040.26,0,0,16842040.26,0,0,16842040.26,0,0,16842040.26,0,0,16842040.26,0,0,16842040.26,0,0,16842040.26,0,0,16842040.26,0,0,16842040.26,0,0,16842040.26,0,0,16842040.26,0,0,16842040.26,0,0,16842040.26,0,0,16842040.26,0,0,134736322.06,0,0,16842040.26,0,0,16842040.26,0,0,16842040.26,0,0,16842040.26,0,0,16842040.26,0,0,16842040.26,0,0,16842040.26
1,2,Pfizer,2021-04-05,COVCANCER,0,0,0,0,0,0,0,0,0,0,0,0,0,0,0,0,0,0,0,0,0,0,0,0,0,0,0,0,0,0,0,0,0,0,0,0,0,0,0,0,0,0,0,0,0,0,0,0,0,0,6416015.34,0,0,6416015.34,0,0,6416015.34,0,0,6416015.34,0,0,9624023,0,0,9624023,0,0,6416015.34,0,0,6416015.34,0,0,6416015.34,0,0,6416015.34,0,0,6416015.34,0,0,6416015.34,0,0,6416015.34,0,0,6416015.34,0,0,6416015.34,0,0,6416015.34,0,0,6416015.34,0,0,6416015.34,0,0,6416015.34,0,0,6416015.34,0,0,6416015.34,0,0,6416015.34,0,0,6416015.34,0,0,6416015.34,0,0,6416015.34,0,0,6416015.34,0,0,6416015.34,0,0,6416015.34,0,0,6416015.34,0,0,6416015.34,0,0,6416015.34,0,0,6416015.34,0,0,6416015.34,0,0,6416015.34,0,0,6416015.34,0,0,6416015.34,0,0,6416015.34,0,0,6416015.34,0,0,6416015.34,0,0,6416015.34,0,0,19248046.01,0,0,6416015.34,0,0,6416015.34,0,0,6416015.34,0,0,6416015.34,0,0,6416015.34,0,0,6416015.34,0,0,6416015.34
1,2,Pfizer,2021-04-12,COVCANCER,0,0,0,0,0,0,0,0,0,0,0,0,0,0,0,0,0,0,0,0,0,0,0,0,0,0,0,0,0,0,0,0,0,0,0,0,0,0,0,0,0,0,0,0,0,0,0,0,0,0,6416015.34,0,0,6416015.34,0,0,6416015.34,0,0,6416015.34,0,0,9624023,0,0,9624023,0,0,6416015.34,0,0,6416015.34,0,0,6416015.34,0,0,6416015.34,0,0,6416015.34,0,0,6416015.34,0,0,6416015.34,0,0,6416015.34,0,0,6416015.34,0,0,6416015.34,0,0,6416015.34,0,0,6416015.34,0,0,6416015.34,0,0,6416015.34,0,0,6416015.34,0,0,6416015.34,0,0,6416015.34,0,0,6416015.34,0,0,6416015.34,0,0,6416015.34,0,0,6416015.34,0,0,6416015.34,0,0,6416015.34,0,0,6416015.34,0,0,6416015.34,0,0,6416015.34,0,0,6416015.34,0,0,6416015.34,0,0,6416015.34,0,0,6416015.34,0,0,6416015.34,0,0,6416015.34,0,0,6416015.34,0,0,6416015.34,0,0,19248046.01,0,0,6416015.34,0,0,6416015.34,0,0,6416015.34,0,0,6416015.34,0,0,6416015.34,0,0,6416015.34,0,0,6416015.34
1,2,Pfizer,2021-04-19,COVCANCER,0,0,0,0,0,0,0,0,0,0,0,0,0,0,0,0,0,0,0,0,0,0,0,0,0,0,0,0,0,0,0,0,0,0,0,0,0,1,0,0,0,0,0,0,0,0,0,0,0,0,4646080.07,0,0,4646080.07,0,0,4646080.07,0,0,4646080.07,0,0,6124378.28,0,0,6124378.28,0,0,4646080.07,0,0,4646080.07,0,0,4646080.07,0,0,4646080.07,0,0,4646080.07,0,0,4646080.07,0,0,4646080.07,0,0,4646080.07,0,0,4646080.07,0,0,4646080.07,0,0,4646080.07,0,0,4646080.07,0,0,4646080.07,0,0,4646080.07,0,0,4646080.07,0,0,4646080.07,0,0,4646080.07,0,0,4646080.07,0,0,4646080.07,0,0,4646080.07,0,0,4646080.07,0,0,4646080.07,0,0,4646080.07,0,0,4646080.07,0,0,4646080.07,0,0,4646080.07,0,0,4646080.07,0,0,4646080.07,0,0,4646080.07,0,0,4646080.07,0,0,4646080.07,0,0,4646080.07,0,0,4646080.07,0,0,4646080.07,9131250,231183.23,50876068.71,0,0,4646080.07,0,0,4646080.07,0,0,4646080.07,0,0,4646080.07,0,0,4646080.07,0,0,4646080.07,0,0,4646080.07
0,0,0,2020-01-06,COVCOPD,0,0,0,0,0,0,0,0,0,0,0,0,0,0,0,0,0,0,0,0,0,0,0,0,0,0,0,0,0,0,0,0,0,0,0,0,0,1,0,0,0,0,0,0,0,0,0,0,0,0,107445.23,0,0,107445.23,0,0,107445.23,0,0,110530.21,0,0,111168.58,0,0,111814.38,0,0,107445.23,0,0,108658.32,0,0,107445.23,0,0,107445.23,0,0,107445.23,0,0,107445.23,0,0,107445.23,0,0,107445.23,0,0,107445.23,0,0,107445.23,0,0,108048.37,0,0,108048.37,0,0,107445.23,0,0,107445.23,0,0,107445.23,0,0,107445.23,0,0,107445.23,0,0,107445.23,0,0,107445.23,0,0,107445.23,0,0,107445.23,0,0,107445.23,0,0,107445.23,0,0,107445.23,0,0,107445.23,0,0,107445.23,0,0,107445.23,0,0,107445.23,0,0,107445.23,0,0,107445.23,0,0,107445.23,0,0,107445.23,0,0,107445.23,0,0,107445.23,45036.99,1140.24,250930.06,0,0,107445.23,0,0,107445.23,0,0,107445.23,0,0,107445.23,0,0,107445.23,0,0,107445.23,0,0,107445.23
0,0,0,2020-01-13,COVCOPD,0,0,0,0,0,0,0,0,0,0,0,0,0,0,0,0,1,1,0,0,0,0,0,0,0,0,0,0,0,0,0,0,0,0,0,0,0,0,0,0,0,0,0,0,0,0,0,0,0,0,107616.87,0,0,107616.87,0,0,107616.87,0,0,110711.85,0,0,111352.33,0,0,112000.27,0,0,107616.87,0,0,108833.86,0,0,107616.87,0,0,107616.87,0,0,107616.87,0,0,107616.87,0,0,107616.87,0,0,107616.87,0,0,107616.87,0,0,107616.87,29360.93,743.35,163588.65,29360.93,743.35,163588.65,0,0,107616.87,0,0,107616.87,0,0,107616.87,0,0,107616.87,0,0,107616.87,0,0,107616.87,0,0,107616.87,0,0,107616.87,0,0,107616.87,0,0,107616.87,0,0,107616.87,0,0,107616.87,0,0,107616.87,0,0,107616.87,0,0,107616.87,0,0,107616.87,0,0,107616.87,0,0,107616.87,0,0,107616.87,0,0,107616.87,0,0,107616.87,0,0,107616.87,0,0,167582.49,0,0,107616.87,0,0,107616.87,0,0,107616.87,0,0,107616.87,0,0,107616.87,0,0,107616.87,0,0,107616.87
0,0,0,2020-01-20,COVCOPD,0,0,0,0,0,0,0,0,0,0,0,0,0,0,0,0,0,0,0,0,0,0,0,0,0,0,0,0,0,0,0,0,0,0,0,0,0,0,0,0,0,0,0,0,0,0,0,0,0,0,108135.09,0,0,108135.09,0,0,108135.09,0,0,111260.38,0,0,111907.24,0,0,112561.67,0,0,108135.09,0,0,109363.9,0,0,108135.09,0,0,108135.09,0,0,108135.09,0,0,108135.09,0,0,108135.09,0,0,108135.09,0,0,108135.09,0,0,108135.09,0,0,109363.9,0,0,109363.9,0,0,108135.09,0,0,108135.09,0,0,108135.09,0,0,108135.09,0,0,108135.09,0,0,108135.09,0,0,108135.09,0,0,108135.09,0,0,108135.09,0,0,108135.09,0,0,108135.09,0,0,108135.09,0,0,108135.09,0,0,108135.09,0,0,108135.09,0,0,108135.09,0,0,108135.09,0,0,108135.09,0,0,108135.09,0,0,108135.09,0,0,108135.09,0,0,108135.09,0,0,168842.51,0,0,108135.09,0,0,108135.09,0,0,108135.09,0,0,108135.09,0,0,108135.09,0,0,108135.09,0,0,108135.09
0,0,0,2020-01-27,COVCOPD,0,0,0,0,0,0,0,0,0,0,0,0,0,0,0,0,0,0,0,0,0,0,0,0,0,0,0,0,0,0,0,0,0,0,0,0,0,1,0,0,0,0,0,0,0,0,0,0,0,0,108135.09,0,0,108135.09,0,0,108135.09,0,0,111260.38,0,0,111907.24,0,0,112561.67,0,0,108135.09,0,0,109363.9,0,0,108135.09,0,0,108135.09,0,0,108135.09,0,0,108135.09,0,0,108135.09,0,0,108135.09,0,0,108135.09,0,0,108135.09,0,0,109363.9,0,0,109363.9,0,0,108135.09,0,0,108135.09,0,0,108135.09,0,0,108135.09,0,0,108135.09,0,0,108135.09,0,0,108135.09,0,0,108135.09,0,0,108135.09,0,0,108135.09,0,0,108135.09,0,0,108135.09,0,0,108135.09,0,0,108135.09,0,0,108135.09,0,0,108135.09,0,0,108135.09,0,0,108135.09,0,0,108135.09,0,0,108135.09,0,0,108135.09,0,0,108135.09,45943.4,1163.19,255980.22,0,0,108135.09,0,0,108135.09,0,0,108135.09,0,0,108135.09,0,0,108135.09,0,0,108135.09,0,0,108135.09
0,0,0,2020-02-03,COVCOPD,0,0,0,0,0,0,0,0,0,0,0,0,0,0,0,0,0,0,0,0,0,0,0,0,0,0,0,0,0,0,0,0,0,0,0,0,0,1,0,0,0,0,0,0,0,0,0,0,0,0,108135.09,0,0,108135.09,0,0,108135.09,0,0,111260.38,0,0,111907.24,0,0,112561.67,0,0,108135.09,0,0,109363.9,0,0,108135.09,0,0,108135.09,0,0,108135.09,0,0,108135.09,0,0,108135.09,0,0,108135.09,0,0,108135.09,0,0,108135.09,0,0,109363.9,0,0,109363.9,0,0,108135.09,0,0,108135.09,0,0,108135.09,0,0,108135.09,0,0,108135.09,0,0,108135.09,0,0,108135.09,0,0,108135.09,0,0,108135.09,0,0,108135.09,0,0,108135.09,0,0,108135.09,0,0,108135.09,0,0,108135.09,0,0,108135.09,0,0,108135.09,0,0,108135.09,0,0,108135.09,0,0,108135.09,0,0,108135.09,0,0,108135.09,0,0,108135.09,46175.73,1169.07,257274.68,0,0,108135.09,0,0,108135.09,0,0,108135.09,0,0,108135.09,0,0,108135.09,0,0,108135.09,0,0,108135.09
0,0,0,2020-02-10,COVCOPD,0,0,0,1,0,0,0,0,0,0,0,0,0,0,0,0,0,0,0,0,0,0,0,0,0,0,0,0,0,0,0,0,0,0,0,0,0,1,0,0,0,0,0,0,0,0,0,0,0,0,108658.32,0,0,108658.32,0,0,108658.32,30437.5,770.61,169586.9,0,0,112467.71,0,0,113128.73,0,0,108658.32,0,0,109899.12,0,0,108658.32,0,0,108658.32,0,0,108658.32,0,0,108658.32,0,0,108658.32,0,0,108658.32,0,0,108658.32,0,0,108658.32,0,0,109899.12,0,0,109899.12,0,0,108658.32,0,0,108658.32,0,0,108658.32,0,0,108658.32,0,0,108658.32,0,0,108658.32,0,0,108658.32,0,0,108658.32,0,0,108658.32,0,0,108658.32,0,0,108658.32,0,0,108658.32,0,0,108658.32,0,0,108658.32,0,0,108658.32,0,0,108658.32,0,0,108658.32,0,0,108658.32,0,0,108658.32,0,0,108658.32,0,0,108658.32,0,0,108658.32,46766.97,1184.04,260568.85,0,0,108658.32,0,0,108658.32,0,0,108658.32,0,0,108658.32,0,0,108658.32,0,0,108658.32,0,0,108658.32
0,0,0,2020-02-17,COVCOPD,0,0,0,0,0,0,0,0,0,0,0,0,0,0,0,0,0,1,0,0,0,0,0,0,0,0,0,0,0,0,0,0,0,0,0,0,0,1,0,0,0,0,0,0,0,0,0,0,0,0,108746.02,0,0,108746.02,0,0,108746.02,0,0,112561.67,0,0,112561.67,0,0,113223.8,0,0,108746.02,0,0,109988.83,0,0,108746.02,0,0,108746.02,0,0,108746.02,0,0,108746.02,0,0,108746.02,0,0,108746.02,0,0,108746.02,0,0,108746.02,0,0,109988.83,29914,757.36,166670.17,0,0,108746.02,0,0,108746.02,0,0,108746.02,0,0,108746.02,0,0,108746.02,0,0,108746.02,0,0,108746.02,0,0,108746.02,0,0,108746.02,0,0,108746.02,0,0,108746.02,0,0,108746.02,0,0,108746.02,0,0,108746.02,0,0,108746.02,0,0,108746.02,0,0,108746.02,0,0,108746.02,0,0,108746.02,0,0,108746.02,0,0,108746.02,0,0,108746.02,47189.92,1194.75,262925.42,0,0,108746.02,0,0,108746.02,0,0,108746.02,0,0,108746.02,0,0,108746.02,0,0,108746.02,0,0,108746.02
0,0,0,2020-02-24,COVCOPD,0,0,0,0,0,0,0,0,0,0,0,0,0,0,0,0,0,0,0,0,0,0,0,0,0,0,0,0,0,0,0,0,0,0,0,0,0,0,0,0,0,0,0,0,0,0,0,0,0,0,108746.02,0,0,108746.02,0,0,108746.02,0,0,112561.67,0,0,112561.67,0,0,113223.8,0,0,108746.02,0,0,109988.83,0,0,108746.02,0,0,108746.02,0,0,108746.02,0,0,108746.02,0,0,108746.02,0,0,108746.02,0,0,108746.02,0,0,108746.02,0,0,109988.83,0,0,110620.95,0,0,108746.02,0,0,108746.02,0,0,108746.02,0,0,108746.02,0,0,108746.02,0,0,108746.02,0,0,108746.02,0,0,108746.02,0,0,108746.02,0,0,108746.02,0,0,108746.02,0,0,108746.02,0,0,108746.02,0,0,108746.02,0,0,108746.02,0,0,108746.02,0,0,108746.02,0,0,108746.02,0,0,108746.02,0,0,108746.02,0,0,108746.02,0,0,108746.02,0,0,174982.24,0,0,108746.02,0,0,108746.02,0,0,108746.02,0,0,108746.02,0,0,108746.02,0,0,108746.02,0,0,108746.02
0,0,0,2020-03-02,COVCOPD,0,0,0,0,0,0,0,0,0,0,0,0,0,0,0,0,0,0,0,0,0,0,0,0,0,0,0,0,0,0,0,0,0,0,0,0,0,0,0,0,0,0,0,0,0,0,0,0,0,0,108746.02,0,0,108746.02,0,0,108746.02,0,0,112561.67,0,0,112561.67,0,0,113223.8,0,0,108746.02,0,0,109988.83,0,0,108746.02,0,0,108746.02,0,0,108746.02,0,0,108746.02,0,0,108746.02,0,0,108746.02,0,0,108746.02,0,0,108746.02,0,0,109988.83,0,0,110620.95,0,0,108746.02,0,0,108746.02,0,0,108746.02,0,0,108746.02,0,0,108746.02,0,0,108746.02,0,0,108746.02,0,0,108746.02,0,0,108746.02,0,0,108746.02,0,0,108746.02,0,0,108746.02,0,0,108746.02,0,0,108746.02,0,0,108746.02,0,0,108746.02,0,0,108746.02,0,0,108746.02,0,0,108746.02,0,0,108746.02,0,0,108746.02,0,0,108746.02,0,0,174982.24,0,0,108746.02,0,0,108746.02,0,0,108746.02,0,0,108746.02,0,0,108746.02,0,0,108746.02,0,0,108746.02
0,0,0,2020-03-09,COVCOPD,0,0,0,0,0,0,0,0,0,0,0,0,0,0,0,0,0,0,0,0,0,0,0,0,0,0,0,0,0,0,0,0,0,0,0,0,0,0,0,0,0,0,0,0,0,0,0,0,0,0,108746.02,0,0,108746.02,0,0,108746.02,0,0,112561.67,0,0,112561.67,0,0,113223.8,0,0,108746.02,0,0,109988.83,0,0,108746.02,0,0,108746.02,0,0,108746.02,0,0,108746.02,0,0,108746.02,0,0,108746.02,0,0,108746.02,0,0,108746.02,0,0,109988.83,0,0,110620.95,0,0,108746.02,0,0,108746.02,0,0,108746.02,0,0,108746.02,0,0,108746.02,0,0,108746.02,0,0,108746.02,0,0,108746.02,0,0,108746.02,0,0,108746.02,0,0,108746.02,0,0,108746.02,0,0,108746.02,0,0,108746.02,0,0,108746.02,0,0,108746.02,0,0,108746.02,0,0,108746.02,0,0,108746.02,0,0,108746.02,0,0,108746.02,0,0,108746.02,0,0,174982.24,0,0,108746.02,0,0,108746.02,0,0,108746.02,0,0,108746.02,0,0,108746.02,0,0,108746.02,0,0,108746.02
0,0,0,2020-03-16,COVCOPD,0,0,0,0,0,0,0,0,0,0,0,0,0,0,0,0,0,0,0,0,0,0,0,0,0,0,0,0,0,0,0,0,0,0,0,0,0,0,0,0,0,0,0,0,0,0,0,0,0,0,108746.02,0,0,108746.02,0,0,108746.02,0,0,112561.67,0,0,112561.67,0,0,113223.8,0,0,108746.02,0,0,109988.83,0,0,108746.02,0,0,108746.02,0,0,108746.02,0,0,108746.02,0,0,108746.02,0,0,108746.02,0,0,108746.02,0,0,108746.02,0,0,109988.83,0,0,110620.95,0,0,108746.02,0,0,108746.02,0,0,108746.02,0,0,108746.02,0,0,108746.02,0,0,108746.02,0,0,108746.02,0,0,108746.02,0,0,108746.02,0,0,108746.02,0,0,108746.02,0,0,108746.02,0,0,108746.02,0,0,108746.02,0,0,108746.02,0,0,108746.02,0,0,108746.02,0,0,108746.02,0,0,108746.02,0,0,108746.02,0,0,108746.02,0,0,108746.02,0,0,174982.24,0,0,108746.02,0,0,108746.02,0,0,108746.02,0,0,108746.02,0,0,108746.02,0,0,108746.02,0,0,108746.02
0,0,0,2020-03-23,COVCOPD,0,0,0,0,0,0,0,0,0,0,0,0,0,0,0,0,0,0,0,0,0,0,0,0,0,0,0,0,0,0,0,0,0,0,0,0,0,0,0,0,1,0,0,0,0,0,0,0,0,0,109186.65,0,0,109186.65,0,0,109186.65,0,0,112939.08,0,0,112939.08,0,0,113605.67,0,0,109186.65,0,0,110439.61,0,0,109186.65,0,0,109186.65,0,0,109186.65,0,0,109186.65,0,0,109186.65,0,0,109186.65,0,0,109186.65,0,0,109186.65,0,0,110439.61,0,0,111076.93,0,0,109186.65,0,0,109186.65,0,0,109186.65,0,0,109186.65,0,0,109186.65,0,0,109186.65,0,0,109186.65,0,0,109186.65,0,0,109186.65,0,0,109186.65,0,0,109186.65,0,0,109186.65,0,0,109186.65,0,0,109186.65,0,0,109186.65,0,0,109186.65,0,0,109186.65,0,0,109186.65,0,0,109186.65,0,0,109186.65,0,0,109186.65,0,0,109186.65,0,0,174982.24,0,0,109186.65,0,0,109186.65,29598.87,749.38,164914.32,0,0,109186.65,0,0,109186.65,0,0,109186.65,0,0,109186.65
0,0,0,2020-03-30,COVCOPD,0,0,1,1,0,0,0,1,0,0,0,0,0,0,0,0,0,0,0,0,0,0,0,0,0,0,0,0,0,0,0,0,0,0,0,0,0,1,0,0,0,0,0,0,0,0,0,0,0,0,110530.21,0,0,110530.21,30061.73,761.1,167493.23,30953.39,783.67,172461.25,0,0,113797.57,0,0,114474.36,0,0,110530.21,30412.16,769.97,169445.69,0,0,110530.21,0,0,110530.21,0,0,110530.21,0,0,110530.21,0,0,110530.21,0,0,110530.21,0,0,110530.21,0,0,110530.21,0,0,111814.38,0,0,112467.71,0,0,110530.21,0,0,110530.21,0,0,110530.21,0,0,110530.21,0,0,110530.21,0,0,110530.21,0,0,110530.21,0,0,110530.21,0,0,110530.21,0,0,110530.21,0,0,110530.21,0,0,110530.21,0,0,110530.21,0,0,110530.21,0,0,110530.21,0,0,110530.21,0,0,110530.21,0,0,110530.21,0,0,110530.21,0,0,110530.21,0,0,110530.21,0,0,110530.21,47807.59,1210.38,266366.85,0,0,110530.21,0,0,110530.21,0,0,110530.21,0,0,110530.21,0,0,110530.21,0,0,110530.21,0,0,110530.21
0,0,0,2020-04-06,COVCOPD,0,0,0,0,0,0,0,0,0,0,0,0,0,0,0,0,0,0,0,0,0,0,0,0,0,0,0,0,0,0,0,0,0,0,0,0,0,0,0,0,0,0,0,0,0,0,0,0,0,0,110620.95,0,0,110620.95,0,0,111260.38,0,0,114571.7,0,0,113893.76,0,0,114571.7,0,0,110620.95,0,0,112561.67,0,0,110620.95,0,0,110620.95,0,0,110620.95,0,0,110620.95,0,0,110620.95,0,0,110620.95,0,0,110620.95,0,0,110620.95,0,0,111907.24,0,0,112561.67,0,0,110620.95,0,0,110620.95,0,0,110620.95,0,0,110620.95,0,0,110620.95,0,0,110620.95,0,0,110620.95,0,0,110620.95,0,0,110620.95,0,0,110620.95,0,0,110620.95,0,0,110620.95,0,0,110620.95,0,0,110620.95,0,0,110620.95,0,0,110620.95,0,0,110620.95,0,0,110620.95,0,0,110620.95,0,0,110620.95,0,0,110620.95,0,0,110620.95,0,0,178222.65,0,0,110620.95,0,0,110620.95,0,0,110620.95,0,0,110620.95,0,0,110620.95,0,0,110620.95,0,0,110620.95
0,0,0,2020-04-13,COVCOPD,0,0,0,0,0,0,0,0,0,0,0,0,0,0,0,0,0,0,0,0,0,0,0,0,0,0,0,0,0,0,0,0,0,0,0,0,0,0,0,0,0,0,0,0,0,0,0,0,0,0,110620.95,0,0,110620.95,0,0,111260.38,0,0,114571.7,0,0,113893.76,0,0,114571.7,0,0,110620.95,0,0,112561.67,0,0,110620.95,0,0,110620.95,0,0,110620.95,0,0,110620.95,0,0,110620.95,0,0,110620.95,0,0,110620.95,0,0,110620.95,0,0,111907.24,0,0,112561.67,0,0,110620.95,0,0,110620.95,0,0,110620.95,0,0,110620.95,0,0,110620.95,0,0,110620.95,0,0,110620.95,0,0,110620.95,0,0,110620.95,0,0,110620.95,0,0,110620.95,0,0,110620.95,0,0,110620.95,0,0,110620.95,0,0,110620.95,0,0,110620.95,0,0,110620.95,0,0,110620.95,0,0,110620.95,0,0,110620.95,0,0,110620.95,0,0,110620.95,0,0,178222.65,0,0,110620.95,0,0,110620.95,0,0,110620.95,0,0,110620.95,0,0,110620.95,0,0,110620.95,0,0,110620.95
0,0,0,2020-04-20,COVCOPD,0,0,0,0,0,0,0,0,0,0,0,0,0,0,0,0,0,0,0,0,0,0,0,0,0,0,0,0,0,0,0,0,0,0,0,0,0,0,0,0,0,0,0,0,0,0,0,0,0,0,110620.95,0,0,110620.95,0,0,111260.38,0,0,114571.7,0,0,113893.76,0,0,114571.7,0,0,110620.95,0,0,112561.67,0,0,110620.95,0,0,110620.95,0,0,110620.95,0,0,110620.95,0,0,110620.95,0,0,110620.95,0,0,110620.95,0,0,110620.95,0,0,111907.24,0,0,112561.67,0,0,110620.95,0,0,110620.95,0,0,110620.95,0,0,110620.95,0,0,110620.95,0,0,110620.95,0,0,110620.95,0,0,110620.95,0,0,110620.95,0,0,110620.95,0,0,110620.95,0,0,110620.95,0,0,110620.95,0,0,110620.95,0,0,110620.95,0,0,110620.95,0,0,110620.95,0,0,110620.95,0,0,110620.95,0,0,110620.95,0,0,110620.95,0,0,110620.95,0,0,178222.65,0,0,110620.95,0,0,110620.95,0,0,110620.95,0,0,110620.95,0,0,110620.95,0,0,110620.95,0,0,110620.95
0,0,0,2020-04-27,COVCOPD,0,0,0,0,0,0,0,0,0,0,0,0,0,0,0,0,0,0,0,0,0,0,0,0,0,0,0,0,0,0,0,0,0,0,0,0,0,0,0,0,0,0,0,0,0,0,0,0,0,0,110620.95,0,0,110620.95,0,0,111260.38,0,0,114571.7,0,0,113893.76,0,0,114571.7,0,0,110620.95,0,0,112561.67,0,0,110620.95,0,0,110620.95,0,0,110620.95,0,0,110620.95,0,0,110620.95,0,0,110620.95,0,0,110620.95,0,0,110620.95,0,0,111907.24,0,0,112561.67,0,0,110620.95,0,0,110620.95,0,0,110620.95,0,0,110620.95,0,0,110620.95,0,0,110620.95,0,0,110620.95,0,0,110620.95,0,0,110620.95,0,0,110620.95,0,0,110620.95,0,0,110620.95,0,0,110620.95,0,0,110620.95,0,0,110620.95,0,0,110620.95,0,0,110620.95,0,0,110620.95,0,0,110620.95,0,0,110620.95,0,0,110620.95,0,0,110620.95,0,0,178222.65,0,0,110620.95,0,0,110620.95,0,0,110620.95,0,0,110620.95,0,0,110620.95,0,0,110620.95,0,0,110620.95
0,0,0,2020-05-04,COVCOPD,0,0,0,0,0,0,0,0,0,0,0,0,0,0,0,0,0,0,0,0,0,0,0,0,0,0,0,0,0,0,0,0,0,0,0,0,0,0,0,0,0,0,0,0,0,0,0,0,0,0,110620.95,0,0,110620.95,0,0,111260.38,0,0,114571.7,0,0,113893.76,0,0,114571.7,0,0,110620.95,0,0,112561.67,0,0,110620.95,0,0,110620.95,0,0,110620.95,0,0,110620.95,0,0,110620.95,0,0,110620.95,0,0,110620.95,0,0,110620.95,0,0,111907.24,0,0,112561.67,0,0,110620.95,0,0,110620.95,0,0,110620.95,0,0,110620.95,0,0,110620.95,0,0,110620.95,0,0,110620.95,0,0,110620.95,0,0,110620.95,0,0,110620.95,0,0,110620.95,0,0,110620.95,0,0,110620.95,0,0,110620.95,0,0,110620.95,0,0,110620.95,0,0,110620.95,0,0,110620.95,0,0,110620.95,0,0,110620.95,0,0,110620.95,0,0,110620.95,0,0,178222.65,0,0,110620.95,0,0,110620.95,0,0,110620.95,0,0,110620.95,0,0,110620.95,0,0,110620.95,0,0,110620.95
0,0,0,2020-05-11,COVCOPD,0,0,0,0,0,0,0,0,0,0,0,0,0,0,0,0,0,0,0,0,0,0,0,0,0,0,0,0,0,0,0,0,0,0,0,0,0,0,0,0,0,0,0,0,0,0,0,0,0,0,110802.9,0,0,110802.9,0,0,111444.44,0,0,114766.88,0,0,114086.64,0,0,114766.88,0,0,110802.9,0,0,112750.06,0,0,110802.9,0,0,110802.9,0,0,110802.9,0,0,110802.9,0,0,110802.9,0,0,110802.9,0,0,110802.9,0,0,110802.9,0,0,112093.45,0,0,112750.06,0,0,110802.9,0,0,110802.9,0,0,110802.9,0,0,110802.9,0,0,110802.9,0,0,110802.9,0,0,110802.9,0,0,110802.9,0,0,110802.9,0,0,110802.9,0,0,110802.9,0,0,110802.9,0,0,110802.9,0,0,110802.9,0,0,110802.9,0,0,110802.9,0,0,110802.9,0,0,110802.9,0,0,110802.9,0,0,110802.9,0,0,110802.9,0,0,110802.9,0,0,178222.65,0,0,110802.9,0,0,110802.9,0,0,110802.9,0,0,110802.9,0,0,110802.9,0,0,110802.9,0,0,110802.9
0,0,0,2020-05-18,COVCOPD,0,0,0,0,0,0,0,0,0,0,0,0,0,0,0,0,1,1,0,0,0,0,0,0,0,0,0,0,0,0,0,0,0,0,0,0,0,0,0,0,0,0,0,0,0,0,0,0,0,0,111260.38,0,0,111260.38,0,0,111907.24,0,0,115257.76,0,0,114571.7,0,0,115257.76,0,0,111260.38,0,0,113223.8,0,0,111260.38,0,0,111260.38,0,0,111260.38,0,0,111260.38,0,0,111260.38,0,0,111260.38,0,0,111260.38,0,0,111260.38,30539.3,773.19,170154.08,30719.09,777.74,171155.82,0,0,111260.38,0,0,111260.38,0,0,111260.38,0,0,111260.38,0,0,111260.38,0,0,111260.38,0,0,111260.38,0,0,111260.38,0,0,111260.38,0,0,111260.38,0,0,111260.38,0,0,111260.38,0,0,111260.38,0,0,111260.38,0,0,111260.38,0,0,111260.38,0,0,111260.38,0,0,111260.38,0,0,111260.38,0,0,111260.38,0,0,111260.38,0,0,111260.38,0,0,178222.65,0,0,111260.38,0,0,111260.38,0,0,111260.38,0,0,111260.38,0,0,111260.38,0,0,111260.38,0,0,111260.38
0,0,0,2020-05-25,COVCOPD,0,0,0,0,0,0,0,0,1,1,0,0,0,0,0,0,0,0,0,0,0,0,0,0,0,0,0,0,0,0,1,1,0,0,0,0,0,0,0,0,0,0,1,1,0,0,0,0,0,0,111260.38,0,0,111260.38,0,0,111907.24,0,0,115257.76,0,0,114571.7,0,0,115257.76,0,0,111260.38,0,0,113223.8,30286.07,766.78,168743.18,30286.07,766.78,168743.18,0,0,111260.38,0,0,111260.38,0,0,111260.38,0,0,111260.38,0,0,111260.38,0,0,111260.38,0,0,113223.8,0,0,113893.76,0,0,111260.38,0,0,111260.38,0,0,111260.38,0,0,111260.38,0,0,111260.38,0,0,111260.38,0,0,111260.38,0,0,111260.38,0,0,111260.38,0,0,111260.38,0,0,111260.38,0,0,111260.38,0,0,111260.38,0,0,111260.38,0,0,111260.38,30286.07,766.78,168743.18,30286.07,766.78,168743.18,0,0,111260.38,0,0,111260.38,0,0,111260.38,0,0,111260.38,0,0,111260.38,0,0,178222.65,0,0,111260.38,0,0,111260.38,0,0,111260.38,0,0,111260.38,30286.07,766.78,168743.18,30286.07,766.78,168743.18,0,0,111260.38
0,0,0,2020-06-01,COVCOPD,0,0,0,0,0,0,0,0,0,0,0,0,0,0,0,0,0,0,0,0,0,0,0,0,0,0,0,0,0,0,0,0,0,0,0,0,0,0,0,0,0,0,0,0,0,0,0,0,0,0,111260.38,0,0,111260.38,0,0,111907.24,0,0,115257.76,0,0,114571.7,0,0,115257.76,0,0,111260.38,0,0,113223.8,0,0,111907.24,0,0,111907.24,0,0,111260.38,0,0,111260.38,0,0,111260.38,0,0,111260.38,0,0,111260.38,0,0,111260.38,0,0,113223.8,0,0,113893.76,0,0,111260.38,0,0,111260.38,0,0,111260.38,0,0,111260.38,0,0,111260.38,0,0,111260.38,0,0,111260.38,0,0,111260.38,0,0,111260.38,0,0,111260.38,0,0,111260.38,0,0,111260.38,0,0,111260.38,0,0,111260.38,0,0,111260.38,0,0,111907.24,0,0,111907.24,0,0,111260.38,0,0,111260.38,0,0,111260.38,0,0,111260.38,0,0,111260.38,0,0,178222.65,0,0,111260.38,0,0,111260.38,0,0,111260.38,0,0,111260.38,0,0,111907.24,0,0,111907.24,0,0,111260.38
0,0,0,2020-06-08,COVCOPD,0,0,0,0,0,1,0,0,0,0,0,0,0,0,0,0,0,1,0,0,0,0,0,0,0,0,0,0,0,0,0,0,0,0,0,0,0,0,0,0,0,0,0,0,0,0,0,0,0,0,111260.38,0,0,111260.38,0,0,111907.24,0,0,115257.76,0,0,114571.7,31405.85,795.13,174982.18,0,0,111260.38,0,0,113223.8,0,0,111907.24,0,0,111907.24,0,0,111260.38,0,0,111260.38,0,0,111260.38,0,0,111260.38,0,0,111260.38,0,0,111260.38,0,0,113223.8,31032.29,785.67,172900.83,0,0,111260.38,0,0,111260.38,0,0,111260.38,0,0,111260.38,0,0,111260.38,0,0,111260.38,0,0,111260.38,0,0,111260.38,0,0,111260.38,0,0,111260.38,0,0,111260.38,0,0,111260.38,0,0,111260.38,0,0,111260.38,0,0,111260.38,0,0,111907.24,0,0,111907.24,0,0,111260.38,0,0,111260.38,0,0,111260.38,0,0,111260.38,0,0,111260.38,0,0,178222.65,0,0,111260.38,0,0,111260.38,0,0,111260.38,0,0,111260.38,0,0,111907.24,0,0,111907.24,0,0,111260.38
0,0,0,2020-06-15,COVCOPD,0,0,0,0,0,0,0,0,0,0,0,0,0,0,0,0,0,0,0,0,0,0,0,0,0,0,0,0,0,0,0,0,0,0,0,0,0,0,0,0,0,0,0,0,0,0,0,0,0,0,111260.38,0,0,111260.38,0,0,111907.24,0,0,115257.76,0,0,114571.7,0,0,115952.08,0,0,111260.38,0,0,113223.8,0,0,111907.24,0,0,111907.24,0,0,111260.38,0,0,111260.38,0,0,111260.38,0,0,111260.38,0,0,111260.38,0,0,111260.38,0,0,113223.8,0,0,114571.7,0,0,111260.38,0,0,111260.38,0,0,111260.38,0,0,111260.38,0,0,111260.38,0,0,111260.38,0,0,111260.38,0,0,111260.38,0,0,111260.38,0,0,111260.38,0,0,111260.38,0,0,111260.38,0,0,111260.38,0,0,111260.38,0,0,111260.38,0,0,111907.24,0,0,111907.24,0,0,111260.38,0,0,111260.38,0,0,111260.38,0,0,111260.38,0,0,111260.38,0,0,178222.65,0,0,111260.38,0,0,111260.38,0,0,111260.38,0,0,111260.38,0,0,111907.24,0,0,111907.24,0,0,111260.38
0,0,0,2020-06-22,COVCOPD,0,0,0,1,0,0,0,0,1,1,0,0,0,0,0,0,0,0,0,0,0,0,0,0,0,0,0,0,0,0,0,0,0,0,0,0,0,0,0,0,0,0,0,0,0,0,0,0,0,0,111260.38,0,0,111260.38,0,0,111907.24,31244.65,791.05,174084.07,0,0,114571.7,0,0,115952.08,0,0,111260.38,0,0,113223.8,30336.38,768.05,169023.48,30336.38,768.05,169023.48,0,0,111260.38,0,0,111260.38,0,0,111260.38,0,0,111260.38,0,0,111260.38,0,0,111260.38,0,0,113223.8,0,0,114571.7,0,0,111260.38,0,0,111260.38,0,0,111260.38,0,0,111260.38,0,0,111260.38,0,0,111260.38,0,0,111260.38,0,0,111260.38,0,0,111260.38,0,0,111260.38,0,0,111260.38,0,0,111260.38,0,0,111260.38,0,0,111260.38,0,0,111260.38,0,0,111907.24,0,0,111907.24,0,0,111260.38,0,0,111260.38,0,0,111260.38,0,0,111260.38,0,0,111260.38,0,0,178222.65,0,0,111260.38,0,0,111260.38,0,0,111260.38,0,0,111260.38,0,0,111907.24,0,0,111907.24,0,0,111260.38
0,0,0,2020-06-29,COVCOPD,0,0,0,0,0,0,0,0,0,0,0,0,0,0,0,0,0,0,0,0,0,0,0,0,0,0,0,0,0,0,0,0,0,0,0,0,0,0,0,0,0,0,0,0,0,0,0,0,0,0,111260.38,0,0,111260.38,0,0,111907.24,0,0,115952.08,0,0,114571.7,0,0,115952.08,0,0,111260.38,0,0,113223.8,0,0,112561.67,0,0,112561.67,0,0,111260.38,0,0,111260.38,0,0,111260.38,0,0,111260.38,0,0,111260.38,0,0,111260.38,0,0,113223.8,0,0,114571.7,0,0,111260.38,0,0,111260.38,0,0,111260.38,0,0,111260.38,0,0,111260.38,0,0,111260.38,0,0,111260.38,0,0,111260.38,0,0,111260.38,0,0,111260.38,0,0,111260.38,0,0,111260.38,0,0,111260.38,0,0,111260.38,0,0,111260.38,0,0,111907.24,0,0,111907.24,0,0,111260.38,0,0,111260.38,0,0,111260.38,0,0,111260.38,0,0,111260.38,0,0,178222.65,0,0,111260.38,0,0,111260.38,0,0,111260.38,0,0,111260.38,0,0,111907.24,0,0,111907.24,0,0,111260.38
0,0,0,2020-07-06,COVCOPD,0,0,0,0,0,0,0,0,0,0,0,0,0,0,0,0,0,0,0,0,0,0,0,0,0,0,0,0,0,0,0,0,0,0,0,0,0,0,0,0,0,0,0,0,0,0,0,0,0,0,111629.1,0,0,111629.1,0,0,112280.27,0,0,116352.61,0,0,114962.73,0,0,116352.61,0,0,111629.1,0,0,113605.67,0,0,112939.08,0,0,112939.08,0,0,111629.1,0,0,111629.1,0,0,111629.1,0,0,111629.1,0,0,111629.1,0,0,111629.1,0,0,113605.67,0,0,114962.73,0,0,111629.1,0,0,111629.1,0,0,111629.1,0,0,111629.1,0,0,111629.1,0,0,111629.1,0,0,111629.1,0,0,111629.1,0,0,111629.1,0,0,111629.1,0,0,111629.1,0,0,111629.1,0,0,111629.1,0,0,111629.1,0,0,111629.1,0,0,112280.27,0,0,112280.27,0,0,111629.1,0,0,111629.1,0,0,111629.1,0,0,111629.1,0,0,111629.1,0,0,178222.65,0,0,111629.1,0,0,111629.1,0,0,111629.1,0,0,111629.1,0,0,112280.27,0,0,112280.27,0,0,111629.1
0,0,0,2020-07-13,COVCOPD,0,0,0,0,0,0,0,0,0,0,0,0,0,0,0,0,1,1,0,0,0,0,0,0,0,0,0,0,0,0,0,0,0,0,0,0,0,0,0,0,0,0,0,0,0,0,0,0,0,0,111907.24,0,0,111907.24,0,0,112561.67,0,0,116654.82,0,0,115257.76,0,0,116654.82,0,0,111907.24,0,0,113893.76,0,0,113223.8,0,0,113223.8,0,0,111907.24,0,0,111907.24,0,0,111907.24,0,0,111907.24,0,0,111907.24,0,0,111907.24,30901.02,782.35,172169.44,31271.4,791.72,174233.11,0,0,111907.24,0,0,111907.24,0,0,111907.24,0,0,111907.24,0,0,111907.24,0,0,111907.24,0,0,111907.24,0,0,111907.24,0,0,111907.24,0,0,111907.24,0,0,111907.24,0,0,111907.24,0,0,111907.24,0,0,111907.24,0,0,111907.24,0,0,112561.67,0,0,112561.67,0,0,111907.24,0,0,111907.24,0,0,111907.24,0,0,111907.24,0,0,111907.24,0,0,178222.65,0,0,111907.24,0,0,111907.24,0,0,111907.24,0,0,111907.24,0,0,112561.67,0,0,112561.67,0,0,111907.24
0,0,0,2020-07-20,COVCOPD,0,0,0,0,0,0,0,0,0,0,0,0,0,0,0,0,0,0,0,0,0,0,0,0,0,0,0,0,0,0,0,0,0,0,0,0,0,0,0,0,0,0,0,0,0,0,0,0,0,0,111907.24,0,0,111907.24,0,0,112561.67,0,0,116654.82,0,0,115257.76,0,0,116654.82,0,0,111907.24,0,0,113893.76,0,0,113223.8,0,0,113223.8,0,0,111907.24,0,0,111907.24,0,0,111907.24,0,0,111907.24,0,0,111907.24,0,0,111907.24,0,0,114571.7,0,0,115952.08,0,0,111907.24,0,0,111907.24,0,0,111907.24,0,0,111907.24,0,0,111907.24,0,0,111907.24,0,0,111907.24,0,0,111907.24,0,0,111907.24,0,0,111907.24,0,0,111907.24,0,0,111907.24,0,0,111907.24,0,0,111907.24,0,0,111907.24,0,0,112561.67,0,0,112561.67,0,0,111907.24,0,0,111907.24,0,0,111907.24,0,0,111907.24,0,0,111907.24,0,0,178222.65,0,0,111907.24,0,0,111907.24,0,0,111907.24,0,0,111907.24,0,0,112561.67,0,0,112561.67,0,0,111907.24
0,0,0,2020-07-27,COVCOPD,0,0,0,0,0,0,0,0,0,0,0,0,0,0,0,0,0,0,0,0,0,0,0,0,0,0,0,0,0,0,0,0,0,0,0,0,0,0,0,0,0,0,0,0,0,0,0,0,0,0,111907.24,0,0,111907.24,0,0,112561.67,0,0,116654.82,0,0,115257.76,0,0,116654.82,0,0,111907.24,0,0,113893.76,0,0,113223.8,0,0,113223.8,0,0,111907.24,0,0,111907.24,0,0,111907.24,0,0,111907.24,0,0,111907.24,0,0,111907.24,0,0,114571.7,0,0,115952.08,0,0,111907.24,0,0,111907.24,0,0,111907.24,0,0,111907.24,0,0,111907.24,0,0,111907.24,0,0,111907.24,0,0,111907.24,0,0,111907.24,0,0,111907.24,0,0,111907.24,0,0,111907.24,0,0,111907.24,0,0,111907.24,0,0,111907.24,0,0,112561.67,0,0,112561.67,0,0,111907.24,0,0,111907.24,0,0,111907.24,0,0,111907.24,0,0,111907.24,0,0,178222.65,0,0,111907.24,0,0,111907.24,0,0,111907.24,0,0,111907.24,0,0,112561.67,0,0,112561.67,0,0,111907.24
0,0,0,2020-08-03,COVCOPD,0,0,0,0,0,0,0,0,0,0,0,0,0,0,0,0,0,0,0,0,0,0,0,0,0,0,0,0,0,0,0,0,0,0,0,0,0,0,0,0,0,0,0,0,0,0,0,0,0,0,111907.24,0,0,111907.24,0,0,112561.67,0,0,116654.82,0,0,115257.76,0,0,116654.82,0,0,111907.24,0,0,113893.76,0,0,113223.8,0,0,113223.8,0,0,111907.24,0,0,111907.24,0,0,111907.24,0,0,111907.24,0,0,111907.24,0,0,111907.24,0,0,114571.7,0,0,115952.08,0,0,111907.24,0,0,111907.24,0,0,111907.24,0,0,111907.24,0,0,111907.24,0,0,111907.24,0,0,111907.24,0,0,111907.24,0,0,111907.24,0,0,111907.24,0,0,111907.24,0,0,111907.24,0,0,111907.24,0,0,111907.24,0,0,111907.24,0,0,112561.67,0,0,112561.67,0,0,111907.24,0,0,111907.24,0,0,111907.24,0,0,111907.24,0,0,111907.24,0,0,178222.65,0,0,111907.24,0,0,111907.24,0,0,111907.24,0,0,111907.24,0,0,112561.67,0,0,112561.67,0,0,111907.24
0,0,0,2020-08-10,COVCOPD,0,0,0,0,0,0,0,0,0,0,0,0,0,0,0,0,0,0,0,0,0,0,0,0,0,0,0,0,0,0,0,0,0,0,0,0,0,0,0,0,0,0,0,0,0,0,0,0,0,0,111907.24,0,0,111907.24,0,0,112561.67,0,0,116654.82,0,0,115257.76,0,0,116654.82,0,0,111907.24,0,0,113893.76,0,0,113223.8,0,0,113223.8,0,0,111907.24,0,0,111907.24,0,0,111907.24,0,0,111907.24,0,0,111907.24,0,0,111907.24,0,0,114571.7,0,0,115952.08,0,0,111907.24,0,0,111907.24,0,0,111907.24,0,0,111907.24,0,0,111907.24,0,0,111907.24,0,0,111907.24,0,0,111907.24,0,0,111907.24,0,0,111907.24,0,0,111907.24,0,0,111907.24,0,0,111907.24,0,0,111907.24,0,0,111907.24,0,0,112561.67,0,0,112561.67,0,0,111907.24,0,0,111907.24,0,0,111907.24,0,0,111907.24,0,0,111907.24,0,0,178222.65,0,0,111907.24,0,0,111907.24,0,0,111907.24,0,0,111907.24,0,0,112561.67,0,0,112561.67,0,0,111907.24
0,0,0,2020-08-17,COVCOPD,0,0,0,0,0,0,1,1,0,0,0,0,0,0,0,0,0,0,0,0,0,0,0,0,0,0,0,0,0,0,0,0,0,0,0,0,0,0,0,0,0,1,0,1,0,0,0,0,0,0,111907.24,0,0,111907.24,0,0,112561.67,0,0,116654.82,0,0,115257.76,0,0,116654.82,30437.5,770.61,169586.9,30979.64,784.34,172607.53,0,0,113223.8,0,0,113223.8,0,0,111907.24,0,0,111907.24,0,0,111907.24,0,0,111907.24,0,0,111907.24,0,0,111907.24,0,0,114571.7,0,0,115952.08,0,0,111907.24,0,0,111907.24,0,0,111907.24,0,0,111907.24,0,0,111907.24,0,0,111907.24,0,0,111907.24,0,0,111907.24,0,0,111907.24,0,0,111907.24,0,0,111907.24,0,0,111907.24,0,0,111907.24,0,0,111907.24,0,0,111907.24,0,0,112561.67,0,0,112561.67,0,0,111907.24,0,0,111907.24,0,0,111907.24,0,0,111907.24,0,0,111907.24,0,0,178222.65,0,0,111907.24,0,0,111907.24,0,0,111907.24,30437.5,770.61,169586.9,0,0,112561.67,30616.09,775.13,170581.96,0,0,111907.24
0,0,0,2020-08-24,COVCOPD,0,0,0,0,0,0,0,0,0,0,0,0,0,0,0,0,0,0,0,0,0,0,0,0,0,0,0,0,0,0,0,0,0,0,0,0,0,0,0,0,0,0,0,0,0,0,0,0,0,0,111907.24,0,0,111907.24,0,0,112561.67,0,0,116654.82,0,0,115257.76,0,0,116654.82,0,0,112561.67,0,0,114571.7,0,0,113223.8,0,0,113223.8,0,0,111907.24,0,0,111907.24,0,0,111907.24,0,0,111907.24,0,0,111907.24,0,0,111907.24,0,0,114571.7,0,0,115952.08,0,0,111907.24,0,0,111907.24,0,0,111907.24,0,0,111907.24,0,0,111907.24,0,0,111907.24,0,0,111907.24,0,0,111907.24,0,0,111907.24,0,0,111907.24,0,0,111907.24,0,0,111907.24,0,0,111907.24,0,0,111907.24,0,0,111907.24,0,0,112561.67,0,0,112561.67,0,0,111907.24,0,0,111907.24,0,0,111907.24,0,0,111907.24,0,0,111907.24,0,0,178222.65,0,0,111907.24,0,0,111907.24,0,0,111907.24,0,0,112561.67,0,0,112561.67,0,0,113223.8,0,0,111907.24
0,0,0,2020-08-31,COVCOPD,0,0,0,0,0,0,0,0,0,0,0,0,0,0,0,0,0,0,0,0,0,0,0,0,0,0,0,0,0,0,0,0,0,0,0,0,0,0,0,0,0,0,0,0,0,0,0,0,0,0,111907.24,0,0,111907.24,0,0,112561.67,0,0,116654.82,0,0,115257.76,0,0,116654.82,0,0,112561.67,0,0,114571.7,0,0,113223.8,0,0,113223.8,0,0,111907.24,0,0,111907.24,0,0,111907.24,0,0,111907.24,0,0,111907.24,0,0,111907.24,0,0,114571.7,0,0,115952.08,0,0,111907.24,0,0,111907.24,0,0,111907.24,0,0,111907.24,0,0,111907.24,0,0,111907.24,0,0,111907.24,0,0,111907.24,0,0,111907.24,0,0,111907.24,0,0,111907.24,0,0,111907.24,0,0,111907.24,0,0,111907.24,0,0,111907.24,0,0,112561.67,0,0,112561.67,0,0,111907.24,0,0,111907.24,0,0,111907.24,0,0,111907.24,0,0,111907.24,0,0,178222.65,0,0,111907.24,0,0,111907.24,0,0,111907.24,0,0,112561.67,0,0,112561.67,0,0,113223.8,0,0,111907.24
0,0,0,2020-09-07,COVCOPD,0,0,0,0,0,0,0,0,0,0,0,0,0,0,0,0,0,0,0,0,0,0,0,0,0,0,0,0,0,0,0,0,0,0,0,0,0,0,0,0,0,0,0,0,0,0,0,0,0,0,111907.24,0,0,111907.24,0,0,112561.67,0,0,116654.82,0,0,115257.76,0,0,116654.82,0,0,112561.67,0,0,114571.7,0,0,113223.8,0,0,113223.8,0,0,111907.24,0,0,111907.24,0,0,111907.24,0,0,111907.24,0,0,111907.24,0,0,111907.24,0,0,114571.7,0,0,115952.08,0,0,111907.24,0,0,111907.24,0,0,111907.24,0,0,111907.24,0,0,111907.24,0,0,111907.24,0,0,111907.24,0,0,111907.24,0,0,111907.24,0,0,111907.24,0,0,111907.24,0,0,111907.24,0,0,111907.24,0,0,111907.24,0,0,111907.24,0,0,112561.67,0,0,112561.67,0,0,111907.24,0,0,111907.24,0,0,111907.24,0,0,111907.24,0,0,111907.24,0,0,178222.65,0,0,111907.24,0,0,111907.24,0,0,111907.24,0,0,112561.67,0,0,112561.67,0,0,113223.8,0,0,111907.24
0,0,0,2020-09-14,COVCOPD,0,0,0,0,0,0,0,0,0,0,0,0,0,0,0,0,0,0,0,0,0,0,0,0,0,0,0,0,0,0,0,0,0,0,0,0,0,0,0,0,0,0,0,0,0,0,0,0,0,0,111907.24,0,0,111907.24,0,0,112561.67,0,0,116654.82,0,0,115257.76,0,0,116654.82,0,0,112561.67,0,0,114571.7,0,0,113223.8,0,0,113223.8,0,0,111907.24,0,0,111907.24,0,0,111907.24,0,0,111907.24,0,0,111907.24,0,0,111907.24,0,0,114571.7,0,0,115952.08,0,0,111907.24,0,0,111907.24,0,0,111907.24,0,0,111907.24,0,0,111907.24,0,0,111907.24,0,0,111907.24,0,0,111907.24,0,0,111907.24,0,0,111907.24,0,0,111907.24,0,0,111907.24,0,0,111907.24,0,0,111907.24,0,0,111907.24,0,0,112561.67,0,0,112561.67,0,0,111907.24,0,0,111907.24,0,0,111907.24,0,0,111907.24,0,0,111907.24,0,0,178222.65,0,0,111907.24,0,0,111907.24,0,0,111907.24,0,0,112561.67,0,0,112561.67,0,0,113223.8,0,0,111907.24
0,0,0,2020-09-21,COVCOPD,0,0,0,0,0,0,0,0,0,0,0,0,0,0,0,0,0,0,0,0,0,0,0,0,0,0,0,0,0,0,0,0,0,0,0,0,0,0,0,0,0,0,0,0,0,0,0,0,0,0,111907.24,0,0,111907.24,0,0,112561.67,0,0,116654.82,0,0,115257.76,0,0,116654.82,0,0,112561.67,0,0,114571.7,0,0,113223.8,0,0,113223.8,0,0,111907.24,0,0,111907.24,0,0,111907.24,0,0,111907.24,0,0,111907.24,0,0,111907.24,0,0,114571.7,0,0,115952.08,0,0,111907.24,0,0,111907.24,0,0,111907.24,0,0,111907.24,0,0,111907.24,0,0,111907.24,0,0,111907.24,0,0,111907.24,0,0,111907.24,0,0,111907.24,0,0,111907.24,0,0,111907.24,0,0,111907.24,0,0,111907.24,0,0,111907.24,0,0,112561.67,0,0,112561.67,0,0,111907.24,0,0,111907.24,0,0,111907.24,0,0,111907.24,0,0,111907.24,0,0,178222.65,0,0,111907.24,0,0,111907.24,0,0,111907.24,0,0,112561.67,0,0,112561.67,0,0,113223.8,0,0,111907.24
0,0,0,2020-09-28,COVCOPD,0,0,0,0,0,0,0,0,0,0,0,0,0,0,0,0,0,0,0,0,0,0,0,0,0,0,0,0,0,0,0,0,0,0,0,0,0,0,0,0,0,0,0,0,0,0,0,0,0,0,111907.24,0,0,111907.24,0,0,112561.67,0,0,116654.82,0,0,115257.76,0,0,116654.82,0,0,112561.67,0,0,114571.7,0,0,113223.8,0,0,113223.8,0,0,111907.24,0,0,111907.24,0,0,111907.24,0,0,111907.24,0,0,111907.24,0,0,111907.24,0,0,114571.7,0,0,115952.08,0,0,111907.24,0,0,111907.24,0,0,111907.24,0,0,111907.24,0,0,111907.24,0,0,111907.24,0,0,111907.24,0,0,111907.24,0,0,111907.24,0,0,111907.24,0,0,111907.24,0,0,111907.24,0,0,111907.24,0,0,111907.24,0,0,111907.24,0,0,112561.67,0,0,112561.67,0,0,111907.24,0,0,111907.24,0,0,111907.24,0,0,111907.24,0,0,111907.24,0,0,178222.65,0,0,111907.24,0,0,111907.24,0,0,111907.24,0,0,112561.67,0,0,112561.67,0,0,113223.8,0,0,111907.24
0,0,0,2020-10-05,COVCOPD,0,0,0,1,0,0,0,0,0,0,0,0,0,0,0,0,0,0,0,0,0,0,0,0,0,0,0,0,0,0,0,0,0,0,0,0,0,0,0,0,0,0,0,0,0,0,0,0,0,0,112280.27,0,0,112280.27,0,0,112939.08,31816.2,805.52,177268.53,0,0,115653.5,0,0,116654.82,0,0,112939.08,0,0,114962.73,0,0,113605.67,0,0,113605.67,0,0,112280.27,0,0,112280.27,0,0,112280.27,0,0,112280.27,0,0,112280.27,0,0,112280.27,0,0,114962.73,0,0,116352.61,0,0,112280.27,0,0,112280.27,0,0,112280.27,0,0,112280.27,0,0,112280.27,0,0,112280.27,0,0,112280.27,0,0,112280.27,0,0,112280.27,0,0,112280.27,0,0,112280.27,0,0,112280.27,0,0,112280.27,0,0,112280.27,0,0,112280.27,0,0,112939.08,0,0,112939.08,0,0,112280.27,0,0,112280.27,0,0,112280.27,0,0,112280.27,0,0,112280.27,0,0,178222.65,0,0,112280.27,0,0,112280.27,0,0,112280.27,0,0,112939.08,0,0,112939.08,0,0,113605.67,0,0,112280.27
0,0,0,2020-10-12,COVCOPD,0,0,0,0,1,1,0,0,0,0,0,0,0,0,0,0,0,0,0,1,1,0,0,0,0,0,0,0,0,0,0,0,0,0,0,0,0,1,0,0,1,0,0,0,0,0,0,0,0,0,112844.49,0,0,112844.49,0,0,113509.96,0,0,118397.47,31623.38,800.63,176194.18,31816.2,805.52,177268.53,0,0,113509.96,0,0,115554.31,0,0,114183.32,0,0,114183.32,0,0,112844.49,0,0,112844.49,0,0,112844.49,0,0,112844.49,0,0,112844.49,0,0,112844.49,0,0,115554.31,0,0,116958.61,0,0,112844.49,0,0,112844.49,0,0,112844.49,30693.28,777.09,171012,30693.28,777.09,171012,0,0,112844.49,0,0,112844.49,0,0,112844.49,0,0,112844.49,0,0,112844.49,0,0,112844.49,0,0,112844.49,0,0,112844.49,0,0,112844.49,0,0,112844.49,0,0,113509.96,0,0,113509.96,0,0,112844.49,0,0,112844.49,0,0,112844.49,0,0,112844.49,0,0,112844.49,48570.48,1229.7,270617.39,0,0,112844.49,0,0,112844.49,30590.45,774.48,170439.09,0,0,113509.96,0,0,113509.96,0,0,114183.32,0,0,112844.49
0,0,0,2020-10-19,COVCOPD,0,0,0,0,0,0,0,0,0,0,0,0,0,0,0,0,0,0,0,0,0,0,0,0,0,0,0,0,0,0,0,0,0,0,0,0,0,0,0,0,0,0,0,0,0,0,0,0,0,0,113223.8,0,0,113223.8,0,0,113893.76,0,0,118815.1,0,0,117366.13,0,0,118086.17,0,0,113893.76,0,0,115952.08,0,0,114571.7,0,0,114571.7,0,0,113223.8,0,0,113223.8,0,0,113223.8,0,0,113223.8,0,0,113223.8,0,0,113223.8,0,0,115952.08,0,0,117366.13,0,0,113223.8,0,0,113223.8,0,0,113223.8,0,0,113893.76,0,0,113893.76,0,0,113223.8,0,0,113223.8,0,0,113223.8,0,0,113223.8,0,0,113223.8,0,0,113223.8,0,0,113223.8,0,0,113223.8,0,0,113223.8,0,0,113223.8,0,0,113893.76,0,0,113893.76,0,0,113223.8,0,0,113223.8,0,0,113223.8,0,0,113223.8,0,0,113223.8,0,0,179888.28,0,0,113223.8,0,0,113223.8,0,0,113223.8,0,0,113893.76,0,0,113893.76,0,0,114571.7,0,0,113223.8
0,0,0,2020-10-26,COVCOPD,0,0,0,0,0,0,0,0,0,0,0,0,0,0,0,0,0,0,0,0,0,0,0,0,0,0,0,0,0,0,0,0,0,0,0,0,0,0,0,0,0,0,0,0,0,0,0,0,0,0,113223.8,0,0,113223.8,0,0,113893.76,0,0,118815.1,0,0,117366.13,0,0,118086.17,0,0,113893.76,0,0,115952.08,0,0,114571.7,0,0,114571.7,0,0,113223.8,0,0,113223.8,0,0,113223.8,0,0,113223.8,0,0,113223.8,0,0,113223.8,0,0,115952.08,0,0,117366.13,0,0,113223.8,0,0,113223.8,0,0,113223.8,0,0,113893.76,0,0,113893.76,0,0,113223.8,0,0,113223.8,0,0,113223.8,0,0,113223.8,0,0,113223.8,0,0,113223.8,0,0,113223.8,0,0,113223.8,0,0,113223.8,0,0,113223.8,0,0,113893.76,0,0,113893.76,0,0,113223.8,0,0,113223.8,0,0,113223.8,0,0,113223.8,0,0,113223.8,0,0,179888.28,0,0,113223.8,0,0,113223.8,0,0,113223.8,0,0,113893.76,0,0,113893.76,0,0,114571.7,0,0,113223.8
0,0,0,2020-11-02,COVCOPD,0,0,0,0,0,0,0,0,0,0,0,0,0,0,0,0,0,0,0,0,0,0,0,0,0,0,0,0,0,0,0,0,0,0,0,0,0,1,0,0,0,0,0,0,0,0,0,0,0,0,113509.96,0,0,113509.96,0,0,114183.32,0,0,119130.26,0,0,117673.64,0,0,118397.47,0,0,114183.32,0,0,116252.22,0,0,114864.72,0,0,114864.72,0,0,113509.96,0,0,113509.96,0,0,113509.96,0,0,113509.96,0,0,113509.96,0,0,113509.96,0,0,116252.22,0,0,117673.64,0,0,113509.96,0,0,113509.96,0,0,113509.96,0,0,114183.32,0,0,114183.32,0,0,113509.96,0,0,113509.96,0,0,113509.96,0,0,113509.96,0,0,113509.96,0,0,113509.96,0,0,113509.96,0,0,113509.96,0,0,113509.96,0,0,113509.96,0,0,114183.32,0,0,114183.32,0,0,113509.96,0,0,113509.96,0,0,113509.96,0,0,113509.96,0,0,113509.96,49225.07,1246.27,274264.52,0,0,113509.96,0,0,113509.96,0,0,113509.96,0,0,114183.32,0,0,114183.32,0,0,114864.72,0,0,113509.96
0,0,0,2020-11-09,COVCOPD,0,0,0,0,0,0,0,0,0,0,0,0,0,0,0,0,0,0,0,0,0,0,0,0,0,0,0,0,0,0,0,0,0,0,0,0,0,1,0,0,0,0,0,0,0,0,0,0,0,0,114280.17,0,0,114280.17,0,0,114962.73,0,0,119978.92,0,0,118501.6,0,0,119235.68,0,0,114962.73,0,0,117060.23,0,0,115653.5,0,0,115653.5,0,0,114280.17,0,0,114280.17,0,0,114280.17,0,0,114280.17,0,0,114280.17,0,0,114280.17,0,0,117060.23,0,0,118501.6,0,0,114280.17,0,0,114280.17,0,0,114280.17,0,0,114962.73,0,0,114962.73,0,0,114280.17,0,0,114280.17,0,0,114280.17,0,0,114280.17,0,0,114280.17,0,0,114280.17,0,0,114280.17,0,0,114280.17,0,0,114280.17,0,0,114280.17,0,0,114962.73,0,0,114962.73,0,0,114280.17,0,0,114280.17,0,0,114280.17,0,0,114280.17,0,0,114280.17,49897.54,1263.3,278011.3,0,0,114280.17,0,0,114280.17,0,0,114280.17,0,0,114962.73,0,0,114962.73,0,0,115653.5,0,0,114280.17
0,0,0,2020-11-16,COVCOPD,0,0,0,0,0,0,0,0,0,0,0,0,0,0,0,0,0,0,0,0,0,0,0,0,0,0,0,0,0,0,0,0,0,0,0,0,0,2,0,0,0,0,0,0,0,0,0,0,0,0,114962.73,0,0,114962.73,0,0,115653.5,0,0,120731.47,0,0,119235.68,0,0,119978.92,0,0,115653.5,0,0,117776.51,0,0,116352.61,0,0,116352.61,0,0,114962.73,0,0,114962.73,0,0,114962.73,0,0,114962.73,0,0,114962.73,0,0,114962.73,0,0,117776.51,0,0,119235.68,0,0,114962.73,0,0,114962.73,0,0,114962.73,0,0,115653.5,0,0,115653.5,0,0,114962.73,0,0,114962.73,0,0,114962.73,0,0,114962.73,0,0,114962.73,0,0,114962.73,0,0,114962.73,0,0,114962.73,0,0,114962.73,0,0,114962.73,0,0,115653.5,0,0,115653.5,0,0,114962.73,0,0,114962.73,0,0,114962.73,0,0,114962.73,0,0,114962.73,102310.92,12390.33,369582.24,0,0,114962.73,0,0,114962.73,0,0,114962.73,0,0,115653.5,0,0,115653.5,0,0,116352.61,0,0,114962.73
0,0,0,2020-11-23,COVCOPD,0,0,0,0,0,0,0,0,0,0,0,0,0,0,0,0,0,0,0,0,0,0,0,0,0,0,0,0,0,0,0,0,0,0,0,0,0,1,0,0,0,0,0,0,0,0,0,0,0,0,115257.76,0,0,115257.76,0,0,115952.08,0,0,121056.89,0,0,119553.08,0,0,120300.29,0,0,115952.08,0,0,118086.17,0,0,116654.82,0,0,116654.82,0,0,115257.76,0,0,115257.76,0,0,115257.76,0,0,115257.76,0,0,115257.76,0,0,115257.76,0,0,118086.17,0,0,119553.08,0,0,115257.76,0,0,115257.76,0,0,115257.76,0,0,115952.08,0,0,115952.08,0,0,115257.76,0,0,115257.76,0,0,115257.76,0,0,115257.76,0,0,115257.76,0,0,115257.76,0,0,115257.76,0,0,115257.76,0,0,115257.76,0,0,115257.76,0,0,115952.08,0,0,115952.08,0,0,115257.76,0,0,115257.76,0,0,115257.76,0,0,115257.76,0,0,115257.76,51955.9,1315.41,289479.77,0,0,115257.76,0,0,115257.76,0,0,115257.76,0,0,115952.08,0,0,115952.08,0,0,116654.82,0,0,115257.76
0,0,0,2020-11-30,COVCOPD,0,0,0,0,0,0,0,0,1,1,0,0,0,0,0,0,0,1,0,0,0,0,0,0,0,0,0,0,0,0,0,0,0,0,0,0,0,3,0,0,0,0,0,0,0,0,0,0,0,0,115952.08,0,0,115952.08,0,0,116654.82,0,0,121823.08,0,0,120300.29,0,0,121056.89,0,0,116654.82,0,0,118815.1,31816.2,805.52,177268.53,31816.2,805.52,177268.53,0,0,115952.08,0,0,115952.08,0,0,115952.08,0,0,115952.08,0,0,115952.08,0,0,115952.08,0,0,118815.1,32611.61,825.65,181700.25,0,0,115952.08,0,0,115952.08,0,0,115952.08,0,0,116654.82,0,0,116654.82,0,0,115952.08,0,0,115952.08,0,0,115952.08,0,0,115952.08,0,0,115952.08,0,0,115952.08,0,0,115952.08,0,0,115952.08,0,0,115952.08,0,0,115952.08,0,0,116654.82,0,0,116654.82,0,0,115952.08,0,0,115952.08,0,0,115952.08,0,0,115952.08,0,0,115952.08,159730.32,32940.23,466799.78,0,0,115952.08,0,0,115952.08,0,0,115952.08,0,0,116654.82,0,0,116654.82,0,0,117366.13,0,0,115952.08
0,0,0,2020-12-07,COVCOPD,0,0,0,0,0,0,0,0,0,0,0,0,0,0,0,0,0,0,0,0,0,0,0,0,0,0,0,0,0,0,0,0,0,0,0,0,0,2,0,0,0,0,0,0,0,0,0,0,0,0,115952.08,0,0,115952.08,0,0,116654.82,0,0,121823.08,0,0,120300.29,0,0,121056.89,0,0,116654.82,0,0,118815.1,0,0,118086.17,0,0,118086.17,0,0,115952.08,0,0,115952.08,0,0,115952.08,0,0,115952.08,0,0,115952.08,0,0,115952.08,0,0,118815.1,0,0,121056.89,0,0,115952.08,0,0,115952.08,0,0,115952.08,0,0,116654.82,0,0,116654.82,0,0,115952.08,0,0,115952.08,0,0,115952.08,0,0,115952.08,0,0,115952.08,0,0,115952.08,0,0,115952.08,0,0,115952.08,0,0,115952.08,0,0,115952.08,0,0,116654.82,0,0,116654.82,0,0,115952.08,0,0,115952.08,0,0,115952.08,0,0,115952.08,0,0,115952.08,109356.29,13243.55,395032.51,0,0,115952.08,0,0,115952.08,0,0,115952.08,0,0,116654.82,0,0,116654.82,0,0,117366.13,0,0,115952.08
0,0,0,2020-12-14,COVCOPD,0,0,0,0,0,0,0,0,0,0,0,0,0,0,0,0,0,0,0,0,0,0,0,0,0,0,0,0,0,0,0,0,0,0,0,0,0,1,0,0,1,0,0,0,0,0,0,0,0,0,116252.22,0,0,116252.22,0,0,116958.61,0,0,121823.08,0,0,120300.29,0,0,121056.89,0,0,116958.61,0,0,119130.26,0,0,118397.47,0,0,118397.47,0,0,116252.22,0,0,116252.22,0,0,116252.22,0,0,116252.22,0,0,116252.22,0,0,116252.22,0,0,118815.1,0,0,121056.89,0,0,116252.22,0,0,116252.22,0,0,116252.22,0,0,116958.61,0,0,116958.61,0,0,116252.22,0,0,116252.22,0,0,116252.22,0,0,116252.22,0,0,116252.22,0,0,116252.22,0,0,116252.22,0,0,116252.22,0,0,116252.22,0,0,116252.22,0,0,116958.61,0,0,116958.61,0,0,116252.22,0,0,116252.22,0,0,116252.22,0,0,116252.22,0,0,116252.22,55763.36,1411.81,310693.55,0,0,116252.22,0,0,116252.22,31514.24,797.87,175586.09,0,0,116958.61,0,0,116958.61,0,0,117673.64,0,0,116252.22
0,0,0,2020-12-21,COVCOPD,0,1,0,0,0,0,0,0,1,1,0,0,0,0,0,0,0,0,0,0,0,0,0,0,0,0,0,0,0,0,0,0,0,0,0,0,0,1,0,0,0,0,0,0,0,0,0,0,0,0,116654.82,31760.87,804.12,176960.24,0,0,117366.13,0,0,121823.08,0,0,120300.29,0,0,121056.89,0,0,117366.13,0,0,119553.08,32351.64,819.07,180251.79,32351.64,819.07,180251.79,0,0,116654.82,0,0,116654.82,0,0,116654.82,0,0,116654.82,0,0,116654.82,0,0,116654.82,0,0,118815.1,0,0,121056.89,0,0,116654.82,0,0,116654.82,0,0,116654.82,0,0,117366.13,0,0,117366.13,0,0,116654.82,0,0,116654.82,0,0,116654.82,0,0,116654.82,0,0,116654.82,0,0,116654.82,0,0,116654.82,0,0,116654.82,0,0,116654.82,0,0,116654.82,0,0,117366.13,0,0,117366.13,0,0,116654.82,0,0,116654.82,0,0,116654.82,0,0,116654.82,0,0,116654.82,56452.86,1429.26,314535.2,0,0,116654.82,0,0,116654.82,0,0,116654.82,0,0,117366.13,0,0,117366.13,0,0,118086.17,0,0,116654.82
0,0,0,2020-12-28,COVCOPD,0,0,0,0,0,0,0,0,0,0,0,0,0,0,0,0,0,0,0,0,0,0,0,0,0,0,0,0,0,0,0,0,0,0,0,0,0,0,0,0,0,0,0,0,0,0,0,0,0,0,116654.82,0,0,117366.13,0,0,117366.13,0,0,121823.08,0,0,120300.29,0,0,121056.89,0,0,117366.13,0,0,119553.08,0,0,119553.08,0,0,119553.08,0,0,116654.82,0,0,116654.82,0,0,116654.82,0,0,116654.82,0,0,116654.82,0,0,116654.82,0,0,118815.1,0,0,121056.89,0,0,116654.82,0,0,116654.82,0,0,116654.82,0,0,117366.13,0,0,117366.13,0,0,116654.82,0,0,116654.82,0,0,116654.82,0,0,116654.82,0,0,116654.82,0,0,116654.82,0,0,116654.82,0,0,116654.82,0,0,116654.82,0,0,116654.82,0,0,117366.13,0,0,117366.13,0,0,116654.82,0,0,116654.82,0,0,116654.82,0,0,116654.82,0,0,116654.82,0,0,209217.89,0,0,116654.82,0,0,116654.82,0,0,116654.82,0,0,117366.13,0,0,117366.13,0,0,118086.17,0,0,116654.82
0,0,0,2021-01-04,COVCOPD,0,0,0,0,0,0,0,0,0,0,0,0,0,0,0,0,0,0,0,0,0,0,0,0,0,0,0,0,0,0,0,0,0,0,0,0,0,1,0,0,0,0,0,0,0,0,0,0,0,0,116654.82,0,0,117366.13,0,0,117366.13,0,0,121823.08,0,0,120300.29,0,0,121056.89,0,0,117366.13,0,0,119553.08,0,0,119553.08,0,0,119553.08,0,0,116654.82,0,0,116654.82,0,0,116654.82,0,0,116654.82,0,0,116654.82,0,0,116654.82,0,0,118815.1,0,0,121056.89,0,0,116654.82,0,0,116654.82,0,0,116654.82,0,0,117366.13,0,0,117366.13,0,0,116654.82,0,0,116654.82,0,0,116654.82,0,0,116654.82,0,0,116654.82,0,0,116654.82,0,0,116654.82,0,0,116654.82,0,0,116654.82,0,0,116654.82,0,0,117366.13,0,0,117366.13,0,0,116654.82,0,0,116654.82,0,0,116654.82,0,0,116654.82,0,0,116654.82,57249.22,1449.42,318972.22,0,0,116654.82,0,0,116654.82,0,0,116654.82,0,0,117366.13,0,0,117366.13,0,0,118086.17,0,0,116654.82
0,0,0,2021-01-11,COVCOPD,0,0,0,0,0,0,0,0,0,0,0,0,0,0,0,0,0,0,0,0,0,0,0,0,0,0,0,0,0,0,0,0,0,0,0,0,0,1,0,0,0,0,0,0,0,0,0,0,0,0,116654.82,0,0,117366.13,0,0,117366.13,0,0,121823.08,0,0,120300.29,0,0,121056.89,0,0,117366.13,0,0,119553.08,0,0,119553.08,0,0,119553.08,0,0,116654.82,0,0,116654.82,0,0,116654.82,0,0,116654.82,0,0,116654.82,0,0,116654.82,0,0,118815.1,0,0,121056.89,0,0,116654.82,0,0,116654.82,0,0,116654.82,0,0,117366.13,0,0,117366.13,0,0,116654.82,0,0,116654.82,0,0,116654.82,0,0,116654.82,0,0,116654.82,0,0,116654.82,0,0,116654.82,0,0,116654.82,0,0,116654.82,0,0,116654.82,0,0,117366.13,0,0,117366.13,0,0,116654.82,0,0,116654.82,0,0,116654.82,0,0,116654.82,0,0,116654.82,57884.31,1465.5,322510.74,0,0,116654.82,0,0,116654.82,0,0,116654.82,0,0,117366.13,0,0,117366.13,0,0,118086.17,0,0,116654.82
0,0,0,2021-01-18,COVCOPD,0,0,0,0,0,0,0,0,0,0,0,0,0,0,0,0,0,0,0,0,0,0,0,0,0,0,0,0,0,0,0,0,0,0,0,0,0,2,0,0,0,0,0,0,0,0,0,0,0,0,116654.82,0,0,117366.13,0,0,117366.13,0,0,121823.08,0,0,120300.29,0,0,121056.89,0,0,117366.13,0,0,119553.08,0,0,119553.08,0,0,119553.08,0,0,116654.82,0,0,116654.82,0,0,116654.82,0,0,116654.82,0,0,116654.82,0,0,116654.82,0,0,118815.1,0,0,121056.89,0,0,116654.82,0,0,116654.82,0,0,116654.82,0,0,117366.13,0,0,117366.13,0,0,116654.82,0,0,116654.82,0,0,116654.82,0,0,116654.82,0,0,116654.82,0,0,116654.82,0,0,116654.82,0,0,116654.82,0,0,116654.82,0,0,116654.82,0,0,117366.13,0,0,117366.13,0,0,116654.82,0,0,116654.82,0,0,116654.82,0,0,116654.82,0,0,116654.82,116880,14154.71,422210.75,0,0,116654.82,0,0,116654.82,0,0,116654.82,0,0,117366.13,0,0,117366.13,0,0,118086.17,0,0,116654.82
0,0,0,2021-01-25,COVCOPD,0,0,0,0,0,0,0,0,0,0,0,0,0,0,0,0,0,0,0,0,0,0,0,0,0,0,0,0,0,0,0,0,0,0,0,0,0,2,0,0,0,0,0,0,0,0,0,0,0,0,116654.82,0,0,117366.13,0,0,117366.13,0,0,121823.08,0,0,120300.29,0,0,121056.89,0,0,117366.13,0,0,119553.08,0,0,119553.08,0,0,119553.08,0,0,116654.82,0,0,116654.82,0,0,116654.82,0,0,116654.82,0,0,116654.82,0,0,116654.82,0,0,118815.1,0,0,121056.89,0,0,116654.82,0,0,116654.82,0,0,116654.82,0,0,117366.13,0,0,117366.13,0,0,116654.82,0,0,116654.82,0,0,116654.82,0,0,116654.82,0,0,116654.82,0,0,116654.82,0,0,116654.82,0,0,116654.82,0,0,116654.82,0,0,116654.82,0,0,117366.13,0,0,117366.13,0,0,116654.82,0,0,116654.82,0,0,116654.82,0,0,116654.82,0,0,116654.82,119558.1,14479.04,431884.97,0,0,116654.82,0,0,116654.82,0,0,116654.82,0,0,117366.13,0,0,117366.13,0,0,118086.17,0,0,116654.82
0,0,0,2021-02-01,COVCOPD,0,0,0,0,0,0,0,0,0,0,0,0,0,0,0,0,0,0,0,0,0,0,0,0,0,0,0,0,0,0,0,0,0,0,0,0,0,1,0,0,1,0,0,0,0,0,0,0,0,0,117060.23,0,0,117776.51,0,0,117366.13,0,0,121823.08,0,0,120731.47,0,0,121493.53,0,0,117776.51,0,0,119553.08,0,0,119978.92,0,0,119978.92,0,0,117060.23,0,0,117060.23,0,0,117060.23,0,0,117060.23,0,0,117060.23,0,0,117060.23,0,0,118815.1,0,0,121056.89,0,0,117060.23,0,0,117060.23,0,0,117060.23,0,0,117776.51,0,0,117776.51,0,0,117060.23,0,0,117060.23,0,0,117060.23,0,0,117060.23,0,0,117060.23,0,0,117060.23,0,0,117060.23,0,0,117060.23,0,0,117060.23,0,0,117060.23,0,0,117776.51,0,0,117776.51,0,0,117060.23,0,0,117060.23,0,0,117060.23,0,0,117060.23,0,0,117060.23,60875,1541.22,339173.79,0,0,117060.23,0,0,117060.23,31733.28,803.42,176806.49,0,0,117776.51,0,0,117776.51,0,0,118501.6,0,0,117060.23
0,0,0,2021-02-08,COVCOPD,0,0,0,0,0,0,0,0,0,0,0,0,0,0,0,0,0,0,0,0,0,0,0,0,0,0,0,0,0,0,0,0,0,0,0,0,0,0,0,0,0,0,0,0,0,0,0,0,0,0,118086.17,0,0,118815.1,0,0,118086.17,0,0,122599.02,0,0,121823.08,0,0,122599.02,0,0,118815.1,0,0,120300.29,0,0,121056.89,0,0,121056.89,0,0,118086.17,0,0,118086.17,0,0,118086.17,0,0,118086.17,0,0,118086.17,0,0,118086.17,0,0,119553.08,0,0,121823.08,0,0,118086.17,0,0,118086.17,0,0,118086.17,0,0,118815.1,0,0,118815.1,0,0,118086.17,0,0,118086.17,0,0,118086.17,0,0,118086.17,0,0,118086.17,0,0,118086.17,0,0,118086.17,0,0,118086.17,0,0,118086.17,0,0,118086.17,0,0,118815.1,0,0,118815.1,0,0,118086.17,0,0,118086.17,0,0,118086.17,0,0,118086.17,0,0,118086.17,0,0,226447.6,0,0,118086.17,0,0,118086.17,0,0,118086.17,0,0,118815.1,0,0,118815.1,0,0,119553.08,0,0,118086.17
0,0,0,2021-02-15,COVCOPD,0,0,0,0,0,0,0,0,0,0,0,0,0,0,0,0,0,0,0,0,0,0,0,0,0,0,0,0,0,0,0,0,0,0,0,0,0,1,0,0,0,0,0,0,0,0,0,0,0,0,118086.17,0,0,118815.1,0,0,118086.17,0,0,122599.02,0,0,121823.08,0,0,122599.02,0,0,118815.1,0,0,120300.29,0,0,121056.89,0,0,121056.89,0,0,118086.17,0,0,118086.17,0,0,118086.17,0,0,118086.17,0,0,118086.17,0,0,118086.17,0,0,119553.08,0,0,121823.08,0,0,118086.17,0,0,118086.17,0,0,118086.17,0,0,118815.1,0,0,118815.1,0,0,118086.17,0,0,118086.17,0,0,118086.17,0,0,118086.17,0,0,118086.17,0,0,118086.17,0,0,118086.17,0,0,118086.17,0,0,118086.17,0,0,118086.17,0,0,118815.1,0,0,118815.1,0,0,118086.17,0,0,118086.17,0,0,118086.17,0,0,118086.17,0,0,118086.17,61906.78,1567.34,344922.5,0,0,118086.17,0,0,118086.17,0,0,118086.17,0,0,118815.1,0,0,118815.1,0,0,119553.08,0,0,118086.17
0,0,0,2021-02-22,COVCOPD,0,0,0,0,0,0,0,0,0,0,0,0,0,0,0,0,0,0,0,0,0,0,0,0,0,0,0,0,0,0,0,0,0,0,0,0,0,1,0,0,0,0,0,0,0,0,0,0,0,0,118815.1,0,0,119553.08,0,0,118815.1,0,0,123384.91,0,0,122599.02,0,0,123384.91,0,0,119553.08,0,0,121056.89,0,0,121823.08,0,0,121823.08,0,0,118815.1,0,0,118815.1,0,0,118815.1,0,0,118815.1,0,0,118815.1,0,0,118815.1,0,0,120300.29,0,0,122599.02,0,0,118815.1,0,0,118815.1,0,0,118815.1,0,0,119553.08,0,0,119553.08,0,0,118815.1,0,0,118815.1,0,0,118815.1,0,0,118815.1,0,0,118815.1,0,0,118815.1,0,0,118815.1,0,0,118815.1,0,0,118815.1,0,0,118815.1,0,0,119553.08,0,0,119553.08,0,0,118815.1,0,0,118815.1,0,0,118815.1,0,0,118815.1,0,0,118815.1,62329.35,1578.04,347276.92,0,0,118815.1,0,0,118815.1,0,0,118815.1,0,0,119553.08,0,0,119553.08,0,0,120300.29,0,0,118815.1
0,0,0,2021-03-01,COVCOPD,0,0,0,0,0,0,0,0,0,0,0,0,0,0,0,0,0,0,0,0,0,0,0,0,0,0,0,0,0,0,0,0,0,0,0,0,0,0,0,0,0,0,0,0,0,0,0,0,0,0,121384.07,0,0,122154.42,0,0,121384.07,0,0,125336.11,0,0,124525.25,0,0,125336.11,0,0,122154.42,0,0,123724.81,0,0,124525.25,0,0,124525.25,0,0,121384.07,0,0,121384.07,0,0,121384.07,0,0,121384.07,0,0,121384.07,0,0,121384.07,0,0,122487.57,0,0,124871.48,0,0,121384.07,0,0,121384.07,0,0,121384.07,0,0,122154.42,0,0,122154.42,0,0,121384.07,0,0,121384.07,0,0,121384.07,0,0,121384.07,0,0,121384.07,0,0,121384.07,0,0,121384.07,0,0,121384.07,0,0,121384.07,0,0,121384.07,0,0,122154.42,0,0,122154.42,0,0,121384.07,0,0,121384.07,0,0,121384.07,0,0,121384.07,0,0,121384.07,0,0,233511.82,0,0,121384.07,0,0,121384.07,0,0,121384.07,0,0,122154.42,0,0,122154.42,0,0,122934.6,0,0,121384.07
0,0,0,2021-03-08,COVCOPD,0,0,0,0,0,0,0,0,0,0,0,0,0,0,0,0,0,0,0,0,0,0,0,0,0,0,0,0,0,0,0,0,0,0,0,0,0,0,0,0,0,0,0,0,0,0,0,0,0,0,124295.5,0,0,125103.36,0,0,124295.5,0,0,128076.35,0,0,127229.77,0,0,127470.5,0,0,125103.36,0,0,126751.01,0,0,127591.21,0,0,127591.21,0,0,124295.5,0,0,124295.5,0,0,124295.5,0,0,124295.5,0,0,124295.5,0,0,124295.5,0,0,124755.85,0,0,126631.88,0,0,124295.5,0,0,124295.5,0,0,124295.5,0,0,125103.36,0,0,125103.36,0,0,124295.5,0,0,124295.5,0,0,124295.5,0,0,124295.5,0,0,124295.5,0,0,124295.5,0,0,124295.5,0,0,124295.5,0,0,124295.5,0,0,124295.5,0,0,125103.36,0,0,125103.36,0,0,124295.5,0,0,124295.5,0,0,124295.5,0,0,124295.5,0,0,124295.5,0,0,237630.2,0,0,124295.5,0,0,124295.5,0,0,124295.5,0,0,125103.36,0,0,125103.36,0,0,125921.8,0,0,124295.5
0,0,0,2021-03-15,COVCOPD,0,0,0,0,0,0,0,0,0,0,0,0,0,0,0,0,0,0,0,0,0,0,0,0,0,0,0,0,0,0,0,0,0,0,0,0,0,0,0,0,0,0,0,0,0,0,0,0,0,0,126039.59,0,0,126870.36,0,0,126039.59,0,0,129429.7,0,0,128565.19,0,0,128565.19,0,0,126870.36,0,0,128565.19,0,0,129429.7,0,0,129429.7,0,0,126039.59,0,0,126039.59,0,0,126039.59,0,0,126039.59,0,0,126039.59,0,0,126039.59,0,0,126039.59,0,0,127712.15,0,0,126039.59,0,0,126039.59,0,0,126039.59,0,0,126870.36,0,0,126870.36,0,0,126039.59,0,0,126039.59,0,0,126039.59,0,0,126039.59,0,0,126039.59,0,0,126039.59,0,0,126039.59,0,0,126039.59,0,0,126039.59,0,0,126039.59,0,0,126870.36,0,0,126870.36,0,0,126039.59,0,0,126039.59,0,0,126039.59,0,0,126039.59,0,0,126039.59,0,0,237630.2,0,0,126039.59,0,0,126039.59,0,0,126039.59,0,0,126870.36,0,0,126870.36,0,0,127712.15,0,0,126039.59
0,0,0,2021-03-22,COVCOPD,0,0,0,0,0,0,0,0,0,0,0,0,0,0,0,0,0,0,0,0,0,0,0,0,0,0,0,0,0,0,0,0,0,0,0,0,0,0,0,0,0,0,0,0,0,0,0,0,0,0,130811.96,0,0,131707.06,0,0,130811.96,0,0,134467.39,0,0,133534.51,0,0,133534.51,0,0,131707.06,0,0,133534.51,0,0,134467.39,0,0,134467.39,0,0,130811.96,0,0,130811.96,0,0,130811.96,0,0,130811.96,0,0,130811.96,0,0,130811.96,0,0,130811.96,0,0,132614.49,0,0,130811.96,0,0,130811.96,0,0,130811.96,0,0,131707.06,0,0,131707.06,0,0,130811.96,0,0,130811.96,0,0,130811.96,0,0,130811.96,0,0,130811.96,0,0,130811.96,0,0,130811.96,0,0,130811.96,0,0,130811.96,0,0,130811.96,0,0,131707.06,0,0,131707.06,0,0,130811.96,0,0,130811.96,0,0,130811.96,0,0,130811.96,0,0,130811.96,0,0,239744.35,0,0,130811.96,0,0,130811.96,0,0,130811.96,0,0,131707.06,0,0,131707.06,0,0,132614.49,0,0,130811.96
0,0,0,2021-03-29,COVCOPD,0,0,0,0,0,0,0,0,0,0,0,0,0,0,0,0,0,0,0,0,0,0,0,0,0,0,0,0,0,0,0,0,0,0,0,0,0,0,0,0,0,0,0,0,0,0,0,0,0,0,141977.16,0,0,142880.51,0,0,141977.16,0,0,146293.51,0,0,145190,0,0,145190,0,0,143032.19,0,0,145190,0,0,146134.84,0,0,146134.84,0,0,141977.16,0,0,141977.16,0,0,141977.16,0,0,141977.16,0,0,141977.16,0,0,141977.16,0,0,141977.16,0,0,144103.02,0,0,141977.16,0,0,141977.16,0,0,141977.16,0,0,143032.19,0,0,143032.19,0,0,141977.16,0,0,141977.16,0,0,141977.16,0,0,141977.16,0,0,141977.16,0,0,141977.16,0,0,141977.16,0,0,141977.16,0,0,141977.16,0,0,141977.16,0,0,143032.19,0,0,143032.19,0,0,141977.16,0,0,141977.16,0,0,141977.16,0,0,141977.16,0,0,141977.16,0,0,247677.06,0,0,141977.16,0,0,141977.16,0,0,141977.16,0,0,143032.19,0,0,143032.19,0,0,144103.02,0,0,141977.16
0,0,0,2021-04-05,COVCOPD,0,0,0,0,0,0,0,0,0,0,0,0,0,0,0,0,0,0,0,0,0,0,0,0,0,0,0,0,0,0,0,0,0,0,0,0,0,1,0,0,0,0,0,0,0,0,0,0,0,0,156488.18,0,0,156488.18,0,0,156488.18,0,0,160400.38,0,0,160400.38,0,0,160400.38,0,0,157770.87,0,0,160209.66,0,0,158700.03,0,0,158700.03,0,0,156488.18,0,0,156488.18,0,0,156488.18,0,0,156488.18,0,0,156488.18,0,0,156488.18,0,0,156488.18,0,0,159074.76,0,0,156488.18,0,0,156488.18,0,0,156488.18,0,0,157770.87,0,0,157770.87,0,0,156488.18,0,0,156488.18,0,0,156488.18,0,0,156488.18,0,0,156488.18,0,0,156488.18,0,0,156488.18,0,0,156488.18,0,0,156488.18,0,0,156488.18,0,0,157218.58,0,0,157218.58,0,0,156488.18,0,0,156488.18,0,0,156488.18,0,0,156488.18,0,0,156488.18,70375.72,1781.76,392108.43,0,0,156488.18,0,0,156488.18,0,0,156488.18,0,0,157770.87,0,0,157218.58,0,0,158513.32,0,0,156488.18
0,0,0,2021-04-12,COVCOPD,0,0,0,0,0,0,0,0,0,0,0,0,0,0,0,0,0,0,0,0,0,0,0,0,0,0,0,0,0,0,0,0,0,0,0,0,0,0,0,0,0,0,0,0,0,0,0,0,0,0,173182.93,0,0,173182.93,0,0,173182.93,0,0,176356.44,0,0,176356.44,0,0,176356.44,0,0,174755.28,0,0,176356.44,0,0,174755.28,0,0,174755.28,0,0,173182.93,0,0,173182.93,0,0,173182.93,0,0,173182.93,0,0,173182.93,0,0,173182.93,0,0,173182.93,0,0,176356.44,0,0,173182.93,0,0,173182.93,0,0,173182.93,0,0,174755.28,0,0,174755.28,0,0,173182.93,0,0,173182.93,0,0,173182.93,0,0,173182.93,0,0,173182.93,0,0,173182.93,0,0,173182.93,0,0,173182.93,0,0,173182.93,0,0,173182.93,0,0,173182.93,0,0,173182.93,0,0,173182.93,0,0,173182.93,0,0,173182.93,0,0,173182.93,0,0,173182.93,0,0,267865.45,0,0,173182.93,0,0,173182.93,0,0,173182.93,0,0,174755.28,0,0,173182.93,0,0,174755.28,0,0,173182.93
0,0,0,2021-04-19,COVCOPD,0,0,0,0,0,0,0,0,0,0,0,0,0,0,0,0,0,0,0,0,0,0,0,0,0,0,0,0,0,0,0,0,0,0,0,0,0,0,0,0,0,0,0,0,0,0,0,0,0,0,182817.26,0,0,182817.26,0,0,182817.26,0,0,186357.29,0,0,186357.29,0,0,186357.29,0,0,184570.3,0,0,186357.29,0,0,184570.3,0,0,184570.3,0,0,182817.26,0,0,182817.26,0,0,182817.26,0,0,182817.26,0,0,182817.26,0,0,182817.26,0,0,182817.26,0,0,186357.29,0,0,182817.26,0,0,182817.26,0,0,182817.26,0,0,184570.3,0,0,184570.3,0,0,182817.26,0,0,182817.26,0,0,182817.26,0,0,182817.26,0,0,182817.26,0,0,182817.26,0,0,182817.26,0,0,182817.26,0,0,182817.26,0,0,182817.26,0,0,182817.26,0,0,182817.26,0,0,182817.26,0,0,182817.26,0,0,182817.26,0,0,182817.26,0,0,182817.26,0,0,278380.83,0,0,182817.26,0,0,182817.26,0,0,182817.26,0,0,184570.3,0,0,182817.26,0,0,184570.3,0,0,182817.26
0,0,0,2021-04-26,COVCOPD,0,0,0,0,0,0,0,0,0,0,0,0,0,0,0,0,0,0,0,0,0,0,0,0,0,0,0,0,0,0,0,0,0,0,0,0,0,1,0,0,0,0,0,0,0,0,0,0,0,0,193031.98,0,0,193031.98,0,0,193031.98,0,0,195270.03,0,0,196982.93,0,0,196982.93,0,0,194987.44,0,0,196982.93,0,0,194987.44,0,0,194987.44,0,0,193031.98,0,0,193031.98,0,0,193031.98,0,0,193031.98,0,0,193031.98,0,0,193031.98,0,0,193031.98,0,0,196982.93,0,0,193031.98,0,0,193031.98,0,0,193031.98,0,0,194987.44,0,0,194987.44,0,0,193031.98,0,0,193031.98,0,0,193031.98,0,0,193031.98,0,0,193031.98,0,0,193031.98,0,0,193031.98,0,0,193031.98,0,0,193031.98,0,0,193031.98,0,0,193031.98,0,0,193031.98,0,0,193031.98,0,0,193031.98,0,0,193031.98,0,0,193031.98,0,0,193031.98,78044.87,1975.93,434838.19,0,0,193031.98,0,0,193031.98,0,0,193031.98,0,0,194987.44,0,0,193031.98,0,0,194987.44,0,0,193031.98
0,0,0,2021-05-03,COVCOPD,0,0,0,0,0,0,0,0,0,0,0,0,0,0,0,0,0,0,0,0,0,0,0,0,0,0,0,0,0,0,0,0,0,0,0,0,0,0,0,0,0,0,0,0,0,0,0,0,0,0,204455.72,0,0,204455.72,0,0,204455.72,0,0,206650.8,0,0,208893.52,0,0,208893.52,0,0,206650.8,0,0,208893.52,0,0,206650.8,0,0,206650.8,0,0,204455.72,0,0,204455.72,0,0,204455.72,0,0,204455.72,0,0,204455.72,0,0,204455.72,0,0,204455.72,0,0,208893.52,0,0,204455.72,0,0,204455.72,0,0,204455.72,0,0,206650.8,0,0,206650.8,0,0,204455.72,0,0,204455.72,0,0,204455.72,0,0,204455.72,0,0,204455.72,0,0,204455.72,0,0,204455.72,0,0,204455.72,0,0,204455.72,0,0,204455.72,0,0,204455.72,0,0,204455.72,0,0,204455.72,0,0,204455.72,0,0,204455.72,0,0,204455.72,0,0,204455.72,0,0,303460.18,0,0,204455.72,0,0,204455.72,0,0,204455.72,0,0,206650.8,0,0,204455.72,0,0,206650.8,0,0,204455.72
0,0,0,2021-05-10,COVCOPD,0,0,0,1,0,0,0,0,0,0,0,0,0,0,0,0,1,1,0,0,0,0,0,0,0,0,0,0,0,0,0,0,0,0,0,0,0,0,0,0,1,0,0,0,0,1,1,0,0,0,217316.65,0,0,217316.65,0,0,217316.65,59975.37,1518.44,334161.37,0,0,221605.79,0,0,221605.79,0,0,219083.45,0,0,221605.79,0,0,219083.45,0,0,219083.45,0,0,217316.65,0,0,217316.65,0,0,217316.65,0,0,217316.65,0,0,217316.65,0,0,217316.65,59293.83,1501.19,330364.08,60471.85,1531.01,336927.61,59390.24,1503.63,330901.26,59390.24,1503.63,330901.26,0,0,217316.65,0,0,219083.45,0,0,219083.45,0,0,217316.65,0,0,217316.65,0,0,217316.65,0,0,217316.65,0,0,217316.65,0,0,217316.65,0,0,217316.65,0,0,217316.65,0,0,217316.65,0,0,217316.65,0,0,217316.65,0,0,217316.65,0,0,217316.65,0,0,217316.65,0,0,217316.65,0,0,217316.65,0,0,217316.65,0,0,320038.77,0,0,217316.65,0,0,217316.65,58911.29,1491.5,328232.7,0,0,219083.45,0,0,217316.65,0,0,219083.45,0,0,217316.65
0,0,0,2021-05-17,COVCOPD,0,0,0,0,0,0,0,0,0,0,0,0,0,0,0,0,0,0,0,0,0,0,0,0,0,0,0,0,0,0,0,0,0,0,0,0,0,0,0,0,0,0,0,0,0,0,0,0,0,0,241462.94,0,0,241462.94,0,0,241462.94,0,0,247677.06,0,0,244530.53,0,0,244530.53,0,0,241462.94,0,0,244530.53,0,0,241462.94,0,0,241462.94,0,0,241462.94,0,0,241462.94,0,0,241462.94,0,0,241462.94,0,0,241462.94,0,0,241462.94,0,0,244530.53,0,0,247677.06,0,0,244530.53,0,0,244530.53,0,0,241462.94,0,0,241462.94,0,0,241462.94,0,0,241462.94,0,0,241462.94,0,0,241462.94,0,0,241462.94,0,0,241462.94,0,0,241462.94,0,0,241462.94,0,0,241462.94,0,0,241462.94,0,0,241462.94,0,0,241462.94,0,0,241462.94,0,0,241462.94,0,0,241462.94,0,0,241462.94,0,0,241462.94,0,0,241462.94,0,0,361223.38,0,0,241462.94,0,0,241462.94,0,0,241462.94,0,0,241462.94,0,0,241462.94,0,0,241462.94,0,0,241462.94
0,0,0,2021-05-24,COVCOPD,0,0,0,0,0,0,0,0,0,0,0,0,0,0,0,0,0,0,0,0,0,0,0,0,0,0,0,0,0,0,0,0,0,0,0,0,0,0,0,0,0,0,0,0,0,0,0,0,0,0,276665.96,0,0,276665.96,0,0,276665.96,0,0,284854.8,0,0,280700.67,0,0,280700.67,0,0,276665.96,0,0,280700.67,0,0,276665.96,0,0,276665.96,0,0,276665.96,0,0,276665.96,0,0,276665.96,0,0,276665.96,0,0,276665.96,0,0,276665.96,0,0,280700.67,0,0,284854.8,0,0,280700.67,0,0,280700.67,0,0,276665.96,0,0,276665.96,0,0,276665.96,0,0,276665.96,0,0,276665.96,0,0,276665.96,0,0,276665.96,0,0,276665.96,0,0,276665.96,0,0,276665.96,0,0,276665.96,0,0,276665.96,0,0,276665.96,0,0,276665.96,0,0,276665.96,0,0,276665.96,0,0,276665.96,0,0,276665.96,0,0,276665.96,0,0,276665.96,0,0,399811.04,0,0,276665.96,0,0,276665.96,0,0,276665.96,0,0,276665.96,0,0,276665.96,0,0,276665.96,0,0,276665.96
0,0,0,2021-05-31,COVCOPD,0,0,0,0,0,0,0,0,0,0,0,0,0,0,0,0,0,0,0,0,0,0,0,0,0,0,0,0,0,0,0,0,0,0,0,0,0,0,0,0,0,0,0,0,0,0,0,0,0,0,307617.17,0,0,307617.17,0,0,307617.17,0,0,317774.34,0,0,312613.28,0,0,312613.28,0,0,307617.17,0,0,312613.28,0,0,307617.17,0,0,307617.17,0,0,307617.17,0,0,307617.17,0,0,307617.17,0,0,307617.17,0,0,307617.17,0,0,307617.17,0,0,312613.28,0,0,317774.34,0,0,312613.28,0,0,312613.28,0,0,307617.17,0,0,307617.17,0,0,307617.17,0,0,307617.17,0,0,307617.17,0,0,307617.17,0,0,307617.17,0,0,307617.17,0,0,307617.17,0,0,307617.17,0,0,307617.17,0,0,307617.17,0,0,307617.17,0,0,307617.17,0,0,307617.17,0,0,307617.17,0,0,307617.17,0,0,307617.17,0,0,307617.17,0,0,307617.17,0,0,443211.59,0,0,307617.17,0,0,307617.17,0,0,307617.17,0,0,307617.17,0,0,307617.17,0,0,307617.17,0,0,307617.17
0,0,0,2021-06-07,COVCOPD,0,0,0,0,0,0,0,0,0,0,0,0,0,0,0,0,0,0,0,0,0,0,0,0,0,0,0,0,0,0,0,0,0,0,0,0,0,1,0,0,0,0,0,0,0,0,0,0,0,0,337685.02,0,0,337685.02,0,0,337685.02,0,0,349964.47,0,0,343715.11,0,0,343715.11,0,0,337685.02,0,0,343715.11,0,0,337685.02,0,0,337685.02,0,0,337685.02,0,0,337685.02,0,0,337685.02,0,0,337685.02,0,0,337685.02,0,0,337685.02,0,0,343715.11,0,0,349964.47,0,0,341104.61,0,0,341104.61,0,0,337685.02,0,0,337685.02,0,0,337685.02,0,0,337685.02,0,0,337685.02,0,0,337685.02,0,0,337685.02,0,0,337685.02,0,0,337685.02,0,0,337685.02,0,0,337685.02,0,0,337685.02,0,0,337685.02,0,0,337685.02,0,0,337685.02,0,0,337685.02,0,0,337685.02,0,0,337685.02,0,0,337685.02,0,0,337685.02,130913.98,3314.45,729406,0,0,337685.02,0,0,337685.02,0,0,337685.02,0,0,337685.02,0,0,337685.02,0,0,337685.02,0,0,337685.02
0,0,0,2021-06-14,COVCOPD,0,0,0,0,0,0,0,0,0,0,0,0,0,0,0,0,0,0,0,0,0,0,0,0,0,0,0,0,0,0,0,0,0,0,0,0,0,0,0,0,0,0,0,0,0,0,0,0,0,0,363170.68,0,0,363170.68,0,0,363170.68,0,0,377412.67,0,0,370154.73,0,0,370154.73,0,0,363170.68,0,0,370154.73,0,0,363170.68,0,0,363170.68,0,0,363170.68,0,0,363170.68,0,0,363170.68,0,0,363170.68,0,0,363170.68,0,0,363170.68,0,0,370154.73,0,0,377412.67,0,0,363170.68,0,0,363170.68,0,0,363170.68,0,0,363170.68,0,0,363170.68,0,0,363170.68,0,0,363170.68,0,0,363170.68,0,0,363170.68,0,0,363170.68,0,0,363170.68,0,0,363170.68,0,0,363170.68,0,0,363170.68,0,0,363170.68,0,0,363170.68,0,0,363170.68,0,0,363170.68,0,0,363170.68,0,0,363170.68,0,0,363170.68,0,0,363170.68,0,0,534667.94,0,0,363170.68,0,0,363170.68,0,0,363170.68,0,0,363170.68,0,0,363170.68,0,0,363170.68,0,0,363170.68
0,0,0,2021-06-21,COVCOPD,0,0,0,0,0,0,0,0,0,0,0,0,0,0,0,0,0,0,0,0,0,0,0,0,0,0,0,0,0,0,0,0,0,0,0,0,0,0,0,0,0,0,0,0,0,0,0,0,0,0,388289.11,0,0,388289.11,0,0,388289.11,0,0,404613.58,0,0,396283.3,0,0,396283.3,0,0,388289.11,0,0,396283.3,0,0,388289.11,0,0,388289.11,0,0,388289.11,0,0,388289.11,0,0,388289.11,0,0,388289.11,0,0,388289.11,0,0,388289.11,0,0,396283.3,0,0,404613.58,0,0,388289.11,0,0,388289.11,0,0,388289.11,0,0,388289.11,0,0,388289.11,0,0,388289.11,0,0,388289.11,0,0,388289.11,0,0,388289.11,0,0,388289.11,0,0,388289.11,0,0,388289.11,0,0,388289.11,0,0,388289.11,0,0,388289.11,0,0,388289.11,0,0,388289.11,0,0,388289.11,0,0,388289.11,0,0,388289.11,0,0,388289.11,0,0,388289.11,0,0,590948.78,0,0,388289.11,0,0,388289.11,0,0,388289.11,0,0,388289.11,0,0,388289.11,0,0,388289.11,0,0,388289.11
0,0,0,2021-06-28,COVCOPD,0,0,0,0,0,0,0,0,0,0,0,0,0,0,0,0,0,0,0,0,0,0,0,0,0,0,0,0,0,0,0,0,0,0,0,0,0,0,0,0,0,0,0,0,0,0,0,0,0,0,935668.9,0,0,935668.9,0,0,935668.9,0,0,976350.16,0,0,955576.75,0,0,955576.75,0,0,935668.9,0,0,955576.75,0,0,935668.9,0,0,935668.9,0,0,935668.9,0,0,935668.9,0,0,935668.9,0,0,935668.9,0,0,935668.9,0,0,935668.9,0,0,955576.75,0,0,976350.16,0,0,935668.9,0,0,935668.9,0,0,935668.9,0,0,935668.9,0,0,935668.9,0,0,935668.9,0,0,935668.9,0,0,935668.9,0,0,935668.9,0,0,935668.9,0,0,935668.9,0,0,935668.9,0,0,935668.9,0,0,935668.9,0,0,935668.9,0,0,935668.9,0,0,935668.9,0,0,935668.9,0,0,935668.9,0,0,935668.9,0,0,935668.9,0,0,935668.9,0,0,1448777.66,0,0,935668.9,0,0,935668.9,0,0,935668.9,0,0,935668.9,0,0,935668.9,0,0,935668.9,0,0,935668.9
0,1,Pfizer,2021-05-17,COVCOPD,0,0,0,0,0,0,0,0,0,0,0,0,0,0,0,0,0,0,0,0,0,0,0,0,0,0,0,0,0,0,0,0,0,0,0,0,0,0,0,0,0,0,0,0,0,0,0,0,0,0,1334022.99,0,0,1334022.99,0,0,1334022.99,0,0,1347363.22,0,0,1334022.99,0,0,1334022.99,0,0,1334022.99,0,0,1334022.99,0,0,1334022.99,0,0,1334022.99,0,0,1334022.99,0,0,1334022.99,0,0,1334022.99,0,0,1334022.99,0,0,1334022.99,0,0,1334022.99,0,0,1334022.99,0,0,1334022.99,0,0,1334022.99,0,0,1334022.99,0,0,1334022.99,0,0,1334022.99,0,0,1334022.99,0,0,1334022.99,0,0,1334022.99,0,0,1334022.99,0,0,1334022.99,0,0,1334022.99,0,0,1334022.99,0,0,1334022.99,0,0,1334022.99,0,0,1334022.99,0,0,1334022.99,0,0,1334022.99,0,0,1334022.99,0,0,1334022.99,0,0,1334022.99,0,0,1334022.99,0,0,1334022.99,0,0,1334022.99,0,0,2208792.16,0,0,1334022.99,0,0,1334022.99,0,0,1334022.99,0,0,1334022.99,0,0,1334022.99,0,0,1334022.99,0,0,1334022.99
0,1,Pfizer,2021-05-24,COVCOPD,0,0,0,0,0,0,0,0,0,0,0,0,0,0,0,0,0,0,0,0,0,0,0,0,0,0,0,0,0,0,0,0,0,0,0,0,0,1,0,0,0,0,0,0,0,0,0,0,0,0,863694.37,0,0,863694.37,0,0,863694.37,0,0,863694.37,0,0,863694.37,0,0,863694.37,0,0,863694.37,0,0,863694.37,0,0,863694.37,0,0,863694.37,0,0,863694.37,0,0,863694.37,0,0,863694.37,0,0,863694.37,0,0,863694.37,0,0,863694.37,0,0,863694.37,0,0,863694.37,0,0,863694.37,0,0,863694.37,0,0,863694.37,0,0,863694.37,0,0,863694.37,0,0,863694.37,0,0,863694.37,0,0,863694.37,0,0,863694.37,0,0,863694.37,0,0,863694.37,0,0,863694.37,0,0,863694.37,0,0,863694.37,0,0,863694.37,0,0,863694.37,0,0,863694.37,0,0,863694.37,0,0,863694.37,0,0,863694.37,0,0,863694.37,0,0,863694.37,415056.82,10508.33,2312548.58,0,0,863694.37,0,0,863694.37,0,0,863694.37,0,0,863694.37,0,0,863694.37,0,0,863694.37,0,0,863694.37
0,1,Pfizer,2021-05-31,COVCOPD,0,0,0,0,0,0,0,0,0,0,0,0,0,0,0,0,0,0,0,0,0,0,0,0,0,0,0,0,0,0,0,0,0,0,0,0,0,0,0,0,0,0,0,0,0,0,0,0,0,0,792566.6,0,0,792566.6,0,0,792566.6,0,0,792566.6,0,0,792566.6,0,0,792566.6,0,0,792566.6,0,0,792566.6,0,0,792566.6,0,0,792566.6,0,0,792566.6,0,0,792566.6,0,0,792566.6,0,0,792566.6,0,0,792566.6,0,0,792566.6,0,0,792566.6,0,0,792566.6,0,0,792566.6,0,0,792566.6,0,0,792566.6,0,0,792566.6,0,0,792566.6,0,0,792566.6,0,0,792566.6,0,0,792566.6,0,0,792566.6,0,0,792566.6,0,0,792566.6,0,0,792566.6,0,0,792566.6,0,0,792566.6,0,0,792566.6,0,0,792566.6,0,0,792566.6,0,0,792566.6,0,0,792566.6,0,0,792566.6,0,0,792566.6,0,0,792566.6,0,0,1548693.36,0,0,792566.6,0,0,792566.6,0,0,792566.6,0,0,792566.6,0,0,792566.6,0,0,792566.6,0,0,792566.6
0,1,Pfizer,2021-06-07,COVCOPD,0,0,0,0,0,0,0,0,0,0,0,0,0,0,0,0,0,0,0,0,0,0,0,0,0,0,0,0,0,0,0,0,0,0,0,0,0,0,0,0,0,0,0,0,0,0,0,0,0,0,670329.96,0,0,670329.96,0,0,670329.96,0,0,670329.96,0,0,670329.96,0,0,670329.96,0,0,670329.96,0,0,670329.96,0,0,670329.96,0,0,670329.96,0,0,670329.96,0,0,670329.96,0,0,670329.96,0,0,670329.96,0,0,670329.96,0,0,670329.96,0,0,670329.96,0,0,670329.96,0,0,670329.96,0,0,670329.96,0,0,670329.96,0,0,670329.96,0,0,670329.96,0,0,670329.96,0,0,670329.96,0,0,670329.96,0,0,670329.96,0,0,670329.96,0,0,670329.96,0,0,670329.96,0,0,670329.96,0,0,670329.96,0,0,670329.96,0,0,670329.96,0,0,670329.96,0,0,670329.96,0,0,670329.96,0,0,670329.96,0,0,670329.96,0,0,670329.96,0,0,1308119.63,0,0,670329.96,0,0,670329.96,0,0,670329.96,0,0,670329.96,0,0,670329.96,0,0,670329.96,0,0,670329.96
0,1,Pfizer,2021-06-14,COVCOPD,0,0,0,0,0,0,0,0,0,0,0,0,0,0,0,0,0,0,0,0,0,0,0,0,0,0,0,0,0,0,0,0,0,0,0,0,0,0,0,0,0,0,0,0,0,0,0,0,0,0,620904.71,0,0,620904.71,0,0,620904.71,0,0,620904.71,0,0,620904.71,0,0,620904.71,0,0,620904.71,0,0,620904.71,0,0,620904.71,0,0,620904.71,0,0,620904.71,0,0,620904.71,0,0,620904.71,0,0,620904.71,0,0,620904.71,0,0,620904.71,0,0,620904.71,0,0,620904.71,0,0,620904.71,0,0,620904.71,0,0,620904.71,0,0,620904.71,0,0,620904.71,0,0,620904.71,0,0,620904.71,0,0,620904.71,0,0,620904.71,0,0,620904.71,0,0,620904.71,0,0,620904.71,0,0,620904.71,0,0,620904.71,0,0,620904.71,0,0,620904.71,0,0,620904.71,0,0,620904.71,0,0,620904.71,0,0,620904.71,0,0,620904.71,0,0,620904.71,0,0,1132238,0,0,620904.71,0,0,620904.71,0,0,620904.71,0,0,620904.71,0,0,620904.71,0,0,620904.71,0,0,620904.71
0,1,Pfizer,2021-06-21,COVCOPD,0,0,0,0,0,0,0,0,0,0,0,0,0,0,0,0,0,0,0,0,0,0,0,0,0,0,0,0,0,0,0,0,0,0,0,0,0,0,0,0,0,0,0,0,0,0,0,0,0,0,585810.1,0,0,585810.1,0,0,585810.1,0,0,585810.1,0,0,585810.1,0,0,585810.1,0,0,585810.1,0,0,585810.1,0,0,585810.1,0,0,585810.1,0,0,585810.1,0,0,585810.1,0,0,585810.1,0,0,585810.1,0,0,585810.1,0,0,585810.1,0,0,585810.1,0,0,585810.1,0,0,585810.1,0,0,585810.1,0,0,585810.1,0,0,585810.1,0,0,585810.1,0,0,585810.1,0,0,585810.1,0,0,585810.1,0,0,585810.1,0,0,585810.1,0,0,585810.1,0,0,585810.1,0,0,585810.1,0,0,585810.1,0,0,585810.1,0,0,585810.1,0,0,585810.1,0,0,585810.1,0,0,585810.1,0,0,585810.1,0,0,585810.1,0,0,585810.1,0,0,983476.8,0,0,585810.1,0,0,585810.1,0,0,585810.1,0,0,585810.1,0,0,585810.1,0,0,585810.1,0,0,585810.1
0,2,Pfizer,2021-06-28,COVCOPD,0,0,0,0,0,0,0,0,0,0,0,0,0,0,0,0,0,0,0,0,0,0,0,0,0,0,0,0,0,0,0,0,0,0,0,0,0,0,0,0,0,0,0,0,0,0,0,0,0,0,1052627.52,0,0,1052627.52,0,0,1052627.52,0,0,1161520.02,0,0,1104396.08,0,0,1132238,0,0,1052627.52,0,0,1052627.52,0,0,1104396.08,0,0,1104396.08,0,0,1052627.52,0,0,1052627.52,0,0,1052627.52,0,0,1052627.52,0,0,1052627.52,0,0,1052627.52,0,0,1052627.52,0,0,1077890.58,0,0,1052627.52,0,0,1052627.52,0,0,1052627.52,0,0,1052627.52,0,0,1052627.52,0,0,1052627.52,0,0,1052627.52,0,0,1052627.52,0,0,1052627.52,0,0,1052627.52,0,0,1052627.52,0,0,1052627.52,0,0,1052627.52,0,0,1052627.52,0,0,1052627.52,0,0,1077890.58,0,0,1077890.58,0,0,1052627.52,0,0,1052627.52,0,0,1052627.52,0,0,1052627.52,0,0,1052627.52,0,0,5182166.23,0,0,1052627.52,0,0,1052627.52,0,0,1052627.52,0,0,1052627.52,0,0,1077890.58,0,0,1077890.58,0,0,1052627.52
0,1,Pfizer,2021-05-10,COVCOPD,0,0,0,0,0,0,0,0,0,0,0,0,0,0,0,0,0,0,0,0,0,0,0,0,0,0,0,0,0,0,0,0,0,0,0,0,0,0,0,0,0,0,0,0,0,0,0,0,0,0,1684204.03,0,0,1684204.03,0,0,1684204.03,0,0,1845703.04,0,0,1684204.03,0,0,1684204.03,0,0,1684204.03,0,0,1684204.03,0,0,1684204.03,0,0,1684204.03,0,0,1684204.03,0,0,1684204.03,0,0,1684204.03,0,0,1684204.03,0,0,1684204.03,0,0,1684204.03,0,0,1684204.03,0,0,1684204.03,0,0,1684204.03,0,0,1684204.03,0,0,1684204.03,0,0,1684204.03,0,0,1684204.03,0,0,1684204.03,0,0,1684204.03,0,0,1684204.03,0,0,1684204.03,0,0,1684204.03,0,0,1684204.03,0,0,1684204.03,0,0,1684204.03,0,0,1684204.03,0,0,1684204.03,0,0,1684204.03,0,0,1684204.03,0,0,1684204.03,0,0,1684204.03,0,0,1684204.03,0,0,1684204.03,0,0,1684204.03,0,0,5182166.23,0,0,1684204.03,0,0,1684204.03,0,0,1684204.03,0,0,1684204.03,0,0,1684204.03,0,0,1684204.03,0,0,1684204.03
0,1,Pfizer,2021-06-28,COVCOPD,0,0,0,0,0,0,0,0,0,0,0,0,0,0,0,0,0,0,0,0,0,0,0,0,0,0,0,0,0,0,0,0,0,0,0,0,0,0,0,0,0,0,0,0,0,0,0,0,0,0,1480618.92,0,0,1480618.92,0,0,1480618.92,0,0,1480618.92,0,0,1480618.92,0,0,1480618.92,0,0,1480618.92,0,0,1480618.92,0,0,1480618.92,0,0,1480618.92,0,0,1480618.92,0,0,1480618.92,0,0,1480618.92,0,0,1480618.92,0,0,1480618.92,0,0,1480618.92,0,0,1480618.92,0,0,1480618.92,0,0,1480618.92,0,0,1480618.92,0,0,1480618.92,0,0,1480618.92,0,0,1480618.92,0,0,1480618.92,0,0,1480618.92,0,0,1480618.92,0,0,1480618.92,0,0,1480618.92,0,0,1480618.92,0,0,1480618.92,0,0,1480618.92,0,0,1480618.92,0,0,1480618.92,0,0,1480618.92,0,0,1480618.92,0,0,1480618.92,0,0,1480618.92,0,0,1480618.92,0,0,1480618.92,0,0,1480618.92,0,0,2591083.12,0,0,1480618.92,0,0,1480618.92,0,0,1480618.92,0,0,1480618.92,0,0,1480618.92,0,0,1480618.92,0,0,1480618.92
0,2,Pfizer,2021-05-31,COVCOPD,0,0,0,0,0,0,0,0,0,0,0,0,0,0,0,0,0,0,0,0,0,0,0,0,0,0,0,0,0,0,0,0,0,0,0,0,0,0,0,0,0,0,0,0,0,0,0,0,0,0,516231.12,0,0,516231.12,0,0,516231.12,0,0,578267.48,0,0,545491.18,0,0,561401.34,0,0,516231.12,0,0,516231.12,0,0,545491.18,0,0,545491.18,0,0,516231.12,0,0,516231.12,0,0,516231.12,0,0,516231.12,0,0,516231.12,0,0,516231.12,0,0,526313.76,0,0,541109.73,0,0,516231.12,0,0,516231.12,0,0,516231.12,0,0,516231.12,0,0,516231.12,0,0,516231.12,0,0,516231.12,0,0,516231.12,0,0,516231.12,0,0,516231.12,0,0,516231.12,0,0,516231.12,0,0,516231.12,0,0,516231.12,0,0,516231.12,0,0,530457.96,0,0,530457.96,0,0,516231.12,0,0,516231.12,0,0,516231.12,0,0,516231.12,0,0,516231.12,0,0,4210510.06,0,0,516231.12,0,0,516231.12,0,0,516231.12,0,0,516231.12,0,0,530457.96,0,0,530457.96,0,0,516231.12
0,2,Pfizer,2021-06-07,COVCOPD,0,0,0,0,0,0,0,0,0,0,0,0,0,0,0,0,0,0,0,0,0,0,0,0,0,0,0,0,0,0,0,0,0,0,0,0,0,0,0,0,0,0,0,0,0,0,0,0,0,0,518216.62,0,0,518216.62,0,0,518216.62,0,0,580760.01,0,0,547708.63,0,0,563750.3,0,0,518216.62,0,0,518216.62,0,0,547708.63,0,0,547708.63,0,0,518216.62,0,0,518216.62,0,0,518216.62,0,0,518216.62,0,0,518216.62,0,0,518216.62,0,0,518216.62,0,0,532554.63,0,0,518216.62,0,0,518216.62,0,0,518216.62,0,0,518216.62,0,0,518216.62,0,0,518216.62,0,0,518216.62,0,0,518216.62,0,0,518216.62,0,0,518216.62,0,0,518216.62,0,0,518216.62,0,0,518216.62,0,0,518216.62,0,0,518216.62,0,0,532554.63,0,0,532554.63,0,0,518216.62,0,0,518216.62,0,0,518216.62,0,0,518216.62,0,0,518216.62,0,0,3849609.2,0,0,518216.62,0,0,518216.62,0,0,518216.62,0,0,518216.62,0,0,532554.63,0,0,532554.63,0,0,518216.62
0,2,Pfizer,2021-06-14,COVCOPD,0,0,0,0,0,0,0,0,0,0,0,0,0,0,0,0,0,0,0,0,0,0,0,0,0,0,0,0,0,0,0,0,0,0,0,0,0,0,0,0,0,0,0,0,0,0,0,0,0,0,506527.53,0,0,506527.53,0,0,506527.53,0,0,566119,0,0,534667.94,0,0,549944.17,0,0,506527.53,0,0,506527.53,0,0,534667.94,0,0,534667.94,0,0,506527.53,0,0,506527.53,0,0,506527.53,0,0,506527.53,0,0,506527.53,0,0,506527.53,0,0,506527.53,0,0,520217.46,0,0,506527.53,0,0,506527.53,0,0,506527.53,0,0,506527.53,0,0,506527.53,0,0,506527.53,0,0,506527.53,0,0,506527.53,0,0,506527.53,0,0,506527.53,0,0,506527.53,0,0,506527.53,0,0,506527.53,0,0,506527.53,0,0,506527.53,0,0,520217.46,0,0,520217.46,0,0,506527.53,0,0,506527.53,0,0,506527.53,0,0,506527.53,0,0,506527.53,0,0,3849609.2,0,0,506527.53,0,0,506527.53,0,0,506527.53,0,0,506527.53,0,0,520217.46,0,0,520217.46,0,0,506527.53
0,2,Pfizer,2021-06-21,COVCOPD,0,0,0,0,0,0,0,0,0,0,0,0,0,0,0,0,0,0,0,0,0,0,0,0,0,0,0,0,0,0,0,0,0,0,0,0,0,0,0,0,0,0,0,0,0,0,0,0,0,0,491738.4,0,0,491738.4,0,0,491738.4,0,0,547708.63,0,0,518216.62,0,0,532554.63,0,0,491738.4,0,0,491738.4,0,0,518216.62,0,0,518216.62,0,0,491738.4,0,0,491738.4,0,0,491738.4,0,0,491738.4,0,0,491738.4,0,0,491738.4,0,0,491738.4,0,0,504630.42,0,0,491738.4,0,0,491738.4,0,0,491738.4,0,0,491738.4,0,0,491738.4,0,0,491738.4,0,0,491738.4,0,0,491738.4,0,0,491738.4,0,0,491738.4,0,0,491738.4,0,0,491738.4,0,0,491738.4,0,0,491738.4,0,0,491738.4,0,0,504630.42,0,0,504630.42,0,0,491738.4,0,0,491738.4,0,0,491738.4,0,0,491738.4,0,0,491738.4,0,0,3545692.69,0,0,491738.4,0,0,491738.4,0,0,491738.4,0,0,491738.4,0,0,504630.42,0,0,504630.42,0,0,491738.4
0,1,AstraZeneca,2021-05-10,COVCOPD,0,0,0,0,0,0,0,0,0,0,0,0,0,0,0,0,0,0,0,0,0,0,0,0,0,0,0,0,0,0,0,0,0,0,0,0,0,0,0,0,0,0,0,0,0,0,0,0,0,0,898242.15,0,0,942212.04,0,0,898242.15,0,0,898242.15,0,0,898242.15,0,0,898242.15,0,0,898242.15,0,0,942212.04,0,0,942212.04,0,0,942212.04,0,0,898242.15,0,0,898242.15,0,0,898242.15,0,0,898242.15,0,0,898242.15,0,0,898242.15,0,0,898242.15,0,0,898242.15,0,0,898242.15,0,0,898242.15,0,0,898242.15,0,0,898242.15,0,0,898242.15,0,0,898242.15,0,0,898242.15,0,0,898242.15,0,0,898242.15,0,0,898242.15,0,0,898242.15,0,0,898242.15,0,0,898242.15,0,0,898242.15,0,0,898242.15,0,0,898242.15,0,0,898242.15,0,0,898242.15,0,0,898242.15,0,0,898242.15,0,0,898242.15,0,0,898242.15,0,0,2283666.48,0,0,898242.15,0,0,898242.15,0,0,898242.15,0,0,898242.15,0,0,898242.15,0,0,898242.15,0,0,898242.15
0,1,AstraZeneca,2021-05-17,COVCOPD,0,0,0,0,0,0,0,0,0,0,0,0,0,0,0,0,0,0,0,0,0,0,0,0,0,0,0,0,0,0,0,0,0,0,0,0,0,0,0,0,0,0,0,0,0,0,0,0,0,0,874911.18,0,0,916573.62,0,0,874911.18,0,0,874911.18,0,0,874911.18,0,0,874911.18,0,0,874911.18,0,0,916573.62,0,0,916573.62,0,0,916573.62,0,0,874911.18,0,0,874911.18,0,0,874911.18,0,0,874911.18,0,0,874911.18,0,0,874911.18,0,0,874911.18,0,0,874911.18,0,0,874911.18,0,0,874911.18,0,0,874911.18,0,0,874911.18,0,0,874911.18,0,0,874911.18,0,0,874911.18,0,0,874911.18,0,0,874911.18,0,0,874911.18,0,0,874911.18,0,0,874911.18,0,0,874911.18,0,0,874911.18,0,0,874911.18,0,0,874911.18,0,0,874911.18,0,0,874911.18,0,0,874911.18,0,0,874911.18,0,0,874911.18,0,0,874911.18,0,0,2138671.78,0,0,874911.18,0,0,874911.18,0,0,874911.18,0,0,874911.18,0,0,874911.18,0,0,874911.18,0,0,874911.18
0,1,AstraZeneca,2021-05-24,COVCOPD,0,0,0,0,0,0,0,0,0,0,0,0,0,0,0,0,0,0,0,0,0,0,0,0,0,0,0,0,0,0,0,0,0,0,0,0,0,0,0,0,0,0,0,0,0,0,0,0,0,0,821562.94,0,0,858193.13,0,0,821562.94,0,0,821562.94,0,0,821562.94,0,0,821562.94,0,0,821562.94,0,0,858193.13,0,0,858193.13,0,0,858193.13,0,0,821562.94,0,0,821562.94,0,0,821562.94,0,0,821562.94,0,0,821562.94,0,0,821562.94,0,0,821562.94,0,0,821562.94,0,0,821562.94,0,0,821562.94,0,0,821562.94,0,0,821562.94,0,0,821562.94,0,0,821562.94,0,0,821562.94,0,0,821562.94,0,0,821562.94,0,0,821562.94,0,0,821562.94,0,0,821562.94,0,0,821562.94,0,0,821562.94,0,0,821562.94,0,0,821562.94,0,0,821562.94,0,0,821562.94,0,0,821562.94,0,0,821562.94,0,0,821562.94,0,0,821562.94,0,0,1981416.5,0,0,821562.94,0,0,821562.94,0,0,821562.94,0,0,821562.94,0,0,821562.94,0,0,821562.94,0,0,821562.94
0,1,AstraZeneca,2021-05-31,COVCOPD,0,0,0,0,0,0,0,0,0,0,0,0,0,0,0,0,0,0,0,0,0,0,0,0,0,0,0,0,0,0,0,0,0,0,0,0,0,0,0,0,0,0,0,0,0,0,0,0,0,0,802001.92,0,0,836871.57,0,0,802001.92,0,0,802001.92,0,0,802001.92,0,0,802001.92,0,0,802001.92,0,0,836871.57,0,0,836871.57,0,0,836871.57,0,0,802001.92,0,0,802001.92,0,0,802001.92,0,0,802001.92,0,0,802001.92,0,0,802001.92,0,0,802001.92,0,0,802001.92,0,0,802001.92,0,0,802001.92,0,0,802001.92,0,0,802001.92,0,0,802001.92,0,0,802001.92,0,0,802001.92,0,0,802001.92,0,0,802001.92,0,0,802001.92,0,0,802001.92,0,0,802001.92,0,0,802001.92,0,0,802001.92,0,0,802001.92,0,0,802001.92,0,0,802001.92,0,0,802001.92,0,0,802001.92,0,0,802001.92,0,0,802001.92,0,0,802001.92,0,0,1924804.6,0,0,802001.92,0,0,802001.92,0,0,802001.92,0,0,802001.92,0,0,802001.92,0,0,802001.92,0,0,802001.92
0,1,AstraZeneca,2021-06-07,COVCOPD,0,0,0,0,0,0,0,0,0,0,0,0,0,0,0,0,0,0,0,0,0,0,0,0,0,0,0,0,0,0,0,0,0,0,0,0,0,0,0,0,0,0,0,0,0,0,0,0,0,0,802001.92,0,0,836871.57,0,0,802001.92,0,0,802001.92,0,0,802001.92,0,0,802001.92,0,0,802001.92,0,0,836871.57,0,0,836871.57,0,0,836871.57,0,0,802001.92,0,0,802001.92,0,0,802001.92,0,0,802001.92,0,0,802001.92,0,0,802001.92,0,0,802001.92,0,0,802001.92,0,0,802001.92,0,0,802001.92,0,0,802001.92,0,0,802001.92,0,0,802001.92,0,0,802001.92,0,0,802001.92,0,0,802001.92,0,0,802001.92,0,0,802001.92,0,0,802001.92,0,0,802001.92,0,0,802001.92,0,0,802001.92,0,0,802001.92,0,0,802001.92,0,0,802001.92,0,0,802001.92,0,0,802001.92,0,0,802001.92,0,0,802001.92,0,0,802001.92,0,0,1924804.6,0,0,802001.92,0,0,802001.92,0,0,802001.92,0,0,802001.92,0,0,802001.92,0,0,802001.92,0,0,802001.92
0,1,AstraZeneca,2021-06-14,COVCOPD,0,0,0,0,0,0,0,0,0,0,0,0,0,0,0,0,0,0,0,0,0,0,0,0,0,0,0,0,0,0,0,0,0,0,0,0,0,0,0,0,0,0,0,0,0,0,0,0,0,0,802001.92,0,0,836871.57,0,0,802001.92,0,0,802001.92,0,0,802001.92,0,0,802001.92,0,0,802001.92,0,0,836871.57,0,0,836871.57,0,0,836871.57,0,0,802001.92,0,0,802001.92,0,0,802001.92,0,0,802001.92,0,0,802001.92,0,0,802001.92,0,0,802001.92,0,0,802001.92,0,0,802001.92,0,0,802001.92,0,0,802001.92,0,0,802001.92,0,0,802001.92,0,0,802001.92,0,0,802001.92,0,0,802001.92,0,0,802001.92,0,0,802001.92,0,0,802001.92,0,0,802001.92,0,0,802001.92,0,0,802001.92,0,0,802001.92,0,0,802001.92,0,0,802001.92,0,0,802001.92,0,0,802001.92,0,0,802001.92,0,0,802001.92,0,0,802001.92,0,0,1924804.6,0,0,802001.92,0,0,802001.92,0,0,802001.92,0,0,802001.92,0,0,802001.92,0,0,802001.92,0,0,802001.92
0,1,AstraZeneca,2021-06-21,COVCOPD,0,0,0,0,0,0,0,0,0,0,0,0,0,0,0,0,0,0,0,0,0,0,0,0,0,0,0,0,0,0,0,0,0,0,0,0,0,0,0,0,0,0,0,0,0,0,0,0,0,0,998046.83,0,0,1052627.52,0,0,998046.83,0,0,998046.83,0,0,998046.83,0,0,998046.83,0,0,998046.83,0,0,1052627.52,0,0,1052627.52,0,0,1052627.52,0,0,998046.83,0,0,998046.83,0,0,998046.83,0,0,998046.83,0,0,998046.83,0,0,998046.83,0,0,998046.83,0,0,998046.83,0,0,998046.83,0,0,998046.83,0,0,998046.83,0,0,998046.83,0,0,998046.83,0,0,998046.83,0,0,998046.83,0,0,998046.83,0,0,998046.83,0,0,998046.83,0,0,998046.83,0,0,998046.83,0,0,998046.83,0,0,998046.83,0,0,998046.83,0,0,998046.83,0,0,998046.83,0,0,998046.83,0,0,998046.83,0,0,998046.83,0,0,998046.83,0,0,998046.83,0,0,2072866.49,0,0,998046.83,0,0,998046.83,0,0,998046.83,0,0,998046.83,0,0,998046.83,0,0,998046.83,0,0,998046.83
0,1,AstraZeneca,2021-06-28,COVCOPD,0,0,0,0,0,0,0,0,0,0,0,0,0,0,0,0,0,0,0,0,0,0,0,0,0,0,0,0,0,0,0,0,0,0,0,0,0,0,0,0,0,0,0,0,0,0,0,0,0,0,3286251.76,0,0,3545692.69,0,0,3286251.76,0,0,3286251.76,0,0,3286251.76,0,0,3286251.76,0,0,3286251.76,0,0,3454777.49,0,0,3545692.69,0,0,3545692.69,0,0,3286251.76,0,0,3286251.76,0,0,3286251.76,0,0,3286251.76,0,0,3286251.76,0,0,3286251.76,0,0,3286251.76,0,0,3286251.76,0,0,3286251.76,0,0,3286251.76,0,0,3286251.76,0,0,3286251.76,0,0,3286251.76,0,0,3286251.76,0,0,3286251.76,0,0,3286251.76,0,0,3286251.76,0,0,3286251.76,0,0,3286251.76,0,0,3286251.76,0,0,3286251.76,0,0,3286251.76,0,0,3286251.76,0,0,3286251.76,0,0,3286251.76,0,0,3286251.76,0,0,3286251.76,0,0,3286251.76,0,0,3286251.76,0,0,3286251.76,0,0,5614013.42,0,0,3286251.76,0,0,3286251.76,0,0,3286251.76,0,0,3286251.76,0,0,3286251.76,0,0,3286251.76,0,0,3286251.76
0,1,AstraZeneca,2021-03-01,COVCOPD,0,0,0,0,0,0,0,0,0,0,0,0,0,0,0,0,0,0,0,0,0,0,0,0,0,0,0,0,0,0,0,0,0,0,0,0,0,0,0,0,0,0,0,0,0,0,0,0,0,0,33684080.52,0,0,33684080.52,0,0,33684080.52,0,0,33684080.52,0,0,33684080.52,0,0,33684080.52,0,0,33684080.52,0,0,33684080.52,0,0,33684080.52,0,0,33684080.52,0,0,33684080.52,0,0,33684080.52,0,0,33684080.52,0,0,33684080.52,0,0,33684080.52,0,0,33684080.52,0,0,33684080.52,0,0,33684080.52,0,0,33684080.52,0,0,33684080.52,0,0,33684080.52,0,0,33684080.52,0,0,33684080.52,0,0,33684080.52,0,0,33684080.52,0,0,33684080.52,0,0,33684080.52,0,0,33684080.52,0,0,33684080.52,0,0,33684080.52,0,0,33684080.52,0,0,33684080.52,0,0,33684080.52,0,0,33684080.52,0,0,33684080.52,0,0,33684080.52,0,0,33684080.52,0,0,33684080.52,0,0,33684080.52,0,0,33684080.52,0,0,33684080.52,0,0,33684080.52,0,0,33684080.52,0,0,33684080.52,0,0,33684080.52,0,0,33684080.52,0,0,33684080.52,0,0,33684080.52
0,1,AstraZeneca,2021-03-08,COVCOPD,0,0,0,0,0,0,0,0,0,0,0,0,0,0,0,0,0,0,0,0,0,0,0,0,0,0,0,0,0,0,0,0,0,0,0,0,0,0,0,0,0,0,0,0,0,0,0,0,0,0,9624023,0,0,9624023,0,0,9624023,0,0,9624023,0,0,9624023,0,0,9624023,0,0,9624023,0,0,9624023,0,0,9624023,0,0,9624023,0,0,9624023,0,0,9624023,0,0,9624023,0,0,9624023,0,0,9624023,0,0,9624023,0,0,9624023,0,0,9624023,0,0,9624023,0,0,9624023,0,0,9624023,0,0,9624023,0,0,9624023,0,0,9624023,0,0,9624023,0,0,9624023,0,0,9624023,0,0,9624023,0,0,9624023,0,0,9624023,0,0,9624023,0,0,9624023,0,0,9624023,0,0,9624023,0,0,9624023,0,0,9624023,0,0,9624023,0,0,9624023,0,0,9624023,0,0,9624023,0,0,9624023,0,0,9624023,0,0,9624023,0,0,9624023,0,0,9624023,0,0,9624023,0,0,9624023,0,0,9624023
0,1,AstraZeneca,2021-03-15,COVCOPD,0,0,0,0,0,0,0,0,0,0,0,0,0,0,0,0,0,0,0,0,0,0,0,0,0,0,0,0,0,0,0,0,0,0,0,0,0,0,0,0,0,0,0,0,0,0,0,0,0,0,9624023,0,0,9624023,0,0,9624023,0,0,9624023,0,0,9624023,0,0,9624023,0,0,9624023,0,0,9624023,0,0,9624023,0,0,9624023,0,0,9624023,0,0,9624023,0,0,9624023,0,0,9624023,0,0,9624023,0,0,9624023,0,0,9624023,0,0,9624023,0,0,9624023,0,0,9624023,0,0,9624023,0,0,9624023,0,0,9624023,0,0,9624023,0,0,9624023,0,0,9624023,0,0,9624023,0,0,9624023,0,0,9624023,0,0,9624023,0,0,9624023,0,0,9624023,0,0,9624023,0,0,9624023,0,0,9624023,0,0,9624023,0,0,9624023,0,0,9624023,0,0,9624023,0,0,9624023,0,0,9624023,0,0,9624023,0,0,9624023,0,0,9624023,0,0,9624023,0,0,9624023,0,0,9624023,0,0,9624023
0,1,AstraZeneca,2021-03-22,COVCOPD,0,0,0,0,0,0,0,0,0,0,0,0,0,0,0,0,0,0,0,0,0,0,0,0,0,0,0,0,0,0,0,0,0,0,0,0,0,0,0,0,0,0,0,0,0,0,0,0,0,0,7925666,0,0,7925666,0,0,7925666,0,0,7925666,0,0,7925666,0,0,7925666,0,0,7925666,0,0,7925666,0,0,7925666,0,0,7925666,0,0,7925666,0,0,7925666,0,0,7925666,0,0,7925666,0,0,7925666,0,0,7925666,0,0,7925666,0,0,7925666,0,0,7925666,0,0,7925666,0,0,7925666,0,0,7925666,0,0,7925666,0,0,7925666,0,0,7925666,0,0,7925666,0,0,7925666,0,0,7925666,0,0,7925666,0,0,7925666,0,0,7925666,0,0,7925666,0,0,7925666,0,0,7925666,0,0,7925666,0,0,7925666,0,0,7925666,0,0,7925666,0,0,7925666,0,0,7925666,0,0,8982421.47,0,0,7925666,0,0,7925666,0,0,7925666,0,0,7925666,0,0,7925666,0,0,7925666,0,0,7925666
0,1,AstraZeneca,2021-03-29,COVCOPD,0,0,0,0,0,0,0,0,0,0,0,0,0,0,0,0,0,0,0,0,0,0,0,0,0,0,0,0,0,0,0,0,0,0,0,0,0,0,0,0,0,0,0,0,0,0,0,0,0,0,2363795.12,0,0,2406005.75,0,0,2363795.12,0,0,2363795.12,0,0,2363795.12,0,0,2363795.12,0,0,2363795.12,0,0,2363795.12,0,0,2406005.75,0,0,2406005.75,0,0,2363795.12,0,0,2363795.12,0,0,2363795.12,0,0,2363795.12,0,0,2363795.12,0,0,2363795.12,0,0,2363795.12,0,0,2363795.12,0,0,2363795.12,0,0,2363795.12,0,0,2363795.12,0,0,2363795.12,0,0,2363795.12,0,0,2363795.12,0,0,2363795.12,0,0,2363795.12,0,0,2363795.12,0,0,2363795.12,0,0,2363795.12,0,0,2363795.12,0,0,2363795.12,0,0,2363795.12,0,0,2363795.12,0,0,2363795.12,0,0,2363795.12,0,0,2363795.12,0,0,2363795.12,0,0,2363795.12,0,0,2363795.12,0,0,2363795.12,0,0,5389452.88,0,0,2363795.12,0,0,2363795.12,0,0,2363795.12,0,0,2363795.12,0,0,2363795.12,0,0,2363795.12,0,0,2363795.12
0,1,AstraZeneca,2021-04-05,COVCOPD,0,0,0,0,0,0,0,0,0,0,0,0,0,0,0,0,0,0,0,0,0,0,0,0,0,0,0,0,0,0,0,0,0,0,0,0,0,0,0,0,0,0,0,0,0,0,0,0,0,0,1334022.99,0,0,1433365.13,0,0,1334022.99,0,0,1334022.99,0,0,1334022.99,0,0,1334022.99,0,0,1334022.99,0,0,1347363.22,0,0,1433365.13,0,0,1433365.13,0,0,1334022.99,0,0,1334022.99,0,0,1334022.99,0,0,1334022.99,0,0,1334022.99,0,0,1334022.99,0,0,1334022.99,0,0,1334022.99,0,0,1334022.99,0,0,1334022.99,0,0,1334022.99,0,0,1334022.99,0,0,1334022.99,0,0,1334022.99,0,0,1334022.99,0,0,1334022.99,0,0,1334022.99,0,0,1334022.99,0,0,1334022.99,0,0,1334022.99,0,0,1334022.99,0,0,1334022.99,0,0,1334022.99,0,0,1334022.99,0,0,1334022.99,0,0,1334022.99,0,0,1334022.99,0,0,1334022.99,0,0,1334022.99,0,0,1334022.99,0,0,3641522.22,0,0,1334022.99,0,0,1334022.99,0,0,1334022.99,0,0,1334022.99,0,0,1334022.99,0,0,1334022.99,0,0,1334022.99
0,1,AstraZeneca,2021-04-12,COVCOPD,0,0,0,0,0,0,0,0,0,0,0,0,0,0,0,0,0,0,0,0,0,0,0,0,0,0,0,0,0,0,0,0,0,0,0,0,0,0,0,0,0,0,0,0,0,0,0,0,0,0,1203002.88,0,0,1283203.07,0,0,1203002.88,0,0,1203002.88,0,0,1203002.88,0,0,1203002.88,0,0,1203002.88,0,0,1283203.07,0,0,1283203.07,0,0,1283203.07,0,0,1203002.88,0,0,1203002.88,0,0,1203002.88,0,0,1203002.88,0,0,1203002.88,0,0,1203002.88,0,0,1203002.88,0,0,1203002.88,0,0,1203002.88,0,0,1203002.88,0,0,1203002.88,0,0,1203002.88,0,0,1203002.88,0,0,1203002.88,0,0,1203002.88,0,0,1203002.88,0,0,1203002.88,0,0,1203002.88,0,0,1203002.88,0,0,1203002.88,0,0,1203002.88,0,0,1203002.88,0,0,1203002.88,0,0,1203002.88,0,0,1203002.88,0,0,1203002.88,0,0,1203002.88,0,0,1203002.88,0,0,1203002.88,0,0,1203002.88,0,0,3208007.67,0,0,1203002.88,0,0,1203002.88,0,0,1203002.88,0,0,1203002.88,0,0,1203002.88,0,0,1203002.88,0,0,1203002.88
0,1,AstraZeneca,2021-04-19,COVCOPD,0,0,0,0,0,0,0,0,0,0,0,0,0,0,0,0,0,0,0,0,0,0,0,0,0,0,0,0,0,0,0,0,0,0,0,0,0,0,0,0,0,0,0,0,0,0,0,0,0,0,1203002.88,0,0,1283203.07,0,0,1203002.88,0,0,1203002.88,0,0,1203002.88,0,0,1203002.88,0,0,1203002.88,0,0,1283203.07,0,0,1283203.07,0,0,1283203.07,0,0,1203002.88,0,0,1203002.88,0,0,1203002.88,0,0,1203002.88,0,0,1203002.88,0,0,1203002.88,0,0,1203002.88,0,0,1203002.88,0,0,1203002.88,0,0,1203002.88,0,0,1203002.88,0,0,1203002.88,0,0,1203002.88,0,0,1203002.88,0,0,1203002.88,0,0,1203002.88,0,0,1203002.88,0,0,1203002.88,0,0,1203002.88,0,0,1203002.88,0,0,1203002.88,0,0,1203002.88,0,0,1203002.88,0,0,1203002.88,0,0,1203002.88,0,0,1203002.88,0,0,1203002.88,0,0,1203002.88,0,0,1203002.88,0,0,1203002.88,0,0,3208007.67,0,0,1203002.88,0,0,1203002.88,0,0,1203002.88,0,0,1203002.88,0,0,1203002.88,0,0,1203002.88,0,0,1203002.88
0,1,AstraZeneca,2021-04-26,COVCOPD,0,0,0,0,0,0,0,0,0,0,0,0,0,0,0,0,0,0,0,0,0,0,0,0,0,0,0,0,0,0,0,0,0,0,0,0,0,1,0,0,0,0,0,0,0,0,0,0,0,0,1104396.08,0,0,1171620.19,0,0,1104396.08,0,0,1104396.08,0,0,1104396.08,0,0,1104396.08,0,0,1104396.08,0,0,1171620.19,0,0,1171620.19,0,0,1171620.19,0,0,1104396.08,0,0,1104396.08,0,0,1104396.08,0,0,1104396.08,0,0,1104396.08,0,0,1104396.08,0,0,1104396.08,0,0,1104396.08,0,0,1104396.08,0,0,1104396.08,0,0,1104396.08,0,0,1104396.08,0,0,1104396.08,0,0,1104396.08,0,0,1104396.08,0,0,1104396.08,0,0,1104396.08,0,0,1104396.08,0,0,1104396.08,0,0,1104396.08,0,0,1104396.08,0,0,1104396.08,0,0,1104396.08,0,0,1104396.08,0,0,1104396.08,0,0,1104396.08,0,0,1104396.08,0,0,1104396.08,0,0,1104396.08,0,0,1104396.08,869642.86,22017.45,4845339.88,0,0,1104396.08,0,0,1104396.08,0,0,1104396.08,0,0,1104396.08,0,0,1104396.08,0,0,1104396.08,0,0,1104396.08
0,1,AstraZeneca,2021-05-03,COVCOPD,0,0,0,0,0,0,0,0,0,0,0,0,0,0,0,0,0,0,0,0,0,0,0,0,0,0,0,0,0,0,0,0,0,0,0,0,0,0,0,0,0,0,0,0,0,0,0,0,0,0,916573.62,0,0,962402.3,0,0,916573.62,0,0,916573.62,0,0,916573.62,0,0,916573.62,0,0,916573.62,0,0,962402.3,0,0,962402.3,0,0,962402.3,0,0,916573.62,0,0,916573.62,0,0,916573.62,0,0,916573.62,0,0,916573.62,0,0,916573.62,0,0,916573.62,0,0,916573.62,0,0,916573.62,0,0,916573.62,0,0,916573.62,0,0,916573.62,0,0,916573.62,0,0,916573.62,0,0,916573.62,0,0,916573.62,0,0,916573.62,0,0,916573.62,0,0,916573.62,0,0,916573.62,0,0,916573.62,0,0,916573.62,0,0,916573.62,0,0,916573.62,0,0,916573.62,0,0,916573.62,0,0,916573.62,0,0,916573.62,0,0,916573.62,0,0,916573.62,0,0,2406005.75,0,0,916573.62,0,0,916573.62,0,0,916573.62,0,0,916573.62,0,0,916573.62,0,0,916573.62,0,0,916573.62
0,1,J&J,2021-05-31,COVCOPD,0,0,0,0,0,0,0,0,0,0,0,0,0,0,0,0,0,0,0,0,0,0,0,0,0,0,0,0,0,0,0,0,0,0,0,0,0,0,0,0,0,0,0,0,0,0,0,0,0,0,22456053.68,0,0,22456053.68,0,0,22456053.68,0,0,22456053.68,0,0,22456053.68,0,0,22456053.68,0,0,22456053.68,0,0,22456053.68,0,0,22456053.68,0,0,22456053.68,0,0,22456053.68,0,0,22456053.68,0,0,22456053.68,0,0,22456053.68,0,0,22456053.68,0,0,22456053.68,0,0,22456053.68,0,0,22456053.68,0,0,22456053.68,0,0,22456053.68,0,0,22456053.68,0,0,22456053.68,0,0,22456053.68,0,0,22456053.68,0,0,22456053.68,0,0,22456053.68,0,0,22456053.68,0,0,22456053.68,0,0,22456053.68,0,0,22456053.68,0,0,22456053.68,0,0,22456053.68,0,0,22456053.68,0,0,22456053.68,0,0,22456053.68,0,0,22456053.68,0,0,22456053.68,0,0,22456053.68,0,0,22456053.68,0,0,22456053.68,0,0,22456053.68,0,0,22456053.68,0,0,22456053.68,0,0,22456053.68,0,0,22456053.68,0,0,22456053.68,0,0,22456053.68,0,0,22456053.68
0,1,J&J,2021-06-07,COVCOPD,0,0,0,0,0,0,0,0,0,0,0,0,0,0,0,0,0,0,0,0,0,0,0,0,0,0,0,0,0,0,0,0,0,0,0,0,0,0,0,0,0,0,0,0,0,0,0,0,0,0,16842040.26,0,0,16842040.26,0,0,16842040.26,0,0,16842040.26,0,0,16842040.26,0,0,16842040.26,0,0,16842040.26,0,0,16842040.26,0,0,16842040.26,0,0,16842040.26,0,0,16842040.26,0,0,16842040.26,0,0,16842040.26,0,0,16842040.26,0,0,16842040.26,0,0,16842040.26,0,0,16842040.26,0,0,16842040.26,0,0,16842040.26,0,0,16842040.26,0,0,16842040.26,0,0,16842040.26,0,0,16842040.26,0,0,16842040.26,0,0,16842040.26,0,0,16842040.26,0,0,16842040.26,0,0,16842040.26,0,0,16842040.26,0,0,16842040.26,0,0,16842040.26,0,0,16842040.26,0,0,16842040.26,0,0,16842040.26,0,0,16842040.26,0,0,16842040.26,0,0,16842040.26,0,0,16842040.26,0,0,16842040.26,0,0,16842040.26,0,0,16842040.26,0,0,16842040.26,0,0,16842040.26,0,0,16842040.26,0,0,16842040.26,0,0,16842040.26,0,0,16842040.26,0,0,16842040.26
0,1,J&J,2021-06-14,COVCOPD,0,0,0,0,0,0,0,0,0,0,0,0,0,0,0,0,0,0,0,0,0,0,0,0,0,0,0,0,0,0,0,0,0,0,0,0,0,0,0,0,0,0,0,0,0,0,0,0,0,0,9624023,0,0,9624023,0,0,9624023,0,0,9624023,0,0,9624023,0,0,9624023,0,0,9624023,0,0,9624023,0,0,9624023,0,0,9624023,0,0,9624023,0,0,9624023,0,0,9624023,0,0,9624023,0,0,9624023,0,0,9624023,0,0,9624023,0,0,9624023,0,0,9624023,0,0,9624023,0,0,9624023,0,0,9624023,0,0,9624023,0,0,9624023,0,0,9624023,0,0,9624023,0,0,9624023,0,0,9624023,0,0,9624023,0,0,9624023,0,0,9624023,0,0,9624023,0,0,9624023,0,0,9624023,0,0,9624023,0,0,9624023,0,0,9624023,0,0,9624023,0,0,9624023,0,0,9624023,0,0,9624023,0,0,9624023,0,0,9624023,0,0,9624023,0,0,9624023,0,0,9624023,0,0,9624023,0,0,9624023
0,1,J&J,2021-06-21,COVCOPD,0,0,0,0,0,0,0,0,0,0,0,0,0,0,0,0,0,0,0,0,0,0,0,0,0,0,0,0,0,0,0,0,0,0,0,0,0,0,0,0,0,0,0,0,0,0,0,0,0,0,7925666,0,0,7925666,0,0,7925666,0,0,7925666,0,0,7925666,0,0,7925666,0,0,7925666,0,0,7925666,0,0,7925666,0,0,7925666,0,0,7925666,0,0,7925666,0,0,7925666,0,0,7925666,0,0,7925666,0,0,7925666,0,0,7925666,0,0,7925666,0,0,7925666,0,0,7925666,0,0,7925666,0,0,7925666,0,0,7925666,0,0,7925666,0,0,7925666,0,0,7925666,0,0,7925666,0,0,7925666,0,0,7925666,0,0,7925666,0,0,7925666,0,0,7925666,0,0,7925666,0,0,7925666,0,0,7925666,0,0,7925666,0,0,7925666,0,0,7925666,0,0,7925666,0,0,7925666,0,0,7925666,0,0,7925666,0,0,7925666,0,0,7925666,0,0,7925666,0,0,7925666,0,0,7925666,0,0,7925666
0,1,J&J,2021-06-28,COVCOPD,0,0,0,0,0,0,0,0,0,0,0,0,0,0,0,0,0,0,0,0,0,0,0,0,0,0,0,0,0,0,0,0,0,0,0,0,0,0,0,0,0,0,0,0,0,0,0,0,0,0,14970702.45,0,0,14970702.45,0,0,14970702.45,0,0,14970702.45,0,0,14970702.45,0,0,14970702.45,0,0,14970702.45,0,0,14970702.45,0,0,14970702.45,0,0,14970702.45,0,0,14970702.45,0,0,14970702.45,0,0,14970702.45,0,0,14970702.45,0,0,14970702.45,0,0,14970702.45,0,0,14970702.45,0,0,14970702.45,0,0,14970702.45,0,0,14970702.45,0,0,14970702.45,0,0,14970702.45,0,0,14970702.45,0,0,14970702.45,0,0,14970702.45,0,0,14970702.45,0,0,14970702.45,0,0,14970702.45,0,0,14970702.45,0,0,14970702.45,0,0,14970702.45,0,0,14970702.45,0,0,14970702.45,0,0,14970702.45,0,0,14970702.45,0,0,14970702.45,0,0,14970702.45,0,0,14970702.45,0,0,14970702.45,0,0,14970702.45,0,0,14970702.45,0,0,14970702.45,0,0,14970702.45,0,0,14970702.45,0,0,14970702.45,0,0,14970702.45,0,0,14970702.45,0,0,14970702.45
0,1,Moderna,2021-04-12,COVCOPD,0,0,0,0,0,0,0,0,0,0,0,0,0,0,0,0,0,0,0,0,0,0,0,0,0,0,0,0,0,0,0,0,0,0,0,0,0,0,0,0,0,0,0,0,0,0,0,0,0,0,4082918.85,0,0,4082918.85,0,0,4082918.85,0,0,4082918.85,0,0,4082918.85,0,0,4082918.85,0,0,4082918.85,0,0,4082918.85,0,0,4082918.85,0,0,4082918.85,0,0,4082918.85,0,0,4082918.85,0,0,4082918.85,0,0,4082918.85,0,0,4082918.85,0,0,4082918.85,0,0,4082918.85,0,0,4082918.85,0,0,4082918.85,0,0,4082918.85,0,0,4082918.85,0,0,4082918.85,0,0,4082918.85,0,0,4082918.85,0,0,4082918.85,0,0,4082918.85,0,0,4082918.85,0,0,4082918.85,0,0,4082918.85,0,0,4082918.85,0,0,4082918.85,0,0,4082918.85,0,0,4082918.85,0,0,4082918.85,0,0,4082918.85,0,0,4082918.85,0,0,4082918.85,0,0,4082918.85,0,0,4082918.85,0,0,4082918.85,0,0,26947264.41,0,0,4082918.85,0,0,4082918.85,0,0,4082918.85,0,0,4082918.85,0,0,4082918.85,0,0,4082918.85,0,0,4082918.85
0,1,Moderna,2021-04-19,COVCOPD,0,0,0,0,0,0,0,0,0,0,0,0,0,0,0,0,0,0,0,0,0,0,0,0,0,0,0,0,0,0,0,0,0,0,0,0,0,0,0,0,0,0,0,0,0,0,0,0,0,0,4646080.07,0,0,4646080.07,0,0,4646080.07,0,0,4646080.07,0,0,4646080.07,0,0,4646080.07,0,0,4646080.07,0,0,4646080.07,0,0,4646080.07,0,0,4646080.07,0,0,4646080.07,0,0,4646080.07,0,0,4646080.07,0,0,4646080.07,0,0,4646080.07,0,0,4646080.07,0,0,4646080.07,0,0,4646080.07,0,0,4646080.07,0,0,4646080.07,0,0,4646080.07,0,0,4646080.07,0,0,4646080.07,0,0,4646080.07,0,0,4646080.07,0,0,4646080.07,0,0,4646080.07,0,0,4646080.07,0,0,4646080.07,0,0,4646080.07,0,0,4646080.07,0,0,4646080.07,0,0,4646080.07,0,0,4646080.07,0,0,4646080.07,0,0,4646080.07,0,0,4646080.07,0,0,4646080.07,0,0,4646080.07,0,0,4646080.07,0,0,19248046.01,0,0,4646080.07,0,0,4646080.07,0,0,4646080.07,0,0,4646080.07,0,0,4646080.07,0,0,4646080.07,0,0,4646080.07
0,1,Moderna,2021-04-26,COVCOPD,0,0,0,0,0,0,0,0,0,0,0,0,0,0,0,0,0,0,0,0,0,0,0,0,0,0,0,0,0,0,0,0,0,0,0,0,0,0,0,0,0,0,0,0,0,0,0,0,0,0,5614013.42,0,0,5614013.42,0,0,5614013.42,0,0,5614013.42,0,0,5614013.42,0,0,5614013.42,0,0,5614013.42,0,0,5614013.42,0,0,5614013.42,0,0,5614013.42,0,0,5614013.42,0,0,5614013.42,0,0,5614013.42,0,0,5614013.42,0,0,5614013.42,0,0,5614013.42,0,0,5614013.42,0,0,5614013.42,0,0,5614013.42,0,0,5614013.42,0,0,5614013.42,0,0,5614013.42,0,0,5614013.42,0,0,5614013.42,0,0,5614013.42,0,0,5614013.42,0,0,5614013.42,0,0,5614013.42,0,0,5614013.42,0,0,5614013.42,0,0,5614013.42,0,0,5614013.42,0,0,5614013.42,0,0,5614013.42,0,0,5614013.42,0,0,5614013.42,0,0,5614013.42,0,0,5614013.42,0,0,5614013.42,0,0,5614013.42,0,0,19248046.01,0,0,5614013.42,0,0,5614013.42,0,0,5614013.42,0,0,5614013.42,0,0,5614013.42,0,0,5614013.42,0,0,5614013.42
0,1,Moderna,2021-05-03,COVCOPD,0,0,0,0,0,0,0,0,0,0,0,0,0,0,0,0,0,0,0,0,0,0,0,0,0,0,0,0,0,0,0,0,0,0,0,0,0,0,0,0,0,0,0,0,0,0,0,0,0,0,6736816.1,0,0,6736816.1,0,0,6736816.1,0,0,6736816.1,0,0,6736816.1,0,0,6736816.1,0,0,6736816.1,0,0,6736816.1,0,0,6736816.1,0,0,6736816.1,0,0,6736816.1,0,0,6736816.1,0,0,6736816.1,0,0,6736816.1,0,0,6736816.1,0,0,6736816.1,0,0,6736816.1,0,0,6736816.1,0,0,6736816.1,0,0,6736816.1,0,0,6736816.1,0,0,6736816.1,0,0,6736816.1,0,0,6736816.1,0,0,6736816.1,0,0,6736816.1,0,0,6736816.1,0,0,6736816.1,0,0,6736816.1,0,0,6736816.1,0,0,6736816.1,0,0,6736816.1,0,0,6736816.1,0,0,6736816.1,0,0,6736816.1,0,0,6736816.1,0,0,6736816.1,0,0,6736816.1,0,0,6736816.1,0,0,6736816.1,0,0,19248046.01,0,0,6736816.1,0,0,6736816.1,0,0,6736816.1,0,0,6736816.1,0,0,6736816.1,0,0,6736816.1,0,0,6736816.1
0,1,Moderna,2021-05-10,COVCOPD,0,0,0,0,0,0,0,0,0,0,0,0,0,0,0,0,0,0,0,0,0,0,0,0,0,0,0,0,0,0,0,0,0,0,0,0,0,0,0,0,0,0,0,0,0,0,0,0,0,0,8421020.13,0,0,8421020.13,0,0,8421020.13,0,0,8421020.13,0,0,8421020.13,0,0,8421020.13,0,0,8421020.13,0,0,8421020.13,0,0,8421020.13,0,0,8421020.13,0,0,8421020.13,0,0,8421020.13,0,0,8421020.13,0,0,8421020.13,0,0,8421020.13,0,0,8421020.13,0,0,8421020.13,0,0,8421020.13,0,0,8421020.13,0,0,8421020.13,0,0,8421020.13,0,0,8421020.13,0,0,8421020.13,0,0,8421020.13,0,0,8421020.13,0,0,8421020.13,0,0,8421020.13,0,0,8421020.13,0,0,8421020.13,0,0,8421020.13,0,0,8421020.13,0,0,8421020.13,0,0,8421020.13,0,0,8421020.13,0,0,8421020.13,0,0,8421020.13,0,0,8421020.13,0,0,8421020.13,0,0,8421020.13,0,0,8421020.13,0,0,22456053.68,0,0,8421020.13,0,0,8421020.13,0,0,8421020.13,0,0,8421020.13,0,0,8421020.13,0,0,8421020.13,0,0,8421020.13
0,1,Moderna,2021-03-08,COVCOPD,0,0,0,0,0,0,0,0,0,0,0,0,0,0,0,0,0,0,0,0,0,0,0,0,0,0,0,0,0,0,0,0,0,0,0,0,0,0,0,0,0,0,0,0,0,0,0,0,0,0,44912107.35,0,0,44912107.35,0,0,44912107.35,,,0,,,0,,,0,0,0,44912107.35,0,0,44912107.35,0,0,44912107.35,0,0,44912107.35,0,0,44912107.35,0,0,44912107.35,0,0,44912107.35,0,0,44912107.35,0,0,44912107.35,0,0,44912107.35,,,0,,,0,0,0,44912107.35,0,0,44912107.35,0,0,44912107.35,0,0,44912107.35,0,0,44912107.35,0,0,44912107.35,0,0,44912107.35,0,0,44912107.35,0,0,44912107.35,0,0,44912107.35,0,0,44912107.35,0,0,44912107.35,0,0,44912107.35,0,0,44912107.35,0,0,44912107.35,0,0,44912107.35,0,0,44912107.35,0,0,44912107.35,0,0,44912107.35,0,0,44912107.35,0,0,44912107.35,0,0,44912107.35,,,0,0,0,44912107.35,0,0,44912107.35,0,0,44912107.35,0,0,44912107.35,0,0,44912107.35,0,0,44912107.35,0,0,44912107.35
0,1,Moderna,2021-03-15,COVCOPD,0,0,0,0,0,0,0,0,0,0,0,0,0,0,0,0,0,0,0,0,0,0,0,0,0,0,0,0,0,0,0,0,0,0,0,0,0,0,0,0,0,0,0,0,0,0,0,0,0,0,9624023,0,0,9624023,0,0,9624023,0,0,19248046.01,0,0,19248046.01,0,0,19248046.01,0,0,9624023,0,0,9624023,0,0,9624023,0,0,9624023,0,0,9624023,0,0,9624023,0,0,9624023,0,0,9624023,0,0,9624023,0,0,9624023,0,0,19248046.01,0,0,19248046.01,0,0,9624023,0,0,9624023,0,0,9624023,0,0,9624023,0,0,9624023,0,0,9624023,0,0,9624023,0,0,9624023,0,0,9624023,0,0,9624023,0,0,9624023,0,0,9624023,0,0,9624023,0,0,9624023,0,0,9624023,0,0,9624023,0,0,9624023,0,0,9624023,0,0,9624023,0,0,9624023,0,0,9624023,0,0,9624023,,,0,0,0,9624023,0,0,9624023,0,0,9624023,0,0,9624023,0,0,9624023,0,0,9624023,0,0,9624023
0,1,Moderna,2021-03-22,COVCOPD,0,0,0,0,0,0,0,0,0,0,0,0,0,0,0,0,0,0,0,0,0,0,0,0,0,0,0,0,0,0,0,0,0,0,0,0,0,0,0,0,0,0,0,0,0,0,0,0,0,0,6736816.1,0,0,6736816.1,0,0,6736816.1,0,0,10364332.47,0,0,10364332.47,0,0,10364332.47,0,0,6736816.1,0,0,6736816.1,0,0,6736816.1,0,0,6736816.1,0,0,6736816.1,0,0,6736816.1,0,0,6736816.1,0,0,6736816.1,0,0,6736816.1,0,0,6736816.1,0,0,10364332.47,0,0,10364332.47,0,0,6736816.1,0,0,6736816.1,0,0,6736816.1,0,0,6736816.1,0,0,6736816.1,0,0,6736816.1,0,0,6736816.1,0,0,6736816.1,0,0,6736816.1,0,0,6736816.1,0,0,6736816.1,0,0,6736816.1,0,0,6736816.1,0,0,6736816.1,0,0,6736816.1,0,0,6736816.1,0,0,6736816.1,0,0,6736816.1,0,0,6736816.1,0,0,6736816.1,0,0,6736816.1,0,0,6736816.1,,,0,0,0,6736816.1,0,0,6736816.1,0,0,6736816.1,0,0,6736816.1,0,0,6736816.1,0,0,6736816.1,0,0,6736816.1
0,1,Moderna,2021-03-29,COVCOPD,0,0,0,0,0,0,0,0,0,0,0,0,0,0,0,0,0,0,0,0,0,0,0,0,0,0,0,0,0,0,0,0,0,0,0,0,0,0,0,0,0,0,0,0,0,0,0,0,0,0,4990234.15,0,0,4990234.15,0,0,4990234.15,0,0,6736816.1,0,0,6736816.1,0,0,6736816.1,0,0,4990234.15,0,0,4990234.15,0,0,4990234.15,0,0,4990234.15,0,0,4990234.15,0,0,4990234.15,0,0,4990234.15,0,0,4990234.15,0,0,4990234.15,0,0,4990234.15,0,0,6736816.1,0,0,6736816.1,0,0,4990234.15,0,0,4990234.15,0,0,4990234.15,0,0,4990234.15,0,0,4990234.15,0,0,4990234.15,0,0,4990234.15,0,0,4990234.15,0,0,4990234.15,0,0,4990234.15,0,0,4990234.15,0,0,4990234.15,0,0,4990234.15,0,0,4990234.15,0,0,4990234.15,0,0,4990234.15,0,0,4990234.15,0,0,4990234.15,0,0,4990234.15,0,0,4990234.15,0,0,4990234.15,0,0,4990234.15,,,0,0,0,4990234.15,0,0,4990234.15,0,0,4990234.15,0,0,4990234.15,0,0,4990234.15,0,0,4990234.15,0,0,4990234.15
0,1,Moderna,2021-04-05,COVCOPD,0,0,0,0,0,0,0,0,0,0,0,0,0,0,0,0,0,0,0,0,0,0,0,0,0,0,0,0,0,0,0,0,0,0,0,0,0,0,0,0,0,0,0,0,0,0,0,0,0,0,4812011.5,0,0,4812011.5,0,0,4812011.5,0,0,5182166.23,0,0,5182166.23,0,0,5182166.23,0,0,4812011.5,0,0,4812011.5,0,0,4812011.5,0,0,4812011.5,0,0,4812011.5,0,0,4812011.5,0,0,4812011.5,0,0,4812011.5,0,0,4812011.5,0,0,4812011.5,0,0,5182166.23,0,0,5182166.23,0,0,4812011.5,0,0,4812011.5,0,0,4812011.5,0,0,4812011.5,0,0,4812011.5,0,0,4812011.5,0,0,4812011.5,0,0,4812011.5,0,0,4812011.5,0,0,4812011.5,0,0,4812011.5,0,0,4812011.5,0,0,4812011.5,0,0,4812011.5,0,0,4812011.5,0,0,4812011.5,0,0,4812011.5,0,0,4812011.5,0,0,4812011.5,0,0,4812011.5,0,0,4812011.5,0,0,4812011.5,,,0,0,0,4812011.5,0,0,4812011.5,0,0,4812011.5,0,0,4812011.5,0,0,4812011.5,0,0,4812011.5,0,0,4812011.5
0,1,Pfizer,2021-05-03,COVCOPD,0,0,0,0,0,0,0,0,0,0,0,0,0,0,0,0,0,0,0,0,0,0,0,0,0,0,0,0,0,0,0,0,0,0,0,0,0,0,0,0,0,0,0,0,0,0,0,0,0,0,1663411.38,0,0,1663411.38,0,0,1663411.38,0,0,1845703.04,0,0,1663411.38,0,0,1663411.38,0,0,1663411.38,0,0,1663411.38,0,0,1663411.38,0,0,1663411.38,0,0,1663411.38,0,0,1663411.38,0,0,1663411.38,0,0,1663411.38,0,0,1663411.38,0,0,1663411.38,0,0,1663411.38,0,0,1663411.38,0,0,1663411.38,0,0,1663411.38,0,0,1663411.38,0,0,1663411.38,0,0,1663411.38,0,0,1663411.38,0,0,1663411.38,0,0,1663411.38,0,0,1663411.38,0,0,1663411.38,0,0,1663411.38,0,0,1663411.38,0,0,1663411.38,0,0,1663411.38,0,0,1663411.38,0,0,1663411.38,0,0,1663411.38,0,0,1663411.38,0,0,1663411.38,0,0,1663411.38,0,0,1663411.38,0,0,1663411.38,0,0,5389452.88,0,0,1663411.38,0,0,1663411.38,0,0,1663411.38,0,0,1663411.38,0,0,1663411.38,0,0,1663411.38,0,0,1663411.38
0,2,AstraZeneca,2021-05-24,COVCOPD,0,0,0,0,0,0,0,0,0,0,0,0,0,0,0,0,0,0,0,0,0,0,0,0,0,0,0,0,0,0,0,0,0,0,0,0,0,0,0,0,0,0,0,0,0,0,0,0,0,0,67368161.03,0,0,67368161.03,0,0,67368161.03,0,0,67368161.03,0,0,67368161.03,0,0,67368161.03,0,0,67368161.03,0,0,67368161.03,0,0,67368161.03,0,0,67368161.03,0,0,67368161.03,0,0,67368161.03,0,0,67368161.03,0,0,67368161.03,0,0,67368161.03,0,0,67368161.03,0,0,67368161.03,0,0,67368161.03,0,0,67368161.03,0,0,67368161.03,0,0,67368161.03,0,0,67368161.03,0,0,67368161.03,0,0,67368161.03,0,0,67368161.03,0,0,67368161.03,0,0,67368161.03,0,0,67368161.03,0,0,67368161.03,0,0,67368161.03,0,0,67368161.03,0,0,67368161.03,0,0,67368161.03,0,0,67368161.03,0,0,67368161.03,0,0,67368161.03,0,0,67368161.03,0,0,67368161.03,0,0,67368161.03,0,0,67368161.03,0,0,67368161.03,0,0,67368161.03,0,0,67368161.03,0,0,67368161.03,0,0,67368161.03,0,0,67368161.03,0,0,67368161.03,0,0,67368161.03
0,2,AstraZeneca,2021-05-31,COVCOPD,0,0,0,0,0,0,0,0,0,0,0,0,0,0,0,0,0,0,0,0,0,0,0,0,0,0,0,0,0,0,0,0,0,0,0,0,0,0,0,0,0,0,0,0,0,0,0,0,0,0,11228026.84,0,0,11228026.84,0,0,11228026.84,0,0,11228026.84,0,0,11228026.84,0,0,11228026.84,0,0,11228026.84,0,0,11228026.84,0,0,11228026.84,0,0,11228026.84,0,0,11228026.84,0,0,11228026.84,0,0,11228026.84,0,0,11228026.84,0,0,11228026.84,0,0,11228026.84,0,0,11228026.84,0,0,11228026.84,0,0,11228026.84,0,0,11228026.84,0,0,11228026.84,0,0,11228026.84,0,0,11228026.84,0,0,11228026.84,0,0,11228026.84,0,0,11228026.84,0,0,11228026.84,0,0,11228026.84,0,0,11228026.84,0,0,11228026.84,0,0,11228026.84,0,0,11228026.84,0,0,11228026.84,0,0,11228026.84,0,0,11228026.84,0,0,11228026.84,0,0,11228026.84,0,0,11228026.84,0,0,11228026.84,0,0,11228026.84,0,0,11228026.84,0,0,11228026.84,0,0,11228026.84,0,0,11228026.84,0,0,11228026.84,0,0,11228026.84,0,0,11228026.84,0,0,11228026.84
0,2,AstraZeneca,2021-06-07,COVCOPD,0,0,0,0,0,0,0,0,0,0,0,0,0,0,0,0,0,0,0,0,0,0,0,0,0,0,0,0,0,0,0,0,0,0,0,0,0,0,0,0,0,0,0,0,0,0,0,0,0,0,9624023,0,0,9624023,0,0,9624023,0,0,9624023,0,0,9624023,0,0,9624023,0,0,9624023,0,0,9624023,0,0,9624023,0,0,9624023,0,0,9624023,0,0,9624023,0,0,9624023,0,0,9624023,0,0,9624023,0,0,9624023,0,0,9624023,0,0,9624023,0,0,9624023,0,0,9624023,0,0,9624023,0,0,9624023,0,0,9624023,0,0,9624023,0,0,9624023,0,0,9624023,0,0,9624023,0,0,9624023,0,0,9624023,0,0,9624023,0,0,9624023,0,0,9624023,0,0,9624023,0,0,9624023,0,0,9624023,0,0,9624023,0,0,9624023,0,0,9624023,0,0,9624023,0,0,9624023,0,0,9624023,0,0,9624023,0,0,9624023,0,0,9624023,0,0,9624023,0,0,9624023,0,0,9624023,0,0,9624023
0,2,AstraZeneca,2021-06-14,COVCOPD,0,0,0,0,0,0,0,0,0,0,0,0,0,0,0,0,0,0,0,0,0,0,0,0,0,0,0,0,0,0,0,0,0,0,0,0,0,0,0,0,0,0,0,0,0,0,0,0,0,0,9624023,0,0,9624023,0,0,9624023,0,0,9624023,0,0,9624023,0,0,9624023,0,0,9624023,0,0,9624023,0,0,9624023,0,0,9624023,0,0,9624023,0,0,9624023,0,0,9624023,0,0,9624023,0,0,9624023,0,0,9624023,0,0,9624023,0,0,9624023,0,0,9624023,0,0,9624023,0,0,9624023,0,0,9624023,0,0,9624023,0,0,9624023,0,0,9624023,0,0,9624023,0,0,9624023,0,0,9624023,0,0,9624023,0,0,9624023,0,0,9624023,0,0,9624023,0,0,9624023,0,0,9624023,0,0,9624023,0,0,9624023,0,0,9624023,0,0,9624023,0,0,9624023,0,0,9624023,0,0,9624023,0,0,9624023,0,0,9624023,0,0,9624023,0,0,9624023,0,0,9624023,0,0,9624023,0,0,9624023
0,2,AstraZeneca,2021-06-21,COVCOPD,0,0,0,0,0,0,0,0,0,0,0,0,0,0,0,0,0,0,0,0,0,0,0,0,0,0,0,0,0,0,0,0,0,0,0,0,0,1,0,0,0,0,0,0,0,0,0,0,0,0,2866730.26,0,0,2866730.26,0,0,2866730.26,0,0,2866730.26,0,0,2866730.26,0,0,2866730.26,0,0,2866730.26,0,0,2866730.26,0,0,2866730.26,0,0,2866730.26,0,0,2866730.26,0,0,2866730.26,0,0,2866730.26,0,0,2866730.26,0,0,2866730.26,0,0,2866730.26,0,0,2866730.26,0,0,2866730.26,0,0,2866730.26,0,0,2866730.26,0,0,2866730.26,0,0,2866730.26,0,0,2866730.26,0,0,2866730.26,0,0,2866730.26,0,0,2866730.26,0,0,2866730.26,0,0,2866730.26,0,0,2866730.26,0,0,2866730.26,0,0,2866730.26,0,0,2866730.26,0,0,2866730.26,0,0,2866730.26,0,0,2866730.26,0,0,2866730.26,0,0,2866730.26,0,0,2866730.26,0,0,2866730.26,0,0,2866730.26,2029166.67,51374.05,11305793.05,0,0,2866730.26,0,0,2866730.26,0,0,2866730.26,0,0,2866730.26,0,0,2866730.26,0,0,2866730.26,0,0,2866730.26
0,2,AstraZeneca,2021-06-28,COVCOPD,0,0,0,0,0,0,0,0,0,0,0,0,0,0,0,0,0,0,0,0,0,0,0,0,0,0,0,0,0,0,0,0,0,0,0,0,0,0,0,0,0,0,0,0,0,0,0,0,0,0,3742675.61,0,0,3742675.61,0,0,3742675.61,0,0,3742675.61,0,0,3742675.61,0,0,3742675.61,0,0,3742675.61,0,0,3742675.61,0,0,3742675.61,0,0,3742675.61,0,0,3742675.61,0,0,3742675.61,0,0,3742675.61,0,0,3742675.61,0,0,3742675.61,0,0,3742675.61,0,0,3742675.61,0,0,3742675.61,0,0,3742675.61,0,0,3742675.61,0,0,3742675.61,0,0,3742675.61,0,0,3742675.61,0,0,3742675.61,0,0,3742675.61,0,0,3742675.61,0,0,3742675.61,0,0,3742675.61,0,0,3742675.61,0,0,3742675.61,0,0,3742675.61,0,0,3742675.61,0,0,3742675.61,0,0,3742675.61,0,0,3742675.61,0,0,3742675.61,0,0,3742675.61,0,0,3742675.61,0,0,3742675.61,0,0,3742675.61,0,0,14970702.45,0,0,3742675.61,0,0,3742675.61,0,0,3742675.61,0,0,3742675.61,0,0,3742675.61,0,0,3742675.61,0,0,3742675.61
0,2,Moderna,2021-05-10,COVCOPD,0,0,0,0,0,0,0,0,0,0,0,0,0,0,0,0,0,0,0,0,0,0,0,0,0,0,0,0,0,0,0,0,0,0,0,0,0,0,0,0,0,0,0,0,0,0,0,0,0,0,3454777.49,0,0,3454777.49,0,0,3454777.49,0,0,4210510.06,0,0,4210510.06,0,0,4210510.06,0,0,3454777.49,0,0,3454777.49,0,0,3454777.49,0,0,3454777.49,0,0,3454777.49,0,0,3454777.49,0,0,3454777.49,0,0,3454777.49,0,0,3454777.49,0,0,3454777.49,0,0,4210510.06,0,0,4210510.06,0,0,3454777.49,0,0,3454777.49,0,0,3454777.49,0,0,3454777.49,0,0,3454777.49,0,0,3454777.49,0,0,3454777.49,0,0,3454777.49,0,0,3454777.49,0,0,3454777.49,0,0,3454777.49,0,0,3454777.49,0,0,3454777.49,0,0,3454777.49,0,0,3454777.49,0,0,3454777.49,0,0,3454777.49,0,0,3454777.49,0,0,3454777.49,0,0,3454777.49,0,0,3454777.49,0,0,3454777.49,0,0,33684080.52,0,0,3454777.49,0,0,3454777.49,0,0,3454777.49,0,0,3454777.49,0,0,3454777.49,0,0,3454777.49,0,0,3454777.49
0,2,Moderna,2021-05-17,COVCOPD,0,0,0,0,0,0,0,0,0,0,0,0,0,0,0,0,0,0,0,0,0,0,0,0,0,0,0,0,0,0,0,0,0,0,0,0,0,0,0,0,0,0,0,0,0,0,0,0,0,0,3208007.67,0,0,3208007.67,0,0,3208007.67,0,0,3849609.2,0,0,3849609.2,0,0,3849609.2,0,0,3208007.67,0,0,3208007.67,0,0,3208007.67,0,0,3208007.67,0,0,3208007.67,0,0,3208007.67,0,0,3208007.67,0,0,3208007.67,0,0,3208007.67,0,0,3208007.67,0,0,3849609.2,0,0,3849609.2,0,0,3208007.67,0,0,3208007.67,0,0,3208007.67,0,0,3208007.67,0,0,3208007.67,0,0,3208007.67,0,0,3208007.67,0,0,3208007.67,0,0,3208007.67,0,0,3208007.67,0,0,3208007.67,0,0,3208007.67,0,0,3208007.67,0,0,3208007.67,0,0,3208007.67,0,0,3208007.67,0,0,3208007.67,0,0,3208007.67,0,0,3208007.67,0,0,3208007.67,0,0,3208007.67,0,0,3208007.67,0,0,19248046.01,0,0,3208007.67,0,0,3208007.67,0,0,3208007.67,0,0,3208007.67,0,0,3208007.67,0,0,3208007.67,0,0,3208007.67
0,2,Moderna,2021-05-24,COVCOPD,0,0,0,0,0,0,0,0,0,0,0,0,0,0,0,0,0,0,0,0,0,0,0,0,0,0,0,0,0,0,0,0,0,0,0,0,0,0,0,0,0,0,0,0,0,0,0,0,0,0,3208007.67,0,0,3208007.67,0,0,3208007.67,0,0,3849609.2,0,0,3849609.2,0,0,3849609.2,0,0,3208007.67,0,0,3208007.67,0,0,3208007.67,0,0,3208007.67,0,0,3208007.67,0,0,3208007.67,0,0,3208007.67,0,0,3208007.67,0,0,3208007.67,0,0,3208007.67,0,0,3849609.2,0,0,3849609.2,0,0,3208007.67,0,0,3208007.67,0,0,3208007.67,0,0,3208007.67,0,0,3208007.67,0,0,3208007.67,0,0,3208007.67,0,0,3208007.67,0,0,3208007.67,0,0,3208007.67,0,0,3208007.67,0,0,3208007.67,0,0,3208007.67,0,0,3208007.67,0,0,3208007.67,0,0,3208007.67,0,0,3208007.67,0,0,3208007.67,0,0,3208007.67,0,0,3208007.67,0,0,3208007.67,0,0,3208007.67,0,0,19248046.01,0,0,3208007.67,0,0,3208007.67,0,0,3208007.67,0,0,3208007.67,0,0,3208007.67,0,0,3208007.67,0,0,3208007.67
0,2,Moderna,2021-05-31,COVCOPD,0,0,0,0,0,0,0,0,0,0,0,0,0,0,0,0,0,0,0,0,0,0,0,0,0,0,0,0,0,0,0,0,0,0,0,0,0,0,0,0,0,0,0,0,0,0,0,0,0,0,3208007.67,0,0,3208007.67,0,0,3208007.67,0,0,3849609.2,0,0,3849609.2,0,0,3849609.2,0,0,3208007.67,0,0,3208007.67,0,0,3208007.67,0,0,3208007.67,0,0,3208007.67,0,0,3208007.67,0,0,3208007.67,0,0,3208007.67,0,0,3208007.67,0,0,3208007.67,0,0,3849609.2,0,0,3849609.2,0,0,3208007.67,0,0,3208007.67,0,0,3208007.67,0,0,3208007.67,0,0,3208007.67,0,0,3208007.67,0,0,3208007.67,0,0,3208007.67,0,0,3208007.67,0,0,3208007.67,0,0,3208007.67,0,0,3208007.67,0,0,3208007.67,0,0,3208007.67,0,0,3208007.67,0,0,3208007.67,0,0,3208007.67,0,0,3208007.67,0,0,3208007.67,0,0,3208007.67,0,0,3208007.67,0,0,3208007.67,0,0,19248046.01,0,0,3208007.67,0,0,3208007.67,0,0,3208007.67,0,0,3208007.67,0,0,3208007.67,0,0,3208007.67,0,0,3208007.67
0,2,Moderna,2021-06-07,COVCOPD,0,0,0,0,0,0,0,0,0,0,0,0,0,0,0,0,0,0,0,0,0,0,0,0,0,0,0,0,0,0,0,0,0,0,0,0,0,0,0,0,0,0,0,0,0,0,0,0,0,0,2929050.48,0,0,2929050.48,0,0,2929050.48,0,0,3454777.49,0,0,3454777.49,0,0,3454777.49,0,0,2929050.48,0,0,2929050.48,0,0,2929050.48,0,0,2929050.48,0,0,2929050.48,0,0,2929050.48,0,0,2929050.48,0,0,2929050.48,0,0,2929050.48,0,0,2929050.48,0,0,3454777.49,0,0,3454777.49,0,0,2929050.48,0,0,2929050.48,0,0,2929050.48,0,0,2929050.48,0,0,2929050.48,0,0,2929050.48,0,0,2929050.48,0,0,2929050.48,0,0,2929050.48,0,0,2929050.48,0,0,2929050.48,0,0,2929050.48,0,0,2929050.48,0,0,2929050.48,0,0,2929050.48,0,0,2929050.48,0,0,2929050.48,0,0,2929050.48,0,0,2929050.48,0,0,2929050.48,0,0,2929050.48,0,0,2929050.48,0,0,19248046.01,0,0,2929050.48,0,0,2929050.48,0,0,2929050.48,0,0,2929050.48,0,0,2929050.48,0,0,2929050.48,0,0,2929050.48
0,2,Moderna,2021-06-14,COVCOPD,0,0,0,0,0,0,0,0,0,0,0,0,0,0,0,0,0,0,0,0,0,0,0,0,0,0,0,0,0,0,0,0,0,0,0,0,0,0,0,0,0,0,0,0,0,0,0,0,0,0,2749720.86,0,0,2749720.86,0,0,2749720.86,0,0,3208007.67,0,0,3208007.67,0,0,3208007.67,0,0,2749720.86,0,0,2749720.86,0,0,2749720.86,0,0,2749720.86,0,0,2749720.86,0,0,2749720.86,0,0,2749720.86,0,0,2749720.86,0,0,2749720.86,0,0,2749720.86,0,0,3208007.67,0,0,3208007.67,0,0,2749720.86,0,0,2749720.86,0,0,2749720.86,0,0,2749720.86,0,0,2749720.86,0,0,2749720.86,0,0,2749720.86,0,0,2749720.86,0,0,2749720.86,0,0,2749720.86,0,0,2749720.86,0,0,2749720.86,0,0,2749720.86,0,0,2749720.86,0,0,2749720.86,0,0,2749720.86,0,0,2749720.86,0,0,2749720.86,0,0,2749720.86,0,0,2749720.86,0,0,2749720.86,0,0,2749720.86,0,0,19248046.01,0,0,2749720.86,0,0,2749720.86,0,0,2749720.86,0,0,2749720.86,0,0,2749720.86,0,0,2749720.86,0,0,2749720.86
0,2,Moderna,2021-06-21,COVCOPD,0,0,0,0,0,0,0,0,0,0,0,0,0,0,0,0,0,0,0,0,0,0,0,0,0,0,0,0,0,0,0,0,0,0,0,0,0,0,0,0,0,0,0,0,0,0,0,0,0,0,2542194.76,0,0,2542194.76,0,0,2542194.76,0,0,2929050.48,0,0,2929050.48,0,0,2929050.48,0,0,2542194.76,0,0,2542194.76,0,0,2542194.76,0,0,2542194.76,0,0,2542194.76,0,0,2542194.76,0,0,2542194.76,0,0,2542194.76,0,0,2542194.76,0,0,2542194.76,0,0,2929050.48,0,0,2929050.48,0,0,2542194.76,0,0,2542194.76,0,0,2542194.76,0,0,2542194.76,0,0,2542194.76,0,0,2542194.76,0,0,2542194.76,0,0,2542194.76,0,0,2542194.76,0,0,2542194.76,0,0,2542194.76,0,0,2542194.76,0,0,2542194.76,0,0,2542194.76,0,0,2542194.76,0,0,2542194.76,0,0,2542194.76,0,0,2542194.76,0,0,2542194.76,0,0,2542194.76,0,0,2542194.76,0,0,2542194.76,0,0,12248756.55,0,0,2542194.76,0,0,2542194.76,0,0,2542194.76,0,0,2542194.76,0,0,2542194.76,0,0,2542194.76,0,0,2542194.76
0,2,Moderna,2021-06-28,COVCOPD,0,0,0,0,0,0,0,0,0,0,0,0,0,0,0,0,0,0,0,0,0,0,0,0,0,0,0,0,0,0,0,0,0,0,0,0,0,0,0,0,0,0,0,0,0,0,0,0,0,0,5614013.42,0,0,5614013.42,0,0,5614013.42,0,0,6416015.34,0,0,6416015.34,0,0,6416015.34,0,0,5614013.42,0,0,5614013.42,0,0,5614013.42,0,0,5614013.42,0,0,5614013.42,0,0,5614013.42,0,0,5614013.42,0,0,5614013.42,0,0,5614013.42,0,0,5614013.42,0,0,6416015.34,0,0,6416015.34,0,0,5614013.42,0,0,5614013.42,0,0,5614013.42,0,0,5614013.42,0,0,5614013.42,0,0,5614013.42,0,0,5614013.42,0,0,5614013.42,0,0,5614013.42,0,0,5614013.42,0,0,5614013.42,0,0,5614013.42,0,0,5614013.42,0,0,5614013.42,0,0,5614013.42,0,0,5614013.42,0,0,5614013.42,0,0,5614013.42,0,0,5614013.42,0,0,5614013.42,0,0,5614013.42,0,0,5614013.42,0,0,22456053.68,0,0,5614013.42,0,0,5614013.42,0,0,5614013.42,0,0,5614013.42,0,0,5614013.42,0,0,5614013.42,0,0,5614013.42
0,2,Moderna,2021-04-05,COVCOPD,0,0,0,0,0,0,0,0,0,0,0,0,0,0,0,0,0,0,0,0,0,0,0,0,0,0,0,0,0,0,0,0,0,0,0,0,0,0,0,0,0,0,0,0,0,0,0,0,0,0,19248046.01,0,0,19248046.01,0,0,19248046.01,0,0,67368161.03,0,0,67368161.03,0,0,67368161.03,0,0,19248046.01,0,0,19248046.01,0,0,19248046.01,0,0,19248046.01,0,0,19248046.01,0,0,19248046.01,0,0,19248046.01,0,0,19248046.01,0,0,19248046.01,0,0,19248046.01,0,0,67368161.03,0,0,67368161.03,0,0,19248046.01,0,0,19248046.01,0,0,19248046.01,0,0,19248046.01,0,0,19248046.01,0,0,19248046.01,0,0,19248046.01,0,0,19248046.01,0,0,19248046.01,0,0,19248046.01,0,0,19248046.01,0,0,19248046.01,0,0,19248046.01,0,0,19248046.01,0,0,19248046.01,0,0,19248046.01,0,0,19248046.01,0,0,19248046.01,0,0,19248046.01,0,0,19248046.01,0,0,19248046.01,0,0,19248046.01,,,0,0,0,19248046.01,0,0,19248046.01,0,0,19248046.01,0,0,19248046.01,0,0,19248046.01,0,0,19248046.01,0,0,19248046.01
0,2,Moderna,2021-04-12,COVCOPD,0,0,0,0,0,0,0,0,0,0,0,0,0,0,0,0,0,0,0,0,0,0,0,0,0,0,0,0,0,0,0,0,0,0,0,0,0,0,0,0,0,0,0,0,0,0,0,0,0,0,9624023,0,0,9624023,0,0,9624023,0,0,19248046.01,0,0,19248046.01,0,0,19248046.01,0,0,9624023,0,0,9624023,0,0,9624023,0,0,9624023,0,0,9624023,0,0,9624023,0,0,9624023,0,0,9624023,0,0,9624023,0,0,9624023,0,0,19248046.01,0,0,19248046.01,0,0,9624023,0,0,9624023,0,0,9624023,0,0,9624023,0,0,9624023,0,0,9624023,0,0,9624023,0,0,9624023,0,0,9624023,0,0,9624023,0,0,9624023,0,0,9624023,0,0,9624023,0,0,9624023,0,0,9624023,0,0,9624023,0,0,9624023,0,0,9624023,0,0,9624023,0,0,9624023,0,0,9624023,0,0,9624023,,,0,0,0,9624023,0,0,9624023,0,0,9624023,0,0,9624023,0,0,9624023,0,0,9624023,0,0,9624023
0,2,Moderna,2021-04-19,COVCOPD,0,0,0,0,0,0,0,0,0,0,0,0,0,0,0,0,0,0,0,0,0,0,0,0,0,0,0,0,0,0,0,0,0,0,0,0,0,0,0,0,0,0,0,0,0,0,0,0,0,0,6736816.1,0,0,6736816.1,0,0,6736816.1,0,0,10364332.47,0,0,10364332.47,0,0,10364332.47,0,0,6736816.1,0,0,6736816.1,0,0,6736816.1,0,0,6736816.1,0,0,6736816.1,0,0,6736816.1,0,0,6736816.1,0,0,6736816.1,0,0,6736816.1,0,0,6736816.1,0,0,10364332.47,0,0,10364332.47,0,0,6736816.1,0,0,6736816.1,0,0,6736816.1,0,0,6736816.1,0,0,6736816.1,0,0,6736816.1,0,0,6736816.1,0,0,6736816.1,0,0,6736816.1,0,0,6736816.1,0,0,6736816.1,0,0,6736816.1,0,0,6736816.1,0,0,6736816.1,0,0,6736816.1,0,0,6736816.1,0,0,6736816.1,0,0,6736816.1,0,0,6736816.1,0,0,6736816.1,0,0,6736816.1,0,0,6736816.1,,,0,0,0,6736816.1,0,0,6736816.1,0,0,6736816.1,0,0,6736816.1,0,0,6736816.1,0,0,6736816.1,0,0,6736816.1
0,2,Moderna,2021-04-26,COVCOPD,0,0,0,0,0,0,0,0,0,0,0,0,0,0,0,0,0,0,0,0,0,0,0,0,0,0,0,0,0,0,0,0,0,0,0,0,0,0,0,0,0,0,0,0,0,0,0,0,0,0,5389452.88,0,0,5389452.88,0,0,5389452.88,0,0,7485351.23,0,0,7485351.23,0,0,7485351.23,0,0,5389452.88,0,0,5389452.88,0,0,5389452.88,0,0,5389452.88,0,0,5389452.88,0,0,5389452.88,0,0,5389452.88,0,0,5389452.88,0,0,5389452.88,0,0,5389452.88,0,0,7485351.23,0,0,7485351.23,0,0,5389452.88,0,0,5389452.88,0,0,5389452.88,0,0,5389452.88,0,0,5389452.88,0,0,5389452.88,0,0,5389452.88,0,0,5389452.88,0,0,5389452.88,0,0,5389452.88,0,0,5389452.88,0,0,5389452.88,0,0,5389452.88,0,0,5389452.88,0,0,5389452.88,0,0,5389452.88,0,0,5389452.88,0,0,5389452.88,0,0,5389452.88,0,0,5389452.88,0,0,5389452.88,0,0,5389452.88,,,0,0,0,5389452.88,0,0,5389452.88,0,0,5389452.88,0,0,5389452.88,0,0,5389452.88,0,0,5389452.88,0,0,5389452.88
0,2,Moderna,2021-05-03,COVCOPD,0,0,0,0,0,0,0,0,0,0,0,0,0,0,0,0,0,0,0,0,0,0,0,0,0,0,0,0,0,0,0,0,0,0,0,0,0,0,0,0,0,0,0,0,0,0,0,0,0,0,4646080.07,0,0,4646080.07,0,0,4646080.07,0,0,6124378.28,0,0,6124378.28,0,0,6124378.28,0,0,4646080.07,0,0,4646080.07,0,0,4646080.07,0,0,4646080.07,0,0,4646080.07,0,0,4646080.07,0,0,4646080.07,0,0,4646080.07,0,0,4646080.07,0,0,4646080.07,0,0,6124378.28,0,0,6124378.28,0,0,4646080.07,0,0,4646080.07,0,0,4646080.07,0,0,4646080.07,0,0,4646080.07,0,0,4646080.07,0,0,4646080.07,0,0,4646080.07,0,0,4646080.07,0,0,4646080.07,0,0,4646080.07,0,0,4646080.07,0,0,4646080.07,0,0,4646080.07,0,0,4646080.07,0,0,4646080.07,0,0,4646080.07,0,0,4646080.07,0,0,4646080.07,0,0,4646080.07,0,0,4646080.07,0,0,4646080.07,,,0,0,0,4646080.07,0,0,4646080.07,0,0,4646080.07,0,0,4646080.07,0,0,4646080.07,0,0,4646080.07,0,0,4646080.07
0,1,Moderna,2021-05-17,COVCOPD,0,0,0,0,0,0,0,0,0,0,0,0,0,0,0,0,0,0,0,0,0,0,0,0,0,0,0,0,0,0,0,0,0,0,0,0,0,0,0,0,0,0,0,0,0,0,0,0,0,0,6416015.34,0,0,6416015.34,0,0,6416015.34,0,0,6416015.34,0,0,6416015.34,0,0,6416015.34,0,0,6416015.34,0,0,6416015.34,0,0,6416015.34,0,0,6416015.34,0,0,6416015.34,0,0,6416015.34,0,0,6416015.34,0,0,6416015.34,0,0,6416015.34,0,0,6416015.34,0,0,6416015.34,0,0,6416015.34,0,0,6416015.34,0,0,6416015.34,0,0,6416015.34,0,0,6416015.34,0,0,6416015.34,0,0,6416015.34,0,0,6416015.34,0,0,6416015.34,0,0,6416015.34,0,0,6416015.34,0,0,6416015.34,0,0,6416015.34,0,0,6416015.34,0,0,6416015.34,0,0,6416015.34,0,0,6416015.34,0,0,6416015.34,0,0,6416015.34,0,0,6416015.34,0,0,6416015.34,0,0,6416015.34,0,0,6416015.34,0,0,19248046.01,0,0,6416015.34,0,0,6416015.34,0,0,6416015.34,0,0,6416015.34,0,0,6416015.34,0,0,6416015.34,0,0,6416015.34
0,1,Moderna,2021-05-24,COVCOPD,0,0,0,0,0,0,0,0,0,0,0,0,0,0,0,0,0,0,0,0,0,0,0,0,0,0,0,0,0,0,0,0,0,0,0,0,0,0,0,0,0,0,0,0,0,0,0,0,0,0,6416015.34,0,0,6416015.34,0,0,6416015.34,0,0,6416015.34,0,0,6416015.34,0,0,6416015.34,0,0,6416015.34,0,0,6416015.34,0,0,6416015.34,0,0,6416015.34,0,0,6416015.34,0,0,6416015.34,0,0,6416015.34,0,0,6416015.34,0,0,6416015.34,0,0,6416015.34,0,0,6416015.34,0,0,6416015.34,0,0,6416015.34,0,0,6416015.34,0,0,6416015.34,0,0,6416015.34,0,0,6416015.34,0,0,6416015.34,0,0,6416015.34,0,0,6416015.34,0,0,6416015.34,0,0,6416015.34,0,0,6416015.34,0,0,6416015.34,0,0,6416015.34,0,0,6416015.34,0,0,6416015.34,0,0,6416015.34,0,0,6416015.34,0,0,6416015.34,0,0,6416015.34,0,0,6416015.34,0,0,6416015.34,0,0,6416015.34,0,0,19248046.01,0,0,6416015.34,0,0,6416015.34,0,0,6416015.34,0,0,6416015.34,0,0,6416015.34,0,0,6416015.34,0,0,6416015.34
0,1,Moderna,2021-05-31,COVCOPD,0,0,0,0,0,0,0,0,0,0,0,0,0,0,0,0,0,0,0,0,0,0,0,0,0,0,0,0,0,0,0,0,0,0,0,0,0,0,0,0,0,0,0,0,0,0,0,0,0,0,6416015.34,0,0,6416015.34,0,0,6416015.34,0,0,6416015.34,0,0,6416015.34,0,0,6416015.34,0,0,6416015.34,0,0,6416015.34,0,0,6416015.34,0,0,6416015.34,0,0,6416015.34,0,0,6416015.34,0,0,6416015.34,0,0,6416015.34,0,0,6416015.34,0,0,6416015.34,0,0,6416015.34,0,0,6416015.34,0,0,6416015.34,0,0,6416015.34,0,0,6416015.34,0,0,6416015.34,0,0,6416015.34,0,0,6416015.34,0,0,6416015.34,0,0,6416015.34,0,0,6416015.34,0,0,6416015.34,0,0,6416015.34,0,0,6416015.34,0,0,6416015.34,0,0,6416015.34,0,0,6416015.34,0,0,6416015.34,0,0,6416015.34,0,0,6416015.34,0,0,6416015.34,0,0,6416015.34,0,0,6416015.34,0,0,6416015.34,0,0,19248046.01,0,0,6416015.34,0,0,6416015.34,0,0,6416015.34,0,0,6416015.34,0,0,6416015.34,0,0,6416015.34,0,0,6416015.34
0,1,Moderna,2021-06-07,COVCOPD,0,0,0,0,0,0,0,0,0,0,0,0,0,0,0,0,0,0,0,0,0,0,0,0,0,0,0,0,0,0,0,0,0,0,0,0,0,0,0,0,0,0,0,0,0,0,0,0,0,0,7925666,0,0,7925666,0,0,7925666,0,0,7925666,0,0,7925666,0,0,7925666,0,0,7925666,0,0,7925666,0,0,7925666,0,0,7925666,0,0,7925666,0,0,7925666,0,0,7925666,0,0,7925666,0,0,7925666,0,0,7925666,0,0,7925666,0,0,7925666,0,0,7925666,0,0,7925666,0,0,7925666,0,0,7925666,0,0,7925666,0,0,7925666,0,0,7925666,0,0,7925666,0,0,7925666,0,0,7925666,0,0,7925666,0,0,7925666,0,0,7925666,0,0,7925666,0,0,7925666,0,0,7925666,0,0,7925666,0,0,7925666,0,0,7925666,0,0,7925666,0,0,7925666,0,0,7925666,0,0,19248046.01,0,0,7925666,0,0,7925666,0,0,7925666,0,0,7925666,0,0,7925666,0,0,7925666,0,0,7925666
0,1,Moderna,2021-06-14,COVCOPD,0,0,0,0,0,0,0,0,0,0,0,0,0,0,0,0,0,0,0,0,0,0,0,0,0,0,0,0,0,0,0,0,0,0,0,0,0,0,0,0,0,0,0,0,0,0,0,0,0,0,9624023,0,0,9624023,0,0,9624023,0,0,9624023,0,0,9624023,0,0,9624023,0,0,9624023,0,0,9624023,0,0,9624023,0,0,9624023,0,0,9624023,0,0,9624023,0,0,9624023,0,0,9624023,0,0,9624023,0,0,9624023,0,0,9624023,0,0,9624023,0,0,9624023,0,0,9624023,0,0,9624023,0,0,9624023,0,0,9624023,0,0,9624023,0,0,9624023,0,0,9624023,0,0,9624023,0,0,9624023,0,0,9624023,0,0,9624023,0,0,9624023,0,0,9624023,0,0,9624023,0,0,9624023,0,0,9624023,0,0,9624023,0,0,9624023,0,0,9624023,0,0,9624023,0,0,9624023,0,0,19248046.01,0,0,9624023,0,0,9624023,0,0,9624023,0,0,9624023,0,0,9624023,0,0,9624023,0,0,9624023
0,1,Moderna,2021-06-21,COVCOPD,0,0,0,0,0,0,0,0,0,0,0,0,0,0,0,0,0,0,0,0,0,0,0,0,0,0,0,0,0,0,0,0,0,0,0,0,0,0,0,0,0,0,0,0,0,0,0,0,0,0,13473632.21,0,0,13473632.21,0,0,13473632.21,0,0,13473632.21,0,0,13473632.21,0,0,13473632.21,0,0,13473632.21,0,0,13473632.21,0,0,13473632.21,0,0,13473632.21,0,0,13473632.21,0,0,13473632.21,0,0,13473632.21,0,0,13473632.21,0,0,13473632.21,0,0,13473632.21,0,0,13473632.21,0,0,13473632.21,0,0,13473632.21,0,0,13473632.21,0,0,13473632.21,0,0,13473632.21,0,0,13473632.21,0,0,13473632.21,0,0,13473632.21,0,0,13473632.21,0,0,13473632.21,0,0,13473632.21,0,0,13473632.21,0,0,13473632.21,0,0,13473632.21,0,0,13473632.21,0,0,13473632.21,0,0,13473632.21,0,0,13473632.21,0,0,13473632.21,0,0,13473632.21,0,0,13473632.21,0,0,13473632.21,0,0,13473632.21,0,0,44912107.35,0,0,13473632.21,0,0,13473632.21,0,0,13473632.21,0,0,13473632.21,0,0,13473632.21,0,0,13473632.21,0,0,13473632.21
0,1,Moderna,2021-06-28,COVCOPD,0,0,0,0,0,0,0,0,0,0,0,0,0,0,0,0,0,0,0,0,0,0,0,0,0,0,0,0,0,0,0,0,0,0,0,0,0,0,0,0,0,0,0,0,0,0,0,0,0,0,44912107.35,0,0,44912107.35,0,0,44912107.35,0,0,44912107.35,0,0,44912107.35,0,0,44912107.35,0,0,44912107.35,0,0,44912107.35,0,0,44912107.35,0,0,44912107.35,0,0,44912107.35,0,0,44912107.35,0,0,44912107.35,0,0,44912107.35,0,0,44912107.35,0,0,44912107.35,0,0,44912107.35,0,0,44912107.35,0,0,44912107.35,0,0,44912107.35,0,0,44912107.35,0,0,44912107.35,0,0,44912107.35,0,0,44912107.35,0,0,44912107.35,0,0,44912107.35,0,0,44912107.35,0,0,44912107.35,0,0,44912107.35,0,0,44912107.35,0,0,44912107.35,0,0,44912107.35,0,0,44912107.35,0,0,44912107.35,0,0,44912107.35,0,0,44912107.35,0,0,44912107.35,0,0,44912107.35,0,0,44912107.35,0,0,44912107.35,,,0,0,0,44912107.35,0,0,44912107.35,0,0,44912107.35,0,0,44912107.35,0,0,44912107.35,0,0,44912107.35,0,0,44912107.35
0,1,Pfizer,2021-04-19,COVCOPD,0,0,0,0,0,0,0,0,0,0,0,0,0,0,0,0,0,0,0,0,0,0,0,0,0,0,0,0,0,0,0,0,0,0,0,0,0,0,0,0,0,0,0,0,0,0,0,0,0,0,1028521.54,0,0,1028521.54,0,0,1028521.54,0,0,1151592.5,0,0,1086583.24,0,0,1086583.24,0,0,1028521.54,0,0,1028521.54,0,0,1151592.5,0,0,1151592.5,0,0,1028521.54,0,0,1028521.54,0,0,1028521.54,0,0,1028521.54,0,0,1028521.54,0,0,1028521.54,0,0,1028521.54,0,0,1028521.54,0,0,1028521.54,0,0,1028521.54,0,0,1028521.54,0,0,1028521.54,0,0,1028521.54,0,0,1028521.54,0,0,1028521.54,0,0,1028521.54,0,0,1028521.54,0,0,1028521.54,0,0,1028521.54,0,0,1028521.54,0,0,1028521.54,0,0,1028521.54,0,0,1028521.54,0,0,1086583.24,0,0,1086583.24,0,0,1028521.54,0,0,1028521.54,0,0,1028521.54,0,0,1028521.54,0,0,1028521.54,0,0,6124378.28,0,0,1028521.54,0,0,1028521.54,0,0,1028521.54,0,0,1028521.54,0,0,1086583.24,0,0,1086583.24,0,0,1028521.54
0,1,Pfizer,2021-04-26,COVCOPD,0,0,0,0,0,0,0,0,0,0,0,0,0,0,0,0,0,0,0,0,0,0,0,0,0,0,0,0,0,0,0,0,0,0,0,0,0,0,0,0,0,0,0,0,0,0,0,0,0,0,1113523.32,0,0,1113523.32,0,0,1113523.32,0,0,1259217.96,0,0,1181897.56,0,0,1181897.56,0,0,1113523.32,0,0,1113523.32,0,0,1171620.19,0,0,1171620.19,0,0,1113523.32,0,0,1113523.32,0,0,1113523.32,0,0,1113523.32,0,0,1113523.32,0,0,1113523.32,0,0,1113523.32,0,0,1113523.32,0,0,1113523.32,0,0,1113523.32,0,0,1113523.32,0,0,1113523.32,0,0,1113523.32,0,0,1113523.32,0,0,1113523.32,0,0,1113523.32,0,0,1113523.32,0,0,1113523.32,0,0,1113523.32,0,0,1113523.32,0,0,1113523.32,0,0,1113523.32,0,0,1113523.32,0,0,1161520.02,0,0,1161520.02,0,0,1113523.32,0,0,1113523.32,0,0,1113523.32,0,0,1113523.32,0,0,1113523.32,0,0,6416015.34,0,0,1113523.32,0,0,1113523.32,0,0,1113523.32,0,0,1113523.32,0,0,1161520.02,0,0,1161520.02,0,0,1113523.32
0,2,Pfizer,2021-05-10,COVCOPD,0,0,0,0,0,0,0,0,0,0,0,0,0,0,0,0,0,0,0,0,0,0,0,0,0,0,0,0,0,0,0,0,0,0,0,0,0,0,0,0,0,0,0,0,0,0,0,0,0,0,612437.83,0,0,612437.83,0,0,612437.83,0,0,677066.95,0,0,654059.82,0,0,677066.95,0,0,612437.83,0,0,612437.83,0,0,654059.82,0,0,654059.82,0,0,612437.83,0,0,612437.83,0,0,612437.83,0,0,612437.83,0,0,612437.83,0,0,612437.83,0,0,632564.89,0,0,654059.82,0,0,612437.83,0,0,612437.83,0,0,612437.83,0,0,612437.83,0,0,612437.83,0,0,612437.83,0,0,612437.83,0,0,612437.83,0,0,612437.83,0,0,612437.83,0,0,612437.83,0,0,612437.83,0,0,612437.83,0,0,612437.83,0,0,612437.83,0,0,632564.89,0,0,632564.89,0,0,612437.83,0,0,612437.83,0,0,612437.83,0,0,612437.83,0,0,612437.83,0,0,3641522.22,0,0,612437.83,0,0,612437.83,0,0,612437.83,0,0,612437.83,0,0,632564.89,0,0,632564.89,0,0,612437.83
0,2,Pfizer,2021-05-17,COVCOPD,0,0,0,0,0,0,0,0,0,0,0,0,0,0,0,0,0,0,0,0,0,0,0,0,0,0,0,0,0,0,0,0,0,0,0,0,0,2,0,0,0,0,0,0,0,0,0,0,0,0,552198.04,0,0,552198.04,0,0,552198.04,0,0,620904.71,0,0,585810.1,0,0,604198.75,0,0,552198.04,0,0,552198.04,0,0,585810.1,0,0,585810.1,0,0,552198.04,0,0,552198.04,0,0,552198.04,0,0,552198.04,0,0,552198.04,0,0,552198.04,0,0,568507.69,0,0,585810.1,0,0,552198.04,0,0,552198.04,0,0,552198.04,0,0,552198.04,0,0,552198.04,0,0,552198.04,0,0,552198.04,0,0,552198.04,0,0,552198.04,0,0,552198.04,0,0,552198.04,0,0,552198.04,0,0,552198.04,0,0,552198.04,0,0,552198.04,0,0,568507.69,0,0,568507.69,0,0,552198.04,0,0,552198.04,0,0,552198.04,0,0,552198.04,0,0,552198.04,1781707.32,215773.02,6436139.44,0,0,552198.04,0,0,552198.04,0,0,552198.04,0,0,552198.04,0,0,568507.69,0,0,568507.69,0,0,552198.04
0,2,Pfizer,2021-05-24,COVCOPD,0,0,0,0,0,0,0,0,0,0,0,0,0,0,0,0,0,0,0,0,0,0,0,0,0,0,0,0,0,0,0,0,0,0,0,0,0,1,0,0,0,0,0,0,0,0,0,0,0,0,543291.62,0,0,543291.62,0,0,543291.62,0,0,612437.83,0,0,575796.25,0,0,593552.08,0,0,543291.62,0,0,543291.62,0,0,575796.25,0,0,575796.25,0,0,543291.62,0,0,543291.62,0,0,543291.62,0,0,543291.62,0,0,543291.62,0,0,543291.62,0,0,559071.88,0,0,575796.25,0,0,543291.62,0,0,543291.62,0,0,543291.62,0,0,543291.62,0,0,543291.62,0,0,543291.62,0,0,543291.62,0,0,543291.62,0,0,543291.62,0,0,543291.62,0,0,543291.62,0,0,543291.62,0,0,543291.62,0,0,543291.62,0,0,543291.62,0,0,559071.88,0,0,559071.88,0,0,543291.62,0,0,543291.62,0,0,543291.62,0,0,543291.62,0,0,543291.62,1352777.78,34249.37,7537195.36,0,0,543291.62,0,0,543291.62,0,0,543291.62,0,0,543291.62,0,0,559071.88,0,0,559071.88,0,0,543291.62
0,1,Pfizer,2021-04-05,COVCOPD,0,0,0,0,0,0,0,0,0,0,0,0,0,0,0,0,0,0,0,0,0,0,0,0,0,0,0,0,0,0,0,0,0,0,0,0,0,0,0,0,0,0,0,0,0,0,0,0,0,0,1347363.22,0,0,1347363.22,0,0,1347363.22,0,0,1448777.66,0,0,1347363.22,0,0,1347363.22,0,0,1347363.22,0,0,1347363.22,0,0,1480618.92,0,0,1480618.92,0,0,1347363.22,0,0,1347363.22,0,0,1347363.22,0,0,1347363.22,0,0,1347363.22,0,0,1347363.22,0,0,1347363.22,0,0,1347363.22,0,0,1347363.22,0,0,1347363.22,0,0,1347363.22,0,0,1347363.22,0,0,1347363.22,0,0,1347363.22,0,0,1347363.22,0,0,1347363.22,0,0,1347363.22,0,0,1347363.22,0,0,1347363.22,0,0,1347363.22,0,0,1347363.22,0,0,1347363.22,0,0,1347363.22,0,0,1389034.25,0,0,1389034.25,0,0,1347363.22,0,0,1347363.22,0,0,1347363.22,0,0,1347363.22,0,0,1347363.22,0,0,6416015.34,0,0,1347363.22,0,0,1347363.22,0,0,1347363.22,0,0,1347363.22,0,0,1389034.25,0,0,1389034.25,0,0,1347363.22
0,1,Pfizer,2021-04-12,COVCOPD,0,0,0,0,0,0,0,0,0,0,0,0,0,0,0,0,0,0,0,0,0,0,0,0,0,0,0,0,0,0,0,0,0,0,0,0,0,0,0,0,0,0,0,0,0,0,0,0,0,0,1077890.58,0,0,1077890.58,0,0,1077890.58,0,0,1213840.74,0,0,1141833.24,0,0,1141833.24,0,0,1077890.58,0,0,1077890.58,0,0,1213840.74,0,0,1213840.74,0,0,1077890.58,0,0,1077890.58,0,0,1077890.58,0,0,1077890.58,0,0,1077890.58,0,0,1077890.58,0,0,1077890.58,0,0,1077890.58,0,0,1077890.58,0,0,1077890.58,0,0,1077890.58,0,0,1077890.58,0,0,1077890.58,0,0,1077890.58,0,0,1077890.58,0,0,1077890.58,0,0,1077890.58,0,0,1077890.58,0,0,1077890.58,0,0,1077890.58,0,0,1077890.58,0,0,1077890.58,0,0,1077890.58,0,0,1141833.24,0,0,1141833.24,0,0,1077890.58,0,0,1077890.58,0,0,1077890.58,0,0,1077890.58,0,0,1077890.58,0,0,7091385.37,0,0,1077890.58,0,0,1077890.58,0,0,1077890.58,0,0,1077890.58,0,0,1141833.24,0,0,1141833.24,0,0,1077890.58
0,1,Pfizer,2021-03-29,COVCOPD,0,0,0,0,0,0,0,0,0,0,0,0,0,0,0,0,0,0,0,0,0,0,0,0,0,0,0,0,0,0,0,0,0,0,0,0,0,0,0,0,0,0,0,0,0,0,0,0,0,0,1981416.5,0,0,1981416.5,0,0,1981416.5,0,0,1981416.5,0,0,1981416.5,0,0,2041459.43,0,0,1981416.5,0,0,1981416.5,0,0,1981416.5,0,0,1981416.5,0,0,1981416.5,0,0,1981416.5,0,0,1981416.5,0,0,1981416.5,0,0,1981416.5,0,0,1981416.5,0,0,1981416.5,0,0,2041459.43,0,0,1981416.5,0,0,1981416.5,0,0,1981416.5,0,0,1981416.5,0,0,1981416.5,0,0,1981416.5,0,0,1981416.5,0,0,1981416.5,0,0,1981416.5,0,0,1981416.5,0,0,1981416.5,0,0,1981416.5,0,0,1981416.5,0,0,1981416.5,0,0,1981416.5,0,0,1981416.5,0,0,1981416.5,0,0,1981416.5,0,0,1981416.5,0,0,1981416.5,0,0,1981416.5,0,0,1981416.5,0,0,11228026.84,0,0,1981416.5,0,0,1981416.5,0,0,1981416.5,0,0,1981416.5,0,0,1981416.5,0,0,1981416.5,0,0,1981416.5
0,2,Pfizer,2021-04-26,COVCOPD,0,0,0,0,0,0,0,0,0,0,0,0,0,0,0,0,0,0,0,0,0,0,0,0,0,0,0,0,0,0,0,0,0,0,0,0,0,0,0,0,0,0,0,0,0,0,0,0,0,0,983476.8,0,0,983476.8,0,0,983476.8,0,0,1086583.24,0,0,1036433.25,0,0,1095417.25,0,0,983476.8,0,0,983476.8,0,0,1044467.61,0,0,1044467.61,0,0,983476.8,0,0,983476.8,0,0,983476.8,0,0,983476.8,0,0,983476.8,0,0,983476.8,0,0,1036433.25,0,0,1095417.25,0,0,983476.8,0,0,983476.8,0,0,983476.8,0,0,983476.8,0,0,983476.8,0,0,983476.8,0,0,983476.8,0,0,983476.8,0,0,983476.8,0,0,983476.8,0,0,983476.8,0,0,983476.8,0,0,983476.8,0,0,983476.8,0,0,983476.8,0,0,998046.83,0,0,998046.83,0,0,983476.8,0,0,983476.8,0,0,983476.8,0,0,983476.8,0,0,983476.8,0,0,6416015.34,0,0,983476.8,0,0,983476.8,0,0,983476.8,0,0,983476.8,0,0,998046.83,0,0,998046.83,0,0,983476.8
0,2,Pfizer,2021-05-03,COVCOPD,0,0,0,0,0,0,0,0,0,0,0,0,0,0,0,0,0,0,0,0,0,0,0,0,0,0,0,0,0,0,0,0,0,0,0,0,0,0,0,0,0,0,0,0,0,0,0,0,0,0,705425.77,0,0,705425.77,0,0,705425.77,0,0,787931.71,0,0,761222.16,0,0,792566.6,0,0,705425.77,0,0,705425.77,0,0,761222.16,0,0,761222.16,0,0,705425.77,0,0,705425.77,0,0,705425.77,0,0,705425.77,0,0,705425.77,0,0,705425.77,0,0,732262.62,0,0,761222.16,0,0,705425.77,0,0,705425.77,0,0,705425.77,0,0,705425.77,0,0,705425.77,0,0,705425.77,0,0,705425.77,0,0,705425.77,0,0,705425.77,0,0,705425.77,0,0,705425.77,0,0,705425.77,0,0,705425.77,0,0,705425.77,0,0,705425.77,0,0,732262.62,0,0,732262.62,0,0,705425.77,0,0,705425.77,0,0,705425.77,0,0,705425.77,0,0,705425.77,0,0,6416015.34,0,0,705425.77,0,0,705425.77,0,0,705425.77,0,0,705425.77,0,0,732262.62,0,0,732262.62,0,0,705425.77
0,2,Pfizer,2021-04-19,COVCOPD,0,0,0,0,0,0,0,0,0,0,0,0,0,0,0,0,0,0,0,0,0,0,0,0,0,0,0,0,0,0,0,0,0,0,0,0,0,0,0,0,0,0,0,0,0,0,0,0,0,0,1374860.43,0,0,1374860.43,0,0,1374860.43,0,0,1480618.92,0,0,1480618.92,0,0,1604003.83,0,0,1374860.43,0,0,1374860.43,0,0,1374860.43,0,0,1374860.43,0,0,1374860.43,0,0,1374860.43,0,0,1374860.43,0,0,1374860.43,0,0,1374860.43,0,0,1374860.43,0,0,1480618.92,0,0,1604003.83,0,0,1374860.43,0,0,1374860.43,0,0,1374860.43,0,0,1374860.43,0,0,1374860.43,0,0,1374860.43,0,0,1374860.43,0,0,1374860.43,0,0,1374860.43,0,0,1374860.43,0,0,1374860.43,0,0,1374860.43,0,0,1374860.43,0,0,1374860.43,0,0,1374860.43,0,0,1374860.43,0,0,1374860.43,0,0,1374860.43,0,0,1374860.43,0,0,1374860.43,0,0,1374860.43,0,0,1374860.43,0,0,11228026.84,0,0,1374860.43,0,0,1374860.43,0,0,1374860.43,0,0,1374860.43,0,0,1374860.43,0,0,1374860.43,0,0,1374860.43
0,1,Pfizer,2021-02-22,COVCOPD,0,0,0,0,0,0,0,0,0,0,0,0,0,0,0,0,0,0,0,0,0,0,0,0,0,0,0,0,0,0,0,0,0,0,0,0,0,0,0,0,0,0,0,0,0,0,0,0,0,0,134736322.06,0,0,134736322.06,0,0,134736322.06,0,0,134736322.06,0,0,134736322.06,0,0,134736322.06,0,0,134736322.06,0,0,134736322.06,0,0,134736322.06,0,0,134736322.06,0,0,134736322.06,0,0,134736322.06,0,0,134736322.06,0,0,134736322.06,0,0,134736322.06,0,0,134736322.06,0,0,134736322.06,0,0,134736322.06,0,0,134736322.06,0,0,134736322.06,0,0,134736322.06,0,0,134736322.06,0,0,134736322.06,0,0,134736322.06,0,0,134736322.06,0,0,134736322.06,0,0,134736322.06,0,0,134736322.06,0,0,134736322.06,0,0,134736322.06,0,0,134736322.06,0,0,134736322.06,0,0,134736322.06,0,0,134736322.06,0,0,134736322.06,0,0,134736322.06,0,0,134736322.06,0,0,134736322.06,0,0,134736322.06,0,0,134736322.06,,,0,0,0,134736322.06,0,0,134736322.06,0,0,134736322.06,0,0,134736322.06,0,0,134736322.06,0,0,134736322.06,0,0,134736322.06
0,1,Pfizer,2021-03-01,COVCOPD,0,0,0,0,0,0,0,0,0,0,0,0,0,0,0,0,0,0,0,0,0,0,0,0,0,0,0,0,0,0,0,0,0,0,0,0,0,0,0,0,0,0,0,0,0,0,0,0,0,0,6736816.1,0,0,6736816.1,0,0,6736816.1,0,0,10364332.47,0,0,10364332.47,0,0,10364332.47,0,0,6736816.1,0,0,6736816.1,0,0,6736816.1,0,0,6736816.1,0,0,6736816.1,0,0,6736816.1,0,0,6736816.1,0,0,6736816.1,0,0,6736816.1,0,0,6736816.1,0,0,8421020.13,0,0,8421020.13,0,0,6736816.1,0,0,6736816.1,0,0,6736816.1,0,0,6736816.1,0,0,6736816.1,0,0,6736816.1,0,0,6736816.1,0,0,6736816.1,0,0,6736816.1,0,0,6736816.1,0,0,6736816.1,0,0,6736816.1,0,0,6736816.1,0,0,6736816.1,0,0,6736816.1,0,0,6736816.1,0,0,6736816.1,0,0,6736816.1,0,0,6736816.1,0,0,6736816.1,0,0,6736816.1,0,0,6736816.1,,,0,0,0,6736816.1,0,0,6736816.1,0,0,6736816.1,0,0,6736816.1,0,0,6736816.1,0,0,6736816.1,0,0,6736816.1
0,1,Pfizer,2021-03-08,COVCOPD,0,0,0,0,0,0,0,0,0,0,0,0,0,0,0,0,0,0,0,0,0,0,0,0,0,0,0,0,0,0,0,0,0,0,0,0,0,0,0,0,0,0,0,0,0,0,0,0,0,0,4082918.85,0,0,4082918.85,0,0,4082918.85,0,0,5182166.23,0,0,5182166.23,0,0,6416015.34,0,0,4082918.85,0,0,4082918.85,0,0,4082918.85,0,0,4082918.85,0,0,4082918.85,0,0,4082918.85,0,0,4082918.85,0,0,4082918.85,0,0,4082918.85,0,0,4082918.85,0,0,5182166.23,0,0,6416015.34,0,0,4082918.85,0,0,4082918.85,0,0,4082918.85,0,0,4082918.85,0,0,4082918.85,0,0,4082918.85,0,0,4082918.85,0,0,4082918.85,0,0,4082918.85,0,0,4082918.85,0,0,4082918.85,0,0,4082918.85,0,0,4082918.85,0,0,4082918.85,0,0,4082918.85,0,0,4082918.85,0,0,4082918.85,0,0,4082918.85,0,0,4082918.85,0,0,4082918.85,0,0,4082918.85,0,0,4082918.85,,,0,0,0,4082918.85,0,0,4082918.85,0,0,4082918.85,0,0,4082918.85,0,0,4082918.85,0,0,4082918.85,0,0,4082918.85
0,1,Pfizer,2021-03-15,COVCOPD,0,0,0,0,0,0,0,0,0,0,0,0,0,0,0,0,0,0,0,0,0,0,0,0,0,0,0,0,0,0,0,0,0,0,0,0,0,0,0,0,0,0,0,0,0,0,0,0,0,0,3962833,0,0,3962833,0,0,3962833,0,0,4646080.07,0,0,4646080.07,0,0,6124378.28,0,0,3962833,0,0,3962833,0,0,3962833,0,0,3962833,0,0,3962833,0,0,3962833,0,0,3962833,0,0,3962833,0,0,3962833,0,0,3962833,0,0,4990234.15,0,0,6736816.1,0,0,3962833,0,0,3962833,0,0,3962833,0,0,3962833,0,0,3962833,0,0,3962833,0,0,3962833,0,0,3962833,0,0,3962833,0,0,3962833,0,0,3962833,0,0,3962833,0,0,3962833,0,0,3962833,0,0,3962833,0,0,3962833,0,0,3962833,0,0,3962833,0,0,3962833,0,0,3962833,0,0,3962833,0,0,3962833,,,0,0,0,3962833,0,0,3962833,0,0,3962833,0,0,3962833,0,0,3962833,0,0,3962833,0,0,3962833
0,1,Pfizer,2021-03-22,COVCOPD,0,0,0,0,0,0,0,0,0,0,0,0,0,0,0,0,0,0,0,0,0,0,0,0,0,0,0,0,0,0,0,0,0,0,0,0,0,0,0,0,0,0,0,0,0,0,0,0,0,0,2542194.76,0,0,2542194.76,0,0,2542194.76,0,0,2542194.76,0,0,2542194.76,0,0,2929050.48,0,0,2542194.76,0,0,2542194.76,0,0,2542194.76,0,0,2542194.76,0,0,2542194.76,0,0,2542194.76,0,0,2542194.76,0,0,2542194.76,0,0,2542194.76,0,0,2542194.76,0,0,2929050.48,0,0,3454777.49,0,0,2542194.76,0,0,2542194.76,0,0,2542194.76,0,0,2542194.76,0,0,2542194.76,0,0,2542194.76,0,0,2542194.76,0,0,2542194.76,0,0,2542194.76,0,0,2542194.76,0,0,2542194.76,0,0,2542194.76,0,0,2542194.76,0,0,2542194.76,0,0,2542194.76,0,0,2542194.76,0,0,2542194.76,0,0,2542194.76,0,0,2542194.76,0,0,2542194.76,0,0,2542194.76,0,0,2542194.76,0,0,33684080.52,0,0,2542194.76,0,0,2542194.76,0,0,2542194.76,0,0,2542194.76,0,0,2542194.76,0,0,2542194.76,0,0,2542194.76
0,2,Pfizer,2021-03-15,COVCOPD,0,0,0,0,0,0,0,0,0,0,0,0,0,0,0,0,0,0,0,0,0,0,0,0,0,0,0,0,0,0,0,0,0,0,0,0,0,0,0,0,0,0,0,0,0,0,0,0,0,0,44912107.35,0,0,44912107.35,0,0,44912107.35,0,0,134736322.06,0,0,134736322.06,0,0,134736322.06,0,0,44912107.35,0,0,44912107.35,0,0,44912107.35,0,0,44912107.35,0,0,44912107.35,0,0,44912107.35,0,0,44912107.35,0,0,44912107.35,0,0,44912107.35,0,0,44912107.35,0,0,44912107.35,0,0,44912107.35,0,0,44912107.35,0,0,44912107.35,0,0,44912107.35,0,0,44912107.35,0,0,44912107.35,0,0,44912107.35,0,0,44912107.35,0,0,44912107.35,0,0,44912107.35,0,0,44912107.35,0,0,44912107.35,0,0,44912107.35,0,0,44912107.35,0,0,44912107.35,0,0,44912107.35,0,0,44912107.35,0,0,44912107.35,0,0,44912107.35,0,0,44912107.35,0,0,44912107.35,0,0,44912107.35,0,0,44912107.35,,,0,0,0,44912107.35,0,0,44912107.35,0,0,44912107.35,0,0,44912107.35,0,0,44912107.35,0,0,44912107.35,0,0,44912107.35
0,2,Pfizer,2021-03-22,COVCOPD,0,0,0,0,0,0,0,0,0,0,0,0,0,0,0,0,0,0,0,0,0,0,0,0,0,0,0,0,0,0,0,0,0,0,0,0,0,0,0,0,0,0,0,0,0,0,0,0,0,0,9624023,0,0,9624023,0,0,9624023,0,0,19248046.01,0,0,19248046.01,0,0,19248046.01,0,0,9624023,0,0,9624023,0,0,9624023,0,0,9624023,0,0,9624023,0,0,9624023,0,0,9624023,0,0,9624023,0,0,9624023,0,0,9624023,0,0,9624023,0,0,9624023,0,0,9624023,0,0,9624023,0,0,9624023,0,0,9624023,0,0,9624023,0,0,9624023,0,0,9624023,0,0,9624023,0,0,9624023,0,0,9624023,0,0,9624023,0,0,9624023,0,0,9624023,0,0,9624023,0,0,9624023,0,0,9624023,0,0,9624023,0,0,9624023,0,0,9624023,0,0,9624023,0,0,9624023,0,0,9624023,,,0,0,0,9624023,0,0,9624023,0,0,9624023,0,0,9624023,0,0,9624023,0,0,9624023,0,0,9624023
0,2,Pfizer,2021-03-29,COVCOPD,0,0,0,0,0,0,0,0,0,0,0,0,0,0,0,0,0,0,0,0,0,0,0,0,0,0,0,0,0,0,0,0,0,0,0,0,0,0,0,0,0,0,0,0,0,0,0,0,0,0,4082918.85,0,0,4082918.85,0,0,4082918.85,0,0,5182166.23,0,0,5182166.23,0,0,6416015.34,0,0,4082918.85,0,0,4082918.85,0,0,4082918.85,0,0,4082918.85,0,0,4082918.85,0,0,4082918.85,0,0,4082918.85,0,0,4082918.85,0,0,4082918.85,0,0,4082918.85,0,0,5182166.23,0,0,6416015.34,0,0,4082918.85,0,0,4082918.85,0,0,4082918.85,0,0,4082918.85,0,0,4082918.85,0,0,4082918.85,0,0,4082918.85,0,0,4082918.85,0,0,4082918.85,0,0,4082918.85,0,0,4082918.85,0,0,4082918.85,0,0,4082918.85,0,0,4082918.85,0,0,4082918.85,0,0,4082918.85,0,0,4082918.85,0,0,4082918.85,0,0,4082918.85,0,0,4082918.85,0,0,4082918.85,0,0,4082918.85,,,0,0,0,4082918.85,0,0,4082918.85,0,0,4082918.85,0,0,4082918.85,0,0,4082918.85,0,0,4082918.85,0,0,4082918.85
0,2,Pfizer,2021-04-05,COVCOPD,0,0,0,0,0,0,0,0,0,0,0,0,0,0,0,0,0,0,0,0,0,0,0,0,0,0,0,0,0,0,0,0,0,0,0,0,0,0,0,0,0,0,0,0,0,0,0,0,0,0,3641522.22,0,0,3641522.22,0,0,3641522.22,0,0,4491210.74,0,0,4491210.74,0,0,5858100.96,0,0,3641522.22,0,0,3641522.22,0,0,3641522.22,0,0,3641522.22,0,0,3641522.22,0,0,3641522.22,0,0,3641522.22,0,0,3641522.22,0,0,3641522.22,0,0,3641522.22,0,0,4491210.74,0,0,5858100.96,0,0,3641522.22,0,0,3641522.22,0,0,3641522.22,0,0,3641522.22,0,0,3641522.22,0,0,3641522.22,0,0,3641522.22,0,0,3641522.22,0,0,3641522.22,0,0,3641522.22,0,0,3641522.22,0,0,3641522.22,0,0,3641522.22,0,0,3641522.22,0,0,3641522.22,0,0,3641522.22,0,0,3641522.22,0,0,3641522.22,0,0,3641522.22,0,0,3641522.22,0,0,3641522.22,0,0,3641522.22,,,0,0,0,3641522.22,0,0,3641522.22,0,0,3641522.22,0,0,3641522.22,0,0,3641522.22,0,0,3641522.22,0,0,3641522.22
0,2,Pfizer,2021-04-12,COVCOPD,0,0,0,0,0,0,0,0,0,0,0,0,0,0,0,0,0,0,0,0,0,0,0,0,0,0,0,0,0,0,0,0,0,0,0,0,0,0,0,0,0,0,0,0,0,0,0,0,0,0,1952700.32,0,0,1952700.32,0,0,1952700.32,0,0,2173166.48,0,0,2173166.48,0,0,2449751.31,0,0,1952700.32,0,0,1952700.32,0,0,1952700.32,0,0,1952700.32,0,0,1952700.32,0,0,1952700.32,0,0,1952700.32,0,0,1952700.32,0,0,1952700.32,0,0,1952700.32,0,0,2173166.48,0,0,2449751.31,0,0,1952700.32,0,0,1952700.32,0,0,1952700.32,0,0,1952700.32,0,0,1952700.32,0,0,1952700.32,0,0,1952700.32,0,0,1952700.32,0,0,1952700.32,0,0,1952700.32,0,0,1952700.32,0,0,1952700.32,0,0,1952700.32,0,0,1952700.32,0,0,1952700.32,0,0,1952700.32,0,0,1952700.32,0,0,1952700.32,0,0,1952700.32,0,0,1952700.32,0,0,1952700.32,0,0,1952700.32,0,0,67368161.03,0,0,1952700.32,0,0,1952700.32,0,0,1952700.32,0,0,1952700.32,0,0,1952700.32,0,0,1952700.32,0,0,1952700.32
1,0,0,2020-01-06,COVCOPD,0,0,0,0,0,1,0,0,1,1,0,0,0,0,0,0,0,0,0,0,0,0,0,0,0,0,0,0,0,0,0,0,0,0,0,0,0,0,0,0,1,0,0,0,0,0,0,0,0,0,104934.83,0,0,104934.83,0,0,104365.86,0,0,106091.59,0,0,107616.87,29646.92,750.59,165182.04,0,0,104365.86,0,0,108135.09,28919.24,732.17,161127.69,28919.24,732.17,161127.69,0,0,104934.83,0,0,104934.83,0,0,104934.83,0,0,104934.83,0,0,104365.86,0,0,104365.86,0,0,104934.83,0,0,105510.04,0,0,104446.76,0,0,104446.76,0,0,104934.83,0,0,104365.86,0,0,104365.86,0,0,104365.86,0,0,104365.86,0,0,104365.86,0,0,104365.86,0,0,104934.83,0,0,104934.83,0,0,104365.86,0,0,104365.86,0,0,104365.86,0,0,104365.86,0,0,105510.04,0,0,105510.04,0,0,104365.86,0,0,104365.86,0,0,104365.86,0,0,104365.86,0,0,104365.86,0,0,142729.15,0,0,104365.86,0,0,104365.86,28292.02,716.29,157633.06,0,0,104365.86,0,0,105510.04,0,0,105510.04,0,0,104365.86
1,0,0,2020-01-13,COVCOPD,0,0,0,0,0,0,0,0,0,0,0,0,0,0,0,0,0,0,0,0,0,0,0,0,0,0,0,0,0,0,0,0,0,0,0,0,0,0,0,0,1,0,0,0,0,0,0,0,0,0,106091.59,0,0,106091.59,0,0,105510.04,0,0,107274.14,0,0,108483.35,0,0,110349.16,0,0,105510.04,0,0,109098.24,0,0,107875.36,0,0,107875.36,0,0,106091.59,0,0,106091.59,0,0,106091.59,0,0,106091.59,0,0,105510.04,0,0,105510.04,0,0,106091.59,0,0,106679.59,0,0,105510.04,0,0,105510.04,0,0,106091.59,0,0,105510.04,0,0,105510.04,0,0,105510.04,0,0,105510.04,0,0,105510.04,0,0,105510.04,0,0,106091.59,0,0,106091.59,0,0,105510.04,0,0,105510.04,0,0,105510.04,0,0,105510.04,0,0,106679.59,0,0,106679.59,0,0,105510.04,0,0,105510.04,0,0,105510.04,0,0,105510.04,0,0,105510.04,0,0,143642.13,0,0,105510.04,0,0,105510.04,28602.19,724.14,159361.22,0,0,105510.04,0,0,106679.59,0,0,106679.59,0,0,105510.04
1,0,0,2020-01-20,COVCOPD,0,0,0,0,0,0,0,0,0,0,0,0,0,0,0,0,0,0,0,0,0,0,0,0,0,0,0,0,0,0,0,0,0,0,0,0,0,0,0,0,0,0,0,0,0,0,0,0,0,0,106342.8,0,0,106342.8,0,0,105758.49,0,0,107530.98,0,0,108746.02,0,0,110620.95,0,0,105758.49,0,0,109363.9,0,0,108135.09,0,0,108135.09,0,0,106342.8,0,0,106342.8,0,0,106342.8,0,0,106342.8,0,0,105758.49,0,0,105758.49,0,0,106342.8,0,0,106933.59,0,0,105758.49,0,0,105758.49,0,0,106342.8,0,0,105758.49,0,0,105758.49,0,0,105758.49,0,0,105758.49,0,0,105758.49,0,0,105758.49,0,0,106342.8,0,0,106342.8,0,0,105758.49,0,0,105758.49,0,0,105758.49,0,0,105758.49,0,0,106933.59,0,0,106933.59,0,0,105758.49,0,0,105758.49,0,0,105758.49,0,0,105758.49,0,0,105758.49,0,0,143642.13,0,0,105758.49,0,0,105758.49,0,0,105758.49,0,0,105758.49,0,0,106933.59,0,0,106933.59,0,0,105758.49
1,0,0,2020-01-27,COVCOPD,0,0,0,1,0,0,0,0,0,0,0,0,0,0,0,0,0,0,0,0,0,0,0,0,0,0,0,0,0,0,0,0,0,0,0,0,0,1,0,0,0,0,0,0,0,0,0,0,0,0,107274.14,0,0,107274.14,0,0,106679.59,29550.97,748.17,164647.47,0,0,109720.13,0,0,111629.1,0,0,106679.59,0,0,110349.16,0,0,109098.24,0,0,109098.24,0,0,107274.14,0,0,107274.14,0,0,107274.14,0,0,107274.14,0,0,106679.59,0,0,106679.59,0,0,107274.14,0,0,107875.36,0,0,106679.59,0,0,106679.59,0,0,107274.14,0,0,106679.59,0,0,106679.59,0,0,106679.59,0,0,106679.59,0,0,106679.59,0,0,106679.59,0,0,107274.14,0,0,107274.14,0,0,106679.59,0,0,106679.59,0,0,106679.59,0,0,106679.59,0,0,107875.36,0,0,107875.36,0,0,106679.59,0,0,106679.59,0,0,106679.59,0,0,106679.59,0,0,106679.59,39274.19,994.34,218821.8,0,0,106679.59,0,0,106679.59,0,0,106679.59,0,0,106679.59,0,0,107875.36,0,0,107875.36,0,0,106679.59
1,0,0,2020-02-03,COVCOPD,0,0,0,0,0,0,0,0,0,0,0,0,0,0,0,0,0,0,0,0,0,0,0,0,0,0,0,0,0,0,0,0,0,0,0,0,0,1,0,0,0,0,0,0,0,0,0,0,0,0,107530.98,0,0,107530.98,0,0,106933.59,0,0,109363.9,0,0,109988.83,0,0,111907.24,0,0,106933.59,0,0,110620.95,0,0,109363.9,0,0,109363.9,0,0,107530.98,0,0,107530.98,0,0,107530.98,0,0,107530.98,0,0,106933.59,0,0,106933.59,0,0,107530.98,0,0,108135.09,0,0,106933.59,0,0,106933.59,0,0,107530.98,0,0,106933.59,0,0,106933.59,0,0,106933.59,0,0,106933.59,0,0,106933.59,0,0,106933.59,0,0,107530.98,0,0,107530.98,0,0,106933.59,0,0,106933.59,0,0,106933.59,0,0,106933.59,0,0,108135.09,0,0,108135.09,0,0,106933.59,0,0,106933.59,0,0,106933.59,0,0,106933.59,0,0,106933.59,39614.97,1002.96,220720.47,0,0,106933.59,0,0,106933.59,0,0,106933.59,0,0,106933.59,0,0,108135.09,0,0,108135.09,0,0,106933.59
1,0,0,2020-02-10,COVCOPD,0,0,0,0,0,0,0,0,0,0,0,0,0,0,0,0,1,1,0,0,0,0,0,0,0,0,0,0,0,0,0,0,0,0,0,0,0,0,0,0,0,0,0,0,0,0,0,0,0,0,107530.98,0,0,107530.98,0,0,106933.59,0,0,109363.9,0,0,109988.83,0,0,111907.24,0,0,106933.59,0,0,110620.95,0,0,109363.9,0,0,109363.9,0,0,107530.98,0,0,107530.98,0,0,107530.98,0,0,107530.98,0,0,106933.59,0,0,106933.59,29150.04,738.02,162413.63,29313.8,742.16,163326.06,0,0,106933.59,0,0,106933.59,0,0,107530.98,0,0,106933.59,0,0,106933.59,0,0,106933.59,0,0,106933.59,0,0,106933.59,0,0,106933.59,0,0,107530.98,0,0,107530.98,0,0,106933.59,0,0,106933.59,0,0,106933.59,0,0,106933.59,0,0,108135.09,0,0,108135.09,0,0,106933.59,0,0,106933.59,0,0,106933.59,0,0,106933.59,0,0,106933.59,0,0,146931.65,0,0,106933.59,0,0,106933.59,0,0,106933.59,0,0,106933.59,0,0,108135.09,0,0,108135.09,0,0,106933.59
1,0,0,2020-02-17,COVCOPD,0,0,0,0,0,0,0,0,0,0,0,0,0,0,0,0,0,0,0,0,0,0,0,0,0,0,0,0,0,0,0,0,0,0,0,0,0,0,0,0,0,0,0,0,0,0,0,0,0,0,107530.98,0,0,107530.98,0,0,106933.59,0,0,109363.9,0,0,109988.83,0,0,111907.24,0,0,106933.59,0,0,110620.95,0,0,109363.9,0,0,109363.9,0,0,107530.98,0,0,107530.98,0,0,107530.98,0,0,107530.98,0,0,106933.59,0,0,106933.59,0,0,108135.09,0,0,108746.02,0,0,106933.59,0,0,106933.59,0,0,107530.98,0,0,106933.59,0,0,106933.59,0,0,106933.59,0,0,106933.59,0,0,106933.59,0,0,106933.59,0,0,107530.98,0,0,107530.98,0,0,106933.59,0,0,106933.59,0,0,106933.59,0,0,106933.59,0,0,108135.09,0,0,108135.09,0,0,106933.59,0,0,106933.59,0,0,106933.59,0,0,106933.59,0,0,106933.59,0,0,146931.65,0,0,106933.59,0,0,106933.59,0,0,106933.59,0,0,106933.59,0,0,108135.09,0,0,108135.09,0,0,106933.59
1,0,0,2020-02-24,COVCOPD,0,0,0,0,0,0,0,0,0,0,0,0,0,0,0,0,0,0,0,0,0,0,0,0,0,0,0,0,0,0,0,0,0,0,0,0,0,0,0,0,0,0,0,0,0,0,0,0,0,0,107530.98,0,0,107530.98,0,0,106933.59,0,0,109363.9,0,0,109988.83,0,0,111907.24,0,0,106933.59,0,0,110620.95,0,0,109363.9,0,0,109363.9,0,0,107530.98,0,0,107530.98,0,0,107530.98,0,0,107530.98,0,0,106933.59,0,0,106933.59,0,0,108135.09,0,0,108746.02,0,0,106933.59,0,0,106933.59,0,0,107530.98,0,0,106933.59,0,0,106933.59,0,0,106933.59,0,0,106933.59,0,0,106933.59,0,0,106933.59,0,0,107530.98,0,0,107530.98,0,0,106933.59,0,0,106933.59,0,0,106933.59,0,0,106933.59,0,0,108135.09,0,0,108135.09,0,0,106933.59,0,0,106933.59,0,0,106933.59,0,0,106933.59,0,0,106933.59,0,0,146931.65,0,0,106933.59,0,0,106933.59,0,0,106933.59,0,0,106933.59,0,0,108135.09,0,0,108135.09,0,0,106933.59
1,0,0,2020-03-02,COVCOPD,0,0,0,0,1,1,0,0,0,0,0,0,0,0,0,0,0,0,0,0,0,0,0,0,0,0,0,0,0,0,0,0,0,0,0,0,0,1,0,0,0,0,0,0,0,0,0,0,0,0,108048.37,0,0,108048.37,0,0,107445.23,0,0,109899.12,29963.08,758.6,166943.62,30488.31,771.9,169870.01,0,0,107445.23,0,0,111168.58,0,0,109899.12,0,0,109899.12,0,0,108048.37,0,0,108048.37,0,0,108048.37,0,0,108048.37,0,0,107445.23,0,0,107445.23,0,0,108658.32,0,0,109275.2,0,0,107445.23,0,0,107445.23,0,0,108048.37,0,0,107445.23,0,0,107445.23,0,0,107445.23,0,0,107445.23,0,0,107445.23,0,0,107445.23,0,0,108048.37,0,0,108048.37,0,0,107445.23,0,0,107445.23,0,0,107445.23,0,0,107445.23,0,0,108658.32,0,0,108658.32,0,0,107445.23,0,0,107445.23,0,0,107445.23,0,0,107445.23,0,0,107445.23,40225.77,1018.43,224123.65,0,0,107445.23,0,0,107445.23,0,0,107445.23,0,0,107445.23,0,0,108658.32,0,0,108658.32,0,0,107445.23
1,0,0,2020-03-09,COVCOPD,0,0,0,1,0,0,0,0,1,1,0,0,0,0,0,0,0,0,0,0,0,0,0,0,0,0,0,0,0,0,0,0,0,0,0,0,0,0,0,0,0,0,0,0,0,0,0,0,0,0,109186.65,0,0,109186.65,0,0,108570.77,30136.14,762.98,167907.82,0,0,112373.91,0,0,114377.18,0,0,108570.77,0,0,112373.91,30136.14,762.98,167907.82,30136.14,762.98,167907.82,0,0,109186.65,0,0,109186.65,0,0,109186.65,0,0,109186.65,0,0,108570.77,0,0,108570.77,0,0,109809.55,0,0,110439.61,0,0,108570.77,0,0,108570.77,0,0,109186.65,0,0,108570.77,0,0,108570.77,0,0,108570.77,0,0,108570.77,0,0,108570.77,0,0,108570.77,0,0,109186.65,0,0,109186.65,0,0,108570.77,0,0,108570.77,0,0,108570.77,0,0,108570.77,0,0,109809.55,0,0,109809.55,0,0,108570.77,0,0,108570.77,0,0,108570.77,0,0,108570.77,0,0,108570.77,0,0,150375.36,0,0,108570.77,0,0,108570.77,0,0,108570.77,0,0,108570.77,0,0,109809.55,0,0,109809.55,0,0,108570.77
1,0,0,2020-03-16,COVCOPD,0,0,0,0,1,1,0,0,1,1,0,0,0,0,0,0,0,0,0,0,0,0,0,0,0,0,0,0,0,0,0,0,0,0,0,0,0,0,0,0,0,0,0,0,0,0,0,0,0,0,109363.9,0,0,109363.9,0,0,108746.02,0,0,111907.24,30667.51,776.43,170868.41,31217.95,790.37,173935.28,0,0,108746.02,0,0,112561.67,30488.31,771.9,169870.01,30488.31,771.9,169870.01,0,0,109363.9,0,0,109363.9,0,0,109363.9,0,0,109363.9,0,0,108746.02,0,0,108746.02,0,0,109988.83,0,0,110620.95,0,0,108746.02,0,0,108746.02,0,0,109363.9,0,0,108746.02,0,0,108746.02,0,0,108746.02,0,0,108746.02,0,0,108746.02,0,0,108746.02,0,0,109363.9,0,0,109363.9,0,0,108746.02,0,0,108746.02,0,0,108746.02,0,0,108746.02,0,0,109988.83,0,0,109988.83,0,0,108746.02,0,0,108746.02,0,0,108746.02,0,0,108746.02,0,0,108746.02,0,0,150375.36,0,0,108746.02,0,0,108746.02,0,0,108746.02,0,0,108746.02,0,0,109988.83,0,0,109988.83,0,0,108746.02
1,0,0,2020-03-23,COVCOPD,0,0,0,0,0,0,0,0,0,0,0,0,0,0,0,0,0,0,0,0,0,0,0,0,0,0,0,0,0,0,0,0,0,0,0,0,0,0,0,0,0,0,0,0,0,0,0,0,0,0,109988.83,0,0,109988.83,0,0,109363.9,0,0,112561.67,0,0,113893.76,0,0,115952.08,0,0,109363.9,0,0,113223.8,0,0,113223.8,0,0,113223.8,0,0,109988.83,0,0,109988.83,0,0,109988.83,0,0,109988.83,0,0,109363.9,0,0,109363.9,0,0,110620.95,0,0,111260.38,0,0,109363.9,0,0,109363.9,0,0,109988.83,0,0,109363.9,0,0,109363.9,0,0,109363.9,0,0,109363.9,0,0,109363.9,0,0,109363.9,0,0,109988.83,0,0,109988.83,0,0,109363.9,0,0,109363.9,0,0,109363.9,0,0,109363.9,0,0,110620.95,0,0,110620.95,0,0,109363.9,0,0,109363.9,0,0,109363.9,0,0,109363.9,0,0,109363.9,0,0,150375.36,0,0,109363.9,0,0,109363.9,0,0,109363.9,0,0,109363.9,0,0,110620.95,0,0,110620.95,0,0,109363.9
1,0,0,2020-03-30,COVCOPD,0,0,0,0,0,1,0,1,0,0,0,0,0,0,0,0,0,0,0,0,0,0,0,0,0,0,0,0,0,0,0,0,0,0,0,0,0,0,0,0,0,0,0,0,0,0,0,0,0,0,109988.83,0,0,109988.83,0,0,109363.9,0,0,112561.67,0,0,113893.76,31568.71,799.25,175889.61,0,0,109363.9,30822.78,780.37,171733.57,0,0,113223.8,0,0,113223.8,0,0,109988.83,0,0,109988.83,0,0,109988.83,0,0,109988.83,0,0,109363.9,0,0,109363.9,0,0,110620.95,0,0,111260.38,0,0,109363.9,0,0,109363.9,0,0,109988.83,0,0,109363.9,0,0,109363.9,0,0,109363.9,0,0,109363.9,0,0,109363.9,0,0,109363.9,0,0,109988.83,0,0,109988.83,0,0,109363.9,0,0,109363.9,0,0,109363.9,0,0,109363.9,0,0,110620.95,0,0,110620.95,0,0,109363.9,0,0,109363.9,0,0,109363.9,0,0,109363.9,0,0,109363.9,0,0,150375.36,0,0,109363.9,0,0,109363.9,0,0,109363.9,0,0,109363.9,0,0,110620.95,0,0,110620.95,0,0,109363.9
1,0,0,2020-04-06,COVCOPD,0,0,0,0,0,0,0,0,0,0,0,0,0,0,0,0,0,0,0,0,0,0,0,0,0,0,0,0,0,0,0,0,0,0,0,0,0,1,0,0,1,0,0,0,0,0,0,0,0,0,110530.21,0,0,110530.21,0,0,109899.12,0,0,113128.73,0,0,114474.36,0,0,117263.99,0,0,109899.12,0,0,114474.36,0,0,113797.57,0,0,113797.57,0,0,110530.21,0,0,110530.21,0,0,110530.21,0,0,110530.21,0,0,109899.12,0,0,109899.12,0,0,111168.58,0,0,111814.38,0,0,109899.12,0,0,109899.12,0,0,110530.21,0,0,109899.12,0,0,109899.12,0,0,109899.12,0,0,109899.12,0,0,109899.12,0,0,109899.12,0,0,110530.21,0,0,110530.21,0,0,109899.12,0,0,109899.12,0,0,109899.12,0,0,109899.12,0,0,111168.58,0,0,111168.58,0,0,109899.12,0,0,109899.12,0,0,109899.12,0,0,109899.12,0,0,109899.12,41131.76,1041.37,229171.48,0,0,109899.12,0,0,109899.12,29792.01,754.27,165990.44,0,0,109899.12,0,0,111168.58,0,0,111168.58,0,0,109899.12
1,0,0,2020-04-13,COVCOPD,0,0,0,0,0,0,0,0,0,0,0,0,0,0,0,0,0,0,0,0,0,0,0,0,0,0,0,0,0,0,0,0,0,0,0,0,0,0,0,0,0,0,0,0,0,0,0,0,0,0,110620.95,0,0,110620.95,0,0,109988.83,0,0,113223.8,0,0,114571.7,0,0,117366.13,0,0,109988.83,0,0,114571.7,0,0,113893.76,0,0,113893.76,0,0,110620.95,0,0,110620.95,0,0,110620.95,0,0,110620.95,0,0,109988.83,0,0,109988.83,0,0,111260.38,0,0,111907.24,0,0,109988.83,0,0,109988.83,0,0,110620.95,0,0,109988.83,0,0,109988.83,0,0,109988.83,0,0,109988.83,0,0,109988.83,0,0,109988.83,0,0,110620.95,0,0,110620.95,0,0,109988.83,0,0,109988.83,0,0,109988.83,0,0,109988.83,0,0,111260.38,0,0,111260.38,0,0,109988.83,0,0,109988.83,0,0,109988.83,0,0,109988.83,0,0,109988.83,0,0,152762.27,0,0,109988.83,0,0,109988.83,0,0,109988.83,0,0,109988.83,0,0,111260.38,0,0,111260.38,0,0,109988.83
1,0,0,2020-04-20,COVCOPD,0,0,0,0,0,0,0,0,0,0,0,0,0,0,0,0,0,0,0,0,0,0,0,0,0,0,0,0,0,0,0,0,0,0,0,0,0,0,0,0,0,0,0,0,0,0,0,0,0,0,110711.85,0,0,110711.85,0,0,110078.69,0,0,113319.03,0,0,114669.21,0,0,117468.46,0,0,110078.69,0,0,114669.21,0,0,113990.12,0,0,113990.12,0,0,110711.85,0,0,110711.85,0,0,110711.85,0,0,110711.85,0,0,110078.69,0,0,110078.69,0,0,111352.33,0,0,112000.27,0,0,110078.69,0,0,110078.69,0,0,110711.85,0,0,110078.69,0,0,110078.69,0,0,110078.69,0,0,110078.69,0,0,110078.69,0,0,110078.69,0,0,110711.85,0,0,110711.85,0,0,110078.69,0,0,110078.69,0,0,110078.69,0,0,110078.69,0,0,111352.33,0,0,111352.33,0,0,110078.69,0,0,110078.69,0,0,110078.69,0,0,110078.69,0,0,110078.69,0,0,152762.27,0,0,110078.69,0,0,110078.69,0,0,110078.69,0,0,110078.69,0,0,111352.33,0,0,111352.33,0,0,110078.69
1,0,0,2020-04-27,COVCOPD,0,0,0,0,0,0,0,0,0,0,0,0,0,0,0,0,0,0,0,0,0,0,0,0,0,0,0,0,0,0,0,0,0,0,0,0,0,1,0,0,0,0,0,0,0,0,0,0,0,0,111260.38,0,0,111260.38,0,0,110620.95,0,0,113893.76,0,0,115257.76,0,0,118086.17,0,0,110620.95,0,0,115257.76,0,0,114571.7,0,0,114571.7,0,0,111260.38,0,0,111260.38,0,0,111260.38,0,0,111260.38,0,0,110620.95,0,0,110620.95,0,0,111907.24,0,0,112561.67,0,0,110620.95,0,0,110620.95,0,0,111260.38,0,0,110620.95,0,0,110620.95,0,0,110620.95,0,0,110620.95,0,0,110620.95,0,0,110620.95,0,0,111260.38,0,0,111260.38,0,0,110620.95,0,0,110620.95,0,0,110620.95,0,0,110620.95,0,0,111907.24,0,0,111907.24,0,0,110620.95,0,0,110620.95,0,0,110620.95,0,0,110620.95,0,0,110620.95,41695.21,1055.63,232310.82,0,0,110620.95,0,0,110620.95,0,0,110620.95,0,0,110620.95,0,0,111907.24,0,0,111907.24,0,0,110620.95
1,0,0,2020-05-04,COVCOPD,0,0,0,0,0,0,0,0,0,0,0,0,0,0,0,0,0,0,0,0,0,0,0,0,0,0,0,0,0,0,0,0,0,0,0,0,0,0,0,0,0,0,0,0,0,0,0,0,0,0,111260.38,0,0,111260.38,0,0,110620.95,0,0,113893.76,0,0,115257.76,0,0,118086.17,0,0,110620.95,0,0,115257.76,0,0,114571.7,0,0,114571.7,0,0,111260.38,0,0,111260.38,0,0,111260.38,0,0,111260.38,0,0,110620.95,0,0,110620.95,0,0,111907.24,0,0,112561.67,0,0,110620.95,0,0,110620.95,0,0,111260.38,0,0,110620.95,0,0,110620.95,0,0,110620.95,0,0,110620.95,0,0,110620.95,0,0,110620.95,0,0,111260.38,0,0,111260.38,0,0,110620.95,0,0,110620.95,0,0,110620.95,0,0,110620.95,0,0,111907.24,0,0,111907.24,0,0,110620.95,0,0,110620.95,0,0,110620.95,0,0,110620.95,0,0,110620.95,0,0,153984.37,0,0,110620.95,0,0,110620.95,0,0,110620.95,0,0,110620.95,0,0,111907.24,0,0,111907.24,0,0,110620.95
1,0,0,2020-05-11,COVCOPD,0,0,0,0,1,0,0,0,0,0,0,0,0,0,0,0,0,0,0,0,0,0,0,0,0,0,0,0,0,0,0,0,0,0,0,0,0,1,0,0,0,0,0,0,0,0,0,0,0,0,111536.69,0,0,111536.69,0,0,110894.09,0,0,114183.32,31351.93,793.76,174681.78,0,0,118397.47,0,0,110894.09,0,0,115554.31,0,0,114864.72,0,0,114864.72,0,0,111536.69,0,0,111536.69,0,0,111536.69,0,0,111536.69,0,0,110894.09,0,0,110894.09,0,0,112186.78,0,0,112844.49,0,0,110894.09,0,0,110894.09,0,0,111536.69,0,0,110894.09,0,0,110894.09,0,0,110894.09,0,0,110894.09,0,0,110894.09,0,0,110894.09,0,0,111536.69,0,0,111536.69,0,0,110894.09,0,0,110894.09,0,0,110894.09,0,0,110894.09,0,0,112186.78,0,0,112186.78,0,0,110894.09,0,0,110894.09,0,0,110894.09,0,0,110894.09,0,0,110894.09,42031.07,1064.13,234182.13,0,0,110894.09,0,0,110894.09,0,0,110894.09,0,0,110894.09,0,0,112186.78,0,0,112186.78,0,0,110894.09
1,0,0,2020-05-18,COVCOPD,0,0,0,0,0,0,0,0,0,0,0,0,0,0,0,0,0,0,0,0,0,0,0,0,0,0,0,0,0,0,0,0,0,0,0,0,0,0,0,0,0,0,0,0,0,0,0,0,0,0,112280.27,0,0,112280.27,0,0,111629.1,0,0,114962.73,0,0,116654.82,0,0,118815.1,0,0,111629.1,0,0,115952.08,0,0,115653.5,0,0,115653.5,0,0,112280.27,0,0,112280.27,0,0,112280.27,0,0,112280.27,0,0,111629.1,0,0,111629.1,0,0,112939.08,0,0,113605.67,0,0,111629.1,0,0,111629.1,0,0,112280.27,0,0,111629.1,0,0,111629.1,0,0,111629.1,0,0,111629.1,0,0,111629.1,0,0,111629.1,0,0,112280.27,0,0,112280.27,0,0,111629.1,0,0,111629.1,0,0,111629.1,0,0,111629.1,0,0,112939.08,0,0,112939.08,0,0,111629.1,0,0,111629.1,0,0,111629.1,0,0,111629.1,0,0,111629.1,0,0,155944.82,0,0,111629.1,0,0,111629.1,0,0,111629.1,0,0,111629.1,0,0,112939.08,0,0,112939.08,0,0,111629.1
1,0,0,2020-05-25,COVCOPD,0,0,0,0,0,1,0,1,1,1,0,0,0,0,0,0,0,0,0,0,1,0,0,0,0,0,0,0,0,0,0,0,0,0,0,0,0,0,0,0,0,0,0,0,0,0,0,0,0,0,112561.67,0,0,112561.67,0,0,111907.24,0,0,115257.76,0,0,116654.82,32323.01,818.35,180092.28,0,0,111907.24,31432.87,795.81,175132.77,31541.45,798.56,175737.72,31541.45,798.56,175737.72,0,0,112561.67,0,0,112561.67,0,0,112561.67,0,0,112561.67,0,0,111907.24,0,0,111907.24,0,0,113223.8,0,0,113893.76,0,0,111907.24,0,0,111907.24,0,0,112561.67,0,0,111907.24,30437.5,770.61,169586.9,0,0,111907.24,0,0,111907.24,0,0,111907.24,0,0,111907.24,0,0,112561.67,0,0,112561.67,0,0,111907.24,0,0,111907.24,0,0,111907.24,0,0,111907.24,0,0,113223.8,0,0,113223.8,0,0,111907.24,0,0,111907.24,0,0,111907.24,0,0,111907.24,0,0,111907.24,0,0,156488.18,0,0,111907.24,0,0,111907.24,0,0,111907.24,0,0,111907.24,0,0,113223.8,0,0,113223.8,0,0,111907.24
1,0,0,2020-06-01,COVCOPD,0,0,0,0,0,0,0,0,0,0,0,0,0,0,0,0,0,0,0,0,0,0,0,0,0,0,0,0,0,0,0,0,0,0,0,0,0,0,0,0,0,0,0,0,0,0,0,0,0,0,112561.67,0,0,112561.67,0,0,111907.24,0,0,115257.76,0,0,116654.82,0,0,119553.08,0,0,111907.24,0,0,116654.82,0,0,116654.82,0,0,116654.82,0,0,112561.67,0,0,112561.67,0,0,112561.67,0,0,112561.67,0,0,111907.24,0,0,111907.24,0,0,113223.8,0,0,113893.76,0,0,111907.24,0,0,111907.24,0,0,112561.67,0,0,111907.24,0,0,112561.67,0,0,111907.24,0,0,111907.24,0,0,111907.24,0,0,111907.24,0,0,112561.67,0,0,112561.67,0,0,111907.24,0,0,111907.24,0,0,111907.24,0,0,111907.24,0,0,113223.8,0,0,113223.8,0,0,111907.24,0,0,111907.24,0,0,111907.24,0,0,111907.24,0,0,111907.24,0,0,156488.18,0,0,111907.24,0,0,111907.24,0,0,111907.24,0,0,111907.24,0,0,113223.8,0,0,113223.8,0,0,111907.24
1,0,0,2020-06-08,COVCOPD,0,0,0,0,0,0,0,0,0,0,0,0,0,0,0,0,0,0,0,0,0,0,0,0,0,0,0,0,0,0,0,0,0,0,0,0,0,0,0,0,0,0,0,0,0,0,0,0,0,0,112561.67,0,0,112561.67,0,0,111907.24,0,0,115257.76,0,0,116654.82,0,0,119553.08,0,0,111907.24,0,0,116654.82,0,0,116654.82,0,0,116654.82,0,0,112561.67,0,0,112561.67,0,0,112561.67,0,0,112561.67,0,0,111907.24,0,0,111907.24,0,0,113223.8,0,0,113893.76,0,0,111907.24,0,0,111907.24,0,0,112561.67,0,0,111907.24,0,0,112561.67,0,0,111907.24,0,0,111907.24,0,0,111907.24,0,0,111907.24,0,0,112561.67,0,0,112561.67,0,0,111907.24,0,0,111907.24,0,0,111907.24,0,0,111907.24,0,0,113223.8,0,0,113223.8,0,0,111907.24,0,0,111907.24,0,0,111907.24,0,0,111907.24,0,0,111907.24,0,0,156488.18,0,0,111907.24,0,0,111907.24,0,0,111907.24,0,0,111907.24,0,0,113223.8,0,0,113223.8,0,0,111907.24
1,0,0,2020-06-15,COVCOPD,0,0,0,0,0,0,0,0,0,0,0,0,0,0,0,0,0,0,0,0,0,0,0,0,0,0,0,0,0,0,0,0,0,0,0,0,0,0,0,0,0,0,0,0,0,0,0,0,0,0,112561.67,0,0,112561.67,0,0,111907.24,0,0,115257.76,0,0,116654.82,0,0,119553.08,0,0,111907.24,0,0,116654.82,0,0,116654.82,0,0,116654.82,0,0,112561.67,0,0,112561.67,0,0,112561.67,0,0,112561.67,0,0,111907.24,0,0,111907.24,0,0,113223.8,0,0,113893.76,0,0,111907.24,0,0,111907.24,0,0,112561.67,0,0,111907.24,0,0,112561.67,0,0,111907.24,0,0,111907.24,0,0,111907.24,0,0,111907.24,0,0,112561.67,0,0,112561.67,0,0,111907.24,0,0,111907.24,0,0,111907.24,0,0,111907.24,0,0,113223.8,0,0,113223.8,0,0,111907.24,0,0,111907.24,0,0,111907.24,0,0,111907.24,0,0,111907.24,0,0,156488.18,0,0,111907.24,0,0,111907.24,0,0,111907.24,0,0,111907.24,0,0,113223.8,0,0,113223.8,0,0,111907.24
1,0,0,2020-06-22,COVCOPD,0,0,0,0,0,0,0,0,0,0,0,0,0,0,0,0,0,0,0,0,0,0,0,0,0,0,0,0,0,0,0,0,0,0,0,0,0,0,0,0,0,0,0,0,0,0,0,0,0,0,112655.79,0,0,112655.79,0,0,112000.27,0,0,115356.44,0,0,116755.91,0,0,119553.08,0,0,112000.27,0,0,116654.82,0,0,116654.82,0,0,116654.82,0,0,112655.79,0,0,112655.79,0,0,112655.79,0,0,112655.79,0,0,112000.27,0,0,112000.27,0,0,113223.8,0,0,113893.76,0,0,112000.27,0,0,112000.27,0,0,112655.79,0,0,112000.27,0,0,112561.67,0,0,112000.27,0,0,112000.27,0,0,112000.27,0,0,112000.27,0,0,112655.79,0,0,112655.79,0,0,112000.27,0,0,112000.27,0,0,112000.27,0,0,112000.27,0,0,113319.03,0,0,113319.03,0,0,112000.27,0,0,112000.27,0,0,112000.27,0,0,112000.27,0,0,112000.27,0,0,156488.18,0,0,112000.27,0,0,112000.27,0,0,112000.27,0,0,112000.27,0,0,113319.03,0,0,113319.03,0,0,112000.27
1,0,0,2020-06-29,COVCOPD,0,0,0,0,0,0,0,0,0,0,0,0,0,0,0,0,0,0,0,0,0,0,0,0,0,0,0,0,0,0,0,0,0,0,0,0,0,0,0,0,0,0,0,0,0,0,0,0,0,0,113223.8,0,0,113223.8,0,0,112561.67,0,0,115952.08,0,0,117366.13,0,0,119553.08,0,0,112561.67,0,0,116654.82,0,0,116654.82,0,0,116654.82,0,0,113223.8,0,0,113223.8,0,0,113223.8,0,0,113223.8,0,0,112561.67,0,0,112561.67,0,0,113223.8,0,0,113893.76,0,0,112561.67,0,0,112561.67,0,0,113223.8,0,0,112561.67,0,0,112561.67,0,0,112561.67,0,0,112561.67,0,0,112561.67,0,0,112561.67,0,0,113223.8,0,0,113223.8,0,0,112561.67,0,0,112561.67,0,0,112561.67,0,0,112561.67,0,0,113893.76,0,0,113893.76,0,0,112561.67,0,0,112561.67,0,0,112561.67,0,0,112561.67,0,0,112561.67,0,0,156488.18,0,0,112561.67,0,0,112561.67,0,0,112561.67,0,0,112561.67,0,0,113893.76,0,0,113893.76,0,0,112561.67
1,0,0,2020-07-06,COVCOPD,0,0,0,0,0,0,0,0,0,0,0,0,0,0,0,0,0,0,0,0,0,0,0,0,0,0,0,0,0,0,1,1,0,0,0,0,0,0,0,0,0,0,1,1,0,0,0,0,0,0,113223.8,0,0,113223.8,0,0,112561.67,0,0,115952.08,0,0,117366.13,0,0,119553.08,0,0,112561.67,0,0,116654.82,0,0,116654.82,0,0,116654.82,0,0,113223.8,0,0,113223.8,0,0,113223.8,0,0,113223.8,0,0,112561.67,0,0,112561.67,0,0,113223.8,0,0,113893.76,0,0,112561.67,0,0,112561.67,0,0,113223.8,0,0,112561.67,0,0,112561.67,0,0,112561.67,0,0,112561.67,0,0,112561.67,0,0,112561.67,0,0,113223.8,0,0,113223.8,0,0,112561.67,0,0,112561.67,0,0,112561.67,0,0,112561.67,30979.64,784.34,172607.53,30979.64,784.34,172607.53,0,0,112561.67,0,0,112561.67,0,0,112561.67,0,0,112561.67,0,0,112561.67,0,0,156488.18,0,0,112561.67,0,0,112561.67,0,0,112561.67,0,0,112561.67,30979.64,784.34,172607.53,30979.64,784.34,172607.53,0,0,112561.67
1,0,0,2020-07-13,COVCOPD,0,0,0,0,0,0,0,0,0,0,0,0,0,0,0,0,0,0,0,0,0,0,0,0,0,0,0,0,0,0,0,0,0,0,0,0,0,0,0,0,0,0,0,0,0,0,0,0,0,0,113223.8,0,0,113223.8,0,0,112561.67,0,0,115952.08,0,0,117366.13,0,0,119553.08,0,0,112561.67,0,0,116654.82,0,0,116654.82,0,0,116654.82,0,0,113223.8,0,0,113223.8,0,0,113223.8,0,0,113223.8,0,0,112561.67,0,0,112561.67,0,0,113223.8,0,0,113893.76,0,0,112561.67,0,0,112561.67,0,0,113223.8,0,0,112561.67,0,0,112561.67,0,0,112561.67,0,0,112561.67,0,0,112561.67,0,0,112561.67,0,0,113223.8,0,0,113223.8,0,0,112561.67,0,0,112561.67,0,0,112561.67,0,0,112561.67,0,0,114571.7,0,0,114571.7,0,0,112561.67,0,0,112561.67,0,0,112561.67,0,0,112561.67,0,0,112561.67,0,0,156488.18,0,0,112561.67,0,0,112561.67,0,0,112561.67,0,0,112561.67,0,0,114571.7,0,0,114571.7,0,0,112561.67
1,0,0,2020-07-20,COVCOPD,0,0,0,0,0,0,0,0,0,0,0,0,0,0,0,0,0,0,0,0,0,0,0,0,0,0,0,0,0,0,0,0,0,0,0,0,0,0,0,0,0,0,0,0,0,0,0,0,0,0,113414.41,0,0,113414.41,0,0,112750.06,0,0,116152,0,0,117570.96,0,0,119765.62,0,0,112750.06,0,0,116857.17,0,0,116857.17,0,0,116857.17,0,0,113414.41,0,0,113414.41,0,0,113414.41,0,0,113414.41,0,0,112750.06,0,0,112750.06,0,0,113414.41,0,0,114086.64,0,0,112750.06,0,0,112750.06,0,0,113414.41,0,0,112750.06,0,0,112750.06,0,0,112750.06,0,0,112750.06,0,0,112750.06,0,0,112750.06,0,0,113414.41,0,0,113414.41,0,0,112750.06,0,0,112750.06,0,0,112750.06,0,0,112750.06,0,0,114766.88,0,0,114766.88,0,0,112750.06,0,0,112750.06,0,0,112750.06,0,0,112750.06,0,0,112750.06,0,0,156852.53,0,0,112750.06,0,0,112750.06,0,0,112750.06,0,0,112750.06,0,0,114766.88,0,0,114766.88,0,0,112750.06
1,0,0,2020-07-27,COVCOPD,0,0,0,1,0,0,0,0,0,0,0,0,0,0,0,0,0,0,0,0,0,0,0,0,0,0,0,0,0,0,0,0,0,0,0,0,0,0,0,0,0,0,0,0,0,0,0,0,0,0,114571.7,0,0,114571.7,0,0,113893.76,31983.36,809.75,178199.89,0,0,118815.1,0,0,121056.89,0,0,113893.76,0,0,118086.17,0,0,118086.17,0,0,118086.17,0,0,114571.7,0,0,114571.7,0,0,114571.7,0,0,114571.7,0,0,113893.76,0,0,113893.76,0,0,114571.7,0,0,115257.76,0,0,113893.76,0,0,113893.76,0,0,114571.7,0,0,113893.76,0,0,113893.76,0,0,113893.76,0,0,113893.76,0,0,113893.76,0,0,113893.76,0,0,114571.7,0,0,114571.7,0,0,113893.76,0,0,113893.76,0,0,113893.76,0,0,113893.76,0,0,115952.08,0,0,115952.08,0,0,113893.76,0,0,113893.76,0,0,113893.76,0,0,113893.76,0,0,113893.76,0,0,157770.87,0,0,113893.76,0,0,113893.76,0,0,113893.76,0,0,113893.76,0,0,115952.08,0,0,115952.08,0,0,113893.76
1,0,0,2020-08-03,COVCOPD,0,0,0,0,0,0,0,1,1,1,0,0,0,0,0,0,0,0,0,0,0,0,0,0,0,0,0,0,0,0,0,0,0,0,0,0,0,0,0,0,0,0,0,0,0,0,0,0,0,0,114571.7,0,0,114571.7,0,0,113893.76,0,0,118086.17,0,0,118815.1,0,0,121056.89,0,0,113893.76,32095.78,812.59,178826.25,32095.78,812.59,178826.25,32095.78,812.59,178826.25,0,0,114571.7,0,0,114571.7,0,0,114571.7,0,0,114571.7,0,0,113893.76,0,0,113893.76,0,0,114571.7,0,0,115257.76,0,0,113893.76,0,0,113893.76,0,0,114571.7,0,0,113893.76,0,0,113893.76,0,0,113893.76,0,0,113893.76,0,0,113893.76,0,0,113893.76,0,0,114571.7,0,0,114571.7,0,0,113893.76,0,0,113893.76,0,0,113893.76,0,0,113893.76,0,0,115952.08,0,0,115952.08,0,0,113893.76,0,0,113893.76,0,0,113893.76,0,0,113893.76,0,0,113893.76,0,0,157770.87,0,0,113893.76,0,0,113893.76,0,0,113893.76,0,0,113893.76,0,0,115952.08,0,0,115952.08,0,0,113893.76
1,0,0,2020-08-10,COVCOPD,0,0,0,0,0,0,0,0,0,0,0,0,0,0,0,0,0,0,0,0,0,0,0,0,0,0,0,0,0,0,0,0,0,0,0,0,0,0,0,0,0,0,0,0,0,0,0,0,0,0,114571.7,0,0,114571.7,0,0,113893.76,0,0,118086.17,0,0,118815.1,0,0,121056.89,0,0,113893.76,0,0,118815.1,0,0,118815.1,0,0,118815.1,0,0,114571.7,0,0,114571.7,0,0,114571.7,0,0,114571.7,0,0,113893.76,0,0,113893.76,0,0,114571.7,0,0,115257.76,0,0,113893.76,0,0,113893.76,0,0,114571.7,0,0,113893.76,0,0,113893.76,0,0,113893.76,0,0,113893.76,0,0,113893.76,0,0,113893.76,0,0,114571.7,0,0,114571.7,0,0,113893.76,0,0,113893.76,0,0,113893.76,0,0,113893.76,0,0,115952.08,0,0,115952.08,0,0,113893.76,0,0,113893.76,0,0,113893.76,0,0,113893.76,0,0,113893.76,0,0,157770.87,0,0,113893.76,0,0,113893.76,0,0,113893.76,0,0,113893.76,0,0,115952.08,0,0,115952.08,0,0,113893.76
1,0,0,2020-08-17,COVCOPD,0,0,0,0,0,0,0,0,0,0,0,0,0,0,0,0,0,0,0,0,0,0,0,0,0,0,0,0,0,0,0,0,0,0,0,0,0,0,0,0,0,0,0,0,0,0,0,0,0,0,114962.73,0,0,114962.73,0,0,114280.17,0,0,118501.6,0,0,119235.68,0,0,121493.53,0,0,114280.17,0,0,119235.68,0,0,119235.68,0,0,119235.68,0,0,114962.73,0,0,114962.73,0,0,114962.73,0,0,114962.73,0,0,114280.17,0,0,114280.17,0,0,114962.73,0,0,115653.5,0,0,114280.17,0,0,114280.17,0,0,114962.73,0,0,114280.17,0,0,114280.17,0,0,114280.17,0,0,114280.17,0,0,114280.17,0,0,114280.17,0,0,114962.73,0,0,114962.73,0,0,114280.17,0,0,114280.17,0,0,114280.17,0,0,114280.17,0,0,116352.61,0,0,116352.61,0,0,114280.17,0,0,114280.17,0,0,114280.17,0,0,114280.17,0,0,114280.17,0,0,158513.32,0,0,114280.17,0,0,114280.17,0,0,114280.17,0,0,114280.17,0,0,116352.61,0,0,116352.61,0,0,114280.17
1,0,0,2020-08-24,COVCOPD,0,0,0,0,0,0,0,0,1,1,0,0,0,0,0,0,0,0,0,0,0,0,0,0,0,0,0,0,0,0,0,0,0,0,0,0,0,0,0,0,0,0,0,0,0,0,0,0,0,0,115257.76,0,0,115257.76,0,0,114571.7,0,0,118815.1,0,0,119553.08,0,0,121823.08,0,0,114571.7,0,0,119553.08,32524.49,823.45,181214.85,32524.49,823.45,181214.85,0,0,115257.76,0,0,115257.76,0,0,115257.76,0,0,115257.76,0,0,114571.7,0,0,114571.7,0,0,115257.76,0,0,115952.08,0,0,114571.7,0,0,114571.7,0,0,115257.76,0,0,114571.7,0,0,114571.7,0,0,114571.7,0,0,114571.7,0,0,114571.7,0,0,114571.7,0,0,115257.76,0,0,115257.76,0,0,114571.7,0,0,114571.7,0,0,114571.7,0,0,114571.7,0,0,116654.82,0,0,116654.82,0,0,114571.7,0,0,114571.7,0,0,114571.7,0,0,114571.7,0,0,114571.7,0,0,159074.76,0,0,114571.7,0,0,114571.7,0,0,114571.7,0,0,114571.7,0,0,116654.82,0,0,116654.82,0,0,114571.7
1,0,0,2020-08-31,COVCOPD,0,0,0,0,0,0,0,0,0,0,0,0,0,0,0,0,0,0,0,0,0,0,0,0,0,0,0,0,0,0,0,0,0,0,0,0,0,0,0,0,0,0,0,0,0,0,0,0,0,0,115455.29,0,0,115455.29,0,0,114766.88,0,0,119025.02,0,0,119765.62,0,0,122043.77,0,0,114766.88,0,0,119765.62,0,0,120515.49,0,0,120515.49,0,0,115455.29,0,0,115455.29,0,0,115455.29,0,0,115455.29,0,0,114766.88,0,0,114766.88,0,0,115455.29,0,0,116152,0,0,114766.88,0,0,114766.88,0,0,115455.29,0,0,114766.88,0,0,114766.88,0,0,114766.88,0,0,114766.88,0,0,114766.88,0,0,114766.88,0,0,115455.29,0,0,115455.29,0,0,114766.88,0,0,114766.88,0,0,114766.88,0,0,114766.88,0,0,116857.17,0,0,116857.17,0,0,114766.88,0,0,114766.88,0,0,114766.88,0,0,114766.88,0,0,114766.88,0,0,159074.76,0,0,114766.88,0,0,114766.88,0,0,114766.88,0,0,114766.88,0,0,116857.17,0,0,116857.17,0,0,114766.88
1,0,0,2020-09-07,COVCOPD,0,0,0,0,0,0,0,0,0,0,0,0,0,0,0,0,0,0,0,0,0,0,0,1,0,0,0,0,0,0,0,0,0,0,0,0,0,0,0,1,0,0,0,0,0,0,0,0,0,0,115952.08,0,0,115952.08,0,0,115257.76,0,0,119553.08,0,0,120300.29,0,0,122599.02,0,0,115257.76,0,0,120300.29,0,0,121056.89,0,0,121056.89,0,0,115952.08,0,0,115952.08,0,0,115952.08,0,0,115952.08,0,0,115257.76,0,0,115257.76,0,0,115952.08,0,0,116654.82,0,0,115257.76,0,0,115257.76,0,0,115952.08,0,0,115257.76,0,0,115257.76,0,0,115257.76,0,0,115257.76,0,0,115257.76,31298.2,792.4,174382.41,0,0,115952.08,0,0,115952.08,0,0,115257.76,0,0,115257.76,0,0,115257.76,0,0,115257.76,0,0,117366.13,0,0,117366.13,0,0,115257.76,0,0,115257.76,0,0,115257.76,0,0,115257.76,0,0,115257.76,0,0,159074.76,0,0,115257.76,31298.2,792.4,174382.41,0,0,115257.76,0,0,115257.76,0,0,117366.13,0,0,117366.13,0,0,115257.76
1,0,0,2020-09-14,COVCOPD,0,0,0,0,0,0,0,0,0,0,0,0,0,0,0,0,0,0,0,0,0,0,0,0,0,0,0,0,0,0,0,0,0,0,0,0,0,0,0,0,0,0,0,0,0,0,0,0,0,0,116152,0,0,116152,0,0,115455.29,0,0,119765.62,0,0,120515.49,0,0,122822.54,0,0,115455.29,0,0,120515.49,0,0,121274.82,0,0,121274.82,0,0,116152,0,0,116152,0,0,116152,0,0,116152,0,0,115455.29,0,0,115455.29,0,0,116152,0,0,116857.17,0,0,115455.29,0,0,115455.29,0,0,116152,0,0,115455.29,0,0,115455.29,0,0,115455.29,0,0,115455.29,0,0,115455.29,0,0,115952.08,0,0,116152,0,0,116152,0,0,115455.29,0,0,115455.29,0,0,115455.29,0,0,115455.29,0,0,117570.96,0,0,117570.96,0,0,115455.29,0,0,115455.29,0,0,115455.29,0,0,115455.29,0,0,115455.29,0,0,159074.76,0,0,115455.29,0,0,115952.08,0,0,115455.29,0,0,115455.29,0,0,117570.96,0,0,117570.96,0,0,115455.29
1,0,0,2020-09-21,COVCOPD,0,0,0,0,0,0,0,0,0,0,0,0,0,0,0,0,0,0,0,0,0,0,0,0,0,0,0,0,0,0,0,0,0,0,0,0,0,0,0,0,0,0,0,0,0,0,0,0,0,0,116654.82,0,0,116654.82,0,0,115952.08,0,0,120300.29,0,0,121056.89,0,0,123384.91,0,0,115952.08,0,0,121056.89,0,0,121823.08,0,0,121823.08,0,0,116654.82,0,0,116654.82,0,0,116654.82,0,0,116654.82,0,0,115952.08,0,0,115952.08,0,0,116654.82,0,0,117366.13,0,0,115952.08,0,0,115952.08,0,0,116654.82,0,0,115952.08,0,0,115952.08,0,0,115952.08,0,0,115952.08,0,0,115952.08,0,0,115952.08,0,0,116654.82,0,0,116654.82,0,0,115952.08,0,0,115952.08,0,0,115952.08,0,0,115952.08,0,0,118086.17,0,0,118086.17,0,0,115952.08,0,0,115952.08,0,0,115952.08,0,0,115952.08,0,0,115952.08,0,0,159074.76,0,0,115952.08,0,0,115952.08,0,0,115952.08,0,0,115952.08,0,0,118086.17,0,0,118086.17,0,0,115952.08
1,0,0,2020-09-28,COVCOPD,0,0,0,0,0,0,0,0,0,0,0,0,0,0,0,0,0,0,0,0,0,0,0,0,0,0,0,0,0,0,0,0,0,0,0,0,0,0,0,0,0,0,0,0,0,0,0,0,0,0,116857.17,0,0,116857.17,0,0,116152,0,0,120515.49,0,0,121274.82,0,0,123611.3,0,0,116152,0,0,121274.82,0,0,122043.77,0,0,122043.77,0,0,116857.17,0,0,116857.17,0,0,116857.17,0,0,116857.17,0,0,116152,0,0,116152,0,0,116857.17,0,0,117570.96,0,0,116152,0,0,116152,0,0,116857.17,0,0,116152,0,0,116152,0,0,116152,0,0,116152,0,0,116152,0,0,116152,0,0,116857.17,0,0,116857.17,0,0,116152,0,0,116152,0,0,116152,0,0,116152,0,0,118293.52,0,0,118293.52,0,0,116152,0,0,116152,0,0,116152,0,0,116152,0,0,116152,0,0,159074.76,0,0,116152,0,0,116152,0,0,116152,0,0,116152,0,0,118293.52,0,0,118293.52,0,0,116152
1,0,0,2020-10-05,COVCOPD,0,0,0,0,0,0,0,0,0,0,0,0,0,0,0,0,0,0,0,0,0,0,0,0,0,0,0,0,0,0,0,0,0,0,0,0,0,0,0,0,0,0,0,0,0,0,0,0,0,0,117366.13,0,0,117366.13,0,0,116654.82,0,0,121056.89,0,0,121823.08,0,0,124180.94,0,0,116654.82,0,0,121823.08,0,0,122599.02,0,0,122599.02,0,0,117366.13,0,0,117366.13,0,0,117366.13,0,0,117366.13,0,0,116654.82,0,0,116654.82,0,0,117366.13,0,0,118086.17,0,0,116654.82,0,0,116654.82,0,0,117366.13,0,0,116654.82,0,0,116654.82,0,0,116654.82,0,0,116654.82,0,0,116654.82,0,0,116654.82,0,0,117366.13,0,0,117366.13,0,0,116654.82,0,0,116654.82,0,0,116654.82,0,0,116654.82,0,0,118815.1,0,0,118815.1,0,0,116654.82,0,0,116654.82,0,0,116654.82,0,0,116654.82,0,0,116654.82,0,0,159074.76,0,0,116654.82,0,0,116654.82,0,0,116654.82,0,0,116654.82,0,0,118815.1,0,0,118815.1,0,0,116654.82
1,0,0,2020-10-12,COVCOPD,0,0,0,0,0,0,0,0,0,0,0,0,0,0,0,0,0,0,0,0,0,0,0,0,0,0,0,0,0,0,0,0,0,0,0,0,0,1,0,0,0,0,0,0,0,0,0,0,0,0,117366.13,0,0,117366.13,0,0,116654.82,0,0,121056.89,0,0,121823.08,0,0,124180.94,0,0,116654.82,0,0,121823.08,0,0,122599.02,0,0,122599.02,0,0,117366.13,0,0,117366.13,0,0,117366.13,0,0,117366.13,0,0,116654.82,0,0,116654.82,0,0,117366.13,0,0,118086.17,0,0,116654.82,0,0,116654.82,0,0,117366.13,0,0,116654.82,0,0,116654.82,0,0,116654.82,0,0,116654.82,0,0,116654.82,0,0,116654.82,0,0,117366.13,0,0,117366.13,0,0,116654.82,0,0,116654.82,0,0,116654.82,0,0,116654.82,0,0,118815.1,0,0,118815.1,0,0,116654.82,0,0,116654.82,0,0,116654.82,0,0,116654.82,0,0,116654.82,43327.4,1096.95,241404.83,0,0,116654.82,0,0,116654.82,0,0,116654.82,0,0,116654.82,0,0,118815.1,0,0,118815.1,0,0,116654.82
1,0,0,2020-10-19,COVCOPD,0,0,0,0,0,0,0,0,0,0,0,0,0,0,0,0,0,0,0,0,0,0,0,0,0,0,0,0,0,0,0,0,0,0,0,0,0,0,0,0,0,0,0,0,0,0,0,0,0,0,117366.13,0,0,117366.13,0,0,116654.82,0,0,121056.89,0,0,121823.08,0,0,124180.94,0,0,116654.82,0,0,121823.08,0,0,122599.02,0,0,122599.02,0,0,117366.13,0,0,117366.13,0,0,117366.13,0,0,117366.13,0,0,116654.82,0,0,116654.82,0,0,117366.13,0,0,118086.17,0,0,116654.82,0,0,116654.82,0,0,117366.13,0,0,116654.82,0,0,116654.82,0,0,116654.82,0,0,116654.82,0,0,116654.82,0,0,116654.82,0,0,117366.13,0,0,117366.13,0,0,116654.82,0,0,116654.82,0,0,116654.82,0,0,116654.82,0,0,118815.1,0,0,118815.1,0,0,116654.82,0,0,116654.82,0,0,116654.82,0,0,116654.82,0,0,116654.82,0,0,160400.38,0,0,116654.82,0,0,116654.82,0,0,116654.82,0,0,116654.82,0,0,118815.1,0,0,118815.1,0,0,116654.82
1,0,0,2020-10-26,COVCOPD,0,0,0,0,0,0,0,0,0,0,0,0,0,0,0,0,0,1,0,0,0,0,0,0,0,0,0,0,0,0,0,0,0,0,0,0,0,0,0,0,0,0,0,0,0,0,0,0,0,0,117366.13,0,0,117366.13,0,0,116654.82,0,0,121056.89,0,0,121823.08,0,0,124180.94,0,0,116654.82,0,0,121823.08,0,0,122599.02,0,0,122599.02,0,0,117366.13,0,0,117366.13,0,0,117366.13,0,0,117366.13,0,0,116654.82,0,0,116654.82,0,0,117366.13,32152.29,814.03,179141.09,0,0,116654.82,0,0,116654.82,0,0,117366.13,0,0,116654.82,0,0,116654.82,0,0,116654.82,0,0,116654.82,0,0,116654.82,0,0,116654.82,0,0,117366.13,0,0,117366.13,0,0,116654.82,0,0,116654.82,0,0,116654.82,0,0,116654.82,0,0,118815.1,0,0,118815.1,0,0,116654.82,0,0,116654.82,0,0,116654.82,0,0,116654.82,0,0,116654.82,0,0,160400.38,0,0,116654.82,0,0,116654.82,0,0,116654.82,0,0,116654.82,0,0,118815.1,0,0,118815.1,0,0,116654.82
1,0,0,2020-11-02,COVCOPD,0,0,0,0,0,0,0,0,0,0,0,0,0,0,0,0,0,0,0,0,0,0,0,0,0,0,0,0,0,0,0,0,0,0,0,0,0,2,0,0,0,0,0,0,0,0,0,0,0,0,117366.13,0,0,117366.13,0,0,116654.82,0,0,121056.89,0,0,121823.08,0,0,124180.94,0,0,116654.82,0,0,121823.08,0,0,122599.02,0,0,122599.02,0,0,117366.13,0,0,117366.13,0,0,117366.13,0,0,117366.13,0,0,116654.82,0,0,116654.82,0,0,117366.13,0,0,118815.1,0,0,116654.82,0,0,116654.82,0,0,117366.13,0,0,116654.82,0,0,116654.82,0,0,116654.82,0,0,116654.82,0,0,116654.82,0,0,116654.82,0,0,117366.13,0,0,117366.13,0,0,116654.82,0,0,116654.82,0,0,116654.82,0,0,116654.82,0,0,118815.1,0,0,118815.1,0,0,116654.82,0,0,116654.82,0,0,116654.82,0,0,116654.82,0,0,116654.82,87380.38,10582.17,315647.99,0,0,116654.82,0,0,116654.82,0,0,116654.82,0,0,116654.82,0,0,118815.1,0,0,118815.1,0,0,116654.82
1,0,0,2020-11-09,COVCOPD,0,0,0,0,0,0,0,0,0,0,0,0,0,0,0,0,0,0,0,0,0,0,0,0,0,0,0,0,0,0,0,0,0,0,0,0,0,2,0,0,0,0,0,0,0,0,0,0,0,0,117366.13,0,0,117366.13,0,0,116654.82,0,0,121056.89,0,0,121823.08,0,0,124180.94,0,0,116654.82,0,0,121823.08,0,0,122599.02,0,0,122599.02,0,0,117366.13,0,0,117366.13,0,0,117366.13,0,0,117366.13,0,0,116654.82,0,0,116654.82,0,0,117366.13,0,0,118815.1,0,0,116654.82,0,0,116654.82,0,0,117366.13,0,0,116654.82,0,0,116654.82,0,0,116654.82,0,0,116654.82,0,0,116654.82,0,0,116654.82,0,0,117366.13,0,0,117366.13,0,0,116654.82,0,0,116654.82,0,0,116654.82,0,0,116654.82,0,0,118815.1,0,0,118815.1,0,0,116654.82,0,0,116654.82,0,0,116654.82,0,0,116654.82,0,0,116654.82,89194.14,10801.82,322199.9,0,0,116654.82,0,0,116654.82,0,0,116654.82,0,0,116654.82,0,0,118815.1,0,0,118815.1,0,0,116654.82
1,0,0,2020-11-16,COVCOPD,0,0,0,0,0,0,0,0,0,0,0,0,0,0,0,0,0,0,0,0,0,0,0,0,0,0,0,0,0,0,0,0,0,0,0,0,0,0,0,0,0,0,0,0,0,0,0,0,0,0,117366.13,0,0,117366.13,0,0,116654.82,0,0,121056.89,0,0,121823.08,0,0,124180.94,0,0,116654.82,0,0,121823.08,0,0,122599.02,0,0,122599.02,0,0,117366.13,0,0,117366.13,0,0,117366.13,0,0,117366.13,0,0,116654.82,0,0,116654.82,0,0,117366.13,0,0,118815.1,0,0,116654.82,0,0,116654.82,0,0,117366.13,0,0,116654.82,0,0,116654.82,0,0,116654.82,0,0,116654.82,0,0,116654.82,0,0,116654.82,0,0,117366.13,0,0,117366.13,0,0,116654.82,0,0,116654.82,0,0,116654.82,0,0,116654.82,0,0,118815.1,0,0,118815.1,0,0,116654.82,0,0,116654.82,0,0,116654.82,0,0,116654.82,0,0,116654.82,0,0,165931.43,0,0,116654.82,0,0,116654.82,0,0,116654.82,0,0,116654.82,0,0,118815.1,0,0,118815.1,0,0,116654.82
1,0,0,2020-11-23,COVCOPD,0,0,0,0,0,0,0,0,0,0,0,0,0,0,0,0,0,0,0,0,0,0,0,0,0,0,0,0,0,0,0,0,0,0,0,0,0,2,0,0,0,0,0,0,0,0,0,0,0,0,118293.52,0,0,118293.52,0,0,117570.96,0,0,122043.77,0,0,122599.02,0,0,124987.31,0,0,117570.96,0,0,122599.02,0,0,123384.91,0,0,123384.91,0,0,118293.52,0,0,118293.52,0,0,118293.52,0,0,118293.52,0,0,117570.96,0,0,117570.96,0,0,118293.52,0,0,119765.62,0,0,117570.96,0,0,117570.96,0,0,118293.52,0,0,117570.96,0,0,117570.96,0,0,117570.96,0,0,117570.96,0,0,117570.96,0,0,117570.96,0,0,118293.52,0,0,118293.52,0,0,117570.96,0,0,117570.96,0,0,117570.96,0,0,117570.96,0,0,119765.62,0,0,119765.62,0,0,117570.96,0,0,117570.96,0,0,117570.96,0,0,117570.96,0,0,117570.96,91198.5,11044.56,329440.35,0,0,117570.96,0,0,117570.96,0,0,117570.96,0,0,117570.96,0,0,119765.62,0,0,119765.62,0,0,117570.96
1,0,0,2020-11-30,COVCOPD,0,0,0,0,0,0,0,0,1,1,0,0,0,0,0,0,0,0,0,0,0,0,0,0,0,0,0,0,0,0,0,0,0,0,0,0,0,2,0,0,0,0,0,0,0,0,0,0,0,0,118815.1,0,0,118815.1,0,0,118086.17,0,0,122599.02,0,0,122599.02,0,0,124987.31,0,0,118086.17,0,0,122599.02,33478.46,847.6,186530.04,33478.46,847.6,186530.04,0,0,118815.1,0,0,118815.1,0,0,118815.1,0,0,118815.1,0,0,118086.17,0,0,118086.17,0,0,118815.1,0,0,120300.29,0,0,118086.17,0,0,118086.17,0,0,118815.1,0,0,118086.17,0,0,118086.17,0,0,118086.17,0,0,118086.17,0,0,118086.17,0,0,118086.17,0,0,118815.1,0,0,118815.1,0,0,118086.17,0,0,118086.17,0,0,118086.17,0,0,118086.17,0,0,120300.29,0,0,120300.29,0,0,118086.17,0,0,118086.17,0,0,118086.17,0,0,118086.17,0,0,118086.17,92820.84,11241.03,335300.78,0,0,118086.17,0,0,118086.17,0,0,118086.17,0,0,118086.17,0,0,120300.29,0,0,120300.29,0,0,118086.17
1,0,0,2020-12-07,COVCOPD,0,0,0,0,1,1,0,0,0,0,0,0,0,0,0,0,0,0,0,0,0,0,0,0,0,0,0,0,0,0,0,0,0,0,0,0,0,3,0,0,0,0,0,0,0,0,0,0,0,0,118815.1,0,0,118815.1,0,0,118086.17,0,0,122599.02,33265.03,842.2,185340.87,33913.65,858.62,188954.76,0,0,118086.17,0,0,122599.02,0,0,124180.94,0,0,124180.94,0,0,118815.1,0,0,118815.1,0,0,118815.1,0,0,118815.1,0,0,118086.17,0,0,118086.17,0,0,118815.1,0,0,120300.29,0,0,118086.17,0,0,118086.17,0,0,118815.1,0,0,118086.17,0,0,118086.17,0,0,118086.17,0,0,118086.17,0,0,118086.17,0,0,118086.17,0,0,118815.1,0,0,118815.1,0,0,118086.17,0,0,118086.17,0,0,118086.17,0,0,118086.17,0,0,120300.29,0,0,120300.29,0,0,118086.17,0,0,118086.17,0,0,118086.17,0,0,118086.17,0,0,118086.17,142490.25,29384.91,416416.97,0,0,118086.17,0,0,118086.17,0,0,118086.17,0,0,118086.17,0,0,120300.29,0,0,120300.29,0,0,118086.17
1,0,0,2020-12-14,COVCOPD,0,0,0,0,0,0,0,0,0,0,0,0,0,0,0,0,0,0,0,0,0,0,0,0,0,0,0,0,0,0,0,0,0,0,0,0,0,1,0,0,0,0,0,0,0,0,0,0,0,0,118815.1,0,0,118815.1,0,0,118086.17,0,0,122599.02,0,0,123384.91,0,0,125804.22,0,0,118086.17,0,0,122599.02,0,0,124180.94,0,0,124180.94,0,0,118815.1,0,0,118815.1,0,0,118815.1,0,0,118815.1,0,0,118086.17,0,0,118086.17,0,0,118815.1,0,0,120300.29,0,0,118086.17,0,0,118086.17,0,0,118815.1,0,0,118086.17,0,0,118086.17,0,0,118086.17,0,0,118086.17,0,0,118086.17,0,0,118086.17,0,0,118815.1,0,0,118815.1,0,0,118086.17,0,0,118086.17,0,0,118086.17,0,0,118086.17,0,0,120300.29,0,0,120300.29,0,0,118086.17,0,0,118086.17,0,0,118086.17,0,0,118086.17,0,0,118086.17,48635.15,1231.34,270977.73,0,0,118086.17,0,0,118086.17,0,0,118086.17,0,0,118086.17,0,0,120300.29,0,0,120300.29,0,0,118086.17
1,0,0,2020-12-21,COVCOPD,0,0,0,0,0,0,0,0,0,0,0,0,0,0,0,0,0,0,0,0,0,0,0,0,0,0,0,0,0,0,0,0,0,0,0,0,0,1,0,0,0,0,0,0,0,0,0,0,0,0,119235.68,0,0,119235.68,0,0,118501.6,0,0,123046.87,0,0,123838.53,0,0,126275.84,0,0,118501.6,0,0,123046.87,0,0,124640.45,0,0,124640.45,0,0,119235.68,0,0,119235.68,0,0,119235.68,0,0,119235.68,0,0,118501.6,0,0,118501.6,0,0,119235.68,0,0,120731.47,0,0,118501.6,0,0,118501.6,0,0,119235.68,0,0,118501.6,0,0,118501.6,0,0,118501.6,0,0,118501.6,0,0,118501.6,0,0,118501.6,0,0,119235.68,0,0,119235.68,0,0,118501.6,0,0,118501.6,0,0,118501.6,0,0,118501.6,0,0,120731.47,0,0,120731.47,0,0,118501.6,0,0,118501.6,0,0,118501.6,0,0,118501.6,0,0,118501.6,49092.74,1242.92,273527.25,0,0,118501.6,0,0,118501.6,0,0,118501.6,0,0,118501.6,0,0,120731.47,0,0,120731.47,0,0,118501.6
1,0,0,2020-12-28,COVCOPD,0,0,0,0,0,0,0,0,0,0,0,0,0,0,0,0,0,0,0,0,0,0,0,0,0,0,0,0,0,0,0,0,0,0,0,0,0,3,0,0,0,0,0,0,0,0,0,0,0,0,120839.75,0,0,120839.75,0,0,120085.85,0,0,124755.85,0,0,125569.73,0,0,128076.35,0,0,120085.85,0,0,124755.85,0,0,126394.3,0,0,126394.3,0,0,120839.75,0,0,120839.75,0,0,120839.75,0,0,120839.75,0,0,120085.85,0,0,120085.85,0,0,120085.85,0,0,121603.18,0,0,120085.85,0,0,120085.85,0,0,120839.75,0,0,120085.85,0,0,120085.85,0,0,120085.85,0,0,120085.85,0,0,120085.85,0,0,120085.85,0,0,120839.75,0,0,120839.75,0,0,120085.85,0,0,120085.85,0,0,120085.85,0,0,120085.85,0,0,121823.08,0,0,121823.08,0,0,120085.85,0,0,120085.85,0,0,120085.85,0,0,120085.85,0,0,120085.85,149081.63,30744.22,435679.79,0,0,120085.85,0,0,120085.85,0,0,120085.85,0,0,120085.85,0,0,121823.08,0,0,121823.08,0,0,120085.85
1,0,0,2021-01-04,COVCOPD,0,0,0,0,0,0,0,0,0,0,0,0,0,0,0,0,0,0,0,0,0,0,0,0,0,0,0,0,0,0,1,1,0,0,0,0,0,1,0,0,0,0,1,1,0,0,0,0,0,0,121933.32,0,0,121933.32,0,0,121165.76,0,0,125921.8,0,0,126751.01,0,0,128565.19,0,0,121165.76,0,0,125921.8,0,0,127591.21,0,0,127591.21,0,0,121933.32,0,0,121933.32,0,0,121933.32,0,0,121933.32,0,0,121165.76,0,0,121165.76,0,0,121165.76,0,0,122710.68,0,0,121165.76,0,0,121165.76,0,0,121933.32,0,0,121165.76,0,0,121165.76,0,0,121165.76,0,0,121165.76,0,0,121165.76,0,0,121165.76,0,0,121933.32,0,0,121933.32,0,0,121165.76,0,0,121165.76,0,0,121165.76,0,0,121165.76,33417.2,846.05,186188.72,33417.2,846.05,186188.72,0,0,121165.76,0,0,121165.76,0,0,121165.76,0,0,121165.76,0,0,121165.76,51083.92,1293.33,284621.36,0,0,121165.76,0,0,121165.76,0,0,121165.76,0,0,121165.76,33417.2,846.05,186188.72,33417.2,846.05,186188.72,0,0,121165.76
1,0,0,2021-01-11,COVCOPD,0,0,0,0,0,0,0,0,0,0,0,0,0,0,0,0,0,0,0,0,0,0,0,0,0,0,0,0,0,0,0,0,0,0,0,0,0,1,0,0,0,0,0,0,0,0,0,0,0,0,123611.3,0,0,123611.3,0,0,122822.54,0,0,127712.15,0,0,128565.19,0,0,130305.92,0,0,122822.54,0,0,127712.15,0,0,129429.7,0,0,129429.7,0,0,123611.3,0,0,123611.3,0,0,123611.3,0,0,123611.3,0,0,122822.54,0,0,122822.54,0,0,122822.54,0,0,124410.27,0,0,122822.54,0,0,122822.54,0,0,123611.3,0,0,122822.54,0,0,122822.54,0,0,122822.54,0,0,122822.54,0,0,122822.54,0,0,122822.54,0,0,123611.3,0,0,123611.3,0,0,122822.54,0,0,122822.54,0,0,122822.54,0,0,122822.54,0,0,125219.63,0,0,125219.63,0,0,122822.54,0,0,122822.54,0,0,122822.54,0,0,122822.54,0,0,122822.54,52553.96,1330.55,292811.91,0,0,122822.54,0,0,122822.54,0,0,122822.54,0,0,122822.54,0,0,125219.63,0,0,125219.63,0,0,122822.54
1,0,0,2021-01-18,COVCOPD,0,0,0,0,1,1,0,0,1,1,0,0,0,0,0,0,0,0,0,0,0,0,0,0,0,0,0,0,0,0,0,0,0,0,0,0,0,0,0,0,0,0,0,0,0,0,0,0,0,0,124987.31,0,0,124987.31,0,0,124180.94,0,0,129181.52,35289.86,893.46,196622.49,35773.75,905.71,199318.58,0,0,124180.94,0,0,129181.52,35530.16,899.55,197961.36,35530.16,899.55,197961.36,0,0,124987.31,0,0,124987.31,0,0,124987.31,0,0,124987.31,0,0,124180.94,0,0,124180.94,0,0,124180.94,0,0,125804.22,0,0,124180.94,0,0,124180.94,0,0,124987.31,0,0,124180.94,0,0,124180.94,0,0,124180.94,0,0,124180.94,0,0,124180.94,0,0,124180.94,0,0,124987.31,0,0,124987.31,0,0,124180.94,0,0,124180.94,0,0,124180.94,0,0,124180.94,0,0,126631.88,0,0,126631.88,0,0,124180.94,0,0,124180.94,0,0,124180.94,0,0,124180.94,0,0,124180.94,0,0,194424.71,0,0,124180.94,0,0,124180.94,0,0,124180.94,0,0,124180.94,0,0,126631.88,0,0,126631.88,0,0,124180.94
1,0,0,2021-01-25,COVCOPD,0,0,0,0,0,0,0,0,0,0,0,0,0,0,0,0,0,0,0,0,0,0,0,0,0,0,0,0,0,0,0,0,0,0,0,0,0,1,0,0,0,0,0,0,0,0,0,0,0,0,124987.31,0,0,124987.31,0,0,124180.94,0,0,129181.52,0,0,130939.09,0,0,132745.14,0,0,124180.94,0,0,129181.52,0,0,131835.93,0,0,131835.93,0,0,124987.31,0,0,124987.31,0,0,124987.31,0,0,124987.31,0,0,124180.94,0,0,124180.94,0,0,124180.94,0,0,125804.22,0,0,124180.94,0,0,124180.94,0,0,124987.31,0,0,124180.94,0,0,124180.94,0,0,124180.94,0,0,124180.94,0,0,124180.94,0,0,124180.94,0,0,124987.31,0,0,124987.31,0,0,124180.94,0,0,124180.94,0,0,124180.94,0,0,124180.94,0,0,126631.88,0,0,126631.88,0,0,124180.94,0,0,124180.94,0,0,124180.94,0,0,124180.94,0,0,124180.94,53088.66,1344.09,295791.1,0,0,124180.94,0,0,124180.94,0,0,124180.94,0,0,124180.94,0,0,126631.88,0,0,126631.88,0,0,124180.94
1,0,0,2021-02-01,COVCOPD,0,0,0,0,0,0,0,0,0,0,0,0,0,0,0,0,0,0,0,0,0,0,0,0,0,0,0,0,0,0,0,0,0,0,0,0,0,0,0,0,0,0,0,0,0,0,0,0,0,0,125569.73,0,0,125569.73,0,0,124755.85,0,0,129803.78,0,0,131578.44,0,0,133402.3,0,0,124755.85,0,0,129803.78,0,0,132484.09,0,0,132484.09,0,0,125569.73,0,0,125569.73,0,0,125569.73,0,0,125569.73,0,0,124755.85,0,0,124755.85,0,0,124755.85,0,0,126394.3,0,0,124755.85,0,0,124755.85,0,0,125569.73,0,0,124755.85,0,0,124755.85,0,0,124755.85,0,0,124755.85,0,0,124755.85,0,0,124755.85,0,0,125569.73,0,0,125569.73,0,0,124755.85,0,0,124755.85,0,0,124755.85,0,0,124755.85,0,0,127229.77,0,0,127229.77,0,0,124755.85,0,0,124755.85,0,0,124755.85,0,0,124755.85,0,0,124755.85,0,0,197850.69,0,0,124755.85,0,0,124755.85,0,0,124755.85,0,0,124755.85,0,0,127229.77,0,0,127229.77,0,0,124755.85
1,0,0,2021-02-08,COVCOPD,0,0,0,0,0,0,0,0,0,0,0,0,0,0,0,0,0,0,0,0,0,0,0,0,0,0,0,0,0,0,0,0,0,0,0,0,0,0,0,0,0,0,0,0,0,0,0,0,0,0,125804.22,0,0,125804.22,0,0,124987.31,0,0,130054.36,0,0,131835.93,0,0,133666.99,0,0,124987.31,0,0,130054.36,0,0,132745.14,0,0,132745.14,0,0,125804.22,0,0,125804.22,0,0,125804.22,0,0,125804.22,0,0,124987.31,0,0,124987.31,0,0,124987.31,0,0,126631.88,0,0,124987.31,0,0,124987.31,0,0,125804.22,0,0,124987.31,0,0,124987.31,0,0,124987.31,0,0,124987.31,0,0,124987.31,0,0,124987.31,0,0,125804.22,0,0,125804.22,0,0,124987.31,0,0,124987.31,0,0,124987.31,0,0,124987.31,0,0,127470.5,0,0,127470.5,0,0,124987.31,0,0,124987.31,0,0,124987.31,0,0,124987.31,0,0,124987.31,0,0,198433.46,0,0,124987.31,0,0,124987.31,0,0,124987.31,0,0,124987.31,0,0,127470.5,0,0,127470.5,0,0,124987.31
1,0,0,2021-02-15,COVCOPD,0,0,0,0,0,0,0,1,1,1,0,0,0,0,0,0,1,1,0,0,0,0,0,0,0,0,0,0,0,0,0,0,0,0,0,0,0,0,0,0,0,0,0,0,0,0,0,0,0,0,125804.22,0,0,125804.22,0,0,124987.31,0,0,130054.36,0,0,131835.93,0,0,133666.99,0,0,124987.31,35358.18,895.19,197003.17,36091.9,913.77,201091.18,36091.9,913.77,201091.18,0,0,125804.22,0,0,125804.22,0,0,125804.22,0,0,125804.22,0,0,124987.31,0,0,124987.31,33976.74,860.22,189306.3,34425.07,871.57,191804.22,0,0,124987.31,0,0,124987.31,0,0,125804.22,0,0,124987.31,0,0,124987.31,0,0,124987.31,0,0,124987.31,0,0,124987.31,0,0,124987.31,0,0,125804.22,0,0,125804.22,0,0,124987.31,0,0,124987.31,0,0,124987.31,0,0,124987.31,0,0,127470.5,0,0,127470.5,0,0,124987.31,0,0,124987.31,0,0,124987.31,0,0,124987.31,0,0,124987.31,0,0,198433.46,0,0,124987.31,0,0,124987.31,0,0,124987.31,0,0,124987.31,0,0,127470.5,0,0,127470.5,0,0,124987.31
1,0,0,2021-02-22,COVCOPD,0,0,0,0,0,0,0,0,0,0,0,0,0,0,0,0,0,0,0,0,0,0,0,0,0,0,0,0,0,0,0,0,0,0,0,0,0,0,0,0,1,0,0,0,0,0,0,0,0,0,126631.88,0,0,126631.88,0,0,125804.22,0,0,130939.09,0,0,131835.93,0,0,133666.99,0,0,125804.22,0,0,131835.93,0,0,134601.72,0,0,134601.72,0,0,126631.88,0,0,126631.88,0,0,126631.88,0,0,126631.88,0,0,125804.22,0,0,125804.22,0,0,126631.88,0,0,127470.5,0,0,125804.22,0,0,125804.22,0,0,126631.88,0,0,125804.22,0,0,125804.22,0,0,125804.22,0,0,125804.22,0,0,125804.22,0,0,125804.22,0,0,126631.88,0,0,126631.88,0,0,125804.22,0,0,125804.22,0,0,125804.22,0,0,125804.22,0,0,127470.5,0,0,127470.5,0,0,125804.22,0,0,125804.22,0,0,125804.22,0,0,125804.22,0,0,125804.22,0,0,198433.46,0,0,125804.22,0,0,125804.22,34103.64,863.43,190013.33,0,0,125804.22,0,0,127470.5,0,0,127470.5,0,0,125804.22
1,0,0,2021-03-01,COVCOPD,0,0,0,0,0,0,0,0,0,0,0,0,0,0,0,0,0,0,0,0,0,0,0,0,0,0,0,0,0,0,0,0,0,0,0,0,0,0,0,0,0,0,0,0,0,0,0,0,0,0,128565.19,0,0,128198.21,0,0,127712.15,0,0,132614.49,0,0,132614.49,0,0,134467.39,0,0,127712.15,0,0,133007.23,0,0,135413.39,0,0,135413.39,0,0,128565.19,0,0,128565.19,0,0,128565.19,0,0,128565.19,0,0,127712.15,0,0,127712.15,0,0,128565.19,0,0,129429.7,0,0,127712.15,0,0,127712.15,0,0,128565.19,0,0,127712.15,0,0,127712.15,0,0,127712.15,0,0,127712.15,0,0,127712.15,0,0,127712.15,0,0,128565.19,0,0,128565.19,0,0,127712.15,0,0,127712.15,0,0,127712.15,0,0,127712.15,0,0,129429.7,0,0,129429.7,0,0,127712.15,0,0,127712.15,0,0,127712.15,0,0,127712.15,0,0,127712.15,0,0,198433.46,0,0,127712.15,0,0,127712.15,0,0,127712.15,0,0,127712.15,0,0,129429.7,0,0,129429.7,0,0,127712.15
1,0,0,2021-03-08,COVCOPD,0,0,0,0,1,1,0,0,0,0,0,0,0,0,0,0,0,0,0,0,0,0,0,0,0,0,0,0,0,0,0,0,0,0,0,0,0,0,0,0,0,0,0,0,0,0,0,0,0,0,132094.43,0,0,131194.08,0,0,131194.08,0,0,135822.91,36893.94,934.07,205559.87,37423.16,947.47,208508.48,0,0,131194.08,0,0,136372.8,0,0,138760.37,0,0,138760.37,0,0,132094.43,0,0,132094.43,0,0,132094.43,0,0,132094.43,0,0,131194.08,0,0,131194.08,0,0,132094.43,0,0,133007.23,0,0,131194.08,0,0,131194.08,0,0,132094.43,0,0,131194.08,0,0,131194.08,0,0,131194.08,0,0,131194.08,0,0,131194.08,0,0,131194.08,0,0,132094.43,0,0,132094.43,0,0,131194.08,0,0,131194.08,0,0,131194.08,0,0,131194.08,0,0,133007.23,0,0,133007.23,0,0,131194.08,0,0,131194.08,0,0,131194.08,0,0,131194.08,0,0,131194.08,0,0,200202.56,0,0,131194.08,0,0,131194.08,0,0,131194.08,0,0,131194.08,0,0,133007.23,0,0,133007.23,0,0,131194.08
1,0,0,2021-03-15,COVCOPD,0,0,0,0,0,0,0,0,0,0,0,0,0,0,0,0,0,0,0,0,0,0,0,0,0,0,0,0,0,0,0,0,0,0,0,0,0,0,0,0,0,0,0,0,0,0,0,0,0,0,133666.99,0,0,132745.14,0,0,132745.14,0,0,137486.04,0,0,137486.04,0,0,139478.59,0,0,132745.14,0,0,137486.04,0,0,140496.69,0,0,140496.69,0,0,133666.99,0,0,133666.99,0,0,133666.99,0,0,133666.99,0,0,132745.14,0,0,132745.14,0,0,133666.99,0,0,134601.72,0,0,132745.14,0,0,132745.14,0,0,133666.99,0,0,132745.14,0,0,132745.14,0,0,132745.14,0,0,132745.14,0,0,132745.14,0,0,132745.14,0,0,133666.99,0,0,133666.99,0,0,132745.14,0,0,132745.14,0,0,132745.14,0,0,132745.14,0,0,134601.72,0,0,134601.72,0,0,132745.14,0,0,132745.14,0,0,132745.14,0,0,132745.14,0,0,132745.14,0,0,202611.01,0,0,132745.14,0,0,132745.14,0,0,132745.14,0,0,132745.14,0,0,134601.72,0,0,134601.72,0,0,132745.14
1,0,0,2021-03-22,COVCOPD,0,0,0,0,0,0,0,0,0,0,0,0,0,0,0,0,0,0,0,0,0,0,0,0,0,0,0,0,0,0,0,0,0,0,0,0,0,1,0,0,0,0,0,0,0,0,0,0,0,0,135141.75,0,0,134199.52,0,0,134199.52,0,0,139046.77,0,0,139046.77,0,0,141085.15,0,0,134199.52,0,0,138191.1,0,0,141233.04,0,0,141233.04,0,0,135141.75,0,0,135141.75,0,0,135141.75,0,0,135141.75,0,0,134199.52,0,0,134199.52,0,0,135141.75,0,0,136097.3,0,0,134199.52,0,0,134199.52,0,0,135141.75,0,0,134199.52,0,0,134199.52,0,0,134199.52,0,0,134199.52,0,0,134199.52,0,0,134199.52,0,0,135141.75,0,0,135141.75,0,0,134199.52,0,0,134199.52,0,0,134199.52,0,0,134199.52,0,0,136097.3,0,0,136097.3,0,0,134199.52,0,0,134199.52,0,0,134199.52,0,0,134199.52,0,0,134199.52,55173.72,1396.88,307408.27,0,0,134199.52,0,0,134199.52,0,0,134199.52,0,0,134199.52,0,0,136097.3,0,0,136097.3,0,0,134199.52
1,0,0,2021-03-29,COVCOPD,0,0,0,0,0,0,0,0,0,0,0,0,0,0,0,0,0,0,0,0,0,0,0,0,0,0,0,0,0,0,0,0,0,0,0,0,0,1,0,0,0,0,0,0,0,0,0,0,0,0,143642.13,0,0,142578.12,0,0,142578.12,0,0,148061.89,0,0,147252.81,0,0,148388.02,0,0,142578.12,0,0,146134.84,0,0,147575.38,0,0,147575.38,0,0,143642.13,0,0,143642.13,0,0,143642.13,0,0,143642.13,0,0,142578.12,0,0,142578.12,0,0,142880.51,0,0,143949.06,0,0,142578.12,0,0,142578.12,0,0,143642.13,0,0,142578.12,0,0,142578.12,0,0,142578.12,0,0,142578.12,0,0,142578.12,0,0,142578.12,0,0,143642.13,0,0,143642.13,0,0,142578.12,0,0,142578.12,0,0,142578.12,0,0,142578.12,0,0,144722.15,0,0,144722.15,0,0,142578.12,0,0,142578.12,0,0,142578.12,0,0,142578.12,0,0,142578.12,57339.09,1451.7,319472.96,0,0,142578.12,0,0,142578.12,0,0,142578.12,0,0,142578.12,0,0,144722.15,0,0,144722.15,0,0,142578.12
1,0,0,2021-04-05,COVCOPD,0,0,0,0,0,0,0,0,0,0,0,0,0,0,0,0,0,0,0,0,0,0,0,0,0,0,0,0,0,0,0,0,0,0,0,0,0,0,0,0,0,0,0,0,0,0,0,0,0,0,151219.22,0,0,150040.45,0,0,150040.45,0,0,155584.67,0,0,154514.13,0,0,155764.53,0,0,150040.45,0,0,153633.21,0,0,153109.46,0,0,153109.46,0,0,151219.22,0,0,151219.22,0,0,151219.22,0,0,151219.22,0,0,150040.45,0,0,150040.45,0,0,150040.45,0,0,151219.22,0,0,150040.45,0,0,150040.45,0,0,151219.22,0,0,150040.45,0,0,150040.45,0,0,150040.45,0,0,150040.45,0,0,150040.45,0,0,150040.45,0,0,151219.22,0,0,151219.22,0,0,150040.45,0,0,150040.45,0,0,150040.45,0,0,150040.45,0,0,152416.65,0,0,152416.65,0,0,150040.45,0,0,150040.45,0,0,150040.45,0,0,150040.45,0,0,150040.45,0,0,218727.8,0,0,150040.45,0,0,150040.45,0,0,150040.45,0,0,150040.45,0,0,152416.65,0,0,152416.65,0,0,150040.45
1,0,0,2021-04-12,COVCOPD,0,0,0,0,0,0,0,0,0,0,0,0,0,0,0,0,0,0,0,0,0,0,0,0,0,0,0,0,0,0,0,0,0,0,0,0,0,0,0,0,0,0,0,0,0,0,0,0,0,0,165320.64,0,0,163912.8,0,0,163912.8,0,0,168210.14,0,0,165523.74,0,0,166959.51,0,0,163912.8,0,0,168210.14,0,0,165320.64,0,0,165320.64,0,0,165320.64,0,0,165320.64,0,0,165320.64,0,0,165320.64,0,0,163912.8,0,0,163912.8,0,0,163912.8,0,0,165320.64,0,0,163912.8,0,0,163912.8,0,0,165320.64,0,0,163912.8,0,0,163912.8,0,0,163912.8,0,0,163912.8,0,0,163912.8,0,0,163912.8,0,0,165118.04,0,0,165118.04,0,0,163912.8,0,0,163912.8,0,0,163912.8,0,0,163912.8,0,0,166546.75,0,0,166546.75,0,0,163912.8,0,0,163912.8,0,0,163912.8,0,0,163912.8,0,0,163912.8,0,0,229143.4,0,0,163912.8,0,0,163912.8,0,0,163912.8,0,0,163912.8,0,0,166546.75,0,0,166546.75,0,0,163912.8
1,0,0,2021-04-19,COVCOPD,0,0,0,0,0,0,0,0,0,0,0,0,0,0,0,0,0,0,0,0,0,0,0,0,0,0,0,0,0,0,0,0,0,0,0,0,0,0,0,0,0,0,0,0,0,0,0,0,0,0,175437.92,0,0,175209.78,0,0,175209.78,0,0,178695.39,0,0,176819.32,0,0,178458.7,0,0,175209.78,0,0,180128.77,0,0,176819.32,0,0,176819.32,0,0,176819.32,0,0,176819.32,0,0,176819.32,0,0,176819.32,0,0,175209.78,0,0,175209.78,0,0,175209.78,0,0,175437.92,0,0,175209.78,0,0,175209.78,0,0,175437.92,0,0,175209.78,0,0,175209.78,0,0,175209.78,0,0,175209.78,0,0,175209.78,0,0,175209.78,0,0,175209.78,0,0,175209.78,0,0,175209.78,0,0,175209.78,0,0,175209.78,0,0,175209.78,0,0,175437.92,0,0,175437.92,0,0,175209.78,0,0,175209.78,0,0,175209.78,0,0,175209.78,0,0,175209.78,0,0,233107.82,0,0,175209.78,0,0,175209.78,0,0,175209.78,0,0,175209.78,0,0,175437.92,0,0,175437.92,0,0,175209.78
1,0,0,2021-04-26,COVCOPD,0,0,0,0,0,0,0,0,0,0,0,0,0,0,0,0,0,0,0,0,0,0,0,0,0,0,0,0,0,0,0,0,0,0,0,0,0,1,0,0,0,0,0,0,0,0,0,0,0,0,180611.69,0,0,180611.69,0,0,180611.69,0,0,183564.47,0,0,182322.49,0,0,183065.65,0,0,180611.69,0,0,184823.49,0,0,182322.49,0,0,182322.49,0,0,182322.49,0,0,182322.49,0,0,182322.49,0,0,182322.49,0,0,180611.69,0,0,180611.69,0,0,180611.69,0,0,180611.69,0,0,180611.69,0,0,180611.69,0,0,180611.69,0,0,180611.69,0,0,180611.69,0,0,180611.69,0,0,180611.69,0,0,180611.69,0,0,180611.69,0,0,180611.69,0,0,180611.69,0,0,180611.69,0,0,180611.69,0,0,180611.69,0,0,180611.69,0,0,180611.69,0,0,180611.69,0,0,180611.69,0,0,180611.69,0,0,180611.69,0,0,180611.69,0,0,180611.69,64991.1,1645.43,362107.25,0,0,180611.69,0,0,180611.69,0,0,180611.69,0,0,180611.69,0,0,180611.69,0,0,180611.69,0,0,180611.69
1,0,0,2021-05-03,COVCOPD,0,0,0,0,0,0,0,0,0,0,0,0,0,0,0,0,0,0,0,0,0,0,0,0,0,0,0,0,0,0,0,0,0,0,0,0,0,0,0,0,0,0,0,0,0,0,0,0,0,0,190305.54,0,0,190305.54,0,0,190305.54,0,0,192205.88,0,0,192205.88,0,0,192205.88,0,0,190305.54,0,0,194144.56,0,0,192205.88,0,0,192205.88,0,0,191659.06,0,0,191659.06,0,0,191659.06,0,0,191659.06,0,0,190305.54,0,0,190305.54,0,0,190305.54,0,0,190305.54,0,0,190305.54,0,0,190305.54,0,0,190305.54,0,0,190305.54,0,0,190305.54,0,0,190305.54,0,0,190305.54,0,0,190305.54,0,0,190305.54,0,0,190305.54,0,0,190305.54,0,0,190305.54,0,0,190305.54,0,0,190305.54,0,0,190305.54,0,0,190305.54,0,0,190305.54,0,0,190305.54,0,0,190305.54,0,0,190305.54,0,0,190305.54,0,0,190305.54,0,0,243206.36,0,0,190305.54,0,0,190305.54,0,0,190305.54,0,0,190305.54,0,0,190305.54,0,0,190305.54,0,0,190305.54
1,0,0,2021-05-10,COVCOPD,0,0,0,0,0,0,0,0,0,0,0,0,0,0,0,0,0,0,0,0,0,0,0,0,0,0,0,0,0,0,0,0,0,0,0,0,0,0,0,0,0,0,0,0,0,0,0,0,0,0,205390.73,0,0,205390.73,0,0,205390.73,0,0,207606.04,0,0,207606.04,0,0,207606.04,0,0,205390.73,0,0,209869.66,0,0,207606.04,0,0,207606.04,0,0,205390.73,0,0,205390.73,0,0,205390.73,0,0,205390.73,0,0,205390.73,0,0,205390.73,0,0,205390.73,0,0,205390.73,0,0,205390.73,0,0,205390.73,0,0,205390.73,0,0,205390.73,0,0,205390.73,0,0,205390.73,0,0,205390.73,0,0,205390.73,0,0,205390.73,0,0,205390.73,0,0,205390.73,0,0,205390.73,0,0,205390.73,0,0,205390.73,0,0,205390.73,0,0,205390.73,0,0,205390.73,0,0,205390.73,0,0,205390.73,0,0,205390.73,0,0,205390.73,0,0,205390.73,0,0,258115.56,0,0,205390.73,0,0,205390.73,0,0,205390.73,0,0,205390.73,0,0,205390.73,0,0,205390.73,0,0,205390.73
1,0,0,2021-05-17,COVCOPD,0,0,0,0,0,0,0,0,0,0,0,0,0,0,0,0,0,0,0,0,0,0,0,0,0,0,0,0,0,0,0,0,0,0,0,0,0,0,0,0,0,0,0,0,0,0,0,0,0,0,220517.71,0,0,220517.71,0,0,220517.71,0,0,223073.38,0,0,223073.38,0,0,223073.38,0,0,220517.71,0,0,225688.98,0,0,223073.38,0,0,223073.38,0,0,220517.71,0,0,220517.71,0,0,220517.71,0,0,220517.71,0,0,220517.71,0,0,220517.71,0,0,220517.71,0,0,220517.71,0,0,220517.71,0,0,220517.71,0,0,220517.71,0,0,220517.71,0,0,220517.71,0,0,220517.71,0,0,220517.71,0,0,220517.71,0,0,220517.71,0,0,220517.71,0,0,220517.71,0,0,220517.71,0,0,220517.71,0,0,220517.71,0,0,220517.71,0,0,220517.71,0,0,220517.71,0,0,220517.71,0,0,220517.71,0,0,220517.71,0,0,220517.71,0,0,220517.71,0,0,270554.86,0,0,220517.71,0,0,220517.71,0,0,220517.71,0,0,220517.71,0,0,220517.71,0,0,220517.71,0,0,220517.71
1,0,0,2021-05-24,COVCOPD,0,0,0,0,0,0,0,0,0,0,0,0,0,0,0,0,0,0,0,0,0,0,0,0,0,0,0,0,0,0,0,0,0,0,0,0,0,0,0,0,0,0,0,0,0,0,0,0,0,0,242768.15,0,0,242768.15,0,0,242768.15,0,0,245869.2,0,0,245869.2,0,0,245869.2,0,0,242768.15,0,0,249050.5,0,0,245869.2,0,0,245869.2,0,0,242768.15,0,0,242768.15,0,0,242768.15,0,0,242768.15,0,0,242768.15,0,0,242768.15,0,0,242768.15,0,0,242768.15,0,0,242768.15,0,0,242768.15,0,0,242768.15,0,0,242768.15,0,0,242768.15,0,0,242768.15,0,0,242768.15,0,0,242768.15,0,0,242768.15,0,0,242768.15,0,0,242768.15,0,0,242768.15,0,0,242768.15,0,0,242768.15,0,0,242768.15,0,0,242768.15,0,0,242768.15,0,0,242768.15,0,0,242768.15,0,0,242768.15,0,0,242768.15,0,0,242768.15,0,0,292905.05,0,0,242768.15,0,0,242768.15,0,0,242768.15,0,0,242768.15,0,0,242768.15,0,0,242768.15,0,0,242768.15
1,0,0,2021-05-31,COVCOPD,0,0,0,0,0,0,0,0,0,0,0,0,0,0,0,0,0,0,0,0,0,0,0,0,0,0,0,0,0,0,0,0,0,0,0,0,0,0,0,0,0,0,0,0,0,0,0,0,0,0,263671.86,0,0,263671.86,0,0,263671.86,0,0,267333.97,0,0,267333.97,0,0,267333.97,0,0,263671.86,0,0,271099.24,0,0,267333.97,0,0,267333.97,0,0,263671.86,0,0,263671.86,0,0,263671.86,0,0,263671.86,0,0,263671.86,0,0,263671.86,0,0,263671.86,0,0,263671.86,0,0,263671.86,0,0,263671.86,0,0,263671.86,0,0,263671.86,0,0,263671.86,0,0,263671.86,0,0,263671.86,0,0,263671.86,0,0,263671.86,0,0,263671.86,0,0,263671.86,0,0,263671.86,0,0,263671.86,0,0,263671.86,0,0,263671.86,0,0,263671.86,0,0,263671.86,0,0,263671.86,0,0,263671.86,0,0,263671.86,0,0,263671.86,0,0,263671.86,0,0,316282.45,0,0,263671.86,0,0,263671.86,0,0,263671.86,0,0,263671.86,0,0,263671.86,0,0,263671.86,0,0,263671.86
1,0,0,2021-06-07,COVCOPD,0,0,0,0,0,0,0,0,0,0,0,0,0,0,0,0,0,0,0,0,0,0,0,0,0,0,0,0,0,0,0,0,0,0,0,0,0,0,0,0,0,0,0,0,0,0,0,0,0,0,292269.68,0,0,292269.68,0,0,292269.68,0,0,296776.04,0,0,292269.68,0,0,292269.68,0,0,292269.68,0,0,296776.04,0,0,296776.04,0,0,296776.04,0,0,292269.68,0,0,292269.68,0,0,292269.68,0,0,292269.68,0,0,292269.68,0,0,292269.68,0,0,292269.68,0,0,292269.68,0,0,292269.68,0,0,292269.68,0,0,292269.68,0,0,292269.68,0,0,292269.68,0,0,292269.68,0,0,292269.68,0,0,292269.68,0,0,292269.68,0,0,292269.68,0,0,292269.68,0,0,292269.68,0,0,292269.68,0,0,292269.68,0,0,292269.68,0,0,292269.68,0,0,292269.68,0,0,292269.68,0,0,292269.68,0,0,292269.68,0,0,292269.68,0,0,292269.68,0,0,339386.2,0,0,292269.68,0,0,292269.68,0,0,292269.68,0,0,292269.68,0,0,292269.68,0,0,292269.68,0,0,292269.68
1,0,0,2021-06-14,COVCOPD,0,0,0,0,0,0,0,0,0,0,0,0,0,0,0,0,0,0,0,0,0,0,0,0,0,0,0,0,0,0,0,0,0,0,0,0,0,0,0,0,0,0,0,0,0,0,0,0,0,0,315541.74,0,0,315541.74,0,0,315541.74,0,0,320800.77,0,0,315541.74,0,0,315541.74,0,0,315541.74,0,0,320800.77,0,0,320800.77,0,0,320800.77,0,0,315541.74,0,0,315541.74,0,0,315541.74,0,0,315541.74,0,0,315541.74,0,0,315541.74,0,0,315541.74,0,0,315541.74,0,0,315541.74,0,0,315541.74,0,0,315541.74,0,0,315541.74,0,0,315541.74,0,0,315541.74,0,0,315541.74,0,0,315541.74,0,0,315541.74,0,0,315541.74,0,0,315541.74,0,0,315541.74,0,0,315541.74,0,0,315541.74,0,0,315541.74,0,0,315541.74,0,0,315541.74,0,0,315541.74,0,0,315541.74,0,0,315541.74,0,0,315541.74,0,0,315541.74,0,0,364152.22,0,0,315541.74,0,0,315541.74,0,0,315541.74,0,0,315541.74,0,0,315541.74,0,0,315541.74,0,0,315541.74
1,0,0,2021-06-21,COVCOPD,0,0,0,0,0,0,0,0,0,0,0,0,0,0,0,0,0,0,0,0,0,0,0,0,0,0,0,0,0,0,0,0,0,0,0,0,0,0,0,0,0,0,0,0,0,0,0,0,0,0,344594.17,0,0,344594.17,0,0,344594.17,0,0,350875.84,0,0,344594.17,0,0,344594.17,0,0,344594.17,0,0,350875.84,0,0,350875.84,0,0,350875.84,0,0,344594.17,0,0,344594.17,0,0,344594.17,0,0,344594.17,0,0,344594.17,0,0,344594.17,0,0,344594.17,0,0,344594.17,0,0,344594.17,0,0,344594.17,0,0,344594.17,0,0,344594.17,0,0,344594.17,0,0,344594.17,0,0,344594.17,0,0,344594.17,0,0,344594.17,0,0,344594.17,0,0,344594.17,0,0,344594.17,0,0,344594.17,0,0,344594.17,0,0,344594.17,0,0,344594.17,0,0,344594.17,0,0,344594.17,0,0,344594.17,0,0,344594.17,0,0,344594.17,0,0,344594.17,0,0,392817.27,0,0,344594.17,0,0,344594.17,0,0,344594.17,0,0,344594.17,0,0,344594.17,0,0,344594.17,0,0,344594.17
1,0,0,2021-06-28,COVCOPD,0,0,0,0,0,0,0,0,0,0,0,0,0,0,0,0,0,0,0,0,0,0,0,0,0,0,0,0,0,0,0,0,0,0,0,0,0,0,0,0,0,0,0,0,0,0,0,0,0,0,847398.25,0,0,847398.25,0,0,847398.25,0,0,863694.37,0,0,847398.25,0,0,847398.25,0,0,847398.25,0,0,863694.37,0,0,863694.37,0,0,863694.37,0,0,847398.25,0,0,847398.25,0,0,847398.25,0,0,847398.25,0,0,847398.25,0,0,847398.25,0,0,847398.25,0,0,847398.25,0,0,847398.25,0,0,847398.25,0,0,847398.25,0,0,847398.25,0,0,847398.25,0,0,847398.25,0,0,847398.25,0,0,847398.25,0,0,847398.25,0,0,847398.25,0,0,847398.25,0,0,847398.25,0,0,847398.25,0,0,847398.25,0,0,847398.25,0,0,847398.25,0,0,847398.25,0,0,847398.25,0,0,847398.25,0,0,847398.25,0,0,847398.25,0,0,847398.25,0,0,955576.75,0,0,847398.25,0,0,847398.25,0,0,847398.25,0,0,847398.25,0,0,847398.25,0,0,847398.25,0,0,847398.25
1,1,Pfizer,2021-06-21,COVCOPD,0,0,0,0,0,0,0,0,0,0,0,0,0,0,0,0,0,0,0,0,0,0,0,0,0,0,0,0,0,0,0,0,0,0,0,0,0,0,0,0,0,0,0,0,0,0,0,0,0,0,778822.67,0,0,778822.67,0,0,778822.67,0,0,778822.67,0,0,811664.59,0,0,811664.59,0,0,778822.67,0,0,811664.59,0,0,778822.67,0,0,778822.67,0,0,778822.67,0,0,778822.67,0,0,778822.67,0,0,778822.67,0,0,778822.67,0,0,778822.67,0,0,778822.67,0,0,778822.67,0,0,778822.67,0,0,778822.67,0,0,778822.67,0,0,778822.67,0,0,778822.67,0,0,778822.67,0,0,778822.67,0,0,778822.67,0,0,778822.67,0,0,778822.67,0,0,778822.67,0,0,778822.67,0,0,778822.67,0,0,778822.67,0,0,778822.67,0,0,778822.67,0,0,778822.67,0,0,778822.67,0,0,778822.67,0,0,778822.67,0,0,778822.67,0,0,778822.67,0,0,1374860.43,0,0,778822.67,0,0,778822.67,0,0,778822.67,0,0,778822.67,0,0,778822.67,0,0,778822.67,0,0,778822.67
1,1,Pfizer,2021-06-28,COVCOPD,0,0,0,0,0,0,0,0,0,0,0,0,0,0,0,0,0,0,0,0,0,0,0,0,0,0,0,0,0,0,0,0,0,0,0,0,0,0,0,0,0,0,0,0,0,0,0,0,0,0,1684204.03,0,0,1684204.03,0,0,1684204.03,0,0,1684204.03,0,0,1749822.36,0,0,1749822.36,0,0,1684204.03,0,0,1749822.36,0,0,1684204.03,0,0,1684204.03,0,0,1684204.03,0,0,1684204.03,0,0,1684204.03,0,0,1684204.03,0,0,1684204.03,0,0,1684204.03,0,0,1684204.03,0,0,1684204.03,0,0,1684204.03,0,0,1684204.03,0,0,1684204.03,0,0,1684204.03,0,0,1684204.03,0,0,1684204.03,0,0,1684204.03,0,0,1684204.03,0,0,1684204.03,0,0,1684204.03,0,0,1684204.03,0,0,1684204.03,0,0,1684204.03,0,0,1684204.03,0,0,1684204.03,0,0,1684204.03,0,0,1684204.03,0,0,1684204.03,0,0,1684204.03,0,0,1684204.03,0,0,1684204.03,0,0,1684204.03,0,0,2807006.71,0,0,1684204.03,0,0,1684204.03,0,0,1684204.03,0,0,1684204.03,0,0,1684204.03,0,0,1684204.03,0,0,1684204.03
1,1,Moderna,2021-05-03,COVCOPD,0,0,0,0,0,0,0,0,0,0,0,0,0,0,0,0,0,0,0,0,0,0,0,0,0,0,0,0,0,0,0,0,0,0,0,0,0,0,0,0,0,0,0,0,0,0,0,0,0,0,4812011.5,0,0,3849609.2,0,0,3849609.2,0,0,6416015.34,0,0,4812011.5,0,0,4812011.5,0,0,3849609.2,0,0,3849609.2,0,0,3849609.2,0,0,3849609.2,0,0,4082918.85,0,0,4082918.85,0,0,4082918.85,0,0,4082918.85,0,0,3849609.2,0,0,3849609.2,0,0,3849609.2,0,0,4812011.5,0,0,3849609.2,0,0,3849609.2,0,0,4812011.5,0,0,3849609.2,0,0,3849609.2,0,0,3849609.2,0,0,3849609.2,0,0,3849609.2,0,0,3849609.2,0,0,3849609.2,0,0,3849609.2,0,0,3849609.2,0,0,3849609.2,0,0,3849609.2,0,0,3849609.2,0,0,4812011.5,0,0,4812011.5,0,0,3849609.2,0,0,3849609.2,0,0,3849609.2,0,0,3849609.2,0,0,3849609.2,0,0,13473632.21,0,0,3849609.2,0,0,3849609.2,0,0,3849609.2,0,0,3849609.2,0,0,4812011.5,0,0,4812011.5,0,0,3849609.2
1,1,Moderna,2021-05-10,COVCOPD,0,0,0,0,0,0,0,0,0,0,0,0,0,0,0,0,0,0,0,0,0,0,0,0,0,0,0,0,0,0,0,0,0,0,0,0,0,0,0,0,0,0,0,0,0,0,0,0,0,0,4491210.74,0,0,3641522.22,0,0,3641522.22,0,0,4491210.74,0,0,3641522.22,0,0,3641522.22,0,0,3641522.22,0,0,3641522.22,0,0,3641522.22,0,0,3641522.22,0,0,4491210.74,0,0,4491210.74,0,0,4491210.74,0,0,4491210.74,0,0,3641522.22,0,0,3641522.22,0,0,3641522.22,0,0,4491210.74,0,0,3641522.22,0,0,3641522.22,0,0,4491210.74,0,0,3641522.22,0,0,3641522.22,0,0,3641522.22,0,0,3641522.22,0,0,3641522.22,0,0,3641522.22,0,0,3641522.22,0,0,3641522.22,0,0,3641522.22,0,0,3641522.22,0,0,3641522.22,0,0,3641522.22,0,0,4491210.74,0,0,4491210.74,0,0,3641522.22,0,0,3641522.22,0,0,3641522.22,0,0,3641522.22,0,0,3641522.22,0,0,6416015.34,0,0,3641522.22,0,0,3641522.22,0,0,3641522.22,0,0,3641522.22,0,0,4491210.74,0,0,4491210.74,0,0,3641522.22
1,1,Moderna,2021-05-17,COVCOPD,0,0,0,0,0,0,0,0,0,0,0,0,0,0,0,0,0,0,0,0,0,0,0,0,0,0,0,0,0,0,0,0,0,0,0,0,0,0,0,0,0,0,0,0,0,0,0,0,0,0,4210510.06,0,0,3454777.49,0,0,3454777.49,0,0,4210510.06,0,0,3454777.49,0,0,3454777.49,0,0,3454777.49,0,0,3454777.49,0,0,3454777.49,0,0,3454777.49,0,0,4210510.06,0,0,4210510.06,0,0,4210510.06,0,0,4210510.06,0,0,3454777.49,0,0,3454777.49,0,0,3454777.49,0,0,4210510.06,0,0,3454777.49,0,0,3454777.49,0,0,4210510.06,0,0,3454777.49,0,0,3454777.49,0,0,3454777.49,0,0,3454777.49,0,0,3454777.49,0,0,3454777.49,0,0,3454777.49,0,0,3454777.49,0,0,3454777.49,0,0,3454777.49,0,0,3454777.49,0,0,3454777.49,0,0,4210510.06,0,0,4210510.06,0,0,3454777.49,0,0,3454777.49,0,0,3454777.49,0,0,3454777.49,0,0,3454777.49,0,0,5389452.88,0,0,3454777.49,0,0,3454777.49,0,0,3454777.49,0,0,3454777.49,0,0,4210510.06,0,0,4210510.06,0,0,3454777.49
1,1,Moderna,2021-05-24,COVCOPD,0,0,0,0,0,0,0,0,0,0,0,0,0,0,0,0,0,0,0,0,0,0,0,0,0,0,0,0,0,0,0,0,0,0,0,0,0,0,0,0,0,0,0,0,0,0,0,0,0,0,4210510.06,0,0,3454777.49,0,0,3454777.49,0,0,4210510.06,0,0,3454777.49,0,0,3454777.49,0,0,3454777.49,0,0,3454777.49,0,0,3454777.49,0,0,3454777.49,0,0,4210510.06,0,0,4210510.06,0,0,4210510.06,0,0,4210510.06,0,0,3454777.49,0,0,3454777.49,0,0,3454777.49,0,0,4210510.06,0,0,3454777.49,0,0,3454777.49,0,0,4210510.06,0,0,3454777.49,0,0,3454777.49,0,0,3454777.49,0,0,3454777.49,0,0,3454777.49,0,0,3454777.49,0,0,3454777.49,0,0,3454777.49,0,0,3454777.49,0,0,3454777.49,0,0,3454777.49,0,0,3454777.49,0,0,4210510.06,0,0,4210510.06,0,0,3454777.49,0,0,3454777.49,0,0,3454777.49,0,0,3454777.49,0,0,3454777.49,0,0,5389452.88,0,0,3454777.49,0,0,3454777.49,0,0,3454777.49,0,0,3454777.49,0,0,4210510.06,0,0,4210510.06,0,0,3454777.49
1,1,Moderna,2021-05-31,COVCOPD,0,0,0,0,0,0,0,0,0,0,0,0,0,0,0,0,0,0,0,0,0,0,0,0,0,0,0,0,0,0,0,0,0,0,0,0,0,0,0,0,0,0,0,0,0,0,0,0,0,0,3962833,0,0,3286251.76,0,0,3286251.76,0,0,3962833,0,0,3286251.76,0,0,3286251.76,0,0,3286251.76,0,0,3286251.76,0,0,3286251.76,0,0,3286251.76,0,0,3962833,0,0,3962833,0,0,3962833,0,0,3962833,0,0,3286251.76,0,0,3286251.76,0,0,3286251.76,0,0,3962833,0,0,3286251.76,0,0,3286251.76,0,0,3962833,0,0,3286251.76,0,0,3286251.76,0,0,3286251.76,0,0,3286251.76,0,0,3286251.76,0,0,3286251.76,0,0,3286251.76,0,0,3286251.76,0,0,3286251.76,0,0,3286251.76,0,0,3286251.76,0,0,3286251.76,0,0,3962833,0,0,3962833,0,0,3286251.76,0,0,3286251.76,0,0,3286251.76,0,0,3286251.76,0,0,3286251.76,0,0,5182166.23,0,0,3286251.76,0,0,3286251.76,0,0,3286251.76,0,0,3286251.76,0,0,3962833,0,0,3962833,0,0,3286251.76
1,1,Pfizer,2021-03-08,COVCOPD,0,0,0,0,0,0,0,0,0,0,0,0,0,0,0,0,0,0,0,0,0,0,0,0,0,0,0,0,0,0,0,0,0,0,0,0,0,0,0,0,0,0,0,0,0,0,0,0,0,0,4491210.74,0,0,4491210.74,0,0,4491210.74,0,0,5858100.96,0,0,4990234.15,0,0,4990234.15,0,0,4491210.74,0,0,4990234.15,0,0,4491210.74,0,0,4491210.74,0,0,4491210.74,0,0,4491210.74,0,0,4491210.74,0,0,4491210.74,0,0,4491210.74,0,0,4491210.74,0,0,4491210.74,0,0,4491210.74,0,0,4491210.74,0,0,4491210.74,0,0,4491210.74,0,0,4491210.74,0,0,4491210.74,0,0,4491210.74,0,0,4491210.74,0,0,4491210.74,0,0,4491210.74,0,0,4491210.74,0,0,4491210.74,0,0,4491210.74,0,0,4491210.74,0,0,4491210.74,0,0,4491210.74,0,0,4491210.74,0,0,4491210.74,0,0,4491210.74,0,0,4491210.74,0,0,4491210.74,0,0,4491210.74,0,0,4491210.74,0,0,22456053.68,0,0,4491210.74,0,0,4491210.74,0,0,4491210.74,0,0,4491210.74,0,0,4491210.74,0,0,4491210.74,0,0,4491210.74
1,1,Pfizer,2021-03-15,COVCOPD,0,0,0,0,0,0,0,0,0,0,0,0,0,0,0,0,0,0,0,0,0,0,0,0,0,0,0,0,0,0,0,0,0,0,0,0,0,0,0,0,0,0,0,0,0,0,0,0,0,0,3208007.67,0,0,3208007.67,0,0,3208007.67,0,0,3849609.2,0,0,3849609.2,0,0,3849609.2,0,0,3208007.67,0,0,3849609.2,0,0,3208007.67,0,0,3208007.67,0,0,3208007.67,0,0,3208007.67,0,0,3208007.67,0,0,3208007.67,0,0,3208007.67,0,0,3208007.67,0,0,3208007.67,0,0,3208007.67,0,0,3208007.67,0,0,3208007.67,0,0,3208007.67,0,0,3208007.67,0,0,3208007.67,0,0,3208007.67,0,0,3208007.67,0,0,3208007.67,0,0,3208007.67,0,0,3208007.67,0,0,3208007.67,0,0,3208007.67,0,0,3208007.67,0,0,3208007.67,0,0,3208007.67,0,0,3208007.67,0,0,3208007.67,0,0,3208007.67,0,0,3208007.67,0,0,3208007.67,0,0,3208007.67,0,0,3208007.67,0,0,9624023,0,0,3208007.67,0,0,3208007.67,0,0,3208007.67,0,0,3208007.67,0,0,3208007.67,0,0,3208007.67,0,0,3208007.67
1,1,Pfizer,2021-03-22,COVCOPD,0,0,0,0,0,0,0,0,0,0,0,0,0,0,0,0,0,0,0,0,0,0,0,0,0,0,0,0,0,0,0,0,0,0,0,0,0,0,0,0,0,0,0,0,0,0,0,0,0,0,3641522.22,0,0,3641522.22,0,0,3641522.22,0,0,4210510.06,0,0,4491210.74,0,0,4491210.74,0,0,3641522.22,0,0,4491210.74,0,0,3641522.22,0,0,3641522.22,0,0,3641522.22,0,0,3641522.22,0,0,3641522.22,0,0,3641522.22,0,0,3641522.22,0,0,3641522.22,0,0,3641522.22,0,0,3641522.22,0,0,3641522.22,0,0,3641522.22,0,0,3641522.22,0,0,3641522.22,0,0,3641522.22,0,0,3641522.22,0,0,3641522.22,0,0,3641522.22,0,0,3641522.22,0,0,3641522.22,0,0,3641522.22,0,0,3641522.22,0,0,3641522.22,0,0,3641522.22,0,0,3641522.22,0,0,3641522.22,0,0,3641522.22,0,0,3641522.22,0,0,3641522.22,0,0,3641522.22,0,0,3641522.22,0,0,3641522.22,0,0,9624023,0,0,3641522.22,0,0,3641522.22,0,0,3641522.22,0,0,3641522.22,0,0,3641522.22,0,0,3641522.22,0,0,3641522.22
1,1,Pfizer,2021-03-29,COVCOPD,0,0,0,0,0,0,0,0,0,0,0,0,0,0,0,0,0,0,0,0,0,0,0,0,0,0,0,0,0,0,0,0,0,0,0,0,0,0,0,0,0,0,0,0,0,0,0,0,0,0,3849609.2,0,0,3849609.2,0,0,3849609.2,0,0,3849609.2,0,0,5182166.23,0,0,5182166.23,0,0,3849609.2,0,0,5182166.23,0,0,5389452.88,0,0,5389452.88,0,0,3849609.2,0,0,3849609.2,0,0,3849609.2,0,0,3849609.2,0,0,3849609.2,0,0,3849609.2,0,0,4491210.74,0,0,4491210.74,0,0,3849609.2,0,0,3849609.2,0,0,3849609.2,0,0,3849609.2,0,0,3849609.2,0,0,3849609.2,0,0,3849609.2,0,0,3849609.2,0,0,3849609.2,0,0,3849609.2,0,0,3849609.2,0,0,3849609.2,0,0,3849609.2,0,0,3849609.2,0,0,3849609.2,0,0,3849609.2,0,0,3849609.2,0,0,3849609.2,0,0,3849609.2,0,0,3849609.2,0,0,3849609.2,0,0,3849609.2,0,0,9624023,0,0,3849609.2,0,0,3849609.2,0,0,3849609.2,0,0,3849609.2,0,0,3849609.2,0,0,3849609.2,0,0,3849609.2
1,1,Pfizer,2021-04-05,COVCOPD,0,0,0,0,0,0,0,0,0,0,0,0,0,0,0,0,0,0,0,0,0,0,0,0,0,0,0,0,0,0,0,0,0,0,0,0,0,0,0,0,0,0,0,0,0,0,0,0,0,0,2749720.86,0,0,2749720.86,0,0,2749720.86,0,0,2866730.26,0,0,3286251.76,0,0,3286251.76,0,0,2749720.86,0,0,3208007.67,0,0,5389452.88,0,0,5389452.88,0,0,2749720.86,0,0,2749720.86,0,0,2749720.86,0,0,2749720.86,0,0,2749720.86,0,0,2749720.86,0,0,3208007.67,0,0,3208007.67,0,0,2749720.86,0,0,2749720.86,0,0,2749720.86,0,0,2749720.86,0,0,2749720.86,0,0,2749720.86,0,0,2749720.86,0,0,2749720.86,0,0,2749720.86,0,0,2749720.86,0,0,2749720.86,0,0,2749720.86,0,0,2749720.86,0,0,2749720.86,0,0,2749720.86,0,0,2749720.86,0,0,2749720.86,0,0,2749720.86,0,0,2749720.86,0,0,2749720.86,0,0,2749720.86,0,0,2749720.86,0,0,7091385.37,0,0,2749720.86,0,0,2749720.86,0,0,2749720.86,0,0,2749720.86,0,0,2749720.86,0,0,2749720.86,0,0,2749720.86
1,1,Pfizer,2021-04-12,COVCOPD,0,0,0,0,0,0,0,0,0,0,0,0,0,0,0,0,0,0,0,0,0,0,0,0,0,0,0,0,0,0,0,0,0,0,0,0,0,0,0,0,0,0,0,0,0,0,0,0,0,0,1334022.99,0,0,1334022.99,0,0,1334022.99,0,0,1433365.13,0,0,1663411.38,0,0,1663411.38,0,0,1334022.99,0,0,1433365.13,0,0,2041459.43,0,0,2041459.43,0,0,1334022.99,0,0,1334022.99,0,0,1334022.99,0,0,1334022.99,0,0,1334022.99,0,0,1334022.99,0,0,1433365.13,0,0,1433365.13,0,0,1334022.99,0,0,1334022.99,0,0,1334022.99,0,0,1334022.99,0,0,1334022.99,0,0,1334022.99,0,0,1334022.99,0,0,1334022.99,0,0,1334022.99,0,0,1347363.22,0,0,1347363.22,0,0,1334022.99,0,0,1334022.99,0,0,1334022.99,0,0,1334022.99,0,0,1347363.22,0,0,1347363.22,0,0,1334022.99,0,0,1334022.99,0,0,1334022.99,0,0,1334022.99,0,0,1334022.99,0,0,3962833,0,0,1334022.99,0,0,1334022.99,0,0,1334022.99,0,0,1334022.99,0,0,1347363.22,0,0,1347363.22,0,0,1334022.99
1,1,Pfizer,2021-04-19,COVCOPD,0,0,0,0,0,0,0,0,0,0,0,0,0,0,0,0,0,0,0,0,0,0,0,0,0,0,0,0,0,0,0,0,0,0,0,0,0,0,0,0,0,0,0,0,0,0,0,0,0,0,1213840.74,0,0,1213840.74,0,0,1213840.74,0,0,1295541.56,0,0,1480618.92,0,0,1480618.92,0,0,1213840.74,0,0,1283203.07,0,0,1566701.42,0,0,1566701.42,0,0,1213840.74,0,0,1213840.74,0,0,1213840.74,0,0,1213840.74,0,0,1213840.74,0,0,1213840.74,0,0,1283203.07,0,0,1283203.07,0,0,1213840.74,0,0,1213840.74,0,0,1213840.74,0,0,1213840.74,0,0,1213840.74,0,0,1213840.74,0,0,1213840.74,0,0,1213840.74,0,0,1213840.74,0,0,1295541.56,0,0,1295541.56,0,0,1213840.74,0,0,1213840.74,0,0,1213840.74,0,0,1213840.74,0,0,1295541.56,0,0,1295541.56,0,0,1213840.74,0,0,1213840.74,0,0,1213840.74,0,0,1213840.74,0,0,1213840.74,0,0,3849609.2,0,0,1213840.74,0,0,1213840.74,0,0,1213840.74,0,0,1213840.74,0,0,1295541.56,0,0,1295541.56,0,0,1213840.74
1,1,Pfizer,2021-04-26,COVCOPD,0,0,0,0,0,0,0,0,0,0,0,0,0,0,0,0,0,0,0,0,0,0,0,0,0,0,0,0,0,0,0,0,0,0,0,0,0,1,0,0,0,0,0,0,0,0,0,0,0,0,1334022.99,0,0,1334022.99,0,0,1334022.99,0,0,1389034.25,0,0,1548693.36,0,0,1623329.18,0,0,1334022.99,0,0,1389034.25,0,0,1464525.24,0,0,1464525.24,0,0,1334022.99,0,0,1334022.99,0,0,1334022.99,0,0,1334022.99,0,0,1334022.99,0,0,1334022.99,0,0,1334022.99,0,0,1334022.99,0,0,1334022.99,0,0,1334022.99,0,0,1334022.99,0,0,1334022.99,0,0,1334022.99,0,0,1334022.99,0,0,1334022.99,0,0,1334022.99,0,0,1334022.99,0,0,1433365.13,0,0,1433365.13,0,0,1334022.99,0,0,1334022.99,0,0,1334022.99,0,0,1334022.99,0,0,1433365.13,0,0,1433365.13,0,0,1334022.99,0,0,1334022.99,0,0,1334022.99,0,0,1334022.99,0,0,1334022.99,1106818.18,28022.21,6166796.21,0,0,1334022.99,0,0,1334022.99,0,0,1334022.99,0,0,1334022.99,0,0,1433365.13,0,0,1433365.13,0,0,1334022.99
1,1,Pfizer,2021-05-03,COVCOPD,0,0,0,0,0,0,0,0,0,0,0,0,0,0,0,0,0,0,0,0,0,0,0,0,0,0,0,0,0,0,0,0,0,0,0,0,0,0,0,0,0,0,0,0,0,0,0,0,0,0,1749822.36,0,0,1749822.36,0,0,1749822.36,0,0,1924804.6,0,0,1796484.29,0,0,1981416.5,0,0,1749822.36,0,0,1924804.6,0,0,1796484.29,0,0,1796484.29,0,0,1749822.36,0,0,1749822.36,0,0,1749822.36,0,0,1749822.36,0,0,1749822.36,0,0,1749822.36,0,0,1749822.36,0,0,1749822.36,0,0,1749822.36,0,0,1749822.36,0,0,1749822.36,0,0,1749822.36,0,0,1749822.36,0,0,1749822.36,0,0,1749822.36,0,0,1749822.36,0,0,1749822.36,0,0,1796484.29,0,0,1796484.29,0,0,1749822.36,0,0,1749822.36,0,0,1749822.36,0,0,1749822.36,0,0,1796484.29,0,0,1796484.29,0,0,1749822.36,0,0,1749822.36,0,0,1749822.36,0,0,1749822.36,0,0,1749822.36,0,0,4346332.97,0,0,1749822.36,0,0,1749822.36,0,0,1749822.36,0,0,1749822.36,0,0,1796484.29,0,0,1796484.29,0,0,1749822.36
1,1,Pfizer,2021-05-10,COVCOPD,0,0,0,0,0,0,0,0,0,0,0,0,0,0,0,0,0,0,0,0,0,0,0,0,0,0,0,0,0,0,0,0,0,0,0,0,0,0,0,0,0,0,0,0,0,0,0,0,0,0,1663411.38,0,0,1663411.38,0,0,1663411.38,0,0,1820761.11,0,0,1663411.38,0,0,1820761.11,0,0,1663411.38,0,0,1820761.11,0,0,1663411.38,0,0,1663411.38,0,0,1663411.38,0,0,1663411.38,0,0,1663411.38,0,0,1663411.38,0,0,1663411.38,0,0,1663411.38,0,0,1663411.38,0,0,1663411.38,0,0,1663411.38,0,0,1663411.38,0,0,1663411.38,0,0,1663411.38,0,0,1663411.38,0,0,1663411.38,0,0,1663411.38,0,0,1663411.38,0,0,1663411.38,0,0,1663411.38,0,0,1663411.38,0,0,1663411.38,0,0,1663411.38,0,0,1663411.38,0,0,1663411.38,0,0,1663411.38,0,0,1663411.38,0,0,1663411.38,0,0,1663411.38,0,0,1663411.38,0,0,1663411.38,0,0,1663411.38,0,0,3062189.14,0,0,1663411.38,0,0,1663411.38,0,0,1663411.38,0,0,1663411.38,0,0,1663411.38,0,0,1663411.38,0,0,1663411.38
1,1,Pfizer,2021-05-17,COVCOPD,0,0,0,0,0,0,0,0,0,0,0,0,0,0,0,0,0,0,0,0,0,0,0,0,0,0,0,0,0,0,0,0,0,0,0,0,0,0,0,0,0,0,0,0,0,0,0,0,0,0,1531094.57,0,0,1531094.57,0,0,1531094.57,0,0,1663411.38,0,0,1531094.57,0,0,1531094.57,0,0,1531094.57,0,0,1531094.57,0,0,1531094.57,0,0,1531094.57,0,0,1531094.57,0,0,1531094.57,0,0,1531094.57,0,0,1531094.57,0,0,1531094.57,0,0,1531094.57,0,0,1531094.57,0,0,1531094.57,0,0,1531094.57,0,0,1531094.57,0,0,1531094.57,0,0,1531094.57,0,0,1531094.57,0,0,1531094.57,0,0,1531094.57,0,0,1531094.57,0,0,1531094.57,0,0,1531094.57,0,0,1531094.57,0,0,1531094.57,0,0,1531094.57,0,0,1531094.57,0,0,1531094.57,0,0,1531094.57,0,0,1531094.57,0,0,1531094.57,0,0,1531094.57,0,0,1531094.57,0,0,1531094.57,0,0,1531094.57,0,0,3133402.84,0,0,1531094.57,0,0,1531094.57,0,0,1531094.57,0,0,1531094.57,0,0,1531094.57,0,0,1531094.57,0,0,1531094.57
1,1,Pfizer,2021-05-24,COVCOPD,0,0,0,0,0,0,0,0,0,0,0,0,0,0,0,0,0,0,0,0,0,0,0,0,0,0,0,0,0,0,0,0,0,0,0,0,0,1,0,0,0,0,0,0,0,0,0,0,0,0,1171620.19,0,0,1171620.19,0,0,1171620.19,0,0,1171620.19,0,0,1171620.19,0,0,1171620.19,0,0,1171620.19,0,0,1171620.19,0,0,1171620.19,0,0,1171620.19,0,0,1171620.19,0,0,1171620.19,0,0,1171620.19,0,0,1171620.19,0,0,1171620.19,0,0,1171620.19,0,0,1171620.19,0,0,1171620.19,0,0,1171620.19,0,0,1171620.19,0,0,1171620.19,0,0,1171620.19,0,0,1171620.19,0,0,1171620.19,0,0,1171620.19,0,0,1171620.19,0,0,1171620.19,0,0,1171620.19,0,0,1171620.19,0,0,1171620.19,0,0,1171620.19,0,0,1171620.19,0,0,1171620.19,0,0,1171620.19,0,0,1171620.19,0,0,1171620.19,0,0,1171620.19,0,0,1171620.19,0,0,1171620.19,0,0,1171620.19,579761.9,14678.3,3230226.58,0,0,1171620.19,0,0,1171620.19,0,0,1171620.19,0,0,1171620.19,0,0,1171620.19,0,0,1171620.19,0,0,1171620.19
1,1,Pfizer,2021-05-31,COVCOPD,0,0,0,0,0,0,0,0,0,0,0,0,0,0,0,0,0,0,0,0,0,0,0,0,0,0,0,0,0,0,0,0,0,0,0,0,0,0,0,0,0,0,0,0,0,0,0,0,0,0,1236113.05,0,0,1236113.05,0,0,1236113.05,0,0,1236113.05,0,0,1236113.05,0,0,1236113.05,0,0,1236113.05,0,0,1236113.05,0,0,1236113.05,0,0,1236113.05,0,0,1236113.05,0,0,1236113.05,0,0,1236113.05,0,0,1236113.05,0,0,1236113.05,0,0,1236113.05,0,0,1236113.05,0,0,1236113.05,0,0,1236113.05,0,0,1236113.05,0,0,1236113.05,0,0,1236113.05,0,0,1236113.05,0,0,1236113.05,0,0,1236113.05,0,0,1236113.05,0,0,1236113.05,0,0,1236113.05,0,0,1236113.05,0,0,1236113.05,0,0,1236113.05,0,0,1236113.05,0,0,1236113.05,0,0,1236113.05,0,0,1236113.05,0,0,1236113.05,0,0,1236113.05,0,0,1236113.05,0,0,1236113.05,0,0,1236113.05,0,0,2406005.75,0,0,1236113.05,0,0,1236113.05,0,0,1236113.05,0,0,1236113.05,0,0,1236113.05,0,0,1236113.05,0,0,1236113.05
1,1,Pfizer,2021-06-07,COVCOPD,0,0,0,0,0,0,0,0,0,0,0,0,0,0,0,0,0,0,0,0,0,0,0,0,0,0,0,0,0,0,0,0,0,0,0,0,0,0,0,0,0,0,0,0,0,0,0,0,0,0,942212.04,0,0,942212.04,0,0,942212.04,0,0,942212.04,0,0,990708.25,0,0,990708.25,0,0,942212.04,0,0,990708.25,0,0,942212.04,0,0,942212.04,0,0,942212.04,0,0,942212.04,0,0,942212.04,0,0,942212.04,0,0,942212.04,0,0,942212.04,0,0,942212.04,0,0,942212.04,0,0,942212.04,0,0,942212.04,0,0,942212.04,0,0,942212.04,0,0,942212.04,0,0,942212.04,0,0,942212.04,0,0,942212.04,0,0,942212.04,0,0,942212.04,0,0,942212.04,0,0,942212.04,0,0,942212.04,0,0,942212.04,0,0,942212.04,0,0,942212.04,0,0,942212.04,0,0,942212.04,0,0,942212.04,0,0,942212.04,0,0,942212.04,0,0,942212.04,0,0,1820761.11,0,0,942212.04,0,0,942212.04,0,0,942212.04,0,0,942212.04,0,0,942212.04,0,0,942212.04,0,0,942212.04
1,1,Pfizer,2021-06-14,COVCOPD,0,0,0,0,0,0,0,0,0,0,0,0,0,0,0,0,0,0,0,0,0,0,0,0,0,0,0,0,0,0,0,0,0,0,0,0,0,0,0,0,0,0,0,0,0,0,0,0,0,0,886423.17,0,0,886423.17,0,0,886423.17,0,0,886423.17,0,0,929216.01,0,0,929216.01,0,0,886423.17,0,0,929216.01,0,0,886423.17,0,0,886423.17,0,0,886423.17,0,0,886423.17,0,0,886423.17,0,0,886423.17,0,0,886423.17,0,0,886423.17,0,0,886423.17,0,0,886423.17,0,0,886423.17,0,0,886423.17,0,0,886423.17,0,0,886423.17,0,0,886423.17,0,0,886423.17,0,0,886423.17,0,0,886423.17,0,0,886423.17,0,0,886423.17,0,0,886423.17,0,0,886423.17,0,0,886423.17,0,0,886423.17,0,0,886423.17,0,0,886423.17,0,0,886423.17,0,0,886423.17,0,0,886423.17,0,0,886423.17,0,0,886423.17,0,0,886423.17,0,0,1643125.88,0,0,886423.17,0,0,886423.17,0,0,886423.17,0,0,886423.17,0,0,886423.17,0,0,886423.17,0,0,886423.17
1,2,Moderna,2021-05-31,COVCOPD,0,0,0,0,0,0,0,0,0,0,0,0,0,0,0,0,0,0,0,0,0,0,0,0,0,0,0,0,0,0,0,0,0,0,0,0,0,0,0,0,0,0,0,0,0,0,0,0,0,0,2591083.12,0,0,2994140.49,0,0,2591083.12,0,0,2994140.49,0,0,3545692.69,0,0,4346332.97,0,0,2591083.12,0,0,2994140.49,0,0,3545692.69,0,0,3545692.69,0,0,2591083.12,0,0,2591083.12,0,0,2591083.12,0,0,2591083.12,0,0,2591083.12,0,0,2591083.12,0,0,2591083.12,0,0,2591083.12,0,0,2591083.12,0,0,2591083.12,0,0,2591083.12,0,0,2591083.12,0,0,2591083.12,0,0,2591083.12,0,0,2591083.12,0,0,2591083.12,0,0,2591083.12,0,0,2591083.12,0,0,2591083.12,0,0,2591083.12,0,0,2591083.12,0,0,2591083.12,0,0,2591083.12,0,0,2591083.12,0,0,2591083.12,0,0,2591083.12,0,0,2591083.12,0,0,2591083.12,0,0,2591083.12,0,0,2591083.12,0,0,14970702.45,0,0,2591083.12,0,0,2591083.12,0,0,2591083.12,0,0,2591083.12,0,0,2591083.12,0,0,2591083.12,0,0,2591083.12
1,2,Moderna,2021-06-07,COVCOPD,0,0,0,0,0,0,0,0,0,0,0,0,0,0,0,0,0,0,0,0,0,0,0,0,0,0,0,0,0,0,0,0,0,0,0,0,0,0,0,0,0,0,0,0,0,0,0,0,0,0,2138671.78,0,0,2406005.75,0,0,2138671.78,0,0,2406005.75,0,0,2749720.86,0,0,3208007.67,0,0,2138671.78,0,0,2406005.75,0,0,2749720.86,0,0,2749720.86,0,0,2138671.78,0,0,2138671.78,0,0,2138671.78,0,0,2138671.78,0,0,2138671.78,0,0,2138671.78,0,0,2138671.78,0,0,2138671.78,0,0,2138671.78,0,0,2138671.78,0,0,2138671.78,0,0,2138671.78,0,0,2138671.78,0,0,2138671.78,0,0,2138671.78,0,0,2138671.78,0,0,2138671.78,0,0,2138671.78,0,0,2138671.78,0,0,2138671.78,0,0,2138671.78,0,0,2138671.78,0,0,2138671.78,0,0,2138671.78,0,0,2138671.78,0,0,2138671.78,0,0,2138671.78,0,0,2138671.78,0,0,2138671.78,0,0,2138671.78,0,0,9624023,0,0,2138671.78,0,0,2138671.78,0,0,2138671.78,0,0,2138671.78,0,0,2138671.78,0,0,2138671.78,0,0,2138671.78
1,2,Moderna,2021-06-14,COVCOPD,0,0,0,0,0,0,0,0,0,0,0,0,0,0,0,0,0,0,0,0,0,0,0,0,0,0,0,0,0,0,0,0,0,0,0,0,0,0,0,0,0,0,0,0,0,0,0,0,0,0,2138671.78,0,0,2406005.75,0,0,2138671.78,0,0,2406005.75,0,0,2749720.86,0,0,3208007.67,0,0,2138671.78,0,0,2406005.75,0,0,2749720.86,0,0,2749720.86,0,0,2138671.78,0,0,2138671.78,0,0,2138671.78,0,0,2138671.78,0,0,2138671.78,0,0,2138671.78,0,0,2138671.78,0,0,2138671.78,0,0,2138671.78,0,0,2138671.78,0,0,2138671.78,0,0,2138671.78,0,0,2138671.78,0,0,2138671.78,0,0,2138671.78,0,0,2138671.78,0,0,2138671.78,0,0,2138671.78,0,0,2138671.78,0,0,2138671.78,0,0,2138671.78,0,0,2138671.78,0,0,2138671.78,0,0,2138671.78,0,0,2138671.78,0,0,2138671.78,0,0,2138671.78,0,0,2138671.78,0,0,2138671.78,0,0,2138671.78,0,0,9624023,0,0,2138671.78,0,0,2138671.78,0,0,2138671.78,0,0,2138671.78,0,0,2138671.78,0,0,2138671.78,0,0,2138671.78
1,2,Moderna,2021-06-21,COVCOPD,0,0,0,0,0,0,0,0,0,0,0,0,0,0,0,0,0,0,0,0,0,0,0,0,0,0,0,0,0,0,0,0,0,0,0,0,0,0,0,0,0,0,0,0,0,0,0,0,0,0,2138671.78,0,0,2406005.75,0,0,2138671.78,0,0,2406005.75,0,0,2749720.86,0,0,3208007.67,0,0,2138671.78,0,0,2406005.75,0,0,2749720.86,0,0,2749720.86,0,0,2138671.78,0,0,2138671.78,0,0,2138671.78,0,0,2138671.78,0,0,2138671.78,0,0,2138671.78,0,0,2138671.78,0,0,2138671.78,0,0,2138671.78,0,0,2138671.78,0,0,2138671.78,0,0,2138671.78,0,0,2138671.78,0,0,2138671.78,0,0,2138671.78,0,0,2138671.78,0,0,2138671.78,0,0,2138671.78,0,0,2138671.78,0,0,2138671.78,0,0,2138671.78,0,0,2138671.78,0,0,2138671.78,0,0,2138671.78,0,0,2138671.78,0,0,2138671.78,0,0,2138671.78,0,0,2138671.78,0,0,2138671.78,0,0,2138671.78,0,0,9624023,0,0,2138671.78,0,0,2138671.78,0,0,2138671.78,0,0,2138671.78,0,0,2138671.78,0,0,2138671.78,0,0,2138671.78
1,2,Moderna,2021-06-28,COVCOPD,0,0,0,0,0,0,0,0,0,0,0,0,0,0,0,0,0,0,0,0,0,0,0,0,0,0,0,0,0,0,0,0,0,0,0,0,0,0,0,0,0,0,0,0,0,0,0,0,0,0,4646080.07,0,0,5182166.23,0,0,4646080.07,0,0,5182166.23,0,0,5858100.96,0,0,6736816.1,0,0,4646080.07,0,0,5182166.23,0,0,5858100.96,0,0,5858100.96,0,0,4646080.07,0,0,4646080.07,0,0,4646080.07,0,0,4646080.07,0,0,4646080.07,0,0,4646080.07,0,0,4646080.07,0,0,4646080.07,0,0,4646080.07,0,0,4646080.07,0,0,4646080.07,0,0,4646080.07,0,0,4646080.07,0,0,4646080.07,0,0,4646080.07,0,0,4646080.07,0,0,4646080.07,0,0,4646080.07,0,0,4646080.07,0,0,4646080.07,0,0,4646080.07,0,0,4646080.07,0,0,4646080.07,0,0,4646080.07,0,0,4646080.07,0,0,4646080.07,0,0,4646080.07,0,0,4646080.07,0,0,4646080.07,0,0,4646080.07,0,0,16842040.26,0,0,4646080.07,0,0,4646080.07,0,0,4646080.07,0,0,4646080.07,0,0,4646080.07,0,0,4646080.07,0,0,4646080.07
1,2,Pfizer,2021-06-14,COVCOPD,0,0,0,0,0,0,0,0,0,0,0,0,0,0,0,0,0,0,0,0,0,0,0,0,0,0,0,0,0,0,0,0,0,0,0,0,0,0,0,0,0,0,0,0,0,0,0,0,0,0,526313.76,0,0,526313.76,0,0,526313.76,0,0,573346.05,0,0,590948.78,0,0,629608.98,0,0,526313.76,0,0,573346.05,0,0,609666.62,0,0,609666.62,0,0,526313.76,0,0,526313.76,0,0,526313.76,0,0,526313.76,0,0,526313.76,0,0,526313.76,0,0,541109.73,0,0,541109.73,0,0,526313.76,0,0,526313.76,0,0,526313.76,0,0,526313.76,0,0,526313.76,0,0,526313.76,0,0,526313.76,0,0,526313.76,0,0,526313.76,0,0,541109.73,0,0,541109.73,0,0,526313.76,0,0,526313.76,0,0,526313.76,0,0,526313.76,0,0,541109.73,0,0,541109.73,0,0,526313.76,0,0,526313.76,0,0,526313.76,0,0,526313.76,0,0,526313.76,0,0,2010989.88,0,0,526313.76,0,0,526313.76,0,0,526313.76,0,0,526313.76,0,0,541109.73,0,0,541109.73,0,0,526313.76
1,2,Pfizer,2021-06-21,COVCOPD,0,0,0,0,0,0,0,0,0,0,0,0,0,0,0,0,0,0,0,0,0,0,0,0,0,0,0,0,0,0,0,0,0,0,0,0,0,0,0,0,0,0,0,0,0,0,0,0,0,0,514260.77,0,0,514260.77,0,0,514260.77,0,0,559071.88,0,0,575796.25,0,0,612437.83,0,0,514260.77,0,0,559071.88,0,0,593552.08,0,0,593552.08,0,0,514260.77,0,0,514260.77,0,0,514260.77,0,0,514260.77,0,0,514260.77,0,0,514260.77,0,0,528377.73,0,0,528377.73,0,0,514260.77,0,0,514260.77,0,0,514260.77,0,0,514260.77,0,0,514260.77,0,0,514260.77,0,0,514260.77,0,0,514260.77,0,0,514260.77,0,0,528377.73,0,0,528377.73,0,0,514260.77,0,0,514260.77,0,0,514260.77,0,0,514260.77,0,0,528377.73,0,0,528377.73,0,0,514260.77,0,0,514260.77,0,0,514260.77,0,0,514260.77,0,0,514260.77,0,0,1924804.6,0,0,514260.77,0,0,514260.77,0,0,514260.77,0,0,514260.77,0,0,528377.73,0,0,528377.73,0,0,514260.77
1,2,Pfizer,2021-06-28,COVCOPD,0,0,0,0,0,0,0,0,0,0,0,0,0,0,0,0,0,0,0,0,0,0,0,0,0,0,0,0,0,0,0,0,0,0,0,0,0,0,0,0,0,0,0,0,0,0,0,0,0,0,1181897.56,0,0,1181897.56,0,0,1181897.56,0,0,1283203.07,0,0,1320944.33,0,0,1403503.35,0,0,1181897.56,0,0,1283203.07,0,0,1360972.95,0,0,1360972.95,0,0,1181897.56,0,0,1181897.56,0,0,1181897.56,0,0,1181897.56,0,0,1181897.56,0,0,1181897.56,0,0,1213840.74,0,0,1213840.74,0,0,1181897.56,0,0,1181897.56,0,0,1181897.56,0,0,1181897.56,0,0,1181897.56,0,0,1181897.56,0,0,1181897.56,0,0,1181897.56,0,0,1181897.56,0,0,1213840.74,0,0,1213840.74,0,0,1181897.56,0,0,1181897.56,0,0,1181897.56,0,0,1181897.56,0,0,1213840.74,0,0,1213840.74,0,0,1181897.56,0,0,1181897.56,0,0,1181897.56,0,0,1181897.56,0,0,1181897.56,0,0,4491210.74,0,0,1181897.56,0,0,1181897.56,0,0,1181897.56,0,0,1181897.56,0,0,1213840.74,0,0,1213840.74,0,0,1181897.56
1,1,Moderna,2021-03-29,COVCOPD,0,0,0,0,0,0,0,0,0,0,0,0,0,0,0,0,0,0,0,0,0,0,0,0,0,0,0,0,0,0,0,0,0,0,0,0,0,0,0,0,0,0,0,0,0,0,0,0,0,0,5389452.88,0,0,6416015.34,0,0,5389452.88,0,0,5389452.88,0,0,6416015.34,0,0,9624023,0,0,5389452.88,0,0,5389452.88,0,0,9624023,0,0,9624023,0,0,5389452.88,0,0,5389452.88,0,0,5389452.88,0,0,5389452.88,0,0,5389452.88,0,0,5389452.88,0,0,5389452.88,0,0,5389452.88,0,0,5389452.88,0,0,5389452.88,0,0,5389452.88,0,0,5389452.88,0,0,5389452.88,0,0,5389452.88,0,0,5389452.88,0,0,5389452.88,0,0,5389452.88,0,0,5389452.88,0,0,5389452.88,0,0,5389452.88,0,0,5389452.88,0,0,5389452.88,0,0,5389452.88,0,0,5389452.88,0,0,5389452.88,0,0,5389452.88,0,0,5389452.88,0,0,5389452.88,0,0,5389452.88,0,0,5389452.88,0,0,19248046.01,0,0,5389452.88,0,0,5389452.88,0,0,5389452.88,0,0,5389452.88,0,0,5389452.88,0,0,5389452.88,0,0,5389452.88
1,1,Moderna,2021-04-05,COVCOPD,0,0,0,0,0,0,0,0,0,0,0,0,0,0,0,0,0,0,0,0,0,0,0,0,0,0,0,0,0,0,0,0,0,0,0,0,0,0,0,0,0,0,0,0,0,0,0,0,0,0,5614013.42,0,0,5614013.42,0,0,5614013.42,0,0,5858100.96,0,0,5858100.96,0,0,8421020.13,0,0,5614013.42,0,0,5614013.42,0,0,7925666,0,0,7925666,0,0,5614013.42,0,0,5614013.42,0,0,5614013.42,0,0,5614013.42,0,0,5614013.42,0,0,5614013.42,0,0,5614013.42,0,0,5614013.42,0,0,5614013.42,0,0,5614013.42,0,0,5614013.42,0,0,5614013.42,0,0,5614013.42,0,0,5614013.42,0,0,5614013.42,0,0,5614013.42,0,0,5614013.42,0,0,5614013.42,0,0,5614013.42,0,0,5614013.42,0,0,5614013.42,0,0,5614013.42,0,0,5614013.42,0,0,5614013.42,0,0,5614013.42,0,0,5614013.42,0,0,5614013.42,0,0,5614013.42,0,0,5614013.42,0,0,5614013.42,0,0,19248046.01,0,0,5614013.42,0,0,5614013.42,0,0,5614013.42,0,0,5614013.42,0,0,5614013.42,0,0,5614013.42,0,0,5614013.42
1,1,Moderna,2021-04-12,COVCOPD,0,0,0,0,0,0,0,0,0,0,0,0,0,0,0,0,0,0,0,0,0,0,0,0,0,0,0,0,0,0,0,0,0,0,0,0,0,0,0,0,0,0,0,0,0,0,0,0,0,0,3545692.69,0,0,3545692.69,0,0,3545692.69,0,0,4346332.97,0,0,4346332.97,0,0,5614013.42,0,0,3545692.69,0,0,3545692.69,0,0,4346332.97,0,0,4346332.97,0,0,3545692.69,0,0,3545692.69,0,0,3545692.69,0,0,3545692.69,0,0,3545692.69,0,0,3545692.69,0,0,3545692.69,0,0,3545692.69,0,0,3545692.69,0,0,3545692.69,0,0,3545692.69,0,0,3545692.69,0,0,3545692.69,0,0,3545692.69,0,0,3545692.69,0,0,3545692.69,0,0,3545692.69,0,0,3545692.69,0,0,3545692.69,0,0,3545692.69,0,0,3545692.69,0,0,3545692.69,0,0,3545692.69,0,0,3545692.69,0,0,3545692.69,0,0,3545692.69,0,0,3545692.69,0,0,3545692.69,0,0,3545692.69,0,0,3545692.69,0,0,13473632.21,0,0,3545692.69,0,0,3545692.69,0,0,3545692.69,0,0,3545692.69,0,0,3545692.69,0,0,3545692.69,0,0,3545692.69
1,1,Moderna,2021-04-19,COVCOPD,0,0,0,0,0,0,0,0,0,0,0,0,0,0,0,0,0,0,0,0,0,0,0,0,0,0,0,0,0,0,0,0,0,0,0,0,0,0,0,0,0,0,0,0,0,0,0,0,0,0,3368408.05,0,0,2929050.48,0,0,2929050.48,0,0,4082918.85,0,0,3454777.49,0,0,4210510.06,0,0,2929050.48,0,0,2929050.48,0,0,3286251.76,0,0,3286251.76,0,0,2929050.48,0,0,2929050.48,0,0,2929050.48,0,0,2929050.48,0,0,2929050.48,0,0,2929050.48,0,0,2929050.48,0,0,3368408.05,0,0,2929050.48,0,0,2929050.48,0,0,3368408.05,0,0,2929050.48,0,0,2929050.48,0,0,2929050.48,0,0,2929050.48,0,0,2929050.48,0,0,2929050.48,0,0,2929050.48,0,0,2929050.48,0,0,2929050.48,0,0,2929050.48,0,0,2929050.48,0,0,2929050.48,0,0,3368408.05,0,0,3368408.05,0,0,2929050.48,0,0,2929050.48,0,0,2929050.48,0,0,2929050.48,0,0,2929050.48,0,0,9624023,0,0,2929050.48,0,0,2929050.48,0,0,2929050.48,0,0,2929050.48,0,0,3368408.05,0,0,3368408.05,0,0,2929050.48
1,1,Pfizer,2021-01-04,COVCOPD,0,0,0,0,0,0,0,0,0,0,0,0,0,0,0,0,0,0,0,0,0,0,0,0,0,0,0,0,0,0,0,0,0,0,0,0,0,0,0,0,0,0,0,0,0,0,0,0,0,0,16842040.26,0,0,16842040.26,0,0,16842040.26,0,0,16842040.26,0,0,16842040.26,0,0,67368161.03,0,0,16842040.26,0,0,16842040.26,0,0,16842040.26,0,0,16842040.26,0,0,16842040.26,0,0,16842040.26,0,0,16842040.26,0,0,16842040.26,0,0,16842040.26,0,0,16842040.26,0,0,16842040.26,0,0,16842040.26,0,0,16842040.26,0,0,16842040.26,0,0,16842040.26,0,0,16842040.26,0,0,16842040.26,0,0,16842040.26,0,0,16842040.26,0,0,16842040.26,0,0,16842040.26,0,0,16842040.26,0,0,16842040.26,0,0,16842040.26,0,0,16842040.26,0,0,16842040.26,0,0,16842040.26,0,0,16842040.26,0,0,16842040.26,0,0,16842040.26,0,0,16842040.26,0,0,16842040.26,0,0,16842040.26,0,0,16842040.26,0,0,67368161.03,0,0,16842040.26,0,0,16842040.26,0,0,16842040.26,0,0,16842040.26,0,0,16842040.26,0,0,16842040.26,0,0,16842040.26
1,1,Pfizer,2021-01-11,COVCOPD,0,0,0,0,0,0,0,0,0,0,0,0,0,0,0,0,0,0,0,0,0,0,0,0,0,0,0,0,0,0,0,0,0,0,0,0,0,0,0,0,0,0,0,0,0,0,0,0,0,0,5858100.96,0,0,5858100.96,0,0,5858100.96,0,0,5858100.96,0,0,5858100.96,0,0,8421020.13,0,0,5858100.96,0,0,5858100.96,0,0,5858100.96,0,0,5858100.96,0,0,5858100.96,0,0,5858100.96,0,0,5858100.96,0,0,5858100.96,0,0,5858100.96,0,0,5858100.96,0,0,5858100.96,0,0,5858100.96,0,0,5858100.96,0,0,5858100.96,0,0,5858100.96,0,0,5858100.96,0,0,5858100.96,0,0,5858100.96,0,0,5858100.96,0,0,5858100.96,0,0,5858100.96,0,0,5858100.96,0,0,5858100.96,0,0,5858100.96,0,0,5858100.96,0,0,5858100.96,0,0,5858100.96,0,0,5858100.96,0,0,5858100.96,0,0,5858100.96,0,0,5858100.96,0,0,5858100.96,0,0,5858100.96,0,0,5858100.96,0,0,9624023,0,0,5858100.96,0,0,5858100.96,0,0,5858100.96,0,0,5858100.96,0,0,5858100.96,0,0,5858100.96,0,0,5858100.96
1,1,Pfizer,2021-01-18,COVCOPD,0,0,0,0,0,0,0,0,0,0,0,0,0,0,0,0,0,0,0,0,0,0,0,0,0,0,0,0,0,0,0,0,0,0,0,0,0,0,0,0,0,0,0,0,0,0,0,0,0,0,4812011.5,0,0,4812011.5,0,0,4812011.5,0,0,4812011.5,0,0,4812011.5,0,0,6416015.34,0,0,4812011.5,0,0,4812011.5,0,0,4812011.5,0,0,4812011.5,0,0,4812011.5,0,0,4812011.5,0,0,4812011.5,0,0,4812011.5,0,0,4812011.5,0,0,4812011.5,0,0,4812011.5,0,0,4812011.5,0,0,4812011.5,0,0,4812011.5,0,0,4812011.5,0,0,4812011.5,0,0,4812011.5,0,0,4812011.5,0,0,4812011.5,0,0,4812011.5,0,0,4812011.5,0,0,4812011.5,0,0,4812011.5,0,0,4812011.5,0,0,4812011.5,0,0,4812011.5,0,0,4812011.5,0,0,4812011.5,0,0,4812011.5,0,0,4812011.5,0,0,4812011.5,0,0,4812011.5,0,0,4812011.5,0,0,4812011.5,0,0,9624023,0,0,4812011.5,0,0,4812011.5,0,0,4812011.5,0,0,4812011.5,0,0,4812011.5,0,0,4812011.5,0,0,4812011.5
1,1,Pfizer,2021-01-25,COVCOPD,0,0,0,0,0,0,0,0,0,0,0,0,0,0,0,0,0,0,0,0,0,0,0,0,0,0,0,0,0,0,0,0,0,0,0,0,0,0,0,0,0,0,0,0,0,0,0,0,0,0,6736816.1,0,0,6736816.1,0,0,6736816.1,0,0,6736816.1,0,0,6736816.1,0,0,7485351.23,0,0,6736816.1,0,0,6736816.1,0,0,6736816.1,0,0,6736816.1,0,0,6736816.1,0,0,6736816.1,0,0,6736816.1,0,0,6736816.1,0,0,6736816.1,0,0,6736816.1,0,0,6736816.1,0,0,6736816.1,0,0,6736816.1,0,0,6736816.1,0,0,6736816.1,0,0,6736816.1,0,0,6736816.1,0,0,6736816.1,0,0,6736816.1,0,0,6736816.1,0,0,6736816.1,0,0,6736816.1,0,0,6736816.1,0,0,6736816.1,0,0,6736816.1,0,0,6736816.1,0,0,6736816.1,0,0,6736816.1,0,0,6736816.1,0,0,6736816.1,0,0,6736816.1,0,0,6736816.1,0,0,6736816.1,0,0,6736816.1,0,0,12248756.55,0,0,6736816.1,0,0,6736816.1,0,0,6736816.1,0,0,6736816.1,0,0,6736816.1,0,0,6736816.1,0,0,6736816.1
1,1,Pfizer,2021-02-01,COVCOPD,0,0,0,0,0,0,0,0,0,0,0,0,0,0,0,0,0,0,0,0,0,0,0,0,0,0,0,0,0,0,0,0,0,0,0,0,0,0,0,0,0,0,0,0,0,0,0,0,0,0,22456053.68,0,0,22456053.68,0,0,22456053.68,0,0,22456053.68,0,0,22456053.68,0,0,22456053.68,0,0,22456053.68,0,0,22456053.68,0,0,22456053.68,0,0,22456053.68,0,0,22456053.68,0,0,22456053.68,0,0,22456053.68,0,0,22456053.68,0,0,22456053.68,0,0,22456053.68,0,0,22456053.68,0,0,22456053.68,0,0,22456053.68,0,0,22456053.68,0,0,22456053.68,0,0,22456053.68,0,0,22456053.68,0,0,22456053.68,0,0,22456053.68,0,0,22456053.68,0,0,22456053.68,0,0,22456053.68,0,0,22456053.68,0,0,22456053.68,0,0,22456053.68,0,0,22456053.68,0,0,22456053.68,0,0,22456053.68,0,0,22456053.68,0,0,22456053.68,0,0,22456053.68,0,0,22456053.68,0,0,22456053.68,0,0,22456053.68,0,0,67368161.03,0,0,22456053.68,0,0,22456053.68,0,0,22456053.68,0,0,22456053.68,0,0,22456053.68,0,0,22456053.68,0,0,22456053.68
1,2,Moderna,2021-04-26,COVCOPD,0,0,0,0,0,0,0,1,0,0,0,0,0,0,0,0,0,0,0,0,0,0,0,0,0,0,0,0,0,0,0,0,0,0,0,0,0,1,0,0,0,0,0,0,0,0,0,0,0,0,4812011.5,0,0,6416015.34,0,0,4812011.5,0,0,4812011.5,0,0,6416015.34,0,0,9624023,0,0,4812011.5,1461000,36989.32,8140170.99,0,0,9624023,0,0,9624023,0,0,4812011.5,0,0,4812011.5,0,0,4812011.5,0,0,4812011.5,0,0,4812011.5,0,0,4812011.5,0,0,4812011.5,0,0,4812011.5,0,0,4812011.5,0,0,4812011.5,0,0,4812011.5,0,0,4812011.5,0,0,4812011.5,0,0,4812011.5,0,0,4812011.5,0,0,4812011.5,0,0,4812011.5,0,0,4812011.5,0,0,4812011.5,0,0,4812011.5,0,0,4812011.5,0,0,4812011.5,0,0,4812011.5,0,0,4812011.5,0,0,4812011.5,0,0,4812011.5,0,0,4812011.5,0,0,4812011.5,0,0,4812011.5,0,0,4812011.5,36525000,924732.94,203504274.85,0,0,4812011.5,0,0,4812011.5,0,0,4812011.5,0,0,4812011.5,0,0,4812011.5,0,0,4812011.5,0,0,4812011.5
1,2,Moderna,2021-05-03,COVCOPD,0,0,0,0,0,0,0,0,0,0,0,0,0,0,0,0,0,0,0,0,0,0,0,0,0,0,0,0,0,0,0,0,0,0,0,0,0,0,0,0,0,0,0,0,0,0,0,0,0,0,4812011.5,0,0,6416015.34,0,0,4812011.5,0,0,4812011.5,0,0,6416015.34,0,0,9624023,0,0,4812011.5,0,0,6416015.34,0,0,9624023,0,0,9624023,0,0,4812011.5,0,0,4812011.5,0,0,4812011.5,0,0,4812011.5,0,0,4812011.5,0,0,4812011.5,0,0,4812011.5,0,0,4812011.5,0,0,4812011.5,0,0,4812011.5,0,0,4812011.5,0,0,4812011.5,0,0,4812011.5,0,0,4812011.5,0,0,4812011.5,0,0,4812011.5,0,0,4812011.5,0,0,4812011.5,0,0,4812011.5,0,0,4812011.5,0,0,4812011.5,0,0,4812011.5,0,0,4812011.5,0,0,4812011.5,0,0,4812011.5,0,0,4812011.5,0,0,4812011.5,0,0,4812011.5,0,0,4812011.5,0,0,4812011.5,,,0,0,0,4812011.5,0,0,4812011.5,0,0,4812011.5,0,0,4812011.5,0,0,4812011.5,0,0,4812011.5,0,0,4812011.5
1,2,Moderna,2021-05-10,COVCOPD,0,0,0,0,0,0,0,0,0,0,0,0,0,0,0,0,0,0,0,0,0,0,0,0,0,0,0,0,0,0,0,0,0,0,0,0,0,0,0,0,0,0,0,0,0,0,0,0,0,0,3368408.05,0,0,4082918.85,0,0,3368408.05,0,0,4082918.85,0,0,5182166.23,0,0,7091385.37,0,0,3368408.05,0,0,4082918.85,0,0,5182166.23,0,0,5182166.23,0,0,3368408.05,0,0,3368408.05,0,0,3368408.05,0,0,3368408.05,0,0,3368408.05,0,0,3368408.05,0,0,3368408.05,0,0,3368408.05,0,0,3368408.05,0,0,3368408.05,0,0,3368408.05,0,0,3368408.05,0,0,3368408.05,0,0,3368408.05,0,0,3368408.05,0,0,3368408.05,0,0,3368408.05,0,0,3368408.05,0,0,3368408.05,0,0,3368408.05,0,0,3368408.05,0,0,3368408.05,0,0,3368408.05,0,0,3368408.05,0,0,3368408.05,0,0,3368408.05,0,0,3368408.05,0,0,3368408.05,0,0,3368408.05,0,0,3368408.05,,,0,0,0,3368408.05,0,0,3368408.05,0,0,3368408.05,0,0,3368408.05,0,0,3368408.05,0,0,3368408.05,0,0,3368408.05
1,2,Moderna,2021-05-17,COVCOPD,0,0,0,0,0,0,0,0,0,0,0,0,0,0,0,0,0,0,0,0,0,0,0,0,0,0,0,0,0,0,0,0,0,0,0,0,0,0,0,0,0,0,0,0,0,0,0,0,0,0,3062189.14,0,0,3641522.22,0,0,3062189.14,0,0,3641522.22,0,0,4491210.74,0,0,5858100.96,0,0,3062189.14,0,0,3641522.22,0,0,4491210.74,0,0,4491210.74,0,0,3062189.14,0,0,3062189.14,0,0,3062189.14,0,0,3062189.14,0,0,3062189.14,0,0,3062189.14,0,0,3062189.14,0,0,3062189.14,0,0,3062189.14,0,0,3062189.14,0,0,3062189.14,0,0,3062189.14,0,0,3062189.14,0,0,3062189.14,0,0,3062189.14,0,0,3062189.14,0,0,3062189.14,0,0,3062189.14,0,0,3062189.14,0,0,3062189.14,0,0,3062189.14,0,0,3062189.14,0,0,3062189.14,0,0,3062189.14,0,0,3062189.14,0,0,3062189.14,0,0,3062189.14,0,0,3062189.14,0,0,3062189.14,0,0,3062189.14,0,0,67368161.03,0,0,3062189.14,0,0,3062189.14,0,0,3062189.14,0,0,3062189.14,0,0,3062189.14,0,0,3062189.14,0,0,3062189.14
1,2,Moderna,2021-05-24,COVCOPD,0,0,0,0,0,0,0,0,0,0,0,0,0,0,0,0,0,0,0,0,0,0,0,0,0,0,0,0,0,0,0,0,0,0,0,0,0,0,0,0,0,0,0,0,0,0,0,0,0,0,2749720.86,0,0,3208007.67,0,0,2749720.86,0,0,3208007.67,0,0,3849609.2,0,0,4812011.5,0,0,2749720.86,0,0,3208007.67,0,0,3849609.2,0,0,3849609.2,0,0,2749720.86,0,0,2749720.86,0,0,2749720.86,0,0,2749720.86,0,0,2749720.86,0,0,2749720.86,0,0,2749720.86,0,0,2749720.86,0,0,2749720.86,0,0,2749720.86,0,0,2749720.86,0,0,2749720.86,0,0,2749720.86,0,0,2749720.86,0,0,2749720.86,0,0,2749720.86,0,0,2749720.86,0,0,2749720.86,0,0,2749720.86,0,0,2749720.86,0,0,2749720.86,0,0,2749720.86,0,0,2749720.86,0,0,2749720.86,0,0,2749720.86,0,0,2749720.86,0,0,2749720.86,0,0,2749720.86,0,0,2749720.86,0,0,2749720.86,0,0,19248046.01,0,0,2749720.86,0,0,2749720.86,0,0,2749720.86,0,0,2749720.86,0,0,2749720.86,0,0,2749720.86,0,0,2749720.86
1,2,Pfizer,2021-02-01,COVCOPD,0,0,0,0,0,0,0,0,0,0,0,0,0,0,0,0,0,0,0,0,0,0,0,0,0,0,0,0,0,0,0,0,0,0,0,0,0,0,0,0,0,0,0,0,0,0,0,0,0,0,6124378.28,0,0,6124378.28,0,0,6124378.28,0,0,6124378.28,0,0,6124378.28,0,0,8982421.47,0,0,6124378.28,0,0,6124378.28,0,0,6124378.28,0,0,6124378.28,0,0,6124378.28,0,0,6124378.28,0,0,6124378.28,0,0,6124378.28,0,0,6124378.28,0,0,6124378.28,0,0,6124378.28,0,0,6124378.28,0,0,6124378.28,0,0,6124378.28,0,0,6124378.28,0,0,6124378.28,0,0,6124378.28,0,0,6124378.28,0,0,6124378.28,0,0,6124378.28,0,0,6124378.28,0,0,6124378.28,0,0,6124378.28,0,0,6124378.28,0,0,6124378.28,0,0,6124378.28,0,0,6124378.28,0,0,6124378.28,0,0,6124378.28,0,0,6124378.28,0,0,6124378.28,0,0,6124378.28,0,0,6124378.28,0,0,6124378.28,0,0,11228026.84,0,0,6124378.28,0,0,6124378.28,0,0,6124378.28,0,0,6124378.28,0,0,6124378.28,0,0,6124378.28,0,0,6124378.28
1,2,Pfizer,2021-02-08,COVCOPD,0,0,0,0,0,0,0,0,0,0,0,0,0,0,0,0,0,0,0,0,0,0,0,0,0,0,0,0,0,0,0,0,0,0,0,0,0,0,0,0,0,0,0,0,0,0,0,0,0,0,4812011.5,0,0,4812011.5,0,0,4812011.5,0,0,4812011.5,0,0,4812011.5,0,0,6416015.34,0,0,4812011.5,0,0,4812011.5,0,0,4812011.5,0,0,4812011.5,0,0,4812011.5,0,0,4812011.5,0,0,4812011.5,0,0,4812011.5,0,0,4812011.5,0,0,4812011.5,0,0,4812011.5,0,0,4812011.5,0,0,4812011.5,0,0,4812011.5,0,0,4812011.5,0,0,4812011.5,0,0,4812011.5,0,0,4812011.5,0,0,4812011.5,0,0,4812011.5,0,0,4812011.5,0,0,4812011.5,0,0,4812011.5,0,0,4812011.5,0,0,4812011.5,0,0,4812011.5,0,0,4812011.5,0,0,4812011.5,0,0,4812011.5,0,0,4812011.5,0,0,4812011.5,0,0,4812011.5,0,0,4812011.5,0,0,4812011.5,0,0,9624023,0,0,4812011.5,0,0,4812011.5,0,0,4812011.5,0,0,4812011.5,0,0,4812011.5,0,0,4812011.5,0,0,4812011.5
1,2,Pfizer,2021-02-15,COVCOPD,0,0,0,0,0,0,0,0,0,0,0,0,0,0,0,0,0,0,0,0,0,0,0,0,0,0,0,0,0,0,0,0,0,0,0,0,0,0,0,0,0,0,0,0,0,0,0,0,0,0,4812011.5,0,0,4812011.5,0,0,4812011.5,0,0,4812011.5,0,0,4812011.5,0,0,6416015.34,0,0,4812011.5,0,0,4812011.5,0,0,4812011.5,0,0,4812011.5,0,0,4812011.5,0,0,4812011.5,0,0,4812011.5,0,0,4812011.5,0,0,4812011.5,0,0,4812011.5,0,0,4812011.5,0,0,4812011.5,0,0,4812011.5,0,0,4812011.5,0,0,4812011.5,0,0,4812011.5,0,0,4812011.5,0,0,4812011.5,0,0,4812011.5,0,0,4812011.5,0,0,4812011.5,0,0,4812011.5,0,0,4812011.5,0,0,4812011.5,0,0,4812011.5,0,0,4812011.5,0,0,4812011.5,0,0,4812011.5,0,0,4812011.5,0,0,4812011.5,0,0,4812011.5,0,0,4812011.5,0,0,4812011.5,0,0,4812011.5,0,0,9624023,0,0,4812011.5,0,0,4812011.5,0,0,4812011.5,0,0,4812011.5,0,0,4812011.5,0,0,4812011.5,0,0,4812011.5
1,2,Pfizer,2021-02-22,COVCOPD,0,0,0,0,0,0,0,0,0,0,0,0,0,0,0,0,0,0,0,0,0,0,0,0,0,0,0,0,0,0,0,0,0,0,0,0,0,0,0,0,0,0,0,0,0,0,0,0,0,0,4812011.5,0,0,4812011.5,0,0,4812011.5,0,0,4812011.5,0,0,4812011.5,0,0,6416015.34,0,0,4812011.5,0,0,4812011.5,0,0,4812011.5,0,0,4812011.5,0,0,4812011.5,0,0,4812011.5,0,0,4812011.5,0,0,4812011.5,0,0,4812011.5,0,0,4812011.5,0,0,4812011.5,0,0,4812011.5,0,0,4812011.5,0,0,4812011.5,0,0,4812011.5,0,0,4812011.5,0,0,4812011.5,0,0,4812011.5,0,0,4812011.5,0,0,4812011.5,0,0,4812011.5,0,0,4812011.5,0,0,4812011.5,0,0,4812011.5,0,0,4812011.5,0,0,4812011.5,0,0,4812011.5,0,0,4812011.5,0,0,4812011.5,0,0,4812011.5,0,0,4812011.5,0,0,4812011.5,0,0,4812011.5,0,0,4812011.5,0,0,9624023,0,0,4812011.5,0,0,4812011.5,0,0,4812011.5,0,0,4812011.5,0,0,4812011.5,0,0,4812011.5,0,0,4812011.5
1,2,Pfizer,2021-03-01,COVCOPD,0,0,0,0,0,0,0,0,0,0,0,0,0,0,0,0,0,0,0,0,0,0,0,0,0,0,0,0,0,0,0,0,0,0,0,0,0,0,0,0,0,0,0,0,0,0,0,0,0,0,4812011.5,0,0,4812011.5,0,0,4812011.5,0,0,4812011.5,0,0,4812011.5,0,0,6416015.34,0,0,4812011.5,0,0,4812011.5,0,0,4812011.5,0,0,4812011.5,0,0,4812011.5,0,0,4812011.5,0,0,4812011.5,0,0,4812011.5,0,0,4812011.5,0,0,4812011.5,0,0,4812011.5,0,0,4812011.5,0,0,4812011.5,0,0,4812011.5,0,0,4812011.5,0,0,4812011.5,0,0,4812011.5,0,0,4812011.5,0,0,4812011.5,0,0,4812011.5,0,0,4812011.5,0,0,4812011.5,0,0,4812011.5,0,0,4812011.5,0,0,4812011.5,0,0,4812011.5,0,0,4812011.5,0,0,4812011.5,0,0,4812011.5,0,0,4812011.5,0,0,4812011.5,0,0,4812011.5,0,0,4812011.5,0,0,4812011.5,0,0,9624023,0,0,4812011.5,0,0,4812011.5,0,0,4812011.5,0,0,4812011.5,0,0,4812011.5,0,0,4812011.5,0,0,4812011.5
1,2,Pfizer,2021-03-08,COVCOPD,0,0,0,0,0,0,0,0,0,0,0,0,0,0,0,0,0,0,0,0,0,0,0,0,0,0,0,0,0,0,0,0,0,0,0,0,0,0,0,0,0,0,0,0,0,0,0,0,0,0,4812011.5,0,0,4812011.5,0,0,4812011.5,0,0,4812011.5,0,0,4812011.5,0,0,6416015.34,0,0,4812011.5,0,0,4812011.5,0,0,4812011.5,0,0,4812011.5,0,0,4812011.5,0,0,4812011.5,0,0,4812011.5,0,0,4812011.5,0,0,4812011.5,0,0,4812011.5,0,0,4812011.5,0,0,4812011.5,0,0,4812011.5,0,0,4812011.5,0,0,4812011.5,0,0,4812011.5,0,0,4812011.5,0,0,4812011.5,0,0,4812011.5,0,0,4812011.5,0,0,4812011.5,0,0,4812011.5,0,0,4812011.5,0,0,4812011.5,0,0,4812011.5,0,0,4812011.5,0,0,4812011.5,0,0,4812011.5,0,0,4812011.5,0,0,4812011.5,0,0,4812011.5,0,0,4812011.5,0,0,4812011.5,0,0,4812011.5,0,0,9624023,0,0,4812011.5,0,0,4812011.5,0,0,4812011.5,0,0,4812011.5,0,0,4812011.5,0,0,4812011.5,0,0,4812011.5
1,2,Pfizer,2021-03-15,COVCOPD,0,0,0,0,0,0,0,0,0,0,0,0,0,0,0,0,0,0,0,0,0,0,0,0,0,0,0,0,0,0,0,0,0,0,0,0,0,0,0,0,0,0,0,0,0,0,0,0,0,0,4812011.5,0,0,4812011.5,0,0,4812011.5,0,0,4812011.5,0,0,4812011.5,0,0,6416015.34,0,0,4812011.5,0,0,4812011.5,0,0,4812011.5,0,0,4812011.5,0,0,4812011.5,0,0,4812011.5,0,0,4812011.5,0,0,4812011.5,0,0,4812011.5,0,0,4812011.5,0,0,4812011.5,0,0,4812011.5,0,0,4812011.5,0,0,4812011.5,0,0,4812011.5,0,0,4812011.5,0,0,4812011.5,0,0,4812011.5,0,0,4812011.5,0,0,4812011.5,0,0,4812011.5,0,0,4812011.5,0,0,4812011.5,0,0,4812011.5,0,0,4812011.5,0,0,4812011.5,0,0,4812011.5,0,0,4812011.5,0,0,4812011.5,0,0,4812011.5,0,0,4812011.5,0,0,4812011.5,0,0,4812011.5,0,0,4812011.5,0,0,9624023,0,0,4812011.5,0,0,4812011.5,0,0,4812011.5,0,0,4812011.5,0,0,4812011.5,0,0,4812011.5,0,0,4812011.5
1,2,Pfizer,2021-03-22,COVCOPD,0,0,0,0,0,0,0,0,0,0,0,0,0,0,0,0,0,0,0,0,0,0,0,0,0,0,0,0,0,0,0,0,0,0,0,0,0,0,0,0,0,0,0,0,0,0,0,0,0,0,4082918.85,0,0,4082918.85,0,0,4082918.85,0,0,4346332.97,0,0,4082918.85,0,0,5182166.23,0,0,4082918.85,0,0,4082918.85,0,0,4082918.85,0,0,4082918.85,0,0,4082918.85,0,0,4082918.85,0,0,4082918.85,0,0,4082918.85,0,0,4082918.85,0,0,4082918.85,0,0,4082918.85,0,0,4082918.85,0,0,4082918.85,0,0,4082918.85,0,0,4082918.85,0,0,4082918.85,0,0,4082918.85,0,0,4082918.85,0,0,4082918.85,0,0,4082918.85,0,0,4082918.85,0,0,4082918.85,0,0,4082918.85,0,0,4082918.85,0,0,4082918.85,0,0,4082918.85,0,0,4082918.85,0,0,4082918.85,0,0,4082918.85,0,0,4082918.85,0,0,4082918.85,0,0,4082918.85,0,0,4082918.85,0,0,4082918.85,0,0,9624023,0,0,4082918.85,0,0,4082918.85,0,0,4082918.85,0,0,4082918.85,0,0,4082918.85,0,0,4082918.85,0,0,4082918.85
1,2,Pfizer,2021-03-29,COVCOPD,0,0,0,0,0,0,0,0,0,0,0,0,0,0,0,0,0,0,0,0,0,0,0,0,0,0,0,0,0,0,0,0,0,0,0,0,0,0,0,0,0,0,0,0,0,0,0,0,0,0,2591083.12,0,0,2591083.12,0,0,2591083.12,0,0,2994140.49,0,0,2749720.86,0,0,3208007.67,0,0,2591083.12,0,0,2749720.86,0,0,2591083.12,0,0,2591083.12,0,0,2591083.12,0,0,2591083.12,0,0,2591083.12,0,0,2591083.12,0,0,2591083.12,0,0,2591083.12,0,0,2591083.12,0,0,2591083.12,0,0,2591083.12,0,0,2591083.12,0,0,2591083.12,0,0,2591083.12,0,0,2591083.12,0,0,2591083.12,0,0,2591083.12,0,0,2591083.12,0,0,2591083.12,0,0,2591083.12,0,0,2591083.12,0,0,2591083.12,0,0,2591083.12,0,0,2591083.12,0,0,2591083.12,0,0,2591083.12,0,0,2591083.12,0,0,2591083.12,0,0,2591083.12,0,0,2591083.12,0,0,2591083.12,0,0,2591083.12,0,0,9624023,0,0,2591083.12,0,0,2591083.12,0,0,2591083.12,0,0,2591083.12,0,0,2591083.12,0,0,2591083.12,0,0,2591083.12
1,2,Pfizer,2021-04-05,COVCOPD,0,0,0,0,0,0,0,0,0,0,0,0,0,0,0,0,0,0,0,0,0,0,0,0,0,0,0,0,0,0,0,0,0,0,0,0,0,0,0,0,0,0,0,0,0,0,0,0,0,0,2138671.78,0,0,2138671.78,0,0,2138671.78,0,0,2406005.75,0,0,2406005.75,0,0,2749720.86,0,0,2138671.78,0,0,2406005.75,0,0,2138671.78,0,0,2138671.78,0,0,2138671.78,0,0,2138671.78,0,0,2138671.78,0,0,2138671.78,0,0,2138671.78,0,0,2138671.78,0,0,2138671.78,0,0,2138671.78,0,0,2138671.78,0,0,2138671.78,0,0,2138671.78,0,0,2138671.78,0,0,2138671.78,0,0,2138671.78,0,0,2138671.78,0,0,2138671.78,0,0,2138671.78,0,0,2138671.78,0,0,2138671.78,0,0,2138671.78,0,0,2138671.78,0,0,2138671.78,0,0,2138671.78,0,0,2138671.78,0,0,2138671.78,0,0,2138671.78,0,0,2138671.78,0,0,2138671.78,0,0,2138671.78,0,0,2138671.78,0,0,6416015.34,0,0,2138671.78,0,0,2138671.78,0,0,2138671.78,0,0,2138671.78,0,0,2138671.78,0,0,2138671.78,0,0,2138671.78
1,2,Pfizer,2021-04-12,COVCOPD,0,0,0,0,0,0,0,0,0,0,0,0,0,0,0,0,0,0,0,0,0,0,0,0,0,0,0,0,0,0,0,0,0,0,0,0,0,0,0,0,0,0,0,0,0,0,0,0,0,0,2138671.78,0,0,2138671.78,0,0,2138671.78,0,0,2406005.75,0,0,2406005.75,0,0,2749720.86,0,0,2138671.78,0,0,2406005.75,0,0,2138671.78,0,0,2138671.78,0,0,2138671.78,0,0,2138671.78,0,0,2138671.78,0,0,2138671.78,0,0,2138671.78,0,0,2138671.78,0,0,2138671.78,0,0,2138671.78,0,0,2138671.78,0,0,2138671.78,0,0,2138671.78,0,0,2138671.78,0,0,2138671.78,0,0,2138671.78,0,0,2138671.78,0,0,2138671.78,0,0,2138671.78,0,0,2138671.78,0,0,2138671.78,0,0,2138671.78,0,0,2138671.78,0,0,2138671.78,0,0,2138671.78,0,0,2138671.78,0,0,2138671.78,0,0,2138671.78,0,0,2138671.78,0,0,2138671.78,0,0,2138671.78,0,0,2138671.78,0,0,6416015.34,0,0,2138671.78,0,0,2138671.78,0,0,2138671.78,0,0,2138671.78,0,0,2138671.78,0,0,2138671.78,0,0,2138671.78
1,2,Pfizer,2021-04-19,COVCOPD,0,0,0,0,0,0,0,0,0,0,0,0,0,0,0,0,0,0,0,0,0,0,0,0,0,0,0,0,0,0,0,0,0,0,0,0,0,1,0,0,0,0,0,0,0,0,0,0,0,0,1684204.03,0,0,1684204.03,0,0,1684204.03,0,0,1845703.04,0,0,1871337.81,0,0,2072866.49,0,0,1684204.03,0,0,1871337.81,0,0,1924804.6,0,0,1924804.6,0,0,1684204.03,0,0,1684204.03,0,0,1684204.03,0,0,1684204.03,0,0,1684204.03,0,0,1684204.03,0,0,1705523.06,0,0,1705523.06,0,0,1684204.03,0,0,1684204.03,0,0,1684204.03,0,0,1684204.03,0,0,1684204.03,0,0,1684204.03,0,0,1684204.03,0,0,1684204.03,0,0,1684204.03,0,0,1684204.03,0,0,1684204.03,0,0,1684204.03,0,0,1684204.03,0,0,1684204.03,0,0,1684204.03,0,0,1684204.03,0,0,1684204.03,0,0,1684204.03,0,0,1684204.03,0,0,1684204.03,0,0,1684204.03,0,0,1684204.03,1588043.48,40205.78,8848011.95,0,0,1684204.03,0,0,1684204.03,0,0,1684204.03,0,0,1684204.03,0,0,1684204.03,0,0,1684204.03,0,0,1684204.03
1,2,Pfizer,2021-04-26,COVCOPD,0,0,0,0,0,0,0,0,0,0,0,0,0,0,0,0,0,0,0,0,0,0,0,0,0,0,0,0,0,0,0,0,0,0,0,0,0,0,0,0,0,0,0,0,0,0,0,0,0,0,1247558.54,0,0,1247558.54,0,0,1247558.54,0,0,1403503.35,0,0,1433365.13,0,0,1548693.36,0,0,1247558.54,0,0,1433365.13,0,0,1643125.88,0,0,1643125.88,0,0,1247558.54,0,0,1247558.54,0,0,1247558.54,0,0,1247558.54,0,0,1247558.54,0,0,1247558.54,0,0,1334022.99,0,0,1334022.99,0,0,1247558.54,0,0,1247558.54,0,0,1247558.54,0,0,1247558.54,0,0,1247558.54,0,0,1247558.54,0,0,1247558.54,0,0,1247558.54,0,0,1247558.54,0,0,1247558.54,0,0,1247558.54,0,0,1247558.54,0,0,1247558.54,0,0,1247558.54,0,0,1247558.54,0,0,1247558.54,0,0,1247558.54,0,0,1247558.54,0,0,1247558.54,0,0,1247558.54,0,0,1247558.54,0,0,1247558.54,0,0,5614013.42,0,0,1247558.54,0,0,1247558.54,0,0,1247558.54,0,0,1247558.54,0,0,1247558.54,0,0,1247558.54,0,0,1247558.54
1,2,Pfizer,2021-05-03,COVCOPD,0,0,0,0,0,0,0,0,0,0,0,0,0,0,0,0,0,0,0,0,0,0,0,0,0,0,0,0,0,0,0,0,0,0,0,0,0,0,0,0,0,0,0,0,0,0,0,0,0,0,880629.56,0,0,880629.56,0,0,880629.56,0,0,969326.06,0,0,1060915.92,0,0,1122802.68,0,0,880629.56,0,0,969326.06,0,0,1122802.68,0,0,1122802.68,0,0,880629.56,0,0,880629.56,0,0,880629.56,0,0,880629.56,0,0,880629.56,0,0,880629.56,0,0,922851.52,0,0,922851.52,0,0,880629.56,0,0,880629.56,0,0,880629.56,0,0,880629.56,0,0,880629.56,0,0,880629.56,0,0,880629.56,0,0,880629.56,0,0,880629.56,0,0,910380.55,0,0,910380.55,0,0,880629.56,0,0,880629.56,0,0,880629.56,0,0,880629.56,0,0,910380.55,0,0,910380.55,0,0,880629.56,0,0,880629.56,0,0,880629.56,0,0,880629.56,0,0,880629.56,0,0,4812011.5,0,0,880629.56,0,0,880629.56,0,0,880629.56,0,0,880629.56,0,0,910380.55,0,0,910380.55,0,0,880629.56
1,2,Pfizer,2021-05-10,COVCOPD,0,0,0,0,0,0,0,0,0,0,0,0,0,0,0,0,0,0,0,0,0,0,0,0,0,0,0,0,0,0,0,0,0,0,0,0,0,0,0,0,0,0,0,0,0,0,0,0,0,0,765547.28,0,0,765547.28,0,0,765547.28,0,0,831705.69,0,0,910380.55,0,0,955576.75,0,0,765547.28,0,0,831705.69,0,0,955576.75,0,0,955576.75,0,0,765547.28,0,0,765547.28,0,0,765547.28,0,0,765547.28,0,0,765547.28,0,0,765547.28,0,0,797256.34,0,0,797256.34,0,0,765547.28,0,0,765547.28,0,0,765547.28,0,0,765547.28,0,0,765547.28,0,0,765547.28,0,0,765547.28,0,0,765547.28,0,0,765547.28,0,0,797256.34,0,0,797256.34,0,0,765547.28,0,0,765547.28,0,0,765547.28,0,0,765547.28,0,0,797256.34,0,0,797256.34,0,0,765547.28,0,0,765547.28,0,0,765547.28,0,0,765547.28,0,0,765547.28,0,0,4491210.74,0,0,765547.28,0,0,765547.28,0,0,765547.28,0,0,765547.28,0,0,797256.34,0,0,797256.34,0,0,765547.28
1,2,Pfizer,2021-05-17,COVCOPD,0,0,0,0,0,0,0,0,0,0,0,0,0,0,0,0,0,0,0,0,0,0,0,0,0,0,0,0,0,0,0,0,0,0,0,0,0,0,0,0,0,0,0,0,0,0,0,0,0,0,677066.95,0,0,677066.95,0,0,677066.95,0,0,728304.44,0,0,787931.71,0,0,858193.13,0,0,677066.95,0,0,756945.63,0,0,821562.94,0,0,821562.94,0,0,677066.95,0,0,677066.95,0,0,677066.95,0,0,677066.95,0,0,677066.95,0,0,677066.95,0,0,701751.68,0,0,701751.68,0,0,677066.95,0,0,677066.95,0,0,677066.95,0,0,677066.95,0,0,677066.95,0,0,677066.95,0,0,677066.95,0,0,677066.95,0,0,677066.95,0,0,701751.68,0,0,701751.68,0,0,677066.95,0,0,677066.95,0,0,677066.95,0,0,677066.95,0,0,701751.68,0,0,701751.68,0,0,677066.95,0,0,677066.95,0,0,677066.95,0,0,677066.95,0,0,677066.95,0,0,3208007.67,0,0,677066.95,0,0,677066.95,0,0,677066.95,0,0,677066.95,0,0,701751.68,0,0,701751.68,0,0,677066.95
1,2,Pfizer,2021-05-24,COVCOPD,0,0,0,0,0,0,0,0,0,0,0,0,0,0,0,0,0,0,0,0,0,0,0,0,0,0,0,0,0,0,0,0,0,0,0,0,0,0,0,0,0,0,0,0,0,0,0,0,0,0,626680.57,0,0,626680.57,0,0,626680.57,0,0,694517.12,0,0,720515.09,0,0,778822.67,0,0,626680.57,0,0,694517.12,0,0,748535.12,0,0,748535.12,0,0,626680.57,0,0,626680.57,0,0,626680.57,0,0,626680.57,0,0,626680.57,0,0,626680.57,0,0,647770.78,0,0,647770.78,0,0,626680.57,0,0,626680.57,0,0,626680.57,0,0,626680.57,0,0,626680.57,0,0,626680.57,0,0,626680.57,0,0,626680.57,0,0,626680.57,0,0,647770.78,0,0,647770.78,0,0,626680.57,0,0,626680.57,0,0,626680.57,0,0,626680.57,0,0,647770.78,0,0,647770.78,0,0,626680.57,0,0,626680.57,0,0,626680.57,0,0,626680.57,0,0,626680.57,0,0,2994140.49,0,0,626680.57,0,0,626680.57,0,0,626680.57,0,0,626680.57,0,0,647770.78,0,0,647770.78,0,0,626680.57
1,2,Pfizer,2021-05-31,COVCOPD,0,0,0,0,0,0,0,0,0,0,0,0,0,0,0,0,0,0,0,0,0,0,0,0,0,0,0,0,0,0,0,0,0,0,0,0,0,1,0,0,0,0,0,0,0,0,0,0,0,0,543291.62,0,0,543291.62,0,0,543291.62,0,0,593552.08,0,0,612437.83,0,0,654059.82,0,0,543291.62,0,0,593552.08,0,0,632564.89,0,0,632564.89,0,0,543291.62,0,0,543291.62,0,0,543291.62,0,0,543291.62,0,0,543291.62,0,0,543291.62,0,0,559071.88,0,0,559071.88,0,0,543291.62,0,0,543291.62,0,0,543291.62,0,0,543291.62,0,0,543291.62,0,0,543291.62,0,0,543291.62,0,0,543291.62,0,0,543291.62,0,0,559071.88,0,0,559071.88,0,0,543291.62,0,0,543291.62,0,0,543291.62,0,0,543291.62,0,0,559071.88,0,0,559071.88,0,0,543291.62,0,0,543291.62,0,0,543291.62,0,0,543291.62,0,0,543291.62,589112.9,14915.05,3282327.01,0,0,543291.62,0,0,543291.62,0,0,543291.62,0,0,543291.62,0,0,559071.88,0,0,559071.88,0,0,543291.62
1,2,Pfizer,2021-06-07,COVCOPD,0,0,0,0,0,0,0,0,0,0,0,0,0,0,0,0,0,0,0,0,0,0,0,0,0,0,0,0,0,0,0,0,0,0,0,0,0,0,0,0,0,0,0,0,0,0,0,0,0,0,534667.94,0,0,534667.94,0,0,534667.94,0,0,583274.12,0,0,601501.44,0,0,641601.53,0,0,534667.94,0,0,583274.12,0,0,620904.71,0,0,620904.71,0,0,534667.94,0,0,534667.94,0,0,534667.94,0,0,534667.94,0,0,534667.94,0,0,534667.94,0,0,549944.17,0,0,549944.17,0,0,534667.94,0,0,534667.94,0,0,534667.94,0,0,534667.94,0,0,534667.94,0,0,534667.94,0,0,534667.94,0,0,534667.94,0,0,534667.94,0,0,549944.17,0,0,549944.17,0,0,534667.94,0,0,534667.94,0,0,534667.94,0,0,534667.94,0,0,549944.17,0,0,549944.17,0,0,534667.94,0,0,534667.94,0,0,534667.94,0,0,534667.94,0,0,534667.94,0,0,2138671.78,0,0,534667.94,0,0,534667.94,0,0,534667.94,0,0,534667.94,0,0,549944.17,0,0,549944.17,0,0,534667.94
1,1,Moderna,2021-06-07,COVCOPD,0,0,0,0,0,0,0,0,0,0,0,0,0,0,0,0,0,0,0,0,0,0,0,0,0,0,0,0,0,0,0,0,0,0,0,0,0,0,0,0,0,0,0,0,0,0,0,0,0,0,4082918.85,0,0,3368408.05,0,0,3368408.05,0,0,4082918.85,0,0,3368408.05,0,0,3368408.05,0,0,3368408.05,0,0,3368408.05,0,0,3368408.05,0,0,3368408.05,0,0,4082918.85,0,0,4082918.85,0,0,4082918.85,0,0,4082918.85,0,0,3368408.05,0,0,3368408.05,0,0,3368408.05,0,0,4082918.85,0,0,3368408.05,0,0,3368408.05,0,0,4082918.85,0,0,3368408.05,0,0,3368408.05,0,0,3368408.05,0,0,3368408.05,0,0,3368408.05,0,0,3368408.05,0,0,3368408.05,0,0,3368408.05,0,0,3368408.05,0,0,3368408.05,0,0,3368408.05,0,0,3368408.05,0,0,4082918.85,0,0,4082918.85,0,0,3368408.05,0,0,3368408.05,0,0,3368408.05,0,0,3368408.05,0,0,3368408.05,0,0,5182166.23,0,0,3368408.05,0,0,3368408.05,0,0,3368408.05,0,0,3368408.05,0,0,4082918.85,0,0,4082918.85,0,0,3368408.05
1,1,Moderna,2021-06-14,COVCOPD,0,0,0,0,0,0,0,0,0,0,0,0,0,0,0,0,0,0,0,0,0,0,0,0,0,0,0,0,0,0,0,0,0,0,0,0,0,0,0,0,0,0,0,0,0,0,0,0,0,0,2694726.44,0,0,2363795.12,0,0,2363795.12,0,0,2694726.44,0,0,2363795.12,0,0,2363795.12,0,0,2363795.12,0,0,2363795.12,0,0,2363795.12,0,0,2363795.12,0,0,2694726.44,0,0,2694726.44,0,0,2694726.44,0,0,2694726.44,0,0,2363795.12,0,0,2363795.12,0,0,2363795.12,0,0,2694726.44,0,0,2363795.12,0,0,2363795.12,0,0,2694726.44,0,0,2363795.12,0,0,2363795.12,0,0,2363795.12,0,0,2363795.12,0,0,2363795.12,0,0,2363795.12,0,0,2363795.12,0,0,2363795.12,0,0,2363795.12,0,0,2363795.12,0,0,2363795.12,0,0,2363795.12,0,0,2694726.44,0,0,2694726.44,0,0,2363795.12,0,0,2363795.12,0,0,2363795.12,0,0,2363795.12,0,0,2363795.12,0,0,3641522.22,0,0,2363795.12,0,0,2363795.12,0,0,2363795.12,0,0,2363795.12,0,0,2694726.44,0,0,2694726.44,0,0,2363795.12
1,1,Moderna,2021-06-21,COVCOPD,0,0,0,0,0,0,0,0,0,0,0,0,0,0,0,0,0,0,0,0,0,0,0,0,0,0,0,0,0,0,0,0,0,0,0,0,0,0,0,0,0,0,0,0,0,0,0,0,0,0,2406005.75,0,0,2138671.78,0,0,2138671.78,0,0,2406005.75,0,0,2138671.78,0,0,2138671.78,0,0,2138671.78,0,0,2138671.78,0,0,2138671.78,0,0,2138671.78,0,0,2406005.75,0,0,2406005.75,0,0,2406005.75,0,0,2406005.75,0,0,2138671.78,0,0,2138671.78,0,0,2138671.78,0,0,2406005.75,0,0,2138671.78,0,0,2138671.78,0,0,2406005.75,0,0,2138671.78,0,0,2138671.78,0,0,2138671.78,0,0,2138671.78,0,0,2138671.78,0,0,2138671.78,0,0,2138671.78,0,0,2138671.78,0,0,2138671.78,0,0,2138671.78,0,0,2138671.78,0,0,2138671.78,0,0,2406005.75,0,0,2406005.75,0,0,2138671.78,0,0,2138671.78,0,0,2138671.78,0,0,2138671.78,0,0,2138671.78,0,0,3208007.67,0,0,2138671.78,0,0,2138671.78,0,0,2138671.78,0,0,2138671.78,0,0,2406005.75,0,0,2406005.75,0,0,2138671.78
1,1,Moderna,2021-06-28,COVCOPD,0,0,0,0,0,0,0,0,0,0,0,0,0,0,0,0,0,0,0,0,0,0,0,0,0,0,0,0,0,0,0,0,0,0,0,0,0,0,0,0,0,0,0,0,0,0,0,0,0,0,6124378.28,0,0,5389452.88,0,0,5389452.88,0,0,6124378.28,0,0,5389452.88,0,0,5389452.88,0,0,5389452.88,0,0,5389452.88,0,0,5389452.88,0,0,5389452.88,0,0,6124378.28,0,0,6124378.28,0,0,6124378.28,0,0,6124378.28,0,0,5389452.88,0,0,5389452.88,0,0,5389452.88,0,0,6124378.28,0,0,5389452.88,0,0,5389452.88,0,0,6124378.28,0,0,5389452.88,0,0,5389452.88,0,0,5389452.88,0,0,5389452.88,0,0,5389452.88,0,0,5389452.88,0,0,5389452.88,0,0,5389452.88,0,0,5389452.88,0,0,5389452.88,0,0,5389452.88,0,0,5389452.88,0,0,6124378.28,0,0,6124378.28,0,0,5389452.88,0,0,5389452.88,0,0,5389452.88,0,0,5389452.88,0,0,5389452.88,0,0,8421020.13,0,0,5389452.88,0,0,5389452.88,0,0,5389452.88,0,0,5389452.88,0,0,6124378.28,0,0,6124378.28,0,0,5389452.88
1,1,J&J,2021-05-24,COVCOPD,0,0,0,0,0,0,0,0,0,0,0,0,0,0,0,0,0,0,0,0,0,0,0,0,0,0,0,0,0,0,0,0,0,0,0,0,0,0,0,0,0,0,0,0,0,0,0,0,0,0,22456053.68,0,0,22456053.68,0,0,22456053.68,0,0,22456053.68,0,0,22456053.68,0,0,22456053.68,0,0,22456053.68,0,0,22456053.68,0,0,22456053.68,0,0,22456053.68,0,0,22456053.68,0,0,22456053.68,0,0,22456053.68,0,0,22456053.68,0,0,22456053.68,0,0,22456053.68,0,0,22456053.68,0,0,22456053.68,0,0,22456053.68,0,0,22456053.68,0,0,22456053.68,0,0,22456053.68,0,0,22456053.68,0,0,22456053.68,0,0,22456053.68,0,0,22456053.68,0,0,22456053.68,0,0,22456053.68,0,0,22456053.68,0,0,22456053.68,0,0,22456053.68,0,0,22456053.68,0,0,22456053.68,0,0,22456053.68,0,0,22456053.68,0,0,22456053.68,0,0,22456053.68,0,0,22456053.68,0,0,22456053.68,0,0,22456053.68,0,0,22456053.68,0,0,22456053.68,0,0,22456053.68,0,0,22456053.68,0,0,22456053.68,0,0,22456053.68,0,0,22456053.68,0,0,22456053.68
1,1,J&J,2021-05-31,COVCOPD,0,0,0,0,0,0,0,0,0,0,0,0,0,0,0,0,0,0,0,0,0,0,0,0,0,0,0,0,0,0,0,0,0,0,0,0,0,0,0,0,0,0,0,0,0,0,0,0,0,0,11228026.84,0,0,11228026.84,0,0,11228026.84,0,0,11228026.84,0,0,11228026.84,0,0,11228026.84,0,0,11228026.84,0,0,11228026.84,0,0,11228026.84,0,0,11228026.84,0,0,11228026.84,0,0,11228026.84,0,0,11228026.84,0,0,11228026.84,0,0,11228026.84,0,0,11228026.84,0,0,11228026.84,0,0,11228026.84,0,0,11228026.84,0,0,11228026.84,0,0,11228026.84,0,0,11228026.84,0,0,11228026.84,0,0,11228026.84,0,0,11228026.84,0,0,11228026.84,0,0,11228026.84,0,0,11228026.84,0,0,11228026.84,0,0,11228026.84,0,0,11228026.84,0,0,11228026.84,0,0,11228026.84,0,0,11228026.84,0,0,11228026.84,0,0,11228026.84,0,0,11228026.84,0,0,11228026.84,0,0,11228026.84,0,0,11228026.84,0,0,11228026.84,0,0,11228026.84,0,0,11228026.84,0,0,11228026.84,0,0,11228026.84,0,0,11228026.84,0,0,11228026.84,0,0,11228026.84
1,1,J&J,2021-06-07,COVCOPD,0,0,0,0,0,0,0,0,0,0,0,0,0,0,0,0,0,0,0,0,0,0,0,0,0,0,0,0,0,0,0,0,0,0,0,0,0,0,0,0,0,0,0,0,0,0,0,0,0,0,9624023,0,0,9624023,0,0,9624023,0,0,9624023,0,0,9624023,0,0,9624023,0,0,9624023,0,0,9624023,0,0,9624023,0,0,9624023,0,0,9624023,0,0,9624023,0,0,9624023,0,0,9624023,0,0,9624023,0,0,9624023,0,0,9624023,0,0,9624023,0,0,9624023,0,0,9624023,0,0,9624023,0,0,9624023,0,0,9624023,0,0,9624023,0,0,9624023,0,0,9624023,0,0,9624023,0,0,9624023,0,0,9624023,0,0,9624023,0,0,9624023,0,0,9624023,0,0,9624023,0,0,9624023,0,0,9624023,0,0,9624023,0,0,9624023,0,0,9624023,0,0,9624023,0,0,9624023,0,0,9624023,0,0,9624023,0,0,9624023,0,0,9624023,0,0,9624023,0,0,9624023,0,0,9624023,0,0,9624023
1,1,J&J,2021-06-14,COVCOPD,0,0,0,0,0,0,0,0,0,0,0,0,0,0,0,0,0,0,0,0,0,0,0,0,0,0,0,0,0,0,0,0,0,0,0,0,0,0,0,0,0,0,0,0,0,0,0,0,0,0,9624023,0,0,9624023,0,0,9624023,0,0,9624023,0,0,9624023,0,0,9624023,0,0,9624023,0,0,9624023,0,0,9624023,0,0,9624023,0,0,9624023,0,0,9624023,0,0,9624023,0,0,9624023,0,0,9624023,0,0,9624023,0,0,9624023,0,0,9624023,0,0,9624023,0,0,9624023,0,0,9624023,0,0,9624023,0,0,9624023,0,0,9624023,0,0,9624023,0,0,9624023,0,0,9624023,0,0,9624023,0,0,9624023,0,0,9624023,0,0,9624023,0,0,9624023,0,0,9624023,0,0,9624023,0,0,9624023,0,0,9624023,0,0,9624023,0,0,9624023,0,0,9624023,0,0,9624023,0,0,9624023,0,0,9624023,0,0,9624023,0,0,9624023,0,0,9624023,0,0,9624023,0,0,9624023,0,0,9624023
1,1,J&J,2021-06-21,COVCOPD,0,0,0,0,0,0,0,0,0,0,0,0,0,0,0,0,0,0,0,0,0,0,0,0,0,0,0,0,0,0,0,0,0,0,0,0,0,0,0,0,0,0,0,0,0,0,0,0,0,0,9624023,0,0,9624023,0,0,9624023,0,0,9624023,0,0,9624023,0,0,9624023,0,0,9624023,0,0,9624023,0,0,9624023,0,0,9624023,0,0,9624023,0,0,9624023,0,0,9624023,0,0,9624023,0,0,9624023,0,0,9624023,0,0,9624023,0,0,9624023,0,0,9624023,0,0,9624023,0,0,9624023,0,0,9624023,0,0,9624023,0,0,9624023,0,0,9624023,0,0,9624023,0,0,9624023,0,0,9624023,0,0,9624023,0,0,9624023,0,0,9624023,0,0,9624023,0,0,9624023,0,0,9624023,0,0,9624023,0,0,9624023,0,0,9624023,0,0,9624023,0,0,9624023,0,0,9624023,0,0,9624023,0,0,9624023,0,0,9624023,0,0,9624023,0,0,9624023,0,0,9624023,0,0,9624023,0,0,9624023
1,1,J&J,2021-06-28,COVCOPD,0,0,0,0,0,0,0,0,0,0,0,0,0,0,0,0,0,0,0,0,0,0,0,0,0,0,0,0,0,0,0,0,0,0,0,0,0,0,0,0,0,0,0,0,0,0,0,0,0,0,22456053.68,0,0,22456053.68,0,0,22456053.68,0,0,22456053.68,0,0,22456053.68,0,0,22456053.68,0,0,22456053.68,0,0,22456053.68,0,0,22456053.68,0,0,22456053.68,0,0,22456053.68,0,0,22456053.68,0,0,22456053.68,0,0,22456053.68,0,0,22456053.68,0,0,22456053.68,0,0,22456053.68,0,0,22456053.68,0,0,22456053.68,0,0,22456053.68,0,0,22456053.68,0,0,22456053.68,0,0,22456053.68,0,0,22456053.68,0,0,22456053.68,0,0,22456053.68,0,0,22456053.68,0,0,22456053.68,0,0,22456053.68,0,0,22456053.68,0,0,22456053.68,0,0,22456053.68,0,0,22456053.68,0,0,22456053.68,0,0,22456053.68,0,0,22456053.68,0,0,22456053.68,0,0,22456053.68,0,0,22456053.68,0,0,22456053.68,0,0,22456053.68,0,0,22456053.68,0,0,22456053.68,0,0,22456053.68,0,0,22456053.68,0,0,22456053.68,0,0,22456053.68,0,0,22456053.68
1,1,Moderna,2021-04-26,COVCOPD,0,0,0,0,0,0,0,0,0,0,0,0,0,0,0,0,0,0,0,0,0,0,0,0,0,0,0,0,0,0,0,0,0,0,0,0,0,0,0,0,0,0,0,0,0,0,0,0,0,0,6416015.34,0,0,4812011.5,0,0,4812011.5,0,0,9624023,0,0,6416015.34,0,0,6416015.34,0,0,4812011.5,0,0,4812011.5,0,0,4812011.5,0,0,4812011.5,0,0,4812011.5,0,0,4812011.5,0,0,4812011.5,0,0,4812011.5,0,0,4812011.5,0,0,4812011.5,0,0,4812011.5,0,0,6416015.34,0,0,4812011.5,0,0,4812011.5,0,0,6416015.34,0,0,4812011.5,0,0,4812011.5,0,0,4812011.5,0,0,4812011.5,0,0,4812011.5,0,0,4812011.5,0,0,4812011.5,0,0,4812011.5,0,0,4812011.5,0,0,4812011.5,0,0,4812011.5,0,0,4812011.5,0,0,6416015.34,0,0,6416015.34,0,0,4812011.5,0,0,4812011.5,0,0,4812011.5,0,0,4812011.5,0,0,4812011.5,0,0,19248046.01,0,0,4812011.5,0,0,4812011.5,0,0,4812011.5,0,0,4812011.5,0,0,6416015.34,0,0,6416015.34,0,0,4812011.5
1,1,AstraZeneca,2021-04-12,COVCOPD,0,0,0,0,0,0,0,0,0,0,0,0,0,0,0,0,0,0,0,0,0,0,0,0,0,0,0,0,0,0,0,0,0,0,0,0,0,0,0,0,0,0,0,0,0,0,0,0,0,0,2208792.16,0,0,2495117.08,0,0,2208792.16,0,0,2208792.16,0,0,2208792.16,0,0,2208792.16,0,0,2208792.16,0,0,2495117.08,0,0,2495117.08,0,0,2495117.08,0,0,2208792.16,0,0,2208792.16,0,0,2208792.16,0,0,2208792.16,0,0,2208792.16,0,0,2208792.16,0,0,2208792.16,0,0,2208792.16,0,0,2208792.16,0,0,2208792.16,0,0,2208792.16,0,0,2208792.16,0,0,2208792.16,0,0,2208792.16,0,0,2208792.16,0,0,2208792.16,0,0,2208792.16,0,0,2208792.16,0,0,2208792.16,0,0,2208792.16,0,0,2208792.16,0,0,2208792.16,0,0,2208792.16,0,0,2208792.16,0,0,2208792.16,0,0,2208792.16,0,0,2208792.16,0,0,2208792.16,0,0,2208792.16,0,0,2208792.16,0,0,5182166.23,0,0,2208792.16,0,0,2208792.16,0,0,2208792.16,0,0,2208792.16,0,0,2208792.16,0,0,2208792.16,0,0,2208792.16
1,1,AstraZeneca,2021-04-19,COVCOPD,0,0,0,0,0,0,0,0,0,0,0,0,0,0,0,0,0,0,0,0,0,0,0,0,0,0,0,0,0,0,0,0,0,0,0,0,0,0,0,0,0,0,0,0,0,0,0,0,0,0,1924804.6,0,0,2138671.78,0,0,1924804.6,0,0,1924804.6,0,0,1924804.6,0,0,1924804.6,0,0,1924804.6,0,0,2138671.78,0,0,2138671.78,0,0,2138671.78,0,0,1924804.6,0,0,1924804.6,0,0,1924804.6,0,0,1924804.6,0,0,1924804.6,0,0,1924804.6,0,0,1924804.6,0,0,1924804.6,0,0,1924804.6,0,0,1924804.6,0,0,1924804.6,0,0,1924804.6,0,0,1924804.6,0,0,1924804.6,0,0,1924804.6,0,0,1924804.6,0,0,1924804.6,0,0,1924804.6,0,0,1924804.6,0,0,1924804.6,0,0,1924804.6,0,0,1924804.6,0,0,1924804.6,0,0,1924804.6,0,0,1924804.6,0,0,1924804.6,0,0,1924804.6,0,0,1924804.6,0,0,1924804.6,0,0,1924804.6,0,0,4812011.5,0,0,1924804.6,0,0,1924804.6,0,0,1924804.6,0,0,1924804.6,0,0,1924804.6,0,0,1924804.6,0,0,1924804.6
1,1,AstraZeneca,2021-04-26,COVCOPD,0,0,0,0,0,0,0,0,0,0,0,0,0,0,0,0,0,0,0,0,0,0,0,0,0,0,0,0,0,0,0,0,0,0,0,0,0,0,0,0,0,0,0,0,0,0,0,0,0,0,1820761.11,0,0,2010989.88,0,0,1820761.11,0,0,1820761.11,0,0,1820761.11,0,0,1820761.11,0,0,1820761.11,0,0,2010989.88,0,0,2010989.88,0,0,2010989.88,0,0,1820761.11,0,0,1820761.11,0,0,1820761.11,0,0,1820761.11,0,0,1820761.11,0,0,1820761.11,0,0,1820761.11,0,0,1820761.11,0,0,1820761.11,0,0,1820761.11,0,0,1820761.11,0,0,1820761.11,0,0,1820761.11,0,0,1820761.11,0,0,1820761.11,0,0,1820761.11,0,0,1820761.11,0,0,1820761.11,0,0,1820761.11,0,0,1820761.11,0,0,1820761.11,0,0,1820761.11,0,0,1820761.11,0,0,1820761.11,0,0,1820761.11,0,0,1820761.11,0,0,1820761.11,0,0,1820761.11,0,0,1820761.11,0,0,1820761.11,0,0,4812011.5,0,0,1820761.11,0,0,1820761.11,0,0,1820761.11,0,0,1820761.11,0,0,1820761.11,0,0,1820761.11,0,0,1820761.11
1,1,AstraZeneca,2021-05-03,COVCOPD,0,0,0,0,0,0,0,0,0,0,0,0,0,0,0,0,0,0,0,0,0,0,0,0,0,0,0,0,0,0,0,0,0,0,0,0,0,0,0,0,0,0,0,0,0,0,0,0,0,0,1604003.83,0,0,1749822.36,0,0,1604003.83,0,0,1604003.83,0,0,1604003.83,0,0,1604003.83,0,0,1604003.83,0,0,1749822.36,0,0,1749822.36,0,0,1749822.36,0,0,1604003.83,0,0,1604003.83,0,0,1604003.83,0,0,1604003.83,0,0,1604003.83,0,0,1604003.83,0,0,1604003.83,0,0,1604003.83,0,0,1604003.83,0,0,1604003.83,0,0,1604003.83,0,0,1604003.83,0,0,1604003.83,0,0,1604003.83,0,0,1604003.83,0,0,1604003.83,0,0,1604003.83,0,0,1604003.83,0,0,1604003.83,0,0,1604003.83,0,0,1604003.83,0,0,1604003.83,0,0,1604003.83,0,0,1604003.83,0,0,1604003.83,0,0,1604003.83,0,0,1604003.83,0,0,1604003.83,0,0,1604003.83,0,0,1604003.83,0,0,4812011.5,0,0,1604003.83,0,0,1604003.83,0,0,1604003.83,0,0,1604003.83,0,0,1604003.83,0,0,1604003.83,0,0,1604003.83
1,1,AstraZeneca,2021-05-10,COVCOPD,0,0,0,0,0,0,0,0,0,0,0,0,0,0,0,0,0,0,0,0,0,0,0,0,0,0,0,0,0,0,0,0,0,0,0,0,0,1,0,0,0,0,0,0,0,0,0,0,0,0,1418277.07,0,0,1531094.57,0,0,1418277.07,0,0,1418277.07,0,0,1418277.07,0,0,1418277.07,0,0,1418277.07,0,0,1531094.57,0,0,1531094.57,0,0,1531094.57,0,0,1418277.07,0,0,1418277.07,0,0,1418277.07,0,0,1418277.07,0,0,1418277.07,0,0,1418277.07,0,0,1418277.07,0,0,1418277.07,0,0,1418277.07,0,0,1418277.07,0,0,1418277.07,0,0,1418277.07,0,0,1418277.07,0,0,1418277.07,0,0,1418277.07,0,0,1418277.07,0,0,1418277.07,0,0,1418277.07,0,0,1418277.07,0,0,1418277.07,0,0,1418277.07,0,0,1418277.07,0,0,1418277.07,0,0,1418277.07,0,0,1418277.07,0,0,1418277.07,0,0,1418277.07,0,0,1418277.07,0,0,1418277.07,0,0,1418277.07,1074264.71,27198.03,5985419.85,0,0,1418277.07,0,0,1418277.07,0,0,1418277.07,0,0,1418277.07,0,0,1418277.07,0,0,1418277.07,0,0,1418277.07
1,1,AstraZeneca,2021-05-17,COVCOPD,0,0,0,0,0,0,0,0,0,0,0,0,0,0,0,0,0,0,0,0,0,0,0,0,0,0,0,0,0,0,0,0,0,0,0,0,0,0,0,0,0,0,0,0,0,0,0,0,0,0,1295541.56,0,0,1389034.25,0,0,1295541.56,0,0,1295541.56,0,0,1295541.56,0,0,1295541.56,0,0,1295541.56,0,0,1389034.25,0,0,1389034.25,0,0,1389034.25,0,0,1295541.56,0,0,1295541.56,0,0,1295541.56,0,0,1295541.56,0,0,1295541.56,0,0,1295541.56,0,0,1295541.56,0,0,1295541.56,0,0,1295541.56,0,0,1295541.56,0,0,1295541.56,0,0,1295541.56,0,0,1295541.56,0,0,1295541.56,0,0,1295541.56,0,0,1295541.56,0,0,1295541.56,0,0,1295541.56,0,0,1295541.56,0,0,1295541.56,0,0,1295541.56,0,0,1295541.56,0,0,1295541.56,0,0,1295541.56,0,0,1295541.56,0,0,1295541.56,0,0,1295541.56,0,0,1295541.56,0,0,1295541.56,0,0,1295541.56,0,0,3962833,0,0,1295541.56,0,0,1295541.56,0,0,1295541.56,0,0,1295541.56,0,0,1295541.56,0,0,1295541.56,0,0,1295541.56
1,1,AstraZeneca,2021-05-24,COVCOPD,0,0,0,0,0,0,0,0,0,0,0,0,0,0,0,0,0,0,0,0,0,0,0,0,0,0,0,0,0,0,0,0,0,0,0,0,0,0,0,0,0,0,0,0,0,0,0,0,0,0,1271097.38,0,0,1360972.95,0,0,1271097.38,0,0,1271097.38,0,0,1271097.38,0,0,1271097.38,0,0,1271097.38,0,0,1360972.95,0,0,1360972.95,0,0,1360972.95,0,0,1271097.38,0,0,1271097.38,0,0,1271097.38,0,0,1271097.38,0,0,1271097.38,0,0,1271097.38,0,0,1271097.38,0,0,1271097.38,0,0,1271097.38,0,0,1271097.38,0,0,1271097.38,0,0,1271097.38,0,0,1271097.38,0,0,1271097.38,0,0,1271097.38,0,0,1271097.38,0,0,1271097.38,0,0,1271097.38,0,0,1271097.38,0,0,1271097.38,0,0,1271097.38,0,0,1271097.38,0,0,1271097.38,0,0,1271097.38,0,0,1271097.38,0,0,1271097.38,0,0,1271097.38,0,0,1271097.38,0,0,1271097.38,0,0,1271097.38,0,0,3742675.61,0,0,1271097.38,0,0,1271097.38,0,0,1271097.38,0,0,1271097.38,0,0,1271097.38,0,0,1271097.38,0,0,1271097.38
1,1,AstraZeneca,2021-05-31,COVCOPD,0,0,0,0,0,0,0,0,0,0,0,0,0,0,0,0,0,0,0,0,0,0,0,0,0,0,0,0,0,0,0,0,0,0,0,0,0,0,0,0,0,0,0,0,0,0,0,0,0,0,1203002.88,0,0,1283203.07,0,0,1203002.88,0,0,1203002.88,0,0,1203002.88,0,0,1203002.88,0,0,1203002.88,0,0,1283203.07,0,0,1283203.07,0,0,1283203.07,0,0,1203002.88,0,0,1203002.88,0,0,1203002.88,0,0,1203002.88,0,0,1203002.88,0,0,1203002.88,0,0,1203002.88,0,0,1203002.88,0,0,1203002.88,0,0,1203002.88,0,0,1203002.88,0,0,1203002.88,0,0,1203002.88,0,0,1203002.88,0,0,1203002.88,0,0,1203002.88,0,0,1203002.88,0,0,1203002.88,0,0,1203002.88,0,0,1203002.88,0,0,1203002.88,0,0,1203002.88,0,0,1203002.88,0,0,1203002.88,0,0,1203002.88,0,0,1203002.88,0,0,1203002.88,0,0,1203002.88,0,0,1203002.88,0,0,1203002.88,0,0,3208007.67,0,0,1203002.88,0,0,1203002.88,0,0,1203002.88,0,0,1203002.88,0,0,1203002.88,0,0,1203002.88,0,0,1203002.88
1,1,AstraZeneca,2021-06-07,COVCOPD,0,0,0,0,0,0,0,0,0,0,0,0,0,0,0,0,0,0,0,0,0,0,0,0,0,0,0,0,0,0,0,0,0,0,0,0,0,0,0,0,0,0,0,0,0,0,0,0,0,0,1203002.88,0,0,1283203.07,0,0,1203002.88,0,0,1203002.88,0,0,1203002.88,0,0,1203002.88,0,0,1203002.88,0,0,1283203.07,0,0,1283203.07,0,0,1283203.07,0,0,1203002.88,0,0,1203002.88,0,0,1203002.88,0,0,1203002.88,0,0,1203002.88,0,0,1203002.88,0,0,1203002.88,0,0,1203002.88,0,0,1203002.88,0,0,1203002.88,0,0,1203002.88,0,0,1203002.88,0,0,1203002.88,0,0,1203002.88,0,0,1203002.88,0,0,1203002.88,0,0,1203002.88,0,0,1203002.88,0,0,1203002.88,0,0,1203002.88,0,0,1203002.88,0,0,1203002.88,0,0,1203002.88,0,0,1203002.88,0,0,1203002.88,0,0,1203002.88,0,0,1203002.88,0,0,1203002.88,0,0,1203002.88,0,0,1203002.88,0,0,3208007.67,0,0,1203002.88,0,0,1203002.88,0,0,1203002.88,0,0,1203002.88,0,0,1203002.88,0,0,1203002.88,0,0,1203002.88
1,1,AstraZeneca,2021-06-14,COVCOPD,0,0,0,0,0,0,0,0,0,0,0,0,0,0,0,0,0,0,0,0,0,0,0,0,0,0,0,0,0,0,0,0,0,0,0,0,0,0,0,0,0,0,0,0,0,0,0,0,0,0,1334022.99,0,0,1433365.13,0,0,1334022.99,0,0,1334022.99,0,0,1334022.99,0,0,1334022.99,0,0,1334022.99,0,0,1360972.95,0,0,1360972.95,0,0,1360972.95,0,0,1334022.99,0,0,1334022.99,0,0,1334022.99,0,0,1334022.99,0,0,1334022.99,0,0,1334022.99,0,0,1334022.99,0,0,1334022.99,0,0,1334022.99,0,0,1334022.99,0,0,1334022.99,0,0,1334022.99,0,0,1334022.99,0,0,1334022.99,0,0,1334022.99,0,0,1334022.99,0,0,1334022.99,0,0,1334022.99,0,0,1334022.99,0,0,1334022.99,0,0,1334022.99,0,0,1334022.99,0,0,1334022.99,0,0,1334022.99,0,0,1334022.99,0,0,1334022.99,0,0,1334022.99,0,0,1334022.99,0,0,1334022.99,0,0,1334022.99,0,0,3286251.76,0,0,1334022.99,0,0,1334022.99,0,0,1334022.99,0,0,1334022.99,0,0,1334022.99,0,0,1334022.99,0,0,1334022.99
1,1,AstraZeneca,2021-06-21,COVCOPD,0,0,0,0,0,0,0,0,0,0,0,0,0,0,0,0,0,0,0,0,0,0,0,0,0,0,0,0,0,0,0,0,0,0,0,0,0,0,0,0,0,0,0,0,0,0,0,0,0,0,1684204.03,0,0,1727388.74,0,0,1684204.03,0,0,1684204.03,0,0,1684204.03,0,0,1684204.03,0,0,1684204.03,0,0,1684204.03,0,0,1684204.03,0,0,1684204.03,0,0,1684204.03,0,0,1684204.03,0,0,1684204.03,0,0,1684204.03,0,0,1684204.03,0,0,1684204.03,0,0,1684204.03,0,0,1684204.03,0,0,1684204.03,0,0,1684204.03,0,0,1684204.03,0,0,1684204.03,0,0,1684204.03,0,0,1684204.03,0,0,1684204.03,0,0,1684204.03,0,0,1684204.03,0,0,1684204.03,0,0,1684204.03,0,0,1684204.03,0,0,1684204.03,0,0,1684204.03,0,0,1684204.03,0,0,1684204.03,0,0,1684204.03,0,0,1684204.03,0,0,1684204.03,0,0,1684204.03,0,0,1684204.03,0,0,1684204.03,0,0,4646080.07,0,0,1684204.03,0,0,1684204.03,0,0,1684204.03,0,0,1684204.03,0,0,1684204.03,0,0,1684204.03,0,0,1684204.03
1,1,AstraZeneca,2021-06-28,COVCOPD,0,0,0,0,0,0,0,0,0,0,0,0,0,0,0,0,0,0,0,0,0,0,0,0,0,0,0,0,0,0,0,0,0,0,0,0,0,0,0,0,0,0,0,0,0,0,0,0,0,0,4210510.06,0,0,4210510.06,0,0,4210510.06,0,0,4210510.06,0,0,4210510.06,0,0,4210510.06,0,0,4210510.06,0,0,4210510.06,0,0,4210510.06,0,0,4210510.06,0,0,4210510.06,0,0,4210510.06,0,0,4210510.06,0,0,4210510.06,0,0,4210510.06,0,0,4210510.06,0,0,4210510.06,0,0,4210510.06,0,0,4210510.06,0,0,4210510.06,0,0,4210510.06,0,0,4210510.06,0,0,4210510.06,0,0,4210510.06,0,0,4210510.06,0,0,4210510.06,0,0,4210510.06,0,0,4210510.06,0,0,4210510.06,0,0,4210510.06,0,0,4210510.06,0,0,4210510.06,0,0,4210510.06,0,0,4210510.06,0,0,4210510.06,0,0,4210510.06,0,0,4210510.06,0,0,4210510.06,0,0,4210510.06,0,0,4210510.06,0,0,11228026.84,0,0,4210510.06,0,0,4210510.06,0,0,4210510.06,0,0,4210510.06,0,0,4210510.06,0,0,4210510.06,0,0,4210510.06
1,2,Moderna,2021-04-19,COVCOPD,0,0,0,0,0,0,0,0,0,0,0,0,0,0,0,0,0,0,0,0,0,0,0,0,0,0,0,0,0,0,0,0,0,0,0,0,0,0,0,0,0,0,0,0,0,0,0,0,0,0,14970702.45,0,0,67368161.03,0,0,14970702.45,0,0,14970702.45,0,0,67368161.03,0,0,67368161.03,0,0,14970702.45,0,0,14970702.45,,,0,,,0,0,0,14970702.45,0,0,14970702.45,0,0,14970702.45,0,0,14970702.45,0,0,14970702.45,0,0,14970702.45,0,0,14970702.45,0,0,14970702.45,0,0,14970702.45,0,0,14970702.45,0,0,14970702.45,0,0,14970702.45,0,0,14970702.45,0,0,14970702.45,0,0,14970702.45,0,0,14970702.45,0,0,14970702.45,0,0,14970702.45,0,0,14970702.45,0,0,14970702.45,0,0,14970702.45,0,0,14970702.45,0,0,14970702.45,0,0,14970702.45,0,0,14970702.45,0,0,14970702.45,0,0,14970702.45,0,0,14970702.45,0,0,14970702.45,0,0,14970702.45,,,0,0,0,14970702.45,0,0,14970702.45,0,0,14970702.45,0,0,14970702.45,0,0,14970702.45,0,0,14970702.45,0,0,14970702.45
1,2,Pfizer,2021-01-25,COVCOPD,0,0,0,0,0,0,0,0,0,0,0,0,0,0,0,0,0,0,0,0,0,0,0,0,0,0,0,0,0,0,0,0,0,0,0,0,0,0,0,0,0,0,0,0,0,0,0,0,0,0,16842040.26,0,0,16842040.26,0,0,16842040.26,0,0,16842040.26,0,0,16842040.26,0,0,44912107.35,0,0,16842040.26,0,0,16842040.26,0,0,16842040.26,0,0,16842040.26,0,0,16842040.26,0,0,16842040.26,0,0,16842040.26,0,0,16842040.26,0,0,16842040.26,0,0,16842040.26,0,0,16842040.26,0,0,16842040.26,0,0,16842040.26,0,0,16842040.26,0,0,16842040.26,0,0,16842040.26,0,0,16842040.26,0,0,16842040.26,0,0,16842040.26,0,0,16842040.26,0,0,16842040.26,0,0,16842040.26,0,0,16842040.26,0,0,16842040.26,0,0,16842040.26,0,0,16842040.26,0,0,16842040.26,0,0,16842040.26,0,0,16842040.26,0,0,16842040.26,0,0,16842040.26,0,0,16842040.26,0,0,16842040.26,0,0,16842040.26,0,0,44912107.35,0,0,16842040.26,0,0,16842040.26,0,0,16842040.26,0,0,16842040.26,0,0,16842040.26,0,0,16842040.26,0,0,16842040.26
1,1,AstraZeneca,2021-03-22,COVCOPD,0,0,0,0,0,0,0,0,0,0,0,0,0,0,0,0,0,0,0,0,0,0,0,0,0,0,0,0,0,0,0,0,0,0,0,0,0,0,0,0,0,0,0,0,0,0,0,0,0,0,13473632.21,0,0,13473632.21,0,0,13473632.21,0,0,13473632.21,0,0,13473632.21,0,0,13473632.21,0,0,13473632.21,0,0,33684080.52,0,0,33684080.52,0,0,33684080.52,0,0,13473632.21,0,0,13473632.21,0,0,13473632.21,0,0,13473632.21,0,0,13473632.21,0,0,13473632.21,0,0,13473632.21,0,0,13473632.21,0,0,13473632.21,0,0,13473632.21,0,0,13473632.21,0,0,13473632.21,0,0,13473632.21,0,0,13473632.21,0,0,13473632.21,0,0,13473632.21,0,0,13473632.21,0,0,13473632.21,0,0,13473632.21,0,0,13473632.21,0,0,13473632.21,0,0,13473632.21,0,0,13473632.21,0,0,13473632.21,0,0,13473632.21,0,0,13473632.21,0,0,13473632.21,0,0,13473632.21,0,0,13473632.21,0,0,13473632.21,0,0,67368161.03,0,0,13473632.21,0,0,13473632.21,0,0,13473632.21,0,0,13473632.21,0,0,13473632.21,0,0,13473632.21,0,0,13473632.21
1,1,AstraZeneca,2021-03-29,COVCOPD,0,0,0,0,0,0,0,0,0,0,0,0,0,0,0,0,0,0,0,0,0,0,0,0,0,0,0,0,0,0,0,0,0,0,0,0,0,0,0,0,0,0,0,0,0,0,0,0,0,0,4210510.06,0,0,4210510.06,0,0,4210510.06,0,0,4210510.06,0,0,4210510.06,0,0,4210510.06,0,0,4210510.06,0,0,5389452.88,0,0,5389452.88,0,0,5389452.88,0,0,4210510.06,0,0,4210510.06,0,0,4210510.06,0,0,4210510.06,0,0,4210510.06,0,0,4210510.06,0,0,4210510.06,0,0,4210510.06,0,0,4210510.06,0,0,4210510.06,0,0,4210510.06,0,0,4210510.06,0,0,4210510.06,0,0,4210510.06,0,0,4210510.06,0,0,4210510.06,0,0,4210510.06,0,0,4210510.06,0,0,4210510.06,0,0,4210510.06,0,0,4210510.06,0,0,4210510.06,0,0,4210510.06,0,0,4210510.06,0,0,4210510.06,0,0,4210510.06,0,0,4210510.06,0,0,4210510.06,0,0,4210510.06,0,0,4210510.06,0,0,12248756.55,0,0,4210510.06,0,0,4210510.06,0,0,4210510.06,0,0,4210510.06,0,0,4210510.06,0,0,4210510.06,0,0,4210510.06
1,1,AstraZeneca,2021-04-05,COVCOPD,0,1,0,0,0,0,0,0,0,0,0,0,0,0,0,0,0,0,0,0,0,0,0,0,0,0,0,0,0,0,0,0,0,0,0,0,0,0,0,0,0,0,0,0,0,0,0,0,0,0,2641888.67,760937.5,19265.27,4239672.39,0,0,2641888.67,0,0,2641888.67,0,0,2641888.67,0,0,2641888.67,0,0,2641888.67,0,0,3062189.14,0,0,3062189.14,0,0,3062189.14,0,0,2641888.67,0,0,2641888.67,0,0,2641888.67,0,0,2641888.67,0,0,2641888.67,0,0,2641888.67,0,0,2641888.67,0,0,2641888.67,0,0,2641888.67,0,0,2641888.67,0,0,2641888.67,0,0,2641888.67,0,0,2641888.67,0,0,2641888.67,0,0,2641888.67,0,0,2641888.67,0,0,2641888.67,0,0,2641888.67,0,0,2641888.67,0,0,2641888.67,0,0,2641888.67,0,0,2641888.67,0,0,2641888.67,0,0,2641888.67,0,0,2641888.67,0,0,2641888.67,0,0,2641888.67,0,0,2641888.67,0,0,2641888.67,0,0,2641888.67,0,0,8421020.13,0,0,2641888.67,0,0,2641888.67,0,0,2641888.67,0,0,2641888.67,0,0,2641888.67,0,0,2641888.67,0,0,2641888.67
1,1,Moderna,2021-03-22,COVCOPD,0,0,0,0,0,0,0,0,0,0,0,0,0,0,0,0,0,0,0,0,0,0,0,0,0,0,0,0,0,0,0,0,0,0,0,0,0,0,0,0,0,0,0,0,0,0,0,0,0,0,16842040.26,0,0,134736322.06,0,0,16842040.26,0,0,16842040.26,0,0,134736322.06,0,0,134736322.06,0,0,16842040.26,0,0,16842040.26,0,0,134736322.06,0,0,134736322.06,0,0,16842040.26,0,0,16842040.26,0,0,16842040.26,0,0,16842040.26,0,0,16842040.26,0,0,16842040.26,0,0,16842040.26,0,0,16842040.26,0,0,16842040.26,0,0,16842040.26,0,0,16842040.26,0,0,16842040.26,0,0,16842040.26,0,0,16842040.26,0,0,16842040.26,0,0,16842040.26,0,0,16842040.26,0,0,16842040.26,0,0,16842040.26,0,0,16842040.26,0,0,16842040.26,0,0,16842040.26,0,0,16842040.26,0,0,16842040.26,0,0,16842040.26,0,0,16842040.26,0,0,16842040.26,0,0,16842040.26,0,0,16842040.26,0,0,16842040.26,0,0,134736322.06,0,0,16842040.26,0,0,16842040.26,0,0,16842040.26,0,0,16842040.26,0,0,16842040.26,0,0,16842040.26,0,0,16842040.26
1,1,Moderna,2021-03-01,COVCOPD,0,0,0,0,0,0,0,0,0,0,0,0,0,0,0,0,0,0,0,0,0,0,0,0,0,0,0,0,0,0,0,0,0,0,0,0,0,0,0,0,0,0,0,0,0,0,0,0,0,0,44912107.35,,,0,0,0,44912107.35,0,0,44912107.35,,,0,,,0,0,0,44912107.35,0,0,44912107.35,,,0,,,0,0,0,44912107.35,0,0,44912107.35,0,0,44912107.35,0,0,44912107.35,0,0,44912107.35,0,0,44912107.35,0,0,44912107.35,0,0,44912107.35,0,0,44912107.35,0,0,44912107.35,0,0,44912107.35,0,0,44912107.35,0,0,44912107.35,0,0,44912107.35,0,0,44912107.35,0,0,44912107.35,0,0,44912107.35,0,0,44912107.35,0,0,44912107.35,0,0,44912107.35,0,0,44912107.35,0,0,44912107.35,0,0,44912107.35,0,0,44912107.35,0,0,44912107.35,0,0,44912107.35,0,0,44912107.35,0,0,44912107.35,0,0,44912107.35,0,0,44912107.35,,,0,0,0,44912107.35,0,0,44912107.35,0,0,44912107.35,0,0,44912107.35,0,0,44912107.35,0,0,44912107.35,0,0,44912107.35
1,1,Moderna,2021-03-08,COVCOPD,0,0,0,0,0,0,0,0,0,0,0,0,0,0,0,0,0,0,0,0,0,0,0,0,0,0,0,0,0,0,0,0,0,0,0,0,0,0,0,0,0,0,0,0,0,0,0,0,0,0,19248046.01,,,0,0,0,19248046.01,0,0,19248046.01,,,0,,,0,0,0,19248046.01,0,0,19248046.01,,,0,,,0,0,0,19248046.01,0,0,19248046.01,0,0,19248046.01,0,0,19248046.01,0,0,19248046.01,0,0,19248046.01,0,0,19248046.01,0,0,19248046.01,0,0,19248046.01,0,0,19248046.01,0,0,19248046.01,0,0,19248046.01,0,0,19248046.01,0,0,19248046.01,0,0,19248046.01,0,0,19248046.01,0,0,19248046.01,0,0,19248046.01,0,0,19248046.01,0,0,19248046.01,0,0,19248046.01,0,0,19248046.01,0,0,19248046.01,0,0,19248046.01,0,0,19248046.01,0,0,19248046.01,0,0,19248046.01,0,0,19248046.01,0,0,19248046.01,0,0,19248046.01,,,0,0,0,19248046.01,0,0,19248046.01,0,0,19248046.01,0,0,19248046.01,0,0,19248046.01,0,0,19248046.01,0,0,19248046.01
1,1,Moderna,2021-03-15,COVCOPD,0,0,0,0,0,0,0,0,0,0,0,0,0,0,0,0,0,0,0,0,0,0,0,0,0,0,0,0,0,0,0,0,0,0,0,0,0,0,0,0,0,0,0,0,0,0,0,0,0,0,19248046.01,,,0,0,0,19248046.01,0,0,19248046.01,,,0,,,0,0,0,19248046.01,0,0,19248046.01,,,0,,,0,0,0,19248046.01,0,0,19248046.01,0,0,19248046.01,0,0,19248046.01,0,0,19248046.01,0,0,19248046.01,0,0,19248046.01,0,0,19248046.01,0,0,19248046.01,0,0,19248046.01,0,0,19248046.01,0,0,19248046.01,0,0,19248046.01,0,0,19248046.01,0,0,19248046.01,0,0,19248046.01,0,0,19248046.01,0,0,19248046.01,0,0,19248046.01,0,0,19248046.01,0,0,19248046.01,0,0,19248046.01,0,0,19248046.01,0,0,19248046.01,0,0,19248046.01,0,0,19248046.01,0,0,19248046.01,0,0,19248046.01,0,0,19248046.01,0,0,19248046.01,,,0,0,0,19248046.01,0,0,19248046.01,0,0,19248046.01,0,0,19248046.01,0,0,19248046.01,0,0,19248046.01,0,0,19248046.01
1,2,AstraZeneca,2021-06-14,COVCOPD,0,0,0,0,0,0,0,0,0,0,0,0,0,0,0,0,0,0,0,0,0,0,0,0,0,0,0,0,0,0,0,0,0,0,0,0,0,0,0,0,0,0,0,0,0,0,0,0,0,0,12248756.55,0,0,12248756.55,0,0,12248756.55,0,0,12248756.55,0,0,12248756.55,0,0,12248756.55,0,0,12248756.55,0,0,22456053.68,0,0,22456053.68,0,0,22456053.68,0,0,12248756.55,0,0,12248756.55,0,0,12248756.55,0,0,12248756.55,0,0,12248756.55,0,0,12248756.55,0,0,12248756.55,0,0,12248756.55,0,0,12248756.55,0,0,12248756.55,0,0,12248756.55,0,0,12248756.55,0,0,12248756.55,0,0,12248756.55,0,0,12248756.55,0,0,12248756.55,0,0,12248756.55,0,0,12248756.55,0,0,12248756.55,0,0,12248756.55,0,0,12248756.55,0,0,12248756.55,0,0,12248756.55,0,0,12248756.55,0,0,12248756.55,0,0,12248756.55,0,0,12248756.55,0,0,12248756.55,0,0,12248756.55,0,0,12248756.55,0,0,134736322.06,0,0,12248756.55,0,0,12248756.55,0,0,12248756.55,0,0,12248756.55,0,0,12248756.55,0,0,12248756.55,0,0,12248756.55
1,2,AstraZeneca,2021-06-21,COVCOPD,0,0,0,0,0,0,0,0,0,0,0,0,0,0,0,0,0,0,0,0,0,0,0,0,0,0,0,0,0,0,0,0,0,0,0,0,0,0,0,0,0,0,0,0,0,0,0,0,0,0,4210510.06,0,0,4990234.15,0,0,4210510.06,0,0,4210510.06,0,0,4210510.06,0,0,4210510.06,0,0,4210510.06,0,0,5389452.88,0,0,5389452.88,0,0,5389452.88,0,0,4210510.06,0,0,4210510.06,0,0,4210510.06,0,0,4210510.06,0,0,4210510.06,0,0,4210510.06,0,0,4210510.06,0,0,4210510.06,0,0,4210510.06,0,0,4210510.06,0,0,4210510.06,0,0,4210510.06,0,0,4210510.06,0,0,4210510.06,0,0,4210510.06,0,0,4210510.06,0,0,4210510.06,0,0,4210510.06,0,0,4210510.06,0,0,4210510.06,0,0,4210510.06,0,0,4210510.06,0,0,4210510.06,0,0,4210510.06,0,0,4210510.06,0,0,4210510.06,0,0,4210510.06,0,0,4210510.06,0,0,4210510.06,0,0,4210510.06,0,0,10364332.47,0,0,4210510.06,0,0,4210510.06,0,0,4210510.06,0,0,4210510.06,0,0,4210510.06,0,0,4210510.06,0,0,4210510.06
1,2,AstraZeneca,2021-06-28,COVCOPD,0,0,0,0,0,0,0,0,0,0,0,0,0,0,0,0,0,0,0,0,0,0,0,0,0,0,0,0,0,0,0,0,0,0,0,0,0,0,0,0,0,0,0,0,0,0,0,0,0,0,8982421.47,0,0,11228026.84,0,0,8982421.47,0,0,8982421.47,0,0,8982421.47,0,0,8982421.47,0,0,8982421.47,0,0,11228026.84,0,0,11228026.84,0,0,11228026.84,0,0,8982421.47,0,0,8982421.47,0,0,8982421.47,0,0,8982421.47,0,0,8982421.47,0,0,8982421.47,0,0,8982421.47,0,0,8982421.47,0,0,8982421.47,0,0,8982421.47,0,0,8982421.47,0,0,8982421.47,0,0,8982421.47,0,0,8982421.47,0,0,8982421.47,0,0,8982421.47,0,0,8982421.47,0,0,8982421.47,0,0,8982421.47,0,0,8982421.47,0,0,8982421.47,0,0,8982421.47,0,0,8982421.47,0,0,8982421.47,0,0,8982421.47,0,0,8982421.47,0,0,8982421.47,0,0,8982421.47,0,0,8982421.47,0,0,8982421.47,0,0,22456053.68,0,0,8982421.47,0,0,8982421.47,0,0,8982421.47,0,0,8982421.47,0,0,8982421.47,0,0,8982421.47,0,0,8982421.47
1,2,Moderna,2021-03-29,COVCOPD,0,0,0,0,0,0,0,0,0,0,0,0,0,0,0,0,0,0,0,0,0,0,0,0,0,0,0,0,0,0,0,0,0,0,0,0,0,0,0,0,0,0,0,0,0,0,0,0,0,0,44912107.35,,,0,0,0,44912107.35,0,0,44912107.35,,,0,,,0,0,0,44912107.35,0,0,44912107.35,,,0,,,0,0,0,44912107.35,0,0,44912107.35,0,0,44912107.35,0,0,44912107.35,0,0,44912107.35,0,0,44912107.35,0,0,44912107.35,0,0,44912107.35,0,0,44912107.35,0,0,44912107.35,0,0,44912107.35,0,0,44912107.35,0,0,44912107.35,0,0,44912107.35,0,0,44912107.35,0,0,44912107.35,0,0,44912107.35,0,0,44912107.35,0,0,44912107.35,0,0,44912107.35,0,0,44912107.35,0,0,44912107.35,0,0,44912107.35,0,0,44912107.35,0,0,44912107.35,0,0,44912107.35,0,0,44912107.35,0,0,44912107.35,0,0,44912107.35,0,0,44912107.35,,,0,0,0,44912107.35,0,0,44912107.35,0,0,44912107.35,0,0,44912107.35,0,0,44912107.35,0,0,44912107.35,0,0,44912107.35
1,2,Moderna,2021-04-05,COVCOPD,0,0,0,0,0,0,0,0,0,0,0,0,0,0,0,0,0,0,0,0,0,0,0,0,0,0,0,0,0,0,0,0,0,0,0,0,0,0,0,0,0,0,0,0,0,0,0,0,0,0,19248046.01,,,0,0,0,19248046.01,0,0,19248046.01,,,0,,,0,0,0,19248046.01,0,0,19248046.01,,,0,,,0,0,0,19248046.01,0,0,19248046.01,0,0,19248046.01,0,0,19248046.01,0,0,19248046.01,0,0,19248046.01,0,0,19248046.01,0,0,19248046.01,0,0,19248046.01,0,0,19248046.01,0,0,19248046.01,0,0,19248046.01,0,0,19248046.01,0,0,19248046.01,0,0,19248046.01,0,0,19248046.01,0,0,19248046.01,0,0,19248046.01,0,0,19248046.01,0,0,19248046.01,0,0,19248046.01,0,0,19248046.01,0,0,19248046.01,0,0,19248046.01,0,0,19248046.01,0,0,19248046.01,0,0,19248046.01,0,0,19248046.01,0,0,19248046.01,0,0,19248046.01,,,0,0,0,19248046.01,0,0,19248046.01,0,0,19248046.01,0,0,19248046.01,0,0,19248046.01,0,0,19248046.01,0,0,19248046.01
1,2,Moderna,2021-04-12,COVCOPD,0,0,0,0,0,0,0,0,0,0,0,0,0,0,0,0,0,0,0,0,0,0,0,0,0,0,0,0,0,0,0,0,0,0,0,0,0,0,0,0,0,0,0,0,0,0,0,0,0,0,19248046.01,,,0,0,0,19248046.01,0,0,19248046.01,,,0,,,0,0,0,19248046.01,0,0,19248046.01,,,0,,,0,0,0,19248046.01,0,0,19248046.01,0,0,19248046.01,0,0,19248046.01,0,0,19248046.01,0,0,19248046.01,0,0,19248046.01,0,0,19248046.01,0,0,19248046.01,0,0,19248046.01,0,0,19248046.01,0,0,19248046.01,0,0,19248046.01,0,0,19248046.01,0,0,19248046.01,0,0,19248046.01,0,0,19248046.01,0,0,19248046.01,0,0,19248046.01,0,0,19248046.01,0,0,19248046.01,0,0,19248046.01,0,0,19248046.01,0,0,19248046.01,0,0,19248046.01,0,0,19248046.01,0,0,19248046.01,0,0,19248046.01,0,0,19248046.01,0,0,19248046.01,,,0,0,0,19248046.01,0,0,19248046.01,0,0,19248046.01,0,0,19248046.01,0,0,19248046.01,0,0,19248046.01,0,0,19248046.01
1,1,Pfizer,2021-03-01,COVCOPD,0,0,0,0,0,0,0,0,0,0,0,0,0,0,0,0,0,0,0,0,0,0,0,0,0,0,0,0,0,0,0,0,0,0,0,0,0,0,0,0,0,0,0,0,0,0,0,0,0,0,22456053.68,0,0,22456053.68,0,0,22456053.68,0,0,44912107.35,0,0,22456053.68,0,0,22456053.68,0,0,22456053.68,0,0,22456053.68,0,0,22456053.68,0,0,22456053.68,0,0,22456053.68,0,0,22456053.68,0,0,22456053.68,0,0,22456053.68,0,0,22456053.68,0,0,22456053.68,0,0,22456053.68,0,0,22456053.68,0,0,22456053.68,0,0,22456053.68,0,0,22456053.68,0,0,22456053.68,0,0,22456053.68,0,0,22456053.68,0,0,22456053.68,0,0,22456053.68,0,0,22456053.68,0,0,22456053.68,0,0,22456053.68,0,0,22456053.68,0,0,22456053.68,0,0,22456053.68,0,0,22456053.68,0,0,22456053.68,0,0,22456053.68,0,0,22456053.68,0,0,22456053.68,0,0,22456053.68,0,0,22456053.68,0,0,22456053.68,,,0,0,0,22456053.68,0,0,22456053.68,0,0,22456053.68,0,0,22456053.68,0,0,22456053.68,0,0,22456053.68,0,0,22456053.68
0,0,0,2020-01-06,COVHIV,0,0,0,0,0,0,0,0,0,0,0,0,0,0,0,0,0,0,0,0,0,0,0,0,0,0,0,0,0,0,0,0,0,0,0,0,0,0,0,0,0,0,0,0,0,0,0,0,0,0,4812011.5,0,0,4812011.5,0,0,4812011.5,0,0,4812011.5,0,0,4812011.5,0,0,4812011.5,0,0,4812011.5,0,0,4812011.5,0,0,4812011.5,0,0,4812011.5,0,0,4812011.5,0,0,4812011.5,0,0,4812011.5,0,0,4812011.5,0,0,4812011.5,0,0,4812011.5,0,0,4812011.5,0,0,4812011.5,0,0,4812011.5,0,0,4812011.5,0,0,4812011.5,0,0,4812011.5,0,0,4812011.5,0,0,4812011.5,0,0,4812011.5,0,0,4812011.5,0,0,4812011.5,0,0,6416015.34,0,0,6416015.34,0,0,6416015.34,0,0,6416015.34,0,0,4812011.5,0,0,4812011.5,0,0,4812011.5,0,0,4812011.5,0,0,4812011.5,0,0,4812011.5,0,0,4812011.5,0,0,4812011.5,0,0,4812011.5,0,0,19248046.01,0,0,4812011.5,0,0,4812011.5,0,0,4812011.5,0,0,6416015.34,0,0,4812011.5,0,0,6416015.34,0,0,4812011.5
0,0,0,2020-01-13,COVHIV,0,0,0,0,0,0,0,0,0,0,0,0,0,0,0,0,0,0,0,0,0,0,0,0,0,0,0,0,0,0,0,0,0,0,0,0,0,0,0,0,0,0,0,0,0,0,0,0,0,0,4812011.5,0,0,4812011.5,0,0,4812011.5,0,0,4812011.5,0,0,4812011.5,0,0,4812011.5,0,0,4812011.5,0,0,4812011.5,0,0,4812011.5,0,0,4812011.5,0,0,4812011.5,0,0,4812011.5,0,0,4812011.5,0,0,4812011.5,0,0,4812011.5,0,0,4812011.5,0,0,4812011.5,0,0,4812011.5,0,0,4812011.5,0,0,4812011.5,0,0,4812011.5,0,0,4812011.5,0,0,4812011.5,0,0,4812011.5,0,0,4812011.5,0,0,4812011.5,0,0,4812011.5,0,0,6416015.34,0,0,6416015.34,0,0,6416015.34,0,0,6416015.34,0,0,4812011.5,0,0,4812011.5,0,0,4812011.5,0,0,4812011.5,0,0,4812011.5,0,0,4812011.5,0,0,4812011.5,0,0,4812011.5,0,0,4812011.5,0,0,19248046.01,0,0,4812011.5,0,0,4812011.5,0,0,4812011.5,0,0,6416015.34,0,0,4812011.5,0,0,6416015.34,0,0,4812011.5
0,0,0,2020-01-20,COVHIV,0,0,0,0,0,0,0,0,0,0,0,0,0,0,0,0,0,0,0,0,0,0,0,0,0,0,0,0,0,0,0,0,0,0,0,0,0,0,0,0,0,0,0,0,0,0,0,0,0,0,4812011.5,0,0,4812011.5,0,0,4812011.5,0,0,4812011.5,0,0,4812011.5,0,0,4812011.5,0,0,4812011.5,0,0,4812011.5,0,0,4812011.5,0,0,4812011.5,0,0,4812011.5,0,0,4812011.5,0,0,4812011.5,0,0,4812011.5,0,0,4812011.5,0,0,4812011.5,0,0,4812011.5,0,0,4812011.5,0,0,4812011.5,0,0,4812011.5,0,0,4812011.5,0,0,4812011.5,0,0,4812011.5,0,0,4812011.5,0,0,4812011.5,0,0,4812011.5,0,0,4812011.5,0,0,6416015.34,0,0,6416015.34,0,0,6416015.34,0,0,6416015.34,0,0,4812011.5,0,0,4812011.5,0,0,4812011.5,0,0,4812011.5,0,0,4812011.5,0,0,4812011.5,0,0,4812011.5,0,0,4812011.5,0,0,4812011.5,0,0,19248046.01,0,0,4812011.5,0,0,4812011.5,0,0,4812011.5,0,0,6416015.34,0,0,4812011.5,0,0,6416015.34,0,0,4812011.5
0,0,0,2020-01-27,COVHIV,0,0,0,0,0,0,0,0,0,0,0,0,0,0,0,0,0,0,0,0,0,0,0,0,0,0,0,0,0,0,0,0,0,0,0,0,0,0,0,0,0,0,0,0,0,0,0,0,0,0,4812011.5,0,0,4812011.5,0,0,4812011.5,0,0,4812011.5,0,0,4812011.5,0,0,4812011.5,0,0,4812011.5,0,0,4812011.5,0,0,4812011.5,0,0,4812011.5,0,0,4812011.5,0,0,4812011.5,0,0,4812011.5,0,0,4812011.5,0,0,4812011.5,0,0,4812011.5,0,0,4812011.5,0,0,4812011.5,0,0,4812011.5,0,0,4812011.5,0,0,4812011.5,0,0,4812011.5,0,0,4812011.5,0,0,4812011.5,0,0,4812011.5,0,0,4812011.5,0,0,4812011.5,0,0,6416015.34,0,0,6416015.34,0,0,6416015.34,0,0,6416015.34,0,0,4812011.5,0,0,4812011.5,0,0,4812011.5,0,0,4812011.5,0,0,4812011.5,0,0,4812011.5,0,0,4812011.5,0,0,4812011.5,0,0,4812011.5,0,0,19248046.01,0,0,4812011.5,0,0,4812011.5,0,0,4812011.5,0,0,6416015.34,0,0,4812011.5,0,0,6416015.34,0,0,4812011.5
0,0,0,2020-02-03,COVHIV,0,0,0,0,0,0,0,0,0,0,0,0,0,0,0,0,0,0,0,0,0,0,0,0,0,0,0,0,0,0,0,0,0,0,0,0,0,0,0,0,0,0,0,0,0,0,0,0,0,0,4812011.5,0,0,4812011.5,0,0,4812011.5,0,0,4812011.5,0,0,4812011.5,0,0,4812011.5,0,0,4812011.5,0,0,4812011.5,0,0,4812011.5,0,0,4812011.5,0,0,4812011.5,0,0,4812011.5,0,0,4812011.5,0,0,4812011.5,0,0,4812011.5,0,0,4812011.5,0,0,4812011.5,0,0,4812011.5,0,0,4812011.5,0,0,4812011.5,0,0,4812011.5,0,0,4812011.5,0,0,4812011.5,0,0,4812011.5,0,0,4812011.5,0,0,4812011.5,0,0,4812011.5,0,0,6416015.34,0,0,6416015.34,0,0,6416015.34,0,0,6416015.34,0,0,4812011.5,0,0,4812011.5,0,0,4812011.5,0,0,4812011.5,0,0,4812011.5,0,0,4812011.5,0,0,4812011.5,0,0,4812011.5,0,0,4812011.5,0,0,19248046.01,0,0,4812011.5,0,0,4812011.5,0,0,4812011.5,0,0,6416015.34,0,0,4812011.5,0,0,6416015.34,0,0,4812011.5
0,0,0,2020-02-10,COVHIV,0,0,0,0,0,0,0,0,0,0,0,0,0,0,0,0,0,0,0,0,0,0,0,0,0,0,0,0,0,0,0,0,0,0,0,0,0,0,0,0,0,0,0,0,0,0,0,0,0,0,4812011.5,0,0,4812011.5,0,0,4812011.5,0,0,4812011.5,0,0,4812011.5,0,0,4812011.5,0,0,4812011.5,0,0,4812011.5,0,0,4812011.5,0,0,4812011.5,0,0,4812011.5,0,0,4812011.5,0,0,4812011.5,0,0,4812011.5,0,0,4812011.5,0,0,4812011.5,0,0,4812011.5,0,0,4812011.5,0,0,4812011.5,0,0,4812011.5,0,0,4812011.5,0,0,4812011.5,0,0,4812011.5,0,0,4812011.5,0,0,4812011.5,0,0,4812011.5,0,0,4812011.5,0,0,6416015.34,0,0,6416015.34,0,0,6416015.34,0,0,6416015.34,0,0,4812011.5,0,0,4812011.5,0,0,4812011.5,0,0,4812011.5,0,0,4812011.5,0,0,4812011.5,0,0,4812011.5,0,0,4812011.5,0,0,4812011.5,0,0,19248046.01,0,0,4812011.5,0,0,4812011.5,0,0,4812011.5,0,0,6416015.34,0,0,4812011.5,0,0,6416015.34,0,0,4812011.5
0,0,0,2020-02-17,COVHIV,0,0,0,0,0,0,0,0,0,0,0,0,0,0,0,0,0,0,0,0,0,0,0,0,0,0,0,0,0,0,0,0,0,0,0,0,0,0,0,0,0,0,0,0,0,0,0,0,0,0,4812011.5,0,0,4812011.5,0,0,4812011.5,0,0,4812011.5,0,0,4812011.5,0,0,4812011.5,0,0,4812011.5,0,0,4812011.5,0,0,4812011.5,0,0,4812011.5,0,0,4812011.5,0,0,4812011.5,0,0,4812011.5,0,0,4812011.5,0,0,4812011.5,0,0,4812011.5,0,0,4812011.5,0,0,4812011.5,0,0,4812011.5,0,0,4812011.5,0,0,4812011.5,0,0,4812011.5,0,0,4812011.5,0,0,4812011.5,0,0,4812011.5,0,0,4812011.5,0,0,4812011.5,0,0,6416015.34,0,0,6416015.34,0,0,6416015.34,0,0,6416015.34,0,0,4812011.5,0,0,4812011.5,0,0,4812011.5,0,0,4812011.5,0,0,4812011.5,0,0,4812011.5,0,0,4812011.5,0,0,4812011.5,0,0,4812011.5,0,0,19248046.01,0,0,4812011.5,0,0,4812011.5,0,0,4812011.5,0,0,6416015.34,0,0,4812011.5,0,0,6416015.34,0,0,4812011.5
0,0,0,2020-02-24,COVHIV,0,0,0,0,0,0,0,0,0,0,0,0,0,0,0,0,0,0,0,0,0,0,0,0,0,0,0,0,0,0,0,0,0,0,0,0,0,0,0,0,0,0,0,0,0,0,0,0,0,0,4812011.5,0,0,4812011.5,0,0,4812011.5,0,0,4812011.5,0,0,4812011.5,0,0,4812011.5,0,0,4812011.5,0,0,4812011.5,0,0,4812011.5,0,0,4812011.5,0,0,4812011.5,0,0,4812011.5,0,0,4812011.5,0,0,4812011.5,0,0,4812011.5,0,0,4812011.5,0,0,4812011.5,0,0,4812011.5,0,0,4812011.5,0,0,4812011.5,0,0,4812011.5,0,0,4812011.5,0,0,4812011.5,0,0,4812011.5,0,0,4812011.5,0,0,4812011.5,0,0,4812011.5,0,0,6416015.34,0,0,6416015.34,0,0,6416015.34,0,0,6416015.34,0,0,4812011.5,0,0,4812011.5,0,0,4812011.5,0,0,4812011.5,0,0,4812011.5,0,0,4812011.5,0,0,4812011.5,0,0,4812011.5,0,0,4812011.5,0,0,19248046.01,0,0,4812011.5,0,0,4812011.5,0,0,4812011.5,0,0,6416015.34,0,0,4812011.5,0,0,6416015.34,0,0,4812011.5
0,0,0,2020-03-02,COVHIV,0,0,0,0,0,0,0,0,0,0,0,0,0,0,0,0,0,0,0,0,0,0,0,0,0,0,0,0,0,0,0,0,0,0,0,0,0,0,0,0,0,0,0,0,0,0,0,0,0,0,4812011.5,0,0,4812011.5,0,0,4812011.5,0,0,4812011.5,0,0,4812011.5,0,0,4812011.5,0,0,4812011.5,0,0,4812011.5,0,0,4812011.5,0,0,4812011.5,0,0,4812011.5,0,0,4812011.5,0,0,4812011.5,0,0,4812011.5,0,0,4812011.5,0,0,4812011.5,0,0,4812011.5,0,0,4812011.5,0,0,4812011.5,0,0,4812011.5,0,0,4812011.5,0,0,4812011.5,0,0,4812011.5,0,0,4812011.5,0,0,4812011.5,0,0,4812011.5,0,0,4812011.5,0,0,6416015.34,0,0,6416015.34,0,0,6416015.34,0,0,6416015.34,0,0,4812011.5,0,0,4812011.5,0,0,4812011.5,0,0,4812011.5,0,0,4812011.5,0,0,4812011.5,0,0,4812011.5,0,0,4812011.5,0,0,4812011.5,0,0,19248046.01,0,0,4812011.5,0,0,4812011.5,0,0,4812011.5,0,0,6416015.34,0,0,4812011.5,0,0,6416015.34,0,0,4812011.5
0,0,0,2020-03-09,COVHIV,0,0,0,0,0,0,0,0,0,0,0,0,0,0,0,0,0,0,0,0,0,0,0,0,0,0,0,0,0,0,0,0,0,0,0,0,0,0,0,0,0,0,0,0,0,0,0,0,0,0,4812011.5,0,0,4812011.5,0,0,4812011.5,0,0,4812011.5,0,0,4812011.5,0,0,4812011.5,0,0,4812011.5,0,0,4812011.5,0,0,4812011.5,0,0,4812011.5,0,0,4812011.5,0,0,4812011.5,0,0,4812011.5,0,0,4812011.5,0,0,4812011.5,0,0,4812011.5,0,0,4812011.5,0,0,4812011.5,0,0,4812011.5,0,0,4812011.5,0,0,4812011.5,0,0,4812011.5,0,0,4812011.5,0,0,4812011.5,0,0,4812011.5,0,0,4812011.5,0,0,4812011.5,0,0,6416015.34,0,0,6416015.34,0,0,6416015.34,0,0,6416015.34,0,0,4812011.5,0,0,4812011.5,0,0,4812011.5,0,0,4812011.5,0,0,4812011.5,0,0,4812011.5,0,0,4812011.5,0,0,4812011.5,0,0,4812011.5,0,0,19248046.01,0,0,4812011.5,0,0,4812011.5,0,0,4812011.5,0,0,6416015.34,0,0,4812011.5,0,0,6416015.34,0,0,4812011.5
0,0,0,2020-03-16,COVHIV,0,0,0,0,0,0,0,0,0,0,0,0,0,0,0,0,0,0,0,0,0,0,0,0,0,0,0,0,0,0,0,0,0,0,0,0,0,0,0,0,0,0,0,0,0,0,0,0,0,0,4812011.5,0,0,4812011.5,0,0,4812011.5,0,0,4812011.5,0,0,4812011.5,0,0,4812011.5,0,0,4812011.5,0,0,4812011.5,0,0,4812011.5,0,0,4812011.5,0,0,4812011.5,0,0,4812011.5,0,0,4812011.5,0,0,4812011.5,0,0,4812011.5,0,0,4812011.5,0,0,4812011.5,0,0,4812011.5,0,0,4812011.5,0,0,4812011.5,0,0,4812011.5,0,0,4812011.5,0,0,4812011.5,0,0,4812011.5,0,0,4812011.5,0,0,4812011.5,0,0,4812011.5,0,0,6416015.34,0,0,6416015.34,0,0,6416015.34,0,0,6416015.34,0,0,4812011.5,0,0,4812011.5,0,0,4812011.5,0,0,4812011.5,0,0,4812011.5,0,0,4812011.5,0,0,4812011.5,0,0,4812011.5,0,0,4812011.5,0,0,19248046.01,0,0,4812011.5,0,0,4812011.5,0,0,4812011.5,0,0,6416015.34,0,0,4812011.5,0,0,6416015.34,0,0,4812011.5
0,0,0,2020-03-23,COVHIV,0,0,0,0,0,0,0,0,0,0,0,0,0,0,0,0,0,0,0,0,0,0,0,0,0,0,0,0,0,0,0,0,0,0,0,0,0,0,0,0,0,0,0,0,0,0,0,0,0,0,4812011.5,0,0,4812011.5,0,0,4812011.5,0,0,4812011.5,0,0,4812011.5,0,0,4812011.5,0,0,4812011.5,0,0,4812011.5,0,0,4812011.5,0,0,4812011.5,0,0,4812011.5,0,0,4812011.5,0,0,4812011.5,0,0,4812011.5,0,0,4812011.5,0,0,4812011.5,0,0,4812011.5,0,0,4812011.5,0,0,4812011.5,0,0,4812011.5,0,0,4812011.5,0,0,4812011.5,0,0,4812011.5,0,0,4812011.5,0,0,4812011.5,0,0,4812011.5,0,0,4812011.5,0,0,6416015.34,0,0,6416015.34,0,0,6416015.34,0,0,6416015.34,0,0,4812011.5,0,0,4812011.5,0,0,4812011.5,0,0,4812011.5,0,0,4812011.5,0,0,4812011.5,0,0,4812011.5,0,0,4812011.5,0,0,4812011.5,0,0,19248046.01,0,0,4812011.5,0,0,4812011.5,0,0,4812011.5,0,0,6416015.34,0,0,4812011.5,0,0,6416015.34,0,0,4812011.5
0,0,0,2020-03-30,COVHIV,0,0,0,0,0,0,0,0,0,0,0,0,0,0,0,0,0,0,0,0,0,0,0,0,0,0,0,0,0,0,0,0,0,0,0,0,0,0,0,0,0,0,0,0,0,0,0,0,0,0,4812011.5,0,0,4812011.5,0,0,4812011.5,0,0,4812011.5,0,0,4812011.5,0,0,4812011.5,0,0,4812011.5,0,0,4812011.5,0,0,4812011.5,0,0,4812011.5,0,0,4812011.5,0,0,4812011.5,0,0,4812011.5,0,0,4812011.5,0,0,4812011.5,0,0,4812011.5,0,0,4812011.5,0,0,4812011.5,0,0,4812011.5,0,0,4812011.5,0,0,4812011.5,0,0,4812011.5,0,0,4812011.5,0,0,4812011.5,0,0,4812011.5,0,0,4812011.5,0,0,4812011.5,0,0,6416015.34,0,0,6416015.34,0,0,6416015.34,0,0,6416015.34,0,0,4812011.5,0,0,4812011.5,0,0,4812011.5,0,0,4812011.5,0,0,4812011.5,0,0,4812011.5,0,0,4812011.5,0,0,4812011.5,0,0,4812011.5,0,0,19248046.01,0,0,4812011.5,0,0,4812011.5,0,0,4812011.5,0,0,6416015.34,0,0,4812011.5,0,0,6416015.34,0,0,4812011.5
0,0,0,2020-04-06,COVHIV,0,0,0,0,0,0,0,0,0,0,0,0,0,0,0,0,0,0,0,0,0,0,0,0,0,0,0,0,0,0,0,0,0,0,0,0,0,0,0,0,0,0,0,0,0,0,0,0,0,0,4812011.5,0,0,4812011.5,0,0,4812011.5,0,0,4812011.5,0,0,4812011.5,0,0,4812011.5,0,0,4812011.5,0,0,4812011.5,0,0,4812011.5,0,0,4812011.5,0,0,4812011.5,0,0,4812011.5,0,0,4812011.5,0,0,4812011.5,0,0,4812011.5,0,0,4812011.5,0,0,4812011.5,0,0,4812011.5,0,0,4812011.5,0,0,4812011.5,0,0,4812011.5,0,0,4812011.5,0,0,4812011.5,0,0,4812011.5,0,0,4812011.5,0,0,4812011.5,0,0,4812011.5,0,0,6416015.34,0,0,6416015.34,0,0,6416015.34,0,0,6416015.34,0,0,4812011.5,0,0,4812011.5,0,0,4812011.5,0,0,4812011.5,0,0,4812011.5,0,0,4812011.5,0,0,4812011.5,0,0,4812011.5,0,0,4812011.5,0,0,19248046.01,0,0,4812011.5,0,0,4812011.5,0,0,4812011.5,0,0,6416015.34,0,0,4812011.5,0,0,6416015.34,0,0,4812011.5
0,0,0,2020-04-13,COVHIV,0,0,0,0,0,0,0,0,0,0,0,0,0,0,0,0,0,0,0,0,0,0,0,0,0,0,0,0,0,0,0,0,0,0,0,0,0,0,0,0,0,0,0,0,0,0,0,0,0,0,4812011.5,0,0,4812011.5,0,0,4812011.5,0,0,4812011.5,0,0,4812011.5,0,0,4812011.5,0,0,4812011.5,0,0,4812011.5,0,0,4812011.5,0,0,4812011.5,0,0,4812011.5,0,0,4812011.5,0,0,4812011.5,0,0,4812011.5,0,0,4812011.5,0,0,4812011.5,0,0,4812011.5,0,0,4812011.5,0,0,4812011.5,0,0,4812011.5,0,0,4812011.5,0,0,4812011.5,0,0,4812011.5,0,0,4812011.5,0,0,4812011.5,0,0,4812011.5,0,0,4812011.5,0,0,6416015.34,0,0,6416015.34,0,0,6416015.34,0,0,6416015.34,0,0,4812011.5,0,0,4812011.5,0,0,4812011.5,0,0,4812011.5,0,0,4812011.5,0,0,4812011.5,0,0,4812011.5,0,0,4812011.5,0,0,4812011.5,0,0,19248046.01,0,0,4812011.5,0,0,4812011.5,0,0,4812011.5,0,0,6416015.34,0,0,4812011.5,0,0,6416015.34,0,0,4812011.5
0,0,0,2020-04-20,COVHIV,0,0,0,0,0,0,0,0,0,0,0,0,0,0,0,0,0,0,0,0,0,0,0,0,0,0,0,0,0,0,0,0,0,0,0,0,0,0,0,0,0,0,0,0,0,0,0,0,0,0,4812011.5,0,0,4812011.5,0,0,4812011.5,0,0,4812011.5,0,0,4812011.5,0,0,4812011.5,0,0,4812011.5,0,0,4812011.5,0,0,4812011.5,0,0,4812011.5,0,0,4812011.5,0,0,4812011.5,0,0,4812011.5,0,0,4812011.5,0,0,4812011.5,0,0,4812011.5,0,0,4812011.5,0,0,4812011.5,0,0,4812011.5,0,0,4812011.5,0,0,4812011.5,0,0,4812011.5,0,0,4812011.5,0,0,4812011.5,0,0,4812011.5,0,0,4812011.5,0,0,4812011.5,0,0,6416015.34,0,0,6416015.34,0,0,6416015.34,0,0,6416015.34,0,0,4812011.5,0,0,4812011.5,0,0,4812011.5,0,0,4812011.5,0,0,4812011.5,0,0,4812011.5,0,0,4812011.5,0,0,4812011.5,0,0,4812011.5,0,0,19248046.01,0,0,4812011.5,0,0,4812011.5,0,0,4812011.5,0,0,6416015.34,0,0,4812011.5,0,0,6416015.34,0,0,4812011.5
0,0,0,2020-04-27,COVHIV,0,0,0,0,0,0,0,0,0,0,0,0,0,0,0,0,0,0,0,0,0,0,0,0,0,0,0,0,0,0,0,0,0,0,0,0,0,0,0,0,0,0,0,0,0,0,0,0,0,0,4812011.5,0,0,4812011.5,0,0,4812011.5,0,0,4812011.5,0,0,4812011.5,0,0,4812011.5,0,0,4812011.5,0,0,4812011.5,0,0,4812011.5,0,0,4812011.5,0,0,4812011.5,0,0,4812011.5,0,0,4812011.5,0,0,4812011.5,0,0,4812011.5,0,0,4812011.5,0,0,4812011.5,0,0,4812011.5,0,0,4812011.5,0,0,4812011.5,0,0,4812011.5,0,0,4812011.5,0,0,4812011.5,0,0,4812011.5,0,0,4812011.5,0,0,4812011.5,0,0,4812011.5,0,0,6416015.34,0,0,6416015.34,0,0,6416015.34,0,0,6416015.34,0,0,4812011.5,0,0,4812011.5,0,0,4812011.5,0,0,4812011.5,0,0,4812011.5,0,0,4812011.5,0,0,4812011.5,0,0,4812011.5,0,0,4812011.5,0,0,19248046.01,0,0,4812011.5,0,0,4812011.5,0,0,4812011.5,0,0,6416015.34,0,0,4812011.5,0,0,6416015.34,0,0,4812011.5
0,0,0,2020-05-04,COVHIV,0,0,0,0,0,0,0,0,0,0,0,0,0,0,0,0,0,0,0,0,0,0,0,0,0,0,0,0,0,0,0,0,0,0,0,0,0,0,0,0,0,0,0,0,0,0,0,0,0,0,4812011.5,0,0,4812011.5,0,0,4812011.5,0,0,4812011.5,0,0,4812011.5,0,0,4812011.5,0,0,4812011.5,0,0,4812011.5,0,0,4812011.5,0,0,4812011.5,0,0,4812011.5,0,0,4812011.5,0,0,4812011.5,0,0,4812011.5,0,0,4812011.5,0,0,4812011.5,0,0,4812011.5,0,0,4812011.5,0,0,4812011.5,0,0,4812011.5,0,0,4812011.5,0,0,4812011.5,0,0,4812011.5,0,0,4812011.5,0,0,4812011.5,0,0,4812011.5,0,0,4812011.5,0,0,6416015.34,0,0,6416015.34,0,0,6416015.34,0,0,6416015.34,0,0,4812011.5,0,0,4812011.5,0,0,4812011.5,0,0,4812011.5,0,0,4812011.5,0,0,4812011.5,0,0,4812011.5,0,0,4812011.5,0,0,4812011.5,0,0,19248046.01,0,0,4812011.5,0,0,4812011.5,0,0,4812011.5,0,0,6416015.34,0,0,4812011.5,0,0,6416015.34,0,0,4812011.5
0,0,0,2020-05-11,COVHIV,0,0,0,0,0,0,0,0,0,0,0,0,0,0,0,0,0,0,0,0,0,0,0,0,0,0,0,0,0,0,0,0,0,0,0,0,0,0,0,0,0,0,0,0,0,0,0,0,0,0,4812011.5,0,0,4812011.5,0,0,4812011.5,0,0,4812011.5,0,0,4812011.5,0,0,4812011.5,0,0,4812011.5,0,0,4812011.5,0,0,4812011.5,0,0,4812011.5,0,0,4812011.5,0,0,4812011.5,0,0,4812011.5,0,0,4812011.5,0,0,4812011.5,0,0,4812011.5,0,0,4812011.5,0,0,4812011.5,0,0,4812011.5,0,0,4812011.5,0,0,4812011.5,0,0,4812011.5,0,0,4812011.5,0,0,4812011.5,0,0,4812011.5,0,0,4812011.5,0,0,4812011.5,0,0,6416015.34,0,0,6416015.34,0,0,6416015.34,0,0,6416015.34,0,0,4812011.5,0,0,4812011.5,0,0,4812011.5,0,0,4812011.5,0,0,4812011.5,0,0,4812011.5,0,0,4812011.5,0,0,4812011.5,0,0,4812011.5,0,0,19248046.01,0,0,4812011.5,0,0,4812011.5,0,0,4812011.5,0,0,6416015.34,0,0,4812011.5,0,0,6416015.34,0,0,4812011.5
0,0,0,2020-05-18,COVHIV,0,0,0,0,0,0,0,0,0,0,0,0,0,0,0,0,0,0,0,0,0,0,0,0,0,0,0,0,0,0,0,0,0,0,0,0,0,0,0,0,0,0,0,0,0,0,0,0,0,0,4812011.5,0,0,4812011.5,0,0,4812011.5,0,0,4812011.5,0,0,4812011.5,0,0,4812011.5,0,0,4812011.5,0,0,4812011.5,0,0,4812011.5,0,0,4812011.5,0,0,4812011.5,0,0,4812011.5,0,0,4812011.5,0,0,4812011.5,0,0,4812011.5,0,0,4812011.5,0,0,4812011.5,0,0,4812011.5,0,0,4812011.5,0,0,4812011.5,0,0,4812011.5,0,0,4812011.5,0,0,4812011.5,0,0,4812011.5,0,0,4812011.5,0,0,4812011.5,0,0,4812011.5,0,0,6416015.34,0,0,6416015.34,0,0,6416015.34,0,0,6416015.34,0,0,4812011.5,0,0,4812011.5,0,0,4812011.5,0,0,4812011.5,0,0,4812011.5,0,0,4812011.5,0,0,4812011.5,0,0,4812011.5,0,0,4812011.5,0,0,19248046.01,0,0,4812011.5,0,0,4812011.5,0,0,4812011.5,0,0,6416015.34,0,0,4812011.5,0,0,6416015.34,0,0,4812011.5
0,0,0,2020-05-25,COVHIV,0,0,0,0,0,0,0,0,0,0,0,0,0,0,0,0,0,0,0,0,0,0,0,0,0,0,0,0,0,0,0,0,0,0,0,0,0,0,0,0,0,0,0,0,0,0,0,0,0,0,4812011.5,0,0,4812011.5,0,0,4812011.5,0,0,4812011.5,0,0,4812011.5,0,0,4812011.5,0,0,4812011.5,0,0,4812011.5,0,0,4812011.5,0,0,4812011.5,0,0,4812011.5,0,0,4812011.5,0,0,4812011.5,0,0,4812011.5,0,0,4812011.5,0,0,4812011.5,0,0,4812011.5,0,0,4812011.5,0,0,4812011.5,0,0,4812011.5,0,0,4812011.5,0,0,4812011.5,0,0,4812011.5,0,0,4812011.5,0,0,4812011.5,0,0,4812011.5,0,0,4812011.5,0,0,6416015.34,0,0,6416015.34,0,0,6416015.34,0,0,6416015.34,0,0,4812011.5,0,0,4812011.5,0,0,4812011.5,0,0,4812011.5,0,0,4812011.5,0,0,4812011.5,0,0,4812011.5,0,0,4812011.5,0,0,4812011.5,0,0,19248046.01,0,0,4812011.5,0,0,4812011.5,0,0,4812011.5,0,0,6416015.34,0,0,4812011.5,0,0,6416015.34,0,0,4812011.5
0,0,0,2020-06-01,COVHIV,0,0,0,0,0,0,0,0,0,0,0,0,0,0,0,0,0,0,0,0,0,0,0,0,0,0,0,0,0,0,0,0,0,0,0,0,0,0,0,0,0,0,0,0,0,0,0,0,0,0,4812011.5,0,0,4812011.5,0,0,4812011.5,0,0,4812011.5,0,0,4812011.5,0,0,4812011.5,0,0,4812011.5,0,0,4812011.5,0,0,4812011.5,0,0,4812011.5,0,0,4812011.5,0,0,4812011.5,0,0,4812011.5,0,0,4812011.5,0,0,4812011.5,0,0,4812011.5,0,0,4812011.5,0,0,4812011.5,0,0,4812011.5,0,0,4812011.5,0,0,4812011.5,0,0,4812011.5,0,0,4812011.5,0,0,4812011.5,0,0,4812011.5,0,0,4812011.5,0,0,4812011.5,0,0,6416015.34,0,0,6416015.34,0,0,6416015.34,0,0,6416015.34,0,0,4812011.5,0,0,4812011.5,0,0,4812011.5,0,0,4812011.5,0,0,4812011.5,0,0,4812011.5,0,0,4812011.5,0,0,4812011.5,0,0,4812011.5,0,0,19248046.01,0,0,4812011.5,0,0,4812011.5,0,0,4812011.5,0,0,6416015.34,0,0,4812011.5,0,0,6416015.34,0,0,4812011.5
0,0,0,2020-06-08,COVHIV,0,0,0,0,0,0,0,0,0,0,0,0,0,0,0,0,0,0,0,0,0,0,0,0,0,0,0,0,0,0,0,0,0,0,0,0,0,0,0,0,0,0,0,0,0,0,0,0,0,0,4812011.5,0,0,4812011.5,0,0,4812011.5,0,0,4812011.5,0,0,4812011.5,0,0,4812011.5,0,0,4812011.5,0,0,4812011.5,0,0,4812011.5,0,0,4812011.5,0,0,4812011.5,0,0,4812011.5,0,0,4812011.5,0,0,4812011.5,0,0,4812011.5,0,0,4812011.5,0,0,4812011.5,0,0,4812011.5,0,0,4812011.5,0,0,4812011.5,0,0,4812011.5,0,0,4812011.5,0,0,4812011.5,0,0,4812011.5,0,0,4812011.5,0,0,4812011.5,0,0,4812011.5,0,0,6416015.34,0,0,6416015.34,0,0,6416015.34,0,0,6416015.34,0,0,4812011.5,0,0,4812011.5,0,0,4812011.5,0,0,4812011.5,0,0,4812011.5,0,0,4812011.5,0,0,4812011.5,0,0,4812011.5,0,0,4812011.5,0,0,19248046.01,0,0,4812011.5,0,0,4812011.5,0,0,4812011.5,0,0,6416015.34,0,0,4812011.5,0,0,6416015.34,0,0,4812011.5
0,0,0,2020-06-15,COVHIV,0,0,0,0,0,0,0,0,0,0,0,0,0,0,0,0,0,0,0,0,0,0,0,0,0,0,0,0,0,0,0,0,0,0,0,0,0,0,0,0,0,0,0,0,0,0,0,0,0,0,4812011.5,0,0,4812011.5,0,0,4812011.5,0,0,4812011.5,0,0,4812011.5,0,0,4812011.5,0,0,4812011.5,0,0,4812011.5,0,0,4812011.5,0,0,4812011.5,0,0,4812011.5,0,0,4812011.5,0,0,4812011.5,0,0,4812011.5,0,0,4812011.5,0,0,4812011.5,0,0,4812011.5,0,0,4812011.5,0,0,4812011.5,0,0,4812011.5,0,0,4812011.5,0,0,4812011.5,0,0,4812011.5,0,0,4812011.5,0,0,4812011.5,0,0,4812011.5,0,0,4812011.5,0,0,6416015.34,0,0,6416015.34,0,0,6416015.34,0,0,6416015.34,0,0,4812011.5,0,0,4812011.5,0,0,4812011.5,0,0,4812011.5,0,0,4812011.5,0,0,4812011.5,0,0,4812011.5,0,0,4812011.5,0,0,4812011.5,0,0,19248046.01,0,0,4812011.5,0,0,4812011.5,0,0,4812011.5,0,0,6416015.34,0,0,4812011.5,0,0,6416015.34,0,0,4812011.5
0,0,0,2020-06-22,COVHIV,0,0,0,0,0,0,0,0,0,0,0,0,0,0,0,0,0,0,0,0,0,0,0,0,0,0,0,0,0,0,0,0,0,0,0,0,0,0,0,0,0,0,0,0,0,0,0,0,0,0,4812011.5,0,0,4812011.5,0,0,4812011.5,0,0,4812011.5,0,0,4812011.5,0,0,4812011.5,0,0,4812011.5,0,0,4812011.5,0,0,4812011.5,0,0,4812011.5,0,0,4812011.5,0,0,4812011.5,0,0,4812011.5,0,0,4812011.5,0,0,4812011.5,0,0,4812011.5,0,0,4812011.5,0,0,4812011.5,0,0,4812011.5,0,0,4812011.5,0,0,4812011.5,0,0,4812011.5,0,0,4812011.5,0,0,4812011.5,0,0,4812011.5,0,0,4812011.5,0,0,4812011.5,0,0,6416015.34,0,0,6416015.34,0,0,6416015.34,0,0,6416015.34,0,0,4812011.5,0,0,4812011.5,0,0,4812011.5,0,0,4812011.5,0,0,4812011.5,0,0,4812011.5,0,0,4812011.5,0,0,4812011.5,0,0,4812011.5,0,0,19248046.01,0,0,4812011.5,0,0,4812011.5,0,0,4812011.5,0,0,6416015.34,0,0,4812011.5,0,0,6416015.34,0,0,4812011.5
0,0,0,2020-06-29,COVHIV,0,0,0,0,0,0,0,0,0,0,0,0,0,0,0,0,0,0,0,0,0,0,0,0,0,0,0,0,0,0,0,0,0,0,0,0,0,0,0,0,0,0,0,0,0,0,0,0,0,0,4812011.5,0,0,4812011.5,0,0,4812011.5,0,0,4812011.5,0,0,4812011.5,0,0,4812011.5,0,0,4812011.5,0,0,4812011.5,0,0,4812011.5,0,0,4812011.5,0,0,4812011.5,0,0,4812011.5,0,0,4812011.5,0,0,4812011.5,0,0,4812011.5,0,0,4812011.5,0,0,4812011.5,0,0,4812011.5,0,0,4812011.5,0,0,4812011.5,0,0,4812011.5,0,0,4812011.5,0,0,4812011.5,0,0,4812011.5,0,0,4812011.5,0,0,4812011.5,0,0,4812011.5,0,0,6416015.34,0,0,6416015.34,0,0,6416015.34,0,0,6416015.34,0,0,4812011.5,0,0,4812011.5,0,0,4812011.5,0,0,4812011.5,0,0,4812011.5,0,0,4812011.5,0,0,4812011.5,0,0,4812011.5,0,0,4812011.5,0,0,19248046.01,0,0,4812011.5,0,0,4812011.5,0,0,4812011.5,0,0,6416015.34,0,0,4812011.5,0,0,6416015.34,0,0,4812011.5
0,0,0,2020-07-06,COVHIV,0,0,0,0,0,0,0,0,0,0,0,0,0,0,0,0,0,0,0,0,0,0,0,0,0,0,0,0,0,0,0,0,0,0,0,0,0,0,0,0,0,0,0,0,0,0,0,0,0,0,4812011.5,0,0,4812011.5,0,0,4812011.5,0,0,4812011.5,0,0,4812011.5,0,0,4812011.5,0,0,4812011.5,0,0,4812011.5,0,0,4812011.5,0,0,4812011.5,0,0,4812011.5,0,0,4812011.5,0,0,4812011.5,0,0,4812011.5,0,0,4812011.5,0,0,4812011.5,0,0,4812011.5,0,0,4812011.5,0,0,4812011.5,0,0,4812011.5,0,0,4812011.5,0,0,4812011.5,0,0,4812011.5,0,0,4812011.5,0,0,4812011.5,0,0,4812011.5,0,0,4812011.5,0,0,6416015.34,0,0,6416015.34,0,0,6416015.34,0,0,6416015.34,0,0,4812011.5,0,0,4812011.5,0,0,4812011.5,0,0,4812011.5,0,0,4812011.5,0,0,4812011.5,0,0,4812011.5,0,0,4812011.5,0,0,4812011.5,0,0,19248046.01,0,0,4812011.5,0,0,4812011.5,0,0,4812011.5,0,0,6416015.34,0,0,4812011.5,0,0,6416015.34,0,0,4812011.5
0,0,0,2020-07-13,COVHIV,0,0,0,0,0,0,0,0,0,0,0,0,0,0,0,0,0,0,0,0,0,0,0,0,0,0,0,0,0,0,0,0,0,0,0,0,0,0,0,0,0,0,0,0,0,0,0,0,0,0,4812011.5,0,0,4812011.5,0,0,4812011.5,0,0,4812011.5,0,0,4812011.5,0,0,4812011.5,0,0,4812011.5,0,0,4812011.5,0,0,4812011.5,0,0,4812011.5,0,0,4812011.5,0,0,4812011.5,0,0,4812011.5,0,0,4812011.5,0,0,4812011.5,0,0,4812011.5,0,0,4812011.5,0,0,4812011.5,0,0,4812011.5,0,0,4812011.5,0,0,4812011.5,0,0,4812011.5,0,0,4812011.5,0,0,4812011.5,0,0,4812011.5,0,0,4812011.5,0,0,4812011.5,0,0,6416015.34,0,0,6416015.34,0,0,6416015.34,0,0,6416015.34,0,0,4812011.5,0,0,4812011.5,0,0,4812011.5,0,0,4812011.5,0,0,4812011.5,0,0,4812011.5,0,0,4812011.5,0,0,4812011.5,0,0,4812011.5,0,0,19248046.01,0,0,4812011.5,0,0,4812011.5,0,0,4812011.5,0,0,6416015.34,0,0,4812011.5,0,0,6416015.34,0,0,4812011.5
0,0,0,2020-07-20,COVHIV,0,0,0,0,0,0,0,0,0,0,0,0,0,0,0,0,0,0,0,0,0,0,0,0,0,0,0,0,0,0,0,0,0,0,0,0,0,0,0,0,0,0,0,0,0,0,0,0,0,0,4812011.5,0,0,4812011.5,0,0,4812011.5,0,0,4812011.5,0,0,4812011.5,0,0,4812011.5,0,0,4812011.5,0,0,4812011.5,0,0,4812011.5,0,0,4812011.5,0,0,4812011.5,0,0,4812011.5,0,0,4812011.5,0,0,4812011.5,0,0,4812011.5,0,0,4812011.5,0,0,4812011.5,0,0,4812011.5,0,0,4812011.5,0,0,4812011.5,0,0,4812011.5,0,0,4812011.5,0,0,4812011.5,0,0,4812011.5,0,0,4812011.5,0,0,4812011.5,0,0,4812011.5,0,0,6416015.34,0,0,6416015.34,0,0,6416015.34,0,0,6416015.34,0,0,4812011.5,0,0,4812011.5,0,0,4812011.5,0,0,4812011.5,0,0,4812011.5,0,0,4812011.5,0,0,4812011.5,0,0,4812011.5,0,0,4812011.5,0,0,19248046.01,0,0,4812011.5,0,0,4812011.5,0,0,4812011.5,0,0,6416015.34,0,0,4812011.5,0,0,6416015.34,0,0,4812011.5
0,0,0,2020-07-27,COVHIV,0,0,0,0,0,0,0,0,0,0,0,0,0,0,0,0,0,0,0,0,0,0,0,0,0,0,0,0,0,0,0,0,0,0,0,0,0,0,0,0,0,0,0,0,0,0,0,0,0,0,4812011.5,0,0,4812011.5,0,0,4812011.5,0,0,4812011.5,0,0,4812011.5,0,0,4812011.5,0,0,4812011.5,0,0,4812011.5,0,0,4812011.5,0,0,4812011.5,0,0,4812011.5,0,0,4812011.5,0,0,4812011.5,0,0,4812011.5,0,0,4812011.5,0,0,4812011.5,0,0,4812011.5,0,0,4812011.5,0,0,4812011.5,0,0,4812011.5,0,0,4812011.5,0,0,4812011.5,0,0,4812011.5,0,0,4812011.5,0,0,4812011.5,0,0,4812011.5,0,0,4812011.5,0,0,6416015.34,0,0,6416015.34,0,0,6416015.34,0,0,6416015.34,0,0,4812011.5,0,0,4812011.5,0,0,4812011.5,0,0,4812011.5,0,0,4812011.5,0,0,4812011.5,0,0,4812011.5,0,0,4812011.5,0,0,4812011.5,0,0,19248046.01,0,0,4812011.5,0,0,4812011.5,0,0,4812011.5,0,0,6416015.34,0,0,4812011.5,0,0,6416015.34,0,0,4812011.5
0,0,0,2020-08-03,COVHIV,0,0,0,0,0,0,0,0,0,0,0,0,0,0,0,0,0,0,0,0,0,0,0,0,0,0,0,0,0,0,0,0,0,0,0,0,0,0,0,0,0,0,0,0,0,0,0,0,0,0,4812011.5,0,0,4812011.5,0,0,4812011.5,0,0,4812011.5,0,0,4812011.5,0,0,4812011.5,0,0,4812011.5,0,0,4812011.5,0,0,4812011.5,0,0,4812011.5,0,0,4812011.5,0,0,4812011.5,0,0,4812011.5,0,0,4812011.5,0,0,4812011.5,0,0,4812011.5,0,0,4812011.5,0,0,4812011.5,0,0,4812011.5,0,0,4812011.5,0,0,4812011.5,0,0,4812011.5,0,0,4812011.5,0,0,4812011.5,0,0,4812011.5,0,0,4812011.5,0,0,4812011.5,0,0,6416015.34,0,0,6416015.34,0,0,6416015.34,0,0,6416015.34,0,0,4812011.5,0,0,4812011.5,0,0,4812011.5,0,0,4812011.5,0,0,4812011.5,0,0,4812011.5,0,0,4812011.5,0,0,4812011.5,0,0,4812011.5,0,0,19248046.01,0,0,4812011.5,0,0,4812011.5,0,0,4812011.5,0,0,6416015.34,0,0,4812011.5,0,0,6416015.34,0,0,4812011.5
0,0,0,2020-08-10,COVHIV,0,0,0,0,0,0,0,0,0,0,0,0,0,0,0,0,0,0,0,0,0,0,0,0,0,0,0,0,0,0,0,0,0,0,0,0,0,0,0,0,0,0,0,0,0,0,0,0,0,0,4812011.5,0,0,4812011.5,0,0,4812011.5,0,0,4812011.5,0,0,4812011.5,0,0,4812011.5,0,0,4812011.5,0,0,4812011.5,0,0,4812011.5,0,0,4812011.5,0,0,4812011.5,0,0,4812011.5,0,0,4812011.5,0,0,4812011.5,0,0,4812011.5,0,0,4812011.5,0,0,4812011.5,0,0,4812011.5,0,0,4812011.5,0,0,4812011.5,0,0,4812011.5,0,0,4812011.5,0,0,4812011.5,0,0,4812011.5,0,0,4812011.5,0,0,4812011.5,0,0,4812011.5,0,0,6416015.34,0,0,6416015.34,0,0,6416015.34,0,0,6416015.34,0,0,4812011.5,0,0,4812011.5,0,0,4812011.5,0,0,4812011.5,0,0,4812011.5,0,0,4812011.5,0,0,4812011.5,0,0,4812011.5,0,0,4812011.5,0,0,19248046.01,0,0,4812011.5,0,0,4812011.5,0,0,4812011.5,0,0,6416015.34,0,0,4812011.5,0,0,6416015.34,0,0,4812011.5
0,0,0,2020-08-17,COVHIV,0,0,0,0,0,0,0,0,0,0,0,0,0,0,0,0,0,0,0,0,0,0,0,0,0,0,0,0,0,0,0,0,0,0,0,0,0,0,0,0,0,0,0,0,0,0,0,0,0,0,4812011.5,0,0,4812011.5,0,0,4812011.5,0,0,4812011.5,0,0,4812011.5,0,0,4812011.5,0,0,4812011.5,0,0,4812011.5,0,0,4812011.5,0,0,4812011.5,0,0,4812011.5,0,0,4812011.5,0,0,4812011.5,0,0,4812011.5,0,0,4812011.5,0,0,4812011.5,0,0,4812011.5,0,0,4812011.5,0,0,4812011.5,0,0,4812011.5,0,0,4812011.5,0,0,4812011.5,0,0,4812011.5,0,0,4812011.5,0,0,4812011.5,0,0,4812011.5,0,0,4812011.5,0,0,6416015.34,0,0,6416015.34,0,0,6416015.34,0,0,6416015.34,0,0,4812011.5,0,0,4812011.5,0,0,4812011.5,0,0,4812011.5,0,0,4812011.5,0,0,4812011.5,0,0,4812011.5,0,0,4812011.5,0,0,4812011.5,0,0,19248046.01,0,0,4812011.5,0,0,4812011.5,0,0,4812011.5,0,0,6416015.34,0,0,4812011.5,0,0,6416015.34,0,0,4812011.5
0,0,0,2020-08-24,COVHIV,0,0,0,0,0,0,0,0,0,0,0,0,0,0,0,0,0,0,0,0,0,0,0,0,0,0,0,0,0,0,0,0,0,0,0,0,0,0,0,0,0,0,0,0,0,0,0,0,0,0,4812011.5,0,0,4812011.5,0,0,4812011.5,0,0,4812011.5,0,0,4812011.5,0,0,4812011.5,0,0,4812011.5,0,0,4812011.5,0,0,4812011.5,0,0,4812011.5,0,0,4812011.5,0,0,4812011.5,0,0,4812011.5,0,0,4812011.5,0,0,4812011.5,0,0,4812011.5,0,0,4812011.5,0,0,4812011.5,0,0,4812011.5,0,0,4812011.5,0,0,4812011.5,0,0,4812011.5,0,0,4812011.5,0,0,4812011.5,0,0,4812011.5,0,0,4812011.5,0,0,4812011.5,0,0,6416015.34,0,0,6416015.34,0,0,6416015.34,0,0,6416015.34,0,0,4812011.5,0,0,4812011.5,0,0,4812011.5,0,0,4812011.5,0,0,4812011.5,0,0,4812011.5,0,0,4812011.5,0,0,4812011.5,0,0,4812011.5,0,0,19248046.01,0,0,4812011.5,0,0,4812011.5,0,0,4812011.5,0,0,6416015.34,0,0,4812011.5,0,0,6416015.34,0,0,4812011.5
0,0,0,2020-08-31,COVHIV,0,0,0,0,0,0,0,0,0,0,0,0,0,0,0,0,0,0,0,0,0,0,0,0,0,0,0,0,0,0,0,0,0,0,0,0,0,0,0,0,0,0,0,0,0,0,0,0,0,0,4812011.5,0,0,4812011.5,0,0,4812011.5,0,0,4812011.5,0,0,4812011.5,0,0,4812011.5,0,0,4812011.5,0,0,4812011.5,0,0,4812011.5,0,0,4812011.5,0,0,4812011.5,0,0,4812011.5,0,0,4812011.5,0,0,4812011.5,0,0,4812011.5,0,0,4812011.5,0,0,4812011.5,0,0,4812011.5,0,0,4812011.5,0,0,4812011.5,0,0,4812011.5,0,0,4812011.5,0,0,4812011.5,0,0,4812011.5,0,0,4812011.5,0,0,4812011.5,0,0,4812011.5,0,0,6416015.34,0,0,6416015.34,0,0,6416015.34,0,0,6416015.34,0,0,4812011.5,0,0,4812011.5,0,0,4812011.5,0,0,4812011.5,0,0,4812011.5,0,0,4812011.5,0,0,4812011.5,0,0,4812011.5,0,0,4812011.5,0,0,19248046.01,0,0,4812011.5,0,0,4812011.5,0,0,4812011.5,0,0,6416015.34,0,0,4812011.5,0,0,6416015.34,0,0,4812011.5
0,0,0,2020-09-07,COVHIV,0,0,0,0,0,0,0,0,0,0,0,0,0,0,0,0,0,0,0,0,0,0,0,0,0,0,0,0,0,0,0,0,0,0,0,0,0,0,0,0,0,0,0,0,0,0,0,0,0,0,4812011.5,0,0,4812011.5,0,0,4812011.5,0,0,4812011.5,0,0,4812011.5,0,0,4812011.5,0,0,4812011.5,0,0,4812011.5,0,0,4812011.5,0,0,4812011.5,0,0,4812011.5,0,0,4812011.5,0,0,4812011.5,0,0,4812011.5,0,0,4812011.5,0,0,4812011.5,0,0,4812011.5,0,0,4812011.5,0,0,4812011.5,0,0,4812011.5,0,0,4812011.5,0,0,4812011.5,0,0,4812011.5,0,0,4812011.5,0,0,4812011.5,0,0,4812011.5,0,0,4812011.5,0,0,6416015.34,0,0,6416015.34,0,0,6416015.34,0,0,6416015.34,0,0,4812011.5,0,0,4812011.5,0,0,4812011.5,0,0,4812011.5,0,0,4812011.5,0,0,4812011.5,0,0,4812011.5,0,0,4812011.5,0,0,4812011.5,0,0,19248046.01,0,0,4812011.5,0,0,4812011.5,0,0,4812011.5,0,0,6416015.34,0,0,4812011.5,0,0,6416015.34,0,0,4812011.5
0,0,0,2020-09-14,COVHIV,0,0,0,0,0,0,0,0,0,0,0,0,0,0,0,0,0,0,0,0,0,0,0,0,0,0,0,0,0,0,0,0,0,0,0,0,0,0,0,0,0,0,0,0,0,0,0,0,0,0,4812011.5,0,0,4812011.5,0,0,4812011.5,0,0,4812011.5,0,0,4812011.5,0,0,4812011.5,0,0,4812011.5,0,0,4812011.5,0,0,4812011.5,0,0,4812011.5,0,0,4812011.5,0,0,4812011.5,0,0,4812011.5,0,0,4812011.5,0,0,4812011.5,0,0,4812011.5,0,0,4812011.5,0,0,4812011.5,0,0,4812011.5,0,0,4812011.5,0,0,4812011.5,0,0,4812011.5,0,0,4812011.5,0,0,4812011.5,0,0,4812011.5,0,0,4812011.5,0,0,4812011.5,0,0,6416015.34,0,0,6416015.34,0,0,6416015.34,0,0,6416015.34,0,0,4812011.5,0,0,4812011.5,0,0,4812011.5,0,0,4812011.5,0,0,4812011.5,0,0,4812011.5,0,0,4812011.5,0,0,4812011.5,0,0,4812011.5,0,0,19248046.01,0,0,4812011.5,0,0,4812011.5,0,0,4812011.5,0,0,6416015.34,0,0,4812011.5,0,0,6416015.34,0,0,4812011.5
0,0,0,2020-09-21,COVHIV,0,0,0,0,0,0,0,0,0,0,0,0,0,0,0,0,0,0,0,0,0,0,0,0,0,0,0,0,0,0,0,0,0,0,0,0,0,0,0,0,0,0,0,0,0,0,0,0,0,0,4812011.5,0,0,4812011.5,0,0,4812011.5,0,0,4812011.5,0,0,4812011.5,0,0,4812011.5,0,0,4812011.5,0,0,4812011.5,0,0,4812011.5,0,0,4812011.5,0,0,4812011.5,0,0,4812011.5,0,0,4812011.5,0,0,4812011.5,0,0,4812011.5,0,0,4812011.5,0,0,4812011.5,0,0,4812011.5,0,0,4812011.5,0,0,4812011.5,0,0,4812011.5,0,0,4812011.5,0,0,4812011.5,0,0,4812011.5,0,0,4812011.5,0,0,4812011.5,0,0,4812011.5,0,0,6416015.34,0,0,6416015.34,0,0,6416015.34,0,0,6416015.34,0,0,4812011.5,0,0,4812011.5,0,0,4812011.5,0,0,4812011.5,0,0,4812011.5,0,0,4812011.5,0,0,4812011.5,0,0,4812011.5,0,0,4812011.5,0,0,19248046.01,0,0,4812011.5,0,0,4812011.5,0,0,4812011.5,0,0,6416015.34,0,0,4812011.5,0,0,6416015.34,0,0,4812011.5
0,0,0,2020-09-28,COVHIV,0,0,0,0,0,0,0,0,0,0,0,0,0,0,0,0,0,0,0,0,0,0,0,0,0,0,0,0,0,0,0,0,0,0,0,0,0,0,0,0,0,0,0,0,0,0,0,0,0,0,4812011.5,0,0,4812011.5,0,0,4812011.5,0,0,4812011.5,0,0,4812011.5,0,0,4812011.5,0,0,4812011.5,0,0,4812011.5,0,0,4812011.5,0,0,4812011.5,0,0,4812011.5,0,0,4812011.5,0,0,4812011.5,0,0,4812011.5,0,0,4812011.5,0,0,4812011.5,0,0,4812011.5,0,0,4812011.5,0,0,4812011.5,0,0,4812011.5,0,0,4812011.5,0,0,4812011.5,0,0,4812011.5,0,0,4812011.5,0,0,4812011.5,0,0,4812011.5,0,0,4812011.5,0,0,6416015.34,0,0,6416015.34,0,0,6416015.34,0,0,6416015.34,0,0,4812011.5,0,0,4812011.5,0,0,4812011.5,0,0,4812011.5,0,0,4812011.5,0,0,4812011.5,0,0,4812011.5,0,0,4812011.5,0,0,4812011.5,0,0,19248046.01,0,0,4812011.5,0,0,4812011.5,0,0,4812011.5,0,0,6416015.34,0,0,4812011.5,0,0,6416015.34,0,0,4812011.5
0,0,0,2020-10-05,COVHIV,0,0,0,0,0,0,0,0,0,0,0,0,0,0,0,0,0,0,0,0,0,0,0,0,0,0,0,0,0,0,0,0,0,0,0,0,0,0,0,0,0,0,0,0,0,0,0,0,0,0,4812011.5,0,0,4812011.5,0,0,4812011.5,0,0,4812011.5,0,0,4812011.5,0,0,4812011.5,0,0,4812011.5,0,0,4812011.5,0,0,4812011.5,0,0,4812011.5,0,0,4812011.5,0,0,4812011.5,0,0,4812011.5,0,0,4812011.5,0,0,4812011.5,0,0,4812011.5,0,0,4812011.5,0,0,4812011.5,0,0,4812011.5,0,0,4812011.5,0,0,4812011.5,0,0,4812011.5,0,0,4812011.5,0,0,4812011.5,0,0,4812011.5,0,0,4812011.5,0,0,4812011.5,0,0,6416015.34,0,0,6416015.34,0,0,6416015.34,0,0,6416015.34,0,0,4812011.5,0,0,4812011.5,0,0,4812011.5,0,0,4812011.5,0,0,4812011.5,0,0,4812011.5,0,0,4812011.5,0,0,4812011.5,0,0,4812011.5,0,0,19248046.01,0,0,4812011.5,0,0,4812011.5,0,0,4812011.5,0,0,6416015.34,0,0,4812011.5,0,0,6416015.34,0,0,4812011.5
0,0,0,2020-10-12,COVHIV,0,0,0,0,0,0,0,0,0,0,0,0,0,0,0,0,0,0,0,0,0,0,0,0,0,0,0,0,0,0,0,0,0,0,0,0,0,0,0,0,0,0,0,0,0,0,0,0,0,0,4812011.5,0,0,4812011.5,0,0,4812011.5,0,0,4812011.5,0,0,4812011.5,0,0,4812011.5,0,0,4812011.5,0,0,4812011.5,0,0,4812011.5,0,0,4812011.5,0,0,4812011.5,0,0,4812011.5,0,0,4812011.5,0,0,4812011.5,0,0,4812011.5,0,0,4812011.5,0,0,4812011.5,0,0,4812011.5,0,0,4812011.5,0,0,4812011.5,0,0,4812011.5,0,0,4812011.5,0,0,4812011.5,0,0,4812011.5,0,0,4812011.5,0,0,4812011.5,0,0,4812011.5,0,0,6416015.34,0,0,6416015.34,0,0,6416015.34,0,0,6416015.34,0,0,4812011.5,0,0,4812011.5,0,0,4812011.5,0,0,4812011.5,0,0,4812011.5,0,0,4812011.5,0,0,4812011.5,0,0,4812011.5,0,0,4812011.5,0,0,19248046.01,0,0,4812011.5,0,0,4812011.5,0,0,4812011.5,0,0,6416015.34,0,0,4812011.5,0,0,6416015.34,0,0,4812011.5
0,0,0,2020-10-19,COVHIV,0,0,0,0,0,0,0,0,0,0,0,0,0,0,0,0,0,0,0,0,0,0,0,0,0,0,0,0,0,0,0,0,0,0,0,0,0,0,0,0,0,0,0,0,0,0,0,0,0,0,4812011.5,0,0,4812011.5,0,0,4812011.5,0,0,4812011.5,0,0,4812011.5,0,0,4812011.5,0,0,4812011.5,0,0,4812011.5,0,0,4812011.5,0,0,4812011.5,0,0,4812011.5,0,0,4812011.5,0,0,4812011.5,0,0,4812011.5,0,0,4812011.5,0,0,4812011.5,0,0,4812011.5,0,0,4812011.5,0,0,4812011.5,0,0,4812011.5,0,0,4812011.5,0,0,4812011.5,0,0,4812011.5,0,0,4812011.5,0,0,4812011.5,0,0,4812011.5,0,0,4812011.5,0,0,6416015.34,0,0,6416015.34,0,0,6416015.34,0,0,6416015.34,0,0,4812011.5,0,0,4812011.5,0,0,4812011.5,0,0,4812011.5,0,0,4812011.5,0,0,4812011.5,0,0,4812011.5,0,0,4812011.5,0,0,4812011.5,0,0,19248046.01,0,0,4812011.5,0,0,4812011.5,0,0,4812011.5,0,0,6416015.34,0,0,4812011.5,0,0,6416015.34,0,0,4812011.5
0,0,0,2020-10-26,COVHIV,0,0,0,0,0,0,0,0,0,0,0,0,0,0,0,0,0,0,0,0,0,0,0,0,0,0,0,0,0,0,0,0,0,0,0,0,0,0,0,0,0,0,0,0,0,0,0,0,0,0,4812011.5,0,0,4812011.5,0,0,4812011.5,0,0,4812011.5,0,0,4812011.5,0,0,4812011.5,0,0,4812011.5,0,0,4812011.5,0,0,4812011.5,0,0,4812011.5,0,0,4812011.5,0,0,4812011.5,0,0,4812011.5,0,0,4812011.5,0,0,4812011.5,0,0,4812011.5,0,0,4812011.5,0,0,4812011.5,0,0,4812011.5,0,0,4812011.5,0,0,4812011.5,0,0,4812011.5,0,0,4812011.5,0,0,4812011.5,0,0,4812011.5,0,0,4812011.5,0,0,4812011.5,0,0,6416015.34,0,0,6416015.34,0,0,6416015.34,0,0,6416015.34,0,0,4812011.5,0,0,4812011.5,0,0,4812011.5,0,0,4812011.5,0,0,4812011.5,0,0,4812011.5,0,0,4812011.5,0,0,4812011.5,0,0,4812011.5,0,0,19248046.01,0,0,4812011.5,0,0,4812011.5,0,0,4812011.5,0,0,6416015.34,0,0,4812011.5,0,0,6416015.34,0,0,4812011.5
0,0,0,2020-11-02,COVHIV,0,0,0,0,0,0,0,0,0,0,0,0,0,0,0,0,0,0,0,0,0,0,0,0,0,0,0,0,0,0,0,0,0,0,0,0,0,0,0,0,0,0,0,0,0,0,0,0,0,0,4812011.5,0,0,4812011.5,0,0,4812011.5,0,0,4812011.5,0,0,4812011.5,0,0,4812011.5,0,0,4812011.5,0,0,4812011.5,0,0,4812011.5,0,0,4812011.5,0,0,4812011.5,0,0,4812011.5,0,0,4812011.5,0,0,4812011.5,0,0,4812011.5,0,0,4812011.5,0,0,4812011.5,0,0,4812011.5,0,0,4812011.5,0,0,4812011.5,0,0,4812011.5,0,0,4812011.5,0,0,4812011.5,0,0,4812011.5,0,0,4812011.5,0,0,4812011.5,0,0,4812011.5,0,0,6416015.34,0,0,6416015.34,0,0,6416015.34,0,0,6416015.34,0,0,4812011.5,0,0,4812011.5,0,0,4812011.5,0,0,4812011.5,0,0,4812011.5,0,0,4812011.5,0,0,4812011.5,0,0,4812011.5,0,0,4812011.5,0,0,19248046.01,0,0,4812011.5,0,0,4812011.5,0,0,4812011.5,0,0,6416015.34,0,0,4812011.5,0,0,6416015.34,0,0,4812011.5
0,0,0,2020-11-09,COVHIV,0,0,0,0,0,0,0,0,0,0,0,0,0,0,0,0,0,0,0,0,0,0,0,0,0,0,0,0,0,0,0,0,0,0,0,0,0,0,0,0,0,0,0,0,0,0,0,0,0,0,4812011.5,0,0,4812011.5,0,0,4812011.5,0,0,4812011.5,0,0,4812011.5,0,0,4812011.5,0,0,4812011.5,0,0,4812011.5,0,0,4812011.5,0,0,4812011.5,0,0,4812011.5,0,0,4812011.5,0,0,4812011.5,0,0,4812011.5,0,0,4812011.5,0,0,4812011.5,0,0,4812011.5,0,0,4812011.5,0,0,4812011.5,0,0,4812011.5,0,0,4812011.5,0,0,4812011.5,0,0,4812011.5,0,0,4812011.5,0,0,4812011.5,0,0,4812011.5,0,0,4812011.5,0,0,6416015.34,0,0,6416015.34,0,0,6416015.34,0,0,6416015.34,0,0,4812011.5,0,0,4812011.5,0,0,4812011.5,0,0,4812011.5,0,0,4812011.5,0,0,4812011.5,0,0,4812011.5,0,0,4812011.5,0,0,4812011.5,0,0,19248046.01,0,0,4812011.5,0,0,4812011.5,0,0,4812011.5,0,0,6416015.34,0,0,4812011.5,0,0,6416015.34,0,0,4812011.5
0,0,0,2020-11-16,COVHIV,0,0,0,0,0,0,0,0,0,0,0,0,0,0,0,0,0,0,0,0,0,0,0,0,0,0,0,0,0,0,0,0,0,0,0,0,0,0,0,0,0,0,0,0,0,0,0,0,0,0,4812011.5,0,0,4812011.5,0,0,4812011.5,0,0,4812011.5,0,0,4812011.5,0,0,4812011.5,0,0,4812011.5,0,0,4812011.5,0,0,4812011.5,0,0,4812011.5,0,0,4812011.5,0,0,4812011.5,0,0,4812011.5,0,0,4812011.5,0,0,4812011.5,0,0,4812011.5,0,0,4812011.5,0,0,4812011.5,0,0,4812011.5,0,0,4812011.5,0,0,4812011.5,0,0,4812011.5,0,0,4812011.5,0,0,4812011.5,0,0,4812011.5,0,0,4812011.5,0,0,4812011.5,0,0,6416015.34,0,0,6416015.34,0,0,6416015.34,0,0,6416015.34,0,0,4812011.5,0,0,4812011.5,0,0,4812011.5,0,0,4812011.5,0,0,4812011.5,0,0,4812011.5,0,0,4812011.5,0,0,4812011.5,0,0,4812011.5,0,0,19248046.01,0,0,4812011.5,0,0,4812011.5,0,0,4812011.5,0,0,6416015.34,0,0,4812011.5,0,0,6416015.34,0,0,4812011.5
0,0,0,2020-11-23,COVHIV,0,0,0,0,0,0,0,0,0,0,0,0,0,0,0,0,0,0,0,0,0,0,0,0,0,0,0,0,0,0,0,0,0,0,0,0,0,0,0,0,0,0,0,0,0,0,0,0,0,0,4812011.5,0,0,4812011.5,0,0,4812011.5,0,0,4812011.5,0,0,4812011.5,0,0,4812011.5,0,0,4812011.5,0,0,4812011.5,0,0,4812011.5,0,0,4812011.5,0,0,4812011.5,0,0,4812011.5,0,0,4812011.5,0,0,4812011.5,0,0,4812011.5,0,0,4812011.5,0,0,4812011.5,0,0,4812011.5,0,0,4812011.5,0,0,4812011.5,0,0,4812011.5,0,0,4812011.5,0,0,4812011.5,0,0,4812011.5,0,0,4812011.5,0,0,4812011.5,0,0,4812011.5,0,0,6416015.34,0,0,6416015.34,0,0,6416015.34,0,0,6416015.34,0,0,4812011.5,0,0,4812011.5,0,0,4812011.5,0,0,4812011.5,0,0,4812011.5,0,0,4812011.5,0,0,4812011.5,0,0,4812011.5,0,0,4812011.5,0,0,19248046.01,0,0,4812011.5,0,0,4812011.5,0,0,4812011.5,0,0,6416015.34,0,0,4812011.5,0,0,6416015.34,0,0,4812011.5
0,0,0,2020-11-30,COVHIV,0,0,0,0,0,0,0,0,0,0,0,0,0,0,0,0,0,0,0,0,0,0,0,0,0,0,0,0,0,0,0,0,0,0,0,0,0,1,0,0,0,0,0,0,0,0,0,0,0,0,4812011.5,0,0,4812011.5,0,0,4812011.5,0,0,4812011.5,0,0,4812011.5,0,0,4812011.5,0,0,4812011.5,0,0,4812011.5,0,0,4812011.5,0,0,4812011.5,0,0,4812011.5,0,0,4812011.5,0,0,4812011.5,0,0,4812011.5,0,0,4812011.5,0,0,4812011.5,0,0,4812011.5,0,0,4812011.5,0,0,4812011.5,0,0,4812011.5,0,0,4812011.5,0,0,4812011.5,0,0,4812011.5,0,0,4812011.5,0,0,4812011.5,0,0,4812011.5,0,0,4812011.5,0,0,6416015.34,0,0,6416015.34,0,0,6416015.34,0,0,6416015.34,0,0,4812011.5,0,0,4812011.5,0,0,4812011.5,0,0,4812011.5,0,0,4812011.5,0,0,4812011.5,0,0,4812011.5,0,0,4812011.5,0,0,4812011.5,12175000,308244.31,67834758.28,0,0,4812011.5,0,0,4812011.5,0,0,4812011.5,0,0,6416015.34,0,0,4812011.5,0,0,6416015.34,0,0,4812011.5
0,0,0,2020-12-07,COVHIV,0,0,0,0,0,0,0,0,0,0,0,0,0,0,0,0,0,0,0,0,0,0,0,0,0,0,0,0,0,0,0,0,0,0,0,0,0,0,0,0,0,0,0,0,0,0,0,0,0,0,4812011.5,0,0,4812011.5,0,0,4812011.5,0,0,4812011.5,0,0,4812011.5,0,0,4812011.5,0,0,4812011.5,0,0,4812011.5,0,0,4812011.5,0,0,4812011.5,0,0,4812011.5,0,0,4812011.5,0,0,4812011.5,0,0,4812011.5,0,0,4812011.5,0,0,4812011.5,0,0,4812011.5,0,0,4812011.5,0,0,4812011.5,0,0,4812011.5,0,0,4812011.5,0,0,4812011.5,0,0,4812011.5,0,0,4812011.5,0,0,4812011.5,0,0,4812011.5,0,0,4812011.5,0,0,6416015.34,0,0,6416015.34,0,0,6416015.34,0,0,6416015.34,0,0,4812011.5,0,0,4812011.5,0,0,4812011.5,0,0,4812011.5,0,0,4812011.5,0,0,4812011.5,0,0,4812011.5,0,0,4812011.5,0,0,4812011.5,,,0,0,0,4812011.5,0,0,4812011.5,0,0,4812011.5,0,0,6416015.34,0,0,4812011.5,0,0,6416015.34,0,0,4812011.5
0,0,0,2020-12-14,COVHIV,0,0,0,0,0,0,0,0,0,0,0,0,0,0,0,0,0,0,0,0,0,0,0,0,0,0,0,0,0,0,0,0,0,0,0,0,0,0,0,0,0,0,0,0,0,0,0,0,0,0,4812011.5,0,0,4812011.5,0,0,4812011.5,0,0,4812011.5,0,0,4812011.5,0,0,4812011.5,0,0,4812011.5,0,0,4812011.5,0,0,4812011.5,0,0,4812011.5,0,0,4812011.5,0,0,4812011.5,0,0,4812011.5,0,0,4812011.5,0,0,4812011.5,0,0,4812011.5,0,0,4812011.5,0,0,4812011.5,0,0,4812011.5,0,0,4812011.5,0,0,4812011.5,0,0,4812011.5,0,0,4812011.5,0,0,4812011.5,0,0,4812011.5,0,0,4812011.5,0,0,4812011.5,0,0,6416015.34,0,0,6416015.34,0,0,6416015.34,0,0,6416015.34,0,0,4812011.5,0,0,4812011.5,0,0,4812011.5,0,0,4812011.5,0,0,4812011.5,0,0,4812011.5,0,0,4812011.5,0,0,4812011.5,0,0,4812011.5,,,0,0,0,4812011.5,0,0,4812011.5,0,0,4812011.5,0,0,6416015.34,0,0,4812011.5,0,0,6416015.34,0,0,4812011.5
0,0,0,2020-12-21,COVHIV,0,0,0,0,0,0,0,0,0,0,0,0,0,0,0,0,0,0,0,0,0,0,0,0,0,0,0,0,0,0,0,0,0,0,0,0,0,0,0,0,0,0,0,0,0,0,0,0,0,0,4812011.5,0,0,4812011.5,0,0,4812011.5,0,0,4812011.5,0,0,4812011.5,0,0,4812011.5,0,0,4812011.5,0,0,4812011.5,0,0,4812011.5,0,0,4812011.5,0,0,4812011.5,0,0,4812011.5,0,0,4812011.5,0,0,4812011.5,0,0,4812011.5,0,0,4812011.5,0,0,4812011.5,0,0,4812011.5,0,0,4812011.5,0,0,4812011.5,0,0,4812011.5,0,0,4812011.5,0,0,4812011.5,0,0,4812011.5,0,0,4812011.5,0,0,4812011.5,0,0,4812011.5,0,0,6416015.34,0,0,6416015.34,0,0,6416015.34,0,0,6416015.34,0,0,4812011.5,0,0,4812011.5,0,0,4812011.5,0,0,4812011.5,0,0,4812011.5,0,0,4812011.5,0,0,4812011.5,0,0,4812011.5,0,0,4812011.5,,,0,0,0,4812011.5,0,0,4812011.5,0,0,4812011.5,0,0,6416015.34,0,0,4812011.5,0,0,6416015.34,0,0,4812011.5
0,0,0,2020-12-28,COVHIV,0,0,0,0,0,0,0,0,0,0,0,0,0,0,0,0,0,0,0,0,0,0,0,0,0,0,0,0,0,0,0,0,0,0,0,0,0,0,0,0,0,0,0,0,0,0,0,0,0,0,4812011.5,0,0,4812011.5,0,0,4812011.5,0,0,4812011.5,0,0,4812011.5,0,0,4812011.5,0,0,4812011.5,0,0,4812011.5,0,0,4812011.5,0,0,4812011.5,0,0,4812011.5,0,0,4812011.5,0,0,4812011.5,0,0,4812011.5,0,0,4812011.5,0,0,4812011.5,0,0,4812011.5,0,0,4812011.5,0,0,4812011.5,0,0,4812011.5,0,0,4812011.5,0,0,4812011.5,0,0,4812011.5,0,0,4812011.5,0,0,4812011.5,0,0,4812011.5,0,0,4812011.5,0,0,6416015.34,0,0,6416015.34,0,0,6416015.34,0,0,6416015.34,0,0,4812011.5,0,0,4812011.5,0,0,4812011.5,0,0,4812011.5,0,0,4812011.5,0,0,4812011.5,0,0,4812011.5,0,0,4812011.5,0,0,4812011.5,,,0,0,0,4812011.5,0,0,4812011.5,0,0,4812011.5,0,0,6416015.34,0,0,4812011.5,0,0,6416015.34,0,0,4812011.5
0,0,0,2021-01-04,COVHIV,0,0,0,0,0,0,0,0,0,0,0,0,0,0,0,0,0,0,0,0,0,0,0,0,0,0,0,0,0,0,0,0,0,0,0,0,0,0,0,0,0,0,0,0,0,0,0,0,0,0,4812011.5,0,0,4812011.5,0,0,4812011.5,0,0,4812011.5,0,0,4812011.5,0,0,4812011.5,0,0,4812011.5,0,0,4812011.5,0,0,4812011.5,0,0,4812011.5,0,0,4812011.5,0,0,4812011.5,0,0,4812011.5,0,0,4812011.5,0,0,4812011.5,0,0,4812011.5,0,0,4812011.5,0,0,4812011.5,0,0,4812011.5,0,0,4812011.5,0,0,4812011.5,0,0,4812011.5,0,0,4812011.5,0,0,4812011.5,0,0,4812011.5,0,0,4812011.5,0,0,4812011.5,0,0,6416015.34,0,0,6416015.34,0,0,6416015.34,0,0,6416015.34,0,0,4812011.5,0,0,4812011.5,0,0,4812011.5,0,0,4812011.5,0,0,4812011.5,0,0,4812011.5,0,0,4812011.5,0,0,4812011.5,0,0,4812011.5,,,0,0,0,4812011.5,0,0,4812011.5,0,0,4812011.5,0,0,6416015.34,0,0,4812011.5,0,0,6416015.34,0,0,4812011.5
0,0,0,2021-01-11,COVHIV,0,0,0,0,0,0,0,0,0,0,0,0,0,0,0,0,0,0,0,0,0,0,0,0,0,0,0,0,0,0,0,0,0,0,0,0,0,0,0,0,0,0,0,0,0,0,0,0,0,0,4812011.5,0,0,4812011.5,0,0,4812011.5,0,0,4812011.5,0,0,4812011.5,0,0,4812011.5,0,0,4812011.5,0,0,4812011.5,0,0,4812011.5,0,0,4812011.5,0,0,4812011.5,0,0,4812011.5,0,0,4812011.5,0,0,4812011.5,0,0,4812011.5,0,0,4812011.5,0,0,4812011.5,0,0,4812011.5,0,0,4812011.5,0,0,4812011.5,0,0,4812011.5,0,0,4812011.5,0,0,4812011.5,0,0,4812011.5,0,0,4812011.5,0,0,4812011.5,0,0,4812011.5,0,0,6416015.34,0,0,6416015.34,0,0,6416015.34,0,0,6416015.34,0,0,4812011.5,0,0,4812011.5,0,0,4812011.5,0,0,4812011.5,0,0,4812011.5,0,0,4812011.5,0,0,4812011.5,0,0,4812011.5,0,0,4812011.5,,,0,0,0,4812011.5,0,0,4812011.5,0,0,4812011.5,0,0,6416015.34,0,0,4812011.5,0,0,6416015.34,0,0,4812011.5
0,0,0,2021-01-18,COVHIV,0,0,0,0,0,0,0,0,0,0,0,0,0,0,0,0,0,0,0,0,0,0,0,0,0,0,0,0,0,0,0,0,0,0,0,0,0,0,0,0,0,0,0,0,0,0,0,0,0,0,4812011.5,0,0,4812011.5,0,0,4812011.5,0,0,4812011.5,0,0,4812011.5,0,0,4812011.5,0,0,4812011.5,0,0,4812011.5,0,0,4812011.5,0,0,4812011.5,0,0,4812011.5,0,0,4812011.5,0,0,4812011.5,0,0,4812011.5,0,0,4812011.5,0,0,4812011.5,0,0,4812011.5,0,0,4812011.5,0,0,4812011.5,0,0,4812011.5,0,0,4812011.5,0,0,4812011.5,0,0,4812011.5,0,0,4812011.5,0,0,4812011.5,0,0,4812011.5,0,0,4812011.5,0,0,6416015.34,0,0,6416015.34,0,0,6416015.34,0,0,6416015.34,0,0,4812011.5,0,0,4812011.5,0,0,4812011.5,0,0,4812011.5,0,0,4812011.5,0,0,4812011.5,0,0,4812011.5,0,0,4812011.5,0,0,4812011.5,,,0,0,0,4812011.5,0,0,4812011.5,0,0,4812011.5,0,0,6416015.34,0,0,4812011.5,0,0,6416015.34,0,0,4812011.5
0,0,0,2021-01-25,COVHIV,0,0,0,0,0,0,0,0,0,0,0,0,0,0,0,0,0,0,0,0,0,0,0,0,0,0,0,0,0,0,0,0,0,0,0,0,0,0,0,0,0,0,0,0,0,0,0,0,0,0,4812011.5,0,0,4812011.5,0,0,4812011.5,0,0,4812011.5,0,0,4812011.5,0,0,4812011.5,0,0,4812011.5,0,0,4812011.5,0,0,4812011.5,0,0,4812011.5,0,0,4812011.5,0,0,4812011.5,0,0,4812011.5,0,0,4812011.5,0,0,4812011.5,0,0,4812011.5,0,0,4812011.5,0,0,4812011.5,0,0,4812011.5,0,0,4812011.5,0,0,4812011.5,0,0,4812011.5,0,0,4812011.5,0,0,4812011.5,0,0,4812011.5,0,0,4812011.5,0,0,4812011.5,0,0,6416015.34,0,0,6416015.34,0,0,6416015.34,0,0,6416015.34,0,0,4812011.5,0,0,4812011.5,0,0,4812011.5,0,0,4812011.5,0,0,4812011.5,0,0,4812011.5,0,0,4812011.5,0,0,4812011.5,0,0,4812011.5,,,0,0,0,4812011.5,0,0,4812011.5,0,0,4812011.5,0,0,6416015.34,0,0,4812011.5,0,0,6416015.34,0,0,4812011.5
0,0,0,2021-02-01,COVHIV,0,0,0,0,0,0,0,0,0,0,0,0,0,0,0,0,0,0,0,0,0,0,0,0,0,0,0,0,0,0,0,0,0,0,0,0,0,0,0,0,0,0,0,0,0,0,0,0,0,0,4812011.5,0,0,4812011.5,0,0,4812011.5,0,0,4812011.5,0,0,4812011.5,0,0,4812011.5,0,0,4812011.5,0,0,4812011.5,0,0,4812011.5,0,0,4812011.5,0,0,4812011.5,0,0,4812011.5,0,0,4812011.5,0,0,4812011.5,0,0,4812011.5,0,0,4812011.5,0,0,4812011.5,0,0,4812011.5,0,0,4812011.5,0,0,4812011.5,0,0,4812011.5,0,0,4812011.5,0,0,4812011.5,0,0,4812011.5,0,0,4812011.5,0,0,4812011.5,0,0,4812011.5,0,0,6416015.34,0,0,6416015.34,0,0,6416015.34,0,0,6416015.34,0,0,4812011.5,0,0,4812011.5,0,0,4812011.5,0,0,4812011.5,0,0,4812011.5,0,0,4812011.5,0,0,4812011.5,0,0,4812011.5,0,0,4812011.5,,,0,0,0,4812011.5,0,0,4812011.5,0,0,4812011.5,0,0,6416015.34,0,0,4812011.5,0,0,6416015.34,0,0,4812011.5
0,0,0,2021-02-08,COVHIV,0,0,0,0,0,0,0,0,0,0,0,0,0,0,0,0,0,0,0,0,0,0,0,0,0,0,0,0,0,0,0,0,0,0,0,0,0,0,0,0,0,0,0,0,0,0,0,0,0,0,4812011.5,0,0,4812011.5,0,0,4812011.5,0,0,4812011.5,0,0,4812011.5,0,0,4812011.5,0,0,4812011.5,0,0,4812011.5,0,0,4812011.5,0,0,4812011.5,0,0,4812011.5,0,0,4812011.5,0,0,4812011.5,0,0,4812011.5,0,0,4812011.5,0,0,4812011.5,0,0,4812011.5,0,0,4812011.5,0,0,4812011.5,0,0,4812011.5,0,0,4812011.5,0,0,4812011.5,0,0,4812011.5,0,0,4812011.5,0,0,4812011.5,0,0,4812011.5,0,0,4812011.5,0,0,6416015.34,0,0,6416015.34,0,0,6416015.34,0,0,6416015.34,0,0,4812011.5,0,0,4812011.5,0,0,4812011.5,0,0,4812011.5,0,0,4812011.5,0,0,4812011.5,0,0,4812011.5,0,0,4812011.5,0,0,4812011.5,,,0,0,0,4812011.5,0,0,4812011.5,0,0,4812011.5,0,0,6416015.34,0,0,4812011.5,0,0,6416015.34,0,0,4812011.5
0,0,0,2021-02-15,COVHIV,0,0,0,0,0,0,0,0,0,0,0,0,0,0,0,0,0,0,0,0,0,0,0,0,0,0,0,0,0,0,0,0,0,0,0,0,0,0,0,0,0,0,0,0,0,0,0,0,0,0,4812011.5,0,0,4812011.5,0,0,4812011.5,0,0,4812011.5,0,0,4812011.5,0,0,4812011.5,0,0,4812011.5,0,0,4812011.5,0,0,4812011.5,0,0,4812011.5,0,0,4812011.5,0,0,4812011.5,0,0,4812011.5,0,0,4812011.5,0,0,4812011.5,0,0,4812011.5,0,0,4812011.5,0,0,4812011.5,0,0,4812011.5,0,0,4812011.5,0,0,4812011.5,0,0,4812011.5,0,0,4812011.5,0,0,4812011.5,0,0,4812011.5,0,0,4812011.5,0,0,4812011.5,0,0,6416015.34,0,0,6416015.34,0,0,6416015.34,0,0,6416015.34,0,0,4812011.5,0,0,4812011.5,0,0,4812011.5,0,0,4812011.5,0,0,4812011.5,0,0,4812011.5,0,0,4812011.5,0,0,4812011.5,0,0,4812011.5,,,0,0,0,4812011.5,0,0,4812011.5,0,0,4812011.5,0,0,6416015.34,0,0,4812011.5,0,0,6416015.34,0,0,4812011.5
0,0,0,2021-02-22,COVHIV,0,0,0,0,0,0,0,0,0,0,0,0,0,0,0,0,0,0,0,0,0,0,0,0,0,0,0,0,0,0,0,0,0,0,0,0,0,0,0,0,0,0,0,0,0,0,0,0,0,0,4812011.5,0,0,4812011.5,0,0,4812011.5,0,0,4812011.5,0,0,4812011.5,0,0,4812011.5,0,0,4812011.5,0,0,4812011.5,0,0,4812011.5,0,0,4812011.5,0,0,4812011.5,0,0,4812011.5,0,0,4812011.5,0,0,4812011.5,0,0,4812011.5,0,0,4812011.5,0,0,4812011.5,0,0,4812011.5,0,0,4812011.5,0,0,4812011.5,0,0,4812011.5,0,0,4812011.5,0,0,4812011.5,0,0,4812011.5,0,0,4812011.5,0,0,4812011.5,0,0,4812011.5,0,0,6416015.34,0,0,6416015.34,0,0,6416015.34,0,0,6416015.34,0,0,4812011.5,0,0,4812011.5,0,0,4812011.5,0,0,4812011.5,0,0,4812011.5,0,0,4812011.5,0,0,4812011.5,0,0,4812011.5,0,0,4812011.5,,,0,0,0,4812011.5,0,0,4812011.5,0,0,4812011.5,0,0,6416015.34,0,0,4812011.5,0,0,6416015.34,0,0,4812011.5
0,0,0,2021-03-01,COVHIV,0,0,0,0,0,0,0,0,0,0,0,0,0,0,0,0,0,0,0,0,0,0,0,0,0,0,0,0,0,0,0,0,0,0,0,0,0,0,0,0,0,0,0,0,0,0,0,0,0,0,4812011.5,0,0,4812011.5,0,0,4812011.5,0,0,4812011.5,0,0,4812011.5,0,0,4812011.5,0,0,4812011.5,0,0,4812011.5,0,0,4812011.5,0,0,4812011.5,0,0,4812011.5,0,0,4812011.5,0,0,4812011.5,0,0,4812011.5,0,0,4812011.5,0,0,4812011.5,0,0,4812011.5,0,0,4812011.5,0,0,4812011.5,0,0,4812011.5,0,0,4812011.5,0,0,4812011.5,0,0,4812011.5,0,0,4812011.5,0,0,4812011.5,0,0,4812011.5,0,0,4812011.5,0,0,6416015.34,0,0,6416015.34,0,0,6416015.34,0,0,6416015.34,0,0,4812011.5,0,0,4812011.5,0,0,4812011.5,0,0,4812011.5,0,0,4812011.5,0,0,4812011.5,0,0,4812011.5,0,0,4812011.5,0,0,4812011.5,,,0,0,0,4812011.5,0,0,4812011.5,0,0,4812011.5,0,0,6416015.34,0,0,4812011.5,0,0,6416015.34,0,0,4812011.5
0,0,0,2021-03-08,COVHIV,0,0,0,0,0,0,0,0,0,0,0,0,0,0,0,0,0,0,0,0,0,0,0,0,0,0,0,0,0,0,0,0,0,0,0,0,0,0,0,0,0,0,0,0,0,0,0,0,0,0,4812011.5,0,0,4812011.5,0,0,4812011.5,0,0,4812011.5,0,0,4812011.5,0,0,4812011.5,0,0,4812011.5,0,0,4812011.5,0,0,4812011.5,0,0,4812011.5,0,0,4812011.5,0,0,4812011.5,0,0,4812011.5,0,0,4812011.5,0,0,4812011.5,0,0,4812011.5,0,0,4812011.5,0,0,4812011.5,0,0,4812011.5,0,0,4812011.5,0,0,4812011.5,0,0,4812011.5,0,0,4812011.5,0,0,4812011.5,0,0,4812011.5,0,0,4812011.5,0,0,4812011.5,0,0,6416015.34,0,0,6416015.34,0,0,6416015.34,0,0,6416015.34,0,0,4812011.5,0,0,4812011.5,0,0,4812011.5,0,0,4812011.5,0,0,4812011.5,0,0,4812011.5,0,0,4812011.5,0,0,4812011.5,0,0,4812011.5,,,0,0,0,4812011.5,0,0,4812011.5,0,0,4812011.5,0,0,6416015.34,0,0,4812011.5,0,0,6416015.34,0,0,4812011.5
0,0,0,2021-03-15,COVHIV,0,0,0,0,0,0,0,0,0,0,0,0,0,0,0,0,0,0,0,0,0,0,0,0,0,0,0,0,0,0,0,0,0,0,0,0,0,0,0,0,0,0,0,0,0,0,0,0,0,0,4812011.5,0,0,4812011.5,0,0,4812011.5,0,0,4812011.5,0,0,4812011.5,0,0,4812011.5,0,0,4812011.5,0,0,4812011.5,0,0,4812011.5,0,0,4812011.5,0,0,4812011.5,0,0,4812011.5,0,0,4812011.5,0,0,4812011.5,0,0,4812011.5,0,0,4812011.5,0,0,4812011.5,0,0,4812011.5,0,0,4812011.5,0,0,4812011.5,0,0,4812011.5,0,0,4812011.5,0,0,4812011.5,0,0,4812011.5,0,0,4812011.5,0,0,4812011.5,0,0,4812011.5,0,0,6416015.34,0,0,6416015.34,0,0,6416015.34,0,0,6416015.34,0,0,4812011.5,0,0,4812011.5,0,0,4812011.5,0,0,4812011.5,0,0,4812011.5,0,0,4812011.5,0,0,4812011.5,0,0,4812011.5,0,0,4812011.5,,,0,0,0,4812011.5,0,0,4812011.5,0,0,4812011.5,0,0,6416015.34,0,0,4812011.5,0,0,6416015.34,0,0,4812011.5
0,0,0,2021-03-22,COVHIV,0,0,0,0,0,0,0,0,0,0,0,0,0,0,0,0,0,0,0,0,0,0,0,0,0,0,0,0,0,0,0,0,0,0,0,0,0,0,0,0,0,0,0,0,0,0,0,0,0,0,5614013.42,0,0,5614013.42,0,0,5614013.42,0,0,5614013.42,0,0,5614013.42,0,0,5614013.42,0,0,5614013.42,0,0,5614013.42,0,0,5614013.42,0,0,5614013.42,0,0,5614013.42,0,0,5614013.42,0,0,5614013.42,0,0,5614013.42,0,0,5614013.42,0,0,5614013.42,0,0,5614013.42,0,0,5614013.42,0,0,5614013.42,0,0,5614013.42,0,0,5614013.42,0,0,5614013.42,0,0,5614013.42,0,0,5614013.42,0,0,5614013.42,0,0,5614013.42,0,0,5614013.42,0,0,7925666,0,0,7925666,0,0,7925666,0,0,7925666,0,0,5614013.42,0,0,5614013.42,0,0,5614013.42,0,0,5614013.42,0,0,5614013.42,0,0,5614013.42,0,0,5614013.42,0,0,5614013.42,0,0,5614013.42,,,0,0,0,5614013.42,0,0,5614013.42,0,0,5614013.42,0,0,7925666,0,0,5614013.42,0,0,7925666,0,0,5614013.42
0,0,0,2021-03-29,COVHIV,0,0,0,0,0,0,0,0,0,0,0,0,0,0,0,0,0,0,0,0,0,0,0,0,0,0,0,0,0,0,0,0,0,0,0,0,0,0,0,0,0,0,0,0,0,0,0,0,0,0,6416015.34,0,0,6416015.34,0,0,6416015.34,0,0,6416015.34,0,0,6416015.34,0,0,6416015.34,0,0,6416015.34,0,0,6416015.34,0,0,6416015.34,0,0,6416015.34,0,0,6416015.34,0,0,6416015.34,0,0,6416015.34,0,0,6416015.34,0,0,6416015.34,0,0,6416015.34,0,0,6416015.34,0,0,6416015.34,0,0,6416015.34,0,0,6416015.34,0,0,6416015.34,0,0,6416015.34,0,0,6416015.34,0,0,6416015.34,0,0,6416015.34,0,0,6416015.34,0,0,6416015.34,0,0,9624023,0,0,9624023,0,0,9624023,0,0,9624023,0,0,6416015.34,0,0,6416015.34,0,0,6416015.34,0,0,6416015.34,0,0,6416015.34,0,0,6416015.34,0,0,6416015.34,0,0,6416015.34,0,0,6416015.34,,,0,0,0,6416015.34,0,0,6416015.34,0,0,6416015.34,0,0,9624023,0,0,6416015.34,0,0,9624023,0,0,6416015.34
0,0,0,2021-04-05,COVHIV,0,0,0,0,0,0,0,0,0,0,0,0,0,0,0,0,0,0,0,0,0,0,0,0,0,0,0,0,0,0,0,0,0,0,0,0,0,0,0,0,0,0,0,0,0,0,0,0,0,0,9624023,0,0,9624023,0,0,9624023,0,0,9624023,0,0,9624023,0,0,9624023,0,0,9624023,0,0,9624023,0,0,9624023,0,0,9624023,0,0,9624023,0,0,9624023,0,0,9624023,0,0,9624023,0,0,9624023,0,0,9624023,0,0,9624023,0,0,9624023,0,0,9624023,0,0,9624023,0,0,9624023,0,0,9624023,0,0,9624023,0,0,9624023,0,0,9624023,0,0,9624023,0,0,9624023,0,0,19248046.01,0,0,19248046.01,0,0,19248046.01,0,0,19248046.01,0,0,9624023,0,0,9624023,0,0,9624023,0,0,9624023,0,0,9624023,0,0,9624023,0,0,9624023,0,0,9624023,0,0,9624023,,,0,0,0,9624023,0,0,9624023,0,0,9624023,0,0,19248046.01,0,0,9624023,0,0,19248046.01,0,0,9624023
0,0,0,2021-04-12,COVHIV,0,0,0,0,0,0,0,0,0,0,0,0,0,0,0,0,0,0,0,0,0,0,0,0,0,0,0,0,0,0,0,0,0,0,0,0,0,0,0,0,0,0,0,0,0,0,0,0,0,0,9624023,0,0,9624023,0,0,9624023,0,0,9624023,0,0,9624023,0,0,9624023,0,0,9624023,0,0,9624023,0,0,9624023,0,0,9624023,0,0,9624023,0,0,9624023,0,0,9624023,0,0,9624023,0,0,9624023,0,0,9624023,0,0,9624023,0,0,9624023,0,0,9624023,0,0,9624023,0,0,9624023,0,0,9624023,0,0,9624023,0,0,9624023,0,0,9624023,0,0,9624023,0,0,9624023,0,0,19248046.01,0,0,19248046.01,0,0,19248046.01,0,0,19248046.01,0,0,9624023,0,0,9624023,0,0,9624023,0,0,9624023,0,0,9624023,0,0,9624023,0,0,9624023,0,0,9624023,0,0,9624023,,,0,0,0,9624023,0,0,9624023,0,0,9624023,0,0,19248046.01,0,0,9624023,0,0,19248046.01,0,0,9624023
0,0,0,2021-04-19,COVHIV,0,0,0,0,0,0,0,0,0,0,0,0,0,0,0,0,0,0,0,0,0,0,0,0,0,0,0,0,0,0,0,0,0,0,0,0,0,0,0,0,0,0,0,0,0,0,0,0,0,0,9624023,0,0,9624023,0,0,9624023,0,0,9624023,0,0,9624023,0,0,9624023,0,0,9624023,0,0,9624023,0,0,9624023,0,0,9624023,0,0,9624023,0,0,9624023,0,0,9624023,0,0,9624023,0,0,9624023,0,0,9624023,0,0,9624023,0,0,9624023,0,0,9624023,0,0,9624023,0,0,9624023,0,0,9624023,0,0,9624023,0,0,9624023,0,0,9624023,0,0,9624023,0,0,9624023,0,0,19248046.01,0,0,19248046.01,0,0,19248046.01,0,0,19248046.01,0,0,9624023,0,0,9624023,0,0,9624023,0,0,9624023,0,0,9624023,0,0,9624023,0,0,9624023,0,0,9624023,0,0,9624023,,,0,0,0,9624023,0,0,9624023,0,0,9624023,0,0,19248046.01,0,0,9624023,0,0,19248046.01,0,0,9624023
0,0,0,2021-04-26,COVHIV,0,0,0,0,0,0,0,0,0,0,0,0,0,0,0,0,0,0,0,0,0,0,0,0,0,0,0,0,0,0,0,0,0,0,0,0,0,0,0,0,0,0,0,0,0,0,0,0,0,0,9624023,0,0,9624023,0,0,9624023,0,0,9624023,0,0,9624023,0,0,9624023,0,0,9624023,0,0,9624023,0,0,9624023,0,0,9624023,0,0,9624023,0,0,9624023,0,0,9624023,0,0,9624023,0,0,9624023,0,0,9624023,0,0,9624023,0,0,9624023,0,0,9624023,0,0,9624023,0,0,9624023,0,0,9624023,0,0,9624023,0,0,9624023,0,0,9624023,0,0,9624023,0,0,9624023,0,0,19248046.01,0,0,19248046.01,0,0,19248046.01,0,0,19248046.01,0,0,9624023,0,0,9624023,0,0,9624023,0,0,9624023,0,0,9624023,0,0,9624023,0,0,9624023,0,0,9624023,0,0,9624023,,,0,0,0,9624023,0,0,9624023,0,0,9624023,0,0,19248046.01,0,0,9624023,0,0,19248046.01,0,0,9624023
0,0,0,2021-05-03,COVHIV,0,0,0,0,0,0,0,0,0,0,0,0,0,0,0,0,0,0,0,0,0,0,0,0,0,0,0,0,0,0,0,0,0,0,0,0,0,0,0,0,0,0,0,0,0,0,0,0,0,0,9624023,0,0,9624023,0,0,9624023,0,0,9624023,0,0,9624023,0,0,9624023,0,0,9624023,0,0,9624023,0,0,9624023,0,0,9624023,0,0,9624023,0,0,9624023,0,0,9624023,0,0,9624023,0,0,9624023,0,0,9624023,0,0,9624023,0,0,9624023,0,0,9624023,0,0,9624023,0,0,9624023,0,0,9624023,0,0,9624023,0,0,9624023,0,0,9624023,0,0,9624023,0,0,9624023,0,0,19248046.01,0,0,19248046.01,0,0,19248046.01,0,0,19248046.01,0,0,9624023,0,0,9624023,0,0,9624023,0,0,9624023,0,0,9624023,0,0,9624023,0,0,9624023,0,0,9624023,0,0,9624023,,,0,0,0,9624023,0,0,9624023,0,0,9624023,0,0,19248046.01,0,0,9624023,0,0,19248046.01,0,0,9624023
0,0,0,2021-05-10,COVHIV,0,0,0,0,0,0,0,0,0,0,0,0,0,0,0,0,0,0,0,0,0,0,0,0,0,0,0,0,0,0,0,0,0,0,0,0,0,0,0,0,0,0,0,0,0,0,0,0,0,0,9624023,0,0,9624023,0,0,9624023,0,0,9624023,0,0,9624023,0,0,9624023,0,0,9624023,0,0,9624023,0,0,9624023,0,0,9624023,0,0,9624023,0,0,9624023,0,0,9624023,0,0,9624023,0,0,9624023,0,0,9624023,0,0,9624023,0,0,9624023,0,0,9624023,0,0,9624023,0,0,9624023,0,0,9624023,0,0,9624023,0,0,9624023,0,0,9624023,0,0,9624023,0,0,9624023,0,0,19248046.01,0,0,19248046.01,0,0,19248046.01,0,0,19248046.01,0,0,9624023,0,0,9624023,0,0,9624023,0,0,9624023,0,0,9624023,0,0,9624023,0,0,9624023,0,0,9624023,0,0,9624023,,,0,0,0,9624023,0,0,9624023,0,0,9624023,0,0,19248046.01,0,0,9624023,0,0,19248046.01,0,0,9624023
0,0,0,2021-05-17,COVHIV,0,0,0,0,0,0,0,0,0,0,0,0,0,0,0,0,0,0,0,0,0,0,0,0,0,0,0,0,0,0,0,0,0,0,0,0,0,0,0,0,0,0,0,0,0,0,0,0,0,0,9624023,0,0,9624023,0,0,9624023,0,0,9624023,0,0,9624023,0,0,9624023,0,0,9624023,0,0,9624023,0,0,9624023,0,0,9624023,0,0,9624023,0,0,9624023,0,0,9624023,0,0,9624023,0,0,9624023,0,0,9624023,0,0,9624023,0,0,9624023,0,0,9624023,0,0,9624023,0,0,9624023,0,0,9624023,0,0,9624023,0,0,9624023,0,0,9624023,0,0,9624023,0,0,9624023,0,0,19248046.01,0,0,19248046.01,0,0,19248046.01,0,0,19248046.01,0,0,9624023,0,0,9624023,0,0,9624023,0,0,9624023,0,0,9624023,0,0,9624023,0,0,9624023,0,0,9624023,0,0,9624023,,,0,0,0,9624023,0,0,9624023,0,0,9624023,0,0,19248046.01,0,0,9624023,0,0,19248046.01,0,0,9624023
0,0,0,2021-05-24,COVHIV,0,0,0,0,0,0,0,0,0,0,0,0,0,0,0,0,0,0,0,0,0,0,0,0,0,0,0,0,0,0,0,0,0,0,0,0,0,0,0,0,0,0,0,0,0,0,0,0,0,0,9624023,0,0,9624023,0,0,9624023,0,0,9624023,0,0,9624023,0,0,9624023,0,0,9624023,0,0,9624023,0,0,9624023,0,0,9624023,0,0,9624023,0,0,9624023,0,0,9624023,0,0,9624023,0,0,9624023,0,0,9624023,0,0,9624023,0,0,9624023,0,0,9624023,0,0,9624023,0,0,9624023,0,0,9624023,0,0,9624023,0,0,9624023,0,0,9624023,0,0,9624023,0,0,9624023,0,0,19248046.01,0,0,19248046.01,0,0,19248046.01,0,0,19248046.01,0,0,9624023,0,0,9624023,0,0,9624023,0,0,9624023,0,0,9624023,0,0,9624023,0,0,9624023,0,0,9624023,0,0,9624023,,,0,0,0,9624023,0,0,9624023,0,0,9624023,0,0,19248046.01,0,0,9624023,0,0,19248046.01,0,0,9624023
0,0,0,2021-05-31,COVHIV,0,0,0,0,0,0,0,0,0,0,0,0,0,0,0,0,0,0,0,0,0,0,0,0,0,0,0,0,0,0,0,0,0,0,0,0,0,0,0,0,0,0,0,0,0,0,0,0,0,0,14970702.45,0,0,14970702.45,0,0,14970702.45,0,0,14970702.45,0,0,14970702.45,0,0,14970702.45,0,0,14970702.45,0,0,14970702.45,0,0,14970702.45,0,0,14970702.45,0,0,14970702.45,0,0,14970702.45,0,0,14970702.45,0,0,14970702.45,0,0,14970702.45,0,0,14970702.45,0,0,14970702.45,0,0,14970702.45,0,0,14970702.45,0,0,14970702.45,0,0,14970702.45,0,0,14970702.45,0,0,14970702.45,0,0,14970702.45,0,0,14970702.45,0,0,14970702.45,0,0,14970702.45,0,0,67368161.03,0,0,67368161.03,0,0,67368161.03,0,0,67368161.03,0,0,14970702.45,0,0,14970702.45,0,0,14970702.45,0,0,14970702.45,0,0,14970702.45,0,0,14970702.45,0,0,14970702.45,0,0,14970702.45,0,0,14970702.45,,,0,0,0,14970702.45,0,0,14970702.45,0,0,14970702.45,0,0,67368161.03,0,0,14970702.45,0,0,67368161.03,0,0,14970702.45
0,0,0,2021-06-07,COVHIV,0,0,0,0,0,0,0,0,0,0,0,0,0,0,0,0,0,0,0,0,0,0,0,0,0,0,0,0,0,0,0,0,0,0,0,0,0,0,0,0,0,0,0,0,0,0,0,0,0,0,19248046.01,0,0,19248046.01,0,0,19248046.01,0,0,19248046.01,0,0,19248046.01,0,0,19248046.01,0,0,19248046.01,0,0,19248046.01,0,0,19248046.01,0,0,19248046.01,0,0,19248046.01,0,0,19248046.01,0,0,19248046.01,0,0,19248046.01,0,0,19248046.01,0,0,19248046.01,0,0,19248046.01,0,0,19248046.01,0,0,19248046.01,0,0,19248046.01,0,0,19248046.01,0,0,19248046.01,0,0,19248046.01,0,0,19248046.01,0,0,19248046.01,0,0,19248046.01,0,0,19248046.01,,,0,,,0,,,0,,,0,0,0,19248046.01,0,0,19248046.01,0,0,19248046.01,0,0,19248046.01,0,0,19248046.01,0,0,19248046.01,0,0,19248046.01,0,0,19248046.01,0,0,19248046.01,,,0,0,0,19248046.01,0,0,19248046.01,0,0,19248046.01,,,0,0,0,19248046.01,,,0,0,0,19248046.01
0,0,0,2021-06-14,COVHIV,0,0,0,0,0,0,0,0,0,0,0,0,0,0,0,0,0,0,0,0,0,0,0,0,0,0,0,0,0,0,0,0,0,0,0,0,0,0,0,0,0,0,0,0,0,0,0,0,0,0,19248046.01,0,0,19248046.01,0,0,19248046.01,0,0,19248046.01,0,0,19248046.01,0,0,19248046.01,0,0,19248046.01,0,0,19248046.01,0,0,19248046.01,0,0,19248046.01,0,0,19248046.01,0,0,19248046.01,0,0,19248046.01,0,0,19248046.01,0,0,19248046.01,0,0,19248046.01,0,0,19248046.01,0,0,19248046.01,0,0,19248046.01,0,0,19248046.01,0,0,19248046.01,0,0,19248046.01,0,0,19248046.01,0,0,19248046.01,0,0,19248046.01,0,0,19248046.01,0,0,19248046.01,,,0,,,0,,,0,,,0,0,0,19248046.01,0,0,19248046.01,0,0,19248046.01,0,0,19248046.01,0,0,19248046.01,0,0,19248046.01,0,0,19248046.01,0,0,19248046.01,0,0,19248046.01,,,0,0,0,19248046.01,0,0,19248046.01,0,0,19248046.01,,,0,0,0,19248046.01,,,0,0,0,19248046.01
0,0,0,2021-06-21,COVHIV,0,0,0,0,0,0,0,0,0,0,0,0,0,0,0,0,0,0,0,0,0,0,0,0,0,0,0,0,0,0,0,0,0,0,0,0,0,0,0,0,0,0,0,0,0,0,0,0,0,0,19248046.01,0,0,19248046.01,0,0,19248046.01,0,0,19248046.01,0,0,19248046.01,0,0,19248046.01,0,0,19248046.01,0,0,19248046.01,0,0,19248046.01,0,0,19248046.01,0,0,19248046.01,0,0,19248046.01,0,0,19248046.01,0,0,19248046.01,0,0,19248046.01,0,0,19248046.01,0,0,19248046.01,0,0,19248046.01,0,0,19248046.01,0,0,19248046.01,0,0,19248046.01,0,0,19248046.01,0,0,19248046.01,0,0,19248046.01,0,0,19248046.01,0,0,19248046.01,0,0,19248046.01,,,0,,,0,,,0,,,0,0,0,19248046.01,0,0,19248046.01,0,0,19248046.01,0,0,19248046.01,0,0,19248046.01,0,0,19248046.01,0,0,19248046.01,0,0,19248046.01,0,0,19248046.01,,,0,0,0,19248046.01,0,0,19248046.01,0,0,19248046.01,,,0,0,0,19248046.01,,,0,0,0,19248046.01
0,0,0,2021-06-28,COVHIV,0,0,0,0,0,0,0,0,0,0,0,0,0,0,0,0,0,0,0,0,0,0,0,0,0,0,0,0,0,0,0,0,0,0,0,0,0,0,0,0,0,0,0,0,0,0,0,0,0,0,44912107.35,0,0,44912107.35,0,0,44912107.35,0,0,44912107.35,0,0,44912107.35,0,0,44912107.35,0,0,44912107.35,0,0,44912107.35,0,0,44912107.35,0,0,44912107.35,0,0,44912107.35,0,0,44912107.35,0,0,44912107.35,0,0,44912107.35,0,0,44912107.35,0,0,44912107.35,0,0,44912107.35,0,0,44912107.35,0,0,44912107.35,0,0,44912107.35,0,0,44912107.35,0,0,44912107.35,0,0,44912107.35,0,0,44912107.35,0,0,44912107.35,0,0,44912107.35,0,0,44912107.35,,,0,,,0,,,0,,,0,0,0,44912107.35,0,0,44912107.35,0,0,44912107.35,0,0,44912107.35,0,0,44912107.35,0,0,44912107.35,0,0,44912107.35,0,0,44912107.35,0,0,44912107.35,,,0,0,0,44912107.35,0,0,44912107.35,0,0,44912107.35,,,0,0,0,44912107.35,,,0,0,0,44912107.35
0,1,Moderna,2021-05-31,COVHIV,0,0,0,0,0,0,0,0,0,0,0,0,0,0,0,0,0,0,0,0,0,0,0,0,0,0,0,0,0,0,0,0,0,0,0,0,0,0,0,0,0,0,0,0,0,0,0,0,0,0,26947264.41,0,0,26947264.41,0,0,26947264.41,0,0,26947264.41,0,0,26947264.41,0,0,26947264.41,0,0,26947264.41,0,0,26947264.41,0,0,26947264.41,0,0,26947264.41,0,0,26947264.41,0,0,26947264.41,0,0,26947264.41,0,0,26947264.41,0,0,26947264.41,0,0,26947264.41,0,0,26947264.41,0,0,26947264.41,0,0,26947264.41,0,0,26947264.41,0,0,26947264.41,0,0,26947264.41,0,0,26947264.41,0,0,26947264.41,0,0,26947264.41,0,0,26947264.41,0,0,26947264.41,0,0,26947264.41,0,0,26947264.41,0,0,26947264.41,0,0,26947264.41,0,0,26947264.41,0,0,26947264.41,0,0,26947264.41,0,0,26947264.41,0,0,26947264.41,0,0,26947264.41,0,0,26947264.41,0,0,26947264.41,0,0,26947264.41,,,0,0,0,26947264.41,0,0,26947264.41,0,0,26947264.41,0,0,26947264.41,0,0,26947264.41,0,0,26947264.41,0,0,26947264.41
0,1,Moderna,2021-06-07,COVHIV,0,0,0,0,0,0,0,0,0,0,0,0,0,0,0,0,0,0,0,0,0,0,0,0,0,0,0,0,0,0,0,0,0,0,0,0,0,0,0,0,0,0,0,0,0,0,0,0,0,0,19248046.01,0,0,19248046.01,0,0,19248046.01,0,0,19248046.01,0,0,19248046.01,0,0,19248046.01,0,0,19248046.01,0,0,19248046.01,0,0,19248046.01,0,0,19248046.01,0,0,19248046.01,0,0,19248046.01,0,0,19248046.01,0,0,19248046.01,0,0,19248046.01,0,0,19248046.01,0,0,19248046.01,0,0,19248046.01,0,0,19248046.01,0,0,19248046.01,0,0,19248046.01,0,0,19248046.01,0,0,19248046.01,0,0,19248046.01,0,0,19248046.01,0,0,19248046.01,0,0,19248046.01,0,0,19248046.01,0,0,19248046.01,0,0,19248046.01,0,0,19248046.01,0,0,19248046.01,0,0,19248046.01,0,0,19248046.01,0,0,19248046.01,0,0,19248046.01,0,0,19248046.01,0,0,19248046.01,0,0,19248046.01,0,0,19248046.01,,,0,0,0,19248046.01,0,0,19248046.01,0,0,19248046.01,0,0,19248046.01,0,0,19248046.01,0,0,19248046.01,0,0,19248046.01
0,1,Moderna,2021-06-14,COVHIV,0,0,0,0,0,0,0,0,0,0,0,0,0,0,0,0,0,0,0,0,0,0,0,0,0,0,0,0,0,0,0,0,0,0,0,0,0,0,0,0,0,0,0,0,0,0,0,0,0,0,19248046.01,0,0,19248046.01,0,0,19248046.01,0,0,19248046.01,0,0,19248046.01,0,0,19248046.01,0,0,19248046.01,0,0,19248046.01,0,0,19248046.01,0,0,19248046.01,0,0,19248046.01,0,0,19248046.01,0,0,19248046.01,0,0,19248046.01,0,0,19248046.01,0,0,19248046.01,0,0,19248046.01,0,0,19248046.01,0,0,19248046.01,0,0,19248046.01,0,0,19248046.01,0,0,19248046.01,0,0,19248046.01,0,0,19248046.01,0,0,19248046.01,0,0,19248046.01,0,0,19248046.01,0,0,19248046.01,0,0,19248046.01,0,0,19248046.01,0,0,19248046.01,0,0,19248046.01,0,0,19248046.01,0,0,19248046.01,0,0,19248046.01,0,0,19248046.01,0,0,19248046.01,0,0,19248046.01,0,0,19248046.01,0,0,19248046.01,,,0,0,0,19248046.01,0,0,19248046.01,0,0,19248046.01,0,0,19248046.01,0,0,19248046.01,0,0,19248046.01,0,0,19248046.01
0,1,Moderna,2021-06-21,COVHIV,0,0,0,0,0,0,0,0,0,0,0,0,0,0,0,0,0,0,0,0,0,0,0,0,0,0,0,0,0,0,0,0,0,0,0,0,0,0,0,0,0,0,0,0,0,0,0,0,0,0,19248046.01,0,0,19248046.01,0,0,19248046.01,0,0,19248046.01,0,0,19248046.01,0,0,19248046.01,0,0,19248046.01,0,0,19248046.01,0,0,19248046.01,0,0,19248046.01,0,0,19248046.01,0,0,19248046.01,0,0,19248046.01,0,0,19248046.01,0,0,19248046.01,0,0,19248046.01,0,0,19248046.01,0,0,19248046.01,0,0,19248046.01,0,0,19248046.01,0,0,19248046.01,0,0,19248046.01,0,0,19248046.01,0,0,19248046.01,0,0,19248046.01,0,0,19248046.01,0,0,19248046.01,0,0,19248046.01,0,0,19248046.01,0,0,19248046.01,0,0,19248046.01,0,0,19248046.01,0,0,19248046.01,0,0,19248046.01,0,0,19248046.01,0,0,19248046.01,0,0,19248046.01,0,0,19248046.01,0,0,19248046.01,0,0,19248046.01,,,0,0,0,19248046.01,0,0,19248046.01,0,0,19248046.01,0,0,19248046.01,0,0,19248046.01,0,0,19248046.01,0,0,19248046.01
0,1,Moderna,2021-06-28,COVHIV,0,0,0,0,0,0,0,0,0,0,0,0,0,0,0,0,0,0,0,0,0,0,0,0,0,0,0,0,0,0,0,0,0,0,0,0,0,0,0,0,0,0,0,0,0,0,0,0,0,0,44912107.35,0,0,44912107.35,0,0,44912107.35,0,0,44912107.35,0,0,44912107.35,0,0,44912107.35,0,0,44912107.35,0,0,44912107.35,0,0,44912107.35,0,0,44912107.35,0,0,44912107.35,0,0,44912107.35,0,0,44912107.35,0,0,44912107.35,0,0,44912107.35,0,0,44912107.35,0,0,44912107.35,0,0,44912107.35,0,0,44912107.35,0,0,44912107.35,0,0,44912107.35,0,0,44912107.35,0,0,44912107.35,0,0,44912107.35,0,0,44912107.35,0,0,44912107.35,0,0,44912107.35,0,0,44912107.35,0,0,44912107.35,0,0,44912107.35,0,0,44912107.35,0,0,44912107.35,0,0,44912107.35,0,0,44912107.35,0,0,44912107.35,0,0,44912107.35,0,0,44912107.35,0,0,44912107.35,0,0,44912107.35,0,0,44912107.35,,,0,0,0,44912107.35,0,0,44912107.35,0,0,44912107.35,0,0,44912107.35,0,0,44912107.35,0,0,44912107.35,0,0,44912107.35
0,1,Moderna,2021-04-05,COVHIV,0,0,0,0,0,0,0,0,0,0,0,0,0,0,0,0,0,0,0,0,0,0,0,0,0,0,0,0,0,0,0,0,0,0,0,0,0,0,0,0,0,0,0,0,0,0,0,0,0,0,9624023,0,0,9624023,0,0,9624023,0,0,9624023,0,0,9624023,0,0,9624023,0,0,9624023,0,0,9624023,0,0,9624023,0,0,9624023,0,0,9624023,0,0,9624023,0,0,9624023,0,0,9624023,0,0,9624023,0,0,9624023,0,0,9624023,0,0,9624023,0,0,9624023,0,0,9624023,0,0,9624023,0,0,9624023,0,0,9624023,0,0,9624023,0,0,9624023,0,0,9624023,0,0,9624023,0,0,9624023,0,0,9624023,0,0,9624023,0,0,9624023,0,0,9624023,0,0,9624023,0,0,9624023,0,0,9624023,0,0,9624023,0,0,9624023,0,0,9624023,0,0,9624023,0,0,9624023,,,0,0,0,9624023,0,0,9624023,0,0,9624023,0,0,9624023,0,0,9624023,0,0,9624023,0,0,9624023
0,1,Moderna,2021-04-12,COVHIV,0,0,0,0,0,0,0,0,0,0,0,0,0,0,0,0,0,0,0,0,0,0,0,0,0,0,0,0,0,0,0,0,0,0,0,0,0,0,0,0,0,0,0,0,0,0,0,0,0,0,9624023,0,0,9624023,0,0,9624023,0,0,9624023,0,0,9624023,0,0,9624023,0,0,9624023,0,0,9624023,0,0,9624023,0,0,9624023,0,0,9624023,0,0,9624023,0,0,9624023,0,0,9624023,0,0,9624023,0,0,9624023,0,0,9624023,0,0,9624023,0,0,9624023,0,0,9624023,0,0,9624023,0,0,9624023,0,0,9624023,0,0,9624023,0,0,9624023,0,0,9624023,0,0,9624023,0,0,9624023,0,0,9624023,0,0,9624023,0,0,9624023,0,0,9624023,0,0,9624023,0,0,9624023,0,0,9624023,0,0,9624023,0,0,9624023,0,0,9624023,0,0,9624023,0,0,9624023,,,0,0,0,9624023,0,0,9624023,0,0,9624023,0,0,9624023,0,0,9624023,0,0,9624023,0,0,9624023
0,1,Moderna,2021-04-19,COVHIV,0,0,0,0,0,0,0,0,0,0,0,0,0,0,0,0,0,0,0,0,0,0,0,0,0,0,0,0,0,0,0,0,0,0,0,0,0,0,0,0,0,0,0,0,0,0,0,0,0,0,12248756.55,0,0,12248756.55,0,0,12248756.55,0,0,12248756.55,0,0,12248756.55,0,0,12248756.55,0,0,12248756.55,0,0,12248756.55,0,0,12248756.55,0,0,12248756.55,0,0,12248756.55,0,0,12248756.55,0,0,12248756.55,0,0,12248756.55,0,0,12248756.55,0,0,12248756.55,0,0,12248756.55,0,0,12248756.55,0,0,12248756.55,0,0,12248756.55,0,0,12248756.55,0,0,12248756.55,0,0,12248756.55,0,0,12248756.55,0,0,12248756.55,0,0,12248756.55,0,0,12248756.55,0,0,12248756.55,0,0,12248756.55,0,0,12248756.55,0,0,12248756.55,0,0,12248756.55,0,0,12248756.55,0,0,12248756.55,0,0,12248756.55,0,0,12248756.55,0,0,12248756.55,0,0,12248756.55,0,0,12248756.55,0,0,12248756.55,,,0,0,0,12248756.55,0,0,12248756.55,0,0,12248756.55,0,0,12248756.55,0,0,12248756.55,0,0,12248756.55,0,0,12248756.55
0,1,Moderna,2021-04-26,COVHIV,0,0,0,0,0,0,0,0,0,0,0,0,0,0,0,0,0,0,0,0,0,0,0,0,0,0,0,0,0,0,0,0,0,0,0,0,0,0,0,0,0,0,0,0,0,0,0,0,0,0,19248046.01,0,0,19248046.01,0,0,19248046.01,0,0,19248046.01,0,0,19248046.01,0,0,19248046.01,0,0,19248046.01,0,0,19248046.01,0,0,19248046.01,0,0,19248046.01,0,0,19248046.01,0,0,19248046.01,0,0,19248046.01,0,0,19248046.01,0,0,19248046.01,0,0,19248046.01,0,0,19248046.01,0,0,19248046.01,0,0,19248046.01,0,0,19248046.01,0,0,19248046.01,0,0,19248046.01,0,0,19248046.01,0,0,19248046.01,0,0,19248046.01,0,0,19248046.01,0,0,19248046.01,0,0,19248046.01,0,0,19248046.01,0,0,19248046.01,0,0,19248046.01,0,0,19248046.01,0,0,19248046.01,0,0,19248046.01,0,0,19248046.01,0,0,19248046.01,0,0,19248046.01,0,0,19248046.01,0,0,19248046.01,0,0,19248046.01,,,0,0,0,19248046.01,0,0,19248046.01,0,0,19248046.01,0,0,19248046.01,0,0,19248046.01,0,0,19248046.01,0,0,19248046.01
0,1,Moderna,2021-05-03,COVHIV,0,0,0,0,0,0,0,0,0,0,0,0,0,0,0,0,0,0,0,0,0,0,0,0,0,0,0,0,0,0,0,0,0,0,0,0,0,0,0,0,0,0,0,0,0,0,0,0,0,0,26947264.41,0,0,26947264.41,0,0,26947264.41,0,0,26947264.41,0,0,26947264.41,0,0,26947264.41,0,0,26947264.41,0,0,26947264.41,0,0,26947264.41,0,0,26947264.41,0,0,26947264.41,0,0,26947264.41,0,0,26947264.41,0,0,26947264.41,0,0,26947264.41,0,0,26947264.41,0,0,26947264.41,0,0,26947264.41,0,0,26947264.41,0,0,26947264.41,0,0,26947264.41,0,0,26947264.41,0,0,26947264.41,0,0,26947264.41,0,0,26947264.41,0,0,26947264.41,0,0,26947264.41,0,0,26947264.41,0,0,26947264.41,0,0,26947264.41,0,0,26947264.41,0,0,26947264.41,0,0,26947264.41,0,0,26947264.41,0,0,26947264.41,0,0,26947264.41,0,0,26947264.41,0,0,26947264.41,0,0,26947264.41,0,0,26947264.41,,,0,0,0,26947264.41,0,0,26947264.41,0,0,26947264.41,0,0,26947264.41,0,0,26947264.41,0,0,26947264.41,0,0,26947264.41
0,2,Moderna,2021-05-03,COVHIV,0,0,0,0,0,0,0,0,0,0,0,0,0,0,0,0,0,0,0,0,0,0,0,0,0,0,0,0,0,0,0,0,0,0,0,0,0,0,0,0,0,0,0,0,0,0,0,0,0,0,14970702.45,0,0,14970702.45,0,0,14970702.45,0,0,14970702.45,0,0,14970702.45,0,0,14970702.45,0,0,14970702.45,0,0,14970702.45,0,0,14970702.45,0,0,14970702.45,0,0,14970702.45,0,0,14970702.45,0,0,14970702.45,0,0,14970702.45,0,0,14970702.45,0,0,14970702.45,0,0,14970702.45,0,0,14970702.45,0,0,14970702.45,0,0,14970702.45,0,0,14970702.45,0,0,14970702.45,0,0,14970702.45,0,0,14970702.45,0,0,14970702.45,0,0,14970702.45,0,0,14970702.45,0,0,14970702.45,0,0,14970702.45,0,0,14970702.45,0,0,14970702.45,0,0,14970702.45,0,0,14970702.45,0,0,14970702.45,0,0,14970702.45,0,0,14970702.45,0,0,14970702.45,0,0,14970702.45,0,0,14970702.45,0,0,14970702.45,,,0,0,0,14970702.45,0,0,14970702.45,0,0,14970702.45,0,0,14970702.45,0,0,14970702.45,0,0,14970702.45,0,0,14970702.45
0,2,Moderna,2021-05-10,COVHIV,0,0,0,0,0,0,0,0,0,0,0,0,0,0,0,0,0,0,0,0,0,0,0,0,0,0,0,0,0,0,0,0,0,0,0,0,0,0,0,0,0,0,0,0,0,0,0,0,0,0,9624023,0,0,9624023,0,0,9624023,0,0,9624023,0,0,9624023,0,0,9624023,0,0,9624023,0,0,9624023,0,0,9624023,0,0,9624023,0,0,9624023,0,0,9624023,0,0,9624023,0,0,9624023,0,0,9624023,0,0,9624023,0,0,9624023,0,0,9624023,0,0,9624023,0,0,9624023,0,0,9624023,0,0,9624023,0,0,9624023,0,0,9624023,0,0,9624023,0,0,9624023,0,0,9624023,0,0,9624023,0,0,9624023,0,0,9624023,0,0,9624023,0,0,9624023,0,0,9624023,0,0,9624023,0,0,9624023,0,0,9624023,0,0,9624023,0,0,9624023,0,0,9624023,0,0,9624023,,,0,0,0,9624023,0,0,9624023,0,0,9624023,0,0,9624023,0,0,9624023,0,0,9624023,0,0,9624023
0,2,Moderna,2021-05-17,COVHIV,0,0,0,0,0,0,0,0,0,0,0,0,0,0,0,0,0,0,0,0,0,0,0,0,0,0,0,0,0,0,0,0,0,0,0,0,0,0,0,0,0,0,0,0,0,0,0,0,0,0,9624023,0,0,9624023,0,0,9624023,0,0,9624023,0,0,9624023,0,0,9624023,0,0,9624023,0,0,9624023,0,0,9624023,0,0,9624023,0,0,9624023,0,0,9624023,0,0,9624023,0,0,9624023,0,0,9624023,0,0,9624023,0,0,9624023,0,0,9624023,0,0,9624023,0,0,9624023,0,0,9624023,0,0,9624023,0,0,9624023,0,0,9624023,0,0,9624023,0,0,9624023,0,0,9624023,0,0,9624023,0,0,9624023,0,0,9624023,0,0,9624023,0,0,9624023,0,0,9624023,0,0,9624023,0,0,9624023,0,0,9624023,0,0,9624023,0,0,9624023,0,0,9624023,0,0,9624023,,,0,0,0,9624023,0,0,9624023,0,0,9624023,0,0,9624023,0,0,9624023,0,0,9624023,0,0,9624023
0,2,Moderna,2021-05-24,COVHIV,0,0,0,0,0,0,0,0,0,0,0,0,0,0,0,0,0,0,0,0,0,0,0,0,0,0,0,0,0,0,0,0,0,0,0,0,0,0,0,0,0,0,0,0,0,0,0,0,0,0,9624023,0,0,9624023,0,0,9624023,0,0,9624023,0,0,9624023,0,0,9624023,0,0,9624023,0,0,9624023,0,0,9624023,0,0,9624023,0,0,9624023,0,0,9624023,0,0,9624023,0,0,9624023,0,0,9624023,0,0,9624023,0,0,9624023,0,0,9624023,0,0,9624023,0,0,9624023,0,0,9624023,0,0,9624023,0,0,9624023,0,0,9624023,0,0,9624023,0,0,9624023,0,0,9624023,0,0,9624023,0,0,9624023,0,0,9624023,0,0,9624023,0,0,9624023,0,0,9624023,0,0,9624023,0,0,9624023,0,0,9624023,0,0,9624023,0,0,9624023,0,0,9624023,0,0,9624023,,,0,0,0,9624023,0,0,9624023,0,0,9624023,0,0,9624023,0,0,9624023,0,0,9624023,0,0,9624023
0,2,Moderna,2021-05-31,COVHIV,0,0,0,0,0,0,0,0,0,0,0,0,0,0,0,0,0,0,0,0,0,0,0,0,0,0,0,0,0,0,0,0,0,0,0,0,0,0,0,0,0,0,0,0,0,0,0,0,0,0,9624023,0,0,9624023,0,0,9624023,0,0,9624023,0,0,9624023,0,0,9624023,0,0,9624023,0,0,9624023,0,0,9624023,0,0,9624023,0,0,9624023,0,0,9624023,0,0,9624023,0,0,9624023,0,0,9624023,0,0,9624023,0,0,9624023,0,0,9624023,0,0,9624023,0,0,9624023,0,0,9624023,0,0,9624023,0,0,9624023,0,0,9624023,0,0,9624023,0,0,9624023,0,0,9624023,0,0,9624023,0,0,9624023,0,0,9624023,0,0,9624023,0,0,9624023,0,0,9624023,0,0,9624023,0,0,9624023,0,0,9624023,0,0,9624023,0,0,9624023,0,0,9624023,0,0,9624023,,,0,0,0,9624023,0,0,9624023,0,0,9624023,0,0,9624023,0,0,9624023,0,0,9624023,0,0,9624023
0,2,Moderna,2021-06-07,COVHIV,0,0,0,0,0,0,0,0,0,0,0,0,0,0,0,0,0,0,0,0,0,0,0,0,0,0,0,0,0,0,0,0,0,0,0,0,0,0,0,0,0,0,0,0,0,0,0,0,0,0,9624023,0,0,9624023,0,0,9624023,0,0,9624023,0,0,9624023,0,0,9624023,0,0,9624023,0,0,9624023,0,0,9624023,0,0,9624023,0,0,9624023,0,0,9624023,0,0,9624023,0,0,9624023,0,0,9624023,0,0,9624023,0,0,9624023,0,0,9624023,0,0,9624023,0,0,9624023,0,0,9624023,0,0,9624023,0,0,9624023,0,0,9624023,0,0,9624023,0,0,9624023,0,0,9624023,0,0,9624023,0,0,9624023,0,0,9624023,0,0,9624023,0,0,9624023,0,0,9624023,0,0,9624023,0,0,9624023,0,0,9624023,0,0,9624023,0,0,9624023,0,0,9624023,0,0,9624023,,,0,0,0,9624023,0,0,9624023,0,0,9624023,0,0,9624023,0,0,9624023,0,0,9624023,0,0,9624023
0,2,Moderna,2021-06-14,COVHIV,0,0,0,0,0,0,0,0,0,0,0,0,0,0,0,0,0,0,0,0,0,0,0,0,0,0,0,0,0,0,0,0,0,0,0,0,0,0,0,0,0,0,0,0,0,0,0,0,0,0,9624023,0,0,9624023,0,0,9624023,0,0,9624023,0,0,9624023,0,0,9624023,0,0,9624023,0,0,9624023,0,0,9624023,0,0,9624023,0,0,9624023,0,0,9624023,0,0,9624023,0,0,9624023,0,0,9624023,0,0,9624023,0,0,9624023,0,0,9624023,0,0,9624023,0,0,9624023,0,0,9624023,0,0,9624023,0,0,9624023,0,0,9624023,0,0,9624023,0,0,9624023,0,0,9624023,0,0,9624023,0,0,9624023,0,0,9624023,0,0,9624023,0,0,9624023,0,0,9624023,0,0,9624023,0,0,9624023,0,0,9624023,0,0,9624023,0,0,9624023,0,0,9624023,0,0,9624023,,,0,0,0,9624023,0,0,9624023,0,0,9624023,0,0,9624023,0,0,9624023,0,0,9624023,0,0,9624023
0,2,Moderna,2021-06-21,COVHIV,0,0,0,0,0,0,0,0,0,0,0,0,0,0,0,0,0,0,0,0,0,0,0,0,0,0,0,0,0,0,0,0,0,0,0,0,0,0,0,0,0,0,0,0,0,0,0,0,0,0,9624023,0,0,9624023,0,0,9624023,0,0,9624023,0,0,9624023,0,0,9624023,0,0,9624023,0,0,9624023,0,0,9624023,0,0,9624023,0,0,9624023,0,0,9624023,0,0,9624023,0,0,9624023,0,0,9624023,0,0,9624023,0,0,9624023,0,0,9624023,0,0,9624023,0,0,9624023,0,0,9624023,0,0,9624023,0,0,9624023,0,0,9624023,0,0,9624023,0,0,9624023,0,0,9624023,0,0,9624023,0,0,9624023,0,0,9624023,0,0,9624023,0,0,9624023,0,0,9624023,0,0,9624023,0,0,9624023,0,0,9624023,0,0,9624023,0,0,9624023,0,0,9624023,0,0,9624023,,,0,0,0,9624023,0,0,9624023,0,0,9624023,0,0,9624023,0,0,9624023,0,0,9624023,0,0,9624023
0,2,Moderna,2021-06-28,COVHIV,0,0,0,0,0,0,0,0,0,0,0,0,0,0,0,0,0,0,0,0,0,0,0,0,0,0,0,0,0,0,0,0,0,0,0,0,0,0,0,0,0,0,0,0,0,0,0,0,0,0,22456053.68,0,0,22456053.68,0,0,22456053.68,0,0,22456053.68,0,0,22456053.68,0,0,22456053.68,0,0,22456053.68,0,0,22456053.68,0,0,22456053.68,0,0,22456053.68,0,0,22456053.68,0,0,22456053.68,0,0,22456053.68,0,0,22456053.68,0,0,22456053.68,0,0,22456053.68,0,0,22456053.68,0,0,22456053.68,0,0,22456053.68,0,0,22456053.68,0,0,22456053.68,0,0,22456053.68,0,0,22456053.68,0,0,22456053.68,0,0,22456053.68,0,0,22456053.68,0,0,22456053.68,0,0,22456053.68,0,0,22456053.68,0,0,22456053.68,0,0,22456053.68,0,0,22456053.68,0,0,22456053.68,0,0,22456053.68,0,0,22456053.68,0,0,22456053.68,0,0,22456053.68,0,0,22456053.68,0,0,22456053.68,0,0,22456053.68,,,0,0,0,22456053.68,0,0,22456053.68,0,0,22456053.68,0,0,22456053.68,0,0,22456053.68,0,0,22456053.68,0,0,22456053.68
0,1,Moderna,2021-03-22,COVHIV,0,0,0,0,0,0,0,0,0,0,0,0,0,0,0,0,0,0,0,0,0,0,0,0,0,0,0,0,0,0,0,0,0,0,0,0,0,0,0,0,0,0,0,0,0,0,0,0,0,0,33684080.52,0,0,33684080.52,0,0,33684080.52,0,0,33684080.52,0,0,33684080.52,0,0,33684080.52,0,0,33684080.52,0,0,33684080.52,0,0,33684080.52,0,0,33684080.52,0,0,33684080.52,0,0,33684080.52,0,0,33684080.52,0,0,33684080.52,0,0,33684080.52,0,0,33684080.52,0,0,33684080.52,0,0,33684080.52,0,0,33684080.52,0,0,33684080.52,0,0,33684080.52,0,0,33684080.52,0,0,33684080.52,0,0,33684080.52,0,0,33684080.52,0,0,33684080.52,0,0,33684080.52,0,0,33684080.52,0,0,33684080.52,0,0,33684080.52,0,0,33684080.52,0,0,33684080.52,0,0,33684080.52,0,0,33684080.52,0,0,33684080.52,0,0,33684080.52,0,0,33684080.52,0,0,33684080.52,0,0,33684080.52,0,0,33684080.52,,,0,0,0,33684080.52,0,0,33684080.52,0,0,33684080.52,0,0,33684080.52,0,0,33684080.52,0,0,33684080.52,0,0,33684080.52
0,1,Moderna,2021-03-29,COVHIV,0,0,0,0,0,0,0,0,0,0,0,0,0,0,0,0,0,0,0,0,0,0,0,0,0,0,0,0,0,0,0,0,0,0,0,0,0,0,0,0,0,0,0,0,0,0,0,0,0,0,19248046.01,0,0,19248046.01,0,0,19248046.01,0,0,19248046.01,0,0,19248046.01,0,0,19248046.01,0,0,19248046.01,0,0,19248046.01,0,0,19248046.01,0,0,19248046.01,0,0,19248046.01,0,0,19248046.01,0,0,19248046.01,0,0,19248046.01,0,0,19248046.01,0,0,19248046.01,0,0,19248046.01,0,0,19248046.01,0,0,19248046.01,0,0,19248046.01,0,0,19248046.01,0,0,19248046.01,0,0,19248046.01,0,0,19248046.01,0,0,19248046.01,0,0,19248046.01,0,0,19248046.01,0,0,19248046.01,0,0,19248046.01,0,0,19248046.01,0,0,19248046.01,0,0,19248046.01,0,0,19248046.01,0,0,19248046.01,0,0,19248046.01,0,0,19248046.01,0,0,19248046.01,0,0,19248046.01,0,0,19248046.01,0,0,19248046.01,,,0,0,0,19248046.01,0,0,19248046.01,0,0,19248046.01,0,0,19248046.01,0,0,19248046.01,0,0,19248046.01,0,0,19248046.01
0,2,Moderna,2021-04-19,COVHIV,0,0,0,0,0,0,0,0,0,0,0,0,0,0,0,0,0,0,0,0,0,0,0,0,0,0,0,0,0,0,0,0,0,0,0,0,0,0,0,0,0,0,0,0,0,0,0,0,0,0,44912107.35,0,0,44912107.35,0,0,44912107.35,0,0,44912107.35,0,0,44912107.35,0,0,44912107.35,0,0,44912107.35,0,0,44912107.35,0,0,44912107.35,0,0,44912107.35,0,0,44912107.35,0,0,44912107.35,0,0,44912107.35,0,0,44912107.35,0,0,44912107.35,0,0,44912107.35,0,0,44912107.35,0,0,44912107.35,0,0,44912107.35,0,0,44912107.35,0,0,44912107.35,0,0,44912107.35,0,0,44912107.35,0,0,44912107.35,0,0,44912107.35,0,0,44912107.35,0,0,44912107.35,0,0,44912107.35,0,0,44912107.35,0,0,44912107.35,0,0,44912107.35,0,0,44912107.35,0,0,44912107.35,0,0,44912107.35,0,0,44912107.35,0,0,44912107.35,0,0,44912107.35,0,0,44912107.35,0,0,44912107.35,0,0,44912107.35,,,0,0,0,44912107.35,0,0,44912107.35,0,0,44912107.35,0,0,44912107.35,0,0,44912107.35,0,0,44912107.35,0,0,44912107.35
0,2,Moderna,2021-04-26,COVHIV,0,0,0,0,0,0,0,0,0,0,0,0,0,0,0,0,0,0,0,0,0,0,0,0,0,0,0,0,0,0,0,0,0,0,0,0,0,0,0,0,0,0,0,0,0,0,0,0,0,0,19248046.01,0,0,19248046.01,0,0,19248046.01,0,0,19248046.01,0,0,19248046.01,0,0,19248046.01,0,0,19248046.01,0,0,19248046.01,0,0,19248046.01,0,0,19248046.01,0,0,19248046.01,0,0,19248046.01,0,0,19248046.01,0,0,19248046.01,0,0,19248046.01,0,0,19248046.01,0,0,19248046.01,0,0,19248046.01,0,0,19248046.01,0,0,19248046.01,0,0,19248046.01,0,0,19248046.01,0,0,19248046.01,0,0,19248046.01,0,0,19248046.01,0,0,19248046.01,0,0,19248046.01,0,0,19248046.01,0,0,19248046.01,0,0,19248046.01,0,0,19248046.01,0,0,19248046.01,0,0,19248046.01,0,0,19248046.01,0,0,19248046.01,0,0,19248046.01,0,0,19248046.01,0,0,19248046.01,0,0,19248046.01,0,0,19248046.01,,,0,0,0,19248046.01,0,0,19248046.01,0,0,19248046.01,0,0,19248046.01,0,0,19248046.01,0,0,19248046.01,0,0,19248046.01
1,0,0,2020-01-06,COVHIV,0,0,0,0,0,0,0,0,0,0,0,0,0,0,0,0,0,0,0,0,0,0,0,0,0,0,0,0,0,0,0,0,0,0,0,0,0,0,0,0,0,0,0,0,0,0,0,0,0,0,962402.3,0,0,962402.3,0,0,962402.3,0,0,962402.3,0,0,962402.3,0,0,962402.3,0,0,962402.3,0,0,962402.3,0,0,1013055.05,0,0,1013055.05,0,0,1013055.05,0,0,1013055.05,0,0,1013055.05,0,0,1013055.05,0,0,962402.3,0,0,962402.3,0,0,962402.3,0,0,962402.3,0,0,962402.3,0,0,962402.3,0,0,962402.3,0,0,962402.3,0,0,962402.3,0,0,962402.3,0,0,962402.3,0,0,962402.3,0,0,962402.3,0,0,962402.3,0,0,962402.3,0,0,962402.3,0,0,962402.3,0,0,962402.3,0,0,962402.3,0,0,962402.3,0,0,962402.3,0,0,962402.3,0,0,962402.3,0,0,962402.3,0,0,962402.3,0,0,962402.3,0,0,1132238,0,0,962402.3,0,0,962402.3,0,0,962402.3,0,0,962402.3,0,0,962402.3,0,0,962402.3,0,0,962402.3
1,0,0,2020-01-13,COVHIV,0,0,0,0,0,0,0,0,0,0,0,0,0,0,0,0,0,0,0,0,0,0,0,0,0,0,0,0,0,0,0,0,0,0,0,0,0,0,0,0,0,0,0,0,0,0,0,0,0,0,962402.3,0,0,962402.3,0,0,962402.3,0,0,962402.3,0,0,962402.3,0,0,962402.3,0,0,962402.3,0,0,962402.3,0,0,1013055.05,0,0,1013055.05,0,0,1013055.05,0,0,1013055.05,0,0,1013055.05,0,0,1013055.05,0,0,962402.3,0,0,962402.3,0,0,962402.3,0,0,962402.3,0,0,962402.3,0,0,962402.3,0,0,962402.3,0,0,962402.3,0,0,962402.3,0,0,962402.3,0,0,962402.3,0,0,962402.3,0,0,962402.3,0,0,962402.3,0,0,962402.3,0,0,962402.3,0,0,962402.3,0,0,962402.3,0,0,962402.3,0,0,962402.3,0,0,962402.3,0,0,962402.3,0,0,962402.3,0,0,962402.3,0,0,962402.3,0,0,962402.3,0,0,1132238,0,0,962402.3,0,0,962402.3,0,0,962402.3,0,0,962402.3,0,0,962402.3,0,0,962402.3,0,0,962402.3
1,0,0,2020-01-20,COVHIV,0,0,0,0,0,0,0,0,0,0,0,0,0,0,0,0,0,0,0,0,0,0,0,0,0,0,0,0,0,0,0,0,0,0,0,0,0,0,0,0,0,0,0,0,0,0,0,0,0,0,962402.3,0,0,962402.3,0,0,962402.3,0,0,962402.3,0,0,962402.3,0,0,962402.3,0,0,962402.3,0,0,962402.3,0,0,1013055.05,0,0,1013055.05,0,0,1013055.05,0,0,1013055.05,0,0,1013055.05,0,0,1013055.05,0,0,962402.3,0,0,962402.3,0,0,962402.3,0,0,962402.3,0,0,962402.3,0,0,962402.3,0,0,962402.3,0,0,962402.3,0,0,962402.3,0,0,962402.3,0,0,962402.3,0,0,962402.3,0,0,962402.3,0,0,962402.3,0,0,962402.3,0,0,962402.3,0,0,962402.3,0,0,962402.3,0,0,962402.3,0,0,962402.3,0,0,962402.3,0,0,962402.3,0,0,962402.3,0,0,962402.3,0,0,962402.3,0,0,962402.3,0,0,1132238,0,0,962402.3,0,0,962402.3,0,0,962402.3,0,0,962402.3,0,0,962402.3,0,0,962402.3,0,0,962402.3
1,0,0,2020-01-27,COVHIV,0,0,0,0,0,0,0,0,0,0,0,0,0,0,0,0,0,0,0,0,0,0,0,0,0,0,0,0,0,0,0,0,0,0,0,0,0,0,0,0,0,0,0,0,0,0,0,0,0,0,962402.3,0,0,962402.3,0,0,962402.3,0,0,962402.3,0,0,962402.3,0,0,962402.3,0,0,962402.3,0,0,962402.3,0,0,1013055.05,0,0,1013055.05,0,0,1013055.05,0,0,1013055.05,0,0,1013055.05,0,0,1013055.05,0,0,962402.3,0,0,962402.3,0,0,962402.3,0,0,962402.3,0,0,962402.3,0,0,962402.3,0,0,962402.3,0,0,962402.3,0,0,962402.3,0,0,962402.3,0,0,962402.3,0,0,962402.3,0,0,962402.3,0,0,962402.3,0,0,962402.3,0,0,962402.3,0,0,962402.3,0,0,962402.3,0,0,962402.3,0,0,962402.3,0,0,962402.3,0,0,962402.3,0,0,962402.3,0,0,962402.3,0,0,962402.3,0,0,962402.3,0,0,1132238,0,0,962402.3,0,0,962402.3,0,0,962402.3,0,0,962402.3,0,0,962402.3,0,0,962402.3,0,0,962402.3
1,0,0,2020-02-03,COVHIV,0,0,0,0,0,0,0,0,0,0,0,0,0,0,0,0,0,0,0,0,0,0,0,0,0,0,0,0,0,0,0,0,0,0,0,0,0,0,0,0,0,0,0,0,0,0,0,0,0,0,962402.3,0,0,962402.3,0,0,962402.3,0,0,962402.3,0,0,962402.3,0,0,962402.3,0,0,962402.3,0,0,962402.3,0,0,1013055.05,0,0,1013055.05,0,0,1013055.05,0,0,1013055.05,0,0,1013055.05,0,0,1013055.05,0,0,962402.3,0,0,962402.3,0,0,962402.3,0,0,962402.3,0,0,962402.3,0,0,962402.3,0,0,962402.3,0,0,962402.3,0,0,962402.3,0,0,962402.3,0,0,962402.3,0,0,962402.3,0,0,962402.3,0,0,962402.3,0,0,962402.3,0,0,962402.3,0,0,962402.3,0,0,962402.3,0,0,962402.3,0,0,962402.3,0,0,962402.3,0,0,962402.3,0,0,962402.3,0,0,962402.3,0,0,962402.3,0,0,962402.3,0,0,1132238,0,0,962402.3,0,0,962402.3,0,0,962402.3,0,0,962402.3,0,0,962402.3,0,0,962402.3,0,0,962402.3
1,0,0,2020-02-10,COVHIV,0,0,0,0,0,0,0,0,0,0,0,0,0,0,0,0,0,0,0,0,0,0,0,0,0,0,0,0,0,0,0,0,0,0,0,0,0,1,0,0,0,0,0,0,0,0,0,0,0,0,962402.3,0,0,962402.3,0,0,962402.3,0,0,962402.3,0,0,962402.3,0,0,962402.3,0,0,962402.3,0,0,962402.3,0,0,1013055.05,0,0,1013055.05,0,0,1013055.05,0,0,1013055.05,0,0,1013055.05,0,0,1013055.05,0,0,962402.3,0,0,962402.3,0,0,962402.3,0,0,962402.3,0,0,962402.3,0,0,962402.3,0,0,962402.3,0,0,962402.3,0,0,962402.3,0,0,962402.3,0,0,962402.3,0,0,962402.3,0,0,962402.3,0,0,962402.3,0,0,962402.3,0,0,962402.3,0,0,962402.3,0,0,962402.3,0,0,962402.3,0,0,962402.3,0,0,962402.3,0,0,962402.3,0,0,962402.3,0,0,962402.3,0,0,962402.3,0,0,962402.3,314870.69,7971.84,1754347.2,0,0,962402.3,0,0,962402.3,0,0,962402.3,0,0,962402.3,0,0,962402.3,0,0,962402.3,0,0,962402.3
1,0,0,2020-02-17,COVHIV,0,0,0,0,0,0,0,0,0,0,0,0,0,0,0,0,0,0,0,0,0,0,0,0,0,0,0,0,0,0,0,0,0,0,0,0,0,0,0,0,0,0,0,0,0,0,0,0,0,0,962402.3,0,0,962402.3,0,0,962402.3,0,0,962402.3,0,0,962402.3,0,0,962402.3,0,0,962402.3,0,0,962402.3,0,0,1013055.05,0,0,1013055.05,0,0,1013055.05,0,0,1013055.05,0,0,1013055.05,0,0,1013055.05,0,0,962402.3,0,0,962402.3,0,0,962402.3,0,0,962402.3,0,0,962402.3,0,0,962402.3,0,0,962402.3,0,0,962402.3,0,0,962402.3,0,0,962402.3,0,0,962402.3,0,0,962402.3,0,0,962402.3,0,0,962402.3,0,0,962402.3,0,0,962402.3,0,0,962402.3,0,0,962402.3,0,0,962402.3,0,0,962402.3,0,0,962402.3,0,0,962402.3,0,0,962402.3,0,0,962402.3,0,0,962402.3,0,0,962402.3,0,0,1203002.88,0,0,962402.3,0,0,962402.3,0,0,962402.3,0,0,962402.3,0,0,962402.3,0,0,962402.3,0,0,962402.3
1,0,0,2020-02-24,COVHIV,0,0,0,0,0,0,0,0,0,0,0,0,0,0,0,0,1,1,0,0,0,0,0,0,0,0,0,0,0,0,0,0,0,0,0,0,0,0,0,0,0,0,0,0,0,0,0,0,0,0,962402.3,0,0,962402.3,0,0,962402.3,0,0,962402.3,0,0,962402.3,0,0,962402.3,0,0,962402.3,0,0,962402.3,0,0,1013055.05,0,0,1013055.05,0,0,1013055.05,0,0,1013055.05,0,0,1013055.05,0,0,1013055.05,0,0,962402.3,0,0,962402.3,262769.78,6652.75,1464059.53,262769.78,6652.75,1464059.53,0,0,962402.3,0,0,962402.3,0,0,962402.3,0,0,962402.3,0,0,962402.3,0,0,962402.3,0,0,962402.3,0,0,962402.3,0,0,962402.3,0,0,962402.3,0,0,962402.3,0,0,962402.3,0,0,962402.3,0,0,962402.3,0,0,962402.3,0,0,962402.3,0,0,962402.3,0,0,962402.3,0,0,962402.3,0,0,962402.3,0,0,962402.3,0,0,962402.3,0,0,1203002.88,0,0,962402.3,0,0,962402.3,0,0,962402.3,0,0,962402.3,0,0,962402.3,0,0,962402.3,0,0,962402.3
1,0,0,2020-03-02,COVHIV,0,0,0,0,0,0,0,0,0,0,0,0,0,0,0,0,0,0,0,0,0,0,0,0,0,0,0,0,0,0,0,0,0,0,0,0,0,0,0,0,0,0,0,0,0,0,0,0,0,0,962402.3,0,0,962402.3,0,0,962402.3,0,0,962402.3,0,0,962402.3,0,0,962402.3,0,0,962402.3,0,0,962402.3,0,0,1013055.05,0,0,1013055.05,0,0,1013055.05,0,0,1013055.05,0,0,1013055.05,0,0,1013055.05,0,0,962402.3,0,0,962402.3,0,0,1013055.05,0,0,1013055.05,0,0,962402.3,0,0,962402.3,0,0,962402.3,0,0,962402.3,0,0,962402.3,0,0,962402.3,0,0,962402.3,0,0,962402.3,0,0,962402.3,0,0,962402.3,0,0,962402.3,0,0,962402.3,0,0,962402.3,0,0,962402.3,0,0,962402.3,0,0,962402.3,0,0,962402.3,0,0,962402.3,0,0,962402.3,0,0,962402.3,0,0,962402.3,0,0,962402.3,0,0,1203002.88,0,0,962402.3,0,0,962402.3,0,0,962402.3,0,0,962402.3,0,0,962402.3,0,0,962402.3,0,0,962402.3
1,0,0,2020-03-09,COVHIV,0,0,0,0,0,0,0,0,0,0,0,0,0,0,0,0,0,0,0,0,0,0,0,0,0,0,0,0,0,0,0,0,0,0,0,0,0,0,0,0,0,0,0,0,0,0,0,1,0,0,962402.3,0,0,962402.3,0,0,962402.3,0,0,962402.3,0,0,962402.3,0,0,962402.3,0,0,962402.3,0,0,962402.3,0,0,1013055.05,0,0,1013055.05,0,0,1013055.05,0,0,1013055.05,0,0,1013055.05,0,0,1013055.05,0,0,962402.3,0,0,962402.3,0,0,1013055.05,0,0,1013055.05,0,0,962402.3,0,0,962402.3,0,0,962402.3,0,0,962402.3,0,0,962402.3,268566.18,6799.51,1496354.96,0,0,962402.3,0,0,962402.3,0,0,962402.3,0,0,962402.3,0,0,962402.3,0,0,962402.3,0,0,962402.3,0,0,962402.3,0,0,962402.3,0,0,962402.3,0,0,962402.3,0,0,962402.3,0,0,962402.3,0,0,962402.3,0,0,962402.3,0,0,962402.3,0,0,1203002.88,0,0,962402.3,0,0,962402.3,0,0,962402.3,0,0,962402.3,0,0,962402.3,0,0,962402.3,0,0,962402.3
1,0,0,2020-03-16,COVHIV,0,0,0,0,0,0,0,0,0,0,0,0,0,0,0,0,0,0,0,0,0,0,0,0,0,0,0,0,0,0,0,0,0,0,0,0,0,0,0,0,0,0,0,0,0,0,0,0,0,0,962402.3,0,0,962402.3,0,0,962402.3,0,0,962402.3,0,0,962402.3,0,0,962402.3,0,0,962402.3,0,0,962402.3,0,0,1013055.05,0,0,1013055.05,0,0,1013055.05,0,0,1013055.05,0,0,1013055.05,0,0,1013055.05,0,0,962402.3,0,0,962402.3,0,0,1013055.05,0,0,1013055.05,0,0,962402.3,0,0,962402.3,0,0,962402.3,0,0,962402.3,0,0,962402.3,0,0,1013055.05,0,0,962402.3,0,0,962402.3,0,0,962402.3,0,0,962402.3,0,0,962402.3,0,0,962402.3,0,0,962402.3,0,0,962402.3,0,0,962402.3,0,0,962402.3,0,0,962402.3,0,0,962402.3,0,0,962402.3,0,0,962402.3,0,0,962402.3,0,0,962402.3,0,0,1203002.88,0,0,962402.3,0,0,962402.3,0,0,962402.3,0,0,962402.3,0,0,962402.3,0,0,962402.3,0,0,962402.3
1,0,0,2020-03-23,COVHIV,0,0,0,0,0,0,0,0,0,0,0,0,0,0,0,0,0,0,0,0,0,0,0,0,0,0,0,0,0,0,0,0,0,0,0,0,0,0,0,0,0,0,0,0,0,0,0,0,0,0,962402.3,0,0,962402.3,0,0,962402.3,0,0,962402.3,0,0,962402.3,0,0,962402.3,0,0,962402.3,0,0,962402.3,0,0,1013055.05,0,0,1013055.05,0,0,1013055.05,0,0,1013055.05,0,0,1013055.05,0,0,1013055.05,0,0,962402.3,0,0,962402.3,0,0,1013055.05,0,0,1013055.05,0,0,962402.3,0,0,962402.3,0,0,962402.3,0,0,962402.3,0,0,962402.3,0,0,1013055.05,0,0,962402.3,0,0,962402.3,0,0,962402.3,0,0,962402.3,0,0,962402.3,0,0,962402.3,0,0,962402.3,0,0,962402.3,0,0,962402.3,0,0,962402.3,0,0,962402.3,0,0,962402.3,0,0,962402.3,0,0,962402.3,0,0,962402.3,0,0,962402.3,0,0,1203002.88,0,0,962402.3,0,0,962402.3,0,0,962402.3,0,0,962402.3,0,0,962402.3,0,0,962402.3,0,0,962402.3
1,0,0,2020-03-30,COVHIV,0,0,0,0,0,0,0,0,0,0,0,0,0,0,0,0,0,0,0,0,0,0,0,0,0,0,0,0,0,0,0,0,0,0,0,0,0,0,0,0,0,0,0,0,0,0,0,0,0,0,962402.3,0,0,962402.3,0,0,962402.3,0,0,962402.3,0,0,962402.3,0,0,962402.3,0,0,962402.3,0,0,962402.3,0,0,1013055.05,0,0,1013055.05,0,0,1013055.05,0,0,1013055.05,0,0,1013055.05,0,0,1013055.05,0,0,962402.3,0,0,962402.3,0,0,1013055.05,0,0,1013055.05,0,0,962402.3,0,0,962402.3,0,0,962402.3,0,0,962402.3,0,0,962402.3,0,0,1013055.05,0,0,962402.3,0,0,962402.3,0,0,962402.3,0,0,962402.3,0,0,962402.3,0,0,962402.3,0,0,962402.3,0,0,962402.3,0,0,962402.3,0,0,962402.3,0,0,962402.3,0,0,962402.3,0,0,962402.3,0,0,962402.3,0,0,962402.3,0,0,962402.3,0,0,1203002.88,0,0,962402.3,0,0,962402.3,0,0,962402.3,0,0,962402.3,0,0,962402.3,0,0,962402.3,0,0,962402.3
1,0,0,2020-04-06,COVHIV,0,0,0,0,0,0,0,0,0,0,0,0,0,0,0,0,0,0,0,0,0,0,0,0,0,0,0,0,0,0,0,0,0,0,0,0,0,0,0,0,0,0,0,0,0,0,0,0,0,0,962402.3,0,0,962402.3,0,0,962402.3,0,0,962402.3,0,0,962402.3,0,0,962402.3,0,0,962402.3,0,0,962402.3,0,0,1013055.05,0,0,1013055.05,0,0,1013055.05,0,0,1013055.05,0,0,1013055.05,0,0,1013055.05,0,0,962402.3,0,0,962402.3,0,0,1013055.05,0,0,1013055.05,0,0,962402.3,0,0,962402.3,0,0,962402.3,0,0,962402.3,0,0,962402.3,0,0,998046.83,0,0,962402.3,0,0,962402.3,0,0,962402.3,0,0,962402.3,0,0,962402.3,0,0,962402.3,0,0,962402.3,0,0,962402.3,0,0,962402.3,0,0,962402.3,0,0,962402.3,0,0,962402.3,0,0,962402.3,0,0,962402.3,0,0,962402.3,0,0,962402.3,0,0,1203002.88,0,0,962402.3,0,0,962402.3,0,0,962402.3,0,0,962402.3,0,0,962402.3,0,0,962402.3,0,0,962402.3
1,0,0,2020-04-13,COVHIV,0,0,0,0,0,0,0,0,0,0,0,0,0,0,0,0,0,0,0,0,0,0,0,0,0,0,0,0,0,0,0,0,0,0,0,0,0,0,0,0,0,0,0,0,0,0,0,0,0,0,962402.3,0,0,962402.3,0,0,962402.3,0,0,962402.3,0,0,962402.3,0,0,962402.3,0,0,962402.3,0,0,962402.3,0,0,1013055.05,0,0,1013055.05,0,0,1013055.05,0,0,1013055.05,0,0,1013055.05,0,0,1013055.05,0,0,962402.3,0,0,962402.3,0,0,1013055.05,0,0,1013055.05,0,0,962402.3,0,0,962402.3,0,0,962402.3,0,0,962402.3,0,0,962402.3,0,0,962402.3,0,0,962402.3,0,0,962402.3,0,0,962402.3,0,0,962402.3,0,0,962402.3,0,0,962402.3,0,0,962402.3,0,0,962402.3,0,0,962402.3,0,0,962402.3,0,0,962402.3,0,0,962402.3,0,0,962402.3,0,0,962402.3,0,0,962402.3,0,0,962402.3,0,0,1203002.88,0,0,962402.3,0,0,962402.3,0,0,962402.3,0,0,962402.3,0,0,962402.3,0,0,962402.3,0,0,962402.3
1,0,0,2020-04-20,COVHIV,0,0,0,0,0,0,0,0,0,0,0,0,0,0,0,0,0,0,0,0,0,0,0,0,0,0,0,0,0,0,0,0,0,0,0,0,0,0,0,0,0,0,0,0,0,0,0,0,0,0,962402.3,0,0,962402.3,0,0,962402.3,0,0,962402.3,0,0,962402.3,0,0,962402.3,0,0,962402.3,0,0,962402.3,0,0,1013055.05,0,0,1013055.05,0,0,1013055.05,0,0,1013055.05,0,0,1013055.05,0,0,1013055.05,0,0,962402.3,0,0,962402.3,0,0,1013055.05,0,0,1013055.05,0,0,962402.3,0,0,962402.3,0,0,962402.3,0,0,962402.3,0,0,962402.3,0,0,962402.3,0,0,962402.3,0,0,962402.3,0,0,962402.3,0,0,962402.3,0,0,962402.3,0,0,962402.3,0,0,962402.3,0,0,962402.3,0,0,962402.3,0,0,962402.3,0,0,962402.3,0,0,962402.3,0,0,962402.3,0,0,962402.3,0,0,962402.3,0,0,962402.3,0,0,1203002.88,0,0,962402.3,0,0,962402.3,0,0,962402.3,0,0,962402.3,0,0,962402.3,0,0,962402.3,0,0,962402.3
1,0,0,2020-04-27,COVHIV,0,0,0,0,0,0,0,0,0,0,0,0,0,0,0,0,0,0,0,0,0,0,0,0,0,0,0,0,0,0,0,0,0,0,0,0,0,0,0,0,0,0,0,0,0,0,0,0,0,0,962402.3,0,0,962402.3,0,0,962402.3,0,0,962402.3,0,0,962402.3,0,0,962402.3,0,0,962402.3,0,0,962402.3,0,0,1013055.05,0,0,1013055.05,0,0,1013055.05,0,0,1013055.05,0,0,1013055.05,0,0,1013055.05,0,0,962402.3,0,0,962402.3,0,0,1013055.05,0,0,1013055.05,0,0,962402.3,0,0,962402.3,0,0,962402.3,0,0,962402.3,0,0,962402.3,0,0,962402.3,0,0,962402.3,0,0,962402.3,0,0,962402.3,0,0,962402.3,0,0,962402.3,0,0,962402.3,0,0,962402.3,0,0,962402.3,0,0,962402.3,0,0,962402.3,0,0,962402.3,0,0,962402.3,0,0,962402.3,0,0,962402.3,0,0,962402.3,0,0,962402.3,0,0,1203002.88,0,0,962402.3,0,0,962402.3,0,0,962402.3,0,0,962402.3,0,0,962402.3,0,0,962402.3,0,0,962402.3
1,0,0,2020-05-04,COVHIV,0,0,0,0,0,0,0,0,0,0,0,0,0,0,0,0,0,0,0,0,0,0,0,0,0,0,0,0,0,0,0,0,0,0,0,0,0,0,0,0,0,0,0,0,0,0,0,0,0,0,962402.3,0,0,962402.3,0,0,962402.3,0,0,962402.3,0,0,962402.3,0,0,962402.3,0,0,962402.3,0,0,962402.3,0,0,1013055.05,0,0,1013055.05,0,0,1013055.05,0,0,1013055.05,0,0,1013055.05,0,0,1013055.05,0,0,962402.3,0,0,962402.3,0,0,1013055.05,0,0,1013055.05,0,0,962402.3,0,0,962402.3,0,0,962402.3,0,0,962402.3,0,0,962402.3,0,0,962402.3,0,0,962402.3,0,0,962402.3,0,0,962402.3,0,0,962402.3,0,0,962402.3,0,0,962402.3,0,0,962402.3,0,0,962402.3,0,0,962402.3,0,0,962402.3,0,0,962402.3,0,0,962402.3,0,0,962402.3,0,0,962402.3,0,0,962402.3,0,0,962402.3,0,0,1203002.88,0,0,962402.3,0,0,962402.3,0,0,962402.3,0,0,962402.3,0,0,962402.3,0,0,962402.3,0,0,962402.3
1,0,0,2020-05-11,COVHIV,0,0,0,0,0,0,0,0,0,0,0,0,0,0,0,0,0,0,0,0,0,0,0,0,0,0,0,0,0,0,0,0,0,0,0,0,0,0,0,0,0,0,0,0,0,0,0,0,0,0,962402.3,0,0,962402.3,0,0,962402.3,0,0,962402.3,0,0,962402.3,0,0,962402.3,0,0,962402.3,0,0,962402.3,0,0,1013055.05,0,0,1013055.05,0,0,1013055.05,0,0,1013055.05,0,0,1013055.05,0,0,1013055.05,0,0,962402.3,0,0,962402.3,0,0,1013055.05,0,0,1013055.05,0,0,962402.3,0,0,962402.3,0,0,962402.3,0,0,962402.3,0,0,962402.3,0,0,962402.3,0,0,962402.3,0,0,962402.3,0,0,962402.3,0,0,962402.3,0,0,962402.3,0,0,962402.3,0,0,962402.3,0,0,962402.3,0,0,962402.3,0,0,962402.3,0,0,962402.3,0,0,962402.3,0,0,962402.3,0,0,962402.3,0,0,962402.3,0,0,962402.3,0,0,1203002.88,0,0,962402.3,0,0,962402.3,0,0,962402.3,0,0,962402.3,0,0,962402.3,0,0,962402.3,0,0,962402.3
1,0,0,2020-05-18,COVHIV,0,0,0,0,0,0,0,0,0,0,0,0,0,0,0,0,0,0,0,0,0,0,0,0,0,0,0,0,0,0,0,0,0,0,0,0,0,0,0,0,0,0,0,0,0,0,0,0,0,0,962402.3,0,0,962402.3,0,0,962402.3,0,0,962402.3,0,0,962402.3,0,0,962402.3,0,0,962402.3,0,0,962402.3,0,0,1013055.05,0,0,1013055.05,0,0,1013055.05,0,0,1013055.05,0,0,1013055.05,0,0,1013055.05,0,0,962402.3,0,0,962402.3,0,0,1013055.05,0,0,1013055.05,0,0,962402.3,0,0,962402.3,0,0,962402.3,0,0,962402.3,0,0,962402.3,0,0,962402.3,0,0,962402.3,0,0,962402.3,0,0,962402.3,0,0,962402.3,0,0,962402.3,0,0,962402.3,0,0,962402.3,0,0,962402.3,0,0,962402.3,0,0,962402.3,0,0,962402.3,0,0,962402.3,0,0,962402.3,0,0,962402.3,0,0,962402.3,0,0,962402.3,0,0,1203002.88,0,0,962402.3,0,0,962402.3,0,0,962402.3,0,0,962402.3,0,0,962402.3,0,0,962402.3,0,0,962402.3
1,0,0,2020-05-25,COVHIV,0,0,0,0,0,0,0,0,0,0,0,0,0,0,0,0,0,0,0,0,0,0,0,0,0,0,0,0,0,0,0,0,0,0,0,0,0,0,0,0,0,0,0,0,0,0,0,0,0,0,962402.3,0,0,962402.3,0,0,962402.3,0,0,962402.3,0,0,962402.3,0,0,962402.3,0,0,962402.3,0,0,962402.3,0,0,1013055.05,0,0,1013055.05,0,0,1013055.05,0,0,1013055.05,0,0,1013055.05,0,0,1013055.05,0,0,962402.3,0,0,962402.3,0,0,1013055.05,0,0,1013055.05,0,0,962402.3,0,0,962402.3,0,0,962402.3,0,0,962402.3,0,0,962402.3,0,0,962402.3,0,0,962402.3,0,0,962402.3,0,0,962402.3,0,0,962402.3,0,0,962402.3,0,0,962402.3,0,0,962402.3,0,0,962402.3,0,0,962402.3,0,0,962402.3,0,0,962402.3,0,0,962402.3,0,0,962402.3,0,0,962402.3,0,0,962402.3,0,0,962402.3,0,0,1203002.88,0,0,962402.3,0,0,962402.3,0,0,962402.3,0,0,962402.3,0,0,962402.3,0,0,962402.3,0,0,962402.3
1,0,0,2020-06-01,COVHIV,0,0,0,0,0,0,0,0,0,0,0,0,0,0,0,0,0,0,0,0,0,0,0,0,0,0,0,0,0,0,0,0,0,0,0,0,0,0,0,0,0,0,0,0,0,0,0,0,0,0,962402.3,0,0,962402.3,0,0,962402.3,0,0,962402.3,0,0,962402.3,0,0,962402.3,0,0,962402.3,0,0,962402.3,0,0,1013055.05,0,0,1013055.05,0,0,1013055.05,0,0,1013055.05,0,0,1013055.05,0,0,1013055.05,0,0,962402.3,0,0,962402.3,0,0,1013055.05,0,0,1013055.05,0,0,962402.3,0,0,962402.3,0,0,962402.3,0,0,962402.3,0,0,962402.3,0,0,962402.3,0,0,962402.3,0,0,962402.3,0,0,962402.3,0,0,962402.3,0,0,962402.3,0,0,962402.3,0,0,962402.3,0,0,962402.3,0,0,962402.3,0,0,962402.3,0,0,962402.3,0,0,962402.3,0,0,962402.3,0,0,962402.3,0,0,962402.3,0,0,962402.3,0,0,1203002.88,0,0,962402.3,0,0,962402.3,0,0,962402.3,0,0,962402.3,0,0,962402.3,0,0,962402.3,0,0,962402.3
1,0,0,2020-06-08,COVHIV,0,0,0,0,0,0,0,0,0,0,0,0,0,0,0,0,0,0,0,0,0,0,0,0,0,0,0,0,0,0,0,0,0,0,0,0,0,0,0,0,0,0,0,0,0,0,0,0,0,0,962402.3,0,0,962402.3,0,0,962402.3,0,0,962402.3,0,0,962402.3,0,0,962402.3,0,0,962402.3,0,0,962402.3,0,0,1013055.05,0,0,1013055.05,0,0,1013055.05,0,0,1013055.05,0,0,1013055.05,0,0,1013055.05,0,0,962402.3,0,0,962402.3,0,0,1013055.05,0,0,1013055.05,0,0,962402.3,0,0,962402.3,0,0,962402.3,0,0,962402.3,0,0,962402.3,0,0,962402.3,0,0,962402.3,0,0,962402.3,0,0,962402.3,0,0,962402.3,0,0,962402.3,0,0,962402.3,0,0,962402.3,0,0,962402.3,0,0,962402.3,0,0,962402.3,0,0,962402.3,0,0,962402.3,0,0,962402.3,0,0,962402.3,0,0,962402.3,0,0,962402.3,0,0,1203002.88,0,0,962402.3,0,0,962402.3,0,0,962402.3,0,0,962402.3,0,0,962402.3,0,0,962402.3,0,0,962402.3
1,0,0,2020-06-15,COVHIV,0,0,0,0,0,0,0,0,0,0,0,0,0,0,0,0,0,0,0,0,0,0,0,0,0,0,0,0,0,0,0,0,0,0,0,0,0,0,0,0,0,0,0,0,0,0,0,0,0,0,962402.3,0,0,962402.3,0,0,962402.3,0,0,962402.3,0,0,962402.3,0,0,962402.3,0,0,962402.3,0,0,962402.3,0,0,1013055.05,0,0,1013055.05,0,0,1013055.05,0,0,1013055.05,0,0,1013055.05,0,0,1013055.05,0,0,962402.3,0,0,962402.3,0,0,1013055.05,0,0,1013055.05,0,0,962402.3,0,0,962402.3,0,0,962402.3,0,0,962402.3,0,0,962402.3,0,0,962402.3,0,0,962402.3,0,0,962402.3,0,0,962402.3,0,0,962402.3,0,0,962402.3,0,0,962402.3,0,0,962402.3,0,0,962402.3,0,0,962402.3,0,0,962402.3,0,0,962402.3,0,0,962402.3,0,0,962402.3,0,0,962402.3,0,0,962402.3,0,0,962402.3,0,0,1203002.88,0,0,962402.3,0,0,962402.3,0,0,962402.3,0,0,962402.3,0,0,962402.3,0,0,962402.3,0,0,962402.3
1,0,0,2020-06-22,COVHIV,0,0,0,0,0,0,0,0,0,0,0,0,0,0,0,0,0,0,0,0,0,0,0,0,0,0,0,0,0,0,0,0,0,0,0,0,0,0,0,0,0,0,0,0,0,0,0,0,0,0,962402.3,0,0,962402.3,0,0,962402.3,0,0,962402.3,0,0,962402.3,0,0,962402.3,0,0,962402.3,0,0,962402.3,0,0,1013055.05,0,0,1013055.05,0,0,1013055.05,0,0,1013055.05,0,0,1013055.05,0,0,1013055.05,0,0,962402.3,0,0,962402.3,0,0,1013055.05,0,0,1013055.05,0,0,962402.3,0,0,962402.3,0,0,962402.3,0,0,962402.3,0,0,962402.3,0,0,962402.3,0,0,962402.3,0,0,962402.3,0,0,962402.3,0,0,962402.3,0,0,962402.3,0,0,962402.3,0,0,962402.3,0,0,962402.3,0,0,962402.3,0,0,962402.3,0,0,962402.3,0,0,962402.3,0,0,962402.3,0,0,962402.3,0,0,962402.3,0,0,962402.3,0,0,1203002.88,0,0,962402.3,0,0,962402.3,0,0,962402.3,0,0,962402.3,0,0,962402.3,0,0,962402.3,0,0,962402.3
1,0,0,2020-06-29,COVHIV,0,0,0,0,0,0,0,0,0,0,0,0,0,0,0,0,0,0,0,0,0,0,0,0,0,0,0,0,0,0,0,0,0,0,0,0,0,0,0,0,0,0,0,0,0,0,0,0,0,0,962402.3,0,0,962402.3,0,0,962402.3,0,0,962402.3,0,0,962402.3,0,0,962402.3,0,0,962402.3,0,0,962402.3,0,0,1013055.05,0,0,1013055.05,0,0,1013055.05,0,0,1013055.05,0,0,1013055.05,0,0,1013055.05,0,0,962402.3,0,0,962402.3,0,0,1013055.05,0,0,1013055.05,0,0,962402.3,0,0,962402.3,0,0,962402.3,0,0,962402.3,0,0,962402.3,0,0,962402.3,0,0,962402.3,0,0,962402.3,0,0,962402.3,0,0,962402.3,0,0,962402.3,0,0,962402.3,0,0,962402.3,0,0,962402.3,0,0,962402.3,0,0,962402.3,0,0,962402.3,0,0,962402.3,0,0,962402.3,0,0,962402.3,0,0,962402.3,0,0,962402.3,0,0,1203002.88,0,0,962402.3,0,0,962402.3,0,0,962402.3,0,0,962402.3,0,0,962402.3,0,0,962402.3,0,0,962402.3
1,0,0,2020-07-06,COVHIV,0,0,0,0,0,0,0,0,0,0,0,0,0,0,0,0,0,0,0,0,0,0,0,0,0,0,0,0,0,0,0,0,0,0,0,0,0,0,0,0,0,0,0,0,0,0,0,0,0,0,962402.3,0,0,962402.3,0,0,962402.3,0,0,962402.3,0,0,962402.3,0,0,962402.3,0,0,962402.3,0,0,962402.3,0,0,1013055.05,0,0,1013055.05,0,0,1013055.05,0,0,1013055.05,0,0,1013055.05,0,0,1013055.05,0,0,962402.3,0,0,962402.3,0,0,1013055.05,0,0,1013055.05,0,0,962402.3,0,0,962402.3,0,0,962402.3,0,0,962402.3,0,0,962402.3,0,0,962402.3,0,0,962402.3,0,0,962402.3,0,0,962402.3,0,0,962402.3,0,0,962402.3,0,0,962402.3,0,0,962402.3,0,0,962402.3,0,0,962402.3,0,0,962402.3,0,0,962402.3,0,0,962402.3,0,0,962402.3,0,0,962402.3,0,0,962402.3,0,0,962402.3,0,0,1203002.88,0,0,962402.3,0,0,962402.3,0,0,962402.3,0,0,962402.3,0,0,962402.3,0,0,962402.3,0,0,962402.3
1,0,0,2020-07-13,COVHIV,0,0,0,0,0,0,0,0,0,0,0,0,0,0,0,0,0,0,0,0,0,0,0,0,0,0,0,0,0,0,0,0,0,0,0,0,0,0,0,0,0,0,0,0,0,0,0,0,0,0,962402.3,0,0,962402.3,0,0,962402.3,0,0,962402.3,0,0,962402.3,0,0,962402.3,0,0,962402.3,0,0,962402.3,0,0,1013055.05,0,0,1013055.05,0,0,1013055.05,0,0,1013055.05,0,0,1013055.05,0,0,1013055.05,0,0,962402.3,0,0,962402.3,0,0,1013055.05,0,0,1013055.05,0,0,962402.3,0,0,962402.3,0,0,962402.3,0,0,962402.3,0,0,962402.3,0,0,962402.3,0,0,962402.3,0,0,962402.3,0,0,962402.3,0,0,962402.3,0,0,962402.3,0,0,962402.3,0,0,962402.3,0,0,962402.3,0,0,962402.3,0,0,962402.3,0,0,962402.3,0,0,962402.3,0,0,962402.3,0,0,962402.3,0,0,962402.3,0,0,962402.3,0,0,1203002.88,0,0,962402.3,0,0,962402.3,0,0,962402.3,0,0,962402.3,0,0,962402.3,0,0,962402.3,0,0,962402.3
1,0,0,2020-07-20,COVHIV,0,0,0,0,0,0,0,0,0,0,0,0,0,0,0,0,0,0,0,0,0,0,0,0,0,0,0,0,0,0,0,0,0,0,0,0,0,0,0,0,0,0,0,0,0,0,0,0,0,0,962402.3,0,0,962402.3,0,0,962402.3,0,0,962402.3,0,0,962402.3,0,0,962402.3,0,0,962402.3,0,0,962402.3,0,0,1013055.05,0,0,1013055.05,0,0,1013055.05,0,0,1013055.05,0,0,1013055.05,0,0,1013055.05,0,0,962402.3,0,0,962402.3,0,0,1013055.05,0,0,1013055.05,0,0,962402.3,0,0,962402.3,0,0,962402.3,0,0,962402.3,0,0,962402.3,0,0,962402.3,0,0,962402.3,0,0,962402.3,0,0,962402.3,0,0,962402.3,0,0,962402.3,0,0,962402.3,0,0,962402.3,0,0,962402.3,0,0,962402.3,0,0,962402.3,0,0,962402.3,0,0,962402.3,0,0,962402.3,0,0,962402.3,0,0,962402.3,0,0,962402.3,0,0,1203002.88,0,0,962402.3,0,0,962402.3,0,0,962402.3,0,0,962402.3,0,0,962402.3,0,0,962402.3,0,0,962402.3
1,0,0,2020-07-27,COVHIV,0,0,0,0,0,0,0,0,0,0,0,0,0,0,0,0,0,0,0,0,0,0,0,0,0,0,0,0,0,0,0,0,0,0,0,0,0,0,0,0,0,0,0,0,0,0,0,0,0,0,962402.3,0,0,962402.3,0,0,962402.3,0,0,962402.3,0,0,962402.3,0,0,962402.3,0,0,962402.3,0,0,962402.3,0,0,1013055.05,0,0,1013055.05,0,0,1013055.05,0,0,1013055.05,0,0,1013055.05,0,0,1013055.05,0,0,962402.3,0,0,962402.3,0,0,1013055.05,0,0,1013055.05,0,0,962402.3,0,0,962402.3,0,0,962402.3,0,0,962402.3,0,0,962402.3,0,0,962402.3,0,0,962402.3,0,0,962402.3,0,0,962402.3,0,0,962402.3,0,0,962402.3,0,0,962402.3,0,0,962402.3,0,0,962402.3,0,0,962402.3,0,0,962402.3,0,0,962402.3,0,0,962402.3,0,0,962402.3,0,0,962402.3,0,0,962402.3,0,0,962402.3,0,0,1203002.88,0,0,962402.3,0,0,962402.3,0,0,962402.3,0,0,962402.3,0,0,962402.3,0,0,962402.3,0,0,962402.3
1,0,0,2020-08-03,COVHIV,0,0,0,0,0,0,0,0,0,0,0,0,0,0,0,0,0,0,0,0,0,0,0,0,0,0,0,0,0,0,0,0,0,0,0,0,0,0,0,0,0,0,0,0,0,0,0,0,0,0,962402.3,0,0,962402.3,0,0,962402.3,0,0,962402.3,0,0,962402.3,0,0,962402.3,0,0,962402.3,0,0,962402.3,0,0,1013055.05,0,0,1013055.05,0,0,1013055.05,0,0,1013055.05,0,0,1013055.05,0,0,1013055.05,0,0,962402.3,0,0,962402.3,0,0,1013055.05,0,0,1013055.05,0,0,962402.3,0,0,962402.3,0,0,962402.3,0,0,962402.3,0,0,962402.3,0,0,962402.3,0,0,962402.3,0,0,962402.3,0,0,962402.3,0,0,962402.3,0,0,962402.3,0,0,962402.3,0,0,962402.3,0,0,962402.3,0,0,962402.3,0,0,962402.3,0,0,962402.3,0,0,962402.3,0,0,962402.3,0,0,962402.3,0,0,962402.3,0,0,962402.3,0,0,1203002.88,0,0,962402.3,0,0,962402.3,0,0,962402.3,0,0,962402.3,0,0,962402.3,0,0,962402.3,0,0,962402.3
1,0,0,2020-08-10,COVHIV,0,0,0,0,0,0,0,0,0,0,0,0,0,0,0,0,0,0,0,0,0,0,0,0,0,0,0,0,0,0,0,0,0,0,0,0,0,0,0,0,0,0,0,0,0,0,0,0,0,0,962402.3,0,0,962402.3,0,0,962402.3,0,0,962402.3,0,0,962402.3,0,0,962402.3,0,0,962402.3,0,0,962402.3,0,0,1013055.05,0,0,1013055.05,0,0,1013055.05,0,0,1013055.05,0,0,1013055.05,0,0,1013055.05,0,0,962402.3,0,0,962402.3,0,0,1013055.05,0,0,1013055.05,0,0,962402.3,0,0,962402.3,0,0,962402.3,0,0,962402.3,0,0,962402.3,0,0,962402.3,0,0,962402.3,0,0,962402.3,0,0,962402.3,0,0,962402.3,0,0,962402.3,0,0,962402.3,0,0,962402.3,0,0,962402.3,0,0,962402.3,0,0,962402.3,0,0,962402.3,0,0,962402.3,0,0,962402.3,0,0,962402.3,0,0,962402.3,0,0,962402.3,0,0,1203002.88,0,0,962402.3,0,0,962402.3,0,0,962402.3,0,0,962402.3,0,0,962402.3,0,0,962402.3,0,0,962402.3
1,0,0,2020-08-17,COVHIV,0,0,0,0,0,0,0,0,0,0,0,0,0,0,0,0,0,0,0,0,0,0,0,0,0,0,0,0,0,0,0,0,0,0,0,0,0,0,0,0,0,0,0,0,0,0,0,0,0,0,962402.3,0,0,962402.3,0,0,962402.3,0,0,962402.3,0,0,962402.3,0,0,962402.3,0,0,962402.3,0,0,962402.3,0,0,1013055.05,0,0,1013055.05,0,0,1013055.05,0,0,1013055.05,0,0,1013055.05,0,0,1013055.05,0,0,962402.3,0,0,962402.3,0,0,1013055.05,0,0,1013055.05,0,0,962402.3,0,0,962402.3,0,0,962402.3,0,0,962402.3,0,0,962402.3,0,0,962402.3,0,0,962402.3,0,0,962402.3,0,0,962402.3,0,0,962402.3,0,0,962402.3,0,0,962402.3,0,0,962402.3,0,0,962402.3,0,0,962402.3,0,0,962402.3,0,0,962402.3,0,0,962402.3,0,0,962402.3,0,0,962402.3,0,0,962402.3,0,0,962402.3,0,0,1203002.88,0,0,962402.3,0,0,962402.3,0,0,962402.3,0,0,962402.3,0,0,962402.3,0,0,962402.3,0,0,962402.3
1,0,0,2020-08-24,COVHIV,0,0,0,0,0,0,0,0,0,0,0,0,0,0,0,0,0,0,0,0,0,0,0,0,0,0,0,0,0,0,0,0,0,0,0,0,0,0,0,0,0,0,0,0,0,0,0,0,0,0,962402.3,0,0,962402.3,0,0,962402.3,0,0,962402.3,0,0,962402.3,0,0,962402.3,0,0,962402.3,0,0,962402.3,0,0,1013055.05,0,0,1013055.05,0,0,1013055.05,0,0,1013055.05,0,0,1013055.05,0,0,1013055.05,0,0,962402.3,0,0,962402.3,0,0,1013055.05,0,0,1013055.05,0,0,962402.3,0,0,962402.3,0,0,962402.3,0,0,962402.3,0,0,962402.3,0,0,962402.3,0,0,962402.3,0,0,962402.3,0,0,962402.3,0,0,962402.3,0,0,962402.3,0,0,962402.3,0,0,962402.3,0,0,962402.3,0,0,962402.3,0,0,962402.3,0,0,962402.3,0,0,962402.3,0,0,962402.3,0,0,962402.3,0,0,962402.3,0,0,962402.3,0,0,1203002.88,0,0,962402.3,0,0,962402.3,0,0,962402.3,0,0,962402.3,0,0,962402.3,0,0,962402.3,0,0,962402.3
1,0,0,2020-08-31,COVHIV,0,0,0,0,0,0,0,0,0,0,0,0,0,0,0,0,0,0,0,0,0,0,0,0,0,0,0,0,0,0,0,0,0,0,0,0,0,0,0,0,0,0,0,0,0,0,0,0,0,0,962402.3,0,0,962402.3,0,0,962402.3,0,0,962402.3,0,0,962402.3,0,0,962402.3,0,0,962402.3,0,0,962402.3,0,0,1013055.05,0,0,1013055.05,0,0,1013055.05,0,0,1013055.05,0,0,1013055.05,0,0,1013055.05,0,0,962402.3,0,0,962402.3,0,0,1013055.05,0,0,1013055.05,0,0,962402.3,0,0,962402.3,0,0,962402.3,0,0,962402.3,0,0,962402.3,0,0,962402.3,0,0,962402.3,0,0,962402.3,0,0,962402.3,0,0,962402.3,0,0,962402.3,0,0,962402.3,0,0,962402.3,0,0,962402.3,0,0,962402.3,0,0,962402.3,0,0,962402.3,0,0,962402.3,0,0,962402.3,0,0,962402.3,0,0,962402.3,0,0,962402.3,0,0,1203002.88,0,0,962402.3,0,0,962402.3,0,0,962402.3,0,0,962402.3,0,0,962402.3,0,0,962402.3,0,0,962402.3
1,0,0,2020-09-07,COVHIV,0,0,0,0,0,0,0,0,0,0,0,0,0,0,0,0,0,0,0,0,0,0,0,0,0,0,0,0,0,0,0,0,0,0,0,0,0,0,0,0,0,0,0,0,0,0,0,0,0,0,962402.3,0,0,962402.3,0,0,962402.3,0,0,962402.3,0,0,962402.3,0,0,962402.3,0,0,962402.3,0,0,962402.3,0,0,1013055.05,0,0,1013055.05,0,0,1013055.05,0,0,1013055.05,0,0,1013055.05,0,0,1013055.05,0,0,962402.3,0,0,962402.3,0,0,1013055.05,0,0,1013055.05,0,0,962402.3,0,0,962402.3,0,0,962402.3,0,0,962402.3,0,0,962402.3,0,0,962402.3,0,0,962402.3,0,0,962402.3,0,0,962402.3,0,0,962402.3,0,0,962402.3,0,0,962402.3,0,0,962402.3,0,0,962402.3,0,0,962402.3,0,0,962402.3,0,0,962402.3,0,0,962402.3,0,0,962402.3,0,0,962402.3,0,0,962402.3,0,0,962402.3,0,0,1203002.88,0,0,962402.3,0,0,962402.3,0,0,962402.3,0,0,962402.3,0,0,962402.3,0,0,962402.3,0,0,962402.3
1,0,0,2020-09-14,COVHIV,0,0,0,0,0,0,0,0,0,0,0,0,0,0,0,0,0,0,0,0,0,0,0,0,0,0,0,0,0,0,0,0,0,0,0,0,0,0,0,0,0,0,0,0,0,0,0,0,0,0,962402.3,0,0,962402.3,0,0,962402.3,0,0,962402.3,0,0,962402.3,0,0,962402.3,0,0,962402.3,0,0,962402.3,0,0,1013055.05,0,0,1013055.05,0,0,1013055.05,0,0,1013055.05,0,0,1013055.05,0,0,1013055.05,0,0,962402.3,0,0,962402.3,0,0,1013055.05,0,0,1013055.05,0,0,962402.3,0,0,962402.3,0,0,962402.3,0,0,962402.3,0,0,962402.3,0,0,962402.3,0,0,962402.3,0,0,962402.3,0,0,962402.3,0,0,962402.3,0,0,962402.3,0,0,962402.3,0,0,962402.3,0,0,962402.3,0,0,962402.3,0,0,962402.3,0,0,962402.3,0,0,962402.3,0,0,962402.3,0,0,962402.3,0,0,962402.3,0,0,962402.3,0,0,1203002.88,0,0,962402.3,0,0,962402.3,0,0,962402.3,0,0,962402.3,0,0,962402.3,0,0,962402.3,0,0,962402.3
1,0,0,2020-09-21,COVHIV,0,0,0,0,0,0,0,0,0,0,0,0,0,0,0,0,0,0,0,0,0,0,0,0,0,0,0,0,0,0,0,0,0,0,0,0,0,0,0,0,0,0,0,0,0,0,0,0,0,0,962402.3,0,0,962402.3,0,0,962402.3,0,0,962402.3,0,0,962402.3,0,0,962402.3,0,0,962402.3,0,0,962402.3,0,0,1013055.05,0,0,1013055.05,0,0,1013055.05,0,0,1013055.05,0,0,1013055.05,0,0,1013055.05,0,0,962402.3,0,0,962402.3,0,0,1013055.05,0,0,1013055.05,0,0,962402.3,0,0,962402.3,0,0,962402.3,0,0,962402.3,0,0,962402.3,0,0,962402.3,0,0,962402.3,0,0,962402.3,0,0,962402.3,0,0,962402.3,0,0,962402.3,0,0,962402.3,0,0,962402.3,0,0,962402.3,0,0,962402.3,0,0,962402.3,0,0,962402.3,0,0,962402.3,0,0,962402.3,0,0,962402.3,0,0,962402.3,0,0,962402.3,0,0,1203002.88,0,0,962402.3,0,0,962402.3,0,0,962402.3,0,0,962402.3,0,0,962402.3,0,0,962402.3,0,0,962402.3
1,0,0,2020-09-28,COVHIV,0,0,0,0,0,0,0,0,0,0,0,0,0,0,0,0,0,0,0,0,0,0,0,0,0,0,0,0,0,0,0,0,0,0,0,0,0,0,0,0,0,0,0,0,0,0,0,0,0,0,962402.3,0,0,962402.3,0,0,962402.3,0,0,962402.3,0,0,962402.3,0,0,962402.3,0,0,962402.3,0,0,962402.3,0,0,1013055.05,0,0,1013055.05,0,0,1013055.05,0,0,1013055.05,0,0,1013055.05,0,0,1013055.05,0,0,962402.3,0,0,962402.3,0,0,1013055.05,0,0,1013055.05,0,0,962402.3,0,0,962402.3,0,0,962402.3,0,0,962402.3,0,0,962402.3,0,0,962402.3,0,0,962402.3,0,0,962402.3,0,0,962402.3,0,0,962402.3,0,0,962402.3,0,0,962402.3,0,0,962402.3,0,0,962402.3,0,0,962402.3,0,0,962402.3,0,0,962402.3,0,0,962402.3,0,0,962402.3,0,0,962402.3,0,0,962402.3,0,0,962402.3,0,0,1203002.88,0,0,962402.3,0,0,962402.3,0,0,962402.3,0,0,962402.3,0,0,962402.3,0,0,962402.3,0,0,962402.3
1,0,0,2020-10-05,COVHIV,0,0,0,0,0,0,0,0,0,0,0,0,0,0,0,0,0,0,0,0,0,0,0,0,0,0,0,0,0,0,0,0,0,0,0,0,0,0,0,0,0,0,0,0,0,0,0,0,0,0,962402.3,0,0,962402.3,0,0,962402.3,0,0,962402.3,0,0,962402.3,0,0,962402.3,0,0,962402.3,0,0,962402.3,0,0,1013055.05,0,0,1013055.05,0,0,1013055.05,0,0,1013055.05,0,0,1013055.05,0,0,1013055.05,0,0,962402.3,0,0,962402.3,0,0,1013055.05,0,0,1013055.05,0,0,962402.3,0,0,962402.3,0,0,962402.3,0,0,962402.3,0,0,962402.3,0,0,962402.3,0,0,962402.3,0,0,962402.3,0,0,962402.3,0,0,962402.3,0,0,962402.3,0,0,962402.3,0,0,962402.3,0,0,962402.3,0,0,962402.3,0,0,962402.3,0,0,962402.3,0,0,962402.3,0,0,962402.3,0,0,962402.3,0,0,962402.3,0,0,962402.3,0,0,1203002.88,0,0,962402.3,0,0,962402.3,0,0,962402.3,0,0,962402.3,0,0,962402.3,0,0,962402.3,0,0,962402.3
1,0,0,2020-10-12,COVHIV,0,0,0,0,0,0,0,0,0,0,0,0,0,0,0,0,0,0,0,0,0,0,0,0,0,0,0,0,0,0,0,0,0,0,0,0,0,0,0,0,0,0,0,0,0,0,0,0,0,0,1013055.05,0,0,1013055.05,0,0,1013055.05,0,0,1013055.05,0,0,1013055.05,0,0,1013055.05,0,0,1013055.05,0,0,1013055.05,0,0,1069335.89,0,0,1069335.89,0,0,1069335.89,0,0,1069335.89,0,0,1069335.89,0,0,1069335.89,0,0,1013055.05,0,0,1013055.05,0,0,1069335.89,0,0,1069335.89,0,0,1013055.05,0,0,1013055.05,0,0,1013055.05,0,0,1013055.05,0,0,1013055.05,0,0,1013055.05,0,0,1013055.05,0,0,1013055.05,0,0,1013055.05,0,0,1013055.05,0,0,1013055.05,0,0,1013055.05,0,0,1013055.05,0,0,1013055.05,0,0,1013055.05,0,0,1013055.05,0,0,1013055.05,0,0,1013055.05,0,0,1013055.05,0,0,1013055.05,0,0,1013055.05,0,0,1013055.05,0,0,1283203.07,0,0,1013055.05,0,0,1013055.05,0,0,1013055.05,0,0,1013055.05,0,0,1013055.05,0,0,1013055.05,0,0,1013055.05
1,0,0,2020-10-19,COVHIV,0,0,0,0,0,0,0,0,0,0,0,0,0,0,0,0,0,0,0,0,0,0,0,0,0,0,0,0,0,0,0,0,0,0,0,0,0,0,0,0,0,0,0,0,0,0,0,0,0,0,1013055.05,0,0,1013055.05,0,0,1013055.05,0,0,1013055.05,0,0,1013055.05,0,0,1013055.05,0,0,1013055.05,0,0,1013055.05,0,0,1069335.89,0,0,1069335.89,0,0,1069335.89,0,0,1069335.89,0,0,1069335.89,0,0,1069335.89,0,0,1013055.05,0,0,1013055.05,0,0,1069335.89,0,0,1069335.89,0,0,1013055.05,0,0,1013055.05,0,0,1013055.05,0,0,1013055.05,0,0,1013055.05,0,0,1013055.05,0,0,1013055.05,0,0,1013055.05,0,0,1013055.05,0,0,1013055.05,0,0,1013055.05,0,0,1013055.05,0,0,1013055.05,0,0,1013055.05,0,0,1013055.05,0,0,1013055.05,0,0,1013055.05,0,0,1013055.05,0,0,1013055.05,0,0,1013055.05,0,0,1013055.05,0,0,1013055.05,0,0,1283203.07,0,0,1013055.05,0,0,1013055.05,0,0,1013055.05,0,0,1013055.05,0,0,1013055.05,0,0,1013055.05,0,0,1013055.05
1,0,0,2020-10-26,COVHIV,0,0,0,0,0,0,0,0,0,0,0,0,0,0,0,0,0,0,0,0,0,0,0,0,0,0,0,0,0,0,0,0,0,0,0,0,0,0,0,0,0,0,0,0,0,0,0,0,0,0,1013055.05,0,0,1013055.05,0,0,1013055.05,0,0,1013055.05,0,0,1013055.05,0,0,1013055.05,0,0,1013055.05,0,0,1013055.05,0,0,1069335.89,0,0,1069335.89,0,0,1069335.89,0,0,1069335.89,0,0,1069335.89,0,0,1069335.89,0,0,1013055.05,0,0,1013055.05,0,0,1069335.89,0,0,1069335.89,0,0,1013055.05,0,0,1013055.05,0,0,1013055.05,0,0,1013055.05,0,0,1013055.05,0,0,1013055.05,0,0,1013055.05,0,0,1013055.05,0,0,1013055.05,0,0,1013055.05,0,0,1013055.05,0,0,1013055.05,0,0,1013055.05,0,0,1013055.05,0,0,1013055.05,0,0,1013055.05,0,0,1013055.05,0,0,1013055.05,0,0,1013055.05,0,0,1013055.05,0,0,1013055.05,0,0,1013055.05,0,0,1283203.07,0,0,1013055.05,0,0,1013055.05,0,0,1013055.05,0,0,1013055.05,0,0,1013055.05,0,0,1013055.05,0,0,1013055.05
1,0,0,2020-11-02,COVHIV,0,0,0,0,0,0,0,0,0,0,0,0,0,0,0,0,0,0,0,0,0,0,0,0,0,0,0,0,0,0,0,0,0,0,0,0,0,0,0,0,0,0,0,0,0,0,0,0,0,0,1013055.05,0,0,1013055.05,0,0,1013055.05,0,0,1013055.05,0,0,1013055.05,0,0,1013055.05,0,0,1013055.05,0,0,1013055.05,0,0,1069335.89,0,0,1069335.89,0,0,1069335.89,0,0,1069335.89,0,0,1069335.89,0,0,1069335.89,0,0,1013055.05,0,0,1013055.05,0,0,1069335.89,0,0,1069335.89,0,0,1013055.05,0,0,1013055.05,0,0,1013055.05,0,0,1013055.05,0,0,1013055.05,0,0,1013055.05,0,0,1013055.05,0,0,1013055.05,0,0,1013055.05,0,0,1013055.05,0,0,1013055.05,0,0,1013055.05,0,0,1013055.05,0,0,1013055.05,0,0,1013055.05,0,0,1013055.05,0,0,1013055.05,0,0,1013055.05,0,0,1013055.05,0,0,1013055.05,0,0,1013055.05,0,0,1013055.05,0,0,1283203.07,0,0,1013055.05,0,0,1013055.05,0,0,1013055.05,0,0,1013055.05,0,0,1013055.05,0,0,1013055.05,0,0,1013055.05
1,0,0,2020-11-09,COVHIV,0,0,0,0,0,0,0,0,0,0,0,0,0,0,0,0,0,0,0,0,0,0,0,0,0,0,0,0,0,0,0,0,0,0,0,0,0,0,0,0,0,0,0,0,0,0,0,0,0,0,1013055.05,0,0,1013055.05,0,0,1013055.05,0,0,1013055.05,0,0,1013055.05,0,0,1013055.05,0,0,1013055.05,0,0,1013055.05,0,0,1069335.89,0,0,1069335.89,0,0,1069335.89,0,0,1069335.89,0,0,1069335.89,0,0,1069335.89,0,0,1013055.05,0,0,1013055.05,0,0,1069335.89,0,0,1069335.89,0,0,1013055.05,0,0,1013055.05,0,0,1013055.05,0,0,1013055.05,0,0,1013055.05,0,0,1013055.05,0,0,1013055.05,0,0,1013055.05,0,0,1013055.05,0,0,1013055.05,0,0,1013055.05,0,0,1013055.05,0,0,1013055.05,0,0,1013055.05,0,0,1013055.05,0,0,1013055.05,0,0,1013055.05,0,0,1013055.05,0,0,1013055.05,0,0,1013055.05,0,0,1013055.05,0,0,1013055.05,0,0,1283203.07,0,0,1013055.05,0,0,1013055.05,0,0,1013055.05,0,0,1013055.05,0,0,1013055.05,0,0,1013055.05,0,0,1013055.05
1,0,0,2020-11-16,COVHIV,0,0,0,0,0,0,0,0,0,0,0,0,0,0,0,0,0,0,0,0,0,0,0,0,0,0,0,0,0,0,0,0,0,0,0,0,0,0,0,0,0,0,0,0,0,0,0,0,0,0,1013055.05,0,0,1013055.05,0,0,1013055.05,0,0,1013055.05,0,0,1013055.05,0,0,1013055.05,0,0,1013055.05,0,0,1013055.05,0,0,1069335.89,0,0,1069335.89,0,0,1069335.89,0,0,1069335.89,0,0,1069335.89,0,0,1069335.89,0,0,1013055.05,0,0,1013055.05,0,0,1069335.89,0,0,1069335.89,0,0,1013055.05,0,0,1013055.05,0,0,1013055.05,0,0,1013055.05,0,0,1013055.05,0,0,1013055.05,0,0,1013055.05,0,0,1013055.05,0,0,1013055.05,0,0,1013055.05,0,0,1013055.05,0,0,1013055.05,0,0,1013055.05,0,0,1013055.05,0,0,1013055.05,0,0,1013055.05,0,0,1013055.05,0,0,1013055.05,0,0,1013055.05,0,0,1013055.05,0,0,1013055.05,0,0,1013055.05,0,0,1283203.07,0,0,1013055.05,0,0,1013055.05,0,0,1013055.05,0,0,1013055.05,0,0,1013055.05,0,0,1013055.05,0,0,1013055.05
1,0,0,2020-11-23,COVHIV,0,0,0,0,0,0,0,0,0,0,0,0,0,0,0,0,0,0,0,0,0,0,0,0,0,0,0,0,0,0,0,0,0,0,0,0,0,0,0,0,0,0,0,0,0,0,0,0,0,0,1013055.05,0,0,1013055.05,0,0,1013055.05,0,0,1013055.05,0,0,1013055.05,0,0,1013055.05,0,0,1013055.05,0,0,1013055.05,0,0,1069335.89,0,0,1069335.89,0,0,1069335.89,0,0,1069335.89,0,0,1069335.89,0,0,1069335.89,0,0,1013055.05,0,0,1013055.05,0,0,1069335.89,0,0,1069335.89,0,0,1013055.05,0,0,1013055.05,0,0,1013055.05,0,0,1013055.05,0,0,1013055.05,0,0,1013055.05,0,0,1013055.05,0,0,1013055.05,0,0,1013055.05,0,0,1013055.05,0,0,1013055.05,0,0,1013055.05,0,0,1013055.05,0,0,1013055.05,0,0,1013055.05,0,0,1013055.05,0,0,1013055.05,0,0,1013055.05,0,0,1013055.05,0,0,1013055.05,0,0,1013055.05,0,0,1013055.05,0,0,1283203.07,0,0,1013055.05,0,0,1013055.05,0,0,1013055.05,0,0,1013055.05,0,0,1013055.05,0,0,1013055.05,0,0,1013055.05
1,0,0,2020-11-30,COVHIV,0,0,0,0,0,0,0,0,0,0,0,0,0,0,0,0,0,0,0,0,0,0,0,0,0,0,0,0,0,0,0,0,0,0,0,0,0,0,0,0,0,0,0,0,0,0,0,0,0,0,1013055.05,0,0,1013055.05,0,0,1013055.05,0,0,1013055.05,0,0,1013055.05,0,0,1013055.05,0,0,1013055.05,0,0,1013055.05,0,0,1069335.89,0,0,1069335.89,0,0,1069335.89,0,0,1069335.89,0,0,1069335.89,0,0,1069335.89,0,0,1013055.05,0,0,1013055.05,0,0,1069335.89,0,0,1069335.89,0,0,1013055.05,0,0,1013055.05,0,0,1013055.05,0,0,1013055.05,0,0,1013055.05,0,0,1013055.05,0,0,1013055.05,0,0,1013055.05,0,0,1013055.05,0,0,1013055.05,0,0,1013055.05,0,0,1013055.05,0,0,1013055.05,0,0,1013055.05,0,0,1013055.05,0,0,1013055.05,0,0,1013055.05,0,0,1013055.05,0,0,1013055.05,0,0,1013055.05,0,0,1013055.05,0,0,1013055.05,0,0,1283203.07,0,0,1013055.05,0,0,1013055.05,0,0,1013055.05,0,0,1013055.05,0,0,1013055.05,0,0,1013055.05,0,0,1013055.05
1,0,0,2020-12-07,COVHIV,0,0,0,0,0,0,0,0,0,0,0,0,0,0,0,0,0,0,0,0,0,0,0,0,0,0,0,0,0,0,0,0,0,0,0,0,0,0,0,0,0,0,0,0,0,0,0,0,0,0,1013055.05,0,0,1013055.05,0,0,1013055.05,0,0,1013055.05,0,0,1013055.05,0,0,1013055.05,0,0,1013055.05,0,0,1013055.05,0,0,1069335.89,0,0,1069335.89,0,0,1069335.89,0,0,1069335.89,0,0,1069335.89,0,0,1069335.89,0,0,1013055.05,0,0,1013055.05,0,0,1069335.89,0,0,1069335.89,0,0,1013055.05,0,0,1013055.05,0,0,1013055.05,0,0,1013055.05,0,0,1013055.05,0,0,1013055.05,0,0,1013055.05,0,0,1013055.05,0,0,1013055.05,0,0,1013055.05,0,0,1013055.05,0,0,1013055.05,0,0,1013055.05,0,0,1013055.05,0,0,1013055.05,0,0,1013055.05,0,0,1013055.05,0,0,1013055.05,0,0,1013055.05,0,0,1013055.05,0,0,1013055.05,0,0,1013055.05,0,0,1283203.07,0,0,1013055.05,0,0,1013055.05,0,0,1013055.05,0,0,1013055.05,0,0,1013055.05,0,0,1013055.05,0,0,1013055.05
1,0,0,2020-12-14,COVHIV,0,0,0,0,0,0,0,0,0,0,0,0,0,0,0,0,0,0,0,0,0,0,0,0,0,0,0,0,0,0,0,0,0,0,0,0,0,0,0,0,0,0,0,0,0,0,0,0,0,0,1013055.05,0,0,1013055.05,0,0,1013055.05,0,0,1013055.05,0,0,1013055.05,0,0,1013055.05,0,0,1013055.05,0,0,1013055.05,0,0,1069335.89,0,0,1069335.89,0,0,1069335.89,0,0,1069335.89,0,0,1069335.89,0,0,1069335.89,0,0,1013055.05,0,0,1013055.05,0,0,1069335.89,0,0,1069335.89,0,0,1013055.05,0,0,1013055.05,0,0,1013055.05,0,0,1013055.05,0,0,1013055.05,0,0,1013055.05,0,0,1013055.05,0,0,1013055.05,0,0,1013055.05,0,0,1013055.05,0,0,1013055.05,0,0,1013055.05,0,0,1013055.05,0,0,1013055.05,0,0,1013055.05,0,0,1013055.05,0,0,1013055.05,0,0,1013055.05,0,0,1013055.05,0,0,1013055.05,0,0,1013055.05,0,0,1013055.05,0,0,1283203.07,0,0,1013055.05,0,0,1013055.05,0,0,1013055.05,0,0,1013055.05,0,0,1013055.05,0,0,1013055.05,0,0,1013055.05
1,0,0,2020-12-21,COVHIV,0,0,0,0,0,0,0,0,0,0,0,0,0,0,0,0,0,0,0,0,0,0,0,0,0,0,0,0,0,0,0,0,0,0,0,0,0,0,0,0,0,0,0,0,0,0,0,0,0,0,1013055.05,0,0,1013055.05,0,0,1013055.05,0,0,1013055.05,0,0,1013055.05,0,0,1013055.05,0,0,1013055.05,0,0,1013055.05,0,0,1069335.89,0,0,1069335.89,0,0,1069335.89,0,0,1069335.89,0,0,1069335.89,0,0,1069335.89,0,0,1013055.05,0,0,1013055.05,0,0,1069335.89,0,0,1069335.89,0,0,1013055.05,0,0,1013055.05,0,0,1013055.05,0,0,1013055.05,0,0,1013055.05,0,0,1013055.05,0,0,1013055.05,0,0,1013055.05,0,0,1013055.05,0,0,1013055.05,0,0,1013055.05,0,0,1013055.05,0,0,1013055.05,0,0,1013055.05,0,0,1013055.05,0,0,1013055.05,0,0,1013055.05,0,0,1013055.05,0,0,1013055.05,0,0,1013055.05,0,0,1013055.05,0,0,1013055.05,0,0,1283203.07,0,0,1013055.05,0,0,1013055.05,0,0,1013055.05,0,0,1013055.05,0,0,1013055.05,0,0,1013055.05,0,0,1013055.05
1,0,0,2020-12-28,COVHIV,0,0,0,0,0,0,0,0,0,0,0,0,0,0,0,0,0,0,0,0,0,0,0,0,0,0,0,0,0,0,0,0,0,0,0,0,0,2,0,0,0,0,0,0,0,0,0,0,0,0,1013055.05,0,0,1013055.05,0,0,1013055.05,0,0,1013055.05,0,0,1013055.05,0,0,1013055.05,0,0,1013055.05,0,0,1013055.05,0,0,1069335.89,0,0,1069335.89,0,0,1069335.89,0,0,1069335.89,0,0,1069335.89,0,0,1069335.89,0,0,1013055.05,0,0,1013055.05,0,0,1069335.89,0,0,1069335.89,0,0,1013055.05,0,0,1013055.05,0,0,1013055.05,0,0,1013055.05,0,0,1013055.05,0,0,1013055.05,0,0,1013055.05,0,0,1013055.05,0,0,1013055.05,0,0,1013055.05,0,0,1013055.05,0,0,1013055.05,0,0,1013055.05,0,0,1013055.05,0,0,1013055.05,0,0,1013055.05,0,0,1013055.05,0,0,1013055.05,0,0,1013055.05,0,0,1013055.05,0,0,1013055.05,0,0,1013055.05,737878.79,89360.54,2665471.89,0,0,1013055.05,0,0,1013055.05,0,0,1013055.05,0,0,1013055.05,0,0,1013055.05,0,0,1013055.05,0,0,1013055.05
1,0,0,2021-01-04,COVHIV,0,0,0,0,0,0,0,0,0,0,0,0,0,0,0,0,0,0,0,0,0,0,0,0,0,0,0,0,0,0,0,0,0,0,0,0,0,0,0,0,0,0,0,0,0,0,0,0,0,0,1013055.05,0,0,1013055.05,0,0,1013055.05,0,0,1013055.05,0,0,1013055.05,0,0,1013055.05,0,0,1013055.05,0,0,1013055.05,0,0,1069335.89,0,0,1069335.89,0,0,1069335.89,0,0,1069335.89,0,0,1069335.89,0,0,1069335.89,0,0,1013055.05,0,0,1013055.05,0,0,1069335.89,0,0,1069335.89,0,0,1013055.05,0,0,1013055.05,0,0,1013055.05,0,0,1013055.05,0,0,1013055.05,0,0,1013055.05,0,0,1013055.05,0,0,1013055.05,0,0,1013055.05,0,0,1013055.05,0,0,1013055.05,0,0,1013055.05,0,0,1013055.05,0,0,1013055.05,0,0,1013055.05,0,0,1013055.05,0,0,1013055.05,0,0,1013055.05,0,0,1013055.05,0,0,1013055.05,0,0,1013055.05,0,0,1013055.05,0,0,1480618.92,0,0,1013055.05,0,0,1013055.05,0,0,1013055.05,0,0,1013055.05,0,0,1013055.05,0,0,1013055.05,0,0,1013055.05
1,0,0,2021-01-11,COVHIV,0,0,0,0,0,0,0,0,0,0,0,0,0,0,0,0,0,0,0,0,0,0,0,0,0,0,0,0,0,0,0,0,0,0,0,0,0,1,0,0,0,0,0,0,0,0,0,0,0,0,1013055.05,0,0,1013055.05,0,0,1013055.05,0,0,1013055.05,0,0,1013055.05,0,0,1013055.05,0,0,1013055.05,0,0,1013055.05,0,0,1069335.89,0,0,1069335.89,0,0,1069335.89,0,0,1069335.89,0,0,1069335.89,0,0,1069335.89,0,0,1013055.05,0,0,1013055.05,0,0,1069335.89,0,0,1069335.89,0,0,1013055.05,0,0,1013055.05,0,0,1013055.05,0,0,1013055.05,0,0,1013055.05,0,0,1013055.05,0,0,1013055.05,0,0,1013055.05,0,0,1013055.05,0,0,1013055.05,0,0,1013055.05,0,0,1013055.05,0,0,1013055.05,0,0,1013055.05,0,0,1013055.05,0,0,1013055.05,0,0,1013055.05,0,0,1013055.05,0,0,1013055.05,0,0,1013055.05,0,0,1013055.05,0,0,1013055.05,424709.3,10752.71,2366328.78,0,0,1013055.05,0,0,1013055.05,0,0,1013055.05,0,0,1013055.05,0,0,1013055.05,0,0,1013055.05,0,0,1013055.05
1,0,0,2021-01-18,COVHIV,0,0,0,0,0,0,0,0,0,0,0,0,0,0,0,0,0,0,0,0,0,0,0,0,0,0,0,0,0,0,0,0,0,0,0,0,0,0,0,0,0,0,0,0,0,0,0,0,0,0,1013055.05,0,0,1013055.05,0,0,1013055.05,0,0,1013055.05,0,0,1013055.05,0,0,1013055.05,0,0,1013055.05,0,0,1013055.05,0,0,1069335.89,0,0,1069335.89,0,0,1069335.89,0,0,1069335.89,0,0,1069335.89,0,0,1069335.89,0,0,1013055.05,0,0,1013055.05,0,0,1069335.89,0,0,1069335.89,0,0,1013055.05,0,0,1013055.05,0,0,1013055.05,0,0,1013055.05,0,0,1013055.05,0,0,1013055.05,0,0,1013055.05,0,0,1013055.05,0,0,1013055.05,0,0,1013055.05,0,0,1013055.05,0,0,1013055.05,0,0,1013055.05,0,0,1013055.05,0,0,1013055.05,0,0,1013055.05,0,0,1013055.05,0,0,1013055.05,0,0,1013055.05,0,0,1013055.05,0,0,1013055.05,0,0,1013055.05,0,0,1604003.83,0,0,1013055.05,0,0,1013055.05,0,0,1013055.05,0,0,1013055.05,0,0,1013055.05,0,0,1013055.05,0,0,1013055.05
1,0,0,2021-01-25,COVHIV,0,0,0,0,0,0,0,0,0,0,0,0,0,0,0,0,0,0,0,0,0,0,0,0,0,0,0,0,0,0,0,0,0,0,0,0,0,0,0,0,0,0,0,0,0,0,0,0,0,0,1013055.05,0,0,1013055.05,0,0,1013055.05,0,0,1013055.05,0,0,1013055.05,0,0,1013055.05,0,0,1013055.05,0,0,1013055.05,0,0,1069335.89,0,0,1069335.89,0,0,1069335.89,0,0,1069335.89,0,0,1069335.89,0,0,1069335.89,0,0,1013055.05,0,0,1013055.05,0,0,1069335.89,0,0,1069335.89,0,0,1013055.05,0,0,1013055.05,0,0,1013055.05,0,0,1013055.05,0,0,1013055.05,0,0,1013055.05,0,0,1013055.05,0,0,1013055.05,0,0,1013055.05,0,0,1013055.05,0,0,1013055.05,0,0,1013055.05,0,0,1013055.05,0,0,1013055.05,0,0,1013055.05,0,0,1013055.05,0,0,1013055.05,0,0,1013055.05,0,0,1013055.05,0,0,1013055.05,0,0,1013055.05,0,0,1013055.05,0,0,1604003.83,0,0,1013055.05,0,0,1013055.05,0,0,1013055.05,0,0,1013055.05,0,0,1013055.05,0,0,1013055.05,0,0,1013055.05
1,0,0,2021-02-01,COVHIV,0,0,0,0,0,0,0,0,0,0,0,0,0,0,0,0,0,0,0,0,0,0,0,0,0,0,0,0,0,0,0,0,0,0,0,0,0,0,0,0,0,0,0,0,0,0,0,0,0,0,1013055.05,0,0,1013055.05,0,0,1013055.05,0,0,1013055.05,0,0,1013055.05,0,0,1013055.05,0,0,1013055.05,0,0,1013055.05,0,0,1069335.89,0,0,1069335.89,0,0,1069335.89,0,0,1069335.89,0,0,1069335.89,0,0,1069335.89,0,0,1013055.05,0,0,1013055.05,0,0,1069335.89,0,0,1069335.89,0,0,1013055.05,0,0,1013055.05,0,0,1013055.05,0,0,1013055.05,0,0,1013055.05,0,0,1013055.05,0,0,1013055.05,0,0,1013055.05,0,0,1013055.05,0,0,1013055.05,0,0,1013055.05,0,0,1013055.05,0,0,1013055.05,0,0,1013055.05,0,0,1013055.05,0,0,1013055.05,0,0,1013055.05,0,0,1013055.05,0,0,1013055.05,0,0,1013055.05,0,0,1013055.05,0,0,1013055.05,0,0,1604003.83,0,0,1013055.05,0,0,1013055.05,0,0,1013055.05,0,0,1013055.05,0,0,1013055.05,0,0,1013055.05,0,0,1013055.05
1,0,0,2021-02-08,COVHIV,0,0,0,0,0,0,0,0,0,0,0,0,0,0,0,0,0,0,0,0,0,0,0,0,0,0,0,0,0,0,0,0,0,0,0,0,0,0,0,0,0,0,0,0,0,0,0,0,0,0,1013055.05,0,0,1013055.05,0,0,1013055.05,0,0,1013055.05,0,0,1013055.05,0,0,1013055.05,0,0,1013055.05,0,0,1013055.05,0,0,1069335.89,0,0,1069335.89,0,0,1069335.89,0,0,1069335.89,0,0,1069335.89,0,0,1069335.89,0,0,1013055.05,0,0,1013055.05,0,0,1069335.89,0,0,1069335.89,0,0,1013055.05,0,0,1013055.05,0,0,1013055.05,0,0,1013055.05,0,0,1013055.05,0,0,1013055.05,0,0,1013055.05,0,0,1013055.05,0,0,1013055.05,0,0,1013055.05,0,0,1013055.05,0,0,1013055.05,0,0,1013055.05,0,0,1013055.05,0,0,1013055.05,0,0,1013055.05,0,0,1013055.05,0,0,1013055.05,0,0,1013055.05,0,0,1013055.05,0,0,1013055.05,0,0,1013055.05,0,0,1604003.83,0,0,1013055.05,0,0,1013055.05,0,0,1013055.05,0,0,1013055.05,0,0,1013055.05,0,0,1013055.05,0,0,1013055.05
1,0,0,2021-02-15,COVHIV,0,0,0,0,0,0,0,0,0,0,0,0,0,0,0,0,0,0,0,0,0,0,0,0,0,0,0,0,0,0,0,0,0,0,0,0,0,0,0,0,0,0,0,0,0,0,0,0,0,0,1052627.52,0,0,1052627.52,0,0,1052627.52,0,0,1052627.52,0,0,1052627.52,0,0,1052627.52,0,0,1052627.52,0,0,1052627.52,0,0,1113523.32,0,0,1113523.32,0,0,1113523.32,0,0,1113523.32,0,0,1113523.32,0,0,1113523.32,0,0,1052627.52,0,0,1052627.52,0,0,1113523.32,0,0,1113523.32,0,0,1052627.52,0,0,1052627.52,0,0,1052627.52,0,0,1052627.52,0,0,1052627.52,0,0,1052627.52,0,0,1052627.52,0,0,1052627.52,0,0,1052627.52,0,0,1052627.52,0,0,1052627.52,0,0,1052627.52,0,0,1052627.52,0,0,1052627.52,0,0,1052627.52,0,0,1052627.52,0,0,1052627.52,0,0,1052627.52,0,0,1052627.52,0,0,1052627.52,0,0,1052627.52,0,0,1052627.52,0,0,1705523.06,0,0,1052627.52,0,0,1052627.52,0,0,1052627.52,0,0,1052627.52,0,0,1052627.52,0,0,1052627.52,0,0,1052627.52
1,0,0,2021-02-22,COVHIV,0,0,0,0,0,0,0,0,0,0,0,0,0,0,0,0,0,0,0,0,0,0,0,0,0,0,0,0,0,0,0,0,0,0,0,0,0,0,0,0,0,0,0,0,0,0,0,0,0,0,1069335.89,0,0,1069335.89,0,0,1069335.89,0,0,1069335.89,0,0,1069335.89,0,0,1069335.89,0,0,1069335.89,0,0,1069335.89,0,0,1132238,0,0,1132238,0,0,1132238,0,0,1132238,0,0,1132238,0,0,1132238,0,0,1069335.89,0,0,1069335.89,0,0,1132238,0,0,1132238,0,0,1069335.89,0,0,1069335.89,0,0,1069335.89,0,0,1069335.89,0,0,1069335.89,0,0,1069335.89,0,0,1069335.89,0,0,1069335.89,0,0,1069335.89,0,0,1069335.89,0,0,1069335.89,0,0,1069335.89,0,0,1069335.89,0,0,1069335.89,0,0,1069335.89,0,0,1069335.89,0,0,1069335.89,0,0,1069335.89,0,0,1069335.89,0,0,1069335.89,0,0,1069335.89,0,0,1069335.89,0,0,1749822.36,0,0,1069335.89,0,0,1069335.89,0,0,1069335.89,0,0,1069335.89,0,0,1069335.89,0,0,1069335.89,0,0,1069335.89
1,0,0,2021-03-01,COVHIV,0,0,0,0,0,0,0,0,0,0,0,0,0,0,0,0,0,0,0,0,0,0,0,0,0,0,0,0,0,0,0,0,0,0,0,0,0,0,0,0,0,0,0,0,0,0,0,0,0,0,1132238,0,0,1132238,0,0,1132238,0,0,1132238,0,0,1132238,0,0,1132238,0,0,1132238,0,0,1132238,0,0,1203002.88,0,0,1203002.88,0,0,1203002.88,0,0,1203002.88,0,0,1203002.88,0,0,1203002.88,0,0,1132238,0,0,1132238,0,0,1203002.88,0,0,1203002.88,0,0,1132238,0,0,1132238,0,0,1132238,0,0,1132238,0,0,1132238,0,0,1132238,0,0,1132238,0,0,1132238,0,0,1132238,0,0,1132238,0,0,1132238,0,0,1132238,0,0,1132238,0,0,1132238,0,0,1132238,0,0,1132238,0,0,1132238,0,0,1132238,0,0,1132238,0,0,1132238,0,0,1132238,0,0,1132238,0,0,1924804.6,0,0,1132238,0,0,1132238,0,0,1132238,0,0,1132238,0,0,1132238,0,0,1132238,0,0,1132238
1,0,0,2021-03-08,COVHIV,0,0,0,0,0,0,0,0,0,0,0,0,0,0,0,0,0,0,0,0,0,0,0,0,0,0,0,0,0,0,0,0,0,0,0,0,0,0,0,0,0,0,0,0,0,0,0,0,0,0,1132238,0,0,1132238,0,0,1132238,0,0,1132238,0,0,1132238,0,0,1132238,0,0,1132238,0,0,1132238,0,0,1203002.88,0,0,1203002.88,0,0,1203002.88,0,0,1203002.88,0,0,1203002.88,0,0,1203002.88,0,0,1132238,0,0,1132238,0,0,1203002.88,0,0,1203002.88,0,0,1132238,0,0,1132238,0,0,1132238,0,0,1132238,0,0,1132238,0,0,1132238,0,0,1132238,0,0,1132238,0,0,1132238,0,0,1132238,0,0,1132238,0,0,1132238,0,0,1132238,0,0,1132238,0,0,1132238,0,0,1132238,0,0,1132238,0,0,1132238,0,0,1132238,0,0,1132238,0,0,1132238,0,0,1132238,0,0,1924804.6,0,0,1132238,0,0,1132238,0,0,1132238,0,0,1132238,0,0,1132238,0,0,1132238,0,0,1132238
1,0,0,2021-03-15,COVHIV,0,0,0,0,0,0,0,0,0,0,0,0,0,0,0,0,0,0,0,0,0,0,0,0,0,0,0,0,0,0,0,0,0,0,0,0,0,0,0,0,0,0,0,0,0,0,0,0,0,0,1132238,0,0,1132238,0,0,1132238,0,0,1132238,0,0,1132238,0,0,1132238,0,0,1132238,0,0,1132238,0,0,1203002.88,0,0,1203002.88,0,0,1203002.88,0,0,1203002.88,0,0,1203002.88,0,0,1203002.88,0,0,1132238,0,0,1132238,0,0,1203002.88,0,0,1203002.88,0,0,1132238,0,0,1132238,0,0,1132238,0,0,1132238,0,0,1132238,0,0,1132238,0,0,1132238,0,0,1132238,0,0,1132238,0,0,1132238,0,0,1132238,0,0,1132238,0,0,1132238,0,0,1132238,0,0,1132238,0,0,1132238,0,0,1132238,0,0,1132238,0,0,1132238,0,0,1132238,0,0,1132238,0,0,1132238,0,0,1924804.6,0,0,1132238,0,0,1132238,0,0,1132238,0,0,1132238,0,0,1132238,0,0,1132238,0,0,1132238
1,0,0,2021-03-22,COVHIV,0,0,0,0,0,0,0,0,0,0,0,0,0,0,0,0,0,0,0,0,0,0,0,0,0,0,0,0,0,0,0,0,0,0,0,0,0,0,0,0,0,0,0,0,0,0,0,0,0,0,1132238,0,0,1132238,0,0,1132238,0,0,1132238,0,0,1132238,0,0,1132238,0,0,1132238,0,0,1132238,0,0,1203002.88,0,0,1203002.88,0,0,1203002.88,0,0,1203002.88,0,0,1203002.88,0,0,1203002.88,0,0,1132238,0,0,1132238,0,0,1203002.88,0,0,1203002.88,0,0,1132238,0,0,1132238,0,0,1132238,0,0,1132238,0,0,1132238,0,0,1132238,0,0,1132238,0,0,1132238,0,0,1132238,0,0,1132238,0,0,1132238,0,0,1132238,0,0,1132238,0,0,1132238,0,0,1132238,0,0,1132238,0,0,1132238,0,0,1132238,0,0,1132238,0,0,1132238,0,0,1132238,0,0,1132238,0,0,1924804.6,0,0,1132238,0,0,1132238,0,0,1132238,0,0,1132238,0,0,1132238,0,0,1132238,0,0,1132238
1,0,0,2021-03-29,COVHIV,0,0,0,0,0,0,0,0,0,0,0,0,0,0,0,0,0,0,0,0,0,0,0,0,0,0,0,0,0,0,0,0,0,0,0,0,0,0,0,0,0,0,0,0,0,0,0,0,0,0,1132238,0,0,1132238,0,0,1132238,0,0,1132238,0,0,1132238,0,0,1132238,0,0,1132238,0,0,1132238,0,0,1203002.88,0,0,1203002.88,0,0,1203002.88,0,0,1203002.88,0,0,1203002.88,0,0,1203002.88,0,0,1132238,0,0,1132238,0,0,1203002.88,0,0,1203002.88,0,0,1132238,0,0,1132238,0,0,1132238,0,0,1132238,0,0,1132238,0,0,1132238,0,0,1132238,0,0,1132238,0,0,1132238,0,0,1132238,0,0,1132238,0,0,1132238,0,0,1132238,0,0,1132238,0,0,1132238,0,0,1132238,0,0,1132238,0,0,1132238,0,0,1132238,0,0,1132238,0,0,1132238,0,0,1132238,0,0,1924804.6,0,0,1132238,0,0,1132238,0,0,1132238,0,0,1132238,0,0,1132238,0,0,1132238,0,0,1132238
1,0,0,2021-04-05,COVHIV,0,0,0,0,0,0,0,0,0,0,0,0,0,0,0,0,0,0,0,0,0,0,0,0,0,0,0,0,0,0,0,0,0,0,0,0,0,0,0,0,0,0,0,0,0,0,0,0,0,0,1213840.74,0,0,1213840.74,0,0,1213840.74,0,0,1213840.74,0,0,1213840.74,0,0,1213840.74,0,0,1213840.74,0,0,1213840.74,0,0,1271097.38,0,0,1271097.38,0,0,1295541.56,0,0,1295541.56,0,0,1295541.56,0,0,1295541.56,0,0,1213840.74,0,0,1213840.74,0,0,1295541.56,0,0,1295541.56,0,0,1213840.74,0,0,1213840.74,0,0,1213840.74,0,0,1213840.74,0,0,1213840.74,0,0,1213840.74,0,0,1213840.74,0,0,1213840.74,0,0,1213840.74,0,0,1213840.74,0,0,1213840.74,0,0,1213840.74,0,0,1213840.74,0,0,1213840.74,0,0,1213840.74,0,0,1213840.74,0,0,1213840.74,0,0,1213840.74,0,0,1213840.74,0,0,1213840.74,0,0,1213840.74,0,0,1213840.74,0,0,1924804.6,0,0,1213840.74,0,0,1213840.74,0,0,1213840.74,0,0,1213840.74,0,0,1213840.74,0,0,1213840.74,0,0,1213840.74
1,0,0,2021-04-12,COVHIV,0,0,0,0,0,0,0,0,0,0,0,0,0,0,0,0,0,0,0,0,0,0,0,0,0,0,0,0,0,0,0,0,0,0,0,0,0,0,0,0,0,0,0,0,0,0,0,0,0,0,1418277.07,0,0,1418277.07,0,0,1418277.07,0,0,1418277.07,0,0,1418277.07,0,0,1418277.07,0,0,1418277.07,0,0,1418277.07,0,0,1418277.07,0,0,1418277.07,0,0,1531094.57,0,0,1531094.57,0,0,1531094.57,0,0,1531094.57,0,0,1418277.07,0,0,1418277.07,0,0,1531094.57,0,0,1531094.57,0,0,1418277.07,0,0,1418277.07,0,0,1418277.07,0,0,1418277.07,0,0,1418277.07,0,0,1418277.07,0,0,1418277.07,0,0,1418277.07,0,0,1418277.07,0,0,1418277.07,0,0,1418277.07,0,0,1418277.07,0,0,1418277.07,0,0,1418277.07,0,0,1418277.07,0,0,1418277.07,0,0,1418277.07,0,0,1418277.07,0,0,1418277.07,0,0,1418277.07,0,0,1418277.07,0,0,1418277.07,0,0,2173166.48,0,0,1418277.07,0,0,1418277.07,0,0,1418277.07,0,0,1418277.07,0,0,1418277.07,0,0,1418277.07,0,0,1418277.07
1,0,0,2021-04-19,COVHIV,0,0,0,0,0,0,0,0,0,0,0,0,0,0,0,0,0,0,0,0,0,0,0,0,0,0,0,0,0,0,0,0,0,0,0,0,0,0,0,0,0,0,0,0,0,0,0,0,0,0,1845703.04,0,0,1845703.04,0,0,1845703.04,0,0,1845703.04,0,0,1845703.04,0,0,1845703.04,0,0,1845703.04,0,0,1845703.04,0,0,1845703.04,0,0,1845703.04,0,0,2041459.43,0,0,2041459.43,0,0,2041459.43,0,0,2041459.43,0,0,1845703.04,0,0,1845703.04,0,0,2041459.43,0,0,2041459.43,0,0,1845703.04,0,0,1845703.04,0,0,1845703.04,0,0,1845703.04,0,0,1845703.04,0,0,1845703.04,0,0,1845703.04,0,0,1845703.04,0,0,1845703.04,0,0,1845703.04,0,0,1845703.04,0,0,1845703.04,0,0,1845703.04,0,0,1845703.04,0,0,1845703.04,0,0,1845703.04,0,0,1845703.04,0,0,1845703.04,0,0,1845703.04,0,0,1845703.04,0,0,1845703.04,0,0,1845703.04,0,0,2994140.49,0,0,1845703.04,0,0,1845703.04,0,0,1845703.04,0,0,1845703.04,0,0,1845703.04,0,0,1845703.04,0,0,1845703.04
1,0,0,2021-04-26,COVHIV,0,0,0,0,0,0,0,0,0,0,0,0,0,0,0,0,0,0,0,0,0,0,0,0,0,0,0,0,0,0,0,0,0,0,0,0,0,0,0,0,0,0,0,0,0,0,0,0,0,0,2323040.04,0,0,2323040.04,0,0,2323040.04,0,0,2323040.04,0,0,2323040.04,0,0,2323040.04,0,0,2323040.04,0,0,2323040.04,0,0,2323040.04,0,0,2323040.04,0,0,2641888.67,0,0,2641888.67,0,0,2641888.67,0,0,2641888.67,0,0,2323040.04,0,0,2323040.04,0,0,2323040.04,0,0,2323040.04,0,0,2323040.04,0,0,2323040.04,0,0,2323040.04,0,0,2323040.04,0,0,2323040.04,0,0,2323040.04,0,0,2323040.04,0,0,2323040.04,0,0,2323040.04,0,0,2323040.04,0,0,2323040.04,0,0,2323040.04,0,0,2323040.04,0,0,2323040.04,0,0,2323040.04,0,0,2323040.04,0,0,2323040.04,0,0,2323040.04,0,0,2323040.04,0,0,2323040.04,0,0,2323040.04,0,0,2323040.04,0,0,3208007.67,0,0,2323040.04,0,0,2323040.04,0,0,2323040.04,0,0,2323040.04,0,0,2323040.04,0,0,2323040.04,0,0,2323040.04
1,0,0,2021-05-03,COVHIV,0,0,0,0,0,0,0,0,0,0,0,0,0,0,0,0,0,0,0,0,0,0,0,0,0,0,0,0,0,0,0,0,0,0,0,0,0,0,0,0,0,0,0,0,0,0,0,0,0,0,2406005.75,0,0,2406005.75,0,0,2406005.75,0,0,2406005.75,0,0,2406005.75,0,0,2406005.75,0,0,2406005.75,0,0,2406005.75,0,0,2406005.75,0,0,2406005.75,0,0,2749720.86,0,0,2749720.86,0,0,2749720.86,0,0,2749720.86,0,0,2406005.75,0,0,2406005.75,0,0,2406005.75,0,0,2406005.75,0,0,2406005.75,0,0,2406005.75,0,0,2406005.75,0,0,2406005.75,0,0,2406005.75,0,0,2406005.75,0,0,2406005.75,0,0,2406005.75,0,0,2406005.75,0,0,2406005.75,0,0,2406005.75,0,0,2406005.75,0,0,2406005.75,0,0,2406005.75,0,0,2406005.75,0,0,2406005.75,0,0,2406005.75,0,0,2406005.75,0,0,2406005.75,0,0,2406005.75,0,0,2406005.75,0,0,2406005.75,0,0,3208007.67,0,0,2406005.75,0,0,2406005.75,0,0,2406005.75,0,0,2406005.75,0,0,2406005.75,0,0,2406005.75,0,0,2406005.75
1,0,0,2021-05-10,COVHIV,0,0,0,0,0,0,0,0,0,0,0,0,0,0,0,0,0,0,0,0,0,0,0,0,0,0,0,0,0,0,0,0,0,0,0,0,0,0,0,0,0,0,0,0,0,0,0,0,0,0,2749720.86,0,0,2749720.86,0,0,2749720.86,0,0,2749720.86,0,0,2749720.86,0,0,2749720.86,0,0,2749720.86,0,0,2749720.86,0,0,2749720.86,0,0,2749720.86,0,0,3208007.67,0,0,3208007.67,0,0,3208007.67,0,0,3208007.67,0,0,2749720.86,0,0,2749720.86,0,0,2749720.86,0,0,2749720.86,0,0,2749720.86,0,0,2749720.86,0,0,2749720.86,0,0,2749720.86,0,0,2749720.86,0,0,2749720.86,0,0,2749720.86,0,0,2749720.86,0,0,2749720.86,0,0,2749720.86,0,0,2749720.86,0,0,2749720.86,0,0,2749720.86,0,0,2749720.86,0,0,2749720.86,0,0,2749720.86,0,0,2749720.86,0,0,2749720.86,0,0,2749720.86,0,0,2749720.86,0,0,2749720.86,0,0,2749720.86,0,0,3849609.2,0,0,2749720.86,0,0,2749720.86,0,0,2749720.86,0,0,2749720.86,0,0,2749720.86,0,0,2749720.86,0,0,2749720.86
1,0,0,2021-05-17,COVHIV,0,0,0,0,0,0,0,0,0,0,0,0,0,0,0,0,0,0,0,0,0,0,0,0,0,0,0,0,0,0,0,0,0,0,0,0,0,1,0,0,0,0,0,0,0,0,0,0,0,0,2994140.49,0,0,2994140.49,0,0,2994140.49,0,0,2994140.49,0,0,2994140.49,0,0,2994140.49,0,0,2994140.49,0,0,2994140.49,0,0,2994140.49,0,0,2994140.49,0,0,3545692.69,0,0,3545692.69,0,0,3545692.69,0,0,3545692.69,0,0,2994140.49,0,0,2994140.49,0,0,2994140.49,0,0,2994140.49,0,0,2994140.49,0,0,2994140.49,0,0,2994140.49,0,0,2994140.49,0,0,2994140.49,0,0,2994140.49,0,0,2994140.49,0,0,2994140.49,0,0,2994140.49,0,0,2994140.49,0,0,2994140.49,0,0,2994140.49,0,0,2994140.49,0,0,2994140.49,0,0,2994140.49,0,0,2994140.49,0,0,2994140.49,0,0,2994140.49,0,0,2994140.49,0,0,2994140.49,0,0,2994140.49,0,0,2994140.49,1074264.71,27198.03,5985419.85,0,0,2994140.49,0,0,2994140.49,0,0,2994140.49,0,0,2994140.49,0,0,2994140.49,0,0,2994140.49,0,0,2994140.49
1,0,0,2021-05-24,COVHIV,0,0,0,0,0,0,0,0,0,0,0,0,0,0,0,0,0,0,0,0,0,0,0,0,0,0,0,0,0,0,0,0,0,0,0,0,0,0,0,0,0,0,0,0,0,0,0,0,0,0,3208007.67,0,0,3208007.67,0,0,3208007.67,0,0,3208007.67,0,0,3208007.67,0,0,3208007.67,0,0,3208007.67,0,0,3208007.67,0,0,3208007.67,0,0,3208007.67,0,0,3849609.2,0,0,3849609.2,0,0,3849609.2,0,0,3849609.2,0,0,3208007.67,0,0,3208007.67,0,0,3208007.67,0,0,3208007.67,0,0,3208007.67,0,0,3208007.67,0,0,3208007.67,0,0,3208007.67,0,0,3208007.67,0,0,3208007.67,0,0,3208007.67,0,0,3208007.67,0,0,3208007.67,0,0,3208007.67,0,0,3208007.67,0,0,3208007.67,0,0,3208007.67,0,0,3208007.67,0,0,3208007.67,0,0,3208007.67,0,0,3208007.67,0,0,3208007.67,0,0,3208007.67,0,0,3208007.67,0,0,3208007.67,0,0,3208007.67,0,0,4812011.5,0,0,3208007.67,0,0,3208007.67,0,0,3208007.67,0,0,3208007.67,0,0,3208007.67,0,0,3208007.67,0,0,3208007.67
1,0,0,2021-05-31,COVHIV,0,0,0,0,0,0,0,0,0,0,0,0,0,0,0,0,0,0,0,0,0,0,0,0,0,0,0,0,0,0,0,0,0,0,0,0,0,0,0,0,0,0,0,0,0,0,0,0,0,0,3208007.67,0,0,3208007.67,0,0,3208007.67,0,0,3208007.67,0,0,3208007.67,0,0,3208007.67,0,0,3208007.67,0,0,3208007.67,0,0,3208007.67,0,0,3208007.67,0,0,3849609.2,0,0,3849609.2,0,0,3849609.2,0,0,3849609.2,0,0,3208007.67,0,0,3208007.67,0,0,3208007.67,0,0,3208007.67,0,0,3208007.67,0,0,3208007.67,0,0,3208007.67,0,0,3208007.67,0,0,3208007.67,0,0,3208007.67,0,0,3208007.67,0,0,3208007.67,0,0,3208007.67,0,0,3208007.67,0,0,3208007.67,0,0,3208007.67,0,0,3208007.67,0,0,3208007.67,0,0,3208007.67,0,0,3208007.67,0,0,3208007.67,0,0,3208007.67,0,0,3208007.67,0,0,3208007.67,0,0,3208007.67,0,0,3208007.67,0,0,4812011.5,0,0,3208007.67,0,0,3208007.67,0,0,3208007.67,0,0,3208007.67,0,0,3208007.67,0,0,3208007.67,0,0,3208007.67
1,0,0,2021-06-07,COVHIV,0,0,0,0,0,0,0,0,0,0,0,0,0,0,0,0,0,0,0,0,0,0,0,0,0,0,0,0,0,0,0,0,0,0,0,0,0,0,0,0,0,0,0,0,0,0,0,0,0,0,3849609.2,0,0,3849609.2,0,0,3849609.2,0,0,3849609.2,0,0,3849609.2,0,0,3849609.2,0,0,3849609.2,0,0,3849609.2,0,0,3849609.2,0,0,3849609.2,0,0,3849609.2,0,0,3849609.2,0,0,3849609.2,0,0,3849609.2,0,0,3849609.2,0,0,3849609.2,0,0,3849609.2,0,0,3849609.2,0,0,3849609.2,0,0,3849609.2,0,0,3849609.2,0,0,3849609.2,0,0,3849609.2,0,0,3849609.2,0,0,3849609.2,0,0,3849609.2,0,0,3849609.2,0,0,3849609.2,0,0,3849609.2,0,0,3849609.2,0,0,3849609.2,0,0,3849609.2,0,0,3849609.2,0,0,3849609.2,0,0,3849609.2,0,0,3849609.2,0,0,3849609.2,0,0,3849609.2,0,0,3849609.2,0,0,3849609.2,0,0,4812011.5,0,0,3849609.2,0,0,3849609.2,0,0,3849609.2,0,0,3849609.2,0,0,3849609.2,0,0,3849609.2,0,0,3849609.2
1,0,0,2021-06-14,COVHIV,0,0,0,0,0,0,0,0,0,0,0,0,0,0,0,0,0,0,0,0,0,0,0,0,0,0,0,0,0,0,0,0,0,0,0,0,0,0,0,0,0,0,0,0,0,0,0,0,0,0,3849609.2,0,0,3849609.2,0,0,3849609.2,0,0,3849609.2,0,0,3849609.2,0,0,3849609.2,0,0,3849609.2,0,0,3849609.2,0,0,3849609.2,0,0,3849609.2,0,0,3849609.2,0,0,3849609.2,0,0,3849609.2,0,0,3849609.2,0,0,3849609.2,0,0,3849609.2,0,0,3849609.2,0,0,3849609.2,0,0,3849609.2,0,0,3849609.2,0,0,3849609.2,0,0,3849609.2,0,0,3849609.2,0,0,3849609.2,0,0,3849609.2,0,0,3849609.2,0,0,3849609.2,0,0,3849609.2,0,0,3849609.2,0,0,3849609.2,0,0,3849609.2,0,0,3849609.2,0,0,3849609.2,0,0,3849609.2,0,0,3849609.2,0,0,3849609.2,0,0,3849609.2,0,0,3849609.2,0,0,3849609.2,0,0,3849609.2,0,0,4812011.5,0,0,3849609.2,0,0,3849609.2,0,0,3849609.2,0,0,3849609.2,0,0,3849609.2,0,0,3849609.2,0,0,3849609.2
1,0,0,2021-06-21,COVHIV,0,0,0,0,0,0,0,0,0,0,0,0,0,0,0,0,0,0,0,0,0,0,0,0,0,0,0,0,0,0,0,0,0,0,0,0,0,0,0,0,0,0,0,0,0,0,0,0,0,0,5182166.23,0,0,5182166.23,0,0,5182166.23,0,0,5182166.23,0,0,5182166.23,0,0,5182166.23,0,0,5182166.23,0,0,5182166.23,0,0,5182166.23,0,0,5182166.23,0,0,5182166.23,0,0,5182166.23,0,0,5182166.23,0,0,5182166.23,0,0,5182166.23,0,0,5182166.23,0,0,5182166.23,0,0,5182166.23,0,0,5182166.23,0,0,5182166.23,0,0,5182166.23,0,0,5182166.23,0,0,5182166.23,0,0,5182166.23,0,0,5182166.23,0,0,5182166.23,0,0,5182166.23,0,0,5182166.23,0,0,5182166.23,0,0,5182166.23,0,0,5182166.23,0,0,5182166.23,0,0,5182166.23,0,0,5182166.23,0,0,5182166.23,0,0,5182166.23,0,0,5182166.23,0,0,5182166.23,0,0,5182166.23,0,0,5182166.23,0,0,5614013.42,0,0,5182166.23,0,0,5182166.23,0,0,5182166.23,0,0,5182166.23,0,0,5182166.23,0,0,5182166.23,0,0,5182166.23
1,0,0,2021-06-28,COVHIV,0,0,0,0,0,0,0,0,0,0,0,0,0,0,0,0,0,0,0,0,0,0,0,0,0,0,0,0,0,0,0,0,0,0,0,0,0,0,0,0,0,0,0,0,0,0,0,0,0,0,14970702.45,0,0,14970702.45,0,0,14970702.45,0,0,14970702.45,0,0,14970702.45,0,0,14970702.45,0,0,14970702.45,0,0,14970702.45,0,0,14970702.45,0,0,14970702.45,0,0,14970702.45,0,0,14970702.45,0,0,14970702.45,0,0,14970702.45,0,0,14970702.45,0,0,14970702.45,0,0,14970702.45,0,0,14970702.45,0,0,14970702.45,0,0,14970702.45,0,0,14970702.45,0,0,14970702.45,0,0,14970702.45,0,0,14970702.45,0,0,14970702.45,0,0,14970702.45,0,0,14970702.45,0,0,14970702.45,0,0,14970702.45,0,0,14970702.45,0,0,14970702.45,0,0,14970702.45,0,0,14970702.45,0,0,14970702.45,0,0,14970702.45,0,0,14970702.45,0,0,14970702.45,0,0,14970702.45,0,0,14970702.45,0,0,14970702.45,0,0,14970702.45,0,0,14970702.45,0,0,14970702.45,0,0,14970702.45,0,0,14970702.45,0,0,14970702.45,0,0,14970702.45,0,0,14970702.45
1,1,AstraZeneca,2021-03-01,COVHIV,0,0,0,0,0,0,0,0,0,0,0,0,0,0,0,0,0,0,0,0,0,0,0,0,0,0,0,0,0,0,0,0,0,0,0,0,0,0,0,0,0,0,0,0,0,0,0,0,0,0,9624023,0,0,9624023,0,0,9624023,0,0,9624023,0,0,9624023,0,0,9624023,0,0,9624023,0,0,9624023,0,0,9624023,0,0,9624023,0,0,9624023,0,0,9624023,0,0,9624023,0,0,9624023,0,0,9624023,0,0,9624023,0,0,9624023,0,0,9624023,0,0,9624023,0,0,9624023,0,0,9624023,0,0,9624023,0,0,9624023,0,0,9624023,0,0,9624023,0,0,9624023,0,0,9624023,0,0,9624023,0,0,9624023,0,0,9624023,0,0,9624023,0,0,9624023,0,0,9624023,0,0,9624023,0,0,9624023,0,0,9624023,0,0,9624023,0,0,9624023,0,0,9624023,0,0,9624023,0,0,9624023,0,0,9624023,0,0,9624023,0,0,9624023,0,0,9624023,0,0,9624023,0,0,9624023,0,0,9624023
1,1,AstraZeneca,2021-03-08,COVHIV,0,0,0,0,0,0,0,0,0,0,0,0,0,0,0,0,0,0,0,0,0,0,0,0,0,0,0,0,0,0,0,0,0,0,0,0,0,0,0,0,0,0,0,0,0,0,0,0,0,0,9624023,0,0,9624023,0,0,9624023,0,0,9624023,0,0,9624023,0,0,9624023,0,0,9624023,0,0,9624023,0,0,9624023,0,0,9624023,0,0,9624023,0,0,9624023,0,0,9624023,0,0,9624023,0,0,9624023,0,0,9624023,0,0,9624023,0,0,9624023,0,0,9624023,0,0,9624023,0,0,9624023,0,0,9624023,0,0,9624023,0,0,9624023,0,0,9624023,0,0,9624023,0,0,9624023,0,0,9624023,0,0,9624023,0,0,9624023,0,0,9624023,0,0,9624023,0,0,9624023,0,0,9624023,0,0,9624023,0,0,9624023,0,0,9624023,0,0,9624023,0,0,9624023,0,0,9624023,0,0,9624023,0,0,9624023,0,0,9624023,0,0,9624023,0,0,9624023,0,0,9624023,0,0,9624023,0,0,9624023
1,1,AstraZeneca,2021-03-15,COVHIV,0,0,0,0,0,0,0,0,0,0,0,0,0,0,0,0,0,0,0,0,0,0,0,0,0,0,0,0,0,0,0,0,0,0,0,0,0,0,0,0,0,0,0,0,0,0,0,0,0,0,9624023,0,0,9624023,0,0,9624023,0,0,9624023,0,0,9624023,0,0,9624023,0,0,9624023,0,0,9624023,0,0,9624023,0,0,9624023,0,0,9624023,0,0,9624023,0,0,9624023,0,0,9624023,0,0,9624023,0,0,9624023,0,0,9624023,0,0,9624023,0,0,9624023,0,0,9624023,0,0,9624023,0,0,9624023,0,0,9624023,0,0,9624023,0,0,9624023,0,0,9624023,0,0,9624023,0,0,9624023,0,0,9624023,0,0,9624023,0,0,9624023,0,0,9624023,0,0,9624023,0,0,9624023,0,0,9624023,0,0,9624023,0,0,9624023,0,0,9624023,0,0,9624023,0,0,9624023,0,0,9624023,0,0,9624023,0,0,9624023,0,0,9624023,0,0,9624023,0,0,9624023,0,0,9624023,0,0,9624023
1,1,AstraZeneca,2021-03-22,COVHIV,0,0,0,0,0,0,0,0,0,0,0,0,0,0,0,0,0,0,0,0,0,0,0,0,0,0,0,0,0,0,0,0,0,0,0,0,0,0,0,0,0,0,0,0,0,0,0,0,0,0,9624023,0,0,9624023,0,0,9624023,0,0,9624023,0,0,9624023,0,0,9624023,0,0,9624023,0,0,9624023,0,0,9624023,0,0,9624023,0,0,9624023,0,0,9624023,0,0,9624023,0,0,9624023,0,0,9624023,0,0,9624023,0,0,9624023,0,0,9624023,0,0,9624023,0,0,9624023,0,0,9624023,0,0,9624023,0,0,9624023,0,0,9624023,0,0,9624023,0,0,9624023,0,0,9624023,0,0,9624023,0,0,9624023,0,0,9624023,0,0,9624023,0,0,9624023,0,0,9624023,0,0,9624023,0,0,9624023,0,0,9624023,0,0,9624023,0,0,9624023,0,0,9624023,0,0,9624023,0,0,9624023,0,0,9624023,0,0,9624023,0,0,9624023,0,0,9624023,0,0,9624023,0,0,9624023,0,0,9624023
1,1,AstraZeneca,2021-03-29,COVHIV,0,0,0,0,0,0,0,0,0,0,0,0,0,0,0,0,0,0,0,0,0,0,0,0,0,0,0,0,0,0,0,0,0,0,0,0,0,0,0,0,0,0,0,0,0,0,0,0,0,0,9624023,0,0,9624023,0,0,9624023,0,0,9624023,0,0,9624023,0,0,9624023,0,0,9624023,0,0,9624023,0,0,9624023,0,0,9624023,0,0,9624023,0,0,9624023,0,0,9624023,0,0,9624023,0,0,9624023,0,0,9624023,0,0,9624023,0,0,9624023,0,0,9624023,0,0,9624023,0,0,9624023,0,0,9624023,0,0,9624023,0,0,9624023,0,0,9624023,0,0,9624023,0,0,9624023,0,0,9624023,0,0,9624023,0,0,9624023,0,0,9624023,0,0,9624023,0,0,9624023,0,0,9624023,0,0,9624023,0,0,9624023,0,0,9624023,0,0,9624023,0,0,9624023,0,0,9624023,0,0,9624023,0,0,9624023,0,0,9624023,0,0,9624023,0,0,9624023,0,0,9624023,0,0,9624023,0,0,9624023
1,1,AstraZeneca,2021-04-05,COVHIV,0,0,0,0,0,0,0,0,0,0,0,0,0,0,0,0,0,0,0,0,0,0,0,0,0,0,0,0,0,0,0,0,0,0,0,0,0,0,0,0,0,0,0,0,0,0,0,0,0,0,9624023,0,0,9624023,0,0,9624023,0,0,9624023,0,0,9624023,0,0,9624023,0,0,9624023,0,0,9624023,0,0,9624023,0,0,9624023,0,0,9624023,0,0,9624023,0,0,9624023,0,0,9624023,0,0,9624023,0,0,9624023,0,0,9624023,0,0,9624023,0,0,9624023,0,0,9624023,0,0,9624023,0,0,9624023,0,0,9624023,0,0,9624023,0,0,9624023,0,0,9624023,0,0,9624023,0,0,9624023,0,0,9624023,0,0,9624023,0,0,9624023,0,0,9624023,0,0,9624023,0,0,9624023,0,0,9624023,0,0,9624023,0,0,9624023,0,0,9624023,0,0,9624023,0,0,9624023,0,0,9624023,0,0,9624023,0,0,9624023,0,0,9624023,0,0,9624023,0,0,9624023,0,0,9624023,0,0,9624023
1,1,AstraZeneca,2021-04-12,COVHIV,0,0,0,0,0,0,0,0,0,0,0,0,0,0,0,0,0,0,0,0,0,0,0,0,0,0,0,0,0,0,0,0,0,0,0,0,0,0,0,0,0,0,0,0,0,0,0,0,0,0,9624023,0,0,9624023,0,0,9624023,0,0,9624023,0,0,9624023,0,0,9624023,0,0,9624023,0,0,9624023,0,0,9624023,0,0,9624023,0,0,9624023,0,0,9624023,0,0,9624023,0,0,9624023,0,0,9624023,0,0,9624023,0,0,9624023,0,0,9624023,0,0,9624023,0,0,9624023,0,0,9624023,0,0,9624023,0,0,9624023,0,0,9624023,0,0,9624023,0,0,9624023,0,0,9624023,0,0,9624023,0,0,9624023,0,0,9624023,0,0,9624023,0,0,9624023,0,0,9624023,0,0,9624023,0,0,9624023,0,0,9624023,0,0,9624023,0,0,9624023,0,0,9624023,0,0,9624023,0,0,9624023,0,0,9624023,0,0,9624023,0,0,9624023,0,0,9624023,0,0,9624023,0,0,9624023,0,0,9624023
1,1,AstraZeneca,2021-04-19,COVHIV,0,0,0,0,0,0,0,0,0,0,0,0,0,0,0,0,0,0,0,0,0,0,0,0,0,0,0,0,0,0,0,0,0,0,0,0,0,0,0,0,0,0,0,0,0,0,0,0,0,0,9624023,0,0,9624023,0,0,9624023,0,0,9624023,0,0,9624023,0,0,9624023,0,0,9624023,0,0,9624023,0,0,9624023,0,0,9624023,0,0,9624023,0,0,9624023,0,0,9624023,0,0,9624023,0,0,9624023,0,0,9624023,0,0,9624023,0,0,9624023,0,0,9624023,0,0,9624023,0,0,9624023,0,0,9624023,0,0,9624023,0,0,9624023,0,0,9624023,0,0,9624023,0,0,9624023,0,0,9624023,0,0,9624023,0,0,9624023,0,0,9624023,0,0,9624023,0,0,9624023,0,0,9624023,0,0,9624023,0,0,9624023,0,0,9624023,0,0,9624023,0,0,9624023,0,0,9624023,0,0,9624023,0,0,9624023,0,0,9624023,0,0,9624023,0,0,9624023,0,0,9624023,0,0,9624023,0,0,9624023
1,1,AstraZeneca,2021-04-26,COVHIV,0,0,0,0,0,0,0,0,0,0,0,0,0,0,0,0,0,0,0,0,0,0,0,0,0,0,0,0,0,0,0,0,0,0,0,0,0,0,0,0,0,0,0,0,0,0,0,0,0,0,9624023,0,0,9624023,0,0,9624023,0,0,9624023,0,0,9624023,0,0,9624023,0,0,9624023,0,0,9624023,0,0,9624023,0,0,9624023,0,0,9624023,0,0,9624023,0,0,9624023,0,0,9624023,0,0,9624023,0,0,9624023,0,0,9624023,0,0,9624023,0,0,9624023,0,0,9624023,0,0,9624023,0,0,9624023,0,0,9624023,0,0,9624023,0,0,9624023,0,0,9624023,0,0,9624023,0,0,9624023,0,0,9624023,0,0,9624023,0,0,9624023,0,0,9624023,0,0,9624023,0,0,9624023,0,0,9624023,0,0,9624023,0,0,9624023,0,0,9624023,0,0,9624023,0,0,9624023,0,0,9624023,0,0,9624023,0,0,9624023,0,0,9624023,0,0,9624023,0,0,9624023,0,0,9624023,0,0,9624023
1,1,AstraZeneca,2021-05-03,COVHIV,0,0,0,0,0,0,0,0,0,0,0,0,0,0,0,0,0,0,0,0,0,0,0,0,0,0,0,0,0,0,0,0,0,0,0,0,0,0,0,0,0,0,0,0,0,0,0,0,0,0,12248756.55,0,0,12248756.55,0,0,12248756.55,0,0,12248756.55,0,0,12248756.55,0,0,12248756.55,0,0,12248756.55,0,0,12248756.55,0,0,12248756.55,0,0,12248756.55,0,0,12248756.55,0,0,12248756.55,0,0,12248756.55,0,0,12248756.55,0,0,12248756.55,0,0,12248756.55,0,0,12248756.55,0,0,12248756.55,0,0,12248756.55,0,0,12248756.55,0,0,12248756.55,0,0,12248756.55,0,0,12248756.55,0,0,12248756.55,0,0,12248756.55,0,0,12248756.55,0,0,12248756.55,0,0,12248756.55,0,0,12248756.55,0,0,12248756.55,0,0,12248756.55,0,0,12248756.55,0,0,12248756.55,0,0,12248756.55,0,0,12248756.55,0,0,12248756.55,0,0,12248756.55,0,0,12248756.55,0,0,12248756.55,0,0,12248756.55,0,0,12248756.55,0,0,12248756.55,0,0,12248756.55,0,0,12248756.55,0,0,12248756.55,0,0,12248756.55,0,0,12248756.55,0,0,12248756.55
1,1,AstraZeneca,2021-05-10,COVHIV,0,0,0,0,0,0,0,0,0,0,0,0,0,0,0,0,0,0,0,0,0,0,0,0,0,0,0,0,0,0,0,0,0,0,0,0,0,0,0,0,0,0,0,0,0,0,0,0,0,0,19248046.01,0,0,19248046.01,0,0,19248046.01,0,0,19248046.01,0,0,19248046.01,0,0,19248046.01,0,0,19248046.01,0,0,19248046.01,0,0,19248046.01,0,0,19248046.01,0,0,19248046.01,0,0,19248046.01,0,0,19248046.01,0,0,19248046.01,0,0,19248046.01,0,0,19248046.01,0,0,19248046.01,0,0,19248046.01,0,0,19248046.01,0,0,19248046.01,0,0,19248046.01,0,0,19248046.01,0,0,19248046.01,0,0,19248046.01,0,0,19248046.01,0,0,19248046.01,0,0,19248046.01,0,0,19248046.01,0,0,19248046.01,0,0,19248046.01,0,0,19248046.01,0,0,19248046.01,0,0,19248046.01,0,0,19248046.01,0,0,19248046.01,0,0,19248046.01,0,0,19248046.01,0,0,19248046.01,0,0,19248046.01,0,0,19248046.01,0,0,19248046.01,0,0,19248046.01,0,0,19248046.01,0,0,19248046.01,0,0,19248046.01,0,0,19248046.01,0,0,19248046.01,0,0,19248046.01
1,1,AstraZeneca,2021-05-17,COVHIV,0,0,0,0,0,0,0,0,0,0,0,0,0,0,0,0,0,0,0,0,0,0,0,0,0,0,0,0,0,0,0,0,0,0,0,0,0,0,0,0,0,0,0,0,0,0,0,0,0,0,19248046.01,0,0,19248046.01,0,0,19248046.01,0,0,19248046.01,0,0,19248046.01,0,0,19248046.01,0,0,19248046.01,0,0,19248046.01,0,0,19248046.01,0,0,19248046.01,0,0,19248046.01,0,0,19248046.01,0,0,19248046.01,0,0,19248046.01,0,0,19248046.01,0,0,19248046.01,0,0,19248046.01,0,0,19248046.01,0,0,19248046.01,0,0,19248046.01,0,0,19248046.01,0,0,19248046.01,0,0,19248046.01,0,0,19248046.01,0,0,19248046.01,0,0,19248046.01,0,0,19248046.01,0,0,19248046.01,0,0,19248046.01,0,0,19248046.01,0,0,19248046.01,0,0,19248046.01,0,0,19248046.01,0,0,19248046.01,0,0,19248046.01,0,0,19248046.01,0,0,19248046.01,0,0,19248046.01,0,0,19248046.01,0,0,19248046.01,0,0,19248046.01,0,0,19248046.01,0,0,19248046.01,0,0,19248046.01,0,0,19248046.01,0,0,19248046.01,0,0,19248046.01,0,0,19248046.01
1,1,AstraZeneca,2021-05-24,COVHIV,0,0,0,0,0,0,0,0,0,0,0,0,0,0,0,0,0,0,0,0,0,0,0,0,0,0,0,0,0,0,0,0,0,0,0,0,0,0,0,0,0,0,0,0,0,0,0,0,0,0,19248046.01,0,0,19248046.01,0,0,19248046.01,0,0,19248046.01,0,0,19248046.01,0,0,19248046.01,0,0,19248046.01,0,0,19248046.01,0,0,19248046.01,0,0,19248046.01,0,0,19248046.01,0,0,19248046.01,0,0,19248046.01,0,0,19248046.01,0,0,19248046.01,0,0,19248046.01,0,0,19248046.01,0,0,19248046.01,0,0,19248046.01,0,0,19248046.01,0,0,19248046.01,0,0,19248046.01,0,0,19248046.01,0,0,19248046.01,0,0,19248046.01,0,0,19248046.01,0,0,19248046.01,0,0,19248046.01,0,0,19248046.01,0,0,19248046.01,0,0,19248046.01,0,0,19248046.01,0,0,19248046.01,0,0,19248046.01,0,0,19248046.01,0,0,19248046.01,0,0,19248046.01,0,0,19248046.01,0,0,19248046.01,0,0,19248046.01,0,0,19248046.01,0,0,19248046.01,0,0,19248046.01,0,0,19248046.01,0,0,19248046.01,0,0,19248046.01,0,0,19248046.01,0,0,19248046.01
1,1,AstraZeneca,2021-05-31,COVHIV,0,0,0,0,0,0,0,0,0,0,0,0,0,0,0,0,0,0,0,0,0,0,0,0,0,0,0,0,0,0,0,0,0,0,0,0,0,0,0,0,0,0,0,0,0,0,0,0,0,0,19248046.01,0,0,19248046.01,0,0,19248046.01,0,0,19248046.01,0,0,19248046.01,0,0,19248046.01,0,0,19248046.01,0,0,19248046.01,0,0,19248046.01,0,0,19248046.01,0,0,19248046.01,0,0,19248046.01,0,0,19248046.01,0,0,19248046.01,0,0,19248046.01,0,0,19248046.01,0,0,19248046.01,0,0,19248046.01,0,0,19248046.01,0,0,19248046.01,0,0,19248046.01,0,0,19248046.01,0,0,19248046.01,0,0,19248046.01,0,0,19248046.01,0,0,19248046.01,0,0,19248046.01,0,0,19248046.01,0,0,19248046.01,0,0,19248046.01,0,0,19248046.01,0,0,19248046.01,0,0,19248046.01,0,0,19248046.01,0,0,19248046.01,0,0,19248046.01,0,0,19248046.01,0,0,19248046.01,0,0,19248046.01,0,0,19248046.01,0,0,19248046.01,0,0,19248046.01,0,0,19248046.01,0,0,19248046.01,0,0,19248046.01,0,0,19248046.01,0,0,19248046.01,0,0,19248046.01
1,1,AstraZeneca,2021-06-07,COVHIV,0,0,0,0,0,0,0,0,0,0,0,0,0,0,0,0,0,0,0,0,0,0,0,0,0,0,0,0,0,0,0,0,0,0,0,0,0,0,0,0,0,0,0,0,0,0,0,0,0,0,19248046.01,0,0,19248046.01,0,0,19248046.01,0,0,19248046.01,0,0,19248046.01,0,0,19248046.01,0,0,19248046.01,0,0,19248046.01,0,0,19248046.01,0,0,19248046.01,0,0,19248046.01,0,0,19248046.01,0,0,19248046.01,0,0,19248046.01,0,0,19248046.01,0,0,19248046.01,0,0,19248046.01,0,0,19248046.01,0,0,19248046.01,0,0,19248046.01,0,0,19248046.01,0,0,19248046.01,0,0,19248046.01,0,0,19248046.01,0,0,19248046.01,0,0,19248046.01,0,0,19248046.01,0,0,19248046.01,0,0,19248046.01,0,0,19248046.01,0,0,19248046.01,0,0,19248046.01,0,0,19248046.01,0,0,19248046.01,0,0,19248046.01,0,0,19248046.01,0,0,19248046.01,0,0,19248046.01,0,0,19248046.01,0,0,19248046.01,0,0,19248046.01,0,0,19248046.01,0,0,19248046.01,0,0,19248046.01,0,0,19248046.01,0,0,19248046.01,0,0,19248046.01,0,0,19248046.01
1,1,AstraZeneca,2021-06-14,COVHIV,0,0,0,0,0,0,0,0,0,0,0,0,0,0,0,0,0,0,0,0,0,0,0,0,0,0,0,0,0,0,0,0,0,0,0,0,0,0,0,0,0,0,0,0,0,0,0,0,0,0,19248046.01,0,0,19248046.01,0,0,19248046.01,0,0,19248046.01,0,0,19248046.01,0,0,19248046.01,0,0,19248046.01,0,0,19248046.01,0,0,19248046.01,0,0,19248046.01,0,0,19248046.01,0,0,19248046.01,0,0,19248046.01,0,0,19248046.01,0,0,19248046.01,0,0,19248046.01,0,0,19248046.01,0,0,19248046.01,0,0,19248046.01,0,0,19248046.01,0,0,19248046.01,0,0,19248046.01,0,0,19248046.01,0,0,19248046.01,0,0,19248046.01,0,0,19248046.01,0,0,19248046.01,0,0,19248046.01,0,0,19248046.01,0,0,19248046.01,0,0,19248046.01,0,0,19248046.01,0,0,19248046.01,0,0,19248046.01,0,0,19248046.01,0,0,19248046.01,0,0,19248046.01,0,0,19248046.01,0,0,19248046.01,0,0,19248046.01,0,0,19248046.01,0,0,19248046.01,0,0,19248046.01,0,0,19248046.01,0,0,19248046.01,0,0,19248046.01,0,0,19248046.01,0,0,19248046.01
1,1,AstraZeneca,2021-06-21,COVHIV,0,0,0,0,0,0,0,0,0,0,0,0,0,0,0,0,0,0,0,0,0,0,0,0,0,0,0,0,0,0,0,0,0,0,0,0,0,0,0,0,0,0,0,0,0,0,0,0,0,0,19248046.01,0,0,19248046.01,0,0,19248046.01,0,0,19248046.01,0,0,19248046.01,0,0,19248046.01,0,0,19248046.01,0,0,19248046.01,0,0,19248046.01,0,0,19248046.01,0,0,19248046.01,0,0,19248046.01,0,0,19248046.01,0,0,19248046.01,0,0,19248046.01,0,0,19248046.01,0,0,19248046.01,0,0,19248046.01,0,0,19248046.01,0,0,19248046.01,0,0,19248046.01,0,0,19248046.01,0,0,19248046.01,0,0,19248046.01,0,0,19248046.01,0,0,19248046.01,0,0,19248046.01,0,0,19248046.01,0,0,19248046.01,0,0,19248046.01,0,0,19248046.01,0,0,19248046.01,0,0,19248046.01,0,0,19248046.01,0,0,19248046.01,0,0,19248046.01,0,0,19248046.01,0,0,19248046.01,0,0,19248046.01,0,0,19248046.01,0,0,19248046.01,0,0,19248046.01,0,0,19248046.01,0,0,19248046.01,0,0,19248046.01,0,0,19248046.01,0,0,19248046.01,0,0,19248046.01
1,1,AstraZeneca,2021-06-28,COVHIV,0,0,0,0,0,0,0,0,0,0,0,0,0,0,0,0,0,0,0,0,0,0,0,0,0,0,0,0,0,0,0,0,0,0,0,0,0,0,0,0,0,0,0,0,0,0,0,0,0,0,44912107.35,0,0,44912107.35,0,0,44912107.35,0,0,44912107.35,0,0,44912107.35,0,0,44912107.35,0,0,44912107.35,0,0,44912107.35,0,0,44912107.35,0,0,44912107.35,0,0,44912107.35,0,0,44912107.35,0,0,44912107.35,0,0,44912107.35,0,0,44912107.35,0,0,44912107.35,0,0,44912107.35,0,0,44912107.35,0,0,44912107.35,0,0,44912107.35,0,0,44912107.35,0,0,44912107.35,0,0,44912107.35,0,0,44912107.35,0,0,44912107.35,0,0,44912107.35,0,0,44912107.35,0,0,44912107.35,0,0,44912107.35,0,0,44912107.35,0,0,44912107.35,0,0,44912107.35,0,0,44912107.35,0,0,44912107.35,0,0,44912107.35,0,0,44912107.35,0,0,44912107.35,0,0,44912107.35,0,0,44912107.35,0,0,44912107.35,0,0,44912107.35,0,0,44912107.35,0,0,44912107.35,0,0,44912107.35,0,0,44912107.35,0,0,44912107.35,0,0,44912107.35,0,0,44912107.35
1,1,Pfizer,2021-04-12,COVHIV,0,0,0,0,0,0,0,0,0,0,0,0,0,0,0,0,0,0,0,0,0,0,0,0,0,0,0,0,0,0,0,0,0,0,0,0,0,0,0,0,0,0,0,0,0,0,0,0,0,0,7925666,0,0,7925666,0,0,7925666,0,0,7925666,0,0,7925666,0,0,7925666,0,0,7925666,0,0,7925666,0,0,13473632.21,0,0,13473632.21,0,0,7925666,0,0,7925666,0,0,7925666,0,0,7925666,0,0,7925666,0,0,7925666,0,0,7925666,0,0,7925666,0,0,7925666,0,0,7925666,0,0,7925666,0,0,7925666,0,0,7925666,0,0,7925666,0,0,7925666,0,0,7925666,0,0,7925666,0,0,7925666,0,0,7925666,0,0,7925666,0,0,7925666,0,0,7925666,0,0,7925666,0,0,7925666,0,0,7925666,0,0,7925666,0,0,7925666,0,0,7925666,0,0,7925666,0,0,7925666,0,0,134736322.06,0,0,7925666,0,0,7925666,0,0,7925666,0,0,7925666,0,0,7925666,0,0,7925666,0,0,7925666
1,1,Pfizer,2021-04-19,COVHIV,0,0,0,0,0,0,0,0,0,0,0,0,0,0,0,0,0,0,0,0,0,0,0,0,0,0,0,0,0,0,0,0,0,0,0,0,0,0,0,0,0,0,0,0,0,0,0,0,0,0,4210510.06,0,0,4210510.06,0,0,4210510.06,0,0,4210510.06,0,0,4210510.06,0,0,4210510.06,0,0,4210510.06,0,0,4210510.06,0,0,5389452.88,0,0,5389452.88,0,0,4210510.06,0,0,4210510.06,0,0,4210510.06,0,0,4210510.06,0,0,4210510.06,0,0,4210510.06,0,0,4210510.06,0,0,4210510.06,0,0,4210510.06,0,0,4210510.06,0,0,4210510.06,0,0,4210510.06,0,0,4210510.06,0,0,4210510.06,0,0,4210510.06,0,0,4210510.06,0,0,4210510.06,0,0,4210510.06,0,0,4210510.06,0,0,4210510.06,0,0,4210510.06,0,0,4210510.06,0,0,4210510.06,0,0,4210510.06,0,0,4210510.06,0,0,4210510.06,0,0,4210510.06,0,0,4210510.06,0,0,4210510.06,0,0,4210510.06,0,0,12248756.55,0,0,4210510.06,0,0,4210510.06,0,0,4210510.06,0,0,4210510.06,0,0,4210510.06,0,0,4210510.06,0,0,4210510.06
1,1,Pfizer,2021-04-26,COVHIV,0,0,0,0,0,0,0,0,0,0,0,0,0,0,0,0,0,0,0,0,0,0,0,0,0,0,0,0,0,0,0,0,0,0,0,0,0,0,0,0,0,0,0,0,0,0,0,0,0,0,4082918.85,0,0,4082918.85,0,0,4082918.85,0,0,4082918.85,0,0,4082918.85,0,0,4082918.85,0,0,4082918.85,0,0,4082918.85,0,0,4990234.15,0,0,4990234.15,0,0,4082918.85,0,0,4082918.85,0,0,4082918.85,0,0,4082918.85,0,0,4082918.85,0,0,4082918.85,0,0,4082918.85,0,0,4082918.85,0,0,4082918.85,0,0,4082918.85,0,0,4082918.85,0,0,4082918.85,0,0,4082918.85,0,0,4082918.85,0,0,4082918.85,0,0,4082918.85,0,0,4082918.85,0,0,4082918.85,0,0,4082918.85,0,0,4082918.85,0,0,4082918.85,0,0,4082918.85,0,0,4082918.85,0,0,4082918.85,0,0,4082918.85,0,0,4082918.85,0,0,4082918.85,0,0,4082918.85,0,0,4082918.85,0,0,4082918.85,0,0,9624023,0,0,4082918.85,0,0,4082918.85,0,0,4082918.85,0,0,4082918.85,0,0,4082918.85,0,0,4082918.85,0,0,4082918.85
1,1,Pfizer,2021-05-03,COVHIV,0,0,0,0,0,0,0,0,0,0,0,0,0,0,0,0,0,0,0,0,0,0,0,0,0,0,0,0,0,0,0,0,0,0,0,0,0,0,0,0,0,0,0,0,0,0,0,0,0,0,6736816.1,0,0,6736816.1,0,0,6736816.1,0,0,6736816.1,0,0,6736816.1,0,0,6736816.1,0,0,6736816.1,0,0,6736816.1,0,0,6736816.1,0,0,6736816.1,0,0,6736816.1,0,0,6736816.1,0,0,6736816.1,0,0,6736816.1,0,0,6736816.1,0,0,6736816.1,0,0,6736816.1,0,0,6736816.1,0,0,6736816.1,0,0,6736816.1,0,0,6736816.1,0,0,6736816.1,0,0,6736816.1,0,0,6736816.1,0,0,6736816.1,0,0,6736816.1,0,0,6736816.1,0,0,6736816.1,0,0,6736816.1,0,0,6736816.1,0,0,6736816.1,0,0,6736816.1,0,0,6736816.1,0,0,6736816.1,0,0,6736816.1,0,0,6736816.1,0,0,6736816.1,0,0,6736816.1,0,0,6736816.1,0,0,6736816.1,0,0,9624023,0,0,6736816.1,0,0,6736816.1,0,0,6736816.1,0,0,6736816.1,0,0,6736816.1,0,0,6736816.1,0,0,6736816.1
1,1,Pfizer,2021-05-10,COVHIV,0,0,0,0,0,0,0,0,0,0,0,0,0,0,0,0,0,0,0,0,0,0,0,0,0,0,0,0,0,0,0,0,0,0,0,0,0,0,0,0,0,0,0,0,0,0,0,0,0,0,33684080.52,0,0,33684080.52,0,0,33684080.52,0,0,33684080.52,0,0,33684080.52,0,0,33684080.52,0,0,33684080.52,0,0,33684080.52,0,0,33684080.52,0,0,33684080.52,0,0,33684080.52,0,0,33684080.52,0,0,33684080.52,0,0,33684080.52,0,0,33684080.52,0,0,33684080.52,0,0,33684080.52,0,0,33684080.52,0,0,33684080.52,0,0,33684080.52,0,0,33684080.52,0,0,33684080.52,0,0,33684080.52,0,0,33684080.52,0,0,33684080.52,0,0,33684080.52,0,0,33684080.52,0,0,33684080.52,0,0,33684080.52,0,0,33684080.52,0,0,33684080.52,0,0,33684080.52,0,0,33684080.52,0,0,33684080.52,0,0,33684080.52,0,0,33684080.52,0,0,33684080.52,0,0,33684080.52,0,0,33684080.52,0,0,33684080.52,0,0,33684080.52,0,0,33684080.52,0,0,33684080.52,0,0,33684080.52,0,0,33684080.52,0,0,33684080.52,0,0,33684080.52,0,0,33684080.52
1,2,Pfizer,2021-05-10,COVHIV,0,0,0,0,0,0,0,0,0,0,0,0,0,0,0,0,0,0,0,0,0,0,0,0,0,0,0,0,0,0,0,0,0,0,0,0,0,0,0,0,0,0,0,0,0,0,0,0,0,0,4346332.97,0,0,4346332.97,0,0,4346332.97,0,0,4346332.97,0,0,4346332.97,0,0,4346332.97,0,0,4346332.97,0,0,4346332.97,0,0,5614013.42,0,0,5614013.42,0,0,4346332.97,0,0,4346332.97,0,0,4346332.97,0,0,4346332.97,0,0,4346332.97,0,0,4346332.97,0,0,4346332.97,0,0,4346332.97,0,0,4346332.97,0,0,4346332.97,0,0,4346332.97,0,0,4346332.97,0,0,4346332.97,0,0,4346332.97,0,0,4346332.97,0,0,4346332.97,0,0,4346332.97,0,0,4346332.97,0,0,4346332.97,0,0,4346332.97,0,0,4346332.97,0,0,4346332.97,0,0,4346332.97,0,0,4346332.97,0,0,4346332.97,0,0,4346332.97,0,0,4346332.97,0,0,4346332.97,0,0,4346332.97,0,0,4346332.97,0,0,13473632.21,0,0,4346332.97,0,0,4346332.97,0,0,4346332.97,0,0,4346332.97,0,0,4346332.97,0,0,4346332.97,0,0,4346332.97
1,2,Pfizer,2021-05-17,COVHIV,0,0,0,0,0,0,0,0,0,0,0,0,0,0,0,0,0,0,0,0,0,0,0,0,0,0,0,0,0,0,0,0,0,0,0,0,0,0,0,0,0,0,0,0,0,0,0,0,0,0,3849609.2,0,0,3849609.2,0,0,3849609.2,0,0,3849609.2,0,0,3849609.2,0,0,3849609.2,0,0,3849609.2,0,0,3849609.2,0,0,4812011.5,0,0,4812011.5,0,0,3849609.2,0,0,3849609.2,0,0,3849609.2,0,0,3849609.2,0,0,3849609.2,0,0,3849609.2,0,0,3849609.2,0,0,3849609.2,0,0,3849609.2,0,0,3849609.2,0,0,3849609.2,0,0,3849609.2,0,0,3849609.2,0,0,3849609.2,0,0,3849609.2,0,0,3849609.2,0,0,3849609.2,0,0,3849609.2,0,0,3849609.2,0,0,3849609.2,0,0,3849609.2,0,0,3849609.2,0,0,3849609.2,0,0,3849609.2,0,0,3849609.2,0,0,3849609.2,0,0,3849609.2,0,0,3849609.2,0,0,3849609.2,0,0,3849609.2,0,0,9624023,0,0,3849609.2,0,0,3849609.2,0,0,3849609.2,0,0,3849609.2,0,0,3849609.2,0,0,3849609.2,0,0,3849609.2
1,2,Pfizer,2021-05-24,COVHIV,0,0,0,0,0,0,0,0,0,0,0,0,0,0,0,0,0,0,0,0,0,0,0,0,0,0,0,0,0,0,0,0,0,0,0,0,0,0,0,0,0,0,0,0,0,0,0,0,0,0,3849609.2,0,0,3849609.2,0,0,3849609.2,0,0,3849609.2,0,0,3849609.2,0,0,3849609.2,0,0,3849609.2,0,0,3849609.2,0,0,4812011.5,0,0,4812011.5,0,0,3849609.2,0,0,3849609.2,0,0,3849609.2,0,0,3849609.2,0,0,3849609.2,0,0,3849609.2,0,0,3849609.2,0,0,3849609.2,0,0,3849609.2,0,0,3849609.2,0,0,3849609.2,0,0,3849609.2,0,0,3849609.2,0,0,3849609.2,0,0,3849609.2,0,0,3849609.2,0,0,3849609.2,0,0,3849609.2,0,0,3849609.2,0,0,3849609.2,0,0,3849609.2,0,0,3849609.2,0,0,3849609.2,0,0,3849609.2,0,0,3849609.2,0,0,3849609.2,0,0,3849609.2,0,0,3849609.2,0,0,3849609.2,0,0,3849609.2,0,0,9624023,0,0,3849609.2,0,0,3849609.2,0,0,3849609.2,0,0,3849609.2,0,0,3849609.2,0,0,3849609.2,0,0,3849609.2
1,2,Pfizer,2021-05-31,COVHIV,0,0,0,0,0,0,0,0,0,0,0,0,0,0,0,0,0,0,0,0,0,0,0,0,0,0,0,0,0,0,0,0,0,0,0,0,0,0,0,0,0,0,0,0,0,0,0,0,0,0,3849609.2,0,0,3849609.2,0,0,3849609.2,0,0,3849609.2,0,0,3849609.2,0,0,3849609.2,0,0,3849609.2,0,0,3849609.2,0,0,4812011.5,0,0,4812011.5,0,0,3849609.2,0,0,3849609.2,0,0,3849609.2,0,0,3849609.2,0,0,3849609.2,0,0,3849609.2,0,0,3849609.2,0,0,3849609.2,0,0,3849609.2,0,0,3849609.2,0,0,3849609.2,0,0,3849609.2,0,0,3849609.2,0,0,3849609.2,0,0,3849609.2,0,0,3849609.2,0,0,3849609.2,0,0,3849609.2,0,0,3849609.2,0,0,3849609.2,0,0,3849609.2,0,0,3849609.2,0,0,3849609.2,0,0,3849609.2,0,0,3849609.2,0,0,3849609.2,0,0,3849609.2,0,0,3849609.2,0,0,3849609.2,0,0,3849609.2,0,0,9624023,0,0,3849609.2,0,0,3849609.2,0,0,3849609.2,0,0,3849609.2,0,0,3849609.2,0,0,3849609.2,0,0,3849609.2
1,2,Pfizer,2021-06-07,COVHIV,0,0,0,0,0,0,0,0,0,0,0,0,0,0,0,0,0,0,0,0,0,0,0,0,0,0,0,0,0,0,0,0,0,0,0,0,0,0,0,0,0,0,0,0,0,0,0,0,0,0,3849609.2,0,0,3849609.2,0,0,3849609.2,0,0,3849609.2,0,0,3849609.2,0,0,3849609.2,0,0,3849609.2,0,0,3849609.2,0,0,4812011.5,0,0,4812011.5,0,0,3849609.2,0,0,3849609.2,0,0,3849609.2,0,0,3849609.2,0,0,3849609.2,0,0,3849609.2,0,0,3849609.2,0,0,3849609.2,0,0,3849609.2,0,0,3849609.2,0,0,3849609.2,0,0,3849609.2,0,0,3849609.2,0,0,3849609.2,0,0,3849609.2,0,0,3849609.2,0,0,3849609.2,0,0,3849609.2,0,0,3849609.2,0,0,3849609.2,0,0,3849609.2,0,0,3849609.2,0,0,3849609.2,0,0,3849609.2,0,0,3849609.2,0,0,3849609.2,0,0,3849609.2,0,0,3849609.2,0,0,3849609.2,0,0,3849609.2,0,0,9624023,0,0,3849609.2,0,0,3849609.2,0,0,3849609.2,0,0,3849609.2,0,0,3849609.2,0,0,3849609.2,0,0,3849609.2
1,2,Pfizer,2021-06-14,COVHIV,0,0,0,0,0,0,0,0,0,0,0,0,0,0,0,0,0,0,0,0,0,0,0,0,0,0,0,0,0,0,0,0,0,0,0,0,0,0,0,0,0,0,0,0,0,0,0,0,0,0,3849609.2,0,0,3849609.2,0,0,3849609.2,0,0,3849609.2,0,0,3849609.2,0,0,3849609.2,0,0,3849609.2,0,0,3849609.2,0,0,4812011.5,0,0,4812011.5,0,0,3849609.2,0,0,3849609.2,0,0,3849609.2,0,0,3849609.2,0,0,3849609.2,0,0,3849609.2,0,0,3849609.2,0,0,3849609.2,0,0,3849609.2,0,0,3849609.2,0,0,3849609.2,0,0,3849609.2,0,0,3849609.2,0,0,3849609.2,0,0,3849609.2,0,0,3849609.2,0,0,3849609.2,0,0,3849609.2,0,0,3849609.2,0,0,3849609.2,0,0,3849609.2,0,0,3849609.2,0,0,3849609.2,0,0,3849609.2,0,0,3849609.2,0,0,3849609.2,0,0,3849609.2,0,0,3849609.2,0,0,3849609.2,0,0,3849609.2,0,0,9624023,0,0,3849609.2,0,0,3849609.2,0,0,3849609.2,0,0,3849609.2,0,0,3849609.2,0,0,3849609.2,0,0,3849609.2
1,2,Pfizer,2021-06-21,COVHIV,0,0,0,0,0,0,0,0,0,0,0,0,0,0,0,0,0,0,0,0,0,0,0,0,0,0,0,0,0,0,0,0,0,0,0,0,0,0,0,0,0,0,0,0,0,0,0,0,0,0,3849609.2,0,0,3849609.2,0,0,3849609.2,0,0,3849609.2,0,0,3849609.2,0,0,3849609.2,0,0,3849609.2,0,0,3849609.2,0,0,4812011.5,0,0,4812011.5,0,0,3849609.2,0,0,3849609.2,0,0,3849609.2,0,0,3849609.2,0,0,3849609.2,0,0,3849609.2,0,0,3849609.2,0,0,3849609.2,0,0,3849609.2,0,0,3849609.2,0,0,3849609.2,0,0,3849609.2,0,0,3849609.2,0,0,3849609.2,0,0,3849609.2,0,0,3849609.2,0,0,3849609.2,0,0,3849609.2,0,0,3849609.2,0,0,3849609.2,0,0,3849609.2,0,0,3849609.2,0,0,3849609.2,0,0,3849609.2,0,0,3849609.2,0,0,3849609.2,0,0,3849609.2,0,0,3849609.2,0,0,3849609.2,0,0,3849609.2,0,0,9624023,0,0,3849609.2,0,0,3849609.2,0,0,3849609.2,0,0,3849609.2,0,0,3849609.2,0,0,3849609.2,0,0,3849609.2
1,2,Pfizer,2021-06-28,COVHIV,0,0,0,0,0,0,0,0,0,0,0,0,0,0,0,0,0,0,0,0,0,0,0,0,0,0,0,0,0,0,0,0,0,0,0,0,0,0,0,0,0,0,0,0,0,0,0,0,0,0,8982421.47,0,0,8982421.47,0,0,8982421.47,0,0,8982421.47,0,0,8982421.47,0,0,8982421.47,0,0,8982421.47,0,0,8982421.47,0,0,11228026.84,0,0,11228026.84,0,0,8982421.47,0,0,8982421.47,0,0,8982421.47,0,0,8982421.47,0,0,8982421.47,0,0,8982421.47,0,0,8982421.47,0,0,8982421.47,0,0,8982421.47,0,0,8982421.47,0,0,8982421.47,0,0,8982421.47,0,0,8982421.47,0,0,8982421.47,0,0,8982421.47,0,0,8982421.47,0,0,8982421.47,0,0,8982421.47,0,0,8982421.47,0,0,8982421.47,0,0,8982421.47,0,0,8982421.47,0,0,8982421.47,0,0,8982421.47,0,0,8982421.47,0,0,8982421.47,0,0,8982421.47,0,0,8982421.47,0,0,8982421.47,0,0,8982421.47,0,0,22456053.68,0,0,8982421.47,0,0,8982421.47,0,0,8982421.47,0,0,8982421.47,0,0,8982421.47,0,0,8982421.47,0,0,8982421.47
1,1,AstraZeneca,2021-02-15,COVHIV,0,0,0,0,0,0,0,0,0,0,0,0,0,0,0,0,0,0,0,0,0,0,0,0,0,0,0,0,0,0,0,0,0,0,0,0,0,0,0,0,0,0,0,0,0,0,0,0,0,0,26947264.41,0,0,26947264.41,0,0,26947264.41,0,0,26947264.41,0,0,26947264.41,0,0,26947264.41,0,0,26947264.41,0,0,26947264.41,0,0,26947264.41,0,0,26947264.41,0,0,26947264.41,0,0,26947264.41,0,0,26947264.41,0,0,26947264.41,0,0,26947264.41,0,0,26947264.41,0,0,26947264.41,0,0,26947264.41,0,0,26947264.41,0,0,26947264.41,0,0,26947264.41,0,0,26947264.41,0,0,26947264.41,0,0,26947264.41,0,0,26947264.41,0,0,26947264.41,0,0,26947264.41,0,0,26947264.41,0,0,26947264.41,0,0,26947264.41,0,0,26947264.41,0,0,26947264.41,0,0,26947264.41,0,0,26947264.41,0,0,26947264.41,0,0,26947264.41,0,0,26947264.41,0,0,26947264.41,0,0,26947264.41,0,0,26947264.41,0,0,26947264.41,0,0,26947264.41,0,0,26947264.41,0,0,26947264.41,0,0,26947264.41,0,0,26947264.41,0,0,26947264.41,0,0,26947264.41
1,1,AstraZeneca,2021-02-22,COVHIV,0,0,0,0,0,0,0,0,0,0,0,0,0,0,0,0,0,0,0,0,0,0,0,0,0,0,0,0,0,0,0,0,0,0,0,0,0,0,0,0,0,0,0,0,0,0,0,0,0,0,19248046.01,0,0,19248046.01,0,0,19248046.01,0,0,19248046.01,0,0,19248046.01,0,0,19248046.01,0,0,19248046.01,0,0,19248046.01,0,0,19248046.01,0,0,19248046.01,0,0,19248046.01,0,0,19248046.01,0,0,19248046.01,0,0,19248046.01,0,0,19248046.01,0,0,19248046.01,0,0,19248046.01,0,0,19248046.01,0,0,19248046.01,0,0,19248046.01,0,0,19248046.01,0,0,19248046.01,0,0,19248046.01,0,0,19248046.01,0,0,19248046.01,0,0,19248046.01,0,0,19248046.01,0,0,19248046.01,0,0,19248046.01,0,0,19248046.01,0,0,19248046.01,0,0,19248046.01,0,0,19248046.01,0,0,19248046.01,0,0,19248046.01,0,0,19248046.01,0,0,19248046.01,0,0,19248046.01,0,0,19248046.01,0,0,19248046.01,0,0,19248046.01,0,0,19248046.01,0,0,19248046.01,0,0,19248046.01,0,0,19248046.01,0,0,19248046.01,0,0,19248046.01,0,0,19248046.01
1,1,Pfizer,2021-06-21,COVHIV,0,0,0,0,0,0,0,0,0,0,0,0,0,0,0,0,0,0,0,0,0,0,0,0,0,0,0,0,0,0,0,0,0,0,0,0,0,0,0,0,0,0,0,0,0,0,0,0,0,0,8421020.13,0,0,8421020.13,0,0,8421020.13,0,0,8421020.13,0,0,8421020.13,0,0,8421020.13,0,0,8421020.13,0,0,8421020.13,0,0,8421020.13,0,0,8421020.13,0,0,8421020.13,0,0,8421020.13,0,0,8421020.13,0,0,8421020.13,0,0,8421020.13,0,0,8421020.13,0,0,8421020.13,0,0,8421020.13,0,0,8421020.13,0,0,8421020.13,0,0,8421020.13,0,0,8421020.13,0,0,8421020.13,0,0,8421020.13,0,0,8421020.13,0,0,8421020.13,0,0,8421020.13,0,0,8421020.13,0,0,8421020.13,0,0,8421020.13,0,0,8421020.13,0,0,8421020.13,0,0,8421020.13,0,0,8421020.13,0,0,8421020.13,0,0,8421020.13,0,0,8421020.13,0,0,8421020.13,0,0,8421020.13,0,0,8421020.13,0,0,33684080.52,0,0,8421020.13,0,0,8421020.13,0,0,8421020.13,0,0,8421020.13,0,0,8421020.13,0,0,8421020.13,0,0,8421020.13
1,1,Pfizer,2021-06-28,COVHIV,0,0,0,0,0,0,0,0,0,0,0,0,0,0,0,0,0,0,0,0,0,0,0,0,0,0,0,0,0,0,0,0,0,0,0,0,0,0,0,0,0,0,0,0,0,0,0,0,0,0,14970702.45,0,0,14970702.45,0,0,14970702.45,0,0,14970702.45,0,0,14970702.45,0,0,14970702.45,0,0,14970702.45,0,0,14970702.45,0,0,14970702.45,0,0,14970702.45,0,0,14970702.45,0,0,14970702.45,0,0,14970702.45,0,0,14970702.45,0,0,14970702.45,0,0,14970702.45,0,0,14970702.45,0,0,14970702.45,0,0,14970702.45,0,0,14970702.45,0,0,14970702.45,0,0,14970702.45,0,0,14970702.45,0,0,14970702.45,0,0,14970702.45,0,0,14970702.45,0,0,14970702.45,0,0,14970702.45,0,0,14970702.45,0,0,14970702.45,0,0,14970702.45,0,0,14970702.45,0,0,14970702.45,0,0,14970702.45,0,0,14970702.45,0,0,14970702.45,0,0,14970702.45,0,0,14970702.45,0,0,14970702.45,0,0,14970702.45,0,0,44912107.35,0,0,14970702.45,0,0,14970702.45,0,0,14970702.45,0,0,14970702.45,0,0,14970702.45,0,0,14970702.45,0,0,14970702.45
1,2,AstraZeneca,2021-05-03,COVHIV,0,0,0,0,0,0,0,0,0,0,0,0,0,0,0,0,0,0,0,0,0,0,0,0,0,0,0,0,0,0,0,0,0,0,0,0,0,0,0,0,0,0,0,0,0,0,0,0,0,0,44912107.35,0,0,44912107.35,0,0,44912107.35,0,0,44912107.35,0,0,44912107.35,0,0,44912107.35,0,0,44912107.35,0,0,44912107.35,0,0,44912107.35,0,0,44912107.35,0,0,44912107.35,0,0,44912107.35,0,0,44912107.35,0,0,44912107.35,0,0,44912107.35,0,0,44912107.35,0,0,44912107.35,0,0,44912107.35,0,0,44912107.35,0,0,44912107.35,0,0,44912107.35,0,0,44912107.35,0,0,44912107.35,0,0,44912107.35,0,0,44912107.35,0,0,44912107.35,0,0,44912107.35,0,0,44912107.35,0,0,44912107.35,0,0,44912107.35,0,0,44912107.35,0,0,44912107.35,0,0,44912107.35,0,0,44912107.35,0,0,44912107.35,0,0,44912107.35,0,0,44912107.35,0,0,44912107.35,0,0,44912107.35,0,0,44912107.35,0,0,44912107.35,0,0,44912107.35,0,0,44912107.35,0,0,44912107.35,0,0,44912107.35,0,0,44912107.35,0,0,44912107.35,0,0,44912107.35
1,2,AstraZeneca,2021-05-10,COVHIV,0,0,0,0,0,0,0,0,0,0,0,0,0,0,0,0,0,0,0,0,0,0,0,0,0,0,0,0,0,0,0,0,0,0,0,0,0,0,0,0,0,0,0,0,0,0,0,0,0,0,19248046.01,0,0,19248046.01,0,0,19248046.01,0,0,19248046.01,0,0,19248046.01,0,0,19248046.01,0,0,19248046.01,0,0,19248046.01,0,0,19248046.01,0,0,19248046.01,0,0,19248046.01,0,0,19248046.01,0,0,19248046.01,0,0,19248046.01,0,0,19248046.01,0,0,19248046.01,0,0,19248046.01,0,0,19248046.01,0,0,19248046.01,0,0,19248046.01,0,0,19248046.01,0,0,19248046.01,0,0,19248046.01,0,0,19248046.01,0,0,19248046.01,0,0,19248046.01,0,0,19248046.01,0,0,19248046.01,0,0,19248046.01,0,0,19248046.01,0,0,19248046.01,0,0,19248046.01,0,0,19248046.01,0,0,19248046.01,0,0,19248046.01,0,0,19248046.01,0,0,19248046.01,0,0,19248046.01,0,0,19248046.01,0,0,19248046.01,0,0,19248046.01,0,0,19248046.01,0,0,19248046.01,0,0,19248046.01,0,0,19248046.01,0,0,19248046.01,0,0,19248046.01,0,0,19248046.01
1,2,AstraZeneca,2021-05-17,COVHIV,0,0,0,0,0,0,0,0,0,0,0,0,0,0,0,0,0,0,0,0,0,0,0,0,0,0,0,0,0,0,0,0,0,0,0,0,0,0,0,0,0,0,0,0,0,0,0,0,0,0,19248046.01,0,0,19248046.01,0,0,19248046.01,0,0,19248046.01,0,0,19248046.01,0,0,19248046.01,0,0,19248046.01,0,0,19248046.01,0,0,19248046.01,0,0,19248046.01,0,0,19248046.01,0,0,19248046.01,0,0,19248046.01,0,0,19248046.01,0,0,19248046.01,0,0,19248046.01,0,0,19248046.01,0,0,19248046.01,0,0,19248046.01,0,0,19248046.01,0,0,19248046.01,0,0,19248046.01,0,0,19248046.01,0,0,19248046.01,0,0,19248046.01,0,0,19248046.01,0,0,19248046.01,0,0,19248046.01,0,0,19248046.01,0,0,19248046.01,0,0,19248046.01,0,0,19248046.01,0,0,19248046.01,0,0,19248046.01,0,0,19248046.01,0,0,19248046.01,0,0,19248046.01,0,0,19248046.01,0,0,19248046.01,0,0,19248046.01,0,0,19248046.01,0,0,19248046.01,0,0,19248046.01,0,0,19248046.01,0,0,19248046.01,0,0,19248046.01,0,0,19248046.01,0,0,19248046.01
1,2,AstraZeneca,2021-05-24,COVHIV,0,0,0,0,0,0,0,0,0,0,0,0,0,0,0,0,0,0,0,0,0,0,0,0,0,0,0,0,0,0,0,0,0,0,0,0,0,0,0,0,0,0,0,0,0,0,0,0,0,0,19248046.01,0,0,19248046.01,0,0,19248046.01,0,0,19248046.01,0,0,19248046.01,0,0,19248046.01,0,0,19248046.01,0,0,19248046.01,0,0,19248046.01,0,0,19248046.01,0,0,19248046.01,0,0,19248046.01,0,0,19248046.01,0,0,19248046.01,0,0,19248046.01,0,0,19248046.01,0,0,19248046.01,0,0,19248046.01,0,0,19248046.01,0,0,19248046.01,0,0,19248046.01,0,0,19248046.01,0,0,19248046.01,0,0,19248046.01,0,0,19248046.01,0,0,19248046.01,0,0,19248046.01,0,0,19248046.01,0,0,19248046.01,0,0,19248046.01,0,0,19248046.01,0,0,19248046.01,0,0,19248046.01,0,0,19248046.01,0,0,19248046.01,0,0,19248046.01,0,0,19248046.01,0,0,19248046.01,0,0,19248046.01,0,0,19248046.01,0,0,19248046.01,0,0,19248046.01,0,0,19248046.01,0,0,19248046.01,0,0,19248046.01,0,0,19248046.01,0,0,19248046.01,0,0,19248046.01
1,2,AstraZeneca,2021-05-31,COVHIV,0,0,0,0,0,0,0,0,0,0,0,0,0,0,0,0,0,0,0,0,0,0,0,0,0,0,0,0,0,0,0,0,0,0,0,0,0,0,0,0,0,0,0,0,0,0,0,0,0,0,19248046.01,0,0,19248046.01,0,0,19248046.01,0,0,19248046.01,0,0,19248046.01,0,0,19248046.01,0,0,19248046.01,0,0,19248046.01,0,0,19248046.01,0,0,19248046.01,0,0,19248046.01,0,0,19248046.01,0,0,19248046.01,0,0,19248046.01,0,0,19248046.01,0,0,19248046.01,0,0,19248046.01,0,0,19248046.01,0,0,19248046.01,0,0,19248046.01,0,0,19248046.01,0,0,19248046.01,0,0,19248046.01,0,0,19248046.01,0,0,19248046.01,0,0,19248046.01,0,0,19248046.01,0,0,19248046.01,0,0,19248046.01,0,0,19248046.01,0,0,19248046.01,0,0,19248046.01,0,0,19248046.01,0,0,19248046.01,0,0,19248046.01,0,0,19248046.01,0,0,19248046.01,0,0,19248046.01,0,0,19248046.01,0,0,19248046.01,0,0,19248046.01,0,0,19248046.01,0,0,19248046.01,0,0,19248046.01,0,0,19248046.01,0,0,19248046.01,0,0,19248046.01,0,0,19248046.01
1,2,AstraZeneca,2021-06-07,COVHIV,0,0,0,0,0,0,0,0,0,0,0,0,0,0,0,0,0,0,0,0,0,0,0,0,0,0,0,0,0,0,0,0,0,0,0,0,0,0,0,0,0,0,0,0,0,0,0,0,0,0,19248046.01,0,0,19248046.01,0,0,19248046.01,0,0,19248046.01,0,0,19248046.01,0,0,19248046.01,0,0,19248046.01,0,0,19248046.01,0,0,19248046.01,0,0,19248046.01,0,0,19248046.01,0,0,19248046.01,0,0,19248046.01,0,0,19248046.01,0,0,19248046.01,0,0,19248046.01,0,0,19248046.01,0,0,19248046.01,0,0,19248046.01,0,0,19248046.01,0,0,19248046.01,0,0,19248046.01,0,0,19248046.01,0,0,19248046.01,0,0,19248046.01,0,0,19248046.01,0,0,19248046.01,0,0,19248046.01,0,0,19248046.01,0,0,19248046.01,0,0,19248046.01,0,0,19248046.01,0,0,19248046.01,0,0,19248046.01,0,0,19248046.01,0,0,19248046.01,0,0,19248046.01,0,0,19248046.01,0,0,19248046.01,0,0,19248046.01,0,0,19248046.01,0,0,19248046.01,0,0,19248046.01,0,0,19248046.01,0,0,19248046.01,0,0,19248046.01,0,0,19248046.01,0,0,19248046.01
1,2,AstraZeneca,2021-06-14,COVHIV,0,0,0,0,0,0,0,0,0,0,0,0,0,0,0,0,0,0,0,0,0,0,0,0,0,0,0,0,0,0,0,0,0,0,0,0,0,0,0,0,0,0,0,0,0,0,0,0,0,0,19248046.01,0,0,19248046.01,0,0,19248046.01,0,0,19248046.01,0,0,19248046.01,0,0,19248046.01,0,0,19248046.01,0,0,19248046.01,0,0,19248046.01,0,0,19248046.01,0,0,19248046.01,0,0,19248046.01,0,0,19248046.01,0,0,19248046.01,0,0,19248046.01,0,0,19248046.01,0,0,19248046.01,0,0,19248046.01,0,0,19248046.01,0,0,19248046.01,0,0,19248046.01,0,0,19248046.01,0,0,19248046.01,0,0,19248046.01,0,0,19248046.01,0,0,19248046.01,0,0,19248046.01,0,0,19248046.01,0,0,19248046.01,0,0,19248046.01,0,0,19248046.01,0,0,19248046.01,0,0,19248046.01,0,0,19248046.01,0,0,19248046.01,0,0,19248046.01,0,0,19248046.01,0,0,19248046.01,0,0,19248046.01,0,0,19248046.01,0,0,19248046.01,0,0,19248046.01,0,0,19248046.01,0,0,19248046.01,0,0,19248046.01,0,0,19248046.01,0,0,19248046.01,0,0,19248046.01
1,2,AstraZeneca,2021-06-21,COVHIV,0,0,0,0,0,0,0,0,0,0,0,0,0,0,0,0,0,0,0,0,0,0,0,0,0,0,0,0,0,0,0,0,0,0,0,0,0,0,0,0,0,0,0,0,0,0,0,0,0,0,19248046.01,0,0,19248046.01,0,0,19248046.01,0,0,19248046.01,0,0,19248046.01,0,0,19248046.01,0,0,19248046.01,0,0,19248046.01,0,0,19248046.01,0,0,19248046.01,0,0,19248046.01,0,0,19248046.01,0,0,19248046.01,0,0,19248046.01,0,0,19248046.01,0,0,19248046.01,0,0,19248046.01,0,0,19248046.01,0,0,19248046.01,0,0,19248046.01,0,0,19248046.01,0,0,19248046.01,0,0,19248046.01,0,0,19248046.01,0,0,19248046.01,0,0,19248046.01,0,0,19248046.01,0,0,19248046.01,0,0,19248046.01,0,0,19248046.01,0,0,19248046.01,0,0,19248046.01,0,0,19248046.01,0,0,19248046.01,0,0,19248046.01,0,0,19248046.01,0,0,19248046.01,0,0,19248046.01,0,0,19248046.01,0,0,19248046.01,0,0,19248046.01,0,0,19248046.01,0,0,19248046.01,0,0,19248046.01,0,0,19248046.01,0,0,19248046.01,0,0,19248046.01,0,0,19248046.01
1,2,AstraZeneca,2021-06-28,COVHIV,0,0,0,0,0,0,0,0,0,0,0,0,0,0,0,0,0,0,0,0,0,0,0,0,0,0,0,0,0,0,0,0,0,0,0,0,0,0,0,0,0,0,0,0,0,0,0,0,0,0,44912107.35,0,0,44912107.35,0,0,44912107.35,0,0,44912107.35,0,0,44912107.35,0,0,44912107.35,0,0,44912107.35,0,0,44912107.35,0,0,44912107.35,0,0,44912107.35,0,0,44912107.35,0,0,44912107.35,0,0,44912107.35,0,0,44912107.35,0,0,44912107.35,0,0,44912107.35,0,0,44912107.35,0,0,44912107.35,0,0,44912107.35,0,0,44912107.35,0,0,44912107.35,0,0,44912107.35,0,0,44912107.35,0,0,44912107.35,0,0,44912107.35,0,0,44912107.35,0,0,44912107.35,0,0,44912107.35,0,0,44912107.35,0,0,44912107.35,0,0,44912107.35,0,0,44912107.35,0,0,44912107.35,0,0,44912107.35,0,0,44912107.35,0,0,44912107.35,0,0,44912107.35,0,0,44912107.35,0,0,44912107.35,0,0,44912107.35,0,0,44912107.35,0,0,44912107.35,0,0,44912107.35,0,0,44912107.35,0,0,44912107.35,0,0,44912107.35,0,0,44912107.35,0,0,44912107.35
1,1,Moderna,2021-06-07,COVHIV,0,0,0,0,0,0,0,0,0,0,0,0,0,0,0,0,0,0,0,0,0,0,0,0,0,0,0,0,0,0,0,0,0,0,0,0,0,0,0,0,0,0,0,0,0,0,0,0,0,0,19248046.01,0,0,19248046.01,0,0,19248046.01,0,0,19248046.01,0,0,19248046.01,0,0,19248046.01,0,0,19248046.01,0,0,19248046.01,0,0,19248046.01,0,0,19248046.01,,,0,,,0,,,0,,,0,0,0,19248046.01,0,0,19248046.01,0,0,19248046.01,0,0,19248046.01,0,0,19248046.01,0,0,19248046.01,0,0,19248046.01,0,0,19248046.01,0,0,19248046.01,0,0,19248046.01,0,0,19248046.01,0,0,19248046.01,0,0,19248046.01,0,0,19248046.01,0,0,19248046.01,0,0,19248046.01,0,0,19248046.01,0,0,19248046.01,0,0,19248046.01,0,0,19248046.01,0,0,19248046.01,0,0,19248046.01,0,0,19248046.01,0,0,19248046.01,0,0,19248046.01,0,0,19248046.01,,,0,0,0,19248046.01,0,0,19248046.01,0,0,19248046.01,0,0,19248046.01,0,0,19248046.01,0,0,19248046.01,0,0,19248046.01
1,1,Moderna,2021-06-14,COVHIV,0,0,0,0,0,0,0,0,0,0,0,0,0,0,0,0,0,0,0,0,0,0,0,0,0,0,0,0,0,0,0,0,0,0,0,0,0,0,0,0,0,0,0,0,0,0,0,0,0,0,19248046.01,0,0,19248046.01,0,0,19248046.01,0,0,19248046.01,0,0,19248046.01,0,0,19248046.01,0,0,19248046.01,0,0,19248046.01,0,0,19248046.01,0,0,19248046.01,,,0,,,0,,,0,,,0,0,0,19248046.01,0,0,19248046.01,0,0,19248046.01,0,0,19248046.01,0,0,19248046.01,0,0,19248046.01,0,0,19248046.01,0,0,19248046.01,0,0,19248046.01,0,0,19248046.01,0,0,19248046.01,0,0,19248046.01,0,0,19248046.01,0,0,19248046.01,0,0,19248046.01,0,0,19248046.01,0,0,19248046.01,0,0,19248046.01,0,0,19248046.01,0,0,19248046.01,0,0,19248046.01,0,0,19248046.01,0,0,19248046.01,0,0,19248046.01,0,0,19248046.01,0,0,19248046.01,,,0,0,0,19248046.01,0,0,19248046.01,0,0,19248046.01,0,0,19248046.01,0,0,19248046.01,0,0,19248046.01,0,0,19248046.01
1,1,Moderna,2021-06-21,COVHIV,0,0,0,0,0,0,0,0,0,0,0,0,0,0,0,0,0,0,0,0,0,0,0,0,0,0,0,0,0,0,0,0,0,0,0,0,0,0,0,0,0,0,0,0,0,0,0,0,0,0,19248046.01,0,0,19248046.01,0,0,19248046.01,0,0,19248046.01,0,0,19248046.01,0,0,19248046.01,0,0,19248046.01,0,0,19248046.01,0,0,19248046.01,0,0,19248046.01,,,0,,,0,,,0,,,0,0,0,19248046.01,0,0,19248046.01,0,0,19248046.01,0,0,19248046.01,0,0,19248046.01,0,0,19248046.01,0,0,19248046.01,0,0,19248046.01,0,0,19248046.01,0,0,19248046.01,0,0,19248046.01,0,0,19248046.01,0,0,19248046.01,0,0,19248046.01,0,0,19248046.01,0,0,19248046.01,0,0,19248046.01,0,0,19248046.01,0,0,19248046.01,0,0,19248046.01,0,0,19248046.01,0,0,19248046.01,0,0,19248046.01,0,0,19248046.01,0,0,19248046.01,0,0,19248046.01,,,0,0,0,19248046.01,0,0,19248046.01,0,0,19248046.01,0,0,19248046.01,0,0,19248046.01,0,0,19248046.01,0,0,19248046.01
1,1,Moderna,2021-06-28,COVHIV,0,0,0,0,0,0,0,0,0,0,0,0,0,0,0,0,0,0,0,0,0,0,0,0,0,0,0,0,0,0,0,0,0,0,0,0,0,0,0,0,0,0,0,0,0,0,0,0,0,0,44912107.35,0,0,44912107.35,0,0,44912107.35,0,0,44912107.35,0,0,44912107.35,0,0,44912107.35,0,0,44912107.35,0,0,44912107.35,0,0,44912107.35,0,0,44912107.35,,,0,,,0,,,0,,,0,0,0,44912107.35,0,0,44912107.35,0,0,44912107.35,0,0,44912107.35,0,0,44912107.35,0,0,44912107.35,0,0,44912107.35,0,0,44912107.35,0,0,44912107.35,0,0,44912107.35,0,0,44912107.35,0,0,44912107.35,0,0,44912107.35,0,0,44912107.35,0,0,44912107.35,0,0,44912107.35,0,0,44912107.35,0,0,44912107.35,0,0,44912107.35,0,0,44912107.35,0,0,44912107.35,0,0,44912107.35,0,0,44912107.35,0,0,44912107.35,0,0,44912107.35,0,0,44912107.35,,,0,0,0,44912107.35,0,0,44912107.35,0,0,44912107.35,0,0,44912107.35,0,0,44912107.35,0,0,44912107.35,0,0,44912107.35
1,1,Pfizer,2021-05-17,COVHIV,0,0,0,0,0,0,0,0,0,0,0,0,0,0,0,0,0,0,0,0,0,0,0,0,0,0,0,0,0,0,0,0,0,0,0,0,0,0,0,0,0,0,0,0,0,0,0,0,0,0,33684080.52,0,0,33684080.52,0,0,33684080.52,0,0,33684080.52,0,0,33684080.52,0,0,33684080.52,0,0,33684080.52,0,0,33684080.52,0,0,33684080.52,0,0,33684080.52,0,0,33684080.52,0,0,33684080.52,0,0,33684080.52,0,0,33684080.52,0,0,33684080.52,0,0,33684080.52,0,0,33684080.52,0,0,33684080.52,0,0,33684080.52,0,0,33684080.52,0,0,33684080.52,0,0,33684080.52,0,0,33684080.52,0,0,33684080.52,0,0,33684080.52,0,0,33684080.52,0,0,33684080.52,0,0,33684080.52,0,0,33684080.52,0,0,33684080.52,0,0,33684080.52,0,0,33684080.52,0,0,33684080.52,0,0,33684080.52,0,0,33684080.52,0,0,33684080.52,0,0,33684080.52,0,0,33684080.52,0,0,33684080.52,0,0,33684080.52,,,0,0,0,33684080.52,0,0,33684080.52,0,0,33684080.52,0,0,33684080.52,0,0,33684080.52,0,0,33684080.52,0,0,33684080.52
1,1,Pfizer,2021-05-24,COVHIV,0,0,0,0,0,0,0,0,0,0,0,0,0,0,0,0,0,0,0,0,0,0,0,0,0,0,0,0,0,0,0,0,0,0,0,0,0,0,0,0,0,0,0,0,0,0,0,0,0,0,19248046.01,0,0,19248046.01,0,0,19248046.01,0,0,19248046.01,0,0,19248046.01,0,0,19248046.01,0,0,19248046.01,0,0,19248046.01,0,0,19248046.01,0,0,19248046.01,0,0,19248046.01,0,0,19248046.01,0,0,19248046.01,0,0,19248046.01,0,0,19248046.01,0,0,19248046.01,0,0,19248046.01,0,0,19248046.01,0,0,19248046.01,0,0,19248046.01,0,0,19248046.01,0,0,19248046.01,0,0,19248046.01,0,0,19248046.01,0,0,19248046.01,0,0,19248046.01,0,0,19248046.01,0,0,19248046.01,0,0,19248046.01,0,0,19248046.01,0,0,19248046.01,0,0,19248046.01,0,0,19248046.01,0,0,19248046.01,0,0,19248046.01,0,0,19248046.01,0,0,19248046.01,0,0,19248046.01,0,0,19248046.01,0,0,19248046.01,,,0,0,0,19248046.01,0,0,19248046.01,0,0,19248046.01,0,0,19248046.01,0,0,19248046.01,0,0,19248046.01,0,0,19248046.01
1,1,Pfizer,2021-05-31,COVHIV,0,0,0,0,0,0,0,0,0,0,0,0,0,0,0,0,0,0,0,0,0,0,0,0,0,0,0,0,0,0,0,0,0,0,0,0,0,0,0,0,0,0,0,0,0,0,0,0,0,0,19248046.01,0,0,19248046.01,0,0,19248046.01,0,0,19248046.01,0,0,19248046.01,0,0,19248046.01,0,0,19248046.01,0,0,19248046.01,0,0,19248046.01,0,0,19248046.01,0,0,19248046.01,0,0,19248046.01,0,0,19248046.01,0,0,19248046.01,0,0,19248046.01,0,0,19248046.01,0,0,19248046.01,0,0,19248046.01,0,0,19248046.01,0,0,19248046.01,0,0,19248046.01,0,0,19248046.01,0,0,19248046.01,0,0,19248046.01,0,0,19248046.01,0,0,19248046.01,0,0,19248046.01,0,0,19248046.01,0,0,19248046.01,0,0,19248046.01,0,0,19248046.01,0,0,19248046.01,0,0,19248046.01,0,0,19248046.01,0,0,19248046.01,0,0,19248046.01,0,0,19248046.01,0,0,19248046.01,0,0,19248046.01,0,0,19248046.01,,,0,0,0,19248046.01,0,0,19248046.01,0,0,19248046.01,0,0,19248046.01,0,0,19248046.01,0,0,19248046.01,0,0,19248046.01
1,1,Pfizer,2021-06-07,COVHIV,0,0,0,0,0,0,0,0,0,0,0,0,0,0,0,0,0,0,0,0,0,0,0,0,0,0,0,0,0,0,0,0,0,0,0,0,0,0,0,0,0,0,0,0,0,0,0,0,0,0,19248046.01,0,0,19248046.01,0,0,19248046.01,0,0,19248046.01,0,0,19248046.01,0,0,19248046.01,0,0,19248046.01,0,0,19248046.01,0,0,19248046.01,0,0,19248046.01,0,0,19248046.01,0,0,19248046.01,0,0,19248046.01,0,0,19248046.01,0,0,19248046.01,0,0,19248046.01,0,0,19248046.01,0,0,19248046.01,0,0,19248046.01,0,0,19248046.01,0,0,19248046.01,0,0,19248046.01,0,0,19248046.01,0,0,19248046.01,0,0,19248046.01,0,0,19248046.01,0,0,19248046.01,0,0,19248046.01,0,0,19248046.01,0,0,19248046.01,0,0,19248046.01,0,0,19248046.01,0,0,19248046.01,0,0,19248046.01,0,0,19248046.01,0,0,19248046.01,0,0,19248046.01,0,0,19248046.01,0,0,19248046.01,0,0,19248046.01,,,0,0,0,19248046.01,0,0,19248046.01,0,0,19248046.01,0,0,19248046.01,0,0,19248046.01,0,0,19248046.01,0,0,19248046.01
1,1,Pfizer,2021-06-14,COVHIV,0,0,0,0,0,0,0,0,0,0,0,0,0,0,0,0,0,0,0,0,0,0,0,0,0,0,0,0,0,0,0,0,0,0,0,0,0,0,0,0,0,0,0,0,0,0,0,0,0,0,19248046.01,0,0,19248046.01,0,0,19248046.01,0,0,19248046.01,0,0,19248046.01,0,0,19248046.01,0,0,19248046.01,0,0,19248046.01,0,0,19248046.01,0,0,19248046.01,0,0,19248046.01,0,0,19248046.01,0,0,19248046.01,0,0,19248046.01,0,0,19248046.01,0,0,19248046.01,0,0,19248046.01,0,0,19248046.01,0,0,19248046.01,0,0,19248046.01,0,0,19248046.01,0,0,19248046.01,0,0,19248046.01,0,0,19248046.01,0,0,19248046.01,0,0,19248046.01,0,0,19248046.01,0,0,19248046.01,0,0,19248046.01,0,0,19248046.01,0,0,19248046.01,0,0,19248046.01,0,0,19248046.01,0,0,19248046.01,0,0,19248046.01,0,0,19248046.01,0,0,19248046.01,0,0,19248046.01,0,0,19248046.01,0,0,19248046.01,,,0,0,0,19248046.01,0,0,19248046.01,0,0,19248046.01,0,0,19248046.01,0,0,19248046.01,0,0,19248046.01,0,0,19248046.01
1,1,Moderna,2021-04-26,COVHIV,0,0,0,0,0,0,0,0,0,0,0,0,0,0,0,0,0,0,0,0,0,0,0,0,0,0,0,0,0,0,0,0,0,0,0,0,0,0,0,0,0,0,0,0,0,0,0,0,0,0,6416015.34,0,0,6416015.34,0,0,6416015.34,0,0,6416015.34,0,0,6416015.34,0,0,6416015.34,0,0,6416015.34,0,0,6416015.34,0,0,6416015.34,0,0,6416015.34,0,0,6416015.34,0,0,6416015.34,0,0,6416015.34,0,0,6416015.34,0,0,6416015.34,0,0,6416015.34,0,0,9624023,0,0,9624023,0,0,6416015.34,0,0,6416015.34,0,0,6416015.34,0,0,6416015.34,0,0,6416015.34,0,0,6416015.34,0,0,6416015.34,0,0,6416015.34,0,0,6416015.34,0,0,6416015.34,0,0,6416015.34,0,0,6416015.34,0,0,6416015.34,0,0,6416015.34,0,0,6416015.34,0,0,6416015.34,0,0,6416015.34,0,0,6416015.34,0,0,6416015.34,0,0,6416015.34,0,0,6416015.34,0,0,6416015.34,0,0,9624023,0,0,6416015.34,0,0,6416015.34,0,0,6416015.34,0,0,6416015.34,0,0,6416015.34,0,0,6416015.34,0,0,6416015.34
1,1,Moderna,2021-05-03,COVHIV,0,0,0,0,0,0,0,0,0,0,0,0,0,0,0,0,0,0,0,0,0,0,0,0,0,0,0,0,0,0,0,0,0,0,0,0,0,0,0,0,0,0,0,0,0,0,0,0,0,0,6416015.34,0,0,6416015.34,0,0,6416015.34,0,0,6416015.34,0,0,6416015.34,0,0,6416015.34,0,0,6416015.34,0,0,6416015.34,0,0,6416015.34,0,0,6416015.34,0,0,6416015.34,0,0,6416015.34,0,0,6416015.34,0,0,6416015.34,0,0,6416015.34,0,0,6416015.34,0,0,9624023,0,0,9624023,0,0,6416015.34,0,0,6416015.34,0,0,6416015.34,0,0,6416015.34,0,0,6416015.34,0,0,6416015.34,0,0,6416015.34,0,0,6416015.34,0,0,6416015.34,0,0,6416015.34,0,0,6416015.34,0,0,6416015.34,0,0,6416015.34,0,0,6416015.34,0,0,6416015.34,0,0,6416015.34,0,0,6416015.34,0,0,6416015.34,0,0,6416015.34,0,0,6416015.34,0,0,6416015.34,0,0,6416015.34,0,0,9624023,0,0,6416015.34,0,0,6416015.34,0,0,6416015.34,0,0,6416015.34,0,0,6416015.34,0,0,6416015.34,0,0,6416015.34
1,1,Moderna,2021-05-10,COVHIV,0,0,0,0,0,0,0,0,0,0,0,0,0,0,0,0,0,0,0,0,0,0,0,0,0,0,0,0,0,0,0,0,0,0,0,0,0,0,0,0,0,0,0,0,0,0,0,0,0,0,7091385.37,0,0,7091385.37,0,0,7091385.37,0,0,7091385.37,0,0,7091385.37,0,0,7091385.37,0,0,7091385.37,0,0,7091385.37,0,0,7091385.37,0,0,7091385.37,0,0,7091385.37,0,0,7091385.37,0,0,7091385.37,0,0,7091385.37,0,0,7091385.37,0,0,7091385.37,0,0,11228026.84,0,0,11228026.84,0,0,7091385.37,0,0,7091385.37,0,0,7091385.37,0,0,7091385.37,0,0,7091385.37,0,0,7091385.37,0,0,7091385.37,0,0,7091385.37,0,0,7091385.37,0,0,7091385.37,0,0,7091385.37,0,0,7091385.37,0,0,7091385.37,0,0,7091385.37,0,0,7091385.37,0,0,7091385.37,0,0,7091385.37,0,0,7091385.37,0,0,7091385.37,0,0,7091385.37,0,0,7091385.37,0,0,7091385.37,0,0,11228026.84,0,0,7091385.37,0,0,7091385.37,0,0,7091385.37,0,0,7091385.37,0,0,7091385.37,0,0,7091385.37,0,0,7091385.37
1,1,Moderna,2021-05-17,COVHIV,0,0,0,0,0,0,0,0,0,0,0,0,0,0,0,0,0,0,0,0,0,0,0,0,0,0,0,0,0,0,0,0,0,0,0,0,0,0,0,0,0,0,0,0,0,0,0,0,0,0,11228026.84,0,0,11228026.84,0,0,11228026.84,0,0,11228026.84,0,0,11228026.84,0,0,11228026.84,0,0,11228026.84,0,0,11228026.84,0,0,11228026.84,0,0,11228026.84,0,0,11228026.84,0,0,11228026.84,0,0,11228026.84,0,0,11228026.84,0,0,11228026.84,0,0,11228026.84,0,0,26947264.41,0,0,26947264.41,0,0,11228026.84,0,0,11228026.84,0,0,11228026.84,0,0,11228026.84,0,0,11228026.84,0,0,11228026.84,0,0,11228026.84,0,0,11228026.84,0,0,11228026.84,0,0,11228026.84,0,0,11228026.84,0,0,11228026.84,0,0,11228026.84,0,0,11228026.84,0,0,11228026.84,0,0,11228026.84,0,0,11228026.84,0,0,11228026.84,0,0,11228026.84,0,0,11228026.84,0,0,11228026.84,0,0,11228026.84,0,0,26947264.41,0,0,11228026.84,0,0,11228026.84,0,0,11228026.84,0,0,11228026.84,0,0,11228026.84,0,0,11228026.84,0,0,11228026.84
1,2,Moderna,2021-05-24,COVHIV,0,0,0,0,0,0,0,0,0,0,0,0,0,0,0,0,0,0,0,0,0,0,0,0,0,0,0,0,0,0,0,0,0,0,0,0,0,0,0,0,0,0,0,0,0,0,0,0,0,0,6416015.34,0,0,6416015.34,0,0,6416015.34,0,0,6416015.34,0,0,6416015.34,0,0,6416015.34,0,0,6416015.34,0,0,6416015.34,0,0,6416015.34,0,0,6416015.34,0,0,6416015.34,0,0,6416015.34,0,0,6416015.34,0,0,6416015.34,0,0,6416015.34,0,0,6416015.34,0,0,9624023,0,0,9624023,0,0,6416015.34,0,0,6416015.34,0,0,6416015.34,0,0,6416015.34,0,0,6416015.34,0,0,6416015.34,0,0,6416015.34,0,0,6416015.34,0,0,6416015.34,0,0,6416015.34,0,0,6416015.34,0,0,6416015.34,0,0,6416015.34,0,0,6416015.34,0,0,6416015.34,0,0,6416015.34,0,0,6416015.34,0,0,6416015.34,0,0,6416015.34,0,0,6416015.34,0,0,6416015.34,0,0,6416015.34,0,0,9624023,0,0,6416015.34,0,0,6416015.34,0,0,6416015.34,0,0,6416015.34,0,0,6416015.34,0,0,6416015.34,0,0,6416015.34
1,2,Moderna,2021-05-31,COVHIV,0,0,0,0,0,0,0,0,0,0,0,0,0,0,0,0,0,0,0,0,0,0,0,0,0,0,0,0,0,0,0,0,0,0,0,0,0,0,0,0,0,0,0,0,0,0,0,0,0,0,6416015.34,0,0,6416015.34,0,0,6416015.34,0,0,6416015.34,0,0,6416015.34,0,0,6416015.34,0,0,6416015.34,0,0,6416015.34,0,0,6416015.34,0,0,6416015.34,0,0,6416015.34,0,0,6416015.34,0,0,6416015.34,0,0,6416015.34,0,0,6416015.34,0,0,6416015.34,0,0,9624023,0,0,9624023,0,0,6416015.34,0,0,6416015.34,0,0,6416015.34,0,0,6416015.34,0,0,6416015.34,0,0,6416015.34,0,0,6416015.34,0,0,6416015.34,0,0,6416015.34,0,0,6416015.34,0,0,6416015.34,0,0,6416015.34,0,0,6416015.34,0,0,6416015.34,0,0,6416015.34,0,0,6416015.34,0,0,6416015.34,0,0,6416015.34,0,0,6416015.34,0,0,6416015.34,0,0,6416015.34,0,0,6416015.34,0,0,9624023,0,0,6416015.34,0,0,6416015.34,0,0,6416015.34,0,0,6416015.34,0,0,6416015.34,0,0,6416015.34,0,0,6416015.34
1,2,Moderna,2021-06-07,COVHIV,0,0,0,0,0,0,0,0,0,0,0,0,0,0,0,0,0,0,0,0,0,0,0,0,0,0,0,0,0,0,0,0,0,0,0,0,0,0,0,0,0,0,0,0,0,0,0,0,0,0,6416015.34,0,0,6416015.34,0,0,6416015.34,0,0,6416015.34,0,0,6416015.34,0,0,6416015.34,0,0,6416015.34,0,0,6416015.34,0,0,6416015.34,0,0,6416015.34,0,0,6416015.34,0,0,6416015.34,0,0,6416015.34,0,0,6416015.34,0,0,6416015.34,0,0,6416015.34,0,0,9624023,0,0,9624023,0,0,6416015.34,0,0,6416015.34,0,0,6416015.34,0,0,6416015.34,0,0,6416015.34,0,0,6416015.34,0,0,6416015.34,0,0,6416015.34,0,0,6416015.34,0,0,6416015.34,0,0,6416015.34,0,0,6416015.34,0,0,6416015.34,0,0,6416015.34,0,0,6416015.34,0,0,6416015.34,0,0,6416015.34,0,0,6416015.34,0,0,6416015.34,0,0,6416015.34,0,0,6416015.34,0,0,6416015.34,0,0,9624023,0,0,6416015.34,0,0,6416015.34,0,0,6416015.34,0,0,6416015.34,0,0,6416015.34,0,0,6416015.34,0,0,6416015.34
1,2,Moderna,2021-06-14,COVHIV,0,0,0,0,0,0,0,0,0,0,0,0,0,0,0,0,0,0,0,0,0,0,0,0,0,0,0,0,0,0,0,0,0,0,0,0,0,0,0,0,0,0,0,0,0,0,0,0,0,0,6416015.34,0,0,6416015.34,0,0,6416015.34,0,0,6416015.34,0,0,6416015.34,0,0,6416015.34,0,0,6416015.34,0,0,6416015.34,0,0,6416015.34,0,0,6416015.34,0,0,6416015.34,0,0,6416015.34,0,0,6416015.34,0,0,6416015.34,0,0,6416015.34,0,0,6416015.34,0,0,9624023,0,0,9624023,0,0,6416015.34,0,0,6416015.34,0,0,6416015.34,0,0,6416015.34,0,0,6416015.34,0,0,6416015.34,0,0,6416015.34,0,0,6416015.34,0,0,6416015.34,0,0,6416015.34,0,0,6416015.34,0,0,6416015.34,0,0,6416015.34,0,0,6416015.34,0,0,6416015.34,0,0,6416015.34,0,0,6416015.34,0,0,6416015.34,0,0,6416015.34,0,0,6416015.34,0,0,6416015.34,0,0,6416015.34,0,0,9624023,0,0,6416015.34,0,0,6416015.34,0,0,6416015.34,0,0,6416015.34,0,0,6416015.34,0,0,6416015.34,0,0,6416015.34
1,2,Moderna,2021-06-21,COVHIV,0,0,0,0,0,0,0,0,0,0,0,0,0,0,0,0,0,0,0,0,0,0,0,0,0,0,0,0,0,0,0,0,0,0,0,0,0,0,0,0,0,0,0,0,0,0,0,0,0,0,6416015.34,0,0,6416015.34,0,0,6416015.34,0,0,6416015.34,0,0,6416015.34,0,0,6416015.34,0,0,6416015.34,0,0,6416015.34,0,0,6416015.34,0,0,6416015.34,0,0,6416015.34,0,0,6416015.34,0,0,6416015.34,0,0,6416015.34,0,0,6416015.34,0,0,6416015.34,0,0,9624023,0,0,9624023,0,0,6416015.34,0,0,6416015.34,0,0,6416015.34,0,0,6416015.34,0,0,6416015.34,0,0,6416015.34,0,0,6416015.34,0,0,6416015.34,0,0,6416015.34,0,0,6416015.34,0,0,6416015.34,0,0,6416015.34,0,0,6416015.34,0,0,6416015.34,0,0,6416015.34,0,0,6416015.34,0,0,6416015.34,0,0,6416015.34,0,0,6416015.34,0,0,6416015.34,0,0,6416015.34,0,0,6416015.34,0,0,9624023,0,0,6416015.34,0,0,6416015.34,0,0,6416015.34,0,0,6416015.34,0,0,6416015.34,0,0,6416015.34,0,0,6416015.34
1,2,Moderna,2021-06-28,COVHIV,0,0,0,0,0,0,0,0,0,0,0,0,0,0,0,0,0,0,0,0,0,0,0,0,0,0,0,0,0,0,0,0,0,0,0,0,0,0,0,0,0,0,0,0,0,0,0,0,0,0,14970702.45,0,0,14970702.45,0,0,14970702.45,0,0,14970702.45,0,0,14970702.45,0,0,14970702.45,0,0,14970702.45,0,0,14970702.45,0,0,14970702.45,0,0,14970702.45,0,0,14970702.45,0,0,14970702.45,0,0,14970702.45,0,0,14970702.45,0,0,14970702.45,0,0,14970702.45,0,0,22456053.68,0,0,22456053.68,0,0,14970702.45,0,0,14970702.45,0,0,14970702.45,0,0,14970702.45,0,0,14970702.45,0,0,14970702.45,0,0,14970702.45,0,0,14970702.45,0,0,14970702.45,0,0,14970702.45,0,0,14970702.45,0,0,14970702.45,0,0,14970702.45,0,0,14970702.45,0,0,14970702.45,0,0,14970702.45,0,0,14970702.45,0,0,14970702.45,0,0,14970702.45,0,0,14970702.45,0,0,14970702.45,0,0,14970702.45,0,0,22456053.68,0,0,14970702.45,0,0,14970702.45,0,0,14970702.45,0,0,14970702.45,0,0,14970702.45,0,0,14970702.45,0,0,14970702.45
1,1,Moderna,2021-04-12,COVHIV,0,0,0,0,0,0,0,0,0,0,0,0,0,0,0,0,0,0,0,0,0,0,0,0,0,0,0,0,0,0,0,0,0,0,0,0,0,0,0,0,0,0,0,0,0,0,0,0,0,0,19248046.01,0,0,19248046.01,0,0,19248046.01,0,0,19248046.01,0,0,19248046.01,0,0,19248046.01,0,0,19248046.01,0,0,19248046.01,0,0,19248046.01,0,0,19248046.01,0,0,19248046.01,0,0,19248046.01,0,0,19248046.01,0,0,19248046.01,0,0,19248046.01,0,0,19248046.01,0,0,19248046.01,0,0,19248046.01,0,0,19248046.01,0,0,19248046.01,0,0,19248046.01,0,0,19248046.01,0,0,19248046.01,0,0,19248046.01,0,0,19248046.01,0,0,19248046.01,0,0,19248046.01,0,0,19248046.01,0,0,19248046.01,0,0,19248046.01,0,0,19248046.01,0,0,19248046.01,0,0,19248046.01,0,0,19248046.01,0,0,19248046.01,0,0,19248046.01,0,0,19248046.01,0,0,19248046.01,0,0,19248046.01,0,0,19248046.01,0,0,19248046.01,0,0,19248046.01,0,0,19248046.01,0,0,19248046.01,0,0,19248046.01,0,0,19248046.01,0,0,19248046.01,0,0,19248046.01
1,1,Moderna,2021-04-19,COVHIV,0,0,0,0,0,0,0,0,0,0,0,0,0,0,0,0,0,0,0,0,0,0,0,0,0,0,0,0,0,0,0,0,0,0,0,0,0,0,0,0,0,0,0,0,0,0,0,0,0,0,9624023,0,0,9624023,0,0,9624023,0,0,9624023,0,0,9624023,0,0,9624023,0,0,9624023,0,0,9624023,0,0,9624023,0,0,9624023,0,0,9624023,0,0,9624023,0,0,9624023,0,0,9624023,0,0,9624023,0,0,9624023,0,0,9624023,0,0,9624023,0,0,9624023,0,0,9624023,0,0,9624023,0,0,9624023,0,0,9624023,0,0,9624023,0,0,9624023,0,0,9624023,0,0,9624023,0,0,9624023,0,0,9624023,0,0,9624023,0,0,9624023,0,0,9624023,0,0,9624023,0,0,9624023,0,0,9624023,0,0,9624023,0,0,9624023,0,0,9624023,0,0,9624023,0,0,9624023,0,0,9624023,0,0,9624023,0,0,9624023,0,0,9624023,0,0,9624023,0,0,9624023,0,0,9624023,0,0,9624023
1,2,Moderna,2021-05-10,COVHIV,0,0,0,0,0,0,0,0,0,0,0,0,0,0,0,0,0,0,0,0,0,0,0,0,0,0,0,0,0,0,0,0,0,0,0,0,0,0,0,0,0,0,0,0,0,0,0,0,0,0,67368161.03,0,0,67368161.03,0,0,67368161.03,0,0,67368161.03,0,0,67368161.03,0,0,67368161.03,0,0,67368161.03,0,0,67368161.03,0,0,67368161.03,0,0,67368161.03,0,0,67368161.03,0,0,67368161.03,0,0,67368161.03,0,0,67368161.03,0,0,67368161.03,0,0,67368161.03,0,0,67368161.03,0,0,67368161.03,0,0,67368161.03,0,0,67368161.03,0,0,67368161.03,0,0,67368161.03,0,0,67368161.03,0,0,67368161.03,0,0,67368161.03,0,0,67368161.03,0,0,67368161.03,0,0,67368161.03,0,0,67368161.03,0,0,67368161.03,0,0,67368161.03,0,0,67368161.03,0,0,67368161.03,0,0,67368161.03,0,0,67368161.03,0,0,67368161.03,0,0,67368161.03,0,0,67368161.03,0,0,67368161.03,0,0,67368161.03,0,0,67368161.03,0,0,67368161.03,0,0,67368161.03,0,0,67368161.03,0,0,67368161.03,0,0,67368161.03,0,0,67368161.03,0,0,67368161.03
1,2,Moderna,2021-05-17,COVHIV,0,0,0,0,0,0,0,0,0,0,0,0,0,0,0,0,0,0,0,0,0,0,0,0,0,0,0,0,0,0,0,0,0,0,0,0,0,0,0,0,0,0,0,0,0,0,0,0,0,0,14970702.45,0,0,14970702.45,0,0,14970702.45,0,0,14970702.45,0,0,14970702.45,0,0,14970702.45,0,0,14970702.45,0,0,14970702.45,0,0,14970702.45,0,0,14970702.45,0,0,14970702.45,0,0,14970702.45,0,0,14970702.45,0,0,14970702.45,0,0,14970702.45,0,0,14970702.45,0,0,14970702.45,0,0,14970702.45,0,0,14970702.45,0,0,14970702.45,0,0,14970702.45,0,0,14970702.45,0,0,14970702.45,0,0,14970702.45,0,0,14970702.45,0,0,14970702.45,0,0,14970702.45,0,0,14970702.45,0,0,14970702.45,0,0,14970702.45,0,0,14970702.45,0,0,14970702.45,0,0,14970702.45,0,0,14970702.45,0,0,14970702.45,0,0,14970702.45,0,0,14970702.45,0,0,14970702.45,0,0,14970702.45,0,0,14970702.45,0,0,14970702.45,0,0,14970702.45,0,0,14970702.45,0,0,14970702.45,0,0,14970702.45,0,0,14970702.45,0,0,14970702.45,0,0,14970702.45
1,2,Pfizer,2021-05-03,COVHIV,0,0,0,0,0,0,0,0,0,0,0,0,0,0,0,0,0,0,0,0,0,0,0,0,0,0,0,0,0,0,0,0,0,0,0,0,0,0,0,0,0,0,0,0,0,0,0,0,0,0,8982421.47,0,0,8982421.47,0,0,8982421.47,0,0,8982421.47,0,0,8982421.47,0,0,8982421.47,0,0,8982421.47,0,0,8982421.47,0,0,16842040.26,0,0,16842040.26,0,0,8982421.47,0,0,8982421.47,0,0,8982421.47,0,0,8982421.47,0,0,8982421.47,0,0,8982421.47,0,0,8982421.47,0,0,8982421.47,0,0,8982421.47,0,0,8982421.47,0,0,8982421.47,0,0,8982421.47,0,0,8982421.47,0,0,8982421.47,0,0,8982421.47,0,0,8982421.47,0,0,8982421.47,0,0,8982421.47,0,0,8982421.47,0,0,8982421.47,0,0,8982421.47,0,0,8982421.47,0,0,8982421.47,0,0,8982421.47,0,0,8982421.47,0,0,8982421.47,0,0,8982421.47,0,0,8982421.47,0,0,8982421.47,0,0,8982421.47,,,0,0,0,8982421.47,0,0,8982421.47,0,0,8982421.47,0,0,8982421.47,0,0,8982421.47,0,0,8982421.47,0,0,8982421.47
1,1,Pfizer,2021-04-05,COVHIV,0,0,0,0,0,0,0,0,0,0,0,0,0,0,0,0,0,0,0,0,0,0,0,0,0,0,0,0,0,0,0,0,0,0,0,0,0,0,0,0,0,0,0,0,0,0,0,0,0,0,16842040.26,0,0,16842040.26,0,0,16842040.26,0,0,16842040.26,0,0,16842040.26,0,0,16842040.26,0,0,16842040.26,0,0,16842040.26,0,0,22456053.68,0,0,22456053.68,0,0,16842040.26,0,0,16842040.26,0,0,16842040.26,0,0,16842040.26,0,0,16842040.26,0,0,16842040.26,0,0,16842040.26,0,0,16842040.26,0,0,16842040.26,0,0,16842040.26,0,0,16842040.26,0,0,16842040.26,0,0,16842040.26,0,0,16842040.26,0,0,16842040.26,0,0,16842040.26,0,0,16842040.26,0,0,16842040.26,0,0,16842040.26,0,0,16842040.26,0,0,16842040.26,0,0,16842040.26,0,0,16842040.26,0,0,16842040.26,0,0,16842040.26,0,0,16842040.26,0,0,16842040.26,0,0,16842040.26,0,0,16842040.26,0,0,16842040.26,,,0,0,0,16842040.26,0,0,16842040.26,0,0,16842040.26,0,0,16842040.26,0,0,16842040.26,0,0,16842040.26,0,0,16842040.26
1,2,Pfizer,2021-04-26,COVHIV,0,0,0,0,0,0,0,0,0,0,0,0,0,0,0,0,0,0,0,0,0,0,0,0,0,0,0,0,0,0,0,0,0,0,0,0,0,0,0,0,0,0,0,0,0,0,0,0,0,0,22456053.68,0,0,22456053.68,0,0,22456053.68,0,0,22456053.68,0,0,22456053.68,0,0,22456053.68,0,0,22456053.68,0,0,22456053.68,0,0,26947264.41,0,0,26947264.41,0,0,22456053.68,0,0,22456053.68,0,0,22456053.68,0,0,22456053.68,0,0,22456053.68,0,0,22456053.68,0,0,22456053.68,0,0,22456053.68,0,0,22456053.68,0,0,22456053.68,0,0,22456053.68,0,0,22456053.68,0,0,22456053.68,0,0,22456053.68,0,0,22456053.68,0,0,22456053.68,0,0,22456053.68,0,0,22456053.68,0,0,22456053.68,0,0,22456053.68,0,0,22456053.68,0,0,22456053.68,0,0,22456053.68,0,0,22456053.68,0,0,22456053.68,0,0,22456053.68,0,0,22456053.68,0,0,22456053.68,0,0,22456053.68,0,0,22456053.68,,,0,0,0,22456053.68,0,0,22456053.68,0,0,22456053.68,0,0,22456053.68,0,0,22456053.68,0,0,22456053.68,0,0,22456053.68
0,0,0,2020-01-06,COVCKD,0,0,0,0,0,0,0,0,0,0,0,0,0,0,0,0,0,0,0,0,0,0,0,0,0,0,0,0,0,0,0,0,0,0,0,0,0,0,0,0,0,0,0,0,0,0,0,0,0,0,1069335.89,0,0,1132238,0,0,1069335.89,0,0,1283203.07,0,0,1480618.92,0,0,1604003.83,0,0,1132238,0,0,1374860.43,0,0,1480618.92,0,0,1480618.92,0,0,1069335.89,0,0,1069335.89,0,0,1069335.89,0,0,1069335.89,0,0,1069335.89,0,0,1069335.89,0,0,1132238,0,0,1132238,0,0,1069335.89,0,0,1069335.89,0,0,1069335.89,0,0,1069335.89,0,0,1069335.89,0,0,1069335.89,0,0,1069335.89,0,0,1069335.89,0,0,1069335.89,0,0,1069335.89,0,0,1069335.89,0,0,1203002.88,0,0,1203002.88,0,0,1069335.89,0,0,1069335.89,0,0,1069335.89,0,0,1069335.89,0,0,1069335.89,0,0,1069335.89,0,0,1069335.89,0,0,1069335.89,0,0,1069335.89,0,0,3849609.2,0,0,1069335.89,0,0,1069335.89,0,0,1069335.89,0,0,1283203.07,0,0,1069335.89,0,0,1283203.07,0,0,1069335.89
0,0,0,2020-01-13,COVCKD,0,0,0,0,0,0,0,0,0,0,0,0,0,0,0,0,0,0,0,0,0,0,0,0,0,0,0,0,0,0,0,0,0,0,0,0,0,0,0,0,0,0,0,0,0,0,0,0,0,0,1069335.89,0,0,1132238,0,0,1069335.89,0,0,1283203.07,0,0,1480618.92,0,0,1604003.83,0,0,1132238,0,0,1374860.43,0,0,1480618.92,0,0,1480618.92,0,0,1069335.89,0,0,1069335.89,0,0,1069335.89,0,0,1069335.89,0,0,1069335.89,0,0,1069335.89,0,0,1132238,0,0,1132238,0,0,1069335.89,0,0,1069335.89,0,0,1069335.89,0,0,1069335.89,0,0,1069335.89,0,0,1069335.89,0,0,1069335.89,0,0,1069335.89,0,0,1069335.89,0,0,1069335.89,0,0,1069335.89,0,0,1203002.88,0,0,1203002.88,0,0,1069335.89,0,0,1069335.89,0,0,1069335.89,0,0,1069335.89,0,0,1069335.89,0,0,1069335.89,0,0,1069335.89,0,0,1069335.89,0,0,1069335.89,0,0,3849609.2,0,0,1069335.89,0,0,1069335.89,0,0,1069335.89,0,0,1283203.07,0,0,1069335.89,0,0,1283203.07,0,0,1069335.89
0,0,0,2020-01-20,COVCKD,0,0,0,0,0,0,0,0,0,0,0,0,0,0,0,0,0,0,0,0,0,0,0,0,0,0,0,0,0,0,0,0,0,0,0,0,0,0,0,0,0,0,0,0,0,0,0,0,0,0,1069335.89,0,0,1132238,0,0,1069335.89,0,0,1283203.07,0,0,1480618.92,0,0,1604003.83,0,0,1132238,0,0,1374860.43,0,0,1480618.92,0,0,1480618.92,0,0,1069335.89,0,0,1069335.89,0,0,1069335.89,0,0,1069335.89,0,0,1069335.89,0,0,1069335.89,0,0,1132238,0,0,1132238,0,0,1069335.89,0,0,1069335.89,0,0,1069335.89,0,0,1069335.89,0,0,1069335.89,0,0,1069335.89,0,0,1069335.89,0,0,1069335.89,0,0,1069335.89,0,0,1069335.89,0,0,1069335.89,0,0,1203002.88,0,0,1203002.88,0,0,1069335.89,0,0,1069335.89,0,0,1069335.89,0,0,1069335.89,0,0,1069335.89,0,0,1069335.89,0,0,1069335.89,0,0,1069335.89,0,0,1069335.89,0,0,3849609.2,0,0,1069335.89,0,0,1069335.89,0,0,1069335.89,0,0,1283203.07,0,0,1069335.89,0,0,1283203.07,0,0,1069335.89
0,0,0,2020-01-27,COVCKD,0,0,0,0,0,0,0,0,0,0,0,0,0,0,0,0,0,0,0,0,0,0,0,0,0,0,1,1,0,0,0,0,0,0,0,0,0,0,0,0,0,1,0,1,0,0,0,0,0,0,1069335.89,0,0,1132238,0,0,1069335.89,0,0,1283203.07,0,0,1480618.92,0,0,1604003.83,0,0,1132238,0,0,1374860.43,0,0,1480618.92,0,0,1480618.92,0,0,1069335.89,0,0,1069335.89,0,0,1069335.89,0,0,1069335.89,0,0,1069335.89,0,0,1069335.89,0,0,1132238,0,0,1132238,0,0,1069335.89,0,0,1069335.89,0,0,1069335.89,0,0,1069335.89,0,0,1069335.89,0,0,1069335.89,0,0,1069335.89,0,0,1069335.89,0,0,1069335.89,0,0,1069335.89,0,0,1069335.89,332045.45,8406.66,1850038.86,332045.45,8406.66,1850038.86,0,0,1069335.89,0,0,1069335.89,0,0,1069335.89,0,0,1069335.89,0,0,1069335.89,0,0,1069335.89,0,0,1069335.89,0,0,1069335.89,0,0,1069335.89,0,0,3849609.2,0,0,1069335.89,0,0,1069335.89,0,0,1069335.89,354611.65,8977.99,1975769.66,0,0,1069335.89,354611.65,8977.99,1975769.66,0,0,1069335.89
0,0,0,2020-02-03,COVCKD,0,0,0,0,0,0,0,0,0,0,0,0,0,0,0,0,1,1,0,0,0,0,0,0,0,0,0,0,0,0,0,0,0,0,0,0,0,0,0,0,0,0,0,0,0,0,0,0,0,0,1069335.89,0,0,1132238,0,0,1069335.89,0,0,1283203.07,0,0,1480618.92,0,0,1604003.83,0,0,1132238,0,0,1374860.43,0,0,1480618.92,0,0,1480618.92,0,0,1069335.89,0,0,1069335.89,0,0,1069335.89,0,0,1069335.89,0,0,1069335.89,0,0,1069335.89,320394.74,8111.69,1785125.22,320394.74,8111.69,1785125.22,0,0,1069335.89,0,0,1069335.89,0,0,1069335.89,0,0,1069335.89,0,0,1069335.89,0,0,1069335.89,0,0,1069335.89,0,0,1069335.89,0,0,1069335.89,0,0,1069335.89,0,0,1069335.89,0,0,1283203.07,0,0,1283203.07,0,0,1069335.89,0,0,1069335.89,0,0,1069335.89,0,0,1069335.89,0,0,1069335.89,0,0,1069335.89,0,0,1069335.89,0,0,1069335.89,0,0,1069335.89,0,0,3849609.2,0,0,1069335.89,0,0,1069335.89,0,0,1069335.89,0,0,1374860.43,0,0,1069335.89,0,0,1374860.43,0,0,1069335.89
0,0,0,2020-02-10,COVCKD,0,0,0,0,0,0,0,0,0,0,0,0,0,0,0,0,0,0,0,0,0,0,0,0,0,0,0,0,0,0,0,0,0,0,0,0,0,0,0,0,0,0,0,0,0,0,0,0,0,0,1077890.58,0,0,1132238,0,0,1077890.58,0,0,1295541.56,0,0,1497070.25,0,0,1623329.18,0,0,1141833.24,0,0,1374860.43,0,0,1497070.25,0,0,1497070.25,0,0,1077890.58,0,0,1077890.58,0,0,1077890.58,0,0,1077890.58,0,0,1077890.58,0,0,1077890.58,0,0,1213840.74,0,0,1213840.74,0,0,1077890.58,0,0,1077890.58,0,0,1077890.58,0,0,1077890.58,0,0,1077890.58,0,0,1077890.58,0,0,1077890.58,0,0,1077890.58,0,0,1077890.58,0,0,1077890.58,0,0,1077890.58,0,0,1283203.07,0,0,1283203.07,0,0,1077890.58,0,0,1077890.58,0,0,1077890.58,0,0,1077890.58,0,0,1077890.58,0,0,1077890.58,0,0,1077890.58,0,0,1077890.58,0,0,1077890.58,0,0,3849609.2,0,0,1077890.58,0,0,1077890.58,0,0,1077890.58,0,0,1374860.43,0,0,1077890.58,0,0,1374860.43,0,0,1077890.58
0,0,0,2020-02-17,COVCKD,0,0,0,0,0,0,0,0,0,0,0,0,0,0,0,0,0,0,0,0,0,0,0,0,0,0,0,0,0,0,0,0,0,0,0,0,0,0,0,0,0,0,0,0,0,0,0,0,0,0,1171620.19,0,0,1171620.19,0,0,1171620.19,0,0,1374860.43,0,0,1604003.83,0,0,1749822.36,0,0,1247558.54,0,0,1433365.13,0,0,1684204.03,0,0,1684204.03,0,0,1171620.19,0,0,1171620.19,0,0,1171620.19,0,0,1171620.19,0,0,1171620.19,0,0,1171620.19,0,0,1334022.99,0,0,1334022.99,0,0,1171620.19,0,0,1171620.19,0,0,1171620.19,0,0,1171620.19,0,0,1171620.19,0,0,1171620.19,0,0,1171620.19,0,0,1171620.19,0,0,1171620.19,0,0,1171620.19,0,0,1171620.19,0,0,1334022.99,0,0,1334022.99,0,0,1171620.19,0,0,1171620.19,0,0,1171620.19,0,0,1171620.19,0,0,1171620.19,0,0,1171620.19,0,0,1171620.19,0,0,1171620.19,0,0,1171620.19,0,0,3849609.2,0,0,1171620.19,0,0,1171620.19,0,0,1171620.19,0,0,1433365.13,0,0,1171620.19,0,0,1433365.13,0,0,1171620.19
0,0,0,2020-02-24,COVCKD,0,0,0,0,0,0,0,0,0,0,0,0,0,0,0,0,0,0,0,0,0,0,0,0,0,0,0,0,0,0,0,0,0,0,0,0,0,0,0,0,0,0,0,0,0,0,0,0,0,0,1203002.88,0,0,1203002.88,0,0,1203002.88,0,0,1374860.43,0,0,1604003.83,0,0,1749822.36,0,0,1283203.07,0,0,1480618.92,0,0,1749822.36,0,0,1749822.36,0,0,1203002.88,0,0,1203002.88,0,0,1203002.88,0,0,1203002.88,0,0,1203002.88,0,0,1203002.88,0,0,1374860.43,0,0,1374860.43,0,0,1203002.88,0,0,1203002.88,0,0,1203002.88,0,0,1203002.88,0,0,1203002.88,0,0,1203002.88,0,0,1203002.88,0,0,1203002.88,0,0,1203002.88,0,0,1203002.88,0,0,1203002.88,0,0,1374860.43,0,0,1374860.43,0,0,1203002.88,0,0,1203002.88,0,0,1203002.88,0,0,1203002.88,0,0,1203002.88,0,0,1203002.88,0,0,1203002.88,0,0,1203002.88,0,0,1203002.88,0,0,3849609.2,0,0,1203002.88,0,0,1203002.88,0,0,1203002.88,0,0,1480618.92,0,0,1203002.88,0,0,1480618.92,0,0,1203002.88
0,0,0,2020-03-02,COVCKD,0,0,0,0,0,0,0,0,0,0,0,0,0,0,0,0,0,0,0,0,0,0,0,0,0,0,0,0,0,0,0,0,0,0,0,0,0,0,0,0,0,0,0,0,0,0,0,0,0,0,1203002.88,0,0,1203002.88,0,0,1203002.88,0,0,1374860.43,0,0,1604003.83,0,0,1749822.36,0,0,1283203.07,0,0,1480618.92,0,0,1749822.36,0,0,1749822.36,0,0,1203002.88,0,0,1203002.88,0,0,1203002.88,0,0,1203002.88,0,0,1203002.88,0,0,1203002.88,0,0,1374860.43,0,0,1374860.43,0,0,1203002.88,0,0,1203002.88,0,0,1203002.88,0,0,1203002.88,0,0,1203002.88,0,0,1203002.88,0,0,1203002.88,0,0,1203002.88,0,0,1203002.88,0,0,1203002.88,0,0,1203002.88,0,0,1374860.43,0,0,1374860.43,0,0,1203002.88,0,0,1203002.88,0,0,1203002.88,0,0,1203002.88,0,0,1203002.88,0,0,1203002.88,0,0,1203002.88,0,0,1203002.88,0,0,1203002.88,0,0,3849609.2,0,0,1203002.88,0,0,1203002.88,0,0,1203002.88,0,0,1480618.92,0,0,1203002.88,0,0,1480618.92,0,0,1203002.88
0,0,0,2020-03-09,COVCKD,0,0,0,0,0,0,0,0,0,0,0,0,0,0,0,0,0,0,0,0,0,0,0,0,0,0,0,0,0,0,0,0,0,0,0,0,0,0,0,0,0,0,0,0,0,0,0,0,0,0,1203002.88,0,0,1203002.88,0,0,1203002.88,0,0,1374860.43,0,0,1604003.83,0,0,1749822.36,0,0,1283203.07,0,0,1480618.92,0,0,1749822.36,0,0,1749822.36,0,0,1203002.88,0,0,1203002.88,0,0,1203002.88,0,0,1203002.88,0,0,1203002.88,0,0,1203002.88,0,0,1374860.43,0,0,1374860.43,0,0,1203002.88,0,0,1203002.88,0,0,1203002.88,0,0,1203002.88,0,0,1203002.88,0,0,1203002.88,0,0,1203002.88,0,0,1203002.88,0,0,1203002.88,0,0,1203002.88,0,0,1203002.88,0,0,1374860.43,0,0,1374860.43,0,0,1203002.88,0,0,1203002.88,0,0,1203002.88,0,0,1203002.88,0,0,1203002.88,0,0,1203002.88,0,0,1203002.88,0,0,1203002.88,0,0,1203002.88,0,0,3849609.2,0,0,1203002.88,0,0,1203002.88,0,0,1203002.88,0,0,1480618.92,0,0,1203002.88,0,0,1480618.92,0,0,1203002.88
0,0,0,2020-03-16,COVCKD,0,0,0,0,0,1,0,0,0,0,0,0,0,0,0,0,0,0,0,0,0,0,0,0,0,0,0,0,0,0,0,0,0,0,0,0,0,0,0,0,0,0,0,0,0,0,0,0,0,0,1203002.88,0,0,1203002.88,0,0,1203002.88,0,0,1374860.43,0,0,1604003.83,487000,12329.77,2713390.33,0,0,1283203.07,0,0,1480618.92,0,0,1749822.36,0,0,1749822.36,0,0,1203002.88,0,0,1203002.88,0,0,1203002.88,0,0,1203002.88,0,0,1203002.88,0,0,1203002.88,0,0,1374860.43,0,0,1374860.43,0,0,1203002.88,0,0,1203002.88,0,0,1203002.88,0,0,1203002.88,0,0,1203002.88,0,0,1203002.88,0,0,1203002.88,0,0,1203002.88,0,0,1203002.88,0,0,1203002.88,0,0,1203002.88,0,0,1374860.43,0,0,1374860.43,0,0,1203002.88,0,0,1203002.88,0,0,1203002.88,0,0,1203002.88,0,0,1203002.88,0,0,1203002.88,0,0,1203002.88,0,0,1203002.88,0,0,1203002.88,0,0,3849609.2,0,0,1203002.88,0,0,1203002.88,0,0,1203002.88,0,0,1480618.92,0,0,1203002.88,0,0,1480618.92,0,0,1203002.88
0,0,0,2020-03-23,COVCKD,0,0,0,0,0,0,0,0,0,0,0,0,0,0,0,0,0,0,0,0,0,0,0,0,0,0,0,0,0,0,0,0,0,0,0,0,0,1,0,0,0,0,0,0,0,0,0,0,0,0,1203002.88,0,0,1203002.88,0,0,1203002.88,0,0,1374860.43,0,0,1604003.83,0,0,1924804.6,0,0,1283203.07,0,0,1480618.92,0,0,1749822.36,0,0,1749822.36,0,0,1203002.88,0,0,1203002.88,0,0,1203002.88,0,0,1203002.88,0,0,1203002.88,0,0,1203002.88,0,0,1374860.43,0,0,1374860.43,0,0,1203002.88,0,0,1203002.88,0,0,1203002.88,0,0,1203002.88,0,0,1203002.88,0,0,1203002.88,0,0,1203002.88,0,0,1203002.88,0,0,1203002.88,0,0,1203002.88,0,0,1203002.88,0,0,1374860.43,0,0,1374860.43,0,0,1203002.88,0,0,1203002.88,0,0,1203002.88,0,0,1203002.88,0,0,1203002.88,0,0,1203002.88,0,0,1203002.88,0,0,1203002.88,0,0,1203002.88,1074264.71,27198.03,5985419.85,0,0,1203002.88,0,0,1203002.88,0,0,1203002.88,0,0,1480618.92,0,0,1203002.88,0,0,1480618.92,0,0,1203002.88
0,0,0,2020-03-30,COVCKD,0,0,1,1,0,0,0,1,0,0,0,0,0,0,0,0,0,0,0,0,0,0,0,0,0,0,0,0,0,0,0,0,0,0,0,0,0,0,0,0,0,0,0,0,0,0,0,0,0,0,1203002.88,0,0,1203002.88,338194.44,8562.34,1884298.84,388563.83,9837.58,2164939.09,0,0,1604003.83,0,0,1924804.6,0,0,1283203.07,419827.59,10629.11,2339129.6,0,0,1749822.36,0,0,1749822.36,0,0,1203002.88,0,0,1203002.88,0,0,1203002.88,0,0,1203002.88,0,0,1203002.88,0,0,1203002.88,0,0,1374860.43,0,0,1374860.43,0,0,1203002.88,0,0,1203002.88,0,0,1203002.88,0,0,1203002.88,0,0,1203002.88,0,0,1203002.88,0,0,1203002.88,0,0,1203002.88,0,0,1203002.88,0,0,1203002.88,0,0,1203002.88,0,0,1374860.43,0,0,1374860.43,0,0,1203002.88,0,0,1203002.88,0,0,1203002.88,0,0,1203002.88,0,0,1203002.88,0,0,1203002.88,0,0,1203002.88,0,0,1203002.88,0,0,1203002.88,0,0,4812011.5,0,0,1203002.88,0,0,1203002.88,0,0,1203002.88,0,0,1480618.92,0,0,1203002.88,0,0,1480618.92,0,0,1203002.88
0,0,0,2020-04-06,COVCKD,0,0,0,0,0,0,0,0,0,0,0,0,0,0,0,0,0,0,0,0,0,0,0,0,0,0,0,0,0,0,0,0,0,0,0,0,0,0,0,0,0,0,0,0,0,0,0,0,0,0,1203002.88,0,0,1203002.88,0,0,1283203.07,0,0,1480618.92,0,0,1604003.83,0,0,1924804.6,0,0,1283203.07,0,0,1604003.83,0,0,1749822.36,0,0,1749822.36,0,0,1203002.88,0,0,1203002.88,0,0,1203002.88,0,0,1203002.88,0,0,1203002.88,0,0,1203002.88,0,0,1374860.43,0,0,1374860.43,0,0,1203002.88,0,0,1203002.88,0,0,1203002.88,0,0,1203002.88,0,0,1203002.88,0,0,1203002.88,0,0,1203002.88,0,0,1203002.88,0,0,1203002.88,0,0,1203002.88,0,0,1203002.88,0,0,1374860.43,0,0,1374860.43,0,0,1203002.88,0,0,1203002.88,0,0,1203002.88,0,0,1203002.88,0,0,1203002.88,0,0,1203002.88,0,0,1203002.88,0,0,1203002.88,0,0,1203002.88,0,0,4812011.5,0,0,1203002.88,0,0,1203002.88,0,0,1203002.88,0,0,1480618.92,0,0,1203002.88,0,0,1480618.92,0,0,1203002.88
0,0,0,2020-04-13,COVCKD,0,0,0,0,0,0,0,0,0,0,0,0,0,0,0,0,0,0,0,0,0,0,0,0,0,0,0,0,0,0,0,0,0,0,0,0,0,0,0,0,0,0,0,0,0,0,0,0,0,0,1203002.88,0,0,1203002.88,0,0,1283203.07,0,0,1480618.92,0,0,1604003.83,0,0,1924804.6,0,0,1283203.07,0,0,1604003.83,0,0,1749822.36,0,0,1749822.36,0,0,1203002.88,0,0,1203002.88,0,0,1203002.88,0,0,1203002.88,0,0,1203002.88,0,0,1203002.88,0,0,1374860.43,0,0,1374860.43,0,0,1203002.88,0,0,1203002.88,0,0,1203002.88,0,0,1203002.88,0,0,1203002.88,0,0,1203002.88,0,0,1203002.88,0,0,1203002.88,0,0,1203002.88,0,0,1203002.88,0,0,1203002.88,0,0,1374860.43,0,0,1374860.43,0,0,1203002.88,0,0,1203002.88,0,0,1203002.88,0,0,1203002.88,0,0,1203002.88,0,0,1203002.88,0,0,1203002.88,0,0,1203002.88,0,0,1203002.88,0,0,4812011.5,0,0,1203002.88,0,0,1203002.88,0,0,1203002.88,0,0,1480618.92,0,0,1203002.88,0,0,1480618.92,0,0,1203002.88
0,0,0,2020-04-20,COVCKD,0,0,0,0,0,0,0,0,0,0,0,0,0,0,0,0,0,0,0,0,0,0,0,0,0,0,0,0,0,0,0,0,0,0,0,0,0,0,0,0,0,0,0,0,0,0,0,0,0,0,1203002.88,0,0,1203002.88,0,0,1283203.07,0,0,1480618.92,0,0,1604003.83,0,0,1924804.6,0,0,1283203.07,0,0,1604003.83,0,0,1749822.36,0,0,1749822.36,0,0,1203002.88,0,0,1203002.88,0,0,1203002.88,0,0,1203002.88,0,0,1203002.88,0,0,1203002.88,0,0,1374860.43,0,0,1374860.43,0,0,1203002.88,0,0,1203002.88,0,0,1203002.88,0,0,1203002.88,0,0,1203002.88,0,0,1203002.88,0,0,1203002.88,0,0,1203002.88,0,0,1203002.88,0,0,1203002.88,0,0,1203002.88,0,0,1374860.43,0,0,1374860.43,0,0,1203002.88,0,0,1203002.88,0,0,1203002.88,0,0,1203002.88,0,0,1203002.88,0,0,1203002.88,0,0,1203002.88,0,0,1203002.88,0,0,1203002.88,0,0,4812011.5,0,0,1203002.88,0,0,1203002.88,0,0,1203002.88,0,0,1480618.92,0,0,1203002.88,0,0,1480618.92,0,0,1203002.88
0,0,0,2020-04-27,COVCKD,0,0,0,0,0,0,0,0,0,0,0,0,0,0,0,0,0,0,0,0,0,0,0,0,0,0,0,0,0,0,0,0,0,0,0,0,0,0,0,0,0,0,0,0,0,0,0,0,0,0,1203002.88,0,0,1203002.88,0,0,1283203.07,0,0,1480618.92,0,0,1604003.83,0,0,1924804.6,0,0,1283203.07,0,0,1604003.83,0,0,1749822.36,0,0,1749822.36,0,0,1203002.88,0,0,1203002.88,0,0,1203002.88,0,0,1203002.88,0,0,1203002.88,0,0,1203002.88,0,0,1374860.43,0,0,1374860.43,0,0,1203002.88,0,0,1203002.88,0,0,1203002.88,0,0,1203002.88,0,0,1203002.88,0,0,1203002.88,0,0,1203002.88,0,0,1203002.88,0,0,1203002.88,0,0,1203002.88,0,0,1203002.88,0,0,1374860.43,0,0,1374860.43,0,0,1203002.88,0,0,1203002.88,0,0,1203002.88,0,0,1203002.88,0,0,1203002.88,0,0,1203002.88,0,0,1203002.88,0,0,1203002.88,0,0,1203002.88,0,0,4812011.5,0,0,1203002.88,0,0,1203002.88,0,0,1203002.88,0,0,1480618.92,0,0,1203002.88,0,0,1480618.92,0,0,1203002.88
0,0,0,2020-05-04,COVCKD,0,0,0,0,0,0,0,0,0,0,0,0,0,0,0,0,0,0,0,0,0,0,0,0,0,0,0,0,0,0,0,0,0,0,0,0,0,0,0,0,0,0,0,0,0,0,0,0,0,0,1203002.88,0,0,1203002.88,0,0,1283203.07,0,0,1480618.92,0,0,1604003.83,0,0,1924804.6,0,0,1283203.07,0,0,1604003.83,0,0,1749822.36,0,0,1749822.36,0,0,1203002.88,0,0,1203002.88,0,0,1203002.88,0,0,1203002.88,0,0,1203002.88,0,0,1203002.88,0,0,1374860.43,0,0,1374860.43,0,0,1203002.88,0,0,1203002.88,0,0,1203002.88,0,0,1203002.88,0,0,1203002.88,0,0,1203002.88,0,0,1203002.88,0,0,1203002.88,0,0,1203002.88,0,0,1203002.88,0,0,1203002.88,0,0,1374860.43,0,0,1374860.43,0,0,1203002.88,0,0,1203002.88,0,0,1203002.88,0,0,1203002.88,0,0,1203002.88,0,0,1203002.88,0,0,1203002.88,0,0,1203002.88,0,0,1203002.88,0,0,4812011.5,0,0,1203002.88,0,0,1203002.88,0,0,1203002.88,0,0,1480618.92,0,0,1203002.88,0,0,1480618.92,0,0,1203002.88
0,0,0,2020-05-11,COVCKD,0,0,0,0,0,0,0,0,0,0,0,0,0,0,0,0,0,0,0,0,0,0,0,0,0,0,0,0,0,0,0,0,0,0,0,0,0,0,0,0,0,0,0,0,0,0,0,0,0,0,1203002.88,0,0,1203002.88,0,0,1283203.07,0,0,1480618.92,0,0,1604003.83,0,0,1924804.6,0,0,1283203.07,0,0,1604003.83,0,0,1749822.36,0,0,1749822.36,0,0,1203002.88,0,0,1203002.88,0,0,1203002.88,0,0,1203002.88,0,0,1203002.88,0,0,1203002.88,0,0,1374860.43,0,0,1374860.43,0,0,1203002.88,0,0,1203002.88,0,0,1203002.88,0,0,1203002.88,0,0,1203002.88,0,0,1203002.88,0,0,1203002.88,0,0,1203002.88,0,0,1203002.88,0,0,1203002.88,0,0,1203002.88,0,0,1374860.43,0,0,1374860.43,0,0,1203002.88,0,0,1203002.88,0,0,1203002.88,0,0,1203002.88,0,0,1203002.88,0,0,1203002.88,0,0,1203002.88,0,0,1203002.88,0,0,1203002.88,0,0,4812011.5,0,0,1203002.88,0,0,1203002.88,0,0,1203002.88,0,0,1480618.92,0,0,1203002.88,0,0,1480618.92,0,0,1203002.88
0,0,0,2020-05-18,COVCKD,0,0,0,0,0,0,0,0,0,0,0,0,0,0,0,0,1,1,0,0,0,0,0,0,0,0,0,0,0,0,0,0,0,0,0,0,0,0,0,0,0,0,0,0,0,0,0,0,0,0,1203002.88,0,0,1203002.88,0,0,1283203.07,0,0,1480618.92,0,0,1604003.83,0,0,1924804.6,0,0,1283203.07,0,0,1604003.83,0,0,1749822.36,0,0,1749822.36,0,0,1203002.88,0,0,1203002.88,0,0,1203002.88,0,0,1203002.88,0,0,1203002.88,0,0,1203002.88,376546.39,9533.33,2097982.21,376546.39,9533.33,2097982.21,0,0,1203002.88,0,0,1203002.88,0,0,1203002.88,0,0,1203002.88,0,0,1203002.88,0,0,1203002.88,0,0,1203002.88,0,0,1203002.88,0,0,1203002.88,0,0,1203002.88,0,0,1203002.88,0,0,1374860.43,0,0,1374860.43,0,0,1203002.88,0,0,1203002.88,0,0,1203002.88,0,0,1203002.88,0,0,1203002.88,0,0,1203002.88,0,0,1203002.88,0,0,1203002.88,0,0,1203002.88,0,0,4812011.5,0,0,1203002.88,0,0,1203002.88,0,0,1203002.88,0,0,1480618.92,0,0,1203002.88,0,0,1480618.92,0,0,1203002.88
0,0,0,2020-05-25,COVCKD,0,0,0,0,0,0,0,0,0,0,0,0,0,0,0,0,0,0,0,0,0,0,0,0,0,0,0,0,0,0,0,0,0,0,0,0,0,0,0,0,0,0,0,0,0,0,0,0,0,0,1203002.88,0,0,1203002.88,0,0,1283203.07,0,0,1480618.92,0,0,1604003.83,0,0,1924804.6,0,0,1283203.07,0,0,1604003.83,0,0,1749822.36,0,0,1749822.36,0,0,1203002.88,0,0,1203002.88,0,0,1203002.88,0,0,1203002.88,0,0,1203002.88,0,0,1203002.88,0,0,1480618.92,0,0,1480618.92,0,0,1203002.88,0,0,1203002.88,0,0,1203002.88,0,0,1203002.88,0,0,1203002.88,0,0,1203002.88,0,0,1203002.88,0,0,1203002.88,0,0,1203002.88,0,0,1203002.88,0,0,1203002.88,0,0,1374860.43,0,0,1374860.43,0,0,1203002.88,0,0,1203002.88,0,0,1203002.88,0,0,1203002.88,0,0,1203002.88,0,0,1203002.88,0,0,1203002.88,0,0,1203002.88,0,0,1203002.88,0,0,4812011.5,0,0,1203002.88,0,0,1203002.88,0,0,1203002.88,0,0,1480618.92,0,0,1203002.88,0,0,1480618.92,0,0,1203002.88
0,0,0,2020-06-01,COVCKD,0,0,0,0,0,0,0,0,0,0,0,0,0,0,0,0,0,0,0,0,0,0,0,0,0,0,0,0,0,0,0,0,0,0,0,0,0,0,0,0,0,0,0,0,0,0,0,0,0,0,1203002.88,0,0,1203002.88,0,0,1283203.07,0,0,1480618.92,0,0,1604003.83,0,0,1924804.6,0,0,1283203.07,0,0,1604003.83,0,0,1749822.36,0,0,1749822.36,0,0,1203002.88,0,0,1203002.88,0,0,1203002.88,0,0,1203002.88,0,0,1203002.88,0,0,1203002.88,0,0,1480618.92,0,0,1480618.92,0,0,1203002.88,0,0,1203002.88,0,0,1203002.88,0,0,1203002.88,0,0,1203002.88,0,0,1203002.88,0,0,1203002.88,0,0,1203002.88,0,0,1203002.88,0,0,1203002.88,0,0,1203002.88,0,0,1374860.43,0,0,1374860.43,0,0,1203002.88,0,0,1203002.88,0,0,1203002.88,0,0,1203002.88,0,0,1203002.88,0,0,1203002.88,0,0,1203002.88,0,0,1203002.88,0,0,1203002.88,0,0,4812011.5,0,0,1203002.88,0,0,1203002.88,0,0,1203002.88,0,0,1480618.92,0,0,1203002.88,0,0,1480618.92,0,0,1203002.88
0,0,0,2020-06-08,COVCKD,0,0,0,0,0,0,0,0,0,0,0,0,0,0,0,0,0,0,0,0,0,0,0,0,0,0,0,0,0,0,0,0,0,0,0,0,0,0,0,0,0,0,0,0,0,0,0,0,0,0,1203002.88,0,0,1203002.88,0,0,1283203.07,0,0,1480618.92,0,0,1604003.83,0,0,1924804.6,0,0,1283203.07,0,0,1604003.83,0,0,1749822.36,0,0,1749822.36,0,0,1203002.88,0,0,1203002.88,0,0,1203002.88,0,0,1203002.88,0,0,1203002.88,0,0,1203002.88,0,0,1480618.92,0,0,1480618.92,0,0,1203002.88,0,0,1203002.88,0,0,1203002.88,0,0,1203002.88,0,0,1203002.88,0,0,1203002.88,0,0,1203002.88,0,0,1203002.88,0,0,1203002.88,0,0,1203002.88,0,0,1203002.88,0,0,1374860.43,0,0,1374860.43,0,0,1203002.88,0,0,1203002.88,0,0,1203002.88,0,0,1203002.88,0,0,1203002.88,0,0,1203002.88,0,0,1203002.88,0,0,1203002.88,0,0,1203002.88,0,0,4812011.5,0,0,1203002.88,0,0,1203002.88,0,0,1203002.88,0,0,1480618.92,0,0,1203002.88,0,0,1480618.92,0,0,1203002.88
0,0,0,2020-06-15,COVCKD,0,0,0,0,0,0,0,0,0,0,0,0,0,0,0,0,0,0,0,0,0,0,0,0,0,0,0,0,0,0,0,0,0,0,0,0,0,0,0,0,0,0,0,0,0,0,0,0,0,0,1203002.88,0,0,1203002.88,0,0,1283203.07,0,0,1480618.92,0,0,1604003.83,0,0,1924804.6,0,0,1283203.07,0,0,1604003.83,0,0,1749822.36,0,0,1749822.36,0,0,1203002.88,0,0,1203002.88,0,0,1203002.88,0,0,1203002.88,0,0,1203002.88,0,0,1203002.88,0,0,1480618.92,0,0,1480618.92,0,0,1203002.88,0,0,1203002.88,0,0,1203002.88,0,0,1203002.88,0,0,1203002.88,0,0,1203002.88,0,0,1203002.88,0,0,1203002.88,0,0,1203002.88,0,0,1203002.88,0,0,1203002.88,0,0,1374860.43,0,0,1374860.43,0,0,1203002.88,0,0,1203002.88,0,0,1203002.88,0,0,1203002.88,0,0,1203002.88,0,0,1203002.88,0,0,1203002.88,0,0,1203002.88,0,0,1203002.88,0,0,4812011.5,0,0,1203002.88,0,0,1203002.88,0,0,1203002.88,0,0,1480618.92,0,0,1203002.88,0,0,1480618.92,0,0,1203002.88
0,0,0,2020-06-22,COVCKD,0,0,0,0,0,0,0,0,0,0,0,0,0,0,0,0,0,0,0,0,0,0,0,0,0,0,0,0,0,0,0,0,0,0,0,0,0,0,0,0,0,0,0,0,0,0,0,0,0,0,1203002.88,0,0,1203002.88,0,0,1283203.07,0,0,1480618.92,0,0,1604003.83,0,0,1924804.6,0,0,1283203.07,0,0,1604003.83,0,0,1749822.36,0,0,1749822.36,0,0,1203002.88,0,0,1203002.88,0,0,1203002.88,0,0,1203002.88,0,0,1203002.88,0,0,1203002.88,0,0,1480618.92,0,0,1480618.92,0,0,1203002.88,0,0,1203002.88,0,0,1203002.88,0,0,1203002.88,0,0,1203002.88,0,0,1203002.88,0,0,1203002.88,0,0,1203002.88,0,0,1203002.88,0,0,1203002.88,0,0,1203002.88,0,0,1374860.43,0,0,1374860.43,0,0,1203002.88,0,0,1203002.88,0,0,1203002.88,0,0,1203002.88,0,0,1203002.88,0,0,1203002.88,0,0,1203002.88,0,0,1203002.88,0,0,1203002.88,0,0,4812011.5,0,0,1203002.88,0,0,1203002.88,0,0,1203002.88,0,0,1480618.92,0,0,1203002.88,0,0,1480618.92,0,0,1203002.88
0,0,0,2020-06-29,COVCKD,0,0,0,0,0,0,0,0,0,0,0,0,0,0,0,0,0,0,0,0,0,0,0,0,0,0,0,0,0,0,0,0,0,0,0,0,0,0,0,0,0,0,0,0,0,0,0,0,0,0,1203002.88,0,0,1203002.88,0,0,1283203.07,0,0,1480618.92,0,0,1604003.83,0,0,1924804.6,0,0,1283203.07,0,0,1604003.83,0,0,1749822.36,0,0,1749822.36,0,0,1203002.88,0,0,1203002.88,0,0,1203002.88,0,0,1203002.88,0,0,1203002.88,0,0,1203002.88,0,0,1480618.92,0,0,1480618.92,0,0,1203002.88,0,0,1203002.88,0,0,1203002.88,0,0,1203002.88,0,0,1203002.88,0,0,1203002.88,0,0,1203002.88,0,0,1203002.88,0,0,1203002.88,0,0,1203002.88,0,0,1203002.88,0,0,1374860.43,0,0,1374860.43,0,0,1203002.88,0,0,1203002.88,0,0,1203002.88,0,0,1203002.88,0,0,1203002.88,0,0,1203002.88,0,0,1203002.88,0,0,1203002.88,0,0,1203002.88,0,0,4812011.5,0,0,1203002.88,0,0,1203002.88,0,0,1203002.88,0,0,1480618.92,0,0,1203002.88,0,0,1480618.92,0,0,1203002.88
0,0,0,2020-07-06,COVCKD,0,0,0,0,0,0,0,0,0,0,0,0,0,0,0,0,0,0,0,0,0,0,0,0,0,0,0,0,0,0,0,0,0,0,0,0,0,0,0,0,0,0,0,0,0,0,0,0,0,0,1203002.88,0,0,1203002.88,0,0,1283203.07,0,0,1480618.92,0,0,1604003.83,0,0,1924804.6,0,0,1283203.07,0,0,1604003.83,0,0,1749822.36,0,0,1749822.36,0,0,1203002.88,0,0,1203002.88,0,0,1203002.88,0,0,1203002.88,0,0,1203002.88,0,0,1203002.88,0,0,1480618.92,0,0,1480618.92,0,0,1203002.88,0,0,1203002.88,0,0,1203002.88,0,0,1203002.88,0,0,1203002.88,0,0,1203002.88,0,0,1203002.88,0,0,1203002.88,0,0,1203002.88,0,0,1203002.88,0,0,1203002.88,0,0,1374860.43,0,0,1374860.43,0,0,1203002.88,0,0,1203002.88,0,0,1203002.88,0,0,1203002.88,0,0,1203002.88,0,0,1203002.88,0,0,1203002.88,0,0,1203002.88,0,0,1203002.88,0,0,4812011.5,0,0,1203002.88,0,0,1203002.88,0,0,1203002.88,0,0,1480618.92,0,0,1203002.88,0,0,1480618.92,0,0,1203002.88
0,0,0,2020-07-13,COVCKD,0,0,0,0,0,0,0,0,0,0,0,0,0,0,0,0,0,0,0,0,0,0,0,0,0,0,0,0,0,0,0,0,0,0,0,0,0,0,0,0,0,0,0,0,0,0,0,0,0,0,1203002.88,0,0,1203002.88,0,0,1283203.07,0,0,1480618.92,0,0,1604003.83,0,0,1924804.6,0,0,1283203.07,0,0,1604003.83,0,0,1749822.36,0,0,1749822.36,0,0,1203002.88,0,0,1203002.88,0,0,1203002.88,0,0,1203002.88,0,0,1203002.88,0,0,1203002.88,0,0,1480618.92,0,0,1480618.92,0,0,1203002.88,0,0,1203002.88,0,0,1203002.88,0,0,1203002.88,0,0,1203002.88,0,0,1203002.88,0,0,1203002.88,0,0,1203002.88,0,0,1203002.88,0,0,1203002.88,0,0,1203002.88,0,0,1374860.43,0,0,1374860.43,0,0,1203002.88,0,0,1203002.88,0,0,1203002.88,0,0,1203002.88,0,0,1203002.88,0,0,1203002.88,0,0,1203002.88,0,0,1203002.88,0,0,1203002.88,0,0,4812011.5,0,0,1203002.88,0,0,1203002.88,0,0,1203002.88,0,0,1480618.92,0,0,1203002.88,0,0,1480618.92,0,0,1203002.88
0,0,0,2020-07-20,COVCKD,0,0,0,0,0,0,0,0,0,0,0,0,0,0,0,0,0,0,0,0,0,0,0,0,0,0,0,0,0,0,0,0,0,0,0,0,0,0,0,0,0,0,0,0,0,0,0,0,0,0,1203002.88,0,0,1203002.88,0,0,1283203.07,0,0,1480618.92,0,0,1604003.83,0,0,1924804.6,0,0,1283203.07,0,0,1604003.83,0,0,1749822.36,0,0,1749822.36,0,0,1203002.88,0,0,1203002.88,0,0,1203002.88,0,0,1203002.88,0,0,1203002.88,0,0,1203002.88,0,0,1480618.92,0,0,1480618.92,0,0,1203002.88,0,0,1203002.88,0,0,1203002.88,0,0,1203002.88,0,0,1203002.88,0,0,1203002.88,0,0,1203002.88,0,0,1203002.88,0,0,1203002.88,0,0,1203002.88,0,0,1203002.88,0,0,1374860.43,0,0,1374860.43,0,0,1203002.88,0,0,1203002.88,0,0,1203002.88,0,0,1203002.88,0,0,1203002.88,0,0,1203002.88,0,0,1203002.88,0,0,1203002.88,0,0,1203002.88,0,0,4812011.5,0,0,1203002.88,0,0,1203002.88,0,0,1203002.88,0,0,1480618.92,0,0,1203002.88,0,0,1480618.92,0,0,1203002.88
0,0,0,2020-07-27,COVCKD,0,0,0,0,0,0,0,0,0,0,0,0,0,0,0,0,0,0,0,0,0,0,0,0,0,0,0,0,0,0,0,0,0,0,0,0,0,0,0,0,0,0,0,0,0,0,0,0,0,0,1203002.88,0,0,1203002.88,0,0,1283203.07,0,0,1480618.92,0,0,1604003.83,0,0,1924804.6,0,0,1283203.07,0,0,1604003.83,0,0,1749822.36,0,0,1749822.36,0,0,1203002.88,0,0,1203002.88,0,0,1203002.88,0,0,1203002.88,0,0,1203002.88,0,0,1203002.88,0,0,1480618.92,0,0,1480618.92,0,0,1203002.88,0,0,1203002.88,0,0,1203002.88,0,0,1203002.88,0,0,1203002.88,0,0,1203002.88,0,0,1203002.88,0,0,1203002.88,0,0,1203002.88,0,0,1203002.88,0,0,1203002.88,0,0,1374860.43,0,0,1374860.43,0,0,1203002.88,0,0,1203002.88,0,0,1203002.88,0,0,1203002.88,0,0,1203002.88,0,0,1203002.88,0,0,1203002.88,0,0,1203002.88,0,0,1203002.88,0,0,4812011.5,0,0,1203002.88,0,0,1203002.88,0,0,1203002.88,0,0,1480618.92,0,0,1203002.88,0,0,1480618.92,0,0,1203002.88
0,0,0,2020-08-03,COVCKD,0,0,0,0,0,0,0,0,0,0,0,0,0,0,0,0,0,0,0,0,0,0,0,0,0,0,0,0,0,0,0,0,0,0,0,0,0,0,0,0,0,0,0,0,0,0,0,0,0,0,1203002.88,0,0,1203002.88,0,0,1283203.07,0,0,1480618.92,0,0,1604003.83,0,0,1924804.6,0,0,1283203.07,0,0,1604003.83,0,0,1749822.36,0,0,1749822.36,0,0,1203002.88,0,0,1203002.88,0,0,1203002.88,0,0,1203002.88,0,0,1203002.88,0,0,1203002.88,0,0,1480618.92,0,0,1480618.92,0,0,1203002.88,0,0,1203002.88,0,0,1203002.88,0,0,1203002.88,0,0,1203002.88,0,0,1203002.88,0,0,1203002.88,0,0,1203002.88,0,0,1203002.88,0,0,1203002.88,0,0,1203002.88,0,0,1374860.43,0,0,1374860.43,0,0,1203002.88,0,0,1203002.88,0,0,1203002.88,0,0,1203002.88,0,0,1203002.88,0,0,1203002.88,0,0,1203002.88,0,0,1203002.88,0,0,1203002.88,0,0,4812011.5,0,0,1203002.88,0,0,1203002.88,0,0,1203002.88,0,0,1480618.92,0,0,1203002.88,0,0,1480618.92,0,0,1203002.88
0,0,0,2020-08-10,COVCKD,0,0,0,0,0,0,0,0,0,0,0,0,0,0,0,0,0,0,0,0,0,0,0,0,0,0,0,0,0,0,0,0,0,0,0,0,0,0,0,0,0,0,0,0,0,0,0,0,0,0,1203002.88,0,0,1203002.88,0,0,1283203.07,0,0,1480618.92,0,0,1604003.83,0,0,1924804.6,0,0,1283203.07,0,0,1604003.83,0,0,1749822.36,0,0,1749822.36,0,0,1203002.88,0,0,1203002.88,0,0,1203002.88,0,0,1203002.88,0,0,1203002.88,0,0,1203002.88,0,0,1480618.92,0,0,1480618.92,0,0,1203002.88,0,0,1203002.88,0,0,1203002.88,0,0,1203002.88,0,0,1203002.88,0,0,1203002.88,0,0,1203002.88,0,0,1203002.88,0,0,1203002.88,0,0,1203002.88,0,0,1203002.88,0,0,1374860.43,0,0,1374860.43,0,0,1203002.88,0,0,1203002.88,0,0,1203002.88,0,0,1203002.88,0,0,1203002.88,0,0,1203002.88,0,0,1203002.88,0,0,1203002.88,0,0,1203002.88,0,0,4812011.5,0,0,1203002.88,0,0,1203002.88,0,0,1203002.88,0,0,1480618.92,0,0,1203002.88,0,0,1480618.92,0,0,1203002.88
0,0,0,2020-08-17,COVCKD,0,0,0,0,0,0,0,0,0,0,0,0,0,0,0,0,0,0,0,0,0,0,0,0,0,0,0,0,0,0,0,0,0,0,0,0,0,1,0,0,0,0,0,0,0,0,0,0,0,0,1203002.88,0,0,1203002.88,0,0,1283203.07,0,0,1480618.92,0,0,1604003.83,0,0,1924804.6,0,0,1283203.07,0,0,1604003.83,0,0,1749822.36,0,0,1749822.36,0,0,1203002.88,0,0,1203002.88,0,0,1203002.88,0,0,1203002.88,0,0,1203002.88,0,0,1203002.88,0,0,1480618.92,0,0,1480618.92,0,0,1203002.88,0,0,1203002.88,0,0,1203002.88,0,0,1203002.88,0,0,1203002.88,0,0,1203002.88,0,0,1203002.88,0,0,1203002.88,0,0,1203002.88,0,0,1203002.88,0,0,1203002.88,0,0,1374860.43,0,0,1374860.43,0,0,1203002.88,0,0,1203002.88,0,0,1203002.88,0,0,1203002.88,0,0,1203002.88,0,0,1203002.88,0,0,1203002.88,0,0,1203002.88,0,0,1203002.88,1352777.78,34249.37,7537195.36,0,0,1203002.88,0,0,1203002.88,0,0,1203002.88,0,0,1480618.92,0,0,1203002.88,0,0,1480618.92,0,0,1203002.88
0,0,0,2020-08-24,COVCKD,0,0,0,0,0,0,0,0,0,0,0,0,0,0,0,0,0,0,0,0,0,0,0,0,0,0,0,0,0,0,0,0,0,0,0,0,0,0,0,0,0,0,0,0,0,0,0,0,0,0,1203002.88,0,0,1203002.88,0,0,1283203.07,0,0,1480618.92,0,0,1604003.83,0,0,1924804.6,0,0,1283203.07,0,0,1604003.83,0,0,1749822.36,0,0,1749822.36,0,0,1203002.88,0,0,1203002.88,0,0,1203002.88,0,0,1203002.88,0,0,1203002.88,0,0,1203002.88,0,0,1480618.92,0,0,1480618.92,0,0,1203002.88,0,0,1203002.88,0,0,1203002.88,0,0,1203002.88,0,0,1203002.88,0,0,1203002.88,0,0,1203002.88,0,0,1203002.88,0,0,1203002.88,0,0,1203002.88,0,0,1203002.88,0,0,1374860.43,0,0,1374860.43,0,0,1203002.88,0,0,1203002.88,0,0,1203002.88,0,0,1203002.88,0,0,1203002.88,0,0,1203002.88,0,0,1203002.88,0,0,1203002.88,0,0,1203002.88,0,0,6416015.34,0,0,1203002.88,0,0,1203002.88,0,0,1203002.88,0,0,1480618.92,0,0,1203002.88,0,0,1480618.92,0,0,1203002.88
0,0,0,2020-08-31,COVCKD,0,0,0,0,0,0,0,0,0,0,0,0,0,0,0,0,0,0,0,0,0,0,0,0,0,0,0,0,0,0,0,0,0,0,0,0,0,0,0,0,0,0,0,0,0,0,0,0,0,0,1203002.88,0,0,1203002.88,0,0,1283203.07,0,0,1480618.92,0,0,1604003.83,0,0,1924804.6,0,0,1283203.07,0,0,1604003.83,0,0,1749822.36,0,0,1749822.36,0,0,1203002.88,0,0,1203002.88,0,0,1203002.88,0,0,1203002.88,0,0,1203002.88,0,0,1203002.88,0,0,1480618.92,0,0,1480618.92,0,0,1203002.88,0,0,1203002.88,0,0,1203002.88,0,0,1203002.88,0,0,1203002.88,0,0,1203002.88,0,0,1203002.88,0,0,1203002.88,0,0,1203002.88,0,0,1203002.88,0,0,1203002.88,0,0,1374860.43,0,0,1374860.43,0,0,1203002.88,0,0,1203002.88,0,0,1203002.88,0,0,1203002.88,0,0,1203002.88,0,0,1203002.88,0,0,1203002.88,0,0,1203002.88,0,0,1203002.88,0,0,6416015.34,0,0,1203002.88,0,0,1203002.88,0,0,1203002.88,0,0,1480618.92,0,0,1203002.88,0,0,1480618.92,0,0,1203002.88
0,0,0,2020-09-07,COVCKD,0,0,0,0,0,0,0,0,0,0,0,0,0,0,0,0,0,0,0,0,0,0,0,0,0,0,0,0,0,0,0,0,0,0,0,0,0,0,0,0,0,0,0,0,0,0,0,0,0,0,1203002.88,0,0,1203002.88,0,0,1283203.07,0,0,1480618.92,0,0,1604003.83,0,0,1924804.6,0,0,1283203.07,0,0,1604003.83,0,0,1749822.36,0,0,1749822.36,0,0,1203002.88,0,0,1203002.88,0,0,1203002.88,0,0,1203002.88,0,0,1203002.88,0,0,1203002.88,0,0,1480618.92,0,0,1480618.92,0,0,1203002.88,0,0,1203002.88,0,0,1203002.88,0,0,1203002.88,0,0,1203002.88,0,0,1203002.88,0,0,1203002.88,0,0,1203002.88,0,0,1203002.88,0,0,1203002.88,0,0,1203002.88,0,0,1374860.43,0,0,1374860.43,0,0,1203002.88,0,0,1203002.88,0,0,1203002.88,0,0,1203002.88,0,0,1203002.88,0,0,1203002.88,0,0,1203002.88,0,0,1203002.88,0,0,1203002.88,0,0,6416015.34,0,0,1203002.88,0,0,1203002.88,0,0,1203002.88,0,0,1480618.92,0,0,1203002.88,0,0,1480618.92,0,0,1203002.88
0,0,0,2020-09-14,COVCKD,0,0,0,0,0,0,0,0,0,0,0,0,0,0,0,0,0,0,0,0,0,0,0,0,0,0,0,0,0,0,0,0,0,0,0,0,0,0,0,0,0,0,0,0,0,0,0,0,0,0,1203002.88,0,0,1203002.88,0,0,1283203.07,0,0,1480618.92,0,0,1604003.83,0,0,1924804.6,0,0,1283203.07,0,0,1604003.83,0,0,1749822.36,0,0,1749822.36,0,0,1203002.88,0,0,1203002.88,0,0,1203002.88,0,0,1203002.88,0,0,1203002.88,0,0,1203002.88,0,0,1480618.92,0,0,1480618.92,0,0,1203002.88,0,0,1203002.88,0,0,1203002.88,0,0,1203002.88,0,0,1203002.88,0,0,1203002.88,0,0,1203002.88,0,0,1203002.88,0,0,1203002.88,0,0,1203002.88,0,0,1203002.88,0,0,1374860.43,0,0,1374860.43,0,0,1203002.88,0,0,1203002.88,0,0,1203002.88,0,0,1203002.88,0,0,1203002.88,0,0,1203002.88,0,0,1203002.88,0,0,1203002.88,0,0,1203002.88,0,0,6416015.34,0,0,1203002.88,0,0,1203002.88,0,0,1203002.88,0,0,1480618.92,0,0,1203002.88,0,0,1480618.92,0,0,1203002.88
0,0,0,2020-09-21,COVCKD,0,0,0,0,0,0,0,0,0,0,0,0,0,0,0,0,0,0,0,0,0,0,0,0,0,0,0,0,0,0,0,0,0,0,0,0,0,0,0,0,0,0,0,0,0,0,0,0,0,0,1203002.88,0,0,1203002.88,0,0,1283203.07,0,0,1480618.92,0,0,1604003.83,0,0,1924804.6,0,0,1283203.07,0,0,1604003.83,0,0,1749822.36,0,0,1749822.36,0,0,1203002.88,0,0,1203002.88,0,0,1203002.88,0,0,1203002.88,0,0,1203002.88,0,0,1203002.88,0,0,1480618.92,0,0,1480618.92,0,0,1203002.88,0,0,1203002.88,0,0,1203002.88,0,0,1203002.88,0,0,1203002.88,0,0,1203002.88,0,0,1203002.88,0,0,1203002.88,0,0,1203002.88,0,0,1203002.88,0,0,1203002.88,0,0,1374860.43,0,0,1374860.43,0,0,1203002.88,0,0,1203002.88,0,0,1203002.88,0,0,1203002.88,0,0,1203002.88,0,0,1203002.88,0,0,1203002.88,0,0,1203002.88,0,0,1203002.88,0,0,6416015.34,0,0,1203002.88,0,0,1203002.88,0,0,1203002.88,0,0,1480618.92,0,0,1203002.88,0,0,1480618.92,0,0,1203002.88
0,0,0,2020-09-28,COVCKD,0,0,0,0,0,0,0,0,0,0,0,0,0,0,0,0,0,0,0,0,0,0,0,0,0,0,0,0,0,0,0,0,0,0,0,0,0,0,0,0,0,0,0,0,0,0,0,0,0,0,1203002.88,0,0,1203002.88,0,0,1283203.07,0,0,1480618.92,0,0,1604003.83,0,0,1924804.6,0,0,1283203.07,0,0,1604003.83,0,0,1749822.36,0,0,1749822.36,0,0,1203002.88,0,0,1203002.88,0,0,1203002.88,0,0,1203002.88,0,0,1203002.88,0,0,1203002.88,0,0,1480618.92,0,0,1480618.92,0,0,1203002.88,0,0,1203002.88,0,0,1203002.88,0,0,1203002.88,0,0,1203002.88,0,0,1203002.88,0,0,1203002.88,0,0,1203002.88,0,0,1203002.88,0,0,1203002.88,0,0,1203002.88,0,0,1374860.43,0,0,1374860.43,0,0,1203002.88,0,0,1203002.88,0,0,1203002.88,0,0,1203002.88,0,0,1203002.88,0,0,1203002.88,0,0,1203002.88,0,0,1203002.88,0,0,1203002.88,0,0,6416015.34,0,0,1203002.88,0,0,1203002.88,0,0,1203002.88,0,0,1480618.92,0,0,1203002.88,0,0,1480618.92,0,0,1203002.88
0,0,0,2020-10-05,COVCKD,0,0,0,0,0,0,0,0,0,0,0,0,0,0,0,0,0,0,0,0,0,0,0,0,0,0,0,0,0,0,0,0,0,0,0,0,0,0,0,0,0,0,0,0,0,0,0,0,0,0,1203002.88,0,0,1203002.88,0,0,1283203.07,0,0,1480618.92,0,0,1604003.83,0,0,1924804.6,0,0,1283203.07,0,0,1604003.83,0,0,1749822.36,0,0,1749822.36,0,0,1203002.88,0,0,1203002.88,0,0,1203002.88,0,0,1203002.88,0,0,1203002.88,0,0,1203002.88,0,0,1480618.92,0,0,1480618.92,0,0,1203002.88,0,0,1203002.88,0,0,1203002.88,0,0,1203002.88,0,0,1203002.88,0,0,1203002.88,0,0,1203002.88,0,0,1203002.88,0,0,1203002.88,0,0,1203002.88,0,0,1203002.88,0,0,1374860.43,0,0,1374860.43,0,0,1203002.88,0,0,1203002.88,0,0,1203002.88,0,0,1203002.88,0,0,1203002.88,0,0,1203002.88,0,0,1203002.88,0,0,1203002.88,0,0,1203002.88,0,0,6416015.34,0,0,1203002.88,0,0,1203002.88,0,0,1203002.88,0,0,1480618.92,0,0,1203002.88,0,0,1480618.92,0,0,1203002.88
0,0,0,2020-10-12,COVCKD,0,0,0,0,0,0,0,0,0,0,0,0,0,0,0,0,0,0,0,0,0,0,0,0,0,0,0,0,0,0,0,0,0,0,0,0,0,0,0,0,0,0,0,0,0,0,0,0,0,0,1203002.88,0,0,1203002.88,0,0,1283203.07,0,0,1480618.92,0,0,1604003.83,0,0,1924804.6,0,0,1283203.07,0,0,1604003.83,0,0,1749822.36,0,0,1749822.36,0,0,1203002.88,0,0,1203002.88,0,0,1203002.88,0,0,1203002.88,0,0,1203002.88,0,0,1203002.88,0,0,1480618.92,0,0,1480618.92,0,0,1203002.88,0,0,1203002.88,0,0,1203002.88,0,0,1203002.88,0,0,1203002.88,0,0,1203002.88,0,0,1203002.88,0,0,1203002.88,0,0,1203002.88,0,0,1203002.88,0,0,1203002.88,0,0,1374860.43,0,0,1374860.43,0,0,1203002.88,0,0,1203002.88,0,0,1203002.88,0,0,1203002.88,0,0,1203002.88,0,0,1203002.88,0,0,1203002.88,0,0,1203002.88,0,0,1203002.88,0,0,6416015.34,0,0,1203002.88,0,0,1203002.88,0,0,1203002.88,0,0,1480618.92,0,0,1203002.88,0,0,1480618.92,0,0,1203002.88
0,0,0,2020-10-19,COVCKD,0,0,0,0,0,0,0,0,0,0,0,0,0,0,0,0,0,0,0,0,0,0,0,0,0,0,0,0,0,0,0,0,0,0,0,0,0,0,0,0,0,0,0,0,0,0,0,0,0,0,1203002.88,0,0,1203002.88,0,0,1283203.07,0,0,1480618.92,0,0,1604003.83,0,0,1924804.6,0,0,1283203.07,0,0,1604003.83,0,0,1749822.36,0,0,1749822.36,0,0,1203002.88,0,0,1203002.88,0,0,1203002.88,0,0,1203002.88,0,0,1203002.88,0,0,1203002.88,0,0,1480618.92,0,0,1480618.92,0,0,1203002.88,0,0,1203002.88,0,0,1203002.88,0,0,1203002.88,0,0,1203002.88,0,0,1203002.88,0,0,1203002.88,0,0,1203002.88,0,0,1203002.88,0,0,1203002.88,0,0,1203002.88,0,0,1374860.43,0,0,1374860.43,0,0,1203002.88,0,0,1203002.88,0,0,1203002.88,0,0,1203002.88,0,0,1203002.88,0,0,1203002.88,0,0,1203002.88,0,0,1203002.88,0,0,1203002.88,0,0,6416015.34,0,0,1203002.88,0,0,1203002.88,0,0,1203002.88,0,0,1480618.92,0,0,1203002.88,0,0,1480618.92,0,0,1203002.88
0,0,0,2020-10-26,COVCKD,0,0,0,0,0,0,0,0,0,0,0,0,0,0,0,0,0,0,0,0,0,0,0,0,0,0,0,0,0,0,0,0,0,0,0,0,0,0,0,0,0,0,0,0,0,0,0,0,0,0,1203002.88,0,0,1203002.88,0,0,1283203.07,0,0,1480618.92,0,0,1604003.83,0,0,1924804.6,0,0,1283203.07,0,0,1604003.83,0,0,1749822.36,0,0,1749822.36,0,0,1203002.88,0,0,1203002.88,0,0,1203002.88,0,0,1203002.88,0,0,1203002.88,0,0,1203002.88,0,0,1480618.92,0,0,1480618.92,0,0,1203002.88,0,0,1203002.88,0,0,1203002.88,0,0,1203002.88,0,0,1203002.88,0,0,1203002.88,0,0,1203002.88,0,0,1203002.88,0,0,1203002.88,0,0,1203002.88,0,0,1203002.88,0,0,1374860.43,0,0,1374860.43,0,0,1203002.88,0,0,1203002.88,0,0,1203002.88,0,0,1203002.88,0,0,1203002.88,0,0,1203002.88,0,0,1203002.88,0,0,1203002.88,0,0,1203002.88,0,0,6416015.34,0,0,1203002.88,0,0,1203002.88,0,0,1203002.88,0,0,1480618.92,0,0,1203002.88,0,0,1480618.92,0,0,1203002.88
0,0,0,2020-11-02,COVCKD,0,0,0,0,0,0,0,0,0,0,0,0,0,0,0,0,0,0,0,0,0,0,0,0,0,0,0,0,0,0,0,0,0,0,0,0,0,0,0,0,0,0,0,0,0,0,0,0,0,0,1203002.88,0,0,1203002.88,0,0,1283203.07,0,0,1480618.92,0,0,1604003.83,0,0,1924804.6,0,0,1283203.07,0,0,1604003.83,0,0,1749822.36,0,0,1749822.36,0,0,1203002.88,0,0,1203002.88,0,0,1203002.88,0,0,1203002.88,0,0,1203002.88,0,0,1203002.88,0,0,1480618.92,0,0,1480618.92,0,0,1203002.88,0,0,1203002.88,0,0,1203002.88,0,0,1203002.88,0,0,1203002.88,0,0,1203002.88,0,0,1203002.88,0,0,1203002.88,0,0,1203002.88,0,0,1203002.88,0,0,1203002.88,0,0,1374860.43,0,0,1374860.43,0,0,1203002.88,0,0,1203002.88,0,0,1203002.88,0,0,1203002.88,0,0,1203002.88,0,0,1203002.88,0,0,1203002.88,0,0,1203002.88,0,0,1203002.88,0,0,6416015.34,0,0,1203002.88,0,0,1203002.88,0,0,1203002.88,0,0,1480618.92,0,0,1203002.88,0,0,1480618.92,0,0,1203002.88
0,0,0,2020-11-09,COVCKD,0,0,0,0,0,0,0,0,0,0,0,0,0,0,0,0,0,0,0,0,0,0,0,0,0,0,0,0,0,0,0,0,0,0,0,0,0,0,0,0,0,0,0,0,0,0,0,0,0,0,1203002.88,0,0,1203002.88,0,0,1283203.07,0,0,1480618.92,0,0,1604003.83,0,0,1924804.6,0,0,1283203.07,0,0,1604003.83,0,0,1749822.36,0,0,1749822.36,0,0,1203002.88,0,0,1203002.88,0,0,1203002.88,0,0,1203002.88,0,0,1203002.88,0,0,1203002.88,0,0,1480618.92,0,0,1480618.92,0,0,1203002.88,0,0,1203002.88,0,0,1203002.88,0,0,1203002.88,0,0,1203002.88,0,0,1203002.88,0,0,1203002.88,0,0,1203002.88,0,0,1203002.88,0,0,1203002.88,0,0,1203002.88,0,0,1374860.43,0,0,1374860.43,0,0,1203002.88,0,0,1203002.88,0,0,1203002.88,0,0,1203002.88,0,0,1203002.88,0,0,1203002.88,0,0,1203002.88,0,0,1203002.88,0,0,1203002.88,0,0,6416015.34,0,0,1203002.88,0,0,1203002.88,0,0,1203002.88,0,0,1480618.92,0,0,1203002.88,0,0,1480618.92,0,0,1203002.88
0,0,0,2020-11-16,COVCKD,0,0,0,0,0,0,0,0,0,0,0,0,0,0,0,0,0,0,0,0,0,0,0,0,0,0,0,0,0,0,0,0,0,0,0,0,0,0,0,0,0,0,0,0,0,0,0,0,0,0,1203002.88,0,0,1203002.88,0,0,1283203.07,0,0,1480618.92,0,0,1604003.83,0,0,1924804.6,0,0,1283203.07,0,0,1604003.83,0,0,1749822.36,0,0,1749822.36,0,0,1203002.88,0,0,1203002.88,0,0,1203002.88,0,0,1203002.88,0,0,1203002.88,0,0,1203002.88,0,0,1480618.92,0,0,1480618.92,0,0,1203002.88,0,0,1203002.88,0,0,1203002.88,0,0,1203002.88,0,0,1203002.88,0,0,1203002.88,0,0,1203002.88,0,0,1203002.88,0,0,1203002.88,0,0,1203002.88,0,0,1203002.88,0,0,1374860.43,0,0,1374860.43,0,0,1203002.88,0,0,1203002.88,0,0,1203002.88,0,0,1203002.88,0,0,1203002.88,0,0,1203002.88,0,0,1203002.88,0,0,1203002.88,0,0,1203002.88,0,0,6416015.34,0,0,1203002.88,0,0,1203002.88,0,0,1203002.88,0,0,1480618.92,0,0,1203002.88,0,0,1480618.92,0,0,1203002.88
0,0,0,2020-11-23,COVCKD,0,0,0,0,0,0,0,0,0,0,0,0,0,0,0,0,0,0,0,0,0,0,0,0,0,0,0,0,0,0,0,0,0,0,0,0,0,0,0,0,0,0,0,0,0,0,0,0,0,0,1203002.88,0,0,1203002.88,0,0,1283203.07,0,0,1480618.92,0,0,1604003.83,0,0,1924804.6,0,0,1283203.07,0,0,1604003.83,0,0,1749822.36,0,0,1749822.36,0,0,1203002.88,0,0,1203002.88,0,0,1203002.88,0,0,1203002.88,0,0,1203002.88,0,0,1203002.88,0,0,1480618.92,0,0,1480618.92,0,0,1203002.88,0,0,1203002.88,0,0,1203002.88,0,0,1203002.88,0,0,1203002.88,0,0,1203002.88,0,0,1203002.88,0,0,1203002.88,0,0,1203002.88,0,0,1203002.88,0,0,1203002.88,0,0,1374860.43,0,0,1374860.43,0,0,1203002.88,0,0,1203002.88,0,0,1203002.88,0,0,1203002.88,0,0,1203002.88,0,0,1203002.88,0,0,1203002.88,0,0,1203002.88,0,0,1203002.88,0,0,6416015.34,0,0,1203002.88,0,0,1203002.88,0,0,1203002.88,0,0,1480618.92,0,0,1203002.88,0,0,1480618.92,0,0,1203002.88
0,0,0,2020-11-30,COVCKD,0,0,0,0,0,0,0,0,0,0,0,0,0,0,0,0,0,0,0,0,0,0,0,0,0,0,0,0,0,0,0,0,0,0,0,0,0,0,0,0,0,0,0,0,0,0,0,0,0,0,1203002.88,0,0,1203002.88,0,0,1283203.07,0,0,1480618.92,0,0,1604003.83,0,0,1924804.6,0,0,1283203.07,0,0,1604003.83,0,0,1749822.36,0,0,1749822.36,0,0,1203002.88,0,0,1203002.88,0,0,1203002.88,0,0,1203002.88,0,0,1203002.88,0,0,1203002.88,0,0,1480618.92,0,0,1480618.92,0,0,1203002.88,0,0,1203002.88,0,0,1203002.88,0,0,1203002.88,0,0,1203002.88,0,0,1203002.88,0,0,1203002.88,0,0,1203002.88,0,0,1203002.88,0,0,1203002.88,0,0,1203002.88,0,0,1374860.43,0,0,1374860.43,0,0,1203002.88,0,0,1203002.88,0,0,1203002.88,0,0,1203002.88,0,0,1203002.88,0,0,1203002.88,0,0,1203002.88,0,0,1203002.88,0,0,1203002.88,0,0,6416015.34,0,0,1203002.88,0,0,1203002.88,0,0,1203002.88,0,0,1480618.92,0,0,1203002.88,0,0,1480618.92,0,0,1203002.88
0,0,0,2020-12-07,COVCKD,0,0,0,0,0,0,0,0,0,0,0,0,0,0,0,0,0,0,0,0,0,0,0,0,0,0,0,0,0,0,0,0,0,0,0,0,0,0,0,0,0,0,0,0,0,0,0,0,0,0,1203002.88,0,0,1203002.88,0,0,1283203.07,0,0,1480618.92,0,0,1604003.83,0,0,1924804.6,0,0,1283203.07,0,0,1604003.83,0,0,1749822.36,0,0,1749822.36,0,0,1203002.88,0,0,1203002.88,0,0,1203002.88,0,0,1203002.88,0,0,1203002.88,0,0,1203002.88,0,0,1480618.92,0,0,1480618.92,0,0,1203002.88,0,0,1203002.88,0,0,1203002.88,0,0,1203002.88,0,0,1203002.88,0,0,1203002.88,0,0,1203002.88,0,0,1203002.88,0,0,1203002.88,0,0,1203002.88,0,0,1203002.88,0,0,1374860.43,0,0,1374860.43,0,0,1203002.88,0,0,1203002.88,0,0,1203002.88,0,0,1203002.88,0,0,1203002.88,0,0,1203002.88,0,0,1203002.88,0,0,1203002.88,0,0,1203002.88,0,0,6416015.34,0,0,1203002.88,0,0,1203002.88,0,0,1203002.88,0,0,1480618.92,0,0,1203002.88,0,0,1480618.92,0,0,1203002.88
0,0,0,2020-12-14,COVCKD,0,0,0,0,0,0,0,0,0,0,0,0,0,0,0,0,0,0,0,0,0,0,0,0,0,0,0,0,0,0,0,0,0,0,0,0,0,0,0,0,0,0,0,0,0,0,0,0,0,0,1203002.88,0,0,1203002.88,0,0,1283203.07,0,0,1480618.92,0,0,1604003.83,0,0,1924804.6,0,0,1283203.07,0,0,1604003.83,0,0,1749822.36,0,0,1749822.36,0,0,1203002.88,0,0,1203002.88,0,0,1203002.88,0,0,1203002.88,0,0,1203002.88,0,0,1203002.88,0,0,1480618.92,0,0,1480618.92,0,0,1203002.88,0,0,1203002.88,0,0,1203002.88,0,0,1203002.88,0,0,1203002.88,0,0,1203002.88,0,0,1203002.88,0,0,1203002.88,0,0,1203002.88,0,0,1203002.88,0,0,1203002.88,0,0,1374860.43,0,0,1374860.43,0,0,1203002.88,0,0,1203002.88,0,0,1203002.88,0,0,1203002.88,0,0,1203002.88,0,0,1203002.88,0,0,1203002.88,0,0,1203002.88,0,0,1203002.88,0,0,6416015.34,0,0,1203002.88,0,0,1203002.88,0,0,1203002.88,0,0,1480618.92,0,0,1203002.88,0,0,1480618.92,0,0,1203002.88
0,0,0,2020-12-21,COVCKD,0,0,0,0,0,0,0,0,0,0,0,0,0,0,0,0,0,0,0,0,0,0,0,0,0,0,0,0,0,0,0,0,0,0,0,0,0,0,0,0,0,0,0,0,0,0,0,0,0,0,1203002.88,0,0,1203002.88,0,0,1283203.07,0,0,1480618.92,0,0,1604003.83,0,0,1924804.6,0,0,1283203.07,0,0,1604003.83,0,0,1749822.36,0,0,1749822.36,0,0,1203002.88,0,0,1203002.88,0,0,1203002.88,0,0,1203002.88,0,0,1203002.88,0,0,1203002.88,0,0,1480618.92,0,0,1480618.92,0,0,1203002.88,0,0,1203002.88,0,0,1203002.88,0,0,1203002.88,0,0,1203002.88,0,0,1203002.88,0,0,1203002.88,0,0,1203002.88,0,0,1203002.88,0,0,1203002.88,0,0,1203002.88,0,0,1374860.43,0,0,1374860.43,0,0,1203002.88,0,0,1203002.88,0,0,1203002.88,0,0,1203002.88,0,0,1203002.88,0,0,1203002.88,0,0,1203002.88,0,0,1203002.88,0,0,1203002.88,0,0,6416015.34,0,0,1203002.88,0,0,1203002.88,0,0,1203002.88,0,0,1480618.92,0,0,1203002.88,0,0,1480618.92,0,0,1203002.88
0,0,0,2020-12-28,COVCKD,0,0,0,0,0,0,0,0,0,0,0,0,0,0,0,0,0,0,0,0,0,0,0,0,0,0,0,0,0,0,0,0,0,0,0,0,0,0,0,0,0,0,0,0,0,0,0,0,0,0,1203002.88,0,0,1203002.88,0,0,1283203.07,0,0,1480618.92,0,0,1604003.83,0,0,1924804.6,0,0,1283203.07,0,0,1604003.83,0,0,1749822.36,0,0,1749822.36,0,0,1203002.88,0,0,1203002.88,0,0,1203002.88,0,0,1203002.88,0,0,1203002.88,0,0,1203002.88,0,0,1480618.92,0,0,1480618.92,0,0,1203002.88,0,0,1203002.88,0,0,1203002.88,0,0,1203002.88,0,0,1203002.88,0,0,1203002.88,0,0,1203002.88,0,0,1203002.88,0,0,1203002.88,0,0,1203002.88,0,0,1203002.88,0,0,1374860.43,0,0,1374860.43,0,0,1203002.88,0,0,1203002.88,0,0,1203002.88,0,0,1203002.88,0,0,1203002.88,0,0,1203002.88,0,0,1203002.88,0,0,1203002.88,0,0,1203002.88,0,0,6416015.34,0,0,1203002.88,0,0,1203002.88,0,0,1203002.88,0,0,1480618.92,0,0,1203002.88,0,0,1480618.92,0,0,1203002.88
0,0,0,2021-01-04,COVCKD,0,0,0,0,0,0,0,0,0,0,0,0,0,0,0,0,0,0,0,0,0,0,0,0,0,0,0,0,0,0,0,0,0,0,0,0,0,0,0,0,0,0,0,0,0,0,0,0,0,0,1203002.88,0,0,1203002.88,0,0,1283203.07,0,0,1480618.92,0,0,1604003.83,0,0,1924804.6,0,0,1283203.07,0,0,1604003.83,0,0,1749822.36,0,0,1749822.36,0,0,1203002.88,0,0,1203002.88,0,0,1203002.88,0,0,1203002.88,0,0,1203002.88,0,0,1203002.88,0,0,1480618.92,0,0,1480618.92,0,0,1203002.88,0,0,1203002.88,0,0,1203002.88,0,0,1203002.88,0,0,1203002.88,0,0,1203002.88,0,0,1203002.88,0,0,1203002.88,0,0,1203002.88,0,0,1203002.88,0,0,1203002.88,0,0,1374860.43,0,0,1374860.43,0,0,1203002.88,0,0,1203002.88,0,0,1203002.88,0,0,1203002.88,0,0,1203002.88,0,0,1203002.88,0,0,1203002.88,0,0,1203002.88,0,0,1203002.88,0,0,6416015.34,0,0,1203002.88,0,0,1203002.88,0,0,1203002.88,0,0,1480618.92,0,0,1203002.88,0,0,1480618.92,0,0,1203002.88
0,0,0,2021-01-11,COVCKD,0,0,0,0,0,0,0,0,0,0,0,0,0,0,0,0,0,0,0,0,0,0,0,0,0,0,0,0,0,0,0,0,0,0,0,0,0,0,0,0,0,0,0,0,0,0,0,0,0,0,1203002.88,0,0,1203002.88,0,0,1283203.07,0,0,1480618.92,0,0,1604003.83,0,0,1924804.6,0,0,1283203.07,0,0,1604003.83,0,0,1749822.36,0,0,1749822.36,0,0,1203002.88,0,0,1203002.88,0,0,1203002.88,0,0,1203002.88,0,0,1203002.88,0,0,1203002.88,0,0,1480618.92,0,0,1480618.92,0,0,1203002.88,0,0,1203002.88,0,0,1203002.88,0,0,1203002.88,0,0,1203002.88,0,0,1203002.88,0,0,1203002.88,0,0,1203002.88,0,0,1203002.88,0,0,1203002.88,0,0,1203002.88,0,0,1374860.43,0,0,1374860.43,0,0,1203002.88,0,0,1203002.88,0,0,1203002.88,0,0,1203002.88,0,0,1203002.88,0,0,1203002.88,0,0,1203002.88,0,0,1203002.88,0,0,1203002.88,0,0,6416015.34,0,0,1203002.88,0,0,1203002.88,0,0,1203002.88,0,0,1480618.92,0,0,1203002.88,0,0,1480618.92,0,0,1203002.88
0,0,0,2021-01-18,COVCKD,0,0,0,0,0,0,0,0,0,0,0,0,0,0,0,0,0,0,0,0,0,0,0,0,0,0,0,0,0,0,0,0,0,0,0,0,0,0,0,0,0,0,0,0,0,0,0,0,0,0,1203002.88,0,0,1203002.88,0,0,1283203.07,0,0,1480618.92,0,0,1604003.83,0,0,1924804.6,0,0,1283203.07,0,0,1604003.83,0,0,1749822.36,0,0,1749822.36,0,0,1203002.88,0,0,1203002.88,0,0,1203002.88,0,0,1203002.88,0,0,1203002.88,0,0,1203002.88,0,0,1480618.92,0,0,1480618.92,0,0,1203002.88,0,0,1203002.88,0,0,1203002.88,0,0,1203002.88,0,0,1203002.88,0,0,1203002.88,0,0,1203002.88,0,0,1203002.88,0,0,1203002.88,0,0,1203002.88,0,0,1203002.88,0,0,1374860.43,0,0,1374860.43,0,0,1203002.88,0,0,1203002.88,0,0,1203002.88,0,0,1203002.88,0,0,1203002.88,0,0,1203002.88,0,0,1203002.88,0,0,1203002.88,0,0,1203002.88,0,0,6416015.34,0,0,1203002.88,0,0,1203002.88,0,0,1203002.88,0,0,1480618.92,0,0,1203002.88,0,0,1480618.92,0,0,1203002.88
0,0,0,2021-01-25,COVCKD,0,0,0,0,0,0,0,0,0,0,0,0,0,0,0,0,0,0,0,0,0,0,0,0,0,0,0,0,0,0,0,0,0,0,0,0,0,2,0,0,0,0,0,0,0,0,0,0,0,0,1203002.88,0,0,1203002.88,0,0,1283203.07,0,0,1480618.92,0,0,1604003.83,0,0,1924804.6,0,0,1283203.07,0,0,1604003.83,0,0,1749822.36,0,0,1749822.36,0,0,1203002.88,0,0,1203002.88,0,0,1203002.88,0,0,1203002.88,0,0,1203002.88,0,0,1203002.88,0,0,1480618.92,0,0,1480618.92,0,0,1203002.88,0,0,1203002.88,0,0,1203002.88,0,0,1203002.88,0,0,1203002.88,0,0,1203002.88,0,0,1203002.88,0,0,1203002.88,0,0,1203002.88,0,0,1203002.88,0,0,1203002.88,0,0,1374860.43,0,0,1374860.43,0,0,1203002.88,0,0,1203002.88,0,0,1203002.88,0,0,1203002.88,0,0,1203002.88,0,0,1203002.88,0,0,1203002.88,0,0,1203002.88,0,0,1203002.88,5217857.14,631906.71,18848694.08,0,0,1203002.88,0,0,1203002.88,0,0,1203002.88,0,0,1480618.92,0,0,1203002.88,0,0,1480618.92,0,0,1203002.88
0,0,0,2021-02-01,COVCKD,0,0,0,0,0,0,0,0,0,0,0,0,0,0,0,0,0,0,0,0,0,0,0,0,0,0,0,0,0,0,0,0,0,0,0,0,0,0,0,0,0,0,0,0,0,0,0,0,0,0,1283203.07,0,0,1283203.07,0,0,1320944.33,0,0,1480618.92,0,0,1749822.36,0,0,2041459.43,0,0,1374860.43,0,0,1663411.38,0,0,1845703.04,0,0,1845703.04,0,0,1283203.07,0,0,1283203.07,0,0,1283203.07,0,0,1283203.07,0,0,1283203.07,0,0,1283203.07,0,0,1531094.57,0,0,1531094.57,0,0,1283203.07,0,0,1283203.07,0,0,1283203.07,0,0,1283203.07,0,0,1283203.07,0,0,1283203.07,0,0,1283203.07,0,0,1283203.07,0,0,1283203.07,0,0,1283203.07,0,0,1283203.07,0,0,1433365.13,0,0,1433365.13,0,0,1283203.07,0,0,1283203.07,0,0,1283203.07,0,0,1283203.07,0,0,1283203.07,0,0,1283203.07,0,0,1283203.07,0,0,1283203.07,0,0,1283203.07,0,0,19248046.01,0,0,1283203.07,0,0,1283203.07,0,0,1283203.07,0,0,1548693.36,0,0,1283203.07,0,0,1548693.36,0,0,1283203.07
0,0,0,2021-02-08,COVCKD,0,0,0,0,0,0,0,0,0,0,0,0,0,0,0,0,0,0,0,0,0,0,0,0,0,0,0,0,0,0,0,0,0,0,0,0,0,0,0,0,0,0,0,0,0,0,0,0,0,0,1374860.43,0,0,1374860.43,0,0,1374860.43,0,0,1480618.92,0,0,1924804.6,0,0,2138671.78,0,0,1480618.92,0,0,1749822.36,0,0,1924804.6,0,0,1924804.6,0,0,1374860.43,0,0,1374860.43,0,0,1374860.43,0,0,1374860.43,0,0,1374860.43,0,0,1374860.43,0,0,1604003.83,0,0,1604003.83,0,0,1374860.43,0,0,1374860.43,0,0,1374860.43,0,0,1374860.43,0,0,1374860.43,0,0,1374860.43,0,0,1374860.43,0,0,1374860.43,0,0,1374860.43,0,0,1374860.43,0,0,1374860.43,0,0,1480618.92,0,0,1480618.92,0,0,1374860.43,0,0,1374860.43,0,0,1374860.43,0,0,1374860.43,0,0,1374860.43,0,0,1374860.43,0,0,1374860.43,0,0,1374860.43,0,0,1374860.43,0,0,19248046.01,0,0,1374860.43,0,0,1374860.43,0,0,1374860.43,0,0,1604003.83,0,0,1374860.43,0,0,1604003.83,0,0,1374860.43
0,0,0,2021-02-15,COVCKD,0,0,0,0,0,0,0,0,0,0,0,0,0,0,0,0,0,0,0,0,0,0,0,0,0,0,0,0,0,0,0,0,0,0,0,0,0,0,0,0,0,0,0,0,0,0,0,0,0,0,1374860.43,0,0,1374860.43,0,0,1374860.43,0,0,1480618.92,0,0,1924804.6,0,0,2138671.78,0,0,1480618.92,0,0,1749822.36,0,0,1924804.6,0,0,1924804.6,0,0,1374860.43,0,0,1374860.43,0,0,1374860.43,0,0,1374860.43,0,0,1374860.43,0,0,1374860.43,0,0,1604003.83,0,0,1604003.83,0,0,1374860.43,0,0,1374860.43,0,0,1374860.43,0,0,1374860.43,0,0,1374860.43,0,0,1374860.43,0,0,1374860.43,0,0,1374860.43,0,0,1374860.43,0,0,1374860.43,0,0,1374860.43,0,0,1480618.92,0,0,1480618.92,0,0,1374860.43,0,0,1374860.43,0,0,1374860.43,0,0,1374860.43,0,0,1374860.43,0,0,1374860.43,0,0,1374860.43,0,0,1374860.43,0,0,1374860.43,0,0,19248046.01,0,0,1374860.43,0,0,1374860.43,0,0,1374860.43,0,0,1604003.83,0,0,1374860.43,0,0,1604003.83,0,0,1374860.43
0,0,0,2021-02-22,COVCKD,0,0,0,0,1,1,0,0,0,0,0,0,0,0,0,0,0,0,0,0,0,0,0,0,0,0,0,0,0,0,0,0,0,0,0,0,0,0,0,0,0,0,0,0,0,0,0,0,0,0,1374860.43,0,0,1374860.43,0,0,1374860.43,0,0,1480618.92,529347.83,13401.93,2949337.32,589112.9,14915.05,3282327.01,0,0,1480618.92,0,0,1749822.36,0,0,1924804.6,0,0,1924804.6,0,0,1374860.43,0,0,1374860.43,0,0,1374860.43,0,0,1374860.43,0,0,1374860.43,0,0,1374860.43,0,0,1604003.83,0,0,1604003.83,0,0,1374860.43,0,0,1374860.43,0,0,1374860.43,0,0,1374860.43,0,0,1374860.43,0,0,1374860.43,0,0,1374860.43,0,0,1374860.43,0,0,1374860.43,0,0,1374860.43,0,0,1374860.43,0,0,1480618.92,0,0,1480618.92,0,0,1374860.43,0,0,1374860.43,0,0,1374860.43,0,0,1374860.43,0,0,1374860.43,0,0,1374860.43,0,0,1374860.43,0,0,1374860.43,0,0,1374860.43,0,0,19248046.01,0,0,1374860.43,0,0,1374860.43,0,0,1374860.43,0,0,1604003.83,0,0,1374860.43,0,0,1604003.83,0,0,1374860.43
0,0,0,2021-03-01,COVCKD,0,0,0,0,0,0,0,0,0,0,0,0,0,0,0,0,0,0,0,0,0,0,0,0,0,0,0,0,0,0,0,0,0,0,0,0,0,0,0,0,0,0,0,0,0,0,0,0,0,0,1374860.43,0,0,1374860.43,0,0,1374860.43,0,0,1480618.92,0,0,2138671.78,0,0,2406005.75,0,0,1480618.92,0,0,1749822.36,0,0,1924804.6,0,0,1924804.6,0,0,1374860.43,0,0,1374860.43,0,0,1374860.43,0,0,1374860.43,0,0,1374860.43,0,0,1374860.43,0,0,1604003.83,0,0,1604003.83,0,0,1374860.43,0,0,1374860.43,0,0,1374860.43,0,0,1374860.43,0,0,1374860.43,0,0,1374860.43,0,0,1374860.43,0,0,1374860.43,0,0,1374860.43,0,0,1374860.43,0,0,1374860.43,0,0,1480618.92,0,0,1480618.92,0,0,1374860.43,0,0,1374860.43,0,0,1374860.43,0,0,1374860.43,0,0,1374860.43,0,0,1374860.43,0,0,1374860.43,0,0,1374860.43,0,0,1374860.43,0,0,19248046.01,0,0,1374860.43,0,0,1374860.43,0,0,1374860.43,0,0,1604003.83,0,0,1374860.43,0,0,1604003.83,0,0,1374860.43
0,0,0,2021-03-08,COVCKD,0,0,0,0,0,0,0,0,0,0,0,0,0,0,0,0,0,0,0,0,0,0,0,0,0,0,0,0,0,0,0,0,0,0,0,0,0,0,0,0,0,0,0,0,0,0,0,0,0,0,1418277.07,0,0,1418277.07,0,0,1418277.07,0,0,1531094.57,0,0,2208792.16,0,0,2495117.08,0,0,1513891.26,0,0,1749822.36,0,0,1952700.32,0,0,1952700.32,0,0,1418277.07,0,0,1418277.07,0,0,1418277.07,0,0,1418277.07,0,0,1418277.07,0,0,1418277.07,0,0,1663411.38,0,0,1663411.38,0,0,1418277.07,0,0,1418277.07,0,0,1418277.07,0,0,1418277.07,0,0,1418277.07,0,0,1418277.07,0,0,1418277.07,0,0,1418277.07,0,0,1418277.07,0,0,1418277.07,0,0,1418277.07,0,0,1531094.57,0,0,1531094.57,0,0,1418277.07,0,0,1418277.07,0,0,1418277.07,0,0,1418277.07,0,0,1418277.07,0,0,1418277.07,0,0,1418277.07,0,0,1418277.07,0,0,1418277.07,0,0,19248046.01,0,0,1418277.07,0,0,1418277.07,0,0,1418277.07,0,0,1643125.88,0,0,1418277.07,0,0,1643125.88,0,0,1418277.07
0,0,0,2021-03-15,COVCKD,0,0,0,0,0,0,0,0,0,0,0,0,0,0,0,0,0,0,0,0,0,0,0,0,0,0,0,0,0,0,0,0,0,0,0,0,0,0,0,0,0,0,0,0,0,0,0,0,0,0,1684204.03,0,0,1684204.03,0,0,1684204.03,0,0,1845703.04,0,0,2406005.75,0,0,2749720.86,0,0,1684204.03,0,0,1845703.04,0,0,2283666.48,0,0,2283666.48,0,0,1684204.03,0,0,1684204.03,0,0,1684204.03,0,0,1684204.03,0,0,1684204.03,0,0,1684204.03,0,0,1924804.6,0,0,1924804.6,0,0,1684204.03,0,0,1684204.03,0,0,1684204.03,0,0,1684204.03,0,0,1684204.03,0,0,1684204.03,0,0,1684204.03,0,0,1684204.03,0,0,1684204.03,0,0,1684204.03,0,0,1684204.03,0,0,1845703.04,0,0,1845703.04,0,0,1684204.03,0,0,1684204.03,0,0,1684204.03,0,0,1684204.03,0,0,1684204.03,0,0,1684204.03,0,0,1684204.03,0,0,1684204.03,0,0,1684204.03,0,0,19248046.01,0,0,1684204.03,0,0,1684204.03,0,0,1684204.03,0,0,1845703.04,0,0,1684204.03,0,0,1845703.04,0,0,1684204.03
0,0,0,2021-03-22,COVCKD,0,0,0,0,0,0,0,0,0,0,0,0,0,0,0,0,0,0,0,0,0,0,0,0,0,0,0,0,0,0,0,0,0,0,0,0,0,0,0,0,0,0,0,0,0,0,0,0,0,0,1749822.36,0,0,1749822.36,0,0,1749822.36,0,0,1924804.6,0,0,2406005.75,0,0,2749720.86,0,0,1749822.36,0,0,1924804.6,0,0,2406005.75,0,0,2406005.75,0,0,1749822.36,0,0,1749822.36,0,0,1749822.36,0,0,1749822.36,0,0,1749822.36,0,0,1749822.36,0,0,1924804.6,0,0,1924804.6,0,0,1749822.36,0,0,1749822.36,0,0,1749822.36,0,0,1749822.36,0,0,1749822.36,0,0,1749822.36,0,0,1749822.36,0,0,1749822.36,0,0,1749822.36,0,0,1749822.36,0,0,1749822.36,0,0,1924804.6,0,0,1924804.6,0,0,1749822.36,0,0,1749822.36,0,0,1749822.36,0,0,1749822.36,0,0,1749822.36,0,0,1749822.36,0,0,1749822.36,0,0,1749822.36,0,0,1749822.36,0,0,19248046.01,0,0,1749822.36,0,0,1749822.36,0,0,1749822.36,0,0,1924804.6,0,0,1749822.36,0,0,1924804.6,0,0,1749822.36
0,0,0,2021-03-29,COVCKD,0,0,0,0,0,0,0,0,0,0,0,0,0,0,0,0,0,0,0,0,0,0,0,0,0,0,0,0,0,0,0,0,0,0,0,0,0,0,0,0,0,0,0,0,0,0,0,0,0,0,2010989.88,0,0,2010989.88,0,0,2010989.88,0,0,2245605.37,0,0,2694726.44,0,0,3133402.84,0,0,2010989.88,0,0,2245605.37,0,0,2694726.44,0,0,2694726.44,0,0,2010989.88,0,0,2010989.88,0,0,2010989.88,0,0,2010989.88,0,0,2010989.88,0,0,2010989.88,0,0,2245605.37,0,0,2245605.37,0,0,2010989.88,0,0,2010989.88,0,0,2010989.88,0,0,2010989.88,0,0,2010989.88,0,0,2010989.88,0,0,2010989.88,0,0,2010989.88,0,0,2010989.88,0,0,2010989.88,0,0,2010989.88,0,0,2245605.37,0,0,2245605.37,0,0,2010989.88,0,0,2010989.88,0,0,2010989.88,0,0,2010989.88,0,0,2010989.88,0,0,2010989.88,0,0,2010989.88,0,0,2010989.88,0,0,2010989.88,0,0,44912107.35,0,0,2010989.88,0,0,2010989.88,0,0,2010989.88,0,0,2245605.37,0,0,2010989.88,0,0,2245605.37,0,0,2010989.88
0,0,0,2021-04-05,COVCKD,0,0,0,0,0,0,0,0,0,0,0,0,0,0,0,0,0,0,0,0,0,0,0,0,0,0,0,0,0,0,0,0,0,0,0,0,0,0,0,0,0,0,0,0,0,0,0,0,0,0,2406005.75,0,0,2406005.75,0,0,2406005.75,0,0,2591083.12,0,0,3208007.67,0,0,3849609.2,0,0,2406005.75,0,0,2591083.12,0,0,3208007.67,0,0,3208007.67,0,0,2406005.75,0,0,2406005.75,0,0,2406005.75,0,0,2406005.75,0,0,2406005.75,0,0,2406005.75,0,0,2749720.86,0,0,2749720.86,0,0,2406005.75,0,0,2406005.75,0,0,2406005.75,0,0,2406005.75,0,0,2406005.75,0,0,2406005.75,0,0,2406005.75,0,0,2406005.75,0,0,2406005.75,0,0,2406005.75,0,0,2406005.75,0,0,2591083.12,0,0,2591083.12,0,0,2406005.75,0,0,2406005.75,0,0,2406005.75,0,0,2406005.75,0,0,2406005.75,0,0,2406005.75,0,0,2406005.75,0,0,2406005.75,0,0,2406005.75,,,0,0,0,2406005.75,0,0,2406005.75,0,0,2406005.75,0,0,2591083.12,0,0,2406005.75,0,0,2591083.12,0,0,2406005.75
0,0,0,2021-04-12,COVCKD,0,0,0,0,0,0,0,0,0,0,0,0,0,0,0,0,0,0,0,0,0,0,0,0,0,0,0,0,0,0,0,0,0,0,0,0,0,0,0,0,0,0,0,0,0,0,0,0,0,0,3133402.84,0,0,3133402.84,0,0,3133402.84,0,0,3133402.84,0,0,4646080.07,0,0,5614013.42,0,0,3133402.84,0,0,3133402.84,0,0,4646080.07,0,0,4646080.07,0,0,3133402.84,0,0,3133402.84,0,0,3133402.84,0,0,3133402.84,0,0,3133402.84,0,0,3133402.84,0,0,3742675.61,0,0,3742675.61,0,0,3133402.84,0,0,3133402.84,0,0,3133402.84,0,0,3133402.84,0,0,3133402.84,0,0,3133402.84,0,0,3133402.84,0,0,3133402.84,0,0,3133402.84,0,0,3133402.84,0,0,3133402.84,0,0,3133402.84,0,0,3133402.84,0,0,3133402.84,0,0,3133402.84,0,0,3133402.84,0,0,3133402.84,0,0,3133402.84,0,0,3133402.84,0,0,3133402.84,0,0,3133402.84,0,0,3133402.84,,,0,0,0,3133402.84,0,0,3133402.84,0,0,3133402.84,0,0,3133402.84,0,0,3133402.84,0,0,3133402.84,0,0,3133402.84
0,0,0,2021-04-19,COVCKD,0,0,0,0,0,0,0,0,0,0,0,0,0,0,0,0,0,0,0,0,0,0,0,0,0,0,0,0,0,0,0,0,0,0,0,0,0,0,0,0,0,0,0,0,0,0,0,0,0,0,3849609.2,0,0,3849609.2,0,0,3849609.2,0,0,3849609.2,0,0,6416015.34,0,0,6416015.34,0,0,3849609.2,0,0,3849609.2,0,0,6416015.34,0,0,6416015.34,0,0,3849609.2,0,0,3849609.2,0,0,3849609.2,0,0,3849609.2,0,0,3849609.2,0,0,3849609.2,0,0,4812011.5,0,0,4812011.5,0,0,3849609.2,0,0,3849609.2,0,0,3849609.2,0,0,3849609.2,0,0,3849609.2,0,0,3849609.2,0,0,3849609.2,0,0,3849609.2,0,0,3849609.2,0,0,3849609.2,0,0,3849609.2,0,0,3849609.2,0,0,3849609.2,0,0,3849609.2,0,0,3849609.2,0,0,3849609.2,0,0,3849609.2,0,0,3849609.2,0,0,3849609.2,0,0,3849609.2,0,0,3849609.2,0,0,3849609.2,,,0,0,0,3849609.2,0,0,3849609.2,0,0,3849609.2,0,0,3849609.2,0,0,3849609.2,0,0,3849609.2,0,0,3849609.2
0,0,0,2021-04-26,COVCKD,0,0,0,0,0,0,0,0,0,0,0,0,0,0,0,0,0,0,0,0,0,0,0,0,0,0,0,0,0,0,0,0,0,0,0,0,0,0,0,0,0,0,0,0,0,0,0,0,0,0,4491210.74,0,0,4491210.74,0,0,4491210.74,0,0,4491210.74,0,0,8421020.13,0,0,8421020.13,0,0,4491210.74,0,0,4491210.74,0,0,8421020.13,0,0,8421020.13,0,0,4491210.74,0,0,4491210.74,0,0,4491210.74,0,0,4491210.74,0,0,4491210.74,0,0,4491210.74,0,0,5858100.96,0,0,5858100.96,0,0,4491210.74,0,0,4491210.74,0,0,4491210.74,0,0,4491210.74,0,0,4491210.74,0,0,4491210.74,0,0,4491210.74,0,0,4491210.74,0,0,4491210.74,0,0,4491210.74,0,0,4491210.74,0,0,4491210.74,0,0,4491210.74,0,0,4491210.74,0,0,4491210.74,0,0,4491210.74,0,0,4491210.74,0,0,4491210.74,0,0,4491210.74,0,0,4491210.74,0,0,4491210.74,0,0,4491210.74,,,0,0,0,4491210.74,0,0,4491210.74,0,0,4491210.74,0,0,4491210.74,0,0,4491210.74,0,0,4491210.74,0,0,4491210.74
0,0,0,2021-05-03,COVCKD,0,0,0,0,0,0,0,0,0,0,0,0,0,0,0,0,0,0,0,0,0,0,0,0,0,0,0,0,0,0,0,0,0,0,0,0,0,0,0,0,0,0,0,0,0,0,0,0,0,0,4812011.5,0,0,4812011.5,0,0,4812011.5,0,0,4812011.5,0,0,9624023,0,0,9624023,0,0,4812011.5,0,0,4812011.5,0,0,9624023,0,0,9624023,0,0,4812011.5,0,0,4812011.5,0,0,4812011.5,0,0,4812011.5,0,0,4812011.5,0,0,4812011.5,0,0,6416015.34,0,0,6416015.34,0,0,4812011.5,0,0,4812011.5,0,0,4812011.5,0,0,4812011.5,0,0,4812011.5,0,0,4812011.5,0,0,4812011.5,0,0,4812011.5,0,0,4812011.5,0,0,4812011.5,0,0,4812011.5,0,0,4812011.5,0,0,4812011.5,0,0,4812011.5,0,0,4812011.5,0,0,4812011.5,0,0,4812011.5,0,0,4812011.5,0,0,4812011.5,0,0,4812011.5,0,0,4812011.5,0,0,4812011.5,,,0,0,0,4812011.5,0,0,4812011.5,0,0,4812011.5,0,0,4812011.5,0,0,4812011.5,0,0,4812011.5,0,0,4812011.5
0,0,0,2021-05-10,COVCKD,0,0,0,0,0,0,0,0,0,0,0,0,0,0,0,0,0,0,0,0,0,0,0,0,0,0,0,0,0,0,0,0,0,0,0,0,0,0,0,0,0,0,0,0,0,0,0,0,0,0,5389452.88,0,0,5389452.88,0,0,5389452.88,0,0,5389452.88,0,0,9624023,0,0,9624023,0,0,5389452.88,0,0,5389452.88,0,0,9624023,0,0,9624023,0,0,5389452.88,0,0,5389452.88,0,0,5389452.88,0,0,5389452.88,0,0,5389452.88,0,0,5389452.88,0,0,7485351.23,0,0,7485351.23,0,0,5389452.88,0,0,5389452.88,0,0,5389452.88,0,0,5389452.88,0,0,5389452.88,0,0,5389452.88,0,0,5389452.88,0,0,5389452.88,0,0,5389452.88,0,0,5389452.88,0,0,5389452.88,0,0,5389452.88,0,0,5389452.88,0,0,5389452.88,0,0,5389452.88,0,0,5389452.88,0,0,5389452.88,0,0,5389452.88,0,0,5389452.88,0,0,5389452.88,0,0,5389452.88,0,0,5389452.88,,,0,0,0,5389452.88,0,0,5389452.88,0,0,5389452.88,0,0,5389452.88,0,0,5389452.88,0,0,5389452.88,0,0,5389452.88
0,0,0,2021-05-17,COVCKD,0,0,0,0,0,0,0,0,0,0,0,0,0,0,0,0,0,0,0,0,0,0,0,0,0,0,0,0,0,0,0,0,0,0,0,0,0,0,0,0,0,0,0,0,0,0,0,0,0,0,6416015.34,0,0,6416015.34,0,0,6416015.34,0,0,6416015.34,0,0,9624023,0,0,9624023,0,0,6416015.34,0,0,6416015.34,0,0,9624023,0,0,9624023,0,0,6416015.34,0,0,6416015.34,0,0,6416015.34,0,0,6416015.34,0,0,6416015.34,0,0,6416015.34,0,0,9624023,0,0,9624023,0,0,6416015.34,0,0,6416015.34,0,0,6416015.34,0,0,6416015.34,0,0,6416015.34,0,0,6416015.34,0,0,6416015.34,0,0,6416015.34,0,0,6416015.34,0,0,6416015.34,0,0,6416015.34,0,0,6416015.34,0,0,6416015.34,0,0,6416015.34,0,0,6416015.34,0,0,6416015.34,0,0,6416015.34,0,0,6416015.34,0,0,6416015.34,0,0,6416015.34,0,0,6416015.34,0,0,6416015.34,,,0,0,0,6416015.34,0,0,6416015.34,0,0,6416015.34,0,0,6416015.34,0,0,6416015.34,0,0,6416015.34,0,0,6416015.34
0,0,0,2021-05-24,COVCKD,0,0,0,0,0,0,0,0,0,0,0,0,0,0,0,0,0,0,0,0,0,0,0,0,0,0,0,0,0,0,0,0,0,0,0,0,0,0,0,0,0,0,0,0,0,0,0,0,0,0,6416015.34,0,0,6416015.34,0,0,6416015.34,0,0,6416015.34,0,0,9624023,0,0,9624023,0,0,6416015.34,0,0,6416015.34,0,0,9624023,0,0,9624023,0,0,6416015.34,0,0,6416015.34,0,0,6416015.34,0,0,6416015.34,0,0,6416015.34,0,0,6416015.34,0,0,9624023,0,0,9624023,0,0,6416015.34,0,0,6416015.34,0,0,6416015.34,0,0,6416015.34,0,0,6416015.34,0,0,6416015.34,0,0,6416015.34,0,0,6416015.34,0,0,6416015.34,0,0,6416015.34,0,0,6416015.34,0,0,6416015.34,0,0,6416015.34,0,0,6416015.34,0,0,6416015.34,0,0,6416015.34,0,0,6416015.34,0,0,6416015.34,0,0,6416015.34,0,0,6416015.34,0,0,6416015.34,0,0,6416015.34,,,0,0,0,6416015.34,0,0,6416015.34,0,0,6416015.34,0,0,6416015.34,0,0,6416015.34,0,0,6416015.34,0,0,6416015.34
0,0,0,2021-05-31,COVCKD,0,0,0,0,1,1,0,0,0,0,0,0,0,0,0,0,1,1,0,0,0,0,0,0,0,0,0,0,0,0,0,0,0,0,0,0,0,0,0,0,0,0,0,0,0,0,0,0,0,0,6416015.34,0,0,6416015.34,0,0,6416015.34,0,0,6416015.34,3043750,77061.08,16958689.57,3043750,77061.08,16958689.57,0,0,6416015.34,0,0,6416015.34,0,0,9624023,0,0,9624023,0,0,6416015.34,0,0,6416015.34,0,0,6416015.34,0,0,6416015.34,0,0,6416015.34,0,0,6416015.34,3043750,77061.08,16958689.57,3043750,77061.08,16958689.57,0,0,6416015.34,0,0,6416015.34,0,0,6416015.34,0,0,6416015.34,0,0,6416015.34,0,0,6416015.34,0,0,6416015.34,0,0,6416015.34,0,0,6416015.34,0,0,6416015.34,0,0,6416015.34,0,0,6416015.34,0,0,6416015.34,0,0,6416015.34,0,0,6416015.34,0,0,6416015.34,0,0,6416015.34,0,0,6416015.34,0,0,6416015.34,0,0,6416015.34,0,0,6416015.34,0,0,6416015.34,,,0,0,0,6416015.34,0,0,6416015.34,0,0,6416015.34,0,0,6416015.34,0,0,6416015.34,0,0,6416015.34,0,0,6416015.34
0,0,0,2021-06-07,COVCKD,0,0,0,0,0,0,0,0,0,0,0,0,0,0,0,0,0,0,0,0,0,0,0,0,0,0,0,0,0,0,0,0,0,0,0,0,0,0,0,0,0,0,0,0,0,0,0,0,0,0,6416015.34,0,0,6416015.34,0,0,6416015.34,0,0,6416015.34,0,0,19248046.01,0,0,19248046.01,0,0,6416015.34,0,0,6416015.34,0,0,9624023,0,0,9624023,0,0,6416015.34,0,0,6416015.34,0,0,6416015.34,0,0,6416015.34,0,0,6416015.34,0,0,6416015.34,0,0,19248046.01,0,0,19248046.01,0,0,6416015.34,0,0,6416015.34,0,0,6416015.34,0,0,6416015.34,0,0,6416015.34,0,0,6416015.34,0,0,6416015.34,0,0,6416015.34,0,0,6416015.34,0,0,6416015.34,0,0,6416015.34,0,0,6416015.34,0,0,6416015.34,0,0,6416015.34,0,0,6416015.34,0,0,6416015.34,0,0,6416015.34,0,0,6416015.34,0,0,6416015.34,0,0,6416015.34,0,0,6416015.34,0,0,6416015.34,,,0,0,0,6416015.34,0,0,6416015.34,0,0,6416015.34,0,0,6416015.34,0,0,6416015.34,0,0,6416015.34,0,0,6416015.34
0,0,0,2021-06-14,COVCKD,0,0,0,0,0,0,0,0,0,0,0,0,0,0,0,0,0,0,0,0,0,0,0,0,0,0,0,0,0,0,0,0,0,0,0,0,0,0,0,0,0,0,0,0,0,0,0,0,0,0,6416015.34,0,0,6416015.34,0,0,6416015.34,0,0,6416015.34,0,0,19248046.01,0,0,19248046.01,0,0,6416015.34,0,0,6416015.34,0,0,9624023,0,0,9624023,0,0,6416015.34,0,0,6416015.34,0,0,6416015.34,0,0,6416015.34,0,0,6416015.34,0,0,6416015.34,0,0,19248046.01,0,0,19248046.01,0,0,6416015.34,0,0,6416015.34,0,0,6416015.34,0,0,6416015.34,0,0,6416015.34,0,0,6416015.34,0,0,6416015.34,0,0,6416015.34,0,0,6416015.34,0,0,6416015.34,0,0,6416015.34,0,0,6416015.34,0,0,6416015.34,0,0,6416015.34,0,0,6416015.34,0,0,6416015.34,0,0,6416015.34,0,0,6416015.34,0,0,6416015.34,0,0,6416015.34,0,0,6416015.34,0,0,6416015.34,,,0,0,0,6416015.34,0,0,6416015.34,0,0,6416015.34,0,0,6416015.34,0,0,6416015.34,0,0,6416015.34,0,0,6416015.34
0,0,0,2021-06-21,COVCKD,0,0,0,0,0,0,0,0,0,0,0,0,0,0,0,0,0,0,0,0,0,0,0,0,0,0,0,0,0,0,0,0,0,0,0,0,0,0,0,0,0,0,0,0,0,0,0,0,0,0,6416015.34,0,0,6416015.34,0,0,6416015.34,0,0,6416015.34,0,0,19248046.01,0,0,19248046.01,0,0,6416015.34,0,0,6416015.34,0,0,9624023,0,0,9624023,0,0,6416015.34,0,0,6416015.34,0,0,6416015.34,0,0,6416015.34,0,0,6416015.34,0,0,6416015.34,0,0,19248046.01,0,0,19248046.01,0,0,6416015.34,0,0,6416015.34,0,0,6416015.34,0,0,6416015.34,0,0,6416015.34,0,0,6416015.34,0,0,6416015.34,0,0,6416015.34,0,0,6416015.34,0,0,6416015.34,0,0,6416015.34,0,0,6416015.34,0,0,6416015.34,0,0,6416015.34,0,0,6416015.34,0,0,6416015.34,0,0,6416015.34,0,0,6416015.34,0,0,6416015.34,0,0,6416015.34,0,0,6416015.34,0,0,6416015.34,,,0,0,0,6416015.34,0,0,6416015.34,0,0,6416015.34,0,0,6416015.34,0,0,6416015.34,0,0,6416015.34,0,0,6416015.34
0,0,0,2021-06-28,COVCKD,0,0,0,0,0,0,0,0,0,0,0,0,0,0,0,0,0,0,0,0,0,0,0,0,0,0,0,0,0,0,0,0,0,0,0,0,0,0,0,0,0,0,0,0,0,0,0,0,0,0,14970702.45,0,0,14970702.45,0,0,14970702.45,0,0,14970702.45,0,0,44912107.35,0,0,44912107.35,0,0,14970702.45,0,0,14970702.45,0,0,22456053.68,0,0,22456053.68,0,0,14970702.45,0,0,14970702.45,0,0,14970702.45,0,0,14970702.45,0,0,14970702.45,0,0,14970702.45,0,0,44912107.35,0,0,44912107.35,0,0,14970702.45,0,0,14970702.45,0,0,14970702.45,0,0,14970702.45,0,0,14970702.45,0,0,14970702.45,0,0,14970702.45,0,0,14970702.45,0,0,14970702.45,0,0,14970702.45,0,0,14970702.45,0,0,14970702.45,0,0,14970702.45,0,0,14970702.45,0,0,14970702.45,0,0,14970702.45,0,0,14970702.45,0,0,14970702.45,0,0,14970702.45,0,0,14970702.45,0,0,14970702.45,0,0,14970702.45,,,0,0,0,14970702.45,0,0,14970702.45,0,0,14970702.45,0,0,14970702.45,0,0,14970702.45,0,0,14970702.45,0,0,14970702.45
0,1,AstraZeneca,2021-04-05,COVCKD,0,0,0,0,0,0,0,0,0,0,0,0,0,0,0,0,0,0,0,0,0,0,0,0,0,0,0,0,0,0,0,0,0,0,0,0,0,0,0,0,0,0,0,0,0,0,0,0,0,0,33684080.52,0,0,33684080.52,0,0,33684080.52,0,0,33684080.52,0,0,33684080.52,0,0,33684080.52,0,0,33684080.52,0,0,33684080.52,0,0,33684080.52,0,0,33684080.52,0,0,33684080.52,0,0,33684080.52,0,0,33684080.52,0,0,33684080.52,0,0,33684080.52,0,0,33684080.52,0,0,33684080.52,0,0,33684080.52,0,0,33684080.52,0,0,33684080.52,0,0,33684080.52,0,0,33684080.52,0,0,33684080.52,0,0,33684080.52,0,0,33684080.52,0,0,33684080.52,0,0,33684080.52,0,0,33684080.52,0,0,33684080.52,0,0,33684080.52,0,0,33684080.52,0,0,33684080.52,0,0,33684080.52,0,0,33684080.52,0,0,33684080.52,0,0,33684080.52,0,0,33684080.52,0,0,33684080.52,0,0,33684080.52,0,0,33684080.52,,,0,0,0,33684080.52,0,0,33684080.52,0,0,33684080.52,0,0,33684080.52,0,0,33684080.52,0,0,33684080.52,0,0,33684080.52
0,1,AstraZeneca,2021-04-12,COVCKD,0,0,0,0,0,0,0,0,0,0,0,0,0,0,0,0,0,0,0,0,0,0,0,0,0,0,0,0,0,0,0,0,0,0,0,0,0,0,0,0,0,0,0,0,0,0,0,0,0,0,19248046.01,0,0,19248046.01,0,0,19248046.01,0,0,19248046.01,0,0,19248046.01,0,0,19248046.01,0,0,19248046.01,0,0,19248046.01,0,0,19248046.01,0,0,19248046.01,0,0,19248046.01,0,0,19248046.01,0,0,19248046.01,0,0,19248046.01,0,0,19248046.01,0,0,19248046.01,0,0,19248046.01,0,0,19248046.01,0,0,19248046.01,0,0,19248046.01,0,0,19248046.01,0,0,19248046.01,0,0,19248046.01,0,0,19248046.01,0,0,19248046.01,0,0,19248046.01,0,0,19248046.01,0,0,19248046.01,0,0,19248046.01,0,0,19248046.01,0,0,19248046.01,0,0,19248046.01,0,0,19248046.01,0,0,19248046.01,0,0,19248046.01,0,0,19248046.01,0,0,19248046.01,0,0,19248046.01,0,0,19248046.01,0,0,19248046.01,,,0,0,0,19248046.01,0,0,19248046.01,0,0,19248046.01,0,0,19248046.01,0,0,19248046.01,0,0,19248046.01,0,0,19248046.01
0,1,AstraZeneca,2021-04-19,COVCKD,0,0,0,0,0,0,0,0,0,0,0,0,0,0,0,0,0,0,0,0,0,0,0,0,0,0,0,0,0,0,0,0,0,0,0,0,0,0,0,0,0,0,0,0,0,0,0,0,0,0,19248046.01,0,0,19248046.01,0,0,19248046.01,0,0,19248046.01,0,0,19248046.01,0,0,19248046.01,0,0,19248046.01,0,0,19248046.01,0,0,19248046.01,0,0,19248046.01,0,0,19248046.01,0,0,19248046.01,0,0,19248046.01,0,0,19248046.01,0,0,19248046.01,0,0,19248046.01,0,0,19248046.01,0,0,19248046.01,0,0,19248046.01,0,0,19248046.01,0,0,19248046.01,0,0,19248046.01,0,0,19248046.01,0,0,19248046.01,0,0,19248046.01,0,0,19248046.01,0,0,19248046.01,0,0,19248046.01,0,0,19248046.01,0,0,19248046.01,0,0,19248046.01,0,0,19248046.01,0,0,19248046.01,0,0,19248046.01,0,0,19248046.01,0,0,19248046.01,0,0,19248046.01,0,0,19248046.01,0,0,19248046.01,0,0,19248046.01,,,0,0,0,19248046.01,0,0,19248046.01,0,0,19248046.01,0,0,19248046.01,0,0,19248046.01,0,0,19248046.01,0,0,19248046.01
0,1,AstraZeneca,2021-04-26,COVCKD,0,0,0,0,0,0,0,0,0,0,0,0,0,0,0,0,0,0,0,0,0,0,0,0,0,0,0,0,0,0,0,0,0,0,0,0,0,0,0,0,0,0,0,0,0,0,0,0,0,0,19248046.01,0,0,19248046.01,0,0,19248046.01,0,0,19248046.01,0,0,19248046.01,0,0,19248046.01,0,0,19248046.01,0,0,19248046.01,0,0,19248046.01,0,0,19248046.01,0,0,19248046.01,0,0,19248046.01,0,0,19248046.01,0,0,19248046.01,0,0,19248046.01,0,0,19248046.01,0,0,19248046.01,0,0,19248046.01,0,0,19248046.01,0,0,19248046.01,0,0,19248046.01,0,0,19248046.01,0,0,19248046.01,0,0,19248046.01,0,0,19248046.01,0,0,19248046.01,0,0,19248046.01,0,0,19248046.01,0,0,19248046.01,0,0,19248046.01,0,0,19248046.01,0,0,19248046.01,0,0,19248046.01,0,0,19248046.01,0,0,19248046.01,0,0,19248046.01,0,0,19248046.01,0,0,19248046.01,0,0,19248046.01,0,0,19248046.01,,,0,0,0,19248046.01,0,0,19248046.01,0,0,19248046.01,0,0,19248046.01,0,0,19248046.01,0,0,19248046.01,0,0,19248046.01
0,1,AstraZeneca,2021-05-03,COVCKD,0,0,0,0,0,0,0,0,0,0,0,0,0,0,0,0,0,0,0,0,0,0,0,0,0,0,0,0,0,0,0,0,0,0,0,0,0,0,0,0,0,0,0,0,0,0,0,0,0,0,19248046.01,0,0,19248046.01,0,0,19248046.01,0,0,19248046.01,0,0,19248046.01,0,0,19248046.01,0,0,19248046.01,0,0,19248046.01,0,0,19248046.01,0,0,19248046.01,0,0,19248046.01,0,0,19248046.01,0,0,19248046.01,0,0,19248046.01,0,0,19248046.01,0,0,19248046.01,0,0,19248046.01,0,0,19248046.01,0,0,19248046.01,0,0,19248046.01,0,0,19248046.01,0,0,19248046.01,0,0,19248046.01,0,0,19248046.01,0,0,19248046.01,0,0,19248046.01,0,0,19248046.01,0,0,19248046.01,0,0,19248046.01,0,0,19248046.01,0,0,19248046.01,0,0,19248046.01,0,0,19248046.01,0,0,19248046.01,0,0,19248046.01,0,0,19248046.01,0,0,19248046.01,0,0,19248046.01,0,0,19248046.01,0,0,19248046.01,,,0,0,0,19248046.01,0,0,19248046.01,0,0,19248046.01,0,0,19248046.01,0,0,19248046.01,0,0,19248046.01,0,0,19248046.01
0,1,AstraZeneca,2021-05-10,COVCKD,0,0,0,0,0,0,0,0,0,0,0,0,0,0,0,0,0,0,0,0,0,0,0,0,0,0,0,0,0,0,0,0,0,0,0,0,0,0,0,0,0,0,0,0,0,0,0,0,0,0,19248046.01,0,0,19248046.01,0,0,19248046.01,0,0,19248046.01,0,0,19248046.01,0,0,19248046.01,0,0,19248046.01,0,0,19248046.01,0,0,19248046.01,0,0,19248046.01,0,0,19248046.01,0,0,19248046.01,0,0,19248046.01,0,0,19248046.01,0,0,19248046.01,0,0,19248046.01,0,0,19248046.01,0,0,19248046.01,0,0,19248046.01,0,0,19248046.01,0,0,19248046.01,0,0,19248046.01,0,0,19248046.01,0,0,19248046.01,0,0,19248046.01,0,0,19248046.01,0,0,19248046.01,0,0,19248046.01,0,0,19248046.01,0,0,19248046.01,0,0,19248046.01,0,0,19248046.01,0,0,19248046.01,0,0,19248046.01,0,0,19248046.01,0,0,19248046.01,0,0,19248046.01,0,0,19248046.01,0,0,19248046.01,0,0,19248046.01,,,0,0,0,19248046.01,0,0,19248046.01,0,0,19248046.01,0,0,19248046.01,0,0,19248046.01,0,0,19248046.01,0,0,19248046.01
0,1,AstraZeneca,2021-05-17,COVCKD,0,0,0,0,0,0,0,0,0,0,0,0,0,0,0,0,0,0,0,0,0,0,0,0,0,0,0,0,0,0,0,0,0,0,0,0,0,0,0,0,0,0,0,0,0,0,0,0,0,0,19248046.01,0,0,19248046.01,0,0,19248046.01,0,0,19248046.01,0,0,19248046.01,0,0,19248046.01,0,0,19248046.01,0,0,19248046.01,0,0,19248046.01,0,0,19248046.01,0,0,19248046.01,0,0,19248046.01,0,0,19248046.01,0,0,19248046.01,0,0,19248046.01,0,0,19248046.01,0,0,19248046.01,0,0,19248046.01,0,0,19248046.01,0,0,19248046.01,0,0,19248046.01,0,0,19248046.01,0,0,19248046.01,0,0,19248046.01,0,0,19248046.01,0,0,19248046.01,0,0,19248046.01,0,0,19248046.01,0,0,19248046.01,0,0,19248046.01,0,0,19248046.01,0,0,19248046.01,0,0,19248046.01,0,0,19248046.01,0,0,19248046.01,0,0,19248046.01,0,0,19248046.01,0,0,19248046.01,0,0,19248046.01,0,0,19248046.01,,,0,0,0,19248046.01,0,0,19248046.01,0,0,19248046.01,0,0,19248046.01,0,0,19248046.01,0,0,19248046.01,0,0,19248046.01
0,1,AstraZeneca,2021-05-24,COVCKD,0,0,0,0,0,0,0,0,0,0,0,0,0,0,0,0,0,0,0,0,0,0,0,0,0,0,0,0,0,0,0,0,0,0,0,0,0,0,0,0,0,0,0,0,0,0,0,0,0,0,19248046.01,0,0,19248046.01,0,0,19248046.01,0,0,19248046.01,0,0,19248046.01,0,0,19248046.01,0,0,19248046.01,0,0,19248046.01,0,0,19248046.01,0,0,19248046.01,0,0,19248046.01,0,0,19248046.01,0,0,19248046.01,0,0,19248046.01,0,0,19248046.01,0,0,19248046.01,0,0,19248046.01,0,0,19248046.01,0,0,19248046.01,0,0,19248046.01,0,0,19248046.01,0,0,19248046.01,0,0,19248046.01,0,0,19248046.01,0,0,19248046.01,0,0,19248046.01,0,0,19248046.01,0,0,19248046.01,0,0,19248046.01,0,0,19248046.01,0,0,19248046.01,0,0,19248046.01,0,0,19248046.01,0,0,19248046.01,0,0,19248046.01,0,0,19248046.01,0,0,19248046.01,0,0,19248046.01,0,0,19248046.01,0,0,19248046.01,,,0,0,0,19248046.01,0,0,19248046.01,0,0,19248046.01,0,0,19248046.01,0,0,19248046.01,0,0,19248046.01,0,0,19248046.01
0,1,AstraZeneca,2021-05-31,COVCKD,0,0,0,0,0,0,0,0,0,0,0,0,0,0,0,0,0,0,0,0,0,0,0,0,0,0,0,0,0,0,0,0,0,0,0,0,0,0,0,0,0,0,0,0,0,0,0,0,0,0,19248046.01,0,0,19248046.01,0,0,19248046.01,0,0,19248046.01,0,0,19248046.01,0,0,19248046.01,0,0,19248046.01,0,0,19248046.01,0,0,19248046.01,0,0,19248046.01,0,0,19248046.01,0,0,19248046.01,0,0,19248046.01,0,0,19248046.01,0,0,19248046.01,0,0,19248046.01,0,0,19248046.01,0,0,19248046.01,0,0,19248046.01,0,0,19248046.01,0,0,19248046.01,0,0,19248046.01,0,0,19248046.01,0,0,19248046.01,0,0,19248046.01,0,0,19248046.01,0,0,19248046.01,0,0,19248046.01,0,0,19248046.01,0,0,19248046.01,0,0,19248046.01,0,0,19248046.01,0,0,19248046.01,0,0,19248046.01,0,0,19248046.01,0,0,19248046.01,0,0,19248046.01,0,0,19248046.01,0,0,19248046.01,0,0,19248046.01,,,0,0,0,19248046.01,0,0,19248046.01,0,0,19248046.01,0,0,19248046.01,0,0,19248046.01,0,0,19248046.01,0,0,19248046.01
0,1,AstraZeneca,2021-06-07,COVCKD,0,0,0,0,0,0,0,0,0,0,0,0,0,0,0,0,0,0,0,0,0,0,0,0,0,0,0,0,0,0,0,0,0,0,0,0,0,0,0,0,0,0,0,0,0,0,0,0,0,0,19248046.01,0,0,19248046.01,0,0,19248046.01,0,0,19248046.01,0,0,19248046.01,0,0,19248046.01,0,0,19248046.01,0,0,19248046.01,0,0,19248046.01,0,0,19248046.01,0,0,19248046.01,0,0,19248046.01,0,0,19248046.01,0,0,19248046.01,0,0,19248046.01,0,0,19248046.01,0,0,19248046.01,0,0,19248046.01,0,0,19248046.01,0,0,19248046.01,0,0,19248046.01,0,0,19248046.01,0,0,19248046.01,0,0,19248046.01,0,0,19248046.01,0,0,19248046.01,0,0,19248046.01,0,0,19248046.01,0,0,19248046.01,0,0,19248046.01,0,0,19248046.01,0,0,19248046.01,0,0,19248046.01,0,0,19248046.01,0,0,19248046.01,0,0,19248046.01,0,0,19248046.01,0,0,19248046.01,0,0,19248046.01,0,0,19248046.01,,,0,0,0,19248046.01,0,0,19248046.01,0,0,19248046.01,0,0,19248046.01,0,0,19248046.01,0,0,19248046.01,0,0,19248046.01
0,1,AstraZeneca,2021-06-14,COVCKD,0,0,0,0,0,0,0,0,0,0,0,0,0,0,0,0,0,0,0,0,0,0,0,0,0,0,0,0,0,0,0,0,0,0,0,0,0,0,0,0,0,0,0,0,0,0,0,0,0,0,19248046.01,0,0,19248046.01,0,0,19248046.01,0,0,19248046.01,0,0,19248046.01,0,0,19248046.01,0,0,19248046.01,0,0,19248046.01,0,0,19248046.01,0,0,19248046.01,0,0,19248046.01,0,0,19248046.01,0,0,19248046.01,0,0,19248046.01,0,0,19248046.01,0,0,19248046.01,0,0,19248046.01,0,0,19248046.01,0,0,19248046.01,0,0,19248046.01,0,0,19248046.01,0,0,19248046.01,0,0,19248046.01,0,0,19248046.01,0,0,19248046.01,0,0,19248046.01,0,0,19248046.01,0,0,19248046.01,0,0,19248046.01,0,0,19248046.01,0,0,19248046.01,0,0,19248046.01,0,0,19248046.01,0,0,19248046.01,0,0,19248046.01,0,0,19248046.01,0,0,19248046.01,0,0,19248046.01,0,0,19248046.01,0,0,19248046.01,,,0,0,0,19248046.01,0,0,19248046.01,0,0,19248046.01,0,0,19248046.01,0,0,19248046.01,0,0,19248046.01,0,0,19248046.01
0,1,AstraZeneca,2021-06-21,COVCKD,0,0,0,0,0,0,0,0,0,0,0,0,0,0,0,0,0,0,0,0,0,0,0,0,0,0,0,0,0,0,0,0,0,0,0,0,0,0,0,0,0,0,0,0,0,0,0,0,0,0,19248046.01,0,0,19248046.01,0,0,19248046.01,0,0,19248046.01,0,0,19248046.01,0,0,19248046.01,0,0,19248046.01,0,0,19248046.01,0,0,19248046.01,0,0,19248046.01,0,0,19248046.01,0,0,19248046.01,0,0,19248046.01,0,0,19248046.01,0,0,19248046.01,0,0,19248046.01,0,0,19248046.01,0,0,19248046.01,0,0,19248046.01,0,0,19248046.01,0,0,19248046.01,0,0,19248046.01,0,0,19248046.01,0,0,19248046.01,0,0,19248046.01,0,0,19248046.01,0,0,19248046.01,0,0,19248046.01,0,0,19248046.01,0,0,19248046.01,0,0,19248046.01,0,0,19248046.01,0,0,19248046.01,0,0,19248046.01,0,0,19248046.01,0,0,19248046.01,0,0,19248046.01,0,0,19248046.01,0,0,19248046.01,0,0,19248046.01,,,0,0,0,19248046.01,0,0,19248046.01,0,0,19248046.01,0,0,19248046.01,0,0,19248046.01,0,0,19248046.01,0,0,19248046.01
0,1,AstraZeneca,2021-06-28,COVCKD,0,0,0,0,0,0,0,0,0,0,0,0,0,0,0,0,0,0,0,0,0,0,0,0,0,0,0,0,0,0,0,0,0,0,0,0,0,0,0,0,0,0,0,0,0,0,0,0,0,0,134736322.06,0,0,134736322.06,0,0,134736322.06,0,0,134736322.06,0,0,134736322.06,0,0,134736322.06,0,0,134736322.06,0,0,134736322.06,0,0,134736322.06,0,0,134736322.06,0,0,134736322.06,0,0,134736322.06,0,0,134736322.06,0,0,134736322.06,0,0,134736322.06,0,0,134736322.06,0,0,134736322.06,0,0,134736322.06,0,0,134736322.06,0,0,134736322.06,0,0,134736322.06,0,0,134736322.06,0,0,134736322.06,0,0,134736322.06,0,0,134736322.06,0,0,134736322.06,0,0,134736322.06,0,0,134736322.06,0,0,134736322.06,0,0,134736322.06,0,0,134736322.06,0,0,134736322.06,0,0,134736322.06,0,0,134736322.06,0,0,134736322.06,0,0,134736322.06,0,0,134736322.06,0,0,134736322.06,0,0,134736322.06,0,0,134736322.06,,,0,0,0,134736322.06,0,0,134736322.06,0,0,134736322.06,0,0,134736322.06,0,0,134736322.06,0,0,134736322.06,0,0,134736322.06
0,1,Moderna,2021-03-29,COVCKD,0,0,0,0,0,0,0,0,0,0,0,0,0,0,0,0,0,0,0,0,0,0,0,0,0,0,0,0,0,0,0,0,0,0,0,0,0,0,0,0,0,0,0,0,0,0,0,0,0,0,22456053.68,0,0,22456053.68,0,0,22456053.68,0,0,22456053.68,0,0,22456053.68,0,0,22456053.68,0,0,22456053.68,0,0,22456053.68,0,0,22456053.68,0,0,22456053.68,0,0,22456053.68,0,0,22456053.68,0,0,22456053.68,0,0,22456053.68,0,0,22456053.68,0,0,22456053.68,0,0,22456053.68,0,0,22456053.68,0,0,22456053.68,0,0,22456053.68,0,0,22456053.68,0,0,22456053.68,0,0,22456053.68,0,0,22456053.68,0,0,22456053.68,0,0,22456053.68,0,0,22456053.68,0,0,22456053.68,0,0,22456053.68,0,0,22456053.68,0,0,22456053.68,0,0,22456053.68,0,0,22456053.68,0,0,22456053.68,0,0,22456053.68,0,0,22456053.68,0,0,22456053.68,0,0,22456053.68,0,0,22456053.68,0,0,22456053.68,,,0,0,0,22456053.68,0,0,22456053.68,0,0,22456053.68,0,0,22456053.68,0,0,22456053.68,0,0,22456053.68,0,0,22456053.68
0,1,Moderna,2021-04-05,COVCKD,0,0,0,0,0,0,0,0,0,0,0,0,0,0,0,0,0,0,0,0,0,0,0,0,0,0,0,0,0,0,0,0,0,0,0,0,0,0,0,0,0,0,0,0,0,0,0,0,0,0,19248046.01,0,0,19248046.01,0,0,19248046.01,0,0,19248046.01,0,0,19248046.01,0,0,19248046.01,0,0,19248046.01,0,0,19248046.01,0,0,19248046.01,0,0,19248046.01,0,0,19248046.01,0,0,19248046.01,0,0,19248046.01,0,0,19248046.01,0,0,19248046.01,0,0,19248046.01,0,0,19248046.01,0,0,19248046.01,0,0,19248046.01,0,0,19248046.01,0,0,19248046.01,0,0,19248046.01,0,0,19248046.01,0,0,19248046.01,0,0,19248046.01,0,0,19248046.01,0,0,19248046.01,0,0,19248046.01,0,0,19248046.01,0,0,19248046.01,0,0,19248046.01,0,0,19248046.01,0,0,19248046.01,0,0,19248046.01,0,0,19248046.01,0,0,19248046.01,0,0,19248046.01,0,0,19248046.01,0,0,19248046.01,0,0,19248046.01,,,0,0,0,19248046.01,0,0,19248046.01,0,0,19248046.01,0,0,19248046.01,0,0,19248046.01,0,0,19248046.01,0,0,19248046.01
0,1,Moderna,2021-04-12,COVCKD,0,0,0,0,0,0,0,0,0,0,0,0,0,0,0,0,0,0,0,0,0,0,0,0,0,0,0,0,0,0,0,0,0,0,0,0,0,0,0,0,0,0,0,0,0,0,0,0,0,0,19248046.01,0,0,19248046.01,0,0,19248046.01,0,0,19248046.01,0,0,19248046.01,0,0,19248046.01,0,0,19248046.01,0,0,19248046.01,0,0,19248046.01,0,0,19248046.01,0,0,19248046.01,0,0,19248046.01,0,0,19248046.01,0,0,19248046.01,0,0,19248046.01,0,0,19248046.01,0,0,19248046.01,0,0,19248046.01,0,0,19248046.01,0,0,19248046.01,0,0,19248046.01,0,0,19248046.01,0,0,19248046.01,0,0,19248046.01,0,0,19248046.01,0,0,19248046.01,0,0,19248046.01,0,0,19248046.01,0,0,19248046.01,0,0,19248046.01,0,0,19248046.01,0,0,19248046.01,0,0,19248046.01,0,0,19248046.01,0,0,19248046.01,0,0,19248046.01,0,0,19248046.01,0,0,19248046.01,0,0,19248046.01,0,0,19248046.01,,,0,0,0,19248046.01,0,0,19248046.01,0,0,19248046.01,0,0,19248046.01,0,0,19248046.01,0,0,19248046.01,0,0,19248046.01
0,1,Moderna,2021-04-19,COVCKD,0,0,0,0,0,0,0,0,0,0,0,0,0,0,0,0,0,0,0,0,0,0,0,0,0,0,0,0,0,0,0,0,0,0,0,0,0,0,0,0,0,0,0,0,0,0,0,0,0,0,22456053.68,0,0,22456053.68,0,0,22456053.68,0,0,22456053.68,0,0,22456053.68,0,0,22456053.68,0,0,22456053.68,0,0,22456053.68,0,0,22456053.68,0,0,22456053.68,0,0,22456053.68,0,0,22456053.68,0,0,22456053.68,0,0,22456053.68,0,0,22456053.68,0,0,22456053.68,0,0,22456053.68,0,0,22456053.68,0,0,22456053.68,0,0,22456053.68,0,0,22456053.68,0,0,22456053.68,0,0,22456053.68,0,0,22456053.68,0,0,22456053.68,0,0,22456053.68,0,0,22456053.68,0,0,22456053.68,0,0,22456053.68,0,0,22456053.68,0,0,22456053.68,0,0,22456053.68,0,0,22456053.68,0,0,22456053.68,0,0,22456053.68,0,0,22456053.68,0,0,22456053.68,0,0,22456053.68,0,0,22456053.68,0,0,22456053.68,,,0,0,0,22456053.68,0,0,22456053.68,0,0,22456053.68,0,0,22456053.68,0,0,22456053.68,0,0,22456053.68,0,0,22456053.68
0,1,Pfizer,2021-04-12,COVCKD,0,0,0,0,0,0,0,0,0,0,0,0,0,0,0,0,0,0,0,0,0,0,0,0,0,0,0,0,0,0,0,0,0,0,0,0,0,0,0,0,0,0,0,0,0,0,0,0,0,0,3286251.76,0,0,3286251.76,0,0,3286251.76,0,0,4990234.15,0,0,4990234.15,0,0,7485351.23,0,0,3286251.76,0,0,4990234.15,0,0,6736816.1,0,0,6736816.1,0,0,3286251.76,0,0,3286251.76,0,0,3286251.76,0,0,3286251.76,0,0,3286251.76,0,0,3286251.76,0,0,3962833,0,0,3962833,0,0,3286251.76,0,0,3286251.76,0,0,3286251.76,0,0,3286251.76,0,0,3286251.76,0,0,3286251.76,0,0,3286251.76,0,0,3286251.76,0,0,3286251.76,0,0,3286251.76,0,0,3286251.76,0,0,4990234.15,0,0,4990234.15,0,0,3286251.76,0,0,3286251.76,0,0,3286251.76,0,0,3286251.76,0,0,3286251.76,0,0,3286251.76,0,0,3286251.76,0,0,3286251.76,0,0,3286251.76,0,0,19248046.01,0,0,3286251.76,0,0,3286251.76,0,0,3286251.76,0,0,4990234.15,0,0,3286251.76,0,0,4990234.15,0,0,3286251.76
0,1,Pfizer,2021-04-19,COVCKD,0,0,0,0,0,0,0,0,0,0,0,0,0,0,0,0,0,0,0,0,0,0,0,0,0,0,0,0,0,0,0,0,0,0,0,0,0,0,0,0,0,0,0,0,0,0,0,0,0,0,2929050.48,0,0,2929050.48,0,0,2929050.48,0,0,4210510.06,0,0,3849609.2,0,0,6416015.34,0,0,2929050.48,0,0,4210510.06,0,0,4812011.5,0,0,4812011.5,0,0,2929050.48,0,0,2929050.48,0,0,2929050.48,0,0,2929050.48,0,0,2929050.48,0,0,2929050.48,0,0,3454777.49,0,0,3454777.49,0,0,2929050.48,0,0,2929050.48,0,0,2929050.48,0,0,2929050.48,0,0,2929050.48,0,0,2929050.48,0,0,2929050.48,0,0,2929050.48,0,0,2929050.48,0,0,2929050.48,0,0,2929050.48,0,0,4210510.06,0,0,4210510.06,0,0,2929050.48,0,0,2929050.48,0,0,2929050.48,0,0,2929050.48,0,0,2929050.48,0,0,2929050.48,0,0,2929050.48,0,0,2929050.48,0,0,2929050.48,0,0,33684080.52,0,0,2929050.48,0,0,2929050.48,0,0,2929050.48,0,0,4210510.06,0,0,2929050.48,0,0,4210510.06,0,0,2929050.48
0,1,Pfizer,2021-04-26,COVCKD,0,0,0,0,0,0,0,0,0,0,0,0,0,0,0,0,0,0,0,0,0,0,0,0,0,0,0,0,0,0,0,0,0,0,0,0,0,0,0,0,0,0,0,0,0,0,0,0,0,0,2929050.48,0,0,2929050.48,0,0,2929050.48,0,0,4082918.85,0,0,3454777.49,0,0,5389452.88,0,0,2929050.48,0,0,4082918.85,0,0,4210510.06,0,0,4210510.06,0,0,2929050.48,0,0,2929050.48,0,0,2929050.48,0,0,2929050.48,0,0,2929050.48,0,0,2929050.48,0,0,3454777.49,0,0,3454777.49,0,0,2929050.48,0,0,2929050.48,0,0,2929050.48,0,0,2929050.48,0,0,2929050.48,0,0,2929050.48,0,0,2929050.48,0,0,2929050.48,0,0,2929050.48,0,0,2929050.48,0,0,2929050.48,0,0,4082918.85,0,0,4082918.85,0,0,2929050.48,0,0,2929050.48,0,0,2929050.48,0,0,2929050.48,0,0,2929050.48,0,0,2929050.48,0,0,2929050.48,0,0,2929050.48,0,0,2929050.48,,,0,0,0,2929050.48,0,0,2929050.48,0,0,2929050.48,0,0,4082918.85,0,0,2929050.48,0,0,4082918.85,0,0,2929050.48
0,1,Pfizer,2021-05-03,COVCKD,0,0,0,0,0,0,0,0,0,0,0,0,0,0,0,0,0,0,0,0,0,0,0,0,0,0,0,0,0,0,0,0,0,0,0,0,0,0,0,0,0,0,0,0,0,0,0,0,0,0,4210510.06,0,0,4210510.06,0,0,4210510.06,0,0,5389452.88,0,0,5389452.88,0,0,8982421.47,0,0,4210510.06,0,0,5389452.88,0,0,7485351.23,0,0,7485351.23,0,0,4210510.06,0,0,4210510.06,0,0,4210510.06,0,0,4210510.06,0,0,4210510.06,0,0,4210510.06,0,0,5389452.88,0,0,5389452.88,0,0,4210510.06,0,0,4210510.06,0,0,4210510.06,0,0,4210510.06,0,0,4210510.06,0,0,4210510.06,0,0,4210510.06,0,0,4210510.06,0,0,4210510.06,0,0,4210510.06,0,0,4210510.06,0,0,5389452.88,0,0,5389452.88,0,0,4210510.06,0,0,4210510.06,0,0,4210510.06,0,0,4210510.06,0,0,4210510.06,0,0,4210510.06,0,0,4210510.06,0,0,4210510.06,0,0,4210510.06,,,0,0,0,4210510.06,0,0,4210510.06,0,0,4210510.06,0,0,5389452.88,0,0,4210510.06,0,0,5389452.88,0,0,4210510.06
0,1,Pfizer,2021-05-10,COVCKD,0,0,0,0,0,0,0,0,0,0,0,0,0,0,0,0,0,0,0,0,0,0,0,0,0,0,0,0,0,0,0,0,0,0,0,0,0,0,0,0,0,0,0,0,0,0,0,0,0,0,4346332.97,0,0,4346332.97,0,0,4346332.97,0,0,5614013.42,0,0,6416015.34,0,0,9624023,0,0,4346332.97,0,0,5614013.42,0,0,9624023,0,0,9624023,0,0,4346332.97,0,0,4346332.97,0,0,4346332.97,0,0,4346332.97,0,0,4346332.97,0,0,4346332.97,0,0,5614013.42,0,0,5614013.42,0,0,4346332.97,0,0,4346332.97,0,0,4346332.97,0,0,4346332.97,0,0,4346332.97,0,0,4346332.97,0,0,4346332.97,0,0,4346332.97,0,0,4346332.97,0,0,4346332.97,0,0,4346332.97,0,0,5614013.42,0,0,5614013.42,0,0,4346332.97,0,0,4346332.97,0,0,4346332.97,0,0,4346332.97,0,0,4346332.97,0,0,4346332.97,0,0,4346332.97,0,0,4346332.97,0,0,4346332.97,,,0,0,0,4346332.97,0,0,4346332.97,0,0,4346332.97,0,0,5614013.42,0,0,4346332.97,0,0,5614013.42,0,0,4346332.97
0,1,Pfizer,2021-05-17,COVCKD,0,0,0,0,0,0,0,0,0,0,0,0,0,0,0,0,0,0,0,0,0,0,0,0,0,0,0,0,0,0,0,0,0,0,0,0,0,0,0,0,0,0,0,0,0,0,0,0,0,0,4346332.97,0,0,4346332.97,0,0,4346332.97,0,0,5614013.42,0,0,7925666,0,0,13473632.21,0,0,4346332.97,0,0,5614013.42,0,0,13473632.21,0,0,13473632.21,0,0,4346332.97,0,0,4346332.97,0,0,4346332.97,0,0,4346332.97,0,0,4346332.97,0,0,4346332.97,0,0,5614013.42,0,0,5614013.42,0,0,4346332.97,0,0,4346332.97,0,0,4346332.97,0,0,4346332.97,0,0,4346332.97,0,0,4346332.97,0,0,4346332.97,0,0,4346332.97,0,0,4346332.97,0,0,4346332.97,0,0,4346332.97,0,0,5614013.42,0,0,5614013.42,0,0,4346332.97,0,0,4346332.97,0,0,4346332.97,0,0,4346332.97,0,0,4346332.97,0,0,4346332.97,0,0,4346332.97,0,0,4346332.97,0,0,4346332.97,,,0,0,0,4346332.97,0,0,4346332.97,0,0,4346332.97,0,0,5614013.42,0,0,4346332.97,0,0,5614013.42,0,0,4346332.97
0,2,AstraZeneca,2021-06-28,COVCKD,0,0,0,0,0,0,0,0,0,0,0,0,0,0,0,0,0,0,0,0,0,0,0,0,0,0,0,0,0,0,0,0,0,0,0,0,0,0,0,0,0,0,0,0,0,0,0,0,0,0,67368161.03,0,0,67368161.03,0,0,67368161.03,0,0,67368161.03,0,0,67368161.03,0,0,67368161.03,0,0,67368161.03,0,0,67368161.03,0,0,67368161.03,0,0,67368161.03,0,0,67368161.03,0,0,67368161.03,0,0,67368161.03,0,0,67368161.03,0,0,67368161.03,0,0,67368161.03,0,0,67368161.03,0,0,67368161.03,0,0,67368161.03,0,0,67368161.03,0,0,67368161.03,0,0,67368161.03,0,0,67368161.03,0,0,67368161.03,0,0,67368161.03,0,0,67368161.03,0,0,67368161.03,0,0,67368161.03,0,0,67368161.03,0,0,67368161.03,0,0,67368161.03,0,0,67368161.03,0,0,67368161.03,0,0,67368161.03,0,0,67368161.03,0,0,67368161.03,0,0,67368161.03,0,0,67368161.03,0,0,67368161.03,0,0,67368161.03,,,0,0,0,67368161.03,0,0,67368161.03,0,0,67368161.03,0,0,67368161.03,0,0,67368161.03,0,0,67368161.03,0,0,67368161.03
0,2,Moderna,2021-04-19,COVCKD,0,0,0,0,0,0,0,0,0,0,0,0,0,0,0,0,0,0,0,0,0,0,0,0,0,0,0,0,0,0,0,0,0,0,0,0,0,0,0,0,0,0,0,0,0,0,0,0,0,0,134736322.06,0,0,134736322.06,0,0,134736322.06,0,0,134736322.06,0,0,134736322.06,0,0,134736322.06,0,0,134736322.06,0,0,134736322.06,0,0,134736322.06,0,0,134736322.06,0,0,134736322.06,0,0,134736322.06,0,0,134736322.06,0,0,134736322.06,0,0,134736322.06,0,0,134736322.06,0,0,134736322.06,0,0,134736322.06,0,0,134736322.06,0,0,134736322.06,0,0,134736322.06,0,0,134736322.06,0,0,134736322.06,0,0,134736322.06,0,0,134736322.06,0,0,134736322.06,0,0,134736322.06,0,0,134736322.06,0,0,134736322.06,0,0,134736322.06,0,0,134736322.06,0,0,134736322.06,0,0,134736322.06,0,0,134736322.06,0,0,134736322.06,0,0,134736322.06,0,0,134736322.06,0,0,134736322.06,0,0,134736322.06,0,0,134736322.06,,,0,0,0,134736322.06,0,0,134736322.06,0,0,134736322.06,0,0,134736322.06,0,0,134736322.06,0,0,134736322.06,0,0,134736322.06
0,2,Moderna,2021-04-26,COVCKD,0,0,0,0,0,0,0,0,0,0,0,0,0,0,0,0,0,0,0,0,0,0,0,0,0,0,0,0,0,0,0,0,0,0,0,0,0,0,0,0,0,0,0,0,0,0,0,0,0,0,19248046.01,0,0,19248046.01,0,0,19248046.01,0,0,19248046.01,0,0,19248046.01,0,0,19248046.01,0,0,19248046.01,0,0,19248046.01,0,0,19248046.01,0,0,19248046.01,0,0,19248046.01,0,0,19248046.01,0,0,19248046.01,0,0,19248046.01,0,0,19248046.01,0,0,19248046.01,0,0,19248046.01,0,0,19248046.01,0,0,19248046.01,0,0,19248046.01,0,0,19248046.01,0,0,19248046.01,0,0,19248046.01,0,0,19248046.01,0,0,19248046.01,0,0,19248046.01,0,0,19248046.01,0,0,19248046.01,0,0,19248046.01,0,0,19248046.01,0,0,19248046.01,0,0,19248046.01,0,0,19248046.01,0,0,19248046.01,0,0,19248046.01,0,0,19248046.01,0,0,19248046.01,0,0,19248046.01,0,0,19248046.01,0,0,19248046.01,,,0,0,0,19248046.01,0,0,19248046.01,0,0,19248046.01,0,0,19248046.01,0,0,19248046.01,0,0,19248046.01,0,0,19248046.01
0,2,Moderna,2021-05-03,COVCKD,0,0,0,0,0,0,0,0,0,0,0,0,0,0,0,0,0,0,0,0,0,0,0,0,0,0,0,0,0,0,0,0,0,0,0,0,0,0,0,0,0,0,0,0,0,0,0,0,0,0,19248046.01,0,0,19248046.01,0,0,19248046.01,0,0,19248046.01,0,0,19248046.01,0,0,19248046.01,0,0,19248046.01,0,0,19248046.01,0,0,19248046.01,0,0,19248046.01,0,0,19248046.01,0,0,19248046.01,0,0,19248046.01,0,0,19248046.01,0,0,19248046.01,0,0,19248046.01,0,0,19248046.01,0,0,19248046.01,0,0,19248046.01,0,0,19248046.01,0,0,19248046.01,0,0,19248046.01,0,0,19248046.01,0,0,19248046.01,0,0,19248046.01,0,0,19248046.01,0,0,19248046.01,0,0,19248046.01,0,0,19248046.01,0,0,19248046.01,0,0,19248046.01,0,0,19248046.01,0,0,19248046.01,0,0,19248046.01,0,0,19248046.01,0,0,19248046.01,0,0,19248046.01,0,0,19248046.01,0,0,19248046.01,0,0,19248046.01,,,0,0,0,19248046.01,0,0,19248046.01,0,0,19248046.01,0,0,19248046.01,0,0,19248046.01,0,0,19248046.01,0,0,19248046.01
0,2,Moderna,2021-05-10,COVCKD,0,0,0,0,0,0,0,0,0,0,0,0,0,0,0,0,0,0,0,0,0,0,0,0,0,0,0,0,0,0,0,0,0,0,0,0,0,0,0,0,0,0,0,0,0,0,0,0,0,0,19248046.01,0,0,19248046.01,0,0,19248046.01,0,0,19248046.01,0,0,19248046.01,0,0,19248046.01,0,0,19248046.01,0,0,19248046.01,0,0,19248046.01,0,0,19248046.01,0,0,19248046.01,0,0,19248046.01,0,0,19248046.01,0,0,19248046.01,0,0,19248046.01,0,0,19248046.01,0,0,19248046.01,0,0,19248046.01,0,0,19248046.01,0,0,19248046.01,0,0,19248046.01,0,0,19248046.01,0,0,19248046.01,0,0,19248046.01,0,0,19248046.01,0,0,19248046.01,0,0,19248046.01,0,0,19248046.01,0,0,19248046.01,0,0,19248046.01,0,0,19248046.01,0,0,19248046.01,0,0,19248046.01,0,0,19248046.01,0,0,19248046.01,0,0,19248046.01,0,0,19248046.01,0,0,19248046.01,0,0,19248046.01,0,0,19248046.01,,,0,0,0,19248046.01,0,0,19248046.01,0,0,19248046.01,0,0,19248046.01,0,0,19248046.01,0,0,19248046.01,0,0,19248046.01
0,2,Moderna,2021-05-17,COVCKD,0,0,0,0,0,0,0,0,0,0,0,0,0,0,0,0,0,0,0,0,0,0,0,0,0,0,0,0,0,0,0,0,0,0,0,0,0,0,0,0,0,0,0,0,0,0,0,0,0,0,19248046.01,0,0,19248046.01,0,0,19248046.01,0,0,19248046.01,0,0,19248046.01,0,0,19248046.01,0,0,19248046.01,0,0,19248046.01,0,0,19248046.01,0,0,19248046.01,0,0,19248046.01,0,0,19248046.01,0,0,19248046.01,0,0,19248046.01,0,0,19248046.01,0,0,19248046.01,0,0,19248046.01,0,0,19248046.01,0,0,19248046.01,0,0,19248046.01,0,0,19248046.01,0,0,19248046.01,0,0,19248046.01,0,0,19248046.01,0,0,19248046.01,0,0,19248046.01,0,0,19248046.01,0,0,19248046.01,0,0,19248046.01,0,0,19248046.01,0,0,19248046.01,0,0,19248046.01,0,0,19248046.01,0,0,19248046.01,0,0,19248046.01,0,0,19248046.01,0,0,19248046.01,0,0,19248046.01,0,0,19248046.01,0,0,19248046.01,,,0,0,0,19248046.01,0,0,19248046.01,0,0,19248046.01,0,0,19248046.01,0,0,19248046.01,0,0,19248046.01,0,0,19248046.01
0,2,Moderna,2021-05-24,COVCKD,0,0,0,0,0,0,0,0,0,0,0,0,0,0,0,0,0,0,0,0,0,0,0,0,0,0,0,0,0,0,0,0,0,0,0,0,0,0,0,0,0,0,0,0,0,0,0,0,0,0,19248046.01,0,0,19248046.01,0,0,19248046.01,0,0,19248046.01,0,0,19248046.01,0,0,19248046.01,0,0,19248046.01,0,0,19248046.01,0,0,19248046.01,0,0,19248046.01,0,0,19248046.01,0,0,19248046.01,0,0,19248046.01,0,0,19248046.01,0,0,19248046.01,0,0,19248046.01,0,0,19248046.01,0,0,19248046.01,0,0,19248046.01,0,0,19248046.01,0,0,19248046.01,0,0,19248046.01,0,0,19248046.01,0,0,19248046.01,0,0,19248046.01,0,0,19248046.01,0,0,19248046.01,0,0,19248046.01,0,0,19248046.01,0,0,19248046.01,0,0,19248046.01,0,0,19248046.01,0,0,19248046.01,0,0,19248046.01,0,0,19248046.01,0,0,19248046.01,0,0,19248046.01,0,0,19248046.01,0,0,19248046.01,0,0,19248046.01,,,0,0,0,19248046.01,0,0,19248046.01,0,0,19248046.01,0,0,19248046.01,0,0,19248046.01,0,0,19248046.01,0,0,19248046.01
0,2,Moderna,2021-05-31,COVCKD,0,0,0,0,0,0,0,0,0,0,0,0,0,0,0,0,0,0,0,0,0,0,0,0,0,0,0,0,0,0,0,0,0,0,0,0,0,0,0,0,0,0,0,0,0,0,0,0,0,0,19248046.01,0,0,19248046.01,0,0,19248046.01,0,0,19248046.01,0,0,19248046.01,0,0,19248046.01,0,0,19248046.01,0,0,19248046.01,0,0,19248046.01,0,0,19248046.01,0,0,19248046.01,0,0,19248046.01,0,0,19248046.01,0,0,19248046.01,0,0,19248046.01,0,0,19248046.01,0,0,19248046.01,0,0,19248046.01,0,0,19248046.01,0,0,19248046.01,0,0,19248046.01,0,0,19248046.01,0,0,19248046.01,0,0,19248046.01,0,0,19248046.01,0,0,19248046.01,0,0,19248046.01,0,0,19248046.01,0,0,19248046.01,0,0,19248046.01,0,0,19248046.01,0,0,19248046.01,0,0,19248046.01,0,0,19248046.01,0,0,19248046.01,0,0,19248046.01,0,0,19248046.01,0,0,19248046.01,0,0,19248046.01,0,0,19248046.01,,,0,0,0,19248046.01,0,0,19248046.01,0,0,19248046.01,0,0,19248046.01,0,0,19248046.01,0,0,19248046.01,0,0,19248046.01
0,2,Moderna,2021-06-07,COVCKD,0,0,0,0,0,0,0,0,0,0,0,0,0,0,0,0,0,0,0,0,0,0,0,0,0,0,0,0,0,0,0,0,0,0,0,0,0,0,0,0,0,0,0,0,0,0,0,0,0,0,19248046.01,0,0,19248046.01,0,0,19248046.01,0,0,19248046.01,0,0,19248046.01,0,0,19248046.01,0,0,19248046.01,0,0,19248046.01,0,0,19248046.01,0,0,19248046.01,0,0,19248046.01,0,0,19248046.01,0,0,19248046.01,0,0,19248046.01,0,0,19248046.01,0,0,19248046.01,0,0,19248046.01,0,0,19248046.01,0,0,19248046.01,0,0,19248046.01,0,0,19248046.01,0,0,19248046.01,0,0,19248046.01,0,0,19248046.01,0,0,19248046.01,0,0,19248046.01,0,0,19248046.01,0,0,19248046.01,0,0,19248046.01,0,0,19248046.01,0,0,19248046.01,0,0,19248046.01,0,0,19248046.01,0,0,19248046.01,0,0,19248046.01,0,0,19248046.01,0,0,19248046.01,0,0,19248046.01,0,0,19248046.01,0,0,19248046.01,,,0,0,0,19248046.01,0,0,19248046.01,0,0,19248046.01,0,0,19248046.01,0,0,19248046.01,0,0,19248046.01,0,0,19248046.01
0,2,Moderna,2021-06-14,COVCKD,0,0,0,0,0,0,0,0,0,0,0,0,0,0,0,0,0,0,0,0,0,0,0,0,0,0,0,0,0,0,0,0,0,0,0,0,0,0,0,0,0,0,0,0,0,0,0,0,0,0,19248046.01,0,0,19248046.01,0,0,19248046.01,0,0,19248046.01,0,0,19248046.01,0,0,19248046.01,0,0,19248046.01,0,0,19248046.01,0,0,19248046.01,0,0,19248046.01,0,0,19248046.01,0,0,19248046.01,0,0,19248046.01,0,0,19248046.01,0,0,19248046.01,0,0,19248046.01,0,0,19248046.01,0,0,19248046.01,0,0,19248046.01,0,0,19248046.01,0,0,19248046.01,0,0,19248046.01,0,0,19248046.01,0,0,19248046.01,0,0,19248046.01,0,0,19248046.01,0,0,19248046.01,0,0,19248046.01,0,0,19248046.01,0,0,19248046.01,0,0,19248046.01,0,0,19248046.01,0,0,19248046.01,0,0,19248046.01,0,0,19248046.01,0,0,19248046.01,0,0,19248046.01,0,0,19248046.01,0,0,19248046.01,0,0,19248046.01,,,0,0,0,19248046.01,0,0,19248046.01,0,0,19248046.01,0,0,19248046.01,0,0,19248046.01,0,0,19248046.01,0,0,19248046.01
0,2,Moderna,2021-06-21,COVCKD,0,0,0,0,0,0,0,0,0,0,0,0,0,0,0,0,0,0,0,0,0,0,0,0,0,0,0,0,0,0,0,0,0,0,0,0,0,0,0,0,0,0,0,0,0,0,0,0,0,0,19248046.01,0,0,19248046.01,0,0,19248046.01,0,0,19248046.01,0,0,19248046.01,0,0,19248046.01,0,0,19248046.01,0,0,19248046.01,0,0,19248046.01,0,0,19248046.01,0,0,19248046.01,0,0,19248046.01,0,0,19248046.01,0,0,19248046.01,0,0,19248046.01,0,0,19248046.01,0,0,19248046.01,0,0,19248046.01,0,0,19248046.01,0,0,19248046.01,0,0,19248046.01,0,0,19248046.01,0,0,19248046.01,0,0,19248046.01,0,0,19248046.01,0,0,19248046.01,0,0,19248046.01,0,0,19248046.01,0,0,19248046.01,0,0,19248046.01,0,0,19248046.01,0,0,19248046.01,0,0,19248046.01,0,0,19248046.01,0,0,19248046.01,0,0,19248046.01,0,0,19248046.01,0,0,19248046.01,0,0,19248046.01,0,0,19248046.01,,,0,0,0,19248046.01,0,0,19248046.01,0,0,19248046.01,0,0,19248046.01,0,0,19248046.01,0,0,19248046.01,0,0,19248046.01
0,2,Moderna,2021-06-28,COVCKD,0,0,0,0,0,0,0,0,0,0,0,0,0,0,0,0,0,0,0,0,0,0,0,0,0,0,0,0,0,0,0,0,0,0,0,0,0,0,0,0,0,0,0,0,0,0,0,0,0,0,44912107.35,0,0,44912107.35,0,0,44912107.35,0,0,44912107.35,0,0,44912107.35,0,0,44912107.35,0,0,44912107.35,0,0,44912107.35,0,0,44912107.35,0,0,44912107.35,0,0,44912107.35,0,0,44912107.35,0,0,44912107.35,0,0,44912107.35,0,0,44912107.35,0,0,44912107.35,0,0,44912107.35,0,0,44912107.35,0,0,44912107.35,0,0,44912107.35,0,0,44912107.35,0,0,44912107.35,0,0,44912107.35,0,0,44912107.35,0,0,44912107.35,0,0,44912107.35,0,0,44912107.35,0,0,44912107.35,0,0,44912107.35,0,0,44912107.35,0,0,44912107.35,0,0,44912107.35,0,0,44912107.35,0,0,44912107.35,0,0,44912107.35,0,0,44912107.35,0,0,44912107.35,0,0,44912107.35,0,0,44912107.35,0,0,44912107.35,,,0,0,0,44912107.35,0,0,44912107.35,0,0,44912107.35,0,0,44912107.35,0,0,44912107.35,0,0,44912107.35,0,0,44912107.35
0,2,Pfizer,2021-05-03,COVCKD,0,0,0,0,0,0,0,0,0,0,0,0,0,0,0,0,0,0,0,0,0,0,0,0,0,0,0,0,0,0,0,0,0,0,0,0,0,0,0,0,0,0,0,0,0,0,0,0,0,0,4346332.97,0,0,4346332.97,0,0,4346332.97,0,0,5614013.42,0,0,7925666,0,0,10364332.47,0,0,5614013.42,0,0,7925666,0,0,5614013.42,0,0,5614013.42,0,0,4346332.97,0,0,4346332.97,0,0,4346332.97,0,0,4346332.97,0,0,4346332.97,0,0,4346332.97,0,0,4346332.97,0,0,4346332.97,0,0,4346332.97,0,0,4346332.97,0,0,4346332.97,0,0,4346332.97,0,0,4346332.97,0,0,4346332.97,0,0,4346332.97,0,0,4346332.97,0,0,4346332.97,0,0,4346332.97,0,0,4346332.97,0,0,5614013.42,0,0,5614013.42,0,0,4346332.97,0,0,4346332.97,0,0,4346332.97,0,0,4346332.97,0,0,4346332.97,0,0,4346332.97,0,0,4346332.97,0,0,4346332.97,0,0,4346332.97,0,0,19248046.01,0,0,4346332.97,0,0,4346332.97,0,0,4346332.97,0,0,7925666,0,0,4346332.97,0,0,7925666,0,0,4346332.97
0,2,Pfizer,2021-05-10,COVCKD,0,0,0,0,0,0,0,0,0,0,0,0,0,0,0,0,0,0,0,0,0,0,0,0,0,0,0,0,0,0,0,0,0,0,0,0,0,0,0,0,0,0,0,0,0,0,0,0,0,0,3849609.2,0,0,3849609.2,0,0,3849609.2,0,0,4812011.5,0,0,6416015.34,0,0,9624023,0,0,4812011.5,0,0,6416015.34,0,0,4812011.5,0,0,4812011.5,0,0,3849609.2,0,0,3849609.2,0,0,3849609.2,0,0,3849609.2,0,0,3849609.2,0,0,3849609.2,0,0,3849609.2,0,0,3849609.2,0,0,3849609.2,0,0,3849609.2,0,0,3849609.2,0,0,3849609.2,0,0,3849609.2,0,0,3849609.2,0,0,3849609.2,0,0,3849609.2,0,0,3849609.2,0,0,3849609.2,0,0,3849609.2,0,0,4812011.5,0,0,4812011.5,0,0,3849609.2,0,0,3849609.2,0,0,3849609.2,0,0,3849609.2,0,0,3849609.2,0,0,3849609.2,0,0,3849609.2,0,0,3849609.2,0,0,3849609.2,0,0,19248046.01,0,0,3849609.2,0,0,3849609.2,0,0,3849609.2,0,0,6416015.34,0,0,3849609.2,0,0,6416015.34,0,0,3849609.2
0,2,Pfizer,2021-05-17,COVCKD,0,0,0,0,0,0,0,0,0,0,0,0,0,0,0,0,0,0,0,0,0,0,0,0,0,0,0,0,0,0,0,0,0,0,0,0,0,0,0,0,0,0,0,0,0,0,0,0,0,0,3454777.49,0,0,3454777.49,0,0,3454777.49,0,0,4210510.06,0,0,5389452.88,0,0,7485351.23,0,0,4210510.06,0,0,5389452.88,0,0,4210510.06,0,0,4210510.06,0,0,3454777.49,0,0,3454777.49,0,0,3454777.49,0,0,3454777.49,0,0,3454777.49,0,0,3454777.49,0,0,3454777.49,0,0,3454777.49,0,0,3454777.49,0,0,3454777.49,0,0,3454777.49,0,0,3454777.49,0,0,3454777.49,0,0,3454777.49,0,0,3454777.49,0,0,3454777.49,0,0,3454777.49,0,0,3454777.49,0,0,3454777.49,0,0,4210510.06,0,0,4210510.06,0,0,3454777.49,0,0,3454777.49,0,0,3454777.49,0,0,3454777.49,0,0,3454777.49,0,0,3454777.49,0,0,3454777.49,0,0,3454777.49,0,0,3454777.49,0,0,19248046.01,0,0,3454777.49,0,0,3454777.49,0,0,3454777.49,0,0,5389452.88,0,0,3454777.49,0,0,5389452.88,0,0,3454777.49
0,2,Pfizer,2021-05-24,COVCKD,0,0,0,0,0,0,0,0,0,0,0,0,0,0,0,0,0,0,0,0,0,0,0,0,0,0,0,0,0,0,0,0,0,0,0,0,0,0,0,0,0,0,0,0,0,0,0,0,0,0,3208007.67,0,0,3208007.67,0,0,3208007.67,0,0,3849609.2,0,0,4812011.5,0,0,6416015.34,0,0,3849609.2,0,0,4812011.5,0,0,3849609.2,0,0,3849609.2,0,0,3208007.67,0,0,3208007.67,0,0,3208007.67,0,0,3208007.67,0,0,3208007.67,0,0,3208007.67,0,0,3208007.67,0,0,3208007.67,0,0,3208007.67,0,0,3208007.67,0,0,3208007.67,0,0,3208007.67,0,0,3208007.67,0,0,3208007.67,0,0,3208007.67,0,0,3208007.67,0,0,3208007.67,0,0,3208007.67,0,0,3208007.67,0,0,3849609.2,0,0,3849609.2,0,0,3208007.67,0,0,3208007.67,0,0,3208007.67,0,0,3208007.67,0,0,3208007.67,0,0,3208007.67,0,0,3208007.67,0,0,3208007.67,0,0,3208007.67,0,0,19248046.01,0,0,3208007.67,0,0,3208007.67,0,0,3208007.67,0,0,4812011.5,0,0,3208007.67,0,0,4812011.5,0,0,3208007.67
0,2,Pfizer,2021-05-31,COVCKD,0,0,0,0,0,0,0,0,0,0,0,0,0,0,0,0,0,0,0,0,0,0,0,0,0,0,0,0,0,0,0,0,0,0,0,0,0,0,0,0,0,0,0,0,0,0,0,0,0,0,3208007.67,0,0,3208007.67,0,0,3208007.67,0,0,3849609.2,0,0,4812011.5,0,0,6416015.34,0,0,3849609.2,0,0,4812011.5,0,0,3849609.2,0,0,3849609.2,0,0,3208007.67,0,0,3208007.67,0,0,3208007.67,0,0,3208007.67,0,0,3208007.67,0,0,3208007.67,0,0,3208007.67,0,0,3208007.67,0,0,3208007.67,0,0,3208007.67,0,0,3208007.67,0,0,3208007.67,0,0,3208007.67,0,0,3208007.67,0,0,3208007.67,0,0,3208007.67,0,0,3208007.67,0,0,3208007.67,0,0,3208007.67,0,0,3849609.2,0,0,3849609.2,0,0,3208007.67,0,0,3208007.67,0,0,3208007.67,0,0,3208007.67,0,0,3208007.67,0,0,3208007.67,0,0,3208007.67,0,0,3208007.67,0,0,3208007.67,0,0,19248046.01,0,0,3208007.67,0,0,3208007.67,0,0,3208007.67,0,0,4812011.5,0,0,3208007.67,0,0,4812011.5,0,0,3208007.67
0,2,Pfizer,2021-06-07,COVCKD,0,0,0,0,0,0,0,0,0,0,0,0,0,0,0,0,0,0,0,0,0,0,0,0,0,0,0,0,0,0,0,0,0,0,0,0,0,0,0,0,0,0,0,0,0,0,0,0,0,0,3208007.67,0,0,3208007.67,0,0,3208007.67,0,0,3849609.2,0,0,4812011.5,0,0,6416015.34,0,0,3849609.2,0,0,4812011.5,0,0,3849609.2,0,0,3849609.2,0,0,3208007.67,0,0,3208007.67,0,0,3208007.67,0,0,3208007.67,0,0,3208007.67,0,0,3208007.67,0,0,3208007.67,0,0,3208007.67,0,0,3208007.67,0,0,3208007.67,0,0,3208007.67,0,0,3208007.67,0,0,3208007.67,0,0,3208007.67,0,0,3208007.67,0,0,3208007.67,0,0,3208007.67,0,0,3208007.67,0,0,3208007.67,0,0,3849609.2,0,0,3849609.2,0,0,3208007.67,0,0,3208007.67,0,0,3208007.67,0,0,3208007.67,0,0,3208007.67,0,0,3208007.67,0,0,3208007.67,0,0,3208007.67,0,0,3208007.67,0,0,19248046.01,0,0,3208007.67,0,0,3208007.67,0,0,3208007.67,0,0,4812011.5,0,0,3208007.67,0,0,4812011.5,0,0,3208007.67
0,2,Pfizer,2021-06-14,COVCKD,0,0,0,0,0,0,0,0,0,0,0,0,0,0,0,0,0,0,0,0,0,0,0,0,0,0,0,0,0,0,0,0,0,0,0,0,0,0,0,0,0,0,0,0,0,0,0,0,0,0,3208007.67,0,0,3208007.67,0,0,3208007.67,0,0,3849609.2,0,0,4812011.5,0,0,6416015.34,0,0,3849609.2,0,0,4812011.5,0,0,3849609.2,0,0,3849609.2,0,0,3208007.67,0,0,3208007.67,0,0,3208007.67,0,0,3208007.67,0,0,3208007.67,0,0,3208007.67,0,0,3208007.67,0,0,3208007.67,0,0,3208007.67,0,0,3208007.67,0,0,3208007.67,0,0,3208007.67,0,0,3208007.67,0,0,3208007.67,0,0,3208007.67,0,0,3208007.67,0,0,3208007.67,0,0,3208007.67,0,0,3208007.67,0,0,3849609.2,0,0,3849609.2,0,0,3208007.67,0,0,3208007.67,0,0,3208007.67,0,0,3208007.67,0,0,3208007.67,0,0,3208007.67,0,0,3208007.67,0,0,3208007.67,0,0,3208007.67,0,0,19248046.01,0,0,3208007.67,0,0,3208007.67,0,0,3208007.67,0,0,4812011.5,0,0,3208007.67,0,0,4812011.5,0,0,3208007.67
0,2,Pfizer,2021-06-21,COVCKD,0,0,0,0,0,0,0,0,0,0,0,0,0,0,0,0,0,0,0,0,0,0,0,0,0,0,0,0,0,0,0,0,0,0,0,0,0,0,0,0,0,0,0,0,0,0,0,0,0,0,3208007.67,0,0,3208007.67,0,0,3208007.67,0,0,3849609.2,0,0,4812011.5,0,0,6416015.34,0,0,3849609.2,0,0,4812011.5,0,0,3849609.2,0,0,3849609.2,0,0,3208007.67,0,0,3208007.67,0,0,3208007.67,0,0,3208007.67,0,0,3208007.67,0,0,3208007.67,0,0,3208007.67,0,0,3208007.67,0,0,3208007.67,0,0,3208007.67,0,0,3208007.67,0,0,3208007.67,0,0,3208007.67,0,0,3208007.67,0,0,3208007.67,0,0,3208007.67,0,0,3208007.67,0,0,3208007.67,0,0,3208007.67,0,0,3849609.2,0,0,3849609.2,0,0,3208007.67,0,0,3208007.67,0,0,3208007.67,0,0,3208007.67,0,0,3208007.67,0,0,3208007.67,0,0,3208007.67,0,0,3208007.67,0,0,3208007.67,0,0,19248046.01,0,0,3208007.67,0,0,3208007.67,0,0,3208007.67,0,0,4812011.5,0,0,3208007.67,0,0,4812011.5,0,0,3208007.67
0,2,Pfizer,2021-06-28,COVCKD,0,0,0,0,0,0,0,0,0,0,0,0,0,0,0,0,0,0,0,0,0,0,0,0,0,0,0,0,0,0,0,0,0,0,0,0,0,0,0,0,0,0,0,0,0,0,0,0,0,0,6416015.34,0,0,6416015.34,0,0,6416015.34,0,0,7485351.23,0,0,11228026.84,0,0,14970702.45,0,0,7485351.23,0,0,8982421.47,0,0,8982421.47,0,0,8982421.47,0,0,6416015.34,0,0,6416015.34,0,0,6416015.34,0,0,6416015.34,0,0,6416015.34,0,0,6416015.34,0,0,6416015.34,0,0,6416015.34,0,0,6416015.34,0,0,6416015.34,0,0,6416015.34,0,0,6416015.34,0,0,6416015.34,0,0,6416015.34,0,0,6416015.34,0,0,6416015.34,0,0,6416015.34,0,0,6416015.34,0,0,6416015.34,0,0,7485351.23,0,0,7485351.23,0,0,6416015.34,0,0,6416015.34,0,0,6416015.34,0,0,6416015.34,0,0,6416015.34,0,0,6416015.34,0,0,6416015.34,0,0,6416015.34,0,0,6416015.34,0,0,44912107.35,0,0,6416015.34,0,0,6416015.34,0,0,6416015.34,0,0,8982421.47,0,0,6416015.34,0,0,8982421.47,0,0,6416015.34
0,1,Pfizer,2021-03-08,COVCKD,0,0,0,0,0,0,0,0,0,0,0,0,0,0,0,0,0,0,0,0,0,0,0,0,0,0,0,0,0,0,0,0,0,0,0,0,0,0,0,0,0,0,0,0,0,0,0,0,0,0,13473632.21,0,0,13473632.21,0,0,13473632.21,0,0,44912107.35,0,0,14970702.45,0,0,67368161.03,0,0,14970702.45,0,0,19248046.01,0,0,134736322.06,0,0,134736322.06,0,0,13473632.21,0,0,13473632.21,0,0,13473632.21,0,0,13473632.21,0,0,13473632.21,0,0,13473632.21,0,0,13473632.21,0,0,13473632.21,0,0,13473632.21,0,0,13473632.21,0,0,13473632.21,0,0,13473632.21,0,0,13473632.21,0,0,13473632.21,0,0,13473632.21,0,0,13473632.21,0,0,13473632.21,0,0,13473632.21,0,0,13473632.21,0,0,44912107.35,0,0,44912107.35,0,0,13473632.21,0,0,13473632.21,0,0,13473632.21,0,0,13473632.21,0,0,13473632.21,0,0,13473632.21,0,0,13473632.21,0,0,13473632.21,0,0,13473632.21,,,0,0,0,13473632.21,0,0,13473632.21,0,0,13473632.21,0,0,67368161.03,0,0,13473632.21,0,0,67368161.03,0,0,13473632.21
0,1,Pfizer,2021-03-15,COVCKD,0,0,0,0,0,0,0,0,0,0,0,0,0,0,0,0,0,0,0,0,0,0,0,0,0,0,0,0,0,0,0,0,0,0,0,0,0,0,0,0,0,0,0,0,0,0,0,0,0,0,5389452.88,0,0,5389452.88,0,0,5389452.88,0,0,7485351.23,0,0,9624023,0,0,19248046.01,0,0,7485351.23,0,0,12248756.55,0,0,12248756.55,0,0,12248756.55,0,0,5389452.88,0,0,5389452.88,0,0,5389452.88,0,0,5389452.88,0,0,5389452.88,0,0,5389452.88,0,0,6416015.34,0,0,6416015.34,0,0,5389452.88,0,0,5389452.88,0,0,5389452.88,0,0,5389452.88,0,0,5389452.88,0,0,5389452.88,0,0,5389452.88,0,0,5389452.88,0,0,5389452.88,0,0,5389452.88,0,0,5389452.88,0,0,7485351.23,0,0,7485351.23,0,0,5389452.88,0,0,5389452.88,0,0,5389452.88,0,0,5389452.88,0,0,5389452.88,0,0,5389452.88,0,0,5389452.88,0,0,5389452.88,0,0,5389452.88,,,0,0,0,5389452.88,0,0,5389452.88,0,0,5389452.88,0,0,12248756.55,0,0,5389452.88,0,0,12248756.55,0,0,5389452.88
0,1,Pfizer,2021-03-22,COVCKD,0,0,0,0,0,0,0,0,0,0,0,0,0,0,0,0,0,0,0,0,0,0,0,0,0,0,0,0,0,0,0,0,0,0,0,0,0,0,0,0,0,0,0,0,0,0,0,0,0,0,4812011.5,0,0,4812011.5,0,0,4812011.5,0,0,6416015.34,0,0,9624023,0,0,19248046.01,0,0,6416015.34,0,0,9624023,0,0,9624023,0,0,9624023,0,0,4812011.5,0,0,4812011.5,0,0,4812011.5,0,0,4812011.5,0,0,4812011.5,0,0,4812011.5,0,0,6416015.34,0,0,6416015.34,0,0,4812011.5,0,0,4812011.5,0,0,4812011.5,0,0,4812011.5,0,0,4812011.5,0,0,4812011.5,0,0,4812011.5,0,0,4812011.5,0,0,4812011.5,0,0,4812011.5,0,0,4812011.5,0,0,6416015.34,0,0,6416015.34,0,0,4812011.5,0,0,4812011.5,0,0,4812011.5,0,0,4812011.5,0,0,4812011.5,0,0,4812011.5,0,0,4812011.5,0,0,4812011.5,0,0,4812011.5,,,0,0,0,4812011.5,0,0,4812011.5,0,0,4812011.5,0,0,9624023,0,0,4812011.5,0,0,9624023,0,0,4812011.5
0,1,Pfizer,2021-03-29,COVCKD,0,0,0,0,0,0,0,0,0,0,0,0,0,0,0,0,0,0,0,0,0,0,0,0,0,0,0,0,0,0,0,0,0,0,0,0,0,0,0,0,0,0,0,0,0,0,0,0,0,0,4210510.06,0,0,4210510.06,0,0,4210510.06,0,0,5389452.88,0,0,9624023,0,0,19248046.01,0,0,5389452.88,0,0,7485351.23,0,0,9624023,0,0,9624023,0,0,4210510.06,0,0,4210510.06,0,0,4210510.06,0,0,4210510.06,0,0,4210510.06,0,0,4210510.06,0,0,5389452.88,0,0,5389452.88,0,0,4210510.06,0,0,4210510.06,0,0,4210510.06,0,0,4210510.06,0,0,4210510.06,0,0,4210510.06,0,0,4210510.06,0,0,4210510.06,0,0,4210510.06,0,0,4210510.06,0,0,4210510.06,0,0,5389452.88,0,0,5389452.88,0,0,4210510.06,0,0,4210510.06,0,0,4210510.06,0,0,4210510.06,0,0,4210510.06,0,0,4210510.06,0,0,4210510.06,0,0,4210510.06,0,0,4210510.06,0,0,33684080.52,0,0,4210510.06,0,0,4210510.06,0,0,4210510.06,0,0,7485351.23,0,0,4210510.06,0,0,7485351.23,0,0,4210510.06
0,1,Pfizer,2021-04-05,COVCKD,0,0,0,0,0,0,0,0,0,0,0,0,0,0,0,0,0,0,0,0,0,0,0,0,0,0,0,0,0,0,0,0,0,0,0,0,0,0,0,0,0,0,0,0,0,0,0,0,0,0,4210510.06,0,0,4210510.06,0,0,4210510.06,0,0,6124378.28,0,0,7925666,0,0,13473632.21,0,0,4346332.97,0,0,6416015.34,0,0,12248756.55,0,0,12248756.55,0,0,4210510.06,0,0,4210510.06,0,0,4210510.06,0,0,4210510.06,0,0,4210510.06,0,0,4210510.06,0,0,5389452.88,0,0,5389452.88,0,0,4210510.06,0,0,4210510.06,0,0,4210510.06,0,0,4210510.06,0,0,4210510.06,0,0,4210510.06,0,0,4210510.06,0,0,4210510.06,0,0,4210510.06,0,0,4210510.06,0,0,4210510.06,0,0,6124378.28,0,0,6124378.28,0,0,4210510.06,0,0,4210510.06,0,0,4210510.06,0,0,4210510.06,0,0,4210510.06,0,0,4210510.06,0,0,4210510.06,0,0,4210510.06,0,0,4210510.06,0,0,19248046.01,0,0,4210510.06,0,0,4210510.06,0,0,4210510.06,0,0,6416015.34,0,0,4210510.06,0,0,6416015.34,0,0,4210510.06
0,1,Pfizer,2021-05-24,COVCKD,0,0,0,0,0,0,0,0,0,0,0,0,0,0,0,0,0,0,0,0,0,0,0,0,0,0,0,0,0,0,0,0,0,0,0,0,0,0,0,0,0,0,0,0,0,0,0,0,0,0,4812011.5,0,0,4812011.5,0,0,4812011.5,0,0,6416015.34,0,0,9624023,0,0,19248046.01,0,0,4812011.5,0,0,6416015.34,0,0,19248046.01,0,0,19248046.01,0,0,4812011.5,0,0,4812011.5,0,0,4812011.5,0,0,4812011.5,0,0,4812011.5,0,0,4812011.5,0,0,6416015.34,0,0,6416015.34,0,0,4812011.5,0,0,4812011.5,0,0,4812011.5,0,0,4812011.5,0,0,4812011.5,0,0,4812011.5,0,0,4812011.5,0,0,4812011.5,0,0,4812011.5,0,0,4812011.5,0,0,4812011.5,0,0,6416015.34,0,0,6416015.34,0,0,4812011.5,0,0,4812011.5,0,0,4812011.5,0,0,4812011.5,0,0,4812011.5,0,0,4812011.5,0,0,4812011.5,0,0,4812011.5,0,0,4812011.5,,,0,0,0,4812011.5,0,0,4812011.5,0,0,4812011.5,0,0,6416015.34,0,0,4812011.5,0,0,6416015.34,0,0,4812011.5
0,1,Pfizer,2021-05-31,COVCKD,0,0,0,0,0,0,0,0,0,0,0,0,0,0,0,0,0,0,0,0,0,0,0,0,0,0,0,0,0,0,0,0,0,0,0,0,0,0,0,0,0,0,0,0,0,0,0,0,0,0,4812011.5,0,0,4812011.5,0,0,4812011.5,0,0,6416015.34,0,0,9624023,0,0,19248046.01,0,0,4812011.5,0,0,6416015.34,0,0,19248046.01,0,0,19248046.01,0,0,4812011.5,0,0,4812011.5,0,0,4812011.5,0,0,4812011.5,0,0,4812011.5,0,0,4812011.5,0,0,6416015.34,0,0,6416015.34,0,0,4812011.5,0,0,4812011.5,0,0,4812011.5,0,0,4812011.5,0,0,4812011.5,0,0,4812011.5,0,0,4812011.5,0,0,4812011.5,0,0,4812011.5,0,0,4812011.5,0,0,4812011.5,0,0,6416015.34,0,0,6416015.34,0,0,4812011.5,0,0,4812011.5,0,0,4812011.5,0,0,4812011.5,0,0,4812011.5,0,0,4812011.5,0,0,4812011.5,0,0,4812011.5,0,0,4812011.5,,,0,0,0,4812011.5,0,0,4812011.5,0,0,4812011.5,0,0,6416015.34,0,0,4812011.5,0,0,6416015.34,0,0,4812011.5
0,1,Pfizer,2021-06-07,COVCKD,0,0,0,0,0,0,0,0,0,0,0,0,0,0,0,0,0,0,0,0,0,0,0,0,0,0,0,0,0,0,0,0,0,0,0,0,0,0,0,0,0,0,0,0,0,0,0,0,0,0,4812011.5,0,0,4812011.5,0,0,4812011.5,0,0,6416015.34,0,0,9624023,0,0,19248046.01,0,0,4812011.5,0,0,6416015.34,0,0,19248046.01,0,0,19248046.01,0,0,4812011.5,0,0,4812011.5,0,0,4812011.5,0,0,4812011.5,0,0,4812011.5,0,0,4812011.5,0,0,6416015.34,0,0,6416015.34,0,0,4812011.5,0,0,4812011.5,0,0,4812011.5,0,0,4812011.5,0,0,4812011.5,0,0,4812011.5,0,0,4812011.5,0,0,4812011.5,0,0,4812011.5,0,0,4812011.5,0,0,4812011.5,0,0,6416015.34,0,0,6416015.34,0,0,4812011.5,0,0,4812011.5,0,0,4812011.5,0,0,4812011.5,0,0,4812011.5,0,0,4812011.5,0,0,4812011.5,0,0,4812011.5,0,0,4812011.5,,,0,0,0,4812011.5,0,0,4812011.5,0,0,4812011.5,0,0,6416015.34,0,0,4812011.5,0,0,6416015.34,0,0,4812011.5
0,1,Pfizer,2021-06-14,COVCKD,0,0,0,0,0,0,0,0,0,0,0,0,0,0,0,0,0,0,0,0,0,0,0,0,0,0,0,0,0,0,0,0,0,0,0,0,0,0,0,0,0,0,0,0,0,0,0,0,0,0,4812011.5,0,0,4812011.5,0,0,4812011.5,0,0,6416015.34,0,0,9624023,0,0,19248046.01,0,0,4812011.5,0,0,6416015.34,0,0,19248046.01,0,0,19248046.01,0,0,4812011.5,0,0,4812011.5,0,0,4812011.5,0,0,4812011.5,0,0,4812011.5,0,0,4812011.5,0,0,6416015.34,0,0,6416015.34,0,0,4812011.5,0,0,4812011.5,0,0,4812011.5,0,0,4812011.5,0,0,4812011.5,0,0,4812011.5,0,0,4812011.5,0,0,4812011.5,0,0,4812011.5,0,0,4812011.5,0,0,4812011.5,0,0,6416015.34,0,0,6416015.34,0,0,4812011.5,0,0,4812011.5,0,0,4812011.5,0,0,4812011.5,0,0,4812011.5,0,0,4812011.5,0,0,4812011.5,0,0,4812011.5,0,0,4812011.5,,,0,0,0,4812011.5,0,0,4812011.5,0,0,4812011.5,0,0,6416015.34,0,0,4812011.5,0,0,6416015.34,0,0,4812011.5
0,1,Pfizer,2021-06-21,COVCKD,0,0,0,0,0,0,0,0,0,0,0,0,0,0,0,0,0,0,0,0,0,0,0,0,0,0,0,0,0,0,0,0,0,0,0,0,0,0,0,0,0,0,0,0,0,0,0,0,0,0,4812011.5,0,0,4812011.5,0,0,4812011.5,0,0,6416015.34,0,0,9624023,0,0,19248046.01,0,0,4812011.5,0,0,6416015.34,0,0,19248046.01,0,0,19248046.01,0,0,4812011.5,0,0,4812011.5,0,0,4812011.5,0,0,4812011.5,0,0,4812011.5,0,0,4812011.5,0,0,6416015.34,0,0,6416015.34,0,0,4812011.5,0,0,4812011.5,0,0,4812011.5,0,0,4812011.5,0,0,4812011.5,0,0,4812011.5,0,0,4812011.5,0,0,4812011.5,0,0,4812011.5,0,0,4812011.5,0,0,4812011.5,0,0,6416015.34,0,0,6416015.34,0,0,4812011.5,0,0,4812011.5,0,0,4812011.5,0,0,4812011.5,0,0,4812011.5,0,0,4812011.5,0,0,4812011.5,0,0,4812011.5,0,0,4812011.5,,,0,0,0,4812011.5,0,0,4812011.5,0,0,4812011.5,0,0,6416015.34,0,0,4812011.5,0,0,6416015.34,0,0,4812011.5
0,1,Pfizer,2021-06-28,COVCKD,0,0,0,0,0,0,0,0,0,0,0,0,0,0,0,0,0,0,0,0,0,0,0,0,0,0,0,0,0,0,0,0,0,0,0,0,0,0,0,0,0,0,0,0,0,0,0,0,0,0,14970702.45,0,0,14970702.45,0,0,14970702.45,0,0,22456053.68,0,0,22456053.68,0,0,44912107.35,0,0,14970702.45,0,0,22456053.68,0,0,44912107.35,0,0,44912107.35,0,0,14970702.45,0,0,14970702.45,0,0,14970702.45,0,0,14970702.45,0,0,14970702.45,0,0,14970702.45,0,0,22456053.68,0,0,22456053.68,0,0,14970702.45,0,0,14970702.45,0,0,14970702.45,0,0,14970702.45,0,0,14970702.45,0,0,14970702.45,0,0,14970702.45,0,0,14970702.45,0,0,14970702.45,0,0,14970702.45,0,0,14970702.45,0,0,22456053.68,0,0,22456053.68,0,0,14970702.45,0,0,14970702.45,0,0,14970702.45,0,0,14970702.45,0,0,14970702.45,0,0,14970702.45,0,0,14970702.45,0,0,14970702.45,0,0,14970702.45,,,0,0,0,14970702.45,0,0,14970702.45,0,0,14970702.45,0,0,22456053.68,0,0,14970702.45,0,0,22456053.68,0,0,14970702.45
0,1,Pfizer,2021-02-01,COVCKD,0,0,0,0,0,0,0,0,0,0,0,0,0,0,0,0,0,0,0,0,0,0,0,0,0,0,0,0,0,0,0,0,0,0,0,0,0,0,0,0,0,0,0,0,0,0,0,0,0,0,44912107.35,0,0,44912107.35,0,0,44912107.35,,,0,0,0,44912107.35,,,0,0,0,44912107.35,0,0,44912107.35,,,0,,,0,0,0,44912107.35,0,0,44912107.35,0,0,44912107.35,0,0,44912107.35,0,0,44912107.35,0,0,44912107.35,0,0,44912107.35,0,0,44912107.35,0,0,44912107.35,0,0,44912107.35,0,0,44912107.35,0,0,44912107.35,0,0,44912107.35,0,0,44912107.35,0,0,44912107.35,0,0,44912107.35,0,0,44912107.35,0,0,44912107.35,0,0,44912107.35,,,0,,,0,0,0,44912107.35,0,0,44912107.35,0,0,44912107.35,0,0,44912107.35,0,0,44912107.35,0,0,44912107.35,0,0,44912107.35,0,0,44912107.35,0,0,44912107.35,,,0,0,0,44912107.35,0,0,44912107.35,0,0,44912107.35,,,0,0,0,44912107.35,,,0,0,0,44912107.35
0,1,Pfizer,2021-02-08,COVCKD,0,0,0,0,0,0,0,0,0,0,0,0,0,0,0,0,0,0,0,0,0,0,0,0,0,0,0,0,0,0,0,0,0,0,0,0,0,0,0,0,0,0,0,0,0,0,0,0,0,0,19248046.01,0,0,19248046.01,0,0,19248046.01,,,0,0,0,19248046.01,,,0,0,0,19248046.01,0,0,19248046.01,,,0,,,0,0,0,19248046.01,0,0,19248046.01,0,0,19248046.01,0,0,19248046.01,0,0,19248046.01,0,0,19248046.01,0,0,19248046.01,0,0,19248046.01,0,0,19248046.01,0,0,19248046.01,0,0,19248046.01,0,0,19248046.01,0,0,19248046.01,0,0,19248046.01,0,0,19248046.01,0,0,19248046.01,0,0,19248046.01,0,0,19248046.01,0,0,19248046.01,,,0,,,0,0,0,19248046.01,0,0,19248046.01,0,0,19248046.01,0,0,19248046.01,0,0,19248046.01,0,0,19248046.01,0,0,19248046.01,0,0,19248046.01,0,0,19248046.01,,,0,0,0,19248046.01,0,0,19248046.01,0,0,19248046.01,,,0,0,0,19248046.01,,,0,0,0,19248046.01
0,1,Pfizer,2021-02-15,COVCKD,0,0,0,0,0,0,0,0,0,0,0,0,0,0,0,0,0,0,0,0,0,0,0,0,0,0,0,0,0,0,0,0,0,0,0,0,0,0,0,0,0,0,0,0,0,0,0,0,0,0,19248046.01,0,0,19248046.01,0,0,19248046.01,,,0,0,0,19248046.01,,,0,0,0,19248046.01,0,0,19248046.01,,,0,,,0,0,0,19248046.01,0,0,19248046.01,0,0,19248046.01,0,0,19248046.01,0,0,19248046.01,0,0,19248046.01,0,0,19248046.01,0,0,19248046.01,0,0,19248046.01,0,0,19248046.01,0,0,19248046.01,0,0,19248046.01,0,0,19248046.01,0,0,19248046.01,0,0,19248046.01,0,0,19248046.01,0,0,19248046.01,0,0,19248046.01,0,0,19248046.01,,,0,,,0,0,0,19248046.01,0,0,19248046.01,0,0,19248046.01,0,0,19248046.01,0,0,19248046.01,0,0,19248046.01,0,0,19248046.01,0,0,19248046.01,0,0,19248046.01,,,0,0,0,19248046.01,0,0,19248046.01,0,0,19248046.01,,,0,0,0,19248046.01,,,0,0,0,19248046.01
0,1,Pfizer,2021-02-22,COVCKD,0,0,0,0,0,0,0,0,0,0,0,0,0,0,0,0,0,0,0,0,0,0,0,0,0,0,0,0,0,0,0,0,0,0,0,0,0,0,0,0,0,0,0,0,0,0,0,0,0,0,19248046.01,0,0,19248046.01,0,0,19248046.01,,,0,0,0,19248046.01,,,0,0,0,19248046.01,0,0,19248046.01,,,0,,,0,0,0,19248046.01,0,0,19248046.01,0,0,19248046.01,0,0,19248046.01,0,0,19248046.01,0,0,19248046.01,0,0,19248046.01,0,0,19248046.01,0,0,19248046.01,0,0,19248046.01,0,0,19248046.01,0,0,19248046.01,0,0,19248046.01,0,0,19248046.01,0,0,19248046.01,0,0,19248046.01,0,0,19248046.01,0,0,19248046.01,0,0,19248046.01,,,0,,,0,0,0,19248046.01,0,0,19248046.01,0,0,19248046.01,0,0,19248046.01,0,0,19248046.01,0,0,19248046.01,0,0,19248046.01,0,0,19248046.01,0,0,19248046.01,,,0,0,0,19248046.01,0,0,19248046.01,0,0,19248046.01,,,0,0,0,19248046.01,,,0,0,0,19248046.01
0,1,Pfizer,2021-03-01,COVCKD,0,0,0,0,0,0,0,0,0,0,0,0,0,0,0,0,0,0,0,0,0,0,0,0,0,0,0,0,0,0,0,0,0,0,0,0,0,0,0,0,0,0,0,0,0,0,0,0,0,0,19248046.01,0,0,19248046.01,0,0,19248046.01,,,0,0,0,19248046.01,,,0,0,0,19248046.01,0,0,19248046.01,,,0,,,0,0,0,19248046.01,0,0,19248046.01,0,0,19248046.01,0,0,19248046.01,0,0,19248046.01,0,0,19248046.01,0,0,19248046.01,0,0,19248046.01,0,0,19248046.01,0,0,19248046.01,0,0,19248046.01,0,0,19248046.01,0,0,19248046.01,0,0,19248046.01,0,0,19248046.01,0,0,19248046.01,0,0,19248046.01,0,0,19248046.01,0,0,19248046.01,,,0,,,0,0,0,19248046.01,0,0,19248046.01,0,0,19248046.01,0,0,19248046.01,0,0,19248046.01,0,0,19248046.01,0,0,19248046.01,0,0,19248046.01,0,0,19248046.01,,,0,0,0,19248046.01,0,0,19248046.01,0,0,19248046.01,,,0,0,0,19248046.01,,,0,0,0,19248046.01
0,2,Pfizer,2021-04-05,COVCKD,0,0,0,0,0,0,0,0,0,0,0,0,0,0,0,0,0,0,0,0,0,0,0,0,0,0,0,0,0,0,0,0,0,0,0,0,0,0,0,0,0,0,0,0,0,0,0,0,0,0,22456053.68,0,0,22456053.68,0,0,22456053.68,0,0,22456053.68,,,0,,,0,,,0,,,0,0,0,22456053.68,0,0,22456053.68,0,0,22456053.68,0,0,22456053.68,0,0,22456053.68,0,0,22456053.68,0,0,22456053.68,0,0,22456053.68,0,0,22456053.68,0,0,22456053.68,0,0,22456053.68,0,0,22456053.68,0,0,22456053.68,0,0,22456053.68,0,0,22456053.68,0,0,22456053.68,0,0,22456053.68,0,0,22456053.68,0,0,22456053.68,0,0,22456053.68,0,0,22456053.68,0,0,22456053.68,0,0,22456053.68,0,0,22456053.68,0,0,22456053.68,0,0,22456053.68,0,0,22456053.68,0,0,22456053.68,0,0,22456053.68,0,0,22456053.68,0,0,22456053.68,0,0,22456053.68,,,0,0,0,22456053.68,0,0,22456053.68,0,0,22456053.68,,,0,0,0,22456053.68,,,0,0,0,22456053.68
0,2,Pfizer,2021-04-12,COVCKD,0,0,0,0,0,0,0,0,0,0,0,0,0,0,0,0,0,0,0,0,0,0,0,0,0,0,0,0,0,0,0,0,0,0,0,0,0,0,0,0,0,0,0,0,0,0,0,0,0,0,19248046.01,0,0,19248046.01,0,0,19248046.01,0,0,19248046.01,,,0,,,0,,,0,,,0,0,0,19248046.01,0,0,19248046.01,0,0,19248046.01,0,0,19248046.01,0,0,19248046.01,0,0,19248046.01,0,0,19248046.01,0,0,19248046.01,0,0,19248046.01,0,0,19248046.01,0,0,19248046.01,0,0,19248046.01,0,0,19248046.01,0,0,19248046.01,0,0,19248046.01,0,0,19248046.01,0,0,19248046.01,0,0,19248046.01,0,0,19248046.01,0,0,19248046.01,0,0,19248046.01,0,0,19248046.01,0,0,19248046.01,0,0,19248046.01,0,0,19248046.01,0,0,19248046.01,0,0,19248046.01,0,0,19248046.01,0,0,19248046.01,0,0,19248046.01,0,0,19248046.01,0,0,19248046.01,,,0,0,0,19248046.01,0,0,19248046.01,0,0,19248046.01,,,0,0,0,19248046.01,,,0,0,0,19248046.01
0,2,Pfizer,2021-04-19,COVCKD,0,0,0,0,0,0,0,0,0,0,0,0,0,0,0,0,0,0,0,0,0,0,0,0,0,0,0,0,0,0,0,0,0,0,0,0,0,0,0,0,0,0,0,0,0,0,0,0,0,0,13473632.21,0,0,13473632.21,0,0,13473632.21,0,0,13473632.21,,,0,,,0,0,0,44912107.35,0,0,44912107.35,0,0,19248046.01,0,0,19248046.01,0,0,13473632.21,0,0,13473632.21,0,0,13473632.21,0,0,13473632.21,0,0,13473632.21,0,0,13473632.21,0,0,13473632.21,0,0,13473632.21,0,0,13473632.21,0,0,13473632.21,0,0,13473632.21,0,0,13473632.21,0,0,13473632.21,0,0,13473632.21,0,0,13473632.21,0,0,13473632.21,0,0,13473632.21,0,0,13473632.21,0,0,13473632.21,0,0,13473632.21,0,0,13473632.21,0,0,13473632.21,0,0,13473632.21,0,0,13473632.21,0,0,13473632.21,0,0,13473632.21,0,0,13473632.21,0,0,13473632.21,0,0,13473632.21,0,0,13473632.21,0,0,44912107.35,0,0,13473632.21,0,0,13473632.21,0,0,13473632.21,0,0,44912107.35,0,0,13473632.21,0,0,44912107.35,0,0,13473632.21
0,2,Pfizer,2021-04-26,COVCKD,0,0,0,0,0,0,0,0,0,0,0,0,0,0,0,0,0,0,0,0,0,0,0,0,0,0,0,0,0,0,0,0,0,0,0,0,0,0,0,0,0,0,0,0,0,0,0,0,0,0,8982421.47,0,0,8982421.47,0,0,8982421.47,0,0,9624023,0,0,134736322.06,0,0,134736322.06,0,0,16842040.26,0,0,19248046.01,0,0,16842040.26,0,0,16842040.26,0,0,8982421.47,0,0,8982421.47,0,0,8982421.47,0,0,8982421.47,0,0,8982421.47,0,0,8982421.47,0,0,8982421.47,0,0,8982421.47,0,0,8982421.47,0,0,8982421.47,0,0,8982421.47,0,0,8982421.47,0,0,8982421.47,0,0,8982421.47,0,0,8982421.47,0,0,8982421.47,0,0,8982421.47,0,0,8982421.47,0,0,8982421.47,0,0,9624023,0,0,9624023,0,0,8982421.47,0,0,8982421.47,0,0,8982421.47,0,0,8982421.47,0,0,8982421.47,0,0,8982421.47,0,0,8982421.47,0,0,8982421.47,0,0,8982421.47,0,0,19248046.01,0,0,8982421.47,0,0,8982421.47,0,0,8982421.47,0,0,19248046.01,0,0,8982421.47,0,0,19248046.01,0,0,8982421.47
1,0,0,2020-01-06,COVCKD,0,0,0,0,0,0,0,0,0,0,0,0,0,0,0,0,0,0,0,0,0,0,0,0,0,0,0,0,0,0,0,0,0,0,0,0,0,0,0,0,0,0,0,0,0,0,0,0,0,0,736264.05,0,0,765547.28,0,0,736264.05,0,0,910380.55,0,0,1013055.05,0,0,1132238,0,0,765547.28,0,0,910380.55,0,0,916573.62,0,0,916573.62,0,0,736264.05,0,0,736264.05,0,0,736264.05,0,0,736264.05,0,0,736264.05,0,0,736264.05,0,0,831705.69,0,0,869266.59,0,0,736264.05,0,0,736264.05,0,0,736264.05,0,0,736264.05,0,0,736264.05,0,0,736264.05,0,0,736264.05,0,0,736264.05,0,0,736264.05,0,0,736264.05,0,0,736264.05,0,0,736264.05,0,0,765547.28,0,0,736264.05,0,0,736264.05,0,0,736264.05,0,0,736264.05,0,0,736264.05,0,0,736264.05,0,0,736264.05,0,0,736264.05,0,0,736264.05,0,0,2138671.78,0,0,736264.05,0,0,736264.05,0,0,736264.05,0,0,765547.28,0,0,736264.05,0,0,765547.28,0,0,736264.05
1,0,0,2020-01-13,COVCKD,0,0,0,0,0,0,0,0,0,0,0,0,0,0,0,0,0,0,0,0,0,0,0,0,0,0,0,0,0,0,0,0,0,0,0,0,0,0,0,0,0,0,0,0,0,0,0,0,0,0,740309.46,0,0,769921.84,0,0,740309.46,0,0,916573.62,0,0,1013055.05,0,0,1132238,0,0,769921.84,0,0,916573.62,0,0,916573.62,0,0,916573.62,0,0,740309.46,0,0,740309.46,0,0,740309.46,0,0,740309.46,0,0,740309.46,0,0,740309.46,0,0,836871.57,0,0,874911.18,0,0,740309.46,0,0,740309.46,0,0,740309.46,0,0,740309.46,0,0,740309.46,0,0,740309.46,0,0,740309.46,0,0,740309.46,0,0,740309.46,0,0,740309.46,0,0,740309.46,0,0,740309.46,0,0,769921.84,0,0,740309.46,0,0,740309.46,0,0,740309.46,0,0,740309.46,0,0,740309.46,0,0,740309.46,0,0,740309.46,0,0,740309.46,0,0,740309.46,0,0,2138671.78,0,0,740309.46,0,0,740309.46,0,0,740309.46,0,0,769921.84,0,0,740309.46,0,0,769921.84,0,0,740309.46
1,0,0,2020-01-20,COVCKD,0,0,0,0,0,0,0,0,0,0,0,0,0,0,0,0,0,0,0,0,0,0,0,0,0,0,0,0,0,0,0,0,0,0,0,0,0,0,0,0,0,0,0,0,0,0,0,0,0,0,740309.46,0,0,769921.84,0,0,740309.46,0,0,916573.62,0,0,1013055.05,0,0,1132238,0,0,769921.84,0,0,916573.62,0,0,916573.62,0,0,916573.62,0,0,740309.46,0,0,740309.46,0,0,740309.46,0,0,740309.46,0,0,740309.46,0,0,740309.46,0,0,836871.57,0,0,874911.18,0,0,740309.46,0,0,740309.46,0,0,740309.46,0,0,740309.46,0,0,740309.46,0,0,740309.46,0,0,740309.46,0,0,740309.46,0,0,740309.46,0,0,740309.46,0,0,740309.46,0,0,740309.46,0,0,769921.84,0,0,740309.46,0,0,740309.46,0,0,740309.46,0,0,740309.46,0,0,740309.46,0,0,740309.46,0,0,740309.46,0,0,740309.46,0,0,740309.46,0,0,2138671.78,0,0,740309.46,0,0,740309.46,0,0,740309.46,0,0,769921.84,0,0,740309.46,0,0,769921.84,0,0,740309.46
1,0,0,2020-01-27,COVCKD,0,0,0,0,0,0,0,0,0,0,0,0,0,0,0,0,1,1,0,0,0,0,0,0,0,0,0,0,0,0,0,0,0,0,0,0,0,0,0,0,0,0,0,0,0,0,0,0,0,0,740309.46,0,0,769921.84,0,0,740309.46,0,0,916573.62,0,0,1013055.05,0,0,1132238,0,0,769921.84,0,0,916573.62,0,0,916573.62,0,0,916573.62,0,0,740309.46,0,0,740309.46,0,0,740309.46,0,0,740309.46,0,0,740309.46,0,0,740309.46,226863.35,5743.68,1264001.71,237175.32,6004.76,1321456.33,0,0,740309.46,0,0,740309.46,0,0,740309.46,0,0,740309.46,0,0,740309.46,0,0,740309.46,0,0,740309.46,0,0,740309.46,0,0,740309.46,0,0,740309.46,0,0,740309.46,0,0,740309.46,0,0,769921.84,0,0,740309.46,0,0,740309.46,0,0,740309.46,0,0,740309.46,0,0,740309.46,0,0,740309.46,0,0,740309.46,0,0,740309.46,0,0,740309.46,0,0,2138671.78,0,0,740309.46,0,0,740309.46,0,0,740309.46,0,0,769921.84,0,0,740309.46,0,0,769921.84,0,0,740309.46
1,0,0,2020-02-03,COVCKD,0,0,0,0,0,0,0,0,0,0,0,0,0,0,0,0,0,0,0,0,0,0,0,0,0,0,0,0,0,0,0,0,0,0,0,0,0,0,0,0,0,0,0,0,0,0,0,0,0,0,740309.46,0,0,769921.84,0,0,740309.46,0,0,916573.62,0,0,1013055.05,0,0,1132238,0,0,769921.84,0,0,916573.62,0,0,916573.62,0,0,916573.62,0,0,740309.46,0,0,740309.46,0,0,740309.46,0,0,740309.46,0,0,740309.46,0,0,740309.46,0,0,874911.18,0,0,916573.62,0,0,740309.46,0,0,740309.46,0,0,740309.46,0,0,740309.46,0,0,740309.46,0,0,740309.46,0,0,740309.46,0,0,740309.46,0,0,740309.46,0,0,740309.46,0,0,740309.46,0,0,740309.46,0,0,769921.84,0,0,740309.46,0,0,740309.46,0,0,740309.46,0,0,740309.46,0,0,740309.46,0,0,740309.46,0,0,740309.46,0,0,740309.46,0,0,740309.46,0,0,2138671.78,0,0,740309.46,0,0,740309.46,0,0,740309.46,0,0,769921.84,0,0,740309.46,0,0,769921.84,0,0,740309.46
1,0,0,2020-02-10,COVCKD,0,0,0,0,0,0,0,0,0,0,0,0,0,0,0,0,0,0,0,0,0,0,0,0,0,0,0,0,0,0,0,0,0,0,0,0,0,1,0,0,0,0,0,0,0,0,0,0,0,0,740309.46,0,0,769921.84,0,0,740309.46,0,0,916573.62,0,0,1013055.05,0,0,1132238,0,0,769921.84,0,0,916573.62,0,0,916573.62,0,0,916573.62,0,0,740309.46,0,0,740309.46,0,0,740309.46,0,0,740309.46,0,0,740309.46,0,0,740309.46,0,0,874911.18,0,0,916573.62,0,0,740309.46,0,0,740309.46,0,0,740309.46,0,0,740309.46,0,0,740309.46,0,0,740309.46,0,0,740309.46,0,0,740309.46,0,0,740309.46,0,0,740309.46,0,0,740309.46,0,0,740309.46,0,0,769921.84,0,0,740309.46,0,0,740309.46,0,0,740309.46,0,0,740309.46,0,0,740309.46,0,0,740309.46,0,0,740309.46,0,0,740309.46,0,0,740309.46,608750,15412.22,3391737.91,0,0,740309.46,0,0,740309.46,0,0,740309.46,0,0,769921.84,0,0,740309.46,0,0,769921.84,0,0,740309.46
1,0,0,2020-02-17,COVCKD,0,0,0,0,0,0,0,0,0,0,0,0,0,0,0,0,0,0,0,0,0,0,0,0,0,0,0,0,0,0,0,0,0,0,0,0,0,0,0,0,0,0,0,0,0,0,0,0,0,0,740309.46,0,0,769921.84,0,0,740309.46,0,0,916573.62,0,0,1013055.05,0,0,1132238,0,0,769921.84,0,0,916573.62,0,0,916573.62,0,0,916573.62,0,0,740309.46,0,0,740309.46,0,0,740309.46,0,0,740309.46,0,0,740309.46,0,0,740309.46,0,0,874911.18,0,0,916573.62,0,0,740309.46,0,0,740309.46,0,0,740309.46,0,0,740309.46,0,0,740309.46,0,0,740309.46,0,0,740309.46,0,0,740309.46,0,0,740309.46,0,0,740309.46,0,0,740309.46,0,0,740309.46,0,0,769921.84,0,0,740309.46,0,0,740309.46,0,0,740309.46,0,0,740309.46,0,0,740309.46,0,0,740309.46,0,0,740309.46,0,0,740309.46,0,0,740309.46,0,0,2406005.75,0,0,740309.46,0,0,740309.46,0,0,740309.46,0,0,769921.84,0,0,740309.46,0,0,769921.84,0,0,740309.46
1,0,0,2020-02-24,COVCKD,0,0,0,0,0,0,1,1,0,0,0,0,0,0,0,0,1,1,0,0,0,0,0,0,0,0,0,0,0,0,0,0,0,0,0,0,0,0,0,0,1,1,0,1,0,0,0,0,0,0,748535.12,0,0,778822.67,0,0,748535.12,0,0,916573.62,0,0,1028521.54,0,0,1132238,214852.94,5439.61,1197083.97,257218.31,6512.2,1433128.7,0,0,929216.01,0,0,929216.01,0,0,748535.12,0,0,748535.12,0,0,748535.12,0,0,748535.12,0,0,748535.12,0,0,748535.12,238725.49,6044.01,1330093.3,250171.23,6333.79,1393864.9,0,0,748535.12,0,0,748535.12,0,0,748535.12,0,0,748535.12,0,0,748535.12,0,0,748535.12,0,0,748535.12,0,0,748535.12,0,0,748535.12,0,0,748535.12,0,0,748535.12,0,0,748535.12,0,0,769921.84,0,0,748535.12,0,0,748535.12,0,0,748535.12,0,0,748535.12,0,0,748535.12,0,0,748535.12,0,0,748535.12,0,0,748535.12,0,0,748535.12,0,0,2406005.75,0,0,748535.12,0,0,748535.12,202916.67,5137.41,1130579.3,214852.94,5439.61,1197083.97,0,0,748535.12,214852.94,5439.61,1197083.97,0,0,748535.12
1,0,0,2020-03-02,COVCKD,0,0,0,0,0,0,0,0,0,0,0,0,0,0,0,0,0,0,0,0,0,0,0,0,0,0,0,0,0,0,0,0,0,0,0,0,0,0,0,0,0,0,0,0,0,0,0,0,0,0,769921.84,0,0,802001.92,0,0,769921.84,0,0,916573.62,0,0,1069335.89,0,0,1132238,0,0,836871.57,0,0,1013055.05,0,0,962402.3,0,0,962402.3,0,0,769921.84,0,0,769921.84,0,0,769921.84,0,0,769921.84,0,0,769921.84,0,0,769921.84,0,0,916573.62,0,0,962402.3,0,0,769921.84,0,0,769921.84,0,0,769921.84,0,0,769921.84,0,0,769921.84,0,0,769921.84,0,0,769921.84,0,0,769921.84,0,0,769921.84,0,0,769921.84,0,0,769921.84,0,0,769921.84,0,0,769921.84,0,0,769921.84,0,0,769921.84,0,0,769921.84,0,0,769921.84,0,0,769921.84,0,0,769921.84,0,0,769921.84,0,0,769921.84,0,0,769921.84,0,0,2406005.75,0,0,769921.84,0,0,769921.84,0,0,769921.84,0,0,836871.57,0,0,769921.84,0,0,836871.57,0,0,769921.84
1,0,0,2020-03-09,COVCKD,0,0,0,0,0,0,0,0,0,0,0,0,0,0,0,0,0,0,0,0,0,0,0,0,0,0,0,0,0,0,0,0,0,0,0,0,0,0,0,0,0,0,0,0,0,0,0,1,0,0,769921.84,0,0,802001.92,0,0,769921.84,0,0,916573.62,0,0,1069335.89,0,0,1132238,0,0,836871.57,0,0,1013055.05,0,0,962402.3,0,0,962402.3,0,0,769921.84,0,0,769921.84,0,0,769921.84,0,0,769921.84,0,0,769921.84,0,0,769921.84,0,0,916573.62,0,0,962402.3,0,0,769921.84,0,0,769921.84,0,0,769921.84,0,0,769921.84,0,0,769921.84,213596.49,5407.79,1190083.48,0,0,769921.84,0,0,769921.84,0,0,769921.84,0,0,769921.84,0,0,769921.84,0,0,769921.84,0,0,769921.84,0,0,769921.84,0,0,769921.84,0,0,769921.84,0,0,769921.84,0,0,769921.84,0,0,769921.84,0,0,769921.84,0,0,769921.84,0,0,769921.84,0,0,2406005.75,0,0,769921.84,0,0,769921.84,0,0,769921.84,0,0,836871.57,0,0,769921.84,0,0,836871.57,0,0,769921.84
1,0,0,2020-03-16,COVCKD,0,0,0,0,0,0,0,0,0,0,0,0,0,0,0,0,0,0,0,0,0,0,0,0,0,0,0,0,0,0,0,0,0,0,0,0,0,0,0,0,0,0,0,0,0,0,0,0,0,0,769921.84,0,0,802001.92,0,0,769921.84,0,0,916573.62,0,0,1069335.89,0,0,1132238,0,0,836871.57,0,0,1013055.05,0,0,962402.3,0,0,962402.3,0,0,769921.84,0,0,769921.84,0,0,769921.84,0,0,769921.84,0,0,769921.84,0,0,769921.84,0,0,916573.62,0,0,962402.3,0,0,769921.84,0,0,769921.84,0,0,769921.84,0,0,769921.84,0,0,769921.84,0,0,802001.92,0,0,769921.84,0,0,769921.84,0,0,769921.84,0,0,769921.84,0,0,769921.84,0,0,769921.84,0,0,769921.84,0,0,769921.84,0,0,769921.84,0,0,769921.84,0,0,769921.84,0,0,769921.84,0,0,769921.84,0,0,769921.84,0,0,769921.84,0,0,769921.84,0,0,2406005.75,0,0,769921.84,0,0,769921.84,0,0,769921.84,0,0,836871.57,0,0,769921.84,0,0,836871.57,0,0,769921.84
1,0,0,2020-03-23,COVCKD,0,0,0,0,0,0,0,0,0,0,0,0,0,0,0,0,0,0,0,0,0,0,0,0,0,0,0,0,0,0,0,0,0,0,0,0,0,0,0,0,0,0,0,0,0,0,0,0,0,0,769921.84,0,0,802001.92,0,0,769921.84,0,0,916573.62,0,0,1069335.89,0,0,1132238,0,0,836871.57,0,0,1013055.05,0,0,962402.3,0,0,962402.3,0,0,769921.84,0,0,769921.84,0,0,769921.84,0,0,769921.84,0,0,769921.84,0,0,769921.84,0,0,916573.62,0,0,962402.3,0,0,769921.84,0,0,769921.84,0,0,769921.84,0,0,769921.84,0,0,769921.84,0,0,802001.92,0,0,769921.84,0,0,769921.84,0,0,769921.84,0,0,769921.84,0,0,769921.84,0,0,769921.84,0,0,769921.84,0,0,769921.84,0,0,769921.84,0,0,769921.84,0,0,769921.84,0,0,769921.84,0,0,769921.84,0,0,769921.84,0,0,769921.84,0,0,769921.84,0,0,2406005.75,0,0,769921.84,0,0,769921.84,0,0,769921.84,0,0,836871.57,0,0,769921.84,0,0,836871.57,0,0,769921.84
1,0,0,2020-03-30,COVCKD,0,0,0,0,0,0,0,0,1,1,0,0,0,0,0,0,0,0,0,0,0,0,0,1,0,0,1,1,0,0,0,0,0,0,0,0,0,0,0,1,0,1,0,1,0,0,0,0,0,0,769921.84,0,0,802001.92,0,0,769921.84,0,0,916573.62,0,0,1069335.89,0,0,1132238,0,0,836871.57,0,0,1013055.05,264673.91,6700.96,1474668.66,264673.91,6700.96,1474668.66,0,0,769921.84,0,0,769921.84,0,0,769921.84,0,0,769921.84,0,0,769921.84,0,0,769921.84,0,0,916573.62,0,0,962402.3,0,0,769921.84,0,0,769921.84,0,0,769921.84,0,0,769921.84,0,0,769921.84,0,0,802001.92,0,0,769921.84,0,0,769921.84,211127.17,5345.28,1176325.29,0,0,769921.84,0,0,769921.84,211127.17,5345.28,1176325.29,211127.17,5345.28,1176325.29,0,0,769921.84,0,0,769921.84,0,0,769921.84,0,0,769921.84,0,0,769921.84,0,0,769921.84,0,0,769921.84,0,0,769921.84,0,0,769921.84,0,0,2406005.75,0,0,769921.84,211127.17,5345.28,1176325.29,0,0,769921.84,229716.98,5815.93,1279901.1,0,0,769921.84,229716.98,5815.93,1279901.1,0,0,769921.84
1,0,0,2020-04-06,COVCKD,0,0,0,0,0,0,0,1,0,0,0,0,0,0,0,0,1,1,0,0,0,0,0,0,0,0,0,0,0,0,0,0,0,0,0,0,0,0,0,0,0,0,0,0,0,0,0,0,0,0,769921.84,0,0,802001.92,0,0,769921.84,0,0,916573.62,0,0,1069335.89,0,0,1132238,0,0,836871.57,280961.54,7113.33,1565417.5,0,0,1013055.05,0,0,1013055.05,0,0,769921.84,0,0,769921.84,0,0,769921.84,0,0,769921.84,0,0,769921.84,0,0,769921.84,253645.83,6421.76,1413224.13,266605.84,6749.88,1485432.66,0,0,769921.84,0,0,769921.84,0,0,769921.84,0,0,769921.84,0,0,769921.84,0,0,792566.6,0,0,769921.84,0,0,769921.84,0,0,802001.92,0,0,769921.84,0,0,769921.84,0,0,802001.92,0,0,802001.92,0,0,769921.84,0,0,769921.84,0,0,769921.84,0,0,769921.84,0,0,769921.84,0,0,769921.84,0,0,769921.84,0,0,769921.84,0,0,769921.84,0,0,2406005.75,0,0,769921.84,0,0,802001.92,0,0,769921.84,0,0,874911.18,0,0,769921.84,0,0,874911.18,0,0,769921.84
1,0,0,2020-04-13,COVCKD,0,0,0,0,0,0,0,0,0,0,0,0,0,0,0,0,0,0,0,0,0,0,0,0,0,0,0,0,0,0,0,0,0,0,0,0,0,0,0,0,0,0,0,0,0,0,0,0,0,0,769921.84,0,0,802001.92,0,0,769921.84,0,0,916573.62,0,0,1069335.89,0,0,1132238,0,0,836871.57,0,0,1069335.89,0,0,1013055.05,0,0,1013055.05,0,0,769921.84,0,0,769921.84,0,0,769921.84,0,0,769921.84,0,0,769921.84,0,0,769921.84,0,0,962402.3,0,0,1013055.05,0,0,769921.84,0,0,769921.84,0,0,769921.84,0,0,769921.84,0,0,769921.84,0,0,769921.84,0,0,769921.84,0,0,769921.84,0,0,802001.92,0,0,769921.84,0,0,769921.84,0,0,802001.92,0,0,802001.92,0,0,769921.84,0,0,769921.84,0,0,769921.84,0,0,769921.84,0,0,769921.84,0,0,769921.84,0,0,769921.84,0,0,769921.84,0,0,769921.84,0,0,2406005.75,0,0,769921.84,0,0,802001.92,0,0,769921.84,0,0,874911.18,0,0,769921.84,0,0,874911.18,0,0,769921.84
1,0,0,2020-04-20,COVCKD,0,0,0,0,0,0,0,0,0,0,0,0,0,0,0,0,0,0,0,0,0,0,0,0,0,0,0,0,0,0,0,0,0,0,0,0,0,0,0,0,0,0,0,0,0,0,0,0,0,0,769921.84,0,0,802001.92,0,0,769921.84,0,0,916573.62,0,0,1069335.89,0,0,1132238,0,0,836871.57,0,0,1069335.89,0,0,1013055.05,0,0,1013055.05,0,0,769921.84,0,0,769921.84,0,0,769921.84,0,0,769921.84,0,0,769921.84,0,0,769921.84,0,0,962402.3,0,0,1013055.05,0,0,769921.84,0,0,769921.84,0,0,769921.84,0,0,769921.84,0,0,769921.84,0,0,769921.84,0,0,769921.84,0,0,769921.84,0,0,802001.92,0,0,769921.84,0,0,769921.84,0,0,802001.92,0,0,802001.92,0,0,769921.84,0,0,769921.84,0,0,769921.84,0,0,769921.84,0,0,769921.84,0,0,769921.84,0,0,769921.84,0,0,769921.84,0,0,769921.84,0,0,2406005.75,0,0,769921.84,0,0,802001.92,0,0,769921.84,0,0,874911.18,0,0,769921.84,0,0,874911.18,0,0,769921.84
1,0,0,2020-04-27,COVCKD,0,0,0,0,0,0,0,0,0,0,0,0,0,0,0,0,0,0,0,0,0,0,0,0,0,0,0,0,0,0,0,0,0,0,0,0,0,0,0,0,0,0,0,0,0,0,0,0,0,0,769921.84,0,0,802001.92,0,0,769921.84,0,0,916573.62,0,0,1069335.89,0,0,1132238,0,0,836871.57,0,0,1069335.89,0,0,1013055.05,0,0,1013055.05,0,0,769921.84,0,0,769921.84,0,0,769921.84,0,0,769921.84,0,0,769921.84,0,0,769921.84,0,0,962402.3,0,0,1013055.05,0,0,769921.84,0,0,769921.84,0,0,769921.84,0,0,769921.84,0,0,769921.84,0,0,769921.84,0,0,769921.84,0,0,769921.84,0,0,802001.92,0,0,769921.84,0,0,769921.84,0,0,802001.92,0,0,802001.92,0,0,769921.84,0,0,769921.84,0,0,769921.84,0,0,769921.84,0,0,769921.84,0,0,769921.84,0,0,769921.84,0,0,769921.84,0,0,769921.84,0,0,2406005.75,0,0,769921.84,0,0,802001.92,0,0,769921.84,0,0,874911.18,0,0,769921.84,0,0,874911.18,0,0,769921.84
1,0,0,2020-05-04,COVCKD,0,0,0,0,0,0,0,0,0,0,0,0,0,0,0,0,0,0,0,0,0,0,0,0,0,0,0,0,0,0,0,0,0,0,0,0,0,1,0,0,0,0,0,0,0,0,0,0,0,0,769921.84,0,0,802001.92,0,0,769921.84,0,0,916573.62,0,0,1069335.89,0,0,1132238,0,0,836871.57,0,0,1069335.89,0,0,1013055.05,0,0,1013055.05,0,0,769921.84,0,0,769921.84,0,0,769921.84,0,0,769921.84,0,0,769921.84,0,0,769921.84,0,0,962402.3,0,0,1013055.05,0,0,769921.84,0,0,769921.84,0,0,769921.84,0,0,769921.84,0,0,769921.84,0,0,769921.84,0,0,769921.84,0,0,769921.84,0,0,802001.92,0,0,769921.84,0,0,769921.84,0,0,802001.92,0,0,802001.92,0,0,769921.84,0,0,769921.84,0,0,769921.84,0,0,769921.84,0,0,769921.84,0,0,769921.84,0,0,769921.84,0,0,769921.84,0,0,769921.84,664090.91,16813.33,3700077.72,0,0,769921.84,0,0,802001.92,0,0,769921.84,0,0,874911.18,0,0,769921.84,0,0,874911.18,0,0,769921.84
1,0,0,2020-05-11,COVCKD,0,0,0,0,0,0,0,0,0,0,0,0,0,0,0,0,0,0,0,0,0,0,0,0,0,0,0,0,0,0,0,0,0,0,0,0,0,0,0,0,1,0,0,0,0,0,0,0,0,0,769921.84,0,0,802001.92,0,0,769921.84,0,0,916573.62,0,0,1069335.89,0,0,1132238,0,0,836871.57,0,0,1069335.89,0,0,1013055.05,0,0,1013055.05,0,0,769921.84,0,0,769921.84,0,0,769921.84,0,0,769921.84,0,0,769921.84,0,0,769921.84,0,0,962402.3,0,0,1013055.05,0,0,769921.84,0,0,769921.84,0,0,769921.84,0,0,769921.84,0,0,769921.84,0,0,769921.84,0,0,769921.84,0,0,769921.84,0,0,802001.92,0,0,769921.84,0,0,769921.84,0,0,802001.92,0,0,802001.92,0,0,769921.84,0,0,769921.84,0,0,769921.84,0,0,769921.84,0,0,769921.84,0,0,769921.84,0,0,769921.84,0,0,769921.84,0,0,769921.84,0,0,2749720.86,0,0,769921.84,0,0,802001.92,208714.29,5284.19,1162881.57,0,0,874911.18,0,0,769921.84,0,0,874911.18,0,0,769921.84
1,0,0,2020-05-18,COVCKD,0,0,0,0,0,0,0,0,0,0,0,0,0,0,0,0,0,0,0,0,0,0,0,0,0,0,0,0,0,0,0,0,0,0,0,0,0,0,0,0,0,0,0,0,0,0,0,0,0,0,802001.92,0,0,836871.57,0,0,802001.92,0,0,916573.62,0,0,1069335.89,0,0,1132238,0,0,874911.18,0,0,1132238,0,0,1013055.05,0,0,1013055.05,0,0,802001.92,0,0,802001.92,0,0,802001.92,0,0,802001.92,0,0,802001.92,0,0,802001.92,0,0,962402.3,0,0,1013055.05,0,0,802001.92,0,0,802001.92,0,0,802001.92,0,0,802001.92,0,0,802001.92,0,0,802001.92,0,0,802001.92,0,0,802001.92,0,0,802001.92,0,0,802001.92,0,0,802001.92,0,0,802001.92,0,0,802001.92,0,0,802001.92,0,0,802001.92,0,0,802001.92,0,0,802001.92,0,0,802001.92,0,0,802001.92,0,0,802001.92,0,0,802001.92,0,0,802001.92,0,0,2749720.86,0,0,802001.92,0,0,802001.92,0,0,802001.92,0,0,874911.18,0,0,802001.92,0,0,874911.18,0,0,802001.92
1,0,0,2020-05-25,COVCKD,0,0,0,0,0,1,0,0,1,1,0,0,0,0,0,0,0,0,0,0,1,0,0,0,0,0,0,0,0,0,0,0,0,0,0,0,0,0,0,0,0,0,0,0,0,0,0,0,0,0,802001.92,0,0,836871.57,0,0,802001.92,0,0,916573.62,0,0,1069335.89,317608.7,8041.16,1769602.39,0,0,874911.18,0,0,1132238,283139.53,7168.47,1577552.52,283139.53,7168.47,1577552.52,0,0,802001.92,0,0,802001.92,0,0,802001.92,0,0,802001.92,0,0,802001.92,0,0,802001.92,0,0,962402.3,0,0,1013055.05,0,0,802001.92,0,0,802001.92,0,0,802001.92,0,0,802001.92,222713.41,5638.62,1240879.72,0,0,802001.92,0,0,802001.92,0,0,802001.92,0,0,802001.92,0,0,802001.92,0,0,802001.92,0,0,802001.92,0,0,802001.92,0,0,802001.92,0,0,802001.92,0,0,802001.92,0,0,802001.92,0,0,802001.92,0,0,802001.92,0,0,802001.92,0,0,802001.92,0,0,802001.92,0,0,2749720.86,0,0,802001.92,0,0,802001.92,0,0,802001.92,0,0,874911.18,0,0,802001.92,0,0,874911.18,0,0,802001.92
1,0,0,2020-06-01,COVCKD,0,0,0,0,0,0,0,0,1,1,0,0,0,0,0,0,0,0,0,0,0,0,0,0,0,0,0,0,0,0,0,0,0,0,0,0,0,0,0,0,0,0,0,0,0,0,0,0,0,0,802001.92,0,0,836871.57,0,0,802001.92,0,0,916573.62,0,0,1069335.89,0,0,1203002.88,0,0,874911.18,0,0,1132238,289880.95,7339.15,1615113.29,289880.95,7339.15,1615113.29,0,0,802001.92,0,0,802001.92,0,0,802001.92,0,0,802001.92,0,0,802001.92,0,0,802001.92,0,0,962402.3,0,0,1013055.05,0,0,802001.92,0,0,802001.92,0,0,802001.92,0,0,802001.92,0,0,836871.57,0,0,802001.92,0,0,802001.92,0,0,802001.92,0,0,802001.92,0,0,802001.92,0,0,802001.92,0,0,802001.92,0,0,802001.92,0,0,802001.92,0,0,802001.92,0,0,802001.92,0,0,802001.92,0,0,802001.92,0,0,802001.92,0,0,802001.92,0,0,802001.92,0,0,802001.92,0,0,2749720.86,0,0,802001.92,0,0,802001.92,0,0,802001.92,0,0,874911.18,0,0,802001.92,0,0,874911.18,0,0,802001.92
1,0,0,2020-06-08,COVCKD,0,0,0,0,0,0,0,0,0,0,0,0,0,0,0,0,0,0,0,0,0,0,0,0,0,0,0,0,0,0,0,0,0,0,0,0,0,0,0,0,0,0,0,0,0,0,0,0,0,0,802001.92,0,0,836871.57,0,0,802001.92,0,0,916573.62,0,0,1069335.89,0,0,1203002.88,0,0,874911.18,0,0,1132238,0,0,1132238,0,0,1132238,0,0,802001.92,0,0,802001.92,0,0,802001.92,0,0,802001.92,0,0,802001.92,0,0,802001.92,0,0,962402.3,0,0,1013055.05,0,0,802001.92,0,0,802001.92,0,0,802001.92,0,0,802001.92,0,0,836871.57,0,0,802001.92,0,0,802001.92,0,0,802001.92,0,0,802001.92,0,0,802001.92,0,0,802001.92,0,0,802001.92,0,0,802001.92,0,0,802001.92,0,0,802001.92,0,0,802001.92,0,0,802001.92,0,0,802001.92,0,0,802001.92,0,0,802001.92,0,0,802001.92,0,0,802001.92,0,0,2749720.86,0,0,802001.92,0,0,802001.92,0,0,802001.92,0,0,874911.18,0,0,802001.92,0,0,874911.18,0,0,802001.92
1,0,0,2020-06-15,COVCKD,0,0,0,0,0,0,0,0,0,0,0,0,0,0,0,0,0,0,0,0,0,0,0,0,0,0,0,0,0,0,0,0,0,0,0,0,0,0,0,0,1,0,0,0,0,0,0,0,0,0,802001.92,0,0,836871.57,0,0,802001.92,0,0,916573.62,0,0,1069335.89,0,0,1203002.88,0,0,874911.18,0,0,1132238,0,0,1132238,0,0,1132238,0,0,802001.92,0,0,802001.92,0,0,802001.92,0,0,802001.92,0,0,802001.92,0,0,802001.92,0,0,962402.3,0,0,1013055.05,0,0,802001.92,0,0,802001.92,0,0,802001.92,0,0,802001.92,0,0,836871.57,0,0,802001.92,0,0,802001.92,0,0,802001.92,0,0,802001.92,0,0,802001.92,0,0,802001.92,0,0,802001.92,0,0,802001.92,0,0,802001.92,0,0,802001.92,0,0,802001.92,0,0,802001.92,0,0,802001.92,0,0,802001.92,0,0,802001.92,0,0,802001.92,0,0,802001.92,0,0,2749720.86,0,0,802001.92,0,0,802001.92,217410.71,5504.36,1211334.97,0,0,874911.18,0,0,802001.92,0,0,874911.18,0,0,802001.92
1,0,0,2020-06-22,COVCKD,0,0,0,0,0,0,0,0,0,0,0,0,0,0,0,0,0,0,0,0,0,0,0,0,0,0,0,0,0,0,0,0,0,0,0,0,0,0,0,0,0,0,0,0,0,0,0,0,0,0,842102.01,0,0,880629.56,0,0,842102.01,0,0,969326.06,0,0,1141833.24,0,0,1283203.07,0,0,922851.52,0,0,1203002.88,0,0,1203002.88,0,0,1203002.88,0,0,842102.01,0,0,842102.01,0,0,842102.01,0,0,842102.01,0,0,842102.01,0,0,842102.01,0,0,1013055.05,0,0,1069335.89,0,0,842102.01,0,0,842102.01,0,0,842102.01,0,0,842102.01,0,0,874911.18,0,0,842102.01,0,0,842102.01,0,0,842102.01,0,0,842102.01,0,0,842102.01,0,0,842102.01,0,0,842102.01,0,0,842102.01,0,0,842102.01,0,0,842102.01,0,0,842102.01,0,0,842102.01,0,0,842102.01,0,0,842102.01,0,0,842102.01,0,0,842102.01,0,0,842102.01,0,0,2749720.86,0,0,842102.01,0,0,842102.01,0,0,842102.01,0,0,922851.52,0,0,842102.01,0,0,922851.52,0,0,842102.01
1,0,0,2020-06-29,COVCKD,0,0,0,0,0,0,0,0,0,0,0,0,0,0,0,0,0,0,0,0,0,0,0,0,0,0,0,0,0,0,0,0,0,0,0,0,0,0,0,0,0,0,0,0,0,0,0,0,0,0,874911.18,0,0,916573.62,0,0,874911.18,0,0,1013055.05,0,0,1203002.88,0,0,1283203.07,0,0,962402.3,0,0,1203002.88,0,0,1203002.88,0,0,1203002.88,0,0,874911.18,0,0,874911.18,0,0,874911.18,0,0,874911.18,0,0,874911.18,0,0,874911.18,0,0,1013055.05,0,0,1069335.89,0,0,874911.18,0,0,874911.18,0,0,874911.18,0,0,874911.18,0,0,874911.18,0,0,874911.18,0,0,874911.18,0,0,874911.18,0,0,874911.18,0,0,874911.18,0,0,874911.18,0,0,874911.18,0,0,874911.18,0,0,874911.18,0,0,874911.18,0,0,874911.18,0,0,874911.18,0,0,874911.18,0,0,874911.18,0,0,874911.18,0,0,874911.18,0,0,874911.18,0,0,2749720.86,0,0,874911.18,0,0,874911.18,0,0,874911.18,0,0,962402.3,0,0,874911.18,0,0,962402.3,0,0,874911.18
1,0,0,2020-07-06,COVCKD,0,0,0,0,0,0,0,0,0,0,0,0,0,0,0,0,0,0,0,0,0,0,0,0,0,0,0,0,0,0,0,0,0,0,0,0,0,0,0,0,0,0,0,0,0,0,0,0,0,0,874911.18,0,0,916573.62,0,0,874911.18,0,0,1013055.05,0,0,1203002.88,0,0,1283203.07,0,0,962402.3,0,0,1203002.88,0,0,1203002.88,0,0,1203002.88,0,0,874911.18,0,0,874911.18,0,0,874911.18,0,0,874911.18,0,0,874911.18,0,0,874911.18,0,0,1013055.05,0,0,1069335.89,0,0,874911.18,0,0,874911.18,0,0,874911.18,0,0,874911.18,0,0,874911.18,0,0,874911.18,0,0,874911.18,0,0,874911.18,0,0,874911.18,0,0,874911.18,0,0,874911.18,0,0,874911.18,0,0,874911.18,0,0,874911.18,0,0,874911.18,0,0,874911.18,0,0,874911.18,0,0,874911.18,0,0,874911.18,0,0,874911.18,0,0,874911.18,0,0,874911.18,0,0,2749720.86,0,0,874911.18,0,0,874911.18,0,0,874911.18,0,0,962402.3,0,0,874911.18,0,0,962402.3,0,0,874911.18
1,0,0,2020-07-13,COVCKD,0,0,0,0,0,0,0,0,0,0,0,0,0,0,0,0,0,0,0,0,0,0,0,0,0,0,0,0,0,0,0,0,0,0,0,0,0,0,0,0,0,0,0,0,0,0,0,0,0,0,874911.18,0,0,916573.62,0,0,874911.18,0,0,1013055.05,0,0,1203002.88,0,0,1283203.07,0,0,962402.3,0,0,1203002.88,0,0,1203002.88,0,0,1203002.88,0,0,874911.18,0,0,874911.18,0,0,874911.18,0,0,874911.18,0,0,874911.18,0,0,874911.18,0,0,1013055.05,0,0,1069335.89,0,0,874911.18,0,0,874911.18,0,0,874911.18,0,0,874911.18,0,0,874911.18,0,0,874911.18,0,0,874911.18,0,0,874911.18,0,0,874911.18,0,0,874911.18,0,0,874911.18,0,0,874911.18,0,0,874911.18,0,0,874911.18,0,0,874911.18,0,0,874911.18,0,0,874911.18,0,0,874911.18,0,0,874911.18,0,0,874911.18,0,0,874911.18,0,0,874911.18,0,0,2749720.86,0,0,874911.18,0,0,874911.18,0,0,874911.18,0,0,962402.3,0,0,874911.18,0,0,962402.3,0,0,874911.18
1,0,0,2020-07-20,COVCKD,0,0,0,0,0,0,0,0,0,0,0,0,0,0,0,0,0,0,0,0,0,0,0,0,0,0,0,0,0,0,0,0,0,0,0,0,0,0,0,0,0,0,0,0,0,0,0,0,0,0,874911.18,0,0,916573.62,0,0,874911.18,0,0,1013055.05,0,0,1203002.88,0,0,1283203.07,0,0,962402.3,0,0,1203002.88,0,0,1203002.88,0,0,1203002.88,0,0,874911.18,0,0,874911.18,0,0,874911.18,0,0,874911.18,0,0,874911.18,0,0,874911.18,0,0,1013055.05,0,0,1069335.89,0,0,874911.18,0,0,874911.18,0,0,874911.18,0,0,874911.18,0,0,874911.18,0,0,874911.18,0,0,874911.18,0,0,874911.18,0,0,874911.18,0,0,874911.18,0,0,874911.18,0,0,874911.18,0,0,874911.18,0,0,874911.18,0,0,874911.18,0,0,874911.18,0,0,874911.18,0,0,874911.18,0,0,874911.18,0,0,874911.18,0,0,874911.18,0,0,874911.18,0,0,2749720.86,0,0,874911.18,0,0,874911.18,0,0,874911.18,0,0,962402.3,0,0,874911.18,0,0,962402.3,0,0,874911.18
1,0,0,2020-07-27,COVCKD,0,0,0,0,0,0,0,0,0,0,0,0,0,0,0,0,0,0,0,0,0,0,0,0,0,0,0,0,0,0,0,0,0,0,0,0,0,0,0,0,0,0,0,0,0,0,0,0,0,0,874911.18,0,0,916573.62,0,0,874911.18,0,0,1013055.05,0,0,1203002.88,0,0,1283203.07,0,0,962402.3,0,0,1203002.88,0,0,1203002.88,0,0,1203002.88,0,0,874911.18,0,0,874911.18,0,0,874911.18,0,0,874911.18,0,0,874911.18,0,0,874911.18,0,0,1013055.05,0,0,1069335.89,0,0,874911.18,0,0,874911.18,0,0,874911.18,0,0,874911.18,0,0,874911.18,0,0,874911.18,0,0,874911.18,0,0,874911.18,0,0,874911.18,0,0,874911.18,0,0,874911.18,0,0,874911.18,0,0,874911.18,0,0,874911.18,0,0,874911.18,0,0,874911.18,0,0,874911.18,0,0,874911.18,0,0,874911.18,0,0,874911.18,0,0,874911.18,0,0,874911.18,0,0,2749720.86,0,0,874911.18,0,0,874911.18,0,0,874911.18,0,0,962402.3,0,0,874911.18,0,0,962402.3,0,0,874911.18
1,0,0,2020-08-03,COVCKD,0,0,0,0,0,0,0,0,0,0,0,0,0,0,0,0,1,1,0,0,0,0,0,0,0,0,0,0,0,0,0,0,0,0,0,0,0,0,0,0,0,0,0,0,0,0,0,0,0,0,874911.18,0,0,916573.62,0,0,874911.18,0,0,1013055.05,0,0,1203002.88,0,0,1283203.07,0,0,962402.3,0,0,1203002.88,0,0,1203002.88,0,0,1203002.88,0,0,874911.18,0,0,874911.18,0,0,874911.18,0,0,874911.18,0,0,874911.18,0,0,874911.18,274624.06,6952.88,1530107.33,289880.95,7339.15,1615113.29,0,0,874911.18,0,0,874911.18,0,0,874911.18,0,0,874911.18,0,0,874911.18,0,0,874911.18,0,0,874911.18,0,0,874911.18,0,0,874911.18,0,0,874911.18,0,0,874911.18,0,0,874911.18,0,0,874911.18,0,0,874911.18,0,0,874911.18,0,0,874911.18,0,0,874911.18,0,0,874911.18,0,0,874911.18,0,0,874911.18,0,0,874911.18,0,0,874911.18,0,0,2749720.86,0,0,874911.18,0,0,874911.18,0,0,874911.18,0,0,962402.3,0,0,874911.18,0,0,962402.3,0,0,874911.18
1,0,0,2020-08-10,COVCKD,0,0,0,0,0,0,0,0,0,0,0,0,0,0,0,0,0,0,0,0,0,0,0,0,0,0,0,0,0,0,0,0,0,0,0,0,0,0,0,0,0,0,0,0,0,0,0,0,0,0,874911.18,0,0,916573.62,0,0,874911.18,0,0,1013055.05,0,0,1203002.88,0,0,1283203.07,0,0,962402.3,0,0,1203002.88,0,0,1203002.88,0,0,1203002.88,0,0,874911.18,0,0,874911.18,0,0,874911.18,0,0,874911.18,0,0,874911.18,0,0,874911.18,0,0,1069335.89,0,0,1132238,0,0,874911.18,0,0,874911.18,0,0,874911.18,0,0,874911.18,0,0,874911.18,0,0,874911.18,0,0,874911.18,0,0,874911.18,0,0,874911.18,0,0,874911.18,0,0,874911.18,0,0,874911.18,0,0,874911.18,0,0,874911.18,0,0,874911.18,0,0,874911.18,0,0,874911.18,0,0,874911.18,0,0,874911.18,0,0,874911.18,0,0,874911.18,0,0,874911.18,0,0,2749720.86,0,0,874911.18,0,0,874911.18,0,0,874911.18,0,0,962402.3,0,0,874911.18,0,0,962402.3,0,0,874911.18
1,0,0,2020-08-17,COVCKD,0,0,0,0,0,0,0,0,0,0,0,0,0,0,0,0,0,0,0,0,0,0,0,0,0,0,0,0,0,0,0,0,0,0,0,0,0,0,0,0,0,0,0,0,0,0,0,0,0,0,874911.18,0,0,916573.62,0,0,874911.18,0,0,1013055.05,0,0,1203002.88,0,0,1283203.07,0,0,962402.3,0,0,1203002.88,0,0,1203002.88,0,0,1203002.88,0,0,874911.18,0,0,874911.18,0,0,874911.18,0,0,874911.18,0,0,874911.18,0,0,874911.18,0,0,1069335.89,0,0,1132238,0,0,874911.18,0,0,874911.18,0,0,874911.18,0,0,874911.18,0,0,874911.18,0,0,874911.18,0,0,874911.18,0,0,874911.18,0,0,874911.18,0,0,874911.18,0,0,874911.18,0,0,874911.18,0,0,874911.18,0,0,874911.18,0,0,874911.18,0,0,874911.18,0,0,874911.18,0,0,874911.18,0,0,874911.18,0,0,874911.18,0,0,874911.18,0,0,874911.18,0,0,2749720.86,0,0,874911.18,0,0,874911.18,0,0,874911.18,0,0,962402.3,0,0,874911.18,0,0,962402.3,0,0,874911.18
1,0,0,2020-08-24,COVCKD,0,0,0,0,0,0,0,0,0,0,0,0,0,0,0,0,0,0,0,0,0,0,0,0,0,0,0,0,0,0,0,0,0,0,0,0,0,0,0,0,0,0,0,0,0,0,0,0,0,0,874911.18,0,0,916573.62,0,0,874911.18,0,0,1013055.05,0,0,1203002.88,0,0,1283203.07,0,0,962402.3,0,0,1203002.88,0,0,1203002.88,0,0,1203002.88,0,0,874911.18,0,0,874911.18,0,0,874911.18,0,0,874911.18,0,0,874911.18,0,0,874911.18,0,0,1069335.89,0,0,1132238,0,0,874911.18,0,0,874911.18,0,0,874911.18,0,0,874911.18,0,0,874911.18,0,0,874911.18,0,0,874911.18,0,0,874911.18,0,0,874911.18,0,0,874911.18,0,0,874911.18,0,0,874911.18,0,0,874911.18,0,0,874911.18,0,0,874911.18,0,0,874911.18,0,0,874911.18,0,0,874911.18,0,0,874911.18,0,0,874911.18,0,0,874911.18,0,0,874911.18,0,0,2749720.86,0,0,874911.18,0,0,874911.18,0,0,874911.18,0,0,962402.3,0,0,874911.18,0,0,962402.3,0,0,874911.18
1,0,0,2020-08-31,COVCKD,0,0,0,0,0,0,0,0,0,0,0,0,0,0,0,0,0,0,0,0,0,0,0,0,0,0,0,0,0,0,0,0,0,0,0,0,0,0,0,0,0,0,0,0,0,0,0,0,0,0,874911.18,0,0,916573.62,0,0,874911.18,0,0,1013055.05,0,0,1203002.88,0,0,1283203.07,0,0,962402.3,0,0,1203002.88,0,0,1203002.88,0,0,1203002.88,0,0,874911.18,0,0,874911.18,0,0,874911.18,0,0,874911.18,0,0,874911.18,0,0,874911.18,0,0,1069335.89,0,0,1132238,0,0,874911.18,0,0,874911.18,0,0,874911.18,0,0,874911.18,0,0,874911.18,0,0,874911.18,0,0,874911.18,0,0,874911.18,0,0,874911.18,0,0,874911.18,0,0,874911.18,0,0,874911.18,0,0,874911.18,0,0,874911.18,0,0,874911.18,0,0,874911.18,0,0,874911.18,0,0,874911.18,0,0,874911.18,0,0,874911.18,0,0,874911.18,0,0,874911.18,0,0,2749720.86,0,0,874911.18,0,0,874911.18,0,0,874911.18,0,0,962402.3,0,0,874911.18,0,0,962402.3,0,0,874911.18
1,0,0,2020-09-07,COVCKD,0,0,0,0,0,0,0,0,0,0,0,0,0,0,0,0,0,0,0,0,0,0,0,0,0,0,0,0,0,0,0,0,0,0,0,0,0,0,0,0,0,0,0,0,0,0,0,0,0,0,904270.62,0,0,948847.34,0,0,904270.62,0,0,1052627.52,0,0,1259217.96,0,0,1347363.22,0,0,998046.83,0,0,1259217.96,0,0,1259217.96,0,0,1259217.96,0,0,904270.62,0,0,904270.62,0,0,904270.62,0,0,904270.62,0,0,904270.62,0,0,904270.62,0,0,1113523.32,0,0,1181897.56,0,0,904270.62,0,0,904270.62,0,0,904270.62,0,0,904270.62,0,0,904270.62,0,0,904270.62,0,0,904270.62,0,0,904270.62,0,0,904270.62,0,0,904270.62,0,0,904270.62,0,0,904270.62,0,0,904270.62,0,0,904270.62,0,0,904270.62,0,0,904270.62,0,0,904270.62,0,0,904270.62,0,0,904270.62,0,0,904270.62,0,0,904270.62,0,0,904270.62,0,0,2749720.86,0,0,904270.62,0,0,904270.62,0,0,904270.62,0,0,998046.83,0,0,904270.62,0,0,998046.83,0,0,904270.62
1,0,0,2020-09-14,COVCKD,0,0,0,0,0,0,0,0,0,0,0,0,0,0,0,0,0,0,0,0,0,0,0,0,0,0,0,0,0,0,0,0,0,0,0,0,0,0,0,0,0,0,0,0,0,0,0,0,0,0,916573.62,0,0,962402.3,0,0,916573.62,0,0,1069335.89,0,0,1283203.07,0,0,1374860.43,0,0,1013055.05,0,0,1283203.07,0,0,1283203.07,0,0,1283203.07,0,0,916573.62,0,0,916573.62,0,0,916573.62,0,0,916573.62,0,0,916573.62,0,0,916573.62,0,0,1132238,0,0,1203002.88,0,0,916573.62,0,0,916573.62,0,0,916573.62,0,0,916573.62,0,0,916573.62,0,0,916573.62,0,0,916573.62,0,0,916573.62,0,0,916573.62,0,0,916573.62,0,0,916573.62,0,0,916573.62,0,0,916573.62,0,0,916573.62,0,0,916573.62,0,0,916573.62,0,0,916573.62,0,0,916573.62,0,0,916573.62,0,0,916573.62,0,0,916573.62,0,0,916573.62,0,0,2749720.86,0,0,916573.62,0,0,916573.62,0,0,916573.62,0,0,1013055.05,0,0,916573.62,0,0,1013055.05,0,0,916573.62
1,0,0,2020-09-21,COVCKD,0,0,0,0,0,0,0,0,0,0,0,0,0,0,0,0,0,0,0,0,0,0,0,0,0,0,0,0,0,0,0,0,0,0,0,0,0,0,0,0,0,0,0,0,0,0,0,0,0,0,916573.62,0,0,962402.3,0,0,916573.62,0,0,1069335.89,0,0,1283203.07,0,0,1374860.43,0,0,1013055.05,0,0,1283203.07,0,0,1283203.07,0,0,1283203.07,0,0,916573.62,0,0,916573.62,0,0,916573.62,0,0,916573.62,0,0,916573.62,0,0,916573.62,0,0,1132238,0,0,1203002.88,0,0,916573.62,0,0,916573.62,0,0,916573.62,0,0,916573.62,0,0,916573.62,0,0,916573.62,0,0,916573.62,0,0,916573.62,0,0,916573.62,0,0,916573.62,0,0,916573.62,0,0,916573.62,0,0,916573.62,0,0,916573.62,0,0,916573.62,0,0,916573.62,0,0,916573.62,0,0,916573.62,0,0,916573.62,0,0,916573.62,0,0,916573.62,0,0,916573.62,0,0,2749720.86,0,0,916573.62,0,0,916573.62,0,0,916573.62,0,0,1013055.05,0,0,916573.62,0,0,1013055.05,0,0,916573.62
1,0,0,2020-09-28,COVCKD,0,0,0,0,0,0,0,0,0,0,0,0,0,0,0,0,0,0,0,0,0,0,0,0,0,0,0,0,0,0,0,0,0,0,0,0,0,0,0,0,0,0,0,0,0,0,0,0,0,0,916573.62,0,0,962402.3,0,0,916573.62,0,0,1069335.89,0,0,1283203.07,0,0,1374860.43,0,0,1013055.05,0,0,1283203.07,0,0,1283203.07,0,0,1283203.07,0,0,916573.62,0,0,916573.62,0,0,916573.62,0,0,916573.62,0,0,916573.62,0,0,916573.62,0,0,1132238,0,0,1203002.88,0,0,916573.62,0,0,916573.62,0,0,916573.62,0,0,916573.62,0,0,916573.62,0,0,916573.62,0,0,916573.62,0,0,916573.62,0,0,916573.62,0,0,916573.62,0,0,916573.62,0,0,916573.62,0,0,916573.62,0,0,916573.62,0,0,916573.62,0,0,916573.62,0,0,916573.62,0,0,916573.62,0,0,916573.62,0,0,916573.62,0,0,916573.62,0,0,916573.62,0,0,2749720.86,0,0,916573.62,0,0,916573.62,0,0,916573.62,0,0,1013055.05,0,0,916573.62,0,0,1013055.05,0,0,916573.62
1,0,0,2020-10-05,COVCKD,0,0,0,0,0,0,0,0,0,0,0,0,0,0,0,0,0,0,0,0,0,0,0,0,0,0,0,0,0,0,0,0,0,0,0,0,0,0,0,0,0,0,0,0,0,0,0,0,0,0,916573.62,0,0,962402.3,0,0,916573.62,0,0,1069335.89,0,0,1283203.07,0,0,1374860.43,0,0,1013055.05,0,0,1283203.07,0,0,1283203.07,0,0,1283203.07,0,0,916573.62,0,0,916573.62,0,0,916573.62,0,0,916573.62,0,0,916573.62,0,0,916573.62,0,0,1132238,0,0,1203002.88,0,0,916573.62,0,0,916573.62,0,0,916573.62,0,0,916573.62,0,0,916573.62,0,0,916573.62,0,0,916573.62,0,0,916573.62,0,0,916573.62,0,0,916573.62,0,0,916573.62,0,0,916573.62,0,0,916573.62,0,0,916573.62,0,0,916573.62,0,0,916573.62,0,0,916573.62,0,0,916573.62,0,0,916573.62,0,0,916573.62,0,0,916573.62,0,0,916573.62,0,0,2749720.86,0,0,916573.62,0,0,916573.62,0,0,916573.62,0,0,1013055.05,0,0,916573.62,0,0,1013055.05,0,0,916573.62
1,0,0,2020-10-12,COVCKD,0,0,0,0,0,0,0,0,0,0,0,0,0,0,0,0,0,0,0,0,0,0,0,0,0,0,0,0,0,0,0,0,0,0,0,0,0,0,0,0,0,0,0,0,0,0,0,0,0,0,916573.62,0,0,962402.3,0,0,916573.62,0,0,1069335.89,0,0,1283203.07,0,0,1374860.43,0,0,1013055.05,0,0,1283203.07,0,0,1283203.07,0,0,1283203.07,0,0,916573.62,0,0,916573.62,0,0,916573.62,0,0,916573.62,0,0,916573.62,0,0,916573.62,0,0,1132238,0,0,1203002.88,0,0,916573.62,0,0,916573.62,0,0,916573.62,0,0,916573.62,0,0,916573.62,0,0,916573.62,0,0,916573.62,0,0,916573.62,0,0,916573.62,0,0,916573.62,0,0,916573.62,0,0,916573.62,0,0,916573.62,0,0,916573.62,0,0,916573.62,0,0,916573.62,0,0,916573.62,0,0,916573.62,0,0,916573.62,0,0,916573.62,0,0,916573.62,0,0,916573.62,0,0,2749720.86,0,0,916573.62,0,0,916573.62,0,0,916573.62,0,0,1013055.05,0,0,916573.62,0,0,1013055.05,0,0,916573.62
1,0,0,2020-10-19,COVCKD,0,0,0,0,0,0,0,0,0,0,0,0,0,0,0,0,0,0,0,0,0,0,0,0,0,0,0,0,0,0,0,0,0,0,0,0,0,0,0,0,0,0,0,0,0,0,0,0,0,0,916573.62,0,0,962402.3,0,0,916573.62,0,0,1069335.89,0,0,1283203.07,0,0,1374860.43,0,0,1013055.05,0,0,1283203.07,0,0,1283203.07,0,0,1283203.07,0,0,916573.62,0,0,916573.62,0,0,916573.62,0,0,916573.62,0,0,916573.62,0,0,916573.62,0,0,1132238,0,0,1203002.88,0,0,916573.62,0,0,916573.62,0,0,916573.62,0,0,916573.62,0,0,916573.62,0,0,916573.62,0,0,916573.62,0,0,916573.62,0,0,916573.62,0,0,916573.62,0,0,916573.62,0,0,916573.62,0,0,916573.62,0,0,916573.62,0,0,916573.62,0,0,916573.62,0,0,916573.62,0,0,916573.62,0,0,916573.62,0,0,916573.62,0,0,916573.62,0,0,916573.62,0,0,2749720.86,0,0,916573.62,0,0,916573.62,0,0,916573.62,0,0,1013055.05,0,0,916573.62,0,0,1013055.05,0,0,916573.62
1,0,0,2020-10-26,COVCKD,0,0,0,0,0,0,0,0,0,0,0,0,0,0,0,0,0,0,0,0,0,0,0,0,0,0,0,0,0,0,0,0,0,0,0,0,0,0,0,0,0,0,0,0,0,0,0,0,0,0,916573.62,0,0,962402.3,0,0,916573.62,0,0,1069335.89,0,0,1283203.07,0,0,1374860.43,0,0,1013055.05,0,0,1283203.07,0,0,1283203.07,0,0,1283203.07,0,0,916573.62,0,0,916573.62,0,0,916573.62,0,0,916573.62,0,0,916573.62,0,0,916573.62,0,0,1132238,0,0,1203002.88,0,0,916573.62,0,0,916573.62,0,0,916573.62,0,0,916573.62,0,0,916573.62,0,0,916573.62,0,0,916573.62,0,0,916573.62,0,0,916573.62,0,0,916573.62,0,0,916573.62,0,0,916573.62,0,0,916573.62,0,0,916573.62,0,0,916573.62,0,0,916573.62,0,0,916573.62,0,0,916573.62,0,0,916573.62,0,0,916573.62,0,0,916573.62,0,0,916573.62,0,0,2749720.86,0,0,916573.62,0,0,916573.62,0,0,916573.62,0,0,1013055.05,0,0,916573.62,0,0,1013055.05,0,0,916573.62
1,0,0,2020-11-02,COVCKD,0,0,0,0,0,0,0,0,0,0,0,0,0,0,0,0,0,0,0,0,0,0,0,0,0,0,0,0,0,0,0,0,0,0,0,0,0,0,0,0,0,0,0,0,0,0,0,0,0,0,916573.62,0,0,962402.3,0,0,916573.62,0,0,1069335.89,0,0,1283203.07,0,0,1374860.43,0,0,1013055.05,0,0,1283203.07,0,0,1283203.07,0,0,1283203.07,0,0,916573.62,0,0,916573.62,0,0,916573.62,0,0,916573.62,0,0,916573.62,0,0,916573.62,0,0,1132238,0,0,1203002.88,0,0,916573.62,0,0,916573.62,0,0,916573.62,0,0,916573.62,0,0,916573.62,0,0,916573.62,0,0,916573.62,0,0,916573.62,0,0,916573.62,0,0,916573.62,0,0,916573.62,0,0,916573.62,0,0,916573.62,0,0,916573.62,0,0,916573.62,0,0,916573.62,0,0,916573.62,0,0,916573.62,0,0,916573.62,0,0,916573.62,0,0,916573.62,0,0,916573.62,0,0,2749720.86,0,0,916573.62,0,0,916573.62,0,0,916573.62,0,0,1013055.05,0,0,916573.62,0,0,1013055.05,0,0,916573.62
1,0,0,2020-11-09,COVCKD,0,0,0,0,0,0,0,0,0,0,0,0,0,0,0,0,0,0,0,0,0,0,0,0,0,0,0,0,0,0,0,0,0,0,0,0,0,0,0,0,0,0,0,0,0,0,0,0,0,0,916573.62,0,0,962402.3,0,0,916573.62,0,0,1069335.89,0,0,1283203.07,0,0,1374860.43,0,0,1013055.05,0,0,1283203.07,0,0,1283203.07,0,0,1283203.07,0,0,916573.62,0,0,916573.62,0,0,916573.62,0,0,916573.62,0,0,916573.62,0,0,916573.62,0,0,1132238,0,0,1203002.88,0,0,916573.62,0,0,916573.62,0,0,916573.62,0,0,916573.62,0,0,916573.62,0,0,916573.62,0,0,916573.62,0,0,916573.62,0,0,916573.62,0,0,916573.62,0,0,916573.62,0,0,916573.62,0,0,916573.62,0,0,916573.62,0,0,916573.62,0,0,916573.62,0,0,916573.62,0,0,916573.62,0,0,916573.62,0,0,916573.62,0,0,916573.62,0,0,916573.62,0,0,2749720.86,0,0,916573.62,0,0,916573.62,0,0,916573.62,0,0,1013055.05,0,0,916573.62,0,0,1013055.05,0,0,916573.62
1,0,0,2020-11-16,COVCKD,0,0,0,0,0,0,0,0,0,0,0,0,0,0,0,0,0,0,0,0,0,0,0,0,0,0,0,0,0,0,0,0,0,0,0,0,0,0,0,0,0,0,0,0,0,0,0,0,0,0,916573.62,0,0,962402.3,0,0,916573.62,0,0,1069335.89,0,0,1283203.07,0,0,1374860.43,0,0,1013055.05,0,0,1283203.07,0,0,1283203.07,0,0,1283203.07,0,0,916573.62,0,0,916573.62,0,0,916573.62,0,0,916573.62,0,0,916573.62,0,0,916573.62,0,0,1132238,0,0,1203002.88,0,0,916573.62,0,0,916573.62,0,0,916573.62,0,0,916573.62,0,0,916573.62,0,0,916573.62,0,0,916573.62,0,0,916573.62,0,0,916573.62,0,0,916573.62,0,0,916573.62,0,0,916573.62,0,0,916573.62,0,0,916573.62,0,0,916573.62,0,0,916573.62,0,0,916573.62,0,0,916573.62,0,0,916573.62,0,0,916573.62,0,0,916573.62,0,0,916573.62,0,0,2749720.86,0,0,916573.62,0,0,916573.62,0,0,916573.62,0,0,1013055.05,0,0,916573.62,0,0,1013055.05,0,0,916573.62
1,0,0,2020-11-23,COVCKD,0,0,0,0,0,0,0,0,0,0,0,0,0,0,0,0,0,0,0,0,0,0,0,0,0,0,0,0,0,0,0,0,0,0,0,0,0,0,0,0,0,0,0,0,0,0,0,0,0,0,916573.62,0,0,962402.3,0,0,916573.62,0,0,1069335.89,0,0,1283203.07,0,0,1374860.43,0,0,1013055.05,0,0,1283203.07,0,0,1283203.07,0,0,1283203.07,0,0,916573.62,0,0,916573.62,0,0,916573.62,0,0,916573.62,0,0,916573.62,0,0,916573.62,0,0,1132238,0,0,1203002.88,0,0,916573.62,0,0,916573.62,0,0,916573.62,0,0,916573.62,0,0,916573.62,0,0,916573.62,0,0,916573.62,0,0,916573.62,0,0,916573.62,0,0,916573.62,0,0,916573.62,0,0,916573.62,0,0,916573.62,0,0,916573.62,0,0,916573.62,0,0,916573.62,0,0,916573.62,0,0,916573.62,0,0,916573.62,0,0,916573.62,0,0,916573.62,0,0,916573.62,0,0,2749720.86,0,0,916573.62,0,0,916573.62,0,0,916573.62,0,0,1013055.05,0,0,916573.62,0,0,1013055.05,0,0,916573.62
1,0,0,2020-11-30,COVCKD,0,0,0,0,0,0,0,0,0,0,0,0,0,0,0,0,0,0,0,0,0,0,0,0,0,0,0,0,0,0,0,0,0,0,0,0,0,0,0,0,0,0,0,0,0,0,0,0,0,0,916573.62,0,0,962402.3,0,0,916573.62,0,0,1069335.89,0,0,1283203.07,0,0,1374860.43,0,0,1013055.05,0,0,1283203.07,0,0,1283203.07,0,0,1283203.07,0,0,916573.62,0,0,916573.62,0,0,916573.62,0,0,916573.62,0,0,916573.62,0,0,916573.62,0,0,1132238,0,0,1203002.88,0,0,916573.62,0,0,916573.62,0,0,916573.62,0,0,916573.62,0,0,916573.62,0,0,916573.62,0,0,916573.62,0,0,916573.62,0,0,916573.62,0,0,916573.62,0,0,916573.62,0,0,916573.62,0,0,916573.62,0,0,916573.62,0,0,916573.62,0,0,916573.62,0,0,916573.62,0,0,916573.62,0,0,916573.62,0,0,916573.62,0,0,916573.62,0,0,916573.62,0,0,2749720.86,0,0,916573.62,0,0,916573.62,0,0,916573.62,0,0,1013055.05,0,0,916573.62,0,0,1013055.05,0,0,916573.62
1,0,0,2020-12-07,COVCKD,0,0,0,0,0,0,0,0,0,0,0,0,0,0,0,0,0,0,0,0,0,0,0,0,0,0,0,0,0,0,0,0,0,0,0,0,0,1,0,0,0,0,0,0,0,0,0,0,0,0,916573.62,0,0,962402.3,0,0,916573.62,0,0,1069335.89,0,0,1283203.07,0,0,1374860.43,0,0,1013055.05,0,0,1283203.07,0,0,1283203.07,0,0,1283203.07,0,0,916573.62,0,0,916573.62,0,0,916573.62,0,0,916573.62,0,0,916573.62,0,0,916573.62,0,0,1132238,0,0,1203002.88,0,0,916573.62,0,0,916573.62,0,0,916573.62,0,0,916573.62,0,0,916573.62,0,0,916573.62,0,0,916573.62,0,0,916573.62,0,0,916573.62,0,0,916573.62,0,0,916573.62,0,0,916573.62,0,0,916573.62,0,0,916573.62,0,0,916573.62,0,0,916573.62,0,0,916573.62,0,0,916573.62,0,0,916573.62,0,0,916573.62,0,0,916573.62,0,0,916573.62,794021.74,20102.89,4424005.98,0,0,916573.62,0,0,916573.62,0,0,916573.62,0,0,1013055.05,0,0,916573.62,0,0,1013055.05,0,0,916573.62
1,0,0,2020-12-14,COVCKD,0,0,0,0,0,0,0,0,0,0,0,0,0,0,0,0,0,0,0,0,0,0,0,0,0,0,0,0,0,0,0,0,0,0,0,0,0,0,0,0,0,0,0,0,0,0,0,0,0,0,916573.62,0,0,962402.3,0,0,916573.62,0,0,1069335.89,0,0,1283203.07,0,0,1374860.43,0,0,1013055.05,0,0,1283203.07,0,0,1283203.07,0,0,1283203.07,0,0,916573.62,0,0,916573.62,0,0,916573.62,0,0,916573.62,0,0,916573.62,0,0,916573.62,0,0,1132238,0,0,1203002.88,0,0,916573.62,0,0,916573.62,0,0,916573.62,0,0,916573.62,0,0,916573.62,0,0,916573.62,0,0,916573.62,0,0,916573.62,0,0,916573.62,0,0,916573.62,0,0,916573.62,0,0,916573.62,0,0,916573.62,0,0,916573.62,0,0,916573.62,0,0,916573.62,0,0,916573.62,0,0,916573.62,0,0,916573.62,0,0,916573.62,0,0,916573.62,0,0,916573.62,0,0,3208007.67,0,0,916573.62,0,0,916573.62,0,0,916573.62,0,0,1013055.05,0,0,916573.62,0,0,1013055.05,0,0,916573.62
1,0,0,2020-12-21,COVCKD,0,0,0,0,0,0,0,0,0,0,0,0,0,0,0,0,0,0,0,0,0,0,0,0,0,0,0,0,0,0,0,0,0,0,0,0,0,0,0,0,0,0,0,0,0,0,0,0,0,0,916573.62,0,0,962402.3,0,0,916573.62,0,0,1069335.89,0,0,1283203.07,0,0,1374860.43,0,0,1013055.05,0,0,1283203.07,0,0,1283203.07,0,0,1283203.07,0,0,916573.62,0,0,916573.62,0,0,916573.62,0,0,916573.62,0,0,916573.62,0,0,916573.62,0,0,1132238,0,0,1203002.88,0,0,916573.62,0,0,916573.62,0,0,916573.62,0,0,916573.62,0,0,916573.62,0,0,916573.62,0,0,916573.62,0,0,916573.62,0,0,916573.62,0,0,916573.62,0,0,916573.62,0,0,916573.62,0,0,916573.62,0,0,916573.62,0,0,916573.62,0,0,916573.62,0,0,916573.62,0,0,916573.62,0,0,916573.62,0,0,916573.62,0,0,916573.62,0,0,916573.62,0,0,3208007.67,0,0,916573.62,0,0,916573.62,0,0,916573.62,0,0,1013055.05,0,0,916573.62,0,0,1013055.05,0,0,916573.62
1,0,0,2020-12-28,COVCKD,0,0,0,0,0,0,0,0,0,0,0,0,0,0,0,0,0,0,0,0,0,0,0,0,0,0,0,0,0,0,0,0,0,0,0,0,0,0,0,0,0,0,0,0,0,0,0,0,0,0,929216.01,0,0,976350.16,0,0,929216.01,0,0,1086583.24,0,0,1308119.63,0,0,1403503.35,0,0,1028521.54,0,0,1308119.63,0,0,1308119.63,0,0,1308119.63,0,0,929216.01,0,0,929216.01,0,0,929216.01,0,0,929216.01,0,0,929216.01,0,0,929216.01,0,0,1151592.5,0,0,1224875.66,0,0,929216.01,0,0,929216.01,0,0,929216.01,0,0,929216.01,0,0,929216.01,0,0,929216.01,0,0,929216.01,0,0,929216.01,0,0,929216.01,0,0,929216.01,0,0,929216.01,0,0,929216.01,0,0,929216.01,0,0,929216.01,0,0,929216.01,0,0,929216.01,0,0,929216.01,0,0,929216.01,0,0,929216.01,0,0,929216.01,0,0,929216.01,0,0,929216.01,0,0,3368408.05,0,0,929216.01,0,0,929216.01,0,0,929216.01,0,0,1028521.54,0,0,929216.01,0,0,1028521.54,0,0,929216.01
1,0,0,2021-01-04,COVCKD,0,0,0,0,0,0,0,0,0,0,0,0,0,0,0,0,0,0,0,0,0,0,0,0,0,0,0,0,0,0,0,0,0,0,0,0,0,0,0,0,0,0,0,0,0,0,0,0,0,0,962402.3,0,0,1013055.05,0,0,962402.3,0,0,1132238,0,0,1374860.43,0,0,1480618.92,0,0,1069335.89,0,0,1374860.43,0,0,1374860.43,0,0,1374860.43,0,0,962402.3,0,0,962402.3,0,0,962402.3,0,0,962402.3,0,0,962402.3,0,0,962402.3,0,0,1203002.88,0,0,1283203.07,0,0,962402.3,0,0,962402.3,0,0,962402.3,0,0,962402.3,0,0,962402.3,0,0,962402.3,0,0,962402.3,0,0,962402.3,0,0,962402.3,0,0,962402.3,0,0,962402.3,0,0,962402.3,0,0,962402.3,0,0,962402.3,0,0,962402.3,0,0,962402.3,0,0,962402.3,0,0,962402.3,0,0,962402.3,0,0,962402.3,0,0,962402.3,0,0,962402.3,0,0,3849609.2,0,0,962402.3,0,0,962402.3,0,0,962402.3,0,0,1069335.89,0,0,962402.3,0,0,1069335.89,0,0,962402.3
1,0,0,2021-01-11,COVCKD,0,0,0,0,1,1,0,0,1,1,0,0,0,0,0,0,0,0,0,0,0,0,0,0,0,0,0,0,0,0,0,0,0,0,0,0,0,0,0,0,0,0,0,0,0,0,0,0,0,0,962402.3,0,0,1013055.05,0,0,962402.3,0,0,1132238,384473.68,9734.03,2142150.26,415056.82,10508.33,2312548.58,0,0,1069335.89,0,0,1374860.43,384473.68,9734.03,2142150.26,384473.68,9734.03,2142150.26,0,0,962402.3,0,0,962402.3,0,0,962402.3,0,0,962402.3,0,0,962402.3,0,0,962402.3,0,0,1203002.88,0,0,1283203.07,0,0,962402.3,0,0,962402.3,0,0,962402.3,0,0,962402.3,0,0,962402.3,0,0,962402.3,0,0,962402.3,0,0,962402.3,0,0,962402.3,0,0,962402.3,0,0,962402.3,0,0,962402.3,0,0,962402.3,0,0,962402.3,0,0,962402.3,0,0,962402.3,0,0,962402.3,0,0,962402.3,0,0,962402.3,0,0,962402.3,0,0,962402.3,0,0,962402.3,0,0,3849609.2,0,0,962402.3,0,0,962402.3,0,0,962402.3,0,0,1069335.89,0,0,962402.3,0,0,1069335.89,0,0,962402.3
1,0,0,2021-01-18,COVCKD,0,0,0,0,0,0,0,0,0,0,0,0,0,0,0,0,0,0,0,0,0,0,0,0,0,0,0,0,0,0,0,0,0,0,0,0,0,1,0,0,1,0,0,0,0,0,0,0,0,0,983476.8,0,0,1036433.25,0,0,983476.8,0,0,1161520.02,0,0,1531094.57,0,0,1663411.38,0,0,1095417.25,0,0,1418277.07,0,0,1531094.57,0,0,1531094.57,0,0,983476.8,0,0,983476.8,0,0,983476.8,0,0,983476.8,0,0,983476.8,0,0,983476.8,0,0,1236113.05,0,0,1283203.07,0,0,983476.8,0,0,983476.8,0,0,983476.8,0,0,983476.8,0,0,983476.8,0,0,983476.8,0,0,983476.8,0,0,983476.8,0,0,983476.8,0,0,983476.8,0,0,983476.8,0,0,983476.8,0,0,983476.8,0,0,983476.8,0,0,983476.8,0,0,983476.8,0,0,983476.8,0,0,983476.8,0,0,983476.8,0,0,983476.8,0,0,983476.8,0,0,983476.8,1106818.18,28022.21,6166796.21,0,0,983476.8,0,0,983476.8,266605.84,6749.88,1485432.66,0,0,1095417.25,0,0,983476.8,0,0,1095417.25,0,0,983476.8
1,0,0,2021-01-25,COVCKD,0,0,0,0,0,0,0,0,0,0,0,0,0,0,0,0,0,0,0,0,0,0,0,0,0,0,0,0,0,0,0,0,0,0,0,0,0,0,0,0,0,0,0,0,0,0,0,0,0,0,1013055.05,0,0,1069335.89,0,0,1013055.05,0,0,1203002.88,0,0,1604003.83,0,0,1749822.36,0,0,1132238,0,0,1480618.92,0,0,1604003.83,0,0,1604003.83,0,0,1013055.05,0,0,1013055.05,0,0,1013055.05,0,0,1013055.05,0,0,1013055.05,0,0,1013055.05,0,0,1283203.07,0,0,1283203.07,0,0,1013055.05,0,0,1013055.05,0,0,1013055.05,0,0,1013055.05,0,0,1013055.05,0,0,1013055.05,0,0,1013055.05,0,0,1013055.05,0,0,1013055.05,0,0,1013055.05,0,0,1013055.05,0,0,1013055.05,0,0,1013055.05,0,0,1013055.05,0,0,1013055.05,0,0,1013055.05,0,0,1013055.05,0,0,1013055.05,0,0,1013055.05,0,0,1013055.05,0,0,1013055.05,0,0,1013055.05,0,0,4812011.5,0,0,1013055.05,0,0,1013055.05,0,0,1013055.05,0,0,1132238,0,0,1013055.05,0,0,1132238,0,0,1013055.05
1,0,0,2021-02-01,COVCKD,0,0,0,0,0,0,0,0,0,0,0,0,0,0,0,0,0,0,0,0,0,0,0,0,0,0,0,0,0,0,0,0,0,0,0,0,0,1,0,0,0,0,0,0,0,0,0,0,0,0,1013055.05,0,0,1069335.89,0,0,1013055.05,0,0,1203002.88,0,0,1604003.83,0,0,1749822.36,0,0,1132238,0,0,1480618.92,0,0,1604003.83,0,0,1604003.83,0,0,1013055.05,0,0,1013055.05,0,0,1013055.05,0,0,1013055.05,0,0,1013055.05,0,0,1013055.05,0,0,1283203.07,0,0,1283203.07,0,0,1013055.05,0,0,1013055.05,0,0,1013055.05,0,0,1013055.05,0,0,1013055.05,0,0,1013055.05,0,0,1013055.05,0,0,1013055.05,0,0,1013055.05,0,0,1013055.05,0,0,1013055.05,0,0,1013055.05,0,0,1013055.05,0,0,1013055.05,0,0,1013055.05,0,0,1013055.05,0,0,1013055.05,0,0,1013055.05,0,0,1013055.05,0,0,1013055.05,0,0,1013055.05,0,0,1013055.05,1588043.48,40205.78,8848011.95,0,0,1013055.05,0,0,1013055.05,0,0,1013055.05,0,0,1132238,0,0,1013055.05,0,0,1132238,0,0,1013055.05
1,0,0,2021-02-08,COVCKD,0,0,0,0,0,0,0,0,0,0,0,0,0,0,0,0,0,0,0,0,0,0,0,0,0,0,0,0,0,0,0,0,0,0,0,0,0,0,0,0,0,0,0,0,0,0,0,0,0,0,1013055.05,0,0,1069335.89,0,0,1013055.05,0,0,1203002.88,0,0,1604003.83,0,0,1749822.36,0,0,1132238,0,0,1480618.92,0,0,1604003.83,0,0,1604003.83,0,0,1013055.05,0,0,1013055.05,0,0,1013055.05,0,0,1013055.05,0,0,1013055.05,0,0,1013055.05,0,0,1283203.07,0,0,1283203.07,0,0,1013055.05,0,0,1013055.05,0,0,1013055.05,0,0,1013055.05,0,0,1013055.05,0,0,1013055.05,0,0,1013055.05,0,0,1013055.05,0,0,1013055.05,0,0,1013055.05,0,0,1013055.05,0,0,1013055.05,0,0,1013055.05,0,0,1013055.05,0,0,1013055.05,0,0,1013055.05,0,0,1013055.05,0,0,1013055.05,0,0,1013055.05,0,0,1013055.05,0,0,1013055.05,0,0,1013055.05,0,0,6416015.34,0,0,1013055.05,0,0,1013055.05,0,0,1013055.05,0,0,1132238,0,0,1013055.05,0,0,1132238,0,0,1013055.05
1,0,0,2021-02-15,COVCKD,0,0,0,0,0,0,0,0,0,0,0,0,0,0,0,0,0,0,0,0,0,0,0,0,0,0,0,0,0,0,0,0,0,0,0,0,0,1,0,0,0,0,0,0,0,0,0,0,0,0,1013055.05,0,0,1069335.89,0,0,1013055.05,0,0,1203002.88,0,0,1604003.83,0,0,1749822.36,0,0,1132238,0,0,1480618.92,0,0,1604003.83,0,0,1604003.83,0,0,1013055.05,0,0,1013055.05,0,0,1013055.05,0,0,1013055.05,0,0,1013055.05,0,0,1013055.05,0,0,1283203.07,0,0,1283203.07,0,0,1013055.05,0,0,1013055.05,0,0,1013055.05,0,0,1013055.05,0,0,1013055.05,0,0,1013055.05,0,0,1013055.05,0,0,1013055.05,0,0,1013055.05,0,0,1013055.05,0,0,1013055.05,0,0,1013055.05,0,0,1013055.05,0,0,1013055.05,0,0,1013055.05,0,0,1013055.05,0,0,1013055.05,0,0,1013055.05,0,0,1013055.05,0,0,1013055.05,0,0,1013055.05,0,0,1013055.05,1739285.71,44034.9,9690679.75,0,0,1013055.05,0,0,1013055.05,0,0,1013055.05,0,0,1132238,0,0,1013055.05,0,0,1132238,0,0,1013055.05
1,0,0,2021-02-22,COVCKD,0,0,0,0,0,0,0,0,0,0,0,0,0,0,0,0,0,0,0,0,0,0,0,0,0,0,0,0,0,0,0,0,0,0,0,0,0,0,0,0,0,0,0,0,0,0,0,0,0,0,1020729.71,0,0,1077890.58,0,0,1020729.71,0,0,1203002.88,0,0,1623329.18,0,0,1772846.34,0,0,1141833.24,0,0,1480618.92,0,0,1604003.83,0,0,1604003.83,0,0,1020729.71,0,0,1020729.71,0,0,1020729.71,0,0,1020729.71,0,0,1020729.71,0,0,1020729.71,0,0,1295541.56,0,0,1295541.56,0,0,1020729.71,0,0,1020729.71,0,0,1020729.71,0,0,1020729.71,0,0,1020729.71,0,0,1020729.71,0,0,1020729.71,0,0,1020729.71,0,0,1020729.71,0,0,1020729.71,0,0,1020729.71,0,0,1020729.71,0,0,1020729.71,0,0,1020729.71,0,0,1020729.71,0,0,1020729.71,0,0,1020729.71,0,0,1020729.71,0,0,1020729.71,0,0,1020729.71,0,0,1020729.71,0,0,1020729.71,0,0,9624023,0,0,1020729.71,0,0,1020729.71,0,0,1020729.71,0,0,1141833.24,0,0,1020729.71,0,0,1141833.24,0,0,1020729.71
1,0,0,2021-03-01,COVCKD,0,0,0,0,0,0,0,0,0,0,0,0,0,0,0,0,0,0,0,0,0,0,0,0,0,0,0,0,0,0,0,0,0,0,0,0,0,0,0,0,0,0,0,0,0,0,0,0,0,0,1095417.25,0,0,1132238,0,0,1095417.25,0,0,1236113.05,0,0,1749822.36,0,0,1924804.6,0,0,1236113.05,0,0,1531094.57,0,0,1604003.83,0,0,1604003.83,0,0,1095417.25,0,0,1095417.25,0,0,1095417.25,0,0,1095417.25,0,0,1095417.25,0,0,1095417.25,0,0,1418277.07,0,0,1418277.07,0,0,1095417.25,0,0,1095417.25,0,0,1095417.25,0,0,1095417.25,0,0,1095417.25,0,0,1095417.25,0,0,1095417.25,0,0,1095417.25,0,0,1095417.25,0,0,1095417.25,0,0,1095417.25,0,0,1095417.25,0,0,1095417.25,0,0,1095417.25,0,0,1095417.25,0,0,1095417.25,0,0,1095417.25,0,0,1095417.25,0,0,1095417.25,0,0,1095417.25,0,0,1095417.25,0,0,1095417.25,0,0,9624023,0,0,1095417.25,0,0,1095417.25,0,0,1095417.25,0,0,1236113.05,0,0,1095417.25,0,0,1236113.05,0,0,1095417.25
1,0,0,2021-03-08,COVCKD,0,0,0,0,0,0,0,0,0,0,0,0,0,0,0,0,0,0,0,0,0,0,0,0,0,0,0,0,0,0,0,0,0,0,0,0,0,1,0,0,0,0,0,0,0,0,0,0,0,0,1161520.02,0,0,1161520.02,0,0,1161520.02,0,0,1320944.33,0,0,1820761.11,0,0,2010989.88,0,0,1283203.07,0,0,1604003.83,0,0,1663411.38,0,0,1663411.38,0,0,1161520.02,0,0,1161520.02,0,0,1161520.02,0,0,1161520.02,0,0,1161520.02,0,0,1161520.02,0,0,1531094.57,0,0,1531094.57,0,0,1161520.02,0,0,1161520.02,0,0,1161520.02,0,0,1161520.02,0,0,1161520.02,0,0,1161520.02,0,0,1161520.02,0,0,1161520.02,0,0,1161520.02,0,0,1161520.02,0,0,1161520.02,0,0,1161520.02,0,0,1161520.02,0,0,1161520.02,0,0,1161520.02,0,0,1161520.02,0,0,1161520.02,0,0,1161520.02,0,0,1161520.02,0,0,1161520.02,0,0,1161520.02,0,0,1161520.02,5217857.14,132104.71,29072039.26,0,0,1161520.02,0,0,1161520.02,0,0,1161520.02,0,0,1283203.07,0,0,1161520.02,0,0,1283203.07,0,0,1161520.02
1,0,0,2021-03-15,COVCKD,0,0,0,0,0,0,0,0,0,0,0,0,0,0,0,0,0,0,0,0,0,0,0,0,0,0,0,0,0,0,0,0,0,0,0,0,0,0,0,0,0,0,0,0,0,0,0,0,0,0,1203002.88,0,0,1203002.88,0,0,1203002.88,0,0,1374860.43,0,0,1924804.6,0,0,2138671.78,0,0,1283203.07,0,0,1604003.83,0,0,1749822.36,0,0,1749822.36,0,0,1203002.88,0,0,1203002.88,0,0,1203002.88,0,0,1203002.88,0,0,1203002.88,0,0,1203002.88,0,0,1604003.83,0,0,1604003.83,0,0,1203002.88,0,0,1203002.88,0,0,1203002.88,0,0,1203002.88,0,0,1203002.88,0,0,1203002.88,0,0,1203002.88,0,0,1203002.88,0,0,1203002.88,0,0,1203002.88,0,0,1203002.88,0,0,1203002.88,0,0,1203002.88,0,0,1203002.88,0,0,1203002.88,0,0,1203002.88,0,0,1203002.88,0,0,1203002.88,0,0,1203002.88,0,0,1203002.88,0,0,1203002.88,0,0,1203002.88,,,0,0,0,1203002.88,0,0,1203002.88,0,0,1203002.88,0,0,1283203.07,0,0,1203002.88,0,0,1283203.07,0,0,1203002.88
1,0,0,2021-03-22,COVCKD,0,0,0,0,0,0,0,0,0,0,0,0,0,0,0,0,0,0,0,0,0,0,0,0,0,0,0,0,0,0,0,0,0,0,0,0,0,0,0,0,0,0,0,0,0,0,0,0,0,0,1247558.54,0,0,1247558.54,0,0,1247558.54,0,0,1433365.13,0,0,1981416.5,0,0,2208792.16,0,0,1308119.63,0,0,1604003.83,0,0,1796484.29,0,0,1796484.29,0,0,1247558.54,0,0,1247558.54,0,0,1247558.54,0,0,1247558.54,0,0,1247558.54,0,0,1247558.54,0,0,1684204.03,0,0,1684204.03,0,0,1247558.54,0,0,1247558.54,0,0,1247558.54,0,0,1247558.54,0,0,1247558.54,0,0,1247558.54,0,0,1247558.54,0,0,1247558.54,0,0,1247558.54,0,0,1247558.54,0,0,1247558.54,0,0,1247558.54,0,0,1247558.54,0,0,1247558.54,0,0,1247558.54,0,0,1247558.54,0,0,1247558.54,0,0,1247558.54,0,0,1247558.54,0,0,1247558.54,0,0,1247558.54,0,0,1247558.54,,,0,0,0,1247558.54,0,0,1247558.54,0,0,1247558.54,0,0,1308119.63,0,0,1247558.54,0,0,1308119.63,0,0,1247558.54
1,1,Moderna,2021-03-29,COVCKD,0,0,0,0,0,0,0,0,0,0,0,0,0,0,0,0,0,0,0,0,0,0,0,0,0,0,0,0,0,0,0,0,0,0,0,0,0,0,0,0,0,0,0,0,0,0,0,0,0,0,4491210.74,0,0,5182166.23,0,0,4491210.74,0,0,5858100.96,0,0,11228026.84,0,0,26947264.41,0,0,5858100.96,0,0,5858100.96,0,0,5182166.23,0,0,5182166.23,0,0,4491210.74,0,0,4491210.74,0,0,4491210.74,0,0,4491210.74,0,0,4491210.74,0,0,4491210.74,0,0,4491210.74,0,0,4491210.74,0,0,4491210.74,0,0,4491210.74,0,0,4491210.74,0,0,4491210.74,0,0,4491210.74,0,0,4491210.74,0,0,4491210.74,0,0,4491210.74,0,0,4491210.74,0,0,4491210.74,0,0,4491210.74,0,0,4491210.74,0,0,4491210.74,0,0,4491210.74,0,0,4491210.74,0,0,4491210.74,0,0,4491210.74,0,0,4491210.74,0,0,4491210.74,0,0,4491210.74,0,0,4491210.74,0,0,4491210.74,,,0,0,0,4491210.74,0,0,4491210.74,0,0,4491210.74,0,0,5858100.96,0,0,4491210.74,0,0,5858100.96,0,0,4491210.74
1,1,Moderna,2021-04-05,COVCKD,0,0,0,0,0,0,0,0,0,0,0,0,0,0,0,0,0,0,0,0,0,0,0,0,0,0,0,0,0,0,0,0,0,0,0,0,0,0,0,0,0,0,0,0,0,0,0,0,0,0,4082918.85,0,0,4082918.85,0,0,4082918.85,0,0,5182166.23,0,0,9624023,0,0,19248046.01,0,0,5182166.23,0,0,5182166.23,0,0,4082918.85,0,0,4082918.85,0,0,4082918.85,0,0,4082918.85,0,0,4082918.85,0,0,4082918.85,0,0,4082918.85,0,0,4082918.85,0,0,4082918.85,0,0,4082918.85,0,0,4082918.85,0,0,4082918.85,0,0,4082918.85,0,0,4082918.85,0,0,4082918.85,0,0,4082918.85,0,0,4082918.85,0,0,4082918.85,0,0,4082918.85,0,0,4082918.85,0,0,4082918.85,0,0,4082918.85,0,0,4082918.85,0,0,4082918.85,0,0,4082918.85,0,0,4082918.85,0,0,4082918.85,0,0,4082918.85,0,0,4082918.85,0,0,4082918.85,0,0,4082918.85,0,0,4082918.85,,,0,0,0,4082918.85,0,0,4082918.85,0,0,4082918.85,0,0,5182166.23,0,0,4082918.85,0,0,5182166.23,0,0,4082918.85
1,1,Moderna,2021-04-12,COVCKD,0,0,0,0,0,0,0,0,0,0,0,0,0,0,0,0,0,0,0,0,0,0,0,0,0,0,0,0,0,0,0,0,0,0,0,0,0,0,0,0,0,0,0,0,0,0,0,0,0,0,3849609.2,0,0,3849609.2,0,0,3849609.2,0,0,4812011.5,0,0,9624023,0,0,19248046.01,0,0,4812011.5,0,0,4812011.5,0,0,3849609.2,0,0,3849609.2,0,0,3849609.2,0,0,3849609.2,0,0,3849609.2,0,0,3849609.2,0,0,3849609.2,0,0,3849609.2,0,0,3849609.2,0,0,3849609.2,0,0,3849609.2,0,0,3849609.2,0,0,3849609.2,0,0,3849609.2,0,0,3849609.2,0,0,3849609.2,0,0,3849609.2,0,0,3849609.2,0,0,3849609.2,0,0,3849609.2,0,0,3849609.2,0,0,3849609.2,0,0,3849609.2,0,0,3849609.2,0,0,3849609.2,0,0,3849609.2,0,0,3849609.2,0,0,3849609.2,0,0,3849609.2,0,0,3849609.2,0,0,3849609.2,0,0,3849609.2,,,0,0,0,3849609.2,0,0,3849609.2,0,0,3849609.2,0,0,4812011.5,0,0,3849609.2,0,0,4812011.5,0,0,3849609.2
1,1,Moderna,2021-04-19,COVCKD,0,0,0,0,0,0,0,0,0,0,0,0,0,0,0,0,0,0,0,0,0,0,0,0,0,0,0,0,0,0,0,0,0,0,0,0,0,0,0,0,0,0,0,0,0,0,0,0,0,0,3849609.2,0,0,3849609.2,0,0,3849609.2,0,0,4812011.5,0,0,9624023,0,0,19248046.01,0,0,4812011.5,0,0,4812011.5,0,0,3849609.2,0,0,3849609.2,0,0,3849609.2,0,0,3849609.2,0,0,3849609.2,0,0,3849609.2,0,0,3849609.2,0,0,3849609.2,0,0,3849609.2,0,0,3849609.2,0,0,3849609.2,0,0,3849609.2,0,0,3849609.2,0,0,3849609.2,0,0,3849609.2,0,0,3849609.2,0,0,3849609.2,0,0,3849609.2,0,0,3849609.2,0,0,3849609.2,0,0,3849609.2,0,0,3849609.2,0,0,3849609.2,0,0,3849609.2,0,0,3849609.2,0,0,3849609.2,0,0,3849609.2,0,0,3849609.2,0,0,3849609.2,0,0,3849609.2,0,0,3849609.2,0,0,3849609.2,,,0,0,0,3849609.2,0,0,3849609.2,0,0,3849609.2,0,0,4812011.5,0,0,3849609.2,0,0,4812011.5,0,0,3849609.2
1,2,Moderna,2021-04-26,COVCKD,0,0,0,0,0,0,0,1,0,0,0,0,0,0,0,0,0,0,0,0,0,0,0,0,0,0,0,0,0,0,0,0,0,0,0,0,0,0,0,0,0,0,0,0,0,0,0,0,0,0,4491210.74,0,0,5858100.96,0,0,4491210.74,0,0,5614013.42,0,0,12248756.55,0,0,33684080.52,0,0,5614013.42,1739285.71,44034.9,9690679.75,0,0,5858100.96,0,0,5858100.96,0,0,4491210.74,0,0,4491210.74,0,0,4491210.74,0,0,4491210.74,0,0,4491210.74,0,0,4491210.74,0,0,4491210.74,0,0,4491210.74,0,0,4491210.74,0,0,4491210.74,0,0,4491210.74,0,0,4491210.74,0,0,4491210.74,0,0,4491210.74,0,0,4491210.74,0,0,4491210.74,0,0,4491210.74,0,0,4491210.74,0,0,4491210.74,0,0,4491210.74,0,0,4491210.74,0,0,4491210.74,0,0,4491210.74,0,0,4491210.74,0,0,4491210.74,0,0,4491210.74,0,0,4491210.74,0,0,4491210.74,0,0,4491210.74,0,0,4491210.74,,,0,0,0,4491210.74,0,0,4491210.74,0,0,4491210.74,0,0,5614013.42,0,0,4491210.74,0,0,5614013.42,0,0,4491210.74
1,2,Moderna,2021-05-03,COVCKD,0,0,0,0,0,0,0,0,0,0,0,0,0,0,0,0,0,0,0,0,0,0,0,0,0,0,0,0,0,0,0,0,0,0,0,0,0,0,0,0,0,0,0,0,0,0,0,0,0,0,3742675.61,0,0,4646080.07,0,0,3742675.61,0,0,4646080.07,0,0,9624023,0,0,19248046.01,0,0,4646080.07,0,0,6124378.28,0,0,4646080.07,0,0,4646080.07,0,0,3742675.61,0,0,3742675.61,0,0,3742675.61,0,0,3742675.61,0,0,3742675.61,0,0,3742675.61,0,0,3742675.61,0,0,3742675.61,0,0,3742675.61,0,0,3742675.61,0,0,3742675.61,0,0,3742675.61,0,0,3742675.61,0,0,3742675.61,0,0,3742675.61,0,0,3742675.61,0,0,3742675.61,0,0,3742675.61,0,0,3742675.61,0,0,3742675.61,0,0,3742675.61,0,0,3742675.61,0,0,3742675.61,0,0,3742675.61,0,0,3742675.61,0,0,3742675.61,0,0,3742675.61,0,0,3742675.61,0,0,3742675.61,0,0,3742675.61,,,0,0,0,3742675.61,0,0,3742675.61,0,0,3742675.61,0,0,4646080.07,0,0,3742675.61,0,0,4646080.07,0,0,3742675.61
1,2,Moderna,2021-05-10,COVCKD,0,0,0,0,0,0,0,0,0,0,0,0,0,0,0,0,0,0,0,0,0,0,0,0,0,0,0,0,0,0,0,0,0,0,0,0,0,0,0,0,0,0,0,0,0,0,0,0,0,0,3208007.67,0,0,3849609.2,0,0,3208007.67,0,0,3849609.2,0,0,9624023,0,0,19248046.01,0,0,3849609.2,0,0,4812011.5,0,0,3849609.2,0,0,3849609.2,0,0,3208007.67,0,0,3208007.67,0,0,3208007.67,0,0,3208007.67,0,0,3208007.67,0,0,3208007.67,0,0,3208007.67,0,0,3208007.67,0,0,3208007.67,0,0,3208007.67,0,0,3208007.67,0,0,3208007.67,0,0,3208007.67,0,0,3208007.67,0,0,3208007.67,0,0,3208007.67,0,0,3208007.67,0,0,3208007.67,0,0,3208007.67,0,0,3208007.67,0,0,3208007.67,0,0,3208007.67,0,0,3208007.67,0,0,3208007.67,0,0,3208007.67,0,0,3208007.67,0,0,3208007.67,0,0,3208007.67,0,0,3208007.67,0,0,3208007.67,,,0,0,0,3208007.67,0,0,3208007.67,0,0,3208007.67,0,0,3849609.2,0,0,3208007.67,0,0,3849609.2,0,0,3208007.67
1,2,Moderna,2021-05-17,COVCKD,0,0,0,0,0,0,0,0,0,0,0,0,0,0,0,0,0,0,0,0,0,0,0,0,0,0,0,0,0,0,0,0,0,0,0,0,0,0,0,0,0,0,0,0,0,0,0,0,0,0,3208007.67,0,0,3849609.2,0,0,3208007.67,0,0,3849609.2,0,0,9624023,0,0,19248046.01,0,0,3849609.2,0,0,4812011.5,0,0,3849609.2,0,0,3849609.2,0,0,3208007.67,0,0,3208007.67,0,0,3208007.67,0,0,3208007.67,0,0,3208007.67,0,0,3208007.67,0,0,3208007.67,0,0,3208007.67,0,0,3208007.67,0,0,3208007.67,0,0,3208007.67,0,0,3208007.67,0,0,3208007.67,0,0,3208007.67,0,0,3208007.67,0,0,3208007.67,0,0,3208007.67,0,0,3208007.67,0,0,3208007.67,0,0,3208007.67,0,0,3208007.67,0,0,3208007.67,0,0,3208007.67,0,0,3208007.67,0,0,3208007.67,0,0,3208007.67,0,0,3208007.67,0,0,3208007.67,0,0,3208007.67,0,0,3208007.67,,,0,0,0,3208007.67,0,0,3208007.67,0,0,3208007.67,0,0,3849609.2,0,0,3208007.67,0,0,3849609.2,0,0,3208007.67
1,2,Moderna,2021-05-24,COVCKD,0,0,0,0,0,0,0,0,0,0,0,0,0,0,0,0,0,0,0,0,0,0,0,0,0,0,0,0,0,0,0,0,0,0,0,0,0,0,0,0,0,0,0,0,0,0,0,0,0,0,2749720.86,0,0,3208007.67,0,0,2749720.86,0,0,3208007.67,0,0,6416015.34,0,0,9624023,0,0,3208007.67,0,0,3849609.2,0,0,3208007.67,0,0,3208007.67,0,0,2749720.86,0,0,2749720.86,0,0,2749720.86,0,0,2749720.86,0,0,2749720.86,0,0,2749720.86,0,0,3208007.67,0,0,3208007.67,0,0,2749720.86,0,0,2749720.86,0,0,2749720.86,0,0,2749720.86,0,0,2749720.86,0,0,2749720.86,0,0,2749720.86,0,0,2749720.86,0,0,2749720.86,0,0,2749720.86,0,0,2749720.86,0,0,2749720.86,0,0,2749720.86,0,0,2749720.86,0,0,2749720.86,0,0,2749720.86,0,0,2749720.86,0,0,2749720.86,0,0,2749720.86,0,0,2749720.86,0,0,2749720.86,0,0,2749720.86,,,0,0,0,2749720.86,0,0,2749720.86,0,0,2749720.86,0,0,3208007.67,0,0,2749720.86,0,0,3208007.67,0,0,2749720.86
1,2,Moderna,2021-05-31,COVCKD,0,0,0,0,0,0,0,0,0,0,0,0,0,0,0,0,1,1,0,0,0,0,0,0,0,0,0,0,0,0,0,0,0,0,0,0,0,0,0,0,0,0,0,0,0,0,0,0,0,0,2749720.86,0,0,3208007.67,0,0,2749720.86,0,0,3208007.67,0,0,6416015.34,0,0,9624023,0,0,3208007.67,0,0,3849609.2,0,0,3208007.67,0,0,3208007.67,0,0,2749720.86,0,0,2749720.86,0,0,2749720.86,0,0,2749720.86,0,0,2749720.86,0,0,2749720.86,961184.21,24335.08,5355375.65,961184.21,24335.08,5355375.65,0,0,2749720.86,0,0,2749720.86,0,0,2749720.86,0,0,2749720.86,0,0,2749720.86,0,0,2749720.86,0,0,2749720.86,0,0,2749720.86,0,0,2749720.86,0,0,2749720.86,0,0,2749720.86,0,0,2749720.86,0,0,2749720.86,0,0,2749720.86,0,0,2749720.86,0,0,2749720.86,0,0,2749720.86,0,0,2749720.86,0,0,2749720.86,0,0,2749720.86,0,0,2749720.86,0,0,2749720.86,,,0,0,0,2749720.86,0,0,2749720.86,0,0,2749720.86,0,0,3208007.67,0,0,2749720.86,0,0,3208007.67,0,0,2749720.86
1,2,Moderna,2021-06-07,COVCKD,0,0,0,0,0,0,0,0,0,0,0,0,0,0,0,0,0,0,0,0,0,0,0,0,0,0,0,0,0,0,0,0,0,0,0,0,0,0,0,0,0,0,0,0,0,0,0,0,0,0,2749720.86,0,0,3208007.67,0,0,2749720.86,0,0,3208007.67,0,0,6416015.34,0,0,9624023,0,0,3208007.67,0,0,3849609.2,0,0,3208007.67,0,0,3208007.67,0,0,2749720.86,0,0,2749720.86,0,0,2749720.86,0,0,2749720.86,0,0,2749720.86,0,0,2749720.86,0,0,3849609.2,0,0,3849609.2,0,0,2749720.86,0,0,2749720.86,0,0,2749720.86,0,0,2749720.86,0,0,2749720.86,0,0,2749720.86,0,0,2749720.86,0,0,2749720.86,0,0,2749720.86,0,0,2749720.86,0,0,2749720.86,0,0,2749720.86,0,0,2749720.86,0,0,2749720.86,0,0,2749720.86,0,0,2749720.86,0,0,2749720.86,0,0,2749720.86,0,0,2749720.86,0,0,2749720.86,0,0,2749720.86,0,0,2749720.86,,,0,0,0,2749720.86,0,0,2749720.86,0,0,2749720.86,0,0,3208007.67,0,0,2749720.86,0,0,3208007.67,0,0,2749720.86
1,2,Moderna,2021-06-14,COVCKD,0,0,0,0,0,0,0,0,0,0,0,0,0,0,0,0,0,0,0,0,0,0,0,0,0,0,0,0,0,0,0,0,0,0,0,0,0,0,0,0,0,0,0,0,0,0,0,0,0,0,2749720.86,0,0,3208007.67,0,0,2749720.86,0,0,3208007.67,0,0,6416015.34,0,0,9624023,0,0,3208007.67,0,0,3849609.2,0,0,3208007.67,0,0,3208007.67,0,0,2749720.86,0,0,2749720.86,0,0,2749720.86,0,0,2749720.86,0,0,2749720.86,0,0,2749720.86,0,0,3849609.2,0,0,3849609.2,0,0,2749720.86,0,0,2749720.86,0,0,2749720.86,0,0,2749720.86,0,0,2749720.86,0,0,2749720.86,0,0,2749720.86,0,0,2749720.86,0,0,2749720.86,0,0,2749720.86,0,0,2749720.86,0,0,2749720.86,0,0,2749720.86,0,0,2749720.86,0,0,2749720.86,0,0,2749720.86,0,0,2749720.86,0,0,2749720.86,0,0,2749720.86,0,0,2749720.86,0,0,2749720.86,0,0,2749720.86,,,0,0,0,2749720.86,0,0,2749720.86,0,0,2749720.86,0,0,3208007.67,0,0,2749720.86,0,0,3208007.67,0,0,2749720.86
1,2,Moderna,2021-06-21,COVCKD,0,0,0,0,0,0,0,0,0,0,0,0,0,0,0,0,0,0,0,0,0,0,0,0,0,0,0,0,0,0,0,0,0,0,0,0,0,0,0,0,0,0,0,0,0,0,0,0,0,0,2749720.86,0,0,3208007.67,0,0,2749720.86,0,0,3208007.67,0,0,6416015.34,0,0,9624023,0,0,3208007.67,0,0,3849609.2,0,0,3208007.67,0,0,3208007.67,0,0,2749720.86,0,0,2749720.86,0,0,2749720.86,0,0,2749720.86,0,0,2749720.86,0,0,2749720.86,0,0,3849609.2,0,0,3849609.2,0,0,2749720.86,0,0,2749720.86,0,0,2749720.86,0,0,2749720.86,0,0,2749720.86,0,0,2749720.86,0,0,2749720.86,0,0,2749720.86,0,0,2749720.86,0,0,2749720.86,0,0,2749720.86,0,0,2749720.86,0,0,2749720.86,0,0,2749720.86,0,0,2749720.86,0,0,2749720.86,0,0,2749720.86,0,0,2749720.86,0,0,2749720.86,0,0,2749720.86,0,0,2749720.86,0,0,2749720.86,,,0,0,0,2749720.86,0,0,2749720.86,0,0,2749720.86,0,0,3208007.67,0,0,2749720.86,0,0,3208007.67,0,0,2749720.86
1,2,Moderna,2021-06-28,COVCKD,0,0,0,0,0,0,0,0,0,0,0,0,0,0,0,0,0,0,0,0,0,0,0,0,0,0,0,0,0,0,0,0,0,0,0,0,0,0,0,0,0,0,0,0,0,0,0,0,0,0,6416015.34,0,0,7485351.23,0,0,6416015.34,0,0,7485351.23,0,0,14970702.45,0,0,22456053.68,0,0,7485351.23,0,0,8982421.47,0,0,7485351.23,0,0,7485351.23,0,0,6416015.34,0,0,6416015.34,0,0,6416015.34,0,0,6416015.34,0,0,6416015.34,0,0,6416015.34,0,0,8982421.47,0,0,8982421.47,0,0,6416015.34,0,0,6416015.34,0,0,6416015.34,0,0,6416015.34,0,0,6416015.34,0,0,6416015.34,0,0,6416015.34,0,0,6416015.34,0,0,6416015.34,0,0,6416015.34,0,0,6416015.34,0,0,6416015.34,0,0,6416015.34,0,0,6416015.34,0,0,6416015.34,0,0,6416015.34,0,0,6416015.34,0,0,6416015.34,0,0,6416015.34,0,0,6416015.34,0,0,6416015.34,0,0,6416015.34,,,0,0,0,6416015.34,0,0,6416015.34,0,0,6416015.34,0,0,7485351.23,0,0,6416015.34,0,0,7485351.23,0,0,6416015.34
1,0,0,2021-03-29,COVCKD,0,0,0,1,0,0,0,0,0,0,0,0,0,0,0,0,0,0,0,0,0,0,0,0,0,0,0,0,0,0,0,0,0,0,0,0,0,0,0,0,0,0,0,0,0,0,0,0,0,0,1705523.06,0,0,1705523.06,0,0,1705523.06,545149.25,13801.98,3037377.24,0,0,2641888.67,0,0,2641888.67,0,0,1705523.06,0,0,2072866.49,0,0,2641888.67,0,0,2641888.67,0,0,1705523.06,0,0,1705523.06,0,0,1705523.06,0,0,1705523.06,0,0,1705523.06,0,0,1705523.06,0,0,2641888.67,0,0,2641888.67,0,0,1705523.06,0,0,1705523.06,0,0,1705523.06,0,0,1705523.06,0,0,1705523.06,0,0,1705523.06,0,0,1705523.06,0,0,1705523.06,0,0,1705523.06,0,0,1705523.06,0,0,1705523.06,0,0,1705523.06,0,0,1705523.06,0,0,1705523.06,0,0,1705523.06,0,0,1705523.06,0,0,1705523.06,0,0,1705523.06,0,0,1705523.06,0,0,1705523.06,0,0,1705523.06,0,0,1705523.06,,,0,0,0,1705523.06,0,0,1705523.06,0,0,1705523.06,0,0,1705523.06,0,0,1705523.06,0,0,1705523.06,0,0,1705523.06
1,0,0,2021-04-05,COVCKD,0,0,0,0,0,0,0,0,0,0,0,0,0,0,0,0,0,0,0,0,0,0,0,0,0,0,0,0,0,0,0,0,0,0,0,0,0,0,0,0,0,0,0,0,0,0,0,0,0,0,2208792.16,0,0,2208792.16,0,0,2208792.16,0,0,2866730.26,0,0,3545692.69,0,0,3545692.69,0,0,2208792.16,0,0,2866730.26,0,0,3454777.49,0,0,3454777.49,0,0,2208792.16,0,0,2208792.16,0,0,2208792.16,0,0,2208792.16,0,0,2208792.16,0,0,2208792.16,0,0,3545692.69,0,0,3545692.69,0,0,2208792.16,0,0,2208792.16,0,0,2208792.16,0,0,2208792.16,0,0,2208792.16,0,0,2208792.16,0,0,2208792.16,0,0,2208792.16,0,0,2208792.16,0,0,2208792.16,0,0,2208792.16,0,0,2208792.16,0,0,2208792.16,0,0,2208792.16,0,0,2208792.16,0,0,2208792.16,0,0,2208792.16,0,0,2208792.16,0,0,2208792.16,0,0,2208792.16,0,0,2208792.16,0,0,2208792.16,,,0,0,0,2208792.16,0,0,2208792.16,0,0,2208792.16,0,0,2208792.16,0,0,2208792.16,0,0,2208792.16,0,0,2208792.16
1,0,0,2021-04-12,COVCKD,0,0,0,0,0,0,0,0,0,0,0,0,0,0,0,0,0,0,0,0,0,0,0,0,0,0,0,0,0,0,0,0,0,0,0,0,0,0,0,0,0,0,0,0,0,0,0,0,0,0,3286251.76,0,0,3286251.76,0,0,3286251.76,0,0,4812011.5,0,0,6416015.34,0,0,6416015.34,0,0,3286251.76,0,0,4990234.15,0,0,4812011.5,0,0,4812011.5,0,0,3286251.76,0,0,3286251.76,0,0,3286251.76,0,0,3286251.76,0,0,3286251.76,0,0,3286251.76,0,0,6736816.1,0,0,6736816.1,0,0,3286251.76,0,0,3286251.76,0,0,3286251.76,0,0,3286251.76,0,0,3286251.76,0,0,3286251.76,0,0,3286251.76,0,0,3286251.76,0,0,3286251.76,0,0,3286251.76,0,0,3286251.76,0,0,3286251.76,0,0,3286251.76,0,0,3286251.76,0,0,3286251.76,0,0,3286251.76,0,0,3286251.76,0,0,3286251.76,0,0,3286251.76,0,0,3286251.76,0,0,3286251.76,0,0,3286251.76,,,0,0,0,3286251.76,0,0,3286251.76,0,0,3286251.76,0,0,3286251.76,0,0,3286251.76,0,0,3286251.76,0,0,3286251.76
1,0,0,2021-04-19,COVCKD,0,0,0,0,0,0,0,0,0,0,0,0,0,0,0,0,0,0,0,0,0,0,0,0,0,0,0,0,0,0,0,0,0,0,0,0,0,0,0,0,0,0,0,0,0,0,0,0,0,0,5858100.96,0,0,5858100.96,0,0,5858100.96,0,0,8421020.13,0,0,9624023,0,0,9624023,0,0,5858100.96,0,0,9624023,0,0,6416015.34,0,0,6416015.34,0,0,5858100.96,0,0,5858100.96,0,0,5858100.96,0,0,5858100.96,0,0,5858100.96,0,0,5858100.96,0,0,19248046.01,0,0,19248046.01,0,0,5858100.96,0,0,5858100.96,0,0,5858100.96,0,0,5858100.96,0,0,5858100.96,0,0,5858100.96,0,0,5858100.96,0,0,5858100.96,0,0,5858100.96,0,0,5858100.96,0,0,5858100.96,0,0,5858100.96,0,0,5858100.96,0,0,5858100.96,0,0,5858100.96,0,0,5858100.96,0,0,5858100.96,0,0,5858100.96,0,0,5858100.96,0,0,5858100.96,0,0,5858100.96,0,0,5858100.96,,,0,0,0,5858100.96,0,0,5858100.96,0,0,5858100.96,0,0,5858100.96,0,0,5858100.96,0,0,5858100.96,0,0,5858100.96
1,0,0,2021-04-26,COVCKD,0,0,0,0,0,0,0,0,0,0,0,0,0,0,0,0,0,0,0,0,0,0,0,0,0,0,0,0,0,0,0,0,0,0,0,0,0,0,0,0,0,0,0,0,0,0,0,0,0,0,19248046.01,0,0,19248046.01,0,0,19248046.01,,,0,,,0,,,0,0,0,19248046.01,,,0,0,0,19248046.01,0,0,19248046.01,0,0,19248046.01,0,0,19248046.01,0,0,19248046.01,0,0,19248046.01,0,0,19248046.01,0,0,19248046.01,,,0,,,0,0,0,19248046.01,0,0,19248046.01,0,0,19248046.01,0,0,19248046.01,0,0,19248046.01,0,0,19248046.01,0,0,19248046.01,0,0,19248046.01,0,0,19248046.01,0,0,19248046.01,0,0,19248046.01,0,0,19248046.01,0,0,19248046.01,0,0,19248046.01,0,0,19248046.01,0,0,19248046.01,0,0,19248046.01,0,0,19248046.01,0,0,19248046.01,0,0,19248046.01,0,0,19248046.01,0,0,19248046.01,,,0,0,0,19248046.01,0,0,19248046.01,0,0,19248046.01,0,0,19248046.01,0,0,19248046.01,0,0,19248046.01,0,0,19248046.01
1,0,0,2021-05-03,COVCKD,0,0,0,0,0,0,0,0,0,0,0,0,0,0,0,0,0,0,0,0,0,0,0,0,0,0,0,0,0,0,0,0,0,0,0,0,0,0,0,0,0,0,0,0,0,0,0,0,0,0,19248046.01,0,0,19248046.01,0,0,19248046.01,,,0,,,0,,,0,0,0,19248046.01,,,0,0,0,19248046.01,0,0,19248046.01,0,0,19248046.01,0,0,19248046.01,0,0,19248046.01,0,0,19248046.01,0,0,19248046.01,0,0,19248046.01,,,0,,,0,0,0,19248046.01,0,0,19248046.01,0,0,19248046.01,0,0,19248046.01,0,0,19248046.01,0,0,19248046.01,0,0,19248046.01,0,0,19248046.01,0,0,19248046.01,0,0,19248046.01,0,0,19248046.01,0,0,19248046.01,0,0,19248046.01,0,0,19248046.01,0,0,19248046.01,0,0,19248046.01,0,0,19248046.01,0,0,19248046.01,0,0,19248046.01,0,0,19248046.01,0,0,19248046.01,0,0,19248046.01,,,0,0,0,19248046.01,0,0,19248046.01,0,0,19248046.01,0,0,19248046.01,0,0,19248046.01,0,0,19248046.01,0,0,19248046.01
1,0,0,2021-05-10,COVCKD,0,0,0,0,0,0,0,0,0,0,0,0,0,0,0,0,0,0,0,0,0,0,0,0,0,0,0,0,0,0,0,0,0,0,0,0,0,0,0,0,0,0,0,0,0,0,0,0,0,0,19248046.01,0,0,19248046.01,0,0,19248046.01,,,0,,,0,,,0,0,0,19248046.01,,,0,0,0,19248046.01,0,0,19248046.01,0,0,19248046.01,0,0,19248046.01,0,0,19248046.01,0,0,19248046.01,0,0,19248046.01,0,0,19248046.01,,,0,,,0,0,0,19248046.01,0,0,19248046.01,0,0,19248046.01,0,0,19248046.01,0,0,19248046.01,0,0,19248046.01,0,0,19248046.01,0,0,19248046.01,0,0,19248046.01,0,0,19248046.01,0,0,19248046.01,0,0,19248046.01,0,0,19248046.01,0,0,19248046.01,0,0,19248046.01,0,0,19248046.01,0,0,19248046.01,0,0,19248046.01,0,0,19248046.01,0,0,19248046.01,0,0,19248046.01,0,0,19248046.01,,,0,0,0,19248046.01,0,0,19248046.01,0,0,19248046.01,0,0,19248046.01,0,0,19248046.01,0,0,19248046.01,0,0,19248046.01
1,0,0,2021-05-17,COVCKD,0,0,0,0,0,0,0,0,0,0,0,0,0,0,0,0,0,0,0,0,0,0,0,0,0,0,0,0,0,0,0,0,0,0,0,0,0,0,0,0,0,0,0,0,0,0,0,0,0,0,19248046.01,0,0,19248046.01,0,0,19248046.01,,,0,,,0,,,0,0,0,19248046.01,,,0,0,0,19248046.01,0,0,19248046.01,0,0,19248046.01,0,0,19248046.01,0,0,19248046.01,0,0,19248046.01,0,0,19248046.01,0,0,19248046.01,,,0,,,0,0,0,19248046.01,0,0,19248046.01,0,0,19248046.01,0,0,19248046.01,0,0,19248046.01,0,0,19248046.01,0,0,19248046.01,0,0,19248046.01,0,0,19248046.01,0,0,19248046.01,0,0,19248046.01,0,0,19248046.01,0,0,19248046.01,0,0,19248046.01,0,0,19248046.01,0,0,19248046.01,0,0,19248046.01,0,0,19248046.01,0,0,19248046.01,0,0,19248046.01,0,0,19248046.01,0,0,19248046.01,,,0,0,0,19248046.01,0,0,19248046.01,0,0,19248046.01,0,0,19248046.01,0,0,19248046.01,0,0,19248046.01,0,0,19248046.01
1,0,0,2021-05-24,COVCKD,0,0,0,0,0,0,0,0,0,0,0,0,0,0,0,0,0,0,0,0,0,0,0,0,0,0,0,0,0,0,0,0,0,0,0,0,0,0,0,0,0,0,0,0,0,0,0,0,0,0,19248046.01,0,0,19248046.01,0,0,19248046.01,,,0,,,0,,,0,0,0,19248046.01,,,0,0,0,19248046.01,0,0,19248046.01,0,0,19248046.01,0,0,19248046.01,0,0,19248046.01,0,0,19248046.01,0,0,19248046.01,0,0,19248046.01,,,0,,,0,0,0,19248046.01,0,0,19248046.01,0,0,19248046.01,0,0,19248046.01,0,0,19248046.01,0,0,19248046.01,0,0,19248046.01,0,0,19248046.01,0,0,19248046.01,0,0,19248046.01,0,0,19248046.01,0,0,19248046.01,0,0,19248046.01,0,0,19248046.01,0,0,19248046.01,0,0,19248046.01,0,0,19248046.01,0,0,19248046.01,0,0,19248046.01,0,0,19248046.01,0,0,19248046.01,0,0,19248046.01,,,0,0,0,19248046.01,0,0,19248046.01,0,0,19248046.01,0,0,19248046.01,0,0,19248046.01,0,0,19248046.01,0,0,19248046.01
1,0,0,2021-05-31,COVCKD,0,0,0,0,0,0,0,0,0,0,0,0,0,0,0,0,0,0,0,0,0,0,0,0,0,0,0,0,0,0,0,0,0,0,0,0,0,0,0,0,0,0,0,0,0,0,0,0,0,0,19248046.01,0,0,19248046.01,0,0,19248046.01,,,0,,,0,,,0,0,0,19248046.01,,,0,0,0,19248046.01,0,0,19248046.01,0,0,19248046.01,0,0,19248046.01,0,0,19248046.01,0,0,19248046.01,0,0,19248046.01,0,0,19248046.01,,,0,,,0,0,0,19248046.01,0,0,19248046.01,0,0,19248046.01,0,0,19248046.01,0,0,19248046.01,0,0,19248046.01,0,0,19248046.01,0,0,19248046.01,0,0,19248046.01,0,0,19248046.01,0,0,19248046.01,0,0,19248046.01,0,0,19248046.01,0,0,19248046.01,0,0,19248046.01,0,0,19248046.01,0,0,19248046.01,0,0,19248046.01,0,0,19248046.01,0,0,19248046.01,0,0,19248046.01,0,0,19248046.01,,,0,0,0,19248046.01,0,0,19248046.01,0,0,19248046.01,0,0,19248046.01,0,0,19248046.01,0,0,19248046.01,0,0,19248046.01
1,0,0,2021-06-07,COVCKD,0,0,0,0,0,0,0,0,0,0,0,0,0,0,0,0,0,0,0,0,0,0,0,0,0,0,0,0,0,0,0,0,0,0,0,0,0,0,0,0,0,0,0,0,0,0,0,0,0,0,19248046.01,0,0,19248046.01,0,0,19248046.01,,,0,,,0,,,0,0,0,19248046.01,,,0,0,0,19248046.01,0,0,19248046.01,0,0,19248046.01,0,0,19248046.01,0,0,19248046.01,0,0,19248046.01,0,0,19248046.01,0,0,19248046.01,,,0,,,0,0,0,19248046.01,0,0,19248046.01,0,0,19248046.01,0,0,19248046.01,0,0,19248046.01,0,0,19248046.01,0,0,19248046.01,0,0,19248046.01,0,0,19248046.01,0,0,19248046.01,0,0,19248046.01,0,0,19248046.01,0,0,19248046.01,0,0,19248046.01,0,0,19248046.01,0,0,19248046.01,0,0,19248046.01,0,0,19248046.01,0,0,19248046.01,0,0,19248046.01,0,0,19248046.01,0,0,19248046.01,,,0,0,0,19248046.01,0,0,19248046.01,0,0,19248046.01,0,0,19248046.01,0,0,19248046.01,0,0,19248046.01,0,0,19248046.01
1,0,0,2021-06-14,COVCKD,0,0,0,0,0,0,0,0,0,0,0,0,0,0,0,0,0,0,0,0,0,0,0,0,0,0,0,0,0,0,0,0,0,0,0,0,0,0,0,0,0,0,0,0,0,0,0,0,0,0,19248046.01,0,0,19248046.01,0,0,19248046.01,,,0,,,0,,,0,0,0,19248046.01,,,0,0,0,19248046.01,0,0,19248046.01,0,0,19248046.01,0,0,19248046.01,0,0,19248046.01,0,0,19248046.01,0,0,19248046.01,0,0,19248046.01,,,0,,,0,0,0,19248046.01,0,0,19248046.01,0,0,19248046.01,0,0,19248046.01,0,0,19248046.01,0,0,19248046.01,0,0,19248046.01,0,0,19248046.01,0,0,19248046.01,0,0,19248046.01,0,0,19248046.01,0,0,19248046.01,0,0,19248046.01,0,0,19248046.01,0,0,19248046.01,0,0,19248046.01,0,0,19248046.01,0,0,19248046.01,0,0,19248046.01,0,0,19248046.01,0,0,19248046.01,0,0,19248046.01,,,0,0,0,19248046.01,0,0,19248046.01,0,0,19248046.01,0,0,19248046.01,0,0,19248046.01,0,0,19248046.01,0,0,19248046.01
1,0,0,2021-06-21,COVCKD,0,0,0,0,0,0,0,0,0,0,0,0,0,0,0,0,0,0,0,0,0,0,0,0,0,0,0,0,0,0,0,0,0,0,0,0,0,0,0,0,0,0,0,0,0,0,0,0,0,0,19248046.01,0,0,19248046.01,0,0,19248046.01,,,0,,,0,,,0,0,0,19248046.01,,,0,0,0,19248046.01,0,0,19248046.01,0,0,19248046.01,0,0,19248046.01,0,0,19248046.01,0,0,19248046.01,0,0,19248046.01,0,0,19248046.01,,,0,,,0,0,0,19248046.01,0,0,19248046.01,0,0,19248046.01,0,0,19248046.01,0,0,19248046.01,0,0,19248046.01,0,0,19248046.01,0,0,19248046.01,0,0,19248046.01,0,0,19248046.01,0,0,19248046.01,0,0,19248046.01,0,0,19248046.01,0,0,19248046.01,0,0,19248046.01,0,0,19248046.01,0,0,19248046.01,0,0,19248046.01,0,0,19248046.01,0,0,19248046.01,0,0,19248046.01,0,0,19248046.01,,,0,0,0,19248046.01,0,0,19248046.01,0,0,19248046.01,0,0,19248046.01,0,0,19248046.01,0,0,19248046.01,0,0,19248046.01
1,0,0,2021-06-28,COVCKD,0,0,0,0,0,0,0,0,0,0,0,0,0,0,0,0,0,0,0,0,0,0,0,0,0,0,0,0,0,0,0,0,0,0,0,0,0,0,0,0,0,0,0,0,0,0,0,0,0,0,44912107.35,0,0,44912107.35,0,0,44912107.35,,,0,,,0,,,0,0,0,44912107.35,,,0,0,0,44912107.35,0,0,44912107.35,0,0,44912107.35,0,0,44912107.35,0,0,44912107.35,0,0,44912107.35,0,0,44912107.35,0,0,44912107.35,,,0,,,0,0,0,44912107.35,0,0,44912107.35,0,0,44912107.35,0,0,44912107.35,0,0,44912107.35,0,0,44912107.35,0,0,44912107.35,0,0,44912107.35,0,0,44912107.35,0,0,44912107.35,0,0,44912107.35,0,0,44912107.35,0,0,44912107.35,0,0,44912107.35,0,0,44912107.35,0,0,44912107.35,0,0,44912107.35,0,0,44912107.35,0,0,44912107.35,0,0,44912107.35,0,0,44912107.35,0,0,44912107.35,,,0,0,0,44912107.35,0,0,44912107.35,0,0,44912107.35,0,0,44912107.35,0,0,44912107.35,0,0,44912107.35,0,0,44912107.35
1,1,Moderna,2021-04-26,COVCKD,0,0,0,0,0,0,0,0,0,0,0,0,0,0,0,0,0,0,0,0,0,0,0,0,0,0,0,0,0,0,0,0,0,0,0,0,0,0,0,0,0,0,0,0,0,0,0,0,0,0,5182166.23,0,0,5182166.23,0,0,5182166.23,0,0,5389452.88,0,0,7925666,0,0,7925666,0,0,5389452.88,0,0,5389452.88,0,0,5182166.23,0,0,5182166.23,0,0,5182166.23,0,0,5182166.23,0,0,5182166.23,0,0,5182166.23,0,0,5182166.23,0,0,5182166.23,0,0,7091385.37,0,0,7091385.37,0,0,5182166.23,0,0,5182166.23,0,0,5182166.23,0,0,5182166.23,0,0,5182166.23,0,0,5182166.23,0,0,5182166.23,0,0,5182166.23,0,0,5182166.23,0,0,5182166.23,0,0,5182166.23,0,0,5182166.23,0,0,5182166.23,0,0,5182166.23,0,0,5182166.23,0,0,5182166.23,0,0,5182166.23,0,0,5182166.23,0,0,5182166.23,0,0,5182166.23,0,0,5182166.23,0,0,5182166.23,,,0,0,0,5182166.23,0,0,5182166.23,0,0,5182166.23,0,0,5389452.88,0,0,5182166.23,0,0,5389452.88,0,0,5182166.23
1,1,Moderna,2021-05-03,COVCKD,0,0,0,0,0,0,0,0,0,0,0,0,0,0,0,0,0,0,0,0,0,0,0,0,0,0,0,0,0,0,0,0,0,0,0,0,0,0,0,0,0,0,0,0,0,0,0,0,0,0,6736816.1,0,0,6736816.1,0,0,6736816.1,0,0,6736816.1,0,0,9624023,0,0,9624023,0,0,6736816.1,0,0,6736816.1,0,0,6736816.1,0,0,6736816.1,0,0,6736816.1,0,0,6736816.1,0,0,6736816.1,0,0,6736816.1,0,0,6736816.1,0,0,6736816.1,0,0,10364332.47,0,0,10364332.47,0,0,6736816.1,0,0,6736816.1,0,0,6736816.1,0,0,6736816.1,0,0,6736816.1,0,0,6736816.1,0,0,6736816.1,0,0,6736816.1,0,0,6736816.1,0,0,6736816.1,0,0,6736816.1,0,0,6736816.1,0,0,6736816.1,0,0,6736816.1,0,0,6736816.1,0,0,6736816.1,0,0,6736816.1,0,0,6736816.1,0,0,6736816.1,0,0,6736816.1,0,0,6736816.1,0,0,6736816.1,,,0,0,0,6736816.1,0,0,6736816.1,0,0,6736816.1,0,0,6736816.1,0,0,6736816.1,0,0,6736816.1,0,0,6736816.1
1,1,Moderna,2021-05-10,COVCKD,0,0,0,0,0,0,0,0,0,0,0,0,0,0,0,0,0,0,0,0,0,0,0,0,0,0,0,0,0,0,0,0,0,0,0,0,0,0,0,0,0,0,0,0,0,0,0,0,0,0,9624023,0,0,9624023,0,0,9624023,0,0,9624023,0,0,9624023,0,0,9624023,0,0,9624023,0,0,9624023,0,0,9624023,0,0,9624023,0,0,9624023,0,0,9624023,0,0,9624023,0,0,9624023,0,0,9624023,0,0,9624023,0,0,19248046.01,0,0,19248046.01,0,0,9624023,0,0,9624023,0,0,9624023,0,0,9624023,0,0,9624023,0,0,9624023,0,0,9624023,0,0,9624023,0,0,9624023,0,0,9624023,0,0,9624023,0,0,9624023,0,0,9624023,0,0,9624023,0,0,9624023,0,0,9624023,0,0,9624023,0,0,9624023,0,0,9624023,0,0,9624023,0,0,9624023,0,0,9624023,,,0,0,0,9624023,0,0,9624023,0,0,9624023,0,0,9624023,0,0,9624023,0,0,9624023,0,0,9624023
1,1,Moderna,2021-05-17,COVCKD,0,0,0,0,0,0,0,0,0,0,0,0,0,0,0,0,0,0,0,0,0,0,0,0,0,0,0,0,0,0,0,0,0,0,0,0,0,0,0,0,0,0,0,0,0,0,0,0,0,0,9624023,0,0,9624023,0,0,9624023,0,0,9624023,0,0,9624023,0,0,9624023,0,0,9624023,0,0,9624023,0,0,9624023,0,0,9624023,0,0,9624023,0,0,9624023,0,0,9624023,0,0,9624023,0,0,9624023,0,0,9624023,0,0,19248046.01,0,0,19248046.01,0,0,9624023,0,0,9624023,0,0,9624023,0,0,9624023,0,0,9624023,0,0,9624023,0,0,9624023,0,0,9624023,0,0,9624023,0,0,9624023,0,0,9624023,0,0,9624023,0,0,9624023,0,0,9624023,0,0,9624023,0,0,9624023,0,0,9624023,0,0,9624023,0,0,9624023,0,0,9624023,0,0,9624023,0,0,9624023,,,0,0,0,9624023,0,0,9624023,0,0,9624023,0,0,9624023,0,0,9624023,0,0,9624023,0,0,9624023
1,1,Moderna,2021-05-24,COVCKD,0,0,0,0,0,0,0,0,0,0,0,0,0,0,0,0,0,0,0,0,0,0,0,0,0,0,0,0,0,0,0,0,0,0,0,0,0,0,0,0,0,0,0,0,0,0,0,0,0,0,19248046.01,0,0,19248046.01,0,0,19248046.01,0,0,19248046.01,0,0,19248046.01,0,0,19248046.01,0,0,19248046.01,0,0,19248046.01,0,0,19248046.01,0,0,19248046.01,0,0,19248046.01,0,0,19248046.01,0,0,19248046.01,0,0,19248046.01,0,0,19248046.01,0,0,19248046.01,0,0,19248046.01,0,0,19248046.01,0,0,19248046.01,0,0,19248046.01,0,0,19248046.01,0,0,19248046.01,0,0,19248046.01,0,0,19248046.01,0,0,19248046.01,0,0,19248046.01,0,0,19248046.01,0,0,19248046.01,0,0,19248046.01,0,0,19248046.01,0,0,19248046.01,0,0,19248046.01,0,0,19248046.01,0,0,19248046.01,0,0,19248046.01,0,0,19248046.01,0,0,19248046.01,0,0,19248046.01,0,0,19248046.01,0,0,19248046.01,,,0,0,0,19248046.01,0,0,19248046.01,0,0,19248046.01,0,0,19248046.01,0,0,19248046.01,0,0,19248046.01,0,0,19248046.01
1,1,Moderna,2021-05-31,COVCKD,0,0,0,0,0,0,0,0,0,0,0,0,0,0,0,0,0,0,0,0,0,0,0,0,0,0,0,0,0,0,0,0,0,0,0,0,0,0,0,0,0,0,0,0,0,0,0,0,0,0,19248046.01,0,0,19248046.01,0,0,19248046.01,0,0,19248046.01,0,0,19248046.01,0,0,19248046.01,0,0,19248046.01,0,0,19248046.01,0,0,19248046.01,0,0,19248046.01,0,0,19248046.01,0,0,19248046.01,0,0,19248046.01,0,0,19248046.01,0,0,19248046.01,0,0,19248046.01,0,0,19248046.01,0,0,19248046.01,0,0,19248046.01,0,0,19248046.01,0,0,19248046.01,0,0,19248046.01,0,0,19248046.01,0,0,19248046.01,0,0,19248046.01,0,0,19248046.01,0,0,19248046.01,0,0,19248046.01,0,0,19248046.01,0,0,19248046.01,0,0,19248046.01,0,0,19248046.01,0,0,19248046.01,0,0,19248046.01,0,0,19248046.01,0,0,19248046.01,0,0,19248046.01,0,0,19248046.01,0,0,19248046.01,0,0,19248046.01,,,0,0,0,19248046.01,0,0,19248046.01,0,0,19248046.01,0,0,19248046.01,0,0,19248046.01,0,0,19248046.01,0,0,19248046.01
1,1,Moderna,2021-06-07,COVCKD,0,0,0,0,0,0,0,0,0,0,0,0,0,0,0,0,0,0,0,0,0,0,0,0,0,0,0,0,0,0,0,0,0,0,0,0,0,0,0,0,0,0,0,0,0,0,0,0,0,0,19248046.01,0,0,19248046.01,0,0,19248046.01,0,0,19248046.01,0,0,19248046.01,0,0,19248046.01,0,0,19248046.01,0,0,19248046.01,0,0,19248046.01,0,0,19248046.01,0,0,19248046.01,0,0,19248046.01,0,0,19248046.01,0,0,19248046.01,0,0,19248046.01,0,0,19248046.01,0,0,19248046.01,0,0,19248046.01,0,0,19248046.01,0,0,19248046.01,0,0,19248046.01,0,0,19248046.01,0,0,19248046.01,0,0,19248046.01,0,0,19248046.01,0,0,19248046.01,0,0,19248046.01,0,0,19248046.01,0,0,19248046.01,0,0,19248046.01,0,0,19248046.01,0,0,19248046.01,0,0,19248046.01,0,0,19248046.01,0,0,19248046.01,0,0,19248046.01,0,0,19248046.01,0,0,19248046.01,0,0,19248046.01,0,0,19248046.01,,,0,0,0,19248046.01,0,0,19248046.01,0,0,19248046.01,0,0,19248046.01,0,0,19248046.01,0,0,19248046.01,0,0,19248046.01
1,1,Moderna,2021-06-14,COVCKD,0,0,0,0,0,0,0,0,0,0,0,0,0,0,0,0,0,0,0,0,0,0,0,0,0,0,0,0,0,0,0,0,0,0,0,0,0,0,0,0,0,0,0,0,0,0,0,0,0,0,19248046.01,0,0,19248046.01,0,0,19248046.01,0,0,19248046.01,0,0,19248046.01,0,0,19248046.01,0,0,19248046.01,0,0,19248046.01,0,0,19248046.01,0,0,19248046.01,0,0,19248046.01,0,0,19248046.01,0,0,19248046.01,0,0,19248046.01,0,0,19248046.01,0,0,19248046.01,0,0,19248046.01,0,0,19248046.01,0,0,19248046.01,0,0,19248046.01,0,0,19248046.01,0,0,19248046.01,0,0,19248046.01,0,0,19248046.01,0,0,19248046.01,0,0,19248046.01,0,0,19248046.01,0,0,19248046.01,0,0,19248046.01,0,0,19248046.01,0,0,19248046.01,0,0,19248046.01,0,0,19248046.01,0,0,19248046.01,0,0,19248046.01,0,0,19248046.01,0,0,19248046.01,0,0,19248046.01,0,0,19248046.01,0,0,19248046.01,,,0,0,0,19248046.01,0,0,19248046.01,0,0,19248046.01,0,0,19248046.01,0,0,19248046.01,0,0,19248046.01,0,0,19248046.01
1,1,Moderna,2021-06-21,COVCKD,0,0,0,0,0,0,0,0,0,0,0,0,0,0,0,0,0,0,0,0,0,0,0,0,0,0,0,0,0,0,0,0,0,0,0,0,0,0,0,0,0,0,0,0,0,0,0,0,0,0,19248046.01,0,0,19248046.01,0,0,19248046.01,0,0,19248046.01,0,0,19248046.01,0,0,19248046.01,0,0,19248046.01,0,0,19248046.01,0,0,19248046.01,0,0,19248046.01,0,0,19248046.01,0,0,19248046.01,0,0,19248046.01,0,0,19248046.01,0,0,19248046.01,0,0,19248046.01,0,0,19248046.01,0,0,19248046.01,0,0,19248046.01,0,0,19248046.01,0,0,19248046.01,0,0,19248046.01,0,0,19248046.01,0,0,19248046.01,0,0,19248046.01,0,0,19248046.01,0,0,19248046.01,0,0,19248046.01,0,0,19248046.01,0,0,19248046.01,0,0,19248046.01,0,0,19248046.01,0,0,19248046.01,0,0,19248046.01,0,0,19248046.01,0,0,19248046.01,0,0,19248046.01,0,0,19248046.01,0,0,19248046.01,0,0,19248046.01,,,0,0,0,19248046.01,0,0,19248046.01,0,0,19248046.01,0,0,19248046.01,0,0,19248046.01,0,0,19248046.01,0,0,19248046.01
1,1,Moderna,2021-06-28,COVCKD,0,0,0,0,0,0,0,0,0,0,0,0,0,0,0,0,0,0,0,0,0,0,0,0,0,0,0,0,0,0,0,0,0,0,0,0,0,0,0,0,0,0,0,0,0,0,0,0,0,0,44912107.35,0,0,44912107.35,0,0,44912107.35,0,0,44912107.35,0,0,44912107.35,0,0,44912107.35,0,0,44912107.35,0,0,44912107.35,0,0,44912107.35,0,0,44912107.35,0,0,44912107.35,0,0,44912107.35,0,0,44912107.35,0,0,44912107.35,0,0,44912107.35,0,0,44912107.35,0,0,44912107.35,0,0,44912107.35,0,0,44912107.35,0,0,44912107.35,0,0,44912107.35,0,0,44912107.35,0,0,44912107.35,0,0,44912107.35,0,0,44912107.35,0,0,44912107.35,0,0,44912107.35,0,0,44912107.35,0,0,44912107.35,0,0,44912107.35,0,0,44912107.35,0,0,44912107.35,0,0,44912107.35,0,0,44912107.35,0,0,44912107.35,0,0,44912107.35,0,0,44912107.35,0,0,44912107.35,0,0,44912107.35,0,0,44912107.35,,,0,0,0,44912107.35,0,0,44912107.35,0,0,44912107.35,0,0,44912107.35,0,0,44912107.35,0,0,44912107.35,0,0,44912107.35
1,1,Moderna,2021-03-22,COVCKD,0,0,0,0,0,0,0,0,0,0,0,0,0,0,0,0,0,0,0,0,0,0,0,0,0,0,0,0,0,0,0,0,0,0,0,0,0,0,0,0,0,0,0,0,0,0,0,0,0,0,14970702.45,0,0,67368161.03,0,0,14970702.45,0,0,14970702.45,,,0,,,0,0,0,19248046.01,0,0,19248046.01,0,0,67368161.03,0,0,67368161.03,0,0,14970702.45,0,0,14970702.45,0,0,14970702.45,0,0,14970702.45,0,0,14970702.45,0,0,14970702.45,0,0,14970702.45,0,0,14970702.45,0,0,14970702.45,0,0,14970702.45,0,0,14970702.45,0,0,14970702.45,0,0,14970702.45,0,0,14970702.45,0,0,14970702.45,0,0,14970702.45,0,0,14970702.45,0,0,14970702.45,0,0,14970702.45,0,0,14970702.45,0,0,14970702.45,0,0,14970702.45,0,0,14970702.45,0,0,14970702.45,0,0,14970702.45,0,0,14970702.45,0,0,14970702.45,0,0,14970702.45,0,0,14970702.45,0,0,14970702.45,,,0,0,0,14970702.45,0,0,14970702.45,0,0,14970702.45,0,0,19248046.01,0,0,14970702.45,0,0,19248046.01,0,0,14970702.45
1,1,Moderna,2021-03-01,COVCKD,0,0,0,0,0,0,0,0,0,0,0,0,0,0,0,0,0,0,0,0,0,0,0,0,0,0,0,0,0,0,0,0,0,0,0,0,0,0,0,0,0,0,0,0,0,0,0,0,0,0,44912107.35,,,0,0,0,44912107.35,0,0,44912107.35,,,0,,,0,0,0,44912107.35,0,0,44912107.35,,,0,,,0,0,0,44912107.35,0,0,44912107.35,0,0,44912107.35,0,0,44912107.35,0,0,44912107.35,0,0,44912107.35,0,0,44912107.35,0,0,44912107.35,0,0,44912107.35,0,0,44912107.35,0,0,44912107.35,0,0,44912107.35,0,0,44912107.35,0,0,44912107.35,0,0,44912107.35,0,0,44912107.35,0,0,44912107.35,0,0,44912107.35,0,0,44912107.35,0,0,44912107.35,0,0,44912107.35,0,0,44912107.35,0,0,44912107.35,0,0,44912107.35,0,0,44912107.35,0,0,44912107.35,0,0,44912107.35,0,0,44912107.35,0,0,44912107.35,0,0,44912107.35,,,0,0,0,44912107.35,0,0,44912107.35,0,0,44912107.35,0,0,44912107.35,0,0,44912107.35,0,0,44912107.35,0,0,44912107.35
1,1,Moderna,2021-03-08,COVCKD,0,0,0,0,0,0,0,0,0,0,0,0,0,0,0,0,0,0,0,0,0,0,0,0,0,0,0,0,0,0,0,0,0,0,0,0,0,0,0,0,0,0,0,0,0,0,0,0,0,0,19248046.01,,,0,0,0,19248046.01,0,0,19248046.01,,,0,,,0,0,0,19248046.01,0,0,19248046.01,,,0,,,0,0,0,19248046.01,0,0,19248046.01,0,0,19248046.01,0,0,19248046.01,0,0,19248046.01,0,0,19248046.01,0,0,19248046.01,0,0,19248046.01,0,0,19248046.01,0,0,19248046.01,0,0,19248046.01,0,0,19248046.01,0,0,19248046.01,0,0,19248046.01,0,0,19248046.01,0,0,19248046.01,0,0,19248046.01,0,0,19248046.01,0,0,19248046.01,0,0,19248046.01,0,0,19248046.01,0,0,19248046.01,0,0,19248046.01,0,0,19248046.01,0,0,19248046.01,0,0,19248046.01,0,0,19248046.01,0,0,19248046.01,0,0,19248046.01,0,0,19248046.01,,,0,0,0,19248046.01,0,0,19248046.01,0,0,19248046.01,0,0,19248046.01,0,0,19248046.01,0,0,19248046.01,0,0,19248046.01
1,1,Moderna,2021-03-15,COVCKD,0,0,0,0,0,0,0,0,0,0,0,0,0,0,0,0,0,0,0,0,0,0,0,0,0,0,0,0,0,0,0,0,0,0,0,0,0,0,0,0,0,0,0,0,0,0,0,0,0,0,19248046.01,,,0,0,0,19248046.01,0,0,19248046.01,,,0,,,0,0,0,19248046.01,0,0,19248046.01,,,0,,,0,0,0,19248046.01,0,0,19248046.01,0,0,19248046.01,0,0,19248046.01,0,0,19248046.01,0,0,19248046.01,0,0,19248046.01,0,0,19248046.01,0,0,19248046.01,0,0,19248046.01,0,0,19248046.01,0,0,19248046.01,0,0,19248046.01,0,0,19248046.01,0,0,19248046.01,0,0,19248046.01,0,0,19248046.01,0,0,19248046.01,0,0,19248046.01,0,0,19248046.01,0,0,19248046.01,0,0,19248046.01,0,0,19248046.01,0,0,19248046.01,0,0,19248046.01,0,0,19248046.01,0,0,19248046.01,0,0,19248046.01,0,0,19248046.01,0,0,19248046.01,,,0,0,0,19248046.01,0,0,19248046.01,0,0,19248046.01,0,0,19248046.01,0,0,19248046.01,0,0,19248046.01,0,0,19248046.01
1,1,Pfizer,2021-04-05,COVCKD,0,0,0,0,0,0,0,0,0,0,0,0,0,0,0,0,0,0,0,0,0,0,0,0,0,0,0,0,0,0,0,0,0,0,0,0,0,0,0,0,0,0,0,0,0,0,0,0,0,0,7485351.23,0,0,7485351.23,0,0,7485351.23,0,0,7485351.23,0,0,7485351.23,0,0,7485351.23,0,0,7485351.23,0,0,12248756.55,0,0,26947264.41,0,0,26947264.41,0,0,7485351.23,0,0,7485351.23,0,0,7485351.23,0,0,7485351.23,0,0,7485351.23,0,0,7485351.23,0,0,10364332.47,0,0,10364332.47,0,0,7485351.23,0,0,7485351.23,0,0,7485351.23,0,0,7485351.23,0,0,7485351.23,0,0,7485351.23,0,0,7485351.23,0,0,7485351.23,0,0,7485351.23,0,0,7485351.23,0,0,7485351.23,0,0,7485351.23,0,0,7485351.23,0,0,7485351.23,0,0,7485351.23,0,0,7485351.23,0,0,7485351.23,0,0,7485351.23,0,0,7485351.23,0,0,7485351.23,0,0,7485351.23,0,0,7485351.23,,,0,0,0,7485351.23,0,0,7485351.23,0,0,7485351.23,0,0,7485351.23,0,0,7485351.23,0,0,7485351.23,0,0,7485351.23
1,1,Pfizer,2021-04-12,COVCKD,0,0,0,0,0,0,0,0,0,0,0,0,0,0,0,0,0,0,0,0,0,0,0,0,0,0,0,0,0,0,0,0,0,0,0,0,0,0,0,0,0,0,0,0,0,0,0,0,0,0,3849609.2,0,0,3849609.2,0,0,3849609.2,0,0,3962833,0,0,3962833,0,0,3962833,0,0,3849609.2,0,0,4646080.07,0,0,9624023,0,0,9624023,0,0,3849609.2,0,0,3849609.2,0,0,3849609.2,0,0,3849609.2,0,0,3849609.2,0,0,3849609.2,0,0,4812011.5,0,0,4812011.5,0,0,3849609.2,0,0,3849609.2,0,0,3849609.2,0,0,3849609.2,0,0,3849609.2,0,0,3849609.2,0,0,3849609.2,0,0,3849609.2,0,0,3849609.2,0,0,3849609.2,0,0,3849609.2,0,0,3849609.2,0,0,3849609.2,0,0,3849609.2,0,0,3849609.2,0,0,3849609.2,0,0,3849609.2,0,0,3849609.2,0,0,3849609.2,0,0,3849609.2,0,0,3849609.2,0,0,3849609.2,,,0,0,0,3849609.2,0,0,3849609.2,0,0,3849609.2,0,0,3849609.2,0,0,3849609.2,0,0,3849609.2,0,0,3849609.2
1,1,Pfizer,2021-04-19,COVCKD,0,0,0,0,0,0,0,0,0,0,0,0,0,0,0,0,0,0,0,0,0,0,0,0,0,0,0,0,0,0,0,0,0,0,0,0,0,0,0,0,0,0,0,0,0,0,0,0,0,0,2929050.48,0,0,2929050.48,0,0,2929050.48,0,0,3454777.49,0,0,3962833,0,0,3962833,0,0,2929050.48,0,0,3286251.76,0,0,6736816.1,0,0,6736816.1,0,0,2929050.48,0,0,2929050.48,0,0,2929050.48,0,0,2929050.48,0,0,2929050.48,0,0,2929050.48,0,0,3849609.2,0,0,3849609.2,0,0,2929050.48,0,0,2929050.48,0,0,2929050.48,0,0,2929050.48,0,0,2929050.48,0,0,2929050.48,0,0,2929050.48,0,0,2929050.48,0,0,2929050.48,0,0,2929050.48,0,0,2929050.48,0,0,2929050.48,0,0,2929050.48,0,0,2929050.48,0,0,2929050.48,0,0,2929050.48,0,0,2929050.48,0,0,2929050.48,0,0,2929050.48,0,0,2929050.48,0,0,2929050.48,0,0,2929050.48,,,0,0,0,2929050.48,0,0,2929050.48,0,0,2929050.48,0,0,2929050.48,0,0,2929050.48,0,0,2929050.48,0,0,2929050.48
1,1,Pfizer,2021-04-26,COVCKD,0,0,0,0,0,0,0,0,0,0,0,0,0,0,0,0,0,0,0,0,0,0,0,0,0,0,0,0,0,0,0,0,0,0,0,0,0,0,0,0,0,0,0,0,0,0,0,0,0,0,4210510.06,0,0,4210510.06,0,0,4210510.06,0,0,5389452.88,0,0,7485351.23,0,0,7485351.23,0,0,4210510.06,0,0,5389452.88,0,0,13473632.21,0,0,13473632.21,0,0,4210510.06,0,0,4210510.06,0,0,4210510.06,0,0,4210510.06,0,0,4210510.06,0,0,4210510.06,0,0,5389452.88,0,0,5389452.88,0,0,4210510.06,0,0,4210510.06,0,0,4210510.06,0,0,4210510.06,0,0,4210510.06,0,0,4210510.06,0,0,4210510.06,0,0,4210510.06,0,0,4210510.06,0,0,4210510.06,0,0,4210510.06,0,0,4210510.06,0,0,4210510.06,0,0,4210510.06,0,0,4210510.06,0,0,4210510.06,0,0,4210510.06,0,0,4210510.06,0,0,4210510.06,0,0,4210510.06,0,0,4210510.06,0,0,4210510.06,,,0,0,0,4210510.06,0,0,4210510.06,0,0,4210510.06,0,0,4210510.06,0,0,4210510.06,0,0,4210510.06,0,0,4210510.06
1,1,Pfizer,2021-05-03,COVCKD,0,0,0,0,0,0,0,0,0,0,0,0,0,0,0,0,0,0,0,0,0,0,0,0,0,0,0,0,0,0,0,0,0,0,0,0,0,0,0,0,0,0,0,0,0,0,0,0,0,0,7091385.37,0,0,7091385.37,0,0,7091385.37,0,0,9624023,0,0,19248046.01,0,0,19248046.01,0,0,7091385.37,0,0,11228026.84,0,0,19248046.01,0,0,19248046.01,0,0,7091385.37,0,0,7091385.37,0,0,7091385.37,0,0,7091385.37,0,0,7091385.37,0,0,7091385.37,0,0,11228026.84,0,0,11228026.84,0,0,7091385.37,0,0,7091385.37,0,0,7091385.37,0,0,7091385.37,0,0,7091385.37,0,0,7091385.37,0,0,7091385.37,0,0,7091385.37,0,0,7091385.37,0,0,7091385.37,0,0,7091385.37,0,0,7091385.37,0,0,7091385.37,0,0,7091385.37,0,0,7091385.37,0,0,7091385.37,0,0,7091385.37,0,0,7091385.37,0,0,7091385.37,0,0,7091385.37,0,0,7091385.37,0,0,7091385.37,,,0,0,0,7091385.37,0,0,7091385.37,0,0,7091385.37,0,0,7091385.37,0,0,7091385.37,0,0,7091385.37,0,0,7091385.37
1,2,Moderna,2021-03-29,COVCKD,0,0,0,0,0,0,0,0,0,0,0,0,0,0,0,0,0,0,0,0,0,0,0,0,0,0,0,0,0,0,0,0,0,0,0,0,0,0,0,0,0,0,0,0,0,0,0,0,0,0,44912107.35,,,0,0,0,44912107.35,0,0,44912107.35,,,0,,,0,0,0,44912107.35,0,0,44912107.35,,,0,,,0,0,0,44912107.35,0,0,44912107.35,0,0,44912107.35,0,0,44912107.35,0,0,44912107.35,0,0,44912107.35,0,0,44912107.35,0,0,44912107.35,0,0,44912107.35,0,0,44912107.35,0,0,44912107.35,0,0,44912107.35,0,0,44912107.35,0,0,44912107.35,0,0,44912107.35,0,0,44912107.35,0,0,44912107.35,0,0,44912107.35,0,0,44912107.35,0,0,44912107.35,0,0,44912107.35,0,0,44912107.35,0,0,44912107.35,0,0,44912107.35,0,0,44912107.35,0,0,44912107.35,0,0,44912107.35,0,0,44912107.35,0,0,44912107.35,0,0,44912107.35,,,0,0,0,44912107.35,0,0,44912107.35,0,0,44912107.35,0,0,44912107.35,0,0,44912107.35,0,0,44912107.35,0,0,44912107.35
1,2,Moderna,2021-04-05,COVCKD,0,0,0,0,0,0,0,0,0,0,0,0,0,0,0,0,0,0,0,0,0,0,0,0,0,0,0,0,0,0,0,0,0,0,0,0,0,0,0,0,0,0,0,0,0,0,0,0,0,0,19248046.01,,,0,0,0,19248046.01,0,0,19248046.01,,,0,,,0,0,0,19248046.01,0,0,19248046.01,,,0,,,0,0,0,19248046.01,0,0,19248046.01,0,0,19248046.01,0,0,19248046.01,0,0,19248046.01,0,0,19248046.01,0,0,19248046.01,0,0,19248046.01,0,0,19248046.01,0,0,19248046.01,0,0,19248046.01,0,0,19248046.01,0,0,19248046.01,0,0,19248046.01,0,0,19248046.01,0,0,19248046.01,0,0,19248046.01,0,0,19248046.01,0,0,19248046.01,0,0,19248046.01,0,0,19248046.01,0,0,19248046.01,0,0,19248046.01,0,0,19248046.01,0,0,19248046.01,0,0,19248046.01,0,0,19248046.01,0,0,19248046.01,0,0,19248046.01,0,0,19248046.01,,,0,0,0,19248046.01,0,0,19248046.01,0,0,19248046.01,0,0,19248046.01,0,0,19248046.01,0,0,19248046.01,0,0,19248046.01
1,2,Moderna,2021-04-12,COVCKD,0,0,0,0,0,0,0,0,0,0,0,0,0,0,0,0,0,0,0,0,0,0,0,0,0,0,0,0,0,0,0,0,0,0,0,0,0,0,0,0,0,0,0,0,0,0,0,0,0,0,19248046.01,,,0,0,0,19248046.01,0,0,19248046.01,,,0,,,0,0,0,19248046.01,0,0,19248046.01,,,0,,,0,0,0,19248046.01,0,0,19248046.01,0,0,19248046.01,0,0,19248046.01,0,0,19248046.01,0,0,19248046.01,0,0,19248046.01,0,0,19248046.01,0,0,19248046.01,0,0,19248046.01,0,0,19248046.01,0,0,19248046.01,0,0,19248046.01,0,0,19248046.01,0,0,19248046.01,0,0,19248046.01,0,0,19248046.01,0,0,19248046.01,0,0,19248046.01,0,0,19248046.01,0,0,19248046.01,0,0,19248046.01,0,0,19248046.01,0,0,19248046.01,0,0,19248046.01,0,0,19248046.01,0,0,19248046.01,0,0,19248046.01,0,0,19248046.01,0,0,19248046.01,,,0,0,0,19248046.01,0,0,19248046.01,0,0,19248046.01,0,0,19248046.01,0,0,19248046.01,0,0,19248046.01,0,0,19248046.01
1,2,Moderna,2021-04-19,COVCKD,0,0,0,0,0,0,0,0,0,0,0,0,0,0,0,0,0,0,0,0,0,0,0,0,0,0,0,0,0,0,0,0,0,0,0,0,0,0,0,0,0,0,0,0,0,0,0,0,0,0,19248046.01,,,0,0,0,19248046.01,0,0,19248046.01,,,0,,,0,0,0,19248046.01,0,0,19248046.01,,,0,,,0,0,0,19248046.01,0,0,19248046.01,0,0,19248046.01,0,0,19248046.01,0,0,19248046.01,0,0,19248046.01,0,0,19248046.01,0,0,19248046.01,0,0,19248046.01,0,0,19248046.01,0,0,19248046.01,0,0,19248046.01,0,0,19248046.01,0,0,19248046.01,0,0,19248046.01,0,0,19248046.01,0,0,19248046.01,0,0,19248046.01,0,0,19248046.01,0,0,19248046.01,0,0,19248046.01,0,0,19248046.01,0,0,19248046.01,0,0,19248046.01,0,0,19248046.01,0,0,19248046.01,0,0,19248046.01,0,0,19248046.01,0,0,19248046.01,0,0,19248046.01,,,0,0,0,19248046.01,0,0,19248046.01,0,0,19248046.01,0,0,19248046.01,0,0,19248046.01,0,0,19248046.01,0,0,19248046.01
1,2,Pfizer,2021-04-26,COVCKD,0,0,0,0,0,0,0,0,0,0,0,0,0,0,0,0,0,0,0,0,0,0,0,0,0,0,0,0,0,0,0,0,0,0,0,0,0,0,0,0,0,0,0,0,0,0,0,0,0,0,3545692.69,0,0,3545692.69,0,0,3545692.69,0,0,4346332.97,0,0,3545692.69,0,0,3545692.69,0,0,4346332.97,0,0,7925666,0,0,7485351.23,0,0,7485351.23,0,0,3545692.69,0,0,3545692.69,0,0,3545692.69,0,0,3545692.69,0,0,3545692.69,0,0,3545692.69,0,0,4346332.97,0,0,4346332.97,0,0,3545692.69,0,0,3545692.69,0,0,3545692.69,0,0,3545692.69,0,0,3545692.69,0,0,3545692.69,0,0,3545692.69,0,0,3545692.69,0,0,3545692.69,0,0,3545692.69,0,0,3545692.69,0,0,3545692.69,0,0,3545692.69,0,0,3545692.69,0,0,3545692.69,0,0,3545692.69,0,0,3545692.69,0,0,3545692.69,0,0,3545692.69,0,0,3545692.69,0,0,3545692.69,0,0,3545692.69,0,0,19248046.01,0,0,3545692.69,0,0,3545692.69,0,0,3545692.69,0,0,4346332.97,0,0,3545692.69,0,0,4346332.97,0,0,3545692.69
1,2,Pfizer,2021-05-03,COVCKD,0,0,0,0,0,0,0,0,0,0,0,0,0,0,0,0,0,0,0,0,0,0,0,0,0,0,0,0,0,0,0,0,0,0,0,0,0,0,0,0,0,0,0,0,0,0,0,0,0,0,2641888.67,0,0,2641888.67,0,0,2641888.67,0,0,3208007.67,0,0,2749720.86,0,0,2749720.86,0,0,3062189.14,0,0,4491210.74,0,0,6416015.34,0,0,6416015.34,0,0,2641888.67,0,0,2641888.67,0,0,2641888.67,0,0,2641888.67,0,0,2641888.67,0,0,2641888.67,0,0,3062189.14,0,0,3062189.14,0,0,2641888.67,0,0,2641888.67,0,0,2641888.67,0,0,2641888.67,0,0,2641888.67,0,0,2641888.67,0,0,2641888.67,0,0,2641888.67,0,0,2641888.67,0,0,2641888.67,0,0,2641888.67,0,0,2641888.67,0,0,2641888.67,0,0,2641888.67,0,0,2641888.67,0,0,2641888.67,0,0,2641888.67,0,0,2641888.67,0,0,2641888.67,0,0,2641888.67,0,0,2641888.67,0,0,2641888.67,0,0,19248046.01,0,0,2641888.67,0,0,2641888.67,0,0,2641888.67,0,0,3062189.14,0,0,2641888.67,0,0,3062189.14,0,0,2641888.67
1,2,Pfizer,2021-05-10,COVCKD,0,0,0,0,0,0,0,0,0,0,0,0,0,0,0,0,0,0,0,0,0,0,0,0,0,0,0,0,0,0,0,0,0,0,0,0,0,0,0,0,0,0,0,0,0,0,0,0,0,0,1924804.6,0,0,1924804.6,0,0,1924804.6,0,0,2406005.75,0,0,2406005.75,0,0,2406005.75,0,0,2138671.78,0,0,3208007.67,0,0,4812011.5,0,0,4812011.5,0,0,1924804.6,0,0,1924804.6,0,0,1924804.6,0,0,1924804.6,0,0,1924804.6,0,0,1924804.6,0,0,2406005.75,0,0,2406005.75,0,0,1924804.6,0,0,1924804.6,0,0,1924804.6,0,0,1924804.6,0,0,1924804.6,0,0,1924804.6,0,0,1924804.6,0,0,1924804.6,0,0,1924804.6,0,0,1924804.6,0,0,1924804.6,0,0,1924804.6,0,0,1924804.6,0,0,1924804.6,0,0,1924804.6,0,0,1924804.6,0,0,1924804.6,0,0,1924804.6,0,0,1924804.6,0,0,1924804.6,0,0,1924804.6,0,0,1924804.6,0,0,19248046.01,0,0,1924804.6,0,0,1924804.6,0,0,1924804.6,0,0,2138671.78,0,0,1924804.6,0,0,2138671.78,0,0,1924804.6
1,2,Pfizer,2021-05-17,COVCKD,0,0,0,0,0,0,0,0,0,0,0,0,0,0,0,0,0,0,0,0,0,0,0,0,0,0,0,0,0,0,0,0,0,0,0,0,0,0,0,0,0,0,0,0,0,0,0,0,0,0,1924804.6,0,0,1924804.6,0,0,1924804.6,0,0,2406005.75,0,0,2406005.75,0,0,2406005.75,0,0,2138671.78,0,0,3208007.67,0,0,4812011.5,0,0,4812011.5,0,0,1924804.6,0,0,1924804.6,0,0,1924804.6,0,0,1924804.6,0,0,1924804.6,0,0,1924804.6,0,0,2406005.75,0,0,2406005.75,0,0,1924804.6,0,0,1924804.6,0,0,1924804.6,0,0,1924804.6,0,0,1924804.6,0,0,1924804.6,0,0,1924804.6,0,0,1924804.6,0,0,1924804.6,0,0,1924804.6,0,0,1924804.6,0,0,1924804.6,0,0,1924804.6,0,0,1924804.6,0,0,1924804.6,0,0,1924804.6,0,0,1924804.6,0,0,1924804.6,0,0,1924804.6,0,0,1924804.6,0,0,1924804.6,0,0,1924804.6,0,0,19248046.01,0,0,1924804.6,0,0,1924804.6,0,0,1924804.6,0,0,2138671.78,0,0,1924804.6,0,0,2138671.78,0,0,1924804.6
1,2,Pfizer,2021-05-24,COVCKD,0,0,0,0,0,0,0,0,0,0,0,0,0,0,0,0,0,0,0,0,0,0,0,0,0,0,0,0,0,0,0,0,0,0,0,0,0,0,0,0,0,0,0,0,0,0,0,0,0,0,1924804.6,0,0,1924804.6,0,0,1924804.6,0,0,2406005.75,0,0,2406005.75,0,0,2406005.75,0,0,2138671.78,0,0,3208007.67,0,0,4812011.5,0,0,4812011.5,0,0,1924804.6,0,0,1924804.6,0,0,1924804.6,0,0,1924804.6,0,0,1924804.6,0,0,1924804.6,0,0,2406005.75,0,0,2406005.75,0,0,1924804.6,0,0,1924804.6,0,0,1924804.6,0,0,1924804.6,0,0,1924804.6,0,0,1924804.6,0,0,1924804.6,0,0,1924804.6,0,0,1924804.6,0,0,1924804.6,0,0,1924804.6,0,0,1924804.6,0,0,1924804.6,0,0,1924804.6,0,0,1924804.6,0,0,1924804.6,0,0,1924804.6,0,0,1924804.6,0,0,1924804.6,0,0,1924804.6,0,0,1924804.6,0,0,1924804.6,0,0,19248046.01,0,0,1924804.6,0,0,1924804.6,0,0,1924804.6,0,0,2138671.78,0,0,1924804.6,0,0,2138671.78,0,0,1924804.6
1,2,Pfizer,2021-05-31,COVCKD,0,0,0,0,0,0,0,0,0,0,0,0,0,0,0,0,0,0,0,0,0,0,0,0,0,0,0,0,0,0,0,0,0,0,0,0,0,0,0,0,0,0,0,0,0,0,0,0,0,0,1924804.6,0,0,1924804.6,0,0,1924804.6,0,0,2406005.75,0,0,2406005.75,0,0,2406005.75,0,0,2138671.78,0,0,3208007.67,0,0,4812011.5,0,0,4812011.5,0,0,1924804.6,0,0,1924804.6,0,0,1924804.6,0,0,1924804.6,0,0,1924804.6,0,0,1924804.6,0,0,2406005.75,0,0,2406005.75,0,0,1924804.6,0,0,1924804.6,0,0,1924804.6,0,0,1924804.6,0,0,1924804.6,0,0,1924804.6,0,0,1924804.6,0,0,1924804.6,0,0,1924804.6,0,0,1924804.6,0,0,1924804.6,0,0,1924804.6,0,0,1924804.6,0,0,1924804.6,0,0,1924804.6,0,0,1924804.6,0,0,1924804.6,0,0,1924804.6,0,0,1924804.6,0,0,1924804.6,0,0,1924804.6,0,0,1924804.6,0,0,19248046.01,0,0,1924804.6,0,0,1924804.6,0,0,1924804.6,0,0,2138671.78,0,0,1924804.6,0,0,2138671.78,0,0,1924804.6
1,2,Pfizer,2021-06-07,COVCKD,0,0,0,0,0,0,0,0,0,0,0,0,0,0,0,0,0,0,0,0,0,0,0,0,0,0,0,0,0,0,0,0,0,0,0,0,0,0,0,0,0,0,0,0,0,0,0,0,0,0,1924804.6,0,0,1924804.6,0,0,1924804.6,0,0,2406005.75,0,0,2406005.75,0,0,2406005.75,0,0,2138671.78,0,0,3208007.67,0,0,4812011.5,0,0,4812011.5,0,0,1924804.6,0,0,1924804.6,0,0,1924804.6,0,0,1924804.6,0,0,1924804.6,0,0,1924804.6,0,0,2406005.75,0,0,2406005.75,0,0,1924804.6,0,0,1924804.6,0,0,1924804.6,0,0,1924804.6,0,0,1924804.6,0,0,1924804.6,0,0,1924804.6,0,0,1924804.6,0,0,1924804.6,0,0,1924804.6,0,0,1924804.6,0,0,1924804.6,0,0,1924804.6,0,0,1924804.6,0,0,1924804.6,0,0,1924804.6,0,0,1924804.6,0,0,1924804.6,0,0,1924804.6,0,0,1924804.6,0,0,1924804.6,0,0,1924804.6,0,0,19248046.01,0,0,1924804.6,0,0,1924804.6,0,0,1924804.6,0,0,2138671.78,0,0,1924804.6,0,0,2138671.78,0,0,1924804.6
1,2,Pfizer,2021-06-14,COVCKD,0,0,0,0,0,0,0,0,0,0,0,0,0,0,0,0,0,0,0,0,0,0,0,0,0,0,0,0,0,0,0,0,0,0,0,0,0,0,0,0,0,0,0,0,0,0,0,0,0,0,1924804.6,0,0,1924804.6,0,0,1924804.6,0,0,2406005.75,0,0,2406005.75,0,0,2406005.75,0,0,2138671.78,0,0,3208007.67,0,0,4812011.5,0,0,4812011.5,0,0,1924804.6,0,0,1924804.6,0,0,1924804.6,0,0,1924804.6,0,0,1924804.6,0,0,1924804.6,0,0,2406005.75,0,0,2406005.75,0,0,1924804.6,0,0,1924804.6,0,0,1924804.6,0,0,1924804.6,0,0,1924804.6,0,0,1924804.6,0,0,1924804.6,0,0,1924804.6,0,0,1924804.6,0,0,1924804.6,0,0,1924804.6,0,0,1924804.6,0,0,1924804.6,0,0,1924804.6,0,0,1924804.6,0,0,1924804.6,0,0,1924804.6,0,0,1924804.6,0,0,1924804.6,0,0,1924804.6,0,0,1924804.6,0,0,1924804.6,0,0,19248046.01,0,0,1924804.6,0,0,1924804.6,0,0,1924804.6,0,0,2138671.78,0,0,1924804.6,0,0,2138671.78,0,0,1924804.6
1,2,Pfizer,2021-06-21,COVCKD,0,0,0,0,0,0,0,0,0,0,0,0,0,0,0,0,0,0,0,0,0,0,0,0,0,0,0,0,0,0,0,0,0,0,0,0,0,0,0,0,0,0,0,0,0,0,0,0,0,0,1924804.6,0,0,1924804.6,0,0,1924804.6,0,0,2406005.75,0,0,2406005.75,0,0,2406005.75,0,0,2138671.78,0,0,3208007.67,0,0,4812011.5,0,0,4812011.5,0,0,1924804.6,0,0,1924804.6,0,0,1924804.6,0,0,1924804.6,0,0,1924804.6,0,0,1924804.6,0,0,2406005.75,0,0,2406005.75,0,0,1924804.6,0,0,1924804.6,0,0,1924804.6,0,0,1924804.6,0,0,1924804.6,0,0,1924804.6,0,0,1924804.6,0,0,1924804.6,0,0,1924804.6,0,0,1924804.6,0,0,1924804.6,0,0,1924804.6,0,0,1924804.6,0,0,1924804.6,0,0,1924804.6,0,0,1924804.6,0,0,1924804.6,0,0,1924804.6,0,0,1924804.6,0,0,1924804.6,0,0,1924804.6,0,0,1924804.6,0,0,19248046.01,0,0,1924804.6,0,0,1924804.6,0,0,1924804.6,0,0,2138671.78,0,0,1924804.6,0,0,2138671.78,0,0,1924804.6
1,2,Pfizer,2021-06-28,COVCKD,0,0,0,0,0,0,0,0,0,0,0,0,0,0,0,0,0,0,0,0,0,0,0,0,0,0,0,0,0,0,0,0,0,0,0,0,0,0,0,0,0,0,0,0,0,0,0,0,0,0,4491210.74,0,0,4491210.74,0,0,4491210.74,0,0,5614013.42,0,0,5614013.42,0,0,5614013.42,0,0,4990234.15,0,0,7485351.23,0,0,11228026.84,0,0,11228026.84,0,0,4491210.74,0,0,4491210.74,0,0,4491210.74,0,0,4491210.74,0,0,4491210.74,0,0,4491210.74,0,0,5614013.42,0,0,5614013.42,0,0,4491210.74,0,0,4491210.74,0,0,4491210.74,0,0,4491210.74,0,0,4491210.74,0,0,4491210.74,0,0,4491210.74,0,0,4491210.74,0,0,4491210.74,0,0,4491210.74,0,0,4491210.74,0,0,4491210.74,0,0,4491210.74,0,0,4491210.74,0,0,4491210.74,0,0,4491210.74,0,0,4491210.74,0,0,4491210.74,0,0,4491210.74,0,0,4491210.74,0,0,4491210.74,0,0,4491210.74,0,0,44912107.35,0,0,4491210.74,0,0,4491210.74,0,0,4491210.74,0,0,4990234.15,0,0,4491210.74,0,0,4990234.15,0,0,4491210.74
1,1,Pfizer,2021-03-08,COVCKD,0,0,0,0,0,0,0,0,0,0,0,0,0,0,0,0,0,0,0,0,0,0,0,0,0,0,0,0,0,0,0,0,0,0,0,0,0,0,0,0,0,0,0,0,0,0,0,0,0,0,13473632.21,0,0,13473632.21,0,0,13473632.21,0,0,44912107.35,0,0,13473632.21,0,0,13473632.21,0,0,19248046.01,,,0,0,0,44912107.35,0,0,44912107.35,0,0,13473632.21,0,0,13473632.21,0,0,13473632.21,0,0,13473632.21,0,0,13473632.21,0,0,13473632.21,0,0,13473632.21,0,0,13473632.21,0,0,13473632.21,0,0,13473632.21,0,0,13473632.21,0,0,13473632.21,0,0,13473632.21,0,0,13473632.21,0,0,13473632.21,0,0,13473632.21,0,0,13473632.21,0,0,13473632.21,0,0,13473632.21,0,0,13473632.21,0,0,13473632.21,0,0,13473632.21,0,0,13473632.21,0,0,13473632.21,0,0,13473632.21,0,0,13473632.21,0,0,13473632.21,0,0,13473632.21,0,0,13473632.21,0,0,13473632.21,0,0,44912107.35,0,0,13473632.21,0,0,13473632.21,0,0,13473632.21,0,0,19248046.01,0,0,13473632.21,0,0,19248046.01,0,0,13473632.21
1,1,Pfizer,2021-03-15,COVCKD,0,0,0,0,0,0,0,0,0,0,0,0,0,0,0,0,0,0,0,0,0,0,0,0,0,0,0,0,0,0,0,0,0,0,0,0,0,0,0,0,0,0,0,0,0,0,0,0,0,0,9624023,0,0,9624023,0,0,9624023,0,0,19248046.01,0,0,9624023,0,0,9624023,0,0,19248046.01,,,0,0,0,19248046.01,0,0,19248046.01,0,0,9624023,0,0,9624023,0,0,9624023,0,0,9624023,0,0,9624023,0,0,9624023,0,0,9624023,0,0,9624023,0,0,9624023,0,0,9624023,0,0,9624023,0,0,9624023,0,0,9624023,0,0,9624023,0,0,9624023,0,0,9624023,0,0,9624023,0,0,9624023,0,0,9624023,0,0,9624023,0,0,9624023,0,0,9624023,0,0,9624023,0,0,9624023,0,0,9624023,0,0,9624023,0,0,9624023,0,0,9624023,0,0,9624023,0,0,9624023,0,0,19248046.01,0,0,9624023,0,0,9624023,0,0,9624023,0,0,19248046.01,0,0,9624023,0,0,19248046.01,0,0,9624023
1,1,Pfizer,2021-03-22,COVCKD,0,0,0,0,0,0,0,0,0,0,0,0,0,0,0,0,0,0,0,0,0,0,0,0,0,0,0,0,0,0,0,0,0,0,0,0,0,0,0,0,0,0,0,0,0,0,0,0,0,0,13473632.21,0,0,13473632.21,0,0,13473632.21,0,0,14970702.45,0,0,13473632.21,0,0,13473632.21,0,0,44912107.35,,,0,0,0,19248046.01,0,0,19248046.01,0,0,13473632.21,0,0,13473632.21,0,0,13473632.21,0,0,13473632.21,0,0,13473632.21,0,0,13473632.21,0,0,13473632.21,0,0,13473632.21,0,0,13473632.21,0,0,13473632.21,0,0,13473632.21,0,0,13473632.21,0,0,13473632.21,0,0,13473632.21,0,0,13473632.21,0,0,13473632.21,0,0,13473632.21,0,0,13473632.21,0,0,13473632.21,0,0,13473632.21,0,0,13473632.21,0,0,13473632.21,0,0,13473632.21,0,0,13473632.21,0,0,13473632.21,0,0,13473632.21,0,0,13473632.21,0,0,13473632.21,0,0,13473632.21,0,0,13473632.21,0,0,19248046.01,0,0,13473632.21,0,0,13473632.21,0,0,13473632.21,0,0,44912107.35,0,0,13473632.21,0,0,44912107.35,0,0,13473632.21
1,1,Pfizer,2021-03-29,COVCKD,0,0,0,0,0,0,0,0,0,0,0,0,0,0,0,0,0,0,0,0,0,0,0,0,0,0,0,0,0,0,0,0,0,0,0,0,0,0,0,0,0,0,0,0,0,0,0,0,0,0,11228026.84,0,0,11228026.84,0,0,11228026.84,0,0,11228026.84,0,0,11228026.84,0,0,11228026.84,0,0,19248046.01,,,0,0,0,26947264.41,0,0,26947264.41,0,0,11228026.84,0,0,11228026.84,0,0,11228026.84,0,0,11228026.84,0,0,11228026.84,0,0,11228026.84,0,0,11228026.84,0,0,11228026.84,0,0,11228026.84,0,0,11228026.84,0,0,11228026.84,0,0,11228026.84,0,0,11228026.84,0,0,11228026.84,0,0,11228026.84,0,0,11228026.84,0,0,11228026.84,0,0,11228026.84,0,0,11228026.84,0,0,11228026.84,0,0,11228026.84,0,0,11228026.84,0,0,11228026.84,0,0,11228026.84,0,0,11228026.84,0,0,11228026.84,0,0,11228026.84,0,0,11228026.84,0,0,11228026.84,0,0,11228026.84,0,0,26947264.41,0,0,11228026.84,0,0,11228026.84,0,0,11228026.84,0,0,19248046.01,0,0,11228026.84,0,0,19248046.01,0,0,11228026.84
1,1,Pfizer,2021-02-22,COVCKD,0,0,0,0,0,0,0,0,0,0,0,0,0,0,0,0,0,0,0,0,0,0,0,0,0,0,0,0,0,0,0,0,0,0,0,0,0,0,0,0,0,0,0,0,0,0,0,0,0,0,134736322.06,0,0,134736322.06,0,0,134736322.06,,,0,0,0,134736322.06,0,0,134736322.06,0,0,134736322.06,,,0,,,0,,,0,0,0,134736322.06,0,0,134736322.06,0,0,134736322.06,0,0,134736322.06,0,0,134736322.06,0,0,134736322.06,0,0,134736322.06,0,0,134736322.06,0,0,134736322.06,0,0,134736322.06,0,0,134736322.06,0,0,134736322.06,0,0,134736322.06,0,0,134736322.06,0,0,134736322.06,0,0,134736322.06,0,0,134736322.06,0,0,134736322.06,0,0,134736322.06,0,0,134736322.06,0,0,134736322.06,0,0,134736322.06,0,0,134736322.06,0,0,134736322.06,0,0,134736322.06,0,0,134736322.06,0,0,134736322.06,0,0,134736322.06,0,0,134736322.06,0,0,134736322.06,,,0,0,0,134736322.06,0,0,134736322.06,0,0,134736322.06,0,0,134736322.06,0,0,134736322.06,0,0,134736322.06,0,0,134736322.06
1,1,Pfizer,2021-03-01,COVCKD,0,0,0,0,0,0,0,0,0,0,0,0,0,0,0,0,0,0,0,0,0,0,0,0,0,0,0,0,0,0,0,0,0,0,0,0,0,0,0,0,0,0,0,0,0,0,0,0,0,0,19248046.01,0,0,19248046.01,0,0,19248046.01,,,0,0,0,19248046.01,0,0,19248046.01,0,0,19248046.01,,,0,,,0,,,0,0,0,19248046.01,0,0,19248046.01,0,0,19248046.01,0,0,19248046.01,0,0,19248046.01,0,0,19248046.01,0,0,19248046.01,0,0,19248046.01,0,0,19248046.01,0,0,19248046.01,0,0,19248046.01,0,0,19248046.01,0,0,19248046.01,0,0,19248046.01,0,0,19248046.01,0,0,19248046.01,0,0,19248046.01,0,0,19248046.01,0,0,19248046.01,0,0,19248046.01,0,0,19248046.01,0,0,19248046.01,0,0,19248046.01,0,0,19248046.01,0,0,19248046.01,0,0,19248046.01,0,0,19248046.01,0,0,19248046.01,0,0,19248046.01,0,0,19248046.01,,,0,0,0,19248046.01,0,0,19248046.01,0,0,19248046.01,0,0,19248046.01,0,0,19248046.01,0,0,19248046.01,0,0,19248046.01
1,2,Pfizer,2021-03-29,COVCKD,0,0,0,0,0,0,0,0,0,0,0,0,0,0,0,0,0,0,0,0,0,0,0,0,0,0,0,0,0,0,0,0,0,0,0,0,0,0,0,0,0,0,0,0,0,0,0,0,0,0,14970702.45,0,0,14970702.45,0,0,14970702.45,0,0,67368161.03,0,0,14970702.45,0,0,14970702.45,0,0,19248046.01,,,0,0,0,67368161.03,0,0,67368161.03,0,0,14970702.45,0,0,14970702.45,0,0,14970702.45,0,0,14970702.45,0,0,14970702.45,0,0,14970702.45,0,0,14970702.45,0,0,14970702.45,0,0,14970702.45,0,0,14970702.45,0,0,14970702.45,0,0,14970702.45,0,0,14970702.45,0,0,14970702.45,0,0,14970702.45,0,0,14970702.45,0,0,14970702.45,0,0,14970702.45,0,0,14970702.45,0,0,14970702.45,0,0,14970702.45,0,0,14970702.45,0,0,14970702.45,0,0,14970702.45,0,0,14970702.45,0,0,14970702.45,0,0,14970702.45,0,0,14970702.45,0,0,14970702.45,0,0,14970702.45,0,0,67368161.03,0,0,14970702.45,0,0,14970702.45,0,0,14970702.45,0,0,19248046.01,0,0,14970702.45,0,0,19248046.01,0,0,14970702.45
1,2,Pfizer,2021-04-05,COVCKD,0,0,0,0,0,0,0,0,0,0,0,0,0,0,0,0,0,0,0,0,0,0,0,0,0,0,0,0,0,0,0,0,0,0,0,0,0,0,0,0,0,0,0,0,0,0,0,0,0,0,9624023,0,0,9624023,0,0,9624023,0,0,19248046.01,0,0,9624023,0,0,9624023,0,0,19248046.01,,,0,0,0,19248046.01,0,0,19248046.01,0,0,9624023,0,0,9624023,0,0,9624023,0,0,9624023,0,0,9624023,0,0,9624023,0,0,9624023,0,0,9624023,0,0,9624023,0,0,9624023,0,0,9624023,0,0,9624023,0,0,9624023,0,0,9624023,0,0,9624023,0,0,9624023,0,0,9624023,0,0,9624023,0,0,9624023,0,0,9624023,0,0,9624023,0,0,9624023,0,0,9624023,0,0,9624023,0,0,9624023,0,0,9624023,0,0,9624023,0,0,9624023,0,0,9624023,0,0,9624023,0,0,19248046.01,0,0,9624023,0,0,9624023,0,0,9624023,0,0,19248046.01,0,0,9624023,0,0,19248046.01,0,0,9624023
1,2,Pfizer,2021-04-12,COVCKD,0,0,0,0,0,0,0,0,0,0,0,0,0,0,0,0,0,0,0,0,0,0,0,0,0,0,0,0,0,0,0,0,0,0,0,0,0,0,0,0,0,0,0,0,0,0,0,0,0,0,8982421.47,0,0,8982421.47,0,0,8982421.47,0,0,16842040.26,0,0,8982421.47,0,0,8982421.47,0,0,16842040.26,,,0,0,0,19248046.01,0,0,19248046.01,0,0,8982421.47,0,0,8982421.47,0,0,8982421.47,0,0,8982421.47,0,0,8982421.47,0,0,8982421.47,0,0,8982421.47,0,0,8982421.47,0,0,8982421.47,0,0,8982421.47,0,0,8982421.47,0,0,8982421.47,0,0,8982421.47,0,0,8982421.47,0,0,8982421.47,0,0,8982421.47,0,0,8982421.47,0,0,8982421.47,0,0,8982421.47,0,0,8982421.47,0,0,8982421.47,0,0,8982421.47,0,0,8982421.47,0,0,8982421.47,0,0,8982421.47,0,0,8982421.47,0,0,8982421.47,0,0,8982421.47,0,0,8982421.47,0,0,8982421.47,0,0,19248046.01,0,0,8982421.47,0,0,8982421.47,0,0,8982421.47,0,0,16842040.26,0,0,8982421.47,0,0,16842040.26,0,0,8982421.47
1,2,Pfizer,2021-04-19,COVCKD,0,0,0,0,0,0,0,0,0,0,0,0,0,0,0,0,0,0,0,0,0,0,0,0,0,0,0,0,0,0,0,0,0,0,0,0,0,0,0,0,0,0,0,0,0,0,0,0,0,0,6124378.28,0,0,6124378.28,0,0,6124378.28,0,0,8982421.47,0,0,6124378.28,0,0,6124378.28,0,0,8982421.47,0,0,134736322.06,0,0,16842040.26,0,0,16842040.26,0,0,6124378.28,0,0,6124378.28,0,0,6124378.28,0,0,6124378.28,0,0,6124378.28,0,0,6124378.28,0,0,6416015.34,0,0,6416015.34,0,0,6124378.28,0,0,6124378.28,0,0,6124378.28,0,0,6124378.28,0,0,6124378.28,0,0,6124378.28,0,0,6124378.28,0,0,6124378.28,0,0,6124378.28,0,0,6124378.28,0,0,6124378.28,0,0,6124378.28,0,0,6124378.28,0,0,6124378.28,0,0,6124378.28,0,0,6124378.28,0,0,6124378.28,0,0,6124378.28,0,0,6124378.28,0,0,6124378.28,0,0,6124378.28,0,0,6124378.28,0,0,19248046.01,0,0,6124378.28,0,0,6124378.28,0,0,6124378.28,0,0,8982421.47,0,0,6124378.28,0,0,8982421.47,0,0,6124378.28
1,2,Pfizer,2021-03-22,COVCKD,0,0,0,0,0,0,0,0,0,0,0,0,0,0,0,0,0,0,0,0,0,0,0,0,0,0,0,0,0,0,0,0,0,0,0,0,0,0,0,0,0,0,0,0,0,0,0,0,0,0,22456053.68,0,0,22456053.68,0,0,22456053.68,,,0,0,0,22456053.68,0,0,22456053.68,0,0,22456053.68,,,0,,,0,,,0,0,0,22456053.68,0,0,22456053.68,0,0,22456053.68,0,0,22456053.68,0,0,22456053.68,0,0,22456053.68,0,0,22456053.68,0,0,22456053.68,0,0,22456053.68,0,0,22456053.68,0,0,22456053.68,0,0,22456053.68,0,0,22456053.68,0,0,22456053.68,0,0,22456053.68,0,0,22456053.68,0,0,22456053.68,0,0,22456053.68,0,0,22456053.68,0,0,22456053.68,0,0,22456053.68,0,0,22456053.68,0,0,22456053.68,0,0,22456053.68,0,0,22456053.68,0,0,22456053.68,0,0,22456053.68,0,0,22456053.68,0,0,22456053.68,0,0,22456053.68,,,0,0,0,22456053.68,0,0,22456053.68,0,0,22456053.68,0,0,22456053.68,0,0,22456053.68,0,0,22456053.68,0,0,22456053.68
0,0,0,2020-01-06,COVDIAB,0,0,0,1,0,0,0,0,0,0,0,0,0,0,0,0,0,0,0,0,0,0,0,0,0,0,0,0,0,0,0,0,0,0,0,0,0,0,0,0,0,0,0,0,0,0,0,0,0,0,97776.72,0,0,97776.72,0,0,97776.72,30336.38,768.05,169023.48,0,0,100850.54,0,0,102461.08,0,0,98275.95,0,0,100850.54,0,0,99804.68,0,0,99804.68,0,0,97776.72,0,0,97776.72,0,0,97776.72,0,0,97776.72,0,0,97776.72,0,0,97776.72,0,0,98780.29,0,0,98780.29,0,0,97776.72,0,0,97776.72,0,0,97776.72,0,0,97776.72,0,0,97776.72,0,0,97776.72,0,0,97776.72,0,0,97776.72,0,0,97776.72,0,0,97776.72,0,0,97776.72,0,0,99289.85,0,0,100324.89,0,0,97776.72,0,0,97776.72,0,0,98275.95,0,0,98275.95,0,0,97776.72,0,0,97776.72,0,0,97776.72,0,0,97776.72,0,0,97776.72,0,0,218727.8,0,0,97776.72,0,0,97776.72,0,0,97776.72,0,0,99804.68,0,0,98275.95,0,0,100324.89,0,0,97776.72
0,0,0,2020-01-13,COVDIAB,0,0,0,0,0,0,0,0,0,0,0,0,0,0,0,0,1,1,0,0,0,0,0,0,0,0,0,0,0,0,0,0,0,0,0,0,0,0,0,0,1,0,0,0,0,0,0,0,0,0,98419.52,0,0,98419.52,0,0,98419.52,0,0,112561.67,0,0,101534.53,0,0,103167.17,0,0,98925.35,0,0,101534.53,0,0,100474.51,0,0,100474.51,0,0,98419.52,0,0,98419.52,0,0,98419.52,0,0,98419.52,0,0,98419.52,0,0,98419.52,26975.63,682.96,150298.58,26975.63,682.96,150298.58,0,0,98419.52,0,0,98419.52,0,0,98419.52,0,0,98419.52,0,0,98419.52,0,0,98419.52,0,0,98419.52,0,0,98419.52,0,0,98419.52,0,0,98419.52,0,0,98419.52,0,0,99952.76,0,0,101001.74,0,0,98419.52,0,0,98419.52,0,0,98925.35,0,0,98925.35,0,0,98419.52,0,0,98419.52,0,0,98419.52,0,0,98419.52,0,0,98419.52,0,0,218727.8,0,0,98419.52,0,0,98419.52,26680.06,675.48,148651.77,0,0,100474.51,0,0,98925.35,0,0,101001.74,0,0,98419.52
0,0,0,2020-01-20,COVDIAB,0,0,0,0,0,0,0,0,0,0,0,0,0,0,0,0,0,0,0,0,0,0,0,0,0,0,0,0,0,0,0,0,0,0,0,0,0,0,0,0,0,0,0,0,0,0,0,0,0,0,98707.93,0,0,98707.93,0,0,98707.93,0,0,112561.67,0,0,101841.51,0,0,103484.12,0,0,99216.73,0,0,101841.51,0,0,100775.11,0,0,100775.11,0,0,98707.93,0,0,98707.93,0,0,98707.93,0,0,98707.93,0,0,98707.93,0,0,98707.93,0,0,100250.24,0,0,100250.24,0,0,98707.93,0,0,98707.93,0,0,98707.93,0,0,98707.93,0,0,98707.93,0,0,98707.93,0,0,98707.93,0,0,98707.93,0,0,98707.93,0,0,98707.93,0,0,98707.93,0,0,100250.24,0,0,101305.51,0,0,98707.93,0,0,98707.93,0,0,99216.73,0,0,99216.73,0,0,98707.93,0,0,98707.93,0,0,98707.93,0,0,98707.93,0,0,98707.93,0,0,218727.8,0,0,98707.93,0,0,98707.93,0,0,98707.93,0,0,100775.11,0,0,99216.73,0,0,101305.51,0,0,98707.93
0,0,0,2020-01-27,COVDIAB,0,0,0,0,0,0,0,0,0,0,0,0,0,0,0,0,0,0,0,0,0,0,0,0,0,0,1,1,0,0,0,0,0,0,0,0,0,0,0,0,0,1,0,1,0,0,0,0,0,0,98707.93,0,0,98707.93,0,0,98707.93,0,0,112561.67,0,0,101841.51,0,0,103484.12,0,0,99216.73,0,0,101841.51,0,0,100775.11,0,0,100775.11,0,0,98707.93,0,0,98707.93,0,0,98707.93,0,0,98707.93,0,0,98707.93,0,0,98707.93,0,0,100250.24,0,0,100250.24,0,0,98707.93,0,0,98707.93,0,0,98707.93,0,0,98707.93,0,0,98707.93,0,0,98707.93,0,0,98707.93,0,0,98707.93,0,0,98707.93,0,0,98707.93,0,0,98707.93,27216.84,689.07,151642.53,27503.77,696.34,153241.17,0,0,98707.93,0,0,98707.93,0,0,99216.73,0,0,99216.73,0,0,98707.93,0,0,98707.93,0,0,98707.93,0,0,98707.93,0,0,98707.93,0,0,218727.8,0,0,98707.93,0,0,98707.93,0,0,98707.93,27359.55,692.68,152437.66,0,0,99216.73,27503.77,696.34,153241.17,0,0,98707.93
0,0,0,2020-02-03,COVDIAB,0,0,0,1,0,0,0,0,0,0,0,0,0,0,0,0,0,0,0,0,0,0,0,0,0,0,0,0,0,0,0,0,0,0,0,0,0,1,0,0,0,0,0,0,0,0,0,0,0,0,98707.93,0,0,98707.93,0,0,98707.93,30564.85,773.84,170296.46,0,0,101841.51,0,0,103484.12,0,0,99216.73,0,0,101841.51,0,0,100775.11,0,0,100775.11,0,0,98707.93,0,0,98707.93,0,0,98707.93,0,0,98707.93,0,0,98707.93,0,0,98707.93,0,0,100250.24,0,0,100250.24,0,0,98707.93,0,0,98707.93,0,0,98707.93,0,0,98707.93,0,0,98707.93,0,0,98707.93,0,0,98707.93,0,0,98707.93,0,0,98707.93,0,0,98707.93,0,0,98707.93,0,0,100775.11,0,0,101841.51,0,0,98707.93,0,0,98707.93,0,0,99216.73,0,0,99216.73,0,0,98707.93,0,0,98707.93,0,0,98707.93,0,0,98707.93,0,0,98707.93,59293.83,1501.19,330364.08,0,0,98707.93,0,0,98707.93,0,0,98707.93,0,0,101305.51,0,0,99216.73,0,0,101841.51,0,0,98707.93
0,0,0,2020-02-10,COVDIAB,0,0,0,0,0,0,0,0,0,0,0,0,0,0,0,0,0,0,0,0,0,0,0,0,0,0,0,0,0,0,0,0,0,0,0,0,0,0,0,0,0,0,0,0,0,0,0,0,0,0,98852.77,0,0,98852.77,0,0,98852.77,0,0,113414.41,0,0,101995.7,0,0,103643.32,0,0,99363.07,0,0,101995.7,0,0,100926.08,0,0,100926.08,0,0,98852.77,0,0,98852.77,0,0,98852.77,0,0,98852.77,0,0,98852.77,0,0,98852.77,0,0,100399.64,0,0,100399.64,0,0,98852.77,0,0,98852.77,0,0,98852.77,0,0,98852.77,0,0,98852.77,0,0,98852.77,0,0,98852.77,0,0,98852.77,0,0,98852.77,0,0,98852.77,0,0,98852.77,0,0,100926.08,0,0,101995.7,0,0,98852.77,0,0,98852.77,0,0,99363.07,0,0,99363.07,0,0,98852.77,0,0,98852.77,0,0,98852.77,0,0,98852.77,0,0,98852.77,0,0,221241.91,0,0,98852.77,0,0,98852.77,0,0,98852.77,0,0,101458.07,0,0,99363.07,0,0,101995.7,0,0,98852.77
0,0,0,2020-02-17,COVDIAB,0,0,0,0,0,0,0,1,0,0,0,0,0,0,0,0,0,0,0,0,0,0,0,0,0,0,0,0,0,0,0,0,0,0,0,0,0,0,0,0,0,0,0,0,0,0,0,0,0,0,99509.84,0,0,99509.84,0,0,99509.84,0,0,113893.76,0,0,102383.22,0,0,104043.49,0,0,100026.97,27924.31,706.98,155584.31,0,0,101611.1,0,0,101611.1,0,0,99509.84,0,0,99509.84,0,0,99509.84,0,0,99509.84,0,0,99509.84,0,0,99509.84,0,0,101077.51,0,0,101077.51,0,0,99509.84,0,0,99509.84,0,0,99509.84,0,0,99509.84,0,0,99509.84,0,0,99509.84,0,0,99509.84,0,0,99509.84,0,0,99509.84,0,0,99509.84,0,0,99509.84,0,0,101611.1,0,0,102695.37,0,0,99509.84,0,0,99509.84,0,0,100026.97,0,0,100026.97,0,0,99509.84,0,0,99509.84,0,0,99509.84,0,0,99509.84,0,0,99509.84,0,0,221241.91,0,0,99509.84,0,0,99509.84,0,0,99509.84,0,0,102150.36,0,0,100026.97,0,0,102695.37,0,0,99509.84
0,0,0,2020-02-24,COVDIAB,0,0,0,1,0,0,0,0,0,0,0,0,0,0,0,0,0,0,0,0,0,0,0,0,0,0,0,0,0,0,0,0,0,0,0,0,0,0,0,0,0,0,0,0,0,0,0,0,0,0,99730.81,0,0,99730.81,0,0,99730.81,30927.18,783.01,172315.22,0,0,102383.22,0,0,104043.49,0,0,100250.24,0,0,103484.12,0,0,101841.51,0,0,101841.51,0,0,99730.81,0,0,99730.81,0,0,99730.81,0,0,99730.81,0,0,99730.81,0,0,99730.81,0,0,101305.51,0,0,101305.51,0,0,99730.81,0,0,99730.81,0,0,99730.81,0,0,99730.81,0,0,99730.81,0,0,99730.81,0,0,99730.81,0,0,99730.81,0,0,99730.81,0,0,99730.81,0,0,99730.81,0,0,101841.51,0,0,102930.73,0,0,99730.81,0,0,99730.81,0,0,100250.24,0,0,100250.24,0,0,99730.81,0,0,99730.81,0,0,99730.81,0,0,99730.81,0,0,99730.81,0,0,221241.91,0,0,99730.81,0,0,99730.81,0,0,99730.81,0,0,102383.22,0,0,100250.24,0,0,102930.73,0,0,99730.81
0,0,0,2020-03-02,COVDIAB,0,0,0,1,0,0,0,0,0,0,0,0,0,0,0,0,0,0,0,0,0,0,0,0,0,0,0,0,0,0,0,0,0,0,0,0,0,0,0,0,0,0,0,0,0,0,0,0,0,0,99730.81,0,0,99730.81,0,0,99730.81,31085.11,787.01,173195.13,0,0,102383.22,0,0,104043.49,0,0,100250.24,0,0,103484.12,0,0,101841.51,0,0,101841.51,0,0,99730.81,0,0,99730.81,0,0,99730.81,0,0,99730.81,0,0,99730.81,0,0,99730.81,0,0,101305.51,0,0,101305.51,0,0,99730.81,0,0,99730.81,0,0,99730.81,0,0,99730.81,0,0,99730.81,0,0,99730.81,0,0,99730.81,0,0,99730.81,0,0,99730.81,0,0,99730.81,0,0,99730.81,0,0,101841.51,0,0,102930.73,0,0,99730.81,0,0,99730.81,0,0,100250.24,0,0,100250.24,0,0,99730.81,0,0,99730.81,0,0,99730.81,0,0,99730.81,0,0,99730.81,0,0,221241.91,0,0,99730.81,0,0,99730.81,0,0,99730.81,0,0,102383.22,0,0,100250.24,0,0,102930.73,0,0,99730.81
0,0,0,2020-03-09,COVDIAB,0,0,0,0,0,0,0,0,0,0,0,0,0,0,0,0,0,0,0,0,0,0,0,0,0,0,0,0,0,0,0,0,0,0,0,0,0,1,0,0,0,0,0,0,0,0,0,0,0,0,99730.81,0,0,99730.81,0,0,99730.81,0,0,115257.76,0,0,102383.22,0,0,104043.49,0,0,100250.24,0,0,103484.12,0,0,101841.51,0,0,101841.51,0,0,99730.81,0,0,99730.81,0,0,99730.81,0,0,99730.81,0,0,99730.81,0,0,99730.81,0,0,101305.51,0,0,101305.51,0,0,99730.81,0,0,99730.81,0,0,99730.81,0,0,99730.81,0,0,99730.81,0,0,99730.81,0,0,99730.81,0,0,99730.81,0,0,99730.81,0,0,99730.81,0,0,99730.81,0,0,101841.51,0,0,102930.73,0,0,99730.81,0,0,99730.81,0,0,100250.24,0,0,100250.24,0,0,99730.81,0,0,99730.81,0,0,99730.81,0,0,99730.81,0,0,99730.81,60272.28,1525.96,335815.64,0,0,99730.81,0,0,99730.81,0,0,99730.81,0,0,102383.22,0,0,100250.24,0,0,102930.73,0,0,99730.81
0,0,0,2020-03-16,COVDIAB,0,0,0,1,0,2,0,0,0,0,0,0,0,0,0,0,0,0,0,0,1,0,0,0,0,0,0,0,0,0,0,0,0,0,0,0,0,0,0,0,0,0,0,0,0,0,0,0,0,0,99730.81,0,0,99730.81,0,0,99730.81,31351.93,793.76,174681.78,0,0,102383.22,56671.84,6863.22,204718.17,0,0,100250.24,0,0,103484.12,0,0,101841.51,0,0,101841.51,0,0,99730.81,0,0,99730.81,0,0,99730.81,0,0,99730.81,0,0,99730.81,0,0,99730.81,0,0,101305.51,0,0,101305.51,0,0,99730.81,0,0,99730.81,0,0,99730.81,0,0,99730.81,27115.81,686.51,151079.64,0,0,99730.81,0,0,99730.81,0,0,99730.81,0,0,99730.81,0,0,99730.81,0,0,99730.81,0,0,101841.51,0,0,102930.73,0,0,99730.81,0,0,99730.81,0,0,100250.24,0,0,100250.24,0,0,99730.81,0,0,99730.81,0,0,99730.81,0,0,99730.81,0,0,99730.81,0,0,223814.49,0,0,99730.81,0,0,99730.81,0,0,99730.81,0,0,102383.22,0,0,100250.24,0,0,102930.73,0,0,99730.81
0,0,0,2020-03-23,COVDIAB,0,0,0,0,0,0,0,0,0,0,0,0,0,0,0,0,0,0,0,0,0,0,0,0,0,0,0,0,0,0,0,0,0,0,0,0,0,1,0,0,1,0,0,0,0,0,0,0,0,0,99878.67,0,0,99878.67,0,0,99878.67,0,0,116051.96,0,0,102461.08,0,0,105262.75,0,0,100399.64,0,0,103643.32,0,0,101995.7,0,0,101995.7,0,0,99878.67,0,0,99878.67,0,0,99878.67,0,0,99878.67,0,0,99878.67,0,0,99878.67,0,0,101458.07,0,0,101458.07,0,0,99878.67,0,0,99878.67,0,0,99878.67,0,0,99878.67,0,0,100399.64,0,0,99878.67,0,0,99878.67,0,0,99878.67,0,0,99878.67,0,0,99878.67,0,0,99878.67,0,0,101995.7,0,0,103088.23,0,0,99878.67,0,0,99878.67,0,0,100399.64,0,0,100399.64,0,0,99878.67,0,0,99878.67,0,0,99878.67,0,0,99878.67,0,0,99878.67,60875,1541.22,339173.79,0,0,99878.67,0,0,99878.67,27075.61,685.5,150855.65,0,0,102539.06,0,0,100399.64,0,0,103088.23,0,0,99878.67
0,0,0,2020-03-30,COVDIAB,0,0,1,1,0,0,0,1,0,0,0,0,0,0,0,0,0,0,0,0,0,0,0,0,0,0,0,0,0,0,0,0,0,0,0,0,0,1,0,0,0,0,0,0,0,0,0,0,0,0,100775.11,0,0,100775.11,27400.6,693.72,152666.37,31733.28,803.42,176806.49,0,0,102930.73,0,0,105758.49,0,0,101305.51,28446.26,720.2,158492.43,0,0,102930.73,0,0,102930.73,0,0,100775.11,0,0,100775.11,0,0,100775.11,0,0,100775.11,0,0,100775.11,0,0,100775.11,0,0,102383.22,0,0,102383.22,0,0,100775.11,0,0,100775.11,0,0,100775.11,0,0,100775.11,0,0,101305.51,0,0,100775.11,0,0,100775.11,0,0,100775.11,0,0,100775.11,0,0,100775.11,0,0,100775.11,0,0,102930.73,0,0,104043.49,0,0,100775.11,0,0,100775.11,0,0,101305.51,0,0,101305.51,0,0,100775.11,0,0,100775.11,0,0,100775.11,0,0,100775.11,0,0,100775.11,62011.88,1570,345508.11,0,0,100775.11,0,0,100775.11,0,0,100775.11,0,0,103484.12,0,0,101305.51,0,0,104043.49,0,0,100775.11
0,0,0,2020-04-06,COVDIAB,0,0,0,1,0,0,0,0,0,0,0,0,0,0,0,0,0,0,0,0,0,0,0,0,0,0,0,0,0,0,0,0,0,0,0,0,0,0,0,0,0,0,0,0,0,0,0,0,0,0,100775.11,0,0,100775.11,0,0,101305.51,31927.45,808.33,177888.35,0,0,102930.73,0,0,105758.49,0,0,101305.51,0,0,105180.58,0,0,102930.73,0,0,102930.73,0,0,100775.11,0,0,100775.11,0,0,100775.11,0,0,100775.11,0,0,100775.11,0,0,100775.11,0,0,102383.22,0,0,102383.22,0,0,100775.11,0,0,100775.11,0,0,100775.11,0,0,100775.11,0,0,101305.51,0,0,100775.11,0,0,100775.11,0,0,100775.11,0,0,100775.11,0,0,100775.11,0,0,100775.11,0,0,102930.73,0,0,104043.49,0,0,100775.11,0,0,100775.11,0,0,101305.51,0,0,101305.51,0,0,100775.11,0,0,100775.11,0,0,100775.11,0,0,100775.11,0,0,100775.11,0,0,229143.4,0,0,100775.11,0,0,100775.11,0,0,100775.11,0,0,103484.12,0,0,101305.51,0,0,104043.49,0,0,100775.11
0,0,0,2020-04-13,COVDIAB,0,0,0,0,0,0,0,0,0,0,0,0,0,0,0,0,0,0,0,0,0,0,0,0,0,0,0,0,0,0,0,0,0,0,0,0,0,0,0,0,0,0,0,0,0,0,0,0,0,0,100775.11,0,0,100775.11,0,0,101305.51,0,0,118086.17,0,0,102930.73,0,0,105758.49,0,0,101305.51,0,0,105180.58,0,0,102930.73,0,0,102930.73,0,0,100775.11,0,0,100775.11,0,0,100775.11,0,0,100775.11,0,0,100775.11,0,0,100775.11,0,0,102383.22,0,0,102383.22,0,0,100775.11,0,0,100775.11,0,0,100775.11,0,0,100775.11,0,0,101305.51,0,0,100775.11,0,0,100775.11,0,0,100775.11,0,0,100775.11,0,0,100775.11,0,0,100775.11,0,0,102930.73,0,0,104043.49,0,0,100775.11,0,0,100775.11,0,0,101305.51,0,0,101305.51,0,0,100775.11,0,0,100775.11,0,0,100775.11,0,0,100775.11,0,0,100775.11,0,0,229143.4,0,0,100775.11,0,0,100775.11,0,0,100775.11,0,0,103484.12,0,0,101305.51,0,0,104043.49,0,0,100775.11
0,0,0,2020-04-20,COVDIAB,0,0,0,0,0,0,0,0,0,0,0,0,0,0,0,0,0,0,0,0,0,0,0,0,0,0,0,0,0,0,0,0,0,0,0,0,0,0,0,0,0,0,0,0,0,0,0,0,0,0,100775.11,0,0,100775.11,0,0,101305.51,0,0,118086.17,0,0,102930.73,0,0,105758.49,0,0,101305.51,0,0,105180.58,0,0,102930.73,0,0,102930.73,0,0,100775.11,0,0,100775.11,0,0,100775.11,0,0,100775.11,0,0,100775.11,0,0,100775.11,0,0,102383.22,0,0,102383.22,0,0,100775.11,0,0,100775.11,0,0,100775.11,0,0,100775.11,0,0,101305.51,0,0,100775.11,0,0,100775.11,0,0,100775.11,0,0,100775.11,0,0,100775.11,0,0,100775.11,0,0,102930.73,0,0,104043.49,0,0,100775.11,0,0,100775.11,0,0,101305.51,0,0,101305.51,0,0,100775.11,0,0,100775.11,0,0,100775.11,0,0,100775.11,0,0,100775.11,0,0,229143.4,0,0,100775.11,0,0,100775.11,0,0,100775.11,0,0,103484.12,0,0,101305.51,0,0,104043.49,0,0,100775.11
0,0,0,2020-04-27,COVDIAB,0,0,0,0,0,0,0,0,0,0,0,0,0,0,0,0,0,0,0,0,0,0,0,0,0,0,0,0,0,0,0,0,0,0,0,0,0,0,0,0,0,0,0,0,0,0,0,0,0,0,100775.11,0,0,100775.11,0,0,101305.51,0,0,118086.17,0,0,102930.73,0,0,105758.49,0,0,101305.51,0,0,105180.58,0,0,102930.73,0,0,102930.73,0,0,100775.11,0,0,100775.11,0,0,100775.11,0,0,100775.11,0,0,100775.11,0,0,100775.11,0,0,102383.22,0,0,102383.22,0,0,100775.11,0,0,100775.11,0,0,100775.11,0,0,100775.11,0,0,101305.51,0,0,100775.11,0,0,100775.11,0,0,100775.11,0,0,100775.11,0,0,100775.11,0,0,100775.11,0,0,102930.73,0,0,104043.49,0,0,100775.11,0,0,100775.11,0,0,101305.51,0,0,101305.51,0,0,100775.11,0,0,100775.11,0,0,100775.11,0,0,100775.11,0,0,100775.11,0,0,229143.4,0,0,100775.11,0,0,100775.11,0,0,100775.11,0,0,103484.12,0,0,101305.51,0,0,104043.49,0,0,100775.11
0,0,0,2020-05-04,COVDIAB,0,0,0,0,0,0,0,0,1,1,0,0,0,0,0,0,0,0,0,0,0,0,0,0,0,0,0,0,0,0,0,0,0,0,0,0,0,0,0,0,0,0,0,0,0,0,0,0,0,0,100775.11,0,0,100775.11,0,0,101305.51,0,0,118086.17,0,0,102930.73,0,0,105758.49,0,0,101305.51,0,0,105180.58,27924.31,706.98,155584.31,27924.31,706.98,155584.31,0,0,100775.11,0,0,100775.11,0,0,100775.11,0,0,100775.11,0,0,100775.11,0,0,100775.11,0,0,102383.22,0,0,102383.22,0,0,100775.11,0,0,100775.11,0,0,100775.11,0,0,100775.11,0,0,101305.51,0,0,100775.11,0,0,100775.11,0,0,100775.11,0,0,100775.11,0,0,100775.11,0,0,100775.11,0,0,102930.73,0,0,104043.49,0,0,100775.11,0,0,100775.11,0,0,101305.51,0,0,101305.51,0,0,100775.11,0,0,100775.11,0,0,100775.11,0,0,100775.11,0,0,100775.11,0,0,229143.4,0,0,100775.11,0,0,100775.11,0,0,100775.11,0,0,103484.12,0,0,101305.51,0,0,104043.49,0,0,100775.11
0,0,0,2020-05-11,COVDIAB,0,0,0,0,0,0,0,0,0,0,0,0,0,0,0,0,0,0,0,0,0,0,0,0,0,0,0,0,0,0,0,0,0,0,0,0,0,0,0,0,0,0,0,0,0,0,0,0,0,0,100775.11,0,0,100775.11,0,0,101305.51,0,0,118086.17,0,0,102930.73,0,0,105758.49,0,0,101305.51,0,0,105180.58,0,0,103484.12,0,0,103484.12,0,0,100775.11,0,0,100775.11,0,0,100775.11,0,0,100775.11,0,0,100775.11,0,0,100775.11,0,0,102383.22,0,0,102383.22,0,0,100775.11,0,0,100775.11,0,0,100775.11,0,0,100775.11,0,0,101305.51,0,0,100775.11,0,0,100775.11,0,0,100775.11,0,0,100775.11,0,0,100775.11,0,0,100775.11,0,0,102930.73,0,0,104043.49,0,0,100775.11,0,0,100775.11,0,0,101305.51,0,0,101305.51,0,0,100775.11,0,0,100775.11,0,0,100775.11,0,0,100775.11,0,0,100775.11,0,0,229143.4,0,0,100775.11,0,0,100775.11,0,0,100775.11,0,0,103484.12,0,0,101305.51,0,0,104043.49,0,0,100775.11
0,0,0,2020-05-18,COVDIAB,0,0,0,0,0,0,0,0,1,1,0,0,0,0,0,0,1,1,0,0,0,0,0,0,0,0,0,0,0,0,0,0,0,0,0,0,0,1,0,0,0,0,0,0,0,0,0,0,0,0,100775.11,0,0,100775.11,0,0,101305.51,0,0,118086.17,0,0,102930.73,0,0,105758.49,0,0,101305.51,0,0,105180.58,28117.78,711.88,156662.26,28117.78,711.88,156662.26,0,0,100775.11,0,0,100775.11,0,0,100775.11,0,0,100775.11,0,0,100775.11,0,0,100775.11,27775.67,703.22,154756.1,27775.67,703.22,154756.1,0,0,100775.11,0,0,100775.11,0,0,100775.11,0,0,100775.11,0,0,101305.51,0,0,100775.11,0,0,100775.11,0,0,100775.11,0,0,100775.11,0,0,100775.11,0,0,100775.11,0,0,102930.73,0,0,104043.49,0,0,100775.11,0,0,100775.11,0,0,101305.51,0,0,101305.51,0,0,100775.11,0,0,100775.11,0,0,100775.11,0,0,100775.11,0,0,100775.11,62117.35,1572.68,346095.71,0,0,100775.11,0,0,100775.11,0,0,100775.11,0,0,103484.12,0,0,101305.51,0,0,104043.49,0,0,100775.11
0,0,0,2020-05-25,COVDIAB,0,0,0,0,0,0,0,0,0,0,0,0,0,0,0,0,0,0,0,0,0,0,0,0,0,0,0,0,0,0,0,0,0,0,0,0,0,0,0,0,0,0,0,0,0,0,0,0,0,0,101305.51,0,0,101305.51,0,0,101841.51,0,0,118815.1,0,0,103484.12,0,0,106342.8,0,0,101841.51,0,0,105758.49,0,0,104608.95,0,0,104608.95,0,0,101305.51,0,0,101305.51,0,0,101305.51,0,0,101305.51,0,0,101305.51,0,0,101305.51,0,0,103484.12,0,0,103484.12,0,0,101305.51,0,0,101305.51,0,0,101305.51,0,0,101305.51,0,0,101841.51,0,0,101305.51,0,0,101305.51,0,0,101305.51,0,0,101305.51,0,0,101305.51,0,0,101305.51,0,0,103484.12,0,0,104608.95,0,0,101305.51,0,0,101305.51,0,0,101841.51,0,0,101841.51,0,0,101305.51,0,0,101305.51,0,0,101305.51,0,0,101305.51,0,0,101305.51,0,0,231904.17,0,0,101305.51,0,0,101305.51,0,0,101305.51,0,0,104043.49,0,0,101841.51,0,0,104608.95,0,0,101305.51
0,0,0,2020-06-01,COVDIAB,0,0,0,0,0,0,0,0,0,0,0,0,0,0,0,0,0,0,0,0,0,0,0,0,0,0,0,0,0,0,0,0,0,0,0,0,0,0,0,0,0,0,0,0,0,0,0,0,0,0,101305.51,0,0,101305.51,0,0,101841.51,0,0,118815.1,0,0,103484.12,0,0,106342.8,0,0,101841.51,0,0,105758.49,0,0,104608.95,0,0,104608.95,0,0,101305.51,0,0,101305.51,0,0,101305.51,0,0,101305.51,0,0,101305.51,0,0,101305.51,0,0,103484.12,0,0,103484.12,0,0,101305.51,0,0,101305.51,0,0,101305.51,0,0,101305.51,0,0,101841.51,0,0,101305.51,0,0,101305.51,0,0,101305.51,0,0,101305.51,0,0,101305.51,0,0,101305.51,0,0,103484.12,0,0,104608.95,0,0,101305.51,0,0,101305.51,0,0,101841.51,0,0,101841.51,0,0,101305.51,0,0,101305.51,0,0,101305.51,0,0,101305.51,0,0,101305.51,0,0,231904.17,0,0,101305.51,0,0,101305.51,0,0,101305.51,0,0,104043.49,0,0,101841.51,0,0,104608.95,0,0,101305.51
0,0,0,2020-06-08,COVDIAB,0,0,0,0,0,0,0,0,0,0,0,0,0,0,0,0,0,0,0,0,0,0,0,0,0,0,0,0,0,0,0,0,0,0,0,0,0,0,0,0,0,0,0,0,0,0,0,0,0,0,101305.51,0,0,101305.51,0,0,101841.51,0,0,118815.1,0,0,103484.12,0,0,106342.8,0,0,101841.51,0,0,105758.49,0,0,104608.95,0,0,104608.95,0,0,101305.51,0,0,101305.51,0,0,101305.51,0,0,101305.51,0,0,101305.51,0,0,101305.51,0,0,103484.12,0,0,103484.12,0,0,101305.51,0,0,101305.51,0,0,101305.51,0,0,101305.51,0,0,101841.51,0,0,101305.51,0,0,101305.51,0,0,101305.51,0,0,101305.51,0,0,101305.51,0,0,101305.51,0,0,103484.12,0,0,104608.95,0,0,101305.51,0,0,101305.51,0,0,101841.51,0,0,101841.51,0,0,101305.51,0,0,101305.51,0,0,101305.51,0,0,101305.51,0,0,101305.51,0,0,231904.17,0,0,101305.51,0,0,101305.51,0,0,101305.51,0,0,104043.49,0,0,101841.51,0,0,104608.95,0,0,101305.51
0,0,0,2020-06-15,COVDIAB,0,0,0,0,0,0,0,0,0,0,0,0,0,0,0,0,0,0,0,0,0,0,0,0,0,0,0,0,0,0,0,0,0,0,0,0,0,1,0,0,0,0,0,0,0,0,0,0,0,0,101305.51,0,0,101305.51,0,0,101841.51,0,0,118815.1,0,0,103484.12,0,0,106342.8,0,0,101841.51,0,0,105758.49,0,0,104608.95,0,0,104608.95,0,0,101305.51,0,0,101305.51,0,0,101305.51,0,0,101305.51,0,0,101305.51,0,0,101305.51,0,0,103484.12,0,0,103484.12,0,0,101305.51,0,0,101305.51,0,0,101305.51,0,0,101305.51,0,0,101841.51,0,0,101305.51,0,0,101305.51,0,0,101305.51,0,0,101305.51,0,0,101305.51,0,0,101305.51,0,0,103484.12,0,0,104608.95,0,0,101305.51,0,0,101305.51,0,0,101841.51,0,0,101841.51,0,0,101305.51,0,0,101305.51,0,0,101305.51,0,0,101305.51,0,0,101305.51,63301.56,1602.66,352693.72,0,0,101305.51,0,0,101305.51,0,0,101305.51,0,0,104043.49,0,0,101841.51,0,0,104608.95,0,0,101305.51
0,0,0,2020-06-22,COVDIAB,0,0,0,1,0,0,0,0,1,1,0,0,0,0,0,0,0,0,0,0,0,0,0,0,0,0,0,0,0,0,0,0,0,0,0,0,0,0,0,0,0,0,0,0,0,0,0,0,0,0,101458.07,0,0,101458.07,0,0,101995.7,32265.9,816.9,179774.09,0,0,103643.32,0,0,106510.93,0,0,101995.7,0,0,105924.78,28402.02,719.08,158245.94,28402.02,719.08,158245.94,0,0,101458.07,0,0,101458.07,0,0,101458.07,0,0,101458.07,0,0,101458.07,0,0,101458.07,0,0,103643.32,0,0,103643.32,0,0,101458.07,0,0,101458.07,0,0,101458.07,0,0,101458.07,0,0,101995.7,0,0,101458.07,0,0,101458.07,0,0,101458.07,0,0,101458.07,0,0,101458.07,0,0,101458.07,0,0,103643.32,0,0,104771.63,0,0,101458.07,0,0,101458.07,0,0,101995.7,0,0,101995.7,0,0,101458.07,0,0,101458.07,0,0,101458.07,0,0,101458.07,0,0,101458.07,0,0,235553.01,0,0,101458.07,0,0,101458.07,0,0,101458.07,0,0,104204.43,0,0,101995.7,0,0,104771.63,0,0,101458.07
0,0,0,2020-06-29,COVDIAB,0,0,0,0,0,0,0,0,0,0,0,0,0,0,0,0,0,0,0,0,0,0,0,0,0,0,0,0,0,0,0,0,0,0,0,0,0,0,0,0,0,0,0,0,0,0,0,0,0,0,101995.7,0,0,101995.7,0,0,102539.06,0,0,120515.49,0,0,104204.43,0,0,107103.59,0,0,102539.06,0,0,106510.93,0,0,105924.78,0,0,105924.78,0,0,101995.7,0,0,101995.7,0,0,101995.7,0,0,101995.7,0,0,101995.7,0,0,101995.7,0,0,104204.43,0,0,104204.43,0,0,101995.7,0,0,101995.7,0,0,101995.7,0,0,101995.7,0,0,102539.06,0,0,101995.7,0,0,101995.7,0,0,101995.7,0,0,101995.7,0,0,101995.7,0,0,101995.7,0,0,104204.43,0,0,105345.05,0,0,101995.7,0,0,101995.7,0,0,102539.06,0,0,102539.06,0,0,101995.7,0,0,101995.7,0,0,101995.7,0,0,101995.7,0,0,101995.7,0,0,238471.37,0,0,101995.7,0,0,101995.7,0,0,101995.7,0,0,104771.63,0,0,102539.06,0,0,105345.05,0,0,101995.7
0,0,0,2020-07-06,COVDIAB,0,0,0,0,0,0,0,0,0,0,0,0,0,0,0,0,0,0,0,0,0,0,0,0,0,0,0,0,0,0,0,0,0,0,0,0,0,0,0,0,0,0,0,0,0,0,0,0,0,0,102383.22,0,0,102383.22,0,0,102930.73,0,0,121056.89,0,0,104608.95,0,0,107530.98,0,0,102930.73,0,0,106933.59,0,0,106342.8,0,0,106342.8,0,0,102383.22,0,0,102383.22,0,0,102383.22,0,0,102383.22,0,0,102383.22,0,0,102383.22,0,0,104608.95,0,0,104608.95,0,0,102383.22,0,0,102383.22,0,0,102383.22,0,0,102383.22,0,0,102930.73,0,0,102383.22,0,0,102383.22,0,0,102383.22,0,0,102383.22,0,0,102383.22,0,0,102383.22,0,0,104608.95,0,0,105758.49,0,0,102383.22,0,0,102383.22,0,0,102930.73,0,0,102930.73,0,0,102383.22,0,0,102383.22,0,0,102383.22,0,0,102383.22,0,0,102383.22,0,0,240600.58,0,0,102383.22,0,0,102383.22,0,0,102383.22,0,0,105180.58,0,0,102930.73,0,0,105758.49,0,0,102383.22
0,0,0,2020-07-13,COVDIAB,0,0,0,0,0,0,0,0,0,0,0,0,0,0,0,0,0,0,0,0,0,0,0,0,0,0,0,0,0,0,0,0,0,0,0,0,0,0,0,0,0,0,0,0,0,0,0,0,0,0,102383.22,0,0,102383.22,0,0,102930.73,0,0,121056.89,0,0,104608.95,0,0,107530.98,0,0,102930.73,0,0,106933.59,0,0,106342.8,0,0,106342.8,0,0,102383.22,0,0,102383.22,0,0,102383.22,0,0,102383.22,0,0,102383.22,0,0,102383.22,0,0,104608.95,0,0,104608.95,0,0,102383.22,0,0,102383.22,0,0,102383.22,0,0,102383.22,0,0,102930.73,0,0,102383.22,0,0,102383.22,0,0,102383.22,0,0,102383.22,0,0,102383.22,0,0,102383.22,0,0,104608.95,0,0,105758.49,0,0,102383.22,0,0,102383.22,0,0,102930.73,0,0,102930.73,0,0,102383.22,0,0,102383.22,0,0,102383.22,0,0,102383.22,0,0,102383.22,0,0,240600.58,0,0,102383.22,0,0,102383.22,0,0,102383.22,0,0,105180.58,0,0,102930.73,0,0,105758.49,0,0,102383.22
0,0,0,2020-07-20,COVDIAB,0,0,0,0,0,0,0,0,0,0,0,0,0,0,0,0,0,0,0,0,0,0,0,0,0,0,0,0,0,0,0,0,0,0,0,0,0,0,0,0,0,0,0,0,0,0,0,0,0,0,102383.22,0,0,102383.22,0,0,102930.73,0,0,121056.89,0,0,104608.95,0,0,107530.98,0,0,102930.73,0,0,106933.59,0,0,106342.8,0,0,106342.8,0,0,102383.22,0,0,102383.22,0,0,102383.22,0,0,102383.22,0,0,102383.22,0,0,102383.22,0,0,104608.95,0,0,104608.95,0,0,102383.22,0,0,102383.22,0,0,102383.22,0,0,102383.22,0,0,102930.73,0,0,102383.22,0,0,102383.22,0,0,102383.22,0,0,102383.22,0,0,102383.22,0,0,102383.22,0,0,104608.95,0,0,105758.49,0,0,102383.22,0,0,102383.22,0,0,102930.73,0,0,102930.73,0,0,102383.22,0,0,102383.22,0,0,102383.22,0,0,102383.22,0,0,102383.22,0,0,240600.58,0,0,102383.22,0,0,102383.22,0,0,102383.22,0,0,105180.58,0,0,102930.73,0,0,105758.49,0,0,102383.22
0,0,0,2020-07-27,COVDIAB,0,0,0,0,0,0,0,0,0,0,0,0,0,0,0,0,0,0,0,0,0,0,0,0,0,0,0,0,0,0,0,0,0,0,0,0,0,0,0,0,0,0,0,0,0,0,0,0,0,0,102383.22,0,0,102383.22,0,0,102930.73,0,0,121056.89,0,0,104608.95,0,0,107530.98,0,0,102930.73,0,0,106933.59,0,0,106342.8,0,0,106342.8,0,0,102383.22,0,0,102383.22,0,0,102383.22,0,0,102383.22,0,0,102383.22,0,0,102383.22,0,0,104608.95,0,0,104608.95,0,0,102383.22,0,0,102383.22,0,0,102383.22,0,0,102383.22,0,0,102930.73,0,0,102383.22,0,0,102383.22,0,0,102383.22,0,0,102383.22,0,0,102383.22,0,0,102383.22,0,0,104608.95,0,0,105758.49,0,0,102383.22,0,0,102383.22,0,0,102930.73,0,0,102930.73,0,0,102383.22,0,0,102383.22,0,0,102383.22,0,0,102383.22,0,0,102383.22,0,0,240600.58,0,0,102383.22,0,0,102383.22,0,0,102383.22,0,0,105180.58,0,0,102930.73,0,0,105758.49,0,0,102383.22
0,0,0,2020-08-03,COVDIAB,0,0,0,0,0,0,0,0,0,0,0,0,0,0,0,0,1,1,0,0,0,0,0,0,0,0,0,0,0,0,0,0,0,0,0,0,0,0,0,0,0,0,0,0,0,0,0,0,0,0,102383.22,0,0,102383.22,0,0,102930.73,0,0,121056.89,0,0,104608.95,0,0,107530.98,0,0,102930.73,0,0,106933.59,0,0,106342.8,0,0,106342.8,0,0,102383.22,0,0,102383.22,0,0,102383.22,0,0,102383.22,0,0,102383.22,0,0,102383.22,28468.43,720.76,158615.96,28468.43,720.76,158615.96,0,0,102383.22,0,0,102383.22,0,0,102383.22,0,0,102383.22,0,0,102930.73,0,0,102383.22,0,0,102383.22,0,0,102383.22,0,0,102383.22,0,0,102383.22,0,0,102383.22,0,0,104608.95,0,0,105758.49,0,0,102383.22,0,0,102383.22,0,0,102930.73,0,0,102930.73,0,0,102383.22,0,0,102383.22,0,0,102383.22,0,0,102383.22,0,0,102383.22,0,0,240600.58,0,0,102383.22,0,0,102383.22,0,0,102383.22,0,0,105180.58,0,0,102930.73,0,0,105758.49,0,0,102383.22
0,0,0,2020-08-10,COVDIAB,0,0,0,0,0,0,0,0,0,0,0,0,0,0,0,0,0,0,0,0,0,0,0,0,0,0,0,0,0,0,0,0,0,0,0,0,0,0,0,0,0,0,0,0,0,0,0,0,0,0,102383.22,0,0,102383.22,0,0,102930.73,0,0,121056.89,0,0,104608.95,0,0,107530.98,0,0,102930.73,0,0,106933.59,0,0,106342.8,0,0,106342.8,0,0,102383.22,0,0,102383.22,0,0,102383.22,0,0,102383.22,0,0,102383.22,0,0,102383.22,0,0,105180.58,0,0,105180.58,0,0,102383.22,0,0,102383.22,0,0,102383.22,0,0,102383.22,0,0,102930.73,0,0,102383.22,0,0,102383.22,0,0,102383.22,0,0,102383.22,0,0,102383.22,0,0,102383.22,0,0,104608.95,0,0,105758.49,0,0,102383.22,0,0,102383.22,0,0,102930.73,0,0,102930.73,0,0,102383.22,0,0,102383.22,0,0,102383.22,0,0,102383.22,0,0,102383.22,0,0,240600.58,0,0,102383.22,0,0,102383.22,0,0,102383.22,0,0,105180.58,0,0,102930.73,0,0,105758.49,0,0,102383.22
0,0,0,2020-08-17,COVDIAB,0,0,0,0,0,0,0,0,0,0,0,0,0,0,0,0,0,0,0,0,0,0,0,0,0,0,0,0,0,0,0,0,0,0,0,0,0,1,0,0,0,0,0,0,0,0,0,0,0,0,102383.22,0,0,102383.22,0,0,102930.73,0,0,121056.89,0,0,104608.95,0,0,107530.98,0,0,102930.73,0,0,106933.59,0,0,106342.8,0,0,106342.8,0,0,102383.22,0,0,102383.22,0,0,102383.22,0,0,102383.22,0,0,102383.22,0,0,102383.22,0,0,105180.58,0,0,105180.58,0,0,102383.22,0,0,102383.22,0,0,102383.22,0,0,102383.22,0,0,102930.73,0,0,102383.22,0,0,102383.22,0,0,102383.22,0,0,102383.22,0,0,102383.22,0,0,102383.22,0,0,104608.95,0,0,105758.49,0,0,102383.22,0,0,102383.22,0,0,102930.73,0,0,102930.73,0,0,102383.22,0,0,102383.22,0,0,102383.22,0,0,102383.22,0,0,102383.22,65339.89,1654.26,364050.58,0,0,102383.22,0,0,102383.22,0,0,102383.22,0,0,105180.58,0,0,102930.73,0,0,105758.49,0,0,102383.22
0,0,0,2020-08-24,COVDIAB,0,0,0,0,0,0,0,0,0,0,0,0,0,0,0,0,0,0,0,0,0,0,0,0,0,0,0,0,0,0,0,0,0,0,0,0,0,0,0,0,0,0,0,0,0,0,0,0,0,0,102383.22,0,0,102383.22,0,0,102930.73,0,0,121056.89,0,0,104608.95,0,0,107530.98,0,0,102930.73,0,0,106933.59,0,0,106342.8,0,0,106342.8,0,0,102383.22,0,0,102383.22,0,0,102383.22,0,0,102383.22,0,0,102383.22,0,0,102383.22,0,0,105180.58,0,0,105180.58,0,0,102383.22,0,0,102383.22,0,0,102383.22,0,0,102383.22,0,0,102930.73,0,0,102383.22,0,0,102383.22,0,0,102383.22,0,0,102383.22,0,0,102383.22,0,0,102383.22,0,0,104608.95,0,0,105758.49,0,0,102383.22,0,0,102383.22,0,0,102930.73,0,0,102930.73,0,0,102383.22,0,0,102383.22,0,0,102383.22,0,0,102383.22,0,0,102383.22,0,0,243646.15,0,0,102383.22,0,0,102383.22,0,0,102383.22,0,0,105180.58,0,0,102930.73,0,0,105758.49,0,0,102383.22
0,0,0,2020-08-31,COVDIAB,0,0,0,0,0,0,0,0,0,0,0,0,0,0,0,0,0,0,0,0,0,0,0,0,0,0,0,0,0,0,0,0,0,0,0,0,0,0,0,0,0,0,0,0,0,0,0,0,0,0,102383.22,0,0,102383.22,0,0,102930.73,0,0,121056.89,0,0,104608.95,0,0,107530.98,0,0,102930.73,0,0,106933.59,0,0,106342.8,0,0,106342.8,0,0,102383.22,0,0,102383.22,0,0,102383.22,0,0,102383.22,0,0,102383.22,0,0,102383.22,0,0,105180.58,0,0,105180.58,0,0,102383.22,0,0,102383.22,0,0,102383.22,0,0,102383.22,0,0,102930.73,0,0,102383.22,0,0,102383.22,0,0,102383.22,0,0,102383.22,0,0,102383.22,0,0,102383.22,0,0,104608.95,0,0,105758.49,0,0,102383.22,0,0,102383.22,0,0,102930.73,0,0,102930.73,0,0,102383.22,0,0,102383.22,0,0,102383.22,0,0,102383.22,0,0,102383.22,0,0,243646.15,0,0,102383.22,0,0,102383.22,0,0,102383.22,0,0,105180.58,0,0,102930.73,0,0,105758.49,0,0,102383.22
0,0,0,2020-09-07,COVDIAB,0,0,0,0,0,0,0,0,0,0,0,0,0,0,0,0,0,0,0,0,0,0,0,0,0,0,0,0,0,0,0,0,0,0,0,0,0,0,0,0,0,0,0,0,0,0,0,0,0,0,102383.22,0,0,102383.22,0,0,102930.73,0,0,121056.89,0,0,104608.95,0,0,107530.98,0,0,102930.73,0,0,106933.59,0,0,106342.8,0,0,106342.8,0,0,102383.22,0,0,102383.22,0,0,102383.22,0,0,102383.22,0,0,102383.22,0,0,102383.22,0,0,105180.58,0,0,105180.58,0,0,102383.22,0,0,102383.22,0,0,102383.22,0,0,102383.22,0,0,102930.73,0,0,102383.22,0,0,102383.22,0,0,102383.22,0,0,102383.22,0,0,102383.22,0,0,102383.22,0,0,104608.95,0,0,105758.49,0,0,102383.22,0,0,102383.22,0,0,102930.73,0,0,102930.73,0,0,102383.22,0,0,102383.22,0,0,102383.22,0,0,102383.22,0,0,102383.22,0,0,243646.15,0,0,102383.22,0,0,102383.22,0,0,102383.22,0,0,105180.58,0,0,102930.73,0,0,105758.49,0,0,102383.22
0,0,0,2020-09-14,COVDIAB,0,0,0,0,0,0,0,0,0,0,0,0,0,0,0,0,0,0,0,0,0,0,0,0,0,0,0,0,0,0,0,0,0,0,0,0,0,1,0,0,0,0,0,0,0,0,0,0,0,0,102383.22,0,0,102383.22,0,0,102930.73,0,0,121056.89,0,0,104608.95,0,0,107530.98,0,0,102930.73,0,0,106933.59,0,0,106342.8,0,0,106342.8,0,0,102383.22,0,0,102383.22,0,0,102383.22,0,0,102383.22,0,0,102383.22,0,0,102383.22,0,0,105180.58,0,0,105180.58,0,0,102383.22,0,0,102383.22,0,0,102383.22,0,0,102383.22,0,0,102930.73,0,0,102383.22,0,0,102383.22,0,0,102383.22,0,0,102383.22,0,0,102383.22,0,0,102383.22,0,0,104608.95,0,0,105758.49,0,0,102383.22,0,0,102383.22,0,0,102930.73,0,0,102930.73,0,0,102383.22,0,0,102383.22,0,0,102383.22,0,0,102383.22,0,0,102383.22,66409.09,1681.33,370007.77,0,0,102383.22,0,0,102383.22,0,0,102383.22,0,0,105180.58,0,0,102930.73,0,0,105758.49,0,0,102383.22
0,0,0,2020-09-21,COVDIAB,0,0,0,0,0,0,0,0,0,0,0,0,0,0,0,0,0,0,0,0,0,0,0,0,0,0,0,0,0,0,0,0,0,0,0,0,0,0,0,0,0,0,0,0,0,0,0,0,0,0,102383.22,0,0,102383.22,0,0,102930.73,0,0,121056.89,0,0,104608.95,0,0,107530.98,0,0,102930.73,0,0,106933.59,0,0,106342.8,0,0,106342.8,0,0,102383.22,0,0,102383.22,0,0,102383.22,0,0,102383.22,0,0,102383.22,0,0,102383.22,0,0,105180.58,0,0,105180.58,0,0,102383.22,0,0,102383.22,0,0,102383.22,0,0,102383.22,0,0,102930.73,0,0,102383.22,0,0,102383.22,0,0,102383.22,0,0,102383.22,0,0,102383.22,0,0,102383.22,0,0,104608.95,0,0,105758.49,0,0,102383.22,0,0,102383.22,0,0,102930.73,0,0,102930.73,0,0,102383.22,0,0,102383.22,0,0,102383.22,0,0,102383.22,0,0,102383.22,0,0,246769.82,0,0,102383.22,0,0,102383.22,0,0,102383.22,0,0,105180.58,0,0,102930.73,0,0,105758.49,0,0,102383.22
0,0,0,2020-09-28,COVDIAB,0,0,0,0,0,0,0,0,0,0,0,0,0,0,0,0,0,0,0,0,0,0,0,0,0,0,0,0,0,0,0,0,0,0,0,0,0,0,0,0,1,0,0,0,0,0,0,0,0,0,102773.7,0,0,102773.7,0,0,103325.4,0,0,121603.18,0,0,105016.62,0,0,107961.8,0,0,103325.4,0,0,107359.62,0,0,106764.12,0,0,106764.12,0,0,102773.7,0,0,102773.7,0,0,102773.7,0,0,102773.7,0,0,102773.7,0,0,102773.7,0,0,105592.73,0,0,105592.73,0,0,102773.7,0,0,102773.7,0,0,102773.7,0,0,102773.7,0,0,103325.4,0,0,102773.7,0,0,102773.7,0,0,102773.7,0,0,102773.7,0,0,102773.7,0,0,102773.7,0,0,105016.62,0,0,106175.19,0,0,102773.7,0,0,102773.7,0,0,103325.4,0,0,103325.4,0,0,102773.7,0,0,102773.7,0,0,102773.7,0,0,102773.7,0,0,102773.7,0,0,246769.82,0,0,102773.7,0,0,102773.7,27860.41,705.36,155228.28,0,0,105592.73,0,0,103325.4,0,0,106175.19,0,0,102773.7
0,0,0,2020-10-05,COVDIAB,0,0,0,1,0,0,0,0,0,0,0,0,0,0,0,0,0,0,0,0,0,0,0,0,0,0,0,0,0,0,0,0,0,0,0,0,0,1,0,0,0,0,0,0,0,0,0,0,0,0,102930.73,0,0,102930.73,0,0,103484.12,33114.23,838.38,184500.7,0,0,105180.58,0,0,108135.09,0,0,103484.12,0,0,107530.98,0,0,106933.59,0,0,106933.59,0,0,102930.73,0,0,102930.73,0,0,102930.73,0,0,102930.73,0,0,102930.73,0,0,102930.73,0,0,105758.49,0,0,105758.49,0,0,102930.73,0,0,102930.73,0,0,102930.73,0,0,102930.73,0,0,103484.12,0,0,102930.73,0,0,102930.73,0,0,102930.73,0,0,102930.73,0,0,102930.73,0,0,102930.73,0,0,105180.58,0,0,106342.8,0,0,102930.73,0,0,102930.73,0,0,103484.12,0,0,103484.12,0,0,102930.73,0,0,102930.73,0,0,102930.73,0,0,102930.73,0,0,102930.73,67018.35,1696.76,373402.34,0,0,102930.73,0,0,102930.73,0,0,102930.73,0,0,105758.49,0,0,103484.12,0,0,106342.8,0,0,102930.73
0,0,0,2020-10-12,COVDIAB,0,0,0,0,0,0,0,0,0,0,0,0,0,0,0,0,0,0,0,0,0,0,0,0,0,0,0,0,0,0,0,0,0,0,0,0,0,0,0,0,0,0,0,0,0,0,0,0,0,0,102930.73,0,0,102930.73,0,0,103484.12,0,0,122599.02,0,0,105180.58,0,0,108135.09,0,0,103484.12,0,0,107530.98,0,0,106933.59,0,0,106933.59,0,0,102930.73,0,0,102930.73,0,0,102930.73,0,0,102930.73,0,0,102930.73,0,0,102930.73,0,0,105758.49,0,0,105758.49,0,0,102930.73,0,0,102930.73,0,0,102930.73,0,0,102930.73,0,0,103484.12,0,0,102930.73,0,0,102930.73,0,0,102930.73,0,0,102930.73,0,0,102930.73,0,0,102930.73,0,0,105180.58,0,0,106342.8,0,0,102930.73,0,0,102930.73,0,0,103484.12,0,0,103484.12,0,0,102930.73,0,0,102930.73,0,0,102930.73,0,0,102930.73,0,0,102930.73,0,0,249974.62,0,0,102930.73,0,0,102930.73,0,0,102930.73,0,0,105758.49,0,0,103484.12,0,0,106342.8,0,0,102930.73
0,0,0,2020-10-19,COVDIAB,0,0,0,0,0,0,0,0,0,0,0,0,0,0,0,0,0,0,0,0,0,0,0,0,0,0,0,0,0,0,0,0,0,0,0,0,0,0,0,0,0,0,0,0,0,0,0,0,0,0,102930.73,0,0,102930.73,0,0,103484.12,0,0,122599.02,0,0,105180.58,0,0,108135.09,0,0,103484.12,0,0,107530.98,0,0,106933.59,0,0,106933.59,0,0,102930.73,0,0,102930.73,0,0,102930.73,0,0,102930.73,0,0,102930.73,0,0,102930.73,0,0,105758.49,0,0,105758.49,0,0,102930.73,0,0,102930.73,0,0,102930.73,0,0,102930.73,0,0,103484.12,0,0,102930.73,0,0,102930.73,0,0,102930.73,0,0,102930.73,0,0,102930.73,0,0,102930.73,0,0,105180.58,0,0,106342.8,0,0,102930.73,0,0,102930.73,0,0,103484.12,0,0,103484.12,0,0,102930.73,0,0,102930.73,0,0,102930.73,0,0,102930.73,0,0,102930.73,0,0,249974.62,0,0,102930.73,0,0,102930.73,0,0,102930.73,0,0,105758.49,0,0,103484.12,0,0,106342.8,0,0,102930.73
0,0,0,2020-10-26,COVDIAB,0,0,0,0,0,0,0,0,0,0,0,0,0,0,0,0,0,0,0,0,0,0,0,0,0,0,0,0,0,0,0,0,0,0,0,0,0,0,0,0,0,0,0,0,0,0,0,0,0,0,102930.73,0,0,102930.73,0,0,103484.12,0,0,122599.02,0,0,105180.58,0,0,108135.09,0,0,103484.12,0,0,107530.98,0,0,106933.59,0,0,106933.59,0,0,102930.73,0,0,102930.73,0,0,102930.73,0,0,102930.73,0,0,102930.73,0,0,102930.73,0,0,105758.49,0,0,105758.49,0,0,102930.73,0,0,102930.73,0,0,102930.73,0,0,102930.73,0,0,103484.12,0,0,102930.73,0,0,102930.73,0,0,102930.73,0,0,102930.73,0,0,102930.73,0,0,102930.73,0,0,105180.58,0,0,106342.8,0,0,102930.73,0,0,102930.73,0,0,103484.12,0,0,103484.12,0,0,102930.73,0,0,102930.73,0,0,102930.73,0,0,102930.73,0,0,102930.73,0,0,249974.62,0,0,102930.73,0,0,102930.73,0,0,102930.73,0,0,105758.49,0,0,103484.12,0,0,106342.8,0,0,102930.73
0,0,0,2020-11-02,COVDIAB,0,0,0,0,0,0,0,0,0,0,0,0,0,0,0,0,0,0,0,0,0,0,0,0,0,0,0,0,0,0,0,0,0,0,0,0,0,2,0,0,0,0,0,0,0,0,0,0,0,0,102930.73,0,0,102930.73,0,0,103484.12,0,0,122599.02,0,0,105180.58,0,0,108135.09,0,0,103484.12,0,0,107530.98,0,0,106933.59,0,0,106933.59,0,0,102930.73,0,0,102930.73,0,0,102930.73,0,0,102930.73,0,0,102930.73,0,0,102930.73,0,0,105758.49,0,0,105758.49,0,0,102930.73,0,0,102930.73,0,0,102930.73,0,0,102930.73,0,0,103484.12,0,0,102930.73,0,0,102930.73,0,0,102930.73,0,0,102930.73,0,0,102930.73,0,0,102930.73,0,0,105180.58,0,0,106342.8,0,0,102930.73,0,0,102930.73,0,0,103484.12,0,0,103484.12,0,0,102930.73,0,0,102930.73,0,0,102930.73,0,0,102930.73,0,0,102930.73,136287.31,16505.03,492316.64,0,0,102930.73,0,0,102930.73,0,0,102930.73,0,0,105758.49,0,0,103484.12,0,0,106342.8,0,0,102930.73
0,0,0,2020-11-09,COVDIAB,0,0,0,0,0,0,0,0,0,0,0,0,0,0,0,0,0,0,0,0,0,0,0,0,0,0,0,0,0,0,0,0,0,0,0,0,0,1,0,0,0,0,0,0,0,0,0,0,0,0,102930.73,0,0,102930.73,0,0,103484.12,0,0,122599.02,0,0,105180.58,0,0,108135.09,0,0,103484.12,0,0,107530.98,0,0,106933.59,0,0,106933.59,0,0,102930.73,0,0,102930.73,0,0,102930.73,0,0,102930.73,0,0,102930.73,0,0,102930.73,0,0,105758.49,0,0,105758.49,0,0,102930.73,0,0,102930.73,0,0,102930.73,0,0,102930.73,0,0,103484.12,0,0,102930.73,0,0,102930.73,0,0,102930.73,0,0,102930.73,0,0,102930.73,0,0,102930.73,0,0,105180.58,0,0,106342.8,0,0,102930.73,0,0,102930.73,0,0,103484.12,0,0,103484.12,0,0,102930.73,0,0,102930.73,0,0,102930.73,0,0,102930.73,0,0,102930.73,70375.72,1781.76,392108.43,0,0,102930.73,0,0,102930.73,0,0,102930.73,0,0,105758.49,0,0,103484.12,0,0,106342.8,0,0,102930.73
0,0,0,2020-11-16,COVDIAB,0,0,0,0,0,0,0,0,0,0,0,0,0,0,0,0,0,0,0,0,0,0,0,0,0,0,0,0,0,0,0,0,0,0,0,0,0,3,0,0,0,0,0,0,0,0,0,0,0,0,102930.73,0,0,102930.73,0,0,103484.12,0,0,122599.02,0,0,105180.58,0,0,108135.09,0,0,103484.12,0,0,107530.98,0,0,106933.59,0,0,106933.59,0,0,102930.73,0,0,102930.73,0,0,102930.73,0,0,102930.73,0,0,102930.73,0,0,102930.73,0,0,105758.49,0,0,105758.49,0,0,102930.73,0,0,102930.73,0,0,102930.73,0,0,102930.73,0,0,103484.12,0,0,102930.73,0,0,102930.73,0,0,102930.73,0,0,102930.73,0,0,102930.73,0,0,102930.73,0,0,105180.58,0,0,106342.8,0,0,102930.73,0,0,102930.73,0,0,103484.12,0,0,103484.12,0,0,102930.73,0,0,102930.73,0,0,102930.73,0,0,102930.73,0,0,102930.73,214432.49,44221.13,626662.72,0,0,102930.73,0,0,102930.73,0,0,102930.73,0,0,105758.49,0,0,103484.12,0,0,106342.8,0,0,102930.73
0,0,0,2020-11-23,COVDIAB,0,0,0,0,0,0,0,0,0,0,0,0,0,0,0,0,0,0,0,0,0,0,0,0,0,0,0,0,0,0,0,0,0,0,0,0,0,2,0,0,0,0,0,0,0,0,0,0,0,0,103167.17,0,0,103167.17,0,0,103723.11,0,0,122934.6,0,0,105427.48,0,0,108396.08,0,0,103723.11,0,0,107789.06,0,0,107188.8,0,0,107188.8,0,0,103167.17,0,0,103167.17,0,0,103167.17,0,0,103167.17,0,0,103167.17,0,0,103167.17,0,0,106008.12,0,0,106008.12,0,0,103167.17,0,0,103167.17,0,0,103167.17,0,0,103167.17,0,0,103723.11,0,0,103167.17,0,0,103167.17,0,0,103167.17,0,0,103167.17,0,0,103167.17,0,0,103167.17,0,0,105427.48,0,0,106595.19,0,0,103167.17,0,0,103167.17,0,0,103723.11,0,0,103723.11,0,0,103167.17,0,0,103167.17,0,0,103167.17,0,0,103167.17,0,0,103167.17,149386.5,18091.4,539635.41,0,0,103167.17,0,0,103167.17,0,0,103167.17,0,0,106008.12,0,0,103723.11,0,0,106595.19,0,0,103167.17
0,0,0,2020-11-30,COVDIAB,0,0,0,0,0,0,0,0,0,0,0,0,0,0,0,0,0,0,0,0,0,0,0,0,0,0,0,0,0,0,0,0,0,0,0,0,0,2,0,0,0,0,0,0,0,0,0,0,0,0,103484.12,0,0,103484.12,0,0,104043.49,0,0,123384.91,0,0,105758.49,0,0,108746.02,0,0,104043.49,0,0,108135.09,0,0,107530.98,0,0,107530.98,0,0,103484.12,0,0,103484.12,0,0,103484.12,0,0,103484.12,0,0,103484.12,0,0,103484.12,0,0,106342.8,0,0,106342.8,0,0,103484.12,0,0,103484.12,0,0,103484.12,0,0,103484.12,0,0,104043.49,0,0,103484.12,0,0,103484.12,0,0,103484.12,0,0,103484.12,0,0,103484.12,0,0,103484.12,0,0,105758.49,0,0,106933.59,0,0,103484.12,0,0,103484.12,0,0,104043.49,0,0,104043.49,0,0,103484.12,0,0,103484.12,0,0,103484.12,0,0,103484.12,0,0,103484.12,153144.65,18546.53,553211.15,0,0,103484.12,0,0,103484.12,0,0,103484.12,0,0,106342.8,0,0,104043.49,0,0,106933.59,0,0,103484.12
0,0,0,2020-12-07,COVDIAB,0,0,0,0,0,0,0,0,0,0,0,0,0,0,0,0,0,0,0,0,0,0,0,0,0,0,0,0,0,0,0,0,0,0,0,0,0,2,0,0,0,0,0,0,0,0,0,0,0,0,103803.02,0,0,103803.02,0,0,104365.86,0,0,123838.53,0,0,106091.59,0,0,109098.24,0,0,104365.86,0,0,108483.35,0,0,107875.36,0,0,107875.36,0,0,103803.02,0,0,103803.02,0,0,103803.02,0,0,103803.02,0,0,103803.02,0,0,103803.02,0,0,106679.59,0,0,106679.59,0,0,103803.02,0,0,103803.02,0,0,103803.02,0,0,103803.02,0,0,104365.86,0,0,103803.02,0,0,103803.02,0,0,103803.02,0,0,103803.02,0,0,103803.02,0,0,103803.02,0,0,106091.59,0,0,107274.14,0,0,103803.02,0,0,103803.02,0,0,104365.86,0,0,104365.86,0,0,103803.02,0,0,103803.02,0,0,103803.02,0,0,103803.02,0,0,103803.02,159846.83,19358.19,577421.7,0,0,103803.02,0,0,103803.02,0,0,103803.02,0,0,106679.59,0,0,104365.86,0,0,107274.14,0,0,103803.02
0,0,0,2020-12-14,COVDIAB,0,0,0,0,0,0,0,0,0,0,0,0,0,0,0,0,0,0,0,0,0,0,0,0,0,0,0,0,0,0,0,0,0,0,0,0,0,0,0,0,1,0,0,0,0,0,0,0,0,0,104285.08,0,0,104285.08,0,0,104853.17,0,0,124180.94,0,0,106342.8,0,0,109363.9,0,0,104853.17,0,0,109009.97,0,0,108396.08,0,0,108396.08,0,0,104285.08,0,0,104285.08,0,0,104285.08,0,0,104285.08,0,0,104285.08,0,0,104285.08,0,0,106933.59,0,0,106933.59,0,0,104285.08,0,0,104285.08,0,0,104285.08,0,0,104285.08,0,0,104853.17,0,0,104285.08,0,0,104285.08,0,0,104285.08,0,0,104285.08,0,0,104285.08,0,0,104285.08,0,0,106595.19,0,0,107789.06,0,0,104285.08,0,0,104285.08,0,0,104853.17,0,0,104853.17,0,0,104285.08,0,0,104285.08,0,0,104285.08,0,0,104285.08,0,0,104285.08,0,0,300750.72,0,0,104285.08,0,0,104285.08,28270.12,715.74,157511.05,0,0,107188.8,0,0,104853.17,0,0,107789.06,0,0,104285.08
0,0,0,2020-12-21,COVDIAB,0,0,0,0,0,0,0,0,0,0,0,0,0,0,0,0,0,0,0,0,0,0,0,0,0,0,0,0,0,0,0,0,0,0,0,0,0,1,0,0,0,0,0,0,0,0,0,0,0,0,104608.95,0,0,104608.95,0,0,105180.58,0,0,124180.94,0,0,106342.8,0,0,109363.9,0,0,105180.58,0,0,109363.9,0,0,108746.02,0,0,108746.02,0,0,104608.95,0,0,104608.95,0,0,104608.95,0,0,104608.95,0,0,104608.95,0,0,104608.95,0,0,106933.59,0,0,106933.59,0,0,104608.95,0,0,104608.95,0,0,104608.95,0,0,104608.95,0,0,105180.58,0,0,104608.95,0,0,104608.95,0,0,104608.95,0,0,104608.95,0,0,104608.95,0,0,104608.95,0,0,106933.59,0,0,108135.09,0,0,104608.95,0,0,104608.95,0,0,105180.58,0,0,105180.58,0,0,104608.95,0,0,104608.95,0,0,104608.95,0,0,104608.95,0,0,104608.95,82635.75,2092.16,460416.91,0,0,104608.95,0,0,104608.95,0,0,104608.95,0,0,107530.98,0,0,105180.58,0,0,108135.09,0,0,104608.95
0,0,0,2020-12-28,COVDIAB,0,0,0,0,0,0,0,0,0,0,0,0,0,0,0,0,0,0,0,0,0,0,0,0,0,0,0,0,0,0,0,0,0,0,0,0,0,0,0,0,0,0,0,0,0,0,0,0,0,0,105098.54,0,0,105098.54,0,0,105675.55,0,0,124871.48,0,0,106848.79,0,0,109899.12,0,0,105675.55,0,0,109899.12,0,0,109275.2,0,0,109275.2,0,0,105098.54,0,0,105098.54,0,0,105098.54,0,0,105098.54,0,0,105098.54,0,0,105098.54,0,0,107445.23,0,0,107445.23,0,0,105098.54,0,0,105098.54,0,0,105098.54,0,0,105098.54,0,0,105675.55,0,0,105098.54,0,0,105098.54,0,0,105098.54,0,0,105098.54,0,0,105098.54,0,0,105098.54,0,0,107445.23,0,0,108658.32,0,0,105098.54,0,0,105098.54,0,0,105675.55,0,0,105675.55,0,0,105098.54,0,0,105098.54,0,0,105098.54,0,0,105098.54,0,0,105098.54,0,0,309738.67,0,0,105098.54,0,0,105098.54,0,0,105098.54,0,0,108048.37,0,0,105675.55,0,0,108658.32,0,0,105098.54
0,0,0,2021-01-04,COVDIAB,0,0,0,1,0,0,0,0,1,1,0,0,0,0,0,0,0,0,0,0,0,0,0,0,0,0,1,1,0,0,0,0,0,0,0,0,0,3,0,0,0,1,0,1,0,0,0,0,0,0,106258.93,0,0,106258.93,0,0,106848.79,34328.01,869.11,191263.42,0,0,108048.37,0,0,111168.58,0,0,106848.79,0,0,111168.58,29987.68,759.22,167080.69,29987.68,759.22,167080.69,0,0,106258.93,0,0,106258.93,0,0,106258.93,0,0,106258.93,0,0,106258.93,0,0,106258.93,0,0,108658.32,0,0,108658.32,0,0,106258.93,0,0,106258.93,0,0,106258.93,0,0,106258.93,0,0,106848.79,0,0,106258.93,0,0,106258.93,0,0,106258.93,0,0,106258.93,0,0,106258.93,0,0,106258.93,29479.42,746.35,164248.81,29816.33,754.88,166125.94,0,0,106258.93,0,0,106258.93,0,0,106848.79,0,0,106848.79,0,0,106258.93,0,0,106258.93,0,0,106258.93,0,0,106258.93,0,0,106258.93,265314.77,54714.28,775362.35,0,0,106258.93,0,0,106258.93,0,0,106258.93,29646.92,750.59,165182.04,0,0,106848.79,29816.33,754.88,166125.94,0,0,106258.93
0,0,0,2021-01-11,COVDIAB,0,0,0,0,0,0,0,0,0,0,0,0,0,0,0,0,0,0,0,0,0,0,0,0,0,0,0,0,0,0,0,0,0,0,0,0,0,5,0,0,0,0,0,0,0,0,0,0,0,0,107616.87,0,0,107616.87,0,0,108221.95,0,0,129305.49,0,0,109452.74,0,0,112655.79,0,0,108221.95,0,0,112655.79,0,0,112655.79,0,0,112655.79,0,0,107616.87,0,0,107616.87,0,0,107616.87,0,0,107616.87,0,0,107616.87,0,0,107616.87,0,0,110078.69,0,0,110078.69,0,0,107616.87,0,0,107616.87,0,0,107616.87,0,0,107616.87,0,0,108221.95,0,0,107616.87,0,0,107616.87,0,0,107616.87,0,0,107616.87,0,0,107616.87,0,0,107616.87,0,0,110711.85,0,0,112000.27,0,0,107616.87,0,0,107616.87,0,0,108221.95,0,0,108221.95,0,0,107616.87,0,0,107616.87,0,0,107616.87,0,0,107616.87,0,0,107616.87,480592.11,156046.95,1121541.66,0,0,107616.87,0,0,107616.87,0,0,107616.87,0,0,111352.33,0,0,108221.95,0,0,112000.27,0,0,107616.87
0,0,0,2021-01-18,COVDIAB,0,0,0,0,0,0,0,0,0,0,0,0,0,0,0,0,0,0,0,0,0,0,0,0,0,0,0,0,0,0,0,0,0,0,0,0,0,2,0,0,0,0,0,0,0,0,0,0,0,0,108483.35,0,0,108483.35,0,0,109098.24,0,0,130558.45,0,0,110349.16,0,0,113605.67,0,0,109098.24,0,0,113605.67,0,0,113605.67,0,0,113605.67,0,0,108483.35,0,0,108483.35,0,0,108483.35,0,0,108483.35,0,0,108483.35,0,0,108483.35,0,0,110985.44,0,0,110985.44,0,0,108483.35,0,0,108483.35,0,0,108483.35,0,0,108483.35,0,0,109098.24,0,0,108483.35,0,0,108483.35,0,0,108483.35,0,0,108483.35,0,0,108483.35,0,0,108483.35,0,0,111629.1,0,0,112939.08,0,0,108483.35,0,0,108483.35,0,0,109098.24,0,0,109098.24,0,0,108483.35,0,0,108483.35,0,0,108483.35,0,0,108483.35,0,0,108483.35,213596.49,25867.53,771583.97,0,0,108483.35,0,0,108483.35,0,0,108483.35,0,0,112280.27,0,0,109098.24,0,0,112939.08,0,0,108483.35
0,0,0,2021-01-25,COVDIAB,0,0,0,0,0,0,0,0,0,0,0,0,0,0,0,0,0,0,0,0,0,0,0,0,0,0,0,0,0,0,0,0,0,0,0,0,0,0,0,0,0,0,0,0,0,0,0,0,0,0,109363.9,0,0,109363.9,0,0,109988.83,0,0,131835.93,0,0,111260.38,0,0,114571.7,0,0,109988.83,0,0,114571.7,0,0,114571.7,0,0,114571.7,0,0,109363.9,0,0,109363.9,0,0,109363.9,0,0,109363.9,0,0,109363.9,0,0,109363.9,0,0,111907.24,0,0,111907.24,0,0,109363.9,0,0,109363.9,0,0,109363.9,0,0,109363.9,0,0,109988.83,0,0,109363.9,0,0,109363.9,0,0,109363.9,0,0,109363.9,0,0,109363.9,0,0,109363.9,0,0,112561.67,0,0,113893.76,0,0,109363.9,0,0,109363.9,0,0,109988.83,0,0,109988.83,0,0,109363.9,0,0,109363.9,0,0,109363.9,0,0,109363.9,0,0,109363.9,0,0,401000.96,0,0,109363.9,0,0,109363.9,0,0,109363.9,0,0,113223.8,0,0,109988.83,0,0,113893.76,0,0,109363.9
0,0,0,2021-02-01,COVDIAB,0,0,0,0,0,0,0,0,0,0,0,0,0,0,0,0,0,0,0,0,0,0,0,0,0,0,0,0,0,0,0,0,0,0,0,0,0,0,0,0,0,0,0,0,0,0,0,0,0,0,109988.83,0,0,109988.83,0,0,110258.86,0,0,131835.93,0,0,111907.24,0,0,114962.73,0,0,110620.95,0,0,114864.72,0,0,114962.73,0,0,114962.73,0,0,109988.83,0,0,109988.83,0,0,109988.83,0,0,109988.83,0,0,109988.83,0,0,109988.83,0,0,112186.78,0,0,112186.78,0,0,109988.83,0,0,109988.83,0,0,109988.83,0,0,109988.83,0,0,110620.95,0,0,109988.83,0,0,109988.83,0,0,109988.83,0,0,109988.83,0,0,109988.83,0,0,109988.83,0,0,112939.08,0,0,114280.17,0,0,109988.83,0,0,109988.83,0,0,110620.95,0,0,110620.95,0,0,109988.83,0,0,109988.83,0,0,109988.83,0,0,109988.83,0,0,109988.83,0,0,401000.96,0,0,109988.83,0,0,109988.83,0,0,109988.83,0,0,113605.67,0,0,110620.95,0,0,114280.17,0,0,109988.83
0,0,0,2021-02-08,COVDIAB,0,0,0,1,0,0,0,0,0,0,0,0,0,0,0,0,0,0,0,0,0,0,0,0,0,0,0,0,0,0,0,0,0,0,0,0,0,2,0,0,0,0,0,0,0,0,0,0,0,0,110620.95,0,0,110620.95,0,0,110620.95,35879.17,908.38,199905.97,0,0,112561.67,0,0,115257.76,0,0,111260.38,0,0,115257.76,0,0,115257.76,0,0,115257.76,0,0,110620.95,0,0,110620.95,0,0,110620.95,0,0,110620.95,0,0,110620.95,0,0,110620.95,0,0,112561.67,0,0,112561.67,0,0,110620.95,0,0,110620.95,0,0,110620.95,0,0,110620.95,0,0,111260.38,0,0,110620.95,0,0,110620.95,0,0,110620.95,0,0,110620.95,0,0,110620.95,0,0,110620.95,0,0,113223.8,0,0,114571.7,0,0,110620.95,0,0,110620.95,0,0,111260.38,0,0,111260.38,0,0,110620.95,0,0,110620.95,0,0,110620.95,0,0,110620.95,0,0,110620.95,224079.75,27137.1,809453.12,0,0,110620.95,0,0,110620.95,0,0,110620.95,0,0,113893.76,0,0,111260.38,0,0,114571.7,0,0,110620.95
0,0,0,2021-02-15,COVDIAB,0,0,0,1,0,0,1,1,0,0,0,0,0,0,0,0,0,0,0,0,0,0,0,0,0,0,0,0,0,0,0,0,0,0,0,0,0,0,0,0,0,1,0,1,0,0,0,0,0,0,110620.95,0,0,110620.95,0,0,110620.95,36127.6,914.67,201290.08,0,0,112561.67,0,0,115257.76,30260.98,766.14,168603.38,31351.93,793.76,174681.78,0,0,115257.76,0,0,115257.76,0,0,110620.95,0,0,110620.95,0,0,110620.95,0,0,110620.95,0,0,110620.95,0,0,110620.95,0,0,112561.67,0,0,112561.67,0,0,110620.95,0,0,110620.95,0,0,110620.95,0,0,110620.95,0,0,111260.38,0,0,110620.95,0,0,110620.95,0,0,110620.95,0,0,110620.95,0,0,110620.95,0,0,110620.95,0,0,113223.8,0,0,114571.7,0,0,110620.95,0,0,110620.95,0,0,111260.38,0,0,111260.38,0,0,110620.95,0,0,110620.95,0,0,110620.95,0,0,110620.95,0,0,110620.95,0,0,418435.78,0,0,110620.95,0,0,110620.95,0,0,110620.95,30979.64,784.34,172607.53,0,0,111260.38,31164.68,789.02,173638.46,0,0,110620.95
0,0,0,2021-02-22,COVDIAB,0,0,0,0,0,0,0,0,0,0,0,0,0,0,0,0,0,0,0,0,0,0,0,0,0,0,0,0,0,0,0,0,0,0,0,0,0,1,0,0,0,0,0,0,0,0,0,0,0,0,111352.33,0,0,111352.33,0,0,111352.33,0,0,134736.32,0,0,113319.03,0,0,116051.96,0,0,112655.79,0,0,116755.91,0,0,116051.96,0,0,116051.96,0,0,111352.33,0,0,111352.33,0,0,111352.33,0,0,111352.33,0,0,111352.33,0,0,111352.33,0,0,113319.03,0,0,113319.03,0,0,111352.33,0,0,111352.33,0,0,111352.33,0,0,111352.33,0,0,112000.27,0,0,111352.33,0,0,111352.33,0,0,111352.33,0,0,111352.33,0,0,111352.33,0,0,111352.33,0,0,113990.12,0,0,115356.44,0,0,111352.33,0,0,111352.33,0,0,112000.27,0,0,112000.27,0,0,111352.33,0,0,111352.33,0,0,111352.33,0,0,111352.33,0,0,111352.33,115220.82,2917.14,641969.32,0,0,111352.33,0,0,111352.33,0,0,111352.33,0,0,115356.44,0,0,112000.27,0,0,116051.96,0,0,111352.33
0,0,0,2021-03-01,COVDIAB,0,0,0,2,0,0,0,1,1,1,0,0,0,0,0,0,0,0,0,0,0,0,0,0,0,0,0,0,0,0,0,0,0,0,0,0,0,1,0,0,0,0,0,0,0,0,0,0,0,0,114183.32,0,0,114183.32,0,0,114183.32,75231.72,9110.91,271762.84,0,0,115554.31,0,0,118397.47,0,0,115554.31,32553.48,824.18,181376.36,32351.64,819.07,180251.79,32351.64,819.07,180251.79,0,0,114183.32,0,0,114183.32,0,0,114183.32,0,0,114183.32,0,0,114183.32,0,0,114183.32,0,0,116252.22,0,0,116252.22,0,0,114183.32,0,0,114183.32,0,0,114183.32,0,0,114183.32,0,0,114864.72,0,0,114183.32,0,0,114183.32,0,0,114183.32,0,0,114183.32,0,0,114183.32,0,0,114183.32,0,0,116958.61,0,0,118397.47,0,0,114183.32,0,0,114183.32,0,0,114864.72,0,0,114864.72,0,0,114183.32,0,0,114183.32,0,0,114183.32,0,0,114183.32,0,0,114183.32,122567.11,3103.13,682900.25,0,0,114183.32,0,0,114183.32,0,0,114183.32,0,0,118397.47,0,0,114864.72,0,0,119130.26,0,0,114183.32
0,0,0,2021-03-08,COVDIAB,0,0,0,1,0,0,0,0,0,0,0,0,0,0,0,0,0,0,0,0,0,0,0,0,0,0,0,0,0,0,0,0,0,0,0,0,0,2,0,0,0,0,0,0,0,0,0,0,0,0,118086.17,0,0,118086.17,0,0,118086.17,39657.98,1004.05,220960.12,0,0,119235.68,0,0,121933.32,0,0,119553.08,0,0,124640.45,0,0,123384.91,0,0,123384.91,0,0,118086.17,0,0,118086.17,0,0,118086.17,0,0,118086.17,0,0,118086.17,0,0,118086.17,0,0,119978.92,0,0,119978.92,0,0,118086.17,0,0,118086.17,0,0,118086.17,0,0,118086.17,0,0,118815.1,0,0,118086.17,0,0,118086.17,0,0,118086.17,0,0,118086.17,0,0,118086.17,0,0,118086.17,0,0,121056.89,0,0,122599.02,0,0,118086.17,0,0,118086.17,0,0,118815.1,0,0,118815.1,0,0,118086.17,0,0,118086.17,0,0,118086.17,0,0,118086.17,0,0,118086.17,259042.55,31371.25,935750.77,0,0,118086.17,0,0,118086.17,0,0,118086.17,0,0,122599.02,0,0,118815.1,0,0,123384.91,0,0,118086.17
0,0,0,2021-03-15,COVDIAB,0,0,0,0,0,0,0,0,0,0,0,0,0,0,0,0,0,0,0,0,0,0,0,0,0,0,0,0,0,0,0,0,0,0,0,0,0,1,0,0,0,0,0,0,0,0,0,0,0,0,123498,0,0,123498,0,0,123498,0,0,151049.69,0,0,124295.5,0,0,126751.01,0,0,125103.36,0,0,130180.02,0,0,128442.63,0,0,128442.63,0,0,123498,0,0,123498,0,0,123498,0,0,123498,0,0,123498,0,0,123498,0,0,125103.36,0,0,125103.36,0,0,123498,0,0,123498,0,0,123498,0,0,123498,0,0,124295.5,0,0,123498,0,0,123498,0,0,123498,0,0,123498,0,0,123498,0,0,123498,0,0,125921.8,0,0,127591.21,0,0,123498,0,0,123498,0,0,124295.5,0,0,124295.5,0,0,123498,0,0,123498,0,0,123498,0,0,123498,0,0,123498,149692.62,3789.89,834033.91,0,0,123498,0,0,123498,0,0,123498,0,0,127591.21,0,0,124295.5,0,0,128442.63,0,0,123498
0,0,0,2021-03-22,COVDIAB,0,0,0,0,0,0,0,0,0,0,0,0,0,0,0,0,0,0,0,0,0,0,0,0,0,0,0,0,0,0,0,0,0,0,0,0,0,0,0,0,0,0,0,0,0,0,0,0,0,0,128442.63,0,0,128442.63,0,0,128442.63,0,0,157035.34,0,0,129305.49,0,0,131965.06,0,0,130180.02,0,0,135686.12,0,0,133799.72,0,0,133799.72,0,0,128442.63,0,0,128442.63,0,0,128442.63,0,0,128442.63,0,0,128442.63,0,0,128442.63,0,0,130180.02,0,0,130180.02,0,0,128442.63,0,0,128442.63,0,0,128442.63,0,0,128442.63,0,0,129305.49,0,0,128442.63,0,0,128442.63,0,0,128442.63,0,0,128442.63,0,0,128442.63,0,0,128442.63,0,0,131066.46,0,0,132876.06,0,0,128442.63,0,0,128442.63,0,0,129305.49,0,0,129305.49,0,0,128442.63,0,0,128442.63,0,0,128442.63,0,0,128442.63,0,0,128442.63,0,0,593552.08,0,0,128442.63,0,0,128442.63,0,0,128442.63,0,0,132876.06,0,0,129305.49,0,0,133799.72,0,0,128442.63
0,0,0,2021-03-29,COVDIAB,0,0,0,0,1,1,0,0,0,0,0,0,0,0,0,0,0,0,0,0,0,0,0,0,0,0,0,0,0,0,0,0,0,0,0,0,0,0,0,0,0,0,0,0,0,0,0,0,0,0,139913.11,0,0,139913.11,0,0,139913.11,0,0,173405.82,38246.07,968.31,213093.48,39106,990.08,217884.66,0,0,141977.16,0,0,148551.62,0,0,146293.51,0,0,146293.51,0,0,139913.11,0,0,139913.11,0,0,139913.11,0,0,139913.11,0,0,139913.11,0,0,139913.11,0,0,141827.71,0,0,141827.71,0,0,139913.11,0,0,139913.11,0,0,139913.11,0,0,139913.11,0,0,140937.58,0,0,139913.11,0,0,139913.11,0,0,139913.11,0,0,139913.11,0,0,139913.11,0,0,139913.11,0,0,142880.51,0,0,145033.72,0,0,139913.11,0,0,139913.11,0,0,140937.58,0,0,140937.58,0,0,139913.11,0,0,139913.11,0,0,139913.11,0,0,139913.11,0,0,139913.11,0,0,670329.96,0,0,139913.11,0,0,139913.11,0,0,139913.11,0,0,145033.72,0,0,140937.58,0,0,146134.84,0,0,139913.11
0,0,0,2021-04-05,COVDIAB,0,0,0,0,0,0,0,0,0,0,0,0,0,0,0,0,0,0,0,0,0,0,0,0,0,0,0,0,0,0,0,0,0,0,0,0,0,0,0,0,0,0,0,0,0,0,0,0,0,0,162725.03,0,0,162725.03,0,0,162725.03,0,0,198141.65,0,0,165523.74,0,0,169907.09,0,0,165523.74,0,0,171420.26,0,0,170121.62,0,0,170121.62,0,0,162725.03,0,0,162725.03,0,0,162725.03,0,0,162725.03,0,0,162725.03,0,0,162725.03,0,0,164112.45,0,0,164112.45,0,0,162725.03,0,0,162725.03,0,0,162725.03,0,0,162725.03,0,0,164112.45,0,0,162725.03,0,0,162725.03,0,0,162725.03,0,0,162725.03,0,0,162725.03,0,0,162725.03,0,0,164915.94,0,0,167791.19,0,0,162725.03,0,0,162725.03,0,0,164112.45,0,0,164112.45,0,0,162725.03,0,0,162725.03,0,0,162725.03,0,0,162725.03,0,0,162725.03,0,0,816583.77,0,0,162725.03,0,0,162725.03,0,0,162725.03,0,0,167791.19,0,0,164112.45,0,0,169266.74,0,0,162725.03
0,0,0,2021-04-12,COVDIAB,0,0,0,0,0,0,0,0,0,0,0,0,0,0,0,0,0,0,0,0,0,0,0,0,0,0,0,0,0,0,0,0,0,0,0,0,0,1,0,0,0,0,0,0,0,0,0,0,0,0,188179.22,0,0,188179.22,0,0,188179.22,0,0,227595.14,0,0,190574.71,0,0,195837.68,0,0,190574.71,0,0,194987.44,0,0,196408.63,0,0,196408.63,0,0,188179.22,0,0,188179.22,0,0,188179.22,0,0,188179.22,0,0,188179.22,0,0,188179.22,0,0,190037.13,0,0,190037.13,0,0,188179.22,0,0,188179.22,0,0,188179.22,0,0,188179.22,0,0,190037.13,0,0,188179.22,0,0,188179.22,0,0,188179.22,0,0,188179.22,0,0,188179.22,0,0,188179.22,0,0,190037.13,0,0,193865.21,0,0,188179.22,0,0,188179.22,0,0,189502.56,0,0,189502.56,0,0,188179.22,0,0,188179.22,0,0,188179.22,0,0,188179.22,0,0,188179.22,253645.83,6421.76,1413224.13,0,0,188179.22,0,0,188179.22,0,0,188179.22,0,0,192480.46,0,0,189502.56,0,0,193865.21,0,0,188179.22
0,0,0,2021-04-19,COVDIAB,0,0,0,0,0,0,0,0,0,0,0,0,0,0,0,0,0,0,0,0,0,0,0,0,0,0,0,0,0,0,0,0,0,0,0,0,0,0,0,0,0,0,0,0,0,0,0,0,0,0,213528.24,0,0,213528.24,0,0,213528.24,0,0,255182.43,0,0,215923.59,0,0,219798.24,0,0,215923.59,0,0,220157.39,0,0,223443.32,0,0,223443.32,0,0,213528.24,0,0,213528.24,0,0,213528.24,0,0,213528.24,0,0,213528.24,0,0,213528.24,0,0,215923.59,0,0,215923.59,0,0,213528.24,0,0,213528.24,0,0,213528.24,0,0,213528.24,0,0,214890.47,0,0,213528.24,0,0,213528.24,0,0,213528.24,0,0,213528.24,0,0,213528.24,0,0,213528.24,0,0,215233.74,0,0,220157.39,0,0,213528.24,0,0,213528.24,0,0,213528.24,0,0,213528.24,0,0,213528.24,0,0,213528.24,0,0,213528.24,0,0,213528.24,0,0,213528.24,0,0,1036433.25,0,0,213528.24,0,0,213528.24,0,0,213528.24,0,0,217667.73,0,0,213528.24,0,0,217667.73,0,0,213528.24
0,0,0,2021-04-26,COVDIAB,0,0,0,0,0,0,0,0,0,0,0,0,0,0,0,0,0,0,0,0,0,0,0,0,0,0,0,0,0,0,0,0,0,0,0,0,0,0,0,0,0,0,0,0,0,0,0,0,0,0,244087.54,0,0,244087.54,0,0,244087.54,0,0,287898.12,0,0,244087.54,0,0,247222.61,0,0,247222.61,0,0,247222.61,0,0,253740.72,0,0,253740.72,0,0,244087.54,0,0,244087.54,0,0,244087.54,0,0,244087.54,0,0,244087.54,0,0,244087.54,0,0,247222.61,0,0,247222.61,0,0,244087.54,0,0,244087.54,0,0,244087.54,0,0,244087.54,0,0,244087.54,0,0,244087.54,0,0,244087.54,0,0,244087.54,0,0,244087.54,0,0,244087.54,0,0,244087.54,0,0,244087.54,0,0,247222.61,0,0,244087.54,0,0,244087.54,0,0,244087.54,0,0,244087.54,0,0,244087.54,0,0,244087.54,0,0,244087.54,0,0,244087.54,0,0,244087.54,0,0,1069335.89,0,0,244087.54,0,0,244087.54,0,0,244087.54,0,0,247222.61,0,0,244087.54,0,0,247222.61,0,0,244087.54
0,0,0,2021-05-03,COVDIAB,0,0,0,0,0,0,0,0,0,0,0,0,0,0,0,0,0,0,0,0,0,0,0,0,0,0,0,0,0,0,0,0,0,0,0,0,0,1,0,0,0,0,0,0,0,0,0,0,0,0,282466.08,0,0,282466.08,0,0,282466.08,0,0,342840.51,0,0,282466.08,0,0,286673.03,0,0,286673.03,0,0,286673.03,0,0,295474.39,0,0,295474.39,0,0,282466.08,0,0,282466.08,0,0,282466.08,0,0,282466.08,0,0,282466.08,0,0,282466.08,0,0,286673.03,0,0,286673.03,0,0,282466.08,0,0,282466.08,0,0,282466.08,0,0,282466.08,0,0,282466.08,0,0,282466.08,0,0,282466.08,0,0,282466.08,0,0,282466.08,0,0,282466.08,0,0,282466.08,0,0,282466.08,0,0,286673.03,0,0,282466.08,0,0,282466.08,0,0,282466.08,0,0,282466.08,0,0,282466.08,0,0,282466.08,0,0,282466.08,0,0,282466.08,0,0,282466.08,299385.25,7579.78,1668067.83,0,0,282466.08,0,0,282466.08,0,0,282466.08,0,0,286673.03,0,0,282466.08,0,0,286673.03,0,0,282466.08
0,0,0,2021-05-10,COVDIAB,0,0,0,1,0,0,0,0,0,0,0,0,0,0,0,0,1,1,0,0,0,0,0,0,0,0,0,0,0,0,0,0,0,0,0,0,0,0,0,0,0,0,0,0,0,1,1,0,0,0,354569.27,0,0,354569.27,0,0,354569.27,117822.58,2983.01,656465.4,0,0,354569.27,0,0,361223.38,0,0,361223.38,0,0,361223.38,0,0,375310.09,0,0,375310.09,0,0,354569.27,0,0,354569.27,0,0,354569.27,0,0,354569.27,0,0,354569.27,0,0,354569.27,98983.74,2506.05,551502.1,98983.74,2506.05,551502.1,97400,2465.95,542678.07,97400,2465.95,542678.07,0,0,354569.27,0,0,354569.27,0,0,354569.27,0,0,354569.27,0,0,354569.27,0,0,354569.27,0,0,354569.27,0,0,354569.27,0,0,354569.27,0,0,354569.27,0,0,361223.38,0,0,354569.27,0,0,354569.27,0,0,354569.27,0,0,354569.27,0,0,354569.27,0,0,354569.27,0,0,354569.27,0,0,354569.27,0,0,354569.27,0,0,1389034.25,0,0,354569.27,0,0,354569.27,0,0,354569.27,0,0,361223.38,0,0,354569.27,0,0,361223.38,0,0,354569.27
0,0,0,2021-05-17,COVDIAB,0,0,0,0,0,0,0,0,0,0,0,0,0,0,0,0,0,0,0,0,0,0,0,0,0,0,0,0,0,0,0,0,0,0,0,0,0,0,0,0,0,0,0,0,0,0,0,0,0,0,413301.6,0,0,413301.6,0,0,413301.6,0,0,512305.41,0,0,413301.6,0,0,422370.92,0,0,422370.92,0,0,422370.92,0,0,441758.43,0,0,441758.43,0,0,413301.6,0,0,413301.6,0,0,413301.6,0,0,413301.6,0,0,413301.6,0,0,413301.6,0,0,431847.19,0,0,431847.19,0,0,422370.92,0,0,422370.92,0,0,413301.6,0,0,413301.6,0,0,413301.6,0,0,413301.6,0,0,413301.6,0,0,413301.6,0,0,413301.6,0,0,413301.6,0,0,413301.6,0,0,413301.6,0,0,422370.92,0,0,413301.6,0,0,413301.6,0,0,413301.6,0,0,413301.6,0,0,413301.6,0,0,413301.6,0,0,413301.6,0,0,413301.6,0,0,413301.6,0,0,1513891.26,0,0,413301.6,0,0,413301.6,0,0,413301.6,0,0,422370.92,0,0,413301.6,0,0,422370.92,0,0,413301.6
0,0,0,2021-05-24,COVDIAB,0,0,0,0,0,0,0,0,0,0,0,0,0,0,0,0,0,0,0,0,0,0,0,0,0,0,0,0,0,0,0,0,0,0,0,0,0,0,0,0,0,0,0,0,0,0,0,0,0,0,476100.08,0,0,476100.08,0,0,476100.08,0,0,612437.83,0,0,476100.08,0,0,488175.08,0,0,488175.08,0,0,488175.08,0,0,514260.77,0,0,514260.77,0,0,476100.08,0,0,476100.08,0,0,476100.08,0,0,476100.08,0,0,476100.08,0,0,476100.08,0,0,500878.52,0,0,500878.52,0,0,488175.08,0,0,488175.08,0,0,476100.08,0,0,476100.08,0,0,476100.08,0,0,476100.08,0,0,476100.08,0,0,476100.08,0,0,476100.08,0,0,476100.08,0,0,476100.08,0,0,476100.08,0,0,488175.08,0,0,476100.08,0,0,476100.08,0,0,476100.08,0,0,476100.08,0,0,476100.08,0,0,476100.08,0,0,476100.08,0,0,476100.08,0,0,476100.08,0,0,1924804.6,0,0,476100.08,0,0,476100.08,0,0,476100.08,0,0,488175.08,0,0,476100.08,0,0,488175.08,0,0,476100.08
0,0,0,2021-05-31,COVDIAB,0,0,0,0,0,0,0,1,0,0,0,0,0,0,0,0,0,0,0,0,0,0,0,0,0,0,0,0,0,0,0,0,0,0,0,0,0,0,0,0,1,0,0,0,0,0,0,0,0,0,538945.29,0,0,538945.29,0,0,538945.29,0,0,712890.59,0,0,538945.29,0,0,554470.46,0,0,554470.46,154113.92,3901.83,858667.83,0,0,573346.05,0,0,573346.05,0,0,538945.29,0,0,538945.29,0,0,538945.29,0,0,538945.29,0,0,538945.29,0,0,538945.29,0,0,570916.62,0,0,570916.62,0,0,554470.46,0,0,554470.46,0,0,538945.29,0,0,538945.29,0,0,538945.29,0,0,538945.29,0,0,538945.29,0,0,538945.29,0,0,538945.29,0,0,538945.29,0,0,538945.29,0,0,538945.29,0,0,554470.46,0,0,538945.29,0,0,538945.29,0,0,538945.29,0,0,538945.29,0,0,538945.29,0,0,538945.29,0,0,538945.29,0,0,538945.29,0,0,538945.29,0,0,2138671.78,0,0,538945.29,0,0,538945.29,146100,3698.93,814017.1,0,0,554470.46,0,0,538945.29,0,0,554470.46,0,0,538945.29
0,0,0,2021-06-07,COVDIAB,0,0,0,0,0,0,0,0,0,0,0,0,0,0,0,0,0,0,0,0,0,0,0,0,0,0,0,0,0,0,0,0,0,0,0,0,0,0,0,0,0,0,0,0,0,0,0,0,0,0,657250.35,0,0,657250.35,0,0,657250.35,0,0,904270.62,0,0,657250.35,0,0,680486.48,0,0,680486.48,0,0,705425.77,0,0,705425.77,0,0,705425.77,0,0,657250.35,0,0,657250.35,0,0,657250.35,0,0,657250.35,0,0,657250.35,0,0,657250.35,0,0,705425.77,0,0,705425.77,0,0,670329.96,0,0,670329.96,0,0,657250.35,0,0,657250.35,0,0,657250.35,0,0,657250.35,0,0,657250.35,0,0,657250.35,0,0,657250.35,0,0,657250.35,0,0,657250.35,0,0,657250.35,0,0,680486.48,0,0,657250.35,0,0,657250.35,0,0,657250.35,0,0,657250.35,0,0,657250.35,0,0,657250.35,0,0,657250.35,0,0,657250.35,0,0,657250.35,0,0,2495117.08,0,0,657250.35,0,0,657250.35,0,0,657250.35,0,0,680486.48,0,0,657250.35,0,0,680486.48,0,0,657250.35
0,0,0,2021-06-14,COVDIAB,0,0,0,0,0,0,0,0,0,0,0,0,0,0,0,0,0,0,0,0,0,0,0,0,0,0,0,0,0,0,0,0,0,0,0,0,0,0,0,0,0,0,0,0,0,0,0,0,0,0,778822.67,0,0,778822.67,0,0,778822.67,0,0,1151592.5,0,0,778822.67,0,0,811664.59,0,0,811664.59,0,0,811664.59,0,0,847398.25,0,0,847398.25,0,0,778822.67,0,0,778822.67,0,0,778822.67,0,0,778822.67,0,0,778822.67,0,0,778822.67,0,0,847398.25,0,0,847398.25,0,0,778822.67,0,0,778822.67,0,0,778822.67,0,0,778822.67,0,0,778822.67,0,0,778822.67,0,0,778822.67,0,0,778822.67,0,0,778822.67,0,0,778822.67,0,0,778822.67,0,0,778822.67,0,0,811664.59,0,0,778822.67,0,0,778822.67,0,0,778822.67,0,0,778822.67,0,0,778822.67,0,0,778822.67,0,0,778822.67,0,0,778822.67,0,0,778822.67,0,0,2866730.26,0,0,778822.67,0,0,778822.67,0,0,778822.67,0,0,811664.59,0,0,778822.67,0,0,811664.59,0,0,778822.67
0,0,0,2021-06-21,COVDIAB,0,0,0,0,0,0,0,0,0,0,0,0,0,0,0,0,0,0,0,0,0,0,0,0,0,0,0,0,0,0,0,0,0,0,0,0,0,0,0,0,0,0,0,0,0,0,0,0,0,0,831705.69,0,0,831705.69,0,0,831705.69,0,0,1247558.54,0,0,831705.69,0,0,858193.13,0,0,869266.59,0,0,869266.59,0,0,910380.55,0,0,910380.55,0,0,831705.69,0,0,831705.69,0,0,831705.69,0,0,831705.69,0,0,831705.69,0,0,831705.69,0,0,910380.55,0,0,910380.55,0,0,831705.69,0,0,831705.69,0,0,831705.69,0,0,831705.69,0,0,831705.69,0,0,831705.69,0,0,831705.69,0,0,831705.69,0,0,831705.69,0,0,831705.69,0,0,831705.69,0,0,831705.69,0,0,858193.13,0,0,831705.69,0,0,831705.69,0,0,831705.69,0,0,831705.69,0,0,831705.69,0,0,831705.69,0,0,831705.69,0,0,831705.69,0,0,831705.69,0,0,3208007.67,0,0,831705.69,0,0,831705.69,0,0,831705.69,0,0,869266.59,0,0,831705.69,0,0,869266.59,0,0,831705.69
0,0,0,2021-06-28,COVDIAB,0,0,0,0,0,0,0,0,0,0,0,0,0,0,0,0,0,0,0,0,0,0,0,0,0,0,0,0,0,0,0,0,0,0,0,0,0,0,0,0,0,0,0,0,0,0,0,0,0,0,2041459.43,0,0,2041459.43,0,0,2041459.43,0,0,2994140.49,0,0,2041459.43,0,0,2041459.43,0,0,2138671.78,0,0,2138671.78,0,0,2245605.37,0,0,2245605.37,0,0,2041459.43,0,0,2041459.43,0,0,2041459.43,0,0,2041459.43,0,0,2041459.43,0,0,2041459.43,0,0,2245605.37,0,0,2245605.37,0,0,2041459.43,0,0,2041459.43,0,0,2041459.43,0,0,2041459.43,0,0,2041459.43,0,0,2041459.43,0,0,2041459.43,0,0,2041459.43,0,0,2041459.43,0,0,2041459.43,0,0,2041459.43,0,0,2041459.43,0,0,2041459.43,0,0,2041459.43,0,0,2041459.43,0,0,2041459.43,0,0,2041459.43,0,0,2041459.43,0,0,2041459.43,0,0,2041459.43,0,0,2041459.43,0,0,2041459.43,0,0,7485351.23,0,0,2041459.43,0,0,2041459.43,0,0,2041459.43,0,0,2138671.78,0,0,2041459.43,0,0,2138671.78,0,0,2041459.43
0,1,Moderna,2021-03-15,COVDIAB,0,0,0,0,0,0,0,0,0,0,0,0,0,0,0,0,0,0,0,0,0,0,0,0,0,0,0,0,0,0,0,0,0,0,0,0,0,0,0,0,0,0,0,0,0,0,0,0,0,0,16842040.26,0,0,16842040.26,0,0,16842040.26,0,0,134736322.06,0,0,134736322.06,0,0,134736322.06,0,0,16842040.26,0,0,16842040.26,0,0,16842040.26,0,0,16842040.26,0,0,16842040.26,0,0,16842040.26,0,0,16842040.26,0,0,16842040.26,0,0,16842040.26,0,0,16842040.26,0,0,134736322.06,0,0,134736322.06,0,0,16842040.26,0,0,16842040.26,0,0,16842040.26,0,0,16842040.26,0,0,16842040.26,0,0,16842040.26,0,0,16842040.26,0,0,16842040.26,0,0,16842040.26,0,0,16842040.26,0,0,16842040.26,0,0,16842040.26,0,0,16842040.26,0,0,16842040.26,0,0,16842040.26,0,0,16842040.26,0,0,16842040.26,0,0,16842040.26,0,0,16842040.26,0,0,16842040.26,0,0,16842040.26,0,0,16842040.26,0,0,134736322.06,0,0,16842040.26,0,0,16842040.26,0,0,16842040.26,0,0,16842040.26,0,0,16842040.26,0,0,16842040.26,0,0,16842040.26
0,1,Moderna,2021-03-22,COVDIAB,0,0,0,0,0,0,0,0,0,0,0,0,0,0,0,0,0,0,0,0,0,0,0,0,0,0,0,0,0,0,0,0,0,0,0,0,0,0,0,0,0,0,0,0,0,0,0,0,0,0,7091385.37,0,0,7091385.37,0,0,7091385.37,0,0,11228026.84,0,0,11228026.84,0,0,11228026.84,0,0,7091385.37,0,0,7091385.37,0,0,7091385.37,0,0,7091385.37,0,0,7091385.37,0,0,7091385.37,0,0,7091385.37,0,0,7091385.37,0,0,7091385.37,0,0,7091385.37,0,0,11228026.84,0,0,11228026.84,0,0,7091385.37,0,0,7091385.37,0,0,7091385.37,0,0,7091385.37,0,0,7091385.37,0,0,7091385.37,0,0,7091385.37,0,0,7091385.37,0,0,7091385.37,0,0,7091385.37,0,0,7091385.37,0,0,7091385.37,0,0,7091385.37,0,0,7091385.37,0,0,7091385.37,0,0,7091385.37,0,0,7091385.37,0,0,7091385.37,0,0,7091385.37,0,0,7091385.37,0,0,7091385.37,0,0,7091385.37,0,0,12248756.55,0,0,7091385.37,0,0,7091385.37,0,0,7091385.37,0,0,7091385.37,0,0,7091385.37,0,0,7091385.37,0,0,7091385.37
0,1,Moderna,2021-03-29,COVDIAB,0,0,0,0,0,0,0,0,0,0,0,0,0,0,0,0,0,0,0,0,0,0,0,0,0,0,0,0,0,0,0,0,0,0,0,0,0,0,0,0,0,0,0,0,0,0,0,0,0,0,3133402.84,0,0,3133402.84,0,0,3133402.84,0,0,3742675.61,0,0,3742675.61,0,0,3742675.61,0,0,3133402.84,0,0,3133402.84,0,0,3133402.84,0,0,3133402.84,0,0,3133402.84,0,0,3133402.84,0,0,3133402.84,0,0,3133402.84,0,0,3133402.84,0,0,3133402.84,0,0,3742675.61,0,0,3742675.61,0,0,3133402.84,0,0,3133402.84,0,0,3133402.84,0,0,3133402.84,0,0,3133402.84,0,0,3133402.84,0,0,3133402.84,0,0,3133402.84,0,0,3133402.84,0,0,3133402.84,0,0,3133402.84,0,0,3133402.84,0,0,3133402.84,0,0,3133402.84,0,0,3133402.84,0,0,3133402.84,0,0,3133402.84,0,0,3133402.84,0,0,3133402.84,0,0,3133402.84,0,0,3133402.84,0,0,3133402.84,0,0,4990234.15,0,0,3133402.84,0,0,3133402.84,0,0,3133402.84,0,0,3133402.84,0,0,3133402.84,0,0,3133402.84,0,0,3133402.84
0,1,Moderna,2021-04-05,COVDIAB,0,0,0,0,0,0,0,0,0,0,0,0,0,0,0,0,0,0,0,0,0,0,0,0,0,0,0,0,0,0,0,0,0,0,0,0,0,0,0,0,0,0,0,0,0,0,0,0,0,0,3062189.14,0,0,3062189.14,0,0,3062189.14,0,0,3208007.67,0,0,3208007.67,0,0,3208007.67,0,0,3062189.14,0,0,3062189.14,0,0,3062189.14,0,0,3062189.14,0,0,3062189.14,0,0,3062189.14,0,0,3062189.14,0,0,3062189.14,0,0,3062189.14,0,0,3062189.14,0,0,3208007.67,0,0,3208007.67,0,0,3062189.14,0,0,3062189.14,0,0,3062189.14,0,0,3062189.14,0,0,3062189.14,0,0,3062189.14,0,0,3062189.14,0,0,3062189.14,0,0,3062189.14,0,0,3062189.14,0,0,3062189.14,0,0,3062189.14,0,0,3062189.14,0,0,3062189.14,0,0,3062189.14,0,0,3062189.14,0,0,3062189.14,0,0,3062189.14,0,0,3062189.14,0,0,3062189.14,0,0,3062189.14,0,0,3062189.14,0,0,4812011.5,0,0,3062189.14,0,0,3062189.14,0,0,3062189.14,0,0,3062189.14,0,0,3062189.14,0,0,3062189.14,0,0,3062189.14
0,1,Moderna,2021-04-12,COVDIAB,0,0,0,0,0,0,0,0,0,0,0,0,0,0,0,0,0,0,0,0,0,0,0,0,0,0,0,0,0,0,0,0,0,0,0,0,0,0,0,0,0,0,0,0,0,0,0,0,0,0,2694726.44,0,0,2694726.44,0,0,2694726.44,0,0,2694726.44,0,0,2694726.44,0,0,2694726.44,0,0,2694726.44,0,0,2694726.44,0,0,2694726.44,0,0,2694726.44,0,0,2694726.44,0,0,2694726.44,0,0,2694726.44,0,0,2694726.44,0,0,2694726.44,0,0,2694726.44,0,0,2694726.44,0,0,2694726.44,0,0,2694726.44,0,0,2694726.44,0,0,2694726.44,0,0,2694726.44,0,0,2694726.44,0,0,2694726.44,0,0,2694726.44,0,0,2694726.44,0,0,2694726.44,0,0,2694726.44,0,0,2694726.44,0,0,2694726.44,0,0,2694726.44,0,0,2694726.44,0,0,2694726.44,0,0,2694726.44,0,0,2694726.44,0,0,2694726.44,0,0,2694726.44,0,0,2694726.44,0,0,2694726.44,0,0,2694726.44,0,0,4812011.5,0,0,2694726.44,0,0,2694726.44,0,0,2694726.44,0,0,2694726.44,0,0,2694726.44,0,0,2694726.44,0,0,2694726.44
0,1,Moderna,2021-04-19,COVDIAB,0,0,0,0,0,0,0,0,0,0,0,0,0,0,0,0,0,0,0,0,0,0,0,0,0,0,0,0,0,0,0,0,0,0,0,0,0,0,0,0,0,0,0,0,0,0,0,0,0,0,2542194.76,0,0,2542194.76,0,0,2542194.76,0,0,2694726.44,0,0,2542194.76,0,0,2694726.44,0,0,2542194.76,0,0,2542194.76,0,0,2542194.76,0,0,2542194.76,0,0,2542194.76,0,0,2542194.76,0,0,2542194.76,0,0,2542194.76,0,0,2542194.76,0,0,2542194.76,0,0,2542194.76,0,0,2542194.76,0,0,2542194.76,0,0,2542194.76,0,0,2542194.76,0,0,2542194.76,0,0,2694726.44,0,0,2542194.76,0,0,2542194.76,0,0,2542194.76,0,0,2542194.76,0,0,2542194.76,0,0,2542194.76,0,0,2542194.76,0,0,2542194.76,0,0,2542194.76,0,0,2542194.76,0,0,2542194.76,0,0,2542194.76,0,0,2542194.76,0,0,2542194.76,0,0,2542194.76,0,0,2542194.76,0,0,2542194.76,0,0,6124378.28,0,0,2542194.76,0,0,2542194.76,0,0,2542194.76,0,0,2542194.76,0,0,2542194.76,0,0,2542194.76,0,0,2542194.76
0,2,Moderna,2021-04-19,COVDIAB,0,0,0,0,0,0,0,0,0,0,0,0,0,0,0,0,0,0,0,0,0,0,0,0,0,0,0,0,0,0,0,0,0,0,0,0,0,0,0,0,0,0,0,0,0,0,0,0,0,0,6736816.1,0,0,6736816.1,0,0,6736816.1,0,0,10364332.47,0,0,10364332.47,0,0,10364332.47,0,0,6736816.1,0,0,6736816.1,0,0,6736816.1,0,0,6736816.1,0,0,6736816.1,0,0,6736816.1,0,0,6736816.1,0,0,6736816.1,0,0,6736816.1,0,0,6736816.1,0,0,10364332.47,0,0,10364332.47,0,0,6736816.1,0,0,6736816.1,0,0,6736816.1,0,0,6736816.1,0,0,6736816.1,0,0,6736816.1,0,0,6736816.1,0,0,6736816.1,0,0,6736816.1,0,0,6736816.1,0,0,6736816.1,0,0,6736816.1,0,0,6736816.1,0,0,6736816.1,0,0,6736816.1,0,0,6736816.1,0,0,6736816.1,0,0,6736816.1,0,0,6736816.1,0,0,6736816.1,0,0,6736816.1,0,0,6736816.1,0,0,10364332.47,0,0,6736816.1,0,0,6736816.1,0,0,6736816.1,0,0,6736816.1,0,0,6736816.1,0,0,6736816.1,0,0,6736816.1
0,2,Moderna,2021-04-26,COVDIAB,0,0,0,0,0,0,0,0,0,0,0,0,0,0,0,0,0,0,0,0,0,0,0,0,0,0,0,0,0,0,0,0,0,0,0,0,0,0,0,0,0,0,0,0,0,0,0,0,0,0,3454777.49,0,0,3454777.49,0,0,3454777.49,0,0,4210510.06,0,0,4210510.06,0,0,4210510.06,0,0,3454777.49,0,0,3454777.49,0,0,3454777.49,0,0,3454777.49,0,0,3454777.49,0,0,3454777.49,0,0,3454777.49,0,0,3454777.49,0,0,3454777.49,0,0,3454777.49,0,0,4210510.06,0,0,4210510.06,0,0,3454777.49,0,0,3454777.49,0,0,3454777.49,0,0,3454777.49,0,0,3454777.49,0,0,3454777.49,0,0,3454777.49,0,0,3454777.49,0,0,3454777.49,0,0,3454777.49,0,0,3454777.49,0,0,3454777.49,0,0,3454777.49,0,0,3454777.49,0,0,3454777.49,0,0,3454777.49,0,0,3454777.49,0,0,3454777.49,0,0,3454777.49,0,0,3454777.49,0,0,3454777.49,0,0,3454777.49,0,0,4210510.06,0,0,3454777.49,0,0,3454777.49,0,0,3454777.49,0,0,3454777.49,0,0,3454777.49,0,0,3454777.49,0,0,3454777.49
0,2,Moderna,2021-05-03,COVDIAB,0,0,0,0,0,0,0,0,0,0,0,0,0,0,0,0,0,0,0,0,0,0,0,0,0,0,0,0,0,0,0,0,0,0,0,0,0,0,0,0,0,0,0,0,0,0,0,0,0,0,2807006.71,0,0,2807006.71,0,0,2807006.71,0,0,3286251.76,0,0,3286251.76,0,0,3286251.76,0,0,2807006.71,0,0,2807006.71,0,0,2807006.71,0,0,2807006.71,0,0,2807006.71,0,0,2807006.71,0,0,2807006.71,0,0,2807006.71,0,0,2807006.71,0,0,2807006.71,0,0,3286251.76,0,0,3286251.76,0,0,2807006.71,0,0,2807006.71,0,0,2807006.71,0,0,2807006.71,0,0,2807006.71,0,0,2807006.71,0,0,2807006.71,0,0,2807006.71,0,0,2807006.71,0,0,2807006.71,0,0,2807006.71,0,0,2807006.71,0,0,2807006.71,0,0,2807006.71,0,0,2807006.71,0,0,2807006.71,0,0,2807006.71,0,0,2807006.71,0,0,2807006.71,0,0,2807006.71,0,0,2807006.71,0,0,2807006.71,0,0,3849609.2,0,0,2807006.71,0,0,2807006.71,0,0,2807006.71,0,0,2807006.71,0,0,2807006.71,0,0,2807006.71,0,0,2807006.71
0,2,Moderna,2021-05-10,COVDIAB,0,0,0,0,0,0,0,0,0,0,0,0,0,0,0,0,0,0,0,0,0,0,0,0,0,0,0,0,0,0,0,0,0,0,0,0,0,0,0,0,0,0,0,0,0,0,0,0,0,0,2449751.31,0,0,2449751.31,0,0,2449751.31,0,0,2807006.71,0,0,2807006.71,0,0,2807006.71,0,0,2449751.31,0,0,2449751.31,0,0,2449751.31,0,0,2449751.31,0,0,2449751.31,0,0,2449751.31,0,0,2449751.31,0,0,2449751.31,0,0,2449751.31,0,0,2449751.31,0,0,2807006.71,0,0,2807006.71,0,0,2449751.31,0,0,2449751.31,0,0,2449751.31,0,0,2449751.31,0,0,2449751.31,0,0,2449751.31,0,0,2449751.31,0,0,2449751.31,0,0,2449751.31,0,0,2449751.31,0,0,2449751.31,0,0,2449751.31,0,0,2449751.31,0,0,2449751.31,0,0,2449751.31,0,0,2449751.31,0,0,2449751.31,0,0,2449751.31,0,0,2449751.31,0,0,2449751.31,0,0,2449751.31,0,0,2449751.31,0,0,3849609.2,0,0,2449751.31,0,0,2449751.31,0,0,2449751.31,0,0,2449751.31,0,0,2449751.31,0,0,2449751.31,0,0,2449751.31
0,2,Moderna,2021-05-17,COVDIAB,0,0,0,0,0,0,0,0,0,0,0,0,0,0,0,0,0,0,0,0,0,0,0,0,0,0,0,0,0,0,0,0,0,0,0,0,0,0,0,0,0,0,0,0,0,0,0,0,0,0,2072866.49,0,0,2072866.49,0,0,2072866.49,0,0,2406005.75,0,0,2323040.04,0,0,2406005.75,0,0,2072866.49,0,0,2072866.49,0,0,2072866.49,0,0,2072866.49,0,0,2072866.49,0,0,2072866.49,0,0,2072866.49,0,0,2072866.49,0,0,2072866.49,0,0,2072866.49,0,0,2323040.04,0,0,2323040.04,0,0,2072866.49,0,0,2072866.49,0,0,2072866.49,0,0,2072866.49,0,0,2138671.78,0,0,2072866.49,0,0,2072866.49,0,0,2072866.49,0,0,2072866.49,0,0,2072866.49,0,0,2072866.49,0,0,2072866.49,0,0,2072866.49,0,0,2072866.49,0,0,2072866.49,0,0,2072866.49,0,0,2072866.49,0,0,2072866.49,0,0,2072866.49,0,0,2072866.49,0,0,2072866.49,0,0,2072866.49,0,0,3849609.2,0,0,2072866.49,0,0,2072866.49,0,0,2072866.49,0,0,2072866.49,0,0,2072866.49,0,0,2072866.49,0,0,2072866.49
0,2,Moderna,2021-05-24,COVDIAB,0,0,0,0,0,0,0,0,0,0,0,0,0,0,0,0,0,0,0,0,0,0,0,0,0,0,0,0,0,0,0,0,0,0,0,0,0,0,0,0,0,0,0,0,0,0,0,0,0,0,1820761.11,0,0,1820761.11,0,0,1820761.11,0,0,2245605.37,0,0,2010989.88,0,0,2245605.37,0,0,1820761.11,0,0,1820761.11,0,0,1820761.11,0,0,1820761.11,0,0,1820761.11,0,0,1820761.11,0,0,1820761.11,0,0,1820761.11,0,0,1820761.11,0,0,1820761.11,0,0,2010989.88,0,0,2010989.88,0,0,1820761.11,0,0,1820761.11,0,0,1820761.11,0,0,1820761.11,0,0,2010989.88,0,0,1820761.11,0,0,1820761.11,0,0,1820761.11,0,0,1820761.11,0,0,1820761.11,0,0,1820761.11,0,0,1820761.11,0,0,1820761.11,0,0,1820761.11,0,0,1820761.11,0,0,1820761.11,0,0,1820761.11,0,0,1820761.11,0,0,1820761.11,0,0,1820761.11,0,0,1820761.11,0,0,1820761.11,0,0,3849609.2,0,0,1820761.11,0,0,1820761.11,0,0,1820761.11,0,0,1820761.11,0,0,1820761.11,0,0,1820761.11,0,0,1820761.11
0,2,Moderna,2021-05-31,COVDIAB,0,0,0,0,0,0,0,0,0,0,0,0,0,0,0,0,0,0,0,0,0,0,0,0,0,0,0,0,0,0,0,0,0,0,0,0,0,0,0,0,0,0,0,0,0,0,0,0,0,0,1604003.83,0,0,1604003.83,0,0,1604003.83,0,0,1924804.6,0,0,1749822.36,0,0,1924804.6,0,0,1604003.83,0,0,1604003.83,0,0,1604003.83,0,0,1604003.83,0,0,1604003.83,0,0,1604003.83,0,0,1604003.83,0,0,1604003.83,0,0,1604003.83,0,0,1604003.83,0,0,1749822.36,0,0,1749822.36,0,0,1604003.83,0,0,1604003.83,0,0,1604003.83,0,0,1604003.83,0,0,1749822.36,0,0,1604003.83,0,0,1604003.83,0,0,1604003.83,0,0,1604003.83,0,0,1604003.83,0,0,1604003.83,0,0,1604003.83,0,0,1604003.83,0,0,1604003.83,0,0,1604003.83,0,0,1604003.83,0,0,1604003.83,0,0,1604003.83,0,0,1604003.83,0,0,1604003.83,0,0,1604003.83,0,0,1604003.83,0,0,3849609.2,0,0,1604003.83,0,0,1604003.83,0,0,1604003.83,0,0,1604003.83,0,0,1604003.83,0,0,1604003.83,0,0,1604003.83
0,2,Moderna,2021-06-07,COVDIAB,0,0,0,0,0,0,0,0,0,0,0,0,0,0,0,0,0,0,0,0,0,0,0,0,0,0,0,0,0,0,0,0,0,0,0,0,0,0,0,0,0,0,0,0,0,0,0,0,0,0,1604003.83,0,0,1604003.83,0,0,1604003.83,0,0,1924804.6,0,0,1749822.36,0,0,1924804.6,0,0,1604003.83,0,0,1604003.83,0,0,1604003.83,0,0,1604003.83,0,0,1604003.83,0,0,1604003.83,0,0,1604003.83,0,0,1604003.83,0,0,1604003.83,0,0,1604003.83,0,0,1749822.36,0,0,1749822.36,0,0,1604003.83,0,0,1604003.83,0,0,1604003.83,0,0,1604003.83,0,0,1749822.36,0,0,1604003.83,0,0,1604003.83,0,0,1604003.83,0,0,1604003.83,0,0,1604003.83,0,0,1604003.83,0,0,1604003.83,0,0,1604003.83,0,0,1604003.83,0,0,1604003.83,0,0,1604003.83,0,0,1604003.83,0,0,1604003.83,0,0,1604003.83,0,0,1604003.83,0,0,1604003.83,0,0,1604003.83,0,0,3849609.2,0,0,1604003.83,0,0,1604003.83,0,0,1604003.83,0,0,1604003.83,0,0,1604003.83,0,0,1604003.83,0,0,1604003.83
0,2,Moderna,2021-06-14,COVDIAB,0,0,0,0,0,0,0,0,0,0,0,0,0,0,0,0,0,0,0,0,0,0,0,0,0,0,0,0,0,0,0,0,0,0,0,0,0,0,0,0,0,0,0,0,0,0,0,0,0,0,1604003.83,0,0,1604003.83,0,0,1604003.83,0,0,1924804.6,0,0,1749822.36,0,0,1924804.6,0,0,1604003.83,0,0,1604003.83,0,0,1604003.83,0,0,1604003.83,0,0,1604003.83,0,0,1604003.83,0,0,1604003.83,0,0,1604003.83,0,0,1604003.83,0,0,1604003.83,0,0,1749822.36,0,0,1749822.36,0,0,1604003.83,0,0,1604003.83,0,0,1604003.83,0,0,1604003.83,0,0,1749822.36,0,0,1604003.83,0,0,1604003.83,0,0,1604003.83,0,0,1604003.83,0,0,1604003.83,0,0,1604003.83,0,0,1604003.83,0,0,1604003.83,0,0,1604003.83,0,0,1604003.83,0,0,1604003.83,0,0,1604003.83,0,0,1604003.83,0,0,1604003.83,0,0,1604003.83,0,0,1604003.83,0,0,1604003.83,0,0,3849609.2,0,0,1604003.83,0,0,1604003.83,0,0,1604003.83,0,0,1604003.83,0,0,1604003.83,0,0,1604003.83,0,0,1604003.83
0,2,Moderna,2021-06-21,COVDIAB,0,0,0,0,0,0,0,0,0,0,0,0,0,0,0,0,0,0,0,0,0,0,0,0,0,0,0,0,0,0,0,0,0,0,0,0,0,0,0,0,0,0,0,0,0,0,0,0,0,0,1604003.83,0,0,1604003.83,0,0,1604003.83,0,0,1924804.6,0,0,1749822.36,0,0,1924804.6,0,0,1604003.83,0,0,1604003.83,0,0,1604003.83,0,0,1604003.83,0,0,1604003.83,0,0,1604003.83,0,0,1604003.83,0,0,1604003.83,0,0,1604003.83,0,0,1604003.83,0,0,1749822.36,0,0,1749822.36,0,0,1604003.83,0,0,1604003.83,0,0,1604003.83,0,0,1604003.83,0,0,1749822.36,0,0,1604003.83,0,0,1604003.83,0,0,1604003.83,0,0,1604003.83,0,0,1604003.83,0,0,1604003.83,0,0,1604003.83,0,0,1604003.83,0,0,1604003.83,0,0,1604003.83,0,0,1604003.83,0,0,1604003.83,0,0,1604003.83,0,0,1604003.83,0,0,1604003.83,0,0,1604003.83,0,0,1604003.83,0,0,3849609.2,0,0,1604003.83,0,0,1604003.83,0,0,1604003.83,0,0,1604003.83,0,0,1604003.83,0,0,1604003.83,0,0,1604003.83
0,2,Moderna,2021-06-28,COVDIAB,0,0,0,0,0,0,0,0,0,0,0,0,0,0,0,0,0,0,0,0,0,0,0,0,0,0,0,0,0,0,0,0,0,0,0,0,0,0,0,0,0,0,0,0,0,0,0,0,0,0,3454777.49,0,0,3454777.49,0,0,3454777.49,0,0,4491210.74,0,0,3742675.61,0,0,4082918.85,0,0,3454777.49,0,0,3454777.49,0,0,3454777.49,0,0,3454777.49,0,0,3454777.49,0,0,3454777.49,0,0,3454777.49,0,0,3454777.49,0,0,3454777.49,0,0,3454777.49,0,0,3742675.61,0,0,3742675.61,0,0,3454777.49,0,0,3454777.49,0,0,3454777.49,0,0,3454777.49,0,0,3742675.61,0,0,3454777.49,0,0,3454777.49,0,0,3454777.49,0,0,3454777.49,0,0,3454777.49,0,0,3454777.49,0,0,3454777.49,0,0,3454777.49,0,0,3454777.49,0,0,3454777.49,0,0,3454777.49,0,0,3454777.49,0,0,3454777.49,0,0,3454777.49,0,0,3454777.49,0,0,3454777.49,0,0,3454777.49,0,0,8982421.47,0,0,3454777.49,0,0,3454777.49,0,0,3454777.49,0,0,3454777.49,0,0,3454777.49,0,0,3454777.49,0,0,3454777.49
0,1,Pfizer,2021-03-01,COVDIAB,0,0,0,0,0,0,0,0,0,0,0,0,0,0,0,0,0,0,0,0,0,0,0,0,0,0,0,0,0,0,0,0,0,0,0,0,0,0,0,0,0,0,0,0,0,0,0,0,0,0,2591083.12,0,0,2591083.12,0,0,2591083.12,0,0,3545692.69,0,0,2994140.49,0,0,3545692.69,0,0,2591083.12,0,0,2591083.12,0,0,3133402.84,0,0,3133402.84,0,0,2591083.12,0,0,2591083.12,0,0,2591083.12,0,0,2591083.12,0,0,2591083.12,0,0,2591083.12,0,0,2591083.12,0,0,2591083.12,0,0,2591083.12,0,0,2591083.12,0,0,2591083.12,0,0,2591083.12,0,0,2591083.12,0,0,2591083.12,0,0,2591083.12,0,0,2591083.12,0,0,2591083.12,0,0,2591083.12,0,0,2591083.12,0,0,2994140.49,0,0,2994140.49,0,0,2591083.12,0,0,2591083.12,0,0,2591083.12,0,0,2591083.12,0,0,2591083.12,0,0,2591083.12,0,0,2591083.12,0,0,2591083.12,0,0,2591083.12,0,0,7485351.23,0,0,2591083.12,0,0,2591083.12,0,0,2591083.12,0,0,2994140.49,0,0,2591083.12,0,0,2994140.49,0,0,2591083.12
0,1,Pfizer,2021-03-08,COVDIAB,0,0,0,0,0,0,0,0,0,0,0,0,0,0,0,0,0,0,0,0,0,0,0,0,0,0,0,0,0,0,0,0,0,0,0,0,0,0,0,0,0,0,0,0,0,0,0,0,0,0,1531094.57,0,0,1531094.57,0,0,1531094.57,0,0,1820761.11,0,0,1663411.38,0,0,1897694.68,0,0,1531094.57,0,0,1585133.2,0,0,1820761.11,0,0,1820761.11,0,0,1531094.57,0,0,1531094.57,0,0,1531094.57,0,0,1531094.57,0,0,1531094.57,0,0,1531094.57,0,0,1531094.57,0,0,1531094.57,0,0,1531094.57,0,0,1531094.57,0,0,1531094.57,0,0,1531094.57,0,0,1531094.57,0,0,1531094.57,0,0,1531094.57,0,0,1531094.57,0,0,1531094.57,0,0,1531094.57,0,0,1531094.57,0,0,1663411.38,0,0,1663411.38,0,0,1531094.57,0,0,1531094.57,0,0,1531094.57,0,0,1531094.57,0,0,1531094.57,0,0,1531094.57,0,0,1531094.57,0,0,1531094.57,0,0,1531094.57,0,0,4812011.5,0,0,1531094.57,0,0,1531094.57,0,0,1531094.57,0,0,1663411.38,0,0,1531094.57,0,0,1663411.38,0,0,1531094.57
0,1,Pfizer,2021-03-15,COVDIAB,0,0,0,0,0,0,0,0,0,0,0,0,0,0,0,0,0,0,0,0,0,0,0,0,0,0,0,0,0,0,0,0,0,0,0,0,0,0,0,0,0,0,0,0,0,0,0,0,0,0,1151592.5,0,0,1151592.5,0,0,1151592.5,0,0,1433365.13,0,0,1203002.88,0,0,1374860.43,0,0,1151592.5,0,0,1224875.66,0,0,1308119.63,0,0,1308119.63,0,0,1151592.5,0,0,1151592.5,0,0,1151592.5,0,0,1151592.5,0,0,1151592.5,0,0,1151592.5,0,0,1151592.5,0,0,1151592.5,0,0,1151592.5,0,0,1151592.5,0,0,1151592.5,0,0,1151592.5,0,0,1151592.5,0,0,1151592.5,0,0,1151592.5,0,0,1151592.5,0,0,1151592.5,0,0,1151592.5,0,0,1151592.5,0,0,1224875.66,0,0,1224875.66,0,0,1151592.5,0,0,1151592.5,0,0,1151592.5,0,0,1151592.5,0,0,1151592.5,0,0,1151592.5,0,0,1151592.5,0,0,1151592.5,0,0,1151592.5,0,0,2929050.48,0,0,1151592.5,0,0,1151592.5,0,0,1151592.5,0,0,1224875.66,0,0,1151592.5,0,0,1224875.66,0,0,1151592.5
0,1,Pfizer,2021-03-22,COVDIAB,0,0,0,0,0,0,1,1,0,0,0,0,0,0,0,0,0,0,0,0,0,0,0,0,0,0,0,0,0,0,0,0,0,0,0,0,0,0,0,0,0,1,0,1,0,0,0,0,0,0,1141833.24,0,0,1141833.24,0,0,1141833.24,0,0,1389034.25,0,0,1141833.24,0,0,1295541.56,309533.9,7836.72,1724612.5,329054.05,8330.93,1833371.85,0,0,1295541.56,0,0,1295541.56,0,0,1141833.24,0,0,1141833.24,0,0,1141833.24,0,0,1141833.24,0,0,1141833.24,0,0,1141833.24,0,0,1141833.24,0,0,1141833.24,0,0,1141833.24,0,0,1141833.24,0,0,1141833.24,0,0,1141833.24,0,0,1141833.24,0,0,1141833.24,0,0,1141833.24,0,0,1141833.24,0,0,1141833.24,0,0,1141833.24,0,0,1141833.24,0,0,1213840.74,0,0,1213840.74,0,0,1141833.24,0,0,1141833.24,0,0,1141833.24,0,0,1141833.24,0,0,1141833.24,0,0,1141833.24,0,0,1141833.24,0,0,1141833.24,0,0,1141833.24,0,0,2749720.86,0,0,1141833.24,0,0,1141833.24,0,0,1141833.24,329054.05,8330.93,1833371.85,0,0,1141833.24,329054.05,8330.93,1833371.85,0,0,1141833.24
0,1,Pfizer,2021-03-29,COVDIAB,0,0,0,0,0,0,0,0,0,0,0,0,0,0,0,0,0,0,0,0,0,0,0,0,0,0,0,0,0,0,0,0,0,0,0,0,0,0,0,0,0,0,0,0,0,0,0,0,0,0,935668.9,0,0,935668.9,0,0,935668.9,0,0,1104396.08,0,0,935668.9,0,0,1013055.05,0,0,955576.75,0,0,983476.8,0,0,990708.25,0,0,990708.25,0,0,935668.9,0,0,935668.9,0,0,935668.9,0,0,935668.9,0,0,935668.9,0,0,935668.9,0,0,942212.04,0,0,942212.04,0,0,935668.9,0,0,935668.9,0,0,935668.9,0,0,935668.9,0,0,935668.9,0,0,935668.9,0,0,935668.9,0,0,935668.9,0,0,935668.9,0,0,935668.9,0,0,935668.9,0,0,990708.25,0,0,990708.25,0,0,935668.9,0,0,935668.9,0,0,935668.9,0,0,935668.9,0,0,935668.9,0,0,935668.9,0,0,935668.9,0,0,935668.9,0,0,935668.9,0,0,2929050.48,0,0,935668.9,0,0,935668.9,0,0,935668.9,0,0,1013055.05,0,0,935668.9,0,0,1013055.05,0,0,935668.9
0,1,Pfizer,2021-04-05,COVDIAB,0,0,0,0,0,0,0,0,0,0,0,0,0,0,0,0,0,0,0,0,0,0,0,0,0,0,0,0,0,0,0,0,0,0,0,0,0,0,0,0,0,0,0,0,0,0,0,0,0,0,647770.78,0,0,647770.78,0,0,647770.78,0,0,847398.25,0,0,647770.78,0,0,670329.96,0,0,647770.78,0,0,694517.12,0,0,690955.5,0,0,690955.5,0,0,647770.78,0,0,647770.78,0,0,647770.78,0,0,647770.78,0,0,647770.78,0,0,647770.78,0,0,670329.96,0,0,670329.96,0,0,647770.78,0,0,647770.78,0,0,647770.78,0,0,647770.78,0,0,647770.78,0,0,647770.78,0,0,647770.78,0,0,647770.78,0,0,647770.78,0,0,647770.78,0,0,647770.78,0,0,705425.77,0,0,705425.77,0,0,647770.78,0,0,647770.78,0,0,647770.78,0,0,647770.78,0,0,647770.78,0,0,647770.78,0,0,647770.78,0,0,647770.78,0,0,647770.78,0,0,2542194.76,0,0,647770.78,0,0,647770.78,0,0,647770.78,0,0,705425.77,0,0,647770.78,0,0,705425.77,0,0,647770.78
0,1,Pfizer,2021-04-12,COVDIAB,0,0,0,0,0,0,0,0,0,0,0,0,0,0,0,0,0,0,0,0,0,0,0,0,0,0,0,0,0,0,0,0,0,0,0,0,0,0,0,0,0,0,0,0,0,0,0,0,0,0,481201.15,0,0,481201.15,0,0,481201.15,0,0,647770.78,0,0,489950.26,0,0,506527.53,0,0,489950.26,0,0,541109.73,0,0,516231.12,0,0,516231.12,0,0,481201.15,0,0,481201.15,0,0,481201.15,0,0,481201.15,0,0,481201.15,0,0,481201.15,0,0,493539.64,0,0,493539.64,0,0,481201.15,0,0,481201.15,0,0,481201.15,0,0,481201.15,0,0,481201.15,0,0,481201.15,0,0,481201.15,0,0,481201.15,0,0,481201.15,0,0,481201.15,0,0,481201.15,0,0,520217.46,0,0,520217.46,0,0,481201.15,0,0,481201.15,0,0,484663.03,0,0,484663.03,0,0,481201.15,0,0,481201.15,0,0,481201.15,0,0,481201.15,0,0,481201.15,0,0,2245605.37,0,0,481201.15,0,0,481201.15,0,0,481201.15,0,0,530457.96,0,0,484663.03,0,0,534667.94,0,0,481201.15
0,1,Pfizer,2021-04-19,COVDIAB,0,0,0,0,0,0,0,0,0,0,0,0,0,0,0,0,0,0,0,0,0,0,0,0,0,0,0,0,0,0,0,0,0,0,0,0,0,0,0,0,0,0,0,0,0,0,0,0,0,0,430467.48,0,0,430467.48,0,0,430467.48,0,0,593552.08,0,0,440314.78,0,0,461425.76,0,0,440314.78,0,0,486412.72,0,0,461425.76,0,0,461425.76,0,0,430467.48,0,0,430467.48,0,0,430467.48,0,0,430467.48,0,0,430467.48,0,0,430467.48,0,0,437455.59,0,0,437455.59,0,0,430467.48,0,0,430467.48,0,0,430467.48,0,0,430467.48,0,0,430467.48,0,0,430467.48,0,0,430467.48,0,0,430467.48,0,0,430467.48,0,0,430467.48,0,0,430467.48,0,0,461425.76,0,0,461425.76,0,0,430467.48,0,0,430467.48,0,0,440314.78,0,0,440314.78,0,0,430467.48,0,0,430467.48,0,0,430467.48,0,0,430467.48,0,0,430467.48,0,0,1845703.04,0,0,430467.48,0,0,430467.48,0,0,430467.48,0,0,472759.02,0,0,440314.78,0,0,484663.03,0,0,430467.48
0,1,Pfizer,2021-04-26,COVDIAB,0,0,0,0,0,0,0,0,0,0,0,0,0,0,0,0,0,0,0,0,0,0,0,0,0,0,0,0,0,0,0,0,0,0,0,0,0,0,0,0,0,0,0,0,0,0,0,0,0,0,463011.42,0,0,463011.42,0,0,463011.42,0,0,629608.98,0,0,486412.72,0,0,512305.41,0,0,474423.67,0,0,536798.1,0,0,500878.52,0,0,500878.52,0,0,463011.42,0,0,463011.42,0,0,463011.42,0,0,463011.42,0,0,463011.42,0,0,463011.42,0,0,463011.42,0,0,463011.42,0,0,463011.42,0,0,463011.42,0,0,463011.42,0,0,463011.42,0,0,463011.42,0,0,463011.42,0,0,463011.42,0,0,463011.42,0,0,463011.42,0,0,463011.42,0,0,463011.42,0,0,497182,0,0,510364.86,0,0,463011.42,0,0,463011.42,0,0,474423.67,0,0,474423.67,0,0,463011.42,0,0,463011.42,0,0,463011.42,0,0,463011.42,0,0,463011.42,0,0,2173166.48,0,0,463011.42,0,0,463011.42,0,0,463011.42,0,0,510364.86,0,0,474423.67,0,0,524265.84,0,0,463011.42
0,1,Pfizer,2021-05-03,COVDIAB,0,0,0,0,0,0,0,0,0,0,0,0,0,0,0,0,0,0,0,0,0,0,0,0,0,0,0,0,0,0,0,0,0,0,0,0,0,0,0,0,0,0,0,0,0,0,0,0,0,0,566119,0,0,566119,0,0,566119,0,0,701751.68,0,0,596178.42,0,0,623779.27,0,0,578267.48,0,0,618056.52,0,0,615234.35,0,0,615234.35,0,0,566119,0,0,566119,0,0,566119,0,0,566119,0,0,566119,0,0,566119,0,0,566119,0,0,566119,0,0,566119,0,0,566119,0,0,566119,0,0,566119,0,0,566119,0,0,566119,0,0,566119,0,0,566119,0,0,566119,0,0,566119,0,0,566119,0,0,601501.44,0,0,620904.71,0,0,566119,0,0,566119,0,0,570916.62,0,0,570916.62,0,0,566119,0,0,566119,0,0,566119,0,0,566119,0,0,566119,0,0,2591083.12,0,0,566119,0,0,566119,0,0,566119,0,0,615234.35,0,0,570916.62,0,0,620904.71,0,0,566119
0,1,Pfizer,2021-05-10,COVDIAB,0,0,0,0,0,0,0,0,0,0,0,0,0,0,0,0,0,0,0,0,0,0,0,0,0,0,0,0,0,0,0,0,0,0,0,0,0,1,0,0,0,0,0,0,0,0,0,0,0,0,530457.96,0,0,530457.96,0,0,530457.96,0,0,663725.72,0,0,545491.18,0,0,561401.34,0,0,530457.96,0,0,552198.04,0,0,561401.34,0,0,561401.34,0,0,530457.96,0,0,530457.96,0,0,530457.96,0,0,530457.96,0,0,530457.96,0,0,530457.96,0,0,530457.96,0,0,530457.96,0,0,530457.96,0,0,530457.96,0,0,530457.96,0,0,530457.96,0,0,530457.96,0,0,530457.96,0,0,530457.96,0,0,530457.96,0,0,530457.96,0,0,530457.96,0,0,530457.96,0,0,552198.04,0,0,568507.69,0,0,530457.96,0,0,530457.96,0,0,530457.96,0,0,530457.96,0,0,530457.96,0,0,530457.96,0,0,530457.96,0,0,530457.96,0,0,530457.96,664090.91,16813.33,3700077.72,0,0,530457.96,0,0,530457.96,0,0,530457.96,0,0,552198.04,0,0,530457.96,0,0,552198.04,0,0,530457.96
0,1,Pfizer,2021-05-17,COVDIAB,0,0,0,0,0,0,0,0,0,0,0,0,0,0,0,0,0,0,0,0,0,0,0,0,0,0,0,0,0,0,0,0,0,0,0,0,0,0,0,0,0,0,0,0,0,0,0,0,0,0,514260.77,0,0,514260.77,0,0,514260.77,0,0,632564.89,0,0,528377.73,0,0,543291.62,0,0,514260.77,0,0,528377.73,0,0,543291.62,0,0,543291.62,0,0,514260.77,0,0,514260.77,0,0,514260.77,0,0,514260.77,0,0,514260.77,0,0,514260.77,0,0,514260.77,0,0,514260.77,0,0,514260.77,0,0,514260.77,0,0,514260.77,0,0,514260.77,0,0,514260.77,0,0,514260.77,0,0,514260.77,0,0,514260.77,0,0,514260.77,0,0,514260.77,0,0,514260.77,0,0,528377.73,0,0,543291.62,0,0,514260.77,0,0,514260.77,0,0,514260.77,0,0,514260.77,0,0,514260.77,0,0,514260.77,0,0,514260.77,0,0,514260.77,0,0,514260.77,0,0,2323040.04,0,0,514260.77,0,0,514260.77,0,0,514260.77,0,0,528377.73,0,0,514260.77,0,0,528377.73,0,0,514260.77
0,1,Pfizer,2021-05-24,COVDIAB,0,0,0,0,0,0,0,0,0,0,0,0,0,0,0,0,0,0,0,0,0,0,0,0,0,0,0,0,0,0,0,0,0,0,0,0,0,0,0,0,0,0,0,0,0,0,0,0,0,0,477788.38,0,0,477788.38,0,0,477788.38,0,0,578267.48,0,0,489950.26,0,0,502747.47,0,0,477788.38,0,0,489950.26,0,0,502747.47,0,0,502747.47,0,0,477788.38,0,0,477788.38,0,0,477788.38,0,0,477788.38,0,0,477788.38,0,0,477788.38,0,0,477788.38,0,0,477788.38,0,0,477788.38,0,0,477788.38,0,0,477788.38,0,0,477788.38,0,0,477788.38,0,0,477788.38,0,0,477788.38,0,0,477788.38,0,0,477788.38,0,0,477788.38,0,0,477788.38,0,0,489950.26,0,0,502747.47,0,0,477788.38,0,0,477788.38,0,0,477788.38,0,0,477788.38,0,0,477788.38,0,0,477788.38,0,0,477788.38,0,0,477788.38,0,0,477788.38,0,0,1924804.6,0,0,477788.38,0,0,477788.38,0,0,477788.38,0,0,489950.26,0,0,477788.38,0,0,489950.26,0,0,477788.38
0,1,Pfizer,2021-05-31,COVDIAB,0,0,0,0,0,0,0,0,0,0,0,0,0,0,0,0,0,0,0,0,0,0,0,0,0,0,0,0,0,0,0,0,0,0,0,0,0,0,0,0,0,0,0,0,0,0,0,0,0,0,598828.1,0,0,598828.1,0,0,598828.1,0,0,736264.05,0,0,618056.52,0,0,638560.77,0,0,598828.1,0,0,618056.52,0,0,638560.77,0,0,638560.77,0,0,598828.1,0,0,598828.1,0,0,598828.1,0,0,598828.1,0,0,598828.1,0,0,598828.1,0,0,598828.1,0,0,598828.1,0,0,598828.1,0,0,598828.1,0,0,598828.1,0,0,598828.1,0,0,598828.1,0,0,598828.1,0,0,598828.1,0,0,598828.1,0,0,598828.1,0,0,598828.1,0,0,598828.1,0,0,618056.52,0,0,638560.77,0,0,598828.1,0,0,598828.1,0,0,598828.1,0,0,598828.1,0,0,598828.1,0,0,598828.1,0,0,598828.1,0,0,598828.1,0,0,598828.1,0,0,2072866.49,0,0,598828.1,0,0,598828.1,0,0,598828.1,0,0,618056.52,0,0,598828.1,0,0,618056.52,0,0,598828.1
0,1,Pfizer,2021-06-07,COVDIAB,0,0,0,0,0,0,0,0,0,0,0,0,0,0,0,0,0,0,0,0,0,0,0,0,0,0,0,0,0,0,0,0,0,0,0,0,0,0,0,0,0,0,0,0,0,0,0,0,0,0,556761.66,0,0,556761.66,0,0,556761.66,0,0,673681.61,0,0,573346.05,0,0,590948.78,0,0,556761.66,0,0,573346.05,0,0,590948.78,0,0,590948.78,0,0,556761.66,0,0,556761.66,0,0,556761.66,0,0,556761.66,0,0,556761.66,0,0,556761.66,0,0,556761.66,0,0,556761.66,0,0,556761.66,0,0,556761.66,0,0,556761.66,0,0,556761.66,0,0,556761.66,0,0,556761.66,0,0,556761.66,0,0,556761.66,0,0,556761.66,0,0,556761.66,0,0,556761.66,0,0,573346.05,0,0,590948.78,0,0,556761.66,0,0,556761.66,0,0,556761.66,0,0,556761.66,0,0,556761.66,0,0,556761.66,0,0,556761.66,0,0,556761.66,0,0,556761.66,0,0,1871337.81,0,0,556761.66,0,0,556761.66,0,0,556761.66,0,0,573346.05,0,0,556761.66,0,0,573346.05,0,0,556761.66
0,1,Pfizer,2021-06-14,COVDIAB,0,0,0,0,0,0,0,0,0,0,0,0,0,0,0,0,0,0,0,0,0,0,0,0,0,0,0,0,0,0,0,0,0,0,0,0,0,0,0,0,0,0,0,0,0,0,0,0,0,0,516231.12,0,0,516231.12,0,0,516231.12,0,0,615234.35,0,0,530457.96,0,0,545491.18,0,0,516231.12,0,0,530457.96,0,0,545491.18,0,0,545491.18,0,0,516231.12,0,0,516231.12,0,0,516231.12,0,0,516231.12,0,0,516231.12,0,0,516231.12,0,0,516231.12,0,0,516231.12,0,0,516231.12,0,0,516231.12,0,0,516231.12,0,0,516231.12,0,0,516231.12,0,0,516231.12,0,0,516231.12,0,0,516231.12,0,0,516231.12,0,0,516231.12,0,0,516231.12,0,0,530457.96,0,0,545491.18,0,0,516231.12,0,0,516231.12,0,0,516231.12,0,0,516231.12,0,0,516231.12,0,0,516231.12,0,0,516231.12,0,0,516231.12,0,0,516231.12,0,0,1705523.06,0,0,516231.12,0,0,516231.12,0,0,516231.12,0,0,530457.96,0,0,516231.12,0,0,530457.96,0,0,516231.12
0,1,Pfizer,2021-06-21,COVDIAB,0,0,0,0,0,0,0,0,0,0,0,0,0,0,0,0,0,0,0,0,0,0,0,0,0,0,0,0,0,0,0,0,0,0,0,0,0,0,0,0,0,0,0,0,0,0,0,0,0,0,495354.13,0,0,495354.13,0,0,495354.13,0,0,590948.78,0,0,508438.95,0,0,526313.76,0,0,495354.13,0,0,508438.95,0,0,522233.81,0,0,522233.81,0,0,495354.13,0,0,495354.13,0,0,495354.13,0,0,495354.13,0,0,495354.13,0,0,495354.13,0,0,495354.13,0,0,495354.13,0,0,495354.13,0,0,495354.13,0,0,495354.13,0,0,495354.13,0,0,495354.13,0,0,495354.13,0,0,495354.13,0,0,495354.13,0,0,495354.13,0,0,495354.13,0,0,495354.13,0,0,508438.95,0,0,526313.76,0,0,495354.13,0,0,495354.13,0,0,495354.13,0,0,495354.13,0,0,495354.13,0,0,495354.13,0,0,495354.13,0,0,495354.13,0,0,495354.13,0,0,1604003.83,0,0,495354.13,0,0,495354.13,0,0,495354.13,0,0,508438.95,0,0,495354.13,0,0,508438.95,0,0,495354.13
0,1,Pfizer,2021-06-28,COVDIAB,0,0,0,0,0,0,0,0,0,0,0,0,0,0,0,0,0,0,0,0,0,0,0,0,0,0,0,0,0,0,0,0,0,0,0,0,0,0,0,0,0,0,0,0,0,0,0,0,0,0,1161520.02,0,0,1161520.02,0,0,1161520.02,0,0,1418277.07,0,0,1192356.83,0,0,1259217.96,0,0,1161520.02,0,0,1192356.83,0,0,1224875.66,0,0,1224875.66,0,0,1161520.02,0,0,1161520.02,0,0,1161520.02,0,0,1161520.02,0,0,1161520.02,0,0,1161520.02,0,0,1161520.02,0,0,1161520.02,0,0,1161520.02,0,0,1161520.02,0,0,1161520.02,0,0,1161520.02,0,0,1161520.02,0,0,1161520.02,0,0,1161520.02,0,0,1161520.02,0,0,1161520.02,0,0,1161520.02,0,0,1161520.02,0,0,1192356.83,0,0,1259217.96,0,0,1161520.02,0,0,1161520.02,0,0,1161520.02,0,0,1161520.02,0,0,1161520.02,0,0,1161520.02,0,0,1161520.02,0,0,1161520.02,0,0,1161520.02,0,0,3742675.61,0,0,1161520.02,0,0,1161520.02,0,0,1161520.02,0,0,1192356.83,0,0,1161520.02,0,0,1192356.83,0,0,1161520.02
0,1,Moderna,2021-05-31,COVDIAB,0,0,0,0,0,0,0,0,0,0,0,0,0,0,0,0,0,0,0,0,0,0,0,0,0,0,0,0,0,0,0,0,0,0,0,0,0,0,0,0,0,0,0,0,0,0,0,0,0,0,4646080.07,0,0,4646080.07,0,0,4646080.07,0,0,6736816.1,0,0,4646080.07,0,0,4646080.07,0,0,4646080.07,0,0,4646080.07,0,0,5858100.96,0,0,5858100.96,0,0,4646080.07,0,0,4646080.07,0,0,4646080.07,0,0,4646080.07,0,0,4646080.07,0,0,4646080.07,0,0,4646080.07,0,0,4646080.07,0,0,4646080.07,0,0,4646080.07,0,0,4646080.07,0,0,4646080.07,0,0,4646080.07,0,0,4646080.07,0,0,4646080.07,0,0,4646080.07,0,0,4646080.07,0,0,4646080.07,0,0,4646080.07,0,0,4646080.07,0,0,4646080.07,0,0,4646080.07,0,0,4646080.07,0,0,4646080.07,0,0,4646080.07,0,0,4646080.07,0,0,4646080.07,0,0,4646080.07,0,0,4646080.07,0,0,4646080.07,,,0,0,0,4646080.07,0,0,4646080.07,0,0,4646080.07,0,0,4646080.07,0,0,4646080.07,0,0,4646080.07,0,0,4646080.07
0,1,Moderna,2021-06-07,COVDIAB,0,0,0,0,0,0,0,0,0,0,0,0,0,0,0,0,0,0,0,0,0,0,0,0,0,0,0,0,0,0,0,0,0,0,0,0,0,0,0,0,0,0,0,0,0,0,0,0,0,0,3849609.2,0,0,3849609.2,0,0,3849609.2,0,0,6416015.34,0,0,3849609.2,0,0,3849609.2,0,0,3849609.2,0,0,3849609.2,0,0,4812011.5,0,0,4812011.5,0,0,3849609.2,0,0,3849609.2,0,0,3849609.2,0,0,3849609.2,0,0,3849609.2,0,0,3849609.2,0,0,3849609.2,0,0,3849609.2,0,0,3849609.2,0,0,3849609.2,0,0,3849609.2,0,0,3849609.2,0,0,3849609.2,0,0,3849609.2,0,0,3849609.2,0,0,3849609.2,0,0,3849609.2,0,0,3849609.2,0,0,3849609.2,0,0,3849609.2,0,0,3849609.2,0,0,3849609.2,0,0,3849609.2,0,0,3849609.2,0,0,3849609.2,0,0,3849609.2,0,0,3849609.2,0,0,3849609.2,0,0,3849609.2,0,0,3849609.2,,,0,0,0,3849609.2,0,0,3849609.2,0,0,3849609.2,0,0,3849609.2,0,0,3849609.2,0,0,3849609.2,0,0,3849609.2
0,1,Moderna,2021-06-14,COVDIAB,0,0,0,0,0,0,0,0,0,0,0,0,0,0,0,0,0,0,0,0,0,0,0,0,0,0,0,0,0,0,0,0,0,0,0,0,0,0,0,0,0,0,0,0,0,0,0,0,0,0,3849609.2,0,0,3849609.2,0,0,3849609.2,0,0,6416015.34,0,0,3849609.2,0,0,3849609.2,0,0,3849609.2,0,0,3849609.2,0,0,4812011.5,0,0,4812011.5,0,0,3849609.2,0,0,3849609.2,0,0,3849609.2,0,0,3849609.2,0,0,3849609.2,0,0,3849609.2,0,0,3849609.2,0,0,3849609.2,0,0,3849609.2,0,0,3849609.2,0,0,3849609.2,0,0,3849609.2,0,0,3849609.2,0,0,3849609.2,0,0,3849609.2,0,0,3849609.2,0,0,3849609.2,0,0,3849609.2,0,0,3849609.2,0,0,3849609.2,0,0,3849609.2,0,0,3849609.2,0,0,3849609.2,0,0,3849609.2,0,0,3849609.2,0,0,3849609.2,0,0,3849609.2,0,0,3849609.2,0,0,3849609.2,0,0,3849609.2,,,0,0,0,3849609.2,0,0,3849609.2,0,0,3849609.2,0,0,3849609.2,0,0,3849609.2,0,0,3849609.2,0,0,3849609.2
0,1,Moderna,2021-06-21,COVDIAB,0,0,0,0,0,0,0,0,0,0,0,0,0,0,0,0,0,0,0,0,0,0,0,0,0,0,0,0,0,0,0,0,0,0,0,0,0,0,0,0,0,0,0,0,0,0,0,0,0,0,3849609.2,0,0,3849609.2,0,0,3849609.2,0,0,6416015.34,0,0,3849609.2,0,0,3849609.2,0,0,3849609.2,0,0,3849609.2,0,0,4812011.5,0,0,4812011.5,0,0,3849609.2,0,0,3849609.2,0,0,3849609.2,0,0,3849609.2,0,0,3849609.2,0,0,3849609.2,0,0,3849609.2,0,0,3849609.2,0,0,3849609.2,0,0,3849609.2,0,0,3849609.2,0,0,3849609.2,0,0,3849609.2,0,0,3849609.2,0,0,3849609.2,0,0,3849609.2,0,0,3849609.2,0,0,3849609.2,0,0,3849609.2,0,0,3849609.2,0,0,3849609.2,0,0,3849609.2,0,0,3849609.2,0,0,3849609.2,0,0,3849609.2,0,0,3849609.2,0,0,3849609.2,0,0,3849609.2,0,0,3849609.2,0,0,3849609.2,,,0,0,0,3849609.2,0,0,3849609.2,0,0,3849609.2,0,0,3849609.2,0,0,3849609.2,0,0,3849609.2,0,0,3849609.2
0,1,Moderna,2021-06-28,COVDIAB,0,0,0,0,0,0,0,0,0,0,0,0,0,0,0,0,0,0,0,0,0,0,0,0,0,0,0,0,0,0,0,0,0,0,0,0,0,0,0,0,0,0,0,0,0,0,0,0,0,0,11228026.84,0,0,11228026.84,0,0,11228026.84,0,0,14970702.45,0,0,11228026.84,0,0,11228026.84,0,0,11228026.84,0,0,11228026.84,0,0,14970702.45,0,0,14970702.45,0,0,11228026.84,0,0,11228026.84,0,0,11228026.84,0,0,11228026.84,0,0,11228026.84,0,0,11228026.84,0,0,11228026.84,0,0,11228026.84,0,0,11228026.84,0,0,11228026.84,0,0,11228026.84,0,0,11228026.84,0,0,11228026.84,0,0,11228026.84,0,0,11228026.84,0,0,11228026.84,0,0,11228026.84,0,0,11228026.84,0,0,11228026.84,0,0,11228026.84,0,0,11228026.84,0,0,11228026.84,0,0,11228026.84,0,0,11228026.84,0,0,11228026.84,0,0,11228026.84,0,0,11228026.84,0,0,11228026.84,0,0,11228026.84,0,0,11228026.84,,,0,0,0,11228026.84,0,0,11228026.84,0,0,11228026.84,0,0,11228026.84,0,0,11228026.84,0,0,11228026.84,0,0,11228026.84
0,2,Pfizer,2021-05-24,COVDIAB,0,0,0,0,0,0,0,0,0,0,0,0,0,0,0,0,0,0,0,0,0,0,0,0,0,0,0,0,0,0,0,0,0,0,0,0,0,0,0,0,0,0,0,0,0,0,0,0,0,0,293543.19,0,0,293543.19,0,0,293543.19,0,0,366131.31,0,0,302778.25,0,0,312613.28,0,0,302778.25,0,0,334333.31,0,0,307617.17,0,0,307617.17,0,0,293543.19,0,0,293543.19,0,0,293543.19,0,0,293543.19,0,0,293543.19,0,0,293543.19,0,0,298089.21,0,0,298089.21,0,0,293543.19,0,0,293543.19,0,0,293543.19,0,0,293543.19,0,0,293543.19,0,0,293543.19,0,0,293543.19,0,0,293543.19,0,0,293543.19,0,0,293543.19,0,0,293543.19,0,0,307617.17,0,0,307617.17,0,0,293543.19,0,0,293543.19,0,0,298089.21,0,0,298089.21,0,0,293543.19,0,0,293543.19,0,0,293543.19,0,0,293543.19,0,0,293543.19,0,0,2072866.49,0,0,293543.19,0,0,293543.19,0,0,293543.19,0,0,317774.34,0,0,298089.21,0,0,323108.69,0,0,293543.19
0,2,Pfizer,2021-05-31,COVDIAB,0,0,0,0,0,0,0,0,0,0,0,0,0,0,0,0,0,0,0,0,0,0,0,0,0,0,0,0,0,0,0,0,0,0,0,0,0,0,0,0,0,0,0,0,0,0,0,0,0,0,254219.48,0,0,254219.48,0,0,254219.48,0,0,311889.63,0,0,261116.9,0,0,268399.05,0,0,261116.9,0,0,284253.84,0,0,264707.9,0,0,264707.9,0,0,254219.48,0,0,254219.48,0,0,254219.48,0,0,254219.48,0,0,254219.48,0,0,254219.48,0,0,257622.03,0,0,257622.03,0,0,254219.48,0,0,254219.48,0,0,254219.48,0,0,254219.48,0,0,254219.48,0,0,254219.48,0,0,254219.48,0,0,254219.48,0,0,254219.48,0,0,254219.48,0,0,254219.48,0,0,264707.9,0,0,264707.9,0,0,254219.48,0,0,254219.48,0,0,257622.03,0,0,257622.03,0,0,254219.48,0,0,254219.48,0,0,254219.48,0,0,254219.48,0,0,254219.48,0,0,1820761.11,0,0,254219.48,0,0,254219.48,0,0,254219.48,0,0,272194.59,0,0,257622.03,0,0,276099.02,0,0,254219.48
0,1,J&J,2021-05-24,COVDIAB,0,0,0,0,0,0,0,0,0,0,0,0,0,0,0,0,0,0,0,0,0,0,0,0,0,0,0,0,0,0,0,0,0,0,0,0,0,0,0,0,0,0,0,0,0,0,0,0,0,0,26947264.41,0,0,26947264.41,0,0,26947264.41,0,0,26947264.41,0,0,26947264.41,0,0,26947264.41,0,0,26947264.41,0,0,26947264.41,0,0,26947264.41,0,0,26947264.41,0,0,26947264.41,0,0,26947264.41,0,0,26947264.41,0,0,26947264.41,0,0,26947264.41,0,0,26947264.41,0,0,26947264.41,0,0,26947264.41,0,0,26947264.41,0,0,26947264.41,0,0,26947264.41,0,0,26947264.41,0,0,26947264.41,0,0,26947264.41,0,0,26947264.41,0,0,26947264.41,0,0,26947264.41,0,0,26947264.41,0,0,26947264.41,0,0,26947264.41,0,0,26947264.41,0,0,26947264.41,0,0,26947264.41,0,0,26947264.41,0,0,26947264.41,0,0,26947264.41,0,0,26947264.41,0,0,26947264.41,0,0,26947264.41,0,0,26947264.41,0,0,26947264.41,0,0,26947264.41,0,0,26947264.41,0,0,26947264.41,0,0,26947264.41,0,0,26947264.41,0,0,26947264.41,0,0,26947264.41
0,1,J&J,2021-05-31,COVDIAB,0,0,0,0,0,0,0,0,0,0,0,0,0,0,0,0,0,0,0,0,0,0,0,0,0,0,0,0,0,0,0,0,0,0,0,0,0,0,0,0,0,0,0,0,0,0,0,0,0,0,12248756.55,0,0,12248756.55,0,0,12248756.55,0,0,12248756.55,0,0,12248756.55,0,0,12248756.55,0,0,12248756.55,0,0,12248756.55,0,0,12248756.55,0,0,12248756.55,0,0,12248756.55,0,0,12248756.55,0,0,12248756.55,0,0,12248756.55,0,0,12248756.55,0,0,12248756.55,0,0,12248756.55,0,0,12248756.55,0,0,12248756.55,0,0,12248756.55,0,0,12248756.55,0,0,12248756.55,0,0,12248756.55,0,0,12248756.55,0,0,12248756.55,0,0,12248756.55,0,0,12248756.55,0,0,12248756.55,0,0,12248756.55,0,0,12248756.55,0,0,12248756.55,0,0,12248756.55,0,0,12248756.55,0,0,12248756.55,0,0,12248756.55,0,0,12248756.55,0,0,12248756.55,0,0,12248756.55,0,0,12248756.55,0,0,12248756.55,0,0,19248046.01,0,0,12248756.55,0,0,12248756.55,0,0,12248756.55,0,0,12248756.55,0,0,12248756.55,0,0,12248756.55,0,0,12248756.55
0,1,J&J,2021-06-07,COVDIAB,0,0,0,0,0,0,0,0,0,0,0,0,0,0,0,0,0,0,0,0,0,0,0,0,0,0,0,0,0,0,0,0,0,0,0,0,0,0,0,0,0,0,0,0,0,0,0,0,0,0,9624023,0,0,9624023,0,0,9624023,0,0,9624023,0,0,9624023,0,0,9624023,0,0,9624023,0,0,9624023,0,0,9624023,0,0,9624023,0,0,9624023,0,0,9624023,0,0,9624023,0,0,9624023,0,0,9624023,0,0,9624023,0,0,9624023,0,0,9624023,0,0,9624023,0,0,9624023,0,0,9624023,0,0,9624023,0,0,9624023,0,0,9624023,0,0,9624023,0,0,9624023,0,0,9624023,0,0,9624023,0,0,9624023,0,0,9624023,0,0,9624023,0,0,9624023,0,0,9624023,0,0,9624023,0,0,9624023,0,0,9624023,0,0,9624023,0,0,9624023,0,0,9624023,0,0,9624023,0,0,19248046.01,0,0,9624023,0,0,9624023,0,0,9624023,0,0,9624023,0,0,9624023,0,0,9624023,0,0,9624023
0,1,J&J,2021-06-14,COVDIAB,0,0,0,0,0,0,0,0,0,0,0,0,0,0,0,0,0,0,0,0,0,0,0,0,0,0,0,0,0,0,0,0,0,0,0,0,0,0,0,0,0,0,0,0,0,0,0,0,0,0,6416015.34,0,0,6416015.34,0,0,6416015.34,0,0,6416015.34,0,0,6416015.34,0,0,6416015.34,0,0,6416015.34,0,0,9624023,0,0,6416015.34,0,0,6416015.34,0,0,6416015.34,0,0,6416015.34,0,0,6416015.34,0,0,6416015.34,0,0,6416015.34,0,0,6416015.34,0,0,6416015.34,0,0,6416015.34,0,0,6416015.34,0,0,6416015.34,0,0,6416015.34,0,0,6416015.34,0,0,6416015.34,0,0,6416015.34,0,0,6416015.34,0,0,6416015.34,0,0,6416015.34,0,0,6416015.34,0,0,6416015.34,0,0,6416015.34,0,0,6416015.34,0,0,6416015.34,0,0,6416015.34,0,0,6416015.34,0,0,6416015.34,0,0,6416015.34,0,0,6416015.34,0,0,6416015.34,0,0,6416015.34,0,0,6416015.34,0,0,19248046.01,0,0,6416015.34,0,0,6416015.34,0,0,6416015.34,0,0,6416015.34,0,0,6416015.34,0,0,6416015.34,0,0,6416015.34
0,1,J&J,2021-06-21,COVDIAB,0,0,0,0,0,0,0,0,0,0,0,0,0,0,0,0,0,0,0,0,0,0,0,0,0,0,0,0,0,0,0,0,0,0,0,0,0,0,0,0,0,0,0,0,0,0,0,0,0,0,6416015.34,0,0,6416015.34,0,0,6416015.34,0,0,6416015.34,0,0,6416015.34,0,0,6416015.34,0,0,6416015.34,0,0,9624023,0,0,6416015.34,0,0,6416015.34,0,0,6416015.34,0,0,6416015.34,0,0,6416015.34,0,0,6416015.34,0,0,6416015.34,0,0,6416015.34,0,0,6416015.34,0,0,6416015.34,0,0,6416015.34,0,0,6416015.34,0,0,6416015.34,0,0,6416015.34,0,0,6416015.34,0,0,6416015.34,0,0,6416015.34,0,0,6416015.34,0,0,6416015.34,0,0,6416015.34,0,0,6416015.34,0,0,6416015.34,0,0,6416015.34,0,0,6416015.34,0,0,6416015.34,0,0,6416015.34,0,0,6416015.34,0,0,6416015.34,0,0,6416015.34,0,0,6416015.34,0,0,6416015.34,0,0,6416015.34,0,0,19248046.01,0,0,6416015.34,0,0,6416015.34,0,0,6416015.34,0,0,6416015.34,0,0,6416015.34,0,0,6416015.34,0,0,6416015.34
0,1,J&J,2021-06-28,COVDIAB,0,0,0,0,0,0,0,0,0,0,0,0,0,0,0,0,0,0,0,0,0,0,0,0,0,0,0,0,0,0,0,0,0,0,0,0,0,0,0,0,0,0,0,0,0,0,0,0,0,0,14970702.45,0,0,14970702.45,0,0,14970702.45,0,0,14970702.45,0,0,14970702.45,0,0,14970702.45,0,0,14970702.45,0,0,22456053.68,0,0,14970702.45,0,0,14970702.45,0,0,14970702.45,0,0,14970702.45,0,0,14970702.45,0,0,14970702.45,0,0,14970702.45,0,0,14970702.45,0,0,14970702.45,0,0,14970702.45,0,0,14970702.45,0,0,14970702.45,0,0,14970702.45,0,0,14970702.45,0,0,14970702.45,0,0,14970702.45,0,0,14970702.45,0,0,14970702.45,0,0,14970702.45,0,0,14970702.45,0,0,14970702.45,0,0,14970702.45,0,0,14970702.45,0,0,14970702.45,0,0,14970702.45,0,0,14970702.45,0,0,14970702.45,0,0,14970702.45,0,0,14970702.45,0,0,14970702.45,0,0,14970702.45,0,0,14970702.45,0,0,44912107.35,0,0,14970702.45,0,0,14970702.45,0,0,14970702.45,0,0,14970702.45,0,0,14970702.45,0,0,14970702.45,0,0,14970702.45
0,1,Moderna,2021-04-26,COVDIAB,0,0,0,0,0,0,0,0,0,0,0,0,0,0,0,0,0,0,0,0,0,0,0,0,0,0,0,0,0,0,0,0,0,0,0,0,0,0,0,0,0,0,0,0,0,0,0,0,0,0,2694726.44,0,0,2694726.44,0,0,2694726.44,0,0,3133402.84,0,0,2694726.44,0,0,3133402.84,0,0,2694726.44,0,0,2694726.44,0,0,2694726.44,0,0,2694726.44,0,0,2694726.44,0,0,2694726.44,0,0,2694726.44,0,0,2694726.44,0,0,2694726.44,0,0,2694726.44,0,0,2694726.44,0,0,2694726.44,0,0,2694726.44,0,0,2694726.44,0,0,2694726.44,0,0,2694726.44,0,0,3133402.84,0,0,2694726.44,0,0,2694726.44,0,0,2694726.44,0,0,2694726.44,0,0,2694726.44,0,0,2694726.44,0,0,2694726.44,0,0,2694726.44,0,0,2694726.44,0,0,2694726.44,0,0,2694726.44,0,0,2694726.44,0,0,2694726.44,0,0,2694726.44,0,0,2694726.44,0,0,2694726.44,0,0,2694726.44,0,0,44912107.35,0,0,2694726.44,0,0,2694726.44,0,0,2694726.44,0,0,2694726.44,0,0,2694726.44,0,0,2694726.44,0,0,2694726.44
0,1,Moderna,2021-05-03,COVDIAB,0,0,0,0,0,0,0,0,0,0,0,0,0,0,0,0,0,0,0,0,0,0,0,0,0,0,0,0,0,0,0,0,0,0,0,0,0,0,0,0,0,0,0,0,0,0,0,0,0,0,2694726.44,0,0,2694726.44,0,0,2694726.44,0,0,3133402.84,0,0,2694726.44,0,0,3133402.84,0,0,2694726.44,0,0,2694726.44,0,0,2694726.44,0,0,2694726.44,0,0,2694726.44,0,0,2694726.44,0,0,2694726.44,0,0,2694726.44,0,0,2694726.44,0,0,2694726.44,0,0,2694726.44,0,0,2694726.44,0,0,2694726.44,0,0,2694726.44,0,0,2694726.44,0,0,2694726.44,0,0,3133402.84,0,0,2694726.44,0,0,2694726.44,0,0,2694726.44,0,0,2694726.44,0,0,2694726.44,0,0,2694726.44,0,0,2694726.44,0,0,2694726.44,0,0,2694726.44,0,0,2694726.44,0,0,2694726.44,0,0,2694726.44,0,0,2694726.44,0,0,2694726.44,0,0,2694726.44,0,0,2694726.44,0,0,2694726.44,,,0,0,0,2694726.44,0,0,2694726.44,0,0,2694726.44,0,0,2694726.44,0,0,2694726.44,0,0,2694726.44,0,0,2694726.44
0,1,Moderna,2021-05-10,COVDIAB,0,0,0,0,0,0,0,0,0,0,0,0,0,0,0,0,0,0,0,0,0,0,0,0,0,0,0,0,0,0,0,0,0,0,0,0,0,0,0,0,0,0,0,0,0,0,0,0,0,0,3062189.14,0,0,3062189.14,0,0,3062189.14,0,0,3742675.61,0,0,3062189.14,0,0,3641522.22,0,0,3062189.14,0,0,3062189.14,0,0,3062189.14,0,0,3062189.14,0,0,3062189.14,0,0,3062189.14,0,0,3062189.14,0,0,3062189.14,0,0,3062189.14,0,0,3062189.14,0,0,3062189.14,0,0,3062189.14,0,0,3062189.14,0,0,3062189.14,0,0,3062189.14,0,0,3062189.14,0,0,3641522.22,0,0,3062189.14,0,0,3062189.14,0,0,3062189.14,0,0,3062189.14,0,0,3062189.14,0,0,3062189.14,0,0,3062189.14,0,0,3062189.14,0,0,3062189.14,0,0,3062189.14,0,0,3062189.14,0,0,3062189.14,0,0,3062189.14,0,0,3062189.14,0,0,3062189.14,0,0,3062189.14,0,0,3062189.14,,,0,0,0,3062189.14,0,0,3062189.14,0,0,3062189.14,0,0,3062189.14,0,0,3062189.14,0,0,3062189.14,0,0,3062189.14
0,1,Moderna,2021-05-17,COVDIAB,0,0,0,0,0,0,0,0,0,0,0,0,0,0,0,0,0,0,0,0,0,0,0,0,0,0,0,0,0,0,0,0,0,0,0,0,0,0,0,0,0,0,0,0,0,0,0,0,0,0,3368408.05,0,0,3368408.05,0,0,3368408.05,0,0,4812011.5,0,0,3368408.05,0,0,3849609.2,0,0,3368408.05,0,0,3368408.05,0,0,3368408.05,0,0,3368408.05,0,0,3368408.05,0,0,3368408.05,0,0,3368408.05,0,0,3368408.05,0,0,3368408.05,0,0,3368408.05,0,0,3368408.05,0,0,3368408.05,0,0,3368408.05,0,0,3368408.05,0,0,3368408.05,0,0,3368408.05,0,0,3849609.2,0,0,3368408.05,0,0,3368408.05,0,0,3368408.05,0,0,3368408.05,0,0,3368408.05,0,0,3368408.05,0,0,3368408.05,0,0,3368408.05,0,0,3368408.05,0,0,3368408.05,0,0,3368408.05,0,0,3368408.05,0,0,3368408.05,0,0,3368408.05,0,0,3368408.05,0,0,3368408.05,0,0,3368408.05,,,0,0,0,3368408.05,0,0,3368408.05,0,0,3368408.05,0,0,3368408.05,0,0,3368408.05,0,0,3368408.05,0,0,3368408.05
0,1,Moderna,2021-05-24,COVDIAB,0,0,0,0,0,0,0,0,0,0,0,0,0,0,0,0,0,0,0,0,0,0,0,0,0,0,0,0,0,0,0,0,0,0,0,0,0,0,0,0,0,0,0,0,0,0,0,0,0,0,4346332.97,0,0,4346332.97,0,0,4346332.97,0,0,5614013.42,0,0,4346332.97,0,0,4346332.97,0,0,4346332.97,0,0,4346332.97,0,0,4346332.97,0,0,4346332.97,0,0,4346332.97,0,0,4346332.97,0,0,4346332.97,0,0,4346332.97,0,0,4346332.97,0,0,4346332.97,0,0,4346332.97,0,0,4346332.97,0,0,4346332.97,0,0,4346332.97,0,0,4346332.97,0,0,4346332.97,0,0,4346332.97,0,0,4346332.97,0,0,4346332.97,0,0,4346332.97,0,0,4346332.97,0,0,4346332.97,0,0,4346332.97,0,0,4346332.97,0,0,4346332.97,0,0,4346332.97,0,0,4346332.97,0,0,4346332.97,0,0,4346332.97,0,0,4346332.97,0,0,4346332.97,0,0,4346332.97,0,0,4346332.97,0,0,4346332.97,,,0,0,0,4346332.97,0,0,4346332.97,0,0,4346332.97,0,0,4346332.97,0,0,4346332.97,0,0,4346332.97,0,0,4346332.97
0,1,Moderna,2021-03-08,COVDIAB,0,0,0,0,0,0,0,0,0,0,0,0,0,0,0,0,0,0,0,0,0,0,0,0,0,0,0,0,0,0,0,0,0,0,0,0,0,0,0,0,0,0,0,0,0,0,0,0,0,0,44912107.35,0,0,44912107.35,0,0,44912107.35,,,0,,,0,,,0,0,0,44912107.35,0,0,44912107.35,0,0,44912107.35,0,0,44912107.35,0,0,44912107.35,0,0,44912107.35,0,0,44912107.35,0,0,44912107.35,0,0,44912107.35,0,0,44912107.35,,,0,,,0,0,0,44912107.35,0,0,44912107.35,0,0,44912107.35,0,0,44912107.35,0,0,44912107.35,0,0,44912107.35,0,0,44912107.35,0,0,44912107.35,0,0,44912107.35,0,0,44912107.35,0,0,44912107.35,0,0,44912107.35,0,0,44912107.35,0,0,44912107.35,0,0,44912107.35,0,0,44912107.35,0,0,44912107.35,0,0,44912107.35,0,0,44912107.35,0,0,44912107.35,0,0,44912107.35,0,0,44912107.35,,,0,0,0,44912107.35,0,0,44912107.35,0,0,44912107.35,0,0,44912107.35,0,0,44912107.35,0,0,44912107.35,0,0,44912107.35
0,1,Pfizer,2021-01-04,COVDIAB,0,0,0,0,0,0,0,0,0,0,0,0,0,0,0,0,0,0,0,0,0,0,0,0,0,0,0,0,0,0,0,0,0,0,0,0,0,0,0,0,0,0,0,0,0,0,0,0,0,0,22456053.68,0,0,22456053.68,0,0,22456053.68,0,0,22456053.68,0,0,22456053.68,0,0,22456053.68,0,0,22456053.68,0,0,22456053.68,0,0,22456053.68,0,0,22456053.68,0,0,22456053.68,0,0,22456053.68,0,0,22456053.68,0,0,22456053.68,0,0,22456053.68,0,0,22456053.68,0,0,22456053.68,0,0,22456053.68,0,0,22456053.68,0,0,22456053.68,0,0,22456053.68,0,0,22456053.68,0,0,22456053.68,0,0,22456053.68,0,0,22456053.68,0,0,22456053.68,0,0,22456053.68,0,0,22456053.68,0,0,22456053.68,0,0,22456053.68,0,0,22456053.68,0,0,22456053.68,0,0,22456053.68,0,0,22456053.68,0,0,22456053.68,0,0,22456053.68,0,0,22456053.68,0,0,22456053.68,0,0,22456053.68,0,0,22456053.68,0,0,22456053.68,0,0,22456053.68,0,0,22456053.68,0,0,22456053.68,0,0,22456053.68,0,0,22456053.68,0,0,22456053.68,0,0,22456053.68
0,1,Pfizer,2021-01-11,COVDIAB,0,0,0,0,0,0,0,0,0,0,0,0,0,0,0,0,0,0,0,0,0,0,0,0,0,0,0,0,0,0,0,0,0,0,0,0,0,0,0,0,0,0,0,0,0,0,0,0,0,0,6736816.1,0,0,6736816.1,0,0,6736816.1,0,0,6736816.1,0,0,6736816.1,0,0,6736816.1,0,0,6736816.1,0,0,6736816.1,0,0,6736816.1,0,0,6736816.1,0,0,6736816.1,0,0,6736816.1,0,0,6736816.1,0,0,6736816.1,0,0,6736816.1,0,0,6736816.1,0,0,6736816.1,0,0,6736816.1,0,0,6736816.1,0,0,6736816.1,0,0,6736816.1,0,0,6736816.1,0,0,6736816.1,0,0,6736816.1,0,0,6736816.1,0,0,6736816.1,0,0,6736816.1,0,0,6736816.1,0,0,6736816.1,0,0,6736816.1,0,0,6736816.1,0,0,6736816.1,0,0,6736816.1,0,0,6736816.1,0,0,6736816.1,0,0,6736816.1,0,0,6736816.1,0,0,6736816.1,0,0,6736816.1,0,0,6736816.1,0,0,9624023,0,0,6736816.1,0,0,6736816.1,0,0,6736816.1,0,0,6736816.1,0,0,6736816.1,0,0,6736816.1,0,0,6736816.1
0,1,Pfizer,2021-01-18,COVDIAB,0,0,0,0,0,0,0,0,0,0,0,0,0,0,0,0,0,0,0,0,0,0,0,0,0,0,0,0,0,0,0,0,0,0,0,0,0,0,0,0,0,0,0,0,0,0,0,0,0,0,6416015.34,0,0,6416015.34,0,0,6416015.34,0,0,6416015.34,0,0,6416015.34,0,0,6416015.34,0,0,6416015.34,0,0,6416015.34,0,0,6416015.34,0,0,6416015.34,0,0,6416015.34,0,0,6416015.34,0,0,6416015.34,0,0,6416015.34,0,0,6416015.34,0,0,6416015.34,0,0,6416015.34,0,0,6416015.34,0,0,6416015.34,0,0,6416015.34,0,0,6416015.34,0,0,6416015.34,0,0,6416015.34,0,0,6416015.34,0,0,6416015.34,0,0,6416015.34,0,0,6416015.34,0,0,6416015.34,0,0,6416015.34,0,0,6416015.34,0,0,6416015.34,0,0,6416015.34,0,0,6416015.34,0,0,6416015.34,0,0,6416015.34,0,0,6416015.34,0,0,6416015.34,0,0,6416015.34,0,0,6416015.34,0,0,6416015.34,0,0,9624023,0,0,6416015.34,0,0,6416015.34,0,0,6416015.34,0,0,6416015.34,0,0,6416015.34,0,0,6416015.34,0,0,6416015.34
0,1,Pfizer,2021-01-25,COVDIAB,0,0,0,0,0,0,0,0,0,0,0,0,0,0,0,0,0,0,0,0,0,0,0,0,0,0,0,0,0,0,0,0,0,0,0,0,0,0,0,0,0,0,0,0,0,0,0,0,0,0,7485351.23,0,0,7485351.23,0,0,7485351.23,0,0,7485351.23,0,0,7485351.23,0,0,7485351.23,0,0,7485351.23,0,0,7485351.23,0,0,7485351.23,0,0,7485351.23,0,0,7485351.23,0,0,7485351.23,0,0,7485351.23,0,0,7485351.23,0,0,7485351.23,0,0,7485351.23,0,0,7485351.23,0,0,7485351.23,0,0,7485351.23,0,0,7485351.23,0,0,7485351.23,0,0,7485351.23,0,0,7485351.23,0,0,7485351.23,0,0,7485351.23,0,0,7485351.23,0,0,7485351.23,0,0,7485351.23,0,0,7485351.23,0,0,7485351.23,0,0,7485351.23,0,0,7485351.23,0,0,7485351.23,0,0,7485351.23,0,0,7485351.23,0,0,7485351.23,0,0,7485351.23,0,0,7485351.23,0,0,7485351.23,0,0,7485351.23,0,0,12248756.55,0,0,7485351.23,0,0,7485351.23,0,0,7485351.23,0,0,7485351.23,0,0,7485351.23,0,0,7485351.23,0,0,7485351.23
0,2,Moderna,2021-04-05,COVDIAB,0,0,0,0,0,0,0,0,0,0,0,0,0,0,0,0,0,0,0,0,0,0,0,0,0,0,0,0,0,0,0,0,0,0,0,0,0,0,0,0,0,0,0,0,0,0,0,0,0,0,11228026.84,0,0,11228026.84,0,0,11228026.84,0,0,19248046.01,0,0,19248046.01,0,0,19248046.01,0,0,11228026.84,0,0,11228026.84,0,0,11228026.84,0,0,11228026.84,0,0,11228026.84,0,0,11228026.84,0,0,11228026.84,0,0,11228026.84,0,0,11228026.84,0,0,11228026.84,0,0,19248046.01,0,0,19248046.01,0,0,11228026.84,0,0,11228026.84,0,0,11228026.84,0,0,11228026.84,0,0,11228026.84,0,0,11228026.84,0,0,11228026.84,0,0,11228026.84,0,0,11228026.84,0,0,11228026.84,0,0,11228026.84,0,0,11228026.84,0,0,11228026.84,0,0,11228026.84,0,0,11228026.84,0,0,11228026.84,0,0,11228026.84,0,0,11228026.84,0,0,11228026.84,0,0,11228026.84,0,0,11228026.84,0,0,11228026.84,0,0,19248046.01,0,0,11228026.84,0,0,11228026.84,0,0,11228026.84,0,0,11228026.84,0,0,11228026.84,0,0,11228026.84,0,0,11228026.84
0,2,Moderna,2021-04-12,COVDIAB,0,0,0,0,0,0,0,0,0,0,0,0,0,0,0,0,0,0,0,0,0,0,0,0,0,0,0,0,0,0,0,0,0,0,0,0,0,0,0,0,0,0,0,0,0,0,0,0,0,0,9624023,0,0,9624023,0,0,9624023,0,0,19248046.01,0,0,19248046.01,0,0,19248046.01,0,0,9624023,0,0,9624023,0,0,9624023,0,0,9624023,0,0,9624023,0,0,9624023,0,0,9624023,0,0,9624023,0,0,9624023,0,0,9624023,0,0,19248046.01,0,0,19248046.01,0,0,9624023,0,0,9624023,0,0,9624023,0,0,9624023,0,0,9624023,0,0,9624023,0,0,9624023,0,0,9624023,0,0,9624023,0,0,9624023,0,0,9624023,0,0,9624023,0,0,9624023,0,0,9624023,0,0,9624023,0,0,9624023,0,0,9624023,0,0,9624023,0,0,9624023,0,0,9624023,0,0,9624023,0,0,9624023,0,0,19248046.01,0,0,9624023,0,0,9624023,0,0,9624023,0,0,9624023,0,0,9624023,0,0,9624023,0,0,9624023
0,2,Pfizer,2021-01-25,COVDIAB,0,0,0,0,0,0,0,0,0,0,0,0,0,0,0,0,0,0,0,0,0,0,0,0,0,0,0,0,0,0,0,0,0,0,0,0,0,0,0,0,0,0,0,0,0,0,0,0,0,0,44912107.35,0,0,44912107.35,0,0,44912107.35,0,0,44912107.35,0,0,44912107.35,0,0,44912107.35,0,0,44912107.35,0,0,44912107.35,0,0,44912107.35,0,0,44912107.35,0,0,44912107.35,0,0,44912107.35,0,0,44912107.35,0,0,44912107.35,0,0,44912107.35,0,0,44912107.35,0,0,44912107.35,0,0,44912107.35,0,0,44912107.35,0,0,44912107.35,0,0,44912107.35,0,0,44912107.35,0,0,44912107.35,0,0,44912107.35,0,0,44912107.35,0,0,44912107.35,0,0,44912107.35,0,0,44912107.35,0,0,44912107.35,0,0,44912107.35,0,0,44912107.35,0,0,44912107.35,0,0,44912107.35,0,0,44912107.35,0,0,44912107.35,0,0,44912107.35,0,0,44912107.35,0,0,44912107.35,0,0,44912107.35,0,0,44912107.35,0,0,44912107.35,0,0,44912107.35,0,0,44912107.35,0,0,44912107.35,0,0,44912107.35,0,0,44912107.35,0,0,44912107.35,0,0,44912107.35
0,2,Pfizer,2021-02-01,COVDIAB,0,0,0,0,0,0,0,0,0,0,0,0,0,0,0,0,0,0,0,0,0,0,0,0,0,0,0,0,0,0,0,0,0,0,0,0,0,0,0,0,0,0,0,0,0,0,0,0,0,0,14970702.45,0,0,14970702.45,0,0,14970702.45,0,0,14970702.45,0,0,14970702.45,0,0,14970702.45,0,0,14970702.45,0,0,14970702.45,0,0,14970702.45,0,0,14970702.45,0,0,14970702.45,0,0,14970702.45,0,0,14970702.45,0,0,14970702.45,0,0,14970702.45,0,0,14970702.45,0,0,14970702.45,0,0,14970702.45,0,0,14970702.45,0,0,14970702.45,0,0,14970702.45,0,0,14970702.45,0,0,14970702.45,0,0,14970702.45,0,0,14970702.45,0,0,14970702.45,0,0,14970702.45,0,0,14970702.45,0,0,14970702.45,0,0,14970702.45,0,0,14970702.45,0,0,14970702.45,0,0,14970702.45,0,0,14970702.45,0,0,14970702.45,0,0,14970702.45,0,0,14970702.45,0,0,14970702.45,0,0,14970702.45,0,0,14970702.45,0,0,19248046.01,0,0,14970702.45,0,0,14970702.45,0,0,14970702.45,0,0,14970702.45,0,0,14970702.45,0,0,14970702.45,0,0,14970702.45
0,2,Pfizer,2021-02-08,COVDIAB,0,0,0,0,0,0,0,0,0,0,0,0,0,0,0,0,0,0,0,0,0,0,0,0,0,0,0,0,0,0,0,0,0,0,0,0,0,0,0,0,0,0,0,0,0,0,0,0,0,0,9624023,0,0,9624023,0,0,9624023,0,0,9624023,0,0,9624023,0,0,9624023,0,0,9624023,0,0,9624023,0,0,9624023,0,0,9624023,0,0,9624023,0,0,9624023,0,0,9624023,0,0,9624023,0,0,9624023,0,0,9624023,0,0,9624023,0,0,9624023,0,0,9624023,0,0,9624023,0,0,9624023,0,0,9624023,0,0,9624023,0,0,9624023,0,0,9624023,0,0,9624023,0,0,9624023,0,0,9624023,0,0,9624023,0,0,9624023,0,0,9624023,0,0,9624023,0,0,9624023,0,0,9624023,0,0,9624023,0,0,9624023,0,0,9624023,0,0,9624023,0,0,9624023,0,0,9624023,0,0,19248046.01,0,0,9624023,0,0,9624023,0,0,9624023,0,0,9624023,0,0,9624023,0,0,9624023,0,0,9624023
0,2,Pfizer,2021-02-15,COVDIAB,0,0,0,0,0,0,0,0,0,0,0,0,0,0,0,0,0,0,0,0,0,0,0,0,0,0,0,0,0,0,0,0,0,0,0,0,0,0,0,0,0,0,0,0,0,0,0,0,0,0,9624023,0,0,9624023,0,0,9624023,0,0,9624023,0,0,9624023,0,0,9624023,0,0,9624023,0,0,9624023,0,0,9624023,0,0,9624023,0,0,9624023,0,0,9624023,0,0,9624023,0,0,9624023,0,0,9624023,0,0,9624023,0,0,9624023,0,0,9624023,0,0,9624023,0,0,9624023,0,0,9624023,0,0,9624023,0,0,9624023,0,0,9624023,0,0,9624023,0,0,9624023,0,0,9624023,0,0,9624023,0,0,9624023,0,0,9624023,0,0,9624023,0,0,9624023,0,0,9624023,0,0,9624023,0,0,9624023,0,0,9624023,0,0,9624023,0,0,9624023,0,0,9624023,0,0,9624023,0,0,19248046.01,0,0,9624023,0,0,9624023,0,0,9624023,0,0,9624023,0,0,9624023,0,0,9624023,0,0,9624023
0,2,Pfizer,2021-02-22,COVDIAB,0,0,0,0,0,0,0,0,0,0,0,0,0,0,0,0,0,0,0,0,0,0,0,0,0,0,0,0,0,0,0,0,0,0,0,0,0,0,0,0,0,0,0,0,0,0,0,0,0,0,9624023,0,0,9624023,0,0,9624023,0,0,9624023,0,0,9624023,0,0,9624023,0,0,9624023,0,0,9624023,0,0,9624023,0,0,9624023,0,0,9624023,0,0,9624023,0,0,9624023,0,0,9624023,0,0,9624023,0,0,9624023,0,0,9624023,0,0,9624023,0,0,9624023,0,0,9624023,0,0,9624023,0,0,9624023,0,0,9624023,0,0,9624023,0,0,9624023,0,0,9624023,0,0,9624023,0,0,9624023,0,0,9624023,0,0,9624023,0,0,9624023,0,0,9624023,0,0,9624023,0,0,9624023,0,0,9624023,0,0,9624023,0,0,9624023,0,0,9624023,0,0,9624023,0,0,9624023,0,0,19248046.01,0,0,9624023,0,0,9624023,0,0,9624023,0,0,9624023,0,0,9624023,0,0,9624023,0,0,9624023
0,2,Pfizer,2021-03-01,COVDIAB,0,0,0,0,0,0,0,0,0,0,0,0,0,0,0,0,0,0,0,0,0,0,0,0,0,0,0,0,0,0,0,0,0,0,0,0,0,0,0,0,0,0,0,0,0,0,0,0,0,0,9624023,0,0,9624023,0,0,9624023,0,0,9624023,0,0,9624023,0,0,9624023,0,0,9624023,0,0,9624023,0,0,9624023,0,0,9624023,0,0,9624023,0,0,9624023,0,0,9624023,0,0,9624023,0,0,9624023,0,0,9624023,0,0,9624023,0,0,9624023,0,0,9624023,0,0,9624023,0,0,9624023,0,0,9624023,0,0,9624023,0,0,9624023,0,0,9624023,0,0,9624023,0,0,9624023,0,0,9624023,0,0,9624023,0,0,9624023,0,0,9624023,0,0,9624023,0,0,9624023,0,0,9624023,0,0,9624023,0,0,9624023,0,0,9624023,0,0,9624023,0,0,9624023,0,0,9624023,0,0,19248046.01,0,0,9624023,0,0,9624023,0,0,9624023,0,0,9624023,0,0,9624023,0,0,9624023,0,0,9624023
0,2,Pfizer,2021-03-08,COVDIAB,0,0,0,0,0,0,0,0,0,0,0,0,0,0,0,0,0,0,0,0,0,0,0,0,0,0,0,0,0,0,0,0,0,0,0,0,0,0,0,0,0,0,0,0,0,0,0,0,0,0,9624023,0,0,9624023,0,0,9624023,0,0,9624023,0,0,9624023,0,0,9624023,0,0,9624023,0,0,9624023,0,0,9624023,0,0,9624023,0,0,9624023,0,0,9624023,0,0,9624023,0,0,9624023,0,0,9624023,0,0,9624023,0,0,9624023,0,0,9624023,0,0,9624023,0,0,9624023,0,0,9624023,0,0,9624023,0,0,9624023,0,0,9624023,0,0,9624023,0,0,9624023,0,0,9624023,0,0,9624023,0,0,9624023,0,0,9624023,0,0,9624023,0,0,9624023,0,0,9624023,0,0,9624023,0,0,9624023,0,0,9624023,0,0,9624023,0,0,9624023,0,0,9624023,0,0,9624023,0,0,19248046.01,0,0,9624023,0,0,9624023,0,0,9624023,0,0,9624023,0,0,9624023,0,0,9624023,0,0,9624023
0,2,Pfizer,2021-03-15,COVDIAB,0,0,0,0,0,0,0,0,0,0,0,0,0,0,0,0,0,0,0,0,0,0,0,0,0,0,0,0,0,0,0,0,0,0,0,0,0,0,0,0,0,0,0,0,0,0,0,0,0,0,7485351.23,0,0,7485351.23,0,0,7485351.23,0,0,8421020.13,0,0,8421020.13,0,0,8421020.13,0,0,7485351.23,0,0,7485351.23,0,0,7485351.23,0,0,7485351.23,0,0,7485351.23,0,0,7485351.23,0,0,7485351.23,0,0,7485351.23,0,0,7485351.23,0,0,7485351.23,0,0,7485351.23,0,0,7485351.23,0,0,7485351.23,0,0,7485351.23,0,0,7485351.23,0,0,7485351.23,0,0,7485351.23,0,0,7485351.23,0,0,7485351.23,0,0,7485351.23,0,0,7485351.23,0,0,7485351.23,0,0,7485351.23,0,0,7485351.23,0,0,7485351.23,0,0,7485351.23,0,0,7485351.23,0,0,7485351.23,0,0,7485351.23,0,0,7485351.23,0,0,7485351.23,0,0,7485351.23,0,0,7485351.23,0,0,7485351.23,0,0,19248046.01,0,0,7485351.23,0,0,7485351.23,0,0,7485351.23,0,0,7485351.23,0,0,7485351.23,0,0,7485351.23,0,0,7485351.23
0,2,Pfizer,2021-03-22,COVDIAB,0,0,0,0,0,0,0,0,0,0,0,0,0,0,0,0,0,0,0,0,0,0,0,0,0,0,0,0,0,0,0,0,0,0,0,0,0,0,0,0,0,0,0,0,0,0,0,0,0,0,3286251.76,0,0,3286251.76,0,0,3286251.76,0,0,3962833,0,0,3962833,0,0,3962833,0,0,3286251.76,0,0,3286251.76,0,0,3286251.76,0,0,3286251.76,0,0,3286251.76,0,0,3286251.76,0,0,3286251.76,0,0,3286251.76,0,0,3286251.76,0,0,3286251.76,0,0,3286251.76,0,0,3286251.76,0,0,3286251.76,0,0,3286251.76,0,0,3286251.76,0,0,3286251.76,0,0,3286251.76,0,0,3286251.76,0,0,3286251.76,0,0,3286251.76,0,0,3286251.76,0,0,3286251.76,0,0,3286251.76,0,0,3286251.76,0,0,3286251.76,0,0,3286251.76,0,0,3286251.76,0,0,3286251.76,0,0,3286251.76,0,0,3286251.76,0,0,3286251.76,0,0,3286251.76,0,0,3286251.76,0,0,3286251.76,0,0,19248046.01,0,0,3286251.76,0,0,3286251.76,0,0,3286251.76,0,0,3286251.76,0,0,3286251.76,0,0,3286251.76,0,0,3286251.76
0,2,Pfizer,2021-03-29,COVDIAB,0,0,0,0,0,0,0,0,0,0,0,0,0,0,0,0,0,0,0,0,0,0,0,0,0,0,0,0,0,0,0,0,0,0,0,0,0,0,0,0,0,0,0,0,0,0,0,0,0,0,1897694.68,0,0,1897694.68,0,0,1897694.68,0,0,2173166.48,0,0,2105255.03,0,0,2208792.16,0,0,2010989.88,0,0,2105255.03,0,0,2072866.49,0,0,2072866.49,0,0,1897694.68,0,0,1897694.68,0,0,1897694.68,0,0,1897694.68,0,0,1897694.68,0,0,1897694.68,0,0,1897694.68,0,0,1897694.68,0,0,1897694.68,0,0,1897694.68,0,0,1897694.68,0,0,1897694.68,0,0,1897694.68,0,0,1897694.68,0,0,1897694.68,0,0,1897694.68,0,0,1897694.68,0,0,1897694.68,0,0,1897694.68,0,0,1897694.68,0,0,1897694.68,0,0,1897694.68,0,0,1897694.68,0,0,1897694.68,0,0,1897694.68,0,0,1897694.68,0,0,1897694.68,0,0,1897694.68,0,0,1897694.68,0,0,1897694.68,0,0,8421020.13,0,0,1897694.68,0,0,1897694.68,0,0,1897694.68,0,0,2010989.88,0,0,1897694.68,0,0,2010989.88,0,0,1897694.68
0,2,Pfizer,2021-04-05,COVDIAB,0,0,0,0,0,0,0,0,0,0,0,0,0,0,0,0,0,0,0,0,0,0,0,0,0,0,0,0,0,0,0,0,0,0,0,0,0,0,0,0,0,0,0,0,0,0,0,0,0,0,1271097.38,0,0,1271097.38,0,0,1271097.38,0,0,1464525.24,0,0,1360972.95,0,0,1464525.24,0,0,1360972.95,0,0,1464525.24,0,0,1360972.95,0,0,1360972.95,0,0,1271097.38,0,0,1271097.38,0,0,1271097.38,0,0,1271097.38,0,0,1271097.38,0,0,1271097.38,0,0,1271097.38,0,0,1271097.38,0,0,1271097.38,0,0,1271097.38,0,0,1271097.38,0,0,1271097.38,0,0,1271097.38,0,0,1271097.38,0,0,1271097.38,0,0,1271097.38,0,0,1271097.38,0,0,1271097.38,0,0,1271097.38,0,0,1271097.38,0,0,1271097.38,0,0,1271097.38,0,0,1271097.38,0,0,1271097.38,0,0,1271097.38,0,0,1271097.38,0,0,1271097.38,0,0,1271097.38,0,0,1271097.38,0,0,1271097.38,0,0,4812011.5,0,0,1271097.38,0,0,1271097.38,0,0,1271097.38,0,0,1360972.95,0,0,1271097.38,0,0,1360972.95,0,0,1271097.38
0,2,Pfizer,2021-04-12,COVDIAB,0,0,0,0,0,0,0,0,0,0,0,0,0,0,0,0,0,0,0,0,0,0,0,0,0,0,0,0,0,0,0,0,0,0,0,0,0,0,0,0,0,0,0,0,0,0,0,0,0,0,1095417.25,0,0,1095417.25,0,0,1095417.25,0,0,1236113.05,0,0,1161520.02,0,0,1236113.05,0,0,1161520.02,0,0,1236113.05,0,0,1161520.02,0,0,1161520.02,0,0,1095417.25,0,0,1095417.25,0,0,1095417.25,0,0,1095417.25,0,0,1095417.25,0,0,1095417.25,0,0,1095417.25,0,0,1095417.25,0,0,1095417.25,0,0,1095417.25,0,0,1095417.25,0,0,1095417.25,0,0,1095417.25,0,0,1095417.25,0,0,1095417.25,0,0,1095417.25,0,0,1095417.25,0,0,1095417.25,0,0,1095417.25,0,0,1095417.25,0,0,1095417.25,0,0,1095417.25,0,0,1095417.25,0,0,1095417.25,0,0,1095417.25,0,0,1095417.25,0,0,1095417.25,0,0,1095417.25,0,0,1095417.25,0,0,1095417.25,0,0,4812011.5,0,0,1095417.25,0,0,1095417.25,0,0,1095417.25,0,0,1161520.02,0,0,1095417.25,0,0,1161520.02,0,0,1095417.25
0,2,Pfizer,2021-04-19,COVDIAB,0,0,0,0,0,0,0,0,0,0,0,0,0,0,0,0,0,0,0,0,0,0,0,0,0,0,0,0,0,0,0,0,0,0,0,0,0,0,0,0,0,0,0,0,0,0,0,0,0,0,811664.59,0,0,811664.59,0,0,811664.59,0,0,910380.55,0,0,847398.25,0,0,886423.17,0,0,847398.25,0,0,892293.52,0,0,847398.25,0,0,847398.25,0,0,811664.59,0,0,811664.59,0,0,811664.59,0,0,811664.59,0,0,811664.59,0,0,811664.59,0,0,821562.94,0,0,821562.94,0,0,811664.59,0,0,811664.59,0,0,811664.59,0,0,811664.59,0,0,811664.59,0,0,811664.59,0,0,811664.59,0,0,811664.59,0,0,811664.59,0,0,811664.59,0,0,811664.59,0,0,821562.94,0,0,821562.94,0,0,811664.59,0,0,811664.59,0,0,811664.59,0,0,811664.59,0,0,811664.59,0,0,811664.59,0,0,811664.59,0,0,811664.59,0,0,811664.59,0,0,4812011.5,0,0,811664.59,0,0,811664.59,0,0,811664.59,0,0,858193.13,0,0,811664.59,0,0,858193.13,0,0,811664.59
0,2,Pfizer,2021-04-26,COVDIAB,0,0,0,0,0,0,0,0,0,0,0,0,0,0,0,0,0,0,0,0,0,0,0,0,0,0,0,0,0,0,0,0,0,0,0,0,0,0,0,0,0,0,0,0,0,0,0,0,0,0,543291.62,0,0,543291.62,0,0,543291.62,0,0,654059.82,0,0,559071.88,0,0,575796.25,0,0,559071.88,0,0,598828.1,0,0,573346.05,0,0,573346.05,0,0,543291.62,0,0,543291.62,0,0,543291.62,0,0,543291.62,0,0,543291.62,0,0,543291.62,0,0,559071.88,0,0,559071.88,0,0,543291.62,0,0,543291.62,0,0,543291.62,0,0,543291.62,0,0,543291.62,0,0,543291.62,0,0,543291.62,0,0,543291.62,0,0,543291.62,0,0,543291.62,0,0,543291.62,0,0,561401.34,0,0,561401.34,0,0,543291.62,0,0,543291.62,0,0,543291.62,0,0,543291.62,0,0,543291.62,0,0,543291.62,0,0,543291.62,0,0,543291.62,0,0,543291.62,0,0,3133402.84,0,0,543291.62,0,0,543291.62,0,0,543291.62,0,0,578267.48,0,0,543291.62,0,0,578267.48,0,0,543291.62
0,2,Pfizer,2021-05-03,COVDIAB,0,0,0,0,0,0,0,0,0,0,0,0,0,0,0,0,0,0,0,0,0,0,0,0,0,0,0,0,0,0,0,0,0,0,0,0,0,0,0,0,0,0,0,0,0,0,0,0,0,0,397452.28,0,0,397452.28,0,0,397452.28,0,0,506527.53,0,0,408291.89,0,0,422370.92,0,0,408291.89,0,0,455190.28,0,0,417140.32,0,0,417140.32,0,0,397452.28,0,0,397452.28,0,0,397452.28,0,0,397452.28,0,0,397452.28,0,0,397452.28,0,0,405832.3,0,0,405832.3,0,0,397452.28,0,0,397452.28,0,0,397452.28,0,0,397452.28,0,0,397452.28,0,0,397452.28,0,0,397452.28,0,0,397452.28,0,0,397452.28,0,0,397452.28,0,0,397452.28,0,0,414573.3,0,0,414573.3,0,0,397452.28,0,0,397452.28,0,0,403402.16,0,0,403402.16,0,0,397452.28,0,0,397452.28,0,0,397452.28,0,0,397452.28,0,0,397452.28,0,0,2542194.76,0,0,397452.28,0,0,397452.28,0,0,397452.28,0,0,426380.77,0,0,403402.16,0,0,433235.76,0,0,397452.28
0,2,Pfizer,2021-05-10,COVDIAB,0,0,0,0,0,0,0,0,0,0,0,0,0,0,0,0,0,0,0,0,0,0,0,0,0,0,0,0,0,0,0,0,0,0,0,0,0,0,0,0,0,0,0,0,0,0,0,0,0,0,327825.6,0,0,327825.6,0,0,327825.6,0,0,413301.6,0,0,339386.2,0,0,351791.96,0,0,339386.2,0,0,376358.44,0,0,345477.75,0,0,345477.75,0,0,327825.6,0,0,327825.6,0,0,327825.6,0,0,327825.6,0,0,327825.6,0,0,327825.6,0,0,333505.75,0,0,333505.75,0,0,327825.6,0,0,327825.6,0,0,327825.6,0,0,327825.6,0,0,327825.6,0,0,327825.6,0,0,327825.6,0,0,327825.6,0,0,327825.6,0,0,327825.6,0,0,327825.6,0,0,342840.51,0,0,342840.51,0,0,327825.6,0,0,327825.6,0,0,333505.75,0,0,333505.75,0,0,327825.6,0,0,327825.6,0,0,327825.6,0,0,327825.6,0,0,327825.6,0,0,2173166.48,0,0,327825.6,0,0,327825.6,0,0,327825.6,0,0,355504.81,0,0,333505.75,0,0,362194.41,0,0,327825.6
0,2,Pfizer,2021-05-17,COVDIAB,0,0,0,0,0,0,0,0,0,0,0,0,0,0,0,0,0,0,0,0,0,0,0,0,0,0,0,0,0,0,0,0,0,0,0,0,0,0,0,0,0,0,0,0,0,0,0,0,0,0,305524.54,0,0,305524.54,0,0,305524.54,0,0,384960.92,0,0,315541.74,0,0,326238.07,0,0,315541.74,0,0,349964.47,0,0,320800.77,0,0,320800.77,0,0,305524.54,0,0,305524.54,0,0,305524.54,0,0,305524.54,0,0,305524.54,0,0,305524.54,0,0,310452.35,0,0,310452.35,0,0,305524.54,0,0,305524.54,0,0,305524.54,0,0,305524.54,0,0,305524.54,0,0,305524.54,0,0,305524.54,0,0,305524.54,0,0,305524.54,0,0,305524.54,0,0,305524.54,0,0,320800.77,0,0,320800.77,0,0,305524.54,0,0,305524.54,0,0,310452.35,0,0,310452.35,0,0,305524.54,0,0,305524.54,0,0,305524.54,0,0,305524.54,0,0,305524.54,0,0,2138671.78,0,0,305524.54,0,0,305524.54,0,0,305524.54,0,0,331862.86,0,0,310452.35,0,0,337685.02,0,0,305524.54
0,2,Pfizer,2021-06-07,COVDIAB,0,0,0,0,0,0,0,0,0,0,0,0,0,0,0,0,0,0,0,0,0,0,0,0,0,0,0,0,0,0,0,0,0,0,0,0,0,0,0,0,0,0,0,0,0,0,0,0,0,0,252788.6,0,0,252788.6,0,0,252788.6,0,0,309738.67,0,0,259607.56,0,0,266804.6,0,0,259607.56,0,0,282466.08,0,0,263156.88,0,0,263156.88,0,0,252788.6,0,0,252788.6,0,0,252788.6,0,0,252788.6,0,0,252788.6,0,0,252788.6,0,0,256152.7,0,0,256152.7,0,0,252788.6,0,0,252788.6,0,0,252788.6,0,0,252788.6,0,0,252788.6,0,0,252788.6,0,0,252788.6,0,0,252788.6,0,0,252788.6,0,0,252788.6,0,0,252788.6,0,0,263156.88,0,0,263156.88,0,0,252788.6,0,0,252788.6,0,0,256152.7,0,0,256152.7,0,0,252788.6,0,0,252788.6,0,0,252788.6,0,0,252788.6,0,0,252788.6,0,0,1924804.6,0,0,252788.6,0,0,252788.6,0,0,252788.6,0,0,270554.86,0,0,256152.7,0,0,274412.06,0,0,252788.6
0,2,Pfizer,2021-06-14,COVDIAB,0,0,0,0,0,0,0,0,0,0,0,0,0,0,0,0,0,0,0,0,0,0,0,0,0,0,0,0,0,0,0,0,0,0,0,0,0,1,0,0,0,0,0,0,0,0,0,0,0,0,249974.62,0,0,249974.62,0,0,249974.62,0,0,305524.54,0,0,256640.61,0,0,263671.86,0,0,256640.61,0,0,278957.19,0,0,260108.73,0,0,260108.73,0,0,249974.62,0,0,249974.62,0,0,249974.62,0,0,249974.62,0,0,249974.62,0,0,249974.62,0,0,253263.76,0,0,253263.76,0,0,249974.62,0,0,249974.62,0,0,249974.62,0,0,249974.62,0,0,249974.62,0,0,249974.62,0,0,249974.62,0,0,249974.62,0,0,249974.62,0,0,249974.62,0,0,249974.62,0,0,260108.73,0,0,260108.73,0,0,249974.62,0,0,249974.62,0,0,253263.76,0,0,253263.76,0,0,249974.62,0,0,249974.62,0,0,249974.62,0,0,249974.62,0,0,249974.62,529347.83,13401.93,2949337.32,0,0,249974.62,0,0,249974.62,0,0,249974.62,0,0,267333.97,0,0,253263.76,0,0,271099.24,0,0,249974.62
0,2,Pfizer,2021-06-21,COVDIAB,0,0,0,0,0,0,0,0,0,0,0,0,0,0,0,0,0,0,0,0,0,0,0,0,0,0,0,0,0,0,0,0,0,0,0,0,0,0,0,0,0,0,0,0,0,0,0,0,0,0,249974.62,0,0,249974.62,0,0,249974.62,0,0,305524.54,0,0,256640.61,0,0,263671.86,0,0,256640.61,0,0,278957.19,0,0,260108.73,0,0,260108.73,0,0,249974.62,0,0,249974.62,0,0,249974.62,0,0,249974.62,0,0,249974.62,0,0,249974.62,0,0,253263.76,0,0,253263.76,0,0,249974.62,0,0,249974.62,0,0,249974.62,0,0,249974.62,0,0,249974.62,0,0,249974.62,0,0,249974.62,0,0,249974.62,0,0,249974.62,0,0,249974.62,0,0,249974.62,0,0,260108.73,0,0,260108.73,0,0,249974.62,0,0,249974.62,0,0,253263.76,0,0,253263.76,0,0,249974.62,0,0,249974.62,0,0,249974.62,0,0,249974.62,0,0,249974.62,0,0,2138671.78,0,0,249974.62,0,0,249974.62,0,0,249974.62,0,0,267333.97,0,0,253263.76,0,0,271099.24,0,0,249974.62
0,2,Pfizer,2021-06-28,COVDIAB,0,0,0,0,0,0,0,0,0,0,0,0,0,0,0,0,0,0,0,0,0,0,0,0,0,0,0,0,0,0,0,0,0,0,0,0,0,0,0,0,0,0,0,0,0,0,0,0,0,0,575796.25,0,0,575796.25,0,0,575796.25,0,0,701751.68,0,0,590948.78,0,0,606920.37,0,0,590948.78,0,0,641601.53,0,0,598828.1,0,0,598828.1,0,0,575796.25,0,0,575796.25,0,0,575796.25,0,0,575796.25,0,0,575796.25,0,0,575796.25,0,0,583274.12,0,0,583274.12,0,0,575796.25,0,0,575796.25,0,0,575796.25,0,0,575796.25,0,0,575796.25,0,0,575796.25,0,0,575796.25,0,0,575796.25,0,0,575796.25,0,0,575796.25,0,0,575796.25,0,0,598828.1,0,0,598828.1,0,0,575796.25,0,0,575796.25,0,0,583274.12,0,0,583274.12,0,0,575796.25,0,0,575796.25,0,0,575796.25,0,0,575796.25,0,0,575796.25,0,0,4990234.15,0,0,575796.25,0,0,575796.25,0,0,575796.25,0,0,615234.35,0,0,583274.12,0,0,623779.27,0,0,575796.25
0,1,AstraZeneca,2021-04-26,COVDIAB,0,0,0,0,0,0,0,0,0,0,0,0,0,0,0,0,0,0,0,0,0,0,0,0,0,0,0,0,0,0,0,0,0,0,0,0,0,1,0,0,0,0,0,0,0,0,0,0,0,0,3133402.84,0,0,3133402.84,0,0,3133402.84,0,0,4646080.07,0,0,3133402.84,0,0,3133402.84,0,0,3133402.84,0,0,3133402.84,0,0,3133402.84,0,0,3133402.84,0,0,3133402.84,0,0,3133402.84,0,0,3133402.84,0,0,3133402.84,0,0,3133402.84,0,0,3133402.84,0,0,3133402.84,0,0,3133402.84,0,0,3133402.84,0,0,3133402.84,0,0,3133402.84,0,0,3133402.84,0,0,3133402.84,0,0,3133402.84,0,0,3133402.84,0,0,3133402.84,0,0,3133402.84,0,0,3133402.84,0,0,3133402.84,0,0,3133402.84,0,0,3133402.84,0,0,3133402.84,0,0,3133402.84,0,0,3133402.84,0,0,3133402.84,0,0,3133402.84,0,0,3133402.84,0,0,3133402.84,0,0,3133402.84,0,0,3133402.84,1588043.48,40205.78,8848011.95,0,0,3133402.84,0,0,3133402.84,0,0,3133402.84,0,0,3133402.84,0,0,3133402.84,0,0,3133402.84,0,0,3133402.84
0,1,AstraZeneca,2021-05-03,COVDIAB,0,0,0,0,0,0,0,0,0,0,0,0,0,0,0,0,0,0,0,0,0,0,0,0,0,0,0,0,0,0,0,0,0,0,0,0,0,0,0,0,0,0,0,0,0,0,0,0,0,0,2041459.43,0,0,2041459.43,0,0,2041459.43,0,0,2591083.12,0,0,2041459.43,0,0,2041459.43,0,0,2041459.43,0,0,2041459.43,0,0,2041459.43,0,0,2041459.43,0,0,2041459.43,0,0,2041459.43,0,0,2041459.43,0,0,2041459.43,0,0,2041459.43,0,0,2041459.43,0,0,2041459.43,0,0,2041459.43,0,0,2041459.43,0,0,2041459.43,0,0,2041459.43,0,0,2041459.43,0,0,2041459.43,0,0,2041459.43,0,0,2041459.43,0,0,2041459.43,0,0,2041459.43,0,0,2041459.43,0,0,2041459.43,0,0,2041459.43,0,0,2041459.43,0,0,2041459.43,0,0,2041459.43,0,0,2041459.43,0,0,2041459.43,0,0,2041459.43,0,0,2041459.43,0,0,2041459.43,0,0,2041459.43,0,0,2041459.43,0,0,6416015.34,0,0,2041459.43,0,0,2041459.43,0,0,2041459.43,0,0,2041459.43,0,0,2041459.43,0,0,2041459.43,0,0,2041459.43
0,1,AstraZeneca,2021-05-10,COVDIAB,0,0,0,0,0,0,0,0,0,0,0,0,0,0,0,0,0,0,0,0,0,0,0,0,0,0,0,0,0,0,0,0,0,0,0,0,0,0,0,0,0,0,0,0,0,0,0,0,0,0,1820761.11,0,0,1820761.11,0,0,1820761.11,0,0,2245605.37,0,0,1820761.11,0,0,1820761.11,0,0,1820761.11,0,0,1820761.11,0,0,1820761.11,0,0,1820761.11,0,0,1820761.11,0,0,1820761.11,0,0,1820761.11,0,0,1820761.11,0,0,1820761.11,0,0,1820761.11,0,0,1820761.11,0,0,1820761.11,0,0,1820761.11,0,0,1820761.11,0,0,1820761.11,0,0,1820761.11,0,0,1820761.11,0,0,1820761.11,0,0,1820761.11,0,0,1820761.11,0,0,1820761.11,0,0,1820761.11,0,0,1820761.11,0,0,1820761.11,0,0,1820761.11,0,0,1820761.11,0,0,1820761.11,0,0,1820761.11,0,0,1820761.11,0,0,1820761.11,0,0,1820761.11,0,0,1820761.11,0,0,1820761.11,0,0,1820761.11,0,0,5389452.88,0,0,1820761.11,0,0,1820761.11,0,0,1820761.11,0,0,1820761.11,0,0,1820761.11,0,0,1820761.11,0,0,1820761.11
0,1,AstraZeneca,2021-05-17,COVDIAB,0,0,0,0,0,0,0,0,0,0,0,0,0,0,0,0,0,0,0,0,0,0,0,0,0,0,0,0,0,0,0,0,0,0,0,0,0,0,0,0,0,0,0,0,0,0,0,0,0,0,1604003.83,0,0,1604003.83,0,0,1604003.83,0,0,1924804.6,0,0,1604003.83,0,0,1604003.83,0,0,1604003.83,0,0,1604003.83,0,0,1604003.83,0,0,1604003.83,0,0,1604003.83,0,0,1604003.83,0,0,1604003.83,0,0,1604003.83,0,0,1604003.83,0,0,1604003.83,0,0,1604003.83,0,0,1604003.83,0,0,1604003.83,0,0,1604003.83,0,0,1604003.83,0,0,1604003.83,0,0,1604003.83,0,0,1604003.83,0,0,1604003.83,0,0,1604003.83,0,0,1604003.83,0,0,1604003.83,0,0,1604003.83,0,0,1604003.83,0,0,1604003.83,0,0,1604003.83,0,0,1604003.83,0,0,1604003.83,0,0,1604003.83,0,0,1604003.83,0,0,1604003.83,0,0,1604003.83,0,0,1604003.83,0,0,1604003.83,0,0,4812011.5,0,0,1604003.83,0,0,1604003.83,0,0,1604003.83,0,0,1604003.83,0,0,1604003.83,0,0,1604003.83,0,0,1604003.83
0,1,AstraZeneca,2021-05-24,COVDIAB,0,0,0,0,0,0,0,0,0,0,0,0,0,0,0,0,0,0,0,0,0,0,0,0,0,0,0,0,0,0,0,0,0,0,0,0,0,0,0,0,0,0,0,0,0,0,0,0,0,0,1604003.83,0,0,1604003.83,0,0,1604003.83,0,0,1924804.6,0,0,1604003.83,0,0,1604003.83,0,0,1604003.83,0,0,1604003.83,0,0,1604003.83,0,0,1604003.83,0,0,1604003.83,0,0,1604003.83,0,0,1604003.83,0,0,1604003.83,0,0,1604003.83,0,0,1604003.83,0,0,1604003.83,0,0,1604003.83,0,0,1604003.83,0,0,1604003.83,0,0,1604003.83,0,0,1604003.83,0,0,1604003.83,0,0,1604003.83,0,0,1604003.83,0,0,1604003.83,0,0,1604003.83,0,0,1604003.83,0,0,1604003.83,0,0,1604003.83,0,0,1604003.83,0,0,1604003.83,0,0,1604003.83,0,0,1604003.83,0,0,1604003.83,0,0,1604003.83,0,0,1604003.83,0,0,1604003.83,0,0,1604003.83,0,0,1604003.83,0,0,4812011.5,0,0,1604003.83,0,0,1604003.83,0,0,1604003.83,0,0,1604003.83,0,0,1604003.83,0,0,1604003.83,0,0,1604003.83
0,1,AstraZeneca,2021-05-31,COVDIAB,0,0,0,0,0,0,0,0,0,0,0,0,0,0,0,0,0,0,0,0,0,0,0,0,0,0,0,0,0,0,0,0,0,0,0,0,0,0,0,0,0,0,0,0,0,0,0,0,0,0,1604003.83,0,0,1604003.83,0,0,1604003.83,0,0,1924804.6,0,0,1604003.83,0,0,1604003.83,0,0,1604003.83,0,0,1604003.83,0,0,1604003.83,0,0,1604003.83,0,0,1604003.83,0,0,1604003.83,0,0,1604003.83,0,0,1604003.83,0,0,1604003.83,0,0,1604003.83,0,0,1604003.83,0,0,1604003.83,0,0,1604003.83,0,0,1604003.83,0,0,1604003.83,0,0,1604003.83,0,0,1604003.83,0,0,1604003.83,0,0,1604003.83,0,0,1604003.83,0,0,1604003.83,0,0,1604003.83,0,0,1604003.83,0,0,1604003.83,0,0,1604003.83,0,0,1604003.83,0,0,1604003.83,0,0,1604003.83,0,0,1604003.83,0,0,1604003.83,0,0,1604003.83,0,0,1604003.83,0,0,1604003.83,0,0,1604003.83,0,0,4812011.5,0,0,1604003.83,0,0,1604003.83,0,0,1604003.83,0,0,1604003.83,0,0,1604003.83,0,0,1604003.83,0,0,1604003.83
0,1,AstraZeneca,2021-06-07,COVDIAB,0,0,0,0,0,0,0,0,0,0,0,0,0,0,0,0,0,0,0,0,0,0,0,0,0,0,0,0,0,0,0,0,0,0,0,0,0,0,0,0,0,0,0,0,0,0,0,0,0,0,1604003.83,0,0,1604003.83,0,0,1604003.83,0,0,1924804.6,0,0,1604003.83,0,0,1604003.83,0,0,1604003.83,0,0,1604003.83,0,0,1604003.83,0,0,1604003.83,0,0,1604003.83,0,0,1604003.83,0,0,1604003.83,0,0,1604003.83,0,0,1604003.83,0,0,1604003.83,0,0,1604003.83,0,0,1604003.83,0,0,1604003.83,0,0,1604003.83,0,0,1604003.83,0,0,1604003.83,0,0,1604003.83,0,0,1604003.83,0,0,1604003.83,0,0,1604003.83,0,0,1604003.83,0,0,1604003.83,0,0,1604003.83,0,0,1604003.83,0,0,1604003.83,0,0,1604003.83,0,0,1604003.83,0,0,1604003.83,0,0,1604003.83,0,0,1604003.83,0,0,1604003.83,0,0,1604003.83,0,0,1604003.83,0,0,1604003.83,0,0,4812011.5,0,0,1604003.83,0,0,1604003.83,0,0,1604003.83,0,0,1604003.83,0,0,1604003.83,0,0,1604003.83,0,0,1604003.83
0,1,AstraZeneca,2021-06-14,COVDIAB,0,0,0,0,0,0,0,0,0,0,0,0,0,0,0,0,0,0,0,0,0,0,0,0,0,0,0,0,0,0,0,0,0,0,0,0,0,0,0,0,0,0,0,0,0,0,0,0,0,0,1705523.06,0,0,1705523.06,0,0,1705523.06,0,0,1924804.6,0,0,1705523.06,0,0,1705523.06,0,0,1705523.06,0,0,1705523.06,0,0,1705523.06,0,0,1705523.06,0,0,1705523.06,0,0,1705523.06,0,0,1705523.06,0,0,1705523.06,0,0,1705523.06,0,0,1705523.06,0,0,1705523.06,0,0,1705523.06,0,0,1705523.06,0,0,1705523.06,0,0,1705523.06,0,0,1705523.06,0,0,1705523.06,0,0,1705523.06,0,0,1705523.06,0,0,1705523.06,0,0,1705523.06,0,0,1705523.06,0,0,1705523.06,0,0,1705523.06,0,0,1705523.06,0,0,1705523.06,0,0,1705523.06,0,0,1705523.06,0,0,1705523.06,0,0,1705523.06,0,0,1705523.06,0,0,1705523.06,0,0,1705523.06,0,0,1705523.06,0,0,4812011.5,0,0,1705523.06,0,0,1705523.06,0,0,1705523.06,0,0,1705523.06,0,0,1705523.06,0,0,1705523.06,0,0,1705523.06
0,1,AstraZeneca,2021-06-21,COVDIAB,0,0,0,0,0,0,0,0,0,0,0,0,0,0,0,0,0,0,0,0,0,0,0,0,0,0,0,0,0,0,0,0,0,0,0,0,0,0,0,0,0,0,0,0,0,0,0,0,0,0,1845703.04,0,0,1845703.04,0,0,1845703.04,0,0,2010989.88,0,0,1845703.04,0,0,1845703.04,0,0,1845703.04,0,0,1845703.04,0,0,1845703.04,0,0,1845703.04,0,0,1845703.04,0,0,1845703.04,0,0,1845703.04,0,0,1845703.04,0,0,1845703.04,0,0,1845703.04,0,0,1845703.04,0,0,1845703.04,0,0,1845703.04,0,0,1845703.04,0,0,1845703.04,0,0,1845703.04,0,0,1845703.04,0,0,1845703.04,0,0,1845703.04,0,0,1845703.04,0,0,1845703.04,0,0,1845703.04,0,0,1845703.04,0,0,1845703.04,0,0,1845703.04,0,0,1845703.04,0,0,1845703.04,0,0,1845703.04,0,0,1845703.04,0,0,1845703.04,0,0,1845703.04,0,0,1845703.04,0,0,1845703.04,0,0,1845703.04,0,0,4812011.5,0,0,1845703.04,0,0,1845703.04,0,0,1845703.04,0,0,1845703.04,0,0,1845703.04,0,0,1845703.04,0,0,1845703.04
0,1,AstraZeneca,2021-06-28,COVDIAB,0,0,0,0,0,0,0,0,0,0,0,0,0,0,0,0,0,0,0,0,0,0,0,0,0,0,0,0,0,0,0,0,0,0,0,0,0,0,0,0,0,0,0,0,0,0,0,0,0,0,5858100.96,0,0,5858100.96,0,0,5858100.96,0,0,5858100.96,0,0,5858100.96,0,0,5858100.96,0,0,5858100.96,0,0,5858100.96,0,0,5858100.96,0,0,5858100.96,0,0,5858100.96,0,0,5858100.96,0,0,5858100.96,0,0,5858100.96,0,0,5858100.96,0,0,5858100.96,0,0,5858100.96,0,0,5858100.96,0,0,5858100.96,0,0,5858100.96,0,0,5858100.96,0,0,5858100.96,0,0,5858100.96,0,0,5858100.96,0,0,5858100.96,0,0,5858100.96,0,0,5858100.96,0,0,5858100.96,0,0,5858100.96,0,0,5858100.96,0,0,5858100.96,0,0,5858100.96,0,0,5858100.96,0,0,5858100.96,0,0,5858100.96,0,0,5858100.96,0,0,5858100.96,0,0,5858100.96,0,0,5858100.96,0,0,5858100.96,0,0,16842040.26,0,0,5858100.96,0,0,5858100.96,0,0,5858100.96,0,0,5858100.96,0,0,5858100.96,0,0,5858100.96,0,0,5858100.96
0,1,AstraZeneca,2021-04-05,COVDIAB,0,0,0,0,0,0,0,0,0,0,0,0,0,0,0,0,0,0,0,0,0,0,0,0,0,0,0,0,0,0,0,0,0,0,0,0,0,0,0,0,0,0,0,0,0,0,0,0,0,0,4082918.85,0,0,4082918.85,0,0,4082918.85,0,0,6736816.1,0,0,4082918.85,0,0,4082918.85,0,0,4082918.85,0,0,4082918.85,0,0,4082918.85,0,0,4082918.85,0,0,4082918.85,0,0,4082918.85,0,0,4082918.85,0,0,4082918.85,0,0,4082918.85,0,0,4082918.85,0,0,4082918.85,0,0,4082918.85,0,0,4082918.85,0,0,4082918.85,0,0,4082918.85,0,0,4082918.85,0,0,4082918.85,0,0,4082918.85,0,0,4082918.85,0,0,4082918.85,0,0,4082918.85,0,0,4082918.85,0,0,4082918.85,0,0,4082918.85,0,0,4082918.85,0,0,4082918.85,0,0,4082918.85,0,0,4082918.85,0,0,4082918.85,0,0,4082918.85,0,0,4082918.85,0,0,4082918.85,0,0,4082918.85,0,0,4082918.85,0,0,6736816.1,0,0,4082918.85,0,0,4082918.85,0,0,4082918.85,0,0,4082918.85,0,0,4082918.85,0,0,4082918.85,0,0,4082918.85
0,1,AstraZeneca,2021-04-12,COVDIAB,0,0,0,0,0,0,0,0,0,0,0,0,0,0,0,0,0,0,0,0,0,0,0,0,0,0,0,0,0,0,0,0,0,0,0,0,0,0,0,0,0,0,0,0,0,0,0,0,0,0,3208007.67,0,0,3208007.67,0,0,3208007.67,0,0,4812011.5,0,0,3208007.67,0,0,3208007.67,0,0,3208007.67,0,0,3208007.67,0,0,3208007.67,0,0,3208007.67,0,0,3208007.67,0,0,3208007.67,0,0,3208007.67,0,0,3208007.67,0,0,3208007.67,0,0,3208007.67,0,0,3208007.67,0,0,3208007.67,0,0,3208007.67,0,0,3208007.67,0,0,3208007.67,0,0,3208007.67,0,0,3208007.67,0,0,3208007.67,0,0,3208007.67,0,0,3208007.67,0,0,3208007.67,0,0,3208007.67,0,0,3208007.67,0,0,3208007.67,0,0,3208007.67,0,0,3208007.67,0,0,3208007.67,0,0,3208007.67,0,0,3208007.67,0,0,3208007.67,0,0,3208007.67,0,0,3208007.67,0,0,3208007.67,0,0,3208007.67,0,0,4812011.5,0,0,3208007.67,0,0,3208007.67,0,0,3208007.67,0,0,3208007.67,0,0,3208007.67,0,0,3208007.67,0,0,3208007.67
0,1,AstraZeneca,2021-04-19,COVDIAB,0,0,0,0,0,0,0,0,0,0,0,0,0,0,0,0,0,0,0,0,0,0,0,0,0,0,0,0,0,0,0,0,0,0,0,0,0,0,0,0,0,0,0,0,0,0,0,0,0,0,3208007.67,0,0,3208007.67,0,0,3208007.67,0,0,4812011.5,0,0,3208007.67,0,0,3208007.67,0,0,3208007.67,0,0,3208007.67,0,0,3208007.67,0,0,3208007.67,0,0,3208007.67,0,0,3208007.67,0,0,3208007.67,0,0,3208007.67,0,0,3208007.67,0,0,3208007.67,0,0,3208007.67,0,0,3208007.67,0,0,3208007.67,0,0,3208007.67,0,0,3208007.67,0,0,3208007.67,0,0,3208007.67,0,0,3208007.67,0,0,3208007.67,0,0,3208007.67,0,0,3208007.67,0,0,3208007.67,0,0,3208007.67,0,0,3208007.67,0,0,3208007.67,0,0,3208007.67,0,0,3208007.67,0,0,3208007.67,0,0,3208007.67,0,0,3208007.67,0,0,3208007.67,0,0,3208007.67,0,0,3208007.67,0,0,3208007.67,0,0,4812011.5,0,0,3208007.67,0,0,3208007.67,0,0,3208007.67,0,0,3208007.67,0,0,3208007.67,0,0,3208007.67,0,0,3208007.67
0,1,Moderna,2021-01-18,COVDIAB,0,0,0,0,0,0,0,0,0,0,0,0,0,0,0,0,0,0,0,0,0,0,0,0,0,0,0,0,0,0,0,0,0,0,0,0,0,0,0,0,0,0,0,0,0,0,0,0,0,0,44912107.35,0,0,44912107.35,0,0,44912107.35,0,0,44912107.35,0,0,44912107.35,0,0,44912107.35,0,0,44912107.35,0,0,44912107.35,0,0,44912107.35,0,0,44912107.35,0,0,44912107.35,0,0,44912107.35,0,0,44912107.35,0,0,44912107.35,0,0,44912107.35,0,0,44912107.35,0,0,44912107.35,0,0,44912107.35,0,0,44912107.35,0,0,44912107.35,0,0,44912107.35,0,0,44912107.35,0,0,44912107.35,0,0,44912107.35,0,0,44912107.35,0,0,44912107.35,0,0,44912107.35,0,0,44912107.35,0,0,44912107.35,0,0,44912107.35,0,0,44912107.35,0,0,44912107.35,0,0,44912107.35,0,0,44912107.35,0,0,44912107.35,0,0,44912107.35,0,0,44912107.35,0,0,44912107.35,0,0,44912107.35,0,0,44912107.35,0,0,44912107.35,0,0,44912107.35,0,0,44912107.35,0,0,44912107.35,0,0,44912107.35,0,0,44912107.35,0,0,44912107.35,0,0,44912107.35
0,1,Moderna,2021-01-25,COVDIAB,0,0,0,0,0,0,0,0,0,0,0,0,0,0,0,0,0,0,0,0,0,0,0,0,0,0,0,0,0,0,0,0,0,0,0,0,0,0,0,0,0,0,0,0,0,0,0,0,0,0,19248046.01,0,0,19248046.01,0,0,19248046.01,0,0,19248046.01,0,0,19248046.01,0,0,19248046.01,0,0,19248046.01,0,0,19248046.01,0,0,19248046.01,0,0,19248046.01,0,0,19248046.01,0,0,19248046.01,0,0,19248046.01,0,0,19248046.01,0,0,19248046.01,0,0,19248046.01,0,0,19248046.01,0,0,19248046.01,0,0,19248046.01,0,0,19248046.01,0,0,19248046.01,0,0,19248046.01,0,0,19248046.01,0,0,19248046.01,0,0,19248046.01,0,0,19248046.01,0,0,19248046.01,0,0,19248046.01,0,0,19248046.01,0,0,19248046.01,0,0,19248046.01,0,0,19248046.01,0,0,19248046.01,0,0,19248046.01,0,0,19248046.01,0,0,19248046.01,0,0,19248046.01,0,0,19248046.01,0,0,19248046.01,0,0,19248046.01,0,0,19248046.01,0,0,19248046.01,0,0,19248046.01,0,0,19248046.01,0,0,19248046.01,0,0,19248046.01,0,0,19248046.01,0,0,19248046.01
0,1,Moderna,2021-02-01,COVDIAB,0,0,0,0,0,0,0,0,0,0,0,0,0,0,0,0,0,0,0,0,0,0,0,0,0,0,0,0,0,0,0,0,0,0,0,0,0,0,0,0,0,0,0,0,0,0,0,0,0,0,19248046.01,0,0,19248046.01,0,0,19248046.01,0,0,19248046.01,0,0,19248046.01,0,0,19248046.01,0,0,19248046.01,0,0,19248046.01,0,0,19248046.01,0,0,19248046.01,0,0,19248046.01,0,0,19248046.01,0,0,19248046.01,0,0,19248046.01,0,0,19248046.01,0,0,19248046.01,0,0,19248046.01,0,0,19248046.01,0,0,19248046.01,0,0,19248046.01,0,0,19248046.01,0,0,19248046.01,0,0,19248046.01,0,0,19248046.01,0,0,19248046.01,0,0,19248046.01,0,0,19248046.01,0,0,19248046.01,0,0,19248046.01,0,0,19248046.01,0,0,19248046.01,0,0,19248046.01,0,0,19248046.01,0,0,19248046.01,0,0,19248046.01,0,0,19248046.01,0,0,19248046.01,0,0,19248046.01,0,0,19248046.01,0,0,19248046.01,0,0,19248046.01,0,0,19248046.01,0,0,19248046.01,0,0,19248046.01,0,0,19248046.01,0,0,19248046.01,0,0,19248046.01,0,0,19248046.01
0,1,Moderna,2021-02-08,COVDIAB,0,0,0,0,0,0,0,0,0,0,0,0,0,0,0,0,0,0,0,0,0,0,0,0,0,0,0,0,0,0,0,0,0,0,0,0,0,0,0,0,0,0,0,0,0,0,0,0,0,0,19248046.01,0,0,19248046.01,0,0,19248046.01,0,0,19248046.01,0,0,19248046.01,0,0,19248046.01,0,0,19248046.01,0,0,19248046.01,0,0,19248046.01,0,0,19248046.01,0,0,19248046.01,0,0,19248046.01,0,0,19248046.01,0,0,19248046.01,0,0,19248046.01,0,0,19248046.01,0,0,19248046.01,0,0,19248046.01,0,0,19248046.01,0,0,19248046.01,0,0,19248046.01,0,0,19248046.01,0,0,19248046.01,0,0,19248046.01,0,0,19248046.01,0,0,19248046.01,0,0,19248046.01,0,0,19248046.01,0,0,19248046.01,0,0,19248046.01,0,0,19248046.01,0,0,19248046.01,0,0,19248046.01,0,0,19248046.01,0,0,19248046.01,0,0,19248046.01,0,0,19248046.01,0,0,19248046.01,0,0,19248046.01,0,0,19248046.01,0,0,19248046.01,0,0,19248046.01,0,0,19248046.01,0,0,19248046.01,0,0,19248046.01,0,0,19248046.01,0,0,19248046.01,0,0,19248046.01
0,1,Moderna,2021-02-15,COVDIAB,0,0,0,0,0,0,0,0,0,0,0,0,0,0,0,0,0,0,0,0,0,0,0,0,0,0,0,0,0,0,0,0,0,0,0,0,0,0,0,0,0,0,0,0,0,0,0,0,0,0,33684080.52,0,0,33684080.52,0,0,33684080.52,0,0,33684080.52,0,0,33684080.52,0,0,33684080.52,0,0,33684080.52,0,0,33684080.52,0,0,33684080.52,0,0,33684080.52,0,0,33684080.52,0,0,33684080.52,0,0,33684080.52,0,0,33684080.52,0,0,33684080.52,0,0,33684080.52,0,0,33684080.52,0,0,33684080.52,0,0,33684080.52,0,0,33684080.52,0,0,33684080.52,0,0,33684080.52,0,0,33684080.52,0,0,33684080.52,0,0,33684080.52,0,0,33684080.52,0,0,33684080.52,0,0,33684080.52,0,0,33684080.52,0,0,33684080.52,0,0,33684080.52,0,0,33684080.52,0,0,33684080.52,0,0,33684080.52,0,0,33684080.52,0,0,33684080.52,0,0,33684080.52,0,0,33684080.52,0,0,33684080.52,0,0,33684080.52,0,0,33684080.52,0,0,33684080.52,0,0,33684080.52,0,0,33684080.52,0,0,33684080.52,0,0,33684080.52,0,0,33684080.52,0,0,33684080.52
0,2,AstraZeneca,2021-06-21,COVDIAB,0,0,0,0,0,0,0,0,0,0,0,0,0,0,0,0,0,0,0,0,0,0,0,0,0,0,0,0,0,0,0,0,0,0,0,0,0,0,0,0,0,0,0,0,0,0,0,0,0,0,12248756.55,0,0,12248756.55,0,0,12248756.55,0,0,44912107.35,0,0,12248756.55,0,0,12248756.55,0,0,12248756.55,0,0,12248756.55,0,0,12248756.55,0,0,12248756.55,0,0,12248756.55,0,0,12248756.55,0,0,12248756.55,0,0,12248756.55,0,0,12248756.55,0,0,12248756.55,0,0,12248756.55,0,0,12248756.55,0,0,12248756.55,0,0,12248756.55,0,0,12248756.55,0,0,12248756.55,0,0,12248756.55,0,0,12248756.55,0,0,12248756.55,0,0,12248756.55,0,0,12248756.55,0,0,12248756.55,0,0,12248756.55,0,0,12248756.55,0,0,12248756.55,0,0,12248756.55,0,0,12248756.55,0,0,12248756.55,0,0,12248756.55,0,0,12248756.55,0,0,12248756.55,0,0,12248756.55,0,0,12248756.55,0,0,12248756.55,,,0,0,0,12248756.55,0,0,12248756.55,0,0,12248756.55,0,0,12248756.55,0,0,12248756.55,0,0,12248756.55,0,0,12248756.55
0,2,AstraZeneca,2021-06-28,COVDIAB,0,0,0,0,0,0,0,0,0,0,0,0,0,0,0,0,0,0,0,0,0,0,0,0,0,0,0,0,0,0,0,0,0,0,0,0,0,0,0,0,0,0,0,0,0,0,0,0,0,0,11228026.84,0,0,11228026.84,0,0,11228026.84,0,0,22456053.68,0,0,11228026.84,0,0,11228026.84,0,0,11228026.84,0,0,11228026.84,0,0,11228026.84,0,0,11228026.84,0,0,11228026.84,0,0,11228026.84,0,0,11228026.84,0,0,11228026.84,0,0,11228026.84,0,0,11228026.84,0,0,11228026.84,0,0,11228026.84,0,0,11228026.84,0,0,11228026.84,0,0,11228026.84,0,0,11228026.84,0,0,11228026.84,0,0,11228026.84,0,0,11228026.84,0,0,11228026.84,0,0,11228026.84,0,0,11228026.84,0,0,11228026.84,0,0,11228026.84,0,0,11228026.84,0,0,11228026.84,0,0,11228026.84,0,0,11228026.84,0,0,11228026.84,0,0,11228026.84,0,0,11228026.84,0,0,11228026.84,0,0,11228026.84,0,0,11228026.84,0,0,44912107.35,0,0,11228026.84,0,0,11228026.84,0,0,11228026.84,0,0,11228026.84,0,0,11228026.84,0,0,11228026.84,0,0,11228026.84
0,2,Moderna,2021-02-15,COVDIAB,0,0,0,0,0,0,0,0,0,0,0,0,0,0,0,0,0,0,0,0,0,0,0,0,0,0,0,0,0,0,0,0,0,0,0,0,0,0,0,0,0,0,0,0,0,0,0,0,0,0,44912107.35,0,0,44912107.35,0,0,44912107.35,0,0,44912107.35,0,0,44912107.35,0,0,44912107.35,0,0,44912107.35,0,0,44912107.35,0,0,44912107.35,0,0,44912107.35,0,0,44912107.35,0,0,44912107.35,0,0,44912107.35,0,0,44912107.35,0,0,44912107.35,0,0,44912107.35,0,0,44912107.35,0,0,44912107.35,0,0,44912107.35,0,0,44912107.35,0,0,44912107.35,0,0,44912107.35,0,0,44912107.35,0,0,44912107.35,0,0,44912107.35,0,0,44912107.35,0,0,44912107.35,0,0,44912107.35,0,0,44912107.35,0,0,44912107.35,0,0,44912107.35,0,0,44912107.35,0,0,44912107.35,0,0,44912107.35,0,0,44912107.35,0,0,44912107.35,0,0,44912107.35,0,0,44912107.35,0,0,44912107.35,0,0,44912107.35,0,0,44912107.35,0,0,44912107.35,0,0,44912107.35,0,0,44912107.35,0,0,44912107.35,0,0,44912107.35,0,0,44912107.35,0,0,44912107.35
0,2,Moderna,2021-02-22,COVDIAB,0,0,0,0,0,0,0,0,0,0,0,0,0,0,0,0,0,0,0,0,0,0,0,0,0,0,0,0,0,0,0,0,0,0,0,0,0,0,0,0,0,0,0,0,0,0,0,0,0,0,19248046.01,0,0,19248046.01,0,0,19248046.01,0,0,19248046.01,0,0,19248046.01,0,0,19248046.01,0,0,19248046.01,0,0,19248046.01,0,0,19248046.01,0,0,19248046.01,0,0,19248046.01,0,0,19248046.01,0,0,19248046.01,0,0,19248046.01,0,0,19248046.01,0,0,19248046.01,0,0,19248046.01,0,0,19248046.01,0,0,19248046.01,0,0,19248046.01,0,0,19248046.01,0,0,19248046.01,0,0,19248046.01,0,0,19248046.01,0,0,19248046.01,0,0,19248046.01,0,0,19248046.01,0,0,19248046.01,0,0,19248046.01,0,0,19248046.01,0,0,19248046.01,0,0,19248046.01,0,0,19248046.01,0,0,19248046.01,0,0,19248046.01,0,0,19248046.01,0,0,19248046.01,0,0,19248046.01,0,0,19248046.01,0,0,19248046.01,0,0,19248046.01,0,0,19248046.01,0,0,19248046.01,0,0,19248046.01,0,0,19248046.01,0,0,19248046.01,0,0,19248046.01,0,0,19248046.01
0,2,Moderna,2021-03-01,COVDIAB,0,0,0,0,0,0,0,0,0,0,0,0,0,0,0,0,0,0,0,0,0,0,0,0,0,0,0,0,0,0,0,0,0,0,0,0,0,0,0,0,0,0,0,0,0,0,0,0,0,0,19248046.01,0,0,19248046.01,0,0,19248046.01,0,0,19248046.01,0,0,19248046.01,0,0,19248046.01,0,0,19248046.01,0,0,19248046.01,0,0,19248046.01,0,0,19248046.01,0,0,19248046.01,0,0,19248046.01,0,0,19248046.01,0,0,19248046.01,0,0,19248046.01,0,0,19248046.01,0,0,19248046.01,0,0,19248046.01,0,0,19248046.01,0,0,19248046.01,0,0,19248046.01,0,0,19248046.01,0,0,19248046.01,0,0,19248046.01,0,0,19248046.01,0,0,19248046.01,0,0,19248046.01,0,0,19248046.01,0,0,19248046.01,0,0,19248046.01,0,0,19248046.01,0,0,19248046.01,0,0,19248046.01,0,0,19248046.01,0,0,19248046.01,0,0,19248046.01,0,0,19248046.01,0,0,19248046.01,0,0,19248046.01,0,0,19248046.01,0,0,19248046.01,0,0,19248046.01,0,0,19248046.01,0,0,19248046.01,0,0,19248046.01,0,0,19248046.01,0,0,19248046.01,0,0,19248046.01
0,2,Moderna,2021-03-08,COVDIAB,0,0,0,0,0,0,0,0,0,0,0,0,0,0,0,0,0,0,0,0,0,0,0,0,0,0,0,0,0,0,0,0,0,0,0,0,0,0,0,0,0,0,0,0,0,0,0,0,0,0,19248046.01,0,0,19248046.01,0,0,19248046.01,0,0,19248046.01,0,0,19248046.01,0,0,19248046.01,0,0,19248046.01,0,0,19248046.01,0,0,19248046.01,0,0,19248046.01,0,0,19248046.01,0,0,19248046.01,0,0,19248046.01,0,0,19248046.01,0,0,19248046.01,0,0,19248046.01,0,0,19248046.01,0,0,19248046.01,0,0,19248046.01,0,0,19248046.01,0,0,19248046.01,0,0,19248046.01,0,0,19248046.01,0,0,19248046.01,0,0,19248046.01,0,0,19248046.01,0,0,19248046.01,0,0,19248046.01,0,0,19248046.01,0,0,19248046.01,0,0,19248046.01,0,0,19248046.01,0,0,19248046.01,0,0,19248046.01,0,0,19248046.01,0,0,19248046.01,0,0,19248046.01,0,0,19248046.01,0,0,19248046.01,0,0,19248046.01,0,0,19248046.01,0,0,19248046.01,0,0,19248046.01,0,0,19248046.01,0,0,19248046.01,0,0,19248046.01,0,0,19248046.01,0,0,19248046.01
0,2,Moderna,2021-03-15,COVDIAB,0,0,0,0,0,0,0,0,0,0,0,0,0,0,0,0,0,0,0,0,0,0,0,0,0,0,0,0,0,0,0,0,0,0,0,0,0,0,0,0,0,0,0,0,0,0,0,0,0,0,19248046.01,0,0,19248046.01,0,0,19248046.01,0,0,19248046.01,0,0,19248046.01,0,0,19248046.01,0,0,19248046.01,0,0,19248046.01,0,0,19248046.01,0,0,19248046.01,0,0,19248046.01,0,0,19248046.01,0,0,19248046.01,0,0,19248046.01,0,0,19248046.01,0,0,19248046.01,0,0,19248046.01,0,0,19248046.01,0,0,19248046.01,0,0,19248046.01,0,0,19248046.01,0,0,19248046.01,0,0,19248046.01,0,0,19248046.01,0,0,19248046.01,0,0,19248046.01,0,0,19248046.01,0,0,19248046.01,0,0,19248046.01,0,0,19248046.01,0,0,19248046.01,0,0,19248046.01,0,0,19248046.01,0,0,19248046.01,0,0,19248046.01,0,0,19248046.01,0,0,19248046.01,0,0,19248046.01,0,0,19248046.01,0,0,19248046.01,0,0,19248046.01,0,0,19248046.01,0,0,19248046.01,0,0,19248046.01,0,0,19248046.01,0,0,19248046.01,0,0,19248046.01,0,0,19248046.01
0,2,Moderna,2021-03-22,COVDIAB,0,0,0,0,0,0,0,0,0,0,0,0,0,0,0,0,0,0,0,0,0,0,0,0,0,0,0,0,0,0,0,0,0,0,0,0,0,0,0,0,0,0,0,0,0,0,0,0,0,0,19248046.01,0,0,19248046.01,0,0,19248046.01,0,0,19248046.01,0,0,19248046.01,0,0,19248046.01,0,0,19248046.01,0,0,19248046.01,0,0,19248046.01,0,0,19248046.01,0,0,19248046.01,0,0,19248046.01,0,0,19248046.01,0,0,19248046.01,0,0,19248046.01,0,0,19248046.01,0,0,19248046.01,0,0,19248046.01,0,0,19248046.01,0,0,19248046.01,0,0,19248046.01,0,0,19248046.01,0,0,19248046.01,0,0,19248046.01,0,0,19248046.01,0,0,19248046.01,0,0,19248046.01,0,0,19248046.01,0,0,19248046.01,0,0,19248046.01,0,0,19248046.01,0,0,19248046.01,0,0,19248046.01,0,0,19248046.01,0,0,19248046.01,0,0,19248046.01,0,0,19248046.01,0,0,19248046.01,0,0,19248046.01,0,0,19248046.01,0,0,19248046.01,0,0,19248046.01,0,0,19248046.01,0,0,19248046.01,0,0,19248046.01,0,0,19248046.01,0,0,19248046.01,0,0,19248046.01
0,2,Moderna,2021-03-29,COVDIAB,0,0,0,0,0,0,0,0,0,0,0,0,0,0,0,0,0,0,0,0,0,0,0,0,0,0,0,0,0,0,0,0,0,0,0,0,0,0,0,0,0,0,0,0,0,0,0,0,0,0,19248046.01,0,0,19248046.01,0,0,19248046.01,0,0,19248046.01,0,0,19248046.01,0,0,19248046.01,0,0,19248046.01,0,0,19248046.01,0,0,19248046.01,0,0,19248046.01,0,0,19248046.01,0,0,19248046.01,0,0,19248046.01,0,0,19248046.01,0,0,19248046.01,0,0,19248046.01,0,0,19248046.01,0,0,19248046.01,0,0,19248046.01,0,0,19248046.01,0,0,19248046.01,0,0,19248046.01,0,0,19248046.01,0,0,19248046.01,0,0,19248046.01,0,0,19248046.01,0,0,19248046.01,0,0,19248046.01,0,0,19248046.01,0,0,19248046.01,0,0,19248046.01,0,0,19248046.01,0,0,19248046.01,0,0,19248046.01,0,0,19248046.01,0,0,19248046.01,0,0,19248046.01,0,0,19248046.01,0,0,19248046.01,0,0,19248046.01,0,0,19248046.01,0,0,19248046.01,0,0,19248046.01,0,0,19248046.01,0,0,19248046.01,0,0,19248046.01,0,0,19248046.01,0,0,19248046.01
0,1,AstraZeneca,2021-03-22,COVDIAB,0,0,0,0,0,0,0,0,0,0,0,0,0,0,0,0,0,0,0,0,0,0,0,0,0,0,0,0,0,0,0,0,0,0,0,0,0,0,0,0,0,0,0,0,0,0,0,0,0,0,26947264.41,0,0,26947264.41,0,0,26947264.41,,,0,0,0,26947264.41,0,0,26947264.41,0,0,26947264.41,0,0,26947264.41,0,0,26947264.41,0,0,26947264.41,0,0,26947264.41,0,0,26947264.41,0,0,26947264.41,0,0,26947264.41,0,0,26947264.41,0,0,26947264.41,0,0,26947264.41,0,0,26947264.41,0,0,26947264.41,0,0,26947264.41,0,0,26947264.41,0,0,26947264.41,0,0,26947264.41,0,0,26947264.41,0,0,26947264.41,0,0,26947264.41,0,0,26947264.41,0,0,26947264.41,0,0,26947264.41,0,0,26947264.41,0,0,26947264.41,0,0,26947264.41,0,0,26947264.41,0,0,26947264.41,0,0,26947264.41,0,0,26947264.41,0,0,26947264.41,0,0,26947264.41,0,0,26947264.41,0,0,26947264.41,,,0,0,0,26947264.41,0,0,26947264.41,0,0,26947264.41,0,0,26947264.41,0,0,26947264.41,0,0,26947264.41,0,0,26947264.41
0,1,AstraZeneca,2021-03-29,COVDIAB,0,0,0,0,0,0,0,0,0,0,0,0,0,0,0,0,0,0,0,0,0,0,0,0,0,0,0,0,0,0,0,0,0,0,0,0,0,0,0,0,0,0,0,0,0,0,0,0,0,0,12248756.55,0,0,12248756.55,0,0,12248756.55,0,0,33684080.52,0,0,12248756.55,0,0,12248756.55,0,0,12248756.55,0,0,12248756.55,0,0,12248756.55,0,0,12248756.55,0,0,12248756.55,0,0,12248756.55,0,0,12248756.55,0,0,12248756.55,0,0,12248756.55,0,0,12248756.55,0,0,12248756.55,0,0,12248756.55,0,0,12248756.55,0,0,12248756.55,0,0,12248756.55,0,0,12248756.55,0,0,12248756.55,0,0,12248756.55,0,0,12248756.55,0,0,12248756.55,0,0,12248756.55,0,0,12248756.55,0,0,12248756.55,0,0,12248756.55,0,0,12248756.55,0,0,12248756.55,0,0,12248756.55,0,0,12248756.55,0,0,12248756.55,0,0,12248756.55,0,0,12248756.55,0,0,12248756.55,0,0,12248756.55,0,0,12248756.55,0,0,33684080.52,0,0,12248756.55,0,0,12248756.55,0,0,12248756.55,0,0,12248756.55,0,0,12248756.55,0,0,12248756.55,0,0,12248756.55
0,2,AstraZeneca,2021-06-14,COVDIAB,0,0,0,0,0,0,0,0,0,0,0,0,0,0,0,0,0,0,0,0,0,0,0,0,0,0,0,0,0,0,0,0,0,0,0,0,0,0,0,0,0,0,0,0,0,0,0,0,0,0,26947264.41,0,0,26947264.41,0,0,26947264.41,,,0,0,0,26947264.41,0,0,26947264.41,0,0,26947264.41,0,0,26947264.41,0,0,26947264.41,0,0,26947264.41,0,0,26947264.41,0,0,26947264.41,0,0,26947264.41,0,0,26947264.41,0,0,26947264.41,0,0,26947264.41,0,0,26947264.41,0,0,26947264.41,0,0,26947264.41,0,0,26947264.41,0,0,26947264.41,0,0,26947264.41,0,0,26947264.41,0,0,26947264.41,0,0,26947264.41,0,0,26947264.41,0,0,26947264.41,0,0,26947264.41,0,0,26947264.41,0,0,26947264.41,0,0,26947264.41,0,0,26947264.41,0,0,26947264.41,0,0,26947264.41,0,0,26947264.41,0,0,26947264.41,0,0,26947264.41,0,0,26947264.41,0,0,26947264.41,0,0,26947264.41,,,0,0,0,26947264.41,0,0,26947264.41,0,0,26947264.41,0,0,26947264.41,0,0,26947264.41,0,0,26947264.41,0,0,26947264.41
0,1,Pfizer,2021-02-01,COVDIAB,0,0,0,0,0,0,0,0,0,0,0,0,0,0,0,0,0,0,0,0,0,0,0,0,0,0,0,0,0,0,0,0,0,0,0,0,0,0,0,0,0,0,0,0,0,0,0,0,0,0,8982421.47,0,0,8982421.47,0,0,8982421.47,0,0,11228026.84,0,0,8982421.47,0,0,11228026.84,0,0,8982421.47,0,0,8982421.47,0,0,11228026.84,0,0,11228026.84,0,0,8982421.47,0,0,8982421.47,0,0,8982421.47,0,0,8982421.47,0,0,8982421.47,0,0,8982421.47,0,0,8982421.47,0,0,8982421.47,0,0,8982421.47,0,0,8982421.47,0,0,8982421.47,0,0,8982421.47,0,0,8982421.47,0,0,8982421.47,0,0,8982421.47,0,0,8982421.47,0,0,8982421.47,0,0,8982421.47,0,0,8982421.47,0,0,11228026.84,0,0,11228026.84,0,0,8982421.47,0,0,8982421.47,0,0,8982421.47,0,0,8982421.47,0,0,8982421.47,0,0,8982421.47,0,0,8982421.47,0,0,8982421.47,0,0,8982421.47,0,0,19248046.01,0,0,8982421.47,0,0,8982421.47,0,0,8982421.47,0,0,11228026.84,0,0,8982421.47,0,0,11228026.84,0,0,8982421.47
0,1,Pfizer,2021-02-08,COVDIAB,0,0,0,0,0,0,0,0,0,0,0,0,0,0,0,0,0,0,0,0,0,0,0,0,0,0,0,0,0,0,0,0,0,0,0,0,0,0,0,0,0,0,0,0,0,0,0,0,0,0,9624023,0,0,9624023,0,0,9624023,0,0,19248046.01,0,0,9624023,0,0,19248046.01,0,0,9624023,0,0,9624023,0,0,19248046.01,0,0,19248046.01,0,0,9624023,0,0,9624023,0,0,9624023,0,0,9624023,0,0,9624023,0,0,9624023,0,0,9624023,0,0,9624023,0,0,9624023,0,0,9624023,0,0,9624023,0,0,9624023,0,0,9624023,0,0,9624023,0,0,9624023,0,0,9624023,0,0,9624023,0,0,9624023,0,0,9624023,0,0,19248046.01,0,0,19248046.01,0,0,9624023,0,0,9624023,0,0,9624023,0,0,9624023,0,0,9624023,0,0,9624023,0,0,9624023,0,0,9624023,0,0,9624023,0,0,19248046.01,0,0,9624023,0,0,9624023,0,0,9624023,0,0,19248046.01,0,0,9624023,0,0,19248046.01,0,0,9624023
0,1,Pfizer,2021-02-15,COVDIAB,0,0,0,0,0,0,0,0,0,0,0,0,0,0,0,0,0,0,0,0,0,0,0,0,0,0,0,0,0,0,0,0,0,0,0,0,0,0,0,0,0,0,0,0,0,0,0,0,0,0,9624023,0,0,9624023,0,0,9624023,0,0,19248046.01,0,0,9624023,0,0,19248046.01,0,0,9624023,0,0,9624023,0,0,19248046.01,0,0,19248046.01,0,0,9624023,0,0,9624023,0,0,9624023,0,0,9624023,0,0,9624023,0,0,9624023,0,0,9624023,0,0,9624023,0,0,9624023,0,0,9624023,0,0,9624023,0,0,9624023,0,0,9624023,0,0,9624023,0,0,9624023,0,0,9624023,0,0,9624023,0,0,9624023,0,0,9624023,0,0,19248046.01,0,0,19248046.01,0,0,9624023,0,0,9624023,0,0,9624023,0,0,9624023,0,0,9624023,0,0,9624023,0,0,9624023,0,0,9624023,0,0,9624023,0,0,19248046.01,0,0,9624023,0,0,9624023,0,0,9624023,0,0,19248046.01,0,0,9624023,0,0,19248046.01,0,0,9624023
0,1,Pfizer,2021-02-22,COVDIAB,0,0,0,0,0,0,0,0,0,0,0,0,0,0,0,0,0,0,0,0,0,0,0,0,0,0,0,0,0,0,0,0,0,0,0,0,0,0,0,0,0,0,0,0,0,0,0,0,0,0,6124378.28,0,0,6124378.28,0,0,6124378.28,0,0,8982421.47,0,0,6124378.28,0,0,8982421.47,0,0,6124378.28,0,0,6124378.28,0,0,8982421.47,0,0,8982421.47,0,0,6124378.28,0,0,6124378.28,0,0,6124378.28,0,0,6124378.28,0,0,6124378.28,0,0,6124378.28,0,0,6124378.28,0,0,6124378.28,0,0,6124378.28,0,0,6124378.28,0,0,6124378.28,0,0,6124378.28,0,0,6124378.28,0,0,6124378.28,0,0,6124378.28,0,0,6124378.28,0,0,6124378.28,0,0,6124378.28,0,0,6124378.28,0,0,8982421.47,0,0,8982421.47,0,0,6124378.28,0,0,6124378.28,0,0,6124378.28,0,0,6124378.28,0,0,6124378.28,0,0,6124378.28,0,0,6124378.28,0,0,6124378.28,0,0,6124378.28,0,0,12248756.55,0,0,6124378.28,0,0,6124378.28,0,0,6124378.28,0,0,8982421.47,0,0,6124378.28,0,0,8982421.47,0,0,6124378.28
1,0,0,2020-01-06,COVDIAB,0,0,0,0,0,0,0,0,0,0,0,0,0,0,0,0,0,0,0,0,0,0,0,0,0,0,0,0,0,0,0,0,0,0,0,0,0,0,0,0,0,0,0,0,0,0,0,0,0,0,81215.38,0,0,80874.14,0,0,80874.14,0,0,91657.36,0,0,82609.64,0,0,83324.87,0,0,81559.52,0,0,83324.87,0,0,82965.72,0,0,82965.72,0,0,80874.14,0,0,80874.14,0,0,80874.14,0,0,80874.14,0,0,80874.14,0,0,80874.14,0,0,81559.52,0,0,81906.58,0,0,80874.14,0,0,80874.14,0,0,81215.38,0,0,80874.14,0,0,80874.14,0,0,80874.14,0,0,80874.14,0,0,80874.14,0,0,80874.14,0,0,80874.14,0,0,80874.14,0,0,81215.38,0,0,81559.52,0,0,80874.14,0,0,80874.14,0,0,80874.14,0,0,80874.14,0,0,80874.14,0,0,80874.14,0,0,80874.14,0,0,80874.14,0,0,80874.14,0,0,148061.89,0,0,80874.14,0,0,80874.14,0,0,80874.14,0,0,81906.58,0,0,80874.14,0,0,81906.58,0,0,80874.14
1,0,0,2020-01-13,COVDIAB,0,0,0,1,0,1,1,1,1,1,0,0,0,0,0,0,0,0,0,0,0,0,0,0,0,0,0,0,0,0,0,0,0,0,0,0,0,1,0,0,0,1,0,1,0,0,0,0,0,0,81215.38,0,0,80874.14,0,0,80874.14,24897.75,630.36,138721.39,0,0,82609.64,22630.11,572.94,126086.91,22149.79,560.78,123410.72,22630.11,572.94,126086.91,22532.39,570.47,125542.43,22532.39,570.47,125542.43,0,0,80874.14,0,0,80874.14,0,0,80874.14,0,0,80874.14,0,0,80874.14,0,0,80874.14,0,0,81559.52,0,0,81906.58,0,0,80874.14,0,0,80874.14,0,0,81215.38,0,0,80874.14,0,0,80874.14,0,0,80874.14,0,0,80874.14,0,0,80874.14,0,0,80874.14,0,0,80874.14,0,0,80874.14,0,0,81215.38,0,0,81559.52,0,0,80874.14,0,0,80874.14,0,0,80874.14,0,0,80874.14,0,0,80874.14,0,0,80874.14,0,0,80874.14,0,0,80874.14,0,0,80874.14,40137.36,1016.19,223631.07,0,0,80874.14,0,0,80874.14,0,0,80874.14,22244.21,563.17,123936.83,0,0,80874.14,22244.21,563.17,123936.83,0,0,80874.14
1,0,0,2020-01-20,COVDIAB,0,0,0,0,0,0,0,0,1,1,0,0,0,0,0,0,0,0,0,0,0,0,0,0,0,0,0,0,0,0,0,0,0,0,0,0,0,0,0,0,0,0,0,0,0,0,0,0,0,0,81215.38,0,0,80874.14,0,0,80874.14,0,0,92095.91,0,0,82609.64,0,0,83687.16,0,0,81906.58,0,0,83687.16,22672.25,574.01,126321.71,22672.25,574.01,126321.71,0,0,80874.14,0,0,80874.14,0,0,80874.14,0,0,80874.14,0,0,80874.14,0,0,80874.14,0,0,81559.52,0,0,81906.58,0,0,80874.14,0,0,80874.14,0,0,81215.38,0,0,80874.14,0,0,80874.14,0,0,80874.14,0,0,80874.14,0,0,80874.14,0,0,80874.14,0,0,80874.14,0,0,80874.14,0,0,81215.38,0,0,81559.52,0,0,80874.14,0,0,80874.14,0,0,80874.14,0,0,80874.14,0,0,80874.14,0,0,80874.14,0,0,80874.14,0,0,80874.14,0,0,80874.14,0,0,149209.66,0,0,80874.14,0,0,80874.14,0,0,80874.14,0,0,82256.61,0,0,80874.14,0,0,82256.61,0,0,80874.14
1,0,0,2020-01-27,COVDIAB,0,0,0,1,0,0,0,0,0,0,0,0,0,0,0,0,1,1,0,0,0,0,0,0,0,0,0,0,0,0,0,0,0,0,0,0,0,1,0,0,0,0,0,0,0,0,0,0,0,0,81215.38,0,0,80874.14,0,0,80874.14,25068.63,634.68,139673.49,0,0,82609.64,0,0,83687.16,0,0,81906.58,0,0,83687.16,0,0,83687.16,0,0,83687.16,0,0,80874.14,0,0,80874.14,0,0,80874.14,0,0,80874.14,0,0,80874.14,0,0,80874.14,22109.56,559.77,123186.61,22203.65,562.15,123710.81,0,0,80874.14,0,0,80874.14,0,0,81215.38,0,0,80874.14,0,0,80874.14,0,0,80874.14,0,0,80874.14,0,0,80874.14,0,0,80874.14,0,0,80874.14,0,0,80874.14,0,0,81215.38,0,0,81559.52,0,0,80874.14,0,0,80874.14,0,0,80874.14,0,0,80874.14,0,0,80874.14,0,0,80874.14,0,0,80874.14,0,0,80874.14,0,0,80874.14,40583.33,1027.48,226115.86,0,0,80874.14,0,0,80874.14,0,0,80874.14,0,0,82256.61,0,0,80874.14,0,0,82256.61,0,0,80874.14
1,0,0,2020-02-03,COVDIAB,0,0,0,1,0,0,0,0,0,0,0,0,0,0,0,0,0,0,0,0,0,0,0,0,0,0,0,0,0,0,0,0,0,0,0,0,0,1,0,0,0,0,0,0,0,0,0,0,0,0,81215.38,0,0,80874.14,0,0,80874.14,25154.96,636.87,140154.46,0,0,82609.64,0,0,83687.16,0,0,81906.58,0,0,83687.16,0,0,83687.16,0,0,83687.16,0,0,80874.14,0,0,80874.14,0,0,80874.14,0,0,80874.14,0,0,80874.14,0,0,80874.14,0,0,81906.58,0,0,82256.61,0,0,80874.14,0,0,80874.14,0,0,81215.38,0,0,80874.14,0,0,80874.14,0,0,80874.14,0,0,80874.14,0,0,80874.14,0,0,80874.14,0,0,80874.14,0,0,80874.14,0,0,81215.38,0,0,81559.52,0,0,80874.14,0,0,80874.14,0,0,80874.14,0,0,80874.14,0,0,80874.14,0,0,80874.14,0,0,80874.14,0,0,80874.14,0,0,80874.14,40855.7,1034.38,227633.42,0,0,80874.14,0,0,80874.14,0,0,80874.14,0,0,82256.61,0,0,80874.14,0,0,82256.61,0,0,80874.14
1,0,0,2020-02-10,COVDIAB,0,0,0,0,0,0,0,0,0,0,0,0,0,0,0,0,0,0,0,0,0,0,0,0,0,0,0,0,0,0,0,0,0,0,0,0,0,0,0,0,0,0,0,0,0,0,0,0,0,0,81215.38,0,0,80874.14,0,0,80874.14,0,0,92985.73,0,0,82609.64,0,0,83687.16,0,0,81906.58,0,0,83687.16,0,0,83687.16,0,0,83687.16,0,0,80874.14,0,0,80874.14,0,0,80874.14,0,0,80874.14,0,0,80874.14,0,0,80874.14,0,0,81906.58,0,0,82256.61,0,0,80874.14,0,0,80874.14,0,0,81215.38,0,0,80874.14,0,0,80874.14,0,0,80874.14,0,0,80874.14,0,0,80874.14,0,0,80874.14,0,0,80874.14,0,0,80874.14,0,0,81215.38,0,0,81559.52,0,0,80874.14,0,0,80874.14,0,0,80874.14,0,0,80874.14,0,0,80874.14,0,0,80874.14,0,0,80874.14,0,0,80874.14,0,0,80874.14,0,0,151559.42,0,0,80874.14,0,0,80874.14,0,0,80874.14,0,0,82256.61,0,0,80874.14,0,0,82256.61,0,0,80874.14
1,0,0,2020-02-17,COVDIAB,0,0,0,0,0,0,0,0,0,0,0,0,0,0,0,0,0,0,0,0,0,0,0,0,0,0,0,0,0,0,0,0,0,0,0,0,0,0,0,0,0,0,0,0,0,0,0,0,0,0,81215.38,0,0,80874.14,0,0,80874.14,0,0,92985.73,0,0,82609.64,0,0,83687.16,0,0,81906.58,0,0,83687.16,0,0,83687.16,0,0,83687.16,0,0,80874.14,0,0,80874.14,0,0,80874.14,0,0,80874.14,0,0,80874.14,0,0,80874.14,0,0,81906.58,0,0,82256.61,0,0,80874.14,0,0,80874.14,0,0,81215.38,0,0,80874.14,0,0,80874.14,0,0,80874.14,0,0,80874.14,0,0,80874.14,0,0,80874.14,0,0,80874.14,0,0,80874.14,0,0,81215.38,0,0,81559.52,0,0,80874.14,0,0,80874.14,0,0,80874.14,0,0,80874.14,0,0,80874.14,0,0,80874.14,0,0,80874.14,0,0,80874.14,0,0,80874.14,0,0,151559.42,0,0,80874.14,0,0,80874.14,0,0,80874.14,0,0,82256.61,0,0,80874.14,0,0,82256.61,0,0,80874.14
1,0,0,2020-02-24,COVDIAB,0,0,0,0,0,0,0,0,0,0,0,0,0,0,0,0,0,0,0,0,0,0,0,0,0,0,0,0,0,0,0,0,0,0,0,0,0,0,0,0,1,0,0,0,0,0,0,0,0,0,81313.41,0,0,80971.35,0,0,80971.35,0,0,92985.73,0,0,82711.06,0,0,83687.16,0,0,82006.28,0,0,83791.25,0,0,83791.25,0,0,83791.25,0,0,80971.35,0,0,80971.35,0,0,80971.35,0,0,80971.35,0,0,80971.35,0,0,80971.35,0,0,81906.58,0,0,82256.61,0,0,80971.35,0,0,80971.35,0,0,81313.41,0,0,80971.35,0,0,80971.35,0,0,80971.35,0,0,80971.35,0,0,80971.35,0,0,80971.35,0,0,80971.35,0,0,80971.35,0,0,81313.41,0,0,81559.52,0,0,80971.35,0,0,80971.35,0,0,80971.35,0,0,80971.35,0,0,80971.35,0,0,80971.35,0,0,80971.35,0,0,80971.35,0,0,80971.35,0,0,151559.42,0,0,80971.35,0,0,80971.35,21950.12,555.73,122298.24,0,0,82357.17,0,0,80971.35,0,0,82357.17,0,0,80971.35
1,0,0,2020-03-02,COVDIAB,0,0,1,2,0,0,0,0,0,0,0,0,0,0,0,0,0,0,0,0,0,0,0,0,0,0,0,0,0,0,0,0,0,0,0,0,0,0,0,0,0,0,0,0,0,0,0,0,0,0,81559.52,0,0,81215.38,22029.55,557.74,122740.82,50448.9,6109.6,182238.75,0,0,82965.72,0,0,83687.16,0,0,82256.61,0,0,84052.6,0,0,84052.6,0,0,84052.6,0,0,81215.38,0,0,81215.38,0,0,81215.38,0,0,81215.38,0,0,81215.38,0,0,81215.38,0,0,81906.58,0,0,82256.61,0,0,81215.38,0,0,81215.38,0,0,81559.52,0,0,81215.38,0,0,81215.38,0,0,81215.38,0,0,81215.38,0,0,81215.38,0,0,81215.38,0,0,81215.38,0,0,81215.38,0,0,81559.52,0,0,81559.52,0,0,81215.38,0,0,81215.38,0,0,81215.38,0,0,81215.38,0,0,81215.38,0,0,81215.38,0,0,81215.38,0,0,81215.38,0,0,81215.38,0,0,151559.42,0,0,81215.38,0,0,81215.38,0,0,81215.38,0,0,82609.64,0,0,81215.38,0,0,82609.64,0,0,81215.38
1,0,0,2020-03-09,COVDIAB,0,0,0,2,1,1,0,0,1,1,0,0,0,0,0,0,0,0,0,0,0,0,0,0,0,0,0,0,0,0,0,0,0,0,0,0,0,0,0,0,0,0,0,0,0,0,0,0,0,0,81757.48,0,0,81411.67,0,0,81757.48,51191.31,6199.51,184920.61,22588.13,571.88,125852.98,22785.4,576.88,126952.14,0,0,82457.97,0,0,84262.87,22856.7,578.68,127349.36,22856.7,578.68,127349.36,0,0,81411.67,0,0,81411.67,0,0,81411.67,0,0,81411.67,0,0,81411.67,0,0,81411.67,0,0,82106.23,0,0,82457.97,0,0,81411.67,0,0,81411.67,0,0,81757.48,0,0,81411.67,0,0,81411.67,0,0,81411.67,0,0,81411.67,0,0,81411.67,0,0,81411.67,0,0,81411.67,0,0,81411.67,0,0,81757.48,0,0,81757.48,0,0,81411.67,0,0,81411.67,0,0,81411.67,0,0,81411.67,0,0,81411.67,0,0,81411.67,0,0,81411.67,0,0,81411.67,0,0,81411.67,0,0,152244.43,0,0,81411.67,0,0,81411.67,0,0,81411.67,0,0,82812.74,0,0,81411.67,0,0,82812.74,0,0,81411.67
1,0,0,2020-03-16,COVDIAB,0,0,0,1,0,0,0,1,1,1,0,0,0,0,0,0,0,0,0,0,0,0,0,0,0,0,0,0,0,0,0,0,0,0,0,0,0,0,0,0,0,0,0,0,0,0,0,0,0,0,82006.28,0,0,81658.38,0,0,82006.28,25904.26,655.84,144329.27,0,0,83791.25,0,0,84527.18,0,0,82711.06,22942.84,580.86,127829.32,23044.16,583.43,128393.86,23044.16,583.43,128393.86,0,0,81658.38,0,0,81658.38,0,0,81658.38,0,0,81658.38,0,0,81658.38,0,0,81658.38,0,0,82357.17,0,0,82711.06,0,0,81658.38,0,0,81658.38,0,0,82006.28,0,0,81658.38,0,0,81658.38,0,0,81658.38,0,0,81658.38,0,0,81658.38,0,0,81658.38,0,0,81658.38,0,0,81658.38,0,0,82006.28,0,0,82006.28,0,0,81658.38,0,0,81658.38,0,0,81658.38,0,0,81658.38,0,0,81658.38,0,0,81658.38,0,0,81658.38,0,0,81658.38,0,0,81658.38,0,0,153109.46,0,0,81658.38,0,0,81658.38,0,0,81658.38,0,0,83068.02,0,0,81658.38,0,0,83068.02,0,0,81658.38
1,0,0,2020-03-23,COVDIAB,0,0,0,0,0,0,0,0,0,0,0,0,0,0,0,0,0,0,0,0,0,0,0,0,0,0,0,0,0,0,0,0,0,0,0,0,0,0,0,0,0,0,0,0,0,0,0,0,0,0,82256.61,0,0,81906.58,0,0,82256.61,0,0,96240.23,0,0,84052.6,0,0,84793.15,0,0,82965.72,0,0,85168.35,0,0,85546.87,0,0,85546.87,0,0,81906.58,0,0,81906.58,0,0,81906.58,0,0,81906.58,0,0,81906.58,0,0,81906.58,0,0,82609.64,0,0,82965.72,0,0,81906.58,0,0,81906.58,0,0,82256.61,0,0,81906.58,0,0,81906.58,0,0,81906.58,0,0,81906.58,0,0,81906.58,0,0,81906.58,0,0,81906.58,0,0,81906.58,0,0,82256.61,0,0,82256.61,0,0,81906.58,0,0,81906.58,0,0,81906.58,0,0,81906.58,0,0,81906.58,0,0,81906.58,0,0,81906.58,0,0,81906.58,0,0,81906.58,0,0,153984.37,0,0,81906.58,0,0,81906.58,0,0,81906.58,0,0,83324.87,0,0,81906.58,0,0,83324.87,0,0,81906.58
1,0,0,2020-03-30,COVDIAB,0,0,0,0,0,0,0,0,1,1,0,0,0,0,0,0,0,0,0,0,0,0,0,1,0,0,1,1,0,0,0,0,0,0,0,0,0,0,0,1,0,1,0,1,0,0,0,0,0,0,82256.61,0,0,81906.58,0,0,82256.61,0,0,96240.23,0,0,84052.6,0,0,84793.15,0,0,82965.72,0,0,85168.35,23219.96,587.88,129373.35,23219.96,587.88,129373.35,0,0,81906.58,0,0,81906.58,0,0,81906.58,0,0,81906.58,0,0,81906.58,0,0,81906.58,0,0,82609.64,0,0,82965.72,0,0,81906.58,0,0,81906.58,0,0,82256.61,0,0,81906.58,0,0,81906.58,0,0,81906.58,0,0,81906.58,0,0,81906.58,22230.68,562.83,123861.4,0,0,81906.58,0,0,81906.58,22325.79,565.24,124391.37,22325.79,565.24,124391.37,0,0,81906.58,0,0,81906.58,0,0,81906.58,0,0,81906.58,0,0,81906.58,0,0,81906.58,0,0,81906.58,0,0,81906.58,0,0,81906.58,0,0,153984.37,0,0,81906.58,22230.68,562.83,123861.4,0,0,81906.58,22616.1,572.59,126008.84,0,0,81906.58,22616.1,572.59,126008.84,0,0,81906.58
1,0,0,2020-04-06,COVDIAB,0,0,0,0,0,0,0,1,0,0,0,0,0,0,0,0,1,1,0,0,0,0,0,0,0,0,0,0,0,0,0,0,0,0,0,0,0,2,0,0,0,0,0,0,0,0,0,0,0,0,82256.61,0,0,81906.58,0,0,82256.61,0,0,96240.23,0,0,84052.6,0,0,84793.15,0,0,82965.72,23131.73,585.64,128881.74,0,0,85928.78,0,0,85928.78,0,0,81906.58,0,0,81906.58,0,0,81906.58,0,0,81906.58,0,0,81906.58,0,0,81906.58,22435.5,568.02,125002.63,22532.39,570.47,125542.43,0,0,81906.58,0,0,81906.58,0,0,82256.61,0,0,81906.58,0,0,81906.58,0,0,81906.58,0,0,81906.58,0,0,81906.58,0,0,82256.61,0,0,81906.58,0,0,81906.58,0,0,82609.64,0,0,82609.64,0,0,81906.58,0,0,81906.58,0,0,81906.58,0,0,81906.58,0,0,81906.58,0,0,81906.58,0,0,81906.58,0,0,81906.58,0,0,81906.58,84158.99,10192.04,304011.19,0,0,81906.58,0,0,82256.61,0,0,81906.58,0,0,83687.16,0,0,81906.58,0,0,83687.16,0,0,81906.58
1,0,0,2020-04-13,COVDIAB,0,0,0,0,0,0,0,0,0,0,0,0,0,0,0,0,0,0,0,0,0,0,0,0,1,1,0,0,0,0,0,0,0,0,0,0,0,0,0,0,0,0,0,0,0,0,0,1,0,0,82407.54,0,0,82056.23,0,0,82407.54,0,0,96446.9,0,0,84210.2,0,0,84953.54,0,0,83119.26,0,0,85710.13,0,0,85928.78,0,0,85928.78,0,0,82056.23,0,0,82056.23,0,0,82056.23,0,0,82056.23,0,0,82056.23,0,0,82056.23,0,0,83119.26,0,0,83479.75,0,0,82056.23,0,0,82056.23,0,0,82407.54,0,0,82056.23,0,0,82056.23,22312.16,564.89,124315.38,0,0,82056.23,0,0,82056.23,0,0,82407.54,22257.77,563.52,124012.36,22257.77,563.52,124012.36,0,0,82761.87,0,0,82761.87,0,0,82056.23,0,0,82056.23,0,0,82056.23,0,0,82056.23,0,0,82056.23,0,0,82056.23,0,0,82056.23,0,0,82056.23,0,0,82056.23,0,0,157035.34,0,0,82056.23,0,0,82407.54,0,0,82056.23,0,0,83843.39,0,0,82056.23,0,0,83843.39,0,0,82056.23
1,0,0,2020-04-20,COVDIAB,0,0,0,1,0,0,0,1,0,0,0,0,0,0,0,0,0,0,0,0,0,0,0,0,0,0,0,0,0,0,0,0,0,0,0,0,0,1,0,0,0,0,0,0,0,0,0,0,0,0,82965.72,0,0,82609.64,0,0,82965.72,26390.9,668.16,147040.66,0,0,84793.15,0,0,85546.87,0,0,83687.16,23428.48,593.16,130535.13,0,0,86314.11,0,0,86314.11,0,0,82609.64,0,0,82609.64,0,0,82609.64,0,0,82609.64,0,0,82609.64,0,0,82609.64,0,0,83687.16,0,0,84052.6,0,0,82609.64,0,0,82609.64,0,0,82965.72,0,0,82609.64,0,0,82609.64,0,0,82965.72,0,0,82609.64,0,0,82609.64,0,0,82965.72,0,0,82965.72,0,0,82965.72,0,0,83324.87,0,0,83324.87,0,0,82609.64,0,0,82609.64,0,0,82609.64,0,0,82609.64,0,0,82609.64,0,0,82609.64,0,0,82609.64,0,0,82609.64,0,0,82609.64,43430.44,1099.56,241978.92,0,0,82609.64,0,0,82965.72,0,0,82609.64,0,0,84421.25,0,0,82609.64,0,0,84421.25,0,0,82609.64
1,0,0,2020-04-27,COVDIAB,0,0,0,0,0,0,0,0,1,1,0,0,0,0,0,0,0,0,0,0,0,0,0,0,0,0,0,0,0,0,0,0,0,0,0,0,0,0,0,0,0,0,0,0,0,0,0,0,0,0,82965.72,0,0,82609.64,0,0,82965.72,0,0,97705.82,0,0,84793.15,0,0,85546.87,0,0,83687.16,0,0,86702.91,23443.52,593.54,130618.92,23443.52,593.54,130618.92,0,0,82609.64,0,0,82609.64,0,0,82609.64,0,0,82609.64,0,0,82609.64,0,0,82609.64,0,0,83687.16,0,0,84052.6,0,0,82609.64,0,0,82609.64,0,0,82965.72,0,0,82609.64,0,0,82609.64,0,0,82965.72,0,0,82609.64,0,0,82609.64,0,0,82965.72,0,0,82965.72,0,0,82965.72,0,0,83324.87,0,0,83324.87,0,0,82609.64,0,0,82609.64,0,0,82609.64,0,0,82609.64,0,0,82609.64,0,0,82609.64,0,0,82609.64,0,0,82609.64,0,0,82609.64,0,0,160400.38,0,0,82609.64,0,0,82965.72,0,0,82609.64,0,0,84421.25,0,0,82609.64,0,0,84421.25,0,0,82609.64
1,0,0,2020-05-04,COVDIAB,0,0,0,0,0,0,0,0,0,0,0,0,0,0,0,0,0,0,0,0,0,0,0,0,0,0,0,0,0,0,0,0,0,0,0,0,0,0,0,0,0,0,0,0,0,0,0,0,0,0,82965.72,0,0,82609.64,0,0,82965.72,0,0,97705.82,0,0,84793.15,0,0,85546.87,0,0,83687.16,0,0,86702.91,0,0,86702.91,0,0,86702.91,0,0,82609.64,0,0,82609.64,0,0,82609.64,0,0,82609.64,0,0,82609.64,0,0,82609.64,0,0,83687.16,0,0,84052.6,0,0,82609.64,0,0,82609.64,0,0,82965.72,0,0,82609.64,0,0,82609.64,0,0,82965.72,0,0,82609.64,0,0,82609.64,0,0,82965.72,0,0,82965.72,0,0,82965.72,0,0,83324.87,0,0,83324.87,0,0,82609.64,0,0,82609.64,0,0,82609.64,0,0,82609.64,0,0,82609.64,0,0,82609.64,0,0,82609.64,0,0,82609.64,0,0,82609.64,0,0,160400.38,0,0,82609.64,0,0,82965.72,0,0,82609.64,0,0,84421.25,0,0,82609.64,0,0,84421.25,0,0,82609.64
1,0,0,2020-05-11,COVDIAB,0,0,0,1,0,0,0,0,0,0,0,0,0,0,0,0,0,0,0,0,0,0,0,0,0,0,0,0,0,0,0,0,0,0,0,0,0,0,0,0,2,0,0,0,0,0,0,0,0,0,83273.38,0,0,82914.66,0,0,83273.38,26486.58,670.58,147573.8,0,0,85114.54,0,0,85874.01,0,0,84000.2,0,0,87038.97,0,0,87038.97,0,0,87038.97,0,0,82914.66,0,0,82914.66,0,0,82914.66,0,0,82914.66,0,0,82914.66,0,0,82914.66,0,0,84000.2,0,0,84368.39,0,0,82914.66,0,0,82914.66,0,0,83273.38,0,0,82914.66,0,0,82914.66,0,0,83119.26,0,0,82914.66,0,0,82914.66,0,0,83273.38,0,0,82965.72,0,0,82965.72,0,0,83635.21,0,0,83635.21,0,0,82914.66,0,0,82914.66,0,0,82914.66,0,0,82914.66,0,0,82914.66,0,0,82914.66,0,0,82914.66,0,0,82914.66,0,0,82914.66,0,0,160400.38,0,0,82914.66,0,0,83273.38,44953.85,5444.12,162388.75,0,0,84739.83,0,0,82914.66,0,0,84739.83,0,0,82914.66
1,0,0,2020-05-18,COVDIAB,0,0,0,0,0,0,0,0,1,1,0,0,0,0,0,0,0,0,0,0,0,0,0,0,0,0,0,0,0,0,0,0,0,0,0,0,0,0,0,0,0,0,0,0,0,0,0,0,0,0,83791.25,0,0,83428.06,0,0,83791.25,0,0,98347.68,0,0,85168.35,0,0,85928.78,0,0,84527.18,0,0,87604.89,23625.49,598.15,131632.78,23625.49,598.15,131632.78,0,0,83428.06,0,0,83428.06,0,0,83428.06,0,0,83428.06,0,0,83428.06,0,0,83428.06,0,0,84157.6,0,0,84527.18,0,0,83428.06,0,0,83428.06,0,0,83791.25,0,0,83428.06,0,0,83428.06,0,0,83428.06,0,0,83428.06,0,0,83428.06,0,0,83428.06,0,0,83428.06,0,0,83428.06,0,0,83791.25,0,0,83791.25,0,0,83428.06,0,0,83428.06,0,0,83428.06,0,0,83428.06,0,0,83428.06,0,0,83428.06,0,0,83428.06,0,0,83428.06,0,0,83428.06,0,0,160783.2,0,0,83428.06,0,0,83428.06,0,0,83428.06,0,0,84900.01,0,0,83428.06,0,0,84900.01,0,0,83428.06
1,0,0,2020-05-25,COVDIAB,0,0,0,0,0,0,0,0,0,0,0,0,0,0,0,0,0,0,0,0,0,0,0,0,0,0,0,0,0,0,0,0,0,0,0,0,0,0,0,0,0,0,0,0,0,0,0,0,0,0,84052.6,0,0,83687.16,0,0,84052.6,0,0,98707.93,0,0,85168.35,0,0,85928.78,0,0,84793.15,0,0,87890.62,0,0,87491.12,0,0,87491.12,0,0,83687.16,0,0,83687.16,0,0,83687.16,0,0,83687.16,0,0,83687.16,0,0,83687.16,0,0,84421.25,0,0,84793.15,0,0,83687.16,0,0,83687.16,0,0,84052.6,0,0,83687.16,0,0,83687.16,0,0,83687.16,0,0,83687.16,0,0,83687.16,0,0,83687.16,0,0,83687.16,0,0,83687.16,0,0,84052.6,0,0,84052.6,0,0,83687.16,0,0,83687.16,0,0,83687.16,0,0,83687.16,0,0,83687.16,0,0,83687.16,0,0,83687.16,0,0,83687.16,0,0,83687.16,0,0,161748.29,0,0,83687.16,0,0,83687.16,0,0,83687.16,0,0,85168.35,0,0,83687.16,0,0,85168.35,0,0,83687.16
1,0,0,2020-06-01,COVDIAB,0,0,0,0,1,1,1,1,0,0,0,0,0,0,0,0,0,0,0,0,0,0,0,0,0,0,0,0,0,0,0,0,0,0,0,0,0,0,0,0,0,1,0,1,0,0,0,0,0,0,84052.6,0,0,83687.16,0,0,84052.6,0,0,98707.93,23131.73,585.64,128881.74,23338.66,590.88,130034.68,23029.63,583.06,128312.91,23872.55,604.4,133009.33,0,0,87491.12,0,0,87491.12,0,0,83687.16,0,0,83687.16,0,0,83687.16,0,0,83687.16,0,0,83687.16,0,0,83687.16,0,0,84421.25,0,0,84793.15,0,0,83687.16,0,0,83687.16,0,0,84052.6,0,0,83687.16,0,0,83687.16,0,0,83687.16,0,0,83687.16,0,0,83687.16,0,0,83687.16,0,0,83687.16,0,0,83687.16,0,0,84052.6,0,0,84052.6,0,0,83687.16,0,0,83687.16,0,0,83687.16,0,0,83687.16,0,0,83687.16,0,0,83687.16,0,0,83687.16,0,0,83687.16,0,0,83687.16,0,0,161748.29,0,0,83687.16,0,0,83687.16,0,0,83687.16,23131.73,585.64,128881.74,0,0,83687.16,23131.73,585.64,128881.74,0,0,83687.16
1,0,0,2020-06-08,COVDIAB,0,0,0,0,0,0,0,0,0,0,0,0,0,0,0,0,0,0,0,0,0,0,0,0,0,0,0,0,0,0,0,0,0,0,0,0,0,0,0,0,0,0,0,0,0,0,0,0,0,0,84052.6,0,0,83687.16,0,0,84052.6,0,0,98707.93,0,0,85546.87,0,0,86314.11,0,0,85168.35,0,0,88293.79,0,0,87491.12,0,0,87491.12,0,0,83687.16,0,0,83687.16,0,0,83687.16,0,0,83687.16,0,0,83687.16,0,0,83687.16,0,0,84421.25,0,0,84793.15,0,0,83687.16,0,0,83687.16,0,0,84052.6,0,0,83687.16,0,0,83687.16,0,0,83687.16,0,0,83687.16,0,0,83687.16,0,0,83687.16,0,0,83687.16,0,0,83687.16,0,0,84052.6,0,0,84052.6,0,0,83687.16,0,0,83687.16,0,0,83687.16,0,0,83687.16,0,0,83687.16,0,0,83687.16,0,0,83687.16,0,0,83687.16,0,0,83687.16,0,0,161748.29,0,0,83687.16,0,0,83687.16,0,0,83687.16,0,0,85546.87,0,0,83687.16,0,0,85546.87,0,0,83687.16
1,0,0,2020-06-15,COVDIAB,0,0,0,0,0,0,0,0,0,0,0,0,0,0,0,0,0,0,0,0,0,0,0,0,0,0,0,0,0,0,0,0,0,0,0,0,0,0,0,0,1,0,0,0,0,0,0,0,0,0,84052.6,0,0,83687.16,0,0,84052.6,0,0,98707.93,0,0,85546.87,0,0,86314.11,0,0,85168.35,0,0,88293.79,0,0,87491.12,0,0,87491.12,0,0,83687.16,0,0,83687.16,0,0,83687.16,0,0,83687.16,0,0,83687.16,0,0,83687.16,0,0,84421.25,0,0,84793.15,0,0,83687.16,0,0,83687.16,0,0,84052.6,0,0,83687.16,0,0,83687.16,0,0,83687.16,0,0,83687.16,0,0,83687.16,0,0,83687.16,0,0,83687.16,0,0,83687.16,0,0,84052.6,0,0,84052.6,0,0,83687.16,0,0,83687.16,0,0,83687.16,0,0,83687.16,0,0,83687.16,0,0,83687.16,0,0,83687.16,0,0,83687.16,0,0,83687.16,0,0,161748.29,0,0,83687.16,0,0,83687.16,22686.34,574.37,126400.17,0,0,85546.87,0,0,83687.16,0,0,85546.87,0,0,83687.16
1,0,0,2020-06-22,COVDIAB,0,0,0,0,0,0,0,0,0,0,0,0,0,0,0,0,0,0,0,0,0,0,0,0,0,0,0,0,0,0,0,0,0,0,0,0,0,0,0,0,0,0,0,0,0,0,0,0,0,0,84474.18,0,0,84105.07,0,0,84474.18,0,0,99216.73,0,0,85983.61,0,0,86702.91,0,0,85601.22,0,0,88759.11,0,0,87947.99,0,0,87947.99,0,0,84105.07,0,0,84105.07,0,0,84105.07,0,0,84105.07,0,0,84105.07,0,0,84105.07,0,0,84846.55,0,0,85222.22,0,0,84105.07,0,0,84105.07,0,0,84474.18,0,0,84105.07,0,0,84105.07,0,0,84105.07,0,0,84105.07,0,0,84105.07,0,0,84105.07,0,0,84105.07,0,0,84105.07,0,0,84474.18,0,0,84474.18,0,0,84105.07,0,0,84105.07,0,0,84105.07,0,0,84105.07,0,0,84105.07,0,0,84105.07,0,0,84105.07,0,0,84105.07,0,0,84105.07,0,0,161748.29,0,0,84105.07,0,0,84105.07,0,0,84105.07,0,0,85983.61,0,0,84105.07,0,0,85983.61,0,0,84105.07
1,0,0,2020-06-29,COVDIAB,0,0,0,0,0,0,0,0,0,0,0,0,0,0,0,0,0,0,0,0,0,0,0,0,0,0,0,0,0,0,0,0,0,0,0,0,0,1,0,0,0,0,0,0,0,0,0,0,0,0,84793.15,0,0,84421.25,0,0,84793.15,0,0,99216.73,0,0,86314.11,0,0,86702.91,0,0,85928.78,0,0,89111.32,0,0,88293.79,0,0,88293.79,0,0,84421.25,0,0,84421.25,0,0,84421.25,0,0,84421.25,0,0,84421.25,0,0,84421.25,0,0,85168.35,0,0,85546.87,0,0,84421.25,0,0,84421.25,0,0,84793.15,0,0,84421.25,0,0,84421.25,0,0,84421.25,0,0,84421.25,0,0,84421.25,0,0,84421.25,0,0,84421.25,0,0,84421.25,0,0,84793.15,0,0,84793.15,0,0,84421.25,0,0,84421.25,0,0,84421.25,0,0,84421.25,0,0,84421.25,0,0,84421.25,0,0,84421.25,0,0,84421.25,0,0,84421.25,44006.02,1114.14,245185.87,0,0,84421.25,0,0,84421.25,0,0,84421.25,0,0,86314.11,0,0,84421.25,0,0,86314.11,0,0,84421.25
1,0,0,2020-07-06,COVDIAB,0,0,0,0,0,0,0,0,1,1,0,0,0,0,0,0,0,0,0,0,0,0,0,0,0,0,0,0,0,0,0,0,0,0,0,0,0,1,0,0,2,0,0,0,0,0,0,0,0,0,85060.81,0,0,84686.56,0,0,85060.81,0,0,99583.39,0,0,86591.47,0,0,86982.78,0,0,86203.66,0,0,89406.98,24045.42,608.78,133972.53,24045.42,608.78,133972.53,0,0,84686.56,0,0,84686.56,0,0,84686.56,0,0,84686.56,0,0,84686.56,0,0,84686.56,0,0,85438.38,0,0,85819.31,0,0,84686.56,0,0,84686.56,0,0,85060.81,0,0,84686.56,0,0,84686.56,0,0,84686.56,0,0,84686.56,0,0,84686.56,0,0,84686.56,0,0,84686.56,0,0,84686.56,0,0,85060.81,0,0,85060.81,0,0,84686.56,0,0,84686.56,0,0,84686.56,0,0,84686.56,0,0,84686.56,0,0,84686.56,0,0,84686.56,0,0,84686.56,0,0,84686.56,44542.68,1127.72,248175.94,0,0,84686.56,0,0,84686.56,45914.52,5560.46,165859.03,0,0,86591.47,0,0,84686.56,0,0,86591.47,0,0,84686.56
1,0,0,2020-07-13,COVDIAB,0,0,0,2,0,0,1,1,0,0,0,0,0,0,0,0,0,0,0,0,0,0,0,0,0,0,0,0,0,0,0,0,0,0,0,0,0,0,0,0,0,1,0,1,0,0,0,0,0,0,85546.87,0,0,85168.35,0,0,85546.87,54637.25,6616.82,197368.52,0,0,87095.23,0,0,87491.12,23579.73,596.99,131377.84,24464.17,619.38,136305.61,0,0,89525.8,0,0,89525.8,0,0,85168.35,0,0,85168.35,0,0,85168.35,0,0,85168.35,0,0,85168.35,0,0,85168.35,0,0,85928.78,0,0,86314.11,0,0,85168.35,0,0,85168.35,0,0,85546.87,0,0,85168.35,0,0,85168.35,0,0,85168.35,0,0,85168.35,0,0,85168.35,0,0,85168.35,0,0,85168.35,0,0,85168.35,0,0,85546.87,0,0,85546.87,0,0,85168.35,0,0,85168.35,0,0,85168.35,0,0,85168.35,0,0,85168.35,0,0,85168.35,0,0,85168.35,0,0,85168.35,0,0,85168.35,0,0,164513.21,0,0,85168.35,0,0,85168.35,0,0,85168.35,23686.77,599.7,131974.24,0,0,85168.35,23686.77,599.7,131974.24,0,0,85168.35
1,0,0,2020-07-20,COVDIAB,0,0,0,0,0,0,0,0,0,0,0,0,0,0,0,0,0,0,0,0,0,0,0,0,0,0,0,0,0,0,0,0,0,0,0,0,0,0,0,0,0,0,0,0,0,0,0,0,0,0,85546.87,0,0,85168.35,0,0,85546.87,0,0,101305.51,0,0,87095.23,0,0,87491.12,0,0,87095.23,0,0,90366.41,0,0,89525.8,0,0,89525.8,0,0,85168.35,0,0,85168.35,0,0,85168.35,0,0,85168.35,0,0,85168.35,0,0,85168.35,0,0,85928.78,0,0,86314.11,0,0,85168.35,0,0,85168.35,0,0,85546.87,0,0,85168.35,0,0,85168.35,0,0,85168.35,0,0,85168.35,0,0,85168.35,0,0,85168.35,0,0,85168.35,0,0,85168.35,0,0,85546.87,0,0,85546.87,0,0,85168.35,0,0,85168.35,0,0,85168.35,0,0,85168.35,0,0,85168.35,0,0,85168.35,0,0,85168.35,0,0,85168.35,0,0,85168.35,0,0,164513.21,0,0,85168.35,0,0,85168.35,0,0,85168.35,0,0,87491.12,0,0,85168.35,0,0,87491.12,0,0,85168.35
1,0,0,2020-07-27,COVDIAB,0,0,0,1,0,0,0,0,0,0,0,0,0,0,0,0,0,0,0,0,0,0,0,0,0,0,0,0,0,0,0,0,0,0,0,0,0,0,0,0,0,0,0,0,0,0,0,0,0,0,85546.87,0,0,85168.35,0,0,85546.87,27586.86,698.44,153704.14,0,0,87095.23,0,0,87491.12,0,0,87095.23,0,0,90366.41,0,0,89525.8,0,0,89525.8,0,0,85168.35,0,0,85168.35,0,0,85168.35,0,0,85168.35,0,0,85168.35,0,0,85168.35,0,0,85928.78,0,0,86314.11,0,0,85168.35,0,0,85168.35,0,0,85546.87,0,0,85168.35,0,0,85168.35,0,0,85168.35,0,0,85168.35,0,0,85168.35,0,0,85168.35,0,0,85168.35,0,0,85168.35,0,0,85546.87,0,0,85546.87,0,0,85168.35,0,0,85168.35,0,0,85168.35,0,0,85168.35,0,0,85168.35,0,0,85168.35,0,0,85168.35,0,0,85168.35,0,0,85168.35,0,0,164513.21,0,0,85168.35,0,0,85168.35,0,0,85168.35,0,0,87491.12,0,0,85168.35,0,0,87491.12,0,0,85168.35
1,0,0,2020-08-03,COVDIAB,0,0,0,0,0,0,0,0,0,0,0,0,0,0,0,0,1,1,0,0,0,0,0,0,0,0,0,0,0,0,0,0,0,0,0,0,0,0,0,0,0,0,0,0,0,0,0,0,0,0,85601.22,0,0,85222.22,0,0,85601.22,0,0,101918.55,0,0,87151.57,0,0,87547.97,0,0,87151.57,0,0,90427.06,0,0,89585.32,0,0,89585.32,0,0,85222.22,0,0,85222.22,0,0,85222.22,0,0,85222.22,0,0,85222.22,0,0,85222.22,23308.87,590.13,129868.71,23413.46,592.78,130451.46,0,0,85222.22,0,0,85222.22,0,0,85601.22,0,0,85222.22,0,0,85222.22,0,0,85222.22,0,0,85222.22,0,0,85222.22,0,0,85222.22,0,0,85222.22,0,0,85222.22,0,0,85601.22,0,0,85601.22,0,0,85222.22,0,0,85222.22,0,0,85222.22,0,0,85222.22,0,0,85222.22,0,0,85222.22,0,0,85222.22,0,0,85222.22,0,0,85222.22,0,0,164513.21,0,0,85222.22,0,0,85222.22,0,0,85222.22,0,0,87547.97,0,0,85222.22,0,0,87547.97,0,0,85222.22
1,0,0,2020-08-10,COVDIAB,0,0,0,0,0,0,0,0,0,0,0,0,0,0,0,0,0,0,0,0,0,0,0,0,0,0,0,0,0,0,0,0,0,0,0,0,0,0,0,0,0,0,0,0,0,0,0,0,0,0,85928.78,0,0,85546.87,0,0,85928.78,0,0,102383.22,0,0,87491.12,0,0,87890.62,0,0,87491.12,0,0,90792.67,0,0,89944.14,0,0,89944.14,0,0,85546.87,0,0,85546.87,0,0,85546.87,0,0,85546.87,0,0,85546.87,0,0,85546.87,0,0,86702.91,0,0,87095.23,0,0,85546.87,0,0,85546.87,0,0,85928.78,0,0,85546.87,0,0,85546.87,0,0,85546.87,0,0,85546.87,0,0,85546.87,0,0,85546.87,0,0,85546.87,0,0,85546.87,0,0,85928.78,0,0,85928.78,0,0,85546.87,0,0,85546.87,0,0,85546.87,0,0,85546.87,0,0,85546.87,0,0,85546.87,0,0,85546.87,0,0,85546.87,0,0,85546.87,0,0,164513.21,0,0,85546.87,0,0,85546.87,0,0,85546.87,0,0,87890.62,0,0,85546.87,0,0,87890.62,0,0,85546.87
1,0,0,2020-08-17,COVDIAB,0,0,0,0,0,0,0,0,0,0,0,0,0,1,0,0,0,0,0,0,0,0,0,0,0,0,0,0,0,0,0,0,0,0,0,0,0,0,0,0,0,0,0,0,0,0,0,0,0,0,86148.54,0,0,85764.69,0,0,86148.54,0,0,102695.37,0,0,87718.96,0,0,88120.55,0,0,87718.96,0,0,91038.06,0,0,90184.95,0,0,90184.95,0,0,85764.69,0,0,85764.69,0,0,85764.69,23249.52,588.63,129538.05,0,0,85764.69,0,0,85764.69,0,0,86926.66,0,0,87321.01,0,0,85764.69,0,0,85764.69,0,0,86148.54,0,0,85764.69,0,0,85764.69,0,0,85764.69,0,0,85764.69,0,0,85764.69,0,0,85764.69,0,0,85764.69,0,0,85764.69,0,0,86148.54,0,0,86148.54,0,0,85764.69,0,0,85764.69,0,0,85764.69,0,0,85764.69,0,0,85764.69,0,0,85764.69,0,0,85764.69,0,0,85764.69,0,0,85764.69,0,0,165320.64,0,0,85764.69,0,0,85764.69,0,0,85764.69,0,0,88120.55,0,0,85764.69,0,0,88120.55,0,0,85764.69
1,0,0,2020-08-24,COVDIAB,0,0,0,0,0,0,0,1,1,1,0,0,0,0,0,0,0,0,0,0,0,0,0,0,0,0,0,0,0,0,0,0,0,0,0,0,0,0,0,0,0,0,0,0,0,0,0,0,0,0,86424.84,0,0,86038.52,0,0,86424.84,0,0,103088.23,0,0,88005.44,0,0,88409.66,0,0,88005.44,24796.33,627.79,138156.33,24595.96,622.72,137039.92,24595.96,622.72,137039.92,0,0,86038.52,0,0,86038.52,0,0,86038.52,0,0,86424.84,0,0,86038.52,0,0,86038.52,0,0,87207.98,0,0,87604.89,0,0,86038.52,0,0,86038.52,0,0,86424.84,0,0,86038.52,0,0,86038.52,0,0,86038.52,0,0,86038.52,0,0,86038.52,0,0,86038.52,0,0,86038.52,0,0,86038.52,0,0,86424.84,0,0,86424.84,0,0,86038.52,0,0,86038.52,0,0,86038.52,0,0,86038.52,0,0,86038.52,0,0,86038.52,0,0,86038.52,0,0,86038.52,0,0,86038.52,0,0,165931.43,0,0,86038.52,0,0,86038.52,0,0,86038.52,0,0,88409.66,0,0,86038.52,0,0,88409.66,0,0,86038.52
1,0,0,2020-08-31,COVDIAB,0,0,0,0,0,0,0,0,0,0,0,0,0,0,0,0,0,0,0,0,0,0,0,0,0,0,0,0,0,0,0,0,0,0,0,0,0,0,0,0,0,0,0,0,0,0,0,0,0,0,86814.64,0,0,86424.84,0,0,86814.64,0,0,103643.32,0,0,88409.66,0,0,88817.62,0,0,88409.66,0,0,92221.99,0,0,91346.66,0,0,91346.66,0,0,86424.84,0,0,86424.84,0,0,86424.84,0,0,86814.64,0,0,86424.84,0,0,86424.84,0,0,87604.89,0,0,88005.44,0,0,86424.84,0,0,86424.84,0,0,86814.64,0,0,86424.84,0,0,86424.84,0,0,86424.84,0,0,86424.84,0,0,86424.84,0,0,86424.84,0,0,86424.84,0,0,86424.84,0,0,86814.64,0,0,86814.64,0,0,86424.84,0,0,86424.84,0,0,86424.84,0,0,86424.84,0,0,86424.84,0,0,86424.84,0,0,86424.84,0,0,86424.84,0,0,86424.84,0,0,165931.43,0,0,86424.84,0,0,86424.84,0,0,86424.84,0,0,88817.62,0,0,86424.84,0,0,88817.62,0,0,86424.84
1,0,0,2020-09-07,COVDIAB,0,0,0,0,0,0,0,0,0,0,0,0,0,0,0,0,0,0,0,0,0,0,0,0,0,0,0,0,0,0,0,0,0,0,0,0,0,0,0,0,0,0,0,0,0,0,0,0,0,0,87095.23,0,0,86702.91,0,0,87095.23,0,0,104043.49,0,0,88700.67,0,0,89111.32,0,0,88700.67,0,0,92538.68,0,0,91657.36,0,0,91657.36,0,0,86702.91,0,0,86702.91,0,0,86702.91,0,0,87095.23,0,0,86702.91,0,0,86702.91,0,0,87890.62,0,0,88293.79,0,0,86702.91,0,0,86702.91,0,0,87095.23,0,0,86702.91,0,0,86702.91,0,0,86702.91,0,0,86702.91,0,0,86702.91,0,0,86702.91,0,0,86702.91,0,0,86702.91,0,0,87095.23,0,0,87095.23,0,0,86702.91,0,0,86702.91,0,0,86702.91,0,0,86702.91,0,0,86702.91,0,0,86702.91,0,0,86702.91,0,0,86702.91,0,0,86702.91,0,0,165931.43,0,0,86702.91,0,0,86702.91,0,0,86702.91,0,0,89111.32,0,0,86702.91,0,0,89111.32,0,0,86702.91
1,0,0,2020-09-14,COVDIAB,0,0,0,0,0,0,0,0,0,0,0,0,0,0,0,0,0,0,0,0,0,0,0,0,0,0,0,0,0,0,0,0,0,0,0,0,0,0,0,0,0,0,0,0,0,0,0,0,0,0,87095.23,0,0,86702.91,0,0,87095.23,0,0,104043.49,0,0,88700.67,0,0,89111.32,0,0,88700.67,0,0,92538.68,0,0,91657.36,0,0,91657.36,0,0,86702.91,0,0,86702.91,0,0,86702.91,0,0,87095.23,0,0,86702.91,0,0,86702.91,0,0,87890.62,0,0,88293.79,0,0,86702.91,0,0,86702.91,0,0,87095.23,0,0,86702.91,0,0,86702.91,0,0,86702.91,0,0,86702.91,0,0,86702.91,0,0,86702.91,0,0,86702.91,0,0,86702.91,0,0,87095.23,0,0,87095.23,0,0,86702.91,0,0,86702.91,0,0,86702.91,0,0,86702.91,0,0,86702.91,0,0,86702.91,0,0,86702.91,0,0,86702.91,0,0,86702.91,0,0,165931.43,0,0,86702.91,0,0,86702.91,0,0,86702.91,0,0,89111.32,0,0,86702.91,0,0,89111.32,0,0,86702.91
1,0,0,2020-09-21,COVDIAB,0,0,0,0,0,1,0,0,1,1,0,0,0,0,0,0,0,0,0,0,0,0,0,0,0,0,0,0,0,0,0,0,0,0,0,0,0,0,0,0,0,0,0,0,0,0,0,0,0,0,87434.34,0,0,87038.97,0,0,87434.34,0,0,104527.79,0,0,89052.43,24317.58,615.67,135488.86,0,0,89052.43,0,0,92921.6,25017.12,633.38,139386.49,25017.12,633.38,139386.49,0,0,87038.97,0,0,87038.97,0,0,87038.97,0,0,87434.34,0,0,87038.97,0,0,87038.97,0,0,88235.97,0,0,88642.32,0,0,87038.97,0,0,87038.97,0,0,87434.34,0,0,87038.97,0,0,87038.97,0,0,87038.97,0,0,87038.97,0,0,87038.97,0,0,87038.97,0,0,87038.97,0,0,87038.97,0,0,87434.34,0,0,87434.34,0,0,87038.97,0,0,87038.97,0,0,87038.97,0,0,87038.97,0,0,87038.97,0,0,87038.97,0,0,87038.97,0,0,87038.97,0,0,87038.97,0,0,165931.43,0,0,87038.97,0,0,87038.97,0,0,87038.97,0,0,89466.35,0,0,87038.97,0,0,89466.35,0,0,87038.97
1,0,0,2020-09-28,COVDIAB,0,0,0,1,0,0,0,0,0,0,0,0,0,0,0,0,0,0,0,0,0,0,0,0,0,0,0,0,0,0,0,0,0,0,0,0,0,0,0,0,0,0,0,0,0,0,0,0,0,0,88005.44,0,0,87604.89,0,0,88005.44,28669.54,725.85,159736.48,0,0,89644.92,0,0,90487.79,0,0,89644.92,0,0,93566.89,0,0,93114.25,0,0,93114.25,0,0,87604.89,0,0,87604.89,0,0,87604.89,0,0,88005.44,0,0,87604.89,0,0,87604.89,0,0,88817.62,0,0,89229.35,0,0,87604.89,0,0,87604.89,0,0,88005.44,0,0,87604.89,0,0,87604.89,0,0,87604.89,0,0,87604.89,0,0,87604.89,0,0,87604.89,0,0,87604.89,0,0,87604.89,0,0,88005.44,0,0,88005.44,0,0,87604.89,0,0,87604.89,0,0,87604.89,0,0,87604.89,0,0,87604.89,0,0,87604.89,0,0,87604.89,0,0,87604.89,0,0,87604.89,0,0,165931.43,0,0,87604.89,0,0,87604.89,0,0,87604.89,0,0,90064.39,0,0,87604.89,0,0,90064.39,0,0,87604.89
1,0,0,2020-10-05,COVDIAB,0,0,0,0,0,0,0,0,0,0,0,0,0,0,0,0,0,0,0,0,0,0,0,0,0,0,0,0,0,0,0,0,0,0,0,0,0,0,0,0,0,0,0,0,0,0,0,0,0,0,88700.67,0,0,88293.79,0,0,88700.67,0,0,106342.8,0,0,90366.41,0,0,91222.97,0,0,90366.41,0,0,94353.17,0,0,93892.91,0,0,93892.91,0,0,88293.79,0,0,88293.79,0,0,88293.79,0,0,88700.67,0,0,88293.79,0,0,88293.79,0,0,89525.8,0,0,89944.14,0,0,88293.79,0,0,88293.79,0,0,88700.67,0,0,88293.79,0,0,88293.79,0,0,88293.79,0,0,88293.79,0,0,88293.79,0,0,88293.79,0,0,88293.79,0,0,88293.79,0,0,88700.67,0,0,88700.67,0,0,88293.79,0,0,88293.79,0,0,88293.79,0,0,88293.79,0,0,88293.79,0,0,88293.79,0,0,88293.79,0,0,88293.79,0,0,88293.79,0,0,167374.31,0,0,88293.79,0,0,88293.79,0,0,88293.79,0,0,90792.67,0,0,88293.79,0,0,90792.67,0,0,88293.79
1,0,0,2020-10-12,COVDIAB,0,0,0,0,0,0,0,1,0,0,0,0,0,0,0,0,0,0,0,0,0,0,0,0,0,0,0,0,0,0,0,0,0,0,0,0,0,0,0,0,0,0,0,0,0,0,0,0,0,0,88700.67,0,0,88293.79,0,0,88700.67,0,0,106342.8,0,0,90366.41,0,0,91222.97,0,0,90366.41,25685.65,650.3,143111.3,0,0,93892.91,0,0,93892.91,0,0,88293.79,0,0,88293.79,0,0,88293.79,0,0,88700.67,0,0,88293.79,0,0,88293.79,0,0,89525.8,0,0,89944.14,0,0,88293.79,0,0,88293.79,0,0,88700.67,0,0,88293.79,0,0,88293.79,0,0,88293.79,0,0,88293.79,0,0,88293.79,0,0,88293.79,0,0,88293.79,0,0,88293.79,0,0,88700.67,0,0,88700.67,0,0,88293.79,0,0,88293.79,0,0,88293.79,0,0,88293.79,0,0,88293.79,0,0,88293.79,0,0,88293.79,0,0,88293.79,0,0,88293.79,0,0,167374.31,0,0,88293.79,0,0,88293.79,0,0,88293.79,0,0,90792.67,0,0,88293.79,0,0,90792.67,0,0,88293.79
1,0,0,2020-10-19,COVDIAB,0,0,0,1,0,0,0,0,0,0,0,0,0,0,0,0,0,0,0,0,0,0,0,0,0,0,0,0,0,0,0,0,0,0,0,0,0,1,0,0,1,0,0,0,0,0,0,0,0,0,89052.43,0,0,88642.32,0,0,89052.43,29011.12,734.5,161639.61,0,0,90731.53,0,0,91595.05,0,0,90731.53,0,0,95220.02,0,0,94287.14,0,0,94287.14,0,0,88642.32,0,0,88642.32,0,0,88642.32,0,0,88876.2,0,0,88642.32,0,0,88642.32,0,0,89884.14,0,0,90305.85,0,0,88642.32,0,0,88642.32,0,0,89052.43,0,0,88642.32,0,0,88642.32,0,0,88642.32,0,0,88642.32,0,0,88642.32,0,0,88642.32,0,0,88642.32,0,0,88642.32,0,0,89052.43,0,0,89052.43,0,0,88642.32,0,0,88642.32,0,0,88642.32,0,0,88642.32,0,0,88642.32,0,0,88642.32,0,0,88642.32,0,0,88642.32,0,0,88642.32,45485.68,1151.6,253429.98,0,0,88642.32,0,0,88642.32,24029.61,608.38,133884.39,0,0,91161.25,0,0,88642.32,0,0,91161.25,0,0,88642.32
1,0,0,2020-10-26,COVDIAB,0,0,0,0,0,0,0,0,0,0,0,0,0,0,0,0,0,0,0,0,0,0,0,0,0,0,0,0,0,0,0,0,0,0,0,0,0,1,0,0,0,0,0,0,0,0,0,0,0,0,89525.8,0,0,89111.32,0,0,89525.8,0,0,107530.98,0,0,91222.97,0,0,92095.91,0,0,91222.97,0,0,95761.42,0,0,94817.96,0,0,94817.96,0,0,89111.32,0,0,89111.32,0,0,89111.32,0,0,89111.32,0,0,89111.32,0,0,89111.32,0,0,90366.41,0,0,90792.67,0,0,89111.32,0,0,89111.32,0,0,89525.8,0,0,89111.32,0,0,89111.32,0,0,89111.32,0,0,89111.32,0,0,89111.32,0,0,89111.32,0,0,89111.32,0,0,89111.32,0,0,89525.8,0,0,89525.8,0,0,89111.32,0,0,89111.32,0,0,89111.32,0,0,89111.32,0,0,89111.32,0,0,89111.32,0,0,89111.32,0,0,89111.32,0,0,89111.32,46001.26,1164.65,256302.61,0,0,89111.32,0,0,89111.32,0,0,89111.32,0,0,91657.36,0,0,89111.32,0,0,91657.36,0,0,89111.32
1,0,0,2020-11-02,COVDIAB,0,0,0,0,0,0,0,0,0,0,0,0,0,0,0,0,0,0,0,0,0,0,0,0,0,0,0,0,0,0,0,0,0,0,0,0,0,0,0,0,0,0,0,0,0,0,0,0,0,0,89944.14,0,0,89525.8,0,0,89944.14,0,0,108135.09,0,0,91657.36,0,0,92538.68,0,0,91657.36,0,0,96240.23,0,0,95287.36,0,0,95287.36,0,0,89525.8,0,0,89525.8,0,0,89525.8,0,0,89525.8,0,0,89525.8,0,0,89525.8,0,0,90792.67,0,0,91222.97,0,0,89525.8,0,0,89525.8,0,0,89944.14,0,0,89525.8,0,0,89525.8,0,0,89525.8,0,0,89525.8,0,0,89525.8,0,0,89525.8,0,0,89525.8,0,0,89525.8,0,0,89944.14,0,0,89944.14,0,0,89525.8,0,0,89525.8,0,0,89525.8,0,0,89525.8,0,0,89525.8,0,0,89525.8,0,0,89525.8,0,0,89525.8,0,0,89525.8,0,0,171857.55,0,0,89525.8,0,0,89525.8,0,0,89525.8,0,0,92095.91,0,0,89525.8,0,0,92095.91,0,0,89525.8
1,0,0,2020-11-09,COVDIAB,0,0,0,0,0,0,0,0,0,0,0,0,0,0,0,0,0,0,0,0,0,0,0,0,0,0,0,1,0,0,0,0,0,0,0,0,0,3,0,0,0,0,0,0,0,0,0,0,0,0,89944.14,0,0,89525.8,0,0,89944.14,0,0,108135.09,0,0,91657.36,0,0,92538.68,0,0,91657.36,0,0,96240.23,0,0,95287.36,0,0,95287.36,0,0,89525.8,0,0,89525.8,0,0,89525.8,0,0,89525.8,0,0,89525.8,0,0,89525.8,0,0,90792.67,0,0,91222.97,0,0,89525.8,0,0,89525.8,0,0,89944.14,0,0,89525.8,0,0,89525.8,0,0,89525.8,0,0,89525.8,0,0,89525.8,0,0,89525.8,0,0,89525.8,0,0,89525.8,0,0,89944.14,24464.17,619.38,136305.61,0,0,89525.8,0,0,89525.8,0,0,89525.8,0,0,89525.8,0,0,89525.8,0,0,89525.8,0,0,89525.8,0,0,89525.8,0,0,89525.8,140841.9,29044.99,411599.81,0,0,89525.8,0,0,89525.8,0,0,89525.8,0,0,92095.91,0,0,89525.8,0,0,92095.91,0,0,89525.8
1,0,0,2020-11-16,COVDIAB,0,0,0,0,0,0,0,0,0,0,0,0,0,0,0,0,0,0,0,0,0,0,0,0,0,0,0,0,0,0,0,0,0,0,0,0,0,1,0,0,1,0,0,0,0,0,0,0,0,0,90124.63,0,0,89704.61,0,0,90124.63,0,0,108396.08,0,0,91844.8,0,0,92729.75,0,0,91844.8,0,0,96446.9,0,0,95489.95,0,0,95489.95,0,0,89704.61,0,0,89704.61,0,0,89704.61,0,0,89704.61,0,0,89704.61,0,0,89704.61,0,0,90976.58,0,0,91408.63,0,0,89704.61,0,0,89704.61,0,0,90124.63,0,0,89704.61,0,0,89704.61,0,0,89704.61,0,0,89704.61,0,0,89704.61,0,0,89704.61,0,0,89704.61,0,0,89704.61,0,0,90124.63,0,0,90548.6,0,0,89704.61,0,0,89704.61,0,0,89704.61,0,0,89704.61,0,0,89704.61,0,0,89704.61,0,0,89704.61,0,0,89704.61,0,0,89704.61,48059.21,1216.75,267768.78,0,0,89704.61,0,0,89704.61,24317.58,615.67,135488.86,0,0,92285.15,0,0,89704.61,0,0,92285.15,0,0,89704.61
1,0,0,2020-11-23,COVDIAB,0,0,0,0,0,0,0,0,0,0,0,0,0,0,0,0,0,0,0,0,0,0,0,0,0,0,0,0,0,0,0,0,0,0,0,0,0,5,0,0,0,0,0,0,0,0,0,0,0,0,90427.06,0,0,90004.22,0,0,90427.06,0,0,108833.86,0,0,92158.91,0,0,93049.95,0,0,92158.91,0,0,96793.33,0,0,95829.53,0,0,95829.53,0,0,90004.22,0,0,90004.22,0,0,90004.22,0,0,90004.22,0,0,90004.22,0,0,90004.22,0,0,91284.77,0,0,91719.76,0,0,90004.22,0,0,90004.22,0,0,90427.06,0,0,90004.22,0,0,90004.22,0,0,90004.22,0,0,90004.22,0,0,90004.22,0,0,90004.22,0,0,90004.22,0,0,90004.22,0,0,90427.06,0,0,90853.89,0,0,90004.22,0,0,90004.22,0,0,90004.22,0,0,90004.22,0,0,90004.22,0,0,90004.22,0,0,90004.22,0,0,90004.22,0,0,90004.22,244477.91,79381.31,570529.89,0,0,90004.22,0,0,90004.22,0,0,90004.22,0,0,92602.28,0,0,90004.22,0,0,92602.28,0,0,90004.22
1,0,0,2020-11-30,COVDIAB,0,0,0,0,0,0,0,1,0,0,0,0,0,0,0,0,0,0,0,0,0,0,0,0,0,0,0,0,0,0,0,0,0,0,0,0,0,2,0,0,0,0,0,0,0,0,0,0,0,0,90915.2,0,0,90487.79,0,0,90915.2,0,0,109541.73,0,0,92665.97,0,0,93566.89,0,0,92665.97,26448.23,669.61,147360.08,0,0,96377.91,0,0,96377.91,0,0,90487.79,0,0,90487.79,0,0,90487.79,0,0,90487.79,0,0,90487.79,0,0,90487.79,0,0,91782.24,0,0,92221.99,0,0,90487.79,0,0,90487.79,0,0,90915.2,0,0,90487.79,0,0,90487.79,0,0,90487.79,0,0,90487.79,0,0,90487.79,0,0,90487.79,0,0,90487.79,0,0,90487.79,0,0,90915.2,0,0,91346.66,0,0,90487.79,0,0,90487.79,0,0,90487.79,0,0,90487.79,0,0,90487.79,0,0,90487.79,0,0,90487.79,0,0,90487.79,0,0,90487.79,101882.85,12338.49,368035.87,0,0,90487.79,0,0,90487.79,0,0,90487.79,0,0,93114.25,0,0,90487.79,0,0,93114.25,0,0,90487.79
1,0,0,2020-12-07,COVDIAB,0,0,0,0,0,0,0,0,0,0,0,0,0,0,0,0,0,0,0,0,0,0,0,0,0,0,1,1,0,0,0,0,0,0,0,0,0,4,0,0,0,1,0,1,0,0,0,0,0,0,91222.97,0,0,90792.67,0,0,91222.97,0,0,109988.83,0,0,92985.73,0,0,93892.91,0,0,92985.73,0,0,98204.32,0,0,96723.85,0,0,96723.85,0,0,90792.67,0,0,90792.67,0,0,90792.67,0,0,90792.67,0,0,90792.67,0,0,90792.67,0,0,92095.91,0,0,92538.68,0,0,90792.67,0,0,90792.67,0,0,91222.97,0,0,90792.67,0,0,90792.67,0,0,90792.67,0,0,90792.67,0,0,90792.67,0,0,90792.67,0,0,90792.67,0,0,90792.67,24830.05,628.64,138344.17,24948.77,631.65,139005.65,0,0,90792.67,0,0,90792.67,0,0,90792.67,0,0,90792.67,0,0,90792.67,0,0,90792.67,0,0,90792.67,0,0,90792.67,0,0,90792.67,213284.67,58112.89,546093.47,0,0,90792.67,0,0,90792.67,0,0,90792.67,25435.24,643.96,141716.07,0,0,90792.67,25435.24,643.96,141716.07,0,0,90792.67
1,0,0,2020-12-14,COVDIAB,0,0,0,0,0,0,0,0,0,0,0,0,0,0,0,0,0,0,0,0,0,0,0,0,0,0,0,0,0,0,0,0,0,0,0,0,0,1,0,0,0,0,0,0,0,0,0,0,0,0,91222.97,0,0,90792.67,0,0,91222.97,0,0,109988.83,0,0,92985.73,0,0,93892.91,0,0,92985.73,0,0,98204.32,0,0,96723.85,0,0,96723.85,0,0,90792.67,0,0,90792.67,0,0,90792.67,0,0,90792.67,0,0,90792.67,0,0,90792.67,0,0,92095.91,0,0,92538.68,0,0,90792.67,0,0,90792.67,0,0,91222.97,0,0,90792.67,0,0,90792.67,0,0,90792.67,0,0,90792.67,0,0,90792.67,0,0,90792.67,0,0,90792.67,0,0,90792.67,0,0,91657.36,0,0,92095.91,0,0,90792.67,0,0,90792.67,0,0,90792.67,0,0,90792.67,0,0,90792.67,0,0,90792.67,0,0,90792.67,0,0,90792.67,0,0,90792.67,54514.93,1380.2,303737.72,0,0,90792.67,0,0,90792.67,0,0,90792.67,0,0,93892.91,0,0,90792.67,0,0,93892.91,0,0,90792.67
1,0,0,2020-12-21,COVDIAB,0,0,0,0,0,0,0,1,0,0,0,0,0,0,0,0,1,1,0,0,0,0,0,0,0,0,0,0,0,0,0,0,0,0,0,0,0,1,0,0,0,0,0,0,0,0,0,0,0,0,91470.69,0,0,91038.06,0,0,91470.69,0,0,110349.16,0,0,93243.13,0,0,94155.36,0,0,93243.13,26699.56,675.97,148760.43,0,0,97002.39,0,0,97002.39,0,0,91038.06,0,0,91038.06,0,0,91038.06,0,0,91038.06,0,0,91038.06,0,0,91038.06,25137.65,636.43,140058,25259.34,639.51,140736.01,0,0,91038.06,0,0,91038.06,0,0,91470.69,0,0,91038.06,0,0,91038.06,0,0,91038.06,0,0,91038.06,0,0,91038.06,0,0,91038.06,0,0,91038.06,0,0,91038.06,0,0,91907.45,0,0,92348.4,0,0,91038.06,0,0,91038.06,0,0,91038.06,0,0,91038.06,0,0,91038.06,0,0,91038.06,0,0,91038.06,0,0,91038.06,0,0,91038.06,55340.91,1401.11,308339.81,0,0,91038.06,0,0,91038.06,0,0,91038.06,0,0,94155.36,0,0,91038.06,0,0,94155.36,0,0,91038.06
1,0,0,2020-12-28,COVDIAB,0,0,0,1,0,0,0,1,1,1,0,0,0,0,0,0,0,0,0,0,0,0,0,0,0,0,0,0,0,0,0,0,0,0,0,0,0,3,0,0,0,0,0,0,0,0,0,0,0,0,91907.45,0,0,91470.69,0,0,91907.45,30086.49,761.72,167631.2,0,0,93697.03,0,0,94618.2,0,0,93697.03,27055.56,684.99,150743.91,26544.33,672.04,147895.55,26544.33,672.04,147895.55,0,0,91470.69,0,0,91470.69,0,0,91470.69,0,0,91470.69,0,0,91470.69,0,0,91470.69,0,0,93243.13,0,0,93697.03,0,0,91470.69,0,0,91470.69,0,0,91907.45,0,0,91470.69,0,0,91470.69,0,0,91470.69,0,0,91470.69,0,0,91470.69,0,0,91470.69,0,0,91470.69,0,0,91470.69,0,0,92348.4,0,0,92793.61,0,0,91470.69,0,0,91470.69,0,0,91470.69,0,0,91470.69,0,0,91470.69,0,0,91470.69,0,0,91470.69,0,0,91470.69,0,0,91470.69,171478.87,35363.07,501134.04,0,0,91470.69,0,0,91470.69,0,0,91470.69,0,0,94618.2,0,0,91470.69,0,0,94618.2,0,0,91470.69
1,0,0,2021-01-04,COVDIAB,0,0,0,0,0,0,0,0,0,0,0,0,0,0,0,0,0,0,0,0,0,0,0,0,0,0,0,0,0,0,1,1,0,0,0,0,0,4,0,0,0,0,1,1,0,0,0,0,0,0,93631.91,0,0,93178.65,0,0,93631.91,0,0,112939.08,0,0,95489.95,0,0,96446.9,0,0,95422.32,0,0,101995.7,0,0,99952.76,0,0,99952.76,0,0,93178.65,0,0,93178.65,0,0,93178.65,0,0,93178.65,0,0,93178.65,0,0,93178.65,0,0,94951.6,0,0,95422.32,0,0,93178.65,0,0,93178.65,0,0,93631.91,0,0,93178.65,0,0,93178.65,0,0,93178.65,0,0,93178.65,0,0,93178.65,0,0,93178.65,0,0,93178.65,0,0,93178.65,0,0,94089.61,0,0,94551.8,0,0,93178.65,0,0,93178.65,25346.98,641.73,141224.34,25346.98,641.73,141224.34,0,0,93178.65,0,0,93178.65,0,0,93178.65,0,0,93178.65,0,0,93178.65,239901.48,65365.08,614243.06,0,0,93178.65,0,0,93178.65,0,0,93178.65,0,0,96377.91,25346.98,641.73,141224.34,26220.39,663.84,146090.65,0,0,93178.65
1,0,0,2021-01-11,COVDIAB,0,0,0,0,1,1,0,0,1,1,0,0,0,0,0,0,0,0,0,0,0,0,0,0,0,0,0,0,0,0,0,0,0,0,0,0,0,5,0,0,0,0,0,0,0,0,0,0,0,0,95761.42,0,0,95287.36,0,0,95761.42,0,0,115257.76,26544.33,672.04,147895.55,26817.18,678.95,149415.77,0,0,97212.35,0,0,104043.49,27670.45,700.56,154169.91,27670.45,700.56,154169.91,0,0,95287.36,0,0,95287.36,0,0,95287.36,0,0,95287.36,0,0,95287.36,0,0,95287.36,0,0,96723.85,0,0,97212.35,0,0,95287.36,0,0,95287.36,0,0,95761.42,0,0,95287.36,0,0,95287.36,0,0,95287.36,0,0,95287.36,0,0,95287.36,0,0,95287.36,0,0,95287.36,0,0,95287.36,0,0,96240.23,0,0,96723.85,0,0,95287.36,0,0,95287.36,0,0,95761.42,0,0,95761.42,0,0,95287.36,0,0,95287.36,0,0,95287.36,0,0,95287.36,0,0,95287.36,322089.95,104581.73,751650.49,0,0,95287.36,0,0,95287.36,0,0,95287.36,0,0,98204.32,0,0,95761.42,0,0,98707.93,0,0,95287.36
1,0,0,2021-01-18,COVDIAB,0,0,0,0,0,0,0,0,0,0,0,0,0,0,0,0,0,0,0,0,0,0,0,0,0,0,0,0,0,0,0,0,0,0,0,0,0,2,0,0,0,0,0,0,0,0,0,0,0,0,95761.42,0,0,95287.36,0,0,95761.42,0,0,115257.76,0,0,98204.32,0,0,99216.73,0,0,97212.35,0,0,104043.49,0,0,102383.22,0,0,102383.22,0,0,95287.36,0,0,95287.36,0,0,95287.36,0,0,95287.36,0,0,95287.36,0,0,95287.36,0,0,96723.85,0,0,97212.35,0,0,95287.36,0,0,95287.36,0,0,95761.42,0,0,95287.36,0,0,95287.36,0,0,95287.36,0,0,95287.36,0,0,95287.36,0,0,95287.36,0,0,95287.36,0,0,95287.36,0,0,96240.23,0,0,96723.85,0,0,95287.36,0,0,95287.36,0,0,95761.42,0,0,95761.42,0,0,95287.36,0,0,95287.36,0,0,95287.36,0,0,95287.36,0,0,95287.36,135780.67,16443.67,490486.46,0,0,95287.36,0,0,95287.36,0,0,95287.36,0,0,98204.32,0,0,95761.42,0,0,98707.93,0,0,95287.36
1,0,0,2021-01-25,COVDIAB,0,0,0,0,0,0,0,0,0,0,0,0,0,0,0,0,0,0,0,0,0,0,0,0,0,0,0,0,0,0,0,0,0,0,0,0,0,2,0,0,0,0,0,0,0,0,0,0,0,0,95761.42,0,0,95287.36,0,0,95761.42,0,0,115257.76,0,0,98204.32,0,0,99216.73,0,0,97212.35,0,0,104043.49,0,0,102383.22,0,0,102383.22,0,0,95287.36,0,0,95287.36,0,0,95287.36,0,0,95287.36,0,0,95287.36,0,0,95287.36,0,0,96723.85,0,0,97212.35,0,0,95287.36,0,0,95287.36,0,0,95761.42,0,0,95287.36,0,0,95287.36,0,0,95287.36,0,0,95287.36,0,0,95287.36,0,0,95287.36,0,0,95287.36,0,0,95287.36,0,0,96240.23,0,0,96723.85,0,0,95287.36,0,0,95287.36,0,0,95761.42,0,0,95761.42,0,0,95287.36,0,0,95287.36,0,0,95287.36,0,0,95287.36,0,0,95287.36,139942.53,16947.69,505520.53,0,0,95287.36,0,0,95287.36,0,0,95287.36,0,0,98204.32,0,0,95761.42,0,0,98707.93,0,0,95287.36
1,0,0,2021-02-01,COVDIAB,0,0,0,1,1,1,0,0,0,0,0,0,0,0,0,0,0,0,0,0,0,0,0,0,0,0,0,0,0,0,0,0,0,0,0,0,0,2,0,0,0,0,0,0,0,0,0,0,0,0,95761.42,0,0,95287.36,0,0,95761.42,31351.93,793.76,174681.78,26699.56,675.97,148760.43,26975.63,682.96,150298.58,0,0,97212.35,0,0,104043.49,0,0,102383.22,0,0,102383.22,0,0,95287.36,0,0,95287.36,0,0,95287.36,0,0,95287.36,0,0,95287.36,0,0,95287.36,0,0,96723.85,0,0,97212.35,0,0,95287.36,0,0,95287.36,0,0,95761.42,0,0,95287.36,0,0,95287.36,0,0,95287.36,0,0,95287.36,0,0,95287.36,0,0,95287.36,0,0,95287.36,0,0,95287.36,0,0,96240.23,0,0,96723.85,0,0,95287.36,0,0,95287.36,0,0,95761.42,0,0,95761.42,0,0,95287.36,0,0,95287.36,0,0,95287.36,0,0,95287.36,0,0,95287.36,141569.77,17144.76,511398.68,0,0,95287.36,0,0,95287.36,0,0,95287.36,0,0,98204.32,0,0,95761.42,0,0,98707.93,0,0,95287.36
1,0,0,2021-02-08,COVDIAB,0,0,1,1,0,0,0,0,0,0,0,0,0,0,0,0,0,0,0,0,0,0,0,0,0,0,0,0,0,0,0,0,0,0,0,0,0,0,0,0,0,0,0,0,0,0,0,0,0,0,95761.42,0,0,95287.36,25977.95,657.7,144739.88,31459.95,796.5,175283.61,0,0,98707.93,0,0,99730.81,0,0,97212.35,0,0,104043.49,0,0,102383.22,0,0,102383.22,0,0,95287.36,0,0,95287.36,0,0,95287.36,0,0,95287.36,0,0,95287.36,0,0,95287.36,0,0,96723.85,0,0,97212.35,0,0,95287.36,0,0,95287.36,0,0,95761.42,0,0,95287.36,0,0,95287.36,0,0,95287.36,0,0,95287.36,0,0,95287.36,0,0,95287.36,0,0,95287.36,0,0,95287.36,0,0,96240.23,0,0,96723.85,0,0,95287.36,0,0,95287.36,0,0,95761.42,0,0,95761.42,0,0,95287.36,0,0,95287.36,0,0,95287.36,0,0,95287.36,0,0,95287.36,0,0,267333.97,0,0,95287.36,0,0,95287.36,0,0,95287.36,0,0,98204.32,0,0,95761.42,0,0,98707.93,0,0,95287.36
1,0,0,2021-02-15,COVDIAB,0,0,0,0,0,0,0,0,0,0,0,0,0,0,0,0,0,0,0,0,0,0,0,0,0,0,0,0,0,0,0,0,0,0,0,0,0,0,0,0,0,0,0,0,0,0,0,0,0,0,96171.54,0,0,95693.41,0,0,96515.99,0,0,116654.82,0,0,99143.72,0,0,100175.7,0,0,97635.02,0,0,104527.79,0,0,102852.15,0,0,102852.15,0,0,95693.41,0,0,95693.41,0,0,95693.41,0,0,95693.41,0,0,95693.41,0,0,95693.41,0,0,97142.27,0,0,97635.02,0,0,95693.41,0,0,95693.41,0,0,96171.54,0,0,95693.41,0,0,95693.41,0,0,95693.41,0,0,95693.41,0,0,95693.41,0,0,95693.41,0,0,95693.41,0,0,95693.41,0,0,96654.46,0,0,97142.27,0,0,95693.41,0,0,95693.41,0,0,96171.54,0,0,96171.54,0,0,95693.41,0,0,95693.41,0,0,95693.41,0,0,95693.41,0,0,95693.41,0,0,269472.64,0,0,95693.41,0,0,95693.41,0,0,95693.41,0,0,98635.67,0,0,96171.54,0,0,99143.72,0,0,95693.41
1,0,0,2021-02-22,COVDIAB,0,0,0,0,0,0,0,0,0,0,0,0,0,0,0,0,0,0,0,0,0,0,0,0,0,0,0,0,0,0,0,0,0,0,0,0,0,1,0,0,0,0,0,0,0,0,0,0,0,0,97352.83,0,0,96862.92,0,0,97352.83,0,0,117468.46,0,0,100399.64,0,0,101458.07,0,0,98852.77,0,0,105841.57,0,0,104123.9,0,0,104123.9,0,0,96862.92,0,0,96862.92,0,0,96862.92,0,0,96862.92,0,0,96862.92,0,0,96862.92,0,0,98347.68,0,0,98852.77,0,0,96862.92,0,0,96862.92,0,0,97352.83,0,0,96862.92,0,0,96862.92,0,0,96862.92,0,0,96862.92,0,0,96862.92,0,0,96862.92,0,0,96862.92,0,0,96862.92,0,0,97847.73,0,0,98347.68,0,0,96862.92,0,0,96862.92,0,0,97352.83,0,0,97352.83,0,0,96862.92,0,0,96862.92,0,0,96862.92,0,0,96862.92,0,0,96862.92,74693.25,1891.07,416164.16,0,0,96862.92,0,0,96862.92,0,0,96862.92,0,0,99878.67,0,0,97352.83,0,0,100399.64,0,0,96862.92
1,0,0,2021-03-01,COVDIAB,0,0,0,0,0,0,0,0,0,0,0,0,0,0,0,0,0,0,0,0,0,0,0,0,0,0,0,0,0,0,0,0,0,0,0,0,0,2,0,0,0,0,0,0,0,0,0,0,0,0,98419.52,0,0,97918.84,0,0,98419.52,0,0,118086.17,0,0,101534.53,0,0,102617.15,0,0,99952.76,0,0,106595.19,0,0,104853.17,0,0,104853.17,0,0,97918.84,0,0,97918.84,0,0,97918.84,0,0,97918.84,0,0,97918.84,0,0,97918.84,0,0,99436.4,0,0,99952.76,0,0,97918.84,0,0,97918.84,0,0,98419.52,0,0,97918.84,0,0,97918.84,0,0,97918.84,0,0,97918.84,0,0,97918.84,0,0,97918.84,0,0,97918.84,0,0,97918.84,0,0,98925.35,0,0,99436.4,0,0,97918.84,0,0,97918.84,0,0,98419.52,0,0,98419.52,0,0,97918.84,0,0,97918.84,0,0,97918.84,0,0,97918.84,0,0,97918.84,152505.22,18469.09,550901.29,0,0,97918.84,0,0,97918.84,0,0,97918.84,0,0,101001.74,0,0,98419.52,0,0,101534.53,0,0,97918.84
1,0,0,2021-03-08,COVDIAB,0,0,0,0,0,0,0,0,0,0,0,0,0,0,0,0,0,0,0,0,0,0,0,0,0,0,0,0,0,0,0,0,0,0,0,0,0,1,0,0,0,0,0,0,0,0,0,0,0,0,98925.35,0,0,98419.52,0,0,98925.35,0,0,118293.52,0,0,102072.97,0,0,103167.17,0,0,100474.51,0,0,107103.59,0,0,105427.48,0,0,105427.48,0,0,98419.52,0,0,98419.52,0,0,98419.52,0,0,98419.52,0,0,98419.52,0,0,98419.52,0,0,99952.76,0,0,100474.51,0,0,98419.52,0,0,98419.52,0,0,98925.35,0,0,98419.52,0,0,98419.52,0,0,98419.52,0,0,98419.52,0,0,98419.52,0,0,98419.52,0,0,98419.52,0,0,98419.52,0,0,99436.4,0,0,99952.76,0,0,98419.52,0,0,98419.52,0,0,98925.35,0,0,98925.35,0,0,98419.52,0,0,98419.52,0,0,98419.52,0,0,98419.52,0,0,98419.52,78379.83,1984.41,436704.45,0,0,98419.52,0,0,98419.52,0,0,98419.52,0,0,101534.53,0,0,98925.35,0,0,102072.97,0,0,98419.52
1,0,0,2021-03-15,COVDIAB,0,0,0,0,0,0,0,0,0,0,0,0,0,0,0,0,0,0,0,0,0,0,0,0,0,0,0,0,0,0,0,0,0,0,0,0,0,3,0,0,0,0,0,0,0,0,0,0,0,0,102072.97,0,0,101534.53,0,0,102072.97,0,0,120085.85,0,0,105427.48,0,0,106595.19,0,0,103723.11,0,0,109630.86,0,0,107961.8,0,0,107961.8,0,0,101534.53,0,0,101534.53,0,0,101534.53,0,0,101534.53,0,0,101534.53,0,0,101534.53,0,0,103167.17,0,0,103723.11,0,0,101534.53,0,0,101534.53,0,0,102072.97,0,0,101534.53,0,0,101534.53,0,0,101534.53,0,0,101534.53,0,0,101534.53,0,0,101534.53,0,0,101534.53,0,0,101534.53,0,0,102617.15,0,0,103167.17,0,0,101534.53,0,0,101534.53,0,0,102072.97,0,0,102072.97,0,0,101534.53,0,0,101534.53,0,0,101534.53,0,0,101534.53,0,0,101534.53,250171.23,51591.32,731106.5,0,0,101534.53,0,0,101534.53,0,0,101534.53,0,0,104853.17,0,0,102072.97,0,0,105427.48,0,0,101534.53
1,0,0,2021-03-22,COVDIAB,0,0,0,0,0,0,0,0,0,0,0,0,0,0,0,0,0,0,0,0,0,0,0,0,0,0,0,0,0,0,0,0,0,0,0,0,0,0,0,0,0,0,0,0,0,0,0,0,0,0,107530.98,0,0,106933.59,0,0,107530.98,0,0,125219.63,0,0,111260.38,0,0,112186.78,0,0,109009.97,0,0,114864.72,0,0,113509.96,0,0,113509.96,0,0,106933.59,0,0,106933.59,0,0,106933.59,0,0,106933.59,0,0,106933.59,0,0,106933.59,0,0,108746.02,0,0,109363.9,0,0,106933.59,0,0,106933.59,0,0,107530.98,0,0,106933.59,0,0,106933.59,0,0,106933.59,0,0,106933.59,0,0,106933.59,0,0,106933.59,0,0,106933.59,0,0,106933.59,0,0,108135.09,0,0,108746.02,0,0,106933.59,0,0,106933.59,0,0,107530.98,0,0,107530.98,0,0,106933.59,0,0,106933.59,0,0,106933.59,0,0,106933.59,0,0,106933.59,0,0,336840.81,0,0,106933.59,0,0,106933.59,0,0,106933.59,0,0,110258.86,0,0,107530.98,0,0,110894.09,0,0,106933.59
1,0,0,2021-03-29,COVDIAB,0,0,0,1,0,0,0,1,0,0,0,0,0,0,0,0,0,0,0,0,0,0,0,0,0,0,0,0,0,0,0,0,0,0,0,0,0,0,0,0,0,0,0,0,0,0,0,0,0,0,116654.82,0,0,115952.08,0,0,116654.82,36856.71,933.13,205352.45,0,0,120300.29,0,0,120515.49,0,0,118086.17,33976.74,860.22,189306.3,0,0,122043.77,0,0,122043.77,0,0,115952.08,0,0,115952.08,0,0,115952.08,0,0,115952.08,0,0,115952.08,0,0,115952.08,0,0,118086.17,0,0,118815.1,0,0,115952.08,0,0,115952.08,0,0,116654.82,0,0,115952.08,0,0,115952.08,0,0,115952.08,0,0,115952.08,0,0,115952.08,0,0,115952.08,0,0,115952.08,0,0,115952.08,0,0,117366.13,0,0,118086.17,0,0,115952.08,0,0,115952.08,0,0,116654.82,0,0,116654.82,0,0,115952.08,0,0,115952.08,0,0,115952.08,0,0,115952.08,0,0,115952.08,0,0,351791.96,0,0,115952.08,0,0,115952.08,0,0,115952.08,0,0,119553.08,0,0,116654.82,0,0,120300.29,0,0,115952.08
1,0,0,2021-04-05,COVDIAB,0,0,0,0,0,0,0,0,0,0,0,0,0,0,0,0,0,0,0,0,0,0,0,0,0,0,0,0,0,0,0,0,0,0,0,0,0,0,0,0,0,0,0,0,0,0,0,0,0,0,129181.52,0,0,128320.31,0,0,128934.28,0,0,153109.46,0,0,133270.35,0,0,133270.35,0,0,130685.08,0,0,140204.29,0,0,134199.52,0,0,134199.52,0,0,128320.31,0,0,128320.31,0,0,128320.31,0,0,128320.31,0,0,128320.31,0,0,128320.31,0,0,130305.92,0,0,131194.08,0,0,128320.31,0,0,128320.31,0,0,129181.52,0,0,128320.31,0,0,128320.31,0,0,128320.31,0,0,128320.31,0,0,128320.31,0,0,128320.31,0,0,128320.31,0,0,128320.31,0,0,130054.36,0,0,130939.09,0,0,128320.31,0,0,128320.31,0,0,129181.52,0,0,129181.52,0,0,128320.31,0,0,128320.31,0,0,128320.31,0,0,128320.31,0,0,128320.31,0,0,384960.92,0,0,128320.31,0,0,128320.31,0,0,128320.31,0,0,132484.09,0,0,129181.52,0,0,133402.3,0,0,128320.31
1,0,0,2021-04-12,COVDIAB,0,0,0,0,0,0,0,0,0,0,0,0,0,0,0,0,0,0,0,0,0,0,0,0,0,0,0,0,0,0,0,0,0,0,0,0,0,0,0,0,1,0,0,0,0,0,0,0,0,0,143642.13,0,0,142578.12,0,0,142578.12,0,0,167791.19,0,0,145818.53,0,0,145818.53,0,0,144722.15,0,0,155584.67,0,0,148061.89,0,0,148061.89,0,0,142578.12,0,0,142578.12,0,0,142578.12,0,0,142578.12,0,0,142578.12,0,0,142578.12,0,0,144722.15,0,0,145818.53,0,0,142578.12,0,0,142578.12,0,0,143642.13,0,0,142578.12,0,0,142578.12,0,0,142578.12,0,0,142578.12,0,0,142578.12,0,0,142578.12,0,0,142578.12,0,0,142578.12,0,0,144722.15,0,0,145818.53,0,0,142578.12,0,0,142578.12,0,0,143642.13,0,0,143642.13,0,0,142578.12,0,0,142578.12,0,0,142578.12,0,0,142578.12,0,0,142578.12,0,0,430467.48,0,0,142578.12,0,0,142578.12,38650.79,978.55,215348.44,0,0,146931.65,0,0,143642.13,0,0,148061.89,0,0,142578.12
1,0,0,2021-04-19,COVDIAB,0,0,0,0,0,0,0,0,0,0,0,0,0,0,0,0,0,0,0,0,0,0,0,0,0,0,0,0,0,0,0,0,0,0,0,0,0,0,0,0,0,0,0,0,0,0,0,0,0,0,166959.51,0,0,166752.87,0,0,166752.87,0,0,192755.83,0,0,170121.62,0,0,170121.62,0,0,169693.1,0,0,180369.91,0,0,170552.31,0,0,170552.31,0,0,166752.87,0,0,166752.87,0,0,166752.87,0,0,166752.87,0,0,166752.87,0,0,166752.87,0,0,168631.19,0,0,168842.51,0,0,166752.87,0,0,166752.87,0,0,166959.51,0,0,166752.87,0,0,166752.87,0,0,166752.87,0,0,166752.87,0,0,166752.87,0,0,166752.87,0,0,166752.87,0,0,166752.87,0,0,169693.1,0,0,171202.44,0,0,166752.87,0,0,166752.87,0,0,166959.51,0,0,166959.51,0,0,166752.87,0,0,166752.87,0,0,166752.87,0,0,166752.87,0,0,166752.87,0,0,459850.93,0,0,166752.87,0,0,166752.87,0,0,166752.87,0,0,172738.87,0,0,166959.51,0,0,172960.62,0,0,166752.87
1,0,0,2021-04-26,COVDIAB,0,0,0,0,0,0,0,0,0,0,0,0,0,0,0,0,0,0,0,0,0,0,0,0,0,0,0,0,0,0,0,0,0,0,0,0,0,1,0,0,0,0,0,0,0,0,0,0,0,0,190574.71,0,0,190574.71,0,0,190574.71,0,0,220517.71,0,0,194424.71,0,0,194424.71,0,0,192480.46,0,0,204145.94,0,0,194424.71,0,0,194424.71,0,0,190574.71,0,0,190574.71,0,0,190574.71,0,0,190574.71,0,0,190574.71,0,0,190574.71,0,0,192480.46,0,0,192480.46,0,0,190574.71,0,0,190574.71,0,0,190574.71,0,0,190574.71,0,0,190574.71,0,0,190574.71,0,0,190574.71,0,0,190574.71,0,0,190574.71,0,0,190574.71,0,0,190574.71,0,0,193031.98,0,0,193031.98,0,0,190574.71,0,0,190574.71,0,0,190574.71,0,0,190574.71,0,0,190574.71,0,0,190574.71,0,0,190574.71,0,0,190574.71,0,0,190574.71,140480.77,3556.67,782708.75,0,0,190574.71,0,0,190574.71,0,0,190574.71,0,0,194987.44,0,0,190574.71,0,0,194987.44,0,0,190574.71
1,0,0,2021-05-03,COVDIAB,0,0,0,0,0,0,0,0,0,0,0,0,0,0,0,0,0,0,0,0,0,0,0,0,0,0,0,0,0,0,0,0,0,0,0,0,0,1,0,0,0,0,0,0,0,0,0,0,0,0,220157.39,0,0,220157.39,0,0,220157.39,0,0,258610.98,0,0,225311.58,0,0,225311.58,0,0,222704.66,0,0,236379.51,0,0,225311.58,0,0,225311.58,0,0,220157.39,0,0,220157.39,0,0,220157.39,0,0,220157.39,0,0,220157.39,0,0,220157.39,0,0,222704.66,0,0,222704.66,0,0,220157.39,0,0,220157.39,0,0,220157.39,0,0,220157.39,0,0,220157.39,0,0,220157.39,0,0,220157.39,0,0,220157.39,0,0,220157.39,0,0,220157.39,0,0,220157.39,0,0,222704.66,0,0,222704.66,0,0,220157.39,0,0,220157.39,0,0,220157.39,0,0,220157.39,0,0,220157.39,0,0,220157.39,0,0,220157.39,0,0,220157.39,0,0,220157.39,154113.92,3901.83,858667.83,0,0,220157.39,0,0,220157.39,0,0,220157.39,0,0,225311.58,0,0,220157.39,0,0,225311.58,0,0,220157.39
1,0,0,2021-05-10,COVDIAB,0,0,0,0,0,0,0,1,0,0,0,0,0,0,0,0,0,0,0,0,0,0,0,0,0,0,0,0,0,0,0,0,0,0,0,0,0,0,0,0,0,0,0,0,0,0,0,0,0,0,254219.48,0,0,254219.48,0,0,254219.48,0,0,304145.2,0,0,261116.9,0,0,261116.9,0,0,257622.03,74693.25,1891.07,416164.16,0,0,261116.9,0,0,261116.9,0,0,254219.48,0,0,254219.48,0,0,254219.48,0,0,254219.48,0,0,254219.48,0,0,254219.48,0,0,257622.03,0,0,257622.03,0,0,254219.48,0,0,254219.48,0,0,254219.48,0,0,254219.48,0,0,254219.48,0,0,254219.48,0,0,254219.48,0,0,254219.48,0,0,254219.48,0,0,254219.48,0,0,254219.48,0,0,257622.03,0,0,257622.03,0,0,254219.48,0,0,254219.48,0,0,254219.48,0,0,254219.48,0,0,254219.48,0,0,254219.48,0,0,254219.48,0,0,254219.48,0,0,254219.48,0,0,654059.82,0,0,254219.48,0,0,254219.48,0,0,254219.48,0,0,261116.9,0,0,254219.48,0,0,261116.9,0,0,254219.48
1,1,Pfizer,2021-05-10,COVDIAB,0,0,0,0,0,0,0,0,0,0,0,0,0,0,0,0,0,0,0,0,0,0,0,0,0,0,0,0,0,0,0,0,0,0,0,0,0,0,0,0,0,0,0,0,0,0,0,0,0,0,499023.42,0,0,499023.42,0,0,499023.42,0,0,554470.46,0,0,499023.42,0,0,499023.42,0,0,499023.42,0,0,526313.76,0,0,532554.63,0,0,532554.63,0,0,499023.42,0,0,499023.42,0,0,499023.42,0,0,499023.42,0,0,499023.42,0,0,499023.42,0,0,499023.42,0,0,499023.42,0,0,499023.42,0,0,499023.42,0,0,499023.42,0,0,499023.42,0,0,499023.42,0,0,499023.42,0,0,499023.42,0,0,499023.42,0,0,499023.42,0,0,499023.42,0,0,499023.42,0,0,512305.41,0,0,512305.41,0,0,499023.42,0,0,499023.42,0,0,499023.42,0,0,499023.42,0,0,499023.42,0,0,499023.42,0,0,499023.42,0,0,499023.42,0,0,499023.42,0,0,1871337.81,0,0,499023.42,0,0,499023.42,0,0,499023.42,0,0,512305.41,0,0,499023.42,0,0,512305.41,0,0,499023.42
1,1,Pfizer,2021-05-17,COVDIAB,0,0,0,0,0,0,0,0,0,0,0,0,0,0,0,0,0,0,0,0,0,0,0,0,0,0,0,0,0,0,0,0,0,0,0,0,0,0,0,0,0,0,0,0,0,0,0,0,0,0,493539.64,0,0,493539.64,0,0,493539.64,0,0,559071.88,0,0,500878.52,0,0,500878.52,0,0,500878.52,0,0,543291.62,0,0,534667.94,0,0,534667.94,0,0,493539.64,0,0,493539.64,0,0,493539.64,0,0,493539.64,0,0,493539.64,0,0,493539.64,0,0,493539.64,0,0,493539.64,0,0,493539.64,0,0,493539.64,0,0,493539.64,0,0,493539.64,0,0,493539.64,0,0,493539.64,0,0,493539.64,0,0,493539.64,0,0,493539.64,0,0,493539.64,0,0,493539.64,0,0,495354.13,0,0,495354.13,0,0,493539.64,0,0,493539.64,0,0,493539.64,0,0,493539.64,0,0,493539.64,0,0,493539.64,0,0,493539.64,0,0,493539.64,0,0,493539.64,0,0,2283666.48,0,0,493539.64,0,0,493539.64,0,0,493539.64,0,0,502747.47,0,0,493539.64,0,0,502747.47,0,0,493539.64
1,1,Pfizer,2021-05-24,COVDIAB,0,0,0,0,0,0,0,0,0,0,0,0,0,0,0,0,0,0,0,0,0,0,0,0,0,0,0,0,0,0,0,0,0,0,0,0,0,0,0,0,0,0,0,0,0,0,0,0,0,0,469464.54,0,0,469464.54,0,0,469464.54,0,0,547708.63,0,0,481201.15,0,0,481201.15,0,0,481201.15,0,0,534667.94,0,0,506527.53,0,0,506527.53,0,0,469464.54,0,0,469464.54,0,0,469464.54,0,0,469464.54,0,0,469464.54,0,0,469464.54,0,0,469464.54,0,0,469464.54,0,0,469464.54,0,0,469464.54,0,0,469464.54,0,0,469464.54,0,0,469464.54,0,0,469464.54,0,0,469464.54,0,0,469464.54,0,0,469464.54,0,0,469464.54,0,0,469464.54,0,0,469464.54,0,0,469464.54,0,0,469464.54,0,0,469464.54,0,0,469464.54,0,0,469464.54,0,0,469464.54,0,0,469464.54,0,0,469464.54,0,0,469464.54,0,0,469464.54,0,0,2245605.37,0,0,469464.54,0,0,469464.54,0,0,469464.54,0,0,481201.15,0,0,469464.54,0,0,481201.15,0,0,469464.54
1,1,Pfizer,2021-05-31,COVDIAB,0,0,0,0,0,0,0,0,0,0,0,0,0,0,0,0,0,0,0,0,0,0,0,0,0,0,0,0,0,0,0,0,0,0,0,0,0,0,0,0,0,0,0,0,0,0,0,0,0,0,532554.63,0,0,532554.63,0,0,532554.63,0,0,638560.77,0,0,547708.63,0,0,547708.63,0,0,547708.63,0,0,618056.52,0,0,580760.01,0,0,580760.01,0,0,532554.63,0,0,532554.63,0,0,532554.63,0,0,532554.63,0,0,532554.63,0,0,532554.63,0,0,532554.63,0,0,532554.63,0,0,532554.63,0,0,532554.63,0,0,532554.63,0,0,532554.63,0,0,532554.63,0,0,532554.63,0,0,532554.63,0,0,532554.63,0,0,532554.63,0,0,532554.63,0,0,532554.63,0,0,532554.63,0,0,532554.63,0,0,532554.63,0,0,532554.63,0,0,532554.63,0,0,532554.63,0,0,532554.63,0,0,532554.63,0,0,532554.63,0,0,532554.63,0,0,532554.63,0,0,2363795.12,0,0,532554.63,0,0,532554.63,0,0,532554.63,0,0,547708.63,0,0,532554.63,0,0,547708.63,0,0,532554.63
1,1,Pfizer,2021-06-07,COVDIAB,0,0,0,0,0,0,0,0,0,0,0,0,0,0,0,0,0,0,0,0,0,0,0,0,0,0,0,0,0,0,0,0,0,0,0,0,0,0,0,0,0,0,0,0,0,0,0,0,0,0,510364.86,0,0,510364.86,0,0,510364.86,0,0,618056.52,0,0,524265.84,0,0,524265.84,0,0,524265.84,0,0,588368.22,0,0,554470.46,0,0,554470.46,0,0,510364.86,0,0,510364.86,0,0,510364.86,0,0,510364.86,0,0,510364.86,0,0,510364.86,0,0,510364.86,0,0,510364.86,0,0,510364.86,0,0,510364.86,0,0,510364.86,0,0,510364.86,0,0,510364.86,0,0,510364.86,0,0,510364.86,0,0,510364.86,0,0,510364.86,0,0,510364.86,0,0,510364.86,0,0,510364.86,0,0,510364.86,0,0,510364.86,0,0,510364.86,0,0,510364.86,0,0,510364.86,0,0,510364.86,0,0,510364.86,0,0,510364.86,0,0,510364.86,0,0,510364.86,0,0,2010989.88,0,0,510364.86,0,0,510364.86,0,0,510364.86,0,0,524265.84,0,0,510364.86,0,0,524265.84,0,0,510364.86
1,1,Pfizer,2021-06-14,COVDIAB,0,0,0,0,0,0,0,0,0,0,0,0,0,0,0,0,0,0,0,0,0,0,0,0,0,0,0,0,0,0,0,0,0,0,0,0,0,0,0,0,0,0,0,0,0,0,0,0,0,0,446146.76,0,0,446146.76,0,0,446146.76,0,0,532554.63,0,0,456733.3,0,0,456733.3,0,0,456733.3,0,0,504630.42,0,0,479488.69,0,0,479488.69,0,0,446146.76,0,0,446146.76,0,0,446146.76,0,0,446146.76,0,0,446146.76,0,0,446146.76,0,0,446146.76,0,0,446146.76,0,0,446146.76,0,0,446146.76,0,0,446146.76,0,0,446146.76,0,0,446146.76,0,0,446146.76,0,0,446146.76,0,0,446146.76,0,0,446146.76,0,0,446146.76,0,0,446146.76,0,0,446146.76,0,0,446146.76,0,0,446146.76,0,0,446146.76,0,0,446146.76,0,0,446146.76,0,0,446146.76,0,0,446146.76,0,0,446146.76,0,0,446146.76,0,0,446146.76,0,0,1623329.18,0,0,446146.76,0,0,446146.76,0,0,446146.76,0,0,456733.3,0,0,446146.76,0,0,456733.3,0,0,446146.76
1,1,Pfizer,2021-06-21,COVDIAB,0,0,0,0,0,0,0,0,0,0,0,0,0,0,0,0,0,0,0,0,0,0,0,0,0,0,0,0,0,0,0,0,0,0,0,0,0,0,0,0,0,0,0,0,0,0,0,0,0,0,438880.53,0,0,438880.53,0,0,438880.53,0,0,522233.81,0,0,449121.07,0,0,449121.07,0,0,449121.07,0,0,491738.4,0,0,469464.54,0,0,469464.54,0,0,438880.53,0,0,438880.53,0,0,438880.53,0,0,438880.53,0,0,438880.53,0,0,438880.53,0,0,438880.53,0,0,438880.53,0,0,438880.53,0,0,438880.53,0,0,438880.53,0,0,438880.53,0,0,438880.53,0,0,438880.53,0,0,438880.53,0,0,438880.53,0,0,438880.53,0,0,438880.53,0,0,438880.53,0,0,438880.53,0,0,438880.53,0,0,438880.53,0,0,438880.53,0,0,438880.53,0,0,438880.53,0,0,438880.53,0,0,438880.53,0,0,438880.53,0,0,438880.53,0,0,438880.53,0,0,1643125.88,0,0,438880.53,0,0,438880.53,0,0,438880.53,0,0,449121.07,0,0,438880.53,0,0,449121.07,0,0,438880.53
1,2,Pfizer,2021-06-28,COVDIAB,0,0,0,0,0,0,0,0,0,0,0,0,0,0,0,0,0,0,0,0,0,0,0,0,0,0,0,0,0,0,0,0,0,0,0,0,0,0,0,0,0,0,0,0,0,0,0,0,0,0,556761.66,0,0,556761.66,0,0,556761.66,0,0,660472.17,0,0,570916.62,0,0,578267.48,0,0,556761.66,0,0,615234.35,0,0,626680.57,0,0,626680.57,0,0,556761.66,0,0,556761.66,0,0,556761.66,0,0,556761.66,0,0,556761.66,0,0,556761.66,0,0,570916.62,0,0,570916.62,0,0,556761.66,0,0,556761.66,0,0,556761.66,0,0,556761.66,0,0,556761.66,0,0,556761.66,0,0,556761.66,0,0,556761.66,0,0,556761.66,0,0,556761.66,0,0,556761.66,0,0,563750.3,0,0,563750.3,0,0,556761.66,0,0,556761.66,0,0,556761.66,0,0,556761.66,0,0,556761.66,0,0,556761.66,0,0,556761.66,0,0,556761.66,0,0,556761.66,0,0,2994140.49,0,0,556761.66,0,0,556761.66,0,0,556761.66,0,0,563750.3,0,0,556761.66,0,0,563750.3,0,0,556761.66
1,0,0,2021-05-17,COVDIAB,0,0,0,0,0,0,0,0,0,0,0,0,0,0,0,0,0,0,0,0,0,0,0,0,0,0,0,0,0,0,0,0,0,0,0,0,0,1,0,0,0,0,0,0,0,0,0,0,0,0,308321.1,0,0,308321.1,0,0,308321.1,0,0,375310.09,0,0,315541.74,0,0,315541.74,0,0,310452.35,0,0,331862.86,0,0,313340.28,0,0,313340.28,0,0,308321.1,0,0,308321.1,0,0,308321.1,0,0,308321.1,0,0,308321.1,0,0,308321.1,0,0,313340.28,0,0,313340.28,0,0,308321.1,0,0,308321.1,0,0,308321.1,0,0,308321.1,0,0,308321.1,0,0,308321.1,0,0,308321.1,0,0,308321.1,0,0,308321.1,0,0,308321.1,0,0,308321.1,0,0,313340.28,0,0,313340.28,0,0,308321.1,0,0,308321.1,0,0,308321.1,0,0,308321.1,0,0,308321.1,0,0,308321.1,0,0,308321.1,0,0,308321.1,0,0,308321.1,204050.28,5166.11,1136895.39,0,0,308321.1,0,0,308321.1,0,0,308321.1,0,0,315541.74,0,0,308321.1,0,0,315541.74,0,0,308321.1
1,0,0,2021-05-24,COVDIAB,0,0,0,0,0,0,0,0,0,0,0,0,0,0,0,0,0,0,0,0,0,0,0,0,0,0,0,0,0,0,0,0,0,0,0,0,0,0,0,0,0,0,0,0,0,0,0,0,0,0,360257.55,0,0,360257.55,0,0,360257.55,0,0,425035.72,0,0,367128.94,0,0,367128.94,0,0,360257.55,0,0,381689.3,0,0,367128.94,0,0,367128.94,0,0,360257.55,0,0,360257.55,0,0,360257.55,0,0,360257.55,0,0,360257.55,0,0,360257.55,0,0,367128.94,0,0,367128.94,0,0,360257.55,0,0,360257.55,0,0,360257.55,0,0,360257.55,0,0,360257.55,0,0,360257.55,0,0,360257.55,0,0,360257.55,0,0,360257.55,0,0,360257.55,0,0,360257.55,0,0,367128.94,0,0,367128.94,0,0,360257.55,0,0,360257.55,0,0,360257.55,0,0,360257.55,0,0,360257.55,0,0,360257.55,0,0,360257.55,0,0,360257.55,0,0,360257.55,0,0,826603.2,0,0,360257.55,0,0,360257.55,0,0,360257.55,0,0,367128.94,0,0,360257.55,0,0,367128.94,0,0,360257.55
1,0,0,2021-05-31,COVDIAB,0,0,0,0,0,0,0,0,0,0,0,0,0,0,0,0,0,0,0,0,0,0,0,0,0,0,0,0,0,0,0,0,0,0,0,0,0,0,0,0,0,0,0,0,0,0,0,0,0,0,389411.34,0,0,389411.34,0,0,389411.34,0,0,463011.42,0,0,397452.28,0,0,397452.28,0,0,389411.34,0,0,414573.3,0,0,397452.28,0,0,397452.28,0,0,389411.34,0,0,389411.34,0,0,389411.34,0,0,389411.34,0,0,389411.34,0,0,389411.34,0,0,397452.28,0,0,397452.28,0,0,389411.34,0,0,389411.34,0,0,389411.34,0,0,389411.34,0,0,389411.34,0,0,389411.34,0,0,389411.34,0,0,389411.34,0,0,389411.34,0,0,389411.34,0,0,389411.34,0,0,397452.28,0,0,397452.28,0,0,389411.34,0,0,389411.34,0,0,389411.34,0,0,389411.34,0,0,389411.34,0,0,389411.34,0,0,389411.34,0,0,389411.34,0,0,389411.34,0,0,858193.13,0,0,389411.34,0,0,389411.34,0,0,389411.34,0,0,397452.28,0,0,389411.34,0,0,397452.28,0,0,389411.34
1,0,0,2021-06-07,COVDIAB,0,0,0,0,0,0,0,0,0,0,0,0,0,0,0,0,0,0,0,0,0,0,0,0,0,0,0,0,0,0,0,0,0,0,0,0,0,0,0,0,0,0,0,0,0,0,0,0,0,0,434633.3,0,0,434633.3,0,0,434633.3,0,0,508438.95,0,0,444674.33,0,0,444674.33,0,0,434633.3,0,0,466215.65,0,0,444674.33,0,0,444674.33,0,0,434633.3,0,0,434633.3,0,0,434633.3,0,0,434633.3,0,0,434633.3,0,0,434633.3,0,0,444674.33,0,0,444674.33,0,0,434633.3,0,0,434633.3,0,0,434633.3,0,0,434633.3,0,0,434633.3,0,0,434633.3,0,0,434633.3,0,0,434633.3,0,0,434633.3,0,0,434633.3,0,0,434633.3,0,0,444674.33,0,0,444674.33,0,0,434633.3,0,0,434633.3,0,0,434633.3,0,0,434633.3,0,0,434633.3,0,0,434633.3,0,0,434633.3,0,0,434633.3,0,0,434633.3,0,0,942212.04,0,0,434633.3,0,0,434633.3,0,0,434633.3,0,0,444674.33,0,0,434633.3,0,0,444674.33,0,0,434633.3
1,0,0,2021-06-14,COVDIAB,0,0,0,0,0,0,0,0,0,0,0,0,0,0,0,0,0,0,0,0,0,0,0,0,0,0,0,0,0,0,0,0,0,0,0,0,0,0,0,0,0,0,0,0,0,0,0,0,0,0,499023.42,0,0,499023.42,0,0,499023.42,0,0,590948.78,0,0,512305.41,0,0,512305.41,0,0,499023.42,0,0,541109.73,0,0,512305.41,0,0,512305.41,0,0,499023.42,0,0,499023.42,0,0,499023.42,0,0,499023.42,0,0,499023.42,0,0,499023.42,0,0,512305.41,0,0,512305.41,0,0,499023.42,0,0,499023.42,0,0,499023.42,0,0,499023.42,0,0,499023.42,0,0,499023.42,0,0,499023.42,0,0,499023.42,0,0,499023.42,0,0,499023.42,0,0,499023.42,0,0,512305.41,0,0,512305.41,0,0,499023.42,0,0,499023.42,0,0,499023.42,0,0,499023.42,0,0,499023.42,0,0,499023.42,0,0,499023.42,0,0,499023.42,0,0,499023.42,0,0,1060915.92,0,0,499023.42,0,0,499023.42,0,0,499023.42,0,0,512305.41,0,0,499023.42,0,0,512305.41,0,0,499023.42
1,0,0,2021-06-21,COVDIAB,0,0,0,0,0,0,0,0,0,0,0,0,0,0,0,0,0,0,0,0,0,0,0,0,0,0,0,0,0,0,0,0,0,0,0,0,0,1,0,0,0,0,0,0,0,0,0,0,0,0,554470.46,0,0,554470.46,0,0,554470.46,0,0,670329.96,0,0,570916.62,0,0,570916.62,0,0,554470.46,0,0,606920.37,0,0,570916.62,0,0,570916.62,0,0,554470.46,0,0,554470.46,0,0,554470.46,0,0,554470.46,0,0,554470.46,0,0,554470.46,0,0,570916.62,0,0,570916.62,0,0,554470.46,0,0,554470.46,0,0,554470.46,0,0,554470.46,0,0,554470.46,0,0,554470.46,0,0,554470.46,0,0,554470.46,0,0,554470.46,0,0,554470.46,0,0,554470.46,0,0,570916.62,0,0,570916.62,0,0,554470.46,0,0,554470.46,0,0,554470.46,0,0,554470.46,0,0,554470.46,0,0,554470.46,0,0,554470.46,0,0,554470.46,0,0,554470.46,335091.74,8483.79,1867011.7,0,0,554470.46,0,0,554470.46,0,0,554470.46,0,0,570916.62,0,0,554470.46,0,0,570916.62,0,0,554470.46
1,0,0,2021-06-28,COVDIAB,0,0,0,0,0,0,0,0,0,0,0,0,0,0,0,0,0,0,0,0,0,0,0,0,0,0,0,0,0,0,0,0,0,0,0,0,0,1,0,0,0,0,0,0,0,0,0,0,0,0,1360972.95,0,0,1360972.95,0,0,1360972.95,0,0,1663411.38,0,0,1403503.35,0,0,1403503.35,0,0,1360972.95,0,0,1497070.25,0,0,1403503.35,0,0,1403503.35,0,0,1360972.95,0,0,1360972.95,0,0,1360972.95,0,0,1360972.95,0,0,1360972.95,0,0,1360972.95,0,0,1403503.35,0,0,1403503.35,0,0,1360972.95,0,0,1360972.95,0,0,1360972.95,0,0,1360972.95,0,0,1360972.95,0,0,1360972.95,0,0,1360972.95,0,0,1360972.95,0,0,1360972.95,0,0,1360972.95,0,0,1360972.95,0,0,1403503.35,0,0,1403503.35,0,0,1360972.95,0,0,1360972.95,0,0,1360972.95,0,0,1360972.95,0,0,1360972.95,0,0,1360972.95,0,0,1360972.95,0,0,1360972.95,0,0,1360972.95,811666.67,20549.62,4522317.22,0,0,1360972.95,0,0,1360972.95,0,0,1360972.95,0,0,1403503.35,0,0,1360972.95,0,0,1403503.35,0,0,1360972.95
1,1,AstraZeneca,2021-02-22,COVDIAB,0,0,0,0,0,0,0,0,0,0,0,0,0,0,0,0,0,0,0,0,0,0,0,0,0,0,0,0,0,0,0,0,0,0,0,0,0,0,0,0,0,0,0,0,0,0,0,0,0,0,22456053.68,0,0,22456053.68,0,0,22456053.68,0,0,22456053.68,0,0,22456053.68,0,0,22456053.68,0,0,22456053.68,0,0,22456053.68,0,0,22456053.68,0,0,22456053.68,0,0,22456053.68,0,0,22456053.68,0,0,22456053.68,0,0,22456053.68,0,0,22456053.68,0,0,22456053.68,0,0,22456053.68,0,0,22456053.68,0,0,22456053.68,0,0,22456053.68,0,0,22456053.68,0,0,22456053.68,0,0,22456053.68,0,0,22456053.68,0,0,22456053.68,0,0,22456053.68,0,0,22456053.68,0,0,22456053.68,0,0,22456053.68,0,0,22456053.68,0,0,22456053.68,0,0,22456053.68,0,0,22456053.68,0,0,22456053.68,0,0,22456053.68,0,0,22456053.68,0,0,22456053.68,0,0,22456053.68,0,0,22456053.68,0,0,22456053.68,0,0,22456053.68,0,0,22456053.68,0,0,22456053.68,0,0,22456053.68,0,0,22456053.68,0,0,22456053.68,0,0,22456053.68,0,0,22456053.68
1,1,AstraZeneca,2021-03-01,COVDIAB,0,0,0,0,0,0,0,0,0,0,0,0,0,0,0,0,0,0,0,0,0,0,0,0,0,0,0,0,0,0,0,0,0,0,0,0,0,0,0,0,0,0,0,0,0,0,0,0,0,0,19248046.01,0,0,19248046.01,0,0,19248046.01,0,0,19248046.01,0,0,19248046.01,0,0,19248046.01,0,0,19248046.01,0,0,19248046.01,0,0,19248046.01,0,0,19248046.01,0,0,19248046.01,0,0,19248046.01,0,0,19248046.01,0,0,19248046.01,0,0,19248046.01,0,0,19248046.01,0,0,19248046.01,0,0,19248046.01,0,0,19248046.01,0,0,19248046.01,0,0,19248046.01,0,0,19248046.01,0,0,19248046.01,0,0,19248046.01,0,0,19248046.01,0,0,19248046.01,0,0,19248046.01,0,0,19248046.01,0,0,19248046.01,0,0,19248046.01,0,0,19248046.01,0,0,19248046.01,0,0,19248046.01,0,0,19248046.01,0,0,19248046.01,0,0,19248046.01,0,0,19248046.01,0,0,19248046.01,0,0,19248046.01,0,0,19248046.01,0,0,19248046.01,0,0,19248046.01,0,0,19248046.01,0,0,19248046.01,0,0,19248046.01,0,0,19248046.01,0,0,19248046.01,0,0,19248046.01
1,1,AstraZeneca,2021-03-08,COVDIAB,0,0,0,0,0,0,0,0,0,0,0,0,0,0,0,0,0,0,0,0,0,0,0,0,0,0,0,0,0,0,0,0,0,0,0,0,0,0,0,0,0,0,0,0,0,0,0,0,0,0,19248046.01,0,0,19248046.01,0,0,19248046.01,0,0,19248046.01,0,0,19248046.01,0,0,19248046.01,0,0,19248046.01,0,0,19248046.01,0,0,19248046.01,0,0,19248046.01,0,0,19248046.01,0,0,19248046.01,0,0,19248046.01,0,0,19248046.01,0,0,19248046.01,0,0,19248046.01,0,0,19248046.01,0,0,19248046.01,0,0,19248046.01,0,0,19248046.01,0,0,19248046.01,0,0,19248046.01,0,0,19248046.01,0,0,19248046.01,0,0,19248046.01,0,0,19248046.01,0,0,19248046.01,0,0,19248046.01,0,0,19248046.01,0,0,19248046.01,0,0,19248046.01,0,0,19248046.01,0,0,19248046.01,0,0,19248046.01,0,0,19248046.01,0,0,19248046.01,0,0,19248046.01,0,0,19248046.01,0,0,19248046.01,0,0,19248046.01,0,0,19248046.01,0,0,19248046.01,0,0,19248046.01,0,0,19248046.01,0,0,19248046.01,0,0,19248046.01,0,0,19248046.01,0,0,19248046.01
1,1,AstraZeneca,2021-03-15,COVDIAB,0,0,0,0,0,0,0,0,0,0,0,0,0,0,0,0,0,0,0,0,0,0,0,0,0,0,0,0,0,0,0,0,0,0,0,0,0,0,0,0,0,0,0,0,0,0,0,0,0,0,14970702.45,0,0,14970702.45,0,0,14970702.45,0,0,16842040.26,0,0,14970702.45,0,0,14970702.45,0,0,14970702.45,0,0,16842040.26,0,0,14970702.45,0,0,14970702.45,0,0,14970702.45,0,0,14970702.45,0,0,14970702.45,0,0,14970702.45,0,0,14970702.45,0,0,14970702.45,0,0,14970702.45,0,0,14970702.45,0,0,14970702.45,0,0,14970702.45,0,0,14970702.45,0,0,14970702.45,0,0,14970702.45,0,0,14970702.45,0,0,14970702.45,0,0,14970702.45,0,0,14970702.45,0,0,14970702.45,0,0,14970702.45,0,0,14970702.45,0,0,14970702.45,0,0,14970702.45,0,0,14970702.45,0,0,14970702.45,0,0,14970702.45,0,0,14970702.45,0,0,14970702.45,0,0,14970702.45,0,0,14970702.45,0,0,14970702.45,0,0,16842040.26,0,0,14970702.45,0,0,14970702.45,0,0,14970702.45,0,0,14970702.45,0,0,14970702.45,0,0,14970702.45,0,0,14970702.45
1,1,AstraZeneca,2021-03-22,COVDIAB,0,0,0,0,0,0,0,0,0,0,0,0,0,0,0,0,0,0,0,0,0,0,0,0,0,0,0,0,0,0,0,0,0,0,0,0,0,0,0,0,0,0,0,0,0,0,0,0,0,0,4646080.07,0,0,4646080.07,0,0,4646080.07,0,0,7091385.37,0,0,4646080.07,0,0,4646080.07,0,0,4646080.07,0,0,6124378.28,0,0,4646080.07,0,0,4646080.07,0,0,4646080.07,0,0,4646080.07,0,0,4646080.07,0,0,4646080.07,0,0,4646080.07,0,0,4646080.07,0,0,4646080.07,0,0,4646080.07,0,0,4646080.07,0,0,4646080.07,0,0,4646080.07,0,0,4646080.07,0,0,4646080.07,0,0,4646080.07,0,0,4646080.07,0,0,4646080.07,0,0,4646080.07,0,0,4646080.07,0,0,4646080.07,0,0,4646080.07,0,0,4646080.07,0,0,4646080.07,0,0,4646080.07,0,0,4646080.07,0,0,4646080.07,0,0,4646080.07,0,0,4646080.07,0,0,4646080.07,0,0,4646080.07,0,0,4646080.07,0,0,9624023,0,0,4646080.07,0,0,4646080.07,0,0,4646080.07,0,0,4646080.07,0,0,4646080.07,0,0,4646080.07,0,0,4646080.07
1,1,AstraZeneca,2021-03-29,COVDIAB,0,0,0,0,0,0,0,0,0,0,0,0,0,0,0,0,0,0,0,0,0,0,0,0,0,0,0,0,0,0,0,0,0,0,0,0,0,0,0,0,0,0,0,0,0,0,0,0,0,0,2138671.78,0,0,2138671.78,0,0,2138671.78,0,0,2749720.86,0,0,2138671.78,0,0,2138671.78,0,0,2138671.78,0,0,2406005.75,0,0,2208792.16,0,0,2208792.16,0,0,2138671.78,0,0,2138671.78,0,0,2138671.78,0,0,2138671.78,0,0,2138671.78,0,0,2138671.78,0,0,2138671.78,0,0,2138671.78,0,0,2138671.78,0,0,2138671.78,0,0,2138671.78,0,0,2138671.78,0,0,2138671.78,0,0,2138671.78,0,0,2138671.78,0,0,2138671.78,0,0,2138671.78,0,0,2138671.78,0,0,2138671.78,0,0,2138671.78,0,0,2138671.78,0,0,2138671.78,0,0,2138671.78,0,0,2138671.78,0,0,2138671.78,0,0,2138671.78,0,0,2138671.78,0,0,2138671.78,0,0,2138671.78,0,0,2138671.78,0,0,6124378.28,0,0,2138671.78,0,0,2138671.78,0,0,2138671.78,0,0,2138671.78,0,0,2138671.78,0,0,2138671.78,0,0,2138671.78
1,1,AstraZeneca,2021-04-05,COVDIAB,0,0,0,0,0,0,0,0,0,0,0,0,0,0,0,0,0,0,0,0,0,0,0,0,0,0,0,0,0,0,0,0,0,0,0,0,0,0,0,0,0,0,0,0,0,0,0,0,0,0,1531094.57,0,0,1531094.57,0,0,1531094.57,0,0,1820761.11,0,0,1531094.57,0,0,1531094.57,0,0,1531094.57,0,0,1663411.38,0,0,1663411.38,0,0,1663411.38,0,0,1531094.57,0,0,1531094.57,0,0,1531094.57,0,0,1531094.57,0,0,1531094.57,0,0,1531094.57,0,0,1531094.57,0,0,1531094.57,0,0,1531094.57,0,0,1531094.57,0,0,1531094.57,0,0,1531094.57,0,0,1531094.57,0,0,1531094.57,0,0,1531094.57,0,0,1531094.57,0,0,1531094.57,0,0,1531094.57,0,0,1531094.57,0,0,1531094.57,0,0,1531094.57,0,0,1531094.57,0,0,1531094.57,0,0,1531094.57,0,0,1531094.57,0,0,1531094.57,0,0,1531094.57,0,0,1531094.57,0,0,1531094.57,0,0,1531094.57,0,0,4210510.06,0,0,1531094.57,0,0,1531094.57,0,0,1531094.57,0,0,1531094.57,0,0,1531094.57,0,0,1531094.57,0,0,1531094.57
1,1,AstraZeneca,2021-04-12,COVDIAB,0,0,0,0,0,0,0,0,0,0,0,0,0,0,0,0,0,0,0,0,0,0,0,0,0,0,0,0,0,0,0,0,0,0,0,0,0,0,0,0,0,0,0,0,0,0,0,0,0,0,1480618.92,0,0,1480618.92,0,0,1480618.92,0,0,1749822.36,0,0,1480618.92,0,0,1480618.92,0,0,1480618.92,0,0,1604003.83,0,0,1604003.83,0,0,1604003.83,0,0,1480618.92,0,0,1480618.92,0,0,1480618.92,0,0,1480618.92,0,0,1480618.92,0,0,1480618.92,0,0,1480618.92,0,0,1480618.92,0,0,1480618.92,0,0,1480618.92,0,0,1480618.92,0,0,1480618.92,0,0,1480618.92,0,0,1480618.92,0,0,1480618.92,0,0,1480618.92,0,0,1480618.92,0,0,1480618.92,0,0,1480618.92,0,0,1480618.92,0,0,1480618.92,0,0,1480618.92,0,0,1480618.92,0,0,1480618.92,0,0,1480618.92,0,0,1480618.92,0,0,1480618.92,0,0,1480618.92,0,0,1480618.92,0,0,1480618.92,0,0,3849609.2,0,0,1480618.92,0,0,1480618.92,0,0,1480618.92,0,0,1480618.92,0,0,1480618.92,0,0,1480618.92,0,0,1480618.92
1,1,AstraZeneca,2021-04-19,COVDIAB,0,0,0,0,0,0,0,0,0,0,0,0,0,0,0,0,0,0,0,0,0,0,0,0,0,0,0,0,0,0,0,0,0,0,0,0,0,0,0,0,0,0,0,0,0,0,0,0,0,0,1480618.92,0,0,1480618.92,0,0,1480618.92,0,0,1749822.36,0,0,1480618.92,0,0,1480618.92,0,0,1480618.92,0,0,1604003.83,0,0,1604003.83,0,0,1604003.83,0,0,1480618.92,0,0,1480618.92,0,0,1480618.92,0,0,1480618.92,0,0,1480618.92,0,0,1480618.92,0,0,1480618.92,0,0,1480618.92,0,0,1480618.92,0,0,1480618.92,0,0,1480618.92,0,0,1480618.92,0,0,1480618.92,0,0,1480618.92,0,0,1480618.92,0,0,1480618.92,0,0,1480618.92,0,0,1480618.92,0,0,1480618.92,0,0,1480618.92,0,0,1480618.92,0,0,1480618.92,0,0,1480618.92,0,0,1480618.92,0,0,1480618.92,0,0,1480618.92,0,0,1480618.92,0,0,1480618.92,0,0,1480618.92,0,0,1480618.92,0,0,3849609.2,0,0,1480618.92,0,0,1480618.92,0,0,1480618.92,0,0,1480618.92,0,0,1480618.92,0,0,1480618.92,0,0,1480618.92
1,1,AstraZeneca,2021-04-26,COVDIAB,0,0,0,0,0,0,0,0,0,0,0,0,0,0,0,0,0,0,0,0,0,0,0,0,0,0,0,0,0,0,0,0,0,0,0,0,0,0,0,0,0,0,0,0,0,0,0,0,0,0,1448777.66,0,0,1448777.66,0,0,1448777.66,0,0,1705523.06,0,0,1448777.66,0,0,1448777.66,0,0,1448777.66,0,0,1566701.42,0,0,1566701.42,0,0,1566701.42,0,0,1448777.66,0,0,1448777.66,0,0,1448777.66,0,0,1448777.66,0,0,1448777.66,0,0,1448777.66,0,0,1448777.66,0,0,1448777.66,0,0,1448777.66,0,0,1448777.66,0,0,1448777.66,0,0,1448777.66,0,0,1448777.66,0,0,1448777.66,0,0,1448777.66,0,0,1448777.66,0,0,1448777.66,0,0,1448777.66,0,0,1448777.66,0,0,1448777.66,0,0,1448777.66,0,0,1448777.66,0,0,1448777.66,0,0,1448777.66,0,0,1448777.66,0,0,1448777.66,0,0,1448777.66,0,0,1448777.66,0,0,1448777.66,0,0,1448777.66,0,0,3849609.2,0,0,1448777.66,0,0,1448777.66,0,0,1448777.66,0,0,1448777.66,0,0,1448777.66,0,0,1448777.66,0,0,1448777.66
1,1,AstraZeneca,2021-05-03,COVDIAB,0,0,0,0,0,0,0,0,0,0,0,0,0,0,0,0,0,0,0,0,0,0,0,0,0,0,0,0,0,0,0,0,0,0,0,0,0,0,0,0,0,0,0,0,0,0,0,0,0,0,1203002.88,0,0,1203002.88,0,0,1203002.88,0,0,1374860.43,0,0,1203002.88,0,0,1203002.88,0,0,1203002.88,0,0,1283203.07,0,0,1283203.07,0,0,1283203.07,0,0,1203002.88,0,0,1203002.88,0,0,1203002.88,0,0,1203002.88,0,0,1203002.88,0,0,1203002.88,0,0,1203002.88,0,0,1203002.88,0,0,1203002.88,0,0,1203002.88,0,0,1203002.88,0,0,1203002.88,0,0,1203002.88,0,0,1203002.88,0,0,1203002.88,0,0,1203002.88,0,0,1203002.88,0,0,1203002.88,0,0,1203002.88,0,0,1203002.88,0,0,1203002.88,0,0,1203002.88,0,0,1203002.88,0,0,1203002.88,0,0,1203002.88,0,0,1203002.88,0,0,1203002.88,0,0,1203002.88,0,0,1203002.88,0,0,1203002.88,0,0,3208007.67,0,0,1203002.88,0,0,1203002.88,0,0,1203002.88,0,0,1203002.88,0,0,1203002.88,0,0,1203002.88,0,0,1203002.88
1,1,AstraZeneca,2021-05-10,COVDIAB,0,0,0,0,0,0,0,0,0,0,0,0,0,0,0,0,0,0,0,0,0,0,0,0,0,0,0,0,0,0,0,0,0,0,0,0,0,0,0,0,0,0,0,0,0,0,0,0,0,0,1104396.08,0,0,1104396.08,0,0,1104396.08,0,0,1247558.54,0,0,1104396.08,0,0,1104396.08,0,0,1104396.08,0,0,1171620.19,0,0,1171620.19,0,0,1171620.19,0,0,1104396.08,0,0,1104396.08,0,0,1104396.08,0,0,1104396.08,0,0,1104396.08,0,0,1104396.08,0,0,1104396.08,0,0,1104396.08,0,0,1104396.08,0,0,1104396.08,0,0,1104396.08,0,0,1104396.08,0,0,1104396.08,0,0,1104396.08,0,0,1104396.08,0,0,1104396.08,0,0,1104396.08,0,0,1104396.08,0,0,1104396.08,0,0,1104396.08,0,0,1104396.08,0,0,1104396.08,0,0,1104396.08,0,0,1104396.08,0,0,1104396.08,0,0,1104396.08,0,0,1104396.08,0,0,1104396.08,0,0,1104396.08,0,0,1104396.08,0,0,2641888.67,0,0,1104396.08,0,0,1104396.08,0,0,1104396.08,0,0,1104396.08,0,0,1104396.08,0,0,1104396.08,0,0,1104396.08
1,1,AstraZeneca,2021-05-17,COVDIAB,0,0,0,0,0,0,0,0,0,0,0,0,0,0,0,0,0,0,0,0,0,0,0,0,0,0,0,0,0,0,0,0,0,0,0,0,0,0,0,0,0,0,0,0,0,0,0,0,0,0,1028521.54,0,0,1028521.54,0,0,1028521.54,0,0,1151592.5,0,0,1028521.54,0,0,1028521.54,0,0,1028521.54,0,0,1086583.24,0,0,1086583.24,0,0,1086583.24,0,0,1028521.54,0,0,1028521.54,0,0,1028521.54,0,0,1028521.54,0,0,1028521.54,0,0,1028521.54,0,0,1028521.54,0,0,1028521.54,0,0,1028521.54,0,0,1028521.54,0,0,1028521.54,0,0,1028521.54,0,0,1028521.54,0,0,1028521.54,0,0,1028521.54,0,0,1028521.54,0,0,1028521.54,0,0,1028521.54,0,0,1028521.54,0,0,1028521.54,0,0,1028521.54,0,0,1028521.54,0,0,1028521.54,0,0,1028521.54,0,0,1028521.54,0,0,1028521.54,0,0,1028521.54,0,0,1028521.54,0,0,1028521.54,0,0,1028521.54,0,0,2495117.08,0,0,1028521.54,0,0,1028521.54,0,0,1028521.54,0,0,1028521.54,0,0,1028521.54,0,0,1028521.54,0,0,1028521.54
1,1,Moderna,2021-03-22,COVDIAB,0,0,0,0,0,0,0,0,0,0,0,0,0,0,0,0,0,0,0,0,0,0,0,0,0,0,0,0,0,0,0,0,0,0,0,0,0,1,0,0,0,0,0,0,0,0,0,0,0,0,4346332.97,0,0,4346332.97,0,0,4346332.97,0,0,8982421.47,0,0,4346332.97,0,0,4990234.15,0,0,4990234.15,0,0,4990234.15,0,0,6736816.1,0,0,6736816.1,0,0,4346332.97,0,0,4346332.97,0,0,4346332.97,0,0,4346332.97,0,0,4346332.97,0,0,4346332.97,0,0,4346332.97,0,0,4346332.97,0,0,4346332.97,0,0,4346332.97,0,0,4346332.97,0,0,4346332.97,0,0,4346332.97,0,0,4346332.97,0,0,4346332.97,0,0,4346332.97,0,0,4346332.97,0,0,4346332.97,0,0,4346332.97,0,0,4346332.97,0,0,4346332.97,0,0,4346332.97,0,0,4346332.97,0,0,4346332.97,0,0,4346332.97,0,0,4346332.97,0,0,4346332.97,0,0,4346332.97,0,0,4346332.97,0,0,4346332.97,1922368.42,48670.15,10710751.31,0,0,4346332.97,0,0,4346332.97,0,0,4346332.97,0,0,4990234.15,0,0,4346332.97,0,0,4990234.15,0,0,4346332.97
1,1,Moderna,2021-03-29,COVDIAB,0,0,0,0,0,0,0,0,0,0,0,0,0,0,0,0,0,0,0,0,0,0,0,0,0,0,0,0,0,0,0,0,0,0,0,0,0,0,0,0,0,0,0,0,0,0,0,0,0,0,2208792.16,0,0,2208792.16,0,0,2208792.16,0,0,4082918.85,0,0,2495117.08,0,0,2866730.26,0,0,2495117.08,0,0,2495117.08,0,0,2866730.26,0,0,2866730.26,0,0,2208792.16,0,0,2208792.16,0,0,2208792.16,0,0,2208792.16,0,0,2208792.16,0,0,2208792.16,0,0,2208792.16,0,0,2208792.16,0,0,2208792.16,0,0,2208792.16,0,0,2208792.16,0,0,2208792.16,0,0,2208792.16,0,0,2208792.16,0,0,2208792.16,0,0,2208792.16,0,0,2208792.16,0,0,2208792.16,0,0,2208792.16,0,0,2208792.16,0,0,2208792.16,0,0,2208792.16,0,0,2208792.16,0,0,2208792.16,0,0,2208792.16,0,0,2208792.16,0,0,2208792.16,0,0,2208792.16,0,0,2208792.16,0,0,2208792.16,0,0,6416015.34,0,0,2208792.16,0,0,2208792.16,0,0,2208792.16,0,0,2495117.08,0,0,2208792.16,0,0,2495117.08,0,0,2208792.16
1,1,Moderna,2021-04-05,COVDIAB,0,0,0,1,0,0,0,0,0,0,0,0,0,0,0,0,0,0,0,0,0,0,0,0,0,0,0,0,0,0,0,0,0,0,0,0,0,0,0,0,0,0,0,0,0,0,0,0,0,0,1727388.74,0,0,1727388.74,0,0,1727388.74,811666.67,20549.62,4522317.22,0,0,1924804.6,0,0,2138671.78,0,0,1897694.68,0,0,1897694.68,0,0,2105255.03,0,0,2105255.03,0,0,1727388.74,0,0,1727388.74,0,0,1727388.74,0,0,1727388.74,0,0,1727388.74,0,0,1727388.74,0,0,1727388.74,0,0,1727388.74,0,0,1727388.74,0,0,1727388.74,0,0,1727388.74,0,0,1727388.74,0,0,1727388.74,0,0,1727388.74,0,0,1727388.74,0,0,1727388.74,0,0,1727388.74,0,0,1727388.74,0,0,1727388.74,0,0,1727388.74,0,0,1727388.74,0,0,1727388.74,0,0,1727388.74,0,0,1727388.74,0,0,1727388.74,0,0,1727388.74,0,0,1727388.74,0,0,1727388.74,0,0,1727388.74,0,0,1727388.74,0,0,4812011.5,0,0,1727388.74,0,0,1727388.74,0,0,1727388.74,0,0,1897694.68,0,0,1727388.74,0,0,1897694.68,0,0,1727388.74
1,1,Moderna,2021-04-12,COVDIAB,0,0,0,0,0,0,0,0,0,0,0,0,0,0,0,0,0,0,0,0,0,0,0,0,0,0,0,0,0,0,0,0,0,0,0,0,0,0,0,0,0,0,0,0,0,0,0,0,0,0,1464525.24,0,0,1464525.24,0,0,1464525.24,0,0,2283666.48,0,0,1727388.74,0,0,1897694.68,0,0,1585133.2,0,0,1585133.2,0,0,1585133.2,0,0,1585133.2,0,0,1464525.24,0,0,1464525.24,0,0,1464525.24,0,0,1464525.24,0,0,1464525.24,0,0,1464525.24,0,0,1464525.24,0,0,1464525.24,0,0,1464525.24,0,0,1464525.24,0,0,1464525.24,0,0,1464525.24,0,0,1464525.24,0,0,1464525.24,0,0,1464525.24,0,0,1464525.24,0,0,1464525.24,0,0,1464525.24,0,0,1464525.24,0,0,1464525.24,0,0,1464525.24,0,0,1464525.24,0,0,1464525.24,0,0,1464525.24,0,0,1464525.24,0,0,1464525.24,0,0,1464525.24,0,0,1464525.24,0,0,1464525.24,0,0,1464525.24,0,0,3545692.69,0,0,1464525.24,0,0,1464525.24,0,0,1464525.24,0,0,1585133.2,0,0,1464525.24,0,0,1585133.2,0,0,1464525.24
1,1,Moderna,2021-04-19,COVDIAB,0,0,0,0,0,0,0,0,0,0,0,0,0,0,0,0,0,0,0,0,0,0,0,0,0,0,0,0,0,0,0,0,0,0,0,0,0,0,0,0,0,0,0,0,0,0,0,0,0,0,1480618.92,0,0,1389034.25,0,0,1389034.25,0,0,1897694.68,0,0,1623329.18,0,0,1684204.03,0,0,1433365.13,0,0,1433365.13,0,0,1433365.13,0,0,1433365.13,0,0,1389034.25,0,0,1389034.25,0,0,1389034.25,0,0,1389034.25,0,0,1389034.25,0,0,1389034.25,0,0,1389034.25,0,0,1480618.92,0,0,1389034.25,0,0,1389034.25,0,0,1480618.92,0,0,1389034.25,0,0,1389034.25,0,0,1389034.25,0,0,1389034.25,0,0,1389034.25,0,0,1389034.25,0,0,1389034.25,0,0,1389034.25,0,0,1389034.25,0,0,1389034.25,0,0,1389034.25,0,0,1389034.25,0,0,1480618.92,0,0,1480618.92,0,0,1389034.25,0,0,1389034.25,0,0,1389034.25,0,0,1389034.25,0,0,1389034.25,0,0,4082918.85,0,0,1389034.25,0,0,1389034.25,0,0,1389034.25,0,0,1433365.13,0,0,1480618.92,0,0,1531094.57,0,0,1389034.25
1,1,Pfizer,2021-04-19,COVDIAB,0,0,0,0,0,0,0,0,0,0,0,0,0,0,0,0,0,0,0,0,0,0,0,0,0,0,0,0,0,0,0,0,0,0,0,0,0,0,0,0,0,0,0,0,0,0,0,0,0,0,493539.64,0,0,493539.64,0,0,506527.53,0,0,612437.83,0,0,530457.96,0,0,532554.63,0,0,506527.53,0,0,538945.29,0,0,596178.42,0,0,596178.42,0,0,493539.64,0,0,493539.64,0,0,493539.64,0,0,493539.64,0,0,493539.64,0,0,493539.64,0,0,514260.77,0,0,514260.77,0,0,493539.64,0,0,493539.64,0,0,493539.64,0,0,493539.64,0,0,493539.64,0,0,493539.64,0,0,493539.64,0,0,493539.64,0,0,493539.64,0,0,493539.64,0,0,493539.64,0,0,493539.64,0,0,493539.64,0,0,493539.64,0,0,493539.64,0,0,493539.64,0,0,493539.64,0,0,493539.64,0,0,493539.64,0,0,493539.64,0,0,493539.64,0,0,493539.64,0,0,2138671.78,0,0,493539.64,0,0,493539.64,0,0,493539.64,0,0,506527.53,0,0,493539.64,0,0,506527.53,0,0,493539.64
1,1,Pfizer,2021-04-26,COVDIAB,0,0,0,0,0,0,0,0,0,0,0,0,0,0,0,0,0,0,0,0,0,0,0,0,0,0,0,0,0,0,0,0,0,0,0,0,0,0,0,0,0,0,0,0,0,0,0,0,0,0,461425.76,0,0,461425.76,0,0,471106.02,0,0,559071.88,0,0,493539.64,0,0,493539.64,0,0,471106.02,0,0,512305.41,0,0,538945.29,0,0,538945.29,0,0,461425.76,0,0,461425.76,0,0,461425.76,0,0,461425.76,0,0,461425.76,0,0,461425.76,0,0,472759.02,0,0,472759.02,0,0,461425.76,0,0,461425.76,0,0,461425.76,0,0,461425.76,0,0,461425.76,0,0,461425.76,0,0,461425.76,0,0,461425.76,0,0,461425.76,0,0,461425.76,0,0,461425.76,0,0,469464.54,0,0,469464.54,0,0,461425.76,0,0,461425.76,0,0,461425.76,0,0,461425.76,0,0,461425.76,0,0,461425.76,0,0,461425.76,0,0,461425.76,0,0,461425.76,0,0,1772846.34,0,0,461425.76,0,0,461425.76,0,0,461425.76,0,0,479488.69,0,0,461425.76,0,0,479488.69,0,0,461425.76
1,1,Pfizer,2021-05-03,COVDIAB,0,0,0,0,0,0,0,0,0,0,0,0,0,0,0,0,0,0,0,0,0,0,0,0,0,0,0,0,0,0,0,0,0,0,0,0,0,0,0,0,0,0,0,0,0,0,0,0,0,0,469464.54,0,0,469464.54,0,0,469464.54,0,0,547708.63,0,0,481201.15,0,0,481201.15,0,0,469464.54,0,0,518216.62,0,0,532554.63,0,0,532554.63,0,0,469464.54,0,0,469464.54,0,0,469464.54,0,0,469464.54,0,0,469464.54,0,0,469464.54,0,0,481201.15,0,0,481201.15,0,0,469464.54,0,0,469464.54,0,0,469464.54,0,0,469464.54,0,0,469464.54,0,0,469464.54,0,0,469464.54,0,0,469464.54,0,0,469464.54,0,0,469464.54,0,0,469464.54,0,0,481201.15,0,0,481201.15,0,0,469464.54,0,0,469464.54,0,0,469464.54,0,0,469464.54,0,0,469464.54,0,0,469464.54,0,0,469464.54,0,0,469464.54,0,0,469464.54,0,0,2041459.43,0,0,469464.54,0,0,469464.54,0,0,469464.54,0,0,481201.15,0,0,469464.54,0,0,481201.15,0,0,469464.54
1,1,Pfizer,2021-06-28,COVDIAB,0,0,0,0,0,0,0,0,0,0,0,0,0,0,0,0,0,0,0,0,0,0,0,0,0,0,0,0,0,0,0,0,0,0,0,0,0,0,0,0,0,0,0,0,0,0,0,0,0,0,1122802.68,0,0,1122802.68,0,0,1122802.68,0,0,1320944.33,0,0,1141833.24,0,0,1141833.24,0,0,1141833.24,0,0,1213840.74,0,0,1181897.56,0,0,1181897.56,0,0,1122802.68,0,0,1122802.68,0,0,1122802.68,0,0,1122802.68,0,0,1122802.68,0,0,1122802.68,0,0,1122802.68,0,0,1122802.68,0,0,1122802.68,0,0,1122802.68,0,0,1122802.68,0,0,1122802.68,0,0,1122802.68,0,0,1122802.68,0,0,1122802.68,0,0,1122802.68,0,0,1122802.68,0,0,1122802.68,0,0,1122802.68,0,0,1122802.68,0,0,1122802.68,0,0,1122802.68,0,0,1122802.68,0,0,1122802.68,0,0,1122802.68,0,0,1122802.68,0,0,1122802.68,0,0,1122802.68,0,0,1122802.68,0,0,1122802.68,0,0,4082918.85,0,0,1122802.68,0,0,1122802.68,0,0,1122802.68,0,0,1141833.24,0,0,1122802.68,0,0,1141833.24,0,0,1122802.68
1,2,AstraZeneca,2021-05-17,COVDIAB,0,0,0,0,0,0,0,0,0,0,0,0,0,0,0,0,0,0,0,0,0,0,0,0,0,0,0,0,0,0,0,0,0,0,0,0,0,0,0,0,0,0,0,0,0,0,0,0,0,0,67368161.03,0,0,67368161.03,0,0,67368161.03,0,0,67368161.03,0,0,67368161.03,0,0,67368161.03,0,0,67368161.03,0,0,67368161.03,0,0,67368161.03,0,0,67368161.03,0,0,67368161.03,0,0,67368161.03,0,0,67368161.03,0,0,67368161.03,0,0,67368161.03,0,0,67368161.03,0,0,67368161.03,0,0,67368161.03,0,0,67368161.03,0,0,67368161.03,0,0,67368161.03,0,0,67368161.03,0,0,67368161.03,0,0,67368161.03,0,0,67368161.03,0,0,67368161.03,0,0,67368161.03,0,0,67368161.03,0,0,67368161.03,0,0,67368161.03,0,0,67368161.03,0,0,67368161.03,0,0,67368161.03,0,0,67368161.03,0,0,67368161.03,0,0,67368161.03,0,0,67368161.03,0,0,67368161.03,0,0,67368161.03,0,0,67368161.03,0,0,67368161.03,0,0,67368161.03,0,0,67368161.03,0,0,67368161.03,0,0,67368161.03,0,0,67368161.03,0,0,67368161.03,0,0,67368161.03
1,2,AstraZeneca,2021-05-24,COVDIAB,0,0,0,0,0,0,0,0,0,0,0,0,0,0,0,0,0,0,0,0,0,0,0,0,0,0,0,0,0,0,0,0,0,0,0,0,0,0,0,0,0,0,0,0,0,0,0,0,0,0,19248046.01,0,0,19248046.01,0,0,19248046.01,0,0,19248046.01,0,0,19248046.01,0,0,19248046.01,0,0,19248046.01,0,0,19248046.01,0,0,19248046.01,0,0,19248046.01,0,0,19248046.01,0,0,19248046.01,0,0,19248046.01,0,0,19248046.01,0,0,19248046.01,0,0,19248046.01,0,0,19248046.01,0,0,19248046.01,0,0,19248046.01,0,0,19248046.01,0,0,19248046.01,0,0,19248046.01,0,0,19248046.01,0,0,19248046.01,0,0,19248046.01,0,0,19248046.01,0,0,19248046.01,0,0,19248046.01,0,0,19248046.01,0,0,19248046.01,0,0,19248046.01,0,0,19248046.01,0,0,19248046.01,0,0,19248046.01,0,0,19248046.01,0,0,19248046.01,0,0,19248046.01,0,0,19248046.01,0,0,19248046.01,0,0,19248046.01,0,0,19248046.01,0,0,19248046.01,0,0,19248046.01,0,0,19248046.01,0,0,19248046.01,0,0,19248046.01,0,0,19248046.01,0,0,19248046.01
1,2,AstraZeneca,2021-05-31,COVDIAB,0,0,0,0,0,0,0,0,0,0,0,0,0,0,0,0,0,0,0,0,0,0,0,0,0,0,0,0,0,0,0,0,0,0,0,0,0,0,0,0,0,0,0,0,0,0,0,0,0,0,19248046.01,0,0,19248046.01,0,0,19248046.01,0,0,19248046.01,0,0,19248046.01,0,0,19248046.01,0,0,19248046.01,0,0,19248046.01,0,0,19248046.01,0,0,19248046.01,0,0,19248046.01,0,0,19248046.01,0,0,19248046.01,0,0,19248046.01,0,0,19248046.01,0,0,19248046.01,0,0,19248046.01,0,0,19248046.01,0,0,19248046.01,0,0,19248046.01,0,0,19248046.01,0,0,19248046.01,0,0,19248046.01,0,0,19248046.01,0,0,19248046.01,0,0,19248046.01,0,0,19248046.01,0,0,19248046.01,0,0,19248046.01,0,0,19248046.01,0,0,19248046.01,0,0,19248046.01,0,0,19248046.01,0,0,19248046.01,0,0,19248046.01,0,0,19248046.01,0,0,19248046.01,0,0,19248046.01,0,0,19248046.01,0,0,19248046.01,0,0,19248046.01,0,0,19248046.01,0,0,19248046.01,0,0,19248046.01,0,0,19248046.01,0,0,19248046.01,0,0,19248046.01,0,0,19248046.01
1,2,AstraZeneca,2021-06-07,COVDIAB,0,0,0,0,0,0,0,0,0,0,0,0,0,0,0,0,0,0,0,0,0,0,0,0,0,0,0,0,0,0,0,0,0,0,0,0,0,0,0,0,0,0,0,0,0,0,0,0,0,0,13473632.21,0,0,13473632.21,0,0,13473632.21,0,0,13473632.21,0,0,13473632.21,0,0,13473632.21,0,0,13473632.21,0,0,13473632.21,0,0,13473632.21,0,0,13473632.21,0,0,13473632.21,0,0,13473632.21,0,0,13473632.21,0,0,13473632.21,0,0,13473632.21,0,0,13473632.21,0,0,13473632.21,0,0,13473632.21,0,0,13473632.21,0,0,13473632.21,0,0,13473632.21,0,0,13473632.21,0,0,13473632.21,0,0,13473632.21,0,0,13473632.21,0,0,13473632.21,0,0,13473632.21,0,0,13473632.21,0,0,13473632.21,0,0,13473632.21,0,0,13473632.21,0,0,13473632.21,0,0,13473632.21,0,0,13473632.21,0,0,13473632.21,0,0,13473632.21,0,0,13473632.21,0,0,13473632.21,0,0,13473632.21,0,0,13473632.21,0,0,13473632.21,0,0,13473632.21,0,0,13473632.21,0,0,13473632.21,0,0,13473632.21,0,0,13473632.21,0,0,13473632.21,0,0,13473632.21
1,2,AstraZeneca,2021-06-14,COVDIAB,0,0,0,0,0,0,0,0,0,0,0,0,0,0,0,0,0,0,0,0,0,0,0,0,0,0,0,0,0,0,0,0,0,0,0,0,0,0,0,0,0,0,0,0,0,0,0,0,0,0,4082918.85,0,0,4082918.85,0,0,4082918.85,0,0,5389452.88,0,0,4082918.85,0,0,4082918.85,0,0,4082918.85,0,0,4990234.15,0,0,4082918.85,0,0,4082918.85,0,0,4082918.85,0,0,4082918.85,0,0,4082918.85,0,0,4082918.85,0,0,4082918.85,0,0,4082918.85,0,0,4082918.85,0,0,4082918.85,0,0,4082918.85,0,0,4082918.85,0,0,4082918.85,0,0,4082918.85,0,0,4082918.85,0,0,4082918.85,0,0,4082918.85,0,0,4082918.85,0,0,4082918.85,0,0,4082918.85,0,0,4082918.85,0,0,4082918.85,0,0,4082918.85,0,0,4082918.85,0,0,4082918.85,0,0,4082918.85,0,0,4082918.85,0,0,4082918.85,0,0,4082918.85,0,0,4082918.85,0,0,4082918.85,0,0,4082918.85,0,0,9624023,0,0,4082918.85,0,0,4082918.85,0,0,4082918.85,0,0,4082918.85,0,0,4082918.85,0,0,4082918.85,0,0,4082918.85
1,2,AstraZeneca,2021-06-21,COVDIAB,0,0,0,0,0,0,0,0,0,0,0,0,0,0,0,0,0,0,0,0,0,0,0,0,0,0,0,0,0,0,0,0,0,0,0,0,0,0,0,0,0,0,0,0,0,0,0,0,0,0,2495117.08,0,0,2495117.08,0,0,2495117.08,0,0,3368408.05,0,0,2495117.08,0,0,2495117.08,0,0,2495117.08,0,0,2866730.26,0,0,2542194.76,0,0,2542194.76,0,0,2495117.08,0,0,2495117.08,0,0,2495117.08,0,0,2495117.08,0,0,2495117.08,0,0,2495117.08,0,0,2495117.08,0,0,2495117.08,0,0,2495117.08,0,0,2495117.08,0,0,2495117.08,0,0,2495117.08,0,0,2495117.08,0,0,2495117.08,0,0,2495117.08,0,0,2495117.08,0,0,2495117.08,0,0,2495117.08,0,0,2495117.08,0,0,2495117.08,0,0,2495117.08,0,0,2495117.08,0,0,2495117.08,0,0,2495117.08,0,0,2495117.08,0,0,2495117.08,0,0,2495117.08,0,0,2495117.08,0,0,2495117.08,0,0,2495117.08,0,0,8982421.47,0,0,2495117.08,0,0,2495117.08,0,0,2495117.08,0,0,2495117.08,0,0,2495117.08,0,0,2495117.08,0,0,2495117.08
1,2,AstraZeneca,2021-06-28,COVDIAB,0,0,0,0,0,0,0,0,0,0,0,0,0,0,0,0,0,0,0,0,0,0,0,0,0,0,0,0,0,0,0,0,0,0,0,0,0,0,0,0,0,0,0,0,0,0,0,0,0,0,4491210.74,0,0,4491210.74,0,0,4491210.74,0,0,5614013.42,0,0,4491210.74,0,0,4491210.74,0,0,4491210.74,0,0,4990234.15,0,0,4990234.15,0,0,4990234.15,0,0,4491210.74,0,0,4491210.74,0,0,4491210.74,0,0,4491210.74,0,0,4491210.74,0,0,4491210.74,0,0,4491210.74,0,0,4491210.74,0,0,4491210.74,0,0,4491210.74,0,0,4491210.74,0,0,4491210.74,0,0,4491210.74,0,0,4491210.74,0,0,4491210.74,0,0,4491210.74,0,0,4491210.74,0,0,4491210.74,0,0,4491210.74,0,0,4491210.74,0,0,4491210.74,0,0,4491210.74,0,0,4491210.74,0,0,4491210.74,0,0,4491210.74,0,0,4491210.74,0,0,4491210.74,0,0,4491210.74,0,0,4491210.74,0,0,4491210.74,0,0,14970702.45,0,0,4491210.74,0,0,4491210.74,0,0,4491210.74,0,0,4491210.74,0,0,4491210.74,0,0,4491210.74,0,0,4491210.74
1,2,Moderna,2021-04-19,COVDIAB,0,0,0,0,0,0,0,0,0,0,0,0,0,0,0,0,0,0,0,0,0,0,0,0,0,0,0,0,0,0,0,0,0,0,0,0,0,1,0,0,0,0,0,0,0,0,0,0,0,0,4990234.15,0,0,4990234.15,0,0,4990234.15,0,0,26947264.41,0,0,4990234.15,0,0,5858100.96,0,0,5858100.96,0,0,5858100.96,0,0,8421020.13,0,0,8421020.13,0,0,4990234.15,0,0,4990234.15,0,0,4990234.15,0,0,4990234.15,0,0,4990234.15,0,0,4990234.15,0,0,4990234.15,0,0,4990234.15,0,0,4990234.15,0,0,4990234.15,0,0,4990234.15,0,0,4990234.15,0,0,4990234.15,0,0,4990234.15,0,0,4990234.15,0,0,4990234.15,0,0,4990234.15,0,0,4990234.15,0,0,4990234.15,0,0,4990234.15,0,0,4990234.15,0,0,4990234.15,0,0,4990234.15,0,0,4990234.15,0,0,4990234.15,0,0,4990234.15,0,0,4990234.15,0,0,4990234.15,0,0,4990234.15,0,0,4990234.15,4058333.33,102748.1,22611586.09,0,0,4990234.15,0,0,4990234.15,0,0,4990234.15,0,0,5858100.96,0,0,4990234.15,0,0,5858100.96,0,0,4990234.15
1,2,Moderna,2021-04-26,COVDIAB,0,0,0,0,0,0,0,0,0,0,0,0,0,0,0,0,0,0,0,0,0,0,0,0,0,0,0,0,0,0,0,0,0,0,0,0,0,1,0,0,0,0,0,0,0,0,0,0,0,0,2173166.48,0,0,2173166.48,0,0,2173166.48,0,0,4812011.5,0,0,2406005.75,0,0,2749720.86,0,0,2449751.31,0,0,2449751.31,0,0,2807006.71,0,0,2807006.71,0,0,2173166.48,0,0,2173166.48,0,0,2173166.48,0,0,2173166.48,0,0,2173166.48,0,0,2173166.48,0,0,2173166.48,0,0,2173166.48,0,0,2173166.48,0,0,2173166.48,0,0,2173166.48,0,0,2173166.48,0,0,2173166.48,0,0,2173166.48,0,0,2173166.48,0,0,2173166.48,0,0,2173166.48,0,0,2173166.48,0,0,2173166.48,0,0,2173166.48,0,0,2173166.48,0,0,2173166.48,0,0,2173166.48,0,0,2173166.48,0,0,2173166.48,0,0,2173166.48,0,0,2173166.48,0,0,2173166.48,0,0,2173166.48,0,0,2173166.48,4565625,115591.62,25438034.36,0,0,2173166.48,0,0,2173166.48,0,0,2173166.48,0,0,2449751.31,0,0,2173166.48,0,0,2449751.31,0,0,2173166.48
1,2,Moderna,2021-05-03,COVDIAB,0,0,0,0,0,0,0,0,0,0,0,0,0,0,0,0,0,0,0,0,0,0,0,0,0,0,0,0,0,0,0,0,0,0,0,0,0,0,0,0,0,0,0,0,0,0,0,0,0,0,1924804.6,0,0,1924804.6,0,0,1924804.6,0,0,3849609.2,0,0,2138671.78,0,0,2406005.75,0,0,2138671.78,0,0,2138671.78,0,0,2406005.75,0,0,2406005.75,0,0,1924804.6,0,0,1924804.6,0,0,1924804.6,0,0,1924804.6,0,0,1924804.6,0,0,1924804.6,0,0,1924804.6,0,0,1924804.6,0,0,1924804.6,0,0,1924804.6,0,0,1924804.6,0,0,1924804.6,0,0,1924804.6,0,0,1924804.6,0,0,1924804.6,0,0,1924804.6,0,0,1924804.6,0,0,1924804.6,0,0,1924804.6,0,0,1924804.6,0,0,1924804.6,0,0,1924804.6,0,0,1924804.6,0,0,1924804.6,0,0,1924804.6,0,0,1924804.6,0,0,1924804.6,0,0,1924804.6,0,0,1924804.6,0,0,1924804.6,0,0,19248046.01,0,0,1924804.6,0,0,1924804.6,0,0,1924804.6,0,0,2138671.78,0,0,1924804.6,0,0,2138671.78,0,0,1924804.6
1,2,Moderna,2021-05-10,COVDIAB,0,0,0,0,0,0,0,0,0,0,0,0,0,0,0,0,0,0,0,0,0,0,0,0,0,0,0,0,0,0,0,0,0,0,0,0,0,0,0,0,0,0,0,0,0,0,0,0,0,0,1480618.92,0,0,1480618.92,0,0,1480618.92,0,0,2749720.86,0,0,1749822.36,0,0,1924804.6,0,0,1604003.83,0,0,1604003.83,0,0,1749822.36,0,0,1749822.36,0,0,1480618.92,0,0,1480618.92,0,0,1480618.92,0,0,1480618.92,0,0,1480618.92,0,0,1480618.92,0,0,1480618.92,0,0,1480618.92,0,0,1480618.92,0,0,1480618.92,0,0,1480618.92,0,0,1480618.92,0,0,1480618.92,0,0,1480618.92,0,0,1480618.92,0,0,1480618.92,0,0,1480618.92,0,0,1480618.92,0,0,1480618.92,0,0,1480618.92,0,0,1480618.92,0,0,1480618.92,0,0,1480618.92,0,0,1480618.92,0,0,1480618.92,0,0,1480618.92,0,0,1480618.92,0,0,1480618.92,0,0,1480618.92,0,0,1480618.92,0,0,8421020.13,0,0,1480618.92,0,0,1480618.92,0,0,1480618.92,0,0,1604003.83,0,0,1480618.92,0,0,1604003.83,0,0,1480618.92
1,2,Moderna,2021-05-17,COVDIAB,0,0,0,0,0,0,0,0,0,0,0,0,0,0,0,0,0,0,0,0,0,0,0,0,0,0,0,0,0,0,0,0,0,0,0,0,0,0,0,0,0,0,0,0,0,0,0,0,0,0,1283203.07,0,0,1283203.07,0,0,1283203.07,0,0,2138671.78,0,0,1480618.92,0,0,1604003.83,0,0,1374860.43,0,0,1374860.43,0,0,1480618.92,0,0,1480618.92,0,0,1283203.07,0,0,1283203.07,0,0,1283203.07,0,0,1283203.07,0,0,1283203.07,0,0,1283203.07,0,0,1283203.07,0,0,1283203.07,0,0,1283203.07,0,0,1283203.07,0,0,1283203.07,0,0,1283203.07,0,0,1283203.07,0,0,1283203.07,0,0,1283203.07,0,0,1283203.07,0,0,1283203.07,0,0,1283203.07,0,0,1283203.07,0,0,1283203.07,0,0,1283203.07,0,0,1283203.07,0,0,1283203.07,0,0,1283203.07,0,0,1283203.07,0,0,1283203.07,0,0,1283203.07,0,0,1283203.07,0,0,1283203.07,0,0,1283203.07,0,0,6416015.34,0,0,1283203.07,0,0,1283203.07,0,0,1283203.07,0,0,1374860.43,0,0,1283203.07,0,0,1374860.43,0,0,1283203.07
1,2,Moderna,2021-05-24,COVDIAB,0,0,0,0,0,0,0,0,0,0,0,0,0,0,0,0,0,0,0,0,0,0,0,0,0,0,0,0,0,0,0,0,0,0,0,0,0,0,0,0,0,0,0,0,0,0,0,0,0,0,1224875.66,0,0,1224875.66,0,0,1224875.66,0,0,2138671.78,0,0,1403503.35,0,0,1513891.26,0,0,1374860.43,0,0,1374860.43,0,0,1403503.35,0,0,1403503.35,0,0,1224875.66,0,0,1224875.66,0,0,1224875.66,0,0,1224875.66,0,0,1224875.66,0,0,1224875.66,0,0,1224875.66,0,0,1224875.66,0,0,1224875.66,0,0,1224875.66,0,0,1224875.66,0,0,1224875.66,0,0,1224875.66,0,0,1224875.66,0,0,1224875.66,0,0,1224875.66,0,0,1224875.66,0,0,1224875.66,0,0,1224875.66,0,0,1224875.66,0,0,1283203.07,0,0,1224875.66,0,0,1224875.66,0,0,1224875.66,0,0,1224875.66,0,0,1224875.66,0,0,1224875.66,0,0,1224875.66,0,0,1224875.66,0,0,1224875.66,0,0,6416015.34,0,0,1224875.66,0,0,1224875.66,0,0,1224875.66,0,0,1374860.43,0,0,1224875.66,0,0,1374860.43,0,0,1224875.66
1,2,Moderna,2021-05-31,COVDIAB,0,0,0,0,0,0,0,0,0,0,0,0,0,0,0,0,0,0,0,0,0,0,0,0,0,0,0,0,0,0,0,0,0,0,0,0,0,0,0,0,0,0,0,0,0,0,0,0,0,0,1171620.19,0,0,1171620.19,0,0,1171620.19,0,0,2041459.43,0,0,1334022.99,0,0,1433365.13,0,0,1334022.99,0,0,1334022.99,0,0,1334022.99,0,0,1334022.99,0,0,1171620.19,0,0,1171620.19,0,0,1171620.19,0,0,1171620.19,0,0,1171620.19,0,0,1171620.19,0,0,1171620.19,0,0,1171620.19,0,0,1171620.19,0,0,1171620.19,0,0,1171620.19,0,0,1171620.19,0,0,1171620.19,0,0,1171620.19,0,0,1171620.19,0,0,1171620.19,0,0,1171620.19,0,0,1171620.19,0,0,1171620.19,0,0,1171620.19,0,0,1247558.54,0,0,1171620.19,0,0,1171620.19,0,0,1171620.19,0,0,1171620.19,0,0,1171620.19,0,0,1171620.19,0,0,1171620.19,0,0,1171620.19,0,0,1171620.19,0,0,6416015.34,0,0,1171620.19,0,0,1171620.19,0,0,1171620.19,0,0,1334022.99,0,0,1171620.19,0,0,1334022.99,0,0,1171620.19
1,2,Moderna,2021-06-07,COVDIAB,0,0,0,1,0,0,0,0,0,0,0,0,0,0,0,0,0,0,0,0,0,0,0,0,0,0,0,0,0,0,0,0,0,0,0,0,0,0,0,0,0,0,0,0,0,0,0,0,0,0,1132238,0,0,1132238,0,0,1132238,521785.71,13210.47,2907203.93,0,0,1283203.07,0,0,1374860.43,0,0,1283203.07,0,0,1283203.07,0,0,1283203.07,0,0,1283203.07,0,0,1132238,0,0,1132238,0,0,1132238,0,0,1132238,0,0,1132238,0,0,1132238,0,0,1132238,0,0,1132238,0,0,1132238,0,0,1132238,0,0,1132238,0,0,1132238,0,0,1132238,0,0,1132238,0,0,1132238,0,0,1132238,0,0,1132238,0,0,1132238,0,0,1132238,0,0,1132238,0,0,1203002.88,0,0,1132238,0,0,1132238,0,0,1132238,0,0,1132238,0,0,1132238,0,0,1132238,0,0,1132238,0,0,1132238,0,0,1132238,0,0,6416015.34,0,0,1132238,0,0,1132238,0,0,1132238,0,0,1283203.07,0,0,1132238,0,0,1283203.07,0,0,1132238
1,2,Moderna,2021-06-14,COVDIAB,0,0,0,0,0,0,0,0,0,0,0,0,0,0,0,0,0,0,0,0,0,0,0,0,0,0,0,0,0,0,0,0,0,0,0,0,0,0,0,0,0,0,0,0,0,0,0,0,0,0,1132238,0,0,1132238,0,0,1132238,0,0,2138671.78,0,0,1283203.07,0,0,1374860.43,0,0,1283203.07,0,0,1283203.07,0,0,1283203.07,0,0,1283203.07,0,0,1132238,0,0,1132238,0,0,1132238,0,0,1132238,0,0,1132238,0,0,1132238,0,0,1132238,0,0,1132238,0,0,1132238,0,0,1132238,0,0,1132238,0,0,1132238,0,0,1132238,0,0,1132238,0,0,1132238,0,0,1132238,0,0,1132238,0,0,1132238,0,0,1132238,0,0,1132238,0,0,1203002.88,0,0,1132238,0,0,1132238,0,0,1132238,0,0,1132238,0,0,1132238,0,0,1132238,0,0,1132238,0,0,1132238,0,0,1132238,0,0,6416015.34,0,0,1132238,0,0,1132238,0,0,1132238,0,0,1283203.07,0,0,1132238,0,0,1283203.07,0,0,1132238
1,2,Moderna,2021-06-21,COVDIAB,0,0,0,0,0,0,0,0,0,0,0,0,0,0,0,0,0,0,0,0,0,0,0,0,0,0,0,0,0,0,0,0,0,0,0,0,0,0,0,0,0,0,0,0,0,0,0,0,0,0,1132238,0,0,1132238,0,0,1132238,0,0,2138671.78,0,0,1283203.07,0,0,1374860.43,0,0,1283203.07,0,0,1283203.07,0,0,1283203.07,0,0,1283203.07,0,0,1132238,0,0,1132238,0,0,1132238,0,0,1132238,0,0,1132238,0,0,1132238,0,0,1132238,0,0,1132238,0,0,1132238,0,0,1132238,0,0,1132238,0,0,1132238,0,0,1132238,0,0,1132238,0,0,1132238,0,0,1132238,0,0,1132238,0,0,1132238,0,0,1132238,0,0,1132238,0,0,1203002.88,0,0,1132238,0,0,1132238,0,0,1132238,0,0,1132238,0,0,1132238,0,0,1132238,0,0,1132238,0,0,1132238,0,0,1132238,0,0,6416015.34,0,0,1132238,0,0,1132238,0,0,1132238,0,0,1283203.07,0,0,1132238,0,0,1283203.07,0,0,1132238
1,2,Moderna,2021-06-28,COVDIAB,0,0,0,0,0,0,0,0,0,0,0,0,0,0,0,0,0,0,0,0,0,0,0,0,0,0,0,0,0,0,0,0,0,0,0,0,0,0,0,0,0,0,0,0,0,0,0,0,0,0,2542194.76,0,0,2542194.76,0,0,2542194.76,0,0,4646080.07,0,0,2866730.26,0,0,3062189.14,0,0,2866730.26,0,0,2866730.26,0,0,2866730.26,0,0,2866730.26,0,0,2542194.76,0,0,2542194.76,0,0,2542194.76,0,0,2542194.76,0,0,2542194.76,0,0,2542194.76,0,0,2542194.76,0,0,2542194.76,0,0,2542194.76,0,0,2542194.76,0,0,2542194.76,0,0,2542194.76,0,0,2542194.76,0,0,2542194.76,0,0,2542194.76,0,0,2542194.76,0,0,2542194.76,0,0,2542194.76,0,0,2542194.76,0,0,2542194.76,0,0,2694726.44,0,0,2542194.76,0,0,2542194.76,0,0,2542194.76,0,0,2542194.76,0,0,2542194.76,0,0,2542194.76,0,0,2542194.76,0,0,2542194.76,0,0,2542194.76,0,0,12248756.55,0,0,2542194.76,0,0,2542194.76,0,0,2542194.76,0,0,2866730.26,0,0,2542194.76,0,0,2866730.26,0,0,2542194.76
1,2,Pfizer,2021-05-17,COVDIAB,0,0,0,0,0,0,0,0,0,0,0,0,0,0,0,0,0,0,0,0,0,0,0,0,0,0,0,0,0,0,0,0,0,0,0,0,0,0,0,0,0,0,0,0,0,0,0,0,0,0,328625.18,0,0,328625.18,0,0,334333.31,0,0,413301.6,0,0,346365.87,0,0,352712.88,0,0,334333.31,0,0,373230.81,0,0,380611.08,0,0,380611.08,0,0,328625.18,0,0,328625.18,0,0,328625.18,0,0,328625.18,0,0,328625.18,0,0,328625.18,0,0,340243.24,0,0,340243.24,0,0,328625.18,0,0,328625.18,0,0,328625.18,0,0,328625.18,0,0,328625.18,0,0,328625.18,0,0,328625.18,0,0,328625.18,0,0,328625.18,0,0,328625.18,0,0,328625.18,0,0,333505.75,0,0,333505.75,0,0,328625.18,0,0,328625.18,0,0,328625.18,0,0,328625.18,0,0,328625.18,0,0,328625.18,0,0,328625.18,0,0,328625.18,0,0,328625.18,0,0,1418277.07,0,0,328625.18,0,0,328625.18,0,0,328625.18,0,0,339386.2,0,0,328625.18,0,0,339386.2,0,0,328625.18
1,2,Pfizer,2021-05-24,COVDIAB,0,0,0,0,0,0,0,0,0,0,0,0,0,0,0,0,0,0,0,0,0,0,0,0,0,0,0,0,0,0,0,0,0,0,0,0,0,1,0,0,0,0,0,0,0,0,0,0,0,0,298089.21,0,0,298089.21,0,0,302778.25,0,0,373230.81,0,0,312613.28,0,0,317774.34,0,0,302778.25,0,0,334333.31,0,0,340243.24,0,0,340243.24,0,0,298089.21,0,0,298089.21,0,0,298089.21,0,0,298089.21,0,0,298089.21,0,0,298089.21,0,0,307617.17,0,0,307617.17,0,0,298089.21,0,0,298089.21,0,0,298089.21,0,0,298089.21,0,0,298089.21,0,0,298089.21,0,0,298089.21,0,0,298089.21,0,0,298089.21,0,0,298089.21,0,0,298089.21,0,0,302778.25,0,0,302778.25,0,0,298089.21,0,0,298089.21,0,0,298089.21,0,0,298089.21,0,0,298089.21,0,0,298089.21,0,0,298089.21,0,0,298089.21,0,0,298089.21,368939.39,9340.74,2055598.74,0,0,298089.21,0,0,298089.21,0,0,298089.21,0,0,307617.17,0,0,298089.21,0,0,307617.17,0,0,298089.21
1,2,Pfizer,2021-05-31,COVDIAB,0,0,0,0,0,0,0,0,0,0,0,0,0,0,0,0,0,0,0,0,0,0,0,0,0,0,0,0,0,0,0,0,0,0,0,0,0,1,0,0,0,0,0,0,0,0,0,0,0,0,266277.32,0,0,266277.32,0,0,270012.67,0,0,324665.84,0,0,277806.85,0,0,281875.15,0,0,270012.67,0,0,294827.84,0,0,299414.05,0,0,299414.05,0,0,266277.32,0,0,266277.32,0,0,266277.32,0,0,266277.32,0,0,266277.32,0,0,266277.32,0,0,273854.31,0,0,273854.31,0,0,266277.32,0,0,266277.32,0,0,266277.32,0,0,266277.32,0,0,266277.32,0,0,266277.32,0,0,266277.32,0,0,266277.32,0,0,266277.32,0,0,266277.32,0,0,266277.32,0,0,270012.67,0,0,270012.67,0,0,266277.32,0,0,266277.32,0,0,266277.32,0,0,266277.32,0,0,266277.32,0,0,266277.32,0,0,266277.32,0,0,266277.32,0,0,266277.32,376546.39,9533.33,2097982.21,0,0,266277.32,0,0,266277.32,0,0,266277.32,0,0,273854.31,0,0,266277.32,0,0,273854.31,0,0,266277.32
1,2,Pfizer,2021-06-07,COVDIAB,0,0,0,0,0,0,0,0,0,0,0,0,0,0,0,0,0,0,0,0,0,0,0,0,0,0,0,0,0,0,0,0,0,0,0,0,0,0,0,0,0,0,0,0,0,0,0,0,0,0,259607.56,0,0,259607.56,0,0,260108.73,0,0,310452.35,0,0,267333.97,0,0,271099.24,0,0,260108.73,0,0,283059.5,0,0,291007.18,0,0,291007.18,0,0,259607.56,0,0,259607.56,0,0,259607.56,0,0,259607.56,0,0,259607.56,0,0,259607.56,0,0,266804.6,0,0,266804.6,0,0,259607.56,0,0,259607.56,0,0,259607.56,0,0,259607.56,0,0,259607.56,0,0,259607.56,0,0,259607.56,0,0,259607.56,0,0,259607.56,0,0,259607.56,0,0,259607.56,0,0,263156.88,0,0,263156.88,0,0,259607.56,0,0,259607.56,0,0,259607.56,0,0,259607.56,0,0,259607.56,0,0,259607.56,0,0,259607.56,0,0,259607.56,0,0,259607.56,0,0,1374860.43,0,0,259607.56,0,0,259607.56,0,0,259607.56,0,0,263671.86,0,0,259607.56,0,0,263671.86,0,0,259607.56
1,2,Pfizer,2021-06-14,COVDIAB,0,0,0,0,0,0,0,0,0,0,0,0,0,0,0,0,0,0,0,0,0,0,0,0,0,0,0,0,0,0,0,0,0,0,0,0,0,1,0,0,0,0,0,0,0,0,0,0,0,0,260108.73,0,0,260108.73,0,0,260108.73,0,0,310452.35,0,0,267333.97,0,0,271099.24,0,0,260108.73,0,0,283059.5,0,0,291637.06,0,0,291637.06,0,0,260108.73,0,0,260108.73,0,0,260108.73,0,0,260108.73,0,0,260108.73,0,0,260108.73,0,0,267333.97,0,0,267333.97,0,0,260108.73,0,0,260108.73,0,0,260108.73,0,0,260108.73,0,0,260108.73,0,0,260108.73,0,0,260108.73,0,0,260108.73,0,0,260108.73,0,0,260108.73,0,0,260108.73,0,0,263671.86,0,0,263671.86,0,0,260108.73,0,0,260108.73,0,0,260108.73,0,0,260108.73,0,0,260108.73,0,0,260108.73,0,0,260108.73,0,0,260108.73,0,0,260108.73,376546.39,9533.33,2097982.21,0,0,260108.73,0,0,260108.73,0,0,260108.73,0,0,263671.86,0,0,260108.73,0,0,263671.86,0,0,260108.73
1,2,Pfizer,2021-06-21,COVDIAB,0,0,0,0,0,0,0,0,0,0,0,0,0,0,0,0,0,0,0,0,0,0,0,0,0,0,0,0,0,0,0,0,0,0,0,0,0,0,0,0,0,0,0,0,0,0,0,0,0,0,255182.43,0,0,255182.43,0,0,255182.43,0,0,303460.18,0,0,262132.92,0,0,265752.11,0,0,255182.43,0,0,278380.83,0,0,286064.38,0,0,286064.38,0,0,255182.43,0,0,255182.43,0,0,255182.43,0,0,255182.43,0,0,255182.43,0,0,255182.43,0,0,262132.92,0,0,262132.92,0,0,255182.43,0,0,255182.43,0,0,255182.43,0,0,255182.43,0,0,255182.43,0,0,255182.43,0,0,255182.43,0,0,255182.43,0,0,255182.43,0,0,255182.43,0,0,255182.43,0,0,258610.98,0,0,258610.98,0,0,255182.43,0,0,255182.43,0,0,255182.43,0,0,255182.43,0,0,255182.43,0,0,255182.43,0,0,255182.43,0,0,255182.43,0,0,255182.43,0,0,1389034.25,0,0,255182.43,0,0,255182.43,0,0,255182.43,0,0,258610.98,0,0,255182.43,0,0,258610.98,0,0,255182.43
1,1,Moderna,2021-05-17,COVDIAB,0,0,0,0,0,0,0,0,0,0,0,0,0,0,0,0,0,0,0,0,0,0,0,0,0,0,0,0,0,0,0,0,0,0,0,0,0,0,0,0,0,0,0,0,0,0,0,0,0,0,4491210.74,0,0,3641522.22,0,0,3641522.22,0,0,6416015.34,0,0,3641522.22,0,0,3641522.22,0,0,4491210.74,0,0,4491210.74,0,0,3641522.22,0,0,3641522.22,0,0,3641522.22,0,0,3641522.22,0,0,3641522.22,0,0,3641522.22,0,0,3641522.22,0,0,3641522.22,0,0,3641522.22,0,0,4491210.74,0,0,3641522.22,0,0,3641522.22,0,0,4491210.74,0,0,3641522.22,0,0,3641522.22,0,0,3641522.22,0,0,3641522.22,0,0,3641522.22,0,0,3641522.22,0,0,3641522.22,0,0,3641522.22,0,0,3641522.22,0,0,4491210.74,0,0,3641522.22,0,0,3641522.22,0,0,4491210.74,0,0,4491210.74,0,0,3641522.22,0,0,3641522.22,0,0,3641522.22,0,0,3641522.22,0,0,3641522.22,0,0,8421020.13,0,0,3641522.22,0,0,3641522.22,0,0,3641522.22,0,0,4491210.74,0,0,4491210.74,0,0,5858100.96,0,0,3641522.22
1,1,Moderna,2021-05-24,COVDIAB,0,0,0,0,0,0,0,0,0,0,0,0,0,0,0,0,0,0,0,0,0,0,0,0,0,0,0,0,0,0,0,0,0,0,0,0,0,0,0,0,0,0,0,0,0,0,0,0,0,0,4491210.74,0,0,3641522.22,0,0,3641522.22,0,0,6416015.34,0,0,3641522.22,0,0,3641522.22,0,0,3849609.2,0,0,3849609.2,0,0,3641522.22,0,0,3641522.22,0,0,3641522.22,0,0,3641522.22,0,0,3641522.22,0,0,3641522.22,0,0,3641522.22,0,0,3641522.22,0,0,3641522.22,0,0,4491210.74,0,0,3641522.22,0,0,3641522.22,0,0,4491210.74,0,0,3641522.22,0,0,3641522.22,0,0,3641522.22,0,0,3641522.22,0,0,3641522.22,0,0,3641522.22,0,0,3641522.22,0,0,3641522.22,0,0,3641522.22,0,0,3849609.2,0,0,3641522.22,0,0,3641522.22,0,0,4491210.74,0,0,4491210.74,0,0,3641522.22,0,0,3641522.22,0,0,3641522.22,0,0,3641522.22,0,0,3641522.22,0,0,6416015.34,0,0,3641522.22,0,0,3641522.22,0,0,3641522.22,0,0,3849609.2,0,0,4491210.74,0,0,4812011.5,0,0,3641522.22
1,1,Moderna,2021-05-31,COVDIAB,0,0,0,0,0,0,0,0,0,0,0,0,0,0,0,0,0,0,0,0,0,0,0,0,0,0,0,0,0,0,0,0,0,0,0,0,0,1,0,0,0,0,0,0,0,0,0,0,0,0,4082918.85,0,0,3368408.05,0,0,3368408.05,0,0,5389452.88,0,0,3368408.05,0,0,3368408.05,0,0,3368408.05,0,0,3368408.05,0,0,3368408.05,0,0,3368408.05,0,0,3368408.05,0,0,3368408.05,0,0,3368408.05,0,0,3368408.05,0,0,3368408.05,0,0,3368408.05,0,0,3368408.05,0,0,4082918.85,0,0,3368408.05,0,0,3368408.05,0,0,4082918.85,0,0,3368408.05,0,0,3368408.05,0,0,3368408.05,0,0,3368408.05,0,0,3368408.05,0,0,3368408.05,0,0,3368408.05,0,0,3368408.05,0,0,3368408.05,0,0,3368408.05,0,0,3368408.05,0,0,3368408.05,0,0,4082918.85,0,0,4082918.85,0,0,3368408.05,0,0,3368408.05,0,0,3368408.05,0,0,3368408.05,0,0,3368408.05,1739285.71,44034.9,9690679.75,0,0,3368408.05,0,0,3368408.05,0,0,3368408.05,0,0,3368408.05,0,0,4082918.85,0,0,4082918.85,0,0,3368408.05
1,1,Moderna,2021-06-07,COVDIAB,0,0,0,0,0,0,0,0,0,0,0,0,0,0,0,0,0,0,0,0,0,0,0,0,0,0,0,0,0,0,0,0,0,0,0,0,0,0,0,0,0,0,0,0,0,0,0,0,0,0,3849609.2,0,0,3208007.67,0,0,3208007.67,0,0,6416015.34,0,0,3208007.67,0,0,3208007.67,0,0,3208007.67,0,0,3208007.67,0,0,3208007.67,0,0,3208007.67,0,0,3208007.67,0,0,3208007.67,0,0,3208007.67,0,0,3208007.67,0,0,3208007.67,0,0,3208007.67,0,0,3208007.67,0,0,3849609.2,0,0,3208007.67,0,0,3208007.67,0,0,3849609.2,0,0,3208007.67,0,0,3208007.67,0,0,3208007.67,0,0,3208007.67,0,0,3208007.67,0,0,3208007.67,0,0,3208007.67,0,0,3208007.67,0,0,3208007.67,0,0,3208007.67,0,0,3208007.67,0,0,3208007.67,0,0,3849609.2,0,0,3849609.2,0,0,3208007.67,0,0,3208007.67,0,0,3208007.67,0,0,3208007.67,0,0,3208007.67,0,0,9624023,0,0,3208007.67,0,0,3208007.67,0,0,3208007.67,0,0,3208007.67,0,0,3849609.2,0,0,3849609.2,0,0,3208007.67
1,1,Moderna,2021-06-14,COVDIAB,0,0,0,0,0,0,0,0,0,0,0,0,0,0,0,0,0,0,0,0,0,0,0,0,0,0,0,0,0,0,0,0,0,0,0,0,0,0,0,0,0,0,0,0,0,0,0,0,0,0,3849609.2,0,0,3208007.67,0,0,3208007.67,0,0,6416015.34,0,0,3208007.67,0,0,3208007.67,0,0,3208007.67,0,0,3208007.67,0,0,3208007.67,0,0,3208007.67,0,0,3208007.67,0,0,3208007.67,0,0,3208007.67,0,0,3208007.67,0,0,3208007.67,0,0,3208007.67,0,0,3208007.67,0,0,3849609.2,0,0,3208007.67,0,0,3208007.67,0,0,3849609.2,0,0,3208007.67,0,0,3208007.67,0,0,3208007.67,0,0,3208007.67,0,0,3208007.67,0,0,3208007.67,0,0,3208007.67,0,0,3208007.67,0,0,3208007.67,0,0,3208007.67,0,0,3208007.67,0,0,3208007.67,0,0,3849609.2,0,0,3849609.2,0,0,3208007.67,0,0,3208007.67,0,0,3208007.67,0,0,3208007.67,0,0,3208007.67,0,0,9624023,0,0,3208007.67,0,0,3208007.67,0,0,3208007.67,0,0,3208007.67,0,0,3849609.2,0,0,3849609.2,0,0,3208007.67
1,1,Moderna,2021-06-21,COVDIAB,0,0,0,0,0,0,0,0,0,0,0,0,0,0,0,0,0,0,0,0,0,0,0,0,0,0,0,0,0,0,0,0,0,0,0,0,0,0,0,0,0,0,0,0,0,0,0,0,0,0,3849609.2,0,0,3208007.67,0,0,3208007.67,0,0,6416015.34,0,0,3208007.67,0,0,3208007.67,0,0,3208007.67,0,0,3208007.67,0,0,3208007.67,0,0,3208007.67,0,0,3208007.67,0,0,3208007.67,0,0,3208007.67,0,0,3208007.67,0,0,3208007.67,0,0,3208007.67,0,0,3208007.67,0,0,3849609.2,0,0,3208007.67,0,0,3208007.67,0,0,3849609.2,0,0,3208007.67,0,0,3208007.67,0,0,3208007.67,0,0,3208007.67,0,0,3208007.67,0,0,3208007.67,0,0,3208007.67,0,0,3208007.67,0,0,3208007.67,0,0,3208007.67,0,0,3208007.67,0,0,3208007.67,0,0,3849609.2,0,0,3849609.2,0,0,3208007.67,0,0,3208007.67,0,0,3208007.67,0,0,3208007.67,0,0,3208007.67,0,0,9624023,0,0,3208007.67,0,0,3208007.67,0,0,3208007.67,0,0,3208007.67,0,0,3849609.2,0,0,3849609.2,0,0,3208007.67
1,1,Moderna,2021-06-28,COVDIAB,0,0,0,0,0,0,0,0,0,0,0,0,0,0,0,0,0,0,0,0,0,0,0,0,0,0,0,0,0,0,0,0,0,0,0,0,0,0,0,0,0,0,0,0,0,0,0,0,0,0,10364332.47,0,0,8421020.13,0,0,8421020.13,0,0,19248046.01,0,0,8421020.13,0,0,8421020.13,0,0,8421020.13,0,0,8421020.13,0,0,8421020.13,0,0,8421020.13,0,0,8421020.13,0,0,8421020.13,0,0,8421020.13,0,0,8421020.13,0,0,8421020.13,0,0,8421020.13,0,0,8421020.13,0,0,10364332.47,0,0,8421020.13,0,0,8421020.13,0,0,10364332.47,0,0,8421020.13,0,0,8421020.13,0,0,8421020.13,0,0,8421020.13,0,0,8421020.13,0,0,8421020.13,0,0,8421020.13,0,0,8421020.13,0,0,8421020.13,0,0,8421020.13,0,0,8421020.13,0,0,8421020.13,0,0,10364332.47,0,0,10364332.47,0,0,8421020.13,0,0,8421020.13,0,0,8421020.13,0,0,8421020.13,0,0,8421020.13,0,0,33684080.52,0,0,8421020.13,0,0,8421020.13,0,0,8421020.13,0,0,8421020.13,0,0,10364332.47,0,0,10364332.47,0,0,8421020.13
1,1,Moderna,2021-04-26,COVDIAB,0,0,0,0,0,0,0,0,0,0,0,0,0,0,0,0,0,0,0,0,0,0,0,0,0,0,0,0,0,0,0,0,0,0,0,0,0,0,0,0,0,0,0,0,0,0,0,0,0,0,2105255.03,0,0,1897694.68,0,0,1897694.68,0,0,2749720.86,0,0,2138671.78,0,0,2138671.78,0,0,2105255.03,0,0,2105255.03,0,0,1897694.68,0,0,1897694.68,0,0,1897694.68,0,0,1897694.68,0,0,1897694.68,0,0,1897694.68,0,0,1897694.68,0,0,1897694.68,0,0,1897694.68,0,0,2105255.03,0,0,1897694.68,0,0,1897694.68,0,0,2105255.03,0,0,1897694.68,0,0,1897694.68,0,0,1897694.68,0,0,1897694.68,0,0,1897694.68,0,0,1897694.68,0,0,1897694.68,0,0,1897694.68,0,0,1897694.68,0,0,2105255.03,0,0,1897694.68,0,0,1897694.68,0,0,2105255.03,0,0,2105255.03,0,0,1897694.68,0,0,1897694.68,0,0,1897694.68,0,0,1897694.68,0,0,1897694.68,0,0,6416015.34,0,0,1897694.68,0,0,1897694.68,0,0,1897694.68,0,0,2105255.03,0,0,2105255.03,0,0,2363795.12,0,0,1897694.68
1,1,Moderna,2021-05-03,COVDIAB,0,0,0,0,0,0,0,0,0,0,0,0,0,0,0,0,0,0,0,0,0,0,0,0,0,0,0,0,0,0,0,0,0,0,0,0,0,0,0,0,0,0,0,0,0,0,0,0,0,0,2208792.16,0,0,1981416.5,0,0,1981416.5,0,0,2866730.26,0,0,2208792.16,0,0,2208792.16,0,0,2208792.16,0,0,2208792.16,0,0,1981416.5,0,0,1981416.5,0,0,1981416.5,0,0,1981416.5,0,0,1981416.5,0,0,1981416.5,0,0,1981416.5,0,0,1981416.5,0,0,1981416.5,0,0,2208792.16,0,0,1981416.5,0,0,1981416.5,0,0,2208792.16,0,0,1981416.5,0,0,1981416.5,0,0,1981416.5,0,0,1981416.5,0,0,1981416.5,0,0,1981416.5,0,0,1981416.5,0,0,1981416.5,0,0,1981416.5,0,0,2208792.16,0,0,1981416.5,0,0,1981416.5,0,0,2208792.16,0,0,2208792.16,0,0,1981416.5,0,0,1981416.5,0,0,1981416.5,0,0,1981416.5,0,0,1981416.5,0,0,6416015.34,0,0,1981416.5,0,0,1981416.5,0,0,1981416.5,0,0,2208792.16,0,0,2208792.16,0,0,2495117.08,0,0,1981416.5
1,1,Moderna,2021-05-10,COVDIAB,0,0,0,0,0,0,0,0,0,0,0,0,0,0,0,0,0,0,0,0,0,0,0,0,0,0,0,0,0,0,0,0,0,0,0,0,0,0,0,0,0,0,0,0,0,0,0,0,0,0,3849609.2,0,0,3208007.67,0,0,3208007.67,0,0,4812011.5,0,0,3208007.67,0,0,3208007.67,0,0,3849609.2,0,0,3849609.2,0,0,3208007.67,0,0,3208007.67,0,0,3208007.67,0,0,3208007.67,0,0,3208007.67,0,0,3208007.67,0,0,3208007.67,0,0,3208007.67,0,0,3208007.67,0,0,3849609.2,0,0,3208007.67,0,0,3208007.67,0,0,3849609.2,0,0,3208007.67,0,0,3208007.67,0,0,3208007.67,0,0,3208007.67,0,0,3208007.67,0,0,3208007.67,0,0,3208007.67,0,0,3208007.67,0,0,3208007.67,0,0,3849609.2,0,0,3208007.67,0,0,3208007.67,0,0,3849609.2,0,0,3849609.2,0,0,3208007.67,0,0,3208007.67,0,0,3208007.67,0,0,3208007.67,0,0,3208007.67,0,0,11228026.84,0,0,3208007.67,0,0,3208007.67,0,0,3208007.67,0,0,3849609.2,0,0,3849609.2,0,0,4812011.5,0,0,3208007.67
1,1,Pfizer,2021-02-15,COVDIAB,0,0,0,0,0,0,0,0,0,0,0,0,0,0,0,0,0,0,0,0,0,0,0,0,0,0,0,0,0,0,0,0,0,0,0,0,0,0,0,0,0,0,0,0,0,0,0,0,0,0,12248756.55,0,0,12248756.55,0,0,12248756.55,0,0,19248046.01,0,0,12248756.55,0,0,12248756.55,0,0,12248756.55,0,0,12248756.55,0,0,33684080.52,0,0,33684080.52,0,0,12248756.55,0,0,12248756.55,0,0,12248756.55,0,0,12248756.55,0,0,12248756.55,0,0,12248756.55,0,0,12248756.55,0,0,12248756.55,0,0,12248756.55,0,0,12248756.55,0,0,12248756.55,0,0,12248756.55,0,0,12248756.55,0,0,12248756.55,0,0,12248756.55,0,0,12248756.55,0,0,12248756.55,0,0,12248756.55,0,0,12248756.55,0,0,12248756.55,0,0,12248756.55,0,0,12248756.55,0,0,12248756.55,0,0,12248756.55,0,0,12248756.55,0,0,12248756.55,0,0,12248756.55,0,0,12248756.55,0,0,12248756.55,0,0,12248756.55,0,0,33684080.52,0,0,12248756.55,0,0,12248756.55,0,0,12248756.55,0,0,12248756.55,0,0,12248756.55,0,0,12248756.55,0,0,12248756.55
1,1,Pfizer,2021-02-22,COVDIAB,0,0,0,0,0,0,0,0,0,0,0,0,0,0,0,0,0,0,0,0,0,0,0,0,0,0,0,0,0,0,0,0,0,0,0,0,0,0,0,0,0,0,0,0,0,0,0,0,0,0,7925666,0,0,7925666,0,0,7925666,0,0,14970702.45,0,0,7925666,0,0,7925666,0,0,7925666,0,0,8421020.13,0,0,14970702.45,0,0,14970702.45,0,0,7925666,0,0,7925666,0,0,7925666,0,0,7925666,0,0,7925666,0,0,7925666,0,0,7925666,0,0,7925666,0,0,7925666,0,0,7925666,0,0,7925666,0,0,7925666,0,0,7925666,0,0,7925666,0,0,7925666,0,0,7925666,0,0,7925666,0,0,7925666,0,0,7925666,0,0,7925666,0,0,7925666,0,0,7925666,0,0,7925666,0,0,7925666,0,0,7925666,0,0,7925666,0,0,7925666,0,0,7925666,0,0,7925666,0,0,7925666,0,0,19248046.01,0,0,7925666,0,0,7925666,0,0,7925666,0,0,7925666,0,0,7925666,0,0,7925666,0,0,7925666
1,1,Pfizer,2021-03-01,COVDIAB,0,0,0,0,0,0,0,0,0,0,0,0,0,0,0,0,0,0,0,0,0,0,0,0,0,0,0,0,0,0,0,0,0,0,0,0,0,0,0,0,0,0,0,0,0,0,0,0,0,0,4346332.97,0,0,4346332.97,0,0,4346332.97,0,0,9624023,0,0,4346332.97,0,0,4346332.97,0,0,4346332.97,0,0,5614013.42,0,0,7925666,0,0,7925666,0,0,4346332.97,0,0,4346332.97,0,0,4346332.97,0,0,4346332.97,0,0,4346332.97,0,0,4346332.97,0,0,4346332.97,0,0,4346332.97,0,0,4346332.97,0,0,4346332.97,0,0,4346332.97,0,0,4346332.97,0,0,4346332.97,0,0,4346332.97,0,0,4346332.97,0,0,4346332.97,0,0,4346332.97,0,0,4346332.97,0,0,4346332.97,0,0,4346332.97,0,0,4346332.97,0,0,4346332.97,0,0,4346332.97,0,0,4346332.97,0,0,4346332.97,0,0,4346332.97,0,0,4346332.97,0,0,4346332.97,0,0,4346332.97,0,0,4346332.97,0,0,19248046.01,0,0,4346332.97,0,0,4346332.97,0,0,4346332.97,0,0,4346332.97,0,0,4346332.97,0,0,4346332.97,0,0,4346332.97
1,1,Pfizer,2021-03-08,COVDIAB,0,0,0,0,0,0,0,0,0,0,0,0,0,0,0,0,0,0,0,0,0,0,0,0,0,0,0,0,0,0,0,0,0,0,0,0,0,0,0,0,0,0,0,0,0,0,0,0,0,0,3849609.2,0,0,3849609.2,0,0,3849609.2,0,0,8421020.13,0,0,3849609.2,0,0,3849609.2,0,0,3849609.2,0,0,4990234.15,0,0,6416015.34,0,0,6416015.34,0,0,3849609.2,0,0,3849609.2,0,0,3849609.2,0,0,3849609.2,0,0,3849609.2,0,0,3849609.2,0,0,3849609.2,0,0,3849609.2,0,0,3849609.2,0,0,3849609.2,0,0,3849609.2,0,0,3849609.2,0,0,3849609.2,0,0,3849609.2,0,0,3849609.2,0,0,3849609.2,0,0,3849609.2,0,0,3849609.2,0,0,3849609.2,0,0,3849609.2,0,0,3849609.2,0,0,3849609.2,0,0,3849609.2,0,0,3849609.2,0,0,3849609.2,0,0,3849609.2,0,0,3849609.2,0,0,3849609.2,0,0,3849609.2,0,0,3849609.2,0,0,33684080.52,0,0,3849609.2,0,0,3849609.2,0,0,3849609.2,0,0,3849609.2,0,0,3849609.2,0,0,3849609.2,0,0,3849609.2
1,1,Pfizer,2021-03-15,COVDIAB,0,0,0,0,0,0,0,0,0,0,0,0,0,0,0,0,0,0,0,0,0,0,0,0,0,0,0,0,0,0,0,0,0,0,0,0,0,0,0,0,0,0,0,0,0,0,0,0,0,0,2173166.48,0,0,2173166.48,0,0,2173166.48,0,0,4646080.07,0,0,2173166.48,0,0,2173166.48,0,0,2173166.48,0,0,3208007.67,0,0,3208007.67,0,0,3208007.67,0,0,2173166.48,0,0,2173166.48,0,0,2173166.48,0,0,2173166.48,0,0,2173166.48,0,0,2173166.48,0,0,2173166.48,0,0,2173166.48,0,0,2173166.48,0,0,2173166.48,0,0,2173166.48,0,0,2173166.48,0,0,2173166.48,0,0,2173166.48,0,0,2173166.48,0,0,2173166.48,0,0,2173166.48,0,0,2173166.48,0,0,2173166.48,0,0,2173166.48,0,0,2173166.48,0,0,2173166.48,0,0,2173166.48,0,0,2173166.48,0,0,2173166.48,0,0,2173166.48,0,0,2173166.48,0,0,2173166.48,0,0,2173166.48,0,0,2173166.48,0,0,11228026.84,0,0,2173166.48,0,0,2173166.48,0,0,2173166.48,0,0,2173166.48,0,0,2173166.48,0,0,2173166.48,0,0,2173166.48
1,1,Pfizer,2021-03-22,COVDIAB,0,0,0,0,0,0,0,0,0,0,0,0,0,0,0,0,0,0,0,0,0,0,0,0,0,0,0,0,0,0,0,0,0,0,0,0,0,0,0,0,0,0,0,0,0,0,0,0,0,0,2010989.88,0,0,2010989.88,0,0,2010989.88,0,0,3368408.05,0,0,2010989.88,0,0,2010989.88,0,0,2010989.88,0,0,2591083.12,0,0,2591083.12,0,0,2591083.12,0,0,2010989.88,0,0,2010989.88,0,0,2010989.88,0,0,2010989.88,0,0,2010989.88,0,0,2010989.88,0,0,2010989.88,0,0,2010989.88,0,0,2010989.88,0,0,2010989.88,0,0,2010989.88,0,0,2010989.88,0,0,2010989.88,0,0,2010989.88,0,0,2010989.88,0,0,2010989.88,0,0,2010989.88,0,0,2010989.88,0,0,2010989.88,0,0,2010989.88,0,0,2010989.88,0,0,2010989.88,0,0,2010989.88,0,0,2010989.88,0,0,2010989.88,0,0,2010989.88,0,0,2010989.88,0,0,2010989.88,0,0,2010989.88,0,0,2010989.88,0,0,9624023,0,0,2010989.88,0,0,2010989.88,0,0,2010989.88,0,0,2010989.88,0,0,2010989.88,0,0,2010989.88,0,0,2010989.88
1,1,Pfizer,2021-03-29,COVDIAB,0,0,0,0,0,0,0,0,0,0,0,0,0,0,0,0,0,0,0,0,0,0,0,0,0,0,0,0,0,0,0,0,0,0,0,0,0,0,0,0,0,0,0,0,0,0,0,0,0,0,1566701.42,0,0,1566701.42,0,0,1566701.42,0,0,1981416.5,0,0,1566701.42,0,0,1663411.38,0,0,1566701.42,0,0,1796484.29,0,0,2173166.48,0,0,2173166.48,0,0,1566701.42,0,0,1566701.42,0,0,1566701.42,0,0,1566701.42,0,0,1566701.42,0,0,1566701.42,0,0,1566701.42,0,0,1566701.42,0,0,1566701.42,0,0,1566701.42,0,0,1566701.42,0,0,1566701.42,0,0,1566701.42,0,0,1566701.42,0,0,1566701.42,0,0,1566701.42,0,0,1566701.42,0,0,1566701.42,0,0,1566701.42,0,0,1566701.42,0,0,1566701.42,0,0,1566701.42,0,0,1566701.42,0,0,1566701.42,0,0,1566701.42,0,0,1566701.42,0,0,1566701.42,0,0,1566701.42,0,0,1566701.42,0,0,1566701.42,0,0,10364332.47,0,0,1566701.42,0,0,1566701.42,0,0,1566701.42,0,0,1566701.42,0,0,1566701.42,0,0,1566701.42,0,0,1566701.42
1,1,Pfizer,2021-04-05,COVDIAB,0,0,0,0,0,0,0,0,0,0,0,0,0,0,0,0,0,0,0,0,0,0,0,0,0,0,0,0,0,0,0,0,0,0,0,0,0,0,0,0,0,0,0,0,0,0,0,0,0,0,976350.16,0,0,976350.16,0,0,990708.25,0,0,1060915.92,0,0,990708.25,0,0,1044467.61,0,0,990708.25,0,0,990708.25,0,0,1259217.96,0,0,1259217.96,0,0,976350.16,0,0,976350.16,0,0,976350.16,0,0,976350.16,0,0,976350.16,0,0,976350.16,0,0,1013055.05,0,0,1013055.05,0,0,976350.16,0,0,976350.16,0,0,976350.16,0,0,976350.16,0,0,976350.16,0,0,976350.16,0,0,976350.16,0,0,976350.16,0,0,976350.16,0,0,976350.16,0,0,976350.16,0,0,976350.16,0,0,976350.16,0,0,976350.16,0,0,976350.16,0,0,976350.16,0,0,976350.16,0,0,976350.16,0,0,976350.16,0,0,976350.16,0,0,976350.16,0,0,976350.16,0,0,5614013.42,0,0,976350.16,0,0,976350.16,0,0,976350.16,0,0,990708.25,0,0,976350.16,0,0,990708.25,0,0,976350.16
1,1,Pfizer,2021-04-12,COVDIAB,0,0,0,0,0,0,0,0,0,0,0,0,0,0,0,0,0,0,0,0,0,0,0,0,0,0,0,0,0,0,0,0,0,0,0,0,0,0,0,0,0,0,0,0,0,0,0,0,0,0,701751.68,0,0,701751.68,0,0,728304.44,0,0,821562.94,0,0,756945.63,0,0,787931.71,0,0,728304.44,0,0,728304.44,0,0,898242.15,0,0,898242.15,0,0,701751.68,0,0,701751.68,0,0,701751.68,0,0,701751.68,0,0,701751.68,0,0,701751.68,0,0,728304.44,0,0,728304.44,0,0,701751.68,0,0,701751.68,0,0,701751.68,0,0,701751.68,0,0,701751.68,0,0,701751.68,0,0,701751.68,0,0,701751.68,0,0,701751.68,0,0,701751.68,0,0,701751.68,0,0,701751.68,0,0,701751.68,0,0,701751.68,0,0,701751.68,0,0,701751.68,0,0,701751.68,0,0,701751.68,0,0,701751.68,0,0,701751.68,0,0,701751.68,0,0,701751.68,0,0,2807006.71,0,0,701751.68,0,0,701751.68,0,0,701751.68,0,0,728304.44,0,0,701751.68,0,0,728304.44,0,0,701751.68
1,2,Pfizer,2021-03-08,COVDIAB,0,0,0,0,0,0,0,0,0,0,0,0,0,0,0,0,0,0,0,0,0,0,0,0,0,0,0,0,0,0,0,0,0,0,0,0,0,0,0,0,0,0,0,0,0,0,0,0,0,0,3545692.69,0,0,3545692.69,0,0,3545692.69,0,0,6416015.34,0,0,3545692.69,0,0,3545692.69,0,0,4346332.97,0,0,4346332.97,0,0,3545692.69,0,0,3545692.69,0,0,3545692.69,0,0,3545692.69,0,0,3545692.69,0,0,3545692.69,0,0,3545692.69,0,0,3545692.69,0,0,4346332.97,0,0,4346332.97,0,0,3545692.69,0,0,3545692.69,0,0,3545692.69,0,0,3545692.69,0,0,3545692.69,0,0,3545692.69,0,0,3545692.69,0,0,3545692.69,0,0,3545692.69,0,0,3545692.69,0,0,3545692.69,0,0,3545692.69,0,0,3545692.69,0,0,3545692.69,0,0,3545692.69,0,0,3545692.69,0,0,3545692.69,0,0,3545692.69,0,0,3545692.69,0,0,3545692.69,0,0,3545692.69,0,0,3545692.69,0,0,7925666,0,0,3545692.69,0,0,3545692.69,0,0,3545692.69,0,0,4346332.97,0,0,3545692.69,0,0,4346332.97,0,0,3545692.69
1,2,Pfizer,2021-03-15,COVDIAB,0,0,0,0,0,0,0,0,0,0,0,0,0,0,0,0,0,0,0,0,0,0,0,0,0,0,0,0,0,0,0,0,0,0,0,0,0,0,0,0,0,0,0,0,0,0,0,0,0,0,2994140.49,0,0,2994140.49,0,0,2994140.49,0,0,5614013.42,0,0,2994140.49,0,0,2994140.49,0,0,3545692.69,0,0,3545692.69,0,0,2994140.49,0,0,2994140.49,0,0,2994140.49,0,0,2994140.49,0,0,2994140.49,0,0,2994140.49,0,0,2994140.49,0,0,2994140.49,0,0,3545692.69,0,0,3545692.69,0,0,2994140.49,0,0,2994140.49,0,0,2994140.49,0,0,2994140.49,0,0,2994140.49,0,0,2994140.49,0,0,2994140.49,0,0,2994140.49,0,0,2994140.49,0,0,2994140.49,0,0,2994140.49,0,0,2994140.49,0,0,2994140.49,0,0,2994140.49,0,0,2994140.49,0,0,2994140.49,0,0,2994140.49,0,0,2994140.49,0,0,2994140.49,0,0,2994140.49,0,0,2994140.49,0,0,2994140.49,0,0,6416015.34,0,0,2994140.49,0,0,2994140.49,0,0,2994140.49,0,0,3545692.69,0,0,2994140.49,0,0,3545692.69,0,0,2994140.49
1,2,Pfizer,2021-03-22,COVDIAB,0,0,0,0,0,0,0,0,0,0,0,0,0,0,0,0,0,0,0,0,0,0,0,1,0,0,0,0,0,0,0,0,0,0,0,0,0,0,0,1,0,0,0,0,0,0,0,0,0,0,2363795.12,0,0,2363795.12,0,0,2363795.12,0,0,4812011.5,0,0,2363795.12,0,0,2363795.12,0,0,2694726.44,0,0,3062189.14,0,0,2641888.67,0,0,2641888.67,0,0,2363795.12,0,0,2363795.12,0,0,2363795.12,0,0,2363795.12,0,0,2363795.12,0,0,2363795.12,0,0,2694726.44,0,0,2694726.44,0,0,2363795.12,0,0,2363795.12,0,0,2363795.12,0,0,2363795.12,0,0,2363795.12,0,0,2363795.12,0,0,2363795.12,0,0,2363795.12,716176.47,18132.02,3990279.9,0,0,2363795.12,0,0,2363795.12,0,0,2363795.12,0,0,2363795.12,0,0,2363795.12,0,0,2363795.12,0,0,2363795.12,0,0,2363795.12,0,0,2363795.12,0,0,2363795.12,0,0,2363795.12,0,0,2363795.12,0,0,2363795.12,0,0,6416015.34,0,0,2363795.12,716176.47,18132.02,3990279.9,0,0,2363795.12,0,0,2694726.44,0,0,2363795.12,0,0,2694726.44,0,0,2363795.12
1,2,Pfizer,2021-03-29,COVDIAB,0,0,0,0,0,0,0,0,0,0,0,0,0,0,0,0,0,0,0,0,0,0,0,0,0,0,0,0,0,0,0,0,0,0,0,0,0,0,0,0,0,0,0,0,0,0,0,0,0,0,1981416.5,0,0,1981416.5,0,0,1981416.5,0,0,4491210.74,0,0,1981416.5,0,0,1981416.5,0,0,2208792.16,0,0,2641888.67,0,0,2208792.16,0,0,2208792.16,0,0,1981416.5,0,0,1981416.5,0,0,1981416.5,0,0,1981416.5,0,0,1981416.5,0,0,1981416.5,0,0,2208792.16,0,0,2208792.16,0,0,1981416.5,0,0,1981416.5,0,0,1981416.5,0,0,1981416.5,0,0,1981416.5,0,0,1981416.5,0,0,1981416.5,0,0,1981416.5,0,0,2208792.16,0,0,1981416.5,0,0,1981416.5,0,0,1981416.5,0,0,1981416.5,0,0,1981416.5,0,0,1981416.5,0,0,1981416.5,0,0,1981416.5,0,0,1981416.5,0,0,1981416.5,0,0,1981416.5,0,0,1981416.5,0,0,1981416.5,0,0,5858100.96,0,0,1981416.5,0,0,2208792.16,0,0,1981416.5,0,0,2208792.16,0,0,1981416.5,0,0,2208792.16,0,0,1981416.5
1,2,Pfizer,2021-04-05,COVDIAB,0,0,0,0,0,0,0,0,0,0,0,0,0,0,0,0,0,0,0,0,0,0,0,0,0,0,0,0,0,0,0,0,0,0,0,0,0,0,0,0,0,0,0,0,0,0,0,0,0,0,1796484.29,0,0,1796484.29,0,0,1796484.29,0,0,4210510.06,0,0,1796484.29,0,0,1796484.29,0,0,1820761.11,0,0,2542194.76,0,0,1981416.5,0,0,1981416.5,0,0,1796484.29,0,0,1796484.29,0,0,1796484.29,0,0,1796484.29,0,0,1796484.29,0,0,1796484.29,0,0,1820761.11,0,0,1820761.11,0,0,1796484.29,0,0,1796484.29,0,0,1796484.29,0,0,1796484.29,0,0,1796484.29,0,0,1796484.29,0,0,1796484.29,0,0,1796484.29,0,0,1820761.11,0,0,1796484.29,0,0,1796484.29,0,0,1796484.29,0,0,1796484.29,0,0,1796484.29,0,0,1796484.29,0,0,1796484.29,0,0,1796484.29,0,0,1796484.29,0,0,1796484.29,0,0,1796484.29,0,0,1796484.29,0,0,1796484.29,0,0,6124378.28,0,0,1796484.29,0,0,1820761.11,0,0,1796484.29,0,0,1820761.11,0,0,1796484.29,0,0,1820761.11,0,0,1796484.29
1,2,Pfizer,2021-04-12,COVDIAB,0,0,0,0,0,0,0,0,0,0,0,0,0,0,0,0,0,0,0,0,0,0,0,0,0,0,0,0,0,0,0,0,0,0,0,0,0,0,0,0,0,0,0,0,0,0,0,0,0,0,1433365.13,0,0,1433365.13,0,0,1433365.13,0,0,2591083.12,0,0,1433365.13,0,0,1433365.13,0,0,1433365.13,0,0,1845703.04,0,0,1548693.36,0,0,1548693.36,0,0,1433365.13,0,0,1433365.13,0,0,1433365.13,0,0,1433365.13,0,0,1433365.13,0,0,1433365.13,0,0,1433365.13,0,0,1433365.13,0,0,1433365.13,0,0,1433365.13,0,0,1433365.13,0,0,1433365.13,0,0,1433365.13,0,0,1433365.13,0,0,1433365.13,0,0,1433365.13,0,0,1433365.13,0,0,1433365.13,0,0,1433365.13,0,0,1433365.13,0,0,1433365.13,0,0,1433365.13,0,0,1433365.13,0,0,1433365.13,0,0,1433365.13,0,0,1433365.13,0,0,1433365.13,0,0,1433365.13,0,0,1433365.13,0,0,1433365.13,0,0,6416015.34,0,0,1433365.13,0,0,1433365.13,0,0,1433365.13,0,0,1433365.13,0,0,1433365.13,0,0,1433365.13,0,0,1433365.13
1,2,Pfizer,2021-04-19,COVDIAB,0,0,0,0,0,0,0,0,0,0,0,0,0,0,0,0,0,0,0,0,0,0,0,0,0,0,0,0,0,0,0,0,0,0,0,0,0,0,0,0,0,0,0,0,0,0,0,0,0,0,1077890.58,0,0,1077890.58,0,0,1077890.58,0,0,1623329.18,0,0,1077890.58,0,0,1132238,0,0,1077890.58,0,0,1295541.56,0,0,1271097.38,0,0,1271097.38,0,0,1077890.58,0,0,1077890.58,0,0,1077890.58,0,0,1077890.58,0,0,1077890.58,0,0,1077890.58,0,0,1086583.24,0,0,1086583.24,0,0,1077890.58,0,0,1077890.58,0,0,1077890.58,0,0,1077890.58,0,0,1077890.58,0,0,1077890.58,0,0,1077890.58,0,0,1077890.58,0,0,1077890.58,0,0,1077890.58,0,0,1077890.58,0,0,1077890.58,0,0,1077890.58,0,0,1077890.58,0,0,1077890.58,0,0,1077890.58,0,0,1077890.58,0,0,1077890.58,0,0,1077890.58,0,0,1077890.58,0,0,1077890.58,0,0,1077890.58,0,0,6124378.28,0,0,1077890.58,0,0,1077890.58,0,0,1077890.58,0,0,1077890.58,0,0,1077890.58,0,0,1077890.58,0,0,1077890.58
1,2,Pfizer,2021-04-26,COVDIAB,0,0,0,0,0,0,0,0,0,0,0,0,0,0,0,0,0,0,0,0,0,0,0,0,0,0,0,0,0,0,0,0,0,0,0,0,0,0,0,0,0,0,0,0,0,0,0,0,0,0,712890.59,0,0,712890.59,0,0,716682.56,0,0,962402.3,0,0,720515.09,0,0,748535.12,0,0,716682.56,0,0,806804.32,0,0,836871.57,0,0,836871.57,0,0,712890.59,0,0,712890.59,0,0,712890.59,0,0,712890.59,0,0,712890.59,0,0,712890.59,0,0,740309.46,0,0,740309.46,0,0,712890.59,0,0,712890.59,0,0,712890.59,0,0,712890.59,0,0,712890.59,0,0,712890.59,0,0,712890.59,0,0,712890.59,0,0,712890.59,0,0,712890.59,0,0,712890.59,0,0,712890.59,0,0,712890.59,0,0,712890.59,0,0,712890.59,0,0,712890.59,0,0,712890.59,0,0,712890.59,0,0,712890.59,0,0,712890.59,0,0,712890.59,0,0,712890.59,0,0,3454777.49,0,0,712890.59,0,0,712890.59,0,0,712890.59,0,0,716682.56,0,0,712890.59,0,0,716682.56,0,0,712890.59
1,2,Pfizer,2021-05-03,COVDIAB,0,0,0,0,0,0,0,0,0,0,0,0,0,0,0,0,0,0,0,0,0,0,0,0,0,0,0,0,0,0,0,0,0,0,0,0,0,0,0,0,0,0,0,0,0,0,0,0,0,0,526313.76,0,0,526313.76,0,0,541109.73,0,0,701751.68,0,0,556761.66,0,0,573346.05,0,0,541109.73,0,0,593552.08,0,0,612437.83,0,0,612437.83,0,0,526313.76,0,0,526313.76,0,0,526313.76,0,0,526313.76,0,0,526313.76,0,0,526313.76,0,0,541109.73,0,0,541109.73,0,0,526313.76,0,0,526313.76,0,0,526313.76,0,0,526313.76,0,0,526313.76,0,0,526313.76,0,0,526313.76,0,0,526313.76,0,0,526313.76,0,0,526313.76,0,0,526313.76,0,0,526313.76,0,0,526313.76,0,0,526313.76,0,0,526313.76,0,0,526313.76,0,0,526313.76,0,0,526313.76,0,0,526313.76,0,0,526313.76,0,0,526313.76,0,0,526313.76,0,0,2208792.16,0,0,526313.76,0,0,526313.76,0,0,526313.76,0,0,541109.73,0,0,526313.76,0,0,541109.73,0,0,526313.76
1,2,Pfizer,2021-05-10,COVDIAB,0,0,0,0,0,0,0,0,0,0,0,0,0,0,0,0,0,0,0,0,0,0,0,0,0,0,0,0,0,0,0,0,0,0,0,0,0,0,0,0,0,0,0,0,0,0,0,0,0,0,390540.06,0,0,390540.06,0,0,398628.17,0,0,512305.41,0,0,415852.85,0,0,425035.72,0,0,398628.17,0,0,453657.65,0,0,461425.76,0,0,461425.76,0,0,390540.06,0,0,390540.06,0,0,390540.06,0,0,390540.06,0,0,390540.06,0,0,390540.06,0,0,407058.37,0,0,407058.37,0,0,390540.06,0,0,390540.06,0,0,390540.06,0,0,390540.06,0,0,390540.06,0,0,390540.06,0,0,390540.06,0,0,390540.06,0,0,390540.06,0,0,390540.06,0,0,390540.06,0,0,390540.06,0,0,390540.06,0,0,390540.06,0,0,390540.06,0,0,390540.06,0,0,390540.06,0,0,390540.06,0,0,390540.06,0,0,390540.06,0,0,390540.06,0,0,390540.06,0,0,1924804.6,0,0,390540.06,0,0,390540.06,0,0,390540.06,0,0,398628.17,0,0,390540.06,0,0,398628.17,0,0,390540.06
1,1,AstraZeneca,2021-05-24,COVDIAB,0,0,0,0,0,0,0,0,0,0,0,0,0,0,0,0,0,0,0,0,0,0,0,0,0,0,0,0,0,0,0,0,0,0,0,0,0,0,0,0,0,0,0,0,0,0,0,0,0,0,1069335.89,0,0,1069335.89,0,0,1069335.89,0,0,1203002.88,0,0,1069335.89,0,0,1069335.89,0,0,1069335.89,0,0,1132238,0,0,1132238,0,0,1132238,0,0,1069335.89,0,0,1069335.89,0,0,1069335.89,0,0,1069335.89,0,0,1069335.89,0,0,1069335.89,0,0,1069335.89,0,0,1069335.89,0,0,1069335.89,0,0,1069335.89,0,0,1069335.89,0,0,1069335.89,0,0,1069335.89,0,0,1069335.89,0,0,1069335.89,0,0,1069335.89,0,0,1069335.89,0,0,1069335.89,0,0,1069335.89,0,0,1069335.89,0,0,1069335.89,0,0,1069335.89,0,0,1069335.89,0,0,1069335.89,0,0,1069335.89,0,0,1069335.89,0,0,1069335.89,0,0,1069335.89,0,0,1069335.89,0,0,1069335.89,0,0,2749720.86,0,0,1069335.89,0,0,1069335.89,0,0,1069335.89,0,0,1069335.89,0,0,1069335.89,0,0,1069335.89,0,0,1069335.89
1,1,AstraZeneca,2021-05-31,COVDIAB,0,0,0,0,0,0,0,0,0,0,0,0,0,0,0,0,0,0,0,0,0,0,0,0,0,0,0,0,0,0,0,0,0,0,0,0,0,1,0,0,0,0,0,0,0,0,0,0,0,0,1122802.68,0,0,1122802.68,0,0,1122802.68,0,0,1271097.38,0,0,1122802.68,0,0,1122802.68,0,0,1122802.68,0,0,1192356.83,0,0,1192356.83,0,0,1192356.83,0,0,1122802.68,0,0,1122802.68,0,0,1122802.68,0,0,1122802.68,0,0,1122802.68,0,0,1122802.68,0,0,1122802.68,0,0,1122802.68,0,0,1122802.68,0,0,1122802.68,0,0,1122802.68,0,0,1122802.68,0,0,1122802.68,0,0,1122802.68,0,0,1122802.68,0,0,1122802.68,0,0,1122802.68,0,0,1122802.68,0,0,1122802.68,0,0,1122802.68,0,0,1122802.68,0,0,1122802.68,0,0,1122802.68,0,0,1122802.68,0,0,1122802.68,0,0,1122802.68,0,0,1122802.68,0,0,1122802.68,0,0,1122802.68,0,0,1122802.68,849418.6,21505.42,4732657.55,0,0,1122802.68,0,0,1122802.68,0,0,1122802.68,0,0,1122802.68,0,0,1122802.68,0,0,1122802.68,0,0,1122802.68
1,1,AstraZeneca,2021-06-07,COVDIAB,0,0,0,0,0,0,0,0,0,0,0,0,0,0,0,0,0,0,0,0,0,0,0,0,0,0,0,0,0,0,0,0,0,0,0,0,0,0,0,0,0,0,0,0,0,0,0,0,0,0,1161520.02,0,0,1161520.02,0,0,1161520.02,0,0,1320944.33,0,0,1161520.02,0,0,1161520.02,0,0,1161520.02,0,0,1236113.05,0,0,1236113.05,0,0,1236113.05,0,0,1161520.02,0,0,1161520.02,0,0,1161520.02,0,0,1161520.02,0,0,1161520.02,0,0,1161520.02,0,0,1161520.02,0,0,1161520.02,0,0,1161520.02,0,0,1161520.02,0,0,1161520.02,0,0,1161520.02,0,0,1161520.02,0,0,1161520.02,0,0,1161520.02,0,0,1161520.02,0,0,1161520.02,0,0,1161520.02,0,0,1161520.02,0,0,1161520.02,0,0,1161520.02,0,0,1161520.02,0,0,1161520.02,0,0,1161520.02,0,0,1161520.02,0,0,1161520.02,0,0,1161520.02,0,0,1161520.02,0,0,1161520.02,0,0,1161520.02,0,0,4210510.06,0,0,1161520.02,0,0,1161520.02,0,0,1161520.02,0,0,1161520.02,0,0,1161520.02,0,0,1161520.02,0,0,1161520.02
1,1,AstraZeneca,2021-06-14,COVDIAB,0,0,0,0,0,0,0,0,0,0,0,0,0,0,0,0,0,0,0,0,0,0,0,0,0,0,0,0,0,0,0,0,0,0,0,0,0,0,0,0,0,0,0,0,0,0,0,0,0,0,1448777.66,0,0,1448777.66,0,0,1448777.66,0,0,1548693.36,0,0,1448777.66,0,0,1448777.66,0,0,1448777.66,0,0,1464525.24,0,0,1566701.42,0,0,1566701.42,0,0,1448777.66,0,0,1448777.66,0,0,1448777.66,0,0,1448777.66,0,0,1448777.66,0,0,1448777.66,0,0,1448777.66,0,0,1448777.66,0,0,1448777.66,0,0,1448777.66,0,0,1448777.66,0,0,1448777.66,0,0,1448777.66,0,0,1448777.66,0,0,1448777.66,0,0,1448777.66,0,0,1448777.66,0,0,1448777.66,0,0,1448777.66,0,0,1448777.66,0,0,1448777.66,0,0,1448777.66,0,0,1448777.66,0,0,1448777.66,0,0,1448777.66,0,0,1448777.66,0,0,1448777.66,0,0,1448777.66,0,0,1448777.66,0,0,1448777.66,0,0,4812011.5,0,0,1448777.66,0,0,1448777.66,0,0,1448777.66,0,0,1448777.66,0,0,1448777.66,0,0,1448777.66,0,0,1448777.66
1,1,AstraZeneca,2021-06-21,COVDIAB,0,0,0,0,0,0,0,0,0,0,0,0,0,0,0,0,0,0,0,0,0,0,0,0,0,0,0,0,0,0,0,0,0,0,0,0,0,0,0,0,0,0,0,0,0,0,0,0,0,0,1871337.81,0,0,1871337.81,0,0,1871337.81,0,0,1871337.81,0,0,1871337.81,0,0,1871337.81,0,0,1871337.81,0,0,1871337.81,0,0,2041459.43,0,0,2041459.43,0,0,1871337.81,0,0,1871337.81,0,0,1871337.81,0,0,1871337.81,0,0,1871337.81,0,0,1871337.81,0,0,1871337.81,0,0,1871337.81,0,0,1871337.81,0,0,1871337.81,0,0,1871337.81,0,0,1871337.81,0,0,1871337.81,0,0,1871337.81,0,0,1871337.81,0,0,1871337.81,0,0,1871337.81,0,0,1871337.81,0,0,1871337.81,0,0,1871337.81,0,0,1871337.81,0,0,1871337.81,0,0,1871337.81,0,0,1871337.81,0,0,1871337.81,0,0,1871337.81,0,0,1871337.81,0,0,1871337.81,0,0,1871337.81,0,0,1871337.81,0,0,4990234.15,0,0,1871337.81,0,0,1871337.81,0,0,1871337.81,0,0,1871337.81,0,0,1871337.81,0,0,1871337.81,0,0,1871337.81
1,1,AstraZeneca,2021-06-28,COVDIAB,0,0,0,0,0,0,0,0,0,0,0,0,0,0,0,0,0,0,0,0,0,0,0,0,0,0,0,0,0,0,0,0,0,0,0,0,0,0,0,0,0,0,0,0,0,0,0,0,0,0,5858100.96,0,0,5858100.96,0,0,5858100.96,0,0,5858100.96,0,0,5858100.96,0,0,5858100.96,0,0,5858100.96,0,0,5858100.96,0,0,5858100.96,0,0,5858100.96,0,0,5858100.96,0,0,5858100.96,0,0,5858100.96,0,0,5858100.96,0,0,5858100.96,0,0,5858100.96,0,0,5858100.96,0,0,5858100.96,0,0,5858100.96,0,0,5858100.96,0,0,5858100.96,0,0,5858100.96,0,0,5858100.96,0,0,5858100.96,0,0,5858100.96,0,0,5858100.96,0,0,5858100.96,0,0,5858100.96,0,0,5858100.96,0,0,5858100.96,0,0,5858100.96,0,0,5858100.96,0,0,5858100.96,0,0,5858100.96,0,0,5858100.96,0,0,5858100.96,0,0,5858100.96,0,0,5858100.96,0,0,5858100.96,0,0,5858100.96,0,0,14970702.45,0,0,5858100.96,0,0,5858100.96,0,0,5858100.96,0,0,5858100.96,0,0,5858100.96,0,0,5858100.96,0,0,5858100.96
1,1,J&J,2021-06-21,COVDIAB,0,0,0,0,0,0,0,0,0,0,0,0,0,0,0,0,0,0,0,0,0,0,0,0,0,0,0,0,0,0,0,0,0,0,0,0,0,0,0,0,0,0,0,0,0,0,0,0,0,0,19248046.01,0,0,19248046.01,0,0,19248046.01,0,0,19248046.01,0,0,19248046.01,0,0,19248046.01,0,0,19248046.01,0,0,19248046.01,0,0,19248046.01,0,0,19248046.01,0,0,19248046.01,0,0,19248046.01,0,0,19248046.01,0,0,19248046.01,0,0,19248046.01,0,0,19248046.01,0,0,19248046.01,0,0,19248046.01,0,0,19248046.01,0,0,19248046.01,0,0,19248046.01,0,0,19248046.01,0,0,19248046.01,0,0,19248046.01,0,0,19248046.01,0,0,19248046.01,0,0,19248046.01,0,0,19248046.01,0,0,19248046.01,0,0,19248046.01,0,0,19248046.01,0,0,19248046.01,0,0,19248046.01,0,0,19248046.01,0,0,19248046.01,0,0,19248046.01,0,0,19248046.01,0,0,19248046.01,0,0,19248046.01,0,0,19248046.01,0,0,19248046.01,0,0,19248046.01,0,0,19248046.01,0,0,19248046.01,0,0,19248046.01,0,0,19248046.01,0,0,19248046.01,0,0,19248046.01
1,1,J&J,2021-06-28,COVDIAB,0,0,0,0,0,0,0,0,0,0,0,0,0,0,0,0,0,0,0,0,0,0,0,0,0,0,0,0,0,0,0,0,0,0,0,0,0,0,0,0,0,0,0,0,0,0,0,0,0,0,44912107.35,0,0,44912107.35,0,0,44912107.35,0,0,44912107.35,0,0,44912107.35,0,0,44912107.35,0,0,44912107.35,0,0,44912107.35,0,0,44912107.35,0,0,44912107.35,0,0,44912107.35,0,0,44912107.35,0,0,44912107.35,0,0,44912107.35,0,0,44912107.35,0,0,44912107.35,0,0,44912107.35,0,0,44912107.35,0,0,44912107.35,0,0,44912107.35,0,0,44912107.35,0,0,44912107.35,0,0,44912107.35,0,0,44912107.35,0,0,44912107.35,0,0,44912107.35,0,0,44912107.35,0,0,44912107.35,0,0,44912107.35,0,0,44912107.35,0,0,44912107.35,0,0,44912107.35,0,0,44912107.35,0,0,44912107.35,0,0,44912107.35,0,0,44912107.35,0,0,44912107.35,0,0,44912107.35,0,0,44912107.35,0,0,44912107.35,0,0,44912107.35,0,0,44912107.35,0,0,44912107.35,0,0,44912107.35,0,0,44912107.35,0,0,44912107.35,0,0,44912107.35,0,0,44912107.35
1,1,Pfizer,2021-01-04,COVDIAB,0,0,0,0,0,0,0,0,0,0,0,0,0,0,0,0,0,0,0,0,0,0,0,0,0,0,0,0,0,0,0,0,0,0,0,0,0,0,0,0,0,0,0,0,0,0,0,0,0,0,8421020.13,0,0,8421020.13,0,0,8421020.13,0,0,13473632.21,0,0,8421020.13,0,0,8421020.13,0,0,8982421.47,0,0,8982421.47,0,0,8421020.13,0,0,8421020.13,0,0,8421020.13,0,0,8421020.13,0,0,8421020.13,0,0,8421020.13,0,0,8421020.13,0,0,8421020.13,0,0,8982421.47,0,0,8982421.47,0,0,8421020.13,0,0,8421020.13,0,0,8421020.13,0,0,8421020.13,0,0,8421020.13,0,0,8421020.13,0,0,8421020.13,0,0,8421020.13,0,0,8421020.13,0,0,8421020.13,0,0,8421020.13,0,0,8421020.13,0,0,8421020.13,0,0,8421020.13,0,0,8421020.13,0,0,8421020.13,0,0,8421020.13,0,0,8421020.13,0,0,8421020.13,0,0,8421020.13,0,0,8421020.13,0,0,8421020.13,0,0,44912107.35,0,0,8421020.13,0,0,8421020.13,0,0,8421020.13,0,0,8982421.47,0,0,8421020.13,0,0,8982421.47,0,0,8421020.13
1,1,Pfizer,2021-01-11,COVDIAB,0,0,0,0,0,0,0,0,0,0,0,0,0,0,0,0,0,0,0,0,0,0,0,0,0,0,0,0,0,0,0,0,0,0,0,0,0,0,0,0,0,0,0,0,0,0,0,0,0,0,3208007.67,0,0,3208007.67,0,0,3208007.67,0,0,4812011.5,0,0,3208007.67,0,0,3208007.67,0,0,3849609.2,0,0,3849609.2,0,0,3849609.2,0,0,3849609.2,0,0,3208007.67,0,0,3208007.67,0,0,3208007.67,0,0,3208007.67,0,0,3208007.67,0,0,3208007.67,0,0,3849609.2,0,0,3849609.2,0,0,3208007.67,0,0,3208007.67,0,0,3208007.67,0,0,3208007.67,0,0,3208007.67,0,0,3208007.67,0,0,3208007.67,0,0,3208007.67,0,0,3208007.67,0,0,3208007.67,0,0,3208007.67,0,0,3208007.67,0,0,3208007.67,0,0,3208007.67,0,0,3208007.67,0,0,3208007.67,0,0,3208007.67,0,0,3208007.67,0,0,3208007.67,0,0,3208007.67,0,0,3208007.67,0,0,3208007.67,0,0,9624023,0,0,3208007.67,0,0,3208007.67,0,0,3208007.67,0,0,3849609.2,0,0,3208007.67,0,0,3849609.2,0,0,3208007.67
1,1,Pfizer,2021-01-18,COVDIAB,0,0,0,0,0,0,0,0,0,0,0,0,0,0,0,0,0,0,0,0,0,0,0,0,0,0,0,0,0,0,0,0,0,0,0,0,0,0,0,0,0,0,0,0,0,0,0,0,0,0,3208007.67,0,0,3208007.67,0,0,3208007.67,0,0,4812011.5,0,0,3208007.67,0,0,3208007.67,0,0,3849609.2,0,0,3849609.2,0,0,3849609.2,0,0,3849609.2,0,0,3208007.67,0,0,3208007.67,0,0,3208007.67,0,0,3208007.67,0,0,3208007.67,0,0,3208007.67,0,0,3849609.2,0,0,3849609.2,0,0,3208007.67,0,0,3208007.67,0,0,3208007.67,0,0,3208007.67,0,0,3208007.67,0,0,3208007.67,0,0,3208007.67,0,0,3208007.67,0,0,3208007.67,0,0,3208007.67,0,0,3208007.67,0,0,3208007.67,0,0,3208007.67,0,0,3208007.67,0,0,3208007.67,0,0,3208007.67,0,0,3208007.67,0,0,3208007.67,0,0,3208007.67,0,0,3208007.67,0,0,3208007.67,0,0,3208007.67,0,0,9624023,0,0,3208007.67,0,0,3208007.67,0,0,3208007.67,0,0,3849609.2,0,0,3208007.67,0,0,3849609.2,0,0,3208007.67
1,1,Pfizer,2021-01-25,COVDIAB,0,0,0,0,0,0,0,0,0,0,0,0,0,0,0,0,0,0,0,0,0,0,0,0,0,0,0,0,0,0,0,0,0,0,0,0,0,0,0,0,0,0,0,0,0,0,0,0,0,0,4646080.07,0,0,4646080.07,0,0,4646080.07,0,0,7091385.37,0,0,4646080.07,0,0,4646080.07,0,0,6124378.28,0,0,6124378.28,0,0,6124378.28,0,0,6124378.28,0,0,4646080.07,0,0,4646080.07,0,0,4646080.07,0,0,4646080.07,0,0,4646080.07,0,0,4646080.07,0,0,6124378.28,0,0,6124378.28,0,0,4646080.07,0,0,4646080.07,0,0,4646080.07,0,0,4646080.07,0,0,4646080.07,0,0,4646080.07,0,0,4646080.07,0,0,4646080.07,0,0,4646080.07,0,0,4646080.07,0,0,4646080.07,0,0,4646080.07,0,0,4646080.07,0,0,4646080.07,0,0,4646080.07,0,0,4646080.07,0,0,4646080.07,0,0,4646080.07,0,0,4646080.07,0,0,4646080.07,0,0,4646080.07,0,0,4646080.07,0,0,9624023,0,0,4646080.07,0,0,4646080.07,0,0,4646080.07,0,0,6124378.28,0,0,4646080.07,0,0,6124378.28,0,0,4646080.07
1,2,Moderna,2021-04-12,COVDIAB,0,0,0,0,0,0,0,0,0,0,0,0,0,0,0,0,0,0,0,0,0,0,0,0,0,0,0,0,0,0,0,0,0,0,0,0,0,0,0,0,0,0,0,0,0,0,0,0,0,0,14970702.45,0,0,14970702.45,0,0,14970702.45,,,0,0,0,14970702.45,0,0,14970702.45,0,0,14970702.45,0,0,14970702.45,0,0,67368161.03,0,0,67368161.03,0,0,14970702.45,0,0,14970702.45,0,0,14970702.45,0,0,14970702.45,0,0,14970702.45,0,0,14970702.45,0,0,14970702.45,0,0,14970702.45,0,0,14970702.45,0,0,14970702.45,0,0,14970702.45,0,0,14970702.45,0,0,14970702.45,0,0,14970702.45,0,0,14970702.45,0,0,14970702.45,0,0,14970702.45,0,0,14970702.45,0,0,14970702.45,0,0,14970702.45,0,0,14970702.45,0,0,14970702.45,0,0,14970702.45,0,0,14970702.45,0,0,14970702.45,0,0,14970702.45,0,0,14970702.45,0,0,14970702.45,0,0,14970702.45,0,0,14970702.45,,,0,0,0,14970702.45,0,0,14970702.45,0,0,14970702.45,0,0,14970702.45,0,0,14970702.45,0,0,14970702.45,0,0,14970702.45
1,2,Pfizer,2021-02-01,COVDIAB,0,0,0,0,0,0,0,0,0,0,0,0,0,0,0,0,0,0,0,0,0,0,0,0,0,0,0,0,0,0,0,0,0,0,0,0,0,0,0,0,0,0,0,0,0,0,0,0,0,0,4346332.97,0,0,4346332.97,0,0,4346332.97,0,0,6416015.34,0,0,4346332.97,0,0,4346332.97,0,0,4812011.5,0,0,4812011.5,0,0,4346332.97,0,0,4346332.97,0,0,4346332.97,0,0,4346332.97,0,0,4346332.97,0,0,4346332.97,0,0,4346332.97,0,0,4346332.97,0,0,4812011.5,0,0,4812011.5,0,0,4346332.97,0,0,4346332.97,0,0,4346332.97,0,0,4346332.97,0,0,4346332.97,0,0,4346332.97,0,0,4346332.97,0,0,4346332.97,0,0,4346332.97,0,0,4346332.97,0,0,4346332.97,0,0,4346332.97,0,0,4346332.97,0,0,4346332.97,0,0,4346332.97,0,0,4346332.97,0,0,4346332.97,0,0,4346332.97,0,0,4346332.97,0,0,4346332.97,0,0,4346332.97,0,0,4346332.97,0,0,13473632.21,0,0,4346332.97,0,0,4346332.97,0,0,4346332.97,0,0,4812011.5,0,0,4346332.97,0,0,4812011.5,0,0,4346332.97
1,2,Pfizer,2021-02-08,COVDIAB,0,0,0,0,0,0,0,0,0,0,0,0,0,0,0,0,0,0,0,0,0,0,0,0,0,0,0,0,0,0,0,0,0,0,0,0,0,0,0,0,0,0,0,0,0,0,0,0,0,0,3849609.2,0,0,3849609.2,0,0,3849609.2,0,0,6416015.34,0,0,3849609.2,0,0,3849609.2,0,0,4812011.5,0,0,4812011.5,0,0,3849609.2,0,0,3849609.2,0,0,3849609.2,0,0,3849609.2,0,0,3849609.2,0,0,3849609.2,0,0,3849609.2,0,0,3849609.2,0,0,4812011.5,0,0,4812011.5,0,0,3849609.2,0,0,3849609.2,0,0,3849609.2,0,0,3849609.2,0,0,3849609.2,0,0,3849609.2,0,0,3849609.2,0,0,3849609.2,0,0,3849609.2,0,0,3849609.2,0,0,3849609.2,0,0,3849609.2,0,0,3849609.2,0,0,3849609.2,0,0,3849609.2,0,0,3849609.2,0,0,3849609.2,0,0,3849609.2,0,0,3849609.2,0,0,3849609.2,0,0,3849609.2,0,0,3849609.2,0,0,9624023,0,0,3849609.2,0,0,3849609.2,0,0,3849609.2,0,0,4812011.5,0,0,3849609.2,0,0,4812011.5,0,0,3849609.2
1,2,Pfizer,2021-02-15,COVDIAB,0,0,0,0,0,0,0,0,0,0,0,0,0,0,0,0,0,0,0,0,0,0,0,0,0,0,0,0,0,0,0,0,0,0,0,0,0,0,0,0,0,0,0,0,0,0,0,0,0,0,3849609.2,0,0,3849609.2,0,0,3849609.2,0,0,6416015.34,0,0,3849609.2,0,0,3849609.2,0,0,4812011.5,0,0,4812011.5,0,0,3849609.2,0,0,3849609.2,0,0,3849609.2,0,0,3849609.2,0,0,3849609.2,0,0,3849609.2,0,0,3849609.2,0,0,3849609.2,0,0,4812011.5,0,0,4812011.5,0,0,3849609.2,0,0,3849609.2,0,0,3849609.2,0,0,3849609.2,0,0,3849609.2,0,0,3849609.2,0,0,3849609.2,0,0,3849609.2,0,0,3849609.2,0,0,3849609.2,0,0,3849609.2,0,0,3849609.2,0,0,3849609.2,0,0,3849609.2,0,0,3849609.2,0,0,3849609.2,0,0,3849609.2,0,0,3849609.2,0,0,3849609.2,0,0,3849609.2,0,0,3849609.2,0,0,3849609.2,0,0,9624023,0,0,3849609.2,0,0,3849609.2,0,0,3849609.2,0,0,4812011.5,0,0,3849609.2,0,0,4812011.5,0,0,3849609.2
1,2,Pfizer,2021-02-22,COVDIAB,0,0,0,0,0,0,0,0,0,0,0,0,0,0,0,0,0,0,0,0,0,0,0,0,0,0,0,0,0,0,0,0,0,0,0,0,0,0,0,0,0,0,0,0,0,0,0,0,0,0,3849609.2,0,0,3849609.2,0,0,3849609.2,0,0,6416015.34,0,0,3849609.2,0,0,3849609.2,0,0,4812011.5,0,0,4812011.5,0,0,3849609.2,0,0,3849609.2,0,0,3849609.2,0,0,3849609.2,0,0,3849609.2,0,0,3849609.2,0,0,3849609.2,0,0,3849609.2,0,0,4812011.5,0,0,4812011.5,0,0,3849609.2,0,0,3849609.2,0,0,3849609.2,0,0,3849609.2,0,0,3849609.2,0,0,3849609.2,0,0,3849609.2,0,0,3849609.2,0,0,3849609.2,0,0,3849609.2,0,0,3849609.2,0,0,3849609.2,0,0,3849609.2,0,0,3849609.2,0,0,3849609.2,0,0,3849609.2,0,0,3849609.2,0,0,3849609.2,0,0,3849609.2,0,0,3849609.2,0,0,3849609.2,0,0,3849609.2,0,0,9624023,0,0,3849609.2,0,0,3849609.2,0,0,3849609.2,0,0,4812011.5,0,0,3849609.2,0,0,4812011.5,0,0,3849609.2
1,2,Pfizer,2021-03-01,COVDIAB,0,0,0,0,0,0,0,0,0,0,0,0,0,0,0,0,0,0,0,0,0,0,0,0,0,0,0,0,0,0,0,0,0,0,0,0,0,0,0,0,0,0,0,0,0,0,0,0,0,0,3849609.2,0,0,3849609.2,0,0,3849609.2,0,0,6416015.34,0,0,3849609.2,0,0,3849609.2,0,0,4812011.5,0,0,4812011.5,0,0,3849609.2,0,0,3849609.2,0,0,3849609.2,0,0,3849609.2,0,0,3849609.2,0,0,3849609.2,0,0,3849609.2,0,0,3849609.2,0,0,4812011.5,0,0,4812011.5,0,0,3849609.2,0,0,3849609.2,0,0,3849609.2,0,0,3849609.2,0,0,3849609.2,0,0,3849609.2,0,0,3849609.2,0,0,3849609.2,0,0,3849609.2,0,0,3849609.2,0,0,3849609.2,0,0,3849609.2,0,0,3849609.2,0,0,3849609.2,0,0,3849609.2,0,0,3849609.2,0,0,3849609.2,0,0,3849609.2,0,0,3849609.2,0,0,3849609.2,0,0,3849609.2,0,0,3849609.2,0,0,9624023,0,0,3849609.2,0,0,3849609.2,0,0,3849609.2,0,0,4812011.5,0,0,3849609.2,0,0,4812011.5,0,0,3849609.2
1,2,Pfizer,2021-01-25,COVDIAB,0,0,0,0,0,0,0,0,0,0,0,0,0,0,0,0,0,0,0,0,0,0,0,0,0,0,0,0,0,0,0,0,0,0,0,0,0,0,0,0,0,0,0,0,0,0,0,0,0,0,10364332.47,0,0,10364332.47,0,0,10364332.47,0,0,14970702.45,0,0,10364332.47,0,0,10364332.47,0,0,10364332.47,0,0,10364332.47,0,0,10364332.47,0,0,10364332.47,0,0,10364332.47,0,0,10364332.47,0,0,10364332.47,0,0,10364332.47,0,0,10364332.47,0,0,10364332.47,0,0,10364332.47,0,0,10364332.47,0,0,10364332.47,0,0,10364332.47,0,0,10364332.47,0,0,10364332.47,0,0,10364332.47,0,0,10364332.47,0,0,10364332.47,0,0,10364332.47,0,0,10364332.47,0,0,10364332.47,0,0,10364332.47,0,0,10364332.47,0,0,10364332.47,0,0,10364332.47,0,0,10364332.47,0,0,10364332.47,0,0,10364332.47,0,0,10364332.47,0,0,10364332.47,0,0,10364332.47,0,0,10364332.47,0,0,10364332.47,,,0,0,0,10364332.47,0,0,10364332.47,0,0,10364332.47,0,0,10364332.47,0,0,10364332.47,0,0,10364332.47,0,0,10364332.47
1,1,Moderna,2021-03-15,COVDIAB,0,0,0,0,0,0,0,0,0,0,0,0,0,0,0,0,0,0,0,0,0,0,0,0,0,0,0,0,0,0,0,0,0,0,0,0,0,0,0,0,0,0,0,0,0,0,0,0,0,0,22456053.68,0,0,22456053.68,0,0,22456053.68,,,0,0,0,22456053.68,0,0,22456053.68,0,0,22456053.68,0,0,22456053.68,,,0,,,0,0,0,22456053.68,0,0,22456053.68,0,0,22456053.68,0,0,22456053.68,0,0,22456053.68,0,0,22456053.68,0,0,22456053.68,0,0,22456053.68,0,0,22456053.68,0,0,22456053.68,0,0,22456053.68,0,0,22456053.68,0,0,22456053.68,0,0,22456053.68,0,0,22456053.68,0,0,22456053.68,0,0,22456053.68,0,0,22456053.68,0,0,22456053.68,0,0,22456053.68,0,0,22456053.68,0,0,22456053.68,0,0,22456053.68,0,0,22456053.68,0,0,22456053.68,0,0,22456053.68,0,0,22456053.68,0,0,22456053.68,0,0,22456053.68,0,0,22456053.68,,,0,0,0,22456053.68,0,0,22456053.68,0,0,22456053.68,0,0,22456053.68,0,0,22456053.68,0,0,22456053.68,0,0,22456053.68
1,1,Pfizer,2021-02-01,COVDIAB,0,0,0,0,0,0,0,0,0,0,0,0,0,0,0,0,0,0,0,0,0,0,0,0,0,0,0,0,0,0,0,0,0,0,0,0,0,0,0,0,0,0,0,0,0,0,0,0,0,0,12248756.55,0,0,12248756.55,0,0,12248756.55,0,0,19248046.01,0,0,12248756.55,0,0,12248756.55,0,0,19248046.01,0,0,19248046.01,0,0,33684080.52,0,0,33684080.52,0,0,12248756.55,0,0,12248756.55,0,0,12248756.55,0,0,12248756.55,0,0,12248756.55,0,0,12248756.55,0,0,19248046.01,0,0,19248046.01,0,0,12248756.55,0,0,12248756.55,0,0,12248756.55,0,0,12248756.55,0,0,12248756.55,0,0,12248756.55,0,0,12248756.55,0,0,12248756.55,0,0,12248756.55,0,0,12248756.55,0,0,12248756.55,0,0,12248756.55,0,0,12248756.55,0,0,12248756.55,0,0,12248756.55,0,0,12248756.55,0,0,12248756.55,0,0,12248756.55,0,0,12248756.55,0,0,12248756.55,0,0,12248756.55,0,0,12248756.55,0,0,33684080.52,0,0,12248756.55,0,0,12248756.55,0,0,12248756.55,0,0,19248046.01,0,0,12248756.55,0,0,19248046.01,0,0,12248756.55
1,1,Pfizer,2021-02-08,COVDIAB,0,0,0,0,0,0,0,0,0,0,0,0,0,0,0,0,0,0,0,0,0,0,0,0,0,0,0,0,0,0,0,0,0,0,0,0,0,0,0,0,0,0,0,0,0,0,0,0,0,0,19248046.01,0,0,19248046.01,0,0,19248046.01,0,0,19248046.01,0,0,19248046.01,0,0,19248046.01,0,0,19248046.01,0,0,19248046.01,,,0,,,0,0,0,19248046.01,0,0,19248046.01,0,0,19248046.01,0,0,19248046.01,0,0,19248046.01,0,0,19248046.01,0,0,19248046.01,0,0,19248046.01,0,0,19248046.01,0,0,19248046.01,0,0,19248046.01,0,0,19248046.01,0,0,19248046.01,0,0,19248046.01,0,0,19248046.01,0,0,19248046.01,0,0,19248046.01,0,0,19248046.01,0,0,19248046.01,0,0,19248046.01,0,0,19248046.01,0,0,19248046.01,0,0,19248046.01,0,0,19248046.01,0,0,19248046.01,0,0,19248046.01,0,0,19248046.01,0,0,19248046.01,0,0,19248046.01,0,0,19248046.01,,,0,0,0,19248046.01,0,0,19248046.01,0,0,19248046.01,0,0,19248046.01,0,0,19248046.01,0,0,19248046.01,0,0,19248046.01
0,0,0,2020-01-06,COVOBES,0,0,0,0,0,0,0,0,0,0,0,0,0,0,0,0,0,0,0,0,0,0,0,0,0,0,0,0,0,0,0,0,0,0,0,0,0,0,0,0,0,0,0,0,0,0,0,0,0,0,2138671.78,0,0,2138671.78,0,0,2138671.78,0,0,2406005.75,0,0,2406005.75,0,0,2749720.86,0,0,2138671.78,0,0,2138671.78,0,0,2138671.78,0,0,2138671.78,0,0,2138671.78,0,0,2138671.78,0,0,2138671.78,0,0,2138671.78,0,0,2138671.78,0,0,2138671.78,0,0,2749720.86,0,0,2749720.86,0,0,2138671.78,0,0,2138671.78,0,0,2138671.78,0,0,2138671.78,0,0,2138671.78,0,0,2138671.78,0,0,2138671.78,0,0,2138671.78,0,0,2138671.78,0,0,2138671.78,0,0,2138671.78,0,0,2138671.78,0,0,2138671.78,0,0,2138671.78,0,0,2138671.78,0,0,2138671.78,0,0,2138671.78,0,0,2138671.78,0,0,2138671.78,0,0,2138671.78,0,0,2138671.78,0,0,2138671.78,0,0,2138671.78,0,0,2138671.78,0,0,2138671.78,0,0,2138671.78,0,0,2138671.78,0,0,2138671.78,0,0,2138671.78,0,0,2138671.78
0,0,0,2020-01-13,COVOBES,0,0,0,0,0,0,0,0,0,0,0,0,0,0,0,0,0,0,0,0,0,0,0,0,0,0,0,0,0,0,0,0,0,0,0,0,0,0,0,0,0,0,0,0,0,0,0,0,0,0,2138671.78,0,0,2138671.78,0,0,2138671.78,0,0,2406005.75,0,0,2406005.75,0,0,2749720.86,0,0,2138671.78,0,0,2138671.78,0,0,2138671.78,0,0,2138671.78,0,0,2138671.78,0,0,2138671.78,0,0,2138671.78,0,0,2138671.78,0,0,2138671.78,0,0,2138671.78,0,0,2749720.86,0,0,2749720.86,0,0,2138671.78,0,0,2138671.78,0,0,2138671.78,0,0,2138671.78,0,0,2138671.78,0,0,2138671.78,0,0,2138671.78,0,0,2138671.78,0,0,2138671.78,0,0,2138671.78,0,0,2138671.78,0,0,2138671.78,0,0,2138671.78,0,0,2138671.78,0,0,2138671.78,0,0,2138671.78,0,0,2138671.78,0,0,2138671.78,0,0,2138671.78,0,0,2138671.78,0,0,2138671.78,0,0,2138671.78,0,0,2138671.78,0,0,2138671.78,0,0,2138671.78,0,0,2138671.78,0,0,2138671.78,0,0,2138671.78,0,0,2138671.78,0,0,2138671.78
0,0,0,2020-01-20,COVOBES,0,0,0,0,0,0,0,0,0,0,0,0,0,0,0,0,0,0,0,0,0,0,0,0,0,0,0,0,0,0,0,0,0,0,0,0,0,0,0,0,0,0,0,0,0,0,0,0,0,0,2138671.78,0,0,2138671.78,0,0,2138671.78,0,0,2406005.75,0,0,2406005.75,0,0,2749720.86,0,0,2138671.78,0,0,2138671.78,0,0,2138671.78,0,0,2138671.78,0,0,2138671.78,0,0,2138671.78,0,0,2138671.78,0,0,2138671.78,0,0,2138671.78,0,0,2138671.78,0,0,2749720.86,0,0,2749720.86,0,0,2138671.78,0,0,2138671.78,0,0,2138671.78,0,0,2138671.78,0,0,2138671.78,0,0,2138671.78,0,0,2138671.78,0,0,2138671.78,0,0,2138671.78,0,0,2138671.78,0,0,2138671.78,0,0,2138671.78,0,0,2138671.78,0,0,2138671.78,0,0,2138671.78,0,0,2138671.78,0,0,2138671.78,0,0,2138671.78,0,0,2138671.78,0,0,2138671.78,0,0,2138671.78,0,0,2138671.78,0,0,2138671.78,0,0,2138671.78,0,0,2138671.78,0,0,2138671.78,0,0,2138671.78,0,0,2138671.78,0,0,2138671.78,0,0,2138671.78
0,0,0,2020-01-27,COVOBES,0,0,0,0,0,0,0,0,0,0,0,0,0,0,0,0,0,0,0,0,0,0,0,0,0,0,0,0,0,0,0,0,0,0,0,0,0,0,0,0,0,0,0,0,0,0,0,0,0,0,2138671.78,0,0,2138671.78,0,0,2138671.78,0,0,2406005.75,0,0,2406005.75,0,0,2749720.86,0,0,2138671.78,0,0,2138671.78,0,0,2138671.78,0,0,2138671.78,0,0,2138671.78,0,0,2138671.78,0,0,2138671.78,0,0,2138671.78,0,0,2138671.78,0,0,2138671.78,0,0,2749720.86,0,0,2749720.86,0,0,2138671.78,0,0,2138671.78,0,0,2138671.78,0,0,2138671.78,0,0,2138671.78,0,0,2138671.78,0,0,2138671.78,0,0,2138671.78,0,0,2138671.78,0,0,2138671.78,0,0,2138671.78,0,0,2138671.78,0,0,2138671.78,0,0,2138671.78,0,0,2138671.78,0,0,2138671.78,0,0,2138671.78,0,0,2138671.78,0,0,2138671.78,0,0,2138671.78,0,0,2138671.78,0,0,2138671.78,0,0,2138671.78,0,0,2138671.78,0,0,2138671.78,0,0,2138671.78,0,0,2138671.78,0,0,2138671.78,0,0,2138671.78,0,0,2138671.78
0,0,0,2020-02-03,COVOBES,0,0,0,0,0,0,0,0,0,0,0,0,0,0,0,0,0,0,0,0,0,0,0,0,0,0,0,0,0,0,0,0,0,0,0,0,0,1,0,0,0,0,0,0,0,0,0,0,0,0,2138671.78,0,0,2138671.78,0,0,2138671.78,0,0,2406005.75,0,0,2406005.75,0,0,2749720.86,0,0,2138671.78,0,0,2138671.78,0,0,2138671.78,0,0,2138671.78,0,0,2138671.78,0,0,2138671.78,0,0,2138671.78,0,0,2138671.78,0,0,2138671.78,0,0,2138671.78,0,0,2749720.86,0,0,2749720.86,0,0,2138671.78,0,0,2138671.78,0,0,2138671.78,0,0,2138671.78,0,0,2138671.78,0,0,2138671.78,0,0,2138671.78,0,0,2138671.78,0,0,2138671.78,0,0,2138671.78,0,0,2138671.78,0,0,2138671.78,0,0,2138671.78,0,0,2138671.78,0,0,2138671.78,0,0,2138671.78,0,0,2138671.78,0,0,2138671.78,0,0,2138671.78,0,0,2138671.78,0,0,2138671.78,0,0,2138671.78,579761.9,14678.3,3230226.58,0,0,2138671.78,0,0,2138671.78,0,0,2138671.78,0,0,2138671.78,0,0,2138671.78,0,0,2138671.78,0,0,2138671.78
0,0,0,2020-02-10,COVOBES,0,0,0,0,0,0,0,0,0,0,0,0,0,0,0,0,0,0,0,0,0,0,0,0,0,0,0,0,0,0,0,0,0,0,0,0,0,0,0,0,0,0,0,0,0,0,0,0,0,0,2138671.78,0,0,2138671.78,0,0,2138671.78,0,0,2406005.75,0,0,2406005.75,0,0,2749720.86,0,0,2138671.78,0,0,2138671.78,0,0,2138671.78,0,0,2138671.78,0,0,2138671.78,0,0,2138671.78,0,0,2138671.78,0,0,2138671.78,0,0,2138671.78,0,0,2138671.78,0,0,2749720.86,0,0,2749720.86,0,0,2138671.78,0,0,2138671.78,0,0,2138671.78,0,0,2138671.78,0,0,2138671.78,0,0,2138671.78,0,0,2138671.78,0,0,2138671.78,0,0,2138671.78,0,0,2138671.78,0,0,2138671.78,0,0,2138671.78,0,0,2138671.78,0,0,2138671.78,0,0,2138671.78,0,0,2138671.78,0,0,2138671.78,0,0,2138671.78,0,0,2138671.78,0,0,2138671.78,0,0,2138671.78,0,0,2138671.78,0,0,2406005.75,0,0,2138671.78,0,0,2138671.78,0,0,2138671.78,0,0,2138671.78,0,0,2138671.78,0,0,2138671.78,0,0,2138671.78
0,0,0,2020-02-17,COVOBES,0,0,0,0,0,0,0,1,0,0,0,0,0,0,0,0,0,0,0,0,0,0,0,0,0,0,0,0,0,0,0,0,0,0,0,0,0,0,0,0,0,0,0,0,0,0,0,0,0,0,2138671.78,0,0,2138671.78,0,0,2138671.78,0,0,2406005.75,0,0,2406005.75,0,0,2749720.86,0,0,2138671.78,619067.8,15673.44,3449225,0,0,2138671.78,0,0,2138671.78,0,0,2138671.78,0,0,2138671.78,0,0,2138671.78,0,0,2138671.78,0,0,2138671.78,0,0,2138671.78,0,0,2749720.86,0,0,2749720.86,0,0,2138671.78,0,0,2138671.78,0,0,2138671.78,0,0,2138671.78,0,0,2138671.78,0,0,2138671.78,0,0,2138671.78,0,0,2138671.78,0,0,2138671.78,0,0,2138671.78,0,0,2138671.78,0,0,2138671.78,0,0,2138671.78,0,0,2138671.78,0,0,2138671.78,0,0,2138671.78,0,0,2138671.78,0,0,2138671.78,0,0,2138671.78,0,0,2138671.78,0,0,2138671.78,0,0,2138671.78,0,0,2406005.75,0,0,2138671.78,0,0,2138671.78,0,0,2138671.78,0,0,2138671.78,0,0,2138671.78,0,0,2138671.78,0,0,2138671.78
0,0,0,2020-02-24,COVOBES,0,0,0,0,0,0,0,0,0,0,0,0,0,0,0,0,0,0,0,0,0,0,0,0,0,0,0,0,0,0,0,0,0,0,0,0,0,0,0,0,0,0,0,0,0,0,0,0,0,0,2208792.16,0,0,2208792.16,0,0,2208792.16,0,0,2495117.08,0,0,2495117.08,0,0,2866730.26,0,0,2208792.16,0,0,2495117.08,0,0,2208792.16,0,0,2208792.16,0,0,2208792.16,0,0,2208792.16,0,0,2208792.16,0,0,2208792.16,0,0,2208792.16,0,0,2208792.16,0,0,2866730.26,0,0,2866730.26,0,0,2208792.16,0,0,2208792.16,0,0,2208792.16,0,0,2208792.16,0,0,2208792.16,0,0,2208792.16,0,0,2208792.16,0,0,2208792.16,0,0,2208792.16,0,0,2208792.16,0,0,2208792.16,0,0,2208792.16,0,0,2208792.16,0,0,2208792.16,0,0,2208792.16,0,0,2208792.16,0,0,2208792.16,0,0,2208792.16,0,0,2208792.16,0,0,2208792.16,0,0,2208792.16,0,0,2208792.16,0,0,2495117.08,0,0,2208792.16,0,0,2208792.16,0,0,2208792.16,0,0,2208792.16,0,0,2208792.16,0,0,2208792.16,0,0,2208792.16
0,0,0,2020-03-02,COVOBES,0,0,0,0,0,0,0,0,0,0,0,0,0,0,0,0,0,0,0,0,0,0,0,0,0,0,0,0,0,0,0,0,0,0,0,0,0,0,0,0,0,0,0,0,0,0,0,0,0,0,2406005.75,0,0,2406005.75,0,0,2406005.75,0,0,2749720.86,0,0,2749720.86,0,0,3208007.67,0,0,2406005.75,0,0,2749720.86,0,0,2406005.75,0,0,2406005.75,0,0,2406005.75,0,0,2406005.75,0,0,2406005.75,0,0,2406005.75,0,0,2406005.75,0,0,2406005.75,0,0,3208007.67,0,0,3208007.67,0,0,2406005.75,0,0,2406005.75,0,0,2406005.75,0,0,2406005.75,0,0,2406005.75,0,0,2406005.75,0,0,2406005.75,0,0,2406005.75,0,0,2406005.75,0,0,2406005.75,0,0,2406005.75,0,0,2406005.75,0,0,2406005.75,0,0,2406005.75,0,0,2406005.75,0,0,2406005.75,0,0,2406005.75,0,0,2406005.75,0,0,2406005.75,0,0,2406005.75,0,0,2406005.75,0,0,2406005.75,0,0,2749720.86,0,0,2406005.75,0,0,2406005.75,0,0,2406005.75,0,0,2406005.75,0,0,2406005.75,0,0,2406005.75,0,0,2406005.75
0,0,0,2020-03-09,COVOBES,0,0,0,0,0,0,0,0,0,0,0,0,0,0,0,0,0,0,0,0,0,0,0,0,0,0,0,0,0,0,0,0,0,0,0,0,0,0,0,0,0,0,0,0,0,0,0,0,0,0,2406005.75,0,0,2406005.75,0,0,2406005.75,0,0,2749720.86,0,0,2749720.86,0,0,3208007.67,0,0,2406005.75,0,0,2749720.86,0,0,2406005.75,0,0,2406005.75,0,0,2406005.75,0,0,2406005.75,0,0,2406005.75,0,0,2406005.75,0,0,2406005.75,0,0,2406005.75,0,0,3208007.67,0,0,3208007.67,0,0,2406005.75,0,0,2406005.75,0,0,2406005.75,0,0,2406005.75,0,0,2406005.75,0,0,2406005.75,0,0,2406005.75,0,0,2406005.75,0,0,2406005.75,0,0,2406005.75,0,0,2406005.75,0,0,2406005.75,0,0,2406005.75,0,0,2406005.75,0,0,2406005.75,0,0,2406005.75,0,0,2406005.75,0,0,2406005.75,0,0,2406005.75,0,0,2406005.75,0,0,2406005.75,0,0,2406005.75,0,0,2749720.86,0,0,2406005.75,0,0,2406005.75,0,0,2406005.75,0,0,2406005.75,0,0,2406005.75,0,0,2406005.75,0,0,2406005.75
0,0,0,2020-03-16,COVOBES,0,0,0,0,0,0,0,0,0,0,0,0,0,0,0,0,0,0,0,0,0,0,0,0,0,0,0,0,0,0,0,0,0,0,0,0,0,0,0,0,0,0,0,0,0,0,0,0,0,0,2406005.75,0,0,2406005.75,0,0,2406005.75,0,0,2749720.86,0,0,2749720.86,0,0,3208007.67,0,0,2406005.75,0,0,2749720.86,0,0,2406005.75,0,0,2406005.75,0,0,2406005.75,0,0,2406005.75,0,0,2406005.75,0,0,2406005.75,0,0,2406005.75,0,0,2406005.75,0,0,3208007.67,0,0,3208007.67,0,0,2406005.75,0,0,2406005.75,0,0,2406005.75,0,0,2406005.75,0,0,2406005.75,0,0,2406005.75,0,0,2406005.75,0,0,2406005.75,0,0,2406005.75,0,0,2406005.75,0,0,2406005.75,0,0,2406005.75,0,0,2406005.75,0,0,2406005.75,0,0,2406005.75,0,0,2406005.75,0,0,2406005.75,0,0,2406005.75,0,0,2406005.75,0,0,2406005.75,0,0,2406005.75,0,0,2406005.75,0,0,2749720.86,0,0,2406005.75,0,0,2406005.75,0,0,2406005.75,0,0,2406005.75,0,0,2406005.75,0,0,2406005.75,0,0,2406005.75
0,0,0,2020-03-23,COVOBES,0,0,0,0,0,0,0,0,0,0,0,0,0,0,0,0,0,0,0,0,0,0,0,0,0,0,0,0,0,0,0,0,0,0,0,0,0,1,0,0,0,0,0,0,0,0,0,0,0,0,2406005.75,0,0,2406005.75,0,0,2406005.75,0,0,2749720.86,0,0,2749720.86,0,0,3208007.67,0,0,2406005.75,0,0,2749720.86,0,0,2406005.75,0,0,2406005.75,0,0,2406005.75,0,0,2406005.75,0,0,2406005.75,0,0,2406005.75,0,0,2406005.75,0,0,2406005.75,0,0,3208007.67,0,0,3208007.67,0,0,2406005.75,0,0,2406005.75,0,0,2406005.75,0,0,2406005.75,0,0,2406005.75,0,0,2406005.75,0,0,2406005.75,0,0,2406005.75,0,0,2406005.75,0,0,2406005.75,0,0,2406005.75,0,0,2406005.75,0,0,2406005.75,0,0,2406005.75,0,0,2406005.75,0,0,2406005.75,0,0,2406005.75,0,0,2406005.75,0,0,2406005.75,0,0,2406005.75,0,0,2406005.75,0,0,2406005.75,760937.5,19265.27,4239672.39,0,0,2406005.75,0,0,2406005.75,0,0,2406005.75,0,0,2406005.75,0,0,2406005.75,0,0,2406005.75,0,0,2406005.75
0,0,0,2020-03-30,COVOBES,0,0,0,0,0,0,0,0,0,0,0,0,0,0,0,0,0,0,0,0,0,0,0,0,0,0,0,0,0,0,0,0,0,0,0,0,0,0,0,0,0,0,0,0,0,0,0,0,0,0,2406005.75,0,0,2406005.75,0,0,2406005.75,0,0,2749720.86,0,0,2749720.86,0,0,3208007.67,0,0,2406005.75,0,0,2749720.86,0,0,2406005.75,0,0,2406005.75,0,0,2406005.75,0,0,2406005.75,0,0,2406005.75,0,0,2406005.75,0,0,2406005.75,0,0,2406005.75,0,0,3208007.67,0,0,3208007.67,0,0,2406005.75,0,0,2406005.75,0,0,2406005.75,0,0,2406005.75,0,0,2406005.75,0,0,2406005.75,0,0,2406005.75,0,0,2406005.75,0,0,2406005.75,0,0,2406005.75,0,0,2406005.75,0,0,2406005.75,0,0,2406005.75,0,0,2406005.75,0,0,2406005.75,0,0,2406005.75,0,0,2406005.75,0,0,2406005.75,0,0,2406005.75,0,0,2406005.75,0,0,2406005.75,0,0,2406005.75,0,0,3208007.67,0,0,2406005.75,0,0,2406005.75,0,0,2406005.75,0,0,2406005.75,0,0,2406005.75,0,0,2406005.75,0,0,2406005.75
0,0,0,2020-04-06,COVOBES,0,0,0,0,0,0,0,0,0,0,0,0,0,0,0,0,0,0,0,0,0,0,0,0,0,0,0,0,0,0,0,0,0,0,0,0,0,0,0,0,0,0,0,0,0,0,0,0,0,0,2406005.75,0,0,2406005.75,0,0,2406005.75,0,0,2749720.86,0,0,2749720.86,0,0,3208007.67,0,0,2406005.75,0,0,2749720.86,0,0,2406005.75,0,0,2406005.75,0,0,2406005.75,0,0,2406005.75,0,0,2406005.75,0,0,2406005.75,0,0,2406005.75,0,0,2406005.75,0,0,3208007.67,0,0,3208007.67,0,0,2406005.75,0,0,2406005.75,0,0,2406005.75,0,0,2406005.75,0,0,2406005.75,0,0,2406005.75,0,0,2406005.75,0,0,2406005.75,0,0,2406005.75,0,0,2406005.75,0,0,2406005.75,0,0,2406005.75,0,0,2406005.75,0,0,2406005.75,0,0,2406005.75,0,0,2406005.75,0,0,2406005.75,0,0,2406005.75,0,0,2406005.75,0,0,2406005.75,0,0,2406005.75,0,0,2406005.75,0,0,3208007.67,0,0,2406005.75,0,0,2406005.75,0,0,2406005.75,0,0,2406005.75,0,0,2406005.75,0,0,2406005.75,0,0,2406005.75
0,0,0,2020-04-13,COVOBES,0,0,0,0,0,0,0,0,0,0,0,0,0,0,0,0,0,0,0,0,0,0,0,0,0,0,0,0,0,0,0,0,0,0,0,0,0,0,0,0,0,0,0,0,0,0,0,0,0,0,2406005.75,0,0,2406005.75,0,0,2406005.75,0,0,2749720.86,0,0,2749720.86,0,0,3208007.67,0,0,2406005.75,0,0,2749720.86,0,0,2406005.75,0,0,2406005.75,0,0,2406005.75,0,0,2406005.75,0,0,2406005.75,0,0,2406005.75,0,0,2406005.75,0,0,2406005.75,0,0,3208007.67,0,0,3208007.67,0,0,2406005.75,0,0,2406005.75,0,0,2406005.75,0,0,2406005.75,0,0,2406005.75,0,0,2406005.75,0,0,2406005.75,0,0,2406005.75,0,0,2406005.75,0,0,2406005.75,0,0,2406005.75,0,0,2406005.75,0,0,2406005.75,0,0,2406005.75,0,0,2406005.75,0,0,2406005.75,0,0,2406005.75,0,0,2406005.75,0,0,2406005.75,0,0,2406005.75,0,0,2406005.75,0,0,2406005.75,0,0,3208007.67,0,0,2406005.75,0,0,2406005.75,0,0,2406005.75,0,0,2406005.75,0,0,2406005.75,0,0,2406005.75,0,0,2406005.75
0,0,0,2020-04-20,COVOBES,0,0,0,0,0,0,0,0,0,0,0,0,0,0,0,0,0,0,0,0,0,0,0,0,0,0,0,0,0,0,0,0,0,0,0,0,0,0,0,0,0,0,0,0,0,0,0,0,0,0,2406005.75,0,0,2406005.75,0,0,2406005.75,0,0,2749720.86,0,0,2749720.86,0,0,3208007.67,0,0,2406005.75,0,0,2749720.86,0,0,2406005.75,0,0,2406005.75,0,0,2406005.75,0,0,2406005.75,0,0,2406005.75,0,0,2406005.75,0,0,2406005.75,0,0,2406005.75,0,0,3208007.67,0,0,3208007.67,0,0,2406005.75,0,0,2406005.75,0,0,2406005.75,0,0,2406005.75,0,0,2406005.75,0,0,2406005.75,0,0,2406005.75,0,0,2406005.75,0,0,2406005.75,0,0,2406005.75,0,0,2406005.75,0,0,2406005.75,0,0,2406005.75,0,0,2406005.75,0,0,2406005.75,0,0,2406005.75,0,0,2406005.75,0,0,2406005.75,0,0,2406005.75,0,0,2406005.75,0,0,2406005.75,0,0,2406005.75,0,0,3208007.67,0,0,2406005.75,0,0,2406005.75,0,0,2406005.75,0,0,2406005.75,0,0,2406005.75,0,0,2406005.75,0,0,2406005.75
0,0,0,2020-04-27,COVOBES,0,0,0,0,0,0,0,0,0,0,0,0,0,0,0,0,0,0,0,0,0,0,0,0,0,0,0,0,0,0,0,0,0,0,0,0,0,0,0,0,0,0,0,0,0,0,0,0,0,0,2406005.75,0,0,2406005.75,0,0,2406005.75,0,0,2749720.86,0,0,2749720.86,0,0,3208007.67,0,0,2406005.75,0,0,2749720.86,0,0,2406005.75,0,0,2406005.75,0,0,2406005.75,0,0,2406005.75,0,0,2406005.75,0,0,2406005.75,0,0,2406005.75,0,0,2406005.75,0,0,3208007.67,0,0,3208007.67,0,0,2406005.75,0,0,2406005.75,0,0,2406005.75,0,0,2406005.75,0,0,2406005.75,0,0,2406005.75,0,0,2406005.75,0,0,2406005.75,0,0,2406005.75,0,0,2406005.75,0,0,2406005.75,0,0,2406005.75,0,0,2406005.75,0,0,2406005.75,0,0,2406005.75,0,0,2406005.75,0,0,2406005.75,0,0,2406005.75,0,0,2406005.75,0,0,2406005.75,0,0,2406005.75,0,0,2406005.75,0,0,3208007.67,0,0,2406005.75,0,0,2406005.75,0,0,2406005.75,0,0,2406005.75,0,0,2406005.75,0,0,2406005.75,0,0,2406005.75
0,0,0,2020-05-04,COVOBES,0,0,0,0,0,0,0,0,0,0,0,0,0,0,0,0,0,0,0,0,0,0,0,0,0,0,0,0,0,0,0,0,0,0,0,0,0,0,0,0,0,0,0,0,0,0,0,0,0,0,2406005.75,0,0,2406005.75,0,0,2406005.75,0,0,2749720.86,0,0,2749720.86,0,0,3208007.67,0,0,2406005.75,0,0,2749720.86,0,0,2406005.75,0,0,2406005.75,0,0,2406005.75,0,0,2406005.75,0,0,2406005.75,0,0,2406005.75,0,0,2406005.75,0,0,2406005.75,0,0,3208007.67,0,0,3208007.67,0,0,2406005.75,0,0,2406005.75,0,0,2406005.75,0,0,2406005.75,0,0,2406005.75,0,0,2406005.75,0,0,2406005.75,0,0,2406005.75,0,0,2406005.75,0,0,2406005.75,0,0,2406005.75,0,0,2406005.75,0,0,2406005.75,0,0,2406005.75,0,0,2406005.75,0,0,2406005.75,0,0,2406005.75,0,0,2406005.75,0,0,2406005.75,0,0,2406005.75,0,0,2406005.75,0,0,2406005.75,0,0,3208007.67,0,0,2406005.75,0,0,2406005.75,0,0,2406005.75,0,0,2406005.75,0,0,2406005.75,0,0,2406005.75,0,0,2406005.75
0,0,0,2020-05-11,COVOBES,0,0,0,0,0,0,0,0,0,0,0,0,0,0,0,0,0,0,0,0,0,0,0,0,0,0,0,0,0,0,0,0,0,0,0,0,0,0,0,0,0,0,0,0,0,0,0,0,0,0,2406005.75,0,0,2406005.75,0,0,2406005.75,0,0,2749720.86,0,0,2749720.86,0,0,3208007.67,0,0,2406005.75,0,0,2749720.86,0,0,2406005.75,0,0,2406005.75,0,0,2406005.75,0,0,2406005.75,0,0,2406005.75,0,0,2406005.75,0,0,2406005.75,0,0,2406005.75,0,0,3208007.67,0,0,3208007.67,0,0,2406005.75,0,0,2406005.75,0,0,2406005.75,0,0,2406005.75,0,0,2406005.75,0,0,2406005.75,0,0,2406005.75,0,0,2406005.75,0,0,2406005.75,0,0,2406005.75,0,0,2406005.75,0,0,2406005.75,0,0,2406005.75,0,0,2406005.75,0,0,2406005.75,0,0,2406005.75,0,0,2406005.75,0,0,2406005.75,0,0,2406005.75,0,0,2406005.75,0,0,2406005.75,0,0,2406005.75,0,0,3208007.67,0,0,2406005.75,0,0,2406005.75,0,0,2406005.75,0,0,2406005.75,0,0,2406005.75,0,0,2406005.75,0,0,2406005.75
0,0,0,2020-05-18,COVOBES,0,0,0,0,0,0,0,0,0,0,0,0,0,0,0,0,0,0,0,0,0,0,0,0,0,0,0,0,0,0,0,0,0,0,0,0,0,0,0,0,0,0,0,0,0,0,0,0,0,0,2406005.75,0,0,2406005.75,0,0,2406005.75,0,0,2749720.86,0,0,2749720.86,0,0,3208007.67,0,0,2406005.75,0,0,2749720.86,0,0,2406005.75,0,0,2406005.75,0,0,2406005.75,0,0,2406005.75,0,0,2406005.75,0,0,2406005.75,0,0,2406005.75,0,0,2406005.75,0,0,3208007.67,0,0,3208007.67,0,0,2406005.75,0,0,2406005.75,0,0,2406005.75,0,0,2406005.75,0,0,2406005.75,0,0,2406005.75,0,0,2406005.75,0,0,2406005.75,0,0,2406005.75,0,0,2406005.75,0,0,2406005.75,0,0,2406005.75,0,0,2406005.75,0,0,2406005.75,0,0,2406005.75,0,0,2406005.75,0,0,2406005.75,0,0,2406005.75,0,0,2406005.75,0,0,2406005.75,0,0,2406005.75,0,0,2406005.75,0,0,3208007.67,0,0,2406005.75,0,0,2406005.75,0,0,2406005.75,0,0,2406005.75,0,0,2406005.75,0,0,2406005.75,0,0,2406005.75
0,0,0,2020-05-25,COVOBES,0,0,0,0,0,0,0,0,0,0,0,0,0,0,0,0,0,0,0,0,0,0,0,0,0,0,0,0,0,0,0,0,0,0,0,0,0,0,0,0,0,0,0,0,0,0,0,0,0,0,2406005.75,0,0,2406005.75,0,0,2406005.75,0,0,2749720.86,0,0,2749720.86,0,0,3208007.67,0,0,2406005.75,0,0,2749720.86,0,0,2406005.75,0,0,2406005.75,0,0,2406005.75,0,0,2406005.75,0,0,2406005.75,0,0,2406005.75,0,0,2406005.75,0,0,2406005.75,0,0,3208007.67,0,0,3208007.67,0,0,2406005.75,0,0,2406005.75,0,0,2406005.75,0,0,2406005.75,0,0,2406005.75,0,0,2406005.75,0,0,2406005.75,0,0,2406005.75,0,0,2406005.75,0,0,2406005.75,0,0,2406005.75,0,0,2406005.75,0,0,2406005.75,0,0,2406005.75,0,0,2406005.75,0,0,2406005.75,0,0,2406005.75,0,0,2406005.75,0,0,2406005.75,0,0,2406005.75,0,0,2406005.75,0,0,2406005.75,0,0,3208007.67,0,0,2406005.75,0,0,2406005.75,0,0,2406005.75,0,0,2406005.75,0,0,2406005.75,0,0,2406005.75,0,0,2406005.75
0,0,0,2020-06-01,COVOBES,0,0,0,0,0,0,0,0,0,0,0,0,0,0,0,0,0,0,0,0,0,0,0,0,0,0,0,0,0,0,0,0,0,0,0,0,0,0,0,0,0,0,0,0,0,0,0,0,0,0,2406005.75,0,0,2406005.75,0,0,2406005.75,0,0,2749720.86,0,0,2749720.86,0,0,3208007.67,0,0,2406005.75,0,0,2749720.86,0,0,2406005.75,0,0,2406005.75,0,0,2406005.75,0,0,2406005.75,0,0,2406005.75,0,0,2406005.75,0,0,2406005.75,0,0,2406005.75,0,0,3208007.67,0,0,3208007.67,0,0,2406005.75,0,0,2406005.75,0,0,2406005.75,0,0,2406005.75,0,0,2406005.75,0,0,2406005.75,0,0,2406005.75,0,0,2406005.75,0,0,2406005.75,0,0,2406005.75,0,0,2406005.75,0,0,2406005.75,0,0,2406005.75,0,0,2406005.75,0,0,2406005.75,0,0,2406005.75,0,0,2406005.75,0,0,2406005.75,0,0,2406005.75,0,0,2406005.75,0,0,2406005.75,0,0,2406005.75,0,0,3208007.67,0,0,2406005.75,0,0,2406005.75,0,0,2406005.75,0,0,2406005.75,0,0,2406005.75,0,0,2406005.75,0,0,2406005.75
0,0,0,2020-06-08,COVOBES,0,0,0,0,0,0,0,0,0,0,0,0,0,0,0,0,0,0,0,0,0,0,0,0,0,0,0,0,0,0,0,0,0,0,0,0,0,0,0,0,0,0,0,0,0,0,0,0,0,0,2406005.75,0,0,2406005.75,0,0,2406005.75,0,0,2749720.86,0,0,2749720.86,0,0,3208007.67,0,0,2406005.75,0,0,2749720.86,0,0,2406005.75,0,0,2406005.75,0,0,2406005.75,0,0,2406005.75,0,0,2406005.75,0,0,2406005.75,0,0,2406005.75,0,0,2406005.75,0,0,3208007.67,0,0,3208007.67,0,0,2406005.75,0,0,2406005.75,0,0,2406005.75,0,0,2406005.75,0,0,2406005.75,0,0,2406005.75,0,0,2406005.75,0,0,2406005.75,0,0,2406005.75,0,0,2406005.75,0,0,2406005.75,0,0,2406005.75,0,0,2406005.75,0,0,2406005.75,0,0,2406005.75,0,0,2406005.75,0,0,2406005.75,0,0,2406005.75,0,0,2406005.75,0,0,2406005.75,0,0,2406005.75,0,0,2406005.75,0,0,3208007.67,0,0,2406005.75,0,0,2406005.75,0,0,2406005.75,0,0,2406005.75,0,0,2406005.75,0,0,2406005.75,0,0,2406005.75
0,0,0,2020-06-15,COVOBES,0,0,0,0,0,0,0,0,0,0,0,0,0,0,0,0,0,0,0,0,0,0,0,0,0,0,0,0,0,0,0,0,0,0,0,0,0,0,0,0,0,0,0,0,0,0,0,0,0,0,2406005.75,0,0,2406005.75,0,0,2406005.75,0,0,2749720.86,0,0,2749720.86,0,0,3208007.67,0,0,2406005.75,0,0,2749720.86,0,0,2406005.75,0,0,2406005.75,0,0,2406005.75,0,0,2406005.75,0,0,2406005.75,0,0,2406005.75,0,0,2406005.75,0,0,2406005.75,0,0,3208007.67,0,0,3208007.67,0,0,2406005.75,0,0,2406005.75,0,0,2406005.75,0,0,2406005.75,0,0,2406005.75,0,0,2406005.75,0,0,2406005.75,0,0,2406005.75,0,0,2406005.75,0,0,2406005.75,0,0,2406005.75,0,0,2406005.75,0,0,2406005.75,0,0,2406005.75,0,0,2406005.75,0,0,2406005.75,0,0,2406005.75,0,0,2406005.75,0,0,2406005.75,0,0,2406005.75,0,0,2406005.75,0,0,2406005.75,0,0,3208007.67,0,0,2406005.75,0,0,2406005.75,0,0,2406005.75,0,0,2406005.75,0,0,2406005.75,0,0,2406005.75,0,0,2406005.75
0,0,0,2020-06-22,COVOBES,0,0,0,0,0,0,0,0,0,0,0,0,0,0,0,0,0,0,0,0,0,0,0,0,0,0,0,0,0,0,0,0,0,0,0,0,0,0,0,0,0,0,0,0,0,0,0,0,0,0,2406005.75,0,0,2406005.75,0,0,2406005.75,0,0,2749720.86,0,0,2749720.86,0,0,3208007.67,0,0,2406005.75,0,0,2749720.86,0,0,2406005.75,0,0,2406005.75,0,0,2406005.75,0,0,2406005.75,0,0,2406005.75,0,0,2406005.75,0,0,2406005.75,0,0,2406005.75,0,0,3208007.67,0,0,3208007.67,0,0,2406005.75,0,0,2406005.75,0,0,2406005.75,0,0,2406005.75,0,0,2406005.75,0,0,2406005.75,0,0,2406005.75,0,0,2406005.75,0,0,2406005.75,0,0,2406005.75,0,0,2406005.75,0,0,2406005.75,0,0,2406005.75,0,0,2406005.75,0,0,2406005.75,0,0,2406005.75,0,0,2406005.75,0,0,2406005.75,0,0,2406005.75,0,0,2406005.75,0,0,2406005.75,0,0,2406005.75,0,0,3208007.67,0,0,2406005.75,0,0,2406005.75,0,0,2406005.75,0,0,2406005.75,0,0,2406005.75,0,0,2406005.75,0,0,2406005.75
0,0,0,2020-06-29,COVOBES,0,0,0,0,0,0,0,0,0,0,0,0,0,0,0,0,0,0,0,0,0,0,0,0,0,0,0,0,0,0,0,0,0,0,0,0,0,0,0,0,0,0,0,0,0,0,0,0,0,0,2406005.75,0,0,2406005.75,0,0,2406005.75,0,0,2749720.86,0,0,2749720.86,0,0,3208007.67,0,0,2406005.75,0,0,2749720.86,0,0,2406005.75,0,0,2406005.75,0,0,2406005.75,0,0,2406005.75,0,0,2406005.75,0,0,2406005.75,0,0,2406005.75,0,0,2406005.75,0,0,3208007.67,0,0,3208007.67,0,0,2406005.75,0,0,2406005.75,0,0,2406005.75,0,0,2406005.75,0,0,2406005.75,0,0,2406005.75,0,0,2406005.75,0,0,2406005.75,0,0,2406005.75,0,0,2406005.75,0,0,2406005.75,0,0,2406005.75,0,0,2406005.75,0,0,2406005.75,0,0,2406005.75,0,0,2406005.75,0,0,2406005.75,0,0,2406005.75,0,0,2406005.75,0,0,2406005.75,0,0,2406005.75,0,0,2406005.75,0,0,3208007.67,0,0,2406005.75,0,0,2406005.75,0,0,2406005.75,0,0,2406005.75,0,0,2406005.75,0,0,2406005.75,0,0,2406005.75
0,0,0,2020-07-06,COVOBES,0,0,0,0,0,0,0,0,0,0,0,0,0,0,0,0,0,0,0,0,0,0,0,0,0,0,0,0,0,0,0,0,0,0,0,0,0,0,0,0,0,0,0,0,0,0,0,0,0,0,2406005.75,0,0,2406005.75,0,0,2406005.75,0,0,2749720.86,0,0,2749720.86,0,0,3208007.67,0,0,2406005.75,0,0,2749720.86,0,0,2406005.75,0,0,2406005.75,0,0,2406005.75,0,0,2406005.75,0,0,2406005.75,0,0,2406005.75,0,0,2406005.75,0,0,2406005.75,0,0,3208007.67,0,0,3208007.67,0,0,2406005.75,0,0,2406005.75,0,0,2406005.75,0,0,2406005.75,0,0,2406005.75,0,0,2406005.75,0,0,2406005.75,0,0,2406005.75,0,0,2406005.75,0,0,2406005.75,0,0,2406005.75,0,0,2406005.75,0,0,2406005.75,0,0,2406005.75,0,0,2406005.75,0,0,2406005.75,0,0,2406005.75,0,0,2406005.75,0,0,2406005.75,0,0,2406005.75,0,0,2406005.75,0,0,2406005.75,0,0,3208007.67,0,0,2406005.75,0,0,2406005.75,0,0,2406005.75,0,0,2406005.75,0,0,2406005.75,0,0,2406005.75,0,0,2406005.75
0,0,0,2020-07-13,COVOBES,0,0,0,0,0,0,0,0,0,0,0,0,0,0,0,0,0,0,0,0,0,0,0,0,0,0,0,0,0,0,0,0,0,0,0,0,0,0,0,0,0,0,0,0,0,0,0,0,0,0,2406005.75,0,0,2406005.75,0,0,2406005.75,0,0,2749720.86,0,0,2749720.86,0,0,3208007.67,0,0,2406005.75,0,0,2749720.86,0,0,2406005.75,0,0,2406005.75,0,0,2406005.75,0,0,2406005.75,0,0,2406005.75,0,0,2406005.75,0,0,2406005.75,0,0,2406005.75,0,0,3208007.67,0,0,3208007.67,0,0,2406005.75,0,0,2406005.75,0,0,2406005.75,0,0,2406005.75,0,0,2406005.75,0,0,2406005.75,0,0,2406005.75,0,0,2406005.75,0,0,2406005.75,0,0,2406005.75,0,0,2406005.75,0,0,2406005.75,0,0,2406005.75,0,0,2406005.75,0,0,2406005.75,0,0,2406005.75,0,0,2406005.75,0,0,2406005.75,0,0,2406005.75,0,0,2406005.75,0,0,2406005.75,0,0,2406005.75,0,0,3208007.67,0,0,2406005.75,0,0,2406005.75,0,0,2406005.75,0,0,2406005.75,0,0,2406005.75,0,0,2406005.75,0,0,2406005.75
0,0,0,2020-07-20,COVOBES,0,0,0,0,0,0,0,0,0,0,0,0,0,0,0,0,0,0,0,0,0,0,0,0,0,0,0,0,0,0,0,0,0,0,0,0,0,0,0,0,0,0,0,0,0,0,0,0,0,0,2406005.75,0,0,2406005.75,0,0,2406005.75,0,0,2749720.86,0,0,2749720.86,0,0,3208007.67,0,0,2406005.75,0,0,2749720.86,0,0,2406005.75,0,0,2406005.75,0,0,2406005.75,0,0,2406005.75,0,0,2406005.75,0,0,2406005.75,0,0,2406005.75,0,0,2406005.75,0,0,3208007.67,0,0,3208007.67,0,0,2406005.75,0,0,2406005.75,0,0,2406005.75,0,0,2406005.75,0,0,2406005.75,0,0,2406005.75,0,0,2406005.75,0,0,2406005.75,0,0,2406005.75,0,0,2406005.75,0,0,2406005.75,0,0,2406005.75,0,0,2406005.75,0,0,2406005.75,0,0,2406005.75,0,0,2406005.75,0,0,2406005.75,0,0,2406005.75,0,0,2406005.75,0,0,2406005.75,0,0,2406005.75,0,0,2406005.75,0,0,3208007.67,0,0,2406005.75,0,0,2406005.75,0,0,2406005.75,0,0,2406005.75,0,0,2406005.75,0,0,2406005.75,0,0,2406005.75
0,0,0,2020-07-27,COVOBES,0,0,0,0,0,0,0,0,0,0,0,0,0,0,0,0,0,0,0,0,0,0,0,0,0,0,0,0,0,0,0,0,0,0,0,0,0,0,0,0,0,0,0,0,0,0,0,0,0,0,2406005.75,0,0,2406005.75,0,0,2406005.75,0,0,2749720.86,0,0,2749720.86,0,0,3208007.67,0,0,2406005.75,0,0,2749720.86,0,0,2406005.75,0,0,2406005.75,0,0,2406005.75,0,0,2406005.75,0,0,2406005.75,0,0,2406005.75,0,0,2406005.75,0,0,2406005.75,0,0,3208007.67,0,0,3208007.67,0,0,2406005.75,0,0,2406005.75,0,0,2406005.75,0,0,2406005.75,0,0,2406005.75,0,0,2406005.75,0,0,2406005.75,0,0,2406005.75,0,0,2406005.75,0,0,2406005.75,0,0,2406005.75,0,0,2406005.75,0,0,2406005.75,0,0,2406005.75,0,0,2406005.75,0,0,2406005.75,0,0,2406005.75,0,0,2406005.75,0,0,2406005.75,0,0,2406005.75,0,0,2406005.75,0,0,2406005.75,0,0,3208007.67,0,0,2406005.75,0,0,2406005.75,0,0,2406005.75,0,0,2406005.75,0,0,2406005.75,0,0,2406005.75,0,0,2406005.75
0,0,0,2020-08-03,COVOBES,0,0,0,0,0,0,0,0,0,0,0,0,0,0,0,0,0,0,0,0,0,0,0,0,0,0,0,0,0,0,0,0,0,0,0,0,0,0,0,0,0,0,0,0,0,0,0,0,0,0,2406005.75,0,0,2406005.75,0,0,2406005.75,0,0,2749720.86,0,0,2749720.86,0,0,3208007.67,0,0,2406005.75,0,0,2749720.86,0,0,2406005.75,0,0,2406005.75,0,0,2406005.75,0,0,2406005.75,0,0,2406005.75,0,0,2406005.75,0,0,2406005.75,0,0,2406005.75,0,0,3208007.67,0,0,3208007.67,0,0,2406005.75,0,0,2406005.75,0,0,2406005.75,0,0,2406005.75,0,0,2406005.75,0,0,2406005.75,0,0,2406005.75,0,0,2406005.75,0,0,2406005.75,0,0,2406005.75,0,0,2406005.75,0,0,2406005.75,0,0,2406005.75,0,0,2406005.75,0,0,2406005.75,0,0,2406005.75,0,0,2406005.75,0,0,2406005.75,0,0,2406005.75,0,0,2406005.75,0,0,2406005.75,0,0,2406005.75,0,0,3208007.67,0,0,2406005.75,0,0,2406005.75,0,0,2406005.75,0,0,2406005.75,0,0,2406005.75,0,0,2406005.75,0,0,2406005.75
0,0,0,2020-08-10,COVOBES,0,0,0,0,0,0,0,0,0,0,0,0,0,0,0,0,0,0,0,0,0,0,0,0,0,0,0,0,0,0,0,0,0,0,0,0,0,0,0,0,0,0,0,0,0,0,0,0,0,0,2406005.75,0,0,2406005.75,0,0,2406005.75,0,0,2749720.86,0,0,2749720.86,0,0,3208007.67,0,0,2406005.75,0,0,2749720.86,0,0,2406005.75,0,0,2406005.75,0,0,2406005.75,0,0,2406005.75,0,0,2406005.75,0,0,2406005.75,0,0,2406005.75,0,0,2406005.75,0,0,3208007.67,0,0,3208007.67,0,0,2406005.75,0,0,2406005.75,0,0,2406005.75,0,0,2406005.75,0,0,2406005.75,0,0,2406005.75,0,0,2406005.75,0,0,2406005.75,0,0,2406005.75,0,0,2406005.75,0,0,2406005.75,0,0,2406005.75,0,0,2406005.75,0,0,2406005.75,0,0,2406005.75,0,0,2406005.75,0,0,2406005.75,0,0,2406005.75,0,0,2406005.75,0,0,2406005.75,0,0,2406005.75,0,0,2406005.75,0,0,3208007.67,0,0,2406005.75,0,0,2406005.75,0,0,2406005.75,0,0,2406005.75,0,0,2406005.75,0,0,2406005.75,0,0,2406005.75
0,0,0,2020-08-17,COVOBES,0,0,0,0,0,0,0,0,0,0,0,0,0,0,0,0,0,0,0,0,0,0,0,0,0,0,0,0,0,0,0,0,0,0,0,0,0,0,0,0,0,0,0,0,0,0,0,0,0,0,2406005.75,0,0,2406005.75,0,0,2406005.75,0,0,2749720.86,0,0,2749720.86,0,0,3208007.67,0,0,2406005.75,0,0,2749720.86,0,0,2406005.75,0,0,2406005.75,0,0,2406005.75,0,0,2406005.75,0,0,2406005.75,0,0,2406005.75,0,0,2406005.75,0,0,2406005.75,0,0,3208007.67,0,0,3208007.67,0,0,2406005.75,0,0,2406005.75,0,0,2406005.75,0,0,2406005.75,0,0,2406005.75,0,0,2406005.75,0,0,2406005.75,0,0,2406005.75,0,0,2406005.75,0,0,2406005.75,0,0,2406005.75,0,0,2406005.75,0,0,2406005.75,0,0,2406005.75,0,0,2406005.75,0,0,2406005.75,0,0,2406005.75,0,0,2406005.75,0,0,2406005.75,0,0,2406005.75,0,0,2406005.75,0,0,2406005.75,0,0,3208007.67,0,0,2406005.75,0,0,2406005.75,0,0,2406005.75,0,0,2406005.75,0,0,2406005.75,0,0,2406005.75,0,0,2406005.75
0,0,0,2020-08-24,COVOBES,0,0,0,0,0,0,0,0,0,0,0,0,0,0,0,0,0,0,0,0,0,0,0,0,0,0,0,0,0,0,0,0,0,0,0,0,0,0,0,0,0,0,0,0,0,0,0,0,0,0,2406005.75,0,0,2406005.75,0,0,2406005.75,0,0,2749720.86,0,0,2749720.86,0,0,3208007.67,0,0,2406005.75,0,0,2749720.86,0,0,2406005.75,0,0,2406005.75,0,0,2406005.75,0,0,2406005.75,0,0,2406005.75,0,0,2406005.75,0,0,2406005.75,0,0,2406005.75,0,0,3208007.67,0,0,3208007.67,0,0,2406005.75,0,0,2406005.75,0,0,2406005.75,0,0,2406005.75,0,0,2406005.75,0,0,2406005.75,0,0,2406005.75,0,0,2406005.75,0,0,2406005.75,0,0,2406005.75,0,0,2406005.75,0,0,2406005.75,0,0,2406005.75,0,0,2406005.75,0,0,2406005.75,0,0,2406005.75,0,0,2406005.75,0,0,2406005.75,0,0,2406005.75,0,0,2406005.75,0,0,2406005.75,0,0,2406005.75,0,0,3208007.67,0,0,2406005.75,0,0,2406005.75,0,0,2406005.75,0,0,2406005.75,0,0,2406005.75,0,0,2406005.75,0,0,2406005.75
0,0,0,2020-08-31,COVOBES,0,0,0,0,0,0,0,0,0,0,0,0,0,0,0,0,0,0,0,0,0,0,0,0,0,0,0,0,0,0,0,0,0,0,0,0,0,0,0,0,0,0,0,0,0,0,0,0,0,0,2406005.75,0,0,2406005.75,0,0,2406005.75,0,0,2749720.86,0,0,2749720.86,0,0,3208007.67,0,0,2406005.75,0,0,2749720.86,0,0,2406005.75,0,0,2406005.75,0,0,2406005.75,0,0,2406005.75,0,0,2406005.75,0,0,2406005.75,0,0,2406005.75,0,0,2406005.75,0,0,3208007.67,0,0,3208007.67,0,0,2406005.75,0,0,2406005.75,0,0,2406005.75,0,0,2406005.75,0,0,2406005.75,0,0,2406005.75,0,0,2406005.75,0,0,2406005.75,0,0,2406005.75,0,0,2406005.75,0,0,2406005.75,0,0,2406005.75,0,0,2406005.75,0,0,2406005.75,0,0,2406005.75,0,0,2406005.75,0,0,2406005.75,0,0,2406005.75,0,0,2406005.75,0,0,2406005.75,0,0,2406005.75,0,0,2406005.75,0,0,3208007.67,0,0,2406005.75,0,0,2406005.75,0,0,2406005.75,0,0,2406005.75,0,0,2406005.75,0,0,2406005.75,0,0,2406005.75
0,0,0,2020-09-07,COVOBES,0,0,0,0,0,0,0,0,0,0,0,0,0,0,0,0,0,0,0,0,0,0,0,0,0,0,0,0,0,0,0,0,0,0,0,0,0,0,0,0,0,0,0,0,0,0,0,0,0,0,2406005.75,0,0,2406005.75,0,0,2406005.75,0,0,2749720.86,0,0,2749720.86,0,0,3208007.67,0,0,2406005.75,0,0,2749720.86,0,0,2406005.75,0,0,2406005.75,0,0,2406005.75,0,0,2406005.75,0,0,2406005.75,0,0,2406005.75,0,0,2406005.75,0,0,2406005.75,0,0,3208007.67,0,0,3208007.67,0,0,2406005.75,0,0,2406005.75,0,0,2406005.75,0,0,2406005.75,0,0,2406005.75,0,0,2406005.75,0,0,2406005.75,0,0,2406005.75,0,0,2406005.75,0,0,2406005.75,0,0,2406005.75,0,0,2406005.75,0,0,2406005.75,0,0,2406005.75,0,0,2406005.75,0,0,2406005.75,0,0,2406005.75,0,0,2406005.75,0,0,2406005.75,0,0,2406005.75,0,0,2406005.75,0,0,2406005.75,0,0,3208007.67,0,0,2406005.75,0,0,2406005.75,0,0,2406005.75,0,0,2406005.75,0,0,2406005.75,0,0,2406005.75,0,0,2406005.75
0,0,0,2020-09-14,COVOBES,0,0,0,0,0,0,0,0,0,0,0,0,0,0,0,0,0,0,0,0,0,0,0,0,0,0,0,0,0,0,0,0,0,0,0,0,0,0,0,0,0,0,0,0,0,0,0,0,0,0,2406005.75,0,0,2406005.75,0,0,2406005.75,0,0,2749720.86,0,0,2749720.86,0,0,3208007.67,0,0,2406005.75,0,0,2749720.86,0,0,2406005.75,0,0,2406005.75,0,0,2406005.75,0,0,2406005.75,0,0,2406005.75,0,0,2406005.75,0,0,2406005.75,0,0,2406005.75,0,0,3208007.67,0,0,3208007.67,0,0,2406005.75,0,0,2406005.75,0,0,2406005.75,0,0,2406005.75,0,0,2406005.75,0,0,2406005.75,0,0,2406005.75,0,0,2406005.75,0,0,2406005.75,0,0,2406005.75,0,0,2406005.75,0,0,2406005.75,0,0,2406005.75,0,0,2406005.75,0,0,2406005.75,0,0,2406005.75,0,0,2406005.75,0,0,2406005.75,0,0,2406005.75,0,0,2406005.75,0,0,2406005.75,0,0,2406005.75,0,0,3208007.67,0,0,2406005.75,0,0,2406005.75,0,0,2406005.75,0,0,2406005.75,0,0,2406005.75,0,0,2406005.75,0,0,2406005.75
0,0,0,2020-09-21,COVOBES,0,0,0,0,0,0,0,0,0,0,0,0,0,0,0,0,0,0,0,0,0,0,0,0,0,0,0,0,0,0,0,0,0,0,0,0,0,0,0,0,0,0,0,0,0,0,0,0,0,0,2406005.75,0,0,2406005.75,0,0,2406005.75,0,0,2749720.86,0,0,2749720.86,0,0,3208007.67,0,0,2406005.75,0,0,2749720.86,0,0,2406005.75,0,0,2406005.75,0,0,2406005.75,0,0,2406005.75,0,0,2406005.75,0,0,2406005.75,0,0,2406005.75,0,0,2406005.75,0,0,3208007.67,0,0,3208007.67,0,0,2406005.75,0,0,2406005.75,0,0,2406005.75,0,0,2406005.75,0,0,2406005.75,0,0,2406005.75,0,0,2406005.75,0,0,2406005.75,0,0,2406005.75,0,0,2406005.75,0,0,2406005.75,0,0,2406005.75,0,0,2406005.75,0,0,2406005.75,0,0,2406005.75,0,0,2406005.75,0,0,2406005.75,0,0,2406005.75,0,0,2406005.75,0,0,2406005.75,0,0,2406005.75,0,0,2406005.75,0,0,3208007.67,0,0,2406005.75,0,0,2406005.75,0,0,2406005.75,0,0,2406005.75,0,0,2406005.75,0,0,2406005.75,0,0,2406005.75
0,0,0,2020-09-28,COVOBES,0,0,0,0,0,0,0,0,0,0,0,0,0,0,0,0,0,0,0,0,0,0,0,0,0,0,0,0,0,0,0,0,0,0,0,0,0,0,0,0,0,0,0,0,0,0,0,0,0,0,2406005.75,0,0,2406005.75,0,0,2406005.75,0,0,2749720.86,0,0,2749720.86,0,0,3208007.67,0,0,2406005.75,0,0,2749720.86,0,0,2406005.75,0,0,2406005.75,0,0,2406005.75,0,0,2406005.75,0,0,2406005.75,0,0,2406005.75,0,0,2406005.75,0,0,2406005.75,0,0,3208007.67,0,0,3208007.67,0,0,2406005.75,0,0,2406005.75,0,0,2406005.75,0,0,2406005.75,0,0,2406005.75,0,0,2406005.75,0,0,2406005.75,0,0,2406005.75,0,0,2406005.75,0,0,2406005.75,0,0,2406005.75,0,0,2406005.75,0,0,2406005.75,0,0,2406005.75,0,0,2406005.75,0,0,2406005.75,0,0,2406005.75,0,0,2406005.75,0,0,2406005.75,0,0,2406005.75,0,0,2406005.75,0,0,2406005.75,0,0,3208007.67,0,0,2406005.75,0,0,2406005.75,0,0,2406005.75,0,0,2406005.75,0,0,2406005.75,0,0,2406005.75,0,0,2406005.75
0,0,0,2020-10-05,COVOBES,0,0,0,0,0,0,0,0,0,0,0,0,0,0,0,0,0,0,0,0,0,0,0,0,0,0,0,0,0,0,0,0,0,0,0,0,0,0,0,0,0,0,0,0,0,0,0,0,0,0,2406005.75,0,0,2406005.75,0,0,2406005.75,0,0,2749720.86,0,0,2749720.86,0,0,3208007.67,0,0,2406005.75,0,0,2749720.86,0,0,2406005.75,0,0,2406005.75,0,0,2406005.75,0,0,2406005.75,0,0,2406005.75,0,0,2406005.75,0,0,2406005.75,0,0,2406005.75,0,0,3208007.67,0,0,3208007.67,0,0,2406005.75,0,0,2406005.75,0,0,2406005.75,0,0,2406005.75,0,0,2406005.75,0,0,2406005.75,0,0,2406005.75,0,0,2406005.75,0,0,2406005.75,0,0,2406005.75,0,0,2406005.75,0,0,2406005.75,0,0,2406005.75,0,0,2406005.75,0,0,2406005.75,0,0,2406005.75,0,0,2406005.75,0,0,2406005.75,0,0,2406005.75,0,0,2406005.75,0,0,2406005.75,0,0,2406005.75,0,0,3208007.67,0,0,2406005.75,0,0,2406005.75,0,0,2406005.75,0,0,2406005.75,0,0,2406005.75,0,0,2406005.75,0,0,2406005.75
0,0,0,2020-10-12,COVOBES,0,0,0,0,0,0,0,0,0,0,0,0,0,0,0,0,0,0,0,0,0,0,0,0,0,0,0,0,0,0,0,0,0,0,0,0,0,0,0,0,0,0,0,0,0,0,0,0,0,0,2406005.75,0,0,2406005.75,0,0,2406005.75,0,0,2749720.86,0,0,2749720.86,0,0,3208007.67,0,0,2406005.75,0,0,2749720.86,0,0,2406005.75,0,0,2406005.75,0,0,2406005.75,0,0,2406005.75,0,0,2406005.75,0,0,2406005.75,0,0,2406005.75,0,0,2406005.75,0,0,3208007.67,0,0,3208007.67,0,0,2406005.75,0,0,2406005.75,0,0,2406005.75,0,0,2406005.75,0,0,2406005.75,0,0,2406005.75,0,0,2406005.75,0,0,2406005.75,0,0,2406005.75,0,0,2406005.75,0,0,2406005.75,0,0,2406005.75,0,0,2406005.75,0,0,2406005.75,0,0,2406005.75,0,0,2406005.75,0,0,2406005.75,0,0,2406005.75,0,0,2406005.75,0,0,2406005.75,0,0,2406005.75,0,0,2406005.75,0,0,3208007.67,0,0,2406005.75,0,0,2406005.75,0,0,2406005.75,0,0,2406005.75,0,0,2406005.75,0,0,2406005.75,0,0,2406005.75
0,0,0,2020-10-19,COVOBES,0,0,0,0,0,0,0,0,0,0,0,0,0,0,0,0,0,0,0,0,0,0,0,0,0,0,0,0,0,0,0,0,0,0,0,0,0,0,0,0,0,0,0,0,0,0,0,0,0,0,2406005.75,0,0,2406005.75,0,0,2406005.75,0,0,2749720.86,0,0,2749720.86,0,0,3208007.67,0,0,2406005.75,0,0,2749720.86,0,0,2406005.75,0,0,2406005.75,0,0,2406005.75,0,0,2406005.75,0,0,2406005.75,0,0,2406005.75,0,0,2406005.75,0,0,2406005.75,0,0,3208007.67,0,0,3208007.67,0,0,2406005.75,0,0,2406005.75,0,0,2406005.75,0,0,2406005.75,0,0,2406005.75,0,0,2406005.75,0,0,2406005.75,0,0,2406005.75,0,0,2406005.75,0,0,2406005.75,0,0,2406005.75,0,0,2406005.75,0,0,2406005.75,0,0,2406005.75,0,0,2406005.75,0,0,2406005.75,0,0,2406005.75,0,0,2406005.75,0,0,2406005.75,0,0,2406005.75,0,0,2406005.75,0,0,2406005.75,0,0,3208007.67,0,0,2406005.75,0,0,2406005.75,0,0,2406005.75,0,0,2406005.75,0,0,2406005.75,0,0,2406005.75,0,0,2406005.75
0,0,0,2020-10-26,COVOBES,0,0,0,0,0,0,0,0,0,0,0,0,0,0,0,0,0,0,0,0,0,0,0,0,0,0,0,0,0,0,0,0,0,0,0,0,0,0,0,0,0,0,0,0,0,0,0,0,0,0,2406005.75,0,0,2406005.75,0,0,2406005.75,0,0,2749720.86,0,0,2749720.86,0,0,3208007.67,0,0,2406005.75,0,0,2749720.86,0,0,2406005.75,0,0,2406005.75,0,0,2406005.75,0,0,2406005.75,0,0,2406005.75,0,0,2406005.75,0,0,2406005.75,0,0,2406005.75,0,0,3208007.67,0,0,3208007.67,0,0,2406005.75,0,0,2406005.75,0,0,2406005.75,0,0,2406005.75,0,0,2406005.75,0,0,2406005.75,0,0,2406005.75,0,0,2406005.75,0,0,2406005.75,0,0,2406005.75,0,0,2406005.75,0,0,2406005.75,0,0,2406005.75,0,0,2406005.75,0,0,2406005.75,0,0,2406005.75,0,0,2406005.75,0,0,2406005.75,0,0,2406005.75,0,0,2406005.75,0,0,2406005.75,0,0,2406005.75,0,0,3208007.67,0,0,2406005.75,0,0,2406005.75,0,0,2406005.75,0,0,2406005.75,0,0,2406005.75,0,0,2406005.75,0,0,2406005.75
0,0,0,2020-11-02,COVOBES,0,0,0,0,0,0,0,0,0,0,0,0,0,0,0,0,0,0,0,0,0,0,0,0,0,0,0,0,0,0,0,0,0,0,0,0,0,0,0,0,0,0,0,0,0,0,0,0,0,0,2406005.75,0,0,2406005.75,0,0,2406005.75,0,0,2749720.86,0,0,2749720.86,0,0,3208007.67,0,0,2406005.75,0,0,2749720.86,0,0,2406005.75,0,0,2406005.75,0,0,2406005.75,0,0,2406005.75,0,0,2406005.75,0,0,2406005.75,0,0,2406005.75,0,0,2406005.75,0,0,3208007.67,0,0,3208007.67,0,0,2406005.75,0,0,2406005.75,0,0,2406005.75,0,0,2406005.75,0,0,2406005.75,0,0,2406005.75,0,0,2406005.75,0,0,2406005.75,0,0,2406005.75,0,0,2406005.75,0,0,2406005.75,0,0,2406005.75,0,0,2406005.75,0,0,2406005.75,0,0,2406005.75,0,0,2406005.75,0,0,2406005.75,0,0,2406005.75,0,0,2406005.75,0,0,2406005.75,0,0,2406005.75,0,0,2406005.75,0,0,3208007.67,0,0,2406005.75,0,0,2406005.75,0,0,2406005.75,0,0,2406005.75,0,0,2406005.75,0,0,2406005.75,0,0,2406005.75
0,0,0,2020-11-09,COVOBES,0,0,0,0,0,0,0,0,0,0,0,0,0,0,0,0,0,0,0,0,0,0,0,0,0,0,0,0,0,0,0,0,0,0,0,0,0,0,0,0,0,0,0,0,0,0,0,0,0,0,2406005.75,0,0,2406005.75,0,0,2406005.75,0,0,2749720.86,0,0,2749720.86,0,0,3208007.67,0,0,2406005.75,0,0,2749720.86,0,0,2406005.75,0,0,2406005.75,0,0,2406005.75,0,0,2406005.75,0,0,2406005.75,0,0,2406005.75,0,0,2406005.75,0,0,2406005.75,0,0,3208007.67,0,0,3208007.67,0,0,2406005.75,0,0,2406005.75,0,0,2406005.75,0,0,2406005.75,0,0,2406005.75,0,0,2406005.75,0,0,2406005.75,0,0,2406005.75,0,0,2406005.75,0,0,2406005.75,0,0,2406005.75,0,0,2406005.75,0,0,2406005.75,0,0,2406005.75,0,0,2406005.75,0,0,2406005.75,0,0,2406005.75,0,0,2406005.75,0,0,2406005.75,0,0,2406005.75,0,0,2406005.75,0,0,2406005.75,0,0,3208007.67,0,0,2406005.75,0,0,2406005.75,0,0,2406005.75,0,0,2406005.75,0,0,2406005.75,0,0,2406005.75,0,0,2406005.75
0,0,0,2020-11-16,COVOBES,0,0,0,0,0,0,0,0,0,0,0,0,0,0,0,0,0,0,0,0,0,0,0,0,0,0,0,0,0,0,0,0,0,0,0,0,0,0,0,0,0,0,0,0,0,0,0,0,0,0,2406005.75,0,0,2406005.75,0,0,2406005.75,0,0,2749720.86,0,0,2749720.86,0,0,3208007.67,0,0,2406005.75,0,0,2749720.86,0,0,2406005.75,0,0,2406005.75,0,0,2406005.75,0,0,2406005.75,0,0,2406005.75,0,0,2406005.75,0,0,2406005.75,0,0,2406005.75,0,0,3208007.67,0,0,3208007.67,0,0,2406005.75,0,0,2406005.75,0,0,2406005.75,0,0,2406005.75,0,0,2406005.75,0,0,2406005.75,0,0,2406005.75,0,0,2406005.75,0,0,2406005.75,0,0,2406005.75,0,0,2406005.75,0,0,2406005.75,0,0,2406005.75,0,0,2406005.75,0,0,2406005.75,0,0,2406005.75,0,0,2406005.75,0,0,2406005.75,0,0,2406005.75,0,0,2406005.75,0,0,2406005.75,0,0,2406005.75,0,0,3208007.67,0,0,2406005.75,0,0,2406005.75,0,0,2406005.75,0,0,2406005.75,0,0,2406005.75,0,0,2406005.75,0,0,2406005.75
0,0,0,2020-11-23,COVOBES,0,0,0,0,0,0,0,0,0,0,0,0,0,0,0,0,0,0,0,0,0,0,0,0,0,0,0,0,0,0,0,0,0,0,0,0,0,0,0,0,0,0,0,0,0,0,0,0,0,0,2406005.75,0,0,2406005.75,0,0,2406005.75,0,0,2749720.86,0,0,2749720.86,0,0,3208007.67,0,0,2406005.75,0,0,2749720.86,0,0,2406005.75,0,0,2406005.75,0,0,2406005.75,0,0,2406005.75,0,0,2406005.75,0,0,2406005.75,0,0,2406005.75,0,0,2406005.75,0,0,3208007.67,0,0,3208007.67,0,0,2406005.75,0,0,2406005.75,0,0,2406005.75,0,0,2406005.75,0,0,2406005.75,0,0,2406005.75,0,0,2406005.75,0,0,2406005.75,0,0,2406005.75,0,0,2406005.75,0,0,2406005.75,0,0,2406005.75,0,0,2406005.75,0,0,2406005.75,0,0,2406005.75,0,0,2406005.75,0,0,2406005.75,0,0,2406005.75,0,0,2406005.75,0,0,2406005.75,0,0,2406005.75,0,0,2406005.75,0,0,3208007.67,0,0,2406005.75,0,0,2406005.75,0,0,2406005.75,0,0,2406005.75,0,0,2406005.75,0,0,2406005.75,0,0,2406005.75
0,0,0,2020-11-30,COVOBES,0,0,0,0,0,0,0,0,0,0,0,0,0,0,0,0,0,0,0,0,0,0,0,0,0,0,0,0,0,0,0,0,0,0,0,0,0,0,0,0,0,0,0,0,0,0,0,0,0,0,2406005.75,0,0,2406005.75,0,0,2406005.75,0,0,2749720.86,0,0,2749720.86,0,0,3208007.67,0,0,2406005.75,0,0,2749720.86,0,0,2406005.75,0,0,2406005.75,0,0,2406005.75,0,0,2406005.75,0,0,2406005.75,0,0,2406005.75,0,0,2406005.75,0,0,2406005.75,0,0,3208007.67,0,0,3208007.67,0,0,2406005.75,0,0,2406005.75,0,0,2406005.75,0,0,2406005.75,0,0,2406005.75,0,0,2406005.75,0,0,2406005.75,0,0,2406005.75,0,0,2406005.75,0,0,2406005.75,0,0,2406005.75,0,0,2406005.75,0,0,2406005.75,0,0,2406005.75,0,0,2406005.75,0,0,2406005.75,0,0,2406005.75,0,0,2406005.75,0,0,2406005.75,0,0,2406005.75,0,0,2406005.75,0,0,2406005.75,0,0,3208007.67,0,0,2406005.75,0,0,2406005.75,0,0,2406005.75,0,0,2406005.75,0,0,2406005.75,0,0,2406005.75,0,0,2406005.75
0,0,0,2020-12-07,COVOBES,0,0,0,0,0,0,0,0,0,0,0,0,0,0,0,0,0,0,0,0,0,0,0,0,0,0,0,0,0,0,0,0,0,0,0,0,0,0,0,0,0,0,0,0,0,0,0,0,0,0,2406005.75,0,0,2406005.75,0,0,2406005.75,0,0,2749720.86,0,0,2749720.86,0,0,3208007.67,0,0,2406005.75,0,0,2749720.86,0,0,2406005.75,0,0,2406005.75,0,0,2406005.75,0,0,2406005.75,0,0,2406005.75,0,0,2406005.75,0,0,2406005.75,0,0,2406005.75,0,0,3208007.67,0,0,3208007.67,0,0,2406005.75,0,0,2406005.75,0,0,2406005.75,0,0,2406005.75,0,0,2406005.75,0,0,2406005.75,0,0,2406005.75,0,0,2406005.75,0,0,2406005.75,0,0,2406005.75,0,0,2406005.75,0,0,2406005.75,0,0,2406005.75,0,0,2406005.75,0,0,2406005.75,0,0,2406005.75,0,0,2406005.75,0,0,2406005.75,0,0,2406005.75,0,0,2406005.75,0,0,2406005.75,0,0,2406005.75,0,0,3208007.67,0,0,2406005.75,0,0,2406005.75,0,0,2406005.75,0,0,2406005.75,0,0,2406005.75,0,0,2406005.75,0,0,2406005.75
0,0,0,2020-12-14,COVOBES,0,0,0,0,0,0,0,0,0,0,0,0,0,0,0,0,0,0,0,0,0,0,0,0,0,0,0,0,0,0,0,0,0,0,0,0,0,0,0,0,0,0,0,0,0,0,0,0,0,0,2406005.75,0,0,2406005.75,0,0,2406005.75,0,0,2749720.86,0,0,2749720.86,0,0,3208007.67,0,0,2406005.75,0,0,2749720.86,0,0,2406005.75,0,0,2406005.75,0,0,2406005.75,0,0,2406005.75,0,0,2406005.75,0,0,2406005.75,0,0,2406005.75,0,0,2406005.75,0,0,3208007.67,0,0,3208007.67,0,0,2406005.75,0,0,2406005.75,0,0,2406005.75,0,0,2406005.75,0,0,2406005.75,0,0,2406005.75,0,0,2406005.75,0,0,2406005.75,0,0,2406005.75,0,0,2406005.75,0,0,2406005.75,0,0,2406005.75,0,0,2406005.75,0,0,2406005.75,0,0,2406005.75,0,0,2406005.75,0,0,2406005.75,0,0,2406005.75,0,0,2406005.75,0,0,2406005.75,0,0,2406005.75,0,0,2406005.75,0,0,3208007.67,0,0,2406005.75,0,0,2406005.75,0,0,2406005.75,0,0,2406005.75,0,0,2406005.75,0,0,2406005.75,0,0,2406005.75
0,0,0,2020-12-21,COVOBES,0,0,0,0,0,0,0,0,0,0,0,0,0,0,0,0,0,0,0,0,0,0,0,0,0,0,0,0,0,0,0,0,0,0,0,0,0,0,0,0,0,0,0,0,0,0,0,0,0,0,2406005.75,0,0,2406005.75,0,0,2406005.75,0,0,2749720.86,0,0,2749720.86,0,0,3208007.67,0,0,2406005.75,0,0,2749720.86,0,0,2406005.75,0,0,2406005.75,0,0,2406005.75,0,0,2406005.75,0,0,2406005.75,0,0,2406005.75,0,0,2406005.75,0,0,2406005.75,0,0,3208007.67,0,0,3208007.67,0,0,2406005.75,0,0,2406005.75,0,0,2406005.75,0,0,2406005.75,0,0,2406005.75,0,0,2406005.75,0,0,2406005.75,0,0,2406005.75,0,0,2406005.75,0,0,2406005.75,0,0,2406005.75,0,0,2406005.75,0,0,2406005.75,0,0,2406005.75,0,0,2406005.75,0,0,2406005.75,0,0,2406005.75,0,0,2406005.75,0,0,2406005.75,0,0,2406005.75,0,0,2406005.75,0,0,2406005.75,0,0,3208007.67,0,0,2406005.75,0,0,2406005.75,0,0,2406005.75,0,0,2406005.75,0,0,2406005.75,0,0,2406005.75,0,0,2406005.75
0,0,0,2020-12-28,COVOBES,0,0,0,0,0,0,0,0,0,0,0,0,0,0,0,0,0,0,0,0,0,0,0,0,0,0,0,0,0,0,0,0,0,0,0,0,0,0,0,0,0,0,0,0,0,0,0,0,0,0,2406005.75,0,0,2406005.75,0,0,2406005.75,0,0,2749720.86,0,0,2749720.86,0,0,3208007.67,0,0,2406005.75,0,0,2749720.86,0,0,2406005.75,0,0,2406005.75,0,0,2406005.75,0,0,2406005.75,0,0,2406005.75,0,0,2406005.75,0,0,2406005.75,0,0,2406005.75,0,0,3208007.67,0,0,3208007.67,0,0,2406005.75,0,0,2406005.75,0,0,2406005.75,0,0,2406005.75,0,0,2406005.75,0,0,2406005.75,0,0,2406005.75,0,0,2406005.75,0,0,2406005.75,0,0,2406005.75,0,0,2406005.75,0,0,2406005.75,0,0,2406005.75,0,0,2406005.75,0,0,2406005.75,0,0,2406005.75,0,0,2406005.75,0,0,2406005.75,0,0,2406005.75,0,0,2406005.75,0,0,2406005.75,0,0,2406005.75,0,0,3208007.67,0,0,2406005.75,0,0,2406005.75,0,0,2406005.75,0,0,2406005.75,0,0,2406005.75,0,0,2406005.75,0,0,2406005.75
0,0,0,2021-01-04,COVOBES,0,0,0,0,0,0,0,0,0,0,0,0,0,0,0,0,0,0,0,0,0,0,0,0,0,0,0,0,0,0,0,0,0,0,0,0,0,0,0,0,0,0,0,0,0,0,0,0,0,0,2449751.31,0,0,2449751.31,0,0,2449751.31,0,0,2807006.71,0,0,2807006.71,0,0,3286251.76,0,0,2449751.31,0,0,2807006.71,0,0,2449751.31,0,0,2449751.31,0,0,2449751.31,0,0,2449751.31,0,0,2449751.31,0,0,2449751.31,0,0,2449751.31,0,0,2449751.31,0,0,3286251.76,0,0,3286251.76,0,0,2449751.31,0,0,2449751.31,0,0,2449751.31,0,0,2449751.31,0,0,2449751.31,0,0,2449751.31,0,0,2449751.31,0,0,2449751.31,0,0,2449751.31,0,0,2449751.31,0,0,2449751.31,0,0,2449751.31,0,0,2449751.31,0,0,2449751.31,0,0,2449751.31,0,0,2449751.31,0,0,2449751.31,0,0,2449751.31,0,0,2449751.31,0,0,2449751.31,0,0,2449751.31,0,0,2449751.31,0,0,3286251.76,0,0,2449751.31,0,0,2449751.31,0,0,2449751.31,0,0,2449751.31,0,0,2449751.31,0,0,2449751.31,0,0,2449751.31
0,0,0,2021-01-11,COVOBES,0,0,0,0,0,0,0,0,0,0,0,0,0,0,0,0,0,0,0,0,0,0,0,0,0,0,0,0,0,0,0,0,0,0,0,0,0,0,0,0,0,0,0,0,0,0,0,0,0,0,2749720.86,0,0,2749720.86,0,0,2749720.86,0,0,3208007.67,0,0,3208007.67,0,0,3849609.2,0,0,2749720.86,0,0,3208007.67,0,0,2749720.86,0,0,2749720.86,0,0,2749720.86,0,0,2749720.86,0,0,2749720.86,0,0,2749720.86,0,0,2749720.86,0,0,2749720.86,0,0,3849609.2,0,0,3849609.2,0,0,2749720.86,0,0,2749720.86,0,0,2749720.86,0,0,2749720.86,0,0,2749720.86,0,0,2749720.86,0,0,2749720.86,0,0,2749720.86,0,0,2749720.86,0,0,2749720.86,0,0,2749720.86,0,0,2749720.86,0,0,2749720.86,0,0,2749720.86,0,0,2749720.86,0,0,2749720.86,0,0,2749720.86,0,0,2749720.86,0,0,2749720.86,0,0,2749720.86,0,0,2749720.86,0,0,2749720.86,0,0,3849609.2,0,0,2749720.86,0,0,2749720.86,0,0,2749720.86,0,0,2749720.86,0,0,2749720.86,0,0,2749720.86,0,0,2749720.86
0,0,0,2021-01-18,COVOBES,0,0,0,0,0,0,0,0,0,0,0,0,0,0,0,0,0,0,0,0,0,0,0,0,0,0,0,0,0,0,0,0,0,0,0,0,0,0,0,0,0,0,0,0,0,0,0,0,0,0,2749720.86,0,0,2749720.86,0,0,2749720.86,0,0,3208007.67,0,0,3208007.67,0,0,3849609.2,0,0,2749720.86,0,0,3208007.67,0,0,2749720.86,0,0,2749720.86,0,0,2749720.86,0,0,2749720.86,0,0,2749720.86,0,0,2749720.86,0,0,2749720.86,0,0,2749720.86,0,0,3849609.2,0,0,3849609.2,0,0,2749720.86,0,0,2749720.86,0,0,2749720.86,0,0,2749720.86,0,0,2749720.86,0,0,2749720.86,0,0,2749720.86,0,0,2749720.86,0,0,2749720.86,0,0,2749720.86,0,0,2749720.86,0,0,2749720.86,0,0,2749720.86,0,0,2749720.86,0,0,2749720.86,0,0,2749720.86,0,0,2749720.86,0,0,2749720.86,0,0,2749720.86,0,0,2749720.86,0,0,2749720.86,0,0,2749720.86,0,0,3849609.2,0,0,2749720.86,0,0,2749720.86,0,0,2749720.86,0,0,2749720.86,0,0,2749720.86,0,0,2749720.86,0,0,2749720.86
0,0,0,2021-01-25,COVOBES,0,0,0,0,0,0,0,0,0,0,0,0,0,0,0,0,0,0,0,0,0,0,0,0,0,0,0,0,0,0,0,0,0,0,0,0,0,0,0,0,0,0,0,0,0,0,0,0,0,0,2749720.86,0,0,2749720.86,0,0,2749720.86,0,0,3208007.67,0,0,3208007.67,0,0,3849609.2,0,0,2749720.86,0,0,3208007.67,0,0,2749720.86,0,0,2749720.86,0,0,2749720.86,0,0,2749720.86,0,0,2749720.86,0,0,2749720.86,0,0,2749720.86,0,0,2749720.86,0,0,3849609.2,0,0,3849609.2,0,0,2749720.86,0,0,2749720.86,0,0,2749720.86,0,0,2749720.86,0,0,2749720.86,0,0,2749720.86,0,0,2749720.86,0,0,2749720.86,0,0,2749720.86,0,0,2749720.86,0,0,2749720.86,0,0,2749720.86,0,0,2749720.86,0,0,2749720.86,0,0,2749720.86,0,0,2749720.86,0,0,2749720.86,0,0,2749720.86,0,0,2749720.86,0,0,2749720.86,0,0,2749720.86,0,0,2749720.86,0,0,3849609.2,0,0,2749720.86,0,0,2749720.86,0,0,2749720.86,0,0,2749720.86,0,0,2749720.86,0,0,2749720.86,0,0,2749720.86
0,0,0,2021-02-01,COVOBES,0,0,0,0,0,0,0,0,0,0,0,0,0,0,0,0,0,0,0,0,0,0,0,0,0,0,0,0,0,0,0,0,0,0,0,0,0,0,0,0,0,0,0,0,0,0,0,0,0,0,2749720.86,0,0,2749720.86,0,0,2749720.86,0,0,3208007.67,0,0,3208007.67,0,0,3849609.2,0,0,2749720.86,0,0,3208007.67,0,0,2749720.86,0,0,2749720.86,0,0,2749720.86,0,0,2749720.86,0,0,2749720.86,0,0,2749720.86,0,0,2749720.86,0,0,2749720.86,0,0,3849609.2,0,0,3849609.2,0,0,2749720.86,0,0,2749720.86,0,0,2749720.86,0,0,2749720.86,0,0,2749720.86,0,0,2749720.86,0,0,2749720.86,0,0,2749720.86,0,0,2749720.86,0,0,2749720.86,0,0,2749720.86,0,0,2749720.86,0,0,2749720.86,0,0,2749720.86,0,0,2749720.86,0,0,2749720.86,0,0,2749720.86,0,0,2749720.86,0,0,2749720.86,0,0,2749720.86,0,0,2749720.86,0,0,2749720.86,0,0,3849609.2,0,0,2749720.86,0,0,2749720.86,0,0,2749720.86,0,0,2749720.86,0,0,2749720.86,0,0,2749720.86,0,0,2749720.86
0,0,0,2021-02-08,COVOBES,0,0,0,0,0,0,0,0,0,0,0,0,0,0,0,0,0,0,0,0,0,0,0,0,0,0,0,0,0,0,0,0,0,0,0,0,0,0,0,0,0,0,0,0,0,0,0,0,0,0,2749720.86,0,0,2749720.86,0,0,2749720.86,0,0,3208007.67,0,0,3208007.67,0,0,3849609.2,0,0,2749720.86,0,0,3208007.67,0,0,2749720.86,0,0,2749720.86,0,0,2749720.86,0,0,2749720.86,0,0,2749720.86,0,0,2749720.86,0,0,2749720.86,0,0,2749720.86,0,0,3849609.2,0,0,3849609.2,0,0,2749720.86,0,0,2749720.86,0,0,2749720.86,0,0,2749720.86,0,0,2749720.86,0,0,2749720.86,0,0,2749720.86,0,0,2749720.86,0,0,2749720.86,0,0,2749720.86,0,0,2749720.86,0,0,2749720.86,0,0,2749720.86,0,0,2749720.86,0,0,2749720.86,0,0,2749720.86,0,0,2749720.86,0,0,2749720.86,0,0,2749720.86,0,0,2749720.86,0,0,2749720.86,0,0,2749720.86,0,0,3849609.2,0,0,2749720.86,0,0,2749720.86,0,0,2749720.86,0,0,2749720.86,0,0,2749720.86,0,0,2749720.86,0,0,2749720.86
0,0,0,2021-02-15,COVOBES,0,0,0,0,0,0,0,0,0,0,0,0,0,0,0,0,0,0,0,0,0,0,0,0,0,0,0,0,0,0,0,0,0,0,0,0,0,0,0,0,0,0,0,0,0,0,0,0,0,0,2866730.26,0,0,2866730.26,0,0,2866730.26,0,0,3368408.05,0,0,3368408.05,0,0,4082918.85,0,0,2866730.26,0,0,3368408.05,0,0,2866730.26,0,0,2866730.26,0,0,2866730.26,0,0,2866730.26,0,0,2866730.26,0,0,2866730.26,0,0,2866730.26,0,0,2866730.26,0,0,4082918.85,0,0,4082918.85,0,0,2866730.26,0,0,2866730.26,0,0,2866730.26,0,0,2866730.26,0,0,2866730.26,0,0,2866730.26,0,0,2866730.26,0,0,2866730.26,0,0,2866730.26,0,0,2866730.26,0,0,2866730.26,0,0,2866730.26,0,0,2866730.26,0,0,2866730.26,0,0,2866730.26,0,0,2866730.26,0,0,2866730.26,0,0,2866730.26,0,0,2866730.26,0,0,2866730.26,0,0,2866730.26,0,0,2866730.26,0,0,4082918.85,0,0,2866730.26,0,0,2866730.26,0,0,2866730.26,0,0,2866730.26,0,0,2866730.26,0,0,2866730.26,0,0,2866730.26
0,0,0,2021-02-22,COVOBES,0,0,0,0,1,1,0,0,0,0,0,0,0,0,0,0,0,0,0,0,0,0,0,0,0,0,0,0,0,0,0,0,0,0,0,0,0,0,0,0,0,0,0,0,0,0,0,0,0,0,3208007.67,0,0,3208007.67,0,0,3208007.67,0,0,3849609.2,1074264.71,27198.03,5985419.85,1352777.78,34249.37,7537195.36,0,0,3208007.67,0,0,3849609.2,0,0,3208007.67,0,0,3208007.67,0,0,3208007.67,0,0,3208007.67,0,0,3208007.67,0,0,3208007.67,0,0,3208007.67,0,0,3208007.67,0,0,4812011.5,0,0,4812011.5,0,0,3208007.67,0,0,3208007.67,0,0,3208007.67,0,0,3208007.67,0,0,3208007.67,0,0,3208007.67,0,0,3208007.67,0,0,3208007.67,0,0,3208007.67,0,0,3208007.67,0,0,3208007.67,0,0,3208007.67,0,0,3208007.67,0,0,3208007.67,0,0,3208007.67,0,0,3208007.67,0,0,3208007.67,0,0,3208007.67,0,0,3208007.67,0,0,3208007.67,0,0,3208007.67,0,0,3208007.67,0,0,4812011.5,0,0,3208007.67,0,0,3208007.67,0,0,3208007.67,0,0,3208007.67,0,0,3208007.67,0,0,3208007.67,0,0,3208007.67
0,0,0,2021-03-01,COVOBES,0,0,0,0,0,0,0,0,0,0,0,0,0,0,0,0,0,0,0,0,0,0,0,0,0,0,0,0,0,0,0,0,0,0,0,0,0,0,0,0,0,0,0,0,0,0,0,0,0,0,3208007.67,0,0,3208007.67,0,0,3208007.67,0,0,3849609.2,0,0,4812011.5,0,0,6416015.34,0,0,3208007.67,0,0,3849609.2,0,0,3208007.67,0,0,3208007.67,0,0,3208007.67,0,0,3208007.67,0,0,3208007.67,0,0,3208007.67,0,0,3208007.67,0,0,3208007.67,0,0,4812011.5,0,0,4812011.5,0,0,3208007.67,0,0,3208007.67,0,0,3208007.67,0,0,3208007.67,0,0,3208007.67,0,0,3208007.67,0,0,3208007.67,0,0,3208007.67,0,0,3208007.67,0,0,3208007.67,0,0,3208007.67,0,0,3208007.67,0,0,3208007.67,0,0,3208007.67,0,0,3208007.67,0,0,3208007.67,0,0,3208007.67,0,0,3208007.67,0,0,3208007.67,0,0,3208007.67,0,0,3208007.67,0,0,3208007.67,0,0,4812011.5,0,0,3208007.67,0,0,3208007.67,0,0,3208007.67,0,0,3208007.67,0,0,3208007.67,0,0,3208007.67,0,0,3208007.67
0,0,0,2021-03-08,COVOBES,0,0,0,0,0,0,0,0,0,0,0,0,0,0,0,0,0,0,0,0,0,0,0,0,0,0,0,0,0,0,0,0,0,0,0,0,0,0,0,0,0,0,0,0,0,0,0,0,0,0,3742675.61,0,0,3742675.61,0,0,3742675.61,0,0,4210510.06,0,0,5389452.88,0,0,6416015.34,0,0,3742675.61,0,0,4210510.06,0,0,3742675.61,0,0,3742675.61,0,0,3742675.61,0,0,3742675.61,0,0,3742675.61,0,0,3742675.61,0,0,3742675.61,0,0,3742675.61,0,0,5389452.88,0,0,5389452.88,0,0,3742675.61,0,0,3742675.61,0,0,3742675.61,0,0,3742675.61,0,0,3742675.61,0,0,3742675.61,0,0,3742675.61,0,0,3742675.61,0,0,3742675.61,0,0,3742675.61,0,0,3742675.61,0,0,3742675.61,0,0,3742675.61,0,0,3742675.61,0,0,3742675.61,0,0,3742675.61,0,0,3742675.61,0,0,3742675.61,0,0,3742675.61,0,0,3742675.61,0,0,3742675.61,0,0,3742675.61,0,0,5389452.88,0,0,3742675.61,0,0,3742675.61,0,0,3742675.61,0,0,3742675.61,0,0,3742675.61,0,0,3742675.61,0,0,3742675.61
0,0,0,2021-03-15,COVOBES,0,0,0,0,0,0,0,0,0,0,0,0,0,0,0,0,0,0,0,0,0,0,0,0,0,0,0,0,0,0,0,0,0,0,0,0,0,0,0,0,0,0,0,0,0,0,0,0,0,0,4812011.5,0,0,4812011.5,0,0,4812011.5,0,0,4812011.5,0,0,6416015.34,0,0,6416015.34,0,0,4812011.5,0,0,4812011.5,0,0,4812011.5,0,0,4812011.5,0,0,4812011.5,0,0,4812011.5,0,0,4812011.5,0,0,4812011.5,0,0,4812011.5,0,0,4812011.5,0,0,6416015.34,0,0,6416015.34,0,0,4812011.5,0,0,4812011.5,0,0,4812011.5,0,0,4812011.5,0,0,4812011.5,0,0,4812011.5,0,0,4812011.5,0,0,4812011.5,0,0,4812011.5,0,0,4812011.5,0,0,4812011.5,0,0,4812011.5,0,0,4812011.5,0,0,4812011.5,0,0,4812011.5,0,0,4812011.5,0,0,4812011.5,0,0,4812011.5,0,0,4812011.5,0,0,4812011.5,0,0,4812011.5,0,0,4812011.5,0,0,6416015.34,0,0,4812011.5,0,0,4812011.5,0,0,4812011.5,0,0,4812011.5,0,0,4812011.5,0,0,4812011.5,0,0,4812011.5
0,0,0,2021-03-22,COVOBES,0,0,0,0,0,0,0,0,0,0,0,0,0,0,0,0,0,0,0,0,0,0,0,0,0,0,0,0,0,0,0,0,0,0,0,0,0,0,0,0,0,0,0,0,0,0,0,0,0,0,4812011.5,0,0,4812011.5,0,0,4812011.5,0,0,4812011.5,0,0,6416015.34,0,0,6416015.34,0,0,4812011.5,0,0,4812011.5,0,0,4812011.5,0,0,4812011.5,0,0,4812011.5,0,0,4812011.5,0,0,4812011.5,0,0,4812011.5,0,0,4812011.5,0,0,4812011.5,0,0,6416015.34,0,0,6416015.34,0,0,4812011.5,0,0,4812011.5,0,0,4812011.5,0,0,4812011.5,0,0,4812011.5,0,0,4812011.5,0,0,4812011.5,0,0,4812011.5,0,0,4812011.5,0,0,4812011.5,0,0,4812011.5,0,0,4812011.5,0,0,4812011.5,0,0,4812011.5,0,0,4812011.5,0,0,4812011.5,0,0,4812011.5,0,0,4812011.5,0,0,4812011.5,0,0,4812011.5,0,0,4812011.5,0,0,4812011.5,0,0,6416015.34,0,0,4812011.5,0,0,4812011.5,0,0,4812011.5,0,0,4812011.5,0,0,4812011.5,0,0,4812011.5,0,0,4812011.5
0,0,0,2021-03-29,COVOBES,0,0,0,0,0,0,0,0,0,0,0,0,0,0,0,0,0,0,0,0,0,0,0,0,0,0,0,0,0,0,0,0,0,0,0,0,0,0,0,0,0,0,0,0,0,0,0,0,0,0,4812011.5,0,0,4812011.5,0,0,4812011.5,0,0,4812011.5,0,0,6416015.34,0,0,6416015.34,0,0,4812011.5,0,0,4812011.5,0,0,4812011.5,0,0,4812011.5,0,0,4812011.5,0,0,4812011.5,0,0,4812011.5,0,0,4812011.5,0,0,4812011.5,0,0,4812011.5,0,0,6416015.34,0,0,6416015.34,0,0,4812011.5,0,0,4812011.5,0,0,4812011.5,0,0,4812011.5,0,0,4812011.5,0,0,4812011.5,0,0,4812011.5,0,0,4812011.5,0,0,4812011.5,0,0,4812011.5,0,0,4812011.5,0,0,4812011.5,0,0,4812011.5,0,0,4812011.5,0,0,4812011.5,0,0,4812011.5,0,0,4812011.5,0,0,4812011.5,0,0,4812011.5,0,0,4812011.5,0,0,4812011.5,0,0,4812011.5,0,0,6416015.34,0,0,4812011.5,0,0,4812011.5,0,0,4812011.5,0,0,4812011.5,0,0,4812011.5,0,0,4812011.5,0,0,4812011.5
0,0,0,2021-04-05,COVOBES,0,0,0,0,0,0,0,0,0,0,0,0,0,0,0,0,0,0,0,0,0,0,0,0,0,0,0,0,0,0,0,0,0,0,0,0,0,0,0,0,0,0,0,0,0,0,0,0,0,0,4812011.5,0,0,4812011.5,0,0,4812011.5,0,0,4812011.5,0,0,6416015.34,0,0,6416015.34,0,0,4812011.5,0,0,4812011.5,0,0,4812011.5,0,0,4812011.5,0,0,4812011.5,0,0,4812011.5,0,0,4812011.5,0,0,4812011.5,0,0,4812011.5,0,0,4812011.5,0,0,6416015.34,0,0,6416015.34,0,0,4812011.5,0,0,4812011.5,0,0,4812011.5,0,0,4812011.5,0,0,4812011.5,0,0,4812011.5,0,0,4812011.5,0,0,4812011.5,0,0,4812011.5,0,0,4812011.5,0,0,4812011.5,0,0,4812011.5,0,0,4812011.5,0,0,4812011.5,0,0,4812011.5,0,0,4812011.5,0,0,4812011.5,0,0,4812011.5,0,0,4812011.5,0,0,4812011.5,0,0,4812011.5,0,0,4812011.5,0,0,6416015.34,0,0,4812011.5,0,0,4812011.5,0,0,4812011.5,0,0,4812011.5,0,0,4812011.5,0,0,4812011.5,0,0,4812011.5
0,0,0,2021-04-12,COVOBES,0,0,0,0,0,0,0,0,0,0,0,0,0,0,0,0,0,0,0,0,0,0,0,0,0,0,0,0,0,0,0,0,0,0,0,0,0,0,0,0,0,0,0,0,0,0,0,0,0,0,6416015.34,0,0,6416015.34,0,0,6416015.34,0,0,6416015.34,0,0,9624023,0,0,9624023,0,0,6416015.34,0,0,6416015.34,0,0,6416015.34,0,0,6416015.34,0,0,6416015.34,0,0,6416015.34,0,0,6416015.34,0,0,6416015.34,0,0,6416015.34,0,0,6416015.34,0,0,9624023,0,0,9624023,0,0,6416015.34,0,0,6416015.34,0,0,6416015.34,0,0,6416015.34,0,0,6416015.34,0,0,6416015.34,0,0,6416015.34,0,0,6416015.34,0,0,6416015.34,0,0,6416015.34,0,0,6416015.34,0,0,6416015.34,0,0,6416015.34,0,0,6416015.34,0,0,6416015.34,0,0,6416015.34,0,0,6416015.34,0,0,6416015.34,0,0,6416015.34,0,0,6416015.34,0,0,6416015.34,0,0,6416015.34,0,0,9624023,0,0,6416015.34,0,0,6416015.34,0,0,6416015.34,0,0,6416015.34,0,0,6416015.34,0,0,6416015.34,0,0,6416015.34
0,0,0,2021-04-19,COVOBES,0,0,0,0,0,0,0,0,0,0,0,0,0,0,0,0,0,0,0,0,0,0,0,0,0,0,0,0,0,0,0,0,0,0,0,0,0,0,0,0,0,0,0,0,0,0,0,0,0,0,6416015.34,0,0,6416015.34,0,0,6416015.34,0,0,6416015.34,0,0,9624023,0,0,9624023,0,0,6416015.34,0,0,6416015.34,0,0,6416015.34,0,0,6416015.34,0,0,6416015.34,0,0,6416015.34,0,0,6416015.34,0,0,6416015.34,0,0,6416015.34,0,0,6416015.34,0,0,9624023,0,0,9624023,0,0,6416015.34,0,0,6416015.34,0,0,6416015.34,0,0,6416015.34,0,0,6416015.34,0,0,6416015.34,0,0,6416015.34,0,0,6416015.34,0,0,6416015.34,0,0,6416015.34,0,0,6416015.34,0,0,6416015.34,0,0,6416015.34,0,0,6416015.34,0,0,6416015.34,0,0,6416015.34,0,0,6416015.34,0,0,6416015.34,0,0,6416015.34,0,0,6416015.34,0,0,6416015.34,0,0,6416015.34,0,0,9624023,0,0,6416015.34,0,0,6416015.34,0,0,6416015.34,0,0,6416015.34,0,0,6416015.34,0,0,6416015.34,0,0,6416015.34
0,0,0,2021-04-26,COVOBES,0,0,0,0,0,0,0,0,0,0,0,0,0,0,0,0,0,0,0,0,0,0,0,0,0,0,0,0,0,0,0,0,0,0,0,0,0,0,0,0,0,0,0,0,0,0,0,0,0,0,6416015.34,0,0,6416015.34,0,0,6416015.34,0,0,6416015.34,0,0,9624023,0,0,9624023,0,0,6416015.34,0,0,6416015.34,0,0,6416015.34,0,0,6416015.34,0,0,6416015.34,0,0,6416015.34,0,0,6416015.34,0,0,6416015.34,0,0,6416015.34,0,0,6416015.34,0,0,9624023,0,0,9624023,0,0,6416015.34,0,0,6416015.34,0,0,6416015.34,0,0,6416015.34,0,0,6416015.34,0,0,6416015.34,0,0,6416015.34,0,0,6416015.34,0,0,6416015.34,0,0,6416015.34,0,0,6416015.34,0,0,6416015.34,0,0,6416015.34,0,0,6416015.34,0,0,6416015.34,0,0,6416015.34,0,0,6416015.34,0,0,6416015.34,0,0,6416015.34,0,0,6416015.34,0,0,6416015.34,0,0,6416015.34,0,0,9624023,0,0,6416015.34,0,0,6416015.34,0,0,6416015.34,0,0,6416015.34,0,0,6416015.34,0,0,6416015.34,0,0,6416015.34
0,0,0,2021-05-03,COVOBES,0,0,0,0,0,0,0,0,0,0,0,0,0,0,0,0,0,0,0,0,0,0,0,0,0,0,0,0,0,0,0,0,0,0,0,0,0,0,0,0,0,0,0,0,0,0,0,0,0,0,6416015.34,0,0,6416015.34,0,0,6416015.34,0,0,6416015.34,0,0,9624023,0,0,9624023,0,0,6416015.34,0,0,6416015.34,0,0,6416015.34,0,0,6416015.34,0,0,6416015.34,0,0,6416015.34,0,0,6416015.34,0,0,6416015.34,0,0,6416015.34,0,0,6416015.34,0,0,9624023,0,0,9624023,0,0,6416015.34,0,0,6416015.34,0,0,6416015.34,0,0,6416015.34,0,0,6416015.34,0,0,6416015.34,0,0,6416015.34,0,0,6416015.34,0,0,6416015.34,0,0,6416015.34,0,0,6416015.34,0,0,6416015.34,0,0,6416015.34,0,0,6416015.34,0,0,6416015.34,0,0,6416015.34,0,0,6416015.34,0,0,6416015.34,0,0,6416015.34,0,0,6416015.34,0,0,6416015.34,0,0,6416015.34,0,0,9624023,0,0,6416015.34,0,0,6416015.34,0,0,6416015.34,0,0,6416015.34,0,0,6416015.34,0,0,6416015.34,0,0,6416015.34
0,0,0,2021-05-10,COVOBES,0,0,0,0,0,0,0,0,0,0,0,0,0,0,0,0,0,0,0,0,0,0,0,0,0,0,0,0,0,0,0,0,0,0,0,0,0,0,0,0,0,0,0,0,0,0,0,0,0,0,6416015.34,0,0,6416015.34,0,0,6416015.34,0,0,6416015.34,0,0,9624023,0,0,9624023,0,0,6416015.34,0,0,6416015.34,0,0,6416015.34,0,0,6416015.34,0,0,6416015.34,0,0,6416015.34,0,0,6416015.34,0,0,6416015.34,0,0,6416015.34,0,0,6416015.34,0,0,9624023,0,0,9624023,0,0,6416015.34,0,0,6416015.34,0,0,6416015.34,0,0,6416015.34,0,0,6416015.34,0,0,6416015.34,0,0,6416015.34,0,0,6416015.34,0,0,6416015.34,0,0,6416015.34,0,0,6416015.34,0,0,6416015.34,0,0,6416015.34,0,0,6416015.34,0,0,6416015.34,0,0,6416015.34,0,0,6416015.34,0,0,6416015.34,0,0,6416015.34,0,0,6416015.34,0,0,6416015.34,0,0,6416015.34,0,0,9624023,0,0,6416015.34,0,0,6416015.34,0,0,6416015.34,0,0,6416015.34,0,0,6416015.34,0,0,6416015.34,0,0,6416015.34
0,0,0,2021-05-17,COVOBES,0,0,0,0,0,0,0,0,0,0,0,0,0,0,0,0,0,0,0,0,0,0,0,0,0,0,0,0,0,0,0,0,0,0,0,0,0,0,0,0,0,0,0,0,0,0,0,0,0,0,6416015.34,0,0,6416015.34,0,0,6416015.34,0,0,6416015.34,0,0,9624023,0,0,9624023,0,0,6416015.34,0,0,6416015.34,0,0,6416015.34,0,0,6416015.34,0,0,6416015.34,0,0,6416015.34,0,0,6416015.34,0,0,6416015.34,0,0,6416015.34,0,0,6416015.34,0,0,9624023,0,0,9624023,0,0,6416015.34,0,0,6416015.34,0,0,6416015.34,0,0,6416015.34,0,0,6416015.34,0,0,6416015.34,0,0,6416015.34,0,0,6416015.34,0,0,6416015.34,0,0,6416015.34,0,0,6416015.34,0,0,6416015.34,0,0,6416015.34,0,0,6416015.34,0,0,6416015.34,0,0,6416015.34,0,0,6416015.34,0,0,6416015.34,0,0,6416015.34,0,0,6416015.34,0,0,6416015.34,0,0,6416015.34,0,0,9624023,0,0,6416015.34,0,0,6416015.34,0,0,6416015.34,0,0,6416015.34,0,0,6416015.34,0,0,6416015.34,0,0,6416015.34
0,0,0,2021-05-24,COVOBES,0,0,0,0,0,0,0,0,0,0,0,0,0,0,0,0,0,0,0,0,0,0,0,0,0,0,0,0,0,0,0,0,0,0,0,0,0,0,0,0,0,0,0,0,0,0,0,0,0,0,6416015.34,0,0,6416015.34,0,0,6416015.34,0,0,6416015.34,0,0,9624023,0,0,9624023,0,0,6416015.34,0,0,6416015.34,0,0,6416015.34,0,0,6416015.34,0,0,6416015.34,0,0,6416015.34,0,0,6416015.34,0,0,6416015.34,0,0,6416015.34,0,0,6416015.34,0,0,9624023,0,0,9624023,0,0,6416015.34,0,0,6416015.34,0,0,6416015.34,0,0,6416015.34,0,0,6416015.34,0,0,6416015.34,0,0,6416015.34,0,0,6416015.34,0,0,6416015.34,0,0,6416015.34,0,0,6416015.34,0,0,6416015.34,0,0,6416015.34,0,0,6416015.34,0,0,6416015.34,0,0,6416015.34,0,0,6416015.34,0,0,6416015.34,0,0,6416015.34,0,0,6416015.34,0,0,6416015.34,0,0,6416015.34,0,0,9624023,0,0,6416015.34,0,0,6416015.34,0,0,6416015.34,0,0,6416015.34,0,0,6416015.34,0,0,6416015.34,0,0,6416015.34
0,0,0,2021-05-31,COVOBES,0,0,0,0,0,0,0,0,0,0,0,0,0,0,0,0,0,0,0,0,0,0,0,0,0,0,0,0,0,0,0,0,0,0,0,0,0,0,0,0,0,0,0,0,0,0,0,0,0,0,6416015.34,0,0,6416015.34,0,0,6416015.34,0,0,6416015.34,0,0,9624023,0,0,9624023,0,0,6416015.34,0,0,6416015.34,0,0,6416015.34,0,0,6416015.34,0,0,6416015.34,0,0,6416015.34,0,0,6416015.34,0,0,6416015.34,0,0,6416015.34,0,0,6416015.34,0,0,9624023,0,0,9624023,0,0,6416015.34,0,0,6416015.34,0,0,6416015.34,0,0,6416015.34,0,0,6416015.34,0,0,6416015.34,0,0,6416015.34,0,0,6416015.34,0,0,6416015.34,0,0,6416015.34,0,0,6416015.34,0,0,6416015.34,0,0,6416015.34,0,0,6416015.34,0,0,6416015.34,0,0,6416015.34,0,0,6416015.34,0,0,6416015.34,0,0,6416015.34,0,0,6416015.34,0,0,6416015.34,0,0,6416015.34,0,0,9624023,0,0,6416015.34,0,0,6416015.34,0,0,6416015.34,0,0,6416015.34,0,0,6416015.34,0,0,6416015.34,0,0,6416015.34
0,0,0,2021-06-07,COVOBES,0,0,0,0,0,0,0,0,0,0,0,0,0,0,0,0,0,0,0,0,0,0,0,0,0,0,0,0,0,0,0,0,0,0,0,0,0,0,0,0,0,0,0,0,0,0,0,0,0,0,6416015.34,0,0,6416015.34,0,0,6416015.34,0,0,6416015.34,0,0,9624023,0,0,9624023,0,0,6416015.34,0,0,6416015.34,0,0,6416015.34,0,0,6416015.34,0,0,6416015.34,0,0,6416015.34,0,0,6416015.34,0,0,6416015.34,0,0,6416015.34,0,0,6416015.34,0,0,9624023,0,0,9624023,0,0,6416015.34,0,0,6416015.34,0,0,6416015.34,0,0,6416015.34,0,0,6416015.34,0,0,6416015.34,0,0,6416015.34,0,0,6416015.34,0,0,6416015.34,0,0,6416015.34,0,0,6416015.34,0,0,6416015.34,0,0,6416015.34,0,0,6416015.34,0,0,6416015.34,0,0,6416015.34,0,0,6416015.34,0,0,6416015.34,0,0,6416015.34,0,0,6416015.34,0,0,6416015.34,0,0,6416015.34,0,0,9624023,0,0,6416015.34,0,0,6416015.34,0,0,6416015.34,0,0,6416015.34,0,0,6416015.34,0,0,6416015.34,0,0,6416015.34
0,0,0,2021-06-14,COVOBES,0,0,0,0,0,0,0,0,0,0,0,0,0,0,0,0,0,0,0,0,0,0,0,0,0,0,0,0,0,0,0,0,0,0,0,0,0,0,0,0,0,0,0,0,0,0,0,0,0,0,6416015.34,0,0,6416015.34,0,0,6416015.34,0,0,6416015.34,0,0,9624023,0,0,9624023,0,0,6416015.34,0,0,6416015.34,0,0,6416015.34,0,0,6416015.34,0,0,6416015.34,0,0,6416015.34,0,0,6416015.34,0,0,6416015.34,0,0,6416015.34,0,0,6416015.34,0,0,9624023,0,0,9624023,0,0,6416015.34,0,0,6416015.34,0,0,6416015.34,0,0,6416015.34,0,0,6416015.34,0,0,6416015.34,0,0,6416015.34,0,0,6416015.34,0,0,6416015.34,0,0,6416015.34,0,0,6416015.34,0,0,6416015.34,0,0,6416015.34,0,0,6416015.34,0,0,6416015.34,0,0,6416015.34,0,0,6416015.34,0,0,6416015.34,0,0,6416015.34,0,0,6416015.34,0,0,6416015.34,0,0,6416015.34,0,0,9624023,0,0,6416015.34,0,0,6416015.34,0,0,6416015.34,0,0,6416015.34,0,0,6416015.34,0,0,6416015.34,0,0,6416015.34
0,0,0,2021-06-21,COVOBES,0,0,0,0,0,0,0,0,0,0,0,0,0,0,0,0,0,0,0,0,0,0,0,0,0,0,0,0,0,0,0,0,0,0,0,0,0,0,0,0,0,0,0,0,0,0,0,0,0,0,8421020.13,0,0,8421020.13,0,0,8421020.13,0,0,8421020.13,0,0,14970702.45,0,0,14970702.45,0,0,8421020.13,0,0,8421020.13,0,0,8421020.13,0,0,8421020.13,0,0,8421020.13,0,0,8421020.13,0,0,8421020.13,0,0,8421020.13,0,0,8421020.13,0,0,8421020.13,0,0,14970702.45,0,0,14970702.45,0,0,8421020.13,0,0,8421020.13,0,0,8421020.13,0,0,8421020.13,0,0,8421020.13,0,0,8421020.13,0,0,8421020.13,0,0,8421020.13,0,0,8421020.13,0,0,8421020.13,0,0,8421020.13,0,0,8421020.13,0,0,8421020.13,0,0,8421020.13,0,0,8421020.13,0,0,8421020.13,0,0,8421020.13,0,0,8421020.13,0,0,8421020.13,0,0,8421020.13,0,0,8421020.13,0,0,8421020.13,0,0,14970702.45,0,0,8421020.13,0,0,8421020.13,0,0,8421020.13,0,0,8421020.13,0,0,8421020.13,0,0,8421020.13,0,0,8421020.13
0,0,0,2021-06-28,COVOBES,0,0,0,0,0,0,0,0,0,0,0,0,0,0,0,0,0,0,0,0,0,0,0,0,0,0,0,0,0,0,0,0,0,0,0,0,0,0,0,0,0,0,0,0,0,0,0,0,0,0,22456053.68,0,0,22456053.68,0,0,22456053.68,0,0,22456053.68,0,0,44912107.35,0,0,44912107.35,0,0,22456053.68,0,0,22456053.68,0,0,22456053.68,0,0,22456053.68,0,0,22456053.68,0,0,22456053.68,0,0,22456053.68,0,0,22456053.68,0,0,22456053.68,0,0,22456053.68,0,0,44912107.35,0,0,44912107.35,0,0,22456053.68,0,0,22456053.68,0,0,22456053.68,0,0,22456053.68,0,0,22456053.68,0,0,22456053.68,0,0,22456053.68,0,0,22456053.68,0,0,22456053.68,0,0,22456053.68,0,0,22456053.68,0,0,22456053.68,0,0,22456053.68,0,0,22456053.68,0,0,22456053.68,0,0,22456053.68,0,0,22456053.68,0,0,22456053.68,0,0,22456053.68,0,0,22456053.68,0,0,22456053.68,0,0,22456053.68,0,0,44912107.35,0,0,22456053.68,0,0,22456053.68,0,0,22456053.68,0,0,22456053.68,0,0,22456053.68,0,0,22456053.68,0,0,22456053.68
0,1,AstraZeneca,2021-02-15,COVOBES,0,0,0,0,0,0,0,0,0,0,0,0,0,0,0,0,0,0,0,0,0,0,0,0,0,0,0,0,0,0,0,0,0,0,0,0,0,0,0,0,0,0,0,0,0,0,0,0,0,0,67368161.03,0,0,67368161.03,0,0,67368161.03,0,0,67368161.03,0,0,67368161.03,0,0,67368161.03,0,0,67368161.03,0,0,67368161.03,0,0,67368161.03,0,0,67368161.03,0,0,67368161.03,0,0,67368161.03,0,0,67368161.03,0,0,67368161.03,0,0,67368161.03,0,0,67368161.03,0,0,67368161.03,0,0,67368161.03,0,0,67368161.03,0,0,67368161.03,0,0,67368161.03,0,0,67368161.03,0,0,67368161.03,0,0,67368161.03,0,0,67368161.03,0,0,67368161.03,0,0,67368161.03,0,0,67368161.03,0,0,67368161.03,0,0,67368161.03,0,0,67368161.03,0,0,67368161.03,0,0,67368161.03,0,0,67368161.03,0,0,67368161.03,0,0,67368161.03,0,0,67368161.03,0,0,67368161.03,0,0,67368161.03,0,0,67368161.03,0,0,67368161.03,0,0,67368161.03,0,0,67368161.03,0,0,67368161.03,0,0,67368161.03,0,0,67368161.03,0,0,67368161.03,0,0,67368161.03
0,1,AstraZeneca,2021-02-22,COVOBES,0,0,0,0,0,0,0,0,0,0,0,0,0,0,0,0,0,0,0,0,0,0,0,0,0,0,0,0,0,0,0,0,0,0,0,0,0,0,0,0,0,0,0,0,0,0,0,0,0,0,19248046.01,0,0,19248046.01,0,0,19248046.01,0,0,19248046.01,0,0,19248046.01,0,0,19248046.01,0,0,19248046.01,0,0,19248046.01,0,0,19248046.01,0,0,19248046.01,0,0,19248046.01,0,0,19248046.01,0,0,19248046.01,0,0,19248046.01,0,0,19248046.01,0,0,19248046.01,0,0,19248046.01,0,0,19248046.01,0,0,19248046.01,0,0,19248046.01,0,0,19248046.01,0,0,19248046.01,0,0,19248046.01,0,0,19248046.01,0,0,19248046.01,0,0,19248046.01,0,0,19248046.01,0,0,19248046.01,0,0,19248046.01,0,0,19248046.01,0,0,19248046.01,0,0,19248046.01,0,0,19248046.01,0,0,19248046.01,0,0,19248046.01,0,0,19248046.01,0,0,19248046.01,0,0,19248046.01,0,0,19248046.01,0,0,19248046.01,0,0,19248046.01,0,0,19248046.01,0,0,19248046.01,0,0,19248046.01,0,0,19248046.01,0,0,19248046.01,0,0,19248046.01,0,0,19248046.01
0,1,AstraZeneca,2021-03-01,COVOBES,0,0,0,0,0,0,0,0,0,0,0,0,0,0,0,0,0,0,0,0,0,0,0,0,0,0,0,0,0,0,0,0,0,0,0,0,0,0,0,0,0,0,0,0,0,0,0,0,0,0,19248046.01,0,0,19248046.01,0,0,19248046.01,0,0,19248046.01,0,0,19248046.01,0,0,19248046.01,0,0,19248046.01,0,0,19248046.01,0,0,19248046.01,0,0,19248046.01,0,0,19248046.01,0,0,19248046.01,0,0,19248046.01,0,0,19248046.01,0,0,19248046.01,0,0,19248046.01,0,0,19248046.01,0,0,19248046.01,0,0,19248046.01,0,0,19248046.01,0,0,19248046.01,0,0,19248046.01,0,0,19248046.01,0,0,19248046.01,0,0,19248046.01,0,0,19248046.01,0,0,19248046.01,0,0,19248046.01,0,0,19248046.01,0,0,19248046.01,0,0,19248046.01,0,0,19248046.01,0,0,19248046.01,0,0,19248046.01,0,0,19248046.01,0,0,19248046.01,0,0,19248046.01,0,0,19248046.01,0,0,19248046.01,0,0,19248046.01,0,0,19248046.01,0,0,19248046.01,0,0,19248046.01,0,0,19248046.01,0,0,19248046.01,0,0,19248046.01,0,0,19248046.01,0,0,19248046.01
0,1,AstraZeneca,2021-03-08,COVOBES,0,0,0,0,0,0,0,0,0,0,0,0,0,0,0,0,0,0,0,0,0,0,0,0,0,0,0,0,0,0,0,0,0,0,0,0,0,0,0,0,0,0,0,0,0,0,0,0,0,0,19248046.01,0,0,19248046.01,0,0,19248046.01,0,0,19248046.01,0,0,19248046.01,0,0,19248046.01,0,0,19248046.01,0,0,19248046.01,0,0,19248046.01,0,0,19248046.01,0,0,19248046.01,0,0,19248046.01,0,0,19248046.01,0,0,19248046.01,0,0,19248046.01,0,0,19248046.01,0,0,19248046.01,0,0,19248046.01,0,0,19248046.01,0,0,19248046.01,0,0,19248046.01,0,0,19248046.01,0,0,19248046.01,0,0,19248046.01,0,0,19248046.01,0,0,19248046.01,0,0,19248046.01,0,0,19248046.01,0,0,19248046.01,0,0,19248046.01,0,0,19248046.01,0,0,19248046.01,0,0,19248046.01,0,0,19248046.01,0,0,19248046.01,0,0,19248046.01,0,0,19248046.01,0,0,19248046.01,0,0,19248046.01,0,0,19248046.01,0,0,19248046.01,0,0,19248046.01,0,0,19248046.01,0,0,19248046.01,0,0,19248046.01,0,0,19248046.01,0,0,19248046.01,0,0,19248046.01
0,1,AstraZeneca,2021-03-15,COVOBES,0,0,0,0,0,0,0,0,0,0,0,0,0,0,0,0,0,0,0,0,0,0,0,0,0,0,0,0,0,0,0,0,0,0,0,0,0,0,0,0,0,0,0,0,0,0,0,0,0,0,19248046.01,0,0,19248046.01,0,0,19248046.01,0,0,19248046.01,0,0,19248046.01,0,0,19248046.01,0,0,19248046.01,0,0,19248046.01,0,0,19248046.01,0,0,19248046.01,0,0,19248046.01,0,0,19248046.01,0,0,19248046.01,0,0,19248046.01,0,0,19248046.01,0,0,19248046.01,0,0,19248046.01,0,0,19248046.01,0,0,19248046.01,0,0,19248046.01,0,0,19248046.01,0,0,19248046.01,0,0,19248046.01,0,0,19248046.01,0,0,19248046.01,0,0,19248046.01,0,0,19248046.01,0,0,19248046.01,0,0,19248046.01,0,0,19248046.01,0,0,19248046.01,0,0,19248046.01,0,0,19248046.01,0,0,19248046.01,0,0,19248046.01,0,0,19248046.01,0,0,19248046.01,0,0,19248046.01,0,0,19248046.01,0,0,19248046.01,0,0,19248046.01,0,0,19248046.01,0,0,19248046.01,0,0,19248046.01,0,0,19248046.01,0,0,19248046.01,0,0,19248046.01,0,0,19248046.01
0,1,AstraZeneca,2021-03-22,COVOBES,0,0,0,0,0,0,0,0,0,0,0,0,0,0,0,0,0,0,0,0,0,0,0,0,0,0,0,0,0,0,0,0,0,0,0,0,0,0,0,0,0,0,0,0,0,0,0,0,0,0,19248046.01,0,0,19248046.01,0,0,19248046.01,0,0,19248046.01,0,0,19248046.01,0,0,19248046.01,0,0,19248046.01,0,0,19248046.01,0,0,19248046.01,0,0,19248046.01,0,0,19248046.01,0,0,19248046.01,0,0,19248046.01,0,0,19248046.01,0,0,19248046.01,0,0,19248046.01,0,0,19248046.01,0,0,19248046.01,0,0,19248046.01,0,0,19248046.01,0,0,19248046.01,0,0,19248046.01,0,0,19248046.01,0,0,19248046.01,0,0,19248046.01,0,0,19248046.01,0,0,19248046.01,0,0,19248046.01,0,0,19248046.01,0,0,19248046.01,0,0,19248046.01,0,0,19248046.01,0,0,19248046.01,0,0,19248046.01,0,0,19248046.01,0,0,19248046.01,0,0,19248046.01,0,0,19248046.01,0,0,19248046.01,0,0,19248046.01,0,0,19248046.01,0,0,19248046.01,0,0,19248046.01,0,0,19248046.01,0,0,19248046.01,0,0,19248046.01,0,0,19248046.01,0,0,19248046.01
0,1,AstraZeneca,2021-03-29,COVOBES,0,0,0,0,0,0,0,0,0,0,0,0,0,0,0,0,0,0,0,0,0,0,0,0,0,0,0,0,0,0,0,0,0,0,0,0,0,0,0,0,0,0,0,0,0,0,0,0,0,0,19248046.01,0,0,19248046.01,0,0,19248046.01,0,0,19248046.01,0,0,19248046.01,0,0,19248046.01,0,0,19248046.01,0,0,19248046.01,0,0,19248046.01,0,0,19248046.01,0,0,19248046.01,0,0,19248046.01,0,0,19248046.01,0,0,19248046.01,0,0,19248046.01,0,0,19248046.01,0,0,19248046.01,0,0,19248046.01,0,0,19248046.01,0,0,19248046.01,0,0,19248046.01,0,0,19248046.01,0,0,19248046.01,0,0,19248046.01,0,0,19248046.01,0,0,19248046.01,0,0,19248046.01,0,0,19248046.01,0,0,19248046.01,0,0,19248046.01,0,0,19248046.01,0,0,19248046.01,0,0,19248046.01,0,0,19248046.01,0,0,19248046.01,0,0,19248046.01,0,0,19248046.01,0,0,19248046.01,0,0,19248046.01,0,0,19248046.01,0,0,19248046.01,0,0,19248046.01,0,0,19248046.01,0,0,19248046.01,0,0,19248046.01,0,0,19248046.01,0,0,19248046.01,0,0,19248046.01
0,1,AstraZeneca,2021-04-05,COVOBES,0,0,0,0,0,0,0,0,0,0,0,0,0,0,0,0,0,0,0,0,0,0,0,0,0,0,0,0,0,0,0,0,0,0,0,0,0,0,0,0,0,0,0,0,0,0,0,0,0,0,19248046.01,0,0,19248046.01,0,0,19248046.01,0,0,19248046.01,0,0,19248046.01,0,0,19248046.01,0,0,19248046.01,0,0,19248046.01,0,0,19248046.01,0,0,19248046.01,0,0,19248046.01,0,0,19248046.01,0,0,19248046.01,0,0,19248046.01,0,0,19248046.01,0,0,19248046.01,0,0,19248046.01,0,0,19248046.01,0,0,19248046.01,0,0,19248046.01,0,0,19248046.01,0,0,19248046.01,0,0,19248046.01,0,0,19248046.01,0,0,19248046.01,0,0,19248046.01,0,0,19248046.01,0,0,19248046.01,0,0,19248046.01,0,0,19248046.01,0,0,19248046.01,0,0,19248046.01,0,0,19248046.01,0,0,19248046.01,0,0,19248046.01,0,0,19248046.01,0,0,19248046.01,0,0,19248046.01,0,0,19248046.01,0,0,19248046.01,0,0,19248046.01,0,0,19248046.01,0,0,19248046.01,0,0,19248046.01,0,0,19248046.01,0,0,19248046.01,0,0,19248046.01,0,0,19248046.01
0,1,AstraZeneca,2021-04-12,COVOBES,0,0,0,0,0,0,0,0,0,0,0,0,0,0,0,0,0,0,0,0,0,0,0,0,0,0,0,0,0,0,0,0,0,0,0,0,0,0,0,0,0,0,0,0,0,0,0,0,0,0,19248046.01,0,0,19248046.01,0,0,19248046.01,0,0,19248046.01,0,0,19248046.01,0,0,19248046.01,0,0,19248046.01,0,0,19248046.01,0,0,19248046.01,0,0,19248046.01,0,0,19248046.01,0,0,19248046.01,0,0,19248046.01,0,0,19248046.01,0,0,19248046.01,0,0,19248046.01,0,0,19248046.01,0,0,19248046.01,0,0,19248046.01,0,0,19248046.01,0,0,19248046.01,0,0,19248046.01,0,0,19248046.01,0,0,19248046.01,0,0,19248046.01,0,0,19248046.01,0,0,19248046.01,0,0,19248046.01,0,0,19248046.01,0,0,19248046.01,0,0,19248046.01,0,0,19248046.01,0,0,19248046.01,0,0,19248046.01,0,0,19248046.01,0,0,19248046.01,0,0,19248046.01,0,0,19248046.01,0,0,19248046.01,0,0,19248046.01,0,0,19248046.01,0,0,19248046.01,0,0,19248046.01,0,0,19248046.01,0,0,19248046.01,0,0,19248046.01,0,0,19248046.01,0,0,19248046.01
0,1,AstraZeneca,2021-04-19,COVOBES,0,0,0,0,0,0,0,0,0,0,0,0,0,0,0,0,0,0,0,0,0,0,0,0,0,0,0,0,0,0,0,0,0,0,0,0,0,0,0,0,0,0,0,0,0,0,0,0,0,0,19248046.01,0,0,19248046.01,0,0,19248046.01,0,0,19248046.01,0,0,19248046.01,0,0,19248046.01,0,0,19248046.01,0,0,19248046.01,0,0,19248046.01,0,0,19248046.01,0,0,19248046.01,0,0,19248046.01,0,0,19248046.01,0,0,19248046.01,0,0,19248046.01,0,0,19248046.01,0,0,19248046.01,0,0,19248046.01,0,0,19248046.01,0,0,19248046.01,0,0,19248046.01,0,0,19248046.01,0,0,19248046.01,0,0,19248046.01,0,0,19248046.01,0,0,19248046.01,0,0,19248046.01,0,0,19248046.01,0,0,19248046.01,0,0,19248046.01,0,0,19248046.01,0,0,19248046.01,0,0,19248046.01,0,0,19248046.01,0,0,19248046.01,0,0,19248046.01,0,0,19248046.01,0,0,19248046.01,0,0,19248046.01,0,0,19248046.01,0,0,19248046.01,0,0,19248046.01,0,0,19248046.01,0,0,19248046.01,0,0,19248046.01,0,0,19248046.01,0,0,19248046.01,0,0,19248046.01
0,1,AstraZeneca,2021-04-26,COVOBES,0,0,0,0,0,0,0,0,0,0,0,0,0,0,0,0,0,0,0,0,0,0,0,0,0,0,0,0,0,0,0,0,0,0,0,0,0,0,0,0,0,0,0,0,0,0,0,0,0,0,19248046.01,0,0,19248046.01,0,0,19248046.01,0,0,19248046.01,0,0,19248046.01,0,0,19248046.01,0,0,19248046.01,0,0,19248046.01,0,0,19248046.01,0,0,19248046.01,0,0,19248046.01,0,0,19248046.01,0,0,19248046.01,0,0,19248046.01,0,0,19248046.01,0,0,19248046.01,0,0,19248046.01,0,0,19248046.01,0,0,19248046.01,0,0,19248046.01,0,0,19248046.01,0,0,19248046.01,0,0,19248046.01,0,0,19248046.01,0,0,19248046.01,0,0,19248046.01,0,0,19248046.01,0,0,19248046.01,0,0,19248046.01,0,0,19248046.01,0,0,19248046.01,0,0,19248046.01,0,0,19248046.01,0,0,19248046.01,0,0,19248046.01,0,0,19248046.01,0,0,19248046.01,0,0,19248046.01,0,0,19248046.01,0,0,19248046.01,0,0,19248046.01,0,0,19248046.01,0,0,19248046.01,0,0,19248046.01,0,0,19248046.01,0,0,19248046.01,0,0,19248046.01,0,0,19248046.01
0,1,AstraZeneca,2021-05-03,COVOBES,0,0,0,0,0,0,0,0,0,0,0,0,0,0,0,0,0,0,0,0,0,0,0,0,0,0,0,0,0,0,0,0,0,0,0,0,0,0,0,0,0,0,0,0,0,0,0,0,0,0,19248046.01,0,0,19248046.01,0,0,19248046.01,0,0,19248046.01,0,0,19248046.01,0,0,19248046.01,0,0,19248046.01,0,0,19248046.01,0,0,19248046.01,0,0,19248046.01,0,0,19248046.01,0,0,19248046.01,0,0,19248046.01,0,0,19248046.01,0,0,19248046.01,0,0,19248046.01,0,0,19248046.01,0,0,19248046.01,0,0,19248046.01,0,0,19248046.01,0,0,19248046.01,0,0,19248046.01,0,0,19248046.01,0,0,19248046.01,0,0,19248046.01,0,0,19248046.01,0,0,19248046.01,0,0,19248046.01,0,0,19248046.01,0,0,19248046.01,0,0,19248046.01,0,0,19248046.01,0,0,19248046.01,0,0,19248046.01,0,0,19248046.01,0,0,19248046.01,0,0,19248046.01,0,0,19248046.01,0,0,19248046.01,0,0,19248046.01,0,0,19248046.01,0,0,19248046.01,0,0,19248046.01,0,0,19248046.01,0,0,19248046.01,0,0,19248046.01,0,0,19248046.01,0,0,19248046.01
0,1,AstraZeneca,2021-05-10,COVOBES,0,0,0,0,0,0,0,0,0,0,0,0,0,0,0,0,0,0,0,0,0,0,0,0,0,0,0,0,0,0,0,0,0,0,0,0,0,0,0,0,0,0,0,0,0,0,0,0,0,0,134736322.06,0,0,134736322.06,0,0,134736322.06,0,0,134736322.06,0,0,134736322.06,0,0,134736322.06,0,0,134736322.06,0,0,134736322.06,0,0,134736322.06,0,0,134736322.06,0,0,134736322.06,0,0,134736322.06,0,0,134736322.06,0,0,134736322.06,0,0,134736322.06,0,0,134736322.06,0,0,134736322.06,0,0,134736322.06,0,0,134736322.06,0,0,134736322.06,0,0,134736322.06,0,0,134736322.06,0,0,134736322.06,0,0,134736322.06,0,0,134736322.06,0,0,134736322.06,0,0,134736322.06,0,0,134736322.06,0,0,134736322.06,0,0,134736322.06,0,0,134736322.06,0,0,134736322.06,0,0,134736322.06,0,0,134736322.06,0,0,134736322.06,0,0,134736322.06,0,0,134736322.06,0,0,134736322.06,0,0,134736322.06,0,0,134736322.06,0,0,134736322.06,0,0,134736322.06,0,0,134736322.06,0,0,134736322.06,0,0,134736322.06,0,0,134736322.06,0,0,134736322.06,0,0,134736322.06
0,1,Pfizer,2021-06-21,COVOBES,0,0,0,0,0,0,0,0,0,0,0,0,0,0,0,0,0,0,0,0,0,0,0,0,0,0,0,0,0,0,0,0,0,0,0,0,0,0,0,0,0,0,0,0,0,0,0,0,0,0,26947264.41,0,0,26947264.41,0,0,26947264.41,0,0,26947264.41,0,0,26947264.41,0,0,26947264.41,0,0,26947264.41,0,0,26947264.41,0,0,26947264.41,0,0,26947264.41,0,0,26947264.41,0,0,26947264.41,0,0,26947264.41,0,0,26947264.41,0,0,26947264.41,0,0,26947264.41,0,0,26947264.41,0,0,26947264.41,0,0,26947264.41,0,0,26947264.41,0,0,26947264.41,0,0,26947264.41,0,0,26947264.41,0,0,26947264.41,0,0,26947264.41,0,0,26947264.41,0,0,26947264.41,0,0,26947264.41,0,0,26947264.41,0,0,26947264.41,0,0,26947264.41,0,0,26947264.41,0,0,26947264.41,0,0,26947264.41,0,0,26947264.41,0,0,26947264.41,0,0,26947264.41,0,0,26947264.41,0,0,26947264.41,0,0,26947264.41,0,0,26947264.41,0,0,26947264.41,0,0,26947264.41,0,0,26947264.41,0,0,26947264.41,0,0,26947264.41,0,0,26947264.41,0,0,26947264.41
0,1,Pfizer,2021-06-28,COVOBES,0,0,0,0,0,0,0,0,0,0,0,0,0,0,0,0,0,0,0,0,0,0,0,0,0,0,0,0,0,0,0,0,0,0,0,0,0,0,0,0,0,0,0,0,0,0,0,0,0,0,44912107.35,0,0,44912107.35,0,0,44912107.35,0,0,44912107.35,0,0,44912107.35,0,0,44912107.35,0,0,44912107.35,0,0,44912107.35,0,0,44912107.35,0,0,44912107.35,0,0,44912107.35,0,0,44912107.35,0,0,44912107.35,0,0,44912107.35,0,0,44912107.35,0,0,44912107.35,0,0,44912107.35,0,0,44912107.35,0,0,44912107.35,0,0,44912107.35,0,0,44912107.35,0,0,44912107.35,0,0,44912107.35,0,0,44912107.35,0,0,44912107.35,0,0,44912107.35,0,0,44912107.35,0,0,44912107.35,0,0,44912107.35,0,0,44912107.35,0,0,44912107.35,0,0,44912107.35,0,0,44912107.35,0,0,44912107.35,0,0,44912107.35,0,0,44912107.35,0,0,44912107.35,0,0,44912107.35,0,0,44912107.35,0,0,44912107.35,0,0,44912107.35,0,0,44912107.35,0,0,44912107.35,0,0,44912107.35,0,0,44912107.35,0,0,44912107.35,0,0,44912107.35,0,0,44912107.35
0,1,Moderna,2021-03-08,COVOBES,0,0,0,0,0,0,0,0,0,0,0,0,0,0,0,0,0,0,0,0,0,0,0,0,0,0,0,0,0,0,0,0,0,0,0,0,0,0,0,0,0,0,0,0,0,0,0,0,0,0,44912107.35,0,0,44912107.35,0,0,44912107.35,,,0,,,0,,,0,0,0,44912107.35,0,0,44912107.35,0,0,44912107.35,0,0,44912107.35,0,0,44912107.35,0,0,44912107.35,0,0,44912107.35,0,0,44912107.35,0,0,44912107.35,0,0,44912107.35,,,0,,,0,0,0,44912107.35,0,0,44912107.35,0,0,44912107.35,0,0,44912107.35,0,0,44912107.35,0,0,44912107.35,0,0,44912107.35,0,0,44912107.35,0,0,44912107.35,0,0,44912107.35,0,0,44912107.35,0,0,44912107.35,0,0,44912107.35,0,0,44912107.35,0,0,44912107.35,0,0,44912107.35,0,0,44912107.35,0,0,44912107.35,0,0,44912107.35,0,0,44912107.35,0,0,44912107.35,0,0,44912107.35,,,0,0,0,44912107.35,0,0,44912107.35,0,0,44912107.35,0,0,44912107.35,0,0,44912107.35,0,0,44912107.35,0,0,44912107.35
0,1,Moderna,2021-03-15,COVOBES,0,0,0,0,0,0,0,0,0,0,0,0,0,0,0,0,0,0,0,0,0,0,0,0,0,0,0,0,0,0,0,0,0,0,0,0,0,0,0,0,0,0,0,0,0,0,0,0,0,0,19248046.01,0,0,19248046.01,0,0,19248046.01,,,0,,,0,,,0,0,0,19248046.01,0,0,19248046.01,0,0,19248046.01,0,0,19248046.01,0,0,19248046.01,0,0,19248046.01,0,0,19248046.01,0,0,19248046.01,0,0,19248046.01,0,0,19248046.01,,,0,,,0,0,0,19248046.01,0,0,19248046.01,0,0,19248046.01,0,0,19248046.01,0,0,19248046.01,0,0,19248046.01,0,0,19248046.01,0,0,19248046.01,0,0,19248046.01,0,0,19248046.01,0,0,19248046.01,0,0,19248046.01,0,0,19248046.01,0,0,19248046.01,0,0,19248046.01,0,0,19248046.01,0,0,19248046.01,0,0,19248046.01,0,0,19248046.01,0,0,19248046.01,0,0,19248046.01,0,0,19248046.01,,,0,0,0,19248046.01,0,0,19248046.01,0,0,19248046.01,0,0,19248046.01,0,0,19248046.01,0,0,19248046.01,0,0,19248046.01
0,1,Moderna,2021-03-22,COVOBES,0,0,0,0,0,0,0,0,0,0,0,0,0,0,0,0,0,0,0,0,0,0,0,0,0,0,0,0,0,0,0,0,0,0,0,0,0,0,0,0,0,0,0,0,0,0,0,0,0,0,19248046.01,0,0,19248046.01,0,0,19248046.01,,,0,,,0,,,0,0,0,19248046.01,0,0,19248046.01,0,0,19248046.01,0,0,19248046.01,0,0,19248046.01,0,0,19248046.01,0,0,19248046.01,0,0,19248046.01,0,0,19248046.01,0,0,19248046.01,,,0,,,0,0,0,19248046.01,0,0,19248046.01,0,0,19248046.01,0,0,19248046.01,0,0,19248046.01,0,0,19248046.01,0,0,19248046.01,0,0,19248046.01,0,0,19248046.01,0,0,19248046.01,0,0,19248046.01,0,0,19248046.01,0,0,19248046.01,0,0,19248046.01,0,0,19248046.01,0,0,19248046.01,0,0,19248046.01,0,0,19248046.01,0,0,19248046.01,0,0,19248046.01,0,0,19248046.01,0,0,19248046.01,,,0,0,0,19248046.01,0,0,19248046.01,0,0,19248046.01,0,0,19248046.01,0,0,19248046.01,0,0,19248046.01,0,0,19248046.01
0,1,Moderna,2021-03-29,COVOBES,0,0,0,0,0,0,0,0,0,0,0,0,0,0,0,0,0,0,0,0,0,0,0,0,0,0,0,0,0,0,0,0,0,0,0,0,0,0,0,0,0,0,0,0,0,0,0,0,0,0,19248046.01,0,0,19248046.01,0,0,19248046.01,,,0,,,0,,,0,0,0,19248046.01,0,0,19248046.01,0,0,19248046.01,0,0,19248046.01,0,0,19248046.01,0,0,19248046.01,0,0,19248046.01,0,0,19248046.01,0,0,19248046.01,0,0,19248046.01,,,0,,,0,0,0,19248046.01,0,0,19248046.01,0,0,19248046.01,0,0,19248046.01,0,0,19248046.01,0,0,19248046.01,0,0,19248046.01,0,0,19248046.01,0,0,19248046.01,0,0,19248046.01,0,0,19248046.01,0,0,19248046.01,0,0,19248046.01,0,0,19248046.01,0,0,19248046.01,0,0,19248046.01,0,0,19248046.01,0,0,19248046.01,0,0,19248046.01,0,0,19248046.01,0,0,19248046.01,0,0,19248046.01,,,0,0,0,19248046.01,0,0,19248046.01,0,0,19248046.01,0,0,19248046.01,0,0,19248046.01,0,0,19248046.01,0,0,19248046.01
0,1,Moderna,2021-04-05,COVOBES,0,0,0,0,0,0,0,0,0,0,0,0,0,0,0,0,0,0,0,0,0,0,0,0,0,0,0,0,0,0,0,0,0,0,0,0,0,0,0,0,0,0,0,0,0,0,0,0,0,0,67368161.03,0,0,67368161.03,0,0,67368161.03,,,0,,,0,,,0,0,0,67368161.03,0,0,67368161.03,0,0,67368161.03,0,0,67368161.03,0,0,67368161.03,0,0,67368161.03,0,0,67368161.03,0,0,67368161.03,0,0,67368161.03,0,0,67368161.03,,,0,,,0,0,0,67368161.03,0,0,67368161.03,0,0,67368161.03,0,0,67368161.03,0,0,67368161.03,0,0,67368161.03,0,0,67368161.03,0,0,67368161.03,0,0,67368161.03,0,0,67368161.03,0,0,67368161.03,0,0,67368161.03,0,0,67368161.03,0,0,67368161.03,0,0,67368161.03,0,0,67368161.03,0,0,67368161.03,0,0,67368161.03,0,0,67368161.03,0,0,67368161.03,0,0,67368161.03,0,0,67368161.03,,,0,0,0,67368161.03,0,0,67368161.03,0,0,67368161.03,0,0,67368161.03,0,0,67368161.03,0,0,67368161.03,0,0,67368161.03
0,1,Pfizer,2021-01-04,COVOBES,0,0,0,0,0,0,0,0,0,0,0,0,0,0,0,0,0,0,0,0,0,0,0,0,0,0,0,0,0,0,0,0,0,0,0,0,0,0,0,0,0,0,0,0,0,0,0,0,0,0,134736322.06,0,0,134736322.06,0,0,134736322.06,0,0,134736322.06,0,0,134736322.06,0,0,134736322.06,0,0,134736322.06,0,0,134736322.06,0,0,134736322.06,0,0,134736322.06,0,0,134736322.06,0,0,134736322.06,0,0,134736322.06,0,0,134736322.06,0,0,134736322.06,0,0,134736322.06,0,0,134736322.06,0,0,134736322.06,0,0,134736322.06,0,0,134736322.06,0,0,134736322.06,0,0,134736322.06,0,0,134736322.06,0,0,134736322.06,0,0,134736322.06,0,0,134736322.06,0,0,134736322.06,0,0,134736322.06,0,0,134736322.06,0,0,134736322.06,0,0,134736322.06,0,0,134736322.06,0,0,134736322.06,0,0,134736322.06,0,0,134736322.06,0,0,134736322.06,0,0,134736322.06,0,0,134736322.06,0,0,134736322.06,0,0,134736322.06,0,0,134736322.06,0,0,134736322.06,0,0,134736322.06,0,0,134736322.06,0,0,134736322.06,0,0,134736322.06,0,0,134736322.06,0,0,134736322.06
0,1,Pfizer,2021-01-11,COVOBES,0,0,0,0,0,0,0,0,0,0,0,0,0,0,0,0,0,0,0,0,0,0,0,0,0,0,0,0,0,0,0,0,0,0,0,0,0,0,0,0,0,0,0,0,0,0,0,0,0,0,19248046.01,0,0,19248046.01,0,0,19248046.01,0,0,19248046.01,0,0,19248046.01,0,0,19248046.01,0,0,19248046.01,0,0,19248046.01,0,0,19248046.01,0,0,19248046.01,0,0,19248046.01,0,0,19248046.01,0,0,19248046.01,0,0,19248046.01,0,0,19248046.01,0,0,19248046.01,0,0,19248046.01,0,0,19248046.01,0,0,19248046.01,0,0,19248046.01,0,0,19248046.01,0,0,19248046.01,0,0,19248046.01,0,0,19248046.01,0,0,19248046.01,0,0,19248046.01,0,0,19248046.01,0,0,19248046.01,0,0,19248046.01,0,0,19248046.01,0,0,19248046.01,0,0,19248046.01,0,0,19248046.01,0,0,19248046.01,0,0,19248046.01,0,0,19248046.01,0,0,19248046.01,0,0,19248046.01,0,0,19248046.01,0,0,19248046.01,0,0,19248046.01,0,0,19248046.01,0,0,19248046.01,0,0,19248046.01,0,0,19248046.01,0,0,19248046.01,0,0,19248046.01,0,0,19248046.01
0,1,Pfizer,2021-01-18,COVOBES,0,0,0,0,0,0,0,0,0,0,0,0,0,0,0,0,0,0,0,0,0,0,0,0,0,0,0,0,0,0,0,0,0,0,0,0,0,0,0,0,0,0,0,0,0,0,0,0,0,0,19248046.01,0,0,19248046.01,0,0,19248046.01,0,0,19248046.01,0,0,19248046.01,0,0,19248046.01,0,0,19248046.01,0,0,19248046.01,0,0,19248046.01,0,0,19248046.01,0,0,19248046.01,0,0,19248046.01,0,0,19248046.01,0,0,19248046.01,0,0,19248046.01,0,0,19248046.01,0,0,19248046.01,0,0,19248046.01,0,0,19248046.01,0,0,19248046.01,0,0,19248046.01,0,0,19248046.01,0,0,19248046.01,0,0,19248046.01,0,0,19248046.01,0,0,19248046.01,0,0,19248046.01,0,0,19248046.01,0,0,19248046.01,0,0,19248046.01,0,0,19248046.01,0,0,19248046.01,0,0,19248046.01,0,0,19248046.01,0,0,19248046.01,0,0,19248046.01,0,0,19248046.01,0,0,19248046.01,0,0,19248046.01,0,0,19248046.01,0,0,19248046.01,0,0,19248046.01,0,0,19248046.01,0,0,19248046.01,0,0,19248046.01,0,0,19248046.01,0,0,19248046.01,0,0,19248046.01
0,1,Pfizer,2021-01-25,COVOBES,0,0,0,0,0,0,0,0,0,0,0,0,0,0,0,0,0,0,0,0,0,0,0,0,0,0,0,0,0,0,0,0,0,0,0,0,0,0,0,0,0,0,0,0,0,0,0,0,0,0,33684080.52,0,0,33684080.52,0,0,33684080.52,0,0,33684080.52,0,0,33684080.52,0,0,33684080.52,0,0,33684080.52,0,0,33684080.52,0,0,33684080.52,0,0,33684080.52,0,0,33684080.52,0,0,33684080.52,0,0,33684080.52,0,0,33684080.52,0,0,33684080.52,0,0,33684080.52,0,0,33684080.52,0,0,33684080.52,0,0,33684080.52,0,0,33684080.52,0,0,33684080.52,0,0,33684080.52,0,0,33684080.52,0,0,33684080.52,0,0,33684080.52,0,0,33684080.52,0,0,33684080.52,0,0,33684080.52,0,0,33684080.52,0,0,33684080.52,0,0,33684080.52,0,0,33684080.52,0,0,33684080.52,0,0,33684080.52,0,0,33684080.52,0,0,33684080.52,0,0,33684080.52,0,0,33684080.52,0,0,33684080.52,0,0,33684080.52,0,0,33684080.52,0,0,33684080.52,0,0,33684080.52,0,0,33684080.52,0,0,33684080.52,0,0,33684080.52,0,0,33684080.52,0,0,33684080.52
0,2,Moderna,2021-04-05,COVOBES,0,0,0,0,0,0,0,0,0,0,0,0,0,0,0,0,0,0,0,0,0,0,0,0,0,0,0,0,0,0,0,0,0,0,0,0,0,0,0,0,0,0,0,0,0,0,0,0,0,0,26947264.41,0,0,26947264.41,0,0,26947264.41,,,0,,,0,,,0,0,0,26947264.41,0,0,26947264.41,0,0,26947264.41,0,0,26947264.41,0,0,26947264.41,0,0,26947264.41,0,0,26947264.41,0,0,26947264.41,0,0,26947264.41,0,0,26947264.41,,,0,,,0,0,0,26947264.41,0,0,26947264.41,0,0,26947264.41,0,0,26947264.41,0,0,26947264.41,0,0,26947264.41,0,0,26947264.41,0,0,26947264.41,0,0,26947264.41,0,0,26947264.41,0,0,26947264.41,0,0,26947264.41,0,0,26947264.41,0,0,26947264.41,0,0,26947264.41,0,0,26947264.41,0,0,26947264.41,0,0,26947264.41,0,0,26947264.41,0,0,26947264.41,0,0,26947264.41,0,0,26947264.41,,,0,0,0,26947264.41,0,0,26947264.41,0,0,26947264.41,0,0,26947264.41,0,0,26947264.41,0,0,26947264.41,0,0,26947264.41
0,2,Moderna,2021-04-12,COVOBES,0,0,0,0,0,0,0,0,0,0,0,0,0,0,0,0,0,0,0,0,0,0,0,0,0,0,0,0,0,0,0,0,0,0,0,0,0,0,0,0,0,0,0,0,0,0,0,0,0,0,19248046.01,0,0,19248046.01,0,0,19248046.01,,,0,,,0,,,0,0,0,19248046.01,0,0,19248046.01,0,0,19248046.01,0,0,19248046.01,0,0,19248046.01,0,0,19248046.01,0,0,19248046.01,0,0,19248046.01,0,0,19248046.01,0,0,19248046.01,,,0,,,0,0,0,19248046.01,0,0,19248046.01,0,0,19248046.01,0,0,19248046.01,0,0,19248046.01,0,0,19248046.01,0,0,19248046.01,0,0,19248046.01,0,0,19248046.01,0,0,19248046.01,0,0,19248046.01,0,0,19248046.01,0,0,19248046.01,0,0,19248046.01,0,0,19248046.01,0,0,19248046.01,0,0,19248046.01,0,0,19248046.01,0,0,19248046.01,0,0,19248046.01,0,0,19248046.01,0,0,19248046.01,,,0,0,0,19248046.01,0,0,19248046.01,0,0,19248046.01,0,0,19248046.01,0,0,19248046.01,0,0,19248046.01,0,0,19248046.01
0,2,Moderna,2021-04-19,COVOBES,0,0,0,0,0,0,0,0,0,0,0,0,0,0,0,0,0,0,0,0,0,0,0,0,0,0,0,0,0,0,0,0,0,0,0,0,0,0,0,0,0,0,0,0,0,0,0,0,0,0,19248046.01,0,0,19248046.01,0,0,19248046.01,,,0,,,0,,,0,0,0,19248046.01,0,0,19248046.01,0,0,19248046.01,0,0,19248046.01,0,0,19248046.01,0,0,19248046.01,0,0,19248046.01,0,0,19248046.01,0,0,19248046.01,0,0,19248046.01,,,0,,,0,0,0,19248046.01,0,0,19248046.01,0,0,19248046.01,0,0,19248046.01,0,0,19248046.01,0,0,19248046.01,0,0,19248046.01,0,0,19248046.01,0,0,19248046.01,0,0,19248046.01,0,0,19248046.01,0,0,19248046.01,0,0,19248046.01,0,0,19248046.01,0,0,19248046.01,0,0,19248046.01,0,0,19248046.01,0,0,19248046.01,0,0,19248046.01,0,0,19248046.01,0,0,19248046.01,0,0,19248046.01,,,0,0,0,19248046.01,0,0,19248046.01,0,0,19248046.01,0,0,19248046.01,0,0,19248046.01,0,0,19248046.01,0,0,19248046.01
0,2,Moderna,2021-04-26,COVOBES,0,0,0,0,0,0,0,0,0,0,0,0,0,0,0,0,0,0,0,0,0,0,0,0,0,0,0,0,0,0,0,0,0,0,0,0,0,0,0,0,0,0,0,0,0,0,0,0,0,0,19248046.01,0,0,19248046.01,0,0,19248046.01,,,0,,,0,,,0,0,0,19248046.01,0,0,19248046.01,0,0,19248046.01,0,0,19248046.01,0,0,19248046.01,0,0,19248046.01,0,0,19248046.01,0,0,19248046.01,0,0,19248046.01,0,0,19248046.01,,,0,,,0,0,0,19248046.01,0,0,19248046.01,0,0,19248046.01,0,0,19248046.01,0,0,19248046.01,0,0,19248046.01,0,0,19248046.01,0,0,19248046.01,0,0,19248046.01,0,0,19248046.01,0,0,19248046.01,0,0,19248046.01,0,0,19248046.01,0,0,19248046.01,0,0,19248046.01,0,0,19248046.01,0,0,19248046.01,0,0,19248046.01,0,0,19248046.01,0,0,19248046.01,0,0,19248046.01,0,0,19248046.01,,,0,0,0,19248046.01,0,0,19248046.01,0,0,19248046.01,0,0,19248046.01,0,0,19248046.01,0,0,19248046.01,0,0,19248046.01
0,2,Moderna,2021-05-03,COVOBES,0,0,0,0,0,0,0,0,0,0,0,0,0,0,0,0,0,0,0,0,0,0,0,0,0,0,0,0,0,0,0,0,0,0,0,0,0,0,0,0,0,0,0,0,0,0,0,0,0,0,19248046.01,0,0,19248046.01,0,0,19248046.01,,,0,,,0,,,0,0,0,19248046.01,0,0,19248046.01,0,0,19248046.01,0,0,19248046.01,0,0,19248046.01,0,0,19248046.01,0,0,19248046.01,0,0,19248046.01,0,0,19248046.01,0,0,19248046.01,,,0,,,0,0,0,19248046.01,0,0,19248046.01,0,0,19248046.01,0,0,19248046.01,0,0,19248046.01,0,0,19248046.01,0,0,19248046.01,0,0,19248046.01,0,0,19248046.01,0,0,19248046.01,0,0,19248046.01,0,0,19248046.01,0,0,19248046.01,0,0,19248046.01,0,0,19248046.01,0,0,19248046.01,0,0,19248046.01,0,0,19248046.01,0,0,19248046.01,0,0,19248046.01,0,0,19248046.01,0,0,19248046.01,,,0,0,0,19248046.01,0,0,19248046.01,0,0,19248046.01,0,0,19248046.01,0,0,19248046.01,0,0,19248046.01,0,0,19248046.01
0,2,Moderna,2021-05-10,COVOBES,0,0,0,0,0,0,0,0,0,0,0,0,0,0,0,0,0,0,0,0,0,0,0,0,0,0,0,0,0,0,0,0,0,0,0,0,0,0,0,0,0,0,0,0,0,0,0,0,0,0,19248046.01,0,0,19248046.01,0,0,19248046.01,,,0,,,0,,,0,0,0,19248046.01,0,0,19248046.01,0,0,19248046.01,0,0,19248046.01,0,0,19248046.01,0,0,19248046.01,0,0,19248046.01,0,0,19248046.01,0,0,19248046.01,0,0,19248046.01,,,0,,,0,0,0,19248046.01,0,0,19248046.01,0,0,19248046.01,0,0,19248046.01,0,0,19248046.01,0,0,19248046.01,0,0,19248046.01,0,0,19248046.01,0,0,19248046.01,0,0,19248046.01,0,0,19248046.01,0,0,19248046.01,0,0,19248046.01,0,0,19248046.01,0,0,19248046.01,0,0,19248046.01,0,0,19248046.01,0,0,19248046.01,0,0,19248046.01,0,0,19248046.01,0,0,19248046.01,0,0,19248046.01,,,0,0,0,19248046.01,0,0,19248046.01,0,0,19248046.01,0,0,19248046.01,0,0,19248046.01,0,0,19248046.01,0,0,19248046.01
0,2,Moderna,2021-05-17,COVOBES,0,0,0,0,0,0,0,0,0,0,0,0,0,0,0,0,0,0,0,0,0,0,0,0,0,0,0,0,0,0,0,0,0,0,0,0,0,0,0,0,0,0,0,0,0,0,0,0,0,0,19248046.01,0,0,19248046.01,0,0,19248046.01,,,0,,,0,,,0,0,0,19248046.01,0,0,19248046.01,0,0,19248046.01,0,0,19248046.01,0,0,19248046.01,0,0,19248046.01,0,0,19248046.01,0,0,19248046.01,0,0,19248046.01,0,0,19248046.01,,,0,,,0,0,0,19248046.01,0,0,19248046.01,0,0,19248046.01,0,0,19248046.01,0,0,19248046.01,0,0,19248046.01,0,0,19248046.01,0,0,19248046.01,0,0,19248046.01,0,0,19248046.01,0,0,19248046.01,0,0,19248046.01,0,0,19248046.01,0,0,19248046.01,0,0,19248046.01,0,0,19248046.01,0,0,19248046.01,0,0,19248046.01,0,0,19248046.01,0,0,19248046.01,0,0,19248046.01,0,0,19248046.01,,,0,0,0,19248046.01,0,0,19248046.01,0,0,19248046.01,0,0,19248046.01,0,0,19248046.01,0,0,19248046.01,0,0,19248046.01
0,2,Moderna,2021-05-24,COVOBES,0,0,0,0,0,0,0,0,0,0,0,0,0,0,0,0,0,0,0,0,0,0,0,0,0,0,0,0,0,0,0,0,0,0,0,0,0,0,0,0,0,0,0,0,0,0,0,0,0,0,19248046.01,0,0,19248046.01,0,0,19248046.01,,,0,,,0,,,0,0,0,19248046.01,0,0,19248046.01,0,0,19248046.01,0,0,19248046.01,0,0,19248046.01,0,0,19248046.01,0,0,19248046.01,0,0,19248046.01,0,0,19248046.01,0,0,19248046.01,,,0,,,0,0,0,19248046.01,0,0,19248046.01,0,0,19248046.01,0,0,19248046.01,0,0,19248046.01,0,0,19248046.01,0,0,19248046.01,0,0,19248046.01,0,0,19248046.01,0,0,19248046.01,0,0,19248046.01,0,0,19248046.01,0,0,19248046.01,0,0,19248046.01,0,0,19248046.01,0,0,19248046.01,0,0,19248046.01,0,0,19248046.01,0,0,19248046.01,0,0,19248046.01,0,0,19248046.01,0,0,19248046.01,,,0,0,0,19248046.01,0,0,19248046.01,0,0,19248046.01,0,0,19248046.01,0,0,19248046.01,0,0,19248046.01,0,0,19248046.01
0,2,Moderna,2021-05-31,COVOBES,0,0,0,0,0,0,0,0,0,0,0,0,0,0,0,0,0,0,0,0,0,0,0,0,0,0,0,0,0,0,0,0,0,0,0,0,0,0,0,0,0,0,0,0,0,0,0,0,0,0,19248046.01,0,0,19248046.01,0,0,19248046.01,,,0,,,0,,,0,0,0,19248046.01,0,0,19248046.01,0,0,19248046.01,0,0,19248046.01,0,0,19248046.01,0,0,19248046.01,0,0,19248046.01,0,0,19248046.01,0,0,19248046.01,0,0,19248046.01,,,0,,,0,0,0,19248046.01,0,0,19248046.01,0,0,19248046.01,0,0,19248046.01,0,0,19248046.01,0,0,19248046.01,0,0,19248046.01,0,0,19248046.01,0,0,19248046.01,0,0,19248046.01,0,0,19248046.01,0,0,19248046.01,0,0,19248046.01,0,0,19248046.01,0,0,19248046.01,0,0,19248046.01,0,0,19248046.01,0,0,19248046.01,0,0,19248046.01,0,0,19248046.01,0,0,19248046.01,0,0,19248046.01,,,0,0,0,19248046.01,0,0,19248046.01,0,0,19248046.01,0,0,19248046.01,0,0,19248046.01,0,0,19248046.01,0,0,19248046.01
0,2,Moderna,2021-06-07,COVOBES,0,0,0,0,0,0,0,0,0,0,0,0,0,0,0,0,0,0,0,0,0,0,0,0,0,0,0,0,0,0,0,0,0,0,0,0,0,0,0,0,0,0,0,0,0,0,0,0,0,0,19248046.01,0,0,19248046.01,0,0,19248046.01,,,0,,,0,,,0,0,0,19248046.01,0,0,19248046.01,0,0,19248046.01,0,0,19248046.01,0,0,19248046.01,0,0,19248046.01,0,0,19248046.01,0,0,19248046.01,0,0,19248046.01,0,0,19248046.01,,,0,,,0,0,0,19248046.01,0,0,19248046.01,0,0,19248046.01,0,0,19248046.01,0,0,19248046.01,0,0,19248046.01,0,0,19248046.01,0,0,19248046.01,0,0,19248046.01,0,0,19248046.01,0,0,19248046.01,0,0,19248046.01,0,0,19248046.01,0,0,19248046.01,0,0,19248046.01,0,0,19248046.01,0,0,19248046.01,0,0,19248046.01,0,0,19248046.01,0,0,19248046.01,0,0,19248046.01,0,0,19248046.01,,,0,0,0,19248046.01,0,0,19248046.01,0,0,19248046.01,0,0,19248046.01,0,0,19248046.01,0,0,19248046.01,0,0,19248046.01
0,2,Moderna,2021-06-14,COVOBES,0,0,0,0,0,0,0,0,0,0,0,0,0,0,0,0,0,0,0,0,0,0,0,0,0,0,0,0,0,0,0,0,0,0,0,0,0,0,0,0,0,0,0,0,0,0,0,0,0,0,19248046.01,0,0,19248046.01,0,0,19248046.01,,,0,,,0,,,0,0,0,19248046.01,0,0,19248046.01,0,0,19248046.01,0,0,19248046.01,0,0,19248046.01,0,0,19248046.01,0,0,19248046.01,0,0,19248046.01,0,0,19248046.01,0,0,19248046.01,,,0,,,0,0,0,19248046.01,0,0,19248046.01,0,0,19248046.01,0,0,19248046.01,0,0,19248046.01,0,0,19248046.01,0,0,19248046.01,0,0,19248046.01,0,0,19248046.01,0,0,19248046.01,0,0,19248046.01,0,0,19248046.01,0,0,19248046.01,0,0,19248046.01,0,0,19248046.01,0,0,19248046.01,0,0,19248046.01,0,0,19248046.01,0,0,19248046.01,0,0,19248046.01,0,0,19248046.01,0,0,19248046.01,,,0,0,0,19248046.01,0,0,19248046.01,0,0,19248046.01,0,0,19248046.01,0,0,19248046.01,0,0,19248046.01,0,0,19248046.01
0,2,Moderna,2021-06-21,COVOBES,0,0,0,0,0,0,0,0,0,0,0,0,0,0,0,0,0,0,0,0,0,0,0,0,0,0,0,0,0,0,0,0,0,0,0,0,0,0,0,0,0,0,0,0,0,0,0,0,0,0,19248046.01,0,0,19248046.01,0,0,19248046.01,,,0,,,0,,,0,0,0,19248046.01,0,0,19248046.01,0,0,19248046.01,0,0,19248046.01,0,0,19248046.01,0,0,19248046.01,0,0,19248046.01,0,0,19248046.01,0,0,19248046.01,0,0,19248046.01,,,0,,,0,0,0,19248046.01,0,0,19248046.01,0,0,19248046.01,0,0,19248046.01,0,0,19248046.01,0,0,19248046.01,0,0,19248046.01,0,0,19248046.01,0,0,19248046.01,0,0,19248046.01,0,0,19248046.01,0,0,19248046.01,0,0,19248046.01,0,0,19248046.01,0,0,19248046.01,0,0,19248046.01,0,0,19248046.01,0,0,19248046.01,0,0,19248046.01,0,0,19248046.01,0,0,19248046.01,0,0,19248046.01,,,0,0,0,19248046.01,0,0,19248046.01,0,0,19248046.01,0,0,19248046.01,0,0,19248046.01,0,0,19248046.01,0,0,19248046.01
0,2,Moderna,2021-06-28,COVOBES,0,0,0,0,0,0,0,0,0,0,0,0,0,0,0,0,0,0,0,0,0,0,0,0,0,0,0,0,0,0,0,0,0,0,0,0,0,0,0,0,0,0,0,0,0,0,0,0,0,0,44912107.35,0,0,44912107.35,0,0,44912107.35,,,0,,,0,,,0,0,0,44912107.35,0,0,44912107.35,0,0,44912107.35,0,0,44912107.35,0,0,44912107.35,0,0,44912107.35,0,0,44912107.35,0,0,44912107.35,0,0,44912107.35,0,0,44912107.35,,,0,,,0,0,0,44912107.35,0,0,44912107.35,0,0,44912107.35,0,0,44912107.35,0,0,44912107.35,0,0,44912107.35,0,0,44912107.35,0,0,44912107.35,0,0,44912107.35,0,0,44912107.35,0,0,44912107.35,0,0,44912107.35,0,0,44912107.35,0,0,44912107.35,0,0,44912107.35,0,0,44912107.35,0,0,44912107.35,0,0,44912107.35,0,0,44912107.35,0,0,44912107.35,0,0,44912107.35,0,0,44912107.35,,,0,0,0,44912107.35,0,0,44912107.35,0,0,44912107.35,0,0,44912107.35,0,0,44912107.35,0,0,44912107.35,0,0,44912107.35
0,2,Pfizer,2021-01-25,COVOBES,0,0,0,0,0,0,0,0,0,0,0,0,0,0,0,0,0,0,0,0,0,0,0,0,0,0,0,0,0,0,0,0,0,0,0,0,0,0,0,0,0,0,0,0,0,0,0,0,0,0,44912107.35,0,0,44912107.35,0,0,44912107.35,0,0,44912107.35,0,0,44912107.35,0,0,44912107.35,0,0,44912107.35,0,0,44912107.35,0,0,44912107.35,0,0,44912107.35,0,0,44912107.35,0,0,44912107.35,0,0,44912107.35,0,0,44912107.35,0,0,44912107.35,0,0,44912107.35,0,0,44912107.35,0,0,44912107.35,0,0,44912107.35,0,0,44912107.35,0,0,44912107.35,0,0,44912107.35,0,0,44912107.35,0,0,44912107.35,0,0,44912107.35,0,0,44912107.35,0,0,44912107.35,0,0,44912107.35,0,0,44912107.35,0,0,44912107.35,0,0,44912107.35,0,0,44912107.35,0,0,44912107.35,0,0,44912107.35,0,0,44912107.35,0,0,44912107.35,0,0,44912107.35,0,0,44912107.35,0,0,44912107.35,0,0,44912107.35,0,0,44912107.35,0,0,44912107.35,0,0,44912107.35,0,0,44912107.35,0,0,44912107.35,0,0,44912107.35,0,0,44912107.35,0,0,44912107.35
0,2,Pfizer,2021-02-01,COVOBES,0,0,0,0,0,0,0,0,0,0,0,0,0,0,0,0,0,0,0,0,0,0,0,0,0,0,0,0,0,0,0,0,0,0,0,0,0,0,0,0,0,0,0,0,0,0,0,0,0,0,19248046.01,0,0,19248046.01,0,0,19248046.01,0,0,19248046.01,0,0,19248046.01,0,0,19248046.01,0,0,19248046.01,0,0,19248046.01,0,0,19248046.01,0,0,19248046.01,0,0,19248046.01,0,0,19248046.01,0,0,19248046.01,0,0,19248046.01,0,0,19248046.01,0,0,19248046.01,0,0,19248046.01,0,0,19248046.01,0,0,19248046.01,0,0,19248046.01,0,0,19248046.01,0,0,19248046.01,0,0,19248046.01,0,0,19248046.01,0,0,19248046.01,0,0,19248046.01,0,0,19248046.01,0,0,19248046.01,0,0,19248046.01,0,0,19248046.01,0,0,19248046.01,0,0,19248046.01,0,0,19248046.01,0,0,19248046.01,0,0,19248046.01,0,0,19248046.01,0,0,19248046.01,0,0,19248046.01,0,0,19248046.01,0,0,19248046.01,0,0,19248046.01,0,0,19248046.01,0,0,19248046.01,0,0,19248046.01,0,0,19248046.01,0,0,19248046.01,0,0,19248046.01,0,0,19248046.01
0,2,Pfizer,2021-02-08,COVOBES,0,0,0,0,0,0,0,0,0,0,0,0,0,0,0,0,0,0,0,0,0,0,0,0,0,0,0,0,0,0,0,0,0,0,0,0,0,0,0,0,0,0,0,0,0,0,0,0,0,0,19248046.01,0,0,19248046.01,0,0,19248046.01,0,0,19248046.01,0,0,19248046.01,0,0,19248046.01,0,0,19248046.01,0,0,19248046.01,0,0,19248046.01,0,0,19248046.01,0,0,19248046.01,0,0,19248046.01,0,0,19248046.01,0,0,19248046.01,0,0,19248046.01,0,0,19248046.01,0,0,19248046.01,0,0,19248046.01,0,0,19248046.01,0,0,19248046.01,0,0,19248046.01,0,0,19248046.01,0,0,19248046.01,0,0,19248046.01,0,0,19248046.01,0,0,19248046.01,0,0,19248046.01,0,0,19248046.01,0,0,19248046.01,0,0,19248046.01,0,0,19248046.01,0,0,19248046.01,0,0,19248046.01,0,0,19248046.01,0,0,19248046.01,0,0,19248046.01,0,0,19248046.01,0,0,19248046.01,0,0,19248046.01,0,0,19248046.01,0,0,19248046.01,0,0,19248046.01,0,0,19248046.01,0,0,19248046.01,0,0,19248046.01,0,0,19248046.01,0,0,19248046.01,0,0,19248046.01
0,2,Pfizer,2021-02-15,COVOBES,0,0,0,0,0,0,0,0,0,0,0,0,0,0,0,0,0,0,0,0,0,0,0,0,0,0,0,0,0,0,0,0,0,0,0,0,0,0,0,0,0,0,0,0,0,0,0,0,0,0,19248046.01,0,0,19248046.01,0,0,19248046.01,0,0,19248046.01,0,0,19248046.01,0,0,19248046.01,0,0,19248046.01,0,0,19248046.01,0,0,19248046.01,0,0,19248046.01,0,0,19248046.01,0,0,19248046.01,0,0,19248046.01,0,0,19248046.01,0,0,19248046.01,0,0,19248046.01,0,0,19248046.01,0,0,19248046.01,0,0,19248046.01,0,0,19248046.01,0,0,19248046.01,0,0,19248046.01,0,0,19248046.01,0,0,19248046.01,0,0,19248046.01,0,0,19248046.01,0,0,19248046.01,0,0,19248046.01,0,0,19248046.01,0,0,19248046.01,0,0,19248046.01,0,0,19248046.01,0,0,19248046.01,0,0,19248046.01,0,0,19248046.01,0,0,19248046.01,0,0,19248046.01,0,0,19248046.01,0,0,19248046.01,0,0,19248046.01,0,0,19248046.01,0,0,19248046.01,0,0,19248046.01,0,0,19248046.01,0,0,19248046.01,0,0,19248046.01,0,0,19248046.01,0,0,19248046.01
0,2,Pfizer,2021-02-22,COVOBES,0,0,0,0,0,0,0,0,0,0,0,0,0,0,0,0,0,0,0,0,0,0,0,0,0,0,0,0,0,0,0,0,0,0,0,0,0,0,0,0,0,0,0,0,0,0,0,0,0,0,19248046.01,0,0,19248046.01,0,0,19248046.01,0,0,19248046.01,0,0,19248046.01,0,0,19248046.01,0,0,19248046.01,0,0,19248046.01,0,0,19248046.01,0,0,19248046.01,0,0,19248046.01,0,0,19248046.01,0,0,19248046.01,0,0,19248046.01,0,0,19248046.01,0,0,19248046.01,0,0,19248046.01,0,0,19248046.01,0,0,19248046.01,0,0,19248046.01,0,0,19248046.01,0,0,19248046.01,0,0,19248046.01,0,0,19248046.01,0,0,19248046.01,0,0,19248046.01,0,0,19248046.01,0,0,19248046.01,0,0,19248046.01,0,0,19248046.01,0,0,19248046.01,0,0,19248046.01,0,0,19248046.01,0,0,19248046.01,0,0,19248046.01,0,0,19248046.01,0,0,19248046.01,0,0,19248046.01,0,0,19248046.01,0,0,19248046.01,0,0,19248046.01,0,0,19248046.01,0,0,19248046.01,0,0,19248046.01,0,0,19248046.01,0,0,19248046.01,0,0,19248046.01,0,0,19248046.01
0,2,Pfizer,2021-03-01,COVOBES,0,0,0,0,0,0,0,0,0,0,0,0,0,0,0,0,0,0,0,0,0,0,0,0,0,0,0,0,0,0,0,0,0,0,0,0,0,0,0,0,0,0,0,0,0,0,0,0,0,0,19248046.01,0,0,19248046.01,0,0,19248046.01,0,0,19248046.01,0,0,19248046.01,0,0,19248046.01,0,0,19248046.01,0,0,19248046.01,0,0,19248046.01,0,0,19248046.01,0,0,19248046.01,0,0,19248046.01,0,0,19248046.01,0,0,19248046.01,0,0,19248046.01,0,0,19248046.01,0,0,19248046.01,0,0,19248046.01,0,0,19248046.01,0,0,19248046.01,0,0,19248046.01,0,0,19248046.01,0,0,19248046.01,0,0,19248046.01,0,0,19248046.01,0,0,19248046.01,0,0,19248046.01,0,0,19248046.01,0,0,19248046.01,0,0,19248046.01,0,0,19248046.01,0,0,19248046.01,0,0,19248046.01,0,0,19248046.01,0,0,19248046.01,0,0,19248046.01,0,0,19248046.01,0,0,19248046.01,0,0,19248046.01,0,0,19248046.01,0,0,19248046.01,0,0,19248046.01,0,0,19248046.01,0,0,19248046.01,0,0,19248046.01,0,0,19248046.01,0,0,19248046.01,0,0,19248046.01
0,2,Pfizer,2021-03-08,COVOBES,0,0,0,0,0,0,0,0,0,0,0,0,0,0,0,0,0,0,0,0,0,0,0,0,0,0,0,0,0,0,0,0,0,0,0,0,0,0,0,0,0,0,0,0,0,0,0,0,0,0,19248046.01,0,0,19248046.01,0,0,19248046.01,0,0,19248046.01,0,0,19248046.01,0,0,19248046.01,0,0,19248046.01,0,0,19248046.01,0,0,19248046.01,0,0,19248046.01,0,0,19248046.01,0,0,19248046.01,0,0,19248046.01,0,0,19248046.01,0,0,19248046.01,0,0,19248046.01,0,0,19248046.01,0,0,19248046.01,0,0,19248046.01,0,0,19248046.01,0,0,19248046.01,0,0,19248046.01,0,0,19248046.01,0,0,19248046.01,0,0,19248046.01,0,0,19248046.01,0,0,19248046.01,0,0,19248046.01,0,0,19248046.01,0,0,19248046.01,0,0,19248046.01,0,0,19248046.01,0,0,19248046.01,0,0,19248046.01,0,0,19248046.01,0,0,19248046.01,0,0,19248046.01,0,0,19248046.01,0,0,19248046.01,0,0,19248046.01,0,0,19248046.01,0,0,19248046.01,0,0,19248046.01,0,0,19248046.01,0,0,19248046.01,0,0,19248046.01,0,0,19248046.01,0,0,19248046.01
0,2,Pfizer,2021-03-15,COVOBES,0,0,0,0,0,0,0,0,0,0,0,0,0,0,0,0,0,0,0,0,0,0,0,0,0,0,0,0,0,0,0,0,0,0,0,0,0,0,0,0,0,0,0,0,0,0,0,0,0,0,19248046.01,0,0,19248046.01,0,0,19248046.01,0,0,19248046.01,0,0,19248046.01,0,0,19248046.01,0,0,19248046.01,0,0,19248046.01,0,0,19248046.01,0,0,19248046.01,0,0,19248046.01,0,0,19248046.01,0,0,19248046.01,0,0,19248046.01,0,0,19248046.01,0,0,19248046.01,0,0,19248046.01,0,0,19248046.01,0,0,19248046.01,0,0,19248046.01,0,0,19248046.01,0,0,19248046.01,0,0,19248046.01,0,0,19248046.01,0,0,19248046.01,0,0,19248046.01,0,0,19248046.01,0,0,19248046.01,0,0,19248046.01,0,0,19248046.01,0,0,19248046.01,0,0,19248046.01,0,0,19248046.01,0,0,19248046.01,0,0,19248046.01,0,0,19248046.01,0,0,19248046.01,0,0,19248046.01,0,0,19248046.01,0,0,19248046.01,0,0,19248046.01,0,0,19248046.01,0,0,19248046.01,0,0,19248046.01,0,0,19248046.01,0,0,19248046.01,0,0,19248046.01,0,0,19248046.01
0,2,Pfizer,2021-03-22,COVOBES,0,0,0,0,0,0,0,0,0,0,0,0,0,0,0,0,0,0,0,0,0,0,0,0,0,0,0,0,0,0,0,0,0,0,0,0,0,0,0,0,0,0,0,0,0,0,0,0,0,0,19248046.01,0,0,19248046.01,0,0,19248046.01,0,0,19248046.01,0,0,19248046.01,0,0,19248046.01,0,0,19248046.01,0,0,19248046.01,0,0,19248046.01,0,0,19248046.01,0,0,19248046.01,0,0,19248046.01,0,0,19248046.01,0,0,19248046.01,0,0,19248046.01,0,0,19248046.01,0,0,19248046.01,0,0,19248046.01,0,0,19248046.01,0,0,19248046.01,0,0,19248046.01,0,0,19248046.01,0,0,19248046.01,0,0,19248046.01,0,0,19248046.01,0,0,19248046.01,0,0,19248046.01,0,0,19248046.01,0,0,19248046.01,0,0,19248046.01,0,0,19248046.01,0,0,19248046.01,0,0,19248046.01,0,0,19248046.01,0,0,19248046.01,0,0,19248046.01,0,0,19248046.01,0,0,19248046.01,0,0,19248046.01,0,0,19248046.01,0,0,19248046.01,0,0,19248046.01,0,0,19248046.01,0,0,19248046.01,0,0,19248046.01,0,0,19248046.01,0,0,19248046.01,0,0,19248046.01
0,2,Pfizer,2021-03-29,COVOBES,0,0,0,0,0,0,0,0,0,0,0,0,0,0,0,0,0,0,0,0,0,0,0,0,0,0,0,0,0,0,0,0,0,0,0,0,0,0,0,0,0,0,0,0,0,0,0,0,0,0,13473632.21,0,0,13473632.21,0,0,13473632.21,0,0,13473632.21,0,0,13473632.21,0,0,19248046.01,0,0,13473632.21,0,0,19248046.01,0,0,13473632.21,0,0,13473632.21,0,0,13473632.21,0,0,13473632.21,0,0,13473632.21,0,0,13473632.21,0,0,13473632.21,0,0,13473632.21,0,0,13473632.21,0,0,13473632.21,0,0,13473632.21,0,0,13473632.21,0,0,13473632.21,0,0,13473632.21,0,0,13473632.21,0,0,13473632.21,0,0,13473632.21,0,0,13473632.21,0,0,13473632.21,0,0,13473632.21,0,0,13473632.21,0,0,13473632.21,0,0,13473632.21,0,0,13473632.21,0,0,13473632.21,0,0,13473632.21,0,0,13473632.21,0,0,13473632.21,0,0,13473632.21,0,0,13473632.21,0,0,13473632.21,0,0,13473632.21,0,0,13473632.21,0,0,13473632.21,0,0,13473632.21,0,0,13473632.21,0,0,13473632.21,0,0,13473632.21,0,0,13473632.21,0,0,13473632.21
0,2,Pfizer,2021-04-05,COVOBES,0,0,0,0,0,0,0,0,0,0,0,0,0,0,0,0,0,0,0,0,0,0,0,0,0,0,0,0,0,0,0,0,0,0,0,0,0,0,0,0,0,0,0,0,0,0,0,0,0,0,9624023,0,0,9624023,0,0,9624023,0,0,9624023,0,0,9624023,0,0,19248046.01,0,0,9624023,0,0,19248046.01,0,0,9624023,0,0,9624023,0,0,9624023,0,0,9624023,0,0,9624023,0,0,9624023,0,0,9624023,0,0,9624023,0,0,9624023,0,0,9624023,0,0,9624023,0,0,9624023,0,0,9624023,0,0,9624023,0,0,9624023,0,0,9624023,0,0,9624023,0,0,9624023,0,0,9624023,0,0,9624023,0,0,9624023,0,0,9624023,0,0,9624023,0,0,9624023,0,0,9624023,0,0,9624023,0,0,9624023,0,0,9624023,0,0,9624023,0,0,9624023,0,0,9624023,0,0,9624023,0,0,9624023,0,0,9624023,0,0,9624023,0,0,9624023,0,0,9624023,0,0,9624023,0,0,9624023,0,0,9624023
0,2,Pfizer,2021-04-12,COVOBES,0,0,0,0,0,0,0,0,0,0,0,0,0,0,0,0,0,0,0,0,0,0,0,0,0,0,0,0,0,0,0,0,0,0,0,0,0,0,0,0,0,0,0,0,0,0,0,0,0,0,9624023,0,0,9624023,0,0,9624023,0,0,9624023,0,0,9624023,0,0,19248046.01,0,0,9624023,0,0,19248046.01,0,0,9624023,0,0,9624023,0,0,9624023,0,0,9624023,0,0,9624023,0,0,9624023,0,0,9624023,0,0,9624023,0,0,9624023,0,0,9624023,0,0,9624023,0,0,9624023,0,0,9624023,0,0,9624023,0,0,9624023,0,0,9624023,0,0,9624023,0,0,9624023,0,0,9624023,0,0,9624023,0,0,9624023,0,0,9624023,0,0,9624023,0,0,9624023,0,0,9624023,0,0,9624023,0,0,9624023,0,0,9624023,0,0,9624023,0,0,9624023,0,0,9624023,0,0,9624023,0,0,9624023,0,0,9624023,0,0,9624023,0,0,9624023,0,0,9624023,0,0,9624023,0,0,9624023,0,0,9624023
0,2,Pfizer,2021-04-19,COVOBES,0,0,0,0,0,0,0,0,0,0,0,0,0,0,0,0,0,0,0,0,0,0,0,0,0,0,0,0,0,0,0,0,0,0,0,0,0,0,0,0,0,0,0,0,0,0,0,0,0,0,9624023,0,0,9624023,0,0,9624023,0,0,9624023,0,0,9624023,0,0,19248046.01,0,0,9624023,0,0,19248046.01,0,0,9624023,0,0,9624023,0,0,9624023,0,0,9624023,0,0,9624023,0,0,9624023,0,0,9624023,0,0,9624023,0,0,9624023,0,0,9624023,0,0,9624023,0,0,9624023,0,0,9624023,0,0,9624023,0,0,9624023,0,0,9624023,0,0,9624023,0,0,9624023,0,0,9624023,0,0,9624023,0,0,9624023,0,0,9624023,0,0,9624023,0,0,9624023,0,0,9624023,0,0,9624023,0,0,9624023,0,0,9624023,0,0,9624023,0,0,9624023,0,0,9624023,0,0,9624023,0,0,9624023,0,0,9624023,0,0,9624023,0,0,9624023,0,0,9624023,0,0,9624023,0,0,9624023,0,0,9624023
0,2,Pfizer,2021-04-26,COVOBES,0,0,0,0,0,0,0,0,0,0,0,0,0,0,0,0,0,0,0,0,0,0,0,0,0,0,0,0,0,0,0,0,0,0,0,0,0,0,0,0,0,0,0,0,0,0,0,0,0,0,9624023,0,0,9624023,0,0,9624023,0,0,9624023,0,0,9624023,0,0,19248046.01,0,0,9624023,0,0,19248046.01,0,0,9624023,0,0,9624023,0,0,9624023,0,0,9624023,0,0,9624023,0,0,9624023,0,0,9624023,0,0,9624023,0,0,9624023,0,0,9624023,0,0,9624023,0,0,9624023,0,0,9624023,0,0,9624023,0,0,9624023,0,0,9624023,0,0,9624023,0,0,9624023,0,0,9624023,0,0,9624023,0,0,9624023,0,0,9624023,0,0,9624023,0,0,9624023,0,0,9624023,0,0,9624023,0,0,9624023,0,0,9624023,0,0,9624023,0,0,9624023,0,0,9624023,0,0,9624023,0,0,9624023,0,0,9624023,0,0,9624023,0,0,9624023,0,0,9624023,0,0,9624023,0,0,9624023,0,0,9624023
0,2,Pfizer,2021-05-03,COVOBES,0,0,0,0,0,0,0,0,0,0,0,0,0,0,0,0,0,0,0,0,0,0,0,0,0,0,0,0,0,0,0,0,0,0,0,0,0,0,0,0,0,0,0,0,0,0,0,0,0,0,9624023,0,0,9624023,0,0,9624023,0,0,9624023,0,0,9624023,0,0,19248046.01,0,0,9624023,0,0,19248046.01,0,0,9624023,0,0,9624023,0,0,9624023,0,0,9624023,0,0,9624023,0,0,9624023,0,0,9624023,0,0,9624023,0,0,9624023,0,0,9624023,0,0,9624023,0,0,9624023,0,0,9624023,0,0,9624023,0,0,9624023,0,0,9624023,0,0,9624023,0,0,9624023,0,0,9624023,0,0,9624023,0,0,9624023,0,0,9624023,0,0,9624023,0,0,9624023,0,0,9624023,0,0,9624023,0,0,9624023,0,0,9624023,0,0,9624023,0,0,9624023,0,0,9624023,0,0,9624023,0,0,9624023,0,0,9624023,0,0,9624023,0,0,9624023,0,0,9624023,0,0,9624023,0,0,9624023,0,0,9624023
0,2,Pfizer,2021-05-10,COVOBES,0,0,0,0,0,0,0,0,0,0,0,0,0,0,0,0,0,0,0,0,0,0,0,0,0,0,0,0,0,0,0,0,0,0,0,0,0,0,0,0,0,0,0,0,0,0,0,0,0,0,9624023,0,0,9624023,0,0,9624023,0,0,9624023,0,0,9624023,0,0,19248046.01,0,0,9624023,0,0,19248046.01,0,0,9624023,0,0,9624023,0,0,9624023,0,0,9624023,0,0,9624023,0,0,9624023,0,0,9624023,0,0,9624023,0,0,9624023,0,0,9624023,0,0,9624023,0,0,9624023,0,0,9624023,0,0,9624023,0,0,9624023,0,0,9624023,0,0,9624023,0,0,9624023,0,0,9624023,0,0,9624023,0,0,9624023,0,0,9624023,0,0,9624023,0,0,9624023,0,0,9624023,0,0,9624023,0,0,9624023,0,0,9624023,0,0,9624023,0,0,9624023,0,0,9624023,0,0,9624023,0,0,9624023,0,0,9624023,0,0,9624023,0,0,9624023,0,0,9624023,0,0,9624023,0,0,9624023,0,0,9624023
0,2,Pfizer,2021-05-17,COVOBES,0,0,0,0,0,0,0,0,0,0,0,0,0,0,0,0,0,0,0,0,0,0,0,0,0,0,0,0,0,0,0,0,0,0,0,0,0,0,0,0,0,0,0,0,0,0,0,0,0,0,9624023,0,0,9624023,0,0,9624023,0,0,9624023,0,0,9624023,0,0,19248046.01,0,0,9624023,0,0,19248046.01,0,0,9624023,0,0,9624023,0,0,9624023,0,0,9624023,0,0,9624023,0,0,9624023,0,0,9624023,0,0,9624023,0,0,9624023,0,0,9624023,0,0,9624023,0,0,9624023,0,0,9624023,0,0,9624023,0,0,9624023,0,0,9624023,0,0,9624023,0,0,9624023,0,0,9624023,0,0,9624023,0,0,9624023,0,0,9624023,0,0,9624023,0,0,9624023,0,0,9624023,0,0,9624023,0,0,9624023,0,0,9624023,0,0,9624023,0,0,9624023,0,0,9624023,0,0,9624023,0,0,9624023,0,0,9624023,0,0,9624023,0,0,9624023,0,0,9624023,0,0,9624023,0,0,9624023,0,0,9624023
0,2,Pfizer,2021-05-24,COVOBES,0,0,0,0,0,0,0,0,0,0,0,0,0,0,0,0,0,0,0,0,0,0,0,0,0,0,0,0,0,0,0,0,0,0,0,0,0,0,0,0,0,0,0,0,0,0,0,0,0,0,9624023,0,0,9624023,0,0,9624023,0,0,9624023,0,0,9624023,0,0,19248046.01,0,0,9624023,0,0,19248046.01,0,0,9624023,0,0,9624023,0,0,9624023,0,0,9624023,0,0,9624023,0,0,9624023,0,0,9624023,0,0,9624023,0,0,9624023,0,0,9624023,0,0,9624023,0,0,9624023,0,0,9624023,0,0,9624023,0,0,9624023,0,0,9624023,0,0,9624023,0,0,9624023,0,0,9624023,0,0,9624023,0,0,9624023,0,0,9624023,0,0,9624023,0,0,9624023,0,0,9624023,0,0,9624023,0,0,9624023,0,0,9624023,0,0,9624023,0,0,9624023,0,0,9624023,0,0,9624023,0,0,9624023,0,0,9624023,0,0,9624023,0,0,9624023,0,0,9624023,0,0,9624023,0,0,9624023,0,0,9624023
0,2,Pfizer,2021-05-31,COVOBES,0,0,0,0,0,0,0,0,0,0,0,0,0,0,0,0,0,0,0,0,0,0,0,0,0,0,0,0,0,0,0,0,0,0,0,0,0,0,0,0,0,0,0,0,0,0,0,0,0,0,9624023,0,0,9624023,0,0,9624023,0,0,9624023,0,0,9624023,0,0,19248046.01,0,0,9624023,0,0,19248046.01,0,0,9624023,0,0,9624023,0,0,9624023,0,0,9624023,0,0,9624023,0,0,9624023,0,0,9624023,0,0,9624023,0,0,9624023,0,0,9624023,0,0,9624023,0,0,9624023,0,0,9624023,0,0,9624023,0,0,9624023,0,0,9624023,0,0,9624023,0,0,9624023,0,0,9624023,0,0,9624023,0,0,9624023,0,0,9624023,0,0,9624023,0,0,9624023,0,0,9624023,0,0,9624023,0,0,9624023,0,0,9624023,0,0,9624023,0,0,9624023,0,0,9624023,0,0,9624023,0,0,9624023,0,0,9624023,0,0,9624023,0,0,9624023,0,0,9624023,0,0,9624023,0,0,9624023,0,0,9624023
0,2,Pfizer,2021-06-07,COVOBES,0,0,0,0,0,0,0,0,0,0,0,0,0,0,0,0,0,0,0,0,0,0,0,0,0,0,0,0,0,0,0,0,0,0,0,0,0,0,0,0,0,0,0,0,0,0,0,0,0,0,9624023,0,0,9624023,0,0,9624023,0,0,9624023,0,0,9624023,0,0,19248046.01,0,0,9624023,0,0,19248046.01,0,0,9624023,0,0,9624023,0,0,9624023,0,0,9624023,0,0,9624023,0,0,9624023,0,0,9624023,0,0,9624023,0,0,9624023,0,0,9624023,0,0,9624023,0,0,9624023,0,0,9624023,0,0,9624023,0,0,9624023,0,0,9624023,0,0,9624023,0,0,9624023,0,0,9624023,0,0,9624023,0,0,9624023,0,0,9624023,0,0,9624023,0,0,9624023,0,0,9624023,0,0,9624023,0,0,9624023,0,0,9624023,0,0,9624023,0,0,9624023,0,0,9624023,0,0,9624023,0,0,9624023,0,0,9624023,0,0,9624023,0,0,9624023,0,0,9624023,0,0,9624023,0,0,9624023,0,0,9624023
0,2,Pfizer,2021-06-14,COVOBES,0,0,0,0,0,0,0,0,0,0,0,0,0,0,0,0,0,0,0,0,0,0,0,0,0,0,0,0,0,0,0,0,0,0,0,0,0,0,0,0,0,0,0,0,0,0,0,0,0,0,9624023,0,0,9624023,0,0,9624023,0,0,9624023,0,0,9624023,0,0,19248046.01,0,0,9624023,0,0,19248046.01,0,0,9624023,0,0,9624023,0,0,9624023,0,0,9624023,0,0,9624023,0,0,9624023,0,0,9624023,0,0,9624023,0,0,9624023,0,0,9624023,0,0,9624023,0,0,9624023,0,0,9624023,0,0,9624023,0,0,9624023,0,0,9624023,0,0,9624023,0,0,9624023,0,0,9624023,0,0,9624023,0,0,9624023,0,0,9624023,0,0,9624023,0,0,9624023,0,0,9624023,0,0,9624023,0,0,9624023,0,0,9624023,0,0,9624023,0,0,9624023,0,0,9624023,0,0,9624023,0,0,9624023,0,0,9624023,0,0,9624023,0,0,9624023,0,0,9624023,0,0,9624023,0,0,9624023,0,0,9624023
0,2,Pfizer,2021-06-21,COVOBES,0,0,0,0,0,0,0,0,0,0,0,0,0,0,0,0,0,0,0,0,0,0,0,0,0,0,0,0,0,0,0,0,0,0,0,0,0,0,0,0,0,0,0,0,0,0,0,0,0,0,9624023,0,0,9624023,0,0,9624023,0,0,9624023,0,0,9624023,0,0,19248046.01,0,0,9624023,0,0,19248046.01,0,0,9624023,0,0,9624023,0,0,9624023,0,0,9624023,0,0,9624023,0,0,9624023,0,0,9624023,0,0,9624023,0,0,9624023,0,0,9624023,0,0,9624023,0,0,9624023,0,0,9624023,0,0,9624023,0,0,9624023,0,0,9624023,0,0,9624023,0,0,9624023,0,0,9624023,0,0,9624023,0,0,9624023,0,0,9624023,0,0,9624023,0,0,9624023,0,0,9624023,0,0,9624023,0,0,9624023,0,0,9624023,0,0,9624023,0,0,9624023,0,0,9624023,0,0,9624023,0,0,9624023,0,0,9624023,0,0,9624023,0,0,9624023,0,0,9624023,0,0,9624023,0,0,9624023,0,0,9624023
0,2,Pfizer,2021-06-28,COVOBES,0,0,0,0,0,0,0,0,0,0,0,0,0,0,0,0,0,0,0,0,0,0,0,0,0,0,0,0,0,0,0,0,0,0,0,0,0,0,0,0,0,0,0,0,0,0,0,0,0,0,22456053.68,0,0,22456053.68,0,0,22456053.68,0,0,22456053.68,0,0,22456053.68,0,0,44912107.35,0,0,22456053.68,0,0,44912107.35,0,0,22456053.68,0,0,22456053.68,0,0,22456053.68,0,0,22456053.68,0,0,22456053.68,0,0,22456053.68,0,0,22456053.68,0,0,22456053.68,0,0,22456053.68,0,0,22456053.68,0,0,22456053.68,0,0,22456053.68,0,0,22456053.68,0,0,22456053.68,0,0,22456053.68,0,0,22456053.68,0,0,22456053.68,0,0,22456053.68,0,0,22456053.68,0,0,22456053.68,0,0,22456053.68,0,0,22456053.68,0,0,22456053.68,0,0,22456053.68,0,0,22456053.68,0,0,22456053.68,0,0,22456053.68,0,0,22456053.68,0,0,22456053.68,0,0,22456053.68,0,0,22456053.68,0,0,22456053.68,0,0,22456053.68,0,0,22456053.68,0,0,22456053.68,0,0,22456053.68,0,0,22456053.68,0,0,22456053.68,0,0,22456053.68,0,0,22456053.68
0,1,Pfizer,2021-03-08,COVOBES,0,0,0,0,0,0,0,0,0,0,0,0,0,0,0,0,0,0,0,0,0,0,0,0,0,0,0,0,0,0,0,0,0,0,0,0,0,0,0,0,0,0,0,0,0,0,0,0,0,0,44912107.35,0,0,44912107.35,0,0,44912107.35,0,0,44912107.35,0,0,44912107.35,,,0,0,0,44912107.35,,,0,0,0,44912107.35,0,0,44912107.35,0,0,44912107.35,0,0,44912107.35,0,0,44912107.35,0,0,44912107.35,0,0,44912107.35,0,0,44912107.35,0,0,44912107.35,0,0,44912107.35,0,0,44912107.35,0,0,44912107.35,0,0,44912107.35,0,0,44912107.35,0,0,44912107.35,0,0,44912107.35,0,0,44912107.35,0,0,44912107.35,0,0,44912107.35,0,0,44912107.35,0,0,44912107.35,0,0,44912107.35,0,0,44912107.35,0,0,44912107.35,0,0,44912107.35,0,0,44912107.35,0,0,44912107.35,0,0,44912107.35,0,0,44912107.35,0,0,44912107.35,0,0,44912107.35,0,0,44912107.35,0,0,44912107.35,0,0,44912107.35,0,0,44912107.35,0,0,44912107.35,0,0,44912107.35,0,0,44912107.35,0,0,44912107.35,0,0,44912107.35
0,1,Pfizer,2021-03-15,COVOBES,0,0,0,0,0,0,0,0,0,0,0,0,0,0,0,0,0,0,0,0,0,0,0,0,0,0,0,0,0,0,0,0,0,0,0,0,0,0,0,0,0,0,0,0,0,0,0,0,0,0,19248046.01,0,0,19248046.01,0,0,19248046.01,0,0,19248046.01,0,0,19248046.01,,,0,0,0,19248046.01,,,0,0,0,19248046.01,0,0,19248046.01,0,0,19248046.01,0,0,19248046.01,0,0,19248046.01,0,0,19248046.01,0,0,19248046.01,0,0,19248046.01,0,0,19248046.01,0,0,19248046.01,0,0,19248046.01,0,0,19248046.01,0,0,19248046.01,0,0,19248046.01,0,0,19248046.01,0,0,19248046.01,0,0,19248046.01,0,0,19248046.01,0,0,19248046.01,0,0,19248046.01,0,0,19248046.01,0,0,19248046.01,0,0,19248046.01,0,0,19248046.01,0,0,19248046.01,0,0,19248046.01,0,0,19248046.01,0,0,19248046.01,0,0,19248046.01,0,0,19248046.01,0,0,19248046.01,0,0,19248046.01,0,0,19248046.01,0,0,19248046.01,0,0,19248046.01,0,0,19248046.01,0,0,19248046.01,0,0,19248046.01,0,0,19248046.01,0,0,19248046.01
0,1,Pfizer,2021-03-22,COVOBES,0,0,0,0,0,0,0,0,0,0,0,0,0,0,0,0,0,0,0,0,0,0,0,0,0,0,0,0,0,0,0,0,0,0,0,0,0,0,0,0,0,0,0,0,0,0,0,0,0,0,19248046.01,0,0,19248046.01,0,0,19248046.01,0,0,19248046.01,0,0,19248046.01,,,0,0,0,19248046.01,,,0,0,0,19248046.01,0,0,19248046.01,0,0,19248046.01,0,0,19248046.01,0,0,19248046.01,0,0,19248046.01,0,0,19248046.01,0,0,19248046.01,0,0,19248046.01,0,0,19248046.01,0,0,19248046.01,0,0,19248046.01,0,0,19248046.01,0,0,19248046.01,0,0,19248046.01,0,0,19248046.01,0,0,19248046.01,0,0,19248046.01,0,0,19248046.01,0,0,19248046.01,0,0,19248046.01,0,0,19248046.01,0,0,19248046.01,0,0,19248046.01,0,0,19248046.01,0,0,19248046.01,0,0,19248046.01,0,0,19248046.01,0,0,19248046.01,0,0,19248046.01,0,0,19248046.01,0,0,19248046.01,0,0,19248046.01,0,0,19248046.01,0,0,19248046.01,0,0,19248046.01,0,0,19248046.01,0,0,19248046.01,0,0,19248046.01,0,0,19248046.01
0,1,Pfizer,2021-03-29,COVOBES,0,0,0,0,0,0,0,0,0,0,0,0,0,0,0,0,0,0,0,0,0,0,0,0,0,0,0,0,0,0,0,0,0,0,0,0,0,0,0,0,0,0,0,0,0,0,0,0,0,0,33684080.52,0,0,33684080.52,0,0,33684080.52,0,0,33684080.52,0,0,33684080.52,,,0,0,0,33684080.52,,,0,0,0,33684080.52,0,0,33684080.52,0,0,33684080.52,0,0,33684080.52,0,0,33684080.52,0,0,33684080.52,0,0,33684080.52,0,0,33684080.52,0,0,33684080.52,0,0,33684080.52,0,0,33684080.52,0,0,33684080.52,0,0,33684080.52,0,0,33684080.52,0,0,33684080.52,0,0,33684080.52,0,0,33684080.52,0,0,33684080.52,0,0,33684080.52,0,0,33684080.52,0,0,33684080.52,0,0,33684080.52,0,0,33684080.52,0,0,33684080.52,0,0,33684080.52,0,0,33684080.52,0,0,33684080.52,0,0,33684080.52,0,0,33684080.52,0,0,33684080.52,0,0,33684080.52,0,0,33684080.52,0,0,33684080.52,0,0,33684080.52,0,0,33684080.52,0,0,33684080.52,0,0,33684080.52,0,0,33684080.52,0,0,33684080.52,0,0,33684080.52
1,0,0,2020-01-06,COVOBES,0,0,0,0,0,0,0,0,0,0,0,0,0,0,0,0,0,0,0,0,0,0,0,0,0,0,0,0,0,0,0,0,0,0,0,0,0,0,0,0,0,0,0,0,0,0,0,0,0,0,2694726.44,0,0,2694726.44,0,0,2694726.44,0,0,2694726.44,0,0,6416015.34,0,0,9624023,0,0,2694726.44,0,0,4646080.07,0,0,4812011.5,0,0,4812011.5,0,0,2694726.44,0,0,2694726.44,0,0,2694726.44,0,0,2694726.44,0,0,2694726.44,0,0,2694726.44,0,0,2694726.44,0,0,2694726.44,0,0,2694726.44,0,0,2694726.44,0,0,2694726.44,0,0,2694726.44,0,0,2694726.44,0,0,2694726.44,0,0,2694726.44,0,0,2694726.44,0,0,2694726.44,0,0,2694726.44,0,0,2694726.44,0,0,2694726.44,0,0,2694726.44,0,0,2694726.44,0,0,2694726.44,0,0,2694726.44,0,0,2694726.44,0,0,2694726.44,0,0,2694726.44,0,0,2694726.44,0,0,2694726.44,0,0,2694726.44,0,0,9624023,0,0,2694726.44,0,0,2694726.44,0,0,2694726.44,0,0,2694726.44,0,0,2694726.44,0,0,2694726.44,0,0,2694726.44
1,0,0,2020-01-13,COVOBES,0,0,0,0,0,0,0,0,0,0,0,0,0,0,0,0,0,0,0,0,0,0,0,0,0,0,0,0,0,0,0,0,0,0,0,0,0,0,0,0,0,0,0,0,0,0,0,0,0,0,2749720.86,0,0,2749720.86,0,0,2749720.86,0,0,2749720.86,0,0,6416015.34,0,0,9624023,0,0,2749720.86,0,0,4812011.5,0,0,4812011.5,0,0,4812011.5,0,0,2749720.86,0,0,2749720.86,0,0,2749720.86,0,0,2749720.86,0,0,2749720.86,0,0,2749720.86,0,0,2749720.86,0,0,2749720.86,0,0,2749720.86,0,0,2749720.86,0,0,2749720.86,0,0,2749720.86,0,0,2749720.86,0,0,2749720.86,0,0,2749720.86,0,0,2749720.86,0,0,2749720.86,0,0,2749720.86,0,0,2749720.86,0,0,2749720.86,0,0,2749720.86,0,0,2749720.86,0,0,2749720.86,0,0,2749720.86,0,0,2749720.86,0,0,2749720.86,0,0,2749720.86,0,0,2749720.86,0,0,2749720.86,0,0,2749720.86,0,0,9624023,0,0,2749720.86,0,0,2749720.86,0,0,2749720.86,0,0,2749720.86,0,0,2749720.86,0,0,2749720.86,0,0,2749720.86
1,0,0,2020-01-20,COVOBES,0,0,0,0,0,0,0,0,0,0,0,0,0,0,0,0,0,0,0,0,0,0,0,0,0,0,0,0,0,0,0,0,0,0,0,0,0,0,0,0,0,0,0,0,0,0,0,0,0,0,2749720.86,0,0,2749720.86,0,0,2749720.86,0,0,2749720.86,0,0,6416015.34,0,0,9624023,0,0,2749720.86,0,0,4812011.5,0,0,4812011.5,0,0,4812011.5,0,0,2749720.86,0,0,2749720.86,0,0,2749720.86,0,0,2749720.86,0,0,2749720.86,0,0,2749720.86,0,0,2749720.86,0,0,2749720.86,0,0,2749720.86,0,0,2749720.86,0,0,2749720.86,0,0,2749720.86,0,0,2749720.86,0,0,2749720.86,0,0,2749720.86,0,0,2749720.86,0,0,2749720.86,0,0,2749720.86,0,0,2749720.86,0,0,2749720.86,0,0,2749720.86,0,0,2749720.86,0,0,2749720.86,0,0,2749720.86,0,0,2749720.86,0,0,2749720.86,0,0,2749720.86,0,0,2749720.86,0,0,2749720.86,0,0,2749720.86,0,0,9624023,0,0,2749720.86,0,0,2749720.86,0,0,2749720.86,0,0,2749720.86,0,0,2749720.86,0,0,2749720.86,0,0,2749720.86
1,0,0,2020-01-27,COVOBES,0,0,0,0,0,0,0,0,0,0,0,0,0,0,0,0,0,0,0,0,0,0,0,0,0,0,0,0,0,0,0,0,0,0,0,0,0,0,0,0,0,0,0,0,0,0,0,0,0,0,2749720.86,0,0,2749720.86,0,0,2749720.86,0,0,2749720.86,0,0,6416015.34,0,0,9624023,0,0,2749720.86,0,0,4812011.5,0,0,4812011.5,0,0,4812011.5,0,0,2749720.86,0,0,2749720.86,0,0,2749720.86,0,0,2749720.86,0,0,2749720.86,0,0,2749720.86,0,0,2749720.86,0,0,2749720.86,0,0,2749720.86,0,0,2749720.86,0,0,2749720.86,0,0,2749720.86,0,0,2749720.86,0,0,2749720.86,0,0,2749720.86,0,0,2749720.86,0,0,2749720.86,0,0,2749720.86,0,0,2749720.86,0,0,2749720.86,0,0,2749720.86,0,0,2749720.86,0,0,2749720.86,0,0,2749720.86,0,0,2749720.86,0,0,2749720.86,0,0,2749720.86,0,0,2749720.86,0,0,2749720.86,0,0,2749720.86,0,0,9624023,0,0,2749720.86,0,0,2749720.86,0,0,2749720.86,0,0,2749720.86,0,0,2749720.86,0,0,2749720.86,0,0,2749720.86
1,0,0,2020-02-03,COVOBES,0,0,0,0,0,0,0,0,0,0,0,0,0,0,0,0,0,0,0,0,0,0,0,0,0,0,0,0,0,0,0,0,0,0,0,0,0,0,0,0,0,0,0,0,0,0,0,0,0,0,2749720.86,0,0,2749720.86,0,0,2749720.86,0,0,2749720.86,0,0,6416015.34,0,0,9624023,0,0,2749720.86,0,0,4812011.5,0,0,4812011.5,0,0,4812011.5,0,0,2749720.86,0,0,2749720.86,0,0,2749720.86,0,0,2749720.86,0,0,2749720.86,0,0,2749720.86,0,0,2749720.86,0,0,2749720.86,0,0,2749720.86,0,0,2749720.86,0,0,2749720.86,0,0,2749720.86,0,0,2749720.86,0,0,2749720.86,0,0,2749720.86,0,0,2749720.86,0,0,2749720.86,0,0,2749720.86,0,0,2749720.86,0,0,2749720.86,0,0,2749720.86,0,0,2749720.86,0,0,2749720.86,0,0,2749720.86,0,0,2749720.86,0,0,2749720.86,0,0,2749720.86,0,0,2749720.86,0,0,2749720.86,0,0,2749720.86,0,0,9624023,0,0,2749720.86,0,0,2749720.86,0,0,2749720.86,0,0,2749720.86,0,0,2749720.86,0,0,2749720.86,0,0,2749720.86
1,0,0,2020-02-10,COVOBES,0,0,0,0,0,0,0,0,0,0,0,0,0,0,0,0,0,0,0,0,0,0,0,0,0,0,0,0,0,0,0,0,0,0,0,0,0,0,0,0,0,0,0,0,0,0,0,0,0,0,2749720.86,0,0,2749720.86,0,0,2749720.86,0,0,2749720.86,0,0,6416015.34,0,0,9624023,0,0,2749720.86,0,0,4812011.5,0,0,4812011.5,0,0,4812011.5,0,0,2749720.86,0,0,2749720.86,0,0,2749720.86,0,0,2749720.86,0,0,2749720.86,0,0,2749720.86,0,0,2749720.86,0,0,2749720.86,0,0,2749720.86,0,0,2749720.86,0,0,2749720.86,0,0,2749720.86,0,0,2749720.86,0,0,2749720.86,0,0,2749720.86,0,0,2749720.86,0,0,2749720.86,0,0,2749720.86,0,0,2749720.86,0,0,2749720.86,0,0,2749720.86,0,0,2749720.86,0,0,2749720.86,0,0,2749720.86,0,0,2749720.86,0,0,2749720.86,0,0,2749720.86,0,0,2749720.86,0,0,2749720.86,0,0,2749720.86,0,0,9624023,0,0,2749720.86,0,0,2749720.86,0,0,2749720.86,0,0,2749720.86,0,0,2749720.86,0,0,2749720.86,0,0,2749720.86
1,0,0,2020-02-17,COVOBES,0,0,0,0,0,0,0,0,0,0,0,0,0,0,0,0,0,0,0,0,0,0,0,0,0,0,0,0,0,0,0,0,0,0,0,0,0,0,0,0,0,0,0,0,0,0,0,0,0,0,2749720.86,0,0,2749720.86,0,0,2749720.86,0,0,2749720.86,0,0,6416015.34,0,0,9624023,0,0,2749720.86,0,0,4812011.5,0,0,4812011.5,0,0,4812011.5,0,0,2749720.86,0,0,2749720.86,0,0,2749720.86,0,0,2749720.86,0,0,2749720.86,0,0,2749720.86,0,0,2749720.86,0,0,2749720.86,0,0,2749720.86,0,0,2749720.86,0,0,2749720.86,0,0,2749720.86,0,0,2749720.86,0,0,2749720.86,0,0,2749720.86,0,0,2749720.86,0,0,2749720.86,0,0,2749720.86,0,0,2749720.86,0,0,2749720.86,0,0,2749720.86,0,0,2749720.86,0,0,2749720.86,0,0,2749720.86,0,0,2749720.86,0,0,2749720.86,0,0,2749720.86,0,0,2749720.86,0,0,2749720.86,0,0,2749720.86,0,0,9624023,0,0,2749720.86,0,0,2749720.86,0,0,2749720.86,0,0,2749720.86,0,0,2749720.86,0,0,2749720.86,0,0,2749720.86
1,0,0,2020-02-24,COVOBES,0,0,0,0,0,0,0,0,0,0,0,0,0,0,0,0,0,0,0,0,0,0,0,0,0,0,0,0,0,0,0,0,0,0,0,0,0,0,0,0,0,0,0,0,0,0,0,0,0,0,2749720.86,0,0,2749720.86,0,0,2749720.86,0,0,2749720.86,0,0,6416015.34,0,0,9624023,0,0,2749720.86,0,0,4812011.5,0,0,4812011.5,0,0,4812011.5,0,0,2749720.86,0,0,2749720.86,0,0,2749720.86,0,0,2749720.86,0,0,2749720.86,0,0,2749720.86,0,0,2749720.86,0,0,2749720.86,0,0,2749720.86,0,0,2749720.86,0,0,2749720.86,0,0,2749720.86,0,0,2749720.86,0,0,2749720.86,0,0,2749720.86,0,0,2749720.86,0,0,2749720.86,0,0,2749720.86,0,0,2749720.86,0,0,2749720.86,0,0,2749720.86,0,0,2749720.86,0,0,2749720.86,0,0,2749720.86,0,0,2749720.86,0,0,2749720.86,0,0,2749720.86,0,0,2749720.86,0,0,2749720.86,0,0,2749720.86,0,0,9624023,0,0,2749720.86,0,0,2749720.86,0,0,2749720.86,0,0,2749720.86,0,0,2749720.86,0,0,2749720.86,0,0,2749720.86
1,0,0,2020-03-02,COVOBES,0,0,0,0,0,0,0,0,0,0,0,0,0,0,0,0,0,0,0,0,0,0,0,0,0,0,0,0,0,0,0,0,0,0,0,0,0,0,0,0,0,0,0,0,0,0,0,0,0,0,2749720.86,0,0,2749720.86,0,0,2749720.86,0,0,2749720.86,0,0,6416015.34,0,0,9624023,0,0,2749720.86,0,0,4812011.5,0,0,4812011.5,0,0,4812011.5,0,0,2749720.86,0,0,2749720.86,0,0,2749720.86,0,0,2749720.86,0,0,2749720.86,0,0,2749720.86,0,0,2749720.86,0,0,2749720.86,0,0,2749720.86,0,0,2749720.86,0,0,2749720.86,0,0,2749720.86,0,0,2749720.86,0,0,2749720.86,0,0,2749720.86,0,0,2749720.86,0,0,2749720.86,0,0,2749720.86,0,0,2749720.86,0,0,2749720.86,0,0,2749720.86,0,0,2749720.86,0,0,2749720.86,0,0,2749720.86,0,0,2749720.86,0,0,2749720.86,0,0,2749720.86,0,0,2749720.86,0,0,2749720.86,0,0,2749720.86,0,0,9624023,0,0,2749720.86,0,0,2749720.86,0,0,2749720.86,0,0,2749720.86,0,0,2749720.86,0,0,2749720.86,0,0,2749720.86
1,0,0,2020-03-09,COVOBES,0,0,0,0,0,0,0,0,0,0,0,0,0,0,0,0,0,0,0,0,0,0,0,0,0,0,0,0,0,0,0,0,0,0,0,0,0,0,0,0,0,0,0,0,0,0,0,0,0,0,2749720.86,0,0,2749720.86,0,0,2749720.86,0,0,2749720.86,0,0,6416015.34,0,0,9624023,0,0,2749720.86,0,0,4812011.5,0,0,4812011.5,0,0,4812011.5,0,0,2749720.86,0,0,2749720.86,0,0,2749720.86,0,0,2749720.86,0,0,2749720.86,0,0,2749720.86,0,0,2749720.86,0,0,2749720.86,0,0,2749720.86,0,0,2749720.86,0,0,2749720.86,0,0,2749720.86,0,0,2749720.86,0,0,2749720.86,0,0,2749720.86,0,0,2749720.86,0,0,2749720.86,0,0,2749720.86,0,0,2749720.86,0,0,2749720.86,0,0,2749720.86,0,0,2749720.86,0,0,2749720.86,0,0,2749720.86,0,0,2749720.86,0,0,2749720.86,0,0,2749720.86,0,0,2749720.86,0,0,2749720.86,0,0,2749720.86,0,0,9624023,0,0,2749720.86,0,0,2749720.86,0,0,2749720.86,0,0,2749720.86,0,0,2749720.86,0,0,2749720.86,0,0,2749720.86
1,0,0,2020-03-16,COVOBES,0,0,0,0,0,0,0,0,0,0,0,0,0,0,0,0,0,0,0,0,0,0,0,0,0,0,0,0,0,0,0,0,0,0,0,0,0,0,0,0,0,0,0,0,0,0,0,0,0,0,2749720.86,0,0,2749720.86,0,0,2749720.86,0,0,2749720.86,0,0,6416015.34,0,0,9624023,0,0,2749720.86,0,0,4812011.5,0,0,4812011.5,0,0,4812011.5,0,0,2749720.86,0,0,2749720.86,0,0,2749720.86,0,0,2749720.86,0,0,2749720.86,0,0,2749720.86,0,0,2749720.86,0,0,2749720.86,0,0,2749720.86,0,0,2749720.86,0,0,2749720.86,0,0,2749720.86,0,0,2749720.86,0,0,2749720.86,0,0,2749720.86,0,0,2749720.86,0,0,2749720.86,0,0,2749720.86,0,0,2749720.86,0,0,2749720.86,0,0,2749720.86,0,0,2749720.86,0,0,2749720.86,0,0,2749720.86,0,0,2749720.86,0,0,2749720.86,0,0,2749720.86,0,0,2749720.86,0,0,2749720.86,0,0,2749720.86,0,0,9624023,0,0,2749720.86,0,0,2749720.86,0,0,2749720.86,0,0,2749720.86,0,0,2749720.86,0,0,2749720.86,0,0,2749720.86
1,0,0,2020-03-23,COVOBES,0,0,0,0,0,0,0,0,0,0,0,0,0,0,0,0,0,0,0,0,0,0,0,0,0,0,0,0,0,0,0,0,0,0,0,0,0,0,0,0,0,0,0,0,0,0,0,0,0,0,2749720.86,0,0,2749720.86,0,0,2749720.86,0,0,2749720.86,0,0,6416015.34,0,0,9624023,0,0,2749720.86,0,0,4812011.5,0,0,4812011.5,0,0,4812011.5,0,0,2749720.86,0,0,2749720.86,0,0,2749720.86,0,0,2749720.86,0,0,2749720.86,0,0,2749720.86,0,0,2749720.86,0,0,2749720.86,0,0,2749720.86,0,0,2749720.86,0,0,2749720.86,0,0,2749720.86,0,0,2749720.86,0,0,2749720.86,0,0,2749720.86,0,0,2749720.86,0,0,2749720.86,0,0,2749720.86,0,0,2749720.86,0,0,2749720.86,0,0,2749720.86,0,0,2749720.86,0,0,2749720.86,0,0,2749720.86,0,0,2749720.86,0,0,2749720.86,0,0,2749720.86,0,0,2749720.86,0,0,2749720.86,0,0,2749720.86,0,0,9624023,0,0,2749720.86,0,0,2749720.86,0,0,2749720.86,0,0,2749720.86,0,0,2749720.86,0,0,2749720.86,0,0,2749720.86
1,0,0,2020-03-30,COVOBES,0,0,0,0,0,0,0,0,0,0,0,0,0,0,0,0,0,0,0,0,0,0,0,0,0,0,0,0,0,0,0,0,0,0,0,0,0,0,0,0,0,0,0,0,0,0,0,0,0,0,2749720.86,0,0,2749720.86,0,0,2749720.86,0,0,2749720.86,0,0,6416015.34,0,0,9624023,0,0,2749720.86,0,0,4812011.5,0,0,4812011.5,0,0,4812011.5,0,0,2749720.86,0,0,2749720.86,0,0,2749720.86,0,0,2749720.86,0,0,2749720.86,0,0,2749720.86,0,0,2749720.86,0,0,2749720.86,0,0,2749720.86,0,0,2749720.86,0,0,2749720.86,0,0,2749720.86,0,0,2749720.86,0,0,2749720.86,0,0,2749720.86,0,0,2749720.86,0,0,2749720.86,0,0,2749720.86,0,0,2749720.86,0,0,2749720.86,0,0,2749720.86,0,0,2749720.86,0,0,2749720.86,0,0,2749720.86,0,0,2749720.86,0,0,2749720.86,0,0,2749720.86,0,0,2749720.86,0,0,2749720.86,0,0,2749720.86,0,0,9624023,0,0,2749720.86,0,0,2749720.86,0,0,2749720.86,0,0,2749720.86,0,0,2749720.86,0,0,2749720.86,0,0,2749720.86
1,0,0,2020-04-06,COVOBES,0,0,0,0,0,0,0,0,0,0,0,0,0,0,0,0,0,0,0,0,0,0,0,0,0,0,0,0,0,0,0,0,0,0,0,0,0,0,0,0,0,0,0,0,0,0,0,0,0,0,2749720.86,0,0,2749720.86,0,0,2749720.86,0,0,2749720.86,0,0,6416015.34,0,0,9624023,0,0,2749720.86,0,0,4812011.5,0,0,4812011.5,0,0,4812011.5,0,0,2749720.86,0,0,2749720.86,0,0,2749720.86,0,0,2749720.86,0,0,2749720.86,0,0,2749720.86,0,0,2749720.86,0,0,2749720.86,0,0,2749720.86,0,0,2749720.86,0,0,2749720.86,0,0,2749720.86,0,0,2749720.86,0,0,2749720.86,0,0,2749720.86,0,0,2749720.86,0,0,2749720.86,0,0,2749720.86,0,0,2749720.86,0,0,2749720.86,0,0,2749720.86,0,0,2749720.86,0,0,2749720.86,0,0,2749720.86,0,0,2749720.86,0,0,2749720.86,0,0,2749720.86,0,0,2749720.86,0,0,2749720.86,0,0,2749720.86,0,0,9624023,0,0,2749720.86,0,0,2749720.86,0,0,2749720.86,0,0,2749720.86,0,0,2749720.86,0,0,2749720.86,0,0,2749720.86
1,0,0,2020-04-13,COVOBES,0,0,0,0,0,0,0,0,0,0,0,0,0,0,0,0,0,0,0,0,0,0,0,0,0,0,0,0,0,0,0,0,0,0,0,0,0,0,0,0,0,0,0,0,0,0,0,0,0,0,2749720.86,0,0,2749720.86,0,0,2749720.86,0,0,2749720.86,0,0,6416015.34,0,0,9624023,0,0,2749720.86,0,0,4812011.5,0,0,4812011.5,0,0,4812011.5,0,0,2749720.86,0,0,2749720.86,0,0,2749720.86,0,0,2749720.86,0,0,2749720.86,0,0,2749720.86,0,0,2749720.86,0,0,2749720.86,0,0,2749720.86,0,0,2749720.86,0,0,2749720.86,0,0,2749720.86,0,0,2749720.86,0,0,2749720.86,0,0,2749720.86,0,0,2749720.86,0,0,2749720.86,0,0,2749720.86,0,0,2749720.86,0,0,2749720.86,0,0,2749720.86,0,0,2749720.86,0,0,2749720.86,0,0,2749720.86,0,0,2749720.86,0,0,2749720.86,0,0,2749720.86,0,0,2749720.86,0,0,2749720.86,0,0,2749720.86,0,0,9624023,0,0,2749720.86,0,0,2749720.86,0,0,2749720.86,0,0,2749720.86,0,0,2749720.86,0,0,2749720.86,0,0,2749720.86
1,0,0,2020-04-20,COVOBES,0,0,0,0,0,0,0,0,0,0,0,0,0,0,0,0,0,0,0,0,0,0,0,0,0,0,0,0,0,0,0,0,0,0,0,0,0,0,0,0,0,0,0,0,0,0,0,0,0,0,2749720.86,0,0,2749720.86,0,0,2749720.86,0,0,2749720.86,0,0,6416015.34,0,0,9624023,0,0,2749720.86,0,0,4812011.5,0,0,4812011.5,0,0,4812011.5,0,0,2749720.86,0,0,2749720.86,0,0,2749720.86,0,0,2749720.86,0,0,2749720.86,0,0,2749720.86,0,0,2749720.86,0,0,2749720.86,0,0,2749720.86,0,0,2749720.86,0,0,2749720.86,0,0,2749720.86,0,0,2749720.86,0,0,2749720.86,0,0,2749720.86,0,0,2749720.86,0,0,2749720.86,0,0,2749720.86,0,0,2749720.86,0,0,2749720.86,0,0,2749720.86,0,0,2749720.86,0,0,2749720.86,0,0,2749720.86,0,0,2749720.86,0,0,2749720.86,0,0,2749720.86,0,0,2749720.86,0,0,2749720.86,0,0,2749720.86,0,0,9624023,0,0,2749720.86,0,0,2749720.86,0,0,2749720.86,0,0,2749720.86,0,0,2749720.86,0,0,2749720.86,0,0,2749720.86
1,0,0,2020-04-27,COVOBES,0,0,0,0,0,0,0,0,0,0,0,0,0,0,0,0,0,0,0,0,0,0,0,0,0,0,0,0,0,0,0,0,0,0,0,0,0,0,0,0,0,0,0,0,0,0,0,0,0,0,2749720.86,0,0,2749720.86,0,0,2749720.86,0,0,2749720.86,0,0,6416015.34,0,0,9624023,0,0,2749720.86,0,0,4812011.5,0,0,4812011.5,0,0,4812011.5,0,0,2749720.86,0,0,2749720.86,0,0,2749720.86,0,0,2749720.86,0,0,2749720.86,0,0,2749720.86,0,0,2749720.86,0,0,2749720.86,0,0,2749720.86,0,0,2749720.86,0,0,2749720.86,0,0,2749720.86,0,0,2749720.86,0,0,2749720.86,0,0,2749720.86,0,0,2749720.86,0,0,2749720.86,0,0,2749720.86,0,0,2749720.86,0,0,2749720.86,0,0,2749720.86,0,0,2749720.86,0,0,2749720.86,0,0,2749720.86,0,0,2749720.86,0,0,2749720.86,0,0,2749720.86,0,0,2749720.86,0,0,2749720.86,0,0,2749720.86,0,0,9624023,0,0,2749720.86,0,0,2749720.86,0,0,2749720.86,0,0,2749720.86,0,0,2749720.86,0,0,2749720.86,0,0,2749720.86
1,0,0,2020-05-04,COVOBES,0,0,0,0,0,0,0,0,0,0,0,0,0,0,0,0,0,0,0,0,0,0,0,0,0,0,0,0,0,0,0,0,0,0,0,0,0,0,0,0,0,0,0,0,0,0,0,0,0,0,2749720.86,0,0,2749720.86,0,0,2749720.86,0,0,2749720.86,0,0,6416015.34,0,0,9624023,0,0,2749720.86,0,0,4812011.5,0,0,4812011.5,0,0,4812011.5,0,0,2749720.86,0,0,2749720.86,0,0,2749720.86,0,0,2749720.86,0,0,2749720.86,0,0,2749720.86,0,0,2749720.86,0,0,2749720.86,0,0,2749720.86,0,0,2749720.86,0,0,2749720.86,0,0,2749720.86,0,0,2749720.86,0,0,2749720.86,0,0,2749720.86,0,0,2749720.86,0,0,2749720.86,0,0,2749720.86,0,0,2749720.86,0,0,2749720.86,0,0,2749720.86,0,0,2749720.86,0,0,2749720.86,0,0,2749720.86,0,0,2749720.86,0,0,2749720.86,0,0,2749720.86,0,0,2749720.86,0,0,2749720.86,0,0,2749720.86,0,0,9624023,0,0,2749720.86,0,0,2749720.86,0,0,2749720.86,0,0,2749720.86,0,0,2749720.86,0,0,2749720.86,0,0,2749720.86
1,0,0,2020-05-11,COVOBES,0,0,0,0,0,0,0,0,0,0,0,0,0,0,0,0,0,0,0,0,0,0,0,0,0,0,0,0,0,0,0,0,0,0,0,0,0,0,0,0,0,0,0,0,0,0,0,0,0,0,2749720.86,0,0,2749720.86,0,0,2749720.86,0,0,2749720.86,0,0,6416015.34,0,0,9624023,0,0,2749720.86,0,0,4812011.5,0,0,4812011.5,0,0,4812011.5,0,0,2749720.86,0,0,2749720.86,0,0,2749720.86,0,0,2749720.86,0,0,2749720.86,0,0,2749720.86,0,0,2749720.86,0,0,2749720.86,0,0,2749720.86,0,0,2749720.86,0,0,2749720.86,0,0,2749720.86,0,0,2749720.86,0,0,2749720.86,0,0,2749720.86,0,0,2749720.86,0,0,2749720.86,0,0,2749720.86,0,0,2749720.86,0,0,2749720.86,0,0,2749720.86,0,0,2749720.86,0,0,2749720.86,0,0,2749720.86,0,0,2749720.86,0,0,2749720.86,0,0,2749720.86,0,0,2749720.86,0,0,2749720.86,0,0,2749720.86,0,0,9624023,0,0,2749720.86,0,0,2749720.86,0,0,2749720.86,0,0,2749720.86,0,0,2749720.86,0,0,2749720.86,0,0,2749720.86
1,0,0,2020-05-18,COVOBES,0,0,0,0,0,0,0,0,0,0,0,0,0,0,0,0,0,0,0,0,0,0,0,0,0,0,0,0,0,0,0,0,0,0,0,0,0,0,0,0,0,0,0,0,0,0,0,0,0,0,2749720.86,0,0,2749720.86,0,0,2749720.86,0,0,2749720.86,0,0,6416015.34,0,0,9624023,0,0,2749720.86,0,0,4812011.5,0,0,4812011.5,0,0,4812011.5,0,0,2749720.86,0,0,2749720.86,0,0,2749720.86,0,0,2749720.86,0,0,2749720.86,0,0,2749720.86,0,0,2749720.86,0,0,2749720.86,0,0,2749720.86,0,0,2749720.86,0,0,2749720.86,0,0,2749720.86,0,0,2749720.86,0,0,2749720.86,0,0,2749720.86,0,0,2749720.86,0,0,2749720.86,0,0,2749720.86,0,0,2749720.86,0,0,2749720.86,0,0,2749720.86,0,0,2749720.86,0,0,2749720.86,0,0,2749720.86,0,0,2749720.86,0,0,2749720.86,0,0,2749720.86,0,0,2749720.86,0,0,2749720.86,0,0,2749720.86,0,0,9624023,0,0,2749720.86,0,0,2749720.86,0,0,2749720.86,0,0,2749720.86,0,0,2749720.86,0,0,2749720.86,0,0,2749720.86
1,0,0,2020-05-25,COVOBES,0,0,0,0,0,0,0,0,0,0,0,0,0,0,0,0,0,0,0,0,0,0,0,0,0,0,0,0,0,0,0,0,0,0,0,0,0,0,0,0,0,0,0,0,0,0,0,0,0,0,2749720.86,0,0,2749720.86,0,0,2749720.86,0,0,2749720.86,0,0,6416015.34,0,0,9624023,0,0,2749720.86,0,0,4812011.5,0,0,4812011.5,0,0,4812011.5,0,0,2749720.86,0,0,2749720.86,0,0,2749720.86,0,0,2749720.86,0,0,2749720.86,0,0,2749720.86,0,0,2749720.86,0,0,2749720.86,0,0,2749720.86,0,0,2749720.86,0,0,2749720.86,0,0,2749720.86,0,0,2749720.86,0,0,2749720.86,0,0,2749720.86,0,0,2749720.86,0,0,2749720.86,0,0,2749720.86,0,0,2749720.86,0,0,2749720.86,0,0,2749720.86,0,0,2749720.86,0,0,2749720.86,0,0,2749720.86,0,0,2749720.86,0,0,2749720.86,0,0,2749720.86,0,0,2749720.86,0,0,2749720.86,0,0,2749720.86,0,0,9624023,0,0,2749720.86,0,0,2749720.86,0,0,2749720.86,0,0,2749720.86,0,0,2749720.86,0,0,2749720.86,0,0,2749720.86
1,0,0,2020-06-01,COVOBES,0,0,0,0,0,0,0,0,0,0,0,0,0,0,0,0,0,0,0,0,0,0,0,0,0,0,0,0,0,0,0,0,0,0,0,0,0,0,0,0,0,0,0,0,0,0,0,0,0,0,2749720.86,0,0,2749720.86,0,0,2749720.86,0,0,2749720.86,0,0,6416015.34,0,0,9624023,0,0,2749720.86,0,0,4812011.5,0,0,4812011.5,0,0,4812011.5,0,0,2749720.86,0,0,2749720.86,0,0,2749720.86,0,0,2749720.86,0,0,2749720.86,0,0,2749720.86,0,0,2749720.86,0,0,2749720.86,0,0,2749720.86,0,0,2749720.86,0,0,2749720.86,0,0,2749720.86,0,0,2749720.86,0,0,2749720.86,0,0,2749720.86,0,0,2749720.86,0,0,2749720.86,0,0,2749720.86,0,0,2749720.86,0,0,2749720.86,0,0,2749720.86,0,0,2749720.86,0,0,2749720.86,0,0,2749720.86,0,0,2749720.86,0,0,2749720.86,0,0,2749720.86,0,0,2749720.86,0,0,2749720.86,0,0,2749720.86,0,0,9624023,0,0,2749720.86,0,0,2749720.86,0,0,2749720.86,0,0,2749720.86,0,0,2749720.86,0,0,2749720.86,0,0,2749720.86
1,0,0,2020-06-08,COVOBES,0,0,0,0,0,0,0,0,0,0,0,0,0,0,0,0,0,0,0,0,0,0,0,0,0,0,0,0,0,0,0,0,0,0,0,0,0,0,0,0,0,0,0,0,0,0,0,0,0,0,2749720.86,0,0,2749720.86,0,0,2749720.86,0,0,2749720.86,0,0,6416015.34,0,0,9624023,0,0,2749720.86,0,0,4812011.5,0,0,4812011.5,0,0,4812011.5,0,0,2749720.86,0,0,2749720.86,0,0,2749720.86,0,0,2749720.86,0,0,2749720.86,0,0,2749720.86,0,0,2749720.86,0,0,2749720.86,0,0,2749720.86,0,0,2749720.86,0,0,2749720.86,0,0,2749720.86,0,0,2749720.86,0,0,2749720.86,0,0,2749720.86,0,0,2749720.86,0,0,2749720.86,0,0,2749720.86,0,0,2749720.86,0,0,2749720.86,0,0,2749720.86,0,0,2749720.86,0,0,2749720.86,0,0,2749720.86,0,0,2749720.86,0,0,2749720.86,0,0,2749720.86,0,0,2749720.86,0,0,2749720.86,0,0,2749720.86,0,0,9624023,0,0,2749720.86,0,0,2749720.86,0,0,2749720.86,0,0,2749720.86,0,0,2749720.86,0,0,2749720.86,0,0,2749720.86
1,0,0,2020-06-15,COVOBES,0,0,0,0,0,0,0,0,0,0,0,0,0,0,0,0,0,0,0,0,0,0,0,0,0,0,0,0,0,0,0,0,0,0,0,0,0,0,0,0,0,0,0,0,0,0,0,0,0,0,2749720.86,0,0,2749720.86,0,0,2749720.86,0,0,2749720.86,0,0,6416015.34,0,0,9624023,0,0,2749720.86,0,0,4812011.5,0,0,4812011.5,0,0,4812011.5,0,0,2749720.86,0,0,2749720.86,0,0,2749720.86,0,0,2749720.86,0,0,2749720.86,0,0,2749720.86,0,0,2749720.86,0,0,2749720.86,0,0,2749720.86,0,0,2749720.86,0,0,2749720.86,0,0,2749720.86,0,0,2749720.86,0,0,2749720.86,0,0,2749720.86,0,0,2749720.86,0,0,2749720.86,0,0,2749720.86,0,0,2749720.86,0,0,2749720.86,0,0,2749720.86,0,0,2749720.86,0,0,2749720.86,0,0,2749720.86,0,0,2749720.86,0,0,2749720.86,0,0,2749720.86,0,0,2749720.86,0,0,2749720.86,0,0,2749720.86,0,0,9624023,0,0,2749720.86,0,0,2749720.86,0,0,2749720.86,0,0,2749720.86,0,0,2749720.86,0,0,2749720.86,0,0,2749720.86
1,0,0,2020-06-22,COVOBES,0,0,0,0,0,0,0,0,0,0,0,0,0,0,0,0,0,0,0,0,0,0,0,0,0,0,0,0,0,0,0,0,0,0,0,0,0,0,0,0,0,0,0,0,0,0,0,0,0,0,2749720.86,0,0,2749720.86,0,0,2749720.86,0,0,2749720.86,0,0,6416015.34,0,0,9624023,0,0,2749720.86,0,0,4812011.5,0,0,4812011.5,0,0,4812011.5,0,0,2749720.86,0,0,2749720.86,0,0,2749720.86,0,0,2749720.86,0,0,2749720.86,0,0,2749720.86,0,0,2749720.86,0,0,2749720.86,0,0,2749720.86,0,0,2749720.86,0,0,2749720.86,0,0,2749720.86,0,0,2749720.86,0,0,2749720.86,0,0,2749720.86,0,0,2749720.86,0,0,2749720.86,0,0,2749720.86,0,0,2749720.86,0,0,2749720.86,0,0,2749720.86,0,0,2749720.86,0,0,2749720.86,0,0,2749720.86,0,0,2749720.86,0,0,2749720.86,0,0,2749720.86,0,0,2749720.86,0,0,2749720.86,0,0,2749720.86,0,0,9624023,0,0,2749720.86,0,0,2749720.86,0,0,2749720.86,0,0,2749720.86,0,0,2749720.86,0,0,2749720.86,0,0,2749720.86
1,0,0,2020-06-29,COVOBES,0,0,0,0,0,0,0,0,0,0,0,0,0,0,0,0,0,0,0,0,0,0,0,0,0,0,0,0,0,0,0,0,0,0,0,0,0,0,0,0,0,0,0,0,0,0,0,0,0,0,2749720.86,0,0,2749720.86,0,0,2749720.86,0,0,2749720.86,0,0,6416015.34,0,0,9624023,0,0,2749720.86,0,0,4812011.5,0,0,4812011.5,0,0,4812011.5,0,0,2749720.86,0,0,2749720.86,0,0,2749720.86,0,0,2749720.86,0,0,2749720.86,0,0,2749720.86,0,0,2749720.86,0,0,2749720.86,0,0,2749720.86,0,0,2749720.86,0,0,2749720.86,0,0,2749720.86,0,0,2749720.86,0,0,2749720.86,0,0,2749720.86,0,0,2749720.86,0,0,2749720.86,0,0,2749720.86,0,0,2749720.86,0,0,2749720.86,0,0,2749720.86,0,0,2749720.86,0,0,2749720.86,0,0,2749720.86,0,0,2749720.86,0,0,2749720.86,0,0,2749720.86,0,0,2749720.86,0,0,2749720.86,0,0,2749720.86,0,0,9624023,0,0,2749720.86,0,0,2749720.86,0,0,2749720.86,0,0,2749720.86,0,0,2749720.86,0,0,2749720.86,0,0,2749720.86
1,0,0,2020-07-06,COVOBES,0,0,0,0,0,0,0,0,0,0,0,0,0,0,0,0,0,0,0,0,0,0,0,0,0,0,0,0,0,0,1,1,0,0,0,0,0,0,0,0,0,0,1,1,0,0,0,0,0,0,2749720.86,0,0,2749720.86,0,0,2749720.86,0,0,2749720.86,0,0,6416015.34,0,0,9624023,0,0,2749720.86,0,0,4812011.5,0,0,4812011.5,0,0,4812011.5,0,0,2749720.86,0,0,2749720.86,0,0,2749720.86,0,0,2749720.86,0,0,2749720.86,0,0,2749720.86,0,0,2749720.86,0,0,2749720.86,0,0,2749720.86,0,0,2749720.86,0,0,2749720.86,0,0,2749720.86,0,0,2749720.86,0,0,2749720.86,0,0,2749720.86,0,0,2749720.86,0,0,2749720.86,0,0,2749720.86,0,0,2749720.86,0,0,2749720.86,0,0,2749720.86,0,0,2749720.86,0,0,2749720.86,811666.67,20549.62,4522317.22,811666.67,20549.62,4522317.22,0,0,2749720.86,0,0,2749720.86,0,0,2749720.86,0,0,2749720.86,0,0,2749720.86,0,0,9624023,0,0,2749720.86,0,0,2749720.86,0,0,2749720.86,0,0,2749720.86,811666.67,20549.62,4522317.22,811666.67,20549.62,4522317.22,0,0,2749720.86
1,0,0,2020-07-13,COVOBES,0,0,0,0,0,0,0,0,0,0,0,0,0,0,0,0,0,0,0,0,0,0,0,0,0,0,0,0,0,0,0,0,0,0,0,0,0,0,0,0,0,0,0,0,0,0,0,0,0,0,2749720.86,0,0,2749720.86,0,0,2749720.86,0,0,2749720.86,0,0,6416015.34,0,0,9624023,0,0,2749720.86,0,0,4812011.5,0,0,4812011.5,0,0,4812011.5,0,0,2749720.86,0,0,2749720.86,0,0,2749720.86,0,0,2749720.86,0,0,2749720.86,0,0,2749720.86,0,0,2749720.86,0,0,2749720.86,0,0,2749720.86,0,0,2749720.86,0,0,2749720.86,0,0,2749720.86,0,0,2749720.86,0,0,2749720.86,0,0,2749720.86,0,0,2749720.86,0,0,2749720.86,0,0,2749720.86,0,0,2749720.86,0,0,2749720.86,0,0,2749720.86,0,0,2749720.86,0,0,2749720.86,0,0,3208007.67,0,0,3208007.67,0,0,2749720.86,0,0,2749720.86,0,0,2749720.86,0,0,2749720.86,0,0,2749720.86,0,0,9624023,0,0,2749720.86,0,0,2749720.86,0,0,2749720.86,0,0,2749720.86,0,0,3208007.67,0,0,3208007.67,0,0,2749720.86
1,0,0,2020-07-20,COVOBES,0,0,0,0,0,0,0,0,0,0,0,0,0,0,0,0,0,0,0,0,0,0,0,0,0,0,0,0,0,0,0,0,0,0,0,0,0,0,0,0,0,0,0,0,0,0,0,0,0,0,2749720.86,0,0,2749720.86,0,0,2749720.86,0,0,2749720.86,0,0,6416015.34,0,0,9624023,0,0,2749720.86,0,0,4812011.5,0,0,4812011.5,0,0,4812011.5,0,0,2749720.86,0,0,2749720.86,0,0,2749720.86,0,0,2749720.86,0,0,2749720.86,0,0,2749720.86,0,0,2749720.86,0,0,2749720.86,0,0,2749720.86,0,0,2749720.86,0,0,2749720.86,0,0,2749720.86,0,0,2749720.86,0,0,2749720.86,0,0,2749720.86,0,0,2749720.86,0,0,2749720.86,0,0,2749720.86,0,0,2749720.86,0,0,2749720.86,0,0,2749720.86,0,0,2749720.86,0,0,2749720.86,0,0,3208007.67,0,0,3208007.67,0,0,2749720.86,0,0,2749720.86,0,0,2749720.86,0,0,2749720.86,0,0,2749720.86,0,0,9624023,0,0,2749720.86,0,0,2749720.86,0,0,2749720.86,0,0,2749720.86,0,0,3208007.67,0,0,3208007.67,0,0,2749720.86
1,0,0,2020-07-27,COVOBES,0,0,0,0,0,0,0,0,0,0,0,0,0,0,0,0,0,0,0,0,0,0,0,0,0,0,0,0,0,0,0,0,0,0,0,0,0,0,0,0,0,0,0,0,0,0,0,0,0,0,2749720.86,0,0,2749720.86,0,0,2749720.86,0,0,2749720.86,0,0,6416015.34,0,0,9624023,0,0,2749720.86,0,0,4812011.5,0,0,4812011.5,0,0,4812011.5,0,0,2749720.86,0,0,2749720.86,0,0,2749720.86,0,0,2749720.86,0,0,2749720.86,0,0,2749720.86,0,0,2749720.86,0,0,2749720.86,0,0,2749720.86,0,0,2749720.86,0,0,2749720.86,0,0,2749720.86,0,0,2749720.86,0,0,2749720.86,0,0,2749720.86,0,0,2749720.86,0,0,2749720.86,0,0,2749720.86,0,0,2749720.86,0,0,2749720.86,0,0,2749720.86,0,0,2749720.86,0,0,2749720.86,0,0,3208007.67,0,0,3208007.67,0,0,2749720.86,0,0,2749720.86,0,0,2749720.86,0,0,2749720.86,0,0,2749720.86,0,0,9624023,0,0,2749720.86,0,0,2749720.86,0,0,2749720.86,0,0,2749720.86,0,0,3208007.67,0,0,3208007.67,0,0,2749720.86
1,0,0,2020-08-03,COVOBES,0,0,0,0,0,0,0,0,0,0,0,0,0,0,0,0,0,0,0,0,0,0,0,0,0,0,0,0,0,0,0,0,0,0,0,0,0,0,0,0,0,0,0,0,0,0,0,0,0,0,2749720.86,0,0,2749720.86,0,0,2749720.86,0,0,2749720.86,0,0,6416015.34,0,0,9624023,0,0,2749720.86,0,0,4812011.5,0,0,4812011.5,0,0,4812011.5,0,0,2749720.86,0,0,2749720.86,0,0,2749720.86,0,0,2749720.86,0,0,2749720.86,0,0,2749720.86,0,0,2749720.86,0,0,2749720.86,0,0,2749720.86,0,0,2749720.86,0,0,2749720.86,0,0,2749720.86,0,0,2749720.86,0,0,2749720.86,0,0,2749720.86,0,0,2749720.86,0,0,2749720.86,0,0,2749720.86,0,0,2749720.86,0,0,2749720.86,0,0,2749720.86,0,0,2749720.86,0,0,2749720.86,0,0,3208007.67,0,0,3208007.67,0,0,2749720.86,0,0,2749720.86,0,0,2749720.86,0,0,2749720.86,0,0,2749720.86,0,0,9624023,0,0,2749720.86,0,0,2749720.86,0,0,2749720.86,0,0,2749720.86,0,0,3208007.67,0,0,3208007.67,0,0,2749720.86
1,0,0,2020-08-10,COVOBES,0,0,0,0,0,0,0,0,0,0,0,0,0,0,0,0,0,0,0,0,0,0,0,0,0,0,0,0,0,0,0,0,0,0,0,0,0,0,0,0,0,0,0,0,0,0,0,0,0,0,2749720.86,0,0,2749720.86,0,0,2749720.86,0,0,2749720.86,0,0,6416015.34,0,0,9624023,0,0,2749720.86,0,0,4812011.5,0,0,4812011.5,0,0,4812011.5,0,0,2749720.86,0,0,2749720.86,0,0,2749720.86,0,0,2749720.86,0,0,2749720.86,0,0,2749720.86,0,0,2749720.86,0,0,2749720.86,0,0,2749720.86,0,0,2749720.86,0,0,2749720.86,0,0,2749720.86,0,0,2749720.86,0,0,2749720.86,0,0,2749720.86,0,0,2749720.86,0,0,2749720.86,0,0,2749720.86,0,0,2749720.86,0,0,2749720.86,0,0,2749720.86,0,0,2749720.86,0,0,2749720.86,0,0,3208007.67,0,0,3208007.67,0,0,2749720.86,0,0,2749720.86,0,0,2749720.86,0,0,2749720.86,0,0,2749720.86,0,0,9624023,0,0,2749720.86,0,0,2749720.86,0,0,2749720.86,0,0,2749720.86,0,0,3208007.67,0,0,3208007.67,0,0,2749720.86
1,0,0,2020-08-17,COVOBES,0,0,0,0,0,0,0,0,0,0,0,0,0,0,0,0,0,0,0,0,0,0,0,0,0,0,0,0,0,0,0,0,0,0,0,0,0,0,0,0,0,0,0,0,0,0,0,0,0,0,2749720.86,0,0,2749720.86,0,0,2749720.86,0,0,2749720.86,0,0,6416015.34,0,0,9624023,0,0,2749720.86,0,0,4812011.5,0,0,4812011.5,0,0,4812011.5,0,0,2749720.86,0,0,2749720.86,0,0,2749720.86,0,0,2749720.86,0,0,2749720.86,0,0,2749720.86,0,0,2749720.86,0,0,2749720.86,0,0,2749720.86,0,0,2749720.86,0,0,2749720.86,0,0,2749720.86,0,0,2749720.86,0,0,2749720.86,0,0,2749720.86,0,0,2749720.86,0,0,2749720.86,0,0,2749720.86,0,0,2749720.86,0,0,2749720.86,0,0,2749720.86,0,0,2749720.86,0,0,2749720.86,0,0,3208007.67,0,0,3208007.67,0,0,2749720.86,0,0,2749720.86,0,0,2749720.86,0,0,2749720.86,0,0,2749720.86,0,0,9624023,0,0,2749720.86,0,0,2749720.86,0,0,2749720.86,0,0,2749720.86,0,0,3208007.67,0,0,3208007.67,0,0,2749720.86
1,0,0,2020-08-24,COVOBES,0,0,0,0,0,0,0,0,0,0,0,0,0,0,0,0,0,0,0,0,0,0,0,0,0,0,0,0,0,0,0,0,0,0,0,0,0,0,0,0,0,0,0,0,0,0,0,0,0,0,2749720.86,0,0,2749720.86,0,0,2749720.86,0,0,2749720.86,0,0,6416015.34,0,0,9624023,0,0,2749720.86,0,0,4812011.5,0,0,4812011.5,0,0,4812011.5,0,0,2749720.86,0,0,2749720.86,0,0,2749720.86,0,0,2749720.86,0,0,2749720.86,0,0,2749720.86,0,0,2749720.86,0,0,2749720.86,0,0,2749720.86,0,0,2749720.86,0,0,2749720.86,0,0,2749720.86,0,0,2749720.86,0,0,2749720.86,0,0,2749720.86,0,0,2749720.86,0,0,2749720.86,0,0,2749720.86,0,0,2749720.86,0,0,2749720.86,0,0,2749720.86,0,0,2749720.86,0,0,2749720.86,0,0,3208007.67,0,0,3208007.67,0,0,2749720.86,0,0,2749720.86,0,0,2749720.86,0,0,2749720.86,0,0,2749720.86,0,0,9624023,0,0,2749720.86,0,0,2749720.86,0,0,2749720.86,0,0,2749720.86,0,0,3208007.67,0,0,3208007.67,0,0,2749720.86
1,0,0,2020-08-31,COVOBES,0,0,0,0,0,0,0,0,0,0,0,0,0,0,0,0,0,0,0,0,0,0,0,0,0,0,0,0,0,0,0,0,0,0,0,0,0,0,0,0,0,0,0,0,0,0,0,0,0,0,2749720.86,0,0,2749720.86,0,0,2749720.86,0,0,2749720.86,0,0,6416015.34,0,0,9624023,0,0,2749720.86,0,0,4812011.5,0,0,4812011.5,0,0,4812011.5,0,0,2749720.86,0,0,2749720.86,0,0,2749720.86,0,0,2749720.86,0,0,2749720.86,0,0,2749720.86,0,0,2749720.86,0,0,2749720.86,0,0,2749720.86,0,0,2749720.86,0,0,2749720.86,0,0,2749720.86,0,0,2749720.86,0,0,2749720.86,0,0,2749720.86,0,0,2749720.86,0,0,2749720.86,0,0,2749720.86,0,0,2749720.86,0,0,2749720.86,0,0,2749720.86,0,0,2749720.86,0,0,2749720.86,0,0,3208007.67,0,0,3208007.67,0,0,2749720.86,0,0,2749720.86,0,0,2749720.86,0,0,2749720.86,0,0,2749720.86,0,0,9624023,0,0,2749720.86,0,0,2749720.86,0,0,2749720.86,0,0,2749720.86,0,0,3208007.67,0,0,3208007.67,0,0,2749720.86
1,0,0,2020-09-07,COVOBES,0,0,0,0,0,0,0,0,0,0,0,0,0,0,0,0,0,0,0,0,0,0,0,0,0,0,0,0,0,0,0,0,0,0,0,0,0,0,0,0,0,0,0,0,0,0,0,0,0,0,2749720.86,0,0,2749720.86,0,0,2749720.86,0,0,2749720.86,0,0,6416015.34,0,0,9624023,0,0,2749720.86,0,0,4812011.5,0,0,4812011.5,0,0,4812011.5,0,0,2749720.86,0,0,2749720.86,0,0,2749720.86,0,0,2749720.86,0,0,2749720.86,0,0,2749720.86,0,0,2749720.86,0,0,2749720.86,0,0,2749720.86,0,0,2749720.86,0,0,2749720.86,0,0,2749720.86,0,0,2749720.86,0,0,2749720.86,0,0,2749720.86,0,0,2749720.86,0,0,2749720.86,0,0,2749720.86,0,0,2749720.86,0,0,2749720.86,0,0,2749720.86,0,0,2749720.86,0,0,2749720.86,0,0,3208007.67,0,0,3208007.67,0,0,2749720.86,0,0,2749720.86,0,0,2749720.86,0,0,2749720.86,0,0,2749720.86,0,0,9624023,0,0,2749720.86,0,0,2749720.86,0,0,2749720.86,0,0,2749720.86,0,0,3208007.67,0,0,3208007.67,0,0,2749720.86
1,0,0,2020-09-14,COVOBES,0,0,0,0,0,0,0,0,0,0,0,0,0,0,0,0,0,0,0,0,0,0,0,0,0,0,0,0,0,0,0,0,0,0,0,0,0,0,0,0,0,0,0,0,0,0,0,0,0,0,2749720.86,0,0,2749720.86,0,0,2749720.86,0,0,2749720.86,0,0,6416015.34,0,0,9624023,0,0,2749720.86,0,0,4812011.5,0,0,4812011.5,0,0,4812011.5,0,0,2749720.86,0,0,2749720.86,0,0,2749720.86,0,0,2749720.86,0,0,2749720.86,0,0,2749720.86,0,0,2749720.86,0,0,2749720.86,0,0,2749720.86,0,0,2749720.86,0,0,2749720.86,0,0,2749720.86,0,0,2749720.86,0,0,2749720.86,0,0,2749720.86,0,0,2749720.86,0,0,2749720.86,0,0,2749720.86,0,0,2749720.86,0,0,2749720.86,0,0,2749720.86,0,0,2749720.86,0,0,2749720.86,0,0,3208007.67,0,0,3208007.67,0,0,2749720.86,0,0,2749720.86,0,0,2749720.86,0,0,2749720.86,0,0,2749720.86,0,0,9624023,0,0,2749720.86,0,0,2749720.86,0,0,2749720.86,0,0,2749720.86,0,0,3208007.67,0,0,3208007.67,0,0,2749720.86
1,0,0,2020-09-21,COVOBES,0,0,0,0,0,0,0,0,0,0,0,0,0,0,0,0,0,0,0,0,0,0,0,0,0,0,0,0,0,0,0,0,0,0,0,0,0,0,0,0,0,0,0,0,0,0,0,0,0,0,2749720.86,0,0,2749720.86,0,0,2749720.86,0,0,2749720.86,0,0,6416015.34,0,0,9624023,0,0,2749720.86,0,0,4812011.5,0,0,4812011.5,0,0,4812011.5,0,0,2749720.86,0,0,2749720.86,0,0,2749720.86,0,0,2749720.86,0,0,2749720.86,0,0,2749720.86,0,0,2749720.86,0,0,2749720.86,0,0,2749720.86,0,0,2749720.86,0,0,2749720.86,0,0,2749720.86,0,0,2749720.86,0,0,2749720.86,0,0,2749720.86,0,0,2749720.86,0,0,2749720.86,0,0,2749720.86,0,0,2749720.86,0,0,2749720.86,0,0,2749720.86,0,0,2749720.86,0,0,2749720.86,0,0,3208007.67,0,0,3208007.67,0,0,2749720.86,0,0,2749720.86,0,0,2749720.86,0,0,2749720.86,0,0,2749720.86,0,0,9624023,0,0,2749720.86,0,0,2749720.86,0,0,2749720.86,0,0,2749720.86,0,0,3208007.67,0,0,3208007.67,0,0,2749720.86
1,0,0,2020-09-28,COVOBES,0,0,0,0,0,0,0,0,0,0,0,0,0,0,0,0,0,0,0,0,0,0,0,0,0,0,0,0,0,0,0,0,0,0,0,0,0,0,0,0,0,0,0,0,0,0,0,0,0,0,2749720.86,0,0,2749720.86,0,0,2749720.86,0,0,2749720.86,0,0,6416015.34,0,0,9624023,0,0,2749720.86,0,0,4812011.5,0,0,4812011.5,0,0,4812011.5,0,0,2749720.86,0,0,2749720.86,0,0,2749720.86,0,0,2749720.86,0,0,2749720.86,0,0,2749720.86,0,0,2749720.86,0,0,2749720.86,0,0,2749720.86,0,0,2749720.86,0,0,2749720.86,0,0,2749720.86,0,0,2749720.86,0,0,2749720.86,0,0,2749720.86,0,0,2749720.86,0,0,2749720.86,0,0,2749720.86,0,0,2749720.86,0,0,2749720.86,0,0,2749720.86,0,0,2749720.86,0,0,2749720.86,0,0,3208007.67,0,0,3208007.67,0,0,2749720.86,0,0,2749720.86,0,0,2749720.86,0,0,2749720.86,0,0,2749720.86,0,0,9624023,0,0,2749720.86,0,0,2749720.86,0,0,2749720.86,0,0,2749720.86,0,0,3208007.67,0,0,3208007.67,0,0,2749720.86
1,0,0,2020-10-05,COVOBES,0,0,0,0,0,0,0,0,0,0,0,0,0,0,0,0,0,0,0,0,0,0,0,0,0,0,0,0,0,0,0,0,0,0,0,0,0,0,0,0,0,0,0,0,0,0,0,0,0,0,2749720.86,0,0,2749720.86,0,0,2749720.86,0,0,2749720.86,0,0,6416015.34,0,0,9624023,0,0,2749720.86,0,0,4812011.5,0,0,4812011.5,0,0,4812011.5,0,0,2749720.86,0,0,2749720.86,0,0,2749720.86,0,0,2749720.86,0,0,2749720.86,0,0,2749720.86,0,0,2749720.86,0,0,2749720.86,0,0,2749720.86,0,0,2749720.86,0,0,2749720.86,0,0,2749720.86,0,0,2749720.86,0,0,2749720.86,0,0,2749720.86,0,0,2749720.86,0,0,2749720.86,0,0,2749720.86,0,0,2749720.86,0,0,2749720.86,0,0,2749720.86,0,0,2749720.86,0,0,2749720.86,0,0,3208007.67,0,0,3208007.67,0,0,2749720.86,0,0,2749720.86,0,0,2749720.86,0,0,2749720.86,0,0,2749720.86,0,0,9624023,0,0,2749720.86,0,0,2749720.86,0,0,2749720.86,0,0,2749720.86,0,0,3208007.67,0,0,3208007.67,0,0,2749720.86
1,0,0,2020-10-12,COVOBES,0,0,0,0,0,0,0,0,0,0,0,0,0,0,0,0,0,0,0,0,0,0,0,0,0,0,0,0,0,0,0,0,0,0,0,0,0,0,0,0,0,0,0,0,0,0,0,0,0,0,2749720.86,0,0,2749720.86,0,0,2749720.86,0,0,2749720.86,0,0,6416015.34,0,0,9624023,0,0,2749720.86,0,0,4812011.5,0,0,4812011.5,0,0,4812011.5,0,0,2749720.86,0,0,2749720.86,0,0,2749720.86,0,0,2749720.86,0,0,2749720.86,0,0,2749720.86,0,0,2749720.86,0,0,2749720.86,0,0,2749720.86,0,0,2749720.86,0,0,2749720.86,0,0,2749720.86,0,0,2749720.86,0,0,2749720.86,0,0,2749720.86,0,0,2749720.86,0,0,2749720.86,0,0,2749720.86,0,0,2749720.86,0,0,2749720.86,0,0,2749720.86,0,0,2749720.86,0,0,2749720.86,0,0,3208007.67,0,0,3208007.67,0,0,2749720.86,0,0,2749720.86,0,0,2749720.86,0,0,2749720.86,0,0,2749720.86,0,0,9624023,0,0,2749720.86,0,0,2749720.86,0,0,2749720.86,0,0,2749720.86,0,0,3208007.67,0,0,3208007.67,0,0,2749720.86
1,0,0,2020-10-19,COVOBES,0,0,0,0,0,0,0,0,0,0,0,0,0,0,0,0,0,0,0,0,0,0,0,0,0,0,0,0,0,0,0,0,0,0,0,0,0,0,0,0,0,0,0,0,0,0,0,0,0,0,2749720.86,0,0,2749720.86,0,0,2749720.86,0,0,2749720.86,0,0,6416015.34,0,0,9624023,0,0,2749720.86,0,0,4812011.5,0,0,4812011.5,0,0,4812011.5,0,0,2749720.86,0,0,2749720.86,0,0,2749720.86,0,0,2749720.86,0,0,2749720.86,0,0,2749720.86,0,0,2749720.86,0,0,2749720.86,0,0,2749720.86,0,0,2749720.86,0,0,2749720.86,0,0,2749720.86,0,0,2749720.86,0,0,2749720.86,0,0,2749720.86,0,0,2749720.86,0,0,2749720.86,0,0,2749720.86,0,0,2749720.86,0,0,2749720.86,0,0,2749720.86,0,0,2749720.86,0,0,2749720.86,0,0,3208007.67,0,0,3208007.67,0,0,2749720.86,0,0,2749720.86,0,0,2749720.86,0,0,2749720.86,0,0,2749720.86,0,0,9624023,0,0,2749720.86,0,0,2749720.86,0,0,2749720.86,0,0,2749720.86,0,0,3208007.67,0,0,3208007.67,0,0,2749720.86
1,0,0,2020-10-26,COVOBES,0,0,0,0,0,0,0,0,0,0,0,0,0,0,0,0,0,1,0,0,0,0,0,0,0,0,0,0,0,0,0,0,0,0,0,0,0,0,0,0,0,0,0,0,0,0,0,0,0,0,2749720.86,0,0,2749720.86,0,0,2749720.86,0,0,2749720.86,0,0,6416015.34,0,0,9624023,0,0,2749720.86,0,0,4812011.5,0,0,4812011.5,0,0,4812011.5,0,0,2749720.86,0,0,2749720.86,0,0,2749720.86,0,0,2749720.86,0,0,2749720.86,0,0,2749720.86,0,0,2749720.86,830113.64,21016.66,4625097.16,0,0,2749720.86,0,0,2749720.86,0,0,2749720.86,0,0,2749720.86,0,0,2749720.86,0,0,2749720.86,0,0,2749720.86,0,0,2749720.86,0,0,2749720.86,0,0,2749720.86,0,0,2749720.86,0,0,2749720.86,0,0,2749720.86,0,0,2749720.86,0,0,2749720.86,0,0,3208007.67,0,0,3208007.67,0,0,2749720.86,0,0,2749720.86,0,0,2749720.86,0,0,2749720.86,0,0,2749720.86,0,0,9624023,0,0,2749720.86,0,0,2749720.86,0,0,2749720.86,0,0,2749720.86,0,0,3208007.67,0,0,3208007.67,0,0,2749720.86
1,0,0,2020-11-02,COVOBES,0,0,0,0,0,0,0,0,0,0,0,0,0,0,0,0,0,0,0,0,0,0,0,0,0,0,0,0,0,0,0,0,0,0,0,0,0,0,0,0,0,0,0,0,0,0,0,0,0,0,2749720.86,0,0,2749720.86,0,0,2749720.86,0,0,2749720.86,0,0,6416015.34,0,0,9624023,0,0,2749720.86,0,0,4812011.5,0,0,4812011.5,0,0,4812011.5,0,0,2749720.86,0,0,2749720.86,0,0,2749720.86,0,0,2749720.86,0,0,2749720.86,0,0,2749720.86,0,0,2749720.86,0,0,3208007.67,0,0,2749720.86,0,0,2749720.86,0,0,2749720.86,0,0,2749720.86,0,0,2749720.86,0,0,2749720.86,0,0,2749720.86,0,0,2749720.86,0,0,2749720.86,0,0,2749720.86,0,0,2749720.86,0,0,2749720.86,0,0,2749720.86,0,0,2749720.86,0,0,2749720.86,0,0,3208007.67,0,0,3208007.67,0,0,2749720.86,0,0,2749720.86,0,0,2749720.86,0,0,2749720.86,0,0,2749720.86,0,0,9624023,0,0,2749720.86,0,0,2749720.86,0,0,2749720.86,0,0,2749720.86,0,0,3208007.67,0,0,3208007.67,0,0,2749720.86
1,0,0,2020-11-09,COVOBES,0,0,0,0,0,0,0,0,0,0,0,0,0,0,0,0,0,0,0,0,0,0,0,0,0,0,0,0,0,0,0,0,0,0,0,0,0,0,0,0,0,0,0,0,0,0,0,0,0,0,2749720.86,0,0,2749720.86,0,0,2749720.86,0,0,2749720.86,0,0,6416015.34,0,0,9624023,0,0,2749720.86,0,0,4812011.5,0,0,4812011.5,0,0,4812011.5,0,0,2749720.86,0,0,2749720.86,0,0,2749720.86,0,0,2749720.86,0,0,2749720.86,0,0,2749720.86,0,0,2749720.86,0,0,3208007.67,0,0,2749720.86,0,0,2749720.86,0,0,2749720.86,0,0,2749720.86,0,0,2749720.86,0,0,2749720.86,0,0,2749720.86,0,0,2749720.86,0,0,2749720.86,0,0,2749720.86,0,0,2749720.86,0,0,2749720.86,0,0,2749720.86,0,0,2749720.86,0,0,2749720.86,0,0,3208007.67,0,0,3208007.67,0,0,2749720.86,0,0,2749720.86,0,0,2749720.86,0,0,2749720.86,0,0,2749720.86,0,0,9624023,0,0,2749720.86,0,0,2749720.86,0,0,2749720.86,0,0,2749720.86,0,0,3208007.67,0,0,3208007.67,0,0,2749720.86
1,0,0,2020-11-16,COVOBES,0,0,0,0,0,0,0,0,0,0,0,0,0,0,0,0,0,0,0,0,0,0,0,0,0,0,0,0,0,0,0,0,0,0,0,0,0,0,0,0,0,0,0,0,0,0,0,0,0,0,2749720.86,0,0,2749720.86,0,0,2749720.86,0,0,2749720.86,0,0,6416015.34,0,0,9624023,0,0,2749720.86,0,0,4812011.5,0,0,4812011.5,0,0,4812011.5,0,0,2749720.86,0,0,2749720.86,0,0,2749720.86,0,0,2749720.86,0,0,2749720.86,0,0,2749720.86,0,0,2749720.86,0,0,3208007.67,0,0,2749720.86,0,0,2749720.86,0,0,2749720.86,0,0,2749720.86,0,0,2749720.86,0,0,2749720.86,0,0,2749720.86,0,0,2749720.86,0,0,2749720.86,0,0,2749720.86,0,0,2749720.86,0,0,2749720.86,0,0,2749720.86,0,0,2749720.86,0,0,2749720.86,0,0,3208007.67,0,0,3208007.67,0,0,2749720.86,0,0,2749720.86,0,0,2749720.86,0,0,2749720.86,0,0,2749720.86,0,0,9624023,0,0,2749720.86,0,0,2749720.86,0,0,2749720.86,0,0,2749720.86,0,0,3208007.67,0,0,3208007.67,0,0,2749720.86
1,0,0,2020-11-23,COVOBES,0,0,0,0,0,0,0,0,0,0,0,0,0,0,0,0,0,0,0,0,0,0,0,0,0,0,0,0,0,0,0,0,0,0,0,0,0,0,0,0,0,0,0,0,0,0,0,0,0,0,2749720.86,0,0,2749720.86,0,0,2749720.86,0,0,2749720.86,0,0,6416015.34,0,0,9624023,0,0,2749720.86,0,0,4812011.5,0,0,4812011.5,0,0,4812011.5,0,0,2749720.86,0,0,2749720.86,0,0,2749720.86,0,0,2749720.86,0,0,2749720.86,0,0,2749720.86,0,0,2749720.86,0,0,3208007.67,0,0,2749720.86,0,0,2749720.86,0,0,2749720.86,0,0,2749720.86,0,0,2749720.86,0,0,2749720.86,0,0,2749720.86,0,0,2749720.86,0,0,2749720.86,0,0,2749720.86,0,0,2749720.86,0,0,2749720.86,0,0,2749720.86,0,0,2749720.86,0,0,2749720.86,0,0,3208007.67,0,0,3208007.67,0,0,2749720.86,0,0,2749720.86,0,0,2749720.86,0,0,2749720.86,0,0,2749720.86,0,0,9624023,0,0,2749720.86,0,0,2749720.86,0,0,2749720.86,0,0,2749720.86,0,0,3208007.67,0,0,3208007.67,0,0,2749720.86
1,0,0,2020-11-30,COVOBES,0,0,0,0,0,0,0,0,0,0,0,0,0,0,0,0,0,0,0,0,0,0,0,0,0,0,0,0,0,0,0,0,0,0,0,0,0,1,0,0,0,0,0,0,0,0,0,0,0,0,2749720.86,0,0,2749720.86,0,0,2749720.86,0,0,2749720.86,0,0,6416015.34,0,0,9624023,0,0,2749720.86,0,0,4812011.5,0,0,4812011.5,0,0,4812011.5,0,0,2749720.86,0,0,2749720.86,0,0,2749720.86,0,0,2749720.86,0,0,2749720.86,0,0,2749720.86,0,0,2749720.86,0,0,3208007.67,0,0,2749720.86,0,0,2749720.86,0,0,2749720.86,0,0,2749720.86,0,0,2749720.86,0,0,2749720.86,0,0,2749720.86,0,0,2749720.86,0,0,2749720.86,0,0,2749720.86,0,0,2749720.86,0,0,2749720.86,0,0,2749720.86,0,0,2749720.86,0,0,2749720.86,0,0,3208007.67,0,0,3208007.67,0,0,2749720.86,0,0,2749720.86,0,0,2749720.86,0,0,2749720.86,0,0,2749720.86,3652500,92473.29,20350427.49,0,0,2749720.86,0,0,2749720.86,0,0,2749720.86,0,0,2749720.86,0,0,3208007.67,0,0,3208007.67,0,0,2749720.86
1,0,0,2020-12-07,COVOBES,0,0,0,0,0,0,0,0,0,0,0,0,0,0,0,0,0,0,0,0,0,0,0,0,0,0,0,0,0,0,0,0,0,0,0,0,0,0,0,0,0,0,0,0,0,0,0,0,0,0,2749720.86,0,0,2749720.86,0,0,2749720.86,0,0,2749720.86,0,0,6416015.34,0,0,9624023,0,0,2749720.86,0,0,4812011.5,0,0,4812011.5,0,0,4812011.5,0,0,2749720.86,0,0,2749720.86,0,0,2749720.86,0,0,2749720.86,0,0,2749720.86,0,0,2749720.86,0,0,2749720.86,0,0,3208007.67,0,0,2749720.86,0,0,2749720.86,0,0,2749720.86,0,0,2749720.86,0,0,2749720.86,0,0,2749720.86,0,0,2749720.86,0,0,2749720.86,0,0,2749720.86,0,0,2749720.86,0,0,2749720.86,0,0,2749720.86,0,0,2749720.86,0,0,2749720.86,0,0,2749720.86,0,0,3208007.67,0,0,3208007.67,0,0,2749720.86,0,0,2749720.86,0,0,2749720.86,0,0,2749720.86,0,0,2749720.86,0,0,19248046.01,0,0,2749720.86,0,0,2749720.86,0,0,2749720.86,0,0,2749720.86,0,0,3208007.67,0,0,3208007.67,0,0,2749720.86
1,0,0,2020-12-14,COVOBES,0,0,0,0,0,0,0,0,0,0,0,0,0,0,0,0,0,0,0,0,0,0,0,0,0,0,0,0,0,0,0,0,0,0,0,0,0,0,0,0,0,0,0,0,0,0,0,0,0,0,2749720.86,0,0,2749720.86,0,0,2749720.86,0,0,2749720.86,0,0,6416015.34,0,0,9624023,0,0,2749720.86,0,0,4812011.5,0,0,4812011.5,0,0,4812011.5,0,0,2749720.86,0,0,2749720.86,0,0,2749720.86,0,0,2749720.86,0,0,2749720.86,0,0,2749720.86,0,0,2749720.86,0,0,3208007.67,0,0,2749720.86,0,0,2749720.86,0,0,2749720.86,0,0,2749720.86,0,0,2749720.86,0,0,2749720.86,0,0,2749720.86,0,0,2749720.86,0,0,2749720.86,0,0,2749720.86,0,0,2749720.86,0,0,2749720.86,0,0,2749720.86,0,0,2749720.86,0,0,2749720.86,0,0,3208007.67,0,0,3208007.67,0,0,2749720.86,0,0,2749720.86,0,0,2749720.86,0,0,2749720.86,0,0,2749720.86,0,0,19248046.01,0,0,2749720.86,0,0,2749720.86,0,0,2749720.86,0,0,2749720.86,0,0,3208007.67,0,0,3208007.67,0,0,2749720.86
1,0,0,2020-12-21,COVOBES,0,0,0,0,0,0,0,0,0,0,0,0,0,0,0,0,0,0,0,0,0,0,0,0,0,0,0,0,0,0,0,0,0,0,0,0,0,0,0,0,0,0,0,0,0,0,0,0,0,0,2749720.86,0,0,2749720.86,0,0,2749720.86,0,0,2749720.86,0,0,6416015.34,0,0,9624023,0,0,2749720.86,0,0,4812011.5,0,0,4812011.5,0,0,4812011.5,0,0,2749720.86,0,0,2749720.86,0,0,2749720.86,0,0,2749720.86,0,0,2749720.86,0,0,2749720.86,0,0,2749720.86,0,0,3208007.67,0,0,2749720.86,0,0,2749720.86,0,0,2749720.86,0,0,2749720.86,0,0,2749720.86,0,0,2749720.86,0,0,2749720.86,0,0,2749720.86,0,0,2749720.86,0,0,2749720.86,0,0,2749720.86,0,0,2749720.86,0,0,2749720.86,0,0,2749720.86,0,0,2749720.86,0,0,3208007.67,0,0,3208007.67,0,0,2749720.86,0,0,2749720.86,0,0,2749720.86,0,0,2749720.86,0,0,2749720.86,0,0,19248046.01,0,0,2749720.86,0,0,2749720.86,0,0,2749720.86,0,0,2749720.86,0,0,3208007.67,0,0,3208007.67,0,0,2749720.86
1,0,0,2020-12-28,COVOBES,0,0,0,0,0,0,0,0,0,0,0,0,0,0,0,0,0,0,0,0,0,0,0,0,0,0,0,0,0,0,0,0,0,0,0,0,0,0,0,0,0,0,0,0,0,0,0,0,0,0,2749720.86,0,0,2749720.86,0,0,2749720.86,0,0,2749720.86,0,0,6416015.34,0,0,9624023,0,0,2749720.86,0,0,4812011.5,0,0,4812011.5,0,0,4812011.5,0,0,2749720.86,0,0,2749720.86,0,0,2749720.86,0,0,2749720.86,0,0,2749720.86,0,0,2749720.86,0,0,2749720.86,0,0,3208007.67,0,0,2749720.86,0,0,2749720.86,0,0,2749720.86,0,0,2749720.86,0,0,2749720.86,0,0,2749720.86,0,0,2749720.86,0,0,2749720.86,0,0,2749720.86,0,0,2749720.86,0,0,2749720.86,0,0,2749720.86,0,0,2749720.86,0,0,2749720.86,0,0,2749720.86,0,0,3208007.67,0,0,3208007.67,0,0,2749720.86,0,0,2749720.86,0,0,2749720.86,0,0,2749720.86,0,0,2749720.86,0,0,19248046.01,0,0,2749720.86,0,0,2749720.86,0,0,2749720.86,0,0,2749720.86,0,0,3208007.67,0,0,3208007.67,0,0,2749720.86
1,0,0,2021-01-04,COVOBES,0,0,0,0,0,0,0,0,0,0,0,0,0,0,0,0,0,0,0,0,0,0,0,0,0,0,0,0,0,0,0,0,0,0,0,0,0,0,0,0,0,0,0,0,0,0,0,0,0,0,2749720.86,0,0,2749720.86,0,0,2749720.86,0,0,2749720.86,0,0,6416015.34,0,0,9624023,0,0,2749720.86,0,0,4812011.5,0,0,4812011.5,0,0,4812011.5,0,0,2749720.86,0,0,2749720.86,0,0,2749720.86,0,0,2749720.86,0,0,2749720.86,0,0,2749720.86,0,0,2749720.86,0,0,3208007.67,0,0,2749720.86,0,0,2749720.86,0,0,2749720.86,0,0,2749720.86,0,0,2749720.86,0,0,2749720.86,0,0,2749720.86,0,0,2749720.86,0,0,2749720.86,0,0,2749720.86,0,0,2749720.86,0,0,2749720.86,0,0,2749720.86,0,0,2749720.86,0,0,2749720.86,0,0,3208007.67,0,0,3208007.67,0,0,2749720.86,0,0,2749720.86,0,0,2749720.86,0,0,2749720.86,0,0,2749720.86,0,0,19248046.01,0,0,2749720.86,0,0,2749720.86,0,0,2749720.86,0,0,2749720.86,0,0,3208007.67,0,0,3208007.67,0,0,2749720.86
1,0,0,2021-01-11,COVOBES,0,0,0,0,0,0,0,0,0,0,0,0,0,0,0,0,0,0,0,0,0,0,0,0,0,0,0,0,0,0,0,0,0,0,0,0,0,0,0,0,0,0,0,0,0,0,0,0,0,0,2749720.86,0,0,2749720.86,0,0,2749720.86,0,0,2749720.86,0,0,6416015.34,0,0,9624023,0,0,2749720.86,0,0,4812011.5,0,0,4812011.5,0,0,4812011.5,0,0,2749720.86,0,0,2749720.86,0,0,2749720.86,0,0,2749720.86,0,0,2749720.86,0,0,2749720.86,0,0,2749720.86,0,0,3208007.67,0,0,2749720.86,0,0,2749720.86,0,0,2749720.86,0,0,2749720.86,0,0,2749720.86,0,0,2749720.86,0,0,2749720.86,0,0,2749720.86,0,0,2749720.86,0,0,2749720.86,0,0,2749720.86,0,0,2749720.86,0,0,2749720.86,0,0,2749720.86,0,0,2749720.86,0,0,3208007.67,0,0,3208007.67,0,0,2749720.86,0,0,2749720.86,0,0,2749720.86,0,0,2749720.86,0,0,2749720.86,0,0,19248046.01,0,0,2749720.86,0,0,2749720.86,0,0,2749720.86,0,0,2749720.86,0,0,3208007.67,0,0,3208007.67,0,0,2749720.86
1,0,0,2021-01-18,COVOBES,0,0,0,0,0,0,0,0,0,0,0,0,0,0,0,0,0,0,0,0,0,0,0,0,0,0,0,0,0,0,0,0,0,0,0,0,0,0,0,0,0,0,0,0,0,0,0,0,0,0,2749720.86,0,0,2749720.86,0,0,2749720.86,0,0,2749720.86,0,0,6416015.34,0,0,9624023,0,0,2749720.86,0,0,4812011.5,0,0,4812011.5,0,0,4812011.5,0,0,2749720.86,0,0,2749720.86,0,0,2749720.86,0,0,2749720.86,0,0,2749720.86,0,0,2749720.86,0,0,2749720.86,0,0,3208007.67,0,0,2749720.86,0,0,2749720.86,0,0,2749720.86,0,0,2749720.86,0,0,2749720.86,0,0,2749720.86,0,0,2749720.86,0,0,2749720.86,0,0,2749720.86,0,0,2749720.86,0,0,2749720.86,0,0,2749720.86,0,0,2749720.86,0,0,2749720.86,0,0,2749720.86,0,0,3208007.67,0,0,3208007.67,0,0,2749720.86,0,0,2749720.86,0,0,2749720.86,0,0,2749720.86,0,0,2749720.86,0,0,19248046.01,0,0,2749720.86,0,0,2749720.86,0,0,2749720.86,0,0,2749720.86,0,0,3208007.67,0,0,3208007.67,0,0,2749720.86
1,0,0,2021-01-25,COVOBES,0,0,0,0,0,0,0,0,0,0,0,0,0,0,0,0,0,0,0,0,0,0,0,0,0,0,0,0,0,0,0,0,0,0,0,0,0,0,0,0,0,0,0,0,0,0,0,0,0,0,2749720.86,0,0,2749720.86,0,0,2749720.86,0,0,2749720.86,0,0,6416015.34,0,0,9624023,0,0,2749720.86,0,0,4812011.5,0,0,4812011.5,0,0,4812011.5,0,0,2749720.86,0,0,2749720.86,0,0,2749720.86,0,0,2749720.86,0,0,2749720.86,0,0,2749720.86,0,0,2749720.86,0,0,3208007.67,0,0,2749720.86,0,0,2749720.86,0,0,2749720.86,0,0,2749720.86,0,0,2749720.86,0,0,2749720.86,0,0,2749720.86,0,0,2749720.86,0,0,2749720.86,0,0,2749720.86,0,0,2749720.86,0,0,2749720.86,0,0,2749720.86,0,0,2749720.86,0,0,2749720.86,0,0,3208007.67,0,0,3208007.67,0,0,2749720.86,0,0,2749720.86,0,0,2749720.86,0,0,2749720.86,0,0,2749720.86,0,0,19248046.01,0,0,2749720.86,0,0,2749720.86,0,0,2749720.86,0,0,2749720.86,0,0,3208007.67,0,0,3208007.67,0,0,2749720.86
1,0,0,2021-02-01,COVOBES,0,0,0,0,0,0,0,0,0,0,0,0,0,0,0,0,0,0,0,0,0,0,0,0,0,0,0,0,0,0,0,0,0,0,0,0,0,0,0,0,0,0,0,0,0,0,0,0,0,0,2749720.86,0,0,2749720.86,0,0,2749720.86,0,0,2749720.86,0,0,6416015.34,0,0,9624023,0,0,2749720.86,0,0,4812011.5,0,0,4812011.5,0,0,4812011.5,0,0,2749720.86,0,0,2749720.86,0,0,2749720.86,0,0,2749720.86,0,0,2749720.86,0,0,2749720.86,0,0,2749720.86,0,0,3208007.67,0,0,2749720.86,0,0,2749720.86,0,0,2749720.86,0,0,2749720.86,0,0,2749720.86,0,0,2749720.86,0,0,2749720.86,0,0,2749720.86,0,0,2749720.86,0,0,2749720.86,0,0,2749720.86,0,0,2749720.86,0,0,2749720.86,0,0,2749720.86,0,0,2749720.86,0,0,3208007.67,0,0,3208007.67,0,0,2749720.86,0,0,2749720.86,0,0,2749720.86,0,0,2749720.86,0,0,2749720.86,0,0,19248046.01,0,0,2749720.86,0,0,2749720.86,0,0,2749720.86,0,0,2749720.86,0,0,3208007.67,0,0,3208007.67,0,0,2749720.86
1,0,0,2021-02-08,COVOBES,0,0,0,0,0,0,0,0,0,0,0,0,0,0,0,0,0,0,0,0,0,0,0,0,0,0,0,0,0,0,0,0,0,0,0,0,0,0,0,0,0,0,0,0,0,0,0,0,0,0,2749720.86,0,0,2749720.86,0,0,2749720.86,0,0,2749720.86,0,0,6416015.34,0,0,9624023,0,0,2749720.86,0,0,4812011.5,0,0,4812011.5,0,0,4812011.5,0,0,2749720.86,0,0,2749720.86,0,0,2749720.86,0,0,2749720.86,0,0,2749720.86,0,0,2749720.86,0,0,2749720.86,0,0,3208007.67,0,0,2749720.86,0,0,2749720.86,0,0,2749720.86,0,0,2749720.86,0,0,2749720.86,0,0,2749720.86,0,0,2749720.86,0,0,2749720.86,0,0,2749720.86,0,0,2749720.86,0,0,2749720.86,0,0,2749720.86,0,0,2749720.86,0,0,2749720.86,0,0,2749720.86,0,0,3208007.67,0,0,3208007.67,0,0,2749720.86,0,0,2749720.86,0,0,2749720.86,0,0,2749720.86,0,0,2749720.86,0,0,19248046.01,0,0,2749720.86,0,0,2749720.86,0,0,2749720.86,0,0,2749720.86,0,0,3208007.67,0,0,3208007.67,0,0,2749720.86
1,0,0,2021-02-15,COVOBES,0,0,0,0,0,0,0,0,0,0,0,0,0,0,0,0,0,0,0,0,0,0,0,0,0,0,0,0,0,0,0,0,0,0,0,0,0,0,0,0,0,0,0,0,0,0,0,0,0,0,2749720.86,0,0,2749720.86,0,0,2749720.86,0,0,2749720.86,0,0,6416015.34,0,0,9624023,0,0,2749720.86,0,0,4812011.5,0,0,4812011.5,0,0,4812011.5,0,0,2749720.86,0,0,2749720.86,0,0,2749720.86,0,0,2749720.86,0,0,2749720.86,0,0,2749720.86,0,0,2749720.86,0,0,3208007.67,0,0,2749720.86,0,0,2749720.86,0,0,2749720.86,0,0,2749720.86,0,0,2749720.86,0,0,2749720.86,0,0,2749720.86,0,0,2749720.86,0,0,2749720.86,0,0,2749720.86,0,0,2749720.86,0,0,2749720.86,0,0,2749720.86,0,0,2749720.86,0,0,2749720.86,0,0,3208007.67,0,0,3208007.67,0,0,2749720.86,0,0,2749720.86,0,0,2749720.86,0,0,2749720.86,0,0,2749720.86,0,0,19248046.01,0,0,2749720.86,0,0,2749720.86,0,0,2749720.86,0,0,2749720.86,0,0,3208007.67,0,0,3208007.67,0,0,2749720.86
1,0,0,2021-02-22,COVOBES,0,0,0,0,0,0,0,0,0,0,0,0,0,0,0,0,0,0,0,0,0,0,0,0,0,0,0,0,0,0,0,0,0,0,0,0,0,0,0,0,0,0,0,0,0,0,0,0,0,0,3208007.67,0,0,3208007.67,0,0,3208007.67,0,0,3208007.67,0,0,6416015.34,0,0,9624023,0,0,3208007.67,0,0,6416015.34,0,0,6416015.34,0,0,6416015.34,0,0,3208007.67,0,0,3208007.67,0,0,3208007.67,0,0,3208007.67,0,0,3208007.67,0,0,3208007.67,0,0,3208007.67,0,0,3208007.67,0,0,3208007.67,0,0,3208007.67,0,0,3208007.67,0,0,3208007.67,0,0,3208007.67,0,0,3208007.67,0,0,3208007.67,0,0,3208007.67,0,0,3208007.67,0,0,3208007.67,0,0,3208007.67,0,0,3208007.67,0,0,3208007.67,0,0,3208007.67,0,0,3208007.67,0,0,3208007.67,0,0,3208007.67,0,0,3208007.67,0,0,3208007.67,0,0,3208007.67,0,0,3208007.67,0,0,3208007.67,0,0,19248046.01,0,0,3208007.67,0,0,3208007.67,0,0,3208007.67,0,0,3208007.67,0,0,3208007.67,0,0,3208007.67,0,0,3208007.67
1,0,0,2021-03-01,COVOBES,0,0,0,0,0,0,0,0,0,0,0,0,0,0,0,0,0,0,0,0,0,0,0,0,0,0,0,0,0,0,0,0,0,0,0,0,0,1,0,0,0,0,0,0,0,0,0,0,0,0,3208007.67,0,0,3208007.67,0,0,3208007.67,0,0,3208007.67,0,0,6416015.34,0,0,9624023,0,0,3208007.67,0,0,6416015.34,0,0,6416015.34,0,0,6416015.34,0,0,3208007.67,0,0,3208007.67,0,0,3208007.67,0,0,3208007.67,0,0,3208007.67,0,0,3208007.67,0,0,3208007.67,0,0,3208007.67,0,0,3208007.67,0,0,3208007.67,0,0,3208007.67,0,0,3208007.67,0,0,3208007.67,0,0,3208007.67,0,0,3208007.67,0,0,3208007.67,0,0,3208007.67,0,0,3208007.67,0,0,3208007.67,0,0,3208007.67,0,0,3208007.67,0,0,3208007.67,0,0,3208007.67,0,0,3208007.67,0,0,3208007.67,0,0,3208007.67,0,0,3208007.67,0,0,3208007.67,0,0,3208007.67,0,0,3208007.67,18262500,462366.47,101752137.43,0,0,3208007.67,0,0,3208007.67,0,0,3208007.67,0,0,3208007.67,0,0,3208007.67,0,0,3208007.67,0,0,3208007.67
1,0,0,2021-03-08,COVOBES,0,0,0,0,0,0,0,0,0,0,0,0,0,0,0,0,0,0,0,0,0,0,0,0,0,0,0,0,0,0,0,0,0,0,0,0,0,0,0,0,0,0,0,0,0,0,0,0,0,0,3208007.67,0,0,3208007.67,0,0,3208007.67,0,0,3208007.67,0,0,6416015.34,0,0,9624023,0,0,3208007.67,0,0,6416015.34,0,0,6416015.34,0,0,6416015.34,0,0,3208007.67,0,0,3208007.67,0,0,3208007.67,0,0,3208007.67,0,0,3208007.67,0,0,3208007.67,0,0,3208007.67,0,0,3208007.67,0,0,3208007.67,0,0,3208007.67,0,0,3208007.67,0,0,3208007.67,0,0,3208007.67,0,0,3208007.67,0,0,3208007.67,0,0,3208007.67,0,0,3208007.67,0,0,3208007.67,0,0,3208007.67,0,0,3208007.67,0,0,3208007.67,0,0,3208007.67,0,0,3208007.67,0,0,3208007.67,0,0,3208007.67,0,0,3208007.67,0,0,3208007.67,0,0,3208007.67,0,0,3208007.67,0,0,3208007.67,,,0,0,0,3208007.67,0,0,3208007.67,0,0,3208007.67,0,0,3208007.67,0,0,3208007.67,0,0,3208007.67,0,0,3208007.67
1,0,0,2021-03-15,COVOBES,0,0,0,0,0,0,0,0,0,0,0,0,0,0,0,0,0,0,0,0,0,0,0,0,0,0,0,0,0,0,0,0,0,0,0,0,0,0,0,0,0,0,0,0,0,0,0,0,0,0,3208007.67,0,0,3208007.67,0,0,3208007.67,0,0,3208007.67,0,0,6416015.34,0,0,9624023,0,0,3208007.67,0,0,6416015.34,0,0,6416015.34,0,0,6416015.34,0,0,3208007.67,0,0,3208007.67,0,0,3208007.67,0,0,3208007.67,0,0,3208007.67,0,0,3208007.67,0,0,3208007.67,0,0,3208007.67,0,0,3208007.67,0,0,3208007.67,0,0,3208007.67,0,0,3208007.67,0,0,3208007.67,0,0,3208007.67,0,0,3208007.67,0,0,3208007.67,0,0,3208007.67,0,0,3208007.67,0,0,3208007.67,0,0,3208007.67,0,0,3208007.67,0,0,3208007.67,0,0,3208007.67,0,0,3208007.67,0,0,3208007.67,0,0,3208007.67,0,0,3208007.67,0,0,3208007.67,0,0,3208007.67,0,0,3208007.67,,,0,0,0,3208007.67,0,0,3208007.67,0,0,3208007.67,0,0,3208007.67,0,0,3208007.67,0,0,3208007.67,0,0,3208007.67
1,0,0,2021-03-22,COVOBES,0,0,0,0,0,0,0,0,0,0,0,0,0,0,0,0,0,0,0,0,0,0,0,0,0,0,0,0,0,0,0,0,0,0,0,0,0,0,0,0,0,0,0,0,0,0,0,0,0,0,3208007.67,0,0,3208007.67,0,0,3208007.67,0,0,3208007.67,0,0,6416015.34,0,0,9624023,0,0,3208007.67,0,0,6416015.34,0,0,6416015.34,0,0,6416015.34,0,0,3208007.67,0,0,3208007.67,0,0,3208007.67,0,0,3208007.67,0,0,3208007.67,0,0,3208007.67,0,0,3208007.67,0,0,3208007.67,0,0,3208007.67,0,0,3208007.67,0,0,3208007.67,0,0,3208007.67,0,0,3208007.67,0,0,3208007.67,0,0,3208007.67,0,0,3208007.67,0,0,3208007.67,0,0,3208007.67,0,0,3208007.67,0,0,3208007.67,0,0,3208007.67,0,0,3208007.67,0,0,3208007.67,0,0,3208007.67,0,0,3208007.67,0,0,3208007.67,0,0,3208007.67,0,0,3208007.67,0,0,3208007.67,0,0,3208007.67,,,0,0,0,3208007.67,0,0,3208007.67,0,0,3208007.67,0,0,3208007.67,0,0,3208007.67,0,0,3208007.67,0,0,3208007.67
1,0,0,2021-03-29,COVOBES,0,0,0,0,0,0,0,0,0,0,0,0,0,0,0,0,0,0,0,0,0,0,0,0,0,0,0,0,0,0,0,0,0,0,0,0,0,0,0,0,0,0,0,0,0,0,0,0,0,0,4210510.06,0,0,4210510.06,0,0,4210510.06,0,0,4210510.06,0,0,12248756.55,0,0,16842040.26,0,0,4210510.06,0,0,12248756.55,0,0,8982421.47,0,0,8982421.47,0,0,4210510.06,0,0,4210510.06,0,0,4210510.06,0,0,4210510.06,0,0,4210510.06,0,0,4210510.06,0,0,4210510.06,0,0,4210510.06,0,0,4210510.06,0,0,4210510.06,0,0,4210510.06,0,0,4210510.06,0,0,4210510.06,0,0,4210510.06,0,0,4210510.06,0,0,4210510.06,0,0,4210510.06,0,0,4210510.06,0,0,4210510.06,0,0,4210510.06,0,0,4210510.06,0,0,4210510.06,0,0,4210510.06,0,0,4210510.06,0,0,4210510.06,0,0,4210510.06,0,0,4210510.06,0,0,4210510.06,0,0,4210510.06,0,0,4210510.06,,,0,0,0,4210510.06,0,0,4210510.06,0,0,4210510.06,0,0,4210510.06,0,0,4210510.06,0,0,4210510.06,0,0,4210510.06
1,0,0,2021-04-05,COVOBES,0,0,0,0,0,0,0,0,0,0,0,0,0,0,0,0,0,0,0,0,0,0,0,0,0,0,0,0,0,0,0,0,0,0,0,0,0,0,0,0,0,0,0,0,0,0,0,0,0,0,6124378.28,0,0,6124378.28,0,0,6124378.28,0,0,6124378.28,0,0,19248046.01,0,0,19248046.01,0,0,6124378.28,0,0,67368161.03,0,0,14970702.45,0,0,14970702.45,0,0,6124378.28,0,0,6124378.28,0,0,6124378.28,0,0,6124378.28,0,0,6124378.28,0,0,6124378.28,0,0,6124378.28,0,0,6124378.28,0,0,6124378.28,0,0,6124378.28,0,0,6124378.28,0,0,6124378.28,0,0,6124378.28,0,0,6124378.28,0,0,6124378.28,0,0,6124378.28,0,0,6124378.28,0,0,6124378.28,0,0,6124378.28,0,0,6124378.28,0,0,6124378.28,0,0,6124378.28,0,0,6124378.28,0,0,6124378.28,0,0,6124378.28,0,0,6124378.28,0,0,6124378.28,0,0,6124378.28,0,0,6124378.28,0,0,6124378.28,,,0,0,0,6124378.28,0,0,6124378.28,0,0,6124378.28,0,0,6124378.28,0,0,6124378.28,0,0,6124378.28,0,0,6124378.28
1,0,0,2021-04-12,COVOBES,0,0,0,0,0,0,0,0,0,0,0,0,0,0,0,0,0,0,0,0,0,0,0,0,0,0,0,0,0,0,0,0,0,0,0,0,0,0,0,0,0,0,0,0,0,0,0,0,0,0,9624023,0,0,9624023,0,0,9624023,0,0,9624023,0,0,19248046.01,0,0,19248046.01,0,0,9624023,,,0,0,0,19248046.01,0,0,19248046.01,0,0,9624023,0,0,9624023,0,0,9624023,0,0,9624023,0,0,9624023,0,0,9624023,0,0,9624023,0,0,9624023,0,0,9624023,0,0,9624023,0,0,9624023,0,0,9624023,0,0,9624023,0,0,9624023,0,0,9624023,0,0,9624023,0,0,9624023,0,0,9624023,0,0,9624023,0,0,9624023,0,0,9624023,0,0,9624023,0,0,9624023,0,0,9624023,0,0,9624023,0,0,9624023,0,0,9624023,0,0,9624023,0,0,9624023,0,0,9624023,,,0,0,0,9624023,0,0,9624023,0,0,9624023,0,0,9624023,0,0,9624023,0,0,9624023,0,0,9624023
1,0,0,2021-04-19,COVOBES,0,0,0,0,0,0,0,0,0,0,0,0,0,0,0,0,0,0,0,0,0,0,0,0,0,0,0,0,0,0,0,0,0,0,0,0,0,0,0,0,0,0,0,0,0,0,0,0,0,0,9624023,0,0,9624023,0,0,9624023,0,0,9624023,0,0,19248046.01,0,0,19248046.01,0,0,9624023,,,0,0,0,19248046.01,0,0,19248046.01,0,0,9624023,0,0,9624023,0,0,9624023,0,0,9624023,0,0,9624023,0,0,9624023,0,0,9624023,0,0,9624023,0,0,9624023,0,0,9624023,0,0,9624023,0,0,9624023,0,0,9624023,0,0,9624023,0,0,9624023,0,0,9624023,0,0,9624023,0,0,9624023,0,0,9624023,0,0,9624023,0,0,9624023,0,0,9624023,0,0,9624023,0,0,9624023,0,0,9624023,0,0,9624023,0,0,9624023,0,0,9624023,0,0,9624023,0,0,9624023,,,0,0,0,9624023,0,0,9624023,0,0,9624023,0,0,9624023,0,0,9624023,0,0,9624023,0,0,9624023
1,0,0,2021-04-26,COVOBES,0,0,0,0,0,0,0,0,0,0,0,0,0,0,0,0,0,0,0,0,0,0,0,0,0,0,0,0,0,0,0,0,0,0,0,0,0,0,0,0,0,0,0,0,0,0,0,0,0,0,9624023,0,0,9624023,0,0,9624023,0,0,9624023,0,0,19248046.01,0,0,19248046.01,0,0,9624023,,,0,0,0,19248046.01,0,0,19248046.01,0,0,9624023,0,0,9624023,0,0,9624023,0,0,9624023,0,0,9624023,0,0,9624023,0,0,9624023,0,0,9624023,0,0,9624023,0,0,9624023,0,0,9624023,0,0,9624023,0,0,9624023,0,0,9624023,0,0,9624023,0,0,9624023,0,0,9624023,0,0,9624023,0,0,9624023,0,0,9624023,0,0,9624023,0,0,9624023,0,0,9624023,0,0,9624023,0,0,9624023,0,0,9624023,0,0,9624023,0,0,9624023,0,0,9624023,0,0,9624023,,,0,0,0,9624023,0,0,9624023,0,0,9624023,0,0,9624023,0,0,9624023,0,0,9624023,0,0,9624023
1,0,0,2021-05-03,COVOBES,0,0,0,0,0,0,0,0,0,0,0,0,0,0,0,0,0,0,0,0,0,0,0,0,0,0,0,0,0,0,0,0,0,0,0,0,0,0,0,0,0,0,0,0,0,0,0,0,0,0,9624023,0,0,9624023,0,0,9624023,0,0,9624023,0,0,19248046.01,0,0,19248046.01,0,0,9624023,,,0,0,0,19248046.01,0,0,19248046.01,0,0,9624023,0,0,9624023,0,0,9624023,0,0,9624023,0,0,9624023,0,0,9624023,0,0,9624023,0,0,9624023,0,0,9624023,0,0,9624023,0,0,9624023,0,0,9624023,0,0,9624023,0,0,9624023,0,0,9624023,0,0,9624023,0,0,9624023,0,0,9624023,0,0,9624023,0,0,9624023,0,0,9624023,0,0,9624023,0,0,9624023,0,0,9624023,0,0,9624023,0,0,9624023,0,0,9624023,0,0,9624023,0,0,9624023,0,0,9624023,,,0,0,0,9624023,0,0,9624023,0,0,9624023,0,0,9624023,0,0,9624023,0,0,9624023,0,0,9624023
1,0,0,2021-05-10,COVOBES,0,0,0,0,0,0,0,0,0,0,0,0,0,0,0,0,0,0,0,0,0,0,0,0,0,0,0,0,0,0,0,0,0,0,0,0,0,0,0,0,0,0,0,0,0,0,0,0,0,0,14970702.45,0,0,14970702.45,0,0,14970702.45,0,0,14970702.45,0,0,19248046.01,0,0,19248046.01,0,0,14970702.45,,,0,0,0,19248046.01,0,0,19248046.01,0,0,14970702.45,0,0,14970702.45,0,0,14970702.45,0,0,14970702.45,0,0,14970702.45,0,0,14970702.45,0,0,14970702.45,0,0,14970702.45,0,0,14970702.45,0,0,14970702.45,0,0,14970702.45,0,0,14970702.45,0,0,14970702.45,0,0,14970702.45,0,0,14970702.45,0,0,14970702.45,0,0,14970702.45,0,0,14970702.45,0,0,14970702.45,0,0,14970702.45,0,0,14970702.45,0,0,14970702.45,0,0,14970702.45,0,0,14970702.45,0,0,14970702.45,0,0,14970702.45,0,0,14970702.45,0,0,14970702.45,0,0,14970702.45,0,0,14970702.45,,,0,0,0,14970702.45,0,0,14970702.45,0,0,14970702.45,0,0,14970702.45,0,0,14970702.45,0,0,14970702.45,0,0,14970702.45
1,0,0,2021-05-17,COVOBES,0,0,0,0,0,0,0,0,0,0,0,0,0,0,0,0,0,0,0,0,0,0,0,0,0,0,0,0,0,0,0,0,0,0,0,0,0,0,0,0,0,0,0,0,0,0,0,0,0,0,19248046.01,0,0,19248046.01,0,0,19248046.01,0,0,19248046.01,0,0,19248046.01,0,0,19248046.01,0,0,19248046.01,,,0,0,0,19248046.01,0,0,19248046.01,0,0,19248046.01,0,0,19248046.01,0,0,19248046.01,0,0,19248046.01,0,0,19248046.01,0,0,19248046.01,0,0,19248046.01,0,0,19248046.01,0,0,19248046.01,0,0,19248046.01,0,0,19248046.01,0,0,19248046.01,0,0,19248046.01,0,0,19248046.01,0,0,19248046.01,0,0,19248046.01,0,0,19248046.01,0,0,19248046.01,0,0,19248046.01,0,0,19248046.01,0,0,19248046.01,0,0,19248046.01,0,0,19248046.01,0,0,19248046.01,0,0,19248046.01,0,0,19248046.01,0,0,19248046.01,0,0,19248046.01,0,0,19248046.01,0,0,19248046.01,,,0,0,0,19248046.01,0,0,19248046.01,0,0,19248046.01,0,0,19248046.01,0,0,19248046.01,0,0,19248046.01,0,0,19248046.01
1,0,0,2021-05-24,COVOBES,0,0,0,0,0,0,0,0,0,0,0,0,0,0,0,0,0,0,0,0,0,0,0,0,0,0,0,0,0,0,0,0,0,0,0,0,0,0,0,0,0,0,0,0,0,0,0,0,0,0,19248046.01,0,0,19248046.01,0,0,19248046.01,0,0,19248046.01,0,0,19248046.01,0,0,19248046.01,0,0,19248046.01,,,0,0,0,19248046.01,0,0,19248046.01,0,0,19248046.01,0,0,19248046.01,0,0,19248046.01,0,0,19248046.01,0,0,19248046.01,0,0,19248046.01,0,0,19248046.01,0,0,19248046.01,0,0,19248046.01,0,0,19248046.01,0,0,19248046.01,0,0,19248046.01,0,0,19248046.01,0,0,19248046.01,0,0,19248046.01,0,0,19248046.01,0,0,19248046.01,0,0,19248046.01,0,0,19248046.01,0,0,19248046.01,0,0,19248046.01,0,0,19248046.01,0,0,19248046.01,0,0,19248046.01,0,0,19248046.01,0,0,19248046.01,0,0,19248046.01,0,0,19248046.01,0,0,19248046.01,0,0,19248046.01,,,0,0,0,19248046.01,0,0,19248046.01,0,0,19248046.01,0,0,19248046.01,0,0,19248046.01,0,0,19248046.01,0,0,19248046.01
1,0,0,2021-05-31,COVOBES,0,0,0,0,0,0,0,0,0,0,0,0,0,0,0,0,0,0,0,0,0,0,0,0,0,0,0,0,0,0,0,0,0,0,0,0,0,0,0,0,0,0,0,0,0,0,0,0,0,0,19248046.01,0,0,19248046.01,0,0,19248046.01,0,0,19248046.01,0,0,19248046.01,0,0,19248046.01,0,0,19248046.01,,,0,0,0,19248046.01,0,0,19248046.01,0,0,19248046.01,0,0,19248046.01,0,0,19248046.01,0,0,19248046.01,0,0,19248046.01,0,0,19248046.01,0,0,19248046.01,0,0,19248046.01,0,0,19248046.01,0,0,19248046.01,0,0,19248046.01,0,0,19248046.01,0,0,19248046.01,0,0,19248046.01,0,0,19248046.01,0,0,19248046.01,0,0,19248046.01,0,0,19248046.01,0,0,19248046.01,0,0,19248046.01,0,0,19248046.01,0,0,19248046.01,0,0,19248046.01,0,0,19248046.01,0,0,19248046.01,0,0,19248046.01,0,0,19248046.01,0,0,19248046.01,0,0,19248046.01,0,0,19248046.01,,,0,0,0,19248046.01,0,0,19248046.01,0,0,19248046.01,0,0,19248046.01,0,0,19248046.01,0,0,19248046.01,0,0,19248046.01
1,0,0,2021-06-07,COVOBES,0,0,0,0,0,0,0,0,0,0,0,0,0,0,0,0,0,0,0,0,0,0,0,0,0,0,0,0,0,0,0,0,0,0,0,0,0,0,0,0,0,0,0,0,0,0,0,0,0,0,19248046.01,0,0,19248046.01,0,0,19248046.01,0,0,19248046.01,0,0,19248046.01,0,0,19248046.01,0,0,19248046.01,,,0,0,0,19248046.01,0,0,19248046.01,0,0,19248046.01,0,0,19248046.01,0,0,19248046.01,0,0,19248046.01,0,0,19248046.01,0,0,19248046.01,0,0,19248046.01,0,0,19248046.01,0,0,19248046.01,0,0,19248046.01,0,0,19248046.01,0,0,19248046.01,0,0,19248046.01,0,0,19248046.01,0,0,19248046.01,0,0,19248046.01,0,0,19248046.01,0,0,19248046.01,0,0,19248046.01,0,0,19248046.01,0,0,19248046.01,0,0,19248046.01,0,0,19248046.01,0,0,19248046.01,0,0,19248046.01,0,0,19248046.01,0,0,19248046.01,0,0,19248046.01,0,0,19248046.01,0,0,19248046.01,,,0,0,0,19248046.01,0,0,19248046.01,0,0,19248046.01,0,0,19248046.01,0,0,19248046.01,0,0,19248046.01,0,0,19248046.01
1,0,0,2021-06-14,COVOBES,0,0,0,0,0,0,0,0,0,0,0,0,0,0,0,0,0,0,0,0,0,0,0,0,0,0,0,0,0,0,0,0,0,0,0,0,0,0,0,0,0,0,0,0,0,0,0,0,0,0,19248046.01,0,0,19248046.01,0,0,19248046.01,0,0,19248046.01,0,0,19248046.01,0,0,19248046.01,0,0,19248046.01,,,0,0,0,19248046.01,0,0,19248046.01,0,0,19248046.01,0,0,19248046.01,0,0,19248046.01,0,0,19248046.01,0,0,19248046.01,0,0,19248046.01,0,0,19248046.01,0,0,19248046.01,0,0,19248046.01,0,0,19248046.01,0,0,19248046.01,0,0,19248046.01,0,0,19248046.01,0,0,19248046.01,0,0,19248046.01,0,0,19248046.01,0,0,19248046.01,0,0,19248046.01,0,0,19248046.01,0,0,19248046.01,0,0,19248046.01,0,0,19248046.01,0,0,19248046.01,0,0,19248046.01,0,0,19248046.01,0,0,19248046.01,0,0,19248046.01,0,0,19248046.01,0,0,19248046.01,0,0,19248046.01,,,0,0,0,19248046.01,0,0,19248046.01,0,0,19248046.01,0,0,19248046.01,0,0,19248046.01,0,0,19248046.01,0,0,19248046.01
1,0,0,2021-06-21,COVOBES,0,0,0,0,0,0,0,0,0,0,0,0,0,0,0,0,0,0,0,0,0,0,0,0,0,0,0,0,0,0,0,0,0,0,0,0,0,0,0,0,0,0,0,0,0,0,0,0,0,0,26947264.41,0,0,26947264.41,0,0,26947264.41,0,0,26947264.41,0,0,26947264.41,0,0,26947264.41,0,0,26947264.41,,,0,0,0,26947264.41,0,0,26947264.41,0,0,26947264.41,0,0,26947264.41,0,0,26947264.41,0,0,26947264.41,0,0,26947264.41,0,0,26947264.41,0,0,26947264.41,0,0,26947264.41,0,0,26947264.41,0,0,26947264.41,0,0,26947264.41,0,0,26947264.41,0,0,26947264.41,0,0,26947264.41,0,0,26947264.41,0,0,26947264.41,0,0,26947264.41,0,0,26947264.41,0,0,26947264.41,0,0,26947264.41,0,0,26947264.41,0,0,26947264.41,0,0,26947264.41,0,0,26947264.41,0,0,26947264.41,0,0,26947264.41,0,0,26947264.41,0,0,26947264.41,0,0,26947264.41,0,0,26947264.41,,,0,0,0,26947264.41,0,0,26947264.41,0,0,26947264.41,0,0,26947264.41,0,0,26947264.41,0,0,26947264.41,0,0,26947264.41
1,1,Pfizer,2021-05-10,COVOBES,0,0,0,0,0,0,0,0,0,0,0,0,0,0,0,0,0,0,0,0,0,0,0,0,0,0,0,0,0,0,0,0,0,0,0,0,0,0,0,0,0,0,0,0,0,0,0,0,0,0,26947264.41,0,0,26947264.41,0,0,26947264.41,0,0,26947264.41,,,0,,,0,0,0,26947264.41,,,0,,,0,,,0,0,0,26947264.41,0,0,26947264.41,0,0,26947264.41,0,0,26947264.41,0,0,26947264.41,0,0,26947264.41,0,0,26947264.41,0,0,26947264.41,0,0,26947264.41,0,0,26947264.41,0,0,26947264.41,0,0,26947264.41,0,0,26947264.41,0,0,26947264.41,0,0,26947264.41,0,0,26947264.41,0,0,26947264.41,0,0,26947264.41,0,0,26947264.41,0,0,26947264.41,0,0,26947264.41,0,0,26947264.41,0,0,26947264.41,0,0,26947264.41,0,0,26947264.41,0,0,26947264.41,0,0,26947264.41,0,0,26947264.41,0,0,26947264.41,0,0,26947264.41,,,0,0,0,26947264.41,0,0,26947264.41,0,0,26947264.41,0,0,26947264.41,0,0,26947264.41,0,0,26947264.41,0,0,26947264.41
1,1,Pfizer,2021-05-17,COVOBES,0,0,0,0,0,0,0,0,0,0,0,0,0,0,0,0,0,0,0,0,0,0,0,0,0,0,0,0,0,0,0,0,0,0,0,0,0,0,0,0,0,0,0,0,0,0,0,0,0,0,19248046.01,0,0,19248046.01,0,0,19248046.01,0,0,19248046.01,,,0,,,0,0,0,19248046.01,,,0,,,0,,,0,0,0,19248046.01,0,0,19248046.01,0,0,19248046.01,0,0,19248046.01,0,0,19248046.01,0,0,19248046.01,0,0,19248046.01,0,0,19248046.01,0,0,19248046.01,0,0,19248046.01,0,0,19248046.01,0,0,19248046.01,0,0,19248046.01,0,0,19248046.01,0,0,19248046.01,0,0,19248046.01,0,0,19248046.01,0,0,19248046.01,0,0,19248046.01,0,0,19248046.01,0,0,19248046.01,0,0,19248046.01,0,0,19248046.01,0,0,19248046.01,0,0,19248046.01,0,0,19248046.01,0,0,19248046.01,0,0,19248046.01,0,0,19248046.01,0,0,19248046.01,,,0,0,0,19248046.01,0,0,19248046.01,0,0,19248046.01,0,0,19248046.01,0,0,19248046.01,0,0,19248046.01,0,0,19248046.01
1,1,Pfizer,2021-05-24,COVOBES,0,0,0,0,0,0,0,0,0,0,0,0,0,0,0,0,0,0,0,0,0,0,0,0,0,0,0,0,0,0,0,0,0,0,0,0,0,0,0,0,0,0,0,0,0,0,0,0,0,0,19248046.01,0,0,19248046.01,0,0,19248046.01,0,0,19248046.01,,,0,,,0,0,0,19248046.01,,,0,,,0,,,0,0,0,19248046.01,0,0,19248046.01,0,0,19248046.01,0,0,19248046.01,0,0,19248046.01,0,0,19248046.01,0,0,19248046.01,0,0,19248046.01,0,0,19248046.01,0,0,19248046.01,0,0,19248046.01,0,0,19248046.01,0,0,19248046.01,0,0,19248046.01,0,0,19248046.01,0,0,19248046.01,0,0,19248046.01,0,0,19248046.01,0,0,19248046.01,0,0,19248046.01,0,0,19248046.01,0,0,19248046.01,0,0,19248046.01,0,0,19248046.01,0,0,19248046.01,0,0,19248046.01,0,0,19248046.01,0,0,19248046.01,0,0,19248046.01,0,0,19248046.01,,,0,0,0,19248046.01,0,0,19248046.01,0,0,19248046.01,0,0,19248046.01,0,0,19248046.01,0,0,19248046.01,0,0,19248046.01
1,1,Pfizer,2021-05-31,COVOBES,0,0,0,0,0,0,0,0,0,0,0,0,0,0,0,0,0,0,0,0,0,0,0,0,0,0,0,0,0,0,0,0,0,0,0,0,0,0,0,0,0,0,0,0,0,0,0,0,0,0,19248046.01,0,0,19248046.01,0,0,19248046.01,0,0,19248046.01,,,0,,,0,0,0,19248046.01,,,0,,,0,,,0,0,0,19248046.01,0,0,19248046.01,0,0,19248046.01,0,0,19248046.01,0,0,19248046.01,0,0,19248046.01,0,0,19248046.01,0,0,19248046.01,0,0,19248046.01,0,0,19248046.01,0,0,19248046.01,0,0,19248046.01,0,0,19248046.01,0,0,19248046.01,0,0,19248046.01,0,0,19248046.01,0,0,19248046.01,0,0,19248046.01,0,0,19248046.01,0,0,19248046.01,0,0,19248046.01,0,0,19248046.01,0,0,19248046.01,0,0,19248046.01,0,0,19248046.01,0,0,19248046.01,0,0,19248046.01,0,0,19248046.01,0,0,19248046.01,0,0,19248046.01,,,0,0,0,19248046.01,0,0,19248046.01,0,0,19248046.01,0,0,19248046.01,0,0,19248046.01,0,0,19248046.01,0,0,19248046.01
1,1,Pfizer,2021-06-07,COVOBES,0,0,0,0,0,0,0,0,0,0,0,0,0,0,0,0,0,0,0,0,0,0,0,0,0,0,0,0,0,0,0,0,0,0,0,0,0,0,0,0,0,0,0,0,0,0,0,0,0,0,19248046.01,0,0,19248046.01,0,0,19248046.01,0,0,19248046.01,,,0,,,0,0,0,19248046.01,,,0,,,0,,,0,0,0,19248046.01,0,0,19248046.01,0,0,19248046.01,0,0,19248046.01,0,0,19248046.01,0,0,19248046.01,0,0,19248046.01,0,0,19248046.01,0,0,19248046.01,0,0,19248046.01,0,0,19248046.01,0,0,19248046.01,0,0,19248046.01,0,0,19248046.01,0,0,19248046.01,0,0,19248046.01,0,0,19248046.01,0,0,19248046.01,0,0,19248046.01,0,0,19248046.01,0,0,19248046.01,0,0,19248046.01,0,0,19248046.01,0,0,19248046.01,0,0,19248046.01,0,0,19248046.01,0,0,19248046.01,0,0,19248046.01,0,0,19248046.01,0,0,19248046.01,,,0,0,0,19248046.01,0,0,19248046.01,0,0,19248046.01,0,0,19248046.01,0,0,19248046.01,0,0,19248046.01,0,0,19248046.01
1,1,Pfizer,2021-06-14,COVOBES,0,0,0,0,0,0,0,0,0,0,0,0,0,0,0,0,0,0,0,0,0,0,0,0,0,0,0,0,0,0,0,0,0,0,0,0,0,0,0,0,0,0,0,0,0,0,0,0,0,0,19248046.01,0,0,19248046.01,0,0,19248046.01,0,0,19248046.01,,,0,,,0,0,0,19248046.01,,,0,,,0,,,0,0,0,19248046.01,0,0,19248046.01,0,0,19248046.01,0,0,19248046.01,0,0,19248046.01,0,0,19248046.01,0,0,19248046.01,0,0,19248046.01,0,0,19248046.01,0,0,19248046.01,0,0,19248046.01,0,0,19248046.01,0,0,19248046.01,0,0,19248046.01,0,0,19248046.01,0,0,19248046.01,0,0,19248046.01,0,0,19248046.01,0,0,19248046.01,0,0,19248046.01,0,0,19248046.01,0,0,19248046.01,0,0,19248046.01,0,0,19248046.01,0,0,19248046.01,0,0,19248046.01,0,0,19248046.01,0,0,19248046.01,0,0,19248046.01,0,0,19248046.01,,,0,0,0,19248046.01,0,0,19248046.01,0,0,19248046.01,0,0,19248046.01,0,0,19248046.01,0,0,19248046.01,0,0,19248046.01
1,1,Pfizer,2021-06-21,COVOBES,0,0,0,0,0,0,0,0,0,0,0,0,0,0,0,0,0,0,0,0,0,0,0,0,0,0,0,0,0,0,0,0,0,0,0,0,0,0,0,0,0,0,0,0,0,0,0,0,0,0,44912107.35,0,0,44912107.35,0,0,44912107.35,0,0,44912107.35,,,0,,,0,0,0,44912107.35,,,0,,,0,,,0,0,0,44912107.35,0,0,44912107.35,0,0,44912107.35,0,0,44912107.35,0,0,44912107.35,0,0,44912107.35,0,0,44912107.35,0,0,44912107.35,0,0,44912107.35,0,0,44912107.35,0,0,44912107.35,0,0,44912107.35,0,0,44912107.35,0,0,44912107.35,0,0,44912107.35,0,0,44912107.35,0,0,44912107.35,0,0,44912107.35,0,0,44912107.35,0,0,44912107.35,0,0,44912107.35,0,0,44912107.35,0,0,44912107.35,0,0,44912107.35,0,0,44912107.35,0,0,44912107.35,0,0,44912107.35,0,0,44912107.35,0,0,44912107.35,0,0,44912107.35,,,0,0,0,44912107.35,0,0,44912107.35,0,0,44912107.35,0,0,44912107.35,0,0,44912107.35,0,0,44912107.35,0,0,44912107.35
1,2,Pfizer,2021-06-21,COVOBES,0,0,0,0,0,0,0,0,0,0,0,0,0,0,0,0,0,0,0,0,0,0,0,0,0,0,0,0,0,0,0,0,0,0,0,0,0,0,0,0,0,0,0,0,0,0,0,0,0,0,12248756.55,0,0,12248756.55,0,0,12248756.55,0,0,12248756.55,,,0,,,0,0,0,12248756.55,,,0,,,0,,,0,0,0,12248756.55,0,0,12248756.55,0,0,12248756.55,0,0,12248756.55,0,0,12248756.55,0,0,12248756.55,0,0,12248756.55,0,0,12248756.55,0,0,12248756.55,0,0,12248756.55,0,0,12248756.55,0,0,12248756.55,0,0,12248756.55,0,0,12248756.55,0,0,12248756.55,0,0,12248756.55,0,0,12248756.55,0,0,12248756.55,0,0,12248756.55,0,0,12248756.55,0,0,12248756.55,0,0,12248756.55,0,0,12248756.55,0,0,12248756.55,0,0,12248756.55,0,0,12248756.55,0,0,12248756.55,0,0,12248756.55,0,0,12248756.55,0,0,12248756.55,,,0,0,0,12248756.55,0,0,12248756.55,0,0,12248756.55,0,0,12248756.55,0,0,12248756.55,0,0,12248756.55,0,0,12248756.55
1,2,Pfizer,2021-06-28,COVOBES,0,0,0,0,0,0,0,0,0,0,0,0,0,0,0,0,0,0,0,0,0,0,0,0,0,0,0,0,0,0,0,0,0,0,0,0,0,0,0,0,0,0,0,0,0,0,0,0,0,0,22456053.68,0,0,22456053.68,0,0,22456053.68,0,0,22456053.68,,,0,,,0,0,0,22456053.68,,,0,,,0,,,0,0,0,22456053.68,0,0,22456053.68,0,0,22456053.68,0,0,22456053.68,0,0,22456053.68,0,0,22456053.68,0,0,22456053.68,0,0,22456053.68,0,0,22456053.68,0,0,22456053.68,0,0,22456053.68,0,0,22456053.68,0,0,22456053.68,0,0,22456053.68,0,0,22456053.68,0,0,22456053.68,0,0,22456053.68,0,0,22456053.68,0,0,22456053.68,0,0,22456053.68,0,0,22456053.68,0,0,22456053.68,0,0,22456053.68,0,0,22456053.68,0,0,22456053.68,0,0,22456053.68,0,0,22456053.68,0,0,22456053.68,0,0,22456053.68,0,0,22456053.68,,,0,0,0,22456053.68,0,0,22456053.68,0,0,22456053.68,0,0,22456053.68,0,0,22456053.68,0,0,22456053.68,0,0,22456053.68
1,1,AstraZeneca,2021-03-29,COVOBES,0,0,0,0,0,0,0,0,0,0,0,0,0,0,0,0,0,0,0,0,0,0,0,0,0,0,0,0,0,0,0,0,0,0,0,0,0,0,0,0,0,0,0,0,0,0,0,0,0,0,33684080.52,0,0,33684080.52,0,0,33684080.52,0,0,33684080.52,0,0,33684080.52,,,0,0,0,33684080.52,0,0,33684080.52,,,0,,,0,0,0,33684080.52,0,0,33684080.52,0,0,33684080.52,0,0,33684080.52,0,0,33684080.52,0,0,33684080.52,0,0,33684080.52,0,0,33684080.52,0,0,33684080.52,0,0,33684080.52,0,0,33684080.52,0,0,33684080.52,0,0,33684080.52,0,0,33684080.52,0,0,33684080.52,0,0,33684080.52,0,0,33684080.52,0,0,33684080.52,0,0,33684080.52,0,0,33684080.52,0,0,33684080.52,0,0,33684080.52,0,0,33684080.52,0,0,33684080.52,0,0,33684080.52,0,0,33684080.52,0,0,33684080.52,0,0,33684080.52,0,0,33684080.52,0,0,33684080.52,,,0,0,0,33684080.52,0,0,33684080.52,0,0,33684080.52,0,0,33684080.52,0,0,33684080.52,0,0,33684080.52,0,0,33684080.52
1,1,AstraZeneca,2021-04-05,COVOBES,0,0,0,0,0,0,0,0,0,0,0,0,0,0,0,0,0,0,0,0,0,0,0,0,0,0,0,0,0,0,0,0,0,0,0,0,0,0,0,0,0,0,0,0,0,0,0,0,0,0,19248046.01,0,0,19248046.01,0,0,19248046.01,0,0,19248046.01,0,0,19248046.01,,,0,0,0,19248046.01,0,0,19248046.01,,,0,,,0,0,0,19248046.01,0,0,19248046.01,0,0,19248046.01,0,0,19248046.01,0,0,19248046.01,0,0,19248046.01,0,0,19248046.01,0,0,19248046.01,0,0,19248046.01,0,0,19248046.01,0,0,19248046.01,0,0,19248046.01,0,0,19248046.01,0,0,19248046.01,0,0,19248046.01,0,0,19248046.01,0,0,19248046.01,0,0,19248046.01,0,0,19248046.01,0,0,19248046.01,0,0,19248046.01,0,0,19248046.01,0,0,19248046.01,0,0,19248046.01,0,0,19248046.01,0,0,19248046.01,0,0,19248046.01,0,0,19248046.01,0,0,19248046.01,0,0,19248046.01,,,0,0,0,19248046.01,0,0,19248046.01,0,0,19248046.01,0,0,19248046.01,0,0,19248046.01,0,0,19248046.01,0,0,19248046.01
1,1,AstraZeneca,2021-04-12,COVOBES,0,0,0,0,0,0,0,0,0,0,0,0,0,0,0,0,0,0,0,0,0,0,0,0,0,0,0,0,0,0,0,0,0,0,0,0,0,0,0,0,0,0,0,0,0,0,0,0,0,0,19248046.01,0,0,19248046.01,0,0,19248046.01,0,0,19248046.01,0,0,19248046.01,,,0,0,0,19248046.01,0,0,19248046.01,,,0,,,0,0,0,19248046.01,0,0,19248046.01,0,0,19248046.01,0,0,19248046.01,0,0,19248046.01,0,0,19248046.01,0,0,19248046.01,0,0,19248046.01,0,0,19248046.01,0,0,19248046.01,0,0,19248046.01,0,0,19248046.01,0,0,19248046.01,0,0,19248046.01,0,0,19248046.01,0,0,19248046.01,0,0,19248046.01,0,0,19248046.01,0,0,19248046.01,0,0,19248046.01,0,0,19248046.01,0,0,19248046.01,0,0,19248046.01,0,0,19248046.01,0,0,19248046.01,0,0,19248046.01,0,0,19248046.01,0,0,19248046.01,0,0,19248046.01,0,0,19248046.01,,,0,0,0,19248046.01,0,0,19248046.01,0,0,19248046.01,0,0,19248046.01,0,0,19248046.01,0,0,19248046.01,0,0,19248046.01
1,1,AstraZeneca,2021-04-19,COVOBES,0,0,0,0,0,0,0,0,0,0,0,0,0,0,0,0,0,0,0,0,0,0,0,0,0,0,0,0,0,0,0,0,0,0,0,0,0,0,0,0,0,0,0,0,0,0,0,0,0,0,19248046.01,0,0,19248046.01,0,0,19248046.01,0,0,19248046.01,0,0,19248046.01,,,0,0,0,19248046.01,0,0,19248046.01,,,0,,,0,0,0,19248046.01,0,0,19248046.01,0,0,19248046.01,0,0,19248046.01,0,0,19248046.01,0,0,19248046.01,0,0,19248046.01,0,0,19248046.01,0,0,19248046.01,0,0,19248046.01,0,0,19248046.01,0,0,19248046.01,0,0,19248046.01,0,0,19248046.01,0,0,19248046.01,0,0,19248046.01,0,0,19248046.01,0,0,19248046.01,0,0,19248046.01,0,0,19248046.01,0,0,19248046.01,0,0,19248046.01,0,0,19248046.01,0,0,19248046.01,0,0,19248046.01,0,0,19248046.01,0,0,19248046.01,0,0,19248046.01,0,0,19248046.01,0,0,19248046.01,,,0,0,0,19248046.01,0,0,19248046.01,0,0,19248046.01,0,0,19248046.01,0,0,19248046.01,0,0,19248046.01,0,0,19248046.01
1,1,AstraZeneca,2021-04-26,COVOBES,0,0,0,0,0,0,0,0,0,0,0,0,0,0,0,0,0,0,0,0,0,0,0,0,0,0,0,0,0,0,0,0,0,0,0,0,0,0,0,0,0,0,0,0,0,0,0,0,0,0,19248046.01,0,0,19248046.01,0,0,19248046.01,0,0,19248046.01,0,0,19248046.01,,,0,0,0,19248046.01,0,0,19248046.01,,,0,,,0,0,0,19248046.01,0,0,19248046.01,0,0,19248046.01,0,0,19248046.01,0,0,19248046.01,0,0,19248046.01,0,0,19248046.01,0,0,19248046.01,0,0,19248046.01,0,0,19248046.01,0,0,19248046.01,0,0,19248046.01,0,0,19248046.01,0,0,19248046.01,0,0,19248046.01,0,0,19248046.01,0,0,19248046.01,0,0,19248046.01,0,0,19248046.01,0,0,19248046.01,0,0,19248046.01,0,0,19248046.01,0,0,19248046.01,0,0,19248046.01,0,0,19248046.01,0,0,19248046.01,0,0,19248046.01,0,0,19248046.01,0,0,19248046.01,0,0,19248046.01,,,0,0,0,19248046.01,0,0,19248046.01,0,0,19248046.01,0,0,19248046.01,0,0,19248046.01,0,0,19248046.01,0,0,19248046.01
1,1,AstraZeneca,2021-05-03,COVOBES,0,0,0,0,0,0,0,0,0,0,0,0,0,0,0,0,0,0,0,0,0,0,0,0,0,0,0,0,0,0,0,0,0,0,0,0,0,0,0,0,0,0,0,0,0,0,0,0,0,0,19248046.01,0,0,19248046.01,0,0,19248046.01,0,0,19248046.01,0,0,19248046.01,,,0,0,0,19248046.01,0,0,19248046.01,,,0,,,0,0,0,19248046.01,0,0,19248046.01,0,0,19248046.01,0,0,19248046.01,0,0,19248046.01,0,0,19248046.01,0,0,19248046.01,0,0,19248046.01,0,0,19248046.01,0,0,19248046.01,0,0,19248046.01,0,0,19248046.01,0,0,19248046.01,0,0,19248046.01,0,0,19248046.01,0,0,19248046.01,0,0,19248046.01,0,0,19248046.01,0,0,19248046.01,0,0,19248046.01,0,0,19248046.01,0,0,19248046.01,0,0,19248046.01,0,0,19248046.01,0,0,19248046.01,0,0,19248046.01,0,0,19248046.01,0,0,19248046.01,0,0,19248046.01,0,0,19248046.01,,,0,0,0,19248046.01,0,0,19248046.01,0,0,19248046.01,0,0,19248046.01,0,0,19248046.01,0,0,19248046.01,0,0,19248046.01
1,1,AstraZeneca,2021-05-10,COVOBES,0,0,0,0,0,0,0,0,0,0,0,0,0,0,0,0,0,0,0,0,0,0,0,0,0,0,0,0,0,0,0,0,0,0,0,0,0,0,0,0,0,0,0,0,0,0,0,0,0,0,19248046.01,0,0,19248046.01,0,0,19248046.01,0,0,19248046.01,0,0,19248046.01,,,0,0,0,19248046.01,0,0,19248046.01,,,0,,,0,0,0,19248046.01,0,0,19248046.01,0,0,19248046.01,0,0,19248046.01,0,0,19248046.01,0,0,19248046.01,0,0,19248046.01,0,0,19248046.01,0,0,19248046.01,0,0,19248046.01,0,0,19248046.01,0,0,19248046.01,0,0,19248046.01,0,0,19248046.01,0,0,19248046.01,0,0,19248046.01,0,0,19248046.01,0,0,19248046.01,0,0,19248046.01,0,0,19248046.01,0,0,19248046.01,0,0,19248046.01,0,0,19248046.01,0,0,19248046.01,0,0,19248046.01,0,0,19248046.01,0,0,19248046.01,0,0,19248046.01,0,0,19248046.01,0,0,19248046.01,,,0,0,0,19248046.01,0,0,19248046.01,0,0,19248046.01,0,0,19248046.01,0,0,19248046.01,0,0,19248046.01,0,0,19248046.01
1,1,AstraZeneca,2021-05-17,COVOBES,0,0,0,0,0,0,0,0,0,0,0,0,0,0,0,0,0,0,0,0,0,0,0,0,0,0,0,0,0,0,0,0,0,0,0,0,0,0,0,0,0,0,0,0,0,0,0,0,0,0,19248046.01,0,0,19248046.01,0,0,19248046.01,0,0,19248046.01,0,0,19248046.01,,,0,0,0,19248046.01,0,0,19248046.01,,,0,,,0,0,0,19248046.01,0,0,19248046.01,0,0,19248046.01,0,0,19248046.01,0,0,19248046.01,0,0,19248046.01,0,0,19248046.01,0,0,19248046.01,0,0,19248046.01,0,0,19248046.01,0,0,19248046.01,0,0,19248046.01,0,0,19248046.01,0,0,19248046.01,0,0,19248046.01,0,0,19248046.01,0,0,19248046.01,0,0,19248046.01,0,0,19248046.01,0,0,19248046.01,0,0,19248046.01,0,0,19248046.01,0,0,19248046.01,0,0,19248046.01,0,0,19248046.01,0,0,19248046.01,0,0,19248046.01,0,0,19248046.01,0,0,19248046.01,0,0,19248046.01,,,0,0,0,19248046.01,0,0,19248046.01,0,0,19248046.01,0,0,19248046.01,0,0,19248046.01,0,0,19248046.01,0,0,19248046.01
1,1,AstraZeneca,2021-05-24,COVOBES,0,0,0,0,0,0,0,0,0,0,0,0,0,0,0,0,0,0,0,0,0,0,0,0,0,0,0,0,0,0,0,0,0,0,0,0,0,0,0,0,0,0,0,0,0,0,0,0,0,0,19248046.01,0,0,19248046.01,0,0,19248046.01,0,0,19248046.01,0,0,19248046.01,,,0,0,0,19248046.01,0,0,19248046.01,,,0,,,0,0,0,19248046.01,0,0,19248046.01,0,0,19248046.01,0,0,19248046.01,0,0,19248046.01,0,0,19248046.01,0,0,19248046.01,0,0,19248046.01,0,0,19248046.01,0,0,19248046.01,0,0,19248046.01,0,0,19248046.01,0,0,19248046.01,0,0,19248046.01,0,0,19248046.01,0,0,19248046.01,0,0,19248046.01,0,0,19248046.01,0,0,19248046.01,0,0,19248046.01,0,0,19248046.01,0,0,19248046.01,0,0,19248046.01,0,0,19248046.01,0,0,19248046.01,0,0,19248046.01,0,0,19248046.01,0,0,19248046.01,0,0,19248046.01,0,0,19248046.01,,,0,0,0,19248046.01,0,0,19248046.01,0,0,19248046.01,0,0,19248046.01,0,0,19248046.01,0,0,19248046.01,0,0,19248046.01
1,1,AstraZeneca,2021-05-31,COVOBES,0,0,0,0,0,0,0,0,0,0,0,0,0,0,0,0,0,0,0,0,0,0,0,0,0,0,0,0,0,0,0,0,0,0,0,0,0,0,0,0,0,0,0,0,0,0,0,0,0,0,19248046.01,0,0,19248046.01,0,0,19248046.01,0,0,19248046.01,0,0,19248046.01,,,0,0,0,19248046.01,0,0,19248046.01,,,0,,,0,0,0,19248046.01,0,0,19248046.01,0,0,19248046.01,0,0,19248046.01,0,0,19248046.01,0,0,19248046.01,0,0,19248046.01,0,0,19248046.01,0,0,19248046.01,0,0,19248046.01,0,0,19248046.01,0,0,19248046.01,0,0,19248046.01,0,0,19248046.01,0,0,19248046.01,0,0,19248046.01,0,0,19248046.01,0,0,19248046.01,0,0,19248046.01,0,0,19248046.01,0,0,19248046.01,0,0,19248046.01,0,0,19248046.01,0,0,19248046.01,0,0,19248046.01,0,0,19248046.01,0,0,19248046.01,0,0,19248046.01,0,0,19248046.01,0,0,19248046.01,,,0,0,0,19248046.01,0,0,19248046.01,0,0,19248046.01,0,0,19248046.01,0,0,19248046.01,0,0,19248046.01,0,0,19248046.01
1,1,AstraZeneca,2021-06-07,COVOBES,0,0,0,0,0,0,0,0,0,0,0,0,0,0,0,0,0,0,0,0,0,0,0,0,0,0,0,0,0,0,0,0,0,0,0,0,0,0,0,0,0,0,0,0,0,0,0,0,0,0,19248046.01,0,0,19248046.01,0,0,19248046.01,0,0,19248046.01,0,0,19248046.01,,,0,0,0,19248046.01,0,0,19248046.01,,,0,,,0,0,0,19248046.01,0,0,19248046.01,0,0,19248046.01,0,0,19248046.01,0,0,19248046.01,0,0,19248046.01,0,0,19248046.01,0,0,19248046.01,0,0,19248046.01,0,0,19248046.01,0,0,19248046.01,0,0,19248046.01,0,0,19248046.01,0,0,19248046.01,0,0,19248046.01,0,0,19248046.01,0,0,19248046.01,0,0,19248046.01,0,0,19248046.01,0,0,19248046.01,0,0,19248046.01,0,0,19248046.01,0,0,19248046.01,0,0,19248046.01,0,0,19248046.01,0,0,19248046.01,0,0,19248046.01,0,0,19248046.01,0,0,19248046.01,0,0,19248046.01,,,0,0,0,19248046.01,0,0,19248046.01,0,0,19248046.01,0,0,19248046.01,0,0,19248046.01,0,0,19248046.01,0,0,19248046.01
1,1,AstraZeneca,2021-06-14,COVOBES,0,0,0,0,0,0,0,0,0,0,0,0,0,0,0,0,0,0,0,0,0,0,0,0,0,0,0,0,0,0,0,0,0,0,0,0,0,0,0,0,0,0,0,0,0,0,0,0,0,0,19248046.01,0,0,19248046.01,0,0,19248046.01,0,0,19248046.01,0,0,19248046.01,,,0,0,0,19248046.01,0,0,19248046.01,,,0,,,0,0,0,19248046.01,0,0,19248046.01,0,0,19248046.01,0,0,19248046.01,0,0,19248046.01,0,0,19248046.01,0,0,19248046.01,0,0,19248046.01,0,0,19248046.01,0,0,19248046.01,0,0,19248046.01,0,0,19248046.01,0,0,19248046.01,0,0,19248046.01,0,0,19248046.01,0,0,19248046.01,0,0,19248046.01,0,0,19248046.01,0,0,19248046.01,0,0,19248046.01,0,0,19248046.01,0,0,19248046.01,0,0,19248046.01,0,0,19248046.01,0,0,19248046.01,0,0,19248046.01,0,0,19248046.01,0,0,19248046.01,0,0,19248046.01,0,0,19248046.01,,,0,0,0,19248046.01,0,0,19248046.01,0,0,19248046.01,0,0,19248046.01,0,0,19248046.01,0,0,19248046.01,0,0,19248046.01
1,1,AstraZeneca,2021-06-21,COVOBES,0,0,0,0,0,0,0,0,0,0,0,0,0,0,0,0,0,0,0,0,0,0,0,0,0,0,0,0,0,0,0,0,0,0,0,0,0,0,0,0,0,0,0,0,0,0,0,0,0,0,67368161.03,0,0,67368161.03,0,0,67368161.03,0,0,67368161.03,0,0,67368161.03,,,0,0,0,67368161.03,0,0,67368161.03,,,0,,,0,0,0,67368161.03,0,0,67368161.03,0,0,67368161.03,0,0,67368161.03,0,0,67368161.03,0,0,67368161.03,0,0,67368161.03,0,0,67368161.03,0,0,67368161.03,0,0,67368161.03,0,0,67368161.03,0,0,67368161.03,0,0,67368161.03,0,0,67368161.03,0,0,67368161.03,0,0,67368161.03,0,0,67368161.03,0,0,67368161.03,0,0,67368161.03,0,0,67368161.03,0,0,67368161.03,0,0,67368161.03,0,0,67368161.03,0,0,67368161.03,0,0,67368161.03,0,0,67368161.03,0,0,67368161.03,0,0,67368161.03,0,0,67368161.03,0,0,67368161.03,,,0,0,0,67368161.03,0,0,67368161.03,0,0,67368161.03,0,0,67368161.03,0,0,67368161.03,0,0,67368161.03,0,0,67368161.03
1,1,Moderna,2021-03-29,COVOBES,0,0,0,0,0,0,0,0,0,0,0,0,0,0,0,0,0,0,0,0,0,0,0,0,0,0,0,0,0,0,0,0,0,0,0,0,0,0,0,0,0,0,0,0,0,0,0,0,0,0,22456053.68,0,0,22456053.68,0,0,22456053.68,0,0,22456053.68,0,0,22456053.68,0,0,22456053.68,0,0,22456053.68,0,0,22456053.68,0,0,22456053.68,0,0,22456053.68,0,0,22456053.68,0,0,22456053.68,0,0,22456053.68,0,0,22456053.68,0,0,22456053.68,0,0,22456053.68,0,0,22456053.68,0,0,22456053.68,0,0,22456053.68,0,0,22456053.68,0,0,22456053.68,0,0,22456053.68,0,0,22456053.68,0,0,22456053.68,0,0,22456053.68,0,0,22456053.68,0,0,22456053.68,0,0,22456053.68,0,0,22456053.68,0,0,22456053.68,0,0,22456053.68,0,0,22456053.68,0,0,22456053.68,0,0,22456053.68,0,0,22456053.68,0,0,22456053.68,0,0,22456053.68,0,0,22456053.68,0,0,22456053.68,0,0,22456053.68,,,0,0,0,22456053.68,0,0,22456053.68,0,0,22456053.68,0,0,22456053.68,0,0,22456053.68,0,0,22456053.68,0,0,22456053.68
1,1,Moderna,2021-04-05,COVOBES,0,0,0,0,0,0,0,0,0,0,0,0,0,0,0,0,0,0,0,0,0,0,0,0,0,0,0,0,0,0,0,0,0,0,0,0,0,0,0,0,0,0,0,0,0,0,0,0,0,0,11228026.84,0,0,11228026.84,0,0,11228026.84,0,0,11228026.84,0,0,19248046.01,0,0,19248046.01,0,0,11228026.84,0,0,11228026.84,0,0,11228026.84,0,0,11228026.84,0,0,11228026.84,0,0,11228026.84,0,0,11228026.84,0,0,11228026.84,0,0,11228026.84,0,0,11228026.84,0,0,11228026.84,0,0,11228026.84,0,0,11228026.84,0,0,11228026.84,0,0,11228026.84,0,0,11228026.84,0,0,11228026.84,0,0,11228026.84,0,0,11228026.84,0,0,11228026.84,0,0,11228026.84,0,0,11228026.84,0,0,11228026.84,0,0,11228026.84,0,0,11228026.84,0,0,11228026.84,0,0,11228026.84,0,0,11228026.84,0,0,11228026.84,0,0,11228026.84,0,0,11228026.84,0,0,11228026.84,0,0,11228026.84,0,0,11228026.84,,,0,0,0,11228026.84,0,0,11228026.84,0,0,11228026.84,0,0,11228026.84,0,0,11228026.84,0,0,11228026.84,0,0,11228026.84
1,1,Moderna,2021-04-12,COVOBES,0,0,0,0,0,0,0,0,0,0,0,0,0,0,0,0,0,0,0,0,0,0,0,0,0,0,0,0,0,0,0,0,0,0,0,0,0,0,0,0,0,0,0,0,0,0,0,0,0,0,9624023,0,0,9624023,0,0,9624023,0,0,9624023,0,0,19248046.01,0,0,19248046.01,0,0,9624023,0,0,9624023,0,0,9624023,0,0,9624023,0,0,9624023,0,0,9624023,0,0,9624023,0,0,9624023,0,0,9624023,0,0,9624023,0,0,9624023,0,0,9624023,0,0,9624023,0,0,9624023,0,0,9624023,0,0,9624023,0,0,9624023,0,0,9624023,0,0,9624023,0,0,9624023,0,0,9624023,0,0,9624023,0,0,9624023,0,0,9624023,0,0,9624023,0,0,9624023,0,0,9624023,0,0,9624023,0,0,9624023,0,0,9624023,0,0,9624023,0,0,9624023,0,0,9624023,0,0,9624023,,,0,0,0,9624023,0,0,9624023,0,0,9624023,0,0,9624023,0,0,9624023,0,0,9624023,0,0,9624023
1,1,Moderna,2021-04-19,COVOBES,0,0,0,0,0,0,0,0,0,0,0,0,0,0,0,0,0,0,0,0,0,0,0,0,0,0,0,0,0,0,0,0,0,0,0,0,0,0,0,0,0,0,0,0,0,0,0,0,0,0,9624023,0,0,9624023,0,0,9624023,0,0,9624023,0,0,19248046.01,0,0,19248046.01,0,0,9624023,0,0,9624023,0,0,9624023,0,0,9624023,0,0,9624023,0,0,9624023,0,0,9624023,0,0,9624023,0,0,9624023,0,0,9624023,0,0,9624023,0,0,9624023,0,0,9624023,0,0,9624023,0,0,9624023,0,0,9624023,0,0,9624023,0,0,9624023,0,0,9624023,0,0,9624023,0,0,9624023,0,0,9624023,0,0,9624023,0,0,9624023,0,0,9624023,0,0,9624023,0,0,9624023,0,0,9624023,0,0,9624023,0,0,9624023,0,0,9624023,0,0,9624023,0,0,9624023,0,0,9624023,,,0,0,0,9624023,0,0,9624023,0,0,9624023,0,0,9624023,0,0,9624023,0,0,9624023,0,0,9624023
1,1,Moderna,2021-04-26,COVOBES,0,0,0,0,0,0,0,0,0,0,0,0,0,0,0,0,0,0,0,0,0,0,0,0,0,0,0,0,0,0,0,0,0,0,0,0,0,0,0,0,0,0,0,0,0,0,0,0,0,0,14970702.45,0,0,14970702.45,0,0,14970702.45,0,0,14970702.45,0,0,67368161.03,0,0,67368161.03,0,0,14970702.45,0,0,14970702.45,0,0,14970702.45,0,0,14970702.45,0,0,14970702.45,0,0,14970702.45,0,0,14970702.45,0,0,14970702.45,0,0,14970702.45,0,0,14970702.45,0,0,14970702.45,0,0,14970702.45,0,0,14970702.45,0,0,14970702.45,0,0,14970702.45,0,0,14970702.45,0,0,14970702.45,0,0,14970702.45,0,0,14970702.45,0,0,14970702.45,0,0,14970702.45,0,0,14970702.45,0,0,14970702.45,0,0,14970702.45,0,0,14970702.45,0,0,14970702.45,0,0,14970702.45,0,0,14970702.45,0,0,14970702.45,0,0,14970702.45,0,0,14970702.45,0,0,14970702.45,0,0,14970702.45,0,0,14970702.45,,,0,0,0,14970702.45,0,0,14970702.45,0,0,14970702.45,0,0,14970702.45,0,0,14970702.45,0,0,14970702.45,0,0,14970702.45
1,1,Moderna,2021-05-03,COVOBES,0,0,0,0,0,0,0,0,0,0,0,0,0,0,0,0,0,0,0,0,0,0,0,0,0,0,0,0,0,0,0,0,0,0,0,0,0,0,0,0,0,0,0,0,0,0,0,0,0,0,22456053.68,0,0,22456053.68,0,0,22456053.68,0,0,22456053.68,,,0,,,0,0,0,22456053.68,0,0,22456053.68,0,0,22456053.68,0,0,22456053.68,0,0,22456053.68,0,0,22456053.68,0,0,22456053.68,0,0,22456053.68,0,0,22456053.68,0,0,22456053.68,0,0,22456053.68,0,0,22456053.68,0,0,22456053.68,0,0,22456053.68,0,0,22456053.68,0,0,22456053.68,0,0,22456053.68,0,0,22456053.68,0,0,22456053.68,0,0,22456053.68,0,0,22456053.68,0,0,22456053.68,0,0,22456053.68,0,0,22456053.68,0,0,22456053.68,0,0,22456053.68,0,0,22456053.68,0,0,22456053.68,0,0,22456053.68,0,0,22456053.68,0,0,22456053.68,0,0,22456053.68,0,0,22456053.68,0,0,22456053.68,,,0,0,0,22456053.68,0,0,22456053.68,0,0,22456053.68,0,0,22456053.68,0,0,22456053.68,0,0,22456053.68,0,0,22456053.68
1,2,AstraZeneca,2021-06-21,COVOBES,0,0,0,0,0,0,0,0,0,0,0,0,0,0,0,0,0,0,0,0,0,0,0,0,0,0,0,0,0,0,0,0,0,0,0,0,0,0,0,0,0,0,0,0,0,0,0,0,0,0,26947264.41,0,0,26947264.41,0,0,26947264.41,0,0,26947264.41,0,0,26947264.41,,,0,0,0,26947264.41,0,0,26947264.41,,,0,,,0,0,0,26947264.41,0,0,26947264.41,0,0,26947264.41,0,0,26947264.41,0,0,26947264.41,0,0,26947264.41,0,0,26947264.41,0,0,26947264.41,0,0,26947264.41,0,0,26947264.41,0,0,26947264.41,0,0,26947264.41,0,0,26947264.41,0,0,26947264.41,0,0,26947264.41,0,0,26947264.41,0,0,26947264.41,0,0,26947264.41,0,0,26947264.41,0,0,26947264.41,0,0,26947264.41,0,0,26947264.41,0,0,26947264.41,0,0,26947264.41,0,0,26947264.41,0,0,26947264.41,0,0,26947264.41,0,0,26947264.41,0,0,26947264.41,0,0,26947264.41,,,0,0,0,26947264.41,0,0,26947264.41,0,0,26947264.41,0,0,26947264.41,0,0,26947264.41,0,0,26947264.41,0,0,26947264.41
1,2,AstraZeneca,2021-06-28,COVOBES,0,0,0,0,0,0,0,0,0,0,0,0,0,0,0,0,0,0,0,0,0,0,0,0,0,0,0,0,0,0,0,0,0,0,0,0,0,0,0,0,0,0,0,0,0,0,0,0,0,0,44912107.35,0,0,44912107.35,0,0,44912107.35,0,0,44912107.35,0,0,44912107.35,,,0,0,0,44912107.35,0,0,44912107.35,,,0,,,0,0,0,44912107.35,0,0,44912107.35,0,0,44912107.35,0,0,44912107.35,0,0,44912107.35,0,0,44912107.35,0,0,44912107.35,0,0,44912107.35,0,0,44912107.35,0,0,44912107.35,0,0,44912107.35,0,0,44912107.35,0,0,44912107.35,0,0,44912107.35,0,0,44912107.35,0,0,44912107.35,0,0,44912107.35,0,0,44912107.35,0,0,44912107.35,0,0,44912107.35,0,0,44912107.35,0,0,44912107.35,0,0,44912107.35,0,0,44912107.35,0,0,44912107.35,0,0,44912107.35,0,0,44912107.35,0,0,44912107.35,0,0,44912107.35,0,0,44912107.35,,,0,0,0,44912107.35,0,0,44912107.35,0,0,44912107.35,0,0,44912107.35,0,0,44912107.35,0,0,44912107.35,0,0,44912107.35
1,2,Moderna,2021-04-26,COVOBES,0,0,0,0,0,0,0,0,0,0,0,0,0,0,0,0,0,0,0,0,0,0,0,0,0,0,0,0,0,0,0,0,0,0,0,0,0,0,0,0,0,0,0,0,0,0,0,0,0,0,26947264.41,0,0,26947264.41,0,0,26947264.41,0,0,26947264.41,0,0,26947264.41,0,0,26947264.41,0,0,26947264.41,0,0,26947264.41,0,0,26947264.41,0,0,26947264.41,0,0,26947264.41,0,0,26947264.41,0,0,26947264.41,0,0,26947264.41,0,0,26947264.41,0,0,26947264.41,0,0,26947264.41,0,0,26947264.41,0,0,26947264.41,0,0,26947264.41,0,0,26947264.41,0,0,26947264.41,0,0,26947264.41,0,0,26947264.41,0,0,26947264.41,0,0,26947264.41,0,0,26947264.41,0,0,26947264.41,0,0,26947264.41,0,0,26947264.41,0,0,26947264.41,0,0,26947264.41,0,0,26947264.41,0,0,26947264.41,0,0,26947264.41,0,0,26947264.41,0,0,26947264.41,0,0,26947264.41,0,0,26947264.41,0,0,26947264.41,,,0,0,0,26947264.41,0,0,26947264.41,0,0,26947264.41,0,0,26947264.41,0,0,26947264.41,0,0,26947264.41,0,0,26947264.41
1,2,Moderna,2021-05-03,COVOBES,0,0,0,0,0,0,0,0,0,0,0,0,0,0,0,0,0,0,0,0,0,0,0,0,0,0,0,0,0,0,0,0,0,0,0,0,0,0,0,0,0,0,0,0,0,0,0,0,0,0,16842040.26,0,0,16842040.26,0,0,16842040.26,0,0,16842040.26,0,0,19248046.01,0,0,19248046.01,0,0,16842040.26,0,0,16842040.26,0,0,16842040.26,0,0,16842040.26,0,0,16842040.26,0,0,16842040.26,0,0,16842040.26,0,0,16842040.26,0,0,16842040.26,0,0,16842040.26,0,0,16842040.26,0,0,16842040.26,0,0,16842040.26,0,0,16842040.26,0,0,16842040.26,0,0,16842040.26,0,0,16842040.26,0,0,16842040.26,0,0,16842040.26,0,0,16842040.26,0,0,16842040.26,0,0,16842040.26,0,0,16842040.26,0,0,16842040.26,0,0,16842040.26,0,0,16842040.26,0,0,16842040.26,0,0,16842040.26,0,0,16842040.26,0,0,16842040.26,0,0,16842040.26,0,0,16842040.26,0,0,16842040.26,0,0,16842040.26,,,0,0,0,16842040.26,0,0,16842040.26,0,0,16842040.26,0,0,16842040.26,0,0,16842040.26,0,0,16842040.26,0,0,16842040.26
1,2,Moderna,2021-05-10,COVOBES,0,0,0,0,0,0,0,0,0,0,0,0,0,0,0,0,0,0,0,0,0,0,0,0,0,0,0,0,0,0,0,0,0,0,0,0,0,0,0,0,0,0,0,0,0,0,0,0,0,0,9624023,0,0,9624023,0,0,9624023,0,0,9624023,0,0,19248046.01,0,0,19248046.01,0,0,9624023,0,0,9624023,0,0,9624023,0,0,9624023,0,0,9624023,0,0,9624023,0,0,9624023,0,0,9624023,0,0,9624023,0,0,9624023,0,0,9624023,0,0,9624023,0,0,9624023,0,0,9624023,0,0,9624023,0,0,9624023,0,0,9624023,0,0,9624023,0,0,9624023,0,0,9624023,0,0,9624023,0,0,9624023,0,0,9624023,0,0,9624023,0,0,9624023,0,0,9624023,0,0,9624023,0,0,9624023,0,0,9624023,0,0,9624023,0,0,9624023,0,0,9624023,0,0,9624023,0,0,9624023,,,0,0,0,9624023,0,0,9624023,0,0,9624023,0,0,9624023,0,0,9624023,0,0,9624023,0,0,9624023
1,2,Moderna,2021-05-17,COVOBES,0,0,0,0,0,0,0,0,0,0,0,0,0,0,0,0,0,0,0,0,0,0,0,0,0,0,0,0,0,0,0,0,0,0,0,0,0,0,0,0,0,0,0,0,0,0,0,0,0,0,9624023,0,0,9624023,0,0,9624023,0,0,9624023,0,0,19248046.01,0,0,19248046.01,0,0,9624023,0,0,9624023,0,0,9624023,0,0,9624023,0,0,9624023,0,0,9624023,0,0,9624023,0,0,9624023,0,0,9624023,0,0,9624023,0,0,9624023,0,0,9624023,0,0,9624023,0,0,9624023,0,0,9624023,0,0,9624023,0,0,9624023,0,0,9624023,0,0,9624023,0,0,9624023,0,0,9624023,0,0,9624023,0,0,9624023,0,0,9624023,0,0,9624023,0,0,9624023,0,0,9624023,0,0,9624023,0,0,9624023,0,0,9624023,0,0,9624023,0,0,9624023,0,0,9624023,0,0,9624023,,,0,0,0,9624023,0,0,9624023,0,0,9624023,0,0,9624023,0,0,9624023,0,0,9624023,0,0,9624023
1,2,Moderna,2021-05-24,COVOBES,0,0,0,0,0,0,0,0,0,0,0,0,0,0,0,0,0,0,0,0,0,0,0,0,0,0,0,0,0,0,0,0,0,0,0,0,0,0,0,0,0,0,0,0,0,0,0,0,0,0,9624023,0,0,9624023,0,0,9624023,0,0,9624023,0,0,19248046.01,0,0,19248046.01,0,0,9624023,0,0,9624023,0,0,9624023,0,0,9624023,0,0,9624023,0,0,9624023,0,0,9624023,0,0,9624023,0,0,9624023,0,0,9624023,0,0,9624023,0,0,9624023,0,0,9624023,0,0,9624023,0,0,9624023,0,0,9624023,0,0,9624023,0,0,9624023,0,0,9624023,0,0,9624023,0,0,9624023,0,0,9624023,0,0,9624023,0,0,9624023,0,0,9624023,0,0,9624023,0,0,9624023,0,0,9624023,0,0,9624023,0,0,9624023,0,0,9624023,0,0,9624023,0,0,9624023,0,0,9624023,,,0,0,0,9624023,0,0,9624023,0,0,9624023,0,0,9624023,0,0,9624023,0,0,9624023,0,0,9624023
1,2,Moderna,2021-05-31,COVOBES,0,0,0,0,0,0,0,0,0,0,0,0,0,0,0,0,0,0,0,0,0,0,0,0,0,0,0,0,0,0,0,0,0,0,0,0,0,0,0,0,0,0,0,0,0,0,0,0,0,0,9624023,0,0,9624023,0,0,9624023,0,0,9624023,0,0,19248046.01,0,0,19248046.01,0,0,9624023,0,0,9624023,0,0,9624023,0,0,9624023,0,0,9624023,0,0,9624023,0,0,9624023,0,0,9624023,0,0,9624023,0,0,9624023,0,0,9624023,0,0,9624023,0,0,9624023,0,0,9624023,0,0,9624023,0,0,9624023,0,0,9624023,0,0,9624023,0,0,9624023,0,0,9624023,0,0,9624023,0,0,9624023,0,0,9624023,0,0,9624023,0,0,9624023,0,0,9624023,0,0,9624023,0,0,9624023,0,0,9624023,0,0,9624023,0,0,9624023,0,0,9624023,0,0,9624023,0,0,9624023,,,0,0,0,9624023,0,0,9624023,0,0,9624023,0,0,9624023,0,0,9624023,0,0,9624023,0,0,9624023
1,2,Moderna,2021-06-07,COVOBES,0,0,0,0,0,0,0,0,0,0,0,0,0,0,0,0,0,0,0,0,0,0,0,0,0,0,0,0,0,0,0,0,0,0,0,0,0,0,0,0,0,0,0,0,0,0,0,0,0,0,9624023,0,0,9624023,0,0,9624023,0,0,9624023,0,0,19248046.01,0,0,19248046.01,0,0,9624023,0,0,9624023,0,0,9624023,0,0,9624023,0,0,9624023,0,0,9624023,0,0,9624023,0,0,9624023,0,0,9624023,0,0,9624023,0,0,9624023,0,0,9624023,0,0,9624023,0,0,9624023,0,0,9624023,0,0,9624023,0,0,9624023,0,0,9624023,0,0,9624023,0,0,9624023,0,0,9624023,0,0,9624023,0,0,9624023,0,0,9624023,0,0,9624023,0,0,9624023,0,0,9624023,0,0,9624023,0,0,9624023,0,0,9624023,0,0,9624023,0,0,9624023,0,0,9624023,0,0,9624023,,,0,0,0,9624023,0,0,9624023,0,0,9624023,0,0,9624023,0,0,9624023,0,0,9624023,0,0,9624023
1,2,Moderna,2021-06-14,COVOBES,0,0,0,0,0,0,0,0,0,0,0,0,0,0,0,0,0,0,0,0,0,0,0,0,0,0,0,0,0,0,0,0,0,0,0,0,0,0,0,0,0,0,0,0,0,0,0,0,0,0,9624023,0,0,9624023,0,0,9624023,0,0,9624023,0,0,19248046.01,0,0,19248046.01,0,0,9624023,0,0,9624023,0,0,9624023,0,0,9624023,0,0,9624023,0,0,9624023,0,0,9624023,0,0,9624023,0,0,9624023,0,0,9624023,0,0,9624023,0,0,9624023,0,0,9624023,0,0,9624023,0,0,9624023,0,0,9624023,0,0,9624023,0,0,9624023,0,0,9624023,0,0,9624023,0,0,9624023,0,0,9624023,0,0,9624023,0,0,9624023,0,0,9624023,0,0,9624023,0,0,9624023,0,0,9624023,0,0,9624023,0,0,9624023,0,0,9624023,0,0,9624023,0,0,9624023,0,0,9624023,,,0,0,0,9624023,0,0,9624023,0,0,9624023,0,0,9624023,0,0,9624023,0,0,9624023,0,0,9624023
1,2,Moderna,2021-06-21,COVOBES,0,0,0,0,0,0,0,0,0,0,0,0,0,0,0,0,0,0,0,0,0,0,0,0,0,0,0,0,0,0,0,0,0,0,0,0,0,0,0,0,0,0,0,0,0,0,0,0,0,0,9624023,0,0,9624023,0,0,9624023,0,0,9624023,0,0,19248046.01,0,0,19248046.01,0,0,9624023,0,0,9624023,0,0,9624023,0,0,9624023,0,0,9624023,0,0,9624023,0,0,9624023,0,0,9624023,0,0,9624023,0,0,9624023,0,0,9624023,0,0,9624023,0,0,9624023,0,0,9624023,0,0,9624023,0,0,9624023,0,0,9624023,0,0,9624023,0,0,9624023,0,0,9624023,0,0,9624023,0,0,9624023,0,0,9624023,0,0,9624023,0,0,9624023,0,0,9624023,0,0,9624023,0,0,9624023,0,0,9624023,0,0,9624023,0,0,9624023,0,0,9624023,0,0,9624023,0,0,9624023,,,0,0,0,9624023,0,0,9624023,0,0,9624023,0,0,9624023,0,0,9624023,0,0,9624023,0,0,9624023
1,2,Moderna,2021-06-28,COVOBES,0,0,0,0,0,0,0,0,0,0,0,0,0,0,0,0,0,0,0,0,0,0,0,0,0,0,0,0,0,0,0,0,0,0,0,0,0,0,0,0,0,0,0,0,0,0,0,0,0,0,22456053.68,0,0,22456053.68,0,0,22456053.68,0,0,22456053.68,0,0,44912107.35,0,0,44912107.35,0,0,22456053.68,0,0,22456053.68,0,0,22456053.68,0,0,22456053.68,0,0,22456053.68,0,0,22456053.68,0,0,22456053.68,0,0,22456053.68,0,0,22456053.68,0,0,22456053.68,0,0,22456053.68,0,0,22456053.68,0,0,22456053.68,0,0,22456053.68,0,0,22456053.68,0,0,22456053.68,0,0,22456053.68,0,0,22456053.68,0,0,22456053.68,0,0,22456053.68,0,0,22456053.68,0,0,22456053.68,0,0,22456053.68,0,0,22456053.68,0,0,22456053.68,0,0,22456053.68,0,0,22456053.68,0,0,22456053.68,0,0,22456053.68,0,0,22456053.68,0,0,22456053.68,0,0,22456053.68,0,0,22456053.68,0,0,22456053.68,,,0,0,0,22456053.68,0,0,22456053.68,0,0,22456053.68,0,0,22456053.68,0,0,22456053.68,0,0,22456053.68,0,0,22456053.68
1,1,Pfizer,2021-04-05,COVOBES,0,0,0,0,0,0,0,0,0,0,0,0,0,0,0,0,0,0,0,0,0,0,0,0,0,0,0,0,0,0,0,0,0,0,0,0,0,0,0,0,0,0,0,0,0,0,0,0,0,0,134736322.06,0,0,134736322.06,0,0,134736322.06,0,0,134736322.06,,,0,,,0,0,0,134736322.06,,,0,,,0,,,0,0,0,134736322.06,0,0,134736322.06,0,0,134736322.06,0,0,134736322.06,0,0,134736322.06,0,0,134736322.06,0,0,134736322.06,0,0,134736322.06,0,0,134736322.06,0,0,134736322.06,0,0,134736322.06,0,0,134736322.06,0,0,134736322.06,0,0,134736322.06,0,0,134736322.06,0,0,134736322.06,0,0,134736322.06,0,0,134736322.06,0,0,134736322.06,0,0,134736322.06,0,0,134736322.06,0,0,134736322.06,0,0,134736322.06,0,0,134736322.06,0,0,134736322.06,0,0,134736322.06,0,0,134736322.06,0,0,134736322.06,0,0,134736322.06,0,0,134736322.06,,,0,0,0,134736322.06,0,0,134736322.06,0,0,134736322.06,0,0,134736322.06,0,0,134736322.06,0,0,134736322.06,0,0,134736322.06
1,1,Pfizer,2021-04-12,COVOBES,0,0,0,0,0,0,0,0,0,0,0,0,0,0,0,0,0,0,0,0,0,0,0,0,0,0,0,0,0,0,0,0,0,0,0,0,0,0,0,0,0,0,0,0,0,0,0,0,0,0,19248046.01,0,0,19248046.01,0,0,19248046.01,0,0,19248046.01,,,0,,,0,0,0,19248046.01,,,0,,,0,,,0,0,0,19248046.01,0,0,19248046.01,0,0,19248046.01,0,0,19248046.01,0,0,19248046.01,0,0,19248046.01,0,0,19248046.01,0,0,19248046.01,0,0,19248046.01,0,0,19248046.01,0,0,19248046.01,0,0,19248046.01,0,0,19248046.01,0,0,19248046.01,0,0,19248046.01,0,0,19248046.01,0,0,19248046.01,0,0,19248046.01,0,0,19248046.01,0,0,19248046.01,0,0,19248046.01,0,0,19248046.01,0,0,19248046.01,0,0,19248046.01,0,0,19248046.01,0,0,19248046.01,0,0,19248046.01,0,0,19248046.01,0,0,19248046.01,0,0,19248046.01,,,0,0,0,19248046.01,0,0,19248046.01,0,0,19248046.01,0,0,19248046.01,0,0,19248046.01,0,0,19248046.01,0,0,19248046.01
1,1,Pfizer,2021-04-19,COVOBES,0,0,0,0,0,0,0,0,0,0,0,0,0,0,0,0,0,0,0,0,0,0,0,0,0,0,0,0,0,0,0,0,0,0,0,0,0,0,0,0,0,0,0,0,0,0,0,0,0,0,19248046.01,0,0,19248046.01,0,0,19248046.01,0,0,19248046.01,,,0,,,0,0,0,19248046.01,,,0,,,0,,,0,0,0,19248046.01,0,0,19248046.01,0,0,19248046.01,0,0,19248046.01,0,0,19248046.01,0,0,19248046.01,0,0,19248046.01,0,0,19248046.01,0,0,19248046.01,0,0,19248046.01,0,0,19248046.01,0,0,19248046.01,0,0,19248046.01,0,0,19248046.01,0,0,19248046.01,0,0,19248046.01,0,0,19248046.01,0,0,19248046.01,0,0,19248046.01,0,0,19248046.01,0,0,19248046.01,0,0,19248046.01,0,0,19248046.01,0,0,19248046.01,0,0,19248046.01,0,0,19248046.01,0,0,19248046.01,0,0,19248046.01,0,0,19248046.01,0,0,19248046.01,,,0,0,0,19248046.01,0,0,19248046.01,0,0,19248046.01,0,0,19248046.01,0,0,19248046.01,0,0,19248046.01,0,0,19248046.01
1,1,Pfizer,2021-04-26,COVOBES,0,0,0,0,0,0,0,0,0,0,0,0,0,0,0,0,0,0,0,0,0,0,0,0,0,0,0,0,0,0,0,0,0,0,0,0,0,0,0,0,0,0,0,0,0,0,0,0,0,0,19248046.01,0,0,19248046.01,0,0,19248046.01,0,0,19248046.01,,,0,,,0,0,0,19248046.01,,,0,,,0,,,0,0,0,19248046.01,0,0,19248046.01,0,0,19248046.01,0,0,19248046.01,0,0,19248046.01,0,0,19248046.01,0,0,19248046.01,0,0,19248046.01,0,0,19248046.01,0,0,19248046.01,0,0,19248046.01,0,0,19248046.01,0,0,19248046.01,0,0,19248046.01,0,0,19248046.01,0,0,19248046.01,0,0,19248046.01,0,0,19248046.01,0,0,19248046.01,0,0,19248046.01,0,0,19248046.01,0,0,19248046.01,0,0,19248046.01,0,0,19248046.01,0,0,19248046.01,0,0,19248046.01,0,0,19248046.01,0,0,19248046.01,0,0,19248046.01,0,0,19248046.01,,,0,0,0,19248046.01,0,0,19248046.01,0,0,19248046.01,0,0,19248046.01,0,0,19248046.01,0,0,19248046.01,0,0,19248046.01
1,1,Pfizer,2021-05-03,COVOBES,0,0,0,0,0,0,0,0,0,0,0,0,0,0,0,0,0,0,0,0,0,0,0,0,0,0,0,0,0,0,0,0,0,0,0,0,0,0,0,0,0,0,0,0,0,0,0,0,0,0,67368161.03,0,0,67368161.03,0,0,67368161.03,0,0,67368161.03,,,0,,,0,0,0,67368161.03,,,0,,,0,,,0,0,0,67368161.03,0,0,67368161.03,0,0,67368161.03,0,0,67368161.03,0,0,67368161.03,0,0,67368161.03,0,0,67368161.03,0,0,67368161.03,0,0,67368161.03,0,0,67368161.03,0,0,67368161.03,0,0,67368161.03,0,0,67368161.03,0,0,67368161.03,0,0,67368161.03,0,0,67368161.03,0,0,67368161.03,0,0,67368161.03,0,0,67368161.03,0,0,67368161.03,0,0,67368161.03,0,0,67368161.03,0,0,67368161.03,0,0,67368161.03,0,0,67368161.03,0,0,67368161.03,0,0,67368161.03,0,0,67368161.03,0,0,67368161.03,0,0,67368161.03,,,0,0,0,67368161.03,0,0,67368161.03,0,0,67368161.03,0,0,67368161.03,0,0,67368161.03,0,0,67368161.03,0,0,67368161.03
1,2,Pfizer,2021-05-03,COVOBES,0,0,0,0,0,0,0,0,0,0,0,0,0,0,0,0,0,0,0,0,0,0,0,0,0,0,0,0,0,0,0,0,0,0,0,0,0,0,0,0,0,0,0,0,0,0,0,0,0,0,26947264.41,0,0,26947264.41,0,0,26947264.41,0,0,26947264.41,,,0,,,0,0,0,26947264.41,,,0,,,0,,,0,0,0,26947264.41,0,0,26947264.41,0,0,26947264.41,0,0,26947264.41,0,0,26947264.41,0,0,26947264.41,0,0,26947264.41,0,0,26947264.41,0,0,26947264.41,0,0,26947264.41,0,0,26947264.41,0,0,26947264.41,0,0,26947264.41,0,0,26947264.41,0,0,26947264.41,0,0,26947264.41,0,0,26947264.41,0,0,26947264.41,0,0,26947264.41,0,0,26947264.41,0,0,26947264.41,0,0,26947264.41,0,0,26947264.41,0,0,26947264.41,0,0,26947264.41,0,0,26947264.41,0,0,26947264.41,0,0,26947264.41,0,0,26947264.41,0,0,26947264.41,,,0,0,0,26947264.41,0,0,26947264.41,0,0,26947264.41,0,0,26947264.41,0,0,26947264.41,0,0,26947264.41,0,0,26947264.41
1,2,Pfizer,2021-05-10,COVOBES,0,0,0,0,0,0,0,0,0,0,0,0,0,0,0,0,0,0,0,0,0,0,0,0,0,0,0,0,0,0,0,0,0,0,0,0,0,0,0,0,0,0,0,0,0,0,0,0,0,0,19248046.01,0,0,19248046.01,0,0,19248046.01,0,0,19248046.01,,,0,,,0,0,0,19248046.01,,,0,,,0,,,0,0,0,19248046.01,0,0,19248046.01,0,0,19248046.01,0,0,19248046.01,0,0,19248046.01,0,0,19248046.01,0,0,19248046.01,0,0,19248046.01,0,0,19248046.01,0,0,19248046.01,0,0,19248046.01,0,0,19248046.01,0,0,19248046.01,0,0,19248046.01,0,0,19248046.01,0,0,19248046.01,0,0,19248046.01,0,0,19248046.01,0,0,19248046.01,0,0,19248046.01,0,0,19248046.01,0,0,19248046.01,0,0,19248046.01,0,0,19248046.01,0,0,19248046.01,0,0,19248046.01,0,0,19248046.01,0,0,19248046.01,0,0,19248046.01,0,0,19248046.01,,,0,0,0,19248046.01,0,0,19248046.01,0,0,19248046.01,0,0,19248046.01,0,0,19248046.01,0,0,19248046.01,0,0,19248046.01
1,2,Pfizer,2021-05-17,COVOBES,0,0,0,0,0,0,0,0,0,0,0,0,0,0,0,0,0,0,0,0,0,0,0,0,0,0,0,0,0,0,0,0,0,0,0,0,0,0,0,0,0,0,0,0,0,0,0,0,0,0,19248046.01,0,0,19248046.01,0,0,19248046.01,0,0,19248046.01,,,0,,,0,0,0,19248046.01,,,0,,,0,,,0,0,0,19248046.01,0,0,19248046.01,0,0,19248046.01,0,0,19248046.01,0,0,19248046.01,0,0,19248046.01,0,0,19248046.01,0,0,19248046.01,0,0,19248046.01,0,0,19248046.01,0,0,19248046.01,0,0,19248046.01,0,0,19248046.01,0,0,19248046.01,0,0,19248046.01,0,0,19248046.01,0,0,19248046.01,0,0,19248046.01,0,0,19248046.01,0,0,19248046.01,0,0,19248046.01,0,0,19248046.01,0,0,19248046.01,0,0,19248046.01,0,0,19248046.01,0,0,19248046.01,0,0,19248046.01,0,0,19248046.01,0,0,19248046.01,0,0,19248046.01,,,0,0,0,19248046.01,0,0,19248046.01,0,0,19248046.01,0,0,19248046.01,0,0,19248046.01,0,0,19248046.01,0,0,19248046.01
1,2,Pfizer,2021-05-24,COVOBES,0,0,0,0,0,0,0,0,0,0,0,0,0,0,0,0,0,0,0,0,0,0,0,0,0,0,0,0,0,0,0,0,0,0,0,0,0,0,0,0,0,0,0,0,0,0,0,0,0,0,19248046.01,0,0,19248046.01,0,0,19248046.01,0,0,19248046.01,,,0,,,0,0,0,19248046.01,,,0,,,0,,,0,0,0,19248046.01,0,0,19248046.01,0,0,19248046.01,0,0,19248046.01,0,0,19248046.01,0,0,19248046.01,0,0,19248046.01,0,0,19248046.01,0,0,19248046.01,0,0,19248046.01,0,0,19248046.01,0,0,19248046.01,0,0,19248046.01,0,0,19248046.01,0,0,19248046.01,0,0,19248046.01,0,0,19248046.01,0,0,19248046.01,0,0,19248046.01,0,0,19248046.01,0,0,19248046.01,0,0,19248046.01,0,0,19248046.01,0,0,19248046.01,0,0,19248046.01,0,0,19248046.01,0,0,19248046.01,0,0,19248046.01,0,0,19248046.01,0,0,19248046.01,,,0,0,0,19248046.01,0,0,19248046.01,0,0,19248046.01,0,0,19248046.01,0,0,19248046.01,0,0,19248046.01,0,0,19248046.01
1,2,Pfizer,2021-05-31,COVOBES,0,0,0,0,0,0,0,0,0,0,0,0,0,0,0,0,0,0,0,0,0,0,0,0,0,0,0,0,0,0,0,0,0,0,0,0,0,0,0,0,0,0,0,0,0,0,0,0,0,0,19248046.01,0,0,19248046.01,0,0,19248046.01,0,0,19248046.01,,,0,,,0,0,0,19248046.01,,,0,,,0,,,0,0,0,19248046.01,0,0,19248046.01,0,0,19248046.01,0,0,19248046.01,0,0,19248046.01,0,0,19248046.01,0,0,19248046.01,0,0,19248046.01,0,0,19248046.01,0,0,19248046.01,0,0,19248046.01,0,0,19248046.01,0,0,19248046.01,0,0,19248046.01,0,0,19248046.01,0,0,19248046.01,0,0,19248046.01,0,0,19248046.01,0,0,19248046.01,0,0,19248046.01,0,0,19248046.01,0,0,19248046.01,0,0,19248046.01,0,0,19248046.01,0,0,19248046.01,0,0,19248046.01,0,0,19248046.01,0,0,19248046.01,0,0,19248046.01,0,0,19248046.01,,,0,0,0,19248046.01,0,0,19248046.01,0,0,19248046.01,0,0,19248046.01,0,0,19248046.01,0,0,19248046.01,0,0,19248046.01
1,2,Pfizer,2021-06-07,COVOBES,0,0,0,0,0,0,0,0,0,0,0,0,0,0,0,0,0,0,0,0,0,0,0,0,0,0,0,0,0,0,0,0,0,0,0,0,0,0,0,0,0,0,0,0,0,0,0,0,0,0,19248046.01,0,0,19248046.01,0,0,19248046.01,0,0,19248046.01,,,0,,,0,0,0,19248046.01,,,0,,,0,,,0,0,0,19248046.01,0,0,19248046.01,0,0,19248046.01,0,0,19248046.01,0,0,19248046.01,0,0,19248046.01,0,0,19248046.01,0,0,19248046.01,0,0,19248046.01,0,0,19248046.01,0,0,19248046.01,0,0,19248046.01,0,0,19248046.01,0,0,19248046.01,0,0,19248046.01,0,0,19248046.01,0,0,19248046.01,0,0,19248046.01,0,0,19248046.01,0,0,19248046.01,0,0,19248046.01,0,0,19248046.01,0,0,19248046.01,0,0,19248046.01,0,0,19248046.01,0,0,19248046.01,0,0,19248046.01,0,0,19248046.01,0,0,19248046.01,0,0,19248046.01,,,0,0,0,19248046.01,0,0,19248046.01,0,0,19248046.01,0,0,19248046.01,0,0,19248046.01,0,0,19248046.01,0,0,19248046.01
1,2,Pfizer,2021-06-14,COVOBES,0,0,0,0,0,0,0,0,0,0,0,0,0,0,0,0,0,0,0,0,0,0,0,0,0,0,0,0,0,0,0,0,0,0,0,0,0,0,0,0,0,0,0,0,0,0,0,0,0,0,19248046.01,0,0,19248046.01,0,0,19248046.01,0,0,19248046.01,,,0,,,0,0,0,19248046.01,,,0,,,0,,,0,0,0,19248046.01,0,0,19248046.01,0,0,19248046.01,0,0,19248046.01,0,0,19248046.01,0,0,19248046.01,0,0,19248046.01,0,0,19248046.01,0,0,19248046.01,0,0,19248046.01,0,0,19248046.01,0,0,19248046.01,0,0,19248046.01,0,0,19248046.01,0,0,19248046.01,0,0,19248046.01,0,0,19248046.01,0,0,19248046.01,0,0,19248046.01,0,0,19248046.01,0,0,19248046.01,0,0,19248046.01,0,0,19248046.01,0,0,19248046.01,0,0,19248046.01,0,0,19248046.01,0,0,19248046.01,0,0,19248046.01,0,0,19248046.01,0,0,19248046.01,,,0,0,0,19248046.01,0,0,19248046.01,0,0,19248046.01,0,0,19248046.01,0,0,19248046.01,0,0,19248046.01,0,0,19248046.01
0,0,0,2020-01-06,COVSICKLE,0,0,0,0,0,0,0,0,0,0,0,0,0,0,0,0,0,0,0,0,0,0,0,0,0,0,0,0,0,0,0,0,0,0,0,0,0,0,0,0,0,0,0,0,0,0,0,0,0,0,3849609.2,0,0,3849609.2,0,0,3849609.2,0,0,3849609.2,0,0,4812011.5,0,0,4812011.5,0,0,3849609.2,0,0,3849609.2,0,0,3849609.2,0,0,3849609.2,0,0,3849609.2,0,0,3849609.2,0,0,3849609.2,0,0,3849609.2,0,0,3849609.2,0,0,3849609.2,0,0,3849609.2,0,0,3849609.2,0,0,3849609.2,0,0,3849609.2,0,0,3849609.2,0,0,3849609.2,0,0,3849609.2,0,0,3849609.2,0,0,3849609.2,0,0,3849609.2,0,0,3849609.2,0,0,3849609.2,0,0,3849609.2,0,0,3849609.2,0,0,3849609.2,0,0,3849609.2,0,0,3849609.2,0,0,3849609.2,0,0,3849609.2,0,0,3849609.2,0,0,3849609.2,0,0,3849609.2,0,0,3849609.2,0,0,3849609.2,0,0,4812011.5,0,0,3849609.2,0,0,3849609.2,0,0,3849609.2,0,0,3849609.2,0,0,3849609.2,0,0,3849609.2,0,0,3849609.2
0,0,0,2020-01-13,COVSICKLE,0,0,0,0,0,0,0,0,0,0,0,0,0,0,0,0,0,0,0,0,0,0,0,0,0,0,0,0,0,0,0,0,0,0,0,0,0,0,0,0,0,0,0,0,0,0,0,0,0,0,3849609.2,0,0,3849609.2,0,0,3849609.2,0,0,3849609.2,0,0,4812011.5,0,0,4812011.5,0,0,3849609.2,0,0,3849609.2,0,0,3849609.2,0,0,3849609.2,0,0,3849609.2,0,0,3849609.2,0,0,3849609.2,0,0,3849609.2,0,0,3849609.2,0,0,3849609.2,0,0,3849609.2,0,0,3849609.2,0,0,3849609.2,0,0,3849609.2,0,0,3849609.2,0,0,3849609.2,0,0,3849609.2,0,0,3849609.2,0,0,3849609.2,0,0,3849609.2,0,0,3849609.2,0,0,3849609.2,0,0,3849609.2,0,0,3849609.2,0,0,3849609.2,0,0,3849609.2,0,0,3849609.2,0,0,3849609.2,0,0,3849609.2,0,0,3849609.2,0,0,3849609.2,0,0,3849609.2,0,0,3849609.2,0,0,3849609.2,0,0,4812011.5,0,0,3849609.2,0,0,3849609.2,0,0,3849609.2,0,0,3849609.2,0,0,3849609.2,0,0,3849609.2,0,0,3849609.2
0,0,0,2020-01-20,COVSICKLE,0,0,0,0,0,0,0,0,0,0,0,0,0,0,0,0,0,0,0,0,0,0,0,0,0,0,0,0,0,0,0,0,0,0,0,0,0,0,0,0,0,0,0,0,0,0,0,0,0,0,3849609.2,0,0,3849609.2,0,0,3849609.2,0,0,3849609.2,0,0,4812011.5,0,0,4812011.5,0,0,3849609.2,0,0,3849609.2,0,0,3849609.2,0,0,3849609.2,0,0,3849609.2,0,0,3849609.2,0,0,3849609.2,0,0,3849609.2,0,0,3849609.2,0,0,3849609.2,0,0,3849609.2,0,0,3849609.2,0,0,3849609.2,0,0,3849609.2,0,0,3849609.2,0,0,3849609.2,0,0,3849609.2,0,0,3849609.2,0,0,3849609.2,0,0,3849609.2,0,0,3849609.2,0,0,3849609.2,0,0,3849609.2,0,0,3849609.2,0,0,3849609.2,0,0,3849609.2,0,0,3849609.2,0,0,3849609.2,0,0,3849609.2,0,0,3849609.2,0,0,3849609.2,0,0,3849609.2,0,0,3849609.2,0,0,3849609.2,0,0,4812011.5,0,0,3849609.2,0,0,3849609.2,0,0,3849609.2,0,0,3849609.2,0,0,3849609.2,0,0,3849609.2,0,0,3849609.2
0,0,0,2020-01-27,COVSICKLE,0,0,0,0,0,0,0,0,0,0,0,0,0,0,0,0,0,0,0,0,0,0,0,0,0,0,0,0,0,0,0,0,0,0,0,0,0,0,0,0,0,0,0,0,0,0,0,0,0,0,3849609.2,0,0,3849609.2,0,0,3849609.2,0,0,3849609.2,0,0,4812011.5,0,0,4812011.5,0,0,3849609.2,0,0,3849609.2,0,0,3849609.2,0,0,3849609.2,0,0,3849609.2,0,0,3849609.2,0,0,3849609.2,0,0,3849609.2,0,0,3849609.2,0,0,3849609.2,0,0,3849609.2,0,0,3849609.2,0,0,3849609.2,0,0,3849609.2,0,0,3849609.2,0,0,3849609.2,0,0,3849609.2,0,0,3849609.2,0,0,3849609.2,0,0,3849609.2,0,0,3849609.2,0,0,3849609.2,0,0,3849609.2,0,0,3849609.2,0,0,3849609.2,0,0,3849609.2,0,0,3849609.2,0,0,3849609.2,0,0,3849609.2,0,0,3849609.2,0,0,3849609.2,0,0,3849609.2,0,0,3849609.2,0,0,3849609.2,0,0,4812011.5,0,0,3849609.2,0,0,3849609.2,0,0,3849609.2,0,0,3849609.2,0,0,3849609.2,0,0,3849609.2,0,0,3849609.2
0,0,0,2020-02-03,COVSICKLE,0,0,0,1,0,0,0,0,0,0,0,0,0,0,0,0,1,1,0,0,0,0,0,0,0,0,0,0,0,0,0,0,0,0,0,0,0,0,0,0,0,0,0,0,0,0,0,0,0,0,3849609.2,0,0,3849609.2,0,0,3849609.2,1106818.18,28022.21,6166796.21,0,0,4812011.5,0,0,4812011.5,0,0,3849609.2,0,0,3849609.2,0,0,3849609.2,0,0,3849609.2,0,0,3849609.2,0,0,3849609.2,0,0,3849609.2,0,0,3849609.2,0,0,3849609.2,0,0,3849609.2,1217500,30824.43,6783475.83,1217500,30824.43,6783475.83,0,0,3849609.2,0,0,3849609.2,0,0,3849609.2,0,0,3849609.2,0,0,3849609.2,0,0,3849609.2,0,0,3849609.2,0,0,3849609.2,0,0,3849609.2,0,0,3849609.2,0,0,3849609.2,0,0,3849609.2,0,0,3849609.2,0,0,3849609.2,0,0,3849609.2,0,0,3849609.2,0,0,3849609.2,0,0,3849609.2,0,0,3849609.2,0,0,3849609.2,0,0,3849609.2,0,0,3849609.2,0,0,4812011.5,0,0,3849609.2,0,0,3849609.2,0,0,3849609.2,0,0,3849609.2,0,0,3849609.2,0,0,3849609.2,0,0,3849609.2
0,0,0,2020-02-10,COVSICKLE,0,0,0,0,0,0,0,0,0,0,0,0,0,0,0,0,0,0,0,0,0,0,0,0,0,0,0,0,0,0,0,0,0,0,0,0,0,0,0,0,0,0,0,0,0,0,0,0,0,0,3849609.2,0,0,3849609.2,0,0,3849609.2,0,0,4812011.5,0,0,4812011.5,0,0,4812011.5,0,0,3849609.2,0,0,3849609.2,0,0,3849609.2,0,0,3849609.2,0,0,3849609.2,0,0,3849609.2,0,0,3849609.2,0,0,3849609.2,0,0,3849609.2,0,0,3849609.2,0,0,4812011.5,0,0,4812011.5,0,0,3849609.2,0,0,3849609.2,0,0,3849609.2,0,0,3849609.2,0,0,3849609.2,0,0,3849609.2,0,0,3849609.2,0,0,3849609.2,0,0,3849609.2,0,0,3849609.2,0,0,3849609.2,0,0,3849609.2,0,0,3849609.2,0,0,3849609.2,0,0,3849609.2,0,0,3849609.2,0,0,3849609.2,0,0,3849609.2,0,0,3849609.2,0,0,3849609.2,0,0,3849609.2,0,0,3849609.2,0,0,4812011.5,0,0,3849609.2,0,0,3849609.2,0,0,3849609.2,0,0,3849609.2,0,0,3849609.2,0,0,3849609.2,0,0,3849609.2
0,0,0,2020-02-17,COVSICKLE,0,0,0,0,0,0,0,0,0,0,0,0,0,0,0,0,0,0,0,0,0,0,0,0,0,0,0,0,0,0,0,0,0,0,0,0,0,0,0,0,0,0,0,0,0,0,0,0,0,0,3849609.2,0,0,3849609.2,0,0,3849609.2,0,0,4812011.5,0,0,4812011.5,0,0,4812011.5,0,0,3849609.2,0,0,3849609.2,0,0,3849609.2,0,0,3849609.2,0,0,3849609.2,0,0,3849609.2,0,0,3849609.2,0,0,3849609.2,0,0,3849609.2,0,0,3849609.2,0,0,4812011.5,0,0,4812011.5,0,0,3849609.2,0,0,3849609.2,0,0,3849609.2,0,0,3849609.2,0,0,3849609.2,0,0,3849609.2,0,0,3849609.2,0,0,3849609.2,0,0,3849609.2,0,0,3849609.2,0,0,3849609.2,0,0,3849609.2,0,0,3849609.2,0,0,3849609.2,0,0,3849609.2,0,0,3849609.2,0,0,3849609.2,0,0,3849609.2,0,0,3849609.2,0,0,3849609.2,0,0,3849609.2,0,0,3849609.2,0,0,4812011.5,0,0,3849609.2,0,0,3849609.2,0,0,3849609.2,0,0,3849609.2,0,0,3849609.2,0,0,3849609.2,0,0,3849609.2
0,0,0,2020-02-24,COVSICKLE,0,0,0,0,0,0,0,0,0,0,0,0,0,0,0,0,0,0,0,0,0,0,0,0,0,0,0,0,0,0,0,0,0,0,0,0,0,0,0,0,0,0,0,0,0,0,0,0,0,0,3849609.2,0,0,3849609.2,0,0,3849609.2,0,0,4812011.5,0,0,4812011.5,0,0,4812011.5,0,0,3849609.2,0,0,3849609.2,0,0,3849609.2,0,0,3849609.2,0,0,3849609.2,0,0,3849609.2,0,0,3849609.2,0,0,3849609.2,0,0,3849609.2,0,0,3849609.2,0,0,4812011.5,0,0,4812011.5,0,0,3849609.2,0,0,3849609.2,0,0,3849609.2,0,0,3849609.2,0,0,3849609.2,0,0,3849609.2,0,0,3849609.2,0,0,3849609.2,0,0,3849609.2,0,0,3849609.2,0,0,3849609.2,0,0,3849609.2,0,0,3849609.2,0,0,3849609.2,0,0,3849609.2,0,0,3849609.2,0,0,3849609.2,0,0,3849609.2,0,0,3849609.2,0,0,3849609.2,0,0,3849609.2,0,0,3849609.2,0,0,4812011.5,0,0,3849609.2,0,0,3849609.2,0,0,3849609.2,0,0,3849609.2,0,0,3849609.2,0,0,3849609.2,0,0,3849609.2
0,0,0,2020-03-02,COVSICKLE,0,0,0,0,0,0,0,0,0,0,0,0,0,0,0,0,0,0,0,0,0,0,0,0,0,0,0,0,0,0,0,0,0,0,0,0,0,0,0,0,0,0,0,0,0,0,0,0,0,0,3849609.2,0,0,3849609.2,0,0,3849609.2,0,0,4812011.5,0,0,4812011.5,0,0,4812011.5,0,0,3849609.2,0,0,3849609.2,0,0,3849609.2,0,0,3849609.2,0,0,3849609.2,0,0,3849609.2,0,0,3849609.2,0,0,3849609.2,0,0,3849609.2,0,0,3849609.2,0,0,4812011.5,0,0,4812011.5,0,0,3849609.2,0,0,3849609.2,0,0,3849609.2,0,0,3849609.2,0,0,3849609.2,0,0,3849609.2,0,0,3849609.2,0,0,3849609.2,0,0,3849609.2,0,0,3849609.2,0,0,3849609.2,0,0,3849609.2,0,0,3849609.2,0,0,3849609.2,0,0,3849609.2,0,0,3849609.2,0,0,3849609.2,0,0,3849609.2,0,0,3849609.2,0,0,3849609.2,0,0,3849609.2,0,0,3849609.2,0,0,4812011.5,0,0,3849609.2,0,0,3849609.2,0,0,3849609.2,0,0,3849609.2,0,0,3849609.2,0,0,3849609.2,0,0,3849609.2
0,0,0,2020-03-09,COVSICKLE,0,0,0,0,0,0,0,0,0,0,0,0,0,0,0,0,0,0,0,0,0,0,0,0,0,0,0,0,0,0,0,0,0,0,0,0,0,0,0,0,0,0,0,0,0,0,0,0,0,0,3849609.2,0,0,3849609.2,0,0,3849609.2,0,0,4812011.5,0,0,4812011.5,0,0,4812011.5,0,0,3849609.2,0,0,3849609.2,0,0,3849609.2,0,0,3849609.2,0,0,3849609.2,0,0,3849609.2,0,0,3849609.2,0,0,3849609.2,0,0,3849609.2,0,0,3849609.2,0,0,4812011.5,0,0,4812011.5,0,0,3849609.2,0,0,3849609.2,0,0,3849609.2,0,0,3849609.2,0,0,3849609.2,0,0,3849609.2,0,0,3849609.2,0,0,3849609.2,0,0,3849609.2,0,0,3849609.2,0,0,3849609.2,0,0,3849609.2,0,0,3849609.2,0,0,3849609.2,0,0,3849609.2,0,0,3849609.2,0,0,3849609.2,0,0,3849609.2,0,0,3849609.2,0,0,3849609.2,0,0,3849609.2,0,0,3849609.2,0,0,4812011.5,0,0,3849609.2,0,0,3849609.2,0,0,3849609.2,0,0,3849609.2,0,0,3849609.2,0,0,3849609.2,0,0,3849609.2
0,0,0,2020-03-16,COVSICKLE,0,0,0,0,0,0,0,0,0,0,0,0,0,0,0,0,0,0,0,0,0,0,0,0,0,0,0,0,0,0,0,0,0,0,0,0,0,0,0,0,0,0,0,0,0,0,0,0,0,0,3849609.2,0,0,3849609.2,0,0,3849609.2,0,0,4812011.5,0,0,4812011.5,0,0,4812011.5,0,0,3849609.2,0,0,3849609.2,0,0,3849609.2,0,0,3849609.2,0,0,3849609.2,0,0,3849609.2,0,0,3849609.2,0,0,3849609.2,0,0,3849609.2,0,0,3849609.2,0,0,4812011.5,0,0,4812011.5,0,0,3849609.2,0,0,3849609.2,0,0,3849609.2,0,0,3849609.2,0,0,3849609.2,0,0,3849609.2,0,0,3849609.2,0,0,3849609.2,0,0,3849609.2,0,0,3849609.2,0,0,3849609.2,0,0,3849609.2,0,0,3849609.2,0,0,3849609.2,0,0,3849609.2,0,0,3849609.2,0,0,3849609.2,0,0,3849609.2,0,0,3849609.2,0,0,3849609.2,0,0,3849609.2,0,0,3849609.2,0,0,4812011.5,0,0,3849609.2,0,0,3849609.2,0,0,3849609.2,0,0,3849609.2,0,0,3849609.2,0,0,3849609.2,0,0,3849609.2
0,0,0,2020-03-23,COVSICKLE,0,0,0,0,0,0,0,0,0,0,0,0,0,0,0,0,0,0,0,0,0,0,0,0,0,0,0,0,0,0,0,0,0,0,0,0,0,0,0,0,0,0,0,0,0,0,0,0,0,0,3849609.2,0,0,3849609.2,0,0,3849609.2,0,0,4812011.5,0,0,4812011.5,0,0,4812011.5,0,0,3849609.2,0,0,3849609.2,0,0,3849609.2,0,0,3849609.2,0,0,3849609.2,0,0,3849609.2,0,0,3849609.2,0,0,3849609.2,0,0,3849609.2,0,0,3849609.2,0,0,4812011.5,0,0,4812011.5,0,0,3849609.2,0,0,3849609.2,0,0,3849609.2,0,0,3849609.2,0,0,3849609.2,0,0,3849609.2,0,0,3849609.2,0,0,3849609.2,0,0,3849609.2,0,0,3849609.2,0,0,3849609.2,0,0,3849609.2,0,0,3849609.2,0,0,3849609.2,0,0,3849609.2,0,0,3849609.2,0,0,3849609.2,0,0,3849609.2,0,0,3849609.2,0,0,3849609.2,0,0,3849609.2,0,0,3849609.2,0,0,4812011.5,0,0,3849609.2,0,0,3849609.2,0,0,3849609.2,0,0,3849609.2,0,0,3849609.2,0,0,3849609.2,0,0,3849609.2
0,0,0,2020-03-30,COVSICKLE,0,0,0,0,0,0,0,0,0,0,0,0,0,0,0,0,0,0,0,0,0,0,0,0,0,0,0,0,0,0,0,0,0,0,0,0,0,0,0,0,0,0,0,0,0,0,0,0,0,0,3849609.2,0,0,3849609.2,0,0,3849609.2,0,0,4812011.5,0,0,4812011.5,0,0,4812011.5,0,0,3849609.2,0,0,3849609.2,0,0,3849609.2,0,0,3849609.2,0,0,3849609.2,0,0,3849609.2,0,0,3849609.2,0,0,3849609.2,0,0,3849609.2,0,0,3849609.2,0,0,4812011.5,0,0,4812011.5,0,0,3849609.2,0,0,3849609.2,0,0,3849609.2,0,0,3849609.2,0,0,3849609.2,0,0,3849609.2,0,0,3849609.2,0,0,3849609.2,0,0,3849609.2,0,0,3849609.2,0,0,3849609.2,0,0,3849609.2,0,0,3849609.2,0,0,3849609.2,0,0,3849609.2,0,0,3849609.2,0,0,3849609.2,0,0,3849609.2,0,0,3849609.2,0,0,3849609.2,0,0,3849609.2,0,0,3849609.2,0,0,4812011.5,0,0,3849609.2,0,0,3849609.2,0,0,3849609.2,0,0,3849609.2,0,0,3849609.2,0,0,3849609.2,0,0,3849609.2
0,0,0,2020-04-06,COVSICKLE,0,0,0,0,0,0,0,0,0,0,0,0,0,0,0,0,0,0,0,0,0,0,0,0,0,0,0,0,0,0,0,0,0,0,0,0,0,0,0,0,0,0,0,0,0,0,0,0,0,0,3849609.2,0,0,3849609.2,0,0,3849609.2,0,0,4812011.5,0,0,4812011.5,0,0,4812011.5,0,0,3849609.2,0,0,3849609.2,0,0,3849609.2,0,0,3849609.2,0,0,3849609.2,0,0,3849609.2,0,0,3849609.2,0,0,3849609.2,0,0,3849609.2,0,0,3849609.2,0,0,4812011.5,0,0,4812011.5,0,0,3849609.2,0,0,3849609.2,0,0,3849609.2,0,0,3849609.2,0,0,3849609.2,0,0,3849609.2,0,0,3849609.2,0,0,3849609.2,0,0,3849609.2,0,0,3849609.2,0,0,3849609.2,0,0,3849609.2,0,0,3849609.2,0,0,3849609.2,0,0,3849609.2,0,0,3849609.2,0,0,3849609.2,0,0,3849609.2,0,0,3849609.2,0,0,3849609.2,0,0,3849609.2,0,0,3849609.2,0,0,4812011.5,0,0,3849609.2,0,0,3849609.2,0,0,3849609.2,0,0,3849609.2,0,0,3849609.2,0,0,3849609.2,0,0,3849609.2
0,0,0,2020-04-13,COVSICKLE,0,0,0,0,0,0,0,0,0,0,0,0,0,0,0,0,0,0,0,0,0,0,0,0,0,0,0,0,0,0,0,0,0,0,0,0,0,0,0,0,0,0,0,0,0,0,0,0,0,0,3849609.2,0,0,3849609.2,0,0,3849609.2,0,0,4812011.5,0,0,4812011.5,0,0,4812011.5,0,0,3849609.2,0,0,3849609.2,0,0,3849609.2,0,0,3849609.2,0,0,3849609.2,0,0,3849609.2,0,0,3849609.2,0,0,3849609.2,0,0,3849609.2,0,0,3849609.2,0,0,4812011.5,0,0,4812011.5,0,0,3849609.2,0,0,3849609.2,0,0,3849609.2,0,0,3849609.2,0,0,3849609.2,0,0,3849609.2,0,0,3849609.2,0,0,3849609.2,0,0,3849609.2,0,0,3849609.2,0,0,3849609.2,0,0,3849609.2,0,0,3849609.2,0,0,3849609.2,0,0,3849609.2,0,0,3849609.2,0,0,3849609.2,0,0,3849609.2,0,0,3849609.2,0,0,3849609.2,0,0,3849609.2,0,0,3849609.2,0,0,4812011.5,0,0,3849609.2,0,0,3849609.2,0,0,3849609.2,0,0,3849609.2,0,0,3849609.2,0,0,3849609.2,0,0,3849609.2
0,0,0,2020-04-20,COVSICKLE,0,0,0,0,0,0,0,0,0,0,0,0,0,0,0,0,0,0,0,0,0,0,0,0,0,0,0,0,0,0,0,0,0,0,0,0,0,0,0,0,0,0,0,0,0,0,0,0,0,0,3849609.2,0,0,3849609.2,0,0,3849609.2,0,0,4812011.5,0,0,4812011.5,0,0,4812011.5,0,0,3849609.2,0,0,3849609.2,0,0,3849609.2,0,0,3849609.2,0,0,3849609.2,0,0,3849609.2,0,0,3849609.2,0,0,3849609.2,0,0,3849609.2,0,0,3849609.2,0,0,4812011.5,0,0,4812011.5,0,0,3849609.2,0,0,3849609.2,0,0,3849609.2,0,0,3849609.2,0,0,3849609.2,0,0,3849609.2,0,0,3849609.2,0,0,3849609.2,0,0,3849609.2,0,0,3849609.2,0,0,3849609.2,0,0,3849609.2,0,0,3849609.2,0,0,3849609.2,0,0,3849609.2,0,0,3849609.2,0,0,3849609.2,0,0,3849609.2,0,0,3849609.2,0,0,3849609.2,0,0,3849609.2,0,0,3849609.2,0,0,4812011.5,0,0,3849609.2,0,0,3849609.2,0,0,3849609.2,0,0,3849609.2,0,0,3849609.2,0,0,3849609.2,0,0,3849609.2
0,0,0,2020-04-27,COVSICKLE,0,0,0,0,0,0,0,0,0,0,0,0,0,0,0,0,0,0,0,0,0,0,0,0,0,0,0,0,0,0,0,0,0,0,0,0,0,0,0,0,0,0,0,0,0,0,0,0,0,0,3849609.2,0,0,3849609.2,0,0,3849609.2,0,0,4812011.5,0,0,4812011.5,0,0,4812011.5,0,0,3849609.2,0,0,3849609.2,0,0,3849609.2,0,0,3849609.2,0,0,3849609.2,0,0,3849609.2,0,0,3849609.2,0,0,3849609.2,0,0,3849609.2,0,0,3849609.2,0,0,4812011.5,0,0,4812011.5,0,0,3849609.2,0,0,3849609.2,0,0,3849609.2,0,0,3849609.2,0,0,3849609.2,0,0,3849609.2,0,0,3849609.2,0,0,3849609.2,0,0,3849609.2,0,0,3849609.2,0,0,3849609.2,0,0,3849609.2,0,0,3849609.2,0,0,3849609.2,0,0,3849609.2,0,0,3849609.2,0,0,3849609.2,0,0,3849609.2,0,0,3849609.2,0,0,3849609.2,0,0,3849609.2,0,0,3849609.2,0,0,4812011.5,0,0,3849609.2,0,0,3849609.2,0,0,3849609.2,0,0,3849609.2,0,0,3849609.2,0,0,3849609.2,0,0,3849609.2
0,0,0,2020-05-04,COVSICKLE,0,0,0,0,0,0,0,0,0,0,0,0,0,0,0,0,0,0,0,0,0,0,0,0,0,0,0,0,0,0,0,0,0,0,0,0,0,0,0,0,0,0,0,0,0,0,0,0,0,0,3849609.2,0,0,3849609.2,0,0,3849609.2,0,0,4812011.5,0,0,4812011.5,0,0,4812011.5,0,0,3849609.2,0,0,3849609.2,0,0,3849609.2,0,0,3849609.2,0,0,3849609.2,0,0,3849609.2,0,0,3849609.2,0,0,3849609.2,0,0,3849609.2,0,0,3849609.2,0,0,4812011.5,0,0,4812011.5,0,0,3849609.2,0,0,3849609.2,0,0,3849609.2,0,0,3849609.2,0,0,3849609.2,0,0,3849609.2,0,0,3849609.2,0,0,3849609.2,0,0,3849609.2,0,0,3849609.2,0,0,3849609.2,0,0,3849609.2,0,0,3849609.2,0,0,3849609.2,0,0,3849609.2,0,0,3849609.2,0,0,3849609.2,0,0,3849609.2,0,0,3849609.2,0,0,3849609.2,0,0,3849609.2,0,0,3849609.2,0,0,4812011.5,0,0,3849609.2,0,0,3849609.2,0,0,3849609.2,0,0,3849609.2,0,0,3849609.2,0,0,3849609.2,0,0,3849609.2
0,0,0,2020-05-11,COVSICKLE,0,0,0,0,0,0,0,0,0,0,0,0,0,0,0,0,0,0,0,0,0,0,0,0,0,0,0,0,0,0,0,0,0,0,0,0,0,0,0,0,0,0,0,0,0,0,0,0,0,0,3849609.2,0,0,3849609.2,0,0,3849609.2,0,0,4812011.5,0,0,4812011.5,0,0,4812011.5,0,0,3849609.2,0,0,3849609.2,0,0,3849609.2,0,0,3849609.2,0,0,3849609.2,0,0,3849609.2,0,0,3849609.2,0,0,3849609.2,0,0,3849609.2,0,0,3849609.2,0,0,4812011.5,0,0,4812011.5,0,0,3849609.2,0,0,3849609.2,0,0,3849609.2,0,0,3849609.2,0,0,3849609.2,0,0,3849609.2,0,0,3849609.2,0,0,3849609.2,0,0,3849609.2,0,0,3849609.2,0,0,3849609.2,0,0,3849609.2,0,0,3849609.2,0,0,3849609.2,0,0,3849609.2,0,0,3849609.2,0,0,3849609.2,0,0,3849609.2,0,0,3849609.2,0,0,3849609.2,0,0,3849609.2,0,0,3849609.2,0,0,4812011.5,0,0,3849609.2,0,0,3849609.2,0,0,3849609.2,0,0,3849609.2,0,0,3849609.2,0,0,3849609.2,0,0,3849609.2
0,0,0,2020-05-18,COVSICKLE,0,0,0,0,0,0,0,0,0,0,0,0,0,0,0,0,0,0,0,0,0,0,0,0,0,0,0,0,0,0,0,0,0,0,0,0,0,0,0,0,0,0,0,0,0,0,0,0,0,0,3849609.2,0,0,3849609.2,0,0,3849609.2,0,0,4812011.5,0,0,4812011.5,0,0,4812011.5,0,0,3849609.2,0,0,3849609.2,0,0,3849609.2,0,0,3849609.2,0,0,3849609.2,0,0,3849609.2,0,0,3849609.2,0,0,3849609.2,0,0,3849609.2,0,0,3849609.2,0,0,4812011.5,0,0,4812011.5,0,0,3849609.2,0,0,3849609.2,0,0,3849609.2,0,0,3849609.2,0,0,3849609.2,0,0,3849609.2,0,0,3849609.2,0,0,3849609.2,0,0,3849609.2,0,0,3849609.2,0,0,3849609.2,0,0,3849609.2,0,0,3849609.2,0,0,3849609.2,0,0,3849609.2,0,0,3849609.2,0,0,3849609.2,0,0,3849609.2,0,0,3849609.2,0,0,3849609.2,0,0,3849609.2,0,0,3849609.2,0,0,4812011.5,0,0,3849609.2,0,0,3849609.2,0,0,3849609.2,0,0,3849609.2,0,0,3849609.2,0,0,3849609.2,0,0,3849609.2
0,0,0,2020-05-25,COVSICKLE,0,0,0,0,0,0,0,0,0,0,0,0,0,0,0,0,0,0,0,0,0,0,0,0,0,0,0,0,0,0,0,0,0,0,0,0,0,0,0,0,0,0,0,0,0,0,0,0,0,0,3849609.2,0,0,3849609.2,0,0,3849609.2,0,0,4812011.5,0,0,4812011.5,0,0,4812011.5,0,0,3849609.2,0,0,3849609.2,0,0,3849609.2,0,0,3849609.2,0,0,3849609.2,0,0,3849609.2,0,0,3849609.2,0,0,3849609.2,0,0,3849609.2,0,0,3849609.2,0,0,4812011.5,0,0,4812011.5,0,0,3849609.2,0,0,3849609.2,0,0,3849609.2,0,0,3849609.2,0,0,3849609.2,0,0,3849609.2,0,0,3849609.2,0,0,3849609.2,0,0,3849609.2,0,0,3849609.2,0,0,3849609.2,0,0,3849609.2,0,0,3849609.2,0,0,3849609.2,0,0,3849609.2,0,0,3849609.2,0,0,3849609.2,0,0,3849609.2,0,0,3849609.2,0,0,3849609.2,0,0,3849609.2,0,0,3849609.2,0,0,4812011.5,0,0,3849609.2,0,0,3849609.2,0,0,3849609.2,0,0,3849609.2,0,0,3849609.2,0,0,3849609.2,0,0,3849609.2
0,0,0,2020-06-01,COVSICKLE,0,0,0,0,0,0,0,0,0,0,0,0,0,0,0,0,0,0,0,0,0,0,0,0,0,0,0,0,0,0,0,0,0,0,0,0,0,0,0,0,0,0,0,0,0,0,0,0,0,0,3849609.2,0,0,3849609.2,0,0,3849609.2,0,0,4812011.5,0,0,4812011.5,0,0,4812011.5,0,0,3849609.2,0,0,3849609.2,0,0,3849609.2,0,0,3849609.2,0,0,3849609.2,0,0,3849609.2,0,0,3849609.2,0,0,3849609.2,0,0,3849609.2,0,0,3849609.2,0,0,4812011.5,0,0,4812011.5,0,0,3849609.2,0,0,3849609.2,0,0,3849609.2,0,0,3849609.2,0,0,3849609.2,0,0,3849609.2,0,0,3849609.2,0,0,3849609.2,0,0,3849609.2,0,0,3849609.2,0,0,3849609.2,0,0,3849609.2,0,0,3849609.2,0,0,3849609.2,0,0,3849609.2,0,0,3849609.2,0,0,3849609.2,0,0,3849609.2,0,0,3849609.2,0,0,3849609.2,0,0,3849609.2,0,0,3849609.2,0,0,4812011.5,0,0,3849609.2,0,0,3849609.2,0,0,3849609.2,0,0,3849609.2,0,0,3849609.2,0,0,3849609.2,0,0,3849609.2
0,0,0,2020-06-08,COVSICKLE,0,0,0,0,0,0,0,0,0,0,0,0,0,0,0,0,0,0,0,0,0,0,0,0,0,0,0,0,0,0,0,0,0,0,0,0,0,0,0,0,0,0,0,0,0,0,0,0,0,0,3849609.2,0,0,3849609.2,0,0,3849609.2,0,0,4812011.5,0,0,4812011.5,0,0,4812011.5,0,0,3849609.2,0,0,3849609.2,0,0,3849609.2,0,0,3849609.2,0,0,3849609.2,0,0,3849609.2,0,0,3849609.2,0,0,3849609.2,0,0,3849609.2,0,0,3849609.2,0,0,4812011.5,0,0,4812011.5,0,0,3849609.2,0,0,3849609.2,0,0,3849609.2,0,0,3849609.2,0,0,3849609.2,0,0,3849609.2,0,0,3849609.2,0,0,3849609.2,0,0,3849609.2,0,0,3849609.2,0,0,3849609.2,0,0,3849609.2,0,0,3849609.2,0,0,3849609.2,0,0,3849609.2,0,0,3849609.2,0,0,3849609.2,0,0,3849609.2,0,0,3849609.2,0,0,3849609.2,0,0,3849609.2,0,0,3849609.2,0,0,4812011.5,0,0,3849609.2,0,0,3849609.2,0,0,3849609.2,0,0,3849609.2,0,0,3849609.2,0,0,3849609.2,0,0,3849609.2
0,0,0,2020-06-15,COVSICKLE,0,0,0,0,0,0,0,0,0,0,0,0,0,0,0,0,0,0,0,0,0,0,0,0,0,0,0,0,0,0,0,0,0,0,0,0,0,0,0,0,0,0,0,0,0,0,0,0,0,0,3849609.2,0,0,3849609.2,0,0,3849609.2,0,0,4812011.5,0,0,4812011.5,0,0,4812011.5,0,0,3849609.2,0,0,3849609.2,0,0,3849609.2,0,0,3849609.2,0,0,3849609.2,0,0,3849609.2,0,0,3849609.2,0,0,3849609.2,0,0,3849609.2,0,0,3849609.2,0,0,4812011.5,0,0,4812011.5,0,0,3849609.2,0,0,3849609.2,0,0,3849609.2,0,0,3849609.2,0,0,3849609.2,0,0,3849609.2,0,0,3849609.2,0,0,3849609.2,0,0,3849609.2,0,0,3849609.2,0,0,3849609.2,0,0,3849609.2,0,0,3849609.2,0,0,3849609.2,0,0,3849609.2,0,0,3849609.2,0,0,3849609.2,0,0,3849609.2,0,0,3849609.2,0,0,3849609.2,0,0,3849609.2,0,0,3849609.2,0,0,4812011.5,0,0,3849609.2,0,0,3849609.2,0,0,3849609.2,0,0,3849609.2,0,0,3849609.2,0,0,3849609.2,0,0,3849609.2
0,0,0,2020-06-22,COVSICKLE,0,0,0,0,0,0,0,0,0,0,0,0,0,0,0,0,0,0,0,0,0,0,0,0,0,0,0,0,0,0,0,0,0,0,0,0,0,0,0,0,0,0,0,0,0,0,0,0,0,0,3849609.2,0,0,3849609.2,0,0,3849609.2,0,0,4812011.5,0,0,4812011.5,0,0,4812011.5,0,0,3849609.2,0,0,3849609.2,0,0,3849609.2,0,0,3849609.2,0,0,3849609.2,0,0,3849609.2,0,0,3849609.2,0,0,3849609.2,0,0,3849609.2,0,0,3849609.2,0,0,4812011.5,0,0,4812011.5,0,0,3849609.2,0,0,3849609.2,0,0,3849609.2,0,0,3849609.2,0,0,3849609.2,0,0,3849609.2,0,0,3849609.2,0,0,3849609.2,0,0,3849609.2,0,0,3849609.2,0,0,3849609.2,0,0,3849609.2,0,0,3849609.2,0,0,3849609.2,0,0,3849609.2,0,0,3849609.2,0,0,3849609.2,0,0,3849609.2,0,0,3849609.2,0,0,3849609.2,0,0,3849609.2,0,0,3849609.2,0,0,4812011.5,0,0,3849609.2,0,0,3849609.2,0,0,3849609.2,0,0,3849609.2,0,0,3849609.2,0,0,3849609.2,0,0,3849609.2
0,0,0,2020-06-29,COVSICKLE,0,0,0,0,0,0,0,0,0,0,0,0,0,0,0,0,0,0,0,0,0,0,0,0,0,0,0,0,0,0,0,0,0,0,0,0,0,0,0,0,0,0,0,0,0,0,0,0,0,0,3849609.2,0,0,3849609.2,0,0,3849609.2,0,0,4812011.5,0,0,4812011.5,0,0,4812011.5,0,0,3849609.2,0,0,3849609.2,0,0,3849609.2,0,0,3849609.2,0,0,3849609.2,0,0,3849609.2,0,0,3849609.2,0,0,3849609.2,0,0,3849609.2,0,0,3849609.2,0,0,4812011.5,0,0,4812011.5,0,0,3849609.2,0,0,3849609.2,0,0,3849609.2,0,0,3849609.2,0,0,3849609.2,0,0,3849609.2,0,0,3849609.2,0,0,3849609.2,0,0,3849609.2,0,0,3849609.2,0,0,3849609.2,0,0,3849609.2,0,0,3849609.2,0,0,3849609.2,0,0,3849609.2,0,0,3849609.2,0,0,3849609.2,0,0,3849609.2,0,0,3849609.2,0,0,3849609.2,0,0,3849609.2,0,0,3849609.2,0,0,4812011.5,0,0,3849609.2,0,0,3849609.2,0,0,3849609.2,0,0,3849609.2,0,0,3849609.2,0,0,3849609.2,0,0,3849609.2
0,0,0,2020-07-06,COVSICKLE,0,0,0,0,0,0,0,0,0,0,0,0,0,0,0,0,0,0,0,0,0,0,0,0,0,0,0,0,0,0,0,0,0,0,0,0,0,0,0,0,0,0,0,0,0,0,0,0,0,0,3849609.2,0,0,3849609.2,0,0,3849609.2,0,0,4812011.5,0,0,4812011.5,0,0,4812011.5,0,0,3849609.2,0,0,3849609.2,0,0,3849609.2,0,0,3849609.2,0,0,3849609.2,0,0,3849609.2,0,0,3849609.2,0,0,3849609.2,0,0,3849609.2,0,0,3849609.2,0,0,4812011.5,0,0,4812011.5,0,0,3849609.2,0,0,3849609.2,0,0,3849609.2,0,0,3849609.2,0,0,3849609.2,0,0,3849609.2,0,0,3849609.2,0,0,3849609.2,0,0,3849609.2,0,0,3849609.2,0,0,3849609.2,0,0,3849609.2,0,0,3849609.2,0,0,3849609.2,0,0,3849609.2,0,0,3849609.2,0,0,3849609.2,0,0,3849609.2,0,0,3849609.2,0,0,3849609.2,0,0,3849609.2,0,0,3849609.2,0,0,4812011.5,0,0,3849609.2,0,0,3849609.2,0,0,3849609.2,0,0,3849609.2,0,0,3849609.2,0,0,3849609.2,0,0,3849609.2
0,0,0,2020-07-13,COVSICKLE,0,0,0,0,0,0,0,0,0,0,0,0,0,0,0,0,0,0,0,0,0,0,0,0,0,0,0,0,0,0,0,0,0,0,0,0,0,0,0,0,0,0,0,0,0,0,0,0,0,0,3849609.2,0,0,3849609.2,0,0,3849609.2,0,0,4812011.5,0,0,4812011.5,0,0,4812011.5,0,0,3849609.2,0,0,3849609.2,0,0,3849609.2,0,0,3849609.2,0,0,3849609.2,0,0,3849609.2,0,0,3849609.2,0,0,3849609.2,0,0,3849609.2,0,0,3849609.2,0,0,4812011.5,0,0,4812011.5,0,0,3849609.2,0,0,3849609.2,0,0,3849609.2,0,0,3849609.2,0,0,3849609.2,0,0,3849609.2,0,0,3849609.2,0,0,3849609.2,0,0,3849609.2,0,0,3849609.2,0,0,3849609.2,0,0,3849609.2,0,0,3849609.2,0,0,3849609.2,0,0,3849609.2,0,0,3849609.2,0,0,3849609.2,0,0,3849609.2,0,0,3849609.2,0,0,3849609.2,0,0,3849609.2,0,0,3849609.2,0,0,4812011.5,0,0,3849609.2,0,0,3849609.2,0,0,3849609.2,0,0,3849609.2,0,0,3849609.2,0,0,3849609.2,0,0,3849609.2
0,0,0,2020-07-20,COVSICKLE,0,0,0,0,0,0,0,0,0,0,0,0,0,0,0,0,0,0,0,0,0,0,0,0,0,0,0,0,0,0,0,0,0,0,0,0,0,0,0,0,0,0,0,0,0,0,0,0,0,0,3849609.2,0,0,3849609.2,0,0,3849609.2,0,0,4812011.5,0,0,4812011.5,0,0,4812011.5,0,0,3849609.2,0,0,3849609.2,0,0,3849609.2,0,0,3849609.2,0,0,3849609.2,0,0,3849609.2,0,0,3849609.2,0,0,3849609.2,0,0,3849609.2,0,0,3849609.2,0,0,4812011.5,0,0,4812011.5,0,0,3849609.2,0,0,3849609.2,0,0,3849609.2,0,0,3849609.2,0,0,3849609.2,0,0,3849609.2,0,0,3849609.2,0,0,3849609.2,0,0,3849609.2,0,0,3849609.2,0,0,3849609.2,0,0,3849609.2,0,0,3849609.2,0,0,3849609.2,0,0,3849609.2,0,0,3849609.2,0,0,3849609.2,0,0,3849609.2,0,0,3849609.2,0,0,3849609.2,0,0,3849609.2,0,0,3849609.2,0,0,4812011.5,0,0,3849609.2,0,0,3849609.2,0,0,3849609.2,0,0,3849609.2,0,0,3849609.2,0,0,3849609.2,0,0,3849609.2
0,0,0,2020-07-27,COVSICKLE,0,0,0,0,0,0,0,0,0,0,0,0,0,0,0,0,0,0,0,0,0,0,0,0,0,0,0,0,0,0,0,0,0,0,0,0,0,0,0,0,0,0,0,0,0,0,0,0,0,0,3849609.2,0,0,3849609.2,0,0,3849609.2,0,0,4812011.5,0,0,4812011.5,0,0,4812011.5,0,0,3849609.2,0,0,3849609.2,0,0,3849609.2,0,0,3849609.2,0,0,3849609.2,0,0,3849609.2,0,0,3849609.2,0,0,3849609.2,0,0,3849609.2,0,0,3849609.2,0,0,4812011.5,0,0,4812011.5,0,0,3849609.2,0,0,3849609.2,0,0,3849609.2,0,0,3849609.2,0,0,3849609.2,0,0,3849609.2,0,0,3849609.2,0,0,3849609.2,0,0,3849609.2,0,0,3849609.2,0,0,3849609.2,0,0,3849609.2,0,0,3849609.2,0,0,3849609.2,0,0,3849609.2,0,0,3849609.2,0,0,3849609.2,0,0,3849609.2,0,0,3849609.2,0,0,3849609.2,0,0,3849609.2,0,0,3849609.2,0,0,4812011.5,0,0,3849609.2,0,0,3849609.2,0,0,3849609.2,0,0,3849609.2,0,0,3849609.2,0,0,3849609.2,0,0,3849609.2
0,0,0,2020-08-03,COVSICKLE,0,0,0,0,0,0,0,0,0,0,0,0,0,0,0,0,0,0,0,0,0,0,0,0,0,0,0,0,0,0,0,0,0,0,0,0,0,0,0,0,0,0,0,0,0,0,0,0,0,0,3849609.2,0,0,3849609.2,0,0,3849609.2,0,0,4812011.5,0,0,4812011.5,0,0,4812011.5,0,0,3849609.2,0,0,3849609.2,0,0,3849609.2,0,0,3849609.2,0,0,3849609.2,0,0,3849609.2,0,0,3849609.2,0,0,3849609.2,0,0,3849609.2,0,0,3849609.2,0,0,4812011.5,0,0,4812011.5,0,0,3849609.2,0,0,3849609.2,0,0,3849609.2,0,0,3849609.2,0,0,3849609.2,0,0,3849609.2,0,0,3849609.2,0,0,3849609.2,0,0,3849609.2,0,0,3849609.2,0,0,3849609.2,0,0,3849609.2,0,0,3849609.2,0,0,3849609.2,0,0,3849609.2,0,0,3849609.2,0,0,3849609.2,0,0,3849609.2,0,0,3849609.2,0,0,3849609.2,0,0,3849609.2,0,0,3849609.2,0,0,4812011.5,0,0,3849609.2,0,0,3849609.2,0,0,3849609.2,0,0,3849609.2,0,0,3849609.2,0,0,3849609.2,0,0,3849609.2
0,0,0,2020-08-10,COVSICKLE,0,0,0,0,0,0,0,0,0,0,0,0,0,0,0,0,0,0,0,0,0,0,0,0,0,0,0,0,0,0,0,0,0,0,0,0,0,0,0,0,0,0,0,0,0,0,0,0,0,0,3849609.2,0,0,3849609.2,0,0,3849609.2,0,0,4812011.5,0,0,4812011.5,0,0,4812011.5,0,0,3849609.2,0,0,3849609.2,0,0,3849609.2,0,0,3849609.2,0,0,3849609.2,0,0,3849609.2,0,0,3849609.2,0,0,3849609.2,0,0,3849609.2,0,0,3849609.2,0,0,4812011.5,0,0,4812011.5,0,0,3849609.2,0,0,3849609.2,0,0,3849609.2,0,0,3849609.2,0,0,3849609.2,0,0,3849609.2,0,0,3849609.2,0,0,3849609.2,0,0,3849609.2,0,0,3849609.2,0,0,3849609.2,0,0,3849609.2,0,0,3849609.2,0,0,3849609.2,0,0,3849609.2,0,0,3849609.2,0,0,3849609.2,0,0,3849609.2,0,0,3849609.2,0,0,3849609.2,0,0,3849609.2,0,0,3849609.2,0,0,4812011.5,0,0,3849609.2,0,0,3849609.2,0,0,3849609.2,0,0,3849609.2,0,0,3849609.2,0,0,3849609.2,0,0,3849609.2
0,0,0,2020-08-17,COVSICKLE,0,0,0,0,0,0,0,0,0,0,0,0,0,0,0,0,0,0,0,0,0,0,0,0,0,0,0,0,0,0,0,0,0,0,0,0,0,0,0,0,0,0,0,0,0,0,0,0,0,0,3849609.2,0,0,3849609.2,0,0,3849609.2,0,0,4812011.5,0,0,4812011.5,0,0,4812011.5,0,0,3849609.2,0,0,3849609.2,0,0,3849609.2,0,0,3849609.2,0,0,3849609.2,0,0,3849609.2,0,0,3849609.2,0,0,3849609.2,0,0,3849609.2,0,0,3849609.2,0,0,4812011.5,0,0,4812011.5,0,0,3849609.2,0,0,3849609.2,0,0,3849609.2,0,0,3849609.2,0,0,3849609.2,0,0,3849609.2,0,0,3849609.2,0,0,3849609.2,0,0,3849609.2,0,0,3849609.2,0,0,3849609.2,0,0,3849609.2,0,0,3849609.2,0,0,3849609.2,0,0,3849609.2,0,0,3849609.2,0,0,3849609.2,0,0,3849609.2,0,0,3849609.2,0,0,3849609.2,0,0,3849609.2,0,0,3849609.2,0,0,4812011.5,0,0,3849609.2,0,0,3849609.2,0,0,3849609.2,0,0,3849609.2,0,0,3849609.2,0,0,3849609.2,0,0,3849609.2
0,0,0,2020-08-24,COVSICKLE,0,0,0,0,0,0,0,0,0,0,0,0,0,0,0,0,0,0,0,0,0,0,0,0,0,0,0,0,0,0,0,0,0,0,0,0,0,0,0,0,0,0,0,0,0,0,0,0,0,0,3849609.2,0,0,3849609.2,0,0,3849609.2,0,0,4812011.5,0,0,4812011.5,0,0,4812011.5,0,0,3849609.2,0,0,3849609.2,0,0,3849609.2,0,0,3849609.2,0,0,3849609.2,0,0,3849609.2,0,0,3849609.2,0,0,3849609.2,0,0,3849609.2,0,0,3849609.2,0,0,4812011.5,0,0,4812011.5,0,0,3849609.2,0,0,3849609.2,0,0,3849609.2,0,0,3849609.2,0,0,3849609.2,0,0,3849609.2,0,0,3849609.2,0,0,3849609.2,0,0,3849609.2,0,0,3849609.2,0,0,3849609.2,0,0,3849609.2,0,0,3849609.2,0,0,3849609.2,0,0,3849609.2,0,0,3849609.2,0,0,3849609.2,0,0,3849609.2,0,0,3849609.2,0,0,3849609.2,0,0,3849609.2,0,0,3849609.2,0,0,4812011.5,0,0,3849609.2,0,0,3849609.2,0,0,3849609.2,0,0,3849609.2,0,0,3849609.2,0,0,3849609.2,0,0,3849609.2
0,0,0,2020-08-31,COVSICKLE,0,0,0,0,0,0,0,0,0,0,0,0,0,0,0,0,0,0,0,0,0,0,0,0,0,0,0,0,0,0,0,0,0,0,0,0,0,0,0,0,0,0,0,0,0,0,0,0,0,0,3849609.2,0,0,3849609.2,0,0,3849609.2,0,0,4812011.5,0,0,4812011.5,0,0,4812011.5,0,0,3849609.2,0,0,3849609.2,0,0,3849609.2,0,0,3849609.2,0,0,3849609.2,0,0,3849609.2,0,0,3849609.2,0,0,3849609.2,0,0,3849609.2,0,0,3849609.2,0,0,4812011.5,0,0,4812011.5,0,0,3849609.2,0,0,3849609.2,0,0,3849609.2,0,0,3849609.2,0,0,3849609.2,0,0,3849609.2,0,0,3849609.2,0,0,3849609.2,0,0,3849609.2,0,0,3849609.2,0,0,3849609.2,0,0,3849609.2,0,0,3849609.2,0,0,3849609.2,0,0,3849609.2,0,0,3849609.2,0,0,3849609.2,0,0,3849609.2,0,0,3849609.2,0,0,3849609.2,0,0,3849609.2,0,0,3849609.2,0,0,4812011.5,0,0,3849609.2,0,0,3849609.2,0,0,3849609.2,0,0,3849609.2,0,0,3849609.2,0,0,3849609.2,0,0,3849609.2
0,0,0,2020-09-07,COVSICKLE,0,0,0,0,0,0,0,0,0,0,0,0,0,0,0,0,0,0,0,0,0,0,0,0,0,0,0,0,0,0,0,0,0,0,0,0,0,0,0,0,0,0,0,0,0,0,0,0,0,0,3849609.2,0,0,3849609.2,0,0,3849609.2,0,0,4812011.5,0,0,4812011.5,0,0,4812011.5,0,0,3849609.2,0,0,3849609.2,0,0,3849609.2,0,0,3849609.2,0,0,3849609.2,0,0,3849609.2,0,0,3849609.2,0,0,3849609.2,0,0,3849609.2,0,0,3849609.2,0,0,4812011.5,0,0,4812011.5,0,0,3849609.2,0,0,3849609.2,0,0,3849609.2,0,0,3849609.2,0,0,3849609.2,0,0,3849609.2,0,0,3849609.2,0,0,3849609.2,0,0,3849609.2,0,0,3849609.2,0,0,3849609.2,0,0,3849609.2,0,0,3849609.2,0,0,3849609.2,0,0,3849609.2,0,0,3849609.2,0,0,3849609.2,0,0,3849609.2,0,0,3849609.2,0,0,3849609.2,0,0,3849609.2,0,0,3849609.2,0,0,4812011.5,0,0,3849609.2,0,0,3849609.2,0,0,3849609.2,0,0,3849609.2,0,0,3849609.2,0,0,3849609.2,0,0,3849609.2
0,0,0,2020-09-14,COVSICKLE,0,0,0,0,0,0,0,0,0,0,0,0,0,0,0,0,0,0,0,0,0,0,0,0,0,0,0,0,0,0,0,0,0,0,0,0,0,0,0,0,0,0,0,0,0,0,0,0,0,0,3849609.2,0,0,3849609.2,0,0,3849609.2,0,0,4812011.5,0,0,4812011.5,0,0,4812011.5,0,0,3849609.2,0,0,3849609.2,0,0,3849609.2,0,0,3849609.2,0,0,3849609.2,0,0,3849609.2,0,0,3849609.2,0,0,3849609.2,0,0,3849609.2,0,0,3849609.2,0,0,4812011.5,0,0,4812011.5,0,0,3849609.2,0,0,3849609.2,0,0,3849609.2,0,0,3849609.2,0,0,3849609.2,0,0,3849609.2,0,0,3849609.2,0,0,3849609.2,0,0,3849609.2,0,0,3849609.2,0,0,3849609.2,0,0,3849609.2,0,0,3849609.2,0,0,3849609.2,0,0,3849609.2,0,0,3849609.2,0,0,3849609.2,0,0,3849609.2,0,0,3849609.2,0,0,3849609.2,0,0,3849609.2,0,0,3849609.2,0,0,4812011.5,0,0,3849609.2,0,0,3849609.2,0,0,3849609.2,0,0,3849609.2,0,0,3849609.2,0,0,3849609.2,0,0,3849609.2
0,0,0,2020-09-21,COVSICKLE,0,0,0,0,0,0,0,0,0,0,0,0,0,0,0,0,0,0,0,0,0,0,0,0,0,0,0,0,0,0,0,0,0,0,0,0,0,0,0,0,0,0,0,0,0,0,0,0,0,0,3849609.2,0,0,3849609.2,0,0,3849609.2,0,0,4812011.5,0,0,4812011.5,0,0,4812011.5,0,0,3849609.2,0,0,3849609.2,0,0,3849609.2,0,0,3849609.2,0,0,3849609.2,0,0,3849609.2,0,0,3849609.2,0,0,3849609.2,0,0,3849609.2,0,0,3849609.2,0,0,4812011.5,0,0,4812011.5,0,0,3849609.2,0,0,3849609.2,0,0,3849609.2,0,0,3849609.2,0,0,3849609.2,0,0,3849609.2,0,0,3849609.2,0,0,3849609.2,0,0,3849609.2,0,0,3849609.2,0,0,3849609.2,0,0,3849609.2,0,0,3849609.2,0,0,3849609.2,0,0,3849609.2,0,0,3849609.2,0,0,3849609.2,0,0,3849609.2,0,0,3849609.2,0,0,3849609.2,0,0,3849609.2,0,0,3849609.2,0,0,4812011.5,0,0,3849609.2,0,0,3849609.2,0,0,3849609.2,0,0,3849609.2,0,0,3849609.2,0,0,3849609.2,0,0,3849609.2
0,0,0,2020-09-28,COVSICKLE,0,0,0,0,0,0,0,0,0,0,0,0,0,0,0,0,0,0,0,0,0,0,0,0,0,0,0,0,0,0,0,0,0,0,0,0,0,0,0,0,0,0,0,0,0,0,0,0,0,0,3849609.2,0,0,3849609.2,0,0,3849609.2,0,0,4812011.5,0,0,4812011.5,0,0,4812011.5,0,0,3849609.2,0,0,3849609.2,0,0,3849609.2,0,0,3849609.2,0,0,3849609.2,0,0,3849609.2,0,0,3849609.2,0,0,3849609.2,0,0,3849609.2,0,0,3849609.2,0,0,4812011.5,0,0,4812011.5,0,0,3849609.2,0,0,3849609.2,0,0,3849609.2,0,0,3849609.2,0,0,3849609.2,0,0,3849609.2,0,0,3849609.2,0,0,3849609.2,0,0,3849609.2,0,0,3849609.2,0,0,3849609.2,0,0,3849609.2,0,0,3849609.2,0,0,3849609.2,0,0,3849609.2,0,0,3849609.2,0,0,3849609.2,0,0,3849609.2,0,0,3849609.2,0,0,3849609.2,0,0,3849609.2,0,0,3849609.2,0,0,4812011.5,0,0,3849609.2,0,0,3849609.2,0,0,3849609.2,0,0,3849609.2,0,0,3849609.2,0,0,3849609.2,0,0,3849609.2
0,0,0,2020-10-05,COVSICKLE,0,0,0,0,0,0,0,0,0,0,0,0,0,0,0,0,0,0,0,0,0,0,0,0,0,0,0,0,0,0,0,0,0,0,0,0,0,1,0,0,0,0,0,0,0,0,0,0,0,0,3849609.2,0,0,3849609.2,0,0,3849609.2,0,0,4812011.5,0,0,4812011.5,0,0,4812011.5,0,0,3849609.2,0,0,3849609.2,0,0,3849609.2,0,0,3849609.2,0,0,3849609.2,0,0,3849609.2,0,0,3849609.2,0,0,3849609.2,0,0,3849609.2,0,0,3849609.2,0,0,4812011.5,0,0,4812011.5,0,0,3849609.2,0,0,3849609.2,0,0,3849609.2,0,0,3849609.2,0,0,3849609.2,0,0,3849609.2,0,0,3849609.2,0,0,3849609.2,0,0,3849609.2,0,0,3849609.2,0,0,3849609.2,0,0,3849609.2,0,0,3849609.2,0,0,3849609.2,0,0,3849609.2,0,0,3849609.2,0,0,3849609.2,0,0,3849609.2,0,0,3849609.2,0,0,3849609.2,0,0,3849609.2,0,0,3849609.2,1461000,36989.32,8140170.99,0,0,3849609.2,0,0,3849609.2,0,0,3849609.2,0,0,3849609.2,0,0,3849609.2,0,0,3849609.2,0,0,3849609.2
0,0,0,2020-10-12,COVSICKLE,0,0,0,0,0,0,0,0,0,0,0,0,0,0,0,0,0,0,0,0,0,0,0,0,0,0,0,0,0,0,0,0,0,0,0,0,0,0,0,0,0,0,0,0,0,0,0,0,0,0,3849609.2,0,0,3849609.2,0,0,3849609.2,0,0,4812011.5,0,0,4812011.5,0,0,4812011.5,0,0,3849609.2,0,0,3849609.2,0,0,3849609.2,0,0,3849609.2,0,0,3849609.2,0,0,3849609.2,0,0,3849609.2,0,0,3849609.2,0,0,3849609.2,0,0,3849609.2,0,0,4812011.5,0,0,4812011.5,0,0,3849609.2,0,0,3849609.2,0,0,3849609.2,0,0,3849609.2,0,0,3849609.2,0,0,3849609.2,0,0,3849609.2,0,0,3849609.2,0,0,3849609.2,0,0,3849609.2,0,0,3849609.2,0,0,3849609.2,0,0,3849609.2,0,0,3849609.2,0,0,3849609.2,0,0,3849609.2,0,0,3849609.2,0,0,3849609.2,0,0,3849609.2,0,0,3849609.2,0,0,3849609.2,0,0,3849609.2,0,0,6416015.34,0,0,3849609.2,0,0,3849609.2,0,0,3849609.2,0,0,3849609.2,0,0,3849609.2,0,0,3849609.2,0,0,3849609.2
0,0,0,2020-10-19,COVSICKLE,0,0,0,0,0,0,0,0,0,0,0,0,0,0,0,0,0,0,0,0,0,0,0,0,0,0,0,0,0,0,0,0,0,0,0,0,0,0,0,0,0,0,0,0,0,0,0,0,0,0,3849609.2,0,0,3849609.2,0,0,3849609.2,0,0,4812011.5,0,0,4812011.5,0,0,4812011.5,0,0,3849609.2,0,0,3849609.2,0,0,3849609.2,0,0,3849609.2,0,0,3849609.2,0,0,3849609.2,0,0,3849609.2,0,0,3849609.2,0,0,3849609.2,0,0,3849609.2,0,0,4812011.5,0,0,4812011.5,0,0,3849609.2,0,0,3849609.2,0,0,3849609.2,0,0,3849609.2,0,0,3849609.2,0,0,3849609.2,0,0,3849609.2,0,0,3849609.2,0,0,3849609.2,0,0,3849609.2,0,0,3849609.2,0,0,3849609.2,0,0,3849609.2,0,0,3849609.2,0,0,3849609.2,0,0,3849609.2,0,0,3849609.2,0,0,3849609.2,0,0,3849609.2,0,0,3849609.2,0,0,3849609.2,0,0,3849609.2,0,0,6416015.34,0,0,3849609.2,0,0,3849609.2,0,0,3849609.2,0,0,3849609.2,0,0,3849609.2,0,0,3849609.2,0,0,3849609.2
0,0,0,2020-10-26,COVSICKLE,0,0,0,0,0,0,0,0,0,0,0,0,0,0,0,0,0,0,0,0,0,0,0,0,0,0,0,0,0,0,0,0,0,0,0,0,0,0,0,0,0,0,0,0,0,0,0,0,0,0,3849609.2,0,0,3849609.2,0,0,3849609.2,0,0,4812011.5,0,0,4812011.5,0,0,4812011.5,0,0,3849609.2,0,0,3849609.2,0,0,3849609.2,0,0,3849609.2,0,0,3849609.2,0,0,3849609.2,0,0,3849609.2,0,0,3849609.2,0,0,3849609.2,0,0,3849609.2,0,0,4812011.5,0,0,4812011.5,0,0,3849609.2,0,0,3849609.2,0,0,3849609.2,0,0,3849609.2,0,0,3849609.2,0,0,3849609.2,0,0,3849609.2,0,0,3849609.2,0,0,3849609.2,0,0,3849609.2,0,0,3849609.2,0,0,3849609.2,0,0,3849609.2,0,0,3849609.2,0,0,3849609.2,0,0,3849609.2,0,0,3849609.2,0,0,3849609.2,0,0,3849609.2,0,0,3849609.2,0,0,3849609.2,0,0,3849609.2,0,0,6416015.34,0,0,3849609.2,0,0,3849609.2,0,0,3849609.2,0,0,3849609.2,0,0,3849609.2,0,0,3849609.2,0,0,3849609.2
0,0,0,2020-11-02,COVSICKLE,0,0,0,0,0,0,0,0,0,0,0,0,0,0,0,0,0,0,0,0,0,0,0,0,0,0,0,0,0,0,0,0,0,0,0,0,0,0,0,0,0,0,0,0,0,0,0,0,0,0,3849609.2,0,0,3849609.2,0,0,3849609.2,0,0,4812011.5,0,0,4812011.5,0,0,4812011.5,0,0,3849609.2,0,0,3849609.2,0,0,3849609.2,0,0,3849609.2,0,0,3849609.2,0,0,3849609.2,0,0,3849609.2,0,0,3849609.2,0,0,3849609.2,0,0,3849609.2,0,0,4812011.5,0,0,4812011.5,0,0,3849609.2,0,0,3849609.2,0,0,3849609.2,0,0,3849609.2,0,0,3849609.2,0,0,3849609.2,0,0,3849609.2,0,0,3849609.2,0,0,3849609.2,0,0,3849609.2,0,0,3849609.2,0,0,3849609.2,0,0,3849609.2,0,0,3849609.2,0,0,3849609.2,0,0,3849609.2,0,0,3849609.2,0,0,3849609.2,0,0,3849609.2,0,0,3849609.2,0,0,3849609.2,0,0,3849609.2,0,0,6416015.34,0,0,3849609.2,0,0,3849609.2,0,0,3849609.2,0,0,3849609.2,0,0,3849609.2,0,0,3849609.2,0,0,3849609.2
0,0,0,2020-11-09,COVSICKLE,0,0,0,0,0,0,0,0,0,0,0,0,0,0,0,0,0,0,0,0,0,0,0,0,0,0,0,0,0,0,0,0,0,0,0,0,0,0,0,0,0,0,0,0,0,0,0,0,0,0,3849609.2,0,0,3849609.2,0,0,3849609.2,0,0,4812011.5,0,0,4812011.5,0,0,4812011.5,0,0,3849609.2,0,0,3849609.2,0,0,3849609.2,0,0,3849609.2,0,0,3849609.2,0,0,3849609.2,0,0,3849609.2,0,0,3849609.2,0,0,3849609.2,0,0,3849609.2,0,0,4812011.5,0,0,4812011.5,0,0,3849609.2,0,0,3849609.2,0,0,3849609.2,0,0,3849609.2,0,0,3849609.2,0,0,3849609.2,0,0,3849609.2,0,0,3849609.2,0,0,3849609.2,0,0,3849609.2,0,0,3849609.2,0,0,3849609.2,0,0,3849609.2,0,0,3849609.2,0,0,3849609.2,0,0,3849609.2,0,0,3849609.2,0,0,3849609.2,0,0,3849609.2,0,0,3849609.2,0,0,3849609.2,0,0,3849609.2,0,0,6416015.34,0,0,3849609.2,0,0,3849609.2,0,0,3849609.2,0,0,3849609.2,0,0,3849609.2,0,0,3849609.2,0,0,3849609.2
0,0,0,2020-11-16,COVSICKLE,0,0,0,0,0,0,0,0,0,0,0,0,0,0,0,0,0,0,0,0,0,0,0,0,0,0,0,0,0,0,0,0,0,0,0,0,0,0,0,0,0,0,0,0,0,0,0,0,0,0,3849609.2,0,0,3849609.2,0,0,3849609.2,0,0,4812011.5,0,0,4812011.5,0,0,4812011.5,0,0,3849609.2,0,0,3849609.2,0,0,3849609.2,0,0,3849609.2,0,0,3849609.2,0,0,3849609.2,0,0,3849609.2,0,0,3849609.2,0,0,3849609.2,0,0,3849609.2,0,0,4812011.5,0,0,4812011.5,0,0,3849609.2,0,0,3849609.2,0,0,3849609.2,0,0,3849609.2,0,0,3849609.2,0,0,3849609.2,0,0,3849609.2,0,0,3849609.2,0,0,3849609.2,0,0,3849609.2,0,0,3849609.2,0,0,3849609.2,0,0,3849609.2,0,0,3849609.2,0,0,3849609.2,0,0,3849609.2,0,0,3849609.2,0,0,3849609.2,0,0,3849609.2,0,0,3849609.2,0,0,3849609.2,0,0,3849609.2,0,0,6416015.34,0,0,3849609.2,0,0,3849609.2,0,0,3849609.2,0,0,3849609.2,0,0,3849609.2,0,0,3849609.2,0,0,3849609.2
0,0,0,2020-11-23,COVSICKLE,0,0,0,0,0,0,0,0,0,0,0,0,0,0,0,0,0,0,0,0,0,0,0,0,0,0,0,0,0,0,0,0,0,0,0,0,0,0,0,0,0,0,0,0,0,0,0,0,0,0,3849609.2,0,0,3849609.2,0,0,3849609.2,0,0,4812011.5,0,0,4812011.5,0,0,4812011.5,0,0,3849609.2,0,0,3849609.2,0,0,3849609.2,0,0,3849609.2,0,0,3849609.2,0,0,3849609.2,0,0,3849609.2,0,0,3849609.2,0,0,3849609.2,0,0,3849609.2,0,0,4812011.5,0,0,4812011.5,0,0,3849609.2,0,0,3849609.2,0,0,3849609.2,0,0,3849609.2,0,0,3849609.2,0,0,3849609.2,0,0,3849609.2,0,0,3849609.2,0,0,3849609.2,0,0,3849609.2,0,0,3849609.2,0,0,3849609.2,0,0,3849609.2,0,0,3849609.2,0,0,3849609.2,0,0,3849609.2,0,0,3849609.2,0,0,3849609.2,0,0,3849609.2,0,0,3849609.2,0,0,3849609.2,0,0,3849609.2,0,0,6416015.34,0,0,3849609.2,0,0,3849609.2,0,0,3849609.2,0,0,3849609.2,0,0,3849609.2,0,0,3849609.2,0,0,3849609.2
0,0,0,2020-11-30,COVSICKLE,0,0,0,0,0,0,0,0,0,0,0,0,0,0,0,0,0,0,0,0,0,0,0,0,0,0,0,0,0,0,0,0,0,0,0,0,0,0,0,0,0,0,0,0,0,0,0,0,0,0,3849609.2,0,0,3849609.2,0,0,3849609.2,0,0,4812011.5,0,0,4812011.5,0,0,4812011.5,0,0,3849609.2,0,0,3849609.2,0,0,3849609.2,0,0,3849609.2,0,0,3849609.2,0,0,3849609.2,0,0,3849609.2,0,0,3849609.2,0,0,3849609.2,0,0,3849609.2,0,0,4812011.5,0,0,4812011.5,0,0,3849609.2,0,0,3849609.2,0,0,3849609.2,0,0,3849609.2,0,0,3849609.2,0,0,3849609.2,0,0,3849609.2,0,0,3849609.2,0,0,3849609.2,0,0,3849609.2,0,0,3849609.2,0,0,3849609.2,0,0,3849609.2,0,0,3849609.2,0,0,3849609.2,0,0,3849609.2,0,0,3849609.2,0,0,3849609.2,0,0,3849609.2,0,0,3849609.2,0,0,3849609.2,0,0,3849609.2,0,0,6416015.34,0,0,3849609.2,0,0,3849609.2,0,0,3849609.2,0,0,3849609.2,0,0,3849609.2,0,0,3849609.2,0,0,3849609.2
0,0,0,2020-12-07,COVSICKLE,0,0,0,0,0,0,0,0,0,0,0,0,0,0,0,0,0,0,0,0,0,0,0,0,0,0,0,0,0,0,0,0,0,0,0,0,0,0,0,0,0,0,0,0,0,0,0,0,0,0,3849609.2,0,0,3849609.2,0,0,3849609.2,0,0,4812011.5,0,0,4812011.5,0,0,4812011.5,0,0,3849609.2,0,0,3849609.2,0,0,3849609.2,0,0,3849609.2,0,0,3849609.2,0,0,3849609.2,0,0,3849609.2,0,0,3849609.2,0,0,3849609.2,0,0,3849609.2,0,0,4812011.5,0,0,4812011.5,0,0,3849609.2,0,0,3849609.2,0,0,3849609.2,0,0,3849609.2,0,0,3849609.2,0,0,3849609.2,0,0,3849609.2,0,0,3849609.2,0,0,3849609.2,0,0,3849609.2,0,0,3849609.2,0,0,3849609.2,0,0,3849609.2,0,0,3849609.2,0,0,3849609.2,0,0,3849609.2,0,0,3849609.2,0,0,3849609.2,0,0,3849609.2,0,0,3849609.2,0,0,3849609.2,0,0,3849609.2,0,0,6416015.34,0,0,3849609.2,0,0,3849609.2,0,0,3849609.2,0,0,3849609.2,0,0,3849609.2,0,0,3849609.2,0,0,3849609.2
0,0,0,2020-12-14,COVSICKLE,0,0,0,0,0,0,0,0,0,0,0,0,0,0,0,0,0,0,0,0,0,0,0,0,0,0,0,0,0,0,0,0,0,0,0,0,0,0,0,0,0,0,0,0,0,0,0,0,0,0,3849609.2,0,0,3849609.2,0,0,3849609.2,0,0,4812011.5,0,0,4812011.5,0,0,4812011.5,0,0,3849609.2,0,0,3849609.2,0,0,3849609.2,0,0,3849609.2,0,0,3849609.2,0,0,3849609.2,0,0,3849609.2,0,0,3849609.2,0,0,3849609.2,0,0,3849609.2,0,0,4812011.5,0,0,4812011.5,0,0,3849609.2,0,0,3849609.2,0,0,3849609.2,0,0,3849609.2,0,0,3849609.2,0,0,3849609.2,0,0,3849609.2,0,0,3849609.2,0,0,3849609.2,0,0,3849609.2,0,0,3849609.2,0,0,3849609.2,0,0,3849609.2,0,0,3849609.2,0,0,3849609.2,0,0,3849609.2,0,0,3849609.2,0,0,3849609.2,0,0,3849609.2,0,0,3849609.2,0,0,3849609.2,0,0,3849609.2,0,0,6416015.34,0,0,3849609.2,0,0,3849609.2,0,0,3849609.2,0,0,3849609.2,0,0,3849609.2,0,0,3849609.2,0,0,3849609.2
0,0,0,2020-12-21,COVSICKLE,0,0,0,0,0,0,0,0,0,0,0,0,0,0,0,0,0,0,0,0,0,0,0,0,0,0,0,0,0,0,0,0,0,0,0,0,0,0,0,0,0,0,0,0,0,0,0,0,0,0,3849609.2,0,0,3849609.2,0,0,3849609.2,0,0,4812011.5,0,0,4812011.5,0,0,4812011.5,0,0,3849609.2,0,0,3849609.2,0,0,3849609.2,0,0,3849609.2,0,0,3849609.2,0,0,3849609.2,0,0,3849609.2,0,0,3849609.2,0,0,3849609.2,0,0,3849609.2,0,0,4812011.5,0,0,4812011.5,0,0,3849609.2,0,0,3849609.2,0,0,3849609.2,0,0,3849609.2,0,0,3849609.2,0,0,3849609.2,0,0,3849609.2,0,0,3849609.2,0,0,3849609.2,0,0,3849609.2,0,0,3849609.2,0,0,3849609.2,0,0,3849609.2,0,0,3849609.2,0,0,3849609.2,0,0,3849609.2,0,0,3849609.2,0,0,3849609.2,0,0,3849609.2,0,0,3849609.2,0,0,3849609.2,0,0,3849609.2,0,0,6416015.34,0,0,3849609.2,0,0,3849609.2,0,0,3849609.2,0,0,3849609.2,0,0,3849609.2,0,0,3849609.2,0,0,3849609.2
0,0,0,2020-12-28,COVSICKLE,0,0,0,0,0,0,0,0,0,0,0,0,0,0,0,0,0,0,0,0,0,0,0,0,0,0,0,0,0,0,0,0,0,0,0,0,0,0,0,0,0,0,0,0,0,0,0,0,0,0,3849609.2,0,0,3849609.2,0,0,3849609.2,0,0,4812011.5,0,0,4812011.5,0,0,4812011.5,0,0,3849609.2,0,0,3849609.2,0,0,3849609.2,0,0,3849609.2,0,0,3849609.2,0,0,3849609.2,0,0,3849609.2,0,0,3849609.2,0,0,3849609.2,0,0,3849609.2,0,0,4812011.5,0,0,4812011.5,0,0,3849609.2,0,0,3849609.2,0,0,3849609.2,0,0,3849609.2,0,0,3849609.2,0,0,3849609.2,0,0,3849609.2,0,0,3849609.2,0,0,3849609.2,0,0,3849609.2,0,0,3849609.2,0,0,3849609.2,0,0,3849609.2,0,0,3849609.2,0,0,3849609.2,0,0,3849609.2,0,0,3849609.2,0,0,3849609.2,0,0,3849609.2,0,0,3849609.2,0,0,3849609.2,0,0,3849609.2,0,0,6416015.34,0,0,3849609.2,0,0,3849609.2,0,0,3849609.2,0,0,3849609.2,0,0,3849609.2,0,0,3849609.2,0,0,3849609.2
0,0,0,2021-01-04,COVSICKLE,0,0,0,0,0,0,0,0,0,0,0,0,0,0,0,0,0,0,0,0,0,0,0,0,0,0,0,0,0,0,0,0,0,0,0,0,0,0,0,0,0,0,0,0,0,0,0,0,0,0,3849609.2,0,0,3849609.2,0,0,3849609.2,0,0,4812011.5,0,0,4812011.5,0,0,4812011.5,0,0,3849609.2,0,0,3849609.2,0,0,3849609.2,0,0,3849609.2,0,0,3849609.2,0,0,3849609.2,0,0,3849609.2,0,0,3849609.2,0,0,3849609.2,0,0,3849609.2,0,0,4812011.5,0,0,4812011.5,0,0,3849609.2,0,0,3849609.2,0,0,3849609.2,0,0,3849609.2,0,0,3849609.2,0,0,3849609.2,0,0,3849609.2,0,0,3849609.2,0,0,3849609.2,0,0,3849609.2,0,0,3849609.2,0,0,3849609.2,0,0,3849609.2,0,0,3849609.2,0,0,3849609.2,0,0,3849609.2,0,0,3849609.2,0,0,3849609.2,0,0,3849609.2,0,0,3849609.2,0,0,3849609.2,0,0,3849609.2,0,0,6416015.34,0,0,3849609.2,0,0,3849609.2,0,0,3849609.2,0,0,3849609.2,0,0,3849609.2,0,0,3849609.2,0,0,3849609.2
0,0,0,2021-01-11,COVSICKLE,0,0,0,0,0,0,0,0,0,0,0,0,0,0,0,0,0,0,0,0,0,0,0,0,0,0,0,0,0,0,0,0,0,0,0,0,0,0,0,0,0,0,0,0,0,0,0,0,0,0,3849609.2,0,0,3849609.2,0,0,3849609.2,0,0,4812011.5,0,0,4812011.5,0,0,4812011.5,0,0,3849609.2,0,0,3849609.2,0,0,3849609.2,0,0,3849609.2,0,0,3849609.2,0,0,3849609.2,0,0,3849609.2,0,0,3849609.2,0,0,3849609.2,0,0,3849609.2,0,0,4812011.5,0,0,4812011.5,0,0,3849609.2,0,0,3849609.2,0,0,3849609.2,0,0,3849609.2,0,0,3849609.2,0,0,3849609.2,0,0,3849609.2,0,0,3849609.2,0,0,3849609.2,0,0,3849609.2,0,0,3849609.2,0,0,3849609.2,0,0,3849609.2,0,0,3849609.2,0,0,3849609.2,0,0,3849609.2,0,0,3849609.2,0,0,3849609.2,0,0,3849609.2,0,0,3849609.2,0,0,3849609.2,0,0,3849609.2,0,0,6416015.34,0,0,3849609.2,0,0,3849609.2,0,0,3849609.2,0,0,3849609.2,0,0,3849609.2,0,0,3849609.2,0,0,3849609.2
0,0,0,2021-01-18,COVSICKLE,0,0,0,0,0,0,0,0,0,0,0,0,0,0,0,0,0,0,0,0,0,0,0,0,0,0,0,0,0,0,0,0,0,0,0,0,0,1,0,0,0,0,0,0,0,0,0,0,0,0,3849609.2,0,0,3849609.2,0,0,3849609.2,0,0,4812011.5,0,0,4812011.5,0,0,4812011.5,0,0,3849609.2,0,0,3849609.2,0,0,3849609.2,0,0,3849609.2,0,0,3849609.2,0,0,3849609.2,0,0,3849609.2,0,0,3849609.2,0,0,3849609.2,0,0,3849609.2,0,0,4812011.5,0,0,4812011.5,0,0,3849609.2,0,0,3849609.2,0,0,3849609.2,0,0,3849609.2,0,0,3849609.2,0,0,3849609.2,0,0,3849609.2,0,0,3849609.2,0,0,3849609.2,0,0,3849609.2,0,0,3849609.2,0,0,3849609.2,0,0,3849609.2,0,0,3849609.2,0,0,3849609.2,0,0,3849609.2,0,0,3849609.2,0,0,3849609.2,0,0,3849609.2,0,0,3849609.2,0,0,3849609.2,0,0,3849609.2,1922368.42,48670.15,10710751.31,0,0,3849609.2,0,0,3849609.2,0,0,3849609.2,0,0,3849609.2,0,0,3849609.2,0,0,3849609.2,0,0,3849609.2
0,0,0,2021-01-25,COVSICKLE,0,0,0,0,0,0,0,0,0,0,0,0,0,0,0,0,0,0,0,0,0,0,0,0,0,0,0,0,0,0,0,0,0,0,0,0,0,0,0,0,0,0,0,0,0,0,0,0,0,0,3849609.2,0,0,3849609.2,0,0,3849609.2,0,0,4812011.5,0,0,4812011.5,0,0,4812011.5,0,0,3849609.2,0,0,3849609.2,0,0,3849609.2,0,0,3849609.2,0,0,3849609.2,0,0,3849609.2,0,0,3849609.2,0,0,3849609.2,0,0,3849609.2,0,0,3849609.2,0,0,4812011.5,0,0,4812011.5,0,0,3849609.2,0,0,3849609.2,0,0,3849609.2,0,0,3849609.2,0,0,3849609.2,0,0,3849609.2,0,0,3849609.2,0,0,3849609.2,0,0,3849609.2,0,0,3849609.2,0,0,3849609.2,0,0,3849609.2,0,0,3849609.2,0,0,3849609.2,0,0,3849609.2,0,0,3849609.2,0,0,3849609.2,0,0,3849609.2,0,0,3849609.2,0,0,3849609.2,0,0,3849609.2,0,0,3849609.2,0,0,9624023,0,0,3849609.2,0,0,3849609.2,0,0,3849609.2,0,0,3849609.2,0,0,3849609.2,0,0,3849609.2,0,0,3849609.2
0,0,0,2021-02-01,COVSICKLE,0,0,0,0,0,0,0,0,0,0,0,0,0,0,0,0,0,0,0,0,0,0,0,0,0,0,0,0,0,0,0,0,0,0,0,0,0,0,0,0,0,0,0,0,0,0,0,0,0,0,3849609.2,0,0,3849609.2,0,0,3849609.2,0,0,4812011.5,0,0,4812011.5,0,0,4812011.5,0,0,3849609.2,0,0,3849609.2,0,0,3849609.2,0,0,3849609.2,0,0,3849609.2,0,0,3849609.2,0,0,3849609.2,0,0,3849609.2,0,0,3849609.2,0,0,3849609.2,0,0,4812011.5,0,0,4812011.5,0,0,3849609.2,0,0,3849609.2,0,0,3849609.2,0,0,3849609.2,0,0,3849609.2,0,0,3849609.2,0,0,3849609.2,0,0,3849609.2,0,0,3849609.2,0,0,3849609.2,0,0,3849609.2,0,0,3849609.2,0,0,3849609.2,0,0,3849609.2,0,0,3849609.2,0,0,3849609.2,0,0,3849609.2,0,0,3849609.2,0,0,3849609.2,0,0,3849609.2,0,0,3849609.2,0,0,3849609.2,0,0,9624023,0,0,3849609.2,0,0,3849609.2,0,0,3849609.2,0,0,3849609.2,0,0,3849609.2,0,0,3849609.2,0,0,3849609.2
0,0,0,2021-02-08,COVSICKLE,0,0,0,0,0,0,0,0,0,0,0,0,0,0,0,0,0,0,0,0,0,0,0,0,0,0,0,0,0,0,0,0,0,0,0,0,0,0,0,0,0,0,0,0,0,0,0,0,0,0,3849609.2,0,0,3849609.2,0,0,3849609.2,0,0,4812011.5,0,0,4812011.5,0,0,4812011.5,0,0,3849609.2,0,0,3849609.2,0,0,3849609.2,0,0,3849609.2,0,0,3849609.2,0,0,3849609.2,0,0,3849609.2,0,0,3849609.2,0,0,3849609.2,0,0,3849609.2,0,0,4812011.5,0,0,4812011.5,0,0,3849609.2,0,0,3849609.2,0,0,3849609.2,0,0,3849609.2,0,0,3849609.2,0,0,3849609.2,0,0,3849609.2,0,0,3849609.2,0,0,3849609.2,0,0,3849609.2,0,0,3849609.2,0,0,3849609.2,0,0,3849609.2,0,0,3849609.2,0,0,3849609.2,0,0,3849609.2,0,0,3849609.2,0,0,3849609.2,0,0,3849609.2,0,0,3849609.2,0,0,3849609.2,0,0,3849609.2,0,0,9624023,0,0,3849609.2,0,0,3849609.2,0,0,3849609.2,0,0,3849609.2,0,0,3849609.2,0,0,3849609.2,0,0,3849609.2
0,0,0,2021-02-15,COVSICKLE,0,0,0,0,0,0,0,0,0,0,0,0,0,0,0,0,0,0,0,0,0,0,0,0,0,0,0,0,0,0,0,0,0,0,0,0,0,0,0,0,0,0,0,0,0,0,0,0,0,0,3962833,0,0,3962833,0,0,3962833,0,0,4990234.15,0,0,4990234.15,0,0,4990234.15,0,0,3962833,0,0,3962833,0,0,3962833,0,0,3962833,0,0,3962833,0,0,3962833,0,0,3962833,0,0,3962833,0,0,3962833,0,0,3962833,0,0,4990234.15,0,0,4990234.15,0,0,3962833,0,0,3962833,0,0,3962833,0,0,3962833,0,0,3962833,0,0,3962833,0,0,3962833,0,0,3962833,0,0,3962833,0,0,3962833,0,0,3962833,0,0,3962833,0,0,3962833,0,0,3962833,0,0,3962833,0,0,3962833,0,0,3962833,0,0,3962833,0,0,3962833,0,0,3962833,0,0,3962833,0,0,3962833,0,0,10364332.47,0,0,3962833,0,0,3962833,0,0,3962833,0,0,3962833,0,0,3962833,0,0,3962833,0,0,3962833
0,1,Pfizer,2021-02-15,COVSICKLE,0,0,0,0,0,0,0,0,0,0,0,0,0,0,0,0,0,0,0,0,0,0,0,0,0,0,0,0,0,0,0,0,0,0,0,0,0,0,0,0,0,0,0,0,0,0,0,0,0,0,134736322.06,0,0,134736322.06,0,0,134736322.06,0,0,134736322.06,0,0,134736322.06,0,0,134736322.06,0,0,134736322.06,0,0,134736322.06,0,0,134736322.06,0,0,134736322.06,0,0,134736322.06,0,0,134736322.06,0,0,134736322.06,0,0,134736322.06,0,0,134736322.06,0,0,134736322.06,0,0,134736322.06,0,0,134736322.06,0,0,134736322.06,0,0,134736322.06,0,0,134736322.06,0,0,134736322.06,0,0,134736322.06,0,0,134736322.06,0,0,134736322.06,0,0,134736322.06,0,0,134736322.06,0,0,134736322.06,0,0,134736322.06,0,0,134736322.06,0,0,134736322.06,0,0,134736322.06,0,0,134736322.06,0,0,134736322.06,0,0,134736322.06,0,0,134736322.06,0,0,134736322.06,0,0,134736322.06,0,0,134736322.06,0,0,134736322.06,0,0,134736322.06,0,0,134736322.06,0,0,134736322.06,0,0,134736322.06,0,0,134736322.06,0,0,134736322.06,0,0,134736322.06,0,0,134736322.06
0,1,Pfizer,2021-02-22,COVSICKLE,0,0,0,0,0,0,0,0,0,0,0,0,0,0,0,0,0,0,0,0,0,0,0,0,0,0,0,0,0,0,0,0,0,0,0,0,0,0,0,0,0,0,0,0,0,0,0,0,0,0,19248046.01,0,0,19248046.01,0,0,19248046.01,0,0,19248046.01,0,0,19248046.01,0,0,19248046.01,0,0,19248046.01,0,0,19248046.01,0,0,19248046.01,0,0,19248046.01,0,0,19248046.01,0,0,19248046.01,0,0,19248046.01,0,0,19248046.01,0,0,19248046.01,0,0,19248046.01,0,0,19248046.01,0,0,19248046.01,0,0,19248046.01,0,0,19248046.01,0,0,19248046.01,0,0,19248046.01,0,0,19248046.01,0,0,19248046.01,0,0,19248046.01,0,0,19248046.01,0,0,19248046.01,0,0,19248046.01,0,0,19248046.01,0,0,19248046.01,0,0,19248046.01,0,0,19248046.01,0,0,19248046.01,0,0,19248046.01,0,0,19248046.01,0,0,19248046.01,0,0,19248046.01,0,0,19248046.01,0,0,19248046.01,0,0,19248046.01,0,0,19248046.01,0,0,19248046.01,0,0,19248046.01,0,0,19248046.01,0,0,19248046.01,0,0,19248046.01,0,0,19248046.01,0,0,19248046.01
0,1,Pfizer,2021-03-01,COVSICKLE,0,0,0,0,0,0,0,0,0,0,0,0,0,0,0,0,0,0,0,0,0,0,0,0,0,0,0,0,0,0,0,0,0,0,0,0,0,0,0,0,0,0,0,0,0,0,0,0,0,0,19248046.01,0,0,19248046.01,0,0,19248046.01,0,0,19248046.01,0,0,19248046.01,0,0,19248046.01,0,0,19248046.01,0,0,19248046.01,0,0,19248046.01,0,0,19248046.01,0,0,19248046.01,0,0,19248046.01,0,0,19248046.01,0,0,19248046.01,0,0,19248046.01,0,0,19248046.01,0,0,19248046.01,0,0,19248046.01,0,0,19248046.01,0,0,19248046.01,0,0,19248046.01,0,0,19248046.01,0,0,19248046.01,0,0,19248046.01,0,0,19248046.01,0,0,19248046.01,0,0,19248046.01,0,0,19248046.01,0,0,19248046.01,0,0,19248046.01,0,0,19248046.01,0,0,19248046.01,0,0,19248046.01,0,0,19248046.01,0,0,19248046.01,0,0,19248046.01,0,0,19248046.01,0,0,19248046.01,0,0,19248046.01,0,0,19248046.01,0,0,19248046.01,0,0,19248046.01,0,0,19248046.01,0,0,19248046.01,0,0,19248046.01,0,0,19248046.01,0,0,19248046.01,0,0,19248046.01
0,1,Pfizer,2021-03-08,COVSICKLE,0,0,0,0,0,0,0,0,0,0,0,0,0,0,0,0,0,0,0,0,0,0,0,0,0,0,0,0,0,0,0,0,0,0,0,0,0,0,0,0,0,0,0,0,0,0,0,0,0,0,19248046.01,0,0,19248046.01,0,0,19248046.01,0,0,19248046.01,0,0,19248046.01,0,0,19248046.01,0,0,19248046.01,0,0,19248046.01,0,0,19248046.01,0,0,19248046.01,0,0,19248046.01,0,0,19248046.01,0,0,19248046.01,0,0,19248046.01,0,0,19248046.01,0,0,19248046.01,0,0,19248046.01,0,0,19248046.01,0,0,19248046.01,0,0,19248046.01,0,0,19248046.01,0,0,19248046.01,0,0,19248046.01,0,0,19248046.01,0,0,19248046.01,0,0,19248046.01,0,0,19248046.01,0,0,19248046.01,0,0,19248046.01,0,0,19248046.01,0,0,19248046.01,0,0,19248046.01,0,0,19248046.01,0,0,19248046.01,0,0,19248046.01,0,0,19248046.01,0,0,19248046.01,0,0,19248046.01,0,0,19248046.01,0,0,19248046.01,0,0,19248046.01,0,0,19248046.01,0,0,19248046.01,0,0,19248046.01,0,0,19248046.01,0,0,19248046.01,0,0,19248046.01,0,0,19248046.01
0,1,Pfizer,2021-03-15,COVSICKLE,0,0,0,0,0,0,0,0,0,0,0,0,0,0,0,0,0,0,0,0,0,0,0,0,0,0,0,0,0,0,0,0,0,0,0,0,0,0,0,0,0,0,0,0,0,0,0,0,0,0,12248756.55,0,0,12248756.55,0,0,12248756.55,0,0,26947264.41,0,0,19248046.01,0,0,19248046.01,0,0,12248756.55,0,0,12248756.55,0,0,12248756.55,0,0,12248756.55,0,0,12248756.55,0,0,12248756.55,0,0,12248756.55,0,0,12248756.55,0,0,12248756.55,0,0,12248756.55,0,0,19248046.01,0,0,19248046.01,0,0,12248756.55,0,0,12248756.55,0,0,12248756.55,0,0,12248756.55,0,0,12248756.55,0,0,12248756.55,0,0,12248756.55,0,0,12248756.55,0,0,12248756.55,0,0,12248756.55,0,0,12248756.55,0,0,12248756.55,0,0,12248756.55,0,0,12248756.55,0,0,12248756.55,0,0,12248756.55,0,0,12248756.55,0,0,12248756.55,0,0,12248756.55,0,0,12248756.55,0,0,12248756.55,0,0,12248756.55,0,0,19248046.01,0,0,12248756.55,0,0,12248756.55,0,0,12248756.55,0,0,12248756.55,0,0,12248756.55,0,0,12248756.55,0,0,12248756.55
0,2,Pfizer,2021-03-15,COVSICKLE,0,0,0,0,0,0,0,0,0,0,0,0,0,0,0,0,0,0,0,0,0,0,0,0,0,0,0,0,0,0,0,0,0,0,0,0,0,0,0,0,0,0,0,0,0,0,0,0,0,0,22456053.68,0,0,22456053.68,0,0,22456053.68,0,0,22456053.68,0,0,22456053.68,0,0,22456053.68,0,0,22456053.68,0,0,22456053.68,0,0,22456053.68,0,0,22456053.68,0,0,22456053.68,0,0,22456053.68,0,0,22456053.68,0,0,22456053.68,0,0,22456053.68,0,0,22456053.68,0,0,22456053.68,0,0,22456053.68,0,0,22456053.68,0,0,22456053.68,0,0,22456053.68,0,0,22456053.68,0,0,22456053.68,0,0,22456053.68,0,0,22456053.68,0,0,22456053.68,0,0,22456053.68,0,0,22456053.68,0,0,22456053.68,0,0,22456053.68,0,0,22456053.68,0,0,22456053.68,0,0,22456053.68,0,0,22456053.68,0,0,22456053.68,0,0,22456053.68,0,0,22456053.68,0,0,22456053.68,0,0,22456053.68,0,0,22456053.68,0,0,22456053.68,0,0,22456053.68,0,0,22456053.68,0,0,22456053.68,0,0,22456053.68,0,0,22456053.68,0,0,22456053.68,0,0,22456053.68
0,2,Pfizer,2021-03-22,COVSICKLE,0,0,0,0,0,0,0,0,0,0,0,0,0,0,0,0,0,0,0,0,0,0,0,0,0,0,0,0,0,0,0,0,0,0,0,0,0,0,0,0,0,0,0,0,0,0,0,0,0,0,19248046.01,0,0,19248046.01,0,0,19248046.01,0,0,19248046.01,0,0,19248046.01,0,0,19248046.01,0,0,19248046.01,0,0,19248046.01,0,0,19248046.01,0,0,19248046.01,0,0,19248046.01,0,0,19248046.01,0,0,19248046.01,0,0,19248046.01,0,0,19248046.01,0,0,19248046.01,0,0,19248046.01,0,0,19248046.01,0,0,19248046.01,0,0,19248046.01,0,0,19248046.01,0,0,19248046.01,0,0,19248046.01,0,0,19248046.01,0,0,19248046.01,0,0,19248046.01,0,0,19248046.01,0,0,19248046.01,0,0,19248046.01,0,0,19248046.01,0,0,19248046.01,0,0,19248046.01,0,0,19248046.01,0,0,19248046.01,0,0,19248046.01,0,0,19248046.01,0,0,19248046.01,0,0,19248046.01,0,0,19248046.01,0,0,19248046.01,0,0,19248046.01,0,0,19248046.01,0,0,19248046.01,0,0,19248046.01,0,0,19248046.01,0,0,19248046.01,0,0,19248046.01,0,0,19248046.01
0,2,Pfizer,2021-03-29,COVSICKLE,0,0,0,0,0,0,0,0,0,0,0,0,0,0,0,0,0,0,0,0,0,0,0,0,0,0,0,0,0,0,0,0,0,0,0,0,0,0,0,0,0,0,0,0,0,0,0,0,0,0,14970702.45,0,0,14970702.45,0,0,14970702.45,0,0,19248046.01,0,0,14970702.45,0,0,14970702.45,0,0,14970702.45,0,0,14970702.45,0,0,14970702.45,0,0,14970702.45,0,0,14970702.45,0,0,14970702.45,0,0,14970702.45,0,0,14970702.45,0,0,14970702.45,0,0,14970702.45,0,0,14970702.45,0,0,14970702.45,0,0,14970702.45,0,0,14970702.45,0,0,14970702.45,0,0,14970702.45,0,0,14970702.45,0,0,14970702.45,0,0,14970702.45,0,0,14970702.45,0,0,14970702.45,0,0,14970702.45,0,0,14970702.45,0,0,14970702.45,0,0,14970702.45,0,0,14970702.45,0,0,14970702.45,0,0,14970702.45,0,0,14970702.45,0,0,14970702.45,0,0,14970702.45,0,0,14970702.45,0,0,14970702.45,0,0,14970702.45,0,0,14970702.45,0,0,14970702.45,0,0,14970702.45,0,0,14970702.45,0,0,14970702.45,0,0,14970702.45,0,0,14970702.45,0,0,14970702.45
0,2,Pfizer,2021-04-05,COVSICKLE,0,0,0,0,0,0,0,0,0,0,0,0,0,0,0,0,0,0,0,0,0,0,0,0,0,0,0,0,0,0,0,0,0,0,0,0,0,0,0,0,0,0,0,0,0,0,0,0,0,0,9624023,0,0,9624023,0,0,9624023,0,0,19248046.01,0,0,9624023,0,0,9624023,0,0,9624023,0,0,9624023,0,0,9624023,0,0,9624023,0,0,9624023,0,0,9624023,0,0,9624023,0,0,9624023,0,0,9624023,0,0,9624023,0,0,9624023,0,0,9624023,0,0,9624023,0,0,9624023,0,0,9624023,0,0,9624023,0,0,9624023,0,0,9624023,0,0,9624023,0,0,9624023,0,0,9624023,0,0,9624023,0,0,9624023,0,0,9624023,0,0,9624023,0,0,9624023,0,0,9624023,0,0,9624023,0,0,9624023,0,0,9624023,0,0,9624023,0,0,9624023,0,0,9624023,0,0,9624023,0,0,9624023,0,0,9624023,0,0,9624023,0,0,9624023,0,0,9624023,0,0,9624023,0,0,9624023,0,0,9624023
0,2,Pfizer,2021-04-12,COVSICKLE,0,0,0,0,0,0,0,0,0,0,0,0,0,0,0,0,0,0,0,0,0,0,0,0,0,0,0,0,0,0,0,0,0,0,0,0,0,0,0,0,0,0,0,0,0,0,0,0,0,0,9624023,0,0,9624023,0,0,9624023,0,0,19248046.01,0,0,9624023,0,0,9624023,0,0,9624023,0,0,9624023,0,0,9624023,0,0,9624023,0,0,9624023,0,0,9624023,0,0,9624023,0,0,9624023,0,0,9624023,0,0,9624023,0,0,9624023,0,0,9624023,0,0,9624023,0,0,9624023,0,0,9624023,0,0,9624023,0,0,9624023,0,0,9624023,0,0,9624023,0,0,9624023,0,0,9624023,0,0,9624023,0,0,9624023,0,0,9624023,0,0,9624023,0,0,9624023,0,0,9624023,0,0,9624023,0,0,9624023,0,0,9624023,0,0,9624023,0,0,9624023,0,0,9624023,0,0,9624023,0,0,9624023,0,0,9624023,0,0,9624023,0,0,9624023,0,0,9624023,0,0,9624023,0,0,9624023,0,0,9624023
0,2,Pfizer,2021-04-19,COVSICKLE,0,0,0,0,0,0,0,0,0,0,0,0,0,0,0,0,0,0,0,0,0,0,0,0,0,0,0,0,0,0,0,0,0,0,0,0,0,0,0,0,0,0,0,0,0,0,0,0,0,0,9624023,0,0,9624023,0,0,9624023,0,0,19248046.01,0,0,9624023,0,0,9624023,0,0,9624023,0,0,9624023,0,0,9624023,0,0,9624023,0,0,9624023,0,0,9624023,0,0,9624023,0,0,9624023,0,0,9624023,0,0,9624023,0,0,9624023,0,0,9624023,0,0,9624023,0,0,9624023,0,0,9624023,0,0,9624023,0,0,9624023,0,0,9624023,0,0,9624023,0,0,9624023,0,0,9624023,0,0,9624023,0,0,9624023,0,0,9624023,0,0,9624023,0,0,9624023,0,0,9624023,0,0,9624023,0,0,9624023,0,0,9624023,0,0,9624023,0,0,9624023,0,0,9624023,0,0,9624023,0,0,9624023,0,0,9624023,0,0,9624023,0,0,9624023,0,0,9624023,0,0,9624023,0,0,9624023,0,0,9624023
0,2,Pfizer,2021-04-26,COVSICKLE,0,0,0,0,0,0,0,0,0,0,0,0,0,0,0,0,0,0,0,0,0,0,0,0,0,0,0,0,0,0,0,0,0,0,0,0,0,0,0,0,0,0,0,0,0,0,0,0,0,0,7925666,0,0,7925666,0,0,7925666,0,0,13473632.21,0,0,7925666,0,0,7925666,0,0,7925666,0,0,7925666,0,0,7925666,0,0,7925666,0,0,7925666,0,0,7925666,0,0,7925666,0,0,7925666,0,0,7925666,0,0,7925666,0,0,7925666,0,0,7925666,0,0,7925666,0,0,7925666,0,0,7925666,0,0,7925666,0,0,7925666,0,0,7925666,0,0,7925666,0,0,7925666,0,0,7925666,0,0,7925666,0,0,7925666,0,0,7925666,0,0,7925666,0,0,7925666,0,0,7925666,0,0,7925666,0,0,7925666,0,0,7925666,0,0,7925666,0,0,7925666,0,0,7925666,0,0,7925666,0,0,9624023,0,0,7925666,0,0,7925666,0,0,7925666,0,0,7925666,0,0,7925666,0,0,7925666,0,0,7925666
0,2,Pfizer,2021-05-03,COVSICKLE,0,0,0,0,0,0,0,0,0,0,0,0,0,0,0,0,0,0,0,0,0,0,0,0,0,0,0,0,0,0,0,0,0,0,0,0,0,0,0,0,0,0,0,0,0,0,0,0,0,0,6416015.34,0,0,6416015.34,0,0,6416015.34,0,0,9624023,0,0,6416015.34,0,0,6416015.34,0,0,6416015.34,0,0,6416015.34,0,0,6416015.34,0,0,6416015.34,0,0,6416015.34,0,0,6416015.34,0,0,6416015.34,0,0,6416015.34,0,0,6416015.34,0,0,6416015.34,0,0,6416015.34,0,0,6416015.34,0,0,6416015.34,0,0,6416015.34,0,0,6416015.34,0,0,6416015.34,0,0,6416015.34,0,0,6416015.34,0,0,6416015.34,0,0,6416015.34,0,0,6416015.34,0,0,6416015.34,0,0,6416015.34,0,0,6416015.34,0,0,6416015.34,0,0,6416015.34,0,0,6416015.34,0,0,6416015.34,0,0,6416015.34,0,0,6416015.34,0,0,6416015.34,0,0,6416015.34,0,0,6416015.34,0,0,6416015.34,0,0,9624023,0,0,6416015.34,0,0,6416015.34,0,0,6416015.34,0,0,6416015.34,0,0,6416015.34,0,0,6416015.34,0,0,6416015.34
0,2,Pfizer,2021-05-10,COVSICKLE,0,0,0,0,0,0,0,0,0,0,0,0,0,0,0,0,0,0,0,0,0,0,0,0,0,0,0,0,0,0,0,0,0,0,0,0,0,0,0,0,0,0,0,0,0,0,0,0,0,0,6416015.34,0,0,6416015.34,0,0,6416015.34,0,0,9624023,0,0,6416015.34,0,0,6416015.34,0,0,6416015.34,0,0,6416015.34,0,0,6416015.34,0,0,6416015.34,0,0,6416015.34,0,0,6416015.34,0,0,6416015.34,0,0,6416015.34,0,0,6416015.34,0,0,6416015.34,0,0,6416015.34,0,0,6416015.34,0,0,6416015.34,0,0,6416015.34,0,0,6416015.34,0,0,6416015.34,0,0,6416015.34,0,0,6416015.34,0,0,6416015.34,0,0,6416015.34,0,0,6416015.34,0,0,6416015.34,0,0,6416015.34,0,0,6416015.34,0,0,6416015.34,0,0,6416015.34,0,0,6416015.34,0,0,6416015.34,0,0,6416015.34,0,0,6416015.34,0,0,6416015.34,0,0,6416015.34,0,0,6416015.34,0,0,6416015.34,0,0,9624023,0,0,6416015.34,0,0,6416015.34,0,0,6416015.34,0,0,6416015.34,0,0,6416015.34,0,0,6416015.34,0,0,6416015.34
0,2,Pfizer,2021-05-17,COVSICKLE,0,0,0,0,0,0,0,0,0,0,0,0,0,0,0,0,0,0,0,0,0,0,0,0,0,0,0,0,0,0,0,0,0,0,0,0,0,0,0,0,0,0,0,0,0,0,0,0,0,0,6416015.34,0,0,6416015.34,0,0,6416015.34,0,0,9624023,0,0,6416015.34,0,0,6416015.34,0,0,6416015.34,0,0,6416015.34,0,0,6416015.34,0,0,6416015.34,0,0,6416015.34,0,0,6416015.34,0,0,6416015.34,0,0,6416015.34,0,0,6416015.34,0,0,6416015.34,0,0,6416015.34,0,0,6416015.34,0,0,6416015.34,0,0,6416015.34,0,0,6416015.34,0,0,6416015.34,0,0,6416015.34,0,0,6416015.34,0,0,6416015.34,0,0,6416015.34,0,0,6416015.34,0,0,6416015.34,0,0,6416015.34,0,0,6416015.34,0,0,6416015.34,0,0,6416015.34,0,0,6416015.34,0,0,6416015.34,0,0,6416015.34,0,0,6416015.34,0,0,6416015.34,0,0,6416015.34,0,0,6416015.34,0,0,6416015.34,0,0,9624023,0,0,6416015.34,0,0,6416015.34,0,0,6416015.34,0,0,6416015.34,0,0,6416015.34,0,0,6416015.34,0,0,6416015.34
0,2,Pfizer,2021-05-24,COVSICKLE,0,0,0,0,0,0,0,0,0,0,0,0,0,0,0,0,0,0,0,0,0,0,0,0,0,0,0,0,0,0,0,0,0,0,0,0,0,0,0,0,0,0,0,0,0,0,0,0,0,0,6416015.34,0,0,6416015.34,0,0,6416015.34,0,0,9624023,0,0,6416015.34,0,0,6416015.34,0,0,6416015.34,0,0,6416015.34,0,0,6416015.34,0,0,6416015.34,0,0,6416015.34,0,0,6416015.34,0,0,6416015.34,0,0,6416015.34,0,0,6416015.34,0,0,6416015.34,0,0,6416015.34,0,0,6416015.34,0,0,6416015.34,0,0,6416015.34,0,0,6416015.34,0,0,6416015.34,0,0,6416015.34,0,0,6416015.34,0,0,6416015.34,0,0,6416015.34,0,0,6416015.34,0,0,6416015.34,0,0,6416015.34,0,0,6416015.34,0,0,6416015.34,0,0,6416015.34,0,0,6416015.34,0,0,6416015.34,0,0,6416015.34,0,0,6416015.34,0,0,6416015.34,0,0,6416015.34,0,0,6416015.34,0,0,6416015.34,0,0,9624023,0,0,6416015.34,0,0,6416015.34,0,0,6416015.34,0,0,6416015.34,0,0,6416015.34,0,0,6416015.34,0,0,6416015.34
0,2,Pfizer,2021-05-31,COVSICKLE,0,0,0,0,0,0,0,0,0,0,0,0,0,0,0,0,0,0,0,0,0,0,0,0,0,0,0,0,0,0,0,0,0,0,0,0,0,0,0,0,0,0,0,0,0,0,0,0,0,0,6416015.34,0,0,6416015.34,0,0,6416015.34,0,0,9624023,0,0,6416015.34,0,0,6416015.34,0,0,6416015.34,0,0,6416015.34,0,0,6416015.34,0,0,6416015.34,0,0,6416015.34,0,0,6416015.34,0,0,6416015.34,0,0,6416015.34,0,0,6416015.34,0,0,6416015.34,0,0,6416015.34,0,0,6416015.34,0,0,6416015.34,0,0,6416015.34,0,0,6416015.34,0,0,6416015.34,0,0,6416015.34,0,0,6416015.34,0,0,6416015.34,0,0,6416015.34,0,0,6416015.34,0,0,6416015.34,0,0,6416015.34,0,0,6416015.34,0,0,6416015.34,0,0,6416015.34,0,0,6416015.34,0,0,6416015.34,0,0,6416015.34,0,0,6416015.34,0,0,6416015.34,0,0,6416015.34,0,0,6416015.34,0,0,6416015.34,0,0,9624023,0,0,6416015.34,0,0,6416015.34,0,0,6416015.34,0,0,6416015.34,0,0,6416015.34,0,0,6416015.34,0,0,6416015.34
0,2,Pfizer,2021-06-07,COVSICKLE,0,0,0,0,0,0,0,0,0,0,0,0,0,0,0,0,0,0,0,0,0,0,0,0,0,0,0,0,0,0,0,0,0,0,0,0,0,0,0,0,0,0,0,0,0,0,0,0,0,0,6416015.34,0,0,6416015.34,0,0,6416015.34,0,0,9624023,0,0,6416015.34,0,0,6416015.34,0,0,6416015.34,0,0,6416015.34,0,0,6416015.34,0,0,6416015.34,0,0,6416015.34,0,0,6416015.34,0,0,6416015.34,0,0,6416015.34,0,0,6416015.34,0,0,6416015.34,0,0,6416015.34,0,0,6416015.34,0,0,6416015.34,0,0,6416015.34,0,0,6416015.34,0,0,6416015.34,0,0,6416015.34,0,0,6416015.34,0,0,6416015.34,0,0,6416015.34,0,0,6416015.34,0,0,6416015.34,0,0,6416015.34,0,0,6416015.34,0,0,6416015.34,0,0,6416015.34,0,0,6416015.34,0,0,6416015.34,0,0,6416015.34,0,0,6416015.34,0,0,6416015.34,0,0,6416015.34,0,0,6416015.34,0,0,6416015.34,0,0,9624023,0,0,6416015.34,0,0,6416015.34,0,0,6416015.34,0,0,6416015.34,0,0,6416015.34,0,0,6416015.34,0,0,6416015.34
0,2,Pfizer,2021-06-14,COVSICKLE,0,0,0,0,0,0,0,0,0,0,0,0,0,0,0,0,0,0,0,0,0,0,0,0,0,0,0,0,0,0,0,0,0,0,0,0,0,0,0,0,0,0,0,0,0,0,0,0,0,0,6416015.34,0,0,6416015.34,0,0,6416015.34,0,0,9624023,0,0,6416015.34,0,0,6416015.34,0,0,6416015.34,0,0,6416015.34,0,0,6416015.34,0,0,6416015.34,0,0,6416015.34,0,0,6416015.34,0,0,6416015.34,0,0,6416015.34,0,0,6416015.34,0,0,6416015.34,0,0,6416015.34,0,0,6416015.34,0,0,6416015.34,0,0,6416015.34,0,0,6416015.34,0,0,6416015.34,0,0,6416015.34,0,0,6416015.34,0,0,6416015.34,0,0,6416015.34,0,0,6416015.34,0,0,6416015.34,0,0,6416015.34,0,0,6416015.34,0,0,6416015.34,0,0,6416015.34,0,0,6416015.34,0,0,6416015.34,0,0,6416015.34,0,0,6416015.34,0,0,6416015.34,0,0,6416015.34,0,0,6416015.34,0,0,6416015.34,0,0,9624023,0,0,6416015.34,0,0,6416015.34,0,0,6416015.34,0,0,6416015.34,0,0,6416015.34,0,0,6416015.34,0,0,6416015.34
0,2,Pfizer,2021-06-21,COVSICKLE,0,0,0,0,0,0,0,0,0,0,0,0,0,0,0,0,0,0,0,0,0,0,0,0,0,0,0,0,0,0,0,0,0,0,0,0,0,0,0,0,0,0,0,0,0,0,0,0,0,0,6416015.34,0,0,6416015.34,0,0,6416015.34,0,0,9624023,0,0,6416015.34,0,0,6416015.34,0,0,6416015.34,0,0,6416015.34,0,0,6416015.34,0,0,6416015.34,0,0,6416015.34,0,0,6416015.34,0,0,6416015.34,0,0,6416015.34,0,0,6416015.34,0,0,6416015.34,0,0,6416015.34,0,0,6416015.34,0,0,6416015.34,0,0,6416015.34,0,0,6416015.34,0,0,6416015.34,0,0,6416015.34,0,0,6416015.34,0,0,6416015.34,0,0,6416015.34,0,0,6416015.34,0,0,6416015.34,0,0,6416015.34,0,0,6416015.34,0,0,6416015.34,0,0,6416015.34,0,0,6416015.34,0,0,6416015.34,0,0,6416015.34,0,0,6416015.34,0,0,6416015.34,0,0,6416015.34,0,0,6416015.34,0,0,6416015.34,0,0,9624023,0,0,6416015.34,0,0,6416015.34,0,0,6416015.34,0,0,6416015.34,0,0,6416015.34,0,0,6416015.34,0,0,6416015.34
0,2,Pfizer,2021-06-28,COVSICKLE,0,0,0,0,0,0,0,0,0,0,0,0,0,0,0,0,0,0,0,0,0,0,0,0,0,0,0,0,0,0,0,0,0,0,0,0,0,0,0,0,0,0,0,0,0,0,0,0,0,0,14970702.45,0,0,14970702.45,0,0,14970702.45,0,0,22456053.68,0,0,14970702.45,0,0,14970702.45,0,0,14970702.45,0,0,14970702.45,0,0,14970702.45,0,0,14970702.45,0,0,14970702.45,0,0,14970702.45,0,0,14970702.45,0,0,14970702.45,0,0,14970702.45,0,0,14970702.45,0,0,14970702.45,0,0,14970702.45,0,0,14970702.45,0,0,14970702.45,0,0,14970702.45,0,0,14970702.45,0,0,14970702.45,0,0,14970702.45,0,0,14970702.45,0,0,14970702.45,0,0,14970702.45,0,0,14970702.45,0,0,14970702.45,0,0,14970702.45,0,0,14970702.45,0,0,14970702.45,0,0,14970702.45,0,0,14970702.45,0,0,14970702.45,0,0,14970702.45,0,0,14970702.45,0,0,14970702.45,0,0,14970702.45,0,0,14970702.45,0,0,22456053.68,0,0,14970702.45,0,0,14970702.45,0,0,14970702.45,0,0,14970702.45,0,0,14970702.45,0,0,14970702.45,0,0,14970702.45
0,0,0,2021-02-22,COVSICKLE,0,0,0,0,0,0,0,0,0,0,0,0,0,0,0,0,0,0,0,0,0,0,0,0,0,0,0,0,0,0,0,0,0,0,0,0,0,0,0,0,0,0,0,0,0,0,0,0,0,0,4812011.5,0,0,4812011.5,0,0,4812011.5,0,0,6416015.34,0,0,6416015.34,0,0,6416015.34,0,0,4812011.5,0,0,4812011.5,0,0,4812011.5,0,0,4812011.5,0,0,4812011.5,0,0,4812011.5,0,0,4812011.5,0,0,4812011.5,0,0,4812011.5,0,0,4812011.5,0,0,6416015.34,0,0,6416015.34,0,0,4812011.5,0,0,4812011.5,0,0,4812011.5,0,0,4812011.5,0,0,4812011.5,0,0,4812011.5,0,0,4812011.5,0,0,4812011.5,0,0,4812011.5,0,0,4812011.5,0,0,4812011.5,0,0,4812011.5,0,0,4812011.5,0,0,4812011.5,0,0,4812011.5,0,0,4812011.5,0,0,4812011.5,0,0,4812011.5,0,0,4812011.5,0,0,4812011.5,0,0,4812011.5,0,0,4812011.5,0,0,19248046.01,0,0,4812011.5,0,0,4812011.5,0,0,4812011.5,0,0,4812011.5,0,0,4812011.5,0,0,4812011.5,0,0,4812011.5
0,0,0,2021-03-01,COVSICKLE,0,0,0,0,0,0,0,0,0,0,0,0,0,0,0,0,0,0,0,0,0,0,0,0,0,0,0,0,0,0,0,0,0,0,0,0,0,0,0,0,0,0,0,0,0,0,0,0,0,0,4812011.5,0,0,4812011.5,0,0,4812011.5,0,0,6416015.34,0,0,6416015.34,0,0,6416015.34,0,0,4812011.5,0,0,4812011.5,0,0,4812011.5,0,0,4812011.5,0,0,4812011.5,0,0,4812011.5,0,0,4812011.5,0,0,4812011.5,0,0,4812011.5,0,0,4812011.5,0,0,6416015.34,0,0,6416015.34,0,0,4812011.5,0,0,4812011.5,0,0,4812011.5,0,0,4812011.5,0,0,4812011.5,0,0,4812011.5,0,0,4812011.5,0,0,4812011.5,0,0,4812011.5,0,0,4812011.5,0,0,4812011.5,0,0,4812011.5,0,0,4812011.5,0,0,4812011.5,0,0,4812011.5,0,0,4812011.5,0,0,4812011.5,0,0,4812011.5,0,0,4812011.5,0,0,4812011.5,0,0,4812011.5,0,0,4812011.5,0,0,19248046.01,0,0,4812011.5,0,0,4812011.5,0,0,4812011.5,0,0,4812011.5,0,0,4812011.5,0,0,4812011.5,0,0,4812011.5
0,0,0,2021-03-08,COVSICKLE,0,0,0,0,0,0,0,0,0,0,0,0,0,0,0,0,0,0,0,0,0,0,0,0,0,0,0,0,0,0,0,0,0,0,0,0,0,0,0,0,0,0,0,0,0,0,0,0,0,0,4812011.5,0,0,4812011.5,0,0,4812011.5,0,0,6416015.34,0,0,6416015.34,0,0,6416015.34,0,0,4812011.5,0,0,4812011.5,0,0,4812011.5,0,0,4812011.5,0,0,4812011.5,0,0,4812011.5,0,0,4812011.5,0,0,4812011.5,0,0,4812011.5,0,0,4812011.5,0,0,6416015.34,0,0,6416015.34,0,0,4812011.5,0,0,4812011.5,0,0,4812011.5,0,0,4812011.5,0,0,4812011.5,0,0,4812011.5,0,0,4812011.5,0,0,4812011.5,0,0,4812011.5,0,0,4812011.5,0,0,4812011.5,0,0,4812011.5,0,0,4812011.5,0,0,4812011.5,0,0,4812011.5,0,0,4812011.5,0,0,4812011.5,0,0,4812011.5,0,0,4812011.5,0,0,4812011.5,0,0,4812011.5,0,0,4812011.5,0,0,19248046.01,0,0,4812011.5,0,0,4812011.5,0,0,4812011.5,0,0,4812011.5,0,0,4812011.5,0,0,4812011.5,0,0,4812011.5
0,0,0,2021-03-15,COVSICKLE,0,0,0,0,0,0,0,0,0,0,0,0,0,0,0,0,0,0,0,0,0,0,0,0,0,0,0,0,0,0,0,0,0,0,0,0,0,0,0,0,0,0,0,0,0,0,0,0,0,0,7485351.23,0,0,7485351.23,0,0,7485351.23,0,0,7925666,0,0,8982421.47,0,0,8982421.47,0,0,7485351.23,0,0,7485351.23,0,0,7485351.23,0,0,7485351.23,0,0,7485351.23,0,0,7485351.23,0,0,7485351.23,0,0,7485351.23,0,0,7485351.23,0,0,7485351.23,0,0,8982421.47,0,0,8982421.47,0,0,7485351.23,0,0,7485351.23,0,0,7485351.23,0,0,7485351.23,0,0,7485351.23,0,0,7485351.23,0,0,7485351.23,0,0,7485351.23,0,0,7485351.23,0,0,7485351.23,0,0,7485351.23,0,0,7485351.23,0,0,7485351.23,0,0,7485351.23,0,0,7485351.23,0,0,7485351.23,0,0,7485351.23,0,0,7485351.23,0,0,7485351.23,0,0,7485351.23,0,0,7485351.23,0,0,7485351.23,0,0,134736322.06,0,0,7485351.23,0,0,7485351.23,0,0,7485351.23,0,0,7485351.23,0,0,7485351.23,0,0,7485351.23,0,0,7485351.23
0,0,0,2021-03-22,COVSICKLE,0,0,0,0,0,0,0,0,0,0,0,0,0,0,0,0,0,0,0,0,0,0,0,0,0,0,0,0,0,0,0,0,0,0,0,0,0,0,0,0,0,0,0,0,0,0,0,0,0,0,9624023,0,0,9624023,0,0,9624023,0,0,9624023,0,0,9624023,0,0,9624023,0,0,9624023,0,0,9624023,0,0,9624023,0,0,9624023,0,0,9624023,0,0,9624023,0,0,9624023,0,0,9624023,0,0,9624023,0,0,9624023,0,0,9624023,0,0,9624023,0,0,9624023,0,0,9624023,0,0,9624023,0,0,9624023,0,0,9624023,0,0,9624023,0,0,9624023,0,0,9624023,0,0,9624023,0,0,9624023,0,0,9624023,0,0,9624023,0,0,9624023,0,0,9624023,0,0,9624023,0,0,9624023,0,0,9624023,0,0,9624023,0,0,9624023,0,0,9624023,0,0,9624023,0,0,9624023,,,0,0,0,9624023,0,0,9624023,0,0,9624023,0,0,9624023,0,0,9624023,0,0,9624023,0,0,9624023
0,0,0,2021-03-29,COVSICKLE,0,0,0,0,0,0,0,0,0,0,0,0,0,0,0,0,0,0,0,0,0,0,0,0,0,0,0,0,0,0,0,0,0,0,0,0,0,0,0,0,0,0,0,0,0,0,0,0,0,0,9624023,0,0,9624023,0,0,9624023,0,0,9624023,0,0,9624023,0,0,9624023,0,0,9624023,0,0,9624023,0,0,9624023,0,0,9624023,0,0,9624023,0,0,9624023,0,0,9624023,0,0,9624023,0,0,9624023,0,0,9624023,0,0,9624023,0,0,9624023,0,0,9624023,0,0,9624023,0,0,9624023,0,0,9624023,0,0,9624023,0,0,9624023,0,0,9624023,0,0,9624023,0,0,9624023,0,0,9624023,0,0,9624023,0,0,9624023,0,0,9624023,0,0,9624023,0,0,9624023,0,0,9624023,0,0,9624023,0,0,9624023,0,0,9624023,0,0,9624023,0,0,9624023,0,0,9624023,,,0,0,0,9624023,0,0,9624023,0,0,9624023,0,0,9624023,0,0,9624023,0,0,9624023,0,0,9624023
0,0,0,2021-04-05,COVSICKLE,0,0,0,0,0,0,0,0,0,0,0,0,0,0,0,0,0,0,0,0,0,0,0,0,0,0,0,0,0,0,0,0,0,0,0,0,0,0,0,0,0,0,0,0,0,0,0,0,0,0,10364332.47,0,0,10364332.47,0,0,10364332.47,0,0,10364332.47,0,0,10364332.47,0,0,10364332.47,0,0,10364332.47,0,0,10364332.47,0,0,10364332.47,0,0,10364332.47,0,0,10364332.47,0,0,10364332.47,0,0,10364332.47,0,0,10364332.47,0,0,10364332.47,0,0,10364332.47,0,0,10364332.47,0,0,10364332.47,0,0,10364332.47,0,0,10364332.47,0,0,10364332.47,0,0,10364332.47,0,0,10364332.47,0,0,10364332.47,0,0,10364332.47,0,0,10364332.47,0,0,10364332.47,0,0,10364332.47,0,0,10364332.47,0,0,10364332.47,0,0,10364332.47,0,0,10364332.47,0,0,10364332.47,0,0,10364332.47,0,0,10364332.47,0,0,10364332.47,0,0,10364332.47,0,0,10364332.47,0,0,10364332.47,0,0,10364332.47,,,0,0,0,10364332.47,0,0,10364332.47,0,0,10364332.47,0,0,10364332.47,0,0,10364332.47,0,0,10364332.47,0,0,10364332.47
0,0,0,2021-04-12,COVSICKLE,0,0,0,0,0,0,0,0,0,0,0,0,0,0,0,0,0,0,0,0,0,0,0,0,0,0,0,0,0,0,0,0,0,0,0,0,0,0,0,0,0,0,0,0,0,0,0,0,0,0,19248046.01,0,0,19248046.01,0,0,19248046.01,0,0,19248046.01,0,0,19248046.01,0,0,19248046.01,0,0,19248046.01,0,0,19248046.01,0,0,19248046.01,0,0,19248046.01,0,0,19248046.01,0,0,19248046.01,0,0,19248046.01,0,0,19248046.01,0,0,19248046.01,0,0,19248046.01,0,0,19248046.01,0,0,19248046.01,0,0,19248046.01,0,0,19248046.01,0,0,19248046.01,0,0,19248046.01,0,0,19248046.01,0,0,19248046.01,0,0,19248046.01,0,0,19248046.01,0,0,19248046.01,0,0,19248046.01,0,0,19248046.01,0,0,19248046.01,0,0,19248046.01,0,0,19248046.01,0,0,19248046.01,0,0,19248046.01,0,0,19248046.01,0,0,19248046.01,0,0,19248046.01,0,0,19248046.01,0,0,19248046.01,0,0,19248046.01,,,0,0,0,19248046.01,0,0,19248046.01,0,0,19248046.01,0,0,19248046.01,0,0,19248046.01,0,0,19248046.01,0,0,19248046.01
0,0,0,2021-04-19,COVSICKLE,0,0,0,0,0,0,0,0,0,0,0,0,0,0,0,0,0,0,0,0,0,0,0,0,0,0,0,0,0,0,0,0,0,0,0,0,0,0,0,0,0,0,0,0,0,0,0,0,0,0,19248046.01,0,0,19248046.01,0,0,19248046.01,0,0,19248046.01,0,0,19248046.01,0,0,19248046.01,0,0,19248046.01,0,0,19248046.01,0,0,19248046.01,0,0,19248046.01,0,0,19248046.01,0,0,19248046.01,0,0,19248046.01,0,0,19248046.01,0,0,19248046.01,0,0,19248046.01,0,0,19248046.01,0,0,19248046.01,0,0,19248046.01,0,0,19248046.01,0,0,19248046.01,0,0,19248046.01,0,0,19248046.01,0,0,19248046.01,0,0,19248046.01,0,0,19248046.01,0,0,19248046.01,0,0,19248046.01,0,0,19248046.01,0,0,19248046.01,0,0,19248046.01,0,0,19248046.01,0,0,19248046.01,0,0,19248046.01,0,0,19248046.01,0,0,19248046.01,0,0,19248046.01,0,0,19248046.01,0,0,19248046.01,0,0,19248046.01,,,0,0,0,19248046.01,0,0,19248046.01,0,0,19248046.01,0,0,19248046.01,0,0,19248046.01,0,0,19248046.01,0,0,19248046.01
0,0,0,2021-04-26,COVSICKLE,0,0,0,0,0,0,0,0,0,0,0,0,0,0,0,0,0,0,0,0,0,0,0,0,0,0,0,0,0,0,0,0,0,0,0,0,0,0,0,0,0,0,0,0,0,0,0,0,0,0,19248046.01,0,0,19248046.01,0,0,19248046.01,0,0,19248046.01,0,0,19248046.01,0,0,19248046.01,0,0,19248046.01,0,0,19248046.01,0,0,19248046.01,0,0,19248046.01,0,0,19248046.01,0,0,19248046.01,0,0,19248046.01,0,0,19248046.01,0,0,19248046.01,0,0,19248046.01,0,0,19248046.01,0,0,19248046.01,0,0,19248046.01,0,0,19248046.01,0,0,19248046.01,0,0,19248046.01,0,0,19248046.01,0,0,19248046.01,0,0,19248046.01,0,0,19248046.01,0,0,19248046.01,0,0,19248046.01,0,0,19248046.01,0,0,19248046.01,0,0,19248046.01,0,0,19248046.01,0,0,19248046.01,0,0,19248046.01,0,0,19248046.01,0,0,19248046.01,0,0,19248046.01,0,0,19248046.01,0,0,19248046.01,0,0,19248046.01,,,0,0,0,19248046.01,0,0,19248046.01,0,0,19248046.01,0,0,19248046.01,0,0,19248046.01,0,0,19248046.01,0,0,19248046.01
0,0,0,2021-05-03,COVSICKLE,0,0,0,0,0,0,0,0,0,0,0,0,0,0,0,0,0,0,0,0,0,0,0,0,0,0,0,0,0,0,0,0,0,0,0,0,0,0,0,0,0,0,0,0,0,0,0,0,0,0,26947264.41,0,0,26947264.41,0,0,26947264.41,0,0,26947264.41,0,0,26947264.41,0,0,26947264.41,0,0,26947264.41,0,0,26947264.41,0,0,26947264.41,0,0,26947264.41,0,0,26947264.41,0,0,26947264.41,0,0,26947264.41,0,0,26947264.41,0,0,26947264.41,0,0,26947264.41,0,0,26947264.41,0,0,26947264.41,0,0,26947264.41,0,0,26947264.41,0,0,26947264.41,0,0,26947264.41,0,0,26947264.41,0,0,26947264.41,0,0,26947264.41,0,0,26947264.41,0,0,26947264.41,0,0,26947264.41,0,0,26947264.41,0,0,26947264.41,0,0,26947264.41,0,0,26947264.41,0,0,26947264.41,0,0,26947264.41,0,0,26947264.41,0,0,26947264.41,0,0,26947264.41,0,0,26947264.41,0,0,26947264.41,0,0,26947264.41,,,0,0,0,26947264.41,0,0,26947264.41,0,0,26947264.41,0,0,26947264.41,0,0,26947264.41,0,0,26947264.41,0,0,26947264.41
0,1,Moderna,2021-05-03,COVSICKLE,0,0,0,0,0,0,0,0,0,0,0,0,0,0,0,0,0,0,0,0,0,0,0,0,0,0,0,0,0,0,0,0,0,0,0,0,0,0,0,0,0,0,0,0,0,0,0,0,0,0,67368161.03,0,0,67368161.03,0,0,67368161.03,0,0,67368161.03,0,0,67368161.03,0,0,67368161.03,0,0,67368161.03,0,0,67368161.03,0,0,67368161.03,0,0,67368161.03,0,0,67368161.03,0,0,67368161.03,0,0,67368161.03,0,0,67368161.03,0,0,67368161.03,0,0,67368161.03,0,0,67368161.03,0,0,67368161.03,0,0,67368161.03,0,0,67368161.03,0,0,67368161.03,0,0,67368161.03,0,0,67368161.03,0,0,67368161.03,0,0,67368161.03,0,0,67368161.03,0,0,67368161.03,0,0,67368161.03,0,0,67368161.03,0,0,67368161.03,0,0,67368161.03,0,0,67368161.03,0,0,67368161.03,0,0,67368161.03,0,0,67368161.03,0,0,67368161.03,0,0,67368161.03,0,0,67368161.03,0,0,67368161.03,0,0,67368161.03,,,0,0,0,67368161.03,0,0,67368161.03,0,0,67368161.03,0,0,67368161.03,0,0,67368161.03,0,0,67368161.03,0,0,67368161.03
0,1,Moderna,2021-05-10,COVSICKLE,0,0,0,0,0,0,0,0,0,0,0,0,0,0,0,0,0,0,0,0,0,0,0,0,0,0,0,0,0,0,0,0,0,0,0,0,0,0,0,0,0,0,0,0,0,0,0,0,0,0,19248046.01,0,0,19248046.01,0,0,19248046.01,0,0,19248046.01,0,0,19248046.01,0,0,19248046.01,0,0,19248046.01,0,0,19248046.01,0,0,19248046.01,0,0,19248046.01,0,0,19248046.01,0,0,19248046.01,0,0,19248046.01,0,0,19248046.01,0,0,19248046.01,0,0,19248046.01,0,0,19248046.01,0,0,19248046.01,0,0,19248046.01,0,0,19248046.01,0,0,19248046.01,0,0,19248046.01,0,0,19248046.01,0,0,19248046.01,0,0,19248046.01,0,0,19248046.01,0,0,19248046.01,0,0,19248046.01,0,0,19248046.01,0,0,19248046.01,0,0,19248046.01,0,0,19248046.01,0,0,19248046.01,0,0,19248046.01,0,0,19248046.01,0,0,19248046.01,0,0,19248046.01,0,0,19248046.01,0,0,19248046.01,0,0,19248046.01,,,0,0,0,19248046.01,0,0,19248046.01,0,0,19248046.01,0,0,19248046.01,0,0,19248046.01,0,0,19248046.01,0,0,19248046.01
0,1,Moderna,2021-05-17,COVSICKLE,0,0,0,0,0,0,0,0,0,0,0,0,0,0,0,0,0,0,0,0,0,0,0,0,0,0,0,0,0,0,0,0,0,0,0,0,0,0,0,0,0,0,0,0,0,0,0,0,0,0,19248046.01,0,0,19248046.01,0,0,19248046.01,0,0,19248046.01,0,0,19248046.01,0,0,19248046.01,0,0,19248046.01,0,0,19248046.01,0,0,19248046.01,0,0,19248046.01,0,0,19248046.01,0,0,19248046.01,0,0,19248046.01,0,0,19248046.01,0,0,19248046.01,0,0,19248046.01,0,0,19248046.01,0,0,19248046.01,0,0,19248046.01,0,0,19248046.01,0,0,19248046.01,0,0,19248046.01,0,0,19248046.01,0,0,19248046.01,0,0,19248046.01,0,0,19248046.01,0,0,19248046.01,0,0,19248046.01,0,0,19248046.01,0,0,19248046.01,0,0,19248046.01,0,0,19248046.01,0,0,19248046.01,0,0,19248046.01,0,0,19248046.01,0,0,19248046.01,0,0,19248046.01,0,0,19248046.01,0,0,19248046.01,0,0,19248046.01,,,0,0,0,19248046.01,0,0,19248046.01,0,0,19248046.01,0,0,19248046.01,0,0,19248046.01,0,0,19248046.01,0,0,19248046.01
0,1,Moderna,2021-05-24,COVSICKLE,0,0,0,0,0,0,0,0,0,0,0,0,0,0,0,0,0,0,0,0,0,0,0,0,0,0,0,0,0,0,0,0,0,0,0,0,0,0,0,0,0,0,0,0,0,0,0,0,0,0,19248046.01,0,0,19248046.01,0,0,19248046.01,0,0,19248046.01,0,0,19248046.01,0,0,19248046.01,0,0,19248046.01,0,0,19248046.01,0,0,19248046.01,0,0,19248046.01,0,0,19248046.01,0,0,19248046.01,0,0,19248046.01,0,0,19248046.01,0,0,19248046.01,0,0,19248046.01,0,0,19248046.01,0,0,19248046.01,0,0,19248046.01,0,0,19248046.01,0,0,19248046.01,0,0,19248046.01,0,0,19248046.01,0,0,19248046.01,0,0,19248046.01,0,0,19248046.01,0,0,19248046.01,0,0,19248046.01,0,0,19248046.01,0,0,19248046.01,0,0,19248046.01,0,0,19248046.01,0,0,19248046.01,0,0,19248046.01,0,0,19248046.01,0,0,19248046.01,0,0,19248046.01,0,0,19248046.01,0,0,19248046.01,0,0,19248046.01,,,0,0,0,19248046.01,0,0,19248046.01,0,0,19248046.01,0,0,19248046.01,0,0,19248046.01,0,0,19248046.01,0,0,19248046.01
0,1,Moderna,2021-05-31,COVSICKLE,0,0,0,0,0,0,0,0,0,0,0,0,0,0,0,0,0,0,0,0,0,0,0,0,0,0,0,0,0,0,0,0,0,0,0,0,0,0,0,0,0,0,0,0,0,0,0,0,0,0,19248046.01,0,0,19248046.01,0,0,19248046.01,0,0,19248046.01,0,0,19248046.01,0,0,19248046.01,0,0,19248046.01,0,0,19248046.01,0,0,19248046.01,0,0,19248046.01,0,0,19248046.01,0,0,19248046.01,0,0,19248046.01,0,0,19248046.01,0,0,19248046.01,0,0,19248046.01,0,0,19248046.01,0,0,19248046.01,0,0,19248046.01,0,0,19248046.01,0,0,19248046.01,0,0,19248046.01,0,0,19248046.01,0,0,19248046.01,0,0,19248046.01,0,0,19248046.01,0,0,19248046.01,0,0,19248046.01,0,0,19248046.01,0,0,19248046.01,0,0,19248046.01,0,0,19248046.01,0,0,19248046.01,0,0,19248046.01,0,0,19248046.01,0,0,19248046.01,0,0,19248046.01,0,0,19248046.01,0,0,19248046.01,0,0,19248046.01,,,0,0,0,19248046.01,0,0,19248046.01,0,0,19248046.01,0,0,19248046.01,0,0,19248046.01,0,0,19248046.01,0,0,19248046.01
0,1,Moderna,2021-06-07,COVSICKLE,0,0,0,0,0,0,0,0,0,0,0,0,0,0,0,0,0,0,0,0,0,0,0,0,0,0,0,0,0,0,0,0,0,0,0,0,0,0,0,0,0,0,0,0,0,0,0,0,0,0,19248046.01,0,0,19248046.01,0,0,19248046.01,0,0,19248046.01,0,0,19248046.01,0,0,19248046.01,0,0,19248046.01,0,0,19248046.01,0,0,19248046.01,0,0,19248046.01,0,0,19248046.01,0,0,19248046.01,0,0,19248046.01,0,0,19248046.01,0,0,19248046.01,0,0,19248046.01,0,0,19248046.01,0,0,19248046.01,0,0,19248046.01,0,0,19248046.01,0,0,19248046.01,0,0,19248046.01,0,0,19248046.01,0,0,19248046.01,0,0,19248046.01,0,0,19248046.01,0,0,19248046.01,0,0,19248046.01,0,0,19248046.01,0,0,19248046.01,0,0,19248046.01,0,0,19248046.01,0,0,19248046.01,0,0,19248046.01,0,0,19248046.01,0,0,19248046.01,0,0,19248046.01,0,0,19248046.01,0,0,19248046.01,0,0,19248046.01,,,0,0,0,19248046.01,0,0,19248046.01,0,0,19248046.01,0,0,19248046.01,0,0,19248046.01,0,0,19248046.01,0,0,19248046.01
0,1,Moderna,2021-06-14,COVSICKLE,0,0,0,0,0,0,0,0,0,0,0,0,0,0,0,0,0,0,0,0,0,0,0,0,0,0,0,0,0,0,0,0,0,0,0,0,0,0,0,0,0,0,0,0,0,0,0,0,0,0,19248046.01,0,0,19248046.01,0,0,19248046.01,0,0,19248046.01,0,0,19248046.01,0,0,19248046.01,0,0,19248046.01,0,0,19248046.01,0,0,19248046.01,0,0,19248046.01,0,0,19248046.01,0,0,19248046.01,0,0,19248046.01,0,0,19248046.01,0,0,19248046.01,0,0,19248046.01,0,0,19248046.01,0,0,19248046.01,0,0,19248046.01,0,0,19248046.01,0,0,19248046.01,0,0,19248046.01,0,0,19248046.01,0,0,19248046.01,0,0,19248046.01,0,0,19248046.01,0,0,19248046.01,0,0,19248046.01,0,0,19248046.01,0,0,19248046.01,0,0,19248046.01,0,0,19248046.01,0,0,19248046.01,0,0,19248046.01,0,0,19248046.01,0,0,19248046.01,0,0,19248046.01,0,0,19248046.01,0,0,19248046.01,0,0,19248046.01,,,0,0,0,19248046.01,0,0,19248046.01,0,0,19248046.01,0,0,19248046.01,0,0,19248046.01,0,0,19248046.01,0,0,19248046.01
0,1,Moderna,2021-06-21,COVSICKLE,0,0,0,0,0,0,0,0,0,0,0,0,0,0,0,0,0,0,0,0,0,0,0,0,0,0,0,0,0,0,0,0,0,0,0,0,0,0,0,0,0,0,0,0,0,0,0,0,0,0,19248046.01,0,0,19248046.01,0,0,19248046.01,0,0,19248046.01,0,0,19248046.01,0,0,19248046.01,0,0,19248046.01,0,0,19248046.01,0,0,19248046.01,0,0,19248046.01,0,0,19248046.01,0,0,19248046.01,0,0,19248046.01,0,0,19248046.01,0,0,19248046.01,0,0,19248046.01,0,0,19248046.01,0,0,19248046.01,0,0,19248046.01,0,0,19248046.01,0,0,19248046.01,0,0,19248046.01,0,0,19248046.01,0,0,19248046.01,0,0,19248046.01,0,0,19248046.01,0,0,19248046.01,0,0,19248046.01,0,0,19248046.01,0,0,19248046.01,0,0,19248046.01,0,0,19248046.01,0,0,19248046.01,0,0,19248046.01,0,0,19248046.01,0,0,19248046.01,0,0,19248046.01,0,0,19248046.01,0,0,19248046.01,0,0,19248046.01,,,0,0,0,19248046.01,0,0,19248046.01,0,0,19248046.01,0,0,19248046.01,0,0,19248046.01,0,0,19248046.01,0,0,19248046.01
0,1,Moderna,2021-06-28,COVSICKLE,0,0,0,0,0,0,0,0,0,0,0,0,0,0,0,0,0,0,0,0,0,0,0,0,0,0,0,0,0,0,0,0,0,0,0,0,0,0,0,0,0,0,0,0,0,0,0,0,0,0,44912107.35,0,0,44912107.35,0,0,44912107.35,0,0,44912107.35,0,0,44912107.35,0,0,44912107.35,0,0,44912107.35,0,0,44912107.35,0,0,44912107.35,0,0,44912107.35,0,0,44912107.35,0,0,44912107.35,0,0,44912107.35,0,0,44912107.35,0,0,44912107.35,0,0,44912107.35,0,0,44912107.35,0,0,44912107.35,0,0,44912107.35,0,0,44912107.35,0,0,44912107.35,0,0,44912107.35,0,0,44912107.35,0,0,44912107.35,0,0,44912107.35,0,0,44912107.35,0,0,44912107.35,0,0,44912107.35,0,0,44912107.35,0,0,44912107.35,0,0,44912107.35,0,0,44912107.35,0,0,44912107.35,0,0,44912107.35,0,0,44912107.35,0,0,44912107.35,0,0,44912107.35,0,0,44912107.35,0,0,44912107.35,0,0,44912107.35,,,0,0,0,44912107.35,0,0,44912107.35,0,0,44912107.35,0,0,44912107.35,0,0,44912107.35,0,0,44912107.35,0,0,44912107.35
0,1,Pfizer,2021-04-05,COVSICKLE,0,0,0,0,0,0,0,0,0,0,0,0,0,0,0,0,0,0,0,0,0,0,0,0,0,0,0,0,0,0,0,0,0,0,0,0,0,0,0,0,0,0,0,0,0,0,0,0,0,0,16842040.26,0,0,16842040.26,0,0,16842040.26,0,0,16842040.26,0,0,134736322.06,0,0,134736322.06,0,0,16842040.26,0,0,16842040.26,0,0,16842040.26,0,0,16842040.26,0,0,16842040.26,0,0,16842040.26,0,0,16842040.26,0,0,16842040.26,0,0,16842040.26,0,0,16842040.26,0,0,134736322.06,0,0,134736322.06,0,0,16842040.26,0,0,16842040.26,0,0,16842040.26,0,0,16842040.26,0,0,16842040.26,0,0,16842040.26,0,0,16842040.26,0,0,16842040.26,0,0,16842040.26,0,0,16842040.26,0,0,16842040.26,0,0,16842040.26,0,0,16842040.26,0,0,16842040.26,0,0,16842040.26,0,0,16842040.26,0,0,16842040.26,0,0,16842040.26,0,0,16842040.26,0,0,16842040.26,0,0,16842040.26,0,0,16842040.26,,,0,0,0,16842040.26,0,0,16842040.26,0,0,16842040.26,0,0,16842040.26,0,0,16842040.26,0,0,16842040.26,0,0,16842040.26
0,1,Pfizer,2021-04-12,COVSICKLE,0,0,0,0,0,0,0,0,0,0,0,0,0,0,0,0,0,0,0,0,0,0,0,0,0,0,0,0,0,0,0,0,0,0,0,0,0,0,0,0,0,0,0,0,0,0,0,0,0,0,9624023,0,0,9624023,0,0,9624023,0,0,9624023,0,0,19248046.01,0,0,19248046.01,0,0,9624023,0,0,9624023,0,0,9624023,0,0,9624023,0,0,9624023,0,0,9624023,0,0,9624023,0,0,9624023,0,0,9624023,0,0,9624023,0,0,19248046.01,0,0,19248046.01,0,0,9624023,0,0,9624023,0,0,9624023,0,0,9624023,0,0,9624023,0,0,9624023,0,0,9624023,0,0,9624023,0,0,9624023,0,0,9624023,0,0,9624023,0,0,9624023,0,0,9624023,0,0,9624023,0,0,9624023,0,0,9624023,0,0,9624023,0,0,9624023,0,0,9624023,0,0,9624023,0,0,9624023,0,0,9624023,,,0,0,0,9624023,0,0,9624023,0,0,9624023,0,0,9624023,0,0,9624023,0,0,9624023,0,0,9624023
0,1,Pfizer,2021-04-19,COVSICKLE,0,0,0,0,0,0,0,0,0,0,0,0,0,0,0,0,0,0,0,0,0,0,0,0,0,0,0,0,0,0,0,0,0,0,0,0,0,0,0,0,0,0,0,0,0,0,0,0,0,0,9624023,0,0,9624023,0,0,9624023,0,0,9624023,0,0,19248046.01,0,0,19248046.01,0,0,9624023,0,0,9624023,0,0,9624023,0,0,9624023,0,0,9624023,0,0,9624023,0,0,9624023,0,0,9624023,0,0,9624023,0,0,9624023,0,0,19248046.01,0,0,19248046.01,0,0,9624023,0,0,9624023,0,0,9624023,0,0,9624023,0,0,9624023,0,0,9624023,0,0,9624023,0,0,9624023,0,0,9624023,0,0,9624023,0,0,9624023,0,0,9624023,0,0,9624023,0,0,9624023,0,0,9624023,0,0,9624023,0,0,9624023,0,0,9624023,0,0,9624023,0,0,9624023,0,0,9624023,0,0,9624023,,,0,0,0,9624023,0,0,9624023,0,0,9624023,0,0,9624023,0,0,9624023,0,0,9624023,0,0,9624023
0,1,Pfizer,2021-04-26,COVSICKLE,0,0,0,0,0,0,0,0,0,0,0,0,0,0,0,0,0,0,0,0,0,0,0,0,0,0,0,0,0,0,0,0,0,0,0,0,0,0,0,0,0,0,0,0,0,0,0,0,0,0,12248756.55,0,0,12248756.55,0,0,12248756.55,0,0,12248756.55,0,0,33684080.52,0,0,33684080.52,0,0,12248756.55,0,0,12248756.55,0,0,12248756.55,0,0,12248756.55,0,0,12248756.55,0,0,12248756.55,0,0,12248756.55,0,0,12248756.55,0,0,12248756.55,0,0,12248756.55,0,0,33684080.52,0,0,33684080.52,0,0,12248756.55,0,0,12248756.55,0,0,12248756.55,0,0,12248756.55,0,0,12248756.55,0,0,12248756.55,0,0,12248756.55,0,0,12248756.55,0,0,12248756.55,0,0,12248756.55,0,0,12248756.55,0,0,12248756.55,0,0,12248756.55,0,0,12248756.55,0,0,12248756.55,0,0,12248756.55,0,0,12248756.55,0,0,12248756.55,0,0,12248756.55,0,0,12248756.55,0,0,12248756.55,0,0,12248756.55,,,0,0,0,12248756.55,0,0,12248756.55,0,0,12248756.55,0,0,12248756.55,0,0,12248756.55,0,0,12248756.55,0,0,12248756.55
0,1,Pfizer,2021-03-22,COVSICKLE,0,0,0,0,0,0,0,0,0,0,0,0,0,0,0,0,0,0,0,0,0,0,0,0,0,0,0,0,0,0,0,0,0,0,0,0,0,0,0,0,0,0,0,0,0,0,0,0,0,0,9624023,0,0,9624023,0,0,9624023,0,0,19248046.01,0,0,19248046.01,0,0,19248046.01,0,0,9624023,0,0,9624023,0,0,9624023,0,0,9624023,0,0,9624023,0,0,9624023,0,0,9624023,0,0,9624023,0,0,9624023,0,0,9624023,0,0,19248046.01,0,0,19248046.01,0,0,9624023,0,0,9624023,0,0,9624023,0,0,9624023,0,0,9624023,0,0,9624023,0,0,9624023,0,0,9624023,0,0,9624023,0,0,9624023,0,0,9624023,0,0,9624023,0,0,9624023,0,0,9624023,0,0,9624023,0,0,9624023,0,0,9624023,0,0,9624023,0,0,9624023,0,0,9624023,0,0,9624023,0,0,9624023,0,0,19248046.01,0,0,9624023,0,0,9624023,0,0,9624023,0,0,9624023,0,0,9624023,0,0,9624023,0,0,9624023
0,1,Pfizer,2021-03-29,COVSICKLE,0,0,0,0,0,0,0,0,0,0,0,0,0,0,0,0,0,0,0,0,0,0,0,0,0,0,0,0,0,0,0,0,0,0,0,0,0,0,0,0,0,0,0,0,0,0,0,0,0,0,11228026.84,0,0,11228026.84,0,0,11228026.84,0,0,19248046.01,0,0,26947264.41,0,0,26947264.41,0,0,11228026.84,0,0,11228026.84,0,0,11228026.84,0,0,11228026.84,0,0,11228026.84,0,0,11228026.84,0,0,11228026.84,0,0,11228026.84,0,0,11228026.84,0,0,11228026.84,0,0,26947264.41,0,0,26947264.41,0,0,11228026.84,0,0,11228026.84,0,0,11228026.84,0,0,11228026.84,0,0,11228026.84,0,0,11228026.84,0,0,11228026.84,0,0,11228026.84,0,0,11228026.84,0,0,11228026.84,0,0,11228026.84,0,0,11228026.84,0,0,11228026.84,0,0,11228026.84,0,0,11228026.84,0,0,11228026.84,0,0,11228026.84,0,0,11228026.84,0,0,11228026.84,0,0,11228026.84,0,0,11228026.84,0,0,11228026.84,0,0,26947264.41,0,0,11228026.84,0,0,11228026.84,0,0,11228026.84,0,0,11228026.84,0,0,11228026.84,0,0,11228026.84,0,0,11228026.84
0,1,Pfizer,2021-05-03,COVSICKLE,0,0,0,0,0,0,0,0,0,0,0,0,0,0,0,0,0,0,0,0,0,0,0,0,0,0,0,0,0,0,0,0,0,0,0,0,0,0,0,0,0,0,0,0,0,0,0,0,0,0,19248046.01,0,0,19248046.01,0,0,19248046.01,0,0,19248046.01,,,0,,,0,0,0,19248046.01,0,0,19248046.01,0,0,19248046.01,0,0,19248046.01,0,0,19248046.01,0,0,19248046.01,0,0,19248046.01,0,0,19248046.01,0,0,19248046.01,0,0,19248046.01,,,0,,,0,0,0,19248046.01,0,0,19248046.01,0,0,19248046.01,0,0,19248046.01,0,0,19248046.01,0,0,19248046.01,0,0,19248046.01,0,0,19248046.01,0,0,19248046.01,0,0,19248046.01,0,0,19248046.01,0,0,19248046.01,0,0,19248046.01,0,0,19248046.01,0,0,19248046.01,0,0,19248046.01,0,0,19248046.01,0,0,19248046.01,0,0,19248046.01,0,0,19248046.01,0,0,19248046.01,0,0,19248046.01,,,0,0,0,19248046.01,0,0,19248046.01,0,0,19248046.01,0,0,19248046.01,0,0,19248046.01,0,0,19248046.01,0,0,19248046.01
0,1,Pfizer,2021-05-10,COVSICKLE,0,0,0,0,0,0,0,0,0,0,0,0,0,0,0,0,0,0,0,0,0,0,0,0,0,0,0,0,0,0,0,0,0,0,0,0,0,0,0,0,0,0,0,0,0,0,0,0,0,0,19248046.01,0,0,19248046.01,0,0,19248046.01,0,0,19248046.01,,,0,,,0,0,0,19248046.01,0,0,19248046.01,0,0,19248046.01,0,0,19248046.01,0,0,19248046.01,0,0,19248046.01,0,0,19248046.01,0,0,19248046.01,0,0,19248046.01,0,0,19248046.01,,,0,,,0,0,0,19248046.01,0,0,19248046.01,0,0,19248046.01,0,0,19248046.01,0,0,19248046.01,0,0,19248046.01,0,0,19248046.01,0,0,19248046.01,0,0,19248046.01,0,0,19248046.01,0,0,19248046.01,0,0,19248046.01,0,0,19248046.01,0,0,19248046.01,0,0,19248046.01,0,0,19248046.01,0,0,19248046.01,0,0,19248046.01,0,0,19248046.01,0,0,19248046.01,0,0,19248046.01,0,0,19248046.01,,,0,0,0,19248046.01,0,0,19248046.01,0,0,19248046.01,0,0,19248046.01,0,0,19248046.01,0,0,19248046.01,0,0,19248046.01
0,1,Pfizer,2021-05-17,COVSICKLE,0,0,0,0,0,0,0,0,0,0,0,0,0,0,0,0,0,0,0,0,0,0,0,0,0,0,0,0,0,0,0,0,0,0,0,0,0,0,0,0,0,0,0,0,0,0,0,0,0,0,19248046.01,0,0,19248046.01,0,0,19248046.01,0,0,19248046.01,,,0,,,0,0,0,19248046.01,0,0,19248046.01,0,0,19248046.01,0,0,19248046.01,0,0,19248046.01,0,0,19248046.01,0,0,19248046.01,0,0,19248046.01,0,0,19248046.01,0,0,19248046.01,,,0,,,0,0,0,19248046.01,0,0,19248046.01,0,0,19248046.01,0,0,19248046.01,0,0,19248046.01,0,0,19248046.01,0,0,19248046.01,0,0,19248046.01,0,0,19248046.01,0,0,19248046.01,0,0,19248046.01,0,0,19248046.01,0,0,19248046.01,0,0,19248046.01,0,0,19248046.01,0,0,19248046.01,0,0,19248046.01,0,0,19248046.01,0,0,19248046.01,0,0,19248046.01,0,0,19248046.01,0,0,19248046.01,,,0,0,0,19248046.01,0,0,19248046.01,0,0,19248046.01,0,0,19248046.01,0,0,19248046.01,0,0,19248046.01,0,0,19248046.01
0,1,Pfizer,2021-05-24,COVSICKLE,0,0,0,0,0,0,0,0,0,0,0,0,0,0,0,0,0,0,0,0,0,0,0,0,0,0,0,0,0,0,0,0,0,0,0,0,0,0,0,0,0,0,0,0,0,0,0,0,0,0,19248046.01,0,0,19248046.01,0,0,19248046.01,0,0,19248046.01,,,0,,,0,0,0,19248046.01,0,0,19248046.01,0,0,19248046.01,0,0,19248046.01,0,0,19248046.01,0,0,19248046.01,0,0,19248046.01,0,0,19248046.01,0,0,19248046.01,0,0,19248046.01,,,0,,,0,0,0,19248046.01,0,0,19248046.01,0,0,19248046.01,0,0,19248046.01,0,0,19248046.01,0,0,19248046.01,0,0,19248046.01,0,0,19248046.01,0,0,19248046.01,0,0,19248046.01,0,0,19248046.01,0,0,19248046.01,0,0,19248046.01,0,0,19248046.01,0,0,19248046.01,0,0,19248046.01,0,0,19248046.01,0,0,19248046.01,0,0,19248046.01,0,0,19248046.01,0,0,19248046.01,0,0,19248046.01,,,0,0,0,19248046.01,0,0,19248046.01,0,0,19248046.01,0,0,19248046.01,0,0,19248046.01,0,0,19248046.01,0,0,19248046.01
0,1,Pfizer,2021-05-31,COVSICKLE,0,0,0,0,0,0,0,0,0,0,0,0,0,0,0,0,0,0,0,0,0,0,0,0,0,0,0,0,0,0,0,0,0,0,0,0,0,0,0,0,0,0,0,0,0,0,0,0,0,0,19248046.01,0,0,19248046.01,0,0,19248046.01,0,0,19248046.01,,,0,,,0,0,0,19248046.01,0,0,19248046.01,0,0,19248046.01,0,0,19248046.01,0,0,19248046.01,0,0,19248046.01,0,0,19248046.01,0,0,19248046.01,0,0,19248046.01,0,0,19248046.01,,,0,,,0,0,0,19248046.01,0,0,19248046.01,0,0,19248046.01,0,0,19248046.01,0,0,19248046.01,0,0,19248046.01,0,0,19248046.01,0,0,19248046.01,0,0,19248046.01,0,0,19248046.01,0,0,19248046.01,0,0,19248046.01,0,0,19248046.01,0,0,19248046.01,0,0,19248046.01,0,0,19248046.01,0,0,19248046.01,0,0,19248046.01,0,0,19248046.01,0,0,19248046.01,0,0,19248046.01,0,0,19248046.01,,,0,0,0,19248046.01,0,0,19248046.01,0,0,19248046.01,0,0,19248046.01,0,0,19248046.01,0,0,19248046.01,0,0,19248046.01
0,1,Pfizer,2021-06-07,COVSICKLE,0,0,0,0,0,0,0,0,0,0,0,0,0,0,0,0,0,0,0,0,0,0,0,0,0,0,0,0,0,0,0,0,0,0,0,0,0,0,0,0,0,0,0,0,0,0,0,0,0,0,19248046.01,0,0,19248046.01,0,0,19248046.01,0,0,19248046.01,,,0,,,0,0,0,19248046.01,0,0,19248046.01,0,0,19248046.01,0,0,19248046.01,0,0,19248046.01,0,0,19248046.01,0,0,19248046.01,0,0,19248046.01,0,0,19248046.01,0,0,19248046.01,,,0,,,0,0,0,19248046.01,0,0,19248046.01,0,0,19248046.01,0,0,19248046.01,0,0,19248046.01,0,0,19248046.01,0,0,19248046.01,0,0,19248046.01,0,0,19248046.01,0,0,19248046.01,0,0,19248046.01,0,0,19248046.01,0,0,19248046.01,0,0,19248046.01,0,0,19248046.01,0,0,19248046.01,0,0,19248046.01,0,0,19248046.01,0,0,19248046.01,0,0,19248046.01,0,0,19248046.01,0,0,19248046.01,,,0,0,0,19248046.01,0,0,19248046.01,0,0,19248046.01,0,0,19248046.01,0,0,19248046.01,0,0,19248046.01,0,0,19248046.01
0,1,Pfizer,2021-06-14,COVSICKLE,0,0,0,0,0,0,0,0,0,0,0,0,0,0,0,0,0,0,0,0,0,0,0,0,0,0,0,0,0,0,0,0,0,0,0,0,0,0,0,0,0,0,0,0,0,0,0,0,0,0,19248046.01,0,0,19248046.01,0,0,19248046.01,0,0,19248046.01,,,0,,,0,0,0,19248046.01,0,0,19248046.01,0,0,19248046.01,0,0,19248046.01,0,0,19248046.01,0,0,19248046.01,0,0,19248046.01,0,0,19248046.01,0,0,19248046.01,0,0,19248046.01,,,0,,,0,0,0,19248046.01,0,0,19248046.01,0,0,19248046.01,0,0,19248046.01,0,0,19248046.01,0,0,19248046.01,0,0,19248046.01,0,0,19248046.01,0,0,19248046.01,0,0,19248046.01,0,0,19248046.01,0,0,19248046.01,0,0,19248046.01,0,0,19248046.01,0,0,19248046.01,0,0,19248046.01,0,0,19248046.01,0,0,19248046.01,0,0,19248046.01,0,0,19248046.01,0,0,19248046.01,0,0,19248046.01,,,0,0,0,19248046.01,0,0,19248046.01,0,0,19248046.01,0,0,19248046.01,0,0,19248046.01,0,0,19248046.01,0,0,19248046.01
0,1,Pfizer,2021-06-21,COVSICKLE,0,0,0,0,0,0,0,0,0,0,0,0,0,0,0,0,0,0,0,0,0,0,0,0,0,0,0,0,0,0,0,0,0,0,0,0,0,0,0,0,0,0,0,0,0,0,0,0,0,0,19248046.01,0,0,19248046.01,0,0,19248046.01,0,0,19248046.01,,,0,,,0,0,0,19248046.01,0,0,19248046.01,0,0,19248046.01,0,0,19248046.01,0,0,19248046.01,0,0,19248046.01,0,0,19248046.01,0,0,19248046.01,0,0,19248046.01,0,0,19248046.01,,,0,,,0,0,0,19248046.01,0,0,19248046.01,0,0,19248046.01,0,0,19248046.01,0,0,19248046.01,0,0,19248046.01,0,0,19248046.01,0,0,19248046.01,0,0,19248046.01,0,0,19248046.01,0,0,19248046.01,0,0,19248046.01,0,0,19248046.01,0,0,19248046.01,0,0,19248046.01,0,0,19248046.01,0,0,19248046.01,0,0,19248046.01,0,0,19248046.01,0,0,19248046.01,0,0,19248046.01,0,0,19248046.01,,,0,0,0,19248046.01,0,0,19248046.01,0,0,19248046.01,0,0,19248046.01,0,0,19248046.01,0,0,19248046.01,0,0,19248046.01
0,1,Pfizer,2021-06-28,COVSICKLE,0,0,0,0,0,0,0,0,0,0,0,0,0,0,0,0,0,0,0,0,0,0,0,0,0,0,0,0,0,0,0,0,0,0,0,0,0,0,0,0,0,0,0,0,0,0,0,0,0,0,44912107.35,0,0,44912107.35,0,0,44912107.35,0,0,44912107.35,,,0,,,0,0,0,44912107.35,0,0,44912107.35,0,0,44912107.35,0,0,44912107.35,0,0,44912107.35,0,0,44912107.35,0,0,44912107.35,0,0,44912107.35,0,0,44912107.35,0,0,44912107.35,,,0,,,0,0,0,44912107.35,0,0,44912107.35,0,0,44912107.35,0,0,44912107.35,0,0,44912107.35,0,0,44912107.35,0,0,44912107.35,0,0,44912107.35,0,0,44912107.35,0,0,44912107.35,0,0,44912107.35,0,0,44912107.35,0,0,44912107.35,0,0,44912107.35,0,0,44912107.35,0,0,44912107.35,0,0,44912107.35,0,0,44912107.35,0,0,44912107.35,0,0,44912107.35,0,0,44912107.35,0,0,44912107.35,,,0,0,0,44912107.35,0,0,44912107.35,0,0,44912107.35,0,0,44912107.35,0,0,44912107.35,0,0,44912107.35,0,0,44912107.35
1,0,0,2020-01-06,COVSICKLE,0,0,0,0,0,0,0,0,0,0,0,0,0,0,0,0,0,0,0,0,0,0,0,0,0,0,0,0,0,0,0,0,0,0,0,0,0,0,0,0,0,0,0,0,0,0,0,0,0,0,4812011.5,0,0,4812011.5,0,0,4812011.5,0,0,4812011.5,0,0,4812011.5,0,0,4812011.5,0,0,4812011.5,0,0,4812011.5,0,0,4812011.5,0,0,4812011.5,0,0,4812011.5,0,0,4812011.5,0,0,4812011.5,0,0,4812011.5,0,0,4812011.5,0,0,4812011.5,0,0,4812011.5,0,0,4812011.5,0,0,4812011.5,0,0,4812011.5,0,0,4812011.5,0,0,4812011.5,0,0,4812011.5,0,0,4812011.5,0,0,4812011.5,0,0,4812011.5,0,0,4812011.5,0,0,4812011.5,0,0,4812011.5,0,0,4812011.5,0,0,4812011.5,0,0,4812011.5,0,0,4812011.5,0,0,4812011.5,0,0,4812011.5,0,0,4812011.5,0,0,4812011.5,0,0,4812011.5,0,0,4812011.5,0,0,4812011.5,0,0,6416015.34,0,0,4812011.5,0,0,4812011.5,0,0,4812011.5,0,0,4812011.5,0,0,4812011.5,0,0,4812011.5,0,0,4812011.5
1,0,0,2020-01-13,COVSICKLE,0,0,0,0,0,0,0,0,0,0,0,0,0,0,0,0,0,0,0,0,0,0,0,0,0,0,0,0,0,0,0,0,0,0,0,0,0,0,0,0,0,0,0,0,0,0,0,0,0,0,4812011.5,0,0,4812011.5,0,0,4812011.5,0,0,4812011.5,0,0,4812011.5,0,0,4812011.5,0,0,4812011.5,0,0,4812011.5,0,0,4812011.5,0,0,4812011.5,0,0,4812011.5,0,0,4812011.5,0,0,4812011.5,0,0,4812011.5,0,0,4812011.5,0,0,4812011.5,0,0,4812011.5,0,0,4812011.5,0,0,4812011.5,0,0,4812011.5,0,0,4812011.5,0,0,4812011.5,0,0,4812011.5,0,0,4812011.5,0,0,4812011.5,0,0,4812011.5,0,0,4812011.5,0,0,4812011.5,0,0,4812011.5,0,0,4812011.5,0,0,4812011.5,0,0,4812011.5,0,0,4812011.5,0,0,4812011.5,0,0,4812011.5,0,0,4812011.5,0,0,4812011.5,0,0,4812011.5,0,0,4812011.5,0,0,4812011.5,0,0,6416015.34,0,0,4812011.5,0,0,4812011.5,0,0,4812011.5,0,0,4812011.5,0,0,4812011.5,0,0,4812011.5,0,0,4812011.5
1,0,0,2020-01-20,COVSICKLE,0,0,0,0,0,0,0,0,0,0,0,0,0,0,0,0,0,0,0,0,0,0,0,0,0,0,0,0,0,0,0,0,0,0,0,0,0,0,0,0,0,0,0,0,0,0,0,0,0,0,4812011.5,0,0,4812011.5,0,0,4812011.5,0,0,4812011.5,0,0,4812011.5,0,0,4812011.5,0,0,4812011.5,0,0,4812011.5,0,0,4812011.5,0,0,4812011.5,0,0,4812011.5,0,0,4812011.5,0,0,4812011.5,0,0,4812011.5,0,0,4812011.5,0,0,4812011.5,0,0,4812011.5,0,0,4812011.5,0,0,4812011.5,0,0,4812011.5,0,0,4812011.5,0,0,4812011.5,0,0,4812011.5,0,0,4812011.5,0,0,4812011.5,0,0,4812011.5,0,0,4812011.5,0,0,4812011.5,0,0,4812011.5,0,0,4812011.5,0,0,4812011.5,0,0,4812011.5,0,0,4812011.5,0,0,4812011.5,0,0,4812011.5,0,0,4812011.5,0,0,4812011.5,0,0,4812011.5,0,0,4812011.5,0,0,4812011.5,0,0,6416015.34,0,0,4812011.5,0,0,4812011.5,0,0,4812011.5,0,0,4812011.5,0,0,4812011.5,0,0,4812011.5,0,0,4812011.5
1,0,0,2020-01-27,COVSICKLE,0,0,0,0,0,0,0,0,0,0,0,0,0,0,0,0,0,0,0,0,0,0,0,0,0,0,0,0,0,0,0,0,0,0,0,0,0,0,0,0,0,0,0,0,0,0,0,0,0,0,4812011.5,0,0,4812011.5,0,0,4812011.5,0,0,4812011.5,0,0,4812011.5,0,0,4812011.5,0,0,4812011.5,0,0,4812011.5,0,0,4812011.5,0,0,4812011.5,0,0,4812011.5,0,0,4812011.5,0,0,4812011.5,0,0,4812011.5,0,0,4812011.5,0,0,4812011.5,0,0,4812011.5,0,0,4812011.5,0,0,4812011.5,0,0,4812011.5,0,0,4812011.5,0,0,4812011.5,0,0,4812011.5,0,0,4812011.5,0,0,4812011.5,0,0,4812011.5,0,0,4812011.5,0,0,4812011.5,0,0,4812011.5,0,0,4812011.5,0,0,4812011.5,0,0,4812011.5,0,0,4812011.5,0,0,4812011.5,0,0,4812011.5,0,0,4812011.5,0,0,4812011.5,0,0,4812011.5,0,0,4812011.5,0,0,4812011.5,0,0,6416015.34,0,0,4812011.5,0,0,4812011.5,0,0,4812011.5,0,0,4812011.5,0,0,4812011.5,0,0,4812011.5,0,0,4812011.5
1,0,0,2020-02-03,COVSICKLE,0,0,0,0,0,0,0,0,0,0,0,0,0,0,0,0,0,0,0,0,0,0,0,0,0,0,0,0,0,0,0,0,0,0,0,0,0,0,0,0,0,0,0,0,0,0,0,0,0,0,4812011.5,0,0,4812011.5,0,0,4812011.5,0,0,4812011.5,0,0,4812011.5,0,0,4812011.5,0,0,4812011.5,0,0,4812011.5,0,0,4812011.5,0,0,4812011.5,0,0,4812011.5,0,0,4812011.5,0,0,4812011.5,0,0,4812011.5,0,0,4812011.5,0,0,4812011.5,0,0,4812011.5,0,0,4812011.5,0,0,4812011.5,0,0,4812011.5,0,0,4812011.5,0,0,4812011.5,0,0,4812011.5,0,0,4812011.5,0,0,4812011.5,0,0,4812011.5,0,0,4812011.5,0,0,4812011.5,0,0,4812011.5,0,0,4812011.5,0,0,4812011.5,0,0,4812011.5,0,0,4812011.5,0,0,4812011.5,0,0,4812011.5,0,0,4812011.5,0,0,4812011.5,0,0,4812011.5,0,0,4812011.5,0,0,4812011.5,0,0,6416015.34,0,0,4812011.5,0,0,4812011.5,0,0,4812011.5,0,0,4812011.5,0,0,4812011.5,0,0,4812011.5,0,0,4812011.5
1,0,0,2020-02-10,COVSICKLE,0,0,0,0,0,0,0,0,0,0,0,0,0,0,0,0,0,0,0,0,0,0,0,0,0,0,0,0,0,0,0,0,0,0,0,0,0,0,0,0,0,0,0,0,0,0,0,0,0,0,4812011.5,0,0,4812011.5,0,0,4812011.5,0,0,4812011.5,0,0,4812011.5,0,0,4812011.5,0,0,4812011.5,0,0,4812011.5,0,0,4812011.5,0,0,4812011.5,0,0,4812011.5,0,0,4812011.5,0,0,4812011.5,0,0,4812011.5,0,0,4812011.5,0,0,4812011.5,0,0,4812011.5,0,0,4812011.5,0,0,4812011.5,0,0,4812011.5,0,0,4812011.5,0,0,4812011.5,0,0,4812011.5,0,0,4812011.5,0,0,4812011.5,0,0,4812011.5,0,0,4812011.5,0,0,4812011.5,0,0,4812011.5,0,0,4812011.5,0,0,4812011.5,0,0,4812011.5,0,0,4812011.5,0,0,4812011.5,0,0,4812011.5,0,0,4812011.5,0,0,4812011.5,0,0,4812011.5,0,0,4812011.5,0,0,4812011.5,0,0,6416015.34,0,0,4812011.5,0,0,4812011.5,0,0,4812011.5,0,0,4812011.5,0,0,4812011.5,0,0,4812011.5,0,0,4812011.5
1,0,0,2020-02-17,COVSICKLE,0,0,0,0,0,0,0,0,0,0,0,0,0,0,0,0,0,0,0,0,0,0,0,0,0,0,0,0,0,0,0,0,0,0,0,0,0,0,0,0,0,0,0,0,0,0,0,0,0,0,4812011.5,0,0,4812011.5,0,0,4812011.5,0,0,4812011.5,0,0,4812011.5,0,0,4812011.5,0,0,4812011.5,0,0,4812011.5,0,0,4812011.5,0,0,4812011.5,0,0,4812011.5,0,0,4812011.5,0,0,4812011.5,0,0,4812011.5,0,0,4812011.5,0,0,4812011.5,0,0,4812011.5,0,0,4812011.5,0,0,4812011.5,0,0,4812011.5,0,0,4812011.5,0,0,4812011.5,0,0,4812011.5,0,0,4812011.5,0,0,4812011.5,0,0,4812011.5,0,0,4812011.5,0,0,4812011.5,0,0,4812011.5,0,0,4812011.5,0,0,4812011.5,0,0,4812011.5,0,0,4812011.5,0,0,4812011.5,0,0,4812011.5,0,0,4812011.5,0,0,4812011.5,0,0,4812011.5,0,0,4812011.5,0,0,4812011.5,0,0,6416015.34,0,0,4812011.5,0,0,4812011.5,0,0,4812011.5,0,0,4812011.5,0,0,4812011.5,0,0,4812011.5,0,0,4812011.5
1,0,0,2020-02-24,COVSICKLE,0,0,0,0,0,0,0,0,0,0,0,0,0,0,0,0,0,0,0,0,0,0,0,0,0,0,0,0,0,0,0,0,0,0,0,0,0,0,0,0,0,0,0,0,0,0,0,0,0,0,4812011.5,0,0,4812011.5,0,0,4812011.5,0,0,4812011.5,0,0,4812011.5,0,0,4812011.5,0,0,4812011.5,0,0,4812011.5,0,0,4812011.5,0,0,4812011.5,0,0,4812011.5,0,0,4812011.5,0,0,4812011.5,0,0,4812011.5,0,0,4812011.5,0,0,4812011.5,0,0,4812011.5,0,0,4812011.5,0,0,4812011.5,0,0,4812011.5,0,0,4812011.5,0,0,4812011.5,0,0,4812011.5,0,0,4812011.5,0,0,4812011.5,0,0,4812011.5,0,0,4812011.5,0,0,4812011.5,0,0,4812011.5,0,0,4812011.5,0,0,4812011.5,0,0,4812011.5,0,0,4812011.5,0,0,4812011.5,0,0,4812011.5,0,0,4812011.5,0,0,4812011.5,0,0,4812011.5,0,0,4812011.5,0,0,4812011.5,0,0,6416015.34,0,0,4812011.5,0,0,4812011.5,0,0,4812011.5,0,0,4812011.5,0,0,4812011.5,0,0,4812011.5,0,0,4812011.5
1,0,0,2020-03-02,COVSICKLE,0,0,0,0,0,0,0,0,0,0,0,0,0,0,0,0,0,0,0,0,0,0,0,0,0,0,0,0,0,0,0,0,0,0,0,0,0,0,0,0,0,0,0,0,0,0,0,0,0,0,4812011.5,0,0,4812011.5,0,0,4812011.5,0,0,4812011.5,0,0,4812011.5,0,0,4812011.5,0,0,4812011.5,0,0,4812011.5,0,0,4812011.5,0,0,4812011.5,0,0,4812011.5,0,0,4812011.5,0,0,4812011.5,0,0,4812011.5,0,0,4812011.5,0,0,4812011.5,0,0,4812011.5,0,0,4812011.5,0,0,4812011.5,0,0,4812011.5,0,0,4812011.5,0,0,4812011.5,0,0,4812011.5,0,0,4812011.5,0,0,4812011.5,0,0,4812011.5,0,0,4812011.5,0,0,4812011.5,0,0,4812011.5,0,0,4812011.5,0,0,4812011.5,0,0,4812011.5,0,0,4812011.5,0,0,4812011.5,0,0,4812011.5,0,0,4812011.5,0,0,4812011.5,0,0,4812011.5,0,0,4812011.5,0,0,4812011.5,0,0,6416015.34,0,0,4812011.5,0,0,4812011.5,0,0,4812011.5,0,0,4812011.5,0,0,4812011.5,0,0,4812011.5,0,0,4812011.5
1,0,0,2020-03-09,COVSICKLE,0,0,0,0,0,0,0,0,0,0,0,0,0,0,0,0,0,0,0,0,0,0,0,0,0,0,0,0,0,0,0,0,0,0,0,0,0,0,0,0,0,0,0,0,0,0,0,0,0,0,4812011.5,0,0,4812011.5,0,0,4812011.5,0,0,4812011.5,0,0,4812011.5,0,0,4812011.5,0,0,4812011.5,0,0,4812011.5,0,0,4812011.5,0,0,4812011.5,0,0,4812011.5,0,0,4812011.5,0,0,4812011.5,0,0,4812011.5,0,0,4812011.5,0,0,4812011.5,0,0,4812011.5,0,0,4812011.5,0,0,4812011.5,0,0,4812011.5,0,0,4812011.5,0,0,4812011.5,0,0,4812011.5,0,0,4812011.5,0,0,4812011.5,0,0,4812011.5,0,0,4812011.5,0,0,4812011.5,0,0,4812011.5,0,0,4812011.5,0,0,4812011.5,0,0,4812011.5,0,0,4812011.5,0,0,4812011.5,0,0,4812011.5,0,0,4812011.5,0,0,4812011.5,0,0,4812011.5,0,0,4812011.5,0,0,4812011.5,0,0,6416015.34,0,0,4812011.5,0,0,4812011.5,0,0,4812011.5,0,0,4812011.5,0,0,4812011.5,0,0,4812011.5,0,0,4812011.5
1,0,0,2020-03-16,COVSICKLE,0,0,0,0,0,0,0,0,0,0,0,0,0,0,0,0,0,0,0,0,0,0,0,0,0,0,0,0,0,0,0,0,0,0,0,0,0,0,0,0,0,0,0,0,0,0,0,0,0,0,4812011.5,0,0,4812011.5,0,0,4812011.5,0,0,4812011.5,0,0,4812011.5,0,0,4812011.5,0,0,4812011.5,0,0,4812011.5,0,0,4812011.5,0,0,4812011.5,0,0,4812011.5,0,0,4812011.5,0,0,4812011.5,0,0,4812011.5,0,0,4812011.5,0,0,4812011.5,0,0,4812011.5,0,0,4812011.5,0,0,4812011.5,0,0,4812011.5,0,0,4812011.5,0,0,4812011.5,0,0,4812011.5,0,0,4812011.5,0,0,4812011.5,0,0,4812011.5,0,0,4812011.5,0,0,4812011.5,0,0,4812011.5,0,0,4812011.5,0,0,4812011.5,0,0,4812011.5,0,0,4812011.5,0,0,4812011.5,0,0,4812011.5,0,0,4812011.5,0,0,4812011.5,0,0,4812011.5,0,0,4812011.5,0,0,4812011.5,0,0,6416015.34,0,0,4812011.5,0,0,4812011.5,0,0,4812011.5,0,0,4812011.5,0,0,4812011.5,0,0,4812011.5,0,0,4812011.5
1,0,0,2020-03-23,COVSICKLE,0,0,0,0,0,0,0,0,0,0,0,0,0,0,0,0,0,0,0,0,0,0,0,0,0,0,0,0,0,0,0,0,0,0,0,0,0,0,0,0,0,0,0,0,0,0,0,0,0,0,4812011.5,0,0,4812011.5,0,0,4812011.5,0,0,4812011.5,0,0,4812011.5,0,0,4812011.5,0,0,4812011.5,0,0,4812011.5,0,0,4812011.5,0,0,4812011.5,0,0,4812011.5,0,0,4812011.5,0,0,4812011.5,0,0,4812011.5,0,0,4812011.5,0,0,4812011.5,0,0,4812011.5,0,0,4812011.5,0,0,4812011.5,0,0,4812011.5,0,0,4812011.5,0,0,4812011.5,0,0,4812011.5,0,0,4812011.5,0,0,4812011.5,0,0,4812011.5,0,0,4812011.5,0,0,4812011.5,0,0,4812011.5,0,0,4812011.5,0,0,4812011.5,0,0,4812011.5,0,0,4812011.5,0,0,4812011.5,0,0,4812011.5,0,0,4812011.5,0,0,4812011.5,0,0,4812011.5,0,0,4812011.5,0,0,4812011.5,0,0,6416015.34,0,0,4812011.5,0,0,4812011.5,0,0,4812011.5,0,0,4812011.5,0,0,4812011.5,0,0,4812011.5,0,0,4812011.5
1,0,0,2020-03-30,COVSICKLE,0,0,0,0,0,0,0,0,0,0,0,0,0,0,0,0,0,0,0,0,0,0,0,0,0,0,0,0,0,0,0,0,0,0,0,0,0,0,0,0,0,0,0,0,0,0,0,0,0,0,4812011.5,0,0,4812011.5,0,0,4812011.5,0,0,4812011.5,0,0,4812011.5,0,0,4812011.5,0,0,4812011.5,0,0,4812011.5,0,0,4812011.5,0,0,4812011.5,0,0,4812011.5,0,0,4812011.5,0,0,4812011.5,0,0,4812011.5,0,0,4812011.5,0,0,4812011.5,0,0,4812011.5,0,0,4812011.5,0,0,4812011.5,0,0,4812011.5,0,0,4812011.5,0,0,4812011.5,0,0,4812011.5,0,0,4812011.5,0,0,4812011.5,0,0,4812011.5,0,0,4812011.5,0,0,4812011.5,0,0,4812011.5,0,0,4812011.5,0,0,4812011.5,0,0,4812011.5,0,0,4812011.5,0,0,4812011.5,0,0,4812011.5,0,0,4812011.5,0,0,4812011.5,0,0,4812011.5,0,0,4812011.5,0,0,4812011.5,0,0,6416015.34,0,0,4812011.5,0,0,4812011.5,0,0,4812011.5,0,0,4812011.5,0,0,4812011.5,0,0,4812011.5,0,0,4812011.5
1,0,0,2020-04-06,COVSICKLE,0,0,0,0,0,0,0,0,0,0,0,0,0,0,0,0,0,0,0,0,0,0,0,0,0,0,0,0,0,0,0,0,0,0,0,0,0,0,0,0,0,0,0,0,0,0,0,0,0,0,4812011.5,0,0,4812011.5,0,0,4812011.5,0,0,4812011.5,0,0,4812011.5,0,0,4812011.5,0,0,4812011.5,0,0,4812011.5,0,0,4812011.5,0,0,4812011.5,0,0,4812011.5,0,0,4812011.5,0,0,4812011.5,0,0,4812011.5,0,0,4812011.5,0,0,4812011.5,0,0,4812011.5,0,0,4812011.5,0,0,4812011.5,0,0,4812011.5,0,0,4812011.5,0,0,4812011.5,0,0,4812011.5,0,0,4812011.5,0,0,4812011.5,0,0,4812011.5,0,0,4812011.5,0,0,4812011.5,0,0,4812011.5,0,0,4812011.5,0,0,4812011.5,0,0,4812011.5,0,0,4812011.5,0,0,4812011.5,0,0,4812011.5,0,0,4812011.5,0,0,4812011.5,0,0,4812011.5,0,0,4812011.5,0,0,4812011.5,0,0,6416015.34,0,0,4812011.5,0,0,4812011.5,0,0,4812011.5,0,0,4812011.5,0,0,4812011.5,0,0,4812011.5,0,0,4812011.5
1,0,0,2020-04-13,COVSICKLE,0,0,0,0,0,0,0,0,0,0,0,0,0,0,0,0,0,0,0,0,0,0,0,0,0,0,0,0,0,0,0,0,0,0,0,0,0,0,0,0,0,0,0,0,0,0,0,0,0,0,4812011.5,0,0,4812011.5,0,0,4812011.5,0,0,4812011.5,0,0,4812011.5,0,0,4812011.5,0,0,4812011.5,0,0,4812011.5,0,0,4812011.5,0,0,4812011.5,0,0,4812011.5,0,0,4812011.5,0,0,4812011.5,0,0,4812011.5,0,0,4812011.5,0,0,4812011.5,0,0,4812011.5,0,0,4812011.5,0,0,4812011.5,0,0,4812011.5,0,0,4812011.5,0,0,4812011.5,0,0,4812011.5,0,0,4812011.5,0,0,4812011.5,0,0,4812011.5,0,0,4812011.5,0,0,4812011.5,0,0,4812011.5,0,0,4812011.5,0,0,4812011.5,0,0,4812011.5,0,0,4812011.5,0,0,4812011.5,0,0,4812011.5,0,0,4812011.5,0,0,4812011.5,0,0,4812011.5,0,0,4812011.5,0,0,4812011.5,0,0,6416015.34,0,0,4812011.5,0,0,4812011.5,0,0,4812011.5,0,0,4812011.5,0,0,4812011.5,0,0,4812011.5,0,0,4812011.5
1,0,0,2020-04-20,COVSICKLE,0,0,0,0,0,0,0,0,0,0,0,0,0,0,0,0,0,0,0,0,0,0,0,0,0,0,0,0,0,0,0,0,0,0,0,0,0,0,0,0,0,0,0,0,0,0,0,0,0,0,4812011.5,0,0,4812011.5,0,0,4812011.5,0,0,4812011.5,0,0,4812011.5,0,0,4812011.5,0,0,4812011.5,0,0,4812011.5,0,0,4812011.5,0,0,4812011.5,0,0,4812011.5,0,0,4812011.5,0,0,4812011.5,0,0,4812011.5,0,0,4812011.5,0,0,4812011.5,0,0,4812011.5,0,0,4812011.5,0,0,4812011.5,0,0,4812011.5,0,0,4812011.5,0,0,4812011.5,0,0,4812011.5,0,0,4812011.5,0,0,4812011.5,0,0,4812011.5,0,0,4812011.5,0,0,4812011.5,0,0,4812011.5,0,0,4812011.5,0,0,4812011.5,0,0,4812011.5,0,0,4812011.5,0,0,4812011.5,0,0,4812011.5,0,0,4812011.5,0,0,4812011.5,0,0,4812011.5,0,0,4812011.5,0,0,4812011.5,0,0,6416015.34,0,0,4812011.5,0,0,4812011.5,0,0,4812011.5,0,0,4812011.5,0,0,4812011.5,0,0,4812011.5,0,0,4812011.5
1,0,0,2020-04-27,COVSICKLE,0,0,0,0,0,0,0,0,0,0,0,0,0,0,0,0,0,0,0,0,0,0,0,0,0,0,0,0,0,0,0,0,0,0,0,0,0,0,0,0,0,0,0,0,0,0,0,0,0,0,4812011.5,0,0,4812011.5,0,0,4812011.5,0,0,4812011.5,0,0,4812011.5,0,0,4812011.5,0,0,4812011.5,0,0,4812011.5,0,0,4812011.5,0,0,4812011.5,0,0,4812011.5,0,0,4812011.5,0,0,4812011.5,0,0,4812011.5,0,0,4812011.5,0,0,4812011.5,0,0,4812011.5,0,0,4812011.5,0,0,4812011.5,0,0,4812011.5,0,0,4812011.5,0,0,4812011.5,0,0,4812011.5,0,0,4812011.5,0,0,4812011.5,0,0,4812011.5,0,0,4812011.5,0,0,4812011.5,0,0,4812011.5,0,0,4812011.5,0,0,4812011.5,0,0,4812011.5,0,0,4812011.5,0,0,4812011.5,0,0,4812011.5,0,0,4812011.5,0,0,4812011.5,0,0,4812011.5,0,0,4812011.5,0,0,4812011.5,0,0,6416015.34,0,0,4812011.5,0,0,4812011.5,0,0,4812011.5,0,0,4812011.5,0,0,4812011.5,0,0,4812011.5,0,0,4812011.5
1,0,0,2020-05-04,COVSICKLE,0,0,0,0,0,0,0,0,0,0,0,0,0,0,0,0,0,0,0,0,0,0,0,0,0,0,0,0,0,0,0,0,0,0,0,0,0,0,0,0,0,0,0,0,0,0,0,0,0,0,4812011.5,0,0,4812011.5,0,0,4812011.5,0,0,4812011.5,0,0,4812011.5,0,0,4812011.5,0,0,4812011.5,0,0,4812011.5,0,0,4812011.5,0,0,4812011.5,0,0,4812011.5,0,0,4812011.5,0,0,4812011.5,0,0,4812011.5,0,0,4812011.5,0,0,4812011.5,0,0,4812011.5,0,0,4812011.5,0,0,4812011.5,0,0,4812011.5,0,0,4812011.5,0,0,4812011.5,0,0,4812011.5,0,0,4812011.5,0,0,4812011.5,0,0,4812011.5,0,0,4812011.5,0,0,4812011.5,0,0,4812011.5,0,0,4812011.5,0,0,4812011.5,0,0,4812011.5,0,0,4812011.5,0,0,4812011.5,0,0,4812011.5,0,0,4812011.5,0,0,4812011.5,0,0,4812011.5,0,0,4812011.5,0,0,4812011.5,0,0,6416015.34,0,0,4812011.5,0,0,4812011.5,0,0,4812011.5,0,0,4812011.5,0,0,4812011.5,0,0,4812011.5,0,0,4812011.5
1,0,0,2020-05-11,COVSICKLE,0,0,0,0,0,0,0,0,0,0,0,0,0,0,0,0,0,0,0,0,0,0,0,0,0,0,0,0,0,0,0,0,0,0,0,0,0,0,0,0,0,0,0,0,0,0,0,0,0,0,4812011.5,0,0,4812011.5,0,0,4812011.5,0,0,4812011.5,0,0,4812011.5,0,0,4812011.5,0,0,4812011.5,0,0,4812011.5,0,0,4812011.5,0,0,4812011.5,0,0,4812011.5,0,0,4812011.5,0,0,4812011.5,0,0,4812011.5,0,0,4812011.5,0,0,4812011.5,0,0,4812011.5,0,0,4812011.5,0,0,4812011.5,0,0,4812011.5,0,0,4812011.5,0,0,4812011.5,0,0,4812011.5,0,0,4812011.5,0,0,4812011.5,0,0,4812011.5,0,0,4812011.5,0,0,4812011.5,0,0,4812011.5,0,0,4812011.5,0,0,4812011.5,0,0,4812011.5,0,0,4812011.5,0,0,4812011.5,0,0,4812011.5,0,0,4812011.5,0,0,4812011.5,0,0,4812011.5,0,0,4812011.5,0,0,4812011.5,0,0,6416015.34,0,0,4812011.5,0,0,4812011.5,0,0,4812011.5,0,0,4812011.5,0,0,4812011.5,0,0,4812011.5,0,0,4812011.5
1,0,0,2020-05-18,COVSICKLE,0,0,0,0,0,0,0,0,0,0,0,0,0,0,0,0,0,0,0,0,0,0,0,0,0,0,0,0,0,0,0,0,0,0,0,0,0,0,0,0,0,0,0,0,0,0,0,0,0,0,4812011.5,0,0,4812011.5,0,0,4812011.5,0,0,4812011.5,0,0,4812011.5,0,0,4812011.5,0,0,4812011.5,0,0,4812011.5,0,0,4812011.5,0,0,4812011.5,0,0,4812011.5,0,0,4812011.5,0,0,4812011.5,0,0,4812011.5,0,0,4812011.5,0,0,4812011.5,0,0,4812011.5,0,0,4812011.5,0,0,4812011.5,0,0,4812011.5,0,0,4812011.5,0,0,4812011.5,0,0,4812011.5,0,0,4812011.5,0,0,4812011.5,0,0,4812011.5,0,0,4812011.5,0,0,4812011.5,0,0,4812011.5,0,0,4812011.5,0,0,4812011.5,0,0,4812011.5,0,0,4812011.5,0,0,4812011.5,0,0,4812011.5,0,0,4812011.5,0,0,4812011.5,0,0,4812011.5,0,0,4812011.5,0,0,4812011.5,0,0,6416015.34,0,0,4812011.5,0,0,4812011.5,0,0,4812011.5,0,0,4812011.5,0,0,4812011.5,0,0,4812011.5,0,0,4812011.5
1,0,0,2020-05-25,COVSICKLE,0,0,0,0,0,0,0,0,0,0,0,0,0,0,0,0,0,0,0,0,0,0,0,0,0,0,0,0,0,0,0,0,0,0,0,0,0,0,0,0,0,0,0,0,0,0,0,0,0,0,4812011.5,0,0,4812011.5,0,0,4812011.5,0,0,4812011.5,0,0,4812011.5,0,0,4812011.5,0,0,4812011.5,0,0,4812011.5,0,0,4812011.5,0,0,4812011.5,0,0,4812011.5,0,0,4812011.5,0,0,4812011.5,0,0,4812011.5,0,0,4812011.5,0,0,4812011.5,0,0,4812011.5,0,0,4812011.5,0,0,4812011.5,0,0,4812011.5,0,0,4812011.5,0,0,4812011.5,0,0,4812011.5,0,0,4812011.5,0,0,4812011.5,0,0,4812011.5,0,0,4812011.5,0,0,4812011.5,0,0,4812011.5,0,0,4812011.5,0,0,4812011.5,0,0,4812011.5,0,0,4812011.5,0,0,4812011.5,0,0,4812011.5,0,0,4812011.5,0,0,4812011.5,0,0,4812011.5,0,0,4812011.5,0,0,4812011.5,0,0,6416015.34,0,0,4812011.5,0,0,4812011.5,0,0,4812011.5,0,0,4812011.5,0,0,4812011.5,0,0,4812011.5,0,0,4812011.5
1,0,0,2020-06-01,COVSICKLE,0,0,0,0,0,0,0,0,0,0,0,0,0,0,0,0,0,0,0,0,0,0,0,0,0,0,0,0,0,0,0,0,0,0,0,0,0,0,0,0,0,0,0,0,0,0,0,0,0,0,4812011.5,0,0,4812011.5,0,0,4812011.5,0,0,4812011.5,0,0,4812011.5,0,0,4812011.5,0,0,4812011.5,0,0,4812011.5,0,0,4812011.5,0,0,4812011.5,0,0,4812011.5,0,0,4812011.5,0,0,4812011.5,0,0,4812011.5,0,0,4812011.5,0,0,4812011.5,0,0,4812011.5,0,0,4812011.5,0,0,4812011.5,0,0,4812011.5,0,0,4812011.5,0,0,4812011.5,0,0,4812011.5,0,0,4812011.5,0,0,4812011.5,0,0,4812011.5,0,0,4812011.5,0,0,4812011.5,0,0,4812011.5,0,0,4812011.5,0,0,4812011.5,0,0,4812011.5,0,0,4812011.5,0,0,4812011.5,0,0,4812011.5,0,0,4812011.5,0,0,4812011.5,0,0,4812011.5,0,0,4812011.5,0,0,4812011.5,0,0,6416015.34,0,0,4812011.5,0,0,4812011.5,0,0,4812011.5,0,0,4812011.5,0,0,4812011.5,0,0,4812011.5,0,0,4812011.5
1,0,0,2020-06-08,COVSICKLE,0,0,0,0,0,0,0,0,0,0,0,0,0,0,0,0,0,0,0,0,0,0,0,0,0,0,0,0,0,0,0,0,0,0,0,0,0,0,0,0,0,0,0,0,0,0,0,0,0,0,4812011.5,0,0,4812011.5,0,0,4812011.5,0,0,4812011.5,0,0,4812011.5,0,0,4812011.5,0,0,4812011.5,0,0,4812011.5,0,0,4812011.5,0,0,4812011.5,0,0,4812011.5,0,0,4812011.5,0,0,4812011.5,0,0,4812011.5,0,0,4812011.5,0,0,4812011.5,0,0,4812011.5,0,0,4812011.5,0,0,4812011.5,0,0,4812011.5,0,0,4812011.5,0,0,4812011.5,0,0,4812011.5,0,0,4812011.5,0,0,4812011.5,0,0,4812011.5,0,0,4812011.5,0,0,4812011.5,0,0,4812011.5,0,0,4812011.5,0,0,4812011.5,0,0,4812011.5,0,0,4812011.5,0,0,4812011.5,0,0,4812011.5,0,0,4812011.5,0,0,4812011.5,0,0,4812011.5,0,0,4812011.5,0,0,4812011.5,0,0,6416015.34,0,0,4812011.5,0,0,4812011.5,0,0,4812011.5,0,0,4812011.5,0,0,4812011.5,0,0,4812011.5,0,0,4812011.5
1,0,0,2020-06-15,COVSICKLE,0,0,0,0,0,0,0,0,0,0,0,0,0,0,0,0,0,0,0,0,0,0,0,0,0,0,0,0,0,0,0,0,0,0,0,0,0,0,0,0,0,0,0,0,0,0,0,0,0,0,4812011.5,0,0,4812011.5,0,0,4812011.5,0,0,4812011.5,0,0,4812011.5,0,0,4812011.5,0,0,4812011.5,0,0,4812011.5,0,0,4812011.5,0,0,4812011.5,0,0,4812011.5,0,0,4812011.5,0,0,4812011.5,0,0,4812011.5,0,0,4812011.5,0,0,4812011.5,0,0,4812011.5,0,0,4812011.5,0,0,4812011.5,0,0,4812011.5,0,0,4812011.5,0,0,4812011.5,0,0,4812011.5,0,0,4812011.5,0,0,4812011.5,0,0,4812011.5,0,0,4812011.5,0,0,4812011.5,0,0,4812011.5,0,0,4812011.5,0,0,4812011.5,0,0,4812011.5,0,0,4812011.5,0,0,4812011.5,0,0,4812011.5,0,0,4812011.5,0,0,4812011.5,0,0,4812011.5,0,0,4812011.5,0,0,4812011.5,0,0,6416015.34,0,0,4812011.5,0,0,4812011.5,0,0,4812011.5,0,0,4812011.5,0,0,4812011.5,0,0,4812011.5,0,0,4812011.5
1,0,0,2020-06-22,COVSICKLE,0,0,0,0,0,0,0,0,0,0,0,0,0,0,0,0,0,0,0,0,0,0,0,0,0,0,0,0,0,0,0,0,0,0,0,0,0,0,0,0,0,0,0,0,0,0,0,0,0,0,4812011.5,0,0,4812011.5,0,0,4812011.5,0,0,4812011.5,0,0,4812011.5,0,0,4812011.5,0,0,4812011.5,0,0,4812011.5,0,0,4812011.5,0,0,4812011.5,0,0,4812011.5,0,0,4812011.5,0,0,4812011.5,0,0,4812011.5,0,0,4812011.5,0,0,4812011.5,0,0,4812011.5,0,0,4812011.5,0,0,4812011.5,0,0,4812011.5,0,0,4812011.5,0,0,4812011.5,0,0,4812011.5,0,0,4812011.5,0,0,4812011.5,0,0,4812011.5,0,0,4812011.5,0,0,4812011.5,0,0,4812011.5,0,0,4812011.5,0,0,4812011.5,0,0,4812011.5,0,0,4812011.5,0,0,4812011.5,0,0,4812011.5,0,0,4812011.5,0,0,4812011.5,0,0,4812011.5,0,0,4812011.5,0,0,4812011.5,0,0,6416015.34,0,0,4812011.5,0,0,4812011.5,0,0,4812011.5,0,0,4812011.5,0,0,4812011.5,0,0,4812011.5,0,0,4812011.5
1,0,0,2020-06-29,COVSICKLE,0,0,0,0,0,0,0,0,0,0,0,0,0,0,0,0,0,0,0,0,0,0,0,0,0,0,0,0,0,0,0,0,0,0,0,0,0,0,0,0,0,0,0,0,0,0,0,0,0,0,4812011.5,0,0,4812011.5,0,0,4812011.5,0,0,4812011.5,0,0,4812011.5,0,0,4812011.5,0,0,4812011.5,0,0,4812011.5,0,0,4812011.5,0,0,4812011.5,0,0,4812011.5,0,0,4812011.5,0,0,4812011.5,0,0,4812011.5,0,0,4812011.5,0,0,4812011.5,0,0,4812011.5,0,0,4812011.5,0,0,4812011.5,0,0,4812011.5,0,0,4812011.5,0,0,4812011.5,0,0,4812011.5,0,0,4812011.5,0,0,4812011.5,0,0,4812011.5,0,0,4812011.5,0,0,4812011.5,0,0,4812011.5,0,0,4812011.5,0,0,4812011.5,0,0,4812011.5,0,0,4812011.5,0,0,4812011.5,0,0,4812011.5,0,0,4812011.5,0,0,4812011.5,0,0,4812011.5,0,0,4812011.5,0,0,4812011.5,0,0,6416015.34,0,0,4812011.5,0,0,4812011.5,0,0,4812011.5,0,0,4812011.5,0,0,4812011.5,0,0,4812011.5,0,0,4812011.5
1,0,0,2020-07-06,COVSICKLE,0,0,0,0,0,0,0,0,0,0,0,0,0,0,0,0,0,0,0,0,0,0,0,0,0,0,0,0,0,0,0,0,0,0,0,0,0,0,0,0,0,0,0,0,0,0,0,0,0,0,4812011.5,0,0,4812011.5,0,0,4812011.5,0,0,4812011.5,0,0,4812011.5,0,0,4812011.5,0,0,4812011.5,0,0,4812011.5,0,0,4812011.5,0,0,4812011.5,0,0,4812011.5,0,0,4812011.5,0,0,4812011.5,0,0,4812011.5,0,0,4812011.5,0,0,4812011.5,0,0,4812011.5,0,0,4812011.5,0,0,4812011.5,0,0,4812011.5,0,0,4812011.5,0,0,4812011.5,0,0,4812011.5,0,0,4812011.5,0,0,4812011.5,0,0,4812011.5,0,0,4812011.5,0,0,4812011.5,0,0,4812011.5,0,0,4812011.5,0,0,4812011.5,0,0,4812011.5,0,0,4812011.5,0,0,4812011.5,0,0,4812011.5,0,0,4812011.5,0,0,4812011.5,0,0,4812011.5,0,0,4812011.5,0,0,4812011.5,0,0,6416015.34,0,0,4812011.5,0,0,4812011.5,0,0,4812011.5,0,0,4812011.5,0,0,4812011.5,0,0,4812011.5,0,0,4812011.5
1,0,0,2020-07-13,COVSICKLE,0,0,0,0,0,0,0,0,0,0,0,0,0,0,0,0,0,0,0,0,0,0,0,0,0,0,0,0,0,0,0,0,0,0,0,0,0,0,0,0,0,0,0,0,0,0,0,0,0,0,4812011.5,0,0,4812011.5,0,0,4812011.5,0,0,4812011.5,0,0,4812011.5,0,0,4812011.5,0,0,4812011.5,0,0,4812011.5,0,0,4812011.5,0,0,4812011.5,0,0,4812011.5,0,0,4812011.5,0,0,4812011.5,0,0,4812011.5,0,0,4812011.5,0,0,4812011.5,0,0,4812011.5,0,0,4812011.5,0,0,4812011.5,0,0,4812011.5,0,0,4812011.5,0,0,4812011.5,0,0,4812011.5,0,0,4812011.5,0,0,4812011.5,0,0,4812011.5,0,0,4812011.5,0,0,4812011.5,0,0,4812011.5,0,0,4812011.5,0,0,4812011.5,0,0,4812011.5,0,0,4812011.5,0,0,4812011.5,0,0,4812011.5,0,0,4812011.5,0,0,4812011.5,0,0,4812011.5,0,0,4812011.5,0,0,4812011.5,0,0,6416015.34,0,0,4812011.5,0,0,4812011.5,0,0,4812011.5,0,0,4812011.5,0,0,4812011.5,0,0,4812011.5,0,0,4812011.5
1,0,0,2020-07-20,COVSICKLE,0,0,0,0,0,0,0,0,0,0,0,0,0,0,0,0,0,0,0,0,0,0,0,0,0,0,0,0,0,0,0,0,0,0,0,0,0,0,0,0,0,0,0,0,0,0,0,0,0,0,4812011.5,0,0,4812011.5,0,0,4812011.5,0,0,4812011.5,0,0,4812011.5,0,0,4812011.5,0,0,4812011.5,0,0,4812011.5,0,0,4812011.5,0,0,4812011.5,0,0,4812011.5,0,0,4812011.5,0,0,4812011.5,0,0,4812011.5,0,0,4812011.5,0,0,4812011.5,0,0,4812011.5,0,0,4812011.5,0,0,4812011.5,0,0,4812011.5,0,0,4812011.5,0,0,4812011.5,0,0,4812011.5,0,0,4812011.5,0,0,4812011.5,0,0,4812011.5,0,0,4812011.5,0,0,4812011.5,0,0,4812011.5,0,0,4812011.5,0,0,4812011.5,0,0,4812011.5,0,0,4812011.5,0,0,4812011.5,0,0,4812011.5,0,0,4812011.5,0,0,4812011.5,0,0,4812011.5,0,0,4812011.5,0,0,4812011.5,0,0,6416015.34,0,0,4812011.5,0,0,4812011.5,0,0,4812011.5,0,0,4812011.5,0,0,4812011.5,0,0,4812011.5,0,0,4812011.5
1,0,0,2020-07-27,COVSICKLE,0,0,0,0,0,0,0,0,0,0,0,0,0,0,0,0,0,0,0,0,0,0,0,0,0,0,0,0,0,0,0,0,0,0,0,0,0,0,0,0,0,0,0,0,0,0,0,0,0,0,4812011.5,0,0,4812011.5,0,0,4812011.5,0,0,4812011.5,0,0,4812011.5,0,0,4812011.5,0,0,4812011.5,0,0,4812011.5,0,0,4812011.5,0,0,4812011.5,0,0,4812011.5,0,0,4812011.5,0,0,4812011.5,0,0,4812011.5,0,0,4812011.5,0,0,4812011.5,0,0,4812011.5,0,0,4812011.5,0,0,4812011.5,0,0,4812011.5,0,0,4812011.5,0,0,4812011.5,0,0,4812011.5,0,0,4812011.5,0,0,4812011.5,0,0,4812011.5,0,0,4812011.5,0,0,4812011.5,0,0,4812011.5,0,0,4812011.5,0,0,4812011.5,0,0,4812011.5,0,0,4812011.5,0,0,4812011.5,0,0,4812011.5,0,0,4812011.5,0,0,4812011.5,0,0,4812011.5,0,0,4812011.5,0,0,4812011.5,0,0,6416015.34,0,0,4812011.5,0,0,4812011.5,0,0,4812011.5,0,0,4812011.5,0,0,4812011.5,0,0,4812011.5,0,0,4812011.5
1,0,0,2020-08-03,COVSICKLE,0,0,0,0,0,0,0,0,0,0,0,0,0,0,0,0,0,0,0,0,0,0,0,0,0,0,0,0,0,0,0,0,0,0,0,0,0,0,0,0,0,0,0,0,0,0,0,0,0,0,4812011.5,0,0,4812011.5,0,0,4812011.5,0,0,4812011.5,0,0,4812011.5,0,0,4812011.5,0,0,4812011.5,0,0,4812011.5,0,0,4812011.5,0,0,4812011.5,0,0,4812011.5,0,0,4812011.5,0,0,4812011.5,0,0,4812011.5,0,0,4812011.5,0,0,4812011.5,0,0,4812011.5,0,0,4812011.5,0,0,4812011.5,0,0,4812011.5,0,0,4812011.5,0,0,4812011.5,0,0,4812011.5,0,0,4812011.5,0,0,4812011.5,0,0,4812011.5,0,0,4812011.5,0,0,4812011.5,0,0,4812011.5,0,0,4812011.5,0,0,4812011.5,0,0,4812011.5,0,0,4812011.5,0,0,4812011.5,0,0,4812011.5,0,0,4812011.5,0,0,4812011.5,0,0,4812011.5,0,0,4812011.5,0,0,4812011.5,0,0,6416015.34,0,0,4812011.5,0,0,4812011.5,0,0,4812011.5,0,0,4812011.5,0,0,4812011.5,0,0,4812011.5,0,0,4812011.5
1,0,0,2020-08-10,COVSICKLE,0,0,0,0,0,0,0,0,0,0,0,0,0,0,0,0,0,0,0,0,0,0,0,0,0,0,0,0,0,0,0,0,0,0,0,0,0,0,0,0,0,0,0,0,0,0,0,0,0,0,4812011.5,0,0,4812011.5,0,0,4812011.5,0,0,4812011.5,0,0,4812011.5,0,0,4812011.5,0,0,4812011.5,0,0,4812011.5,0,0,4812011.5,0,0,4812011.5,0,0,4812011.5,0,0,4812011.5,0,0,4812011.5,0,0,4812011.5,0,0,4812011.5,0,0,4812011.5,0,0,4812011.5,0,0,4812011.5,0,0,4812011.5,0,0,4812011.5,0,0,4812011.5,0,0,4812011.5,0,0,4812011.5,0,0,4812011.5,0,0,4812011.5,0,0,4812011.5,0,0,4812011.5,0,0,4812011.5,0,0,4812011.5,0,0,4812011.5,0,0,4812011.5,0,0,4812011.5,0,0,4812011.5,0,0,4812011.5,0,0,4812011.5,0,0,4812011.5,0,0,4812011.5,0,0,4812011.5,0,0,4812011.5,0,0,4812011.5,0,0,6416015.34,0,0,4812011.5,0,0,4812011.5,0,0,4812011.5,0,0,4812011.5,0,0,4812011.5,0,0,4812011.5,0,0,4812011.5
1,0,0,2020-08-17,COVSICKLE,0,0,0,0,0,0,0,0,0,0,0,0,0,0,0,0,0,0,0,0,0,0,0,0,0,0,0,0,0,0,0,0,0,0,0,0,0,0,0,0,0,0,0,0,0,0,0,0,0,0,4812011.5,0,0,4812011.5,0,0,4812011.5,0,0,4812011.5,0,0,4812011.5,0,0,4812011.5,0,0,4812011.5,0,0,4812011.5,0,0,4812011.5,0,0,4812011.5,0,0,4812011.5,0,0,4812011.5,0,0,4812011.5,0,0,4812011.5,0,0,4812011.5,0,0,4812011.5,0,0,4812011.5,0,0,4812011.5,0,0,4812011.5,0,0,4812011.5,0,0,4812011.5,0,0,4812011.5,0,0,4812011.5,0,0,4812011.5,0,0,4812011.5,0,0,4812011.5,0,0,4812011.5,0,0,4812011.5,0,0,4812011.5,0,0,4812011.5,0,0,4812011.5,0,0,4812011.5,0,0,4812011.5,0,0,4812011.5,0,0,4812011.5,0,0,4812011.5,0,0,4812011.5,0,0,4812011.5,0,0,4812011.5,0,0,4812011.5,0,0,6416015.34,0,0,4812011.5,0,0,4812011.5,0,0,4812011.5,0,0,4812011.5,0,0,4812011.5,0,0,4812011.5,0,0,4812011.5
1,0,0,2020-08-24,COVSICKLE,0,0,0,0,0,0,0,0,0,0,0,0,0,0,0,0,0,0,0,0,0,0,0,0,0,0,0,0,0,0,0,0,0,0,0,0,0,0,0,0,0,0,0,0,0,0,0,0,0,0,4812011.5,0,0,4812011.5,0,0,4812011.5,0,0,4812011.5,0,0,4812011.5,0,0,4812011.5,0,0,4812011.5,0,0,4812011.5,0,0,4812011.5,0,0,4812011.5,0,0,4812011.5,0,0,4812011.5,0,0,4812011.5,0,0,4812011.5,0,0,4812011.5,0,0,4812011.5,0,0,4812011.5,0,0,4812011.5,0,0,4812011.5,0,0,4812011.5,0,0,4812011.5,0,0,4812011.5,0,0,4812011.5,0,0,4812011.5,0,0,4812011.5,0,0,4812011.5,0,0,4812011.5,0,0,4812011.5,0,0,4812011.5,0,0,4812011.5,0,0,4812011.5,0,0,4812011.5,0,0,4812011.5,0,0,4812011.5,0,0,4812011.5,0,0,4812011.5,0,0,4812011.5,0,0,4812011.5,0,0,4812011.5,0,0,4812011.5,0,0,6416015.34,0,0,4812011.5,0,0,4812011.5,0,0,4812011.5,0,0,4812011.5,0,0,4812011.5,0,0,4812011.5,0,0,4812011.5
1,0,0,2020-08-31,COVSICKLE,0,0,0,0,0,0,0,0,0,0,0,0,0,0,0,0,0,0,0,0,0,0,0,0,0,0,0,0,0,0,0,0,0,0,0,0,0,0,0,0,0,0,0,0,0,0,0,0,0,0,4812011.5,0,0,4812011.5,0,0,4812011.5,0,0,4812011.5,0,0,4812011.5,0,0,4812011.5,0,0,4812011.5,0,0,4812011.5,0,0,4812011.5,0,0,4812011.5,0,0,4812011.5,0,0,4812011.5,0,0,4812011.5,0,0,4812011.5,0,0,4812011.5,0,0,4812011.5,0,0,4812011.5,0,0,4812011.5,0,0,4812011.5,0,0,4812011.5,0,0,4812011.5,0,0,4812011.5,0,0,4812011.5,0,0,4812011.5,0,0,4812011.5,0,0,4812011.5,0,0,4812011.5,0,0,4812011.5,0,0,4812011.5,0,0,4812011.5,0,0,4812011.5,0,0,4812011.5,0,0,4812011.5,0,0,4812011.5,0,0,4812011.5,0,0,4812011.5,0,0,4812011.5,0,0,4812011.5,0,0,4812011.5,0,0,4812011.5,0,0,6416015.34,0,0,4812011.5,0,0,4812011.5,0,0,4812011.5,0,0,4812011.5,0,0,4812011.5,0,0,4812011.5,0,0,4812011.5
1,0,0,2020-09-07,COVSICKLE,0,0,0,0,0,0,0,0,0,0,0,0,0,0,0,0,0,0,0,0,0,0,0,0,0,0,0,0,0,0,0,0,0,0,0,0,0,0,0,0,0,0,0,0,0,0,0,0,0,0,4812011.5,0,0,4812011.5,0,0,4812011.5,0,0,4812011.5,0,0,4812011.5,0,0,4812011.5,0,0,4812011.5,0,0,4812011.5,0,0,4812011.5,0,0,4812011.5,0,0,4812011.5,0,0,4812011.5,0,0,4812011.5,0,0,4812011.5,0,0,4812011.5,0,0,4812011.5,0,0,4812011.5,0,0,4812011.5,0,0,4812011.5,0,0,4812011.5,0,0,4812011.5,0,0,4812011.5,0,0,4812011.5,0,0,4812011.5,0,0,4812011.5,0,0,4812011.5,0,0,4812011.5,0,0,4812011.5,0,0,4812011.5,0,0,4812011.5,0,0,4812011.5,0,0,4812011.5,0,0,4812011.5,0,0,4812011.5,0,0,4812011.5,0,0,4812011.5,0,0,4812011.5,0,0,4812011.5,0,0,4812011.5,0,0,4812011.5,0,0,6416015.34,0,0,4812011.5,0,0,4812011.5,0,0,4812011.5,0,0,4812011.5,0,0,4812011.5,0,0,4812011.5,0,0,4812011.5
1,0,0,2020-09-14,COVSICKLE,0,0,0,0,0,0,0,0,0,0,0,0,0,0,0,0,0,0,0,0,0,0,0,0,0,0,0,0,0,0,0,0,0,0,0,0,0,0,0,0,0,0,0,0,0,0,0,0,0,0,4812011.5,0,0,4812011.5,0,0,4812011.5,0,0,4812011.5,0,0,4812011.5,0,0,4812011.5,0,0,4812011.5,0,0,4812011.5,0,0,4812011.5,0,0,4812011.5,0,0,4812011.5,0,0,4812011.5,0,0,4812011.5,0,0,4812011.5,0,0,4812011.5,0,0,4812011.5,0,0,4812011.5,0,0,4812011.5,0,0,4812011.5,0,0,4812011.5,0,0,4812011.5,0,0,4812011.5,0,0,4812011.5,0,0,4812011.5,0,0,4812011.5,0,0,4812011.5,0,0,4812011.5,0,0,4812011.5,0,0,4812011.5,0,0,4812011.5,0,0,4812011.5,0,0,4812011.5,0,0,4812011.5,0,0,4812011.5,0,0,4812011.5,0,0,4812011.5,0,0,4812011.5,0,0,4812011.5,0,0,4812011.5,0,0,4812011.5,0,0,6416015.34,0,0,4812011.5,0,0,4812011.5,0,0,4812011.5,0,0,4812011.5,0,0,4812011.5,0,0,4812011.5,0,0,4812011.5
1,0,0,2020-09-21,COVSICKLE,0,0,0,0,0,0,0,0,0,0,0,0,0,0,0,0,0,0,0,0,0,0,0,0,0,0,0,0,0,0,0,0,0,0,0,0,0,0,0,0,0,0,0,0,0,0,0,0,0,0,4812011.5,0,0,4812011.5,0,0,4812011.5,0,0,4812011.5,0,0,4812011.5,0,0,4812011.5,0,0,4812011.5,0,0,4812011.5,0,0,4812011.5,0,0,4812011.5,0,0,4812011.5,0,0,4812011.5,0,0,4812011.5,0,0,4812011.5,0,0,4812011.5,0,0,4812011.5,0,0,4812011.5,0,0,4812011.5,0,0,4812011.5,0,0,4812011.5,0,0,4812011.5,0,0,4812011.5,0,0,4812011.5,0,0,4812011.5,0,0,4812011.5,0,0,4812011.5,0,0,4812011.5,0,0,4812011.5,0,0,4812011.5,0,0,4812011.5,0,0,4812011.5,0,0,4812011.5,0,0,4812011.5,0,0,4812011.5,0,0,4812011.5,0,0,4812011.5,0,0,4812011.5,0,0,4812011.5,0,0,4812011.5,0,0,4812011.5,0,0,6416015.34,0,0,4812011.5,0,0,4812011.5,0,0,4812011.5,0,0,4812011.5,0,0,4812011.5,0,0,4812011.5,0,0,4812011.5
1,0,0,2020-09-28,COVSICKLE,0,0,0,0,0,0,0,0,0,0,0,0,0,0,0,0,0,0,0,0,0,0,0,0,0,0,0,0,0,0,0,0,0,0,0,0,0,0,0,0,0,0,0,0,0,0,0,0,0,0,4812011.5,0,0,4812011.5,0,0,4812011.5,0,0,4812011.5,0,0,4812011.5,0,0,4812011.5,0,0,4812011.5,0,0,4812011.5,0,0,4812011.5,0,0,4812011.5,0,0,4812011.5,0,0,4812011.5,0,0,4812011.5,0,0,4812011.5,0,0,4812011.5,0,0,4812011.5,0,0,4812011.5,0,0,4812011.5,0,0,4812011.5,0,0,4812011.5,0,0,4812011.5,0,0,4812011.5,0,0,4812011.5,0,0,4812011.5,0,0,4812011.5,0,0,4812011.5,0,0,4812011.5,0,0,4812011.5,0,0,4812011.5,0,0,4812011.5,0,0,4812011.5,0,0,4812011.5,0,0,4812011.5,0,0,4812011.5,0,0,4812011.5,0,0,4812011.5,0,0,4812011.5,0,0,4812011.5,0,0,4812011.5,0,0,4812011.5,0,0,6416015.34,0,0,4812011.5,0,0,4812011.5,0,0,4812011.5,0,0,4812011.5,0,0,4812011.5,0,0,4812011.5,0,0,4812011.5
1,0,0,2020-10-05,COVSICKLE,0,0,0,0,0,0,0,0,0,0,0,0,0,0,0,0,0,0,0,0,0,0,0,0,0,0,0,0,0,0,0,0,0,0,0,0,0,0,0,0,0,0,0,0,0,0,0,0,0,0,4812011.5,0,0,4812011.5,0,0,4812011.5,0,0,4812011.5,0,0,4812011.5,0,0,4812011.5,0,0,4812011.5,0,0,4812011.5,0,0,4812011.5,0,0,4812011.5,0,0,4812011.5,0,0,4812011.5,0,0,4812011.5,0,0,4812011.5,0,0,4812011.5,0,0,4812011.5,0,0,4812011.5,0,0,4812011.5,0,0,4812011.5,0,0,4812011.5,0,0,4812011.5,0,0,4812011.5,0,0,4812011.5,0,0,4812011.5,0,0,4812011.5,0,0,4812011.5,0,0,4812011.5,0,0,4812011.5,0,0,4812011.5,0,0,4812011.5,0,0,4812011.5,0,0,4812011.5,0,0,4812011.5,0,0,4812011.5,0,0,4812011.5,0,0,4812011.5,0,0,4812011.5,0,0,4812011.5,0,0,4812011.5,0,0,4812011.5,0,0,6416015.34,0,0,4812011.5,0,0,4812011.5,0,0,4812011.5,0,0,4812011.5,0,0,4812011.5,0,0,4812011.5,0,0,4812011.5
1,0,0,2020-10-12,COVSICKLE,0,0,0,0,0,0,0,0,0,0,0,0,0,0,0,0,0,0,0,0,0,0,0,0,0,0,0,0,0,0,0,0,0,0,0,0,0,0,0,0,0,0,0,0,0,0,0,0,0,0,4812011.5,0,0,4812011.5,0,0,4812011.5,0,0,4812011.5,0,0,4812011.5,0,0,4812011.5,0,0,4812011.5,0,0,4812011.5,0,0,4812011.5,0,0,4812011.5,0,0,4812011.5,0,0,4812011.5,0,0,4812011.5,0,0,4812011.5,0,0,4812011.5,0,0,4812011.5,0,0,4812011.5,0,0,4812011.5,0,0,4812011.5,0,0,4812011.5,0,0,4812011.5,0,0,4812011.5,0,0,4812011.5,0,0,4812011.5,0,0,4812011.5,0,0,4812011.5,0,0,4812011.5,0,0,4812011.5,0,0,4812011.5,0,0,4812011.5,0,0,4812011.5,0,0,4812011.5,0,0,4812011.5,0,0,4812011.5,0,0,4812011.5,0,0,4812011.5,0,0,4812011.5,0,0,4812011.5,0,0,4812011.5,0,0,4812011.5,0,0,6416015.34,0,0,4812011.5,0,0,4812011.5,0,0,4812011.5,0,0,4812011.5,0,0,4812011.5,0,0,4812011.5,0,0,4812011.5
1,0,0,2020-10-19,COVSICKLE,0,0,0,0,0,0,0,0,0,0,0,0,0,0,0,0,0,0,0,0,0,0,0,0,0,0,0,0,0,0,0,0,0,0,0,0,0,0,0,0,0,0,0,0,0,0,0,0,0,0,4812011.5,0,0,4812011.5,0,0,4812011.5,0,0,4812011.5,0,0,4812011.5,0,0,4812011.5,0,0,4812011.5,0,0,4812011.5,0,0,4812011.5,0,0,4812011.5,0,0,4812011.5,0,0,4812011.5,0,0,4812011.5,0,0,4812011.5,0,0,4812011.5,0,0,4812011.5,0,0,4812011.5,0,0,4812011.5,0,0,4812011.5,0,0,4812011.5,0,0,4812011.5,0,0,4812011.5,0,0,4812011.5,0,0,4812011.5,0,0,4812011.5,0,0,4812011.5,0,0,4812011.5,0,0,4812011.5,0,0,4812011.5,0,0,4812011.5,0,0,4812011.5,0,0,4812011.5,0,0,4812011.5,0,0,4812011.5,0,0,4812011.5,0,0,4812011.5,0,0,4812011.5,0,0,4812011.5,0,0,4812011.5,0,0,4812011.5,0,0,6416015.34,0,0,4812011.5,0,0,4812011.5,0,0,4812011.5,0,0,4812011.5,0,0,4812011.5,0,0,4812011.5,0,0,4812011.5
1,0,0,2020-10-26,COVSICKLE,0,0,0,0,0,0,0,0,0,0,0,0,0,0,0,0,0,0,0,0,0,0,0,0,0,0,0,0,0,0,0,0,0,0,0,0,0,0,0,0,0,0,0,0,0,0,0,0,0,0,4812011.5,0,0,4812011.5,0,0,4812011.5,0,0,4812011.5,0,0,4812011.5,0,0,4812011.5,0,0,4812011.5,0,0,4812011.5,0,0,4812011.5,0,0,4812011.5,0,0,4812011.5,0,0,4812011.5,0,0,4812011.5,0,0,4812011.5,0,0,4812011.5,0,0,4812011.5,0,0,4812011.5,0,0,4812011.5,0,0,4812011.5,0,0,4812011.5,0,0,4812011.5,0,0,4812011.5,0,0,4812011.5,0,0,4812011.5,0,0,4812011.5,0,0,4812011.5,0,0,4812011.5,0,0,4812011.5,0,0,4812011.5,0,0,4812011.5,0,0,4812011.5,0,0,4812011.5,0,0,4812011.5,0,0,4812011.5,0,0,4812011.5,0,0,4812011.5,0,0,4812011.5,0,0,4812011.5,0,0,4812011.5,0,0,4812011.5,0,0,6416015.34,0,0,4812011.5,0,0,4812011.5,0,0,4812011.5,0,0,4812011.5,0,0,4812011.5,0,0,4812011.5,0,0,4812011.5
1,0,0,2020-11-02,COVSICKLE,0,0,0,0,0,0,0,0,0,0,0,0,0,0,0,0,0,0,0,0,0,0,0,0,0,0,0,0,0,0,0,0,0,0,0,0,0,1,0,0,0,0,0,0,0,0,0,0,0,0,4812011.5,0,0,4812011.5,0,0,4812011.5,0,0,4812011.5,0,0,4812011.5,0,0,4812011.5,0,0,4812011.5,0,0,4812011.5,0,0,4812011.5,0,0,4812011.5,0,0,4812011.5,0,0,4812011.5,0,0,4812011.5,0,0,4812011.5,0,0,4812011.5,0,0,4812011.5,0,0,4812011.5,0,0,4812011.5,0,0,4812011.5,0,0,4812011.5,0,0,4812011.5,0,0,4812011.5,0,0,4812011.5,0,0,4812011.5,0,0,4812011.5,0,0,4812011.5,0,0,4812011.5,0,0,4812011.5,0,0,4812011.5,0,0,4812011.5,0,0,4812011.5,0,0,4812011.5,0,0,4812011.5,0,0,4812011.5,0,0,4812011.5,0,0,4812011.5,0,0,4812011.5,0,0,4812011.5,0,0,4812011.5,0,0,4812011.5,1739285.71,44034.9,9690679.75,0,0,4812011.5,0,0,4812011.5,0,0,4812011.5,0,0,4812011.5,0,0,4812011.5,0,0,4812011.5,0,0,4812011.5
1,0,0,2020-11-09,COVSICKLE,0,0,0,0,0,0,0,0,0,0,0,0,0,0,0,0,0,0,0,0,0,0,0,0,0,0,0,0,0,0,0,0,0,0,0,0,0,0,0,0,0,0,0,0,0,0,0,0,0,0,4812011.5,0,0,4812011.5,0,0,4812011.5,0,0,4812011.5,0,0,4812011.5,0,0,4812011.5,0,0,4812011.5,0,0,4812011.5,0,0,4812011.5,0,0,4812011.5,0,0,4812011.5,0,0,4812011.5,0,0,4812011.5,0,0,4812011.5,0,0,4812011.5,0,0,4812011.5,0,0,4812011.5,0,0,4812011.5,0,0,4812011.5,0,0,4812011.5,0,0,4812011.5,0,0,4812011.5,0,0,4812011.5,0,0,4812011.5,0,0,4812011.5,0,0,4812011.5,0,0,4812011.5,0,0,4812011.5,0,0,4812011.5,0,0,4812011.5,0,0,4812011.5,0,0,4812011.5,0,0,4812011.5,0,0,4812011.5,0,0,4812011.5,0,0,4812011.5,0,0,4812011.5,0,0,4812011.5,0,0,4812011.5,0,0,4812011.5,0,0,9624023,0,0,4812011.5,0,0,4812011.5,0,0,4812011.5,0,0,4812011.5,0,0,4812011.5,0,0,4812011.5,0,0,4812011.5
1,0,0,2020-11-16,COVSICKLE,0,0,0,0,0,0,0,0,0,0,0,0,0,0,0,0,0,0,0,0,0,0,0,0,0,0,0,0,0,0,0,0,0,0,0,0,0,0,0,0,0,0,0,0,0,0,0,0,0,0,4812011.5,0,0,4812011.5,0,0,4812011.5,0,0,4812011.5,0,0,4812011.5,0,0,4812011.5,0,0,4812011.5,0,0,4812011.5,0,0,4812011.5,0,0,4812011.5,0,0,4812011.5,0,0,4812011.5,0,0,4812011.5,0,0,4812011.5,0,0,4812011.5,0,0,4812011.5,0,0,4812011.5,0,0,4812011.5,0,0,4812011.5,0,0,4812011.5,0,0,4812011.5,0,0,4812011.5,0,0,4812011.5,0,0,4812011.5,0,0,4812011.5,0,0,4812011.5,0,0,4812011.5,0,0,4812011.5,0,0,4812011.5,0,0,4812011.5,0,0,4812011.5,0,0,4812011.5,0,0,4812011.5,0,0,4812011.5,0,0,4812011.5,0,0,4812011.5,0,0,4812011.5,0,0,4812011.5,0,0,4812011.5,0,0,4812011.5,0,0,9624023,0,0,4812011.5,0,0,4812011.5,0,0,4812011.5,0,0,4812011.5,0,0,4812011.5,0,0,4812011.5,0,0,4812011.5
1,0,0,2020-11-23,COVSICKLE,0,0,0,0,0,0,0,0,0,0,0,0,0,0,0,0,0,0,0,0,0,0,0,0,0,0,0,0,0,0,0,0,0,0,0,0,0,0,0,0,0,0,0,0,0,0,0,0,0,0,4812011.5,0,0,4812011.5,0,0,4812011.5,0,0,4812011.5,0,0,4812011.5,0,0,4812011.5,0,0,4812011.5,0,0,4812011.5,0,0,4812011.5,0,0,4812011.5,0,0,4812011.5,0,0,4812011.5,0,0,4812011.5,0,0,4812011.5,0,0,4812011.5,0,0,4812011.5,0,0,4812011.5,0,0,4812011.5,0,0,4812011.5,0,0,4812011.5,0,0,4812011.5,0,0,4812011.5,0,0,4812011.5,0,0,4812011.5,0,0,4812011.5,0,0,4812011.5,0,0,4812011.5,0,0,4812011.5,0,0,4812011.5,0,0,4812011.5,0,0,4812011.5,0,0,4812011.5,0,0,4812011.5,0,0,4812011.5,0,0,4812011.5,0,0,4812011.5,0,0,4812011.5,0,0,4812011.5,0,0,4812011.5,0,0,4812011.5,0,0,9624023,0,0,4812011.5,0,0,4812011.5,0,0,4812011.5,0,0,4812011.5,0,0,4812011.5,0,0,4812011.5,0,0,4812011.5
1,0,0,2020-11-30,COVSICKLE,0,0,0,0,0,0,0,0,0,0,0,0,0,0,0,0,0,0,0,0,0,0,0,0,0,0,0,0,0,0,0,0,0,0,0,0,0,0,0,0,0,0,0,0,0,0,0,0,0,0,4812011.5,0,0,4812011.5,0,0,4812011.5,0,0,4812011.5,0,0,4812011.5,0,0,4812011.5,0,0,4812011.5,0,0,4812011.5,0,0,4812011.5,0,0,4812011.5,0,0,4812011.5,0,0,4812011.5,0,0,4812011.5,0,0,4812011.5,0,0,4812011.5,0,0,4812011.5,0,0,4812011.5,0,0,4812011.5,0,0,4812011.5,0,0,4812011.5,0,0,4812011.5,0,0,4812011.5,0,0,4812011.5,0,0,4812011.5,0,0,4812011.5,0,0,4812011.5,0,0,4812011.5,0,0,4812011.5,0,0,4812011.5,0,0,4812011.5,0,0,4812011.5,0,0,4812011.5,0,0,4812011.5,0,0,4812011.5,0,0,4812011.5,0,0,4812011.5,0,0,4812011.5,0,0,4812011.5,0,0,4812011.5,0,0,4812011.5,0,0,9624023,0,0,4812011.5,0,0,4812011.5,0,0,4812011.5,0,0,4812011.5,0,0,4812011.5,0,0,4812011.5,0,0,4812011.5
1,0,0,2020-12-07,COVSICKLE,0,0,0,0,0,0,0,0,0,0,0,0,0,0,0,0,0,0,0,0,0,0,0,0,0,0,0,0,0,0,0,0,0,0,0,0,0,0,0,0,0,0,0,0,0,0,0,0,0,0,4812011.5,0,0,4812011.5,0,0,4812011.5,0,0,4812011.5,0,0,4812011.5,0,0,4812011.5,0,0,4812011.5,0,0,4812011.5,0,0,4812011.5,0,0,4812011.5,0,0,4812011.5,0,0,4812011.5,0,0,4812011.5,0,0,4812011.5,0,0,4812011.5,0,0,4812011.5,0,0,4812011.5,0,0,4812011.5,0,0,4812011.5,0,0,4812011.5,0,0,4812011.5,0,0,4812011.5,0,0,4812011.5,0,0,4812011.5,0,0,4812011.5,0,0,4812011.5,0,0,4812011.5,0,0,4812011.5,0,0,4812011.5,0,0,4812011.5,0,0,4812011.5,0,0,4812011.5,0,0,4812011.5,0,0,4812011.5,0,0,4812011.5,0,0,4812011.5,0,0,4812011.5,0,0,4812011.5,0,0,4812011.5,0,0,4812011.5,0,0,9624023,0,0,4812011.5,0,0,4812011.5,0,0,4812011.5,0,0,4812011.5,0,0,4812011.5,0,0,4812011.5,0,0,4812011.5
1,0,0,2020-12-14,COVSICKLE,0,0,0,0,0,0,0,0,0,0,0,0,0,0,0,0,0,0,0,0,0,0,0,0,0,0,0,0,0,0,0,0,0,0,0,0,0,0,0,0,0,0,0,0,0,0,0,0,0,0,4812011.5,0,0,4812011.5,0,0,4812011.5,0,0,4812011.5,0,0,4812011.5,0,0,4812011.5,0,0,4812011.5,0,0,4812011.5,0,0,4812011.5,0,0,4812011.5,0,0,4812011.5,0,0,4812011.5,0,0,4812011.5,0,0,4812011.5,0,0,4812011.5,0,0,4812011.5,0,0,4812011.5,0,0,4812011.5,0,0,4812011.5,0,0,4812011.5,0,0,4812011.5,0,0,4812011.5,0,0,4812011.5,0,0,4812011.5,0,0,4812011.5,0,0,4812011.5,0,0,4812011.5,0,0,4812011.5,0,0,4812011.5,0,0,4812011.5,0,0,4812011.5,0,0,4812011.5,0,0,4812011.5,0,0,4812011.5,0,0,4812011.5,0,0,4812011.5,0,0,4812011.5,0,0,4812011.5,0,0,4812011.5,0,0,4812011.5,0,0,9624023,0,0,4812011.5,0,0,4812011.5,0,0,4812011.5,0,0,4812011.5,0,0,4812011.5,0,0,4812011.5,0,0,4812011.5
1,0,0,2020-12-21,COVSICKLE,0,0,0,0,0,0,0,0,0,0,0,0,0,0,0,0,0,0,0,0,0,0,0,0,0,0,0,0,0,0,0,0,0,0,0,0,0,0,0,0,0,0,0,0,0,0,0,0,0,0,4812011.5,0,0,4812011.5,0,0,4812011.5,0,0,4812011.5,0,0,4812011.5,0,0,4812011.5,0,0,4812011.5,0,0,4812011.5,0,0,4812011.5,0,0,4812011.5,0,0,4812011.5,0,0,4812011.5,0,0,4812011.5,0,0,4812011.5,0,0,4812011.5,0,0,4812011.5,0,0,4812011.5,0,0,4812011.5,0,0,4812011.5,0,0,4812011.5,0,0,4812011.5,0,0,4812011.5,0,0,4812011.5,0,0,4812011.5,0,0,4812011.5,0,0,4812011.5,0,0,4812011.5,0,0,4812011.5,0,0,4812011.5,0,0,4812011.5,0,0,4812011.5,0,0,4812011.5,0,0,4812011.5,0,0,4812011.5,0,0,4812011.5,0,0,4812011.5,0,0,4812011.5,0,0,4812011.5,0,0,4812011.5,0,0,4812011.5,0,0,9624023,0,0,4812011.5,0,0,4812011.5,0,0,4812011.5,0,0,4812011.5,0,0,4812011.5,0,0,4812011.5,0,0,4812011.5
1,0,0,2020-12-28,COVSICKLE,0,0,0,0,0,0,0,0,0,0,0,0,0,0,0,0,0,0,0,0,0,0,0,0,0,0,0,0,0,0,0,0,0,0,0,0,0,0,0,0,0,0,0,0,0,0,0,0,0,0,4812011.5,0,0,4812011.5,0,0,4812011.5,0,0,4812011.5,0,0,4812011.5,0,0,4812011.5,0,0,4812011.5,0,0,4812011.5,0,0,4812011.5,0,0,4812011.5,0,0,4812011.5,0,0,4812011.5,0,0,4812011.5,0,0,4812011.5,0,0,4812011.5,0,0,4812011.5,0,0,4812011.5,0,0,4812011.5,0,0,4812011.5,0,0,4812011.5,0,0,4812011.5,0,0,4812011.5,0,0,4812011.5,0,0,4812011.5,0,0,4812011.5,0,0,4812011.5,0,0,4812011.5,0,0,4812011.5,0,0,4812011.5,0,0,4812011.5,0,0,4812011.5,0,0,4812011.5,0,0,4812011.5,0,0,4812011.5,0,0,4812011.5,0,0,4812011.5,0,0,4812011.5,0,0,4812011.5,0,0,4812011.5,0,0,4812011.5,0,0,9624023,0,0,4812011.5,0,0,4812011.5,0,0,4812011.5,0,0,4812011.5,0,0,4812011.5,0,0,4812011.5,0,0,4812011.5
1,0,0,2021-01-04,COVSICKLE,0,0,0,0,0,0,0,0,0,0,0,0,0,0,0,0,0,0,0,0,0,0,0,0,0,0,0,0,0,0,0,0,0,0,0,0,0,0,0,0,0,0,0,0,0,0,0,0,0,0,4812011.5,0,0,4812011.5,0,0,4812011.5,0,0,4812011.5,0,0,4812011.5,0,0,4812011.5,0,0,4812011.5,0,0,4812011.5,0,0,4812011.5,0,0,4812011.5,0,0,4812011.5,0,0,4812011.5,0,0,4812011.5,0,0,4812011.5,0,0,4812011.5,0,0,4812011.5,0,0,4812011.5,0,0,4812011.5,0,0,4812011.5,0,0,4812011.5,0,0,4812011.5,0,0,4812011.5,0,0,4812011.5,0,0,4812011.5,0,0,4812011.5,0,0,4812011.5,0,0,4812011.5,0,0,4812011.5,0,0,4812011.5,0,0,4812011.5,0,0,4812011.5,0,0,4812011.5,0,0,4812011.5,0,0,4812011.5,0,0,4812011.5,0,0,4812011.5,0,0,4812011.5,0,0,4812011.5,0,0,4812011.5,0,0,4812011.5,0,0,9624023,0,0,4812011.5,0,0,4812011.5,0,0,4812011.5,0,0,4812011.5,0,0,4812011.5,0,0,4812011.5,0,0,4812011.5
1,0,0,2021-01-11,COVSICKLE,0,0,0,0,0,0,0,0,0,0,0,0,0,0,0,0,0,0,0,0,0,0,0,0,0,0,0,0,0,0,0,0,0,0,0,0,0,0,0,0,0,0,0,0,0,0,0,0,0,0,4812011.5,0,0,4812011.5,0,0,4812011.5,0,0,4812011.5,0,0,4812011.5,0,0,4812011.5,0,0,4812011.5,0,0,4812011.5,0,0,4812011.5,0,0,4812011.5,0,0,4812011.5,0,0,4812011.5,0,0,4812011.5,0,0,4812011.5,0,0,4812011.5,0,0,4812011.5,0,0,4812011.5,0,0,4812011.5,0,0,4812011.5,0,0,4812011.5,0,0,4812011.5,0,0,4812011.5,0,0,4812011.5,0,0,4812011.5,0,0,4812011.5,0,0,4812011.5,0,0,4812011.5,0,0,4812011.5,0,0,4812011.5,0,0,4812011.5,0,0,4812011.5,0,0,4812011.5,0,0,4812011.5,0,0,4812011.5,0,0,4812011.5,0,0,4812011.5,0,0,4812011.5,0,0,4812011.5,0,0,4812011.5,0,0,4812011.5,0,0,9624023,0,0,4812011.5,0,0,4812011.5,0,0,4812011.5,0,0,4812011.5,0,0,4812011.5,0,0,4812011.5,0,0,4812011.5
1,0,0,2021-01-18,COVSICKLE,0,0,0,0,0,0,0,0,0,0,0,0,0,0,0,0,0,0,0,0,0,0,0,0,0,0,0,0,0,0,0,0,0,0,0,0,0,0,0,0,0,0,0,0,0,0,0,0,0,0,4812011.5,0,0,4812011.5,0,0,4812011.5,0,0,4812011.5,0,0,4812011.5,0,0,4812011.5,0,0,4812011.5,0,0,4812011.5,0,0,4812011.5,0,0,4812011.5,0,0,4812011.5,0,0,4812011.5,0,0,4812011.5,0,0,4812011.5,0,0,4812011.5,0,0,4812011.5,0,0,4812011.5,0,0,4812011.5,0,0,4812011.5,0,0,4812011.5,0,0,4812011.5,0,0,4812011.5,0,0,4812011.5,0,0,4812011.5,0,0,4812011.5,0,0,4812011.5,0,0,4812011.5,0,0,4812011.5,0,0,4812011.5,0,0,4812011.5,0,0,4812011.5,0,0,4812011.5,0,0,4812011.5,0,0,4812011.5,0,0,4812011.5,0,0,4812011.5,0,0,4812011.5,0,0,4812011.5,0,0,4812011.5,0,0,4812011.5,0,0,9624023,0,0,4812011.5,0,0,4812011.5,0,0,4812011.5,0,0,4812011.5,0,0,4812011.5,0,0,4812011.5,0,0,4812011.5
1,0,0,2021-01-25,COVSICKLE,0,0,0,0,0,0,0,0,0,0,0,0,0,0,0,0,0,0,0,0,0,0,0,0,0,0,0,0,0,0,0,0,0,0,0,0,0,0,0,0,0,0,0,0,0,0,0,0,0,0,4812011.5,0,0,4812011.5,0,0,4812011.5,0,0,4812011.5,0,0,4812011.5,0,0,4812011.5,0,0,4812011.5,0,0,4812011.5,0,0,4812011.5,0,0,4812011.5,0,0,4812011.5,0,0,4812011.5,0,0,4812011.5,0,0,4812011.5,0,0,4812011.5,0,0,4812011.5,0,0,4812011.5,0,0,4812011.5,0,0,4812011.5,0,0,4812011.5,0,0,4812011.5,0,0,4812011.5,0,0,4812011.5,0,0,4812011.5,0,0,4812011.5,0,0,4812011.5,0,0,4812011.5,0,0,4812011.5,0,0,4812011.5,0,0,4812011.5,0,0,4812011.5,0,0,4812011.5,0,0,4812011.5,0,0,4812011.5,0,0,4812011.5,0,0,4812011.5,0,0,4812011.5,0,0,4812011.5,0,0,4812011.5,0,0,4812011.5,0,0,9624023,0,0,4812011.5,0,0,4812011.5,0,0,4812011.5,0,0,4812011.5,0,0,4812011.5,0,0,4812011.5,0,0,4812011.5
1,0,0,2021-02-01,COVSICKLE,0,0,0,0,0,0,0,0,0,0,0,0,0,0,0,0,0,0,0,0,0,0,0,0,0,0,0,0,0,0,0,0,0,0,0,0,0,0,0,0,0,0,0,0,0,0,0,0,0,0,4812011.5,0,0,4812011.5,0,0,4812011.5,0,0,4812011.5,0,0,4812011.5,0,0,4812011.5,0,0,4812011.5,0,0,4812011.5,0,0,4812011.5,0,0,4812011.5,0,0,4812011.5,0,0,4812011.5,0,0,4812011.5,0,0,4812011.5,0,0,4812011.5,0,0,4812011.5,0,0,4812011.5,0,0,4812011.5,0,0,4812011.5,0,0,4812011.5,0,0,4812011.5,0,0,4812011.5,0,0,4812011.5,0,0,4812011.5,0,0,4812011.5,0,0,4812011.5,0,0,4812011.5,0,0,4812011.5,0,0,4812011.5,0,0,4812011.5,0,0,4812011.5,0,0,4812011.5,0,0,4812011.5,0,0,4812011.5,0,0,4812011.5,0,0,4812011.5,0,0,4812011.5,0,0,4812011.5,0,0,4812011.5,0,0,4812011.5,0,0,9624023,0,0,4812011.5,0,0,4812011.5,0,0,4812011.5,0,0,4812011.5,0,0,4812011.5,0,0,4812011.5,0,0,4812011.5
1,0,0,2021-02-08,COVSICKLE,0,0,0,0,0,0,0,0,0,0,0,0,0,0,0,0,0,0,0,0,0,0,0,0,0,0,0,0,0,0,0,0,0,0,0,0,0,0,0,0,0,0,0,0,0,0,0,0,0,0,4812011.5,0,0,4812011.5,0,0,4812011.5,0,0,4812011.5,0,0,4812011.5,0,0,4812011.5,0,0,4812011.5,0,0,4812011.5,0,0,4812011.5,0,0,4812011.5,0,0,4812011.5,0,0,4812011.5,0,0,4812011.5,0,0,4812011.5,0,0,4812011.5,0,0,4812011.5,0,0,4812011.5,0,0,4812011.5,0,0,4812011.5,0,0,4812011.5,0,0,4812011.5,0,0,4812011.5,0,0,4812011.5,0,0,4812011.5,0,0,4812011.5,0,0,4812011.5,0,0,4812011.5,0,0,4812011.5,0,0,4812011.5,0,0,4812011.5,0,0,4812011.5,0,0,4812011.5,0,0,4812011.5,0,0,4812011.5,0,0,4812011.5,0,0,4812011.5,0,0,4812011.5,0,0,4812011.5,0,0,4812011.5,0,0,4812011.5,0,0,9624023,0,0,4812011.5,0,0,4812011.5,0,0,4812011.5,0,0,4812011.5,0,0,4812011.5,0,0,4812011.5,0,0,4812011.5
1,0,0,2021-02-15,COVSICKLE,0,0,0,0,0,0,0,0,0,0,0,0,0,0,0,0,0,0,0,0,0,0,0,0,0,0,0,0,0,0,0,0,0,0,0,0,0,0,0,0,0,0,0,0,0,0,0,0,0,0,4812011.5,0,0,4812011.5,0,0,4812011.5,0,0,4812011.5,0,0,4812011.5,0,0,4812011.5,0,0,4812011.5,0,0,4812011.5,0,0,4812011.5,0,0,4812011.5,0,0,4812011.5,0,0,4812011.5,0,0,4812011.5,0,0,4812011.5,0,0,4812011.5,0,0,4812011.5,0,0,4812011.5,0,0,4812011.5,0,0,4812011.5,0,0,4812011.5,0,0,4812011.5,0,0,4812011.5,0,0,4812011.5,0,0,4812011.5,0,0,4812011.5,0,0,4812011.5,0,0,4812011.5,0,0,4812011.5,0,0,4812011.5,0,0,4812011.5,0,0,4812011.5,0,0,4812011.5,0,0,4812011.5,0,0,4812011.5,0,0,4812011.5,0,0,4812011.5,0,0,4812011.5,0,0,4812011.5,0,0,4812011.5,0,0,4812011.5,0,0,9624023,0,0,4812011.5,0,0,4812011.5,0,0,4812011.5,0,0,4812011.5,0,0,4812011.5,0,0,4812011.5,0,0,4812011.5
1,0,0,2021-02-22,COVSICKLE,0,0,0,0,0,0,0,0,0,0,0,0,0,0,0,0,0,0,0,0,0,0,0,0,0,0,0,0,0,0,0,0,0,0,0,0,0,0,0,0,0,0,0,0,0,0,0,0,0,0,4812011.5,0,0,4812011.5,0,0,4812011.5,0,0,4812011.5,0,0,4812011.5,0,0,4812011.5,0,0,4812011.5,0,0,4812011.5,0,0,4812011.5,0,0,4812011.5,0,0,4812011.5,0,0,4812011.5,0,0,4812011.5,0,0,4812011.5,0,0,4812011.5,0,0,4812011.5,0,0,4812011.5,0,0,4812011.5,0,0,4812011.5,0,0,4812011.5,0,0,4812011.5,0,0,4812011.5,0,0,4812011.5,0,0,4812011.5,0,0,4812011.5,0,0,4812011.5,0,0,4812011.5,0,0,4812011.5,0,0,4812011.5,0,0,4812011.5,0,0,4812011.5,0,0,4812011.5,0,0,4812011.5,0,0,4812011.5,0,0,4812011.5,0,0,4812011.5,0,0,4812011.5,0,0,4812011.5,0,0,4812011.5,0,0,4812011.5,0,0,9624023,0,0,4812011.5,0,0,4812011.5,0,0,4812011.5,0,0,4812011.5,0,0,4812011.5,0,0,4812011.5,0,0,4812011.5
1,0,0,2021-03-01,COVSICKLE,0,0,0,0,0,0,0,0,0,0,0,0,0,0,0,0,0,0,0,0,0,0,0,0,0,0,0,0,0,0,0,0,0,0,0,0,0,0,0,0,0,0,0,0,0,0,0,0,0,0,4812011.5,0,0,4812011.5,0,0,4812011.5,0,0,4812011.5,0,0,4812011.5,0,0,4812011.5,0,0,4812011.5,0,0,4812011.5,0,0,4812011.5,0,0,4812011.5,0,0,4812011.5,0,0,4812011.5,0,0,4812011.5,0,0,4812011.5,0,0,4812011.5,0,0,4812011.5,0,0,4812011.5,0,0,4812011.5,0,0,4812011.5,0,0,4812011.5,0,0,4812011.5,0,0,4812011.5,0,0,4812011.5,0,0,4812011.5,0,0,4812011.5,0,0,4812011.5,0,0,4812011.5,0,0,4812011.5,0,0,4812011.5,0,0,4812011.5,0,0,4812011.5,0,0,4812011.5,0,0,4812011.5,0,0,4812011.5,0,0,4812011.5,0,0,4812011.5,0,0,4812011.5,0,0,4812011.5,0,0,4812011.5,0,0,4812011.5,0,0,9624023,0,0,4812011.5,0,0,4812011.5,0,0,4812011.5,0,0,4812011.5,0,0,4812011.5,0,0,4812011.5,0,0,4812011.5
1,0,0,2021-03-08,COVSICKLE,0,0,0,0,0,0,0,0,0,0,0,0,0,0,0,0,0,0,0,0,0,0,0,0,0,0,0,0,0,0,0,0,0,0,0,0,0,0,0,0,0,0,0,0,0,0,0,0,0,0,4812011.5,0,0,4812011.5,0,0,4812011.5,0,0,4812011.5,0,0,4812011.5,0,0,4812011.5,0,0,4812011.5,0,0,4812011.5,0,0,4812011.5,0,0,4812011.5,0,0,4812011.5,0,0,4812011.5,0,0,4812011.5,0,0,4812011.5,0,0,4812011.5,0,0,4812011.5,0,0,4812011.5,0,0,4812011.5,0,0,4812011.5,0,0,4812011.5,0,0,4812011.5,0,0,4812011.5,0,0,4812011.5,0,0,4812011.5,0,0,4812011.5,0,0,4812011.5,0,0,4812011.5,0,0,4812011.5,0,0,4812011.5,0,0,4812011.5,0,0,4812011.5,0,0,4812011.5,0,0,4812011.5,0,0,4812011.5,0,0,4812011.5,0,0,4812011.5,0,0,4812011.5,0,0,4812011.5,0,0,4812011.5,0,0,4812011.5,0,0,9624023,0,0,4812011.5,0,0,4812011.5,0,0,4812011.5,0,0,4812011.5,0,0,4812011.5,0,0,4812011.5,0,0,4812011.5
1,0,0,2021-03-15,COVSICKLE,0,0,0,0,0,0,0,0,0,0,0,0,0,0,0,0,0,0,0,0,0,0,0,0,0,0,0,0,0,0,0,0,0,0,0,0,0,0,0,0,0,0,0,0,0,0,0,0,0,0,4812011.5,0,0,4812011.5,0,0,4812011.5,0,0,4812011.5,0,0,4812011.5,0,0,4812011.5,0,0,4812011.5,0,0,4812011.5,0,0,4812011.5,0,0,4812011.5,0,0,4812011.5,0,0,4812011.5,0,0,4812011.5,0,0,4812011.5,0,0,4812011.5,0,0,4812011.5,0,0,4812011.5,0,0,4812011.5,0,0,4812011.5,0,0,4812011.5,0,0,4812011.5,0,0,4812011.5,0,0,4812011.5,0,0,4812011.5,0,0,4812011.5,0,0,4812011.5,0,0,4812011.5,0,0,4812011.5,0,0,4812011.5,0,0,4812011.5,0,0,4812011.5,0,0,4812011.5,0,0,4812011.5,0,0,4812011.5,0,0,4812011.5,0,0,4812011.5,0,0,4812011.5,0,0,4812011.5,0,0,4812011.5,0,0,4812011.5,0,0,9624023,0,0,4812011.5,0,0,4812011.5,0,0,4812011.5,0,0,4812011.5,0,0,4812011.5,0,0,4812011.5,0,0,4812011.5
1,0,0,2021-03-22,COVSICKLE,0,0,0,0,0,0,0,0,0,0,0,0,0,0,0,0,0,0,0,0,0,0,0,0,0,0,0,0,0,0,0,0,0,0,0,0,0,0,0,0,0,0,0,0,0,0,0,0,0,0,4812011.5,0,0,4812011.5,0,0,4812011.5,0,0,4812011.5,0,0,4812011.5,0,0,4812011.5,0,0,4812011.5,0,0,4812011.5,0,0,4812011.5,0,0,4812011.5,0,0,4812011.5,0,0,4812011.5,0,0,4812011.5,0,0,4812011.5,0,0,4812011.5,0,0,4812011.5,0,0,4812011.5,0,0,4812011.5,0,0,4812011.5,0,0,4812011.5,0,0,4812011.5,0,0,4812011.5,0,0,4812011.5,0,0,4812011.5,0,0,4812011.5,0,0,4812011.5,0,0,4812011.5,0,0,4812011.5,0,0,4812011.5,0,0,4812011.5,0,0,4812011.5,0,0,4812011.5,0,0,4812011.5,0,0,4812011.5,0,0,4812011.5,0,0,4812011.5,0,0,4812011.5,0,0,4812011.5,0,0,4812011.5,0,0,4812011.5,0,0,9624023,0,0,4812011.5,0,0,4812011.5,0,0,4812011.5,0,0,4812011.5,0,0,4812011.5,0,0,4812011.5,0,0,4812011.5
1,0,0,2021-03-29,COVSICKLE,0,0,0,0,0,0,0,0,0,0,0,0,0,0,0,0,0,0,0,0,0,0,0,0,0,0,0,0,0,0,0,0,0,0,0,0,0,0,0,0,0,0,0,0,0,0,0,0,0,0,5614013.42,0,0,5614013.42,0,0,5614013.42,0,0,5614013.42,0,0,5614013.42,0,0,5614013.42,0,0,5614013.42,0,0,5614013.42,0,0,5614013.42,0,0,5614013.42,0,0,5614013.42,0,0,5614013.42,0,0,5614013.42,0,0,5614013.42,0,0,5614013.42,0,0,5614013.42,0,0,5614013.42,0,0,5614013.42,0,0,5614013.42,0,0,5614013.42,0,0,5614013.42,0,0,5614013.42,0,0,5614013.42,0,0,5614013.42,0,0,5614013.42,0,0,5614013.42,0,0,5614013.42,0,0,5614013.42,0,0,5614013.42,0,0,5614013.42,0,0,5614013.42,0,0,5614013.42,0,0,5614013.42,0,0,5614013.42,0,0,5614013.42,0,0,5614013.42,0,0,5614013.42,0,0,5614013.42,0,0,5614013.42,0,0,5614013.42,0,0,9624023,0,0,5614013.42,0,0,5614013.42,0,0,5614013.42,0,0,5614013.42,0,0,5614013.42,0,0,5614013.42,0,0,5614013.42
1,0,0,2021-04-05,COVSICKLE,0,0,0,0,0,0,0,0,0,0,0,0,0,0,0,0,0,0,0,0,0,0,0,0,0,0,0,0,0,0,0,0,0,0,0,0,0,0,0,0,0,0,0,0,0,0,0,0,0,0,10364332.47,0,0,10364332.47,0,0,10364332.47,0,0,10364332.47,0,0,10364332.47,0,0,10364332.47,0,0,10364332.47,0,0,10364332.47,0,0,10364332.47,0,0,10364332.47,0,0,10364332.47,0,0,10364332.47,0,0,10364332.47,0,0,10364332.47,0,0,10364332.47,0,0,10364332.47,0,0,10364332.47,0,0,10364332.47,0,0,10364332.47,0,0,10364332.47,0,0,10364332.47,0,0,10364332.47,0,0,10364332.47,0,0,10364332.47,0,0,10364332.47,0,0,10364332.47,0,0,10364332.47,0,0,10364332.47,0,0,10364332.47,0,0,10364332.47,0,0,10364332.47,0,0,10364332.47,0,0,10364332.47,0,0,10364332.47,0,0,10364332.47,0,0,10364332.47,0,0,10364332.47,0,0,10364332.47,0,0,10364332.47,0,0,10364332.47,0,0,16842040.26,0,0,10364332.47,0,0,10364332.47,0,0,10364332.47,0,0,10364332.47,0,0,10364332.47,0,0,10364332.47,0,0,10364332.47
1,0,0,2021-04-12,COVSICKLE,0,0,0,0,0,0,0,0,0,0,0,0,0,0,0,0,0,0,0,0,0,0,0,0,0,0,0,0,0,0,0,0,0,0,0,0,0,0,0,0,0,0,0,0,0,0,0,0,0,0,33684080.52,0,0,33684080.52,0,0,33684080.52,0,0,33684080.52,0,0,33684080.52,0,0,33684080.52,0,0,33684080.52,0,0,33684080.52,0,0,33684080.52,0,0,33684080.52,0,0,33684080.52,0,0,33684080.52,0,0,33684080.52,0,0,33684080.52,0,0,33684080.52,0,0,33684080.52,0,0,33684080.52,0,0,33684080.52,0,0,33684080.52,0,0,33684080.52,0,0,33684080.52,0,0,33684080.52,0,0,33684080.52,0,0,33684080.52,0,0,33684080.52,0,0,33684080.52,0,0,33684080.52,0,0,33684080.52,0,0,33684080.52,0,0,33684080.52,0,0,33684080.52,0,0,33684080.52,0,0,33684080.52,0,0,33684080.52,0,0,33684080.52,0,0,33684080.52,0,0,33684080.52,0,0,33684080.52,0,0,33684080.52,0,0,33684080.52,0,0,33684080.52,0,0,33684080.52,0,0,33684080.52,0,0,33684080.52,0,0,33684080.52,0,0,33684080.52,0,0,33684080.52,0,0,33684080.52
1,1,Moderna,2021-04-05,COVSICKLE,0,0,0,0,0,0,0,0,0,0,0,0,0,0,0,0,0,0,0,0,0,0,0,0,0,0,0,0,0,0,0,0,0,0,0,0,0,0,0,0,0,0,0,0,0,0,0,0,0,0,22456053.68,0,0,22456053.68,0,0,22456053.68,0,0,22456053.68,0,0,22456053.68,0,0,22456053.68,0,0,22456053.68,0,0,22456053.68,0,0,22456053.68,0,0,22456053.68,0,0,22456053.68,0,0,22456053.68,0,0,22456053.68,0,0,22456053.68,0,0,22456053.68,0,0,22456053.68,0,0,22456053.68,0,0,22456053.68,0,0,22456053.68,0,0,22456053.68,0,0,22456053.68,0,0,22456053.68,0,0,22456053.68,0,0,22456053.68,0,0,22456053.68,0,0,22456053.68,0,0,22456053.68,0,0,22456053.68,0,0,22456053.68,0,0,22456053.68,0,0,22456053.68,0,0,22456053.68,0,0,22456053.68,0,0,22456053.68,0,0,22456053.68,0,0,22456053.68,0,0,22456053.68,0,0,22456053.68,0,0,22456053.68,0,0,22456053.68,0,0,22456053.68,0,0,22456053.68,0,0,22456053.68,0,0,22456053.68,0,0,22456053.68,0,0,22456053.68,0,0,22456053.68,0,0,22456053.68
1,1,Moderna,2021-04-12,COVSICKLE,0,0,0,0,0,0,0,0,0,0,0,0,0,0,0,0,0,0,0,0,0,0,0,0,0,0,0,0,0,0,0,0,0,0,0,0,0,0,0,0,0,0,0,0,0,0,0,0,0,0,13473632.21,0,0,13473632.21,0,0,13473632.21,0,0,13473632.21,0,0,13473632.21,0,0,13473632.21,0,0,13473632.21,0,0,13473632.21,0,0,13473632.21,0,0,13473632.21,0,0,13473632.21,0,0,13473632.21,0,0,13473632.21,0,0,13473632.21,0,0,13473632.21,0,0,13473632.21,0,0,13473632.21,0,0,13473632.21,0,0,13473632.21,0,0,13473632.21,0,0,13473632.21,0,0,13473632.21,0,0,13473632.21,0,0,13473632.21,0,0,13473632.21,0,0,13473632.21,0,0,13473632.21,0,0,13473632.21,0,0,13473632.21,0,0,13473632.21,0,0,13473632.21,0,0,13473632.21,0,0,13473632.21,0,0,13473632.21,0,0,13473632.21,0,0,13473632.21,0,0,13473632.21,0,0,13473632.21,0,0,13473632.21,0,0,13473632.21,0,0,13473632.21,0,0,13473632.21,0,0,13473632.21,0,0,13473632.21,0,0,13473632.21,0,0,13473632.21,0,0,13473632.21,0,0,13473632.21
1,1,Moderna,2021-04-19,COVSICKLE,0,0,0,0,0,0,0,0,0,0,0,0,0,0,0,0,0,0,0,0,0,0,0,0,0,0,0,0,0,0,0,0,0,0,0,0,0,0,0,0,0,0,0,0,0,0,0,0,0,0,9624023,0,0,9624023,0,0,9624023,0,0,9624023,0,0,9624023,0,0,9624023,0,0,9624023,0,0,9624023,0,0,9624023,0,0,9624023,0,0,9624023,0,0,9624023,0,0,9624023,0,0,9624023,0,0,9624023,0,0,9624023,0,0,9624023,0,0,9624023,0,0,9624023,0,0,9624023,0,0,9624023,0,0,9624023,0,0,9624023,0,0,9624023,0,0,9624023,0,0,9624023,0,0,9624023,0,0,9624023,0,0,9624023,0,0,9624023,0,0,9624023,0,0,9624023,0,0,9624023,0,0,9624023,0,0,9624023,0,0,9624023,0,0,9624023,0,0,9624023,0,0,9624023,0,0,9624023,0,0,9624023,0,0,9624023,0,0,9624023,0,0,9624023,0,0,9624023,0,0,9624023,0,0,9624023,0,0,9624023
1,1,Moderna,2021-04-26,COVSICKLE,0,0,0,0,0,0,0,0,0,0,0,0,0,0,0,0,0,0,0,0,0,0,0,0,0,0,0,0,0,0,0,0,0,0,0,0,0,0,0,0,0,0,0,0,0,0,0,0,0,0,10364332.47,0,0,10364332.47,0,0,10364332.47,0,0,10364332.47,0,0,10364332.47,0,0,10364332.47,0,0,10364332.47,0,0,10364332.47,0,0,10364332.47,0,0,10364332.47,0,0,10364332.47,0,0,10364332.47,0,0,10364332.47,0,0,10364332.47,0,0,10364332.47,0,0,10364332.47,0,0,10364332.47,0,0,10364332.47,0,0,10364332.47,0,0,10364332.47,0,0,10364332.47,0,0,10364332.47,0,0,10364332.47,0,0,10364332.47,0,0,10364332.47,0,0,10364332.47,0,0,10364332.47,0,0,10364332.47,0,0,10364332.47,0,0,10364332.47,0,0,10364332.47,0,0,10364332.47,0,0,10364332.47,0,0,10364332.47,0,0,10364332.47,0,0,10364332.47,0,0,10364332.47,0,0,10364332.47,0,0,10364332.47,0,0,10364332.47,0,0,10364332.47,0,0,10364332.47,0,0,10364332.47,0,0,10364332.47,0,0,10364332.47,0,0,10364332.47,0,0,10364332.47,0,0,10364332.47
1,1,Moderna,2021-05-03,COVSICKLE,0,0,0,0,0,0,0,0,0,0,0,0,0,0,0,0,0,0,0,0,0,0,0,0,0,0,0,0,0,0,0,0,0,0,0,0,0,0,0,0,0,0,0,0,0,0,0,0,0,0,19248046.01,0,0,19248046.01,0,0,19248046.01,0,0,19248046.01,0,0,19248046.01,0,0,19248046.01,0,0,19248046.01,0,0,19248046.01,0,0,19248046.01,0,0,19248046.01,0,0,19248046.01,0,0,19248046.01,0,0,19248046.01,0,0,19248046.01,0,0,19248046.01,0,0,19248046.01,0,0,19248046.01,0,0,19248046.01,0,0,19248046.01,0,0,19248046.01,0,0,19248046.01,0,0,19248046.01,0,0,19248046.01,0,0,19248046.01,0,0,19248046.01,0,0,19248046.01,0,0,19248046.01,0,0,19248046.01,0,0,19248046.01,0,0,19248046.01,0,0,19248046.01,0,0,19248046.01,0,0,19248046.01,0,0,19248046.01,0,0,19248046.01,0,0,19248046.01,0,0,19248046.01,0,0,19248046.01,0,0,19248046.01,0,0,19248046.01,0,0,19248046.01,0,0,19248046.01,0,0,19248046.01,0,0,19248046.01,0,0,19248046.01,0,0,19248046.01,0,0,19248046.01,0,0,19248046.01
1,1,Moderna,2021-05-10,COVSICKLE,0,0,0,0,0,0,0,0,0,0,0,0,0,0,0,0,0,0,0,0,0,0,0,0,0,0,0,0,0,0,0,0,0,0,0,0,0,0,0,0,0,0,0,0,0,0,0,0,0,0,19248046.01,0,0,19248046.01,0,0,19248046.01,0,0,19248046.01,0,0,19248046.01,0,0,19248046.01,0,0,19248046.01,0,0,19248046.01,0,0,19248046.01,0,0,19248046.01,0,0,19248046.01,0,0,19248046.01,0,0,19248046.01,0,0,19248046.01,0,0,19248046.01,0,0,19248046.01,0,0,19248046.01,0,0,19248046.01,0,0,19248046.01,0,0,19248046.01,0,0,19248046.01,0,0,19248046.01,0,0,19248046.01,0,0,19248046.01,0,0,19248046.01,0,0,19248046.01,0,0,19248046.01,0,0,19248046.01,0,0,19248046.01,0,0,19248046.01,0,0,19248046.01,0,0,19248046.01,0,0,19248046.01,0,0,19248046.01,0,0,19248046.01,0,0,19248046.01,0,0,19248046.01,0,0,19248046.01,0,0,19248046.01,0,0,19248046.01,0,0,19248046.01,0,0,19248046.01,0,0,19248046.01,0,0,19248046.01,0,0,19248046.01,0,0,19248046.01,0,0,19248046.01,0,0,19248046.01
1,1,Moderna,2021-05-17,COVSICKLE,0,0,0,0,0,0,0,0,0,0,0,0,0,0,0,0,0,0,0,0,0,0,0,0,0,0,0,0,0,0,0,0,0,0,0,0,0,0,0,0,0,0,0,0,0,0,0,0,0,0,26947264.41,0,0,26947264.41,0,0,26947264.41,0,0,26947264.41,0,0,26947264.41,0,0,26947264.41,0,0,26947264.41,0,0,26947264.41,0,0,26947264.41,0,0,26947264.41,0,0,26947264.41,0,0,26947264.41,0,0,26947264.41,0,0,26947264.41,0,0,26947264.41,0,0,26947264.41,0,0,26947264.41,0,0,26947264.41,0,0,26947264.41,0,0,26947264.41,0,0,26947264.41,0,0,26947264.41,0,0,26947264.41,0,0,26947264.41,0,0,26947264.41,0,0,26947264.41,0,0,26947264.41,0,0,26947264.41,0,0,26947264.41,0,0,26947264.41,0,0,26947264.41,0,0,26947264.41,0,0,26947264.41,0,0,26947264.41,0,0,26947264.41,0,0,26947264.41,0,0,26947264.41,0,0,26947264.41,0,0,26947264.41,0,0,26947264.41,0,0,26947264.41,0,0,26947264.41,0,0,26947264.41,0,0,26947264.41,0,0,26947264.41,0,0,26947264.41,0,0,26947264.41,0,0,26947264.41
1,2,Moderna,2021-04-26,COVSICKLE,0,0,0,0,0,0,0,0,0,0,0,0,0,0,0,0,0,0,0,0,0,0,0,0,0,0,0,0,0,0,0,0,0,0,0,0,0,0,0,0,0,0,0,0,0,0,0,0,0,0,134736322.06,0,0,134736322.06,0,0,134736322.06,0,0,134736322.06,0,0,134736322.06,0,0,134736322.06,0,0,134736322.06,0,0,134736322.06,0,0,134736322.06,0,0,134736322.06,0,0,134736322.06,0,0,134736322.06,0,0,134736322.06,0,0,134736322.06,0,0,134736322.06,0,0,134736322.06,0,0,134736322.06,0,0,134736322.06,0,0,134736322.06,0,0,134736322.06,0,0,134736322.06,0,0,134736322.06,0,0,134736322.06,0,0,134736322.06,0,0,134736322.06,0,0,134736322.06,0,0,134736322.06,0,0,134736322.06,0,0,134736322.06,0,0,134736322.06,0,0,134736322.06,0,0,134736322.06,0,0,134736322.06,0,0,134736322.06,0,0,134736322.06,0,0,134736322.06,0,0,134736322.06,0,0,134736322.06,0,0,134736322.06,0,0,134736322.06,0,0,134736322.06,0,0,134736322.06,0,0,134736322.06,0,0,134736322.06,0,0,134736322.06,0,0,134736322.06,0,0,134736322.06,0,0,134736322.06
1,2,Moderna,2021-05-03,COVSICKLE,0,0,0,0,0,0,0,0,0,0,0,0,0,0,0,0,0,0,0,0,0,0,0,0,0,0,0,0,0,0,0,0,0,0,0,0,0,0,0,0,0,0,0,0,0,0,0,0,0,0,19248046.01,0,0,19248046.01,0,0,19248046.01,0,0,19248046.01,0,0,19248046.01,0,0,19248046.01,0,0,19248046.01,0,0,19248046.01,0,0,19248046.01,0,0,19248046.01,0,0,19248046.01,0,0,19248046.01,0,0,19248046.01,0,0,19248046.01,0,0,19248046.01,0,0,19248046.01,0,0,19248046.01,0,0,19248046.01,0,0,19248046.01,0,0,19248046.01,0,0,19248046.01,0,0,19248046.01,0,0,19248046.01,0,0,19248046.01,0,0,19248046.01,0,0,19248046.01,0,0,19248046.01,0,0,19248046.01,0,0,19248046.01,0,0,19248046.01,0,0,19248046.01,0,0,19248046.01,0,0,19248046.01,0,0,19248046.01,0,0,19248046.01,0,0,19248046.01,0,0,19248046.01,0,0,19248046.01,0,0,19248046.01,0,0,19248046.01,0,0,19248046.01,0,0,19248046.01,0,0,19248046.01,0,0,19248046.01,0,0,19248046.01,0,0,19248046.01,0,0,19248046.01,0,0,19248046.01
1,2,Moderna,2021-05-10,COVSICKLE,0,0,0,0,0,0,0,0,0,0,0,0,0,0,0,0,0,0,0,0,0,0,0,0,0,0,0,0,0,0,0,0,0,0,0,0,0,0,0,0,0,0,0,0,0,0,0,0,0,0,19248046.01,0,0,19248046.01,0,0,19248046.01,0,0,19248046.01,0,0,19248046.01,0,0,19248046.01,0,0,19248046.01,0,0,19248046.01,0,0,19248046.01,0,0,19248046.01,0,0,19248046.01,0,0,19248046.01,0,0,19248046.01,0,0,19248046.01,0,0,19248046.01,0,0,19248046.01,0,0,19248046.01,0,0,19248046.01,0,0,19248046.01,0,0,19248046.01,0,0,19248046.01,0,0,19248046.01,0,0,19248046.01,0,0,19248046.01,0,0,19248046.01,0,0,19248046.01,0,0,19248046.01,0,0,19248046.01,0,0,19248046.01,0,0,19248046.01,0,0,19248046.01,0,0,19248046.01,0,0,19248046.01,0,0,19248046.01,0,0,19248046.01,0,0,19248046.01,0,0,19248046.01,0,0,19248046.01,0,0,19248046.01,0,0,19248046.01,0,0,19248046.01,0,0,19248046.01,0,0,19248046.01,0,0,19248046.01,0,0,19248046.01,0,0,19248046.01,0,0,19248046.01,0,0,19248046.01
1,2,Moderna,2021-05-17,COVSICKLE,0,0,0,0,0,0,0,0,0,0,0,0,0,0,0,0,0,0,0,0,0,0,0,0,0,0,0,0,0,0,0,0,0,0,0,0,0,0,0,0,0,0,0,0,0,0,0,0,0,0,14970702.45,0,0,14970702.45,0,0,14970702.45,0,0,14970702.45,0,0,14970702.45,0,0,14970702.45,0,0,14970702.45,0,0,14970702.45,0,0,14970702.45,0,0,14970702.45,0,0,14970702.45,0,0,14970702.45,0,0,14970702.45,0,0,14970702.45,0,0,14970702.45,0,0,14970702.45,0,0,14970702.45,0,0,14970702.45,0,0,14970702.45,0,0,14970702.45,0,0,14970702.45,0,0,14970702.45,0,0,14970702.45,0,0,14970702.45,0,0,14970702.45,0,0,14970702.45,0,0,14970702.45,0,0,14970702.45,0,0,14970702.45,0,0,14970702.45,0,0,14970702.45,0,0,14970702.45,0,0,14970702.45,0,0,14970702.45,0,0,14970702.45,0,0,14970702.45,0,0,14970702.45,0,0,14970702.45,0,0,14970702.45,0,0,14970702.45,0,0,14970702.45,0,0,14970702.45,0,0,14970702.45,0,0,14970702.45,0,0,14970702.45,0,0,14970702.45,0,0,14970702.45,0,0,14970702.45
1,2,Moderna,2021-05-24,COVSICKLE,0,0,0,0,0,0,0,0,0,0,0,0,0,0,0,0,0,0,0,0,0,0,0,0,0,0,0,0,0,0,0,0,0,0,0,0,0,0,0,0,0,0,0,0,0,0,0,0,0,0,9624023,0,0,9624023,0,0,9624023,0,0,9624023,0,0,9624023,0,0,9624023,0,0,9624023,0,0,9624023,0,0,9624023,0,0,9624023,0,0,9624023,0,0,9624023,0,0,9624023,0,0,9624023,0,0,9624023,0,0,9624023,0,0,9624023,0,0,9624023,0,0,9624023,0,0,9624023,0,0,9624023,0,0,9624023,0,0,9624023,0,0,9624023,0,0,9624023,0,0,9624023,0,0,9624023,0,0,9624023,0,0,9624023,0,0,9624023,0,0,9624023,0,0,9624023,0,0,9624023,0,0,9624023,0,0,9624023,0,0,9624023,0,0,9624023,0,0,9624023,0,0,9624023,0,0,9624023,0,0,9624023,0,0,9624023,0,0,9624023,0,0,9624023,0,0,9624023,0,0,9624023,0,0,9624023,0,0,9624023
1,2,Moderna,2021-05-31,COVSICKLE,0,0,0,0,0,0,0,0,0,0,0,0,0,0,0,0,0,0,0,0,0,0,0,0,0,0,0,0,0,0,0,0,0,0,0,0,0,0,0,0,0,0,0,0,0,0,0,0,0,0,9624023,0,0,9624023,0,0,9624023,0,0,9624023,0,0,9624023,0,0,9624023,0,0,9624023,0,0,9624023,0,0,9624023,0,0,9624023,0,0,9624023,0,0,9624023,0,0,9624023,0,0,9624023,0,0,9624023,0,0,9624023,0,0,9624023,0,0,9624023,0,0,9624023,0,0,9624023,0,0,9624023,0,0,9624023,0,0,9624023,0,0,9624023,0,0,9624023,0,0,9624023,0,0,9624023,0,0,9624023,0,0,9624023,0,0,9624023,0,0,9624023,0,0,9624023,0,0,9624023,0,0,9624023,0,0,9624023,0,0,9624023,0,0,9624023,0,0,9624023,0,0,9624023,0,0,9624023,0,0,9624023,0,0,9624023,0,0,9624023,0,0,9624023,0,0,9624023,0,0,9624023,0,0,9624023,0,0,9624023
1,2,Moderna,2021-06-07,COVSICKLE,0,0,0,0,0,0,0,0,0,0,0,0,0,0,0,0,0,0,0,0,0,0,0,0,0,0,0,0,0,0,0,0,0,0,0,0,0,0,0,0,0,0,0,0,0,0,0,0,0,0,9624023,0,0,9624023,0,0,9624023,0,0,9624023,0,0,9624023,0,0,9624023,0,0,9624023,0,0,9624023,0,0,9624023,0,0,9624023,0,0,9624023,0,0,9624023,0,0,9624023,0,0,9624023,0,0,9624023,0,0,9624023,0,0,9624023,0,0,9624023,0,0,9624023,0,0,9624023,0,0,9624023,0,0,9624023,0,0,9624023,0,0,9624023,0,0,9624023,0,0,9624023,0,0,9624023,0,0,9624023,0,0,9624023,0,0,9624023,0,0,9624023,0,0,9624023,0,0,9624023,0,0,9624023,0,0,9624023,0,0,9624023,0,0,9624023,0,0,9624023,0,0,9624023,0,0,9624023,0,0,9624023,0,0,9624023,0,0,9624023,0,0,9624023,0,0,9624023,0,0,9624023,0,0,9624023,0,0,9624023
1,2,Moderna,2021-06-14,COVSICKLE,0,0,0,0,0,0,0,0,0,0,0,0,0,0,0,0,0,0,0,0,0,0,0,0,0,0,0,0,0,0,0,0,0,0,0,0,0,0,0,0,0,0,0,0,0,0,0,0,0,0,9624023,0,0,9624023,0,0,9624023,0,0,9624023,0,0,9624023,0,0,9624023,0,0,9624023,0,0,9624023,0,0,9624023,0,0,9624023,0,0,9624023,0,0,9624023,0,0,9624023,0,0,9624023,0,0,9624023,0,0,9624023,0,0,9624023,0,0,9624023,0,0,9624023,0,0,9624023,0,0,9624023,0,0,9624023,0,0,9624023,0,0,9624023,0,0,9624023,0,0,9624023,0,0,9624023,0,0,9624023,0,0,9624023,0,0,9624023,0,0,9624023,0,0,9624023,0,0,9624023,0,0,9624023,0,0,9624023,0,0,9624023,0,0,9624023,0,0,9624023,0,0,9624023,0,0,9624023,0,0,9624023,0,0,9624023,0,0,9624023,0,0,9624023,0,0,9624023,0,0,9624023,0,0,9624023,0,0,9624023
1,2,Moderna,2021-06-21,COVSICKLE,0,0,0,0,0,0,0,0,0,0,0,0,0,0,0,0,0,0,0,0,0,0,0,0,0,0,0,0,0,0,0,0,0,0,0,0,0,0,0,0,0,0,0,0,0,0,0,0,0,0,9624023,0,0,9624023,0,0,9624023,0,0,9624023,0,0,9624023,0,0,9624023,0,0,9624023,0,0,9624023,0,0,9624023,0,0,9624023,0,0,9624023,0,0,9624023,0,0,9624023,0,0,9624023,0,0,9624023,0,0,9624023,0,0,9624023,0,0,9624023,0,0,9624023,0,0,9624023,0,0,9624023,0,0,9624023,0,0,9624023,0,0,9624023,0,0,9624023,0,0,9624023,0,0,9624023,0,0,9624023,0,0,9624023,0,0,9624023,0,0,9624023,0,0,9624023,0,0,9624023,0,0,9624023,0,0,9624023,0,0,9624023,0,0,9624023,0,0,9624023,0,0,9624023,0,0,9624023,0,0,9624023,0,0,9624023,0,0,9624023,0,0,9624023,0,0,9624023,0,0,9624023,0,0,9624023,0,0,9624023
1,2,Moderna,2021-06-28,COVSICKLE,0,0,0,0,0,0,0,0,0,0,0,0,0,0,0,0,0,0,0,0,0,0,0,0,0,0,0,0,0,0,0,0,0,0,0,0,0,0,0,0,0,0,0,0,0,0,0,0,0,0,22456053.68,0,0,22456053.68,0,0,22456053.68,0,0,22456053.68,0,0,22456053.68,0,0,22456053.68,0,0,22456053.68,0,0,22456053.68,0,0,22456053.68,0,0,22456053.68,0,0,22456053.68,0,0,22456053.68,0,0,22456053.68,0,0,22456053.68,0,0,22456053.68,0,0,22456053.68,0,0,22456053.68,0,0,22456053.68,0,0,22456053.68,0,0,22456053.68,0,0,22456053.68,0,0,22456053.68,0,0,22456053.68,0,0,22456053.68,0,0,22456053.68,0,0,22456053.68,0,0,22456053.68,0,0,22456053.68,0,0,22456053.68,0,0,22456053.68,0,0,22456053.68,0,0,22456053.68,0,0,22456053.68,0,0,22456053.68,0,0,22456053.68,0,0,22456053.68,0,0,22456053.68,0,0,22456053.68,0,0,22456053.68,0,0,22456053.68,0,0,22456053.68,0,0,22456053.68,0,0,22456053.68,0,0,22456053.68,0,0,22456053.68,0,0,22456053.68,0,0,22456053.68,0,0,22456053.68
1,1,Pfizer,2021-03-29,COVSICKLE,0,0,0,0,0,0,0,0,0,0,0,0,0,0,0,0,0,0,0,0,0,0,0,0,0,0,0,0,0,0,0,0,0,0,0,0,0,0,0,0,0,0,0,0,0,0,0,0,0,0,33684080.52,0,0,33684080.52,0,0,33684080.52,0,0,33684080.52,0,0,33684080.52,0,0,33684080.52,0,0,33684080.52,0,0,33684080.52,0,0,33684080.52,0,0,33684080.52,0,0,33684080.52,0,0,33684080.52,0,0,33684080.52,0,0,33684080.52,0,0,33684080.52,0,0,33684080.52,0,0,33684080.52,0,0,33684080.52,0,0,33684080.52,0,0,33684080.52,0,0,33684080.52,0,0,33684080.52,0,0,33684080.52,0,0,33684080.52,0,0,33684080.52,0,0,33684080.52,0,0,33684080.52,0,0,33684080.52,0,0,33684080.52,0,0,33684080.52,0,0,33684080.52,0,0,33684080.52,0,0,33684080.52,0,0,33684080.52,0,0,33684080.52,0,0,33684080.52,0,0,33684080.52,0,0,33684080.52,0,0,33684080.52,0,0,33684080.52,,,0,0,0,33684080.52,0,0,33684080.52,0,0,33684080.52,0,0,33684080.52,0,0,33684080.52,0,0,33684080.52,0,0,33684080.52
1,1,Pfizer,2021-04-05,COVSICKLE,0,0,0,0,0,0,0,0,0,0,0,0,0,0,0,0,0,0,0,0,0,0,0,0,0,0,0,0,0,0,0,0,0,0,0,0,0,0,0,0,0,0,0,0,0,0,0,0,0,0,14970702.45,0,0,14970702.45,0,0,14970702.45,0,0,14970702.45,0,0,14970702.45,0,0,14970702.45,0,0,14970702.45,0,0,14970702.45,0,0,14970702.45,0,0,14970702.45,0,0,14970702.45,0,0,14970702.45,0,0,14970702.45,0,0,14970702.45,0,0,14970702.45,0,0,14970702.45,0,0,14970702.45,0,0,14970702.45,0,0,14970702.45,0,0,14970702.45,0,0,14970702.45,0,0,14970702.45,0,0,14970702.45,0,0,14970702.45,0,0,14970702.45,0,0,14970702.45,0,0,14970702.45,0,0,14970702.45,0,0,14970702.45,0,0,14970702.45,0,0,14970702.45,0,0,14970702.45,0,0,14970702.45,0,0,14970702.45,0,0,14970702.45,0,0,14970702.45,0,0,14970702.45,0,0,14970702.45,0,0,14970702.45,0,0,14970702.45,,,0,0,0,14970702.45,0,0,14970702.45,0,0,14970702.45,0,0,14970702.45,0,0,14970702.45,0,0,14970702.45,0,0,14970702.45
1,1,Pfizer,2021-04-12,COVSICKLE,0,0,0,0,0,0,0,0,0,0,0,0,0,0,0,0,0,0,0,0,0,0,0,0,0,0,0,0,0,0,0,0,0,0,0,0,0,0,0,0,0,0,0,0,0,0,0,0,0,0,9624023,0,0,9624023,0,0,9624023,0,0,9624023,0,0,9624023,0,0,9624023,0,0,9624023,0,0,9624023,0,0,9624023,0,0,9624023,0,0,9624023,0,0,9624023,0,0,9624023,0,0,9624023,0,0,9624023,0,0,9624023,0,0,9624023,0,0,9624023,0,0,9624023,0,0,9624023,0,0,9624023,0,0,9624023,0,0,9624023,0,0,9624023,0,0,9624023,0,0,9624023,0,0,9624023,0,0,9624023,0,0,9624023,0,0,9624023,0,0,9624023,0,0,9624023,0,0,9624023,0,0,9624023,0,0,9624023,0,0,9624023,0,0,9624023,0,0,9624023,0,0,9624023,0,0,9624023,,,0,0,0,9624023,0,0,9624023,0,0,9624023,0,0,9624023,0,0,9624023,0,0,9624023,0,0,9624023
1,1,Pfizer,2021-04-19,COVSICKLE,0,0,0,0,0,0,0,0,0,0,0,0,0,0,0,0,0,0,0,0,0,0,0,0,0,0,0,0,0,0,0,0,0,0,0,0,0,0,0,0,0,0,0,0,0,0,0,0,0,0,13473632.21,0,0,13473632.21,0,0,13473632.21,0,0,13473632.21,0,0,13473632.21,0,0,13473632.21,0,0,13473632.21,0,0,13473632.21,0,0,13473632.21,0,0,13473632.21,0,0,13473632.21,0,0,13473632.21,0,0,13473632.21,0,0,13473632.21,0,0,13473632.21,0,0,13473632.21,0,0,13473632.21,0,0,13473632.21,0,0,13473632.21,0,0,13473632.21,0,0,13473632.21,0,0,13473632.21,0,0,13473632.21,0,0,13473632.21,0,0,13473632.21,0,0,13473632.21,0,0,13473632.21,0,0,13473632.21,0,0,13473632.21,0,0,13473632.21,0,0,13473632.21,0,0,13473632.21,0,0,13473632.21,0,0,13473632.21,0,0,13473632.21,0,0,13473632.21,0,0,13473632.21,0,0,13473632.21,0,0,13473632.21,0,0,13473632.21,,,0,0,0,13473632.21,0,0,13473632.21,0,0,13473632.21,0,0,13473632.21,0,0,13473632.21,0,0,13473632.21,0,0,13473632.21
1,1,Pfizer,2021-04-26,COVSICKLE,0,0,0,0,0,0,0,0,0,0,0,0,0,0,0,0,0,0,0,0,0,0,0,0,0,0,0,0,0,0,0,0,0,0,0,0,0,0,0,0,0,0,0,0,0,0,0,0,0,0,33684080.52,0,0,33684080.52,0,0,33684080.52,0,0,33684080.52,0,0,33684080.52,0,0,33684080.52,0,0,33684080.52,0,0,33684080.52,0,0,33684080.52,0,0,33684080.52,0,0,33684080.52,0,0,33684080.52,0,0,33684080.52,0,0,33684080.52,0,0,33684080.52,0,0,33684080.52,0,0,33684080.52,0,0,33684080.52,0,0,33684080.52,0,0,33684080.52,0,0,33684080.52,0,0,33684080.52,0,0,33684080.52,0,0,33684080.52,0,0,33684080.52,0,0,33684080.52,0,0,33684080.52,0,0,33684080.52,0,0,33684080.52,0,0,33684080.52,0,0,33684080.52,0,0,33684080.52,0,0,33684080.52,0,0,33684080.52,0,0,33684080.52,0,0,33684080.52,0,0,33684080.52,0,0,33684080.52,0,0,33684080.52,0,0,33684080.52,,,0,0,0,33684080.52,0,0,33684080.52,0,0,33684080.52,0,0,33684080.52,0,0,33684080.52,0,0,33684080.52,0,0,33684080.52
1,2,Pfizer,2021-04-19,COVSICKLE,0,0,0,0,0,0,0,0,0,0,0,0,0,0,0,0,0,0,0,0,0,0,0,0,0,0,0,0,0,0,0,0,0,0,0,0,0,0,0,0,0,0,0,0,0,0,0,0,0,0,33684080.52,0,0,33684080.52,0,0,33684080.52,0,0,33684080.52,0,0,33684080.52,0,0,33684080.52,0,0,33684080.52,0,0,33684080.52,0,0,33684080.52,0,0,33684080.52,0,0,33684080.52,0,0,33684080.52,0,0,33684080.52,0,0,33684080.52,0,0,33684080.52,0,0,33684080.52,0,0,33684080.52,0,0,33684080.52,0,0,33684080.52,0,0,33684080.52,0,0,33684080.52,0,0,33684080.52,0,0,33684080.52,0,0,33684080.52,0,0,33684080.52,0,0,33684080.52,0,0,33684080.52,0,0,33684080.52,0,0,33684080.52,0,0,33684080.52,0,0,33684080.52,0,0,33684080.52,0,0,33684080.52,0,0,33684080.52,0,0,33684080.52,0,0,33684080.52,0,0,33684080.52,0,0,33684080.52,0,0,33684080.52,0,0,33684080.52,,,0,0,0,33684080.52,0,0,33684080.52,0,0,33684080.52,0,0,33684080.52,0,0,33684080.52,0,0,33684080.52,0,0,33684080.52
1,2,Pfizer,2021-04-26,COVSICKLE,0,0,0,0,0,0,0,0,0,0,0,0,0,0,0,0,0,0,0,0,0,0,0,0,0,0,0,0,0,0,0,0,0,0,0,0,0,0,0,0,0,0,0,0,0,0,0,0,0,0,13473632.21,0,0,13473632.21,0,0,13473632.21,0,0,13473632.21,0,0,13473632.21,0,0,13473632.21,0,0,13473632.21,0,0,13473632.21,0,0,13473632.21,0,0,13473632.21,0,0,13473632.21,0,0,13473632.21,0,0,13473632.21,0,0,13473632.21,0,0,13473632.21,0,0,13473632.21,0,0,13473632.21,0,0,13473632.21,0,0,13473632.21,0,0,13473632.21,0,0,13473632.21,0,0,13473632.21,0,0,13473632.21,0,0,13473632.21,0,0,13473632.21,0,0,13473632.21,0,0,13473632.21,0,0,13473632.21,0,0,13473632.21,0,0,13473632.21,0,0,13473632.21,0,0,13473632.21,0,0,13473632.21,0,0,13473632.21,0,0,13473632.21,0,0,13473632.21,0,0,13473632.21,0,0,13473632.21,0,0,13473632.21,0,0,13473632.21,,,0,0,0,13473632.21,0,0,13473632.21,0,0,13473632.21,0,0,13473632.21,0,0,13473632.21,0,0,13473632.21,0,0,13473632.21
1,2,Pfizer,2021-05-03,COVSICKLE,0,0,0,0,0,0,0,0,0,0,0,0,0,0,0,0,0,0,0,0,0,0,0,0,0,0,0,0,0,0,0,0,0,0,0,0,0,0,0,0,0,0,0,0,0,0,0,0,0,0,9624023,0,0,9624023,0,0,9624023,0,0,9624023,0,0,9624023,0,0,9624023,0,0,9624023,0,0,9624023,0,0,9624023,0,0,9624023,0,0,9624023,0,0,9624023,0,0,9624023,0,0,9624023,0,0,9624023,0,0,9624023,0,0,9624023,0,0,9624023,0,0,9624023,0,0,9624023,0,0,9624023,0,0,9624023,0,0,9624023,0,0,9624023,0,0,9624023,0,0,9624023,0,0,9624023,0,0,9624023,0,0,9624023,0,0,9624023,0,0,9624023,0,0,9624023,0,0,9624023,0,0,9624023,0,0,9624023,0,0,9624023,0,0,9624023,0,0,9624023,0,0,9624023,0,0,9624023,,,0,0,0,9624023,0,0,9624023,0,0,9624023,0,0,9624023,0,0,9624023,0,0,9624023,0,0,9624023
1,2,Pfizer,2021-05-10,COVSICKLE,0,0,0,0,0,0,0,0,0,0,0,0,0,0,0,0,0,0,0,0,0,0,0,0,0,0,0,0,0,0,0,0,0,0,0,0,0,0,0,0,0,0,0,0,0,0,0,0,0,0,9624023,0,0,9624023,0,0,9624023,0,0,9624023,0,0,9624023,0,0,9624023,0,0,9624023,0,0,9624023,0,0,9624023,0,0,9624023,0,0,9624023,0,0,9624023,0,0,9624023,0,0,9624023,0,0,9624023,0,0,9624023,0,0,9624023,0,0,9624023,0,0,9624023,0,0,9624023,0,0,9624023,0,0,9624023,0,0,9624023,0,0,9624023,0,0,9624023,0,0,9624023,0,0,9624023,0,0,9624023,0,0,9624023,0,0,9624023,0,0,9624023,0,0,9624023,0,0,9624023,0,0,9624023,0,0,9624023,0,0,9624023,0,0,9624023,0,0,9624023,0,0,9624023,0,0,9624023,,,0,0,0,9624023,0,0,9624023,0,0,9624023,0,0,9624023,0,0,9624023,0,0,9624023,0,0,9624023
1,2,Pfizer,2021-05-17,COVSICKLE,0,0,0,0,0,0,0,0,0,0,0,0,0,0,0,0,0,0,0,0,0,0,0,0,0,0,0,0,0,0,0,0,0,0,0,0,0,0,0,0,0,0,0,0,0,0,0,0,0,0,9624023,0,0,9624023,0,0,9624023,0,0,9624023,0,0,9624023,0,0,9624023,0,0,9624023,0,0,9624023,0,0,9624023,0,0,9624023,0,0,9624023,0,0,9624023,0,0,9624023,0,0,9624023,0,0,9624023,0,0,9624023,0,0,9624023,0,0,9624023,0,0,9624023,0,0,9624023,0,0,9624023,0,0,9624023,0,0,9624023,0,0,9624023,0,0,9624023,0,0,9624023,0,0,9624023,0,0,9624023,0,0,9624023,0,0,9624023,0,0,9624023,0,0,9624023,0,0,9624023,0,0,9624023,0,0,9624023,0,0,9624023,0,0,9624023,0,0,9624023,0,0,9624023,0,0,9624023,,,0,0,0,9624023,0,0,9624023,0,0,9624023,0,0,9624023,0,0,9624023,0,0,9624023,0,0,9624023
1,2,Pfizer,2021-05-24,COVSICKLE,0,0,0,0,0,0,0,0,0,0,0,0,0,0,0,0,0,0,0,0,0,0,0,0,0,0,0,0,0,0,0,0,0,0,0,0,0,0,0,0,0,0,0,0,0,0,0,0,0,0,9624023,0,0,9624023,0,0,9624023,0,0,9624023,0,0,9624023,0,0,9624023,0,0,9624023,0,0,9624023,0,0,9624023,0,0,9624023,0,0,9624023,0,0,9624023,0,0,9624023,0,0,9624023,0,0,9624023,0,0,9624023,0,0,9624023,0,0,9624023,0,0,9624023,0,0,9624023,0,0,9624023,0,0,9624023,0,0,9624023,0,0,9624023,0,0,9624023,0,0,9624023,0,0,9624023,0,0,9624023,0,0,9624023,0,0,9624023,0,0,9624023,0,0,9624023,0,0,9624023,0,0,9624023,0,0,9624023,0,0,9624023,0,0,9624023,0,0,9624023,0,0,9624023,0,0,9624023,,,0,0,0,9624023,0,0,9624023,0,0,9624023,0,0,9624023,0,0,9624023,0,0,9624023,0,0,9624023
1,2,Pfizer,2021-05-31,COVSICKLE,0,0,0,0,0,0,0,0,0,0,0,0,0,0,0,0,0,0,0,0,0,0,0,0,0,0,0,0,0,0,0,0,0,0,0,0,0,0,0,0,0,0,0,0,0,0,0,0,0,0,9624023,0,0,9624023,0,0,9624023,0,0,9624023,0,0,9624023,0,0,9624023,0,0,9624023,0,0,9624023,0,0,9624023,0,0,9624023,0,0,9624023,0,0,9624023,0,0,9624023,0,0,9624023,0,0,9624023,0,0,9624023,0,0,9624023,0,0,9624023,0,0,9624023,0,0,9624023,0,0,9624023,0,0,9624023,0,0,9624023,0,0,9624023,0,0,9624023,0,0,9624023,0,0,9624023,0,0,9624023,0,0,9624023,0,0,9624023,0,0,9624023,0,0,9624023,0,0,9624023,0,0,9624023,0,0,9624023,0,0,9624023,0,0,9624023,0,0,9624023,0,0,9624023,0,0,9624023,,,0,0,0,9624023,0,0,9624023,0,0,9624023,0,0,9624023,0,0,9624023,0,0,9624023,0,0,9624023
1,2,Pfizer,2021-06-07,COVSICKLE,0,0,0,0,0,0,0,0,0,0,0,0,0,0,0,0,0,0,0,0,0,0,0,0,0,0,0,0,0,0,0,0,0,0,0,0,0,0,0,0,0,0,0,0,0,0,0,0,0,0,9624023,0,0,9624023,0,0,9624023,0,0,9624023,0,0,9624023,0,0,9624023,0,0,9624023,0,0,9624023,0,0,9624023,0,0,9624023,0,0,9624023,0,0,9624023,0,0,9624023,0,0,9624023,0,0,9624023,0,0,9624023,0,0,9624023,0,0,9624023,0,0,9624023,0,0,9624023,0,0,9624023,0,0,9624023,0,0,9624023,0,0,9624023,0,0,9624023,0,0,9624023,0,0,9624023,0,0,9624023,0,0,9624023,0,0,9624023,0,0,9624023,0,0,9624023,0,0,9624023,0,0,9624023,0,0,9624023,0,0,9624023,0,0,9624023,0,0,9624023,0,0,9624023,0,0,9624023,,,0,0,0,9624023,0,0,9624023,0,0,9624023,0,0,9624023,0,0,9624023,0,0,9624023,0,0,9624023
1,2,Pfizer,2021-06-14,COVSICKLE,0,0,0,0,0,0,0,0,0,0,0,0,0,0,0,0,0,0,0,0,0,0,0,0,0,0,0,0,0,0,0,0,0,0,0,0,0,0,0,0,0,0,0,0,0,0,0,0,0,0,9624023,0,0,9624023,0,0,9624023,0,0,9624023,0,0,9624023,0,0,9624023,0,0,9624023,0,0,9624023,0,0,9624023,0,0,9624023,0,0,9624023,0,0,9624023,0,0,9624023,0,0,9624023,0,0,9624023,0,0,9624023,0,0,9624023,0,0,9624023,0,0,9624023,0,0,9624023,0,0,9624023,0,0,9624023,0,0,9624023,0,0,9624023,0,0,9624023,0,0,9624023,0,0,9624023,0,0,9624023,0,0,9624023,0,0,9624023,0,0,9624023,0,0,9624023,0,0,9624023,0,0,9624023,0,0,9624023,0,0,9624023,0,0,9624023,0,0,9624023,0,0,9624023,0,0,9624023,,,0,0,0,9624023,0,0,9624023,0,0,9624023,0,0,9624023,0,0,9624023,0,0,9624023,0,0,9624023
1,2,Pfizer,2021-06-21,COVSICKLE,0,0,0,0,0,0,0,0,0,0,0,0,0,0,0,0,0,0,0,0,0,0,0,0,0,0,0,0,0,0,0,0,0,0,0,0,0,0,0,0,0,0,0,0,0,0,0,0,0,0,9624023,0,0,9624023,0,0,9624023,0,0,9624023,0,0,9624023,0,0,9624023,0,0,9624023,0,0,9624023,0,0,9624023,0,0,9624023,0,0,9624023,0,0,9624023,0,0,9624023,0,0,9624023,0,0,9624023,0,0,9624023,0,0,9624023,0,0,9624023,0,0,9624023,0,0,9624023,0,0,9624023,0,0,9624023,0,0,9624023,0,0,9624023,0,0,9624023,0,0,9624023,0,0,9624023,0,0,9624023,0,0,9624023,0,0,9624023,0,0,9624023,0,0,9624023,0,0,9624023,0,0,9624023,0,0,9624023,0,0,9624023,0,0,9624023,0,0,9624023,0,0,9624023,0,0,9624023,,,0,0,0,9624023,0,0,9624023,0,0,9624023,0,0,9624023,0,0,9624023,0,0,9624023,0,0,9624023
1,2,Pfizer,2021-06-28,COVSICKLE,0,0,0,0,0,0,0,0,0,0,0,0,0,0,0,0,0,0,0,0,0,0,0,0,0,0,0,0,0,0,0,0,0,0,0,0,0,0,0,0,0,0,0,0,0,0,0,0,0,0,22456053.68,0,0,22456053.68,0,0,22456053.68,0,0,22456053.68,0,0,22456053.68,0,0,22456053.68,0,0,22456053.68,0,0,22456053.68,0,0,22456053.68,0,0,22456053.68,0,0,22456053.68,0,0,22456053.68,0,0,22456053.68,0,0,22456053.68,0,0,22456053.68,0,0,22456053.68,0,0,22456053.68,0,0,22456053.68,0,0,22456053.68,0,0,22456053.68,0,0,22456053.68,0,0,22456053.68,0,0,22456053.68,0,0,22456053.68,0,0,22456053.68,0,0,22456053.68,0,0,22456053.68,0,0,22456053.68,0,0,22456053.68,0,0,22456053.68,0,0,22456053.68,0,0,22456053.68,0,0,22456053.68,0,0,22456053.68,0,0,22456053.68,0,0,22456053.68,0,0,22456053.68,0,0,22456053.68,0,0,22456053.68,0,0,22456053.68,,,0,0,0,22456053.68,0,0,22456053.68,0,0,22456053.68,0,0,22456053.68,0,0,22456053.68,0,0,22456053.68,0,0,22456053.68
0,0,0,2020-01-06,IMMUNOSUPPR,0,0,0,0,0,0,0,0,0,0,0,0,0,0,0,0,0,0,0,0,0,0,0,0,0,0,0,0,0,0,0,0,0,0,0,0,0,0,0,0,0,0,0,0,0,0,0,0,0,0,90853.89,0,0,90853.89,0,0,90853.89,0,0,91284.77,0,0,92158.91,0,0,92158.91,0,0,90853.89,0,0,92602.28,0,0,91284.77,0,0,91284.77,0,0,90853.89,0,0,90853.89,0,0,90853.89,0,0,90853.89,0,0,90853.89,0,0,90853.89,0,0,91284.77,0,0,91284.77,0,0,90853.89,0,0,90853.89,0,0,90853.89,0,0,90853.89,0,0,90853.89,0,0,90853.89,0,0,90853.89,0,0,90853.89,0,0,90853.89,0,0,90853.89,0,0,90853.89,0,0,90853.89,0,0,90853.89,0,0,90853.89,0,0,90853.89,0,0,90853.89,0,0,90853.89,0,0,91284.77,0,0,91284.77,0,0,90853.89,0,0,90853.89,0,0,90853.89,0,0,142578.12,0,0,90853.89,0,0,90853.89,0,0,90853.89,0,0,90853.89,0,0,90853.89,0,0,90853.89,0,0,90853.89
0,0,0,2020-01-13,IMMUNOSUPPR,0,0,0,0,0,0,0,0,0,0,0,0,0,0,0,0,0,0,0,0,0,0,0,0,0,0,0,0,0,0,0,0,0,0,0,0,0,0,0,0,0,0,0,0,0,0,0,0,0,0,91222.97,0,0,91222.97,0,0,91222.97,0,0,91657.36,0,0,92538.68,0,0,92538.68,0,0,91222.97,0,0,92985.73,0,0,91657.36,0,0,91657.36,0,0,91222.97,0,0,91222.97,0,0,91222.97,0,0,91222.97,0,0,91222.97,0,0,91222.97,0,0,91657.36,0,0,91657.36,0,0,91222.97,0,0,91222.97,0,0,91222.97,0,0,91222.97,0,0,91222.97,0,0,91222.97,0,0,91222.97,0,0,91222.97,0,0,91222.97,0,0,91222.97,0,0,91222.97,0,0,91222.97,0,0,91222.97,0,0,91222.97,0,0,91222.97,0,0,91222.97,0,0,91222.97,0,0,91657.36,0,0,91657.36,0,0,91222.97,0,0,91222.97,0,0,91222.97,0,0,142578.12,0,0,91222.97,0,0,91222.97,0,0,91222.97,0,0,91222.97,0,0,91222.97,0,0,91222.97,0,0,91222.97
0,0,0,2020-01-20,IMMUNOSUPPR,0,0,0,0,0,0,0,0,0,0,0,0,0,0,0,0,0,0,0,0,0,0,0,0,0,0,0,0,0,0,0,0,0,0,0,0,0,0,0,0,0,0,0,0,0,0,0,0,0,0,91222.97,0,0,91222.97,0,0,91222.97,0,0,91657.36,0,0,92538.68,0,0,92538.68,0,0,91222.97,0,0,92985.73,0,0,91657.36,0,0,91657.36,0,0,91222.97,0,0,91222.97,0,0,91222.97,0,0,91222.97,0,0,91222.97,0,0,91222.97,0,0,91657.36,0,0,91657.36,0,0,91222.97,0,0,91222.97,0,0,91222.97,0,0,91222.97,0,0,91222.97,0,0,91222.97,0,0,91222.97,0,0,91222.97,0,0,91222.97,0,0,91222.97,0,0,91222.97,0,0,91222.97,0,0,91222.97,0,0,91222.97,0,0,91222.97,0,0,91222.97,0,0,91222.97,0,0,91657.36,0,0,91657.36,0,0,91222.97,0,0,91222.97,0,0,91222.97,0,0,142578.12,0,0,91222.97,0,0,91222.97,0,0,91222.97,0,0,91222.97,0,0,91222.97,0,0,91222.97,0,0,91222.97
0,0,0,2020-01-27,IMMUNOSUPPR,0,0,0,0,0,0,0,0,0,0,0,0,0,0,0,0,0,0,0,0,0,0,0,0,0,0,0,0,0,0,0,0,0,0,0,0,0,1,0,0,0,0,0,0,0,0,0,0,0,0,91222.97,0,0,91222.97,0,0,91222.97,0,0,91657.36,0,0,92538.68,0,0,92538.68,0,0,91222.97,0,0,92985.73,0,0,91657.36,0,0,91657.36,0,0,91222.97,0,0,91222.97,0,0,91222.97,0,0,91222.97,0,0,91222.97,0,0,91222.97,0,0,91657.36,0,0,91657.36,0,0,91222.97,0,0,91222.97,0,0,91222.97,0,0,91222.97,0,0,91222.97,0,0,91222.97,0,0,91222.97,0,0,91222.97,0,0,91222.97,0,0,91222.97,0,0,91222.97,0,0,91222.97,0,0,91222.97,0,0,91222.97,0,0,91222.97,0,0,91222.97,0,0,91222.97,0,0,91657.36,0,0,91657.36,0,0,91222.97,0,0,91222.97,0,0,91222.97,38773.89,981.67,216034.26,0,0,91222.97,0,0,91222.97,0,0,91222.97,0,0,91222.97,0,0,91222.97,0,0,91222.97,0,0,91222.97
0,0,0,2020-02-03,IMMUNOSUPPR,0,0,0,0,0,0,0,0,0,0,0,0,0,0,0,0,0,0,0,0,0,0,0,0,0,0,0,0,0,0,0,0,0,0,0,0,0,2,0,0,0,0,0,0,0,0,0,0,0,0,91657.36,0,0,91657.36,0,0,91657.36,0,0,92095.91,0,0,92985.73,0,0,92985.73,0,0,91657.36,0,0,93437.12,0,0,92095.91,0,0,92095.91,0,0,91657.36,0,0,91657.36,0,0,91657.36,0,0,91657.36,0,0,91657.36,0,0,91657.36,0,0,92095.91,0,0,92095.91,0,0,91657.36,0,0,91657.36,0,0,91657.36,0,0,91657.36,0,0,91657.36,0,0,91657.36,0,0,91657.36,0,0,91657.36,0,0,91657.36,0,0,91657.36,0,0,91657.36,0,0,91657.36,0,0,91657.36,0,0,91657.36,0,0,91657.36,0,0,91657.36,0,0,91657.36,0,0,92095.91,0,0,92095.91,0,0,91657.36,0,0,91657.36,0,0,91657.36,78548.39,9512.57,283743.78,0,0,91657.36,0,0,91657.36,0,0,91657.36,0,0,91657.36,0,0,91657.36,0,0,91657.36,0,0,91657.36
0,0,0,2020-02-10,IMMUNOSUPPR,0,0,0,0,0,0,0,0,0,0,0,0,0,0,0,0,0,0,0,0,0,0,0,0,0,0,0,0,0,0,0,0,0,0,0,0,0,1,0,0,0,0,0,0,0,0,0,0,0,0,92095.91,0,0,92095.91,0,0,92095.91,0,0,92538.68,0,0,93437.12,0,0,93437.12,0,0,92095.91,0,0,93892.91,0,0,92538.68,0,0,92538.68,0,0,92095.91,0,0,92095.91,0,0,92095.91,0,0,92095.91,0,0,92095.91,0,0,92095.91,0,0,92538.68,0,0,92538.68,0,0,92095.91,0,0,92095.91,0,0,92095.91,0,0,92095.91,0,0,92095.91,0,0,92095.91,0,0,92095.91,0,0,92095.91,0,0,92095.91,0,0,92095.91,0,0,92095.91,0,0,92095.91,0,0,92095.91,0,0,92095.91,0,0,92095.91,0,0,92095.91,0,0,92095.91,0,0,92538.68,0,0,92538.68,0,0,92095.91,0,0,92095.91,0,0,92095.91,40005.48,1012.85,222896.25,0,0,92095.91,0,0,92095.91,0,0,92095.91,0,0,92095.91,0,0,92095.91,0,0,92095.91,0,0,92095.91
0,0,0,2020-02-17,IMMUNOSUPPR,0,0,0,0,0,0,0,0,0,0,0,0,0,0,0,0,0,1,0,0,0,0,0,0,0,0,0,0,0,0,0,0,0,0,0,0,0,0,0,0,0,0,0,0,0,0,0,0,0,0,92095.91,0,0,92095.91,0,0,92095.91,0,0,92538.68,0,0,93437.12,0,0,93437.12,0,0,92095.91,0,0,93892.91,0,0,92538.68,0,0,92538.68,0,0,92095.91,0,0,92095.91,0,0,92095.91,0,0,92095.91,0,0,92095.91,0,0,92095.91,0,0,92538.68,25154.96,636.87,140154.46,0,0,92095.91,0,0,92095.91,0,0,92095.91,0,0,92095.91,0,0,92095.91,0,0,92095.91,0,0,92095.91,0,0,92095.91,0,0,92095.91,0,0,92095.91,0,0,92095.91,0,0,92095.91,0,0,92095.91,0,0,92095.91,0,0,92095.91,0,0,92095.91,0,0,92095.91,0,0,92538.68,0,0,92538.68,0,0,92095.91,0,0,92095.91,0,0,92095.91,0,0,148061.89,0,0,92095.91,0,0,92095.91,0,0,92095.91,0,0,92095.91,0,0,92095.91,0,0,92095.91,0,0,92095.91
0,0,0,2020-02-24,IMMUNOSUPPR,0,0,0,0,0,0,0,0,0,0,0,0,0,0,0,0,0,0,0,0,0,0,0,0,0,0,0,0,0,0,0,0,0,0,0,0,0,0,0,0,0,0,0,0,0,0,0,0,0,0,92095.91,0,0,92095.91,0,0,92095.91,0,0,92538.68,0,0,93437.12,0,0,93437.12,0,0,92095.91,0,0,93892.91,0,0,92538.68,0,0,92538.68,0,0,92095.91,0,0,92095.91,0,0,92095.91,0,0,92095.91,0,0,92095.91,0,0,92095.91,0,0,92538.68,0,0,92985.73,0,0,92095.91,0,0,92095.91,0,0,92095.91,0,0,92095.91,0,0,92095.91,0,0,92095.91,0,0,92095.91,0,0,92095.91,0,0,92095.91,0,0,92095.91,0,0,92095.91,0,0,92095.91,0,0,92095.91,0,0,92095.91,0,0,92095.91,0,0,92095.91,0,0,92095.91,0,0,92538.68,0,0,92538.68,0,0,92095.91,0,0,92095.91,0,0,92095.91,0,0,148061.89,0,0,92095.91,0,0,92095.91,0,0,92095.91,0,0,92095.91,0,0,92095.91,0,0,92095.91,0,0,92095.91
0,0,0,2020-03-02,IMMUNOSUPPR,0,0,0,0,0,0,0,0,0,0,0,0,0,0,0,0,0,0,0,0,0,0,0,0,0,0,0,0,0,0,0,0,0,0,0,0,0,0,0,0,0,0,0,0,0,0,0,0,0,0,92095.91,0,0,92095.91,0,0,92095.91,0,0,92538.68,0,0,93437.12,0,0,93437.12,0,0,92095.91,0,0,93892.91,0,0,92538.68,0,0,92538.68,0,0,92095.91,0,0,92095.91,0,0,92095.91,0,0,92095.91,0,0,92095.91,0,0,92095.91,0,0,92538.68,0,0,92985.73,0,0,92095.91,0,0,92095.91,0,0,92095.91,0,0,92095.91,0,0,92095.91,0,0,92095.91,0,0,92095.91,0,0,92095.91,0,0,92095.91,0,0,92095.91,0,0,92095.91,0,0,92095.91,0,0,92095.91,0,0,92095.91,0,0,92095.91,0,0,92095.91,0,0,92095.91,0,0,92538.68,0,0,92538.68,0,0,92095.91,0,0,92095.91,0,0,92095.91,0,0,148061.89,0,0,92095.91,0,0,92095.91,0,0,92095.91,0,0,92095.91,0,0,92095.91,0,0,92095.91,0,0,92095.91
0,0,0,2020-03-09,IMMUNOSUPPR,0,0,0,0,0,0,0,0,0,0,0,0,0,0,0,0,0,0,0,0,0,0,0,0,0,0,0,0,0,0,0,0,0,0,0,0,0,1,0,0,0,0,0,0,0,0,0,0,0,0,92095.91,0,0,92095.91,0,0,92095.91,0,0,92538.68,0,0,93437.12,0,0,93437.12,0,0,92095.91,0,0,93892.91,0,0,92538.68,0,0,92538.68,0,0,92095.91,0,0,92095.91,0,0,92095.91,0,0,92095.91,0,0,92095.91,0,0,92095.91,0,0,92538.68,0,0,92985.73,0,0,92095.91,0,0,92095.91,0,0,92095.91,0,0,92095.91,0,0,92095.91,0,0,92095.91,0,0,92095.91,0,0,92095.91,0,0,92095.91,0,0,92095.91,0,0,92095.91,0,0,92095.91,0,0,92095.91,0,0,92095.91,0,0,92095.91,0,0,92095.91,0,0,92095.91,0,0,92538.68,0,0,92538.68,0,0,92095.91,0,0,92095.91,0,0,92095.91,40137.36,1016.19,223631.07,0,0,92095.91,0,0,92095.91,0,0,92095.91,0,0,92095.91,0,0,92095.91,0,0,92095.91,0,0,92095.91
0,0,0,2020-03-16,IMMUNOSUPPR,0,0,0,0,0,0,0,0,0,0,0,0,0,0,0,0,0,0,0,0,0,0,0,0,0,0,0,0,0,0,0,0,0,0,0,0,0,0,0,0,0,0,0,0,0,0,0,0,0,0,92095.91,0,0,92095.91,0,0,92095.91,0,0,92538.68,0,0,93437.12,0,0,93437.12,0,0,92095.91,0,0,93892.91,0,0,92538.68,0,0,92538.68,0,0,92095.91,0,0,92095.91,0,0,92095.91,0,0,92095.91,0,0,92095.91,0,0,92095.91,0,0,92538.68,0,0,92985.73,0,0,92095.91,0,0,92095.91,0,0,92095.91,0,0,92095.91,0,0,92095.91,0,0,92095.91,0,0,92095.91,0,0,92095.91,0,0,92095.91,0,0,92095.91,0,0,92095.91,0,0,92095.91,0,0,92095.91,0,0,92095.91,0,0,92095.91,0,0,92095.91,0,0,92095.91,0,0,92538.68,0,0,92538.68,0,0,92095.91,0,0,92095.91,0,0,92095.91,0,0,149209.66,0,0,92095.91,0,0,92095.91,0,0,92095.91,0,0,92095.91,0,0,92095.91,0,0,92095.91,0,0,92095.91
0,0,0,2020-03-23,IMMUNOSUPPR,0,0,0,0,0,0,0,0,0,0,0,0,0,0,0,0,0,0,0,0,0,0,0,0,0,0,0,0,0,0,0,0,0,0,0,0,0,0,0,0,0,0,0,0,0,0,0,0,0,0,92095.91,0,0,92095.91,0,0,92095.91,0,0,92538.68,0,0,93437.12,0,0,93437.12,0,0,92095.91,0,0,93892.91,0,0,92538.68,0,0,92538.68,0,0,92095.91,0,0,92095.91,0,0,92095.91,0,0,92095.91,0,0,92095.91,0,0,92095.91,0,0,92538.68,0,0,92985.73,0,0,92095.91,0,0,92095.91,0,0,92095.91,0,0,92095.91,0,0,92095.91,0,0,92095.91,0,0,92095.91,0,0,92095.91,0,0,92095.91,0,0,92095.91,0,0,92095.91,0,0,92095.91,0,0,92095.91,0,0,92095.91,0,0,92095.91,0,0,92095.91,0,0,92095.91,0,0,92538.68,0,0,92538.68,0,0,92095.91,0,0,92095.91,0,0,92095.91,0,0,149209.66,0,0,92095.91,0,0,92095.91,0,0,92095.91,0,0,92095.91,0,0,92095.91,0,0,92095.91,0,0,92095.91
0,0,0,2020-03-30,IMMUNOSUPPR,0,0,1,1,0,0,0,1,0,0,0,0,0,0,0,0,0,0,0,0,0,0,0,0,0,0,0,0,0,0,0,0,0,0,0,0,0,1,0,0,0,0,0,0,0,0,0,0,0,0,92285.15,0,0,92285.15,25085.85,635.12,139769.42,25207.04,638.19,140444.63,0,0,93631.91,0,0,93631.91,0,0,92285.15,25577.73,647.57,142510,0,0,92729.75,0,0,92729.75,0,0,92285.15,0,0,92285.15,0,0,92285.15,0,0,92285.15,0,0,92285.15,0,0,92285.15,0,0,92729.75,0,0,93178.65,0,0,92285.15,0,0,92285.15,0,0,92285.15,0,0,92285.15,0,0,92285.15,0,0,92285.15,0,0,92285.15,0,0,92285.15,0,0,92285.15,0,0,92285.15,0,0,92285.15,0,0,92285.15,0,0,92285.15,0,0,92285.15,0,0,92285.15,0,0,92285.15,0,0,92285.15,0,0,92729.75,0,0,92729.75,0,0,92285.15,0,0,92285.15,0,0,92285.15,40583.33,1027.48,226115.86,0,0,92285.15,0,0,92285.15,0,0,92285.15,0,0,92285.15,0,0,92285.15,0,0,92285.15,0,0,92285.15
0,0,0,2020-04-06,IMMUNOSUPPR,0,0,0,0,0,0,0,0,0,0,0,0,0,0,0,0,0,0,0,0,0,0,0,0,0,0,0,0,0,0,0,0,0,0,0,0,0,0,0,0,0,0,0,0,0,0,0,0,0,0,92602.28,0,0,92602.28,0,0,93049.95,0,0,93501.96,0,0,93958.38,0,0,93958.38,0,0,92602.28,0,0,94884.73,0,0,93049.95,0,0,93049.95,0,0,92602.28,0,0,92602.28,0,0,92602.28,0,0,92602.28,0,0,92602.28,0,0,92602.28,0,0,93049.95,0,0,93501.96,0,0,92602.28,0,0,92602.28,0,0,92602.28,0,0,92602.28,0,0,92602.28,0,0,92602.28,0,0,92602.28,0,0,92602.28,0,0,92602.28,0,0,92602.28,0,0,92602.28,0,0,92602.28,0,0,92602.28,0,0,92602.28,0,0,92602.28,0,0,92602.28,0,0,92602.28,0,0,93049.95,0,0,93049.95,0,0,92602.28,0,0,92602.28,0,0,92602.28,0,0,151559.42,0,0,92602.28,0,0,92602.28,0,0,92602.28,0,0,92602.28,0,0,92602.28,0,0,92602.28,0,0,92602.28
0,0,0,2020-04-13,IMMUNOSUPPR,0,0,0,0,0,0,0,0,0,0,0,0,0,0,0,0,0,0,0,0,0,0,0,0,0,0,0,0,0,0,0,0,0,0,0,0,0,0,0,0,0,0,0,0,0,0,0,0,0,0,92985.73,0,0,92985.73,0,0,93437.12,0,0,93892.91,0,0,94353.17,0,0,94353.17,0,0,92985.73,0,0,95287.36,0,0,93437.12,0,0,93437.12,0,0,92985.73,0,0,92985.73,0,0,92985.73,0,0,92985.73,0,0,92985.73,0,0,92985.73,0,0,93437.12,0,0,93892.91,0,0,92985.73,0,0,92985.73,0,0,92985.73,0,0,92985.73,0,0,92985.73,0,0,92985.73,0,0,92985.73,0,0,92985.73,0,0,92985.73,0,0,92985.73,0,0,92985.73,0,0,92985.73,0,0,92985.73,0,0,92985.73,0,0,92985.73,0,0,92985.73,0,0,92985.73,0,0,93437.12,0,0,93437.12,0,0,92985.73,0,0,92985.73,0,0,92985.73,0,0,151559.42,0,0,92985.73,0,0,92985.73,0,0,92985.73,0,0,92985.73,0,0,92985.73,0,0,92985.73,0,0,92985.73
0,0,0,2020-04-20,IMMUNOSUPPR,0,0,0,0,0,0,0,0,0,0,0,0,0,0,0,0,0,0,0,0,0,0,0,0,0,0,0,0,0,0,0,0,0,0,0,0,0,0,0,0,0,0,0,0,0,0,0,0,0,0,92985.73,0,0,92985.73,0,0,93437.12,0,0,93892.91,0,0,94353.17,0,0,94353.17,0,0,92985.73,0,0,95287.36,0,0,93437.12,0,0,93437.12,0,0,92985.73,0,0,92985.73,0,0,92985.73,0,0,92985.73,0,0,92985.73,0,0,92985.73,0,0,93437.12,0,0,93892.91,0,0,92985.73,0,0,92985.73,0,0,92985.73,0,0,92985.73,0,0,92985.73,0,0,92985.73,0,0,92985.73,0,0,92985.73,0,0,92985.73,0,0,92985.73,0,0,92985.73,0,0,92985.73,0,0,92985.73,0,0,92985.73,0,0,92985.73,0,0,92985.73,0,0,92985.73,0,0,93437.12,0,0,93437.12,0,0,92985.73,0,0,92985.73,0,0,92985.73,0,0,151559.42,0,0,92985.73,0,0,92985.73,0,0,92985.73,0,0,92985.73,0,0,92985.73,0,0,92985.73,0,0,92985.73
0,0,0,2020-04-27,IMMUNOSUPPR,0,0,0,0,0,0,0,0,0,0,0,0,0,0,0,0,0,0,0,0,0,0,0,0,0,0,0,0,0,0,0,0,0,0,0,0,0,0,0,0,0,0,0,0,0,0,0,0,0,0,92985.73,0,0,92985.73,0,0,93437.12,0,0,93892.91,0,0,94353.17,0,0,94353.17,0,0,92985.73,0,0,95287.36,0,0,93437.12,0,0,93437.12,0,0,92985.73,0,0,92985.73,0,0,92985.73,0,0,92985.73,0,0,92985.73,0,0,92985.73,0,0,93437.12,0,0,93892.91,0,0,92985.73,0,0,92985.73,0,0,92985.73,0,0,92985.73,0,0,92985.73,0,0,92985.73,0,0,92985.73,0,0,92985.73,0,0,92985.73,0,0,92985.73,0,0,92985.73,0,0,92985.73,0,0,92985.73,0,0,92985.73,0,0,92985.73,0,0,92985.73,0,0,92985.73,0,0,93437.12,0,0,93437.12,0,0,92985.73,0,0,92985.73,0,0,92985.73,0,0,151559.42,0,0,92985.73,0,0,92985.73,0,0,92985.73,0,0,92985.73,0,0,92985.73,0,0,92985.73,0,0,92985.73
0,0,0,2020-05-04,IMMUNOSUPPR,0,0,0,0,0,0,0,0,0,0,0,0,0,0,0,0,0,0,0,0,0,0,0,0,0,0,0,0,0,0,0,0,0,0,0,0,0,0,0,0,0,0,0,0,0,0,0,0,0,0,92985.73,0,0,92985.73,0,0,93437.12,0,0,93892.91,0,0,94353.17,0,0,94353.17,0,0,92985.73,0,0,95287.36,0,0,93437.12,0,0,93437.12,0,0,92985.73,0,0,92985.73,0,0,92985.73,0,0,92985.73,0,0,92985.73,0,0,92985.73,0,0,93437.12,0,0,93892.91,0,0,92985.73,0,0,92985.73,0,0,92985.73,0,0,92985.73,0,0,92985.73,0,0,92985.73,0,0,92985.73,0,0,92985.73,0,0,92985.73,0,0,92985.73,0,0,92985.73,0,0,92985.73,0,0,92985.73,0,0,92985.73,0,0,92985.73,0,0,92985.73,0,0,92985.73,0,0,93437.12,0,0,93437.12,0,0,92985.73,0,0,92985.73,0,0,92985.73,0,0,151559.42,0,0,92985.73,0,0,92985.73,0,0,92985.73,0,0,92985.73,0,0,92985.73,0,0,92985.73,0,0,92985.73
0,0,0,2020-05-11,IMMUNOSUPPR,0,0,0,0,0,0,0,0,0,0,0,0,0,0,0,0,0,0,0,0,0,0,0,0,0,0,0,0,0,0,0,0,0,0,0,0,0,0,0,0,0,0,0,0,0,0,0,0,0,0,93501.96,0,0,93501.96,0,0,93958.38,0,0,94419.29,0,0,94884.73,0,0,94884.73,0,0,93501.96,0,0,95829.53,0,0,93958.38,0,0,93958.38,0,0,93501.96,0,0,93501.96,0,0,93501.96,0,0,93501.96,0,0,93501.96,0,0,93501.96,0,0,93958.38,0,0,94419.29,0,0,93501.96,0,0,93501.96,0,0,93501.96,0,0,93501.96,0,0,93501.96,0,0,93501.96,0,0,93501.96,0,0,93501.96,0,0,93501.96,0,0,93501.96,0,0,93501.96,0,0,93501.96,0,0,93501.96,0,0,93501.96,0,0,93501.96,0,0,93501.96,0,0,93501.96,0,0,93958.38,0,0,93958.38,0,0,93501.96,0,0,93501.96,0,0,93501.96,0,0,152935.67,0,0,93501.96,0,0,93501.96,0,0,93501.96,0,0,93501.96,0,0,93501.96,0,0,93501.96,0,0,93501.96
0,0,0,2020-05-18,IMMUNOSUPPR,0,0,0,0,0,0,0,0,0,0,0,0,0,0,0,0,1,1,0,0,0,0,0,0,0,0,0,0,0,0,0,0,0,0,0,0,0,0,0,0,0,0,0,0,0,0,0,0,0,0,93892.91,0,0,93892.91,0,0,94353.17,0,0,94817.96,0,0,95287.36,0,0,95287.36,0,0,93892.91,0,0,96240.23,0,0,94353.17,0,0,94353.17,0,0,93892.91,0,0,93892.91,0,0,93892.91,0,0,93892.91,0,0,93892.91,0,0,93892.91,25595.66,648.03,142609.86,25721.83,651.22,143312.87,0,0,93892.91,0,0,93892.91,0,0,93892.91,0,0,93892.91,0,0,93892.91,0,0,93892.91,0,0,93892.91,0,0,93892.91,0,0,93892.91,0,0,93892.91,0,0,93892.91,0,0,93892.91,0,0,93892.91,0,0,93892.91,0,0,93892.91,0,0,93892.91,0,0,93892.91,0,0,94353.17,0,0,94353.17,0,0,93892.91,0,0,93892.91,0,0,93892.91,0,0,153984.37,0,0,93892.91,0,0,93892.91,0,0,93892.91,0,0,93892.91,0,0,93892.91,0,0,93892.91,0,0,93892.91
0,0,0,2020-05-25,IMMUNOSUPPR,0,0,0,0,0,0,0,0,0,0,0,0,0,0,0,0,0,0,0,0,0,0,0,0,0,0,0,0,0,0,0,0,0,0,0,0,0,0,0,0,0,0,0,0,0,0,0,0,0,0,93892.91,0,0,93892.91,0,0,94353.17,0,0,94817.96,0,0,95287.36,0,0,95287.36,0,0,93892.91,0,0,96240.23,0,0,94353.17,0,0,94353.17,0,0,93892.91,0,0,93892.91,0,0,93892.91,0,0,93892.91,0,0,93892.91,0,0,93892.91,0,0,94817.96,0,0,95287.36,0,0,93892.91,0,0,93892.91,0,0,93892.91,0,0,93892.91,0,0,93892.91,0,0,93892.91,0,0,93892.91,0,0,93892.91,0,0,93892.91,0,0,93892.91,0,0,93892.91,0,0,93892.91,0,0,93892.91,0,0,93892.91,0,0,93892.91,0,0,93892.91,0,0,93892.91,0,0,94353.17,0,0,94353.17,0,0,93892.91,0,0,93892.91,0,0,93892.91,0,0,153984.37,0,0,93892.91,0,0,93892.91,0,0,93892.91,0,0,93892.91,0,0,93892.91,0,0,93892.91,0,0,93892.91
0,0,0,2020-06-01,IMMUNOSUPPR,0,0,0,0,0,0,0,0,0,0,0,0,0,0,0,0,0,0,0,0,0,0,0,0,0,0,0,0,0,0,0,0,0,0,0,0,0,0,0,0,0,0,0,0,0,0,0,0,0,0,93892.91,0,0,93892.91,0,0,94353.17,0,0,94817.96,0,0,95287.36,0,0,95287.36,0,0,93892.91,0,0,96240.23,0,0,94353.17,0,0,94353.17,0,0,93892.91,0,0,93892.91,0,0,93892.91,0,0,93892.91,0,0,93892.91,0,0,93892.91,0,0,94817.96,0,0,95287.36,0,0,93892.91,0,0,93892.91,0,0,93892.91,0,0,93892.91,0,0,93892.91,0,0,93892.91,0,0,93892.91,0,0,93892.91,0,0,93892.91,0,0,93892.91,0,0,93892.91,0,0,93892.91,0,0,93892.91,0,0,93892.91,0,0,93892.91,0,0,93892.91,0,0,93892.91,0,0,94353.17,0,0,94353.17,0,0,93892.91,0,0,93892.91,0,0,93892.91,0,0,153984.37,0,0,93892.91,0,0,93892.91,0,0,93892.91,0,0,93892.91,0,0,93892.91,0,0,93892.91,0,0,93892.91
0,0,0,2020-06-08,IMMUNOSUPPR,0,0,0,0,0,0,0,0,0,0,0,0,0,0,0,0,0,0,0,0,0,0,0,0,0,0,0,0,0,0,0,0,0,0,0,0,0,0,0,0,0,0,0,0,0,0,0,0,0,0,93892.91,0,0,93892.91,0,0,94353.17,0,0,94817.96,0,0,95287.36,0,0,95287.36,0,0,93892.91,0,0,96240.23,0,0,94353.17,0,0,94353.17,0,0,93892.91,0,0,93892.91,0,0,93892.91,0,0,93892.91,0,0,93892.91,0,0,93892.91,0,0,94817.96,0,0,95287.36,0,0,93892.91,0,0,93892.91,0,0,93892.91,0,0,93892.91,0,0,93892.91,0,0,93892.91,0,0,93892.91,0,0,93892.91,0,0,93892.91,0,0,93892.91,0,0,93892.91,0,0,93892.91,0,0,93892.91,0,0,93892.91,0,0,93892.91,0,0,93892.91,0,0,93892.91,0,0,94353.17,0,0,94353.17,0,0,93892.91,0,0,93892.91,0,0,93892.91,0,0,153984.37,0,0,93892.91,0,0,93892.91,0,0,93892.91,0,0,93892.91,0,0,93892.91,0,0,93892.91,0,0,93892.91
0,0,0,2020-06-15,IMMUNOSUPPR,0,0,0,0,0,0,0,0,0,0,0,0,0,0,0,0,0,0,0,0,0,0,0,0,0,0,0,0,0,0,0,0,0,0,0,0,0,0,0,0,0,0,0,0,0,0,0,0,0,0,93892.91,0,0,93892.91,0,0,94353.17,0,0,94817.96,0,0,95287.36,0,0,95287.36,0,0,93892.91,0,0,96240.23,0,0,94353.17,0,0,94353.17,0,0,93892.91,0,0,93892.91,0,0,93892.91,0,0,93892.91,0,0,93892.91,0,0,93892.91,0,0,94817.96,0,0,95287.36,0,0,93892.91,0,0,93892.91,0,0,93892.91,0,0,93892.91,0,0,93892.91,0,0,93892.91,0,0,93892.91,0,0,93892.91,0,0,93892.91,0,0,93892.91,0,0,93892.91,0,0,93892.91,0,0,93892.91,0,0,93892.91,0,0,93892.91,0,0,93892.91,0,0,93892.91,0,0,94353.17,0,0,94353.17,0,0,93892.91,0,0,93892.91,0,0,93892.91,0,0,153984.37,0,0,93892.91,0,0,93892.91,0,0,93892.91,0,0,93892.91,0,0,93892.91,0,0,93892.91,0,0,93892.91
0,0,0,2020-06-22,IMMUNOSUPPR,0,0,0,0,0,0,0,0,0,0,0,0,0,0,0,0,0,0,0,0,0,0,0,0,0,0,0,0,0,0,0,0,0,0,0,0,0,0,0,0,0,0,0,0,0,0,0,0,0,0,93892.91,0,0,93892.91,0,0,94353.17,0,0,94817.96,0,0,95287.36,0,0,95287.36,0,0,93892.91,0,0,96240.23,0,0,94353.17,0,0,94353.17,0,0,93892.91,0,0,93892.91,0,0,93892.91,0,0,93892.91,0,0,93892.91,0,0,93892.91,0,0,94817.96,0,0,95287.36,0,0,93892.91,0,0,93892.91,0,0,93892.91,0,0,93892.91,0,0,93892.91,0,0,93892.91,0,0,93892.91,0,0,93892.91,0,0,93892.91,0,0,93892.91,0,0,93892.91,0,0,93892.91,0,0,93892.91,0,0,93892.91,0,0,93892.91,0,0,93892.91,0,0,93892.91,0,0,94353.17,0,0,94353.17,0,0,93892.91,0,0,93892.91,0,0,93892.91,0,0,153984.37,0,0,93892.91,0,0,93892.91,0,0,93892.91,0,0,93892.91,0,0,93892.91,0,0,93892.91,0,0,93892.91
0,0,0,2020-06-29,IMMUNOSUPPR,0,0,0,0,0,0,0,0,0,0,0,0,0,0,0,0,0,0,0,0,0,0,0,0,0,0,0,0,0,0,0,0,0,0,0,0,0,0,0,0,0,0,0,0,0,0,0,0,0,0,93892.91,0,0,93892.91,0,0,94353.17,0,0,94817.96,0,0,95287.36,0,0,95287.36,0,0,93892.91,0,0,96240.23,0,0,94353.17,0,0,94353.17,0,0,93892.91,0,0,93892.91,0,0,93892.91,0,0,93892.91,0,0,93892.91,0,0,93892.91,0,0,94817.96,0,0,95287.36,0,0,93892.91,0,0,93892.91,0,0,93892.91,0,0,93892.91,0,0,93892.91,0,0,93892.91,0,0,93892.91,0,0,93892.91,0,0,93892.91,0,0,93892.91,0,0,93892.91,0,0,93892.91,0,0,93892.91,0,0,93892.91,0,0,93892.91,0,0,93892.91,0,0,93892.91,0,0,94353.17,0,0,94353.17,0,0,93892.91,0,0,93892.91,0,0,93892.91,0,0,153984.37,0,0,93892.91,0,0,93892.91,0,0,93892.91,0,0,93892.91,0,0,93892.91,0,0,93892.91,0,0,93892.91
0,0,0,2020-07-06,IMMUNOSUPPR,0,0,0,0,0,0,0,0,0,0,0,0,0,0,0,0,0,0,0,0,0,0,0,0,0,0,0,0,0,0,0,0,0,0,0,0,0,0,0,0,0,0,0,0,0,0,0,0,0,0,93892.91,0,0,93892.91,0,0,94353.17,0,0,94817.96,0,0,95287.36,0,0,95287.36,0,0,93892.91,0,0,96240.23,0,0,94353.17,0,0,94353.17,0,0,93892.91,0,0,93892.91,0,0,93892.91,0,0,93892.91,0,0,93892.91,0,0,93892.91,0,0,94817.96,0,0,95287.36,0,0,93892.91,0,0,93892.91,0,0,93892.91,0,0,93892.91,0,0,93892.91,0,0,93892.91,0,0,93892.91,0,0,93892.91,0,0,93892.91,0,0,93892.91,0,0,93892.91,0,0,93892.91,0,0,93892.91,0,0,93892.91,0,0,93892.91,0,0,93892.91,0,0,93892.91,0,0,94353.17,0,0,94353.17,0,0,93892.91,0,0,93892.91,0,0,93892.91,0,0,153984.37,0,0,93892.91,0,0,93892.91,0,0,93892.91,0,0,93892.91,0,0,93892.91,0,0,93892.91,0,0,93892.91
0,0,0,2020-07-13,IMMUNOSUPPR,0,0,0,0,0,0,0,0,0,0,0,0,0,0,0,0,0,0,0,0,0,0,0,0,0,0,0,0,0,0,0,0,0,0,0,0,0,0,0,0,0,0,0,0,0,0,0,0,0,0,93892.91,0,0,93892.91,0,0,94353.17,0,0,94817.96,0,0,95287.36,0,0,95287.36,0,0,93892.91,0,0,96240.23,0,0,94353.17,0,0,94353.17,0,0,93892.91,0,0,93892.91,0,0,93892.91,0,0,93892.91,0,0,93892.91,0,0,93892.91,0,0,94817.96,0,0,95287.36,0,0,93892.91,0,0,93892.91,0,0,93892.91,0,0,93892.91,0,0,93892.91,0,0,93892.91,0,0,93892.91,0,0,93892.91,0,0,93892.91,0,0,93892.91,0,0,93892.91,0,0,93892.91,0,0,93892.91,0,0,93892.91,0,0,93892.91,0,0,93892.91,0,0,93892.91,0,0,94353.17,0,0,94353.17,0,0,93892.91,0,0,93892.91,0,0,93892.91,0,0,153984.37,0,0,93892.91,0,0,93892.91,0,0,93892.91,0,0,93892.91,0,0,93892.91,0,0,93892.91,0,0,93892.91
0,0,0,2020-07-20,IMMUNOSUPPR,0,0,0,0,0,0,0,0,0,0,0,0,0,0,0,0,0,0,0,0,0,0,0,0,0,0,0,0,0,0,0,0,0,0,0,0,0,0,0,0,0,0,0,0,0,0,0,0,0,0,94353.17,0,0,94353.17,0,0,94817.96,0,0,95287.36,0,0,95761.42,0,0,95761.42,0,0,94353.17,0,0,96723.85,0,0,94817.96,0,0,94817.96,0,0,94353.17,0,0,94353.17,0,0,94353.17,0,0,94353.17,0,0,94353.17,0,0,94353.17,0,0,95287.36,0,0,95761.42,0,0,94353.17,0,0,94353.17,0,0,94353.17,0,0,94353.17,0,0,94353.17,0,0,94353.17,0,0,94353.17,0,0,94353.17,0,0,94353.17,0,0,94353.17,0,0,94353.17,0,0,94353.17,0,0,94353.17,0,0,94353.17,0,0,94353.17,0,0,94353.17,0,0,94353.17,0,0,94817.96,0,0,94817.96,0,0,94353.17,0,0,94353.17,0,0,94353.17,0,0,153984.37,0,0,94353.17,0,0,94353.17,0,0,94353.17,0,0,94353.17,0,0,94353.17,0,0,94353.17,0,0,94353.17
0,0,0,2020-07-27,IMMUNOSUPPR,0,0,0,0,0,0,0,0,0,0,0,0,0,0,0,0,0,0,0,0,0,0,0,0,0,0,0,0,0,0,0,0,0,0,0,0,0,0,0,0,0,0,0,0,0,0,0,0,0,0,94353.17,0,0,94353.17,0,0,94817.96,0,0,95287.36,0,0,95761.42,0,0,95761.42,0,0,94353.17,0,0,96723.85,0,0,94817.96,0,0,94817.96,0,0,94353.17,0,0,94353.17,0,0,94353.17,0,0,94353.17,0,0,94353.17,0,0,94353.17,0,0,95287.36,0,0,95761.42,0,0,94353.17,0,0,94353.17,0,0,94353.17,0,0,94353.17,0,0,94353.17,0,0,94353.17,0,0,94353.17,0,0,94353.17,0,0,94353.17,0,0,94353.17,0,0,94353.17,0,0,94353.17,0,0,94353.17,0,0,94353.17,0,0,94353.17,0,0,94353.17,0,0,94353.17,0,0,94817.96,0,0,94817.96,0,0,94353.17,0,0,94353.17,0,0,94353.17,0,0,153984.37,0,0,94353.17,0,0,94353.17,0,0,94353.17,0,0,94353.17,0,0,94353.17,0,0,94353.17,0,0,94353.17
0,0,0,2020-08-03,IMMUNOSUPPR,0,0,0,0,1,1,0,0,0,0,0,0,0,0,0,0,1,1,0,0,0,0,0,0,0,0,0,0,0,0,0,0,0,0,0,0,0,0,0,0,0,0,0,0,0,0,0,0,0,0,94353.17,0,0,94353.17,0,0,94817.96,0,0,95287.36,26052.07,659.58,145152.84,26052.07,659.58,145152.84,0,0,94353.17,0,0,96723.85,0,0,94817.96,0,0,94817.96,0,0,94353.17,0,0,94353.17,0,0,94353.17,0,0,94353.17,0,0,94353.17,0,0,94353.17,25922.64,656.3,144431.71,26052.07,659.58,145152.84,0,0,94353.17,0,0,94353.17,0,0,94353.17,0,0,94353.17,0,0,94353.17,0,0,94353.17,0,0,94353.17,0,0,94353.17,0,0,94353.17,0,0,94353.17,0,0,94353.17,0,0,94353.17,0,0,94353.17,0,0,94353.17,0,0,94353.17,0,0,94353.17,0,0,94353.17,0,0,94817.96,0,0,94817.96,0,0,94353.17,0,0,94353.17,0,0,94353.17,0,0,153984.37,0,0,94353.17,0,0,94353.17,0,0,94353.17,0,0,94353.17,0,0,94353.17,0,0,94353.17,0,0,94353.17
0,0,0,2020-08-10,IMMUNOSUPPR,0,0,0,0,0,0,0,0,0,0,0,0,0,0,0,0,0,0,0,0,0,0,0,0,0,0,0,0,0,0,0,0,0,0,0,0,0,0,0,0,0,0,0,0,0,0,0,0,0,0,94353.17,0,0,94353.17,0,0,94817.96,0,0,95287.36,0,0,96240.23,0,0,96240.23,0,0,94353.17,0,0,96723.85,0,0,94817.96,0,0,94817.96,0,0,94353.17,0,0,94353.17,0,0,94353.17,0,0,94353.17,0,0,94353.17,0,0,94353.17,0,0,95761.42,0,0,96240.23,0,0,94353.17,0,0,94353.17,0,0,94353.17,0,0,94353.17,0,0,94353.17,0,0,94353.17,0,0,94353.17,0,0,94353.17,0,0,94353.17,0,0,94353.17,0,0,94353.17,0,0,94353.17,0,0,94353.17,0,0,94353.17,0,0,94353.17,0,0,94353.17,0,0,94353.17,0,0,94817.96,0,0,94817.96,0,0,94353.17,0,0,94353.17,0,0,94353.17,0,0,153984.37,0,0,94353.17,0,0,94353.17,0,0,94353.17,0,0,94353.17,0,0,94353.17,0,0,94353.17,0,0,94353.17
0,0,0,2020-08-17,IMMUNOSUPPR,0,0,0,0,0,0,1,1,0,0,0,0,0,0,1,1,0,0,0,0,1,0,0,0,0,0,0,0,0,0,0,0,0,0,0,0,0,0,0,0,0,1,0,1,0,0,0,0,0,0,94419.29,0,0,94419.29,0,0,94884.73,0,0,95354.79,0,0,96309.02,0,0,96309.02,25667.6,649.85,143010.73,26314.84,666.23,146616.91,0,0,94884.73,0,0,94884.73,0,0,94419.29,0,0,94419.29,0,0,94419.29,0,0,94419.29,25595.66,648.03,142609.86,25595.66,648.03,142609.86,0,0,95829.53,0,0,96309.02,0,0,94419.29,0,0,94419.29,0,0,94419.29,0,0,94419.29,25595.66,648.03,142609.86,0,0,94419.29,0,0,94419.29,0,0,94419.29,0,0,94419.29,0,0,94419.29,0,0,94419.29,0,0,94419.29,0,0,94419.29,0,0,94419.29,0,0,94419.29,0,0,94419.29,0,0,94419.29,0,0,94884.73,0,0,94884.73,0,0,94419.29,0,0,94419.29,0,0,94419.29,0,0,153984.37,0,0,94419.29,0,0,94419.29,0,0,94419.29,25667.6,649.85,143010.73,0,0,94419.29,25667.6,649.85,143010.73,0,0,94419.29
0,0,0,2020-08-24,IMMUNOSUPPR,0,0,0,0,0,0,0,0,0,0,0,0,0,0,0,0,0,0,0,0,0,0,0,0,0,0,0,0,0,0,0,0,0,0,0,0,0,0,0,0,0,0,0,0,0,0,0,0,0,0,94817.96,0,0,94817.96,0,0,95287.36,0,0,95761.42,0,0,96723.85,0,0,96723.85,0,0,95287.36,0,0,97705.82,0,0,95287.36,0,0,95287.36,0,0,94817.96,0,0,94817.96,0,0,94817.96,0,0,94817.96,0,0,95287.36,0,0,95287.36,0,0,96240.23,0,0,96723.85,0,0,94817.96,0,0,94817.96,0,0,94817.96,0,0,94817.96,0,0,95287.36,0,0,94817.96,0,0,94817.96,0,0,94817.96,0,0,94817.96,0,0,94817.96,0,0,94817.96,0,0,94817.96,0,0,94817.96,0,0,94817.96,0,0,94817.96,0,0,94817.96,0,0,94817.96,0,0,95287.36,0,0,95287.36,0,0,94817.96,0,0,94817.96,0,0,94817.96,0,0,153984.37,0,0,94817.96,0,0,94817.96,0,0,94817.96,0,0,95287.36,0,0,94817.96,0,0,95287.36,0,0,94817.96
0,0,0,2020-08-31,IMMUNOSUPPR,0,0,0,0,0,0,0,0,0,0,0,0,0,0,0,0,0,0,0,0,0,0,0,0,0,0,0,0,0,0,0,0,0,0,0,0,0,0,0,0,0,0,0,0,0,0,0,0,0,0,95018.56,0,0,95018.56,0,0,95489.95,0,0,95966.04,0,0,96932.61,0,0,96932.61,0,0,95489.95,0,0,97918.84,0,0,95489.95,0,0,95489.95,0,0,95018.56,0,0,95018.56,0,0,95018.56,0,0,95018.56,0,0,95489.95,0,0,95489.95,0,0,96446.9,0,0,96932.61,0,0,95018.56,0,0,95018.56,0,0,95018.56,0,0,95018.56,0,0,95489.95,0,0,95018.56,0,0,95018.56,0,0,95018.56,0,0,95018.56,0,0,95018.56,0,0,95018.56,0,0,95018.56,0,0,95018.56,0,0,95018.56,0,0,95018.56,0,0,95018.56,0,0,95018.56,0,0,95489.95,0,0,95489.95,0,0,95018.56,0,0,95018.56,0,0,95018.56,0,0,154514.13,0,0,95018.56,0,0,95018.56,0,0,95018.56,0,0,95489.95,0,0,95018.56,0,0,95489.95,0,0,95018.56
0,0,0,2020-09-07,IMMUNOSUPPR,0,0,0,0,0,0,0,0,0,0,0,0,0,0,0,0,0,0,0,0,0,0,0,0,0,0,0,0,0,0,0,0,0,0,0,0,0,0,0,0,1,0,0,0,0,0,0,0,0,0,95897.74,0,0,95897.74,0,0,96377.91,0,0,96862.92,0,0,97847.73,0,0,97847.73,0,0,96377.91,0,0,98852.77,0,0,96377.91,0,0,96377.91,0,0,95897.74,0,0,95897.74,0,0,95897.74,0,0,95897.74,0,0,96171.54,0,0,96171.54,0,0,97352.83,0,0,97847.73,0,0,95897.74,0,0,95897.74,0,0,95897.74,0,0,95897.74,0,0,96171.54,0,0,95897.74,0,0,95897.74,0,0,95897.74,0,0,95897.74,0,0,95897.74,0,0,95897.74,0,0,95897.74,0,0,95897.74,0,0,95897.74,0,0,95897.74,0,0,95897.74,0,0,95897.74,0,0,96377.91,0,0,96377.91,0,0,95897.74,0,0,95897.74,0,0,95897.74,0,0,156852.53,0,0,95897.74,0,0,95897.74,25996.44,658.17,144842.9,0,0,96377.91,0,0,95897.74,0,0,96377.91,0,0,95897.74
0,0,0,2020-09-14,IMMUNOSUPPR,0,0,0,0,0,0,0,0,0,0,0,0,0,0,0,0,0,0,0,0,0,0,0,0,0,0,0,0,0,0,0,0,0,0,0,0,0,0,0,0,0,0,0,0,0,0,0,0,0,0,96240.23,0,0,96240.23,0,0,96723.85,0,0,97212.35,0,0,98204.32,0,0,98204.32,0,0,96723.85,0,0,99216.73,0,0,96723.85,0,0,96723.85,0,0,96240.23,0,0,96240.23,0,0,96240.23,0,0,96240.23,0,0,96240.23,0,0,96240.23,0,0,97705.82,0,0,98204.32,0,0,96240.23,0,0,96240.23,0,0,96240.23,0,0,96240.23,0,0,96240.23,0,0,96240.23,0,0,96240.23,0,0,96240.23,0,0,96240.23,0,0,96240.23,0,0,96240.23,0,0,96240.23,0,0,96240.23,0,0,96240.23,0,0,96240.23,0,0,96240.23,0,0,96240.23,0,0,96723.85,0,0,96723.85,0,0,96240.23,0,0,96240.23,0,0,96240.23,0,0,157770.87,0,0,96240.23,0,0,96240.23,0,0,96240.23,0,0,96723.85,0,0,96240.23,0,0,96723.85,0,0,96240.23
0,0,0,2020-09-21,IMMUNOSUPPR,0,0,0,0,0,0,0,0,0,0,0,0,0,0,0,0,0,0,0,0,0,0,0,0,0,0,0,0,0,0,0,0,0,0,0,0,0,2,0,0,0,0,0,0,0,0,0,0,0,0,96446.9,0,0,96446.9,0,0,96932.61,0,0,97423.23,0,0,98419.52,0,0,98419.52,0,0,96932.61,0,0,99436.4,0,0,96932.61,0,0,96932.61,0,0,96446.9,0,0,96446.9,0,0,96446.9,0,0,96446.9,0,0,96446.9,0,0,96446.9,0,0,97918.84,0,0,98419.52,0,0,96446.9,0,0,96446.9,0,0,96446.9,0,0,96446.9,0,0,96446.9,0,0,96446.9,0,0,96446.9,0,0,96446.9,0,0,96446.9,0,0,96446.9,0,0,96446.9,0,0,96446.9,0,0,96446.9,0,0,96446.9,0,0,96446.9,0,0,96446.9,0,0,96446.9,0,0,96932.61,0,0,96932.61,0,0,96446.9,0,0,96446.9,0,0,96446.9,86449.7,10469.46,312286.06,0,0,96446.9,0,0,96446.9,0,0,96446.9,0,0,96932.61,0,0,96446.9,0,0,96932.61,0,0,96446.9
0,0,0,2020-09-28,IMMUNOSUPPR,0,0,0,0,0,0,0,0,0,0,0,0,0,0,0,0,0,0,0,0,0,0,0,0,0,0,0,0,0,0,0,0,0,0,0,0,0,0,0,0,0,0,0,0,0,0,0,0,0,0,97212.35,0,0,97212.35,0,0,97705.82,0,0,98204.32,0,0,99216.73,0,0,99216.73,0,0,97705.82,0,0,100250.24,0,0,97705.82,0,0,97705.82,0,0,97212.35,0,0,97212.35,0,0,97212.35,0,0,97212.35,0,0,97212.35,0,0,97212.35,0,0,98707.93,0,0,99216.73,0,0,97212.35,0,0,97212.35,0,0,97212.35,0,0,97212.35,0,0,97212.35,0,0,97212.35,0,0,97212.35,0,0,97212.35,0,0,97212.35,0,0,97212.35,0,0,97212.35,0,0,97212.35,0,0,97212.35,0,0,97212.35,0,0,97212.35,0,0,97212.35,0,0,97212.35,0,0,97705.82,0,0,97705.82,0,0,97212.35,0,0,97212.35,0,0,97212.35,0,0,161748.29,0,0,97212.35,0,0,97212.35,0,0,97212.35,0,0,97705.82,0,0,97212.35,0,0,97705.82,0,0,97212.35
0,0,0,2020-10-05,IMMUNOSUPPR,0,0,0,1,0,0,0,0,0,0,0,0,0,0,0,0,0,0,0,0,0,0,0,0,0,0,0,0,0,0,0,0,0,0,0,0,0,0,0,0,0,0,0,0,0,0,0,0,0,0,97212.35,0,0,97212.35,0,0,97705.82,26680.06,675.48,148651.77,0,0,99216.73,0,0,99216.73,0,0,97705.82,0,0,100250.24,0,0,97705.82,0,0,97705.82,0,0,97212.35,0,0,97212.35,0,0,97212.35,0,0,97212.35,0,0,97212.35,0,0,97212.35,0,0,98707.93,0,0,99216.73,0,0,97212.35,0,0,97212.35,0,0,97212.35,0,0,97212.35,0,0,97212.35,0,0,97212.35,0,0,97212.35,0,0,97212.35,0,0,97212.35,0,0,97212.35,0,0,97212.35,0,0,97212.35,0,0,97212.35,0,0,97212.35,0,0,97212.35,0,0,97212.35,0,0,97212.35,0,0,97705.82,0,0,97705.82,0,0,97212.35,0,0,97212.35,0,0,97212.35,0,0,161748.29,0,0,97212.35,0,0,97212.35,0,0,97212.35,0,0,97705.82,0,0,97212.35,0,0,97705.82,0,0,97212.35
0,0,0,2020-10-12,IMMUNOSUPPR,0,0,0,0,1,1,0,0,0,0,0,0,0,0,0,0,0,0,0,1,1,0,0,0,0,0,0,0,0,0,0,0,0,0,0,0,0,0,0,0,1,0,0,0,0,0,0,0,0,0,97212.35,0,0,97212.35,0,0,97705.82,0,0,98707.93,26975.63,682.96,150298.58,26975.63,682.96,150298.58,0,0,97705.82,0,0,100250.24,0,0,97705.82,0,0,97705.82,0,0,97212.35,0,0,97212.35,0,0,97212.35,0,0,97212.35,0,0,97212.35,0,0,97212.35,0,0,98707.93,0,0,99216.73,0,0,97212.35,0,0,97212.35,0,0,97212.35,26429.09,669.13,147253.46,26429.09,669.13,147253.46,0,0,97212.35,0,0,97212.35,0,0,97212.35,0,0,97212.35,0,0,97212.35,0,0,97212.35,0,0,97212.35,0,0,97212.35,0,0,97212.35,0,0,97212.35,0,0,97212.35,0,0,97212.35,0,0,97705.82,0,0,97705.82,0,0,97212.35,0,0,97212.35,0,0,97212.35,0,0,161748.29,0,0,97212.35,0,0,97212.35,26352.81,667.2,146828.48,0,0,97705.82,0,0,97212.35,0,0,97705.82,0,0,97212.35
0,0,0,2020-10-19,IMMUNOSUPPR,0,0,0,0,0,0,0,0,0,0,0,0,0,0,0,0,0,0,0,0,0,0,0,0,0,0,0,0,0,0,0,0,0,0,0,0,0,1,0,0,0,0,0,0,0,0,0,0,0,0,97705.82,0,0,97705.82,0,0,98204.32,0,0,99216.73,0,0,100250.24,0,0,100250.24,0,0,98204.32,0,0,100775.11,0,0,98204.32,0,0,98204.32,0,0,97705.82,0,0,97705.82,0,0,97705.82,0,0,97705.82,0,0,97705.82,0,0,97705.82,0,0,99216.73,0,0,99730.81,0,0,97705.82,0,0,97705.82,0,0,97705.82,0,0,98204.32,0,0,98204.32,0,0,97705.82,0,0,97705.82,0,0,97705.82,0,0,97705.82,0,0,97705.82,0,0,97705.82,0,0,97705.82,0,0,97705.82,0,0,97705.82,0,0,97705.82,0,0,97705.82,0,0,97705.82,0,0,98204.32,0,0,98204.32,0,0,97705.82,0,0,97705.82,0,0,97705.82,44434.31,1124.98,247572.11,0,0,97705.82,0,0,97705.82,0,0,97705.82,0,0,98204.32,0,0,97705.82,0,0,98204.32,0,0,97705.82
0,0,0,2020-10-26,IMMUNOSUPPR,0,0,0,0,0,0,0,0,0,0,0,0,0,0,0,0,0,0,0,0,0,0,0,0,0,0,0,0,0,0,0,0,0,0,0,0,0,0,0,0,0,0,0,0,0,0,0,0,0,0,97705.82,0,0,97705.82,0,0,98204.32,0,0,99216.73,0,0,100250.24,0,0,100250.24,0,0,98204.32,0,0,100775.11,0,0,98204.32,0,0,98204.32,0,0,97705.82,0,0,97705.82,0,0,97705.82,0,0,97705.82,0,0,97705.82,0,0,97705.82,0,0,99216.73,0,0,99730.81,0,0,97705.82,0,0,97705.82,0,0,97705.82,0,0,98204.32,0,0,98204.32,0,0,97705.82,0,0,97705.82,0,0,97705.82,0,0,97705.82,0,0,97705.82,0,0,97705.82,0,0,97705.82,0,0,97705.82,0,0,97705.82,0,0,97705.82,0,0,97705.82,0,0,97705.82,0,0,98204.32,0,0,98204.32,0,0,97705.82,0,0,97705.82,0,0,97705.82,0,0,164513.21,0,0,97705.82,0,0,97705.82,0,0,97705.82,0,0,98204.32,0,0,97705.82,0,0,98204.32,0,0,97705.82
0,0,0,2020-11-02,IMMUNOSUPPR,0,0,0,0,0,0,0,0,0,0,0,0,0,0,0,0,0,0,0,0,0,0,0,0,0,0,0,0,0,0,0,0,0,0,0,0,0,1,0,0,1,0,0,0,0,0,0,0,0,0,98132.79,0,0,98132.79,0,0,98635.67,0,0,99657.04,0,0,100699.79,0,0,100699.79,0,0,98635.67,0,0,101229.39,0,0,98635.67,0,0,98635.67,0,0,98132.79,0,0,98132.79,0,0,98132.79,0,0,98132.79,0,0,98132.79,0,0,98132.79,0,0,99657.04,0,0,100175.7,0,0,98132.79,0,0,98132.79,0,0,98132.79,0,0,98635.67,0,0,98635.67,0,0,98132.79,0,0,98132.79,0,0,98132.79,0,0,98132.79,0,0,98132.79,0,0,98132.79,0,0,98132.79,0,0,98132.79,0,0,98132.79,0,0,98132.79,0,0,98132.79,0,0,98132.79,0,0,98635.67,0,0,98635.67,0,0,98132.79,0,0,98132.79,0,0,98132.79,44651.59,1130.48,248782.73,0,0,98132.79,0,0,98132.79,26602.33,673.51,148218.7,0,0,98635.67,0,0,98132.79,0,0,98635.67,0,0,98132.79
0,0,0,2020-11-09,IMMUNOSUPPR,0,0,0,0,1,1,0,0,1,1,0,0,0,0,0,0,0,0,0,0,0,0,0,0,0,0,0,0,0,0,0,0,0,0,0,0,0,1,0,0,0,0,0,0,0,0,0,1,0,0,98780.29,0,0,98780.29,0,0,99289.85,0,0,100324.89,27503.77,696.34,153241.17,27503.77,696.34,153241.17,0,0,99289.85,0,0,101918.55,26935.84,681.96,150076.9,26935.84,681.96,150076.9,0,0,98780.29,0,0,98780.29,0,0,98780.29,0,0,98780.29,0,0,98780.29,0,0,98780.29,0,0,100324.89,0,0,100850.54,0,0,98780.29,0,0,98780.29,0,0,98780.29,0,0,99289.85,0,0,99289.85,26817.18,678.95,149415.77,0,0,98780.29,0,0,98780.29,0,0,98780.29,0,0,98780.29,0,0,98780.29,0,0,98780.29,0,0,98780.29,0,0,98780.29,0,0,98780.29,0,0,98780.29,0,0,98780.29,0,0,99289.85,0,0,99289.85,0,0,98780.29,0,0,98780.29,0,0,98780.29,45260.22,1145.89,252173.82,0,0,98780.29,0,0,98780.29,0,0,98780.29,0,0,99289.85,0,0,98780.29,0,0,99289.85,0,0,98780.29
0,0,0,2020-11-16,IMMUNOSUPPR,0,0,0,0,0,0,0,0,0,0,0,0,0,0,0,0,0,0,0,0,0,0,0,0,0,0,0,0,0,0,0,0,0,0,0,0,0,2,0,0,0,0,0,0,0,0,0,0,0,0,99289.85,0,0,99289.85,0,0,99804.68,0,0,100850.54,0,0,102461.08,0,0,102461.08,0,0,99804.68,0,0,102461.08,0,0,100324.89,0,0,100324.89,0,0,99289.85,0,0,99289.85,0,0,99289.85,0,0,99289.85,0,0,99289.85,0,0,99289.85,0,0,100850.54,0,0,101381.73,0,0,99289.85,0,0,99289.85,0,0,99289.85,0,0,99804.68,0,0,99804.68,0,0,99804.68,0,0,99289.85,0,0,99289.85,0,0,99289.85,0,0,99289.85,0,0,99289.85,0,0,99289.85,0,0,99289.85,0,0,99289.85,0,0,99289.85,0,0,99289.85,0,0,99289.85,0,0,99804.68,0,0,99804.68,0,0,99289.85,0,0,99289.85,0,0,99289.85,92468.35,11198.35,334027.49,0,0,99289.85,0,0,99289.85,0,0,99289.85,0,0,99804.68,0,0,99289.85,0,0,99804.68,0,0,99289.85
0,0,0,2020-11-23,IMMUNOSUPPR,0,0,0,0,0,0,0,0,0,0,0,0,0,0,0,0,0,0,0,0,0,0,0,0,0,0,0,0,0,0,0,0,0,0,0,0,0,1,0,0,0,0,0,0,0,0,0,0,0,0,100026.97,0,0,100026.97,0,0,100549.49,0,0,101611.1,0,0,103246.22,0,0,103246.22,0,0,100549.49,0,0,103246.22,0,0,101077.51,0,0,101077.51,0,0,100026.97,0,0,100026.97,0,0,100026.97,0,0,100026.97,0,0,100026.97,0,0,100026.97,0,0,101611.1,0,0,102150.36,0,0,100026.97,0,0,100026.97,0,0,100026.97,0,0,100549.49,0,0,100549.49,0,0,100549.49,0,0,100026.97,0,0,100026.97,0,0,100026.97,0,0,100026.97,0,0,100026.97,0,0,100026.97,0,0,100026.97,0,0,100026.97,0,0,100026.97,0,0,100026.97,0,0,100026.97,0,0,100549.49,0,0,100549.49,0,0,100026.97,0,0,100026.97,0,0,100026.97,47312.18,1197.84,263606.57,0,0,100026.97,0,0,100026.97,0,0,100026.97,0,0,100549.49,0,0,100026.97,0,0,100549.49,0,0,100026.97
0,0,0,2020-11-30,IMMUNOSUPPR,0,0,0,0,0,0,0,0,1,1,0,0,0,0,0,0,0,1,0,0,0,0,0,0,0,0,0,0,0,0,0,0,0,0,0,0,0,1,0,0,0,0,0,0,0,0,0,0,0,0,100474.51,0,0,100474.51,0,0,101001.74,0,0,102072.97,0,0,103723.11,0,0,103723.11,0,0,101001.74,0,0,103723.11,27524.49,696.86,153356.65,27524.49,696.86,153356.65,0,0,100474.51,0,0,100474.51,0,0,100474.51,0,0,100474.51,0,0,100474.51,0,0,100474.51,0,0,102072.97,27817.97,704.29,154991.83,0,0,100474.51,0,0,100474.51,0,0,100474.51,0,0,101001.74,0,0,101001.74,0,0,101001.74,0,0,100474.51,0,0,100474.51,0,0,100474.51,0,0,100474.51,0,0,100474.51,0,0,100474.51,0,0,100474.51,0,0,100474.51,0,0,100474.51,0,0,100474.51,0,0,100474.51,0,0,101001.74,0,0,101001.74,0,0,100474.51,0,0,100474.51,0,0,100474.51,48313.49,1223.19,269185.55,0,0,100474.51,0,0,100474.51,0,0,100474.51,0,0,101001.74,0,0,100474.51,0,0,101001.74,0,0,100474.51
0,0,0,2020-12-07,IMMUNOSUPPR,0,0,0,0,0,0,0,0,0,0,0,0,0,0,0,0,0,0,0,0,0,0,0,0,0,0,0,0,0,0,1,1,0,0,0,0,0,1,0,0,0,0,1,1,0,0,0,0,0,0,100775.11,0,0,100775.11,0,0,101305.51,0,0,102383.22,0,0,104043.49,0,0,104043.49,0,0,101305.51,0,0,104043.49,0,0,102383.22,0,0,102383.22,0,0,100775.11,0,0,100775.11,0,0,100775.11,0,0,100775.11,0,0,100775.11,0,0,100775.11,0,0,102383.22,0,0,103484.12,0,0,100775.11,0,0,100775.11,0,0,100775.11,0,0,101305.51,0,0,101305.51,0,0,101305.51,0,0,100775.11,0,0,100775.11,0,0,100775.11,0,0,100775.11,0,0,100775.11,0,0,100775.11,0,0,100775.11,0,0,100775.11,0,0,100775.11,27441.77,694.77,152895.77,27441.77,694.77,152895.77,0,0,101305.51,0,0,101305.51,0,0,100775.11,0,0,100775.11,0,0,100775.11,48830.21,1236.27,272064.54,0,0,100775.11,0,0,100775.11,0,0,100775.11,0,0,101305.51,27441.77,694.77,152895.77,27586.86,698.44,153704.14,0,0,100775.11
0,0,0,2020-12-14,IMMUNOSUPPR,0,0,0,0,0,0,0,0,0,0,0,0,0,0,0,0,0,0,0,0,0,0,0,0,0,0,0,0,0,0,0,0,0,0,0,0,0,1,0,0,0,0,0,0,0,0,0,0,0,0,100775.11,0,0,100775.11,0,0,101305.51,0,0,102383.22,0,0,104043.49,0,0,104043.49,0,0,101305.51,0,0,104043.49,0,0,102383.22,0,0,102383.22,0,0,100775.11,0,0,100775.11,0,0,100775.11,0,0,100775.11,0,0,100775.11,0,0,100775.11,0,0,102383.22,0,0,103484.12,0,0,100775.11,0,0,100775.11,0,0,100775.11,0,0,101305.51,0,0,101305.51,0,0,100775.11,0,0,100775.11,0,0,100775.11,0,0,100775.11,0,0,100775.11,0,0,100775.11,0,0,100775.11,0,0,100775.11,0,0,100775.11,0,0,100775.11,0,0,101305.51,0,0,101305.51,0,0,101305.51,0,0,101305.51,0,0,100775.11,0,0,100775.11,0,0,100775.11,49424.9,1251.33,275377.91,0,0,100775.11,0,0,100775.11,0,0,100775.11,0,0,101305.51,0,0,101305.51,0,0,101841.51,0,0,100775.11
0,0,0,2020-12-21,IMMUNOSUPPR,0,0,0,0,0,0,0,0,0,0,0,0,0,0,0,0,0,0,0,0,0,0,0,0,0,0,0,0,0,0,0,0,0,0,0,0,0,3,0,0,0,0,0,0,0,0,0,0,0,0,100775.11,0,0,100775.11,0,0,101305.51,0,0,102383.22,0,0,104043.49,0,0,104043.49,0,0,101305.51,0,0,104043.49,0,0,102383.22,0,0,102383.22,0,0,100775.11,0,0,100775.11,0,0,100775.11,0,0,100775.11,0,0,100775.11,0,0,100775.11,0,0,102383.22,0,0,103484.12,0,0,100775.11,0,0,100775.11,0,0,100775.11,0,0,101305.51,0,0,101305.51,0,0,100775.11,0,0,100775.11,0,0,100775.11,0,0,100775.11,0,0,100775.11,0,0,100775.11,0,0,100775.11,0,0,100775.11,0,0,100775.11,0,0,100775.11,0,0,101305.51,0,0,101305.51,0,0,101305.51,0,0,101305.51,0,0,100775.11,0,0,100775.11,0,0,100775.11,152399.17,31428.37,445375.03,0,0,100775.11,0,0,100775.11,0,0,100775.11,0,0,101305.51,0,0,101305.51,0,0,101841.51,0,0,100775.11
0,0,0,2020-12-28,IMMUNOSUPPR,0,0,0,0,0,0,0,0,0,0,0,0,0,0,0,0,0,0,0,0,0,0,0,0,0,0,0,0,0,0,0,0,0,0,0,0,0,2,0,0,0,0,0,0,0,0,0,0,0,0,101001.74,0,0,101001.74,0,0,101534.53,0,0,102617.15,0,0,104285.08,0,0,104285.08,0,0,101534.53,0,0,104285.08,0,0,102617.15,0,0,102617.15,0,0,101001.74,0,0,101001.74,0,0,101001.74,0,0,101001.74,0,0,101001.74,0,0,101001.74,0,0,102617.15,0,0,103723.11,0,0,101001.74,0,0,101001.74,0,0,101001.74,0,0,101534.53,0,0,101534.53,0,0,101001.74,0,0,101001.74,0,0,101001.74,0,0,101001.74,0,0,101001.74,0,0,101001.74,0,0,101001.74,0,0,101001.74,0,0,101001.74,0,0,101001.74,0,0,101534.53,0,0,101534.53,0,0,101534.53,0,0,101534.53,0,0,101001.74,0,0,101001.74,0,0,101001.74,103177.97,12495.33,372714.29,0,0,101001.74,0,0,101001.74,0,0,101001.74,0,0,101534.53,0,0,101534.53,0,0,102072.97,0,0,101001.74
0,0,0,2021-01-04,IMMUNOSUPPR,0,0,0,0,0,0,0,0,0,0,0,0,0,0,0,0,0,0,0,0,0,0,0,0,0,0,0,0,0,0,0,0,0,0,0,0,0,0,0,0,0,0,0,0,0,0,0,0,0,0,101918.55,0,0,101918.55,0,0,102461.08,0,0,103563.66,0,0,105262.75,0,0,105262.75,0,0,102461.08,0,0,105262.75,0,0,103563.66,0,0,103563.66,0,0,101918.55,0,0,101918.55,0,0,101918.55,0,0,101918.55,0,0,101918.55,0,0,101918.55,0,0,103563.66,0,0,104690.23,0,0,101918.55,0,0,101918.55,0,0,101918.55,0,0,102461.08,0,0,102461.08,0,0,101918.55,0,0,101918.55,0,0,101918.55,0,0,101918.55,0,0,101918.55,0,0,101918.55,0,0,101918.55,0,0,101918.55,0,0,101918.55,0,0,101918.55,0,0,102461.08,0,0,102461.08,0,0,102461.08,0,0,102461.08,0,0,101918.55,0,0,101918.55,0,0,101918.55,0,0,193308.93,0,0,101918.55,0,0,101918.55,0,0,101918.55,0,0,102461.08,0,0,102461.08,0,0,103009.42,0,0,101918.55
0,0,0,2021-01-11,IMMUNOSUPPR,0,0,0,0,0,0,0,0,0,0,0,0,0,0,0,0,0,0,0,0,0,0,0,0,0,0,0,0,0,0,0,0,0,0,0,0,0,2,0,0,0,0,0,0,0,0,0,0,0,0,102773.7,0,0,102773.7,0,0,103325.4,0,0,104446.76,0,0,106175.19,0,0,106175.19,0,0,103325.4,0,0,106175.19,0,0,104446.76,0,0,104446.76,0,0,102773.7,0,0,102773.7,0,0,102773.7,0,0,102773.7,0,0,102773.7,0,0,102773.7,0,0,104446.76,0,0,105592.73,0,0,102773.7,0,0,102773.7,0,0,102773.7,0,0,103325.4,0,0,103325.4,0,0,102773.7,0,0,102773.7,0,0,102773.7,0,0,102773.7,0,0,102773.7,0,0,102773.7,0,0,102773.7,0,0,102773.7,0,0,102773.7,0,0,102773.7,0,0,103325.4,0,0,103325.4,0,0,103325.4,0,0,103325.4,0,0,102773.7,0,0,102773.7,0,0,102773.7,107268.72,12990.74,387491.51,0,0,102773.7,0,0,102773.7,0,0,102773.7,0,0,103325.4,0,0,103325.4,0,0,103883.05,0,0,102773.7
0,0,0,2021-01-18,IMMUNOSUPPR,0,0,0,0,0,0,0,0,0,0,0,0,0,0,0,0,0,0,0,0,0,0,0,0,0,0,0,0,0,0,0,0,0,0,0,0,0,2,0,0,0,0,0,0,0,0,0,0,0,0,103723.11,0,0,103723.11,0,0,104285.08,0,0,105427.48,0,0,107188.8,0,0,107188.8,0,0,104285.08,0,0,107188.8,0,0,105427.48,0,0,105427.48,0,0,103723.11,0,0,103723.11,0,0,103723.11,0,0,103723.11,0,0,103723.11,0,0,103723.11,0,0,105427.48,0,0,106595.19,0,0,103723.11,0,0,103723.11,0,0,103723.11,0,0,104285.08,0,0,104285.08,0,0,103723.11,0,0,103723.11,0,0,103723.11,0,0,103723.11,0,0,103723.11,0,0,103723.11,0,0,103723.11,0,0,103723.11,0,0,103723.11,0,0,103723.11,0,0,104285.08,0,0,104285.08,0,0,104285.08,0,0,104285.08,0,0,103723.11,0,0,103723.11,0,0,103723.11,110181,13343.43,398011.64,0,0,103723.11,0,0,103723.11,0,0,103723.11,0,0,104285.08,0,0,104285.08,0,0,104853.17,0,0,103723.11
0,0,0,2021-01-25,IMMUNOSUPPR,0,0,0,0,0,0,0,0,0,0,0,0,0,0,0,0,0,0,0,0,0,0,0,0,0,0,0,0,0,0,0,0,0,0,0,0,0,2,0,0,0,0,0,0,0,0,0,0,0,0,104608.95,0,0,104608.95,0,0,105180.58,0,0,106342.8,0,0,108135.09,0,0,108135.09,0,0,105180.58,0,0,108135.09,0,0,106342.8,0,0,106342.8,0,0,104608.95,0,0,104608.95,0,0,104608.95,0,0,104608.95,0,0,104608.95,0,0,104608.95,0,0,106342.8,0,0,107530.98,0,0,104608.95,0,0,104608.95,0,0,104608.95,0,0,105180.58,0,0,105180.58,0,0,104608.95,0,0,104608.95,0,0,104608.95,0,0,104608.95,0,0,104608.95,0,0,104608.95,0,0,104608.95,0,0,104608.95,0,0,104608.95,0,0,104608.95,0,0,105180.58,0,0,105180.58,0,0,105180.58,0,0,105180.58,0,0,104608.95,0,0,104608.95,0,0,104608.95,115039.37,13931.8,415561.76,0,0,104608.95,0,0,104608.95,0,0,104608.95,0,0,105180.58,0,0,105180.58,0,0,105758.49,0,0,104608.95
0,0,0,2021-02-01,IMMUNOSUPPR,0,0,0,0,0,0,0,0,0,0,0,0,0,0,0,0,0,0,0,0,0,0,0,0,0,0,0,0,0,0,0,0,0,0,0,0,0,0,0,0,0,0,0,0,0,0,0,0,0,0,105098.54,0,0,105098.54,0,0,105345.05,0,0,106510.93,0,0,108658.32,0,0,108658.32,0,0,105675.55,0,0,108308.94,0,0,106848.79,0,0,106848.79,0,0,105098.54,0,0,105098.54,0,0,105098.54,0,0,105098.54,0,0,105098.54,0,0,105098.54,0,0,106510.93,0,0,107702.9,0,0,105098.54,0,0,105098.54,0,0,105098.54,0,0,105675.55,0,0,105675.55,0,0,105098.54,0,0,105098.54,0,0,105098.54,0,0,105098.54,0,0,105098.54,0,0,105098.54,0,0,105098.54,0,0,105098.54,0,0,105098.54,0,0,105098.54,0,0,105675.55,0,0,105675.55,0,0,105675.55,0,0,105675.55,0,0,105098.54,0,0,105098.54,0,0,105098.54,0,0,213867.18,0,0,105098.54,0,0,105098.54,0,0,105098.54,0,0,105675.55,0,0,105675.55,0,0,106258.93,0,0,105098.54
0,0,0,2021-02-08,IMMUNOSUPPR,0,0,0,0,0,0,0,0,0,0,0,0,0,0,0,0,0,0,0,0,0,0,0,0,0,0,0,0,0,0,0,0,0,0,0,0,0,1,0,0,0,0,0,0,0,0,0,0,0,0,106595.19,0,0,106595.19,0,0,106595.19,0,0,107789.06,0,0,110258.86,0,0,110258.86,0,0,107188.8,0,0,109630.86,0,0,108396.08,0,0,108396.08,0,0,106595.19,0,0,106595.19,0,0,106595.19,0,0,106595.19,0,0,106595.19,0,0,106595.19,0,0,107789.06,0,0,109009.97,0,0,106595.19,0,0,106595.19,0,0,106595.19,0,0,107188.8,0,0,107188.8,0,0,106595.19,0,0,106595.19,0,0,106595.19,0,0,106595.19,0,0,106595.19,0,0,106595.19,0,0,106595.19,0,0,106595.19,0,0,106595.19,0,0,106595.19,0,0,107188.8,0,0,107188.8,0,0,107188.8,0,0,107188.8,0,0,106595.19,0,0,106595.19,0,0,106595.19,59486.97,1506.08,331440.19,0,0,106595.19,0,0,106595.19,0,0,106595.19,0,0,107188.8,0,0,107188.8,0,0,107789.06,0,0,106595.19
0,0,0,2021-02-15,IMMUNOSUPPR,0,0,0,0,0,0,0,0,0,0,0,0,0,0,0,0,0,0,0,0,0,0,0,0,0,0,0,0,0,0,0,0,0,0,0,0,0,0,0,0,0,0,0,0,0,0,0,0,0,0,107961.8,0,0,107961.8,0,0,107961.8,0,0,109186.65,0,0,111721.66,0,0,111721.66,0,0,108570.77,0,0,111076.93,0,0,109809.55,0,0,109809.55,0,0,107961.8,0,0,107961.8,0,0,107961.8,0,0,107961.8,0,0,107961.8,0,0,107961.8,0,0,109186.65,0,0,110439.61,0,0,107961.8,0,0,107961.8,0,0,107961.8,0,0,108570.77,0,0,108570.77,0,0,107961.8,0,0,107961.8,0,0,107961.8,0,0,107961.8,0,0,107961.8,0,0,107961.8,0,0,107961.8,0,0,107961.8,0,0,107961.8,0,0,107961.8,0,0,108570.77,0,0,108570.77,0,0,108570.77,0,0,108570.77,0,0,107961.8,0,0,107961.8,0,0,107961.8,0,0,225688.98,0,0,107961.8,0,0,107961.8,0,0,107961.8,0,0,108570.77,0,0,108570.77,0,0,109186.65,0,0,107961.8
0,0,0,2021-02-22,IMMUNOSUPPR,0,0,0,0,0,0,0,0,0,0,0,0,0,0,0,0,0,0,0,0,0,0,0,0,0,0,0,0,0,0,0,0,0,0,0,0,0,0,0,0,0,0,0,0,0,0,0,0,0,0,110985.44,0,0,110985.44,0,0,110985.44,0,0,112280.27,0,0,114962.73,0,0,114962.73,0,0,111629.1,0,0,114280.17,0,0,112939.08,0,0,112939.08,0,0,110985.44,0,0,110985.44,0,0,110985.44,0,0,110985.44,0,0,110985.44,0,0,110985.44,0,0,112280.27,0,0,113605.67,0,0,110985.44,0,0,110985.44,0,0,110985.44,0,0,111629.1,0,0,111629.1,0,0,110985.44,0,0,110985.44,0,0,110985.44,0,0,110985.44,0,0,110985.44,0,0,110985.44,0,0,110985.44,0,0,110985.44,0,0,110985.44,0,0,110985.44,0,0,111629.1,0,0,111629.1,0,0,111629.1,0,0,111629.1,0,0,110985.44,0,0,110985.44,0,0,110985.44,0,0,233917.23,0,0,110985.44,0,0,110985.44,0,0,110985.44,0,0,111629.1,0,0,111629.1,0,0,112280.27,0,0,110985.44
0,0,0,2021-03-01,IMMUNOSUPPR,0,0,0,0,0,0,0,0,0,0,0,0,0,0,0,0,0,0,0,0,0,0,0,0,0,0,0,0,0,0,0,0,0,0,0,0,0,1,0,0,0,0,0,0,0,0,0,0,0,0,114766.88,0,0,114766.88,0,0,114766.88,0,0,116152,0,0,119025.02,0,0,119025.02,0,0,115455.29,0,0,118293.52,0,0,116857.17,0,0,116857.17,0,0,114766.88,0,0,114766.88,0,0,114766.88,0,0,114766.88,0,0,114766.88,0,0,114766.88,0,0,116152,0,0,117570.96,0,0,114766.88,0,0,114766.88,0,0,114766.88,0,0,115455.29,0,0,115455.29,0,0,114766.88,0,0,114766.88,0,0,114766.88,0,0,114766.88,0,0,114766.88,0,0,114766.88,0,0,114766.88,0,0,114766.88,0,0,114766.88,0,0,114766.88,0,0,115455.29,0,0,115455.29,0,0,115455.29,0,0,115455.29,0,0,114766.88,0,0,114766.88,0,0,114766.88,64875.67,1642.51,361464.08,0,0,114766.88,0,0,114766.88,0,0,114766.88,0,0,115455.29,0,0,115455.29,0,0,116152,0,0,114766.88
0,0,0,2021-03-08,IMMUNOSUPPR,0,0,0,0,0,0,0,0,0,0,0,0,0,0,0,0,0,0,0,0,0,0,0,0,0,0,0,0,0,0,0,0,0,0,0,0,0,0,0,0,0,0,0,0,0,0,0,0,0,0,118710.42,0,0,118710.42,0,0,118710.42,0,0,119872.17,0,0,122934.6,0,0,122934.6,0,0,119447.09,0,0,122487.57,0,0,120948.22,0,0,120948.22,0,0,118710.42,0,0,118710.42,0,0,118710.42,0,0,118710.42,0,0,118710.42,0,0,118710.42,0,0,119872.17,0,0,121384.07,0,0,118710.42,0,0,118710.42,0,0,118710.42,0,0,119447.09,0,0,119447.09,0,0,118710.42,0,0,118710.42,0,0,118710.42,0,0,118710.42,0,0,118710.42,0,0,118710.42,0,0,118710.42,0,0,118710.42,0,0,118710.42,0,0,118710.42,0,0,119447.09,0,0,119447.09,0,0,119447.09,0,0,119447.09,0,0,118710.42,0,0,118710.42,0,0,118710.42,0,0,251373.74,0,0,118710.42,0,0,118710.42,0,0,118710.42,0,0,119447.09,0,0,119447.09,0,0,120192.97,0,0,118710.42
0,0,0,2021-03-15,IMMUNOSUPPR,0,0,0,0,0,0,0,0,0,0,0,0,0,0,0,0,0,0,0,0,0,0,0,0,0,0,0,0,0,0,0,0,0,0,0,0,0,0,0,0,0,0,0,0,0,0,0,0,0,0,122487.57,0,0,122487.57,0,0,122487.57,0,0,123272.02,0,0,126512.98,0,0,126512.98,0,0,123272.02,0,0,126512.98,0,0,124871.48,0,0,124871.48,0,0,122487.57,0,0,122487.57,0,0,122487.57,0,0,122487.57,0,0,122487.57,0,0,122487.57,0,0,123272.02,0,0,124871.48,0,0,122487.57,0,0,122487.57,0,0,122487.57,0,0,123272.02,0,0,123272.02,0,0,122487.57,0,0,122487.57,0,0,122487.57,0,0,122487.57,0,0,122487.57,0,0,122487.57,0,0,122487.57,0,0,122487.57,0,0,122487.57,0,0,122487.57,0,0,123272.02,0,0,123272.02,0,0,123272.02,0,0,123272.02,0,0,122487.57,0,0,122487.57,0,0,122487.57,0,0,262132.92,0,0,122487.57,0,0,122487.57,0,0,122487.57,0,0,123272.02,0,0,123272.02,0,0,124066.59,0,0,122487.57
0,0,0,2021-03-22,IMMUNOSUPPR,0,0,0,0,0,0,0,0,0,0,0,0,0,0,0,0,0,0,0,0,0,0,0,0,0,0,0,0,0,0,0,0,0,0,0,0,0,0,0,0,0,0,0,0,0,0,0,0,0,0,126512.98,0,0,126512.98,0,0,126512.98,0,0,127350.02,0,0,130811.96,0,0,130811.96,0,0,127350.02,0,0,130811.96,0,0,129057.78,0,0,129057.78,0,0,126512.98,0,0,126512.98,0,0,126512.98,0,0,126512.98,0,0,126512.98,0,0,126512.98,0,0,127350.02,0,0,129057.78,0,0,126512.98,0,0,126512.98,0,0,126512.98,0,0,127350.02,0,0,127350.02,0,0,126512.98,0,0,126512.98,0,0,126512.98,0,0,126512.98,0,0,126512.98,0,0,126512.98,0,0,126512.98,0,0,126512.98,0,0,126512.98,0,0,126512.98,0,0,127350.02,0,0,127350.02,0,0,127350.02,0,0,127350.02,0,0,126512.98,0,0,126512.98,0,0,126512.98,0,0,268399.05,0,0,126512.98,0,0,126512.98,0,0,126512.98,0,0,127350.02,0,0,127350.02,0,0,128198.21,0,0,126512.98
0,0,0,2021-03-29,IMMUNOSUPPR,0,0,0,0,0,0,0,0,0,0,0,0,0,0,0,0,0,0,0,0,0,0,0,0,0,0,0,0,0,0,0,0,0,0,0,0,0,0,0,0,0,0,0,0,0,0,0,0,0,0,134065.99,0,0,134065.99,0,0,134065.99,0,0,135006.33,0,0,138617.62,0,0,138617.62,0,0,135006.33,0,0,138617.62,0,0,136649.41,0,0,136649.41,0,0,134065.99,0,0,134065.99,0,0,134065.99,0,0,134065.99,0,0,134065.99,0,0,134065.99,0,0,135006.33,0,0,136927.16,0,0,134065.99,0,0,134065.99,0,0,134065.99,0,0,135006.33,0,0,135006.33,0,0,134065.99,0,0,134065.99,0,0,134065.99,0,0,134065.99,0,0,134065.99,0,0,134065.99,0,0,134065.99,0,0,134065.99,0,0,134065.99,0,0,134065.99,0,0,135006.33,0,0,135006.33,0,0,135006.33,0,0,135006.33,0,0,134065.99,0,0,134065.99,0,0,134065.99,0,0,275534.4,0,0,134065.99,0,0,134065.99,0,0,134065.99,0,0,135006.33,0,0,135006.33,0,0,135959.96,0,0,134065.99
0,0,0,2021-04-05,IMMUNOSUPPR,0,0,0,0,0,0,0,0,0,0,0,0,0,0,0,0,0,0,0,0,0,0,0,0,0,0,0,0,0,0,0,0,0,0,0,0,0,1,0,0,0,0,0,0,0,0,0,0,0,0,150711.77,0,0,150711.77,0,0,150711.77,0,0,151901.15,0,0,155584.67,0,0,155584.67,0,0,151901.15,0,0,154337.14,0,0,153109.46,0,0,153109.46,0,0,150711.77,0,0,150711.77,0,0,150711.77,0,0,150711.77,0,0,150711.77,0,0,150711.77,0,0,151901.15,0,0,154337.14,0,0,150711.77,0,0,150711.77,0,0,150711.77,0,0,151901.15,0,0,151901.15,0,0,150711.77,0,0,150711.77,0,0,150711.77,0,0,150711.77,0,0,150711.77,0,0,150711.77,0,0,150711.77,0,0,150711.77,0,0,150711.77,0,0,150711.77,0,0,151901.15,0,0,151901.15,0,0,151901.15,0,0,151901.15,0,0,150711.77,0,0,150711.77,0,0,150711.77,78379.83,1984.41,436704.45,0,0,150711.77,0,0,150711.77,0,0,150711.77,0,0,151901.15,0,0,151901.15,0,0,153109.46,0,0,150711.77
0,0,0,2021-04-12,IMMUNOSUPPR,0,0,0,0,0,0,0,0,0,0,0,0,0,0,0,0,0,0,0,0,0,0,0,0,0,0,0,0,0,0,0,0,0,0,0,0,0,0,0,0,0,0,0,0,0,0,0,0,0,0,160591.56,0,0,160591.56,0,0,160591.56,0,0,161942.69,0,0,166136.03,0,0,166136.03,0,0,161942.69,0,0,164714.33,0,0,163316.75,0,0,163316.75,0,0,160591.56,0,0,160591.56,0,0,160591.56,0,0,160591.56,0,0,160591.56,0,0,160591.56,0,0,161942.69,0,0,164714.33,0,0,160591.56,0,0,160591.56,0,0,160591.56,0,0,161942.69,0,0,161942.69,0,0,160591.56,0,0,160591.56,0,0,160591.56,0,0,160591.56,0,0,160591.56,0,0,160591.56,0,0,160591.56,0,0,160591.56,0,0,160591.56,0,0,160591.56,0,0,161942.69,0,0,161942.69,0,0,161942.69,0,0,161942.69,0,0,160591.56,0,0,160591.56,0,0,160591.56,0,0,298750.16,0,0,160591.56,0,0,160591.56,0,0,160591.56,0,0,161942.69,0,0,161942.69,0,0,163316.75,0,0,160591.56
0,0,0,2021-04-19,IMMUNOSUPPR,0,0,0,0,0,0,0,0,0,0,0,0,0,0,0,0,0,0,0,0,0,0,0,0,0,0,0,0,0,0,0,0,0,0,0,0,0,0,0,0,0,0,0,0,0,0,0,0,0,0,174982.24,0,0,174982.24,0,0,174982.24,0,0,176587.58,0,0,180611.69,0,0,180611.69,0,0,176587.58,0,0,179888.28,0,0,178222.65,0,0,178222.65,0,0,174982.24,0,0,174982.24,0,0,174982.24,0,0,174982.24,0,0,174982.24,0,0,174982.24,0,0,175666.65,0,0,178932.7,0,0,174982.24,0,0,174982.24,0,0,174982.24,0,0,176587.58,0,0,176587.58,0,0,174982.24,0,0,174982.24,0,0,174982.24,0,0,174982.24,0,0,174982.24,0,0,174982.24,0,0,174982.24,0,0,174982.24,0,0,174982.24,0,0,174982.24,0,0,176587.58,0,0,176587.58,0,0,176587.58,0,0,176587.58,0,0,174982.24,0,0,174982.24,0,0,174982.24,0,0,306916.45,0,0,174982.24,0,0,174982.24,0,0,174982.24,0,0,176587.58,0,0,176587.58,0,0,178222.65,0,0,174982.24
0,0,0,2021-04-26,IMMUNOSUPPR,0,0,0,0,0,0,0,0,0,0,0,0,0,0,0,0,0,0,0,0,0,0,0,0,0,0,0,0,0,0,0,0,0,0,0,0,0,0,0,0,0,0,0,0,0,0,0,0,0,0,185843.2,0,0,185843.2,0,0,185843.2,0,0,187655.04,0,0,191386.82,0,0,191386.82,0,0,187655.04,0,0,191386.82,0,0,189502.56,0,0,189502.56,0,0,185843.2,0,0,185843.2,0,0,185843.2,0,0,185843.2,0,0,185843.2,0,0,185843.2,0,0,185843.2,0,0,189502.56,0,0,185843.2,0,0,185843.2,0,0,185843.2,0,0,187655.04,0,0,187655.04,0,0,185843.2,0,0,185843.2,0,0,185843.2,0,0,185843.2,0,0,185843.2,0,0,185843.2,0,0,185843.2,0,0,185843.2,0,0,185843.2,0,0,185843.2,0,0,187655.04,0,0,187655.04,0,0,187655.04,0,0,187655.04,0,0,185843.2,0,0,185843.2,0,0,185843.2,0,0,311889.63,0,0,185843.2,0,0,185843.2,0,0,185843.2,0,0,187655.04,0,0,187655.04,0,0,189502.56,0,0,185843.2
0,0,0,2021-05-03,IMMUNOSUPPR,0,0,0,0,0,0,0,0,0,0,0,0,0,0,0,0,0,0,0,0,0,0,0,0,0,0,0,0,0,0,0,0,0,0,0,0,0,0,0,0,0,0,0,0,0,0,0,0,0,0,193586.67,0,0,193586.67,0,0,193586.67,0,0,195553.44,0,0,199609.37,0,0,199609.37,0,0,195553.44,0,0,199609.37,0,0,197560.59,0,0,197560.59,0,0,193586.67,0,0,193586.67,0,0,193586.67,0,0,193586.67,0,0,193586.67,0,0,193586.67,0,0,193586.67,0,0,197560.59,0,0,193586.67,0,0,193586.67,0,0,193586.67,0,0,195553.44,0,0,195553.44,0,0,193586.67,0,0,193586.67,0,0,193586.67,0,0,193586.67,0,0,193586.67,0,0,193586.67,0,0,193586.67,0,0,193586.67,0,0,193586.67,0,0,193586.67,0,0,195553.44,0,0,195553.44,0,0,195553.44,0,0,195553.44,0,0,193586.67,0,0,193586.67,0,0,193586.67,0,0,322335.7,0,0,193586.67,0,0,193586.67,0,0,193586.67,0,0,195553.44,0,0,195553.44,0,0,197560.59,0,0,193586.67
0,0,0,2021-05-10,IMMUNOSUPPR,0,0,0,0,0,0,0,0,0,0,0,0,0,0,0,0,0,0,0,0,0,0,0,0,0,0,0,0,0,0,0,0,0,0,0,0,0,1,0,0,1,0,0,0,0,0,0,0,0,0,214890.47,0,0,214890.47,0,0,214890.47,0,0,217316.65,0,0,221605.79,0,0,221605.79,0,0,216617.88,0,0,221605.79,0,0,219083.45,0,0,219083.45,0,0,214890.47,0,0,214890.47,0,0,214890.47,0,0,214890.47,0,0,214890.47,0,0,214890.47,0,0,214890.47,0,0,219083.45,0,0,214890.47,0,0,214890.47,0,0,214890.47,0,0,216617.88,0,0,216617.88,0,0,214890.47,0,0,214890.47,0,0,214890.47,0,0,214890.47,0,0,214890.47,0,0,214890.47,0,0,214890.47,0,0,214890.47,0,0,214890.47,0,0,214890.47,0,0,217316.65,0,0,217316.65,0,0,217316.65,0,0,217316.65,0,0,214890.47,0,0,214890.47,0,0,214890.47,94624.35,2395.68,527213.15,0,0,214890.47,0,0,214890.47,58253.59,1474.85,324568.22,0,0,216617.88,0,0,217316.65,0,0,219083.45,0,0,214890.47
0,0,0,2021-05-17,IMMUNOSUPPR,0,0,0,0,0,0,0,0,0,0,0,0,0,0,0,0,0,0,0,0,0,0,0,0,0,0,0,0,0,0,0,0,0,0,0,0,0,0,0,0,0,0,0,0,0,0,0,0,0,0,239744.35,0,0,239744.35,0,0,239744.35,0,0,242768.15,0,0,245869.2,0,0,245869.2,0,0,239744.35,0,0,245869.2,0,0,242768.15,0,0,242768.15,0,0,239744.35,0,0,239744.35,0,0,239744.35,0,0,239744.35,0,0,239744.35,0,0,239744.35,0,0,239744.35,0,0,242768.15,0,0,239744.35,0,0,239744.35,0,0,239744.35,0,0,239744.35,0,0,239744.35,0,0,239744.35,0,0,239744.35,0,0,239744.35,0,0,239744.35,0,0,239744.35,0,0,239744.35,0,0,239744.35,0,0,239744.35,0,0,239744.35,0,0,239744.35,0,0,242768.15,0,0,242768.15,0,0,242768.15,0,0,242768.15,0,0,239744.35,0,0,239744.35,0,0,239744.35,0,0,391675.35,0,0,239744.35,0,0,239744.35,0,0,239744.35,0,0,239744.35,0,0,242768.15,0,0,242768.15,0,0,239744.35
0,0,0,2021-05-24,IMMUNOSUPPR,0,0,0,0,0,0,0,0,0,0,0,0,0,0,0,0,0,0,0,0,0,0,0,0,0,0,0,0,0,0,0,0,0,0,0,0,0,1,0,0,0,0,0,0,0,0,0,0,0,0,267333.97,0,0,267333.97,0,0,267333.97,0,0,271099.24,0,0,274972.09,0,0,274972.09,0,0,267333.97,0,0,271645.81,0,0,271099.24,0,0,271099.24,0,0,267333.97,0,0,267333.97,0,0,267333.97,0,0,267333.97,0,0,267333.97,0,0,267333.97,0,0,267333.97,0,0,271099.24,0,0,267333.97,0,0,267333.97,0,0,267333.97,0,0,267333.97,0,0,267333.97,0,0,267333.97,0,0,267333.97,0,0,267333.97,0,0,267333.97,0,0,267333.97,0,0,267333.97,0,0,267333.97,0,0,267333.97,0,0,267333.97,0,0,267333.97,0,0,271099.24,0,0,271099.24,0,0,268399.05,0,0,268399.05,0,0,267333.97,0,0,267333.97,0,0,267333.97,112731.48,2854.11,628099.61,0,0,267333.97,0,0,267333.97,0,0,267333.97,0,0,267333.97,0,0,271099.24,0,0,271099.24,0,0,267333.97
0,0,0,2021-05-31,IMMUNOSUPPR,0,0,0,0,0,0,0,0,0,0,0,0,0,0,0,0,0,0,0,0,0,0,0,0,0,0,0,0,0,0,0,0,0,0,0,0,0,0,0,0,0,0,0,0,0,0,0,0,0,0,295474.39,0,0,295474.39,0,0,295474.39,0,0,300080.9,0,0,304833.31,0,0,304833.31,0,0,295474.39,0,0,300080.9,0,0,300080.9,0,0,300080.9,0,0,295474.39,0,0,295474.39,0,0,295474.39,0,0,295474.39,0,0,295474.39,0,0,295474.39,0,0,295474.39,0,0,300080.9,0,0,295474.39,0,0,295474.39,0,0,295474.39,0,0,295474.39,0,0,295474.39,0,0,295474.39,0,0,295474.39,0,0,295474.39,0,0,295474.39,0,0,295474.39,0,0,295474.39,0,0,295474.39,0,0,295474.39,0,0,295474.39,0,0,295474.39,0,0,295474.39,0,0,295474.39,0,0,295474.39,0,0,295474.39,0,0,295474.39,0,0,295474.39,0,0,295474.39,0,0,449121.07,0,0,295474.39,0,0,295474.39,0,0,295474.39,0,0,295474.39,0,0,295474.39,0,0,295474.39,0,0,295474.39
0,0,0,2021-06-07,IMMUNOSUPPR,0,0,0,0,0,0,0,0,0,0,0,0,0,0,0,0,0,0,0,0,0,0,0,0,0,0,0,0,0,0,0,0,0,0,0,0,0,0,0,0,1,0,0,0,0,0,0,0,0,0,341970.36,0,0,341970.36,0,0,341970.36,0,0,348155.87,0,0,349057.83,0,0,349057.83,0,0,341970.36,0,0,348155.87,0,0,342840.51,0,0,342840.51,0,0,341970.36,0,0,341970.36,0,0,341970.36,0,0,341970.36,0,0,341970.36,0,0,341970.36,0,0,341970.36,0,0,348155.87,0,0,341970.36,0,0,341970.36,0,0,341970.36,0,0,341970.36,0,0,341970.36,0,0,341970.36,0,0,341970.36,0,0,341970.36,0,0,341970.36,0,0,341970.36,0,0,341970.36,0,0,341970.36,0,0,341970.36,0,0,341970.36,0,0,341970.36,0,0,341970.36,0,0,341970.36,0,0,341970.36,0,0,341970.36,0,0,341970.36,0,0,341970.36,0,0,341970.36,0,0,508438.95,0,0,341970.36,0,0,341970.36,92703.05,2347.04,516508.31,0,0,341970.36,0,0,341970.36,0,0,341970.36,0,0,341970.36
0,0,0,2021-06-14,IMMUNOSUPPR,0,0,0,0,0,0,0,0,0,0,0,0,0,0,0,0,0,0,0,0,0,0,0,0,0,0,0,0,0,0,0,0,0,0,0,0,0,0,0,0,0,0,0,0,0,0,0,0,0,0,367128.94,0,0,367128.94,0,0,367128.94,0,0,374267.56,0,0,374267.56,0,0,374267.56,0,0,367128.94,0,0,374267.56,0,0,367128.94,0,0,367128.94,0,0,367128.94,0,0,367128.94,0,0,367128.94,0,0,367128.94,0,0,367128.94,0,0,367128.94,0,0,367128.94,0,0,374267.56,0,0,367128.94,0,0,367128.94,0,0,367128.94,0,0,367128.94,0,0,367128.94,0,0,367128.94,0,0,367128.94,0,0,367128.94,0,0,367128.94,0,0,367128.94,0,0,367128.94,0,0,367128.94,0,0,367128.94,0,0,367128.94,0,0,367128.94,0,0,367128.94,0,0,367128.94,0,0,367128.94,0,0,367128.94,0,0,367128.94,0,0,367128.94,0,0,367128.94,0,0,559071.88,0,0,367128.94,0,0,367128.94,0,0,367128.94,0,0,367128.94,0,0,367128.94,0,0,367128.94,0,0,367128.94
0,0,0,2021-06-21,IMMUNOSUPPR,0,0,0,0,0,0,0,0,0,0,0,0,0,0,0,0,0,0,0,0,0,0,0,0,0,0,0,0,0,0,0,0,0,0,0,0,0,0,0,0,0,0,0,0,0,0,0,0,0,0,395121.18,0,0,395121.18,0,0,395121.18,0,0,403402.16,0,0,403402.16,0,0,403402.16,0,0,395121.18,0,0,403402.16,0,0,395121.18,0,0,395121.18,0,0,395121.18,0,0,395121.18,0,0,395121.18,0,0,395121.18,0,0,395121.18,0,0,395121.18,0,0,395121.18,0,0,403402.16,0,0,395121.18,0,0,395121.18,0,0,395121.18,0,0,395121.18,0,0,395121.18,0,0,395121.18,0,0,395121.18,0,0,395121.18,0,0,395121.18,0,0,395121.18,0,0,395121.18,0,0,395121.18,0,0,395121.18,0,0,395121.18,0,0,395121.18,0,0,395121.18,0,0,395121.18,0,0,395121.18,0,0,395121.18,0,0,395121.18,0,0,395121.18,0,0,395121.18,0,0,626680.57,0,0,395121.18,0,0,395121.18,0,0,395121.18,0,0,395121.18,0,0,395121.18,0,0,395121.18,0,0,395121.18
0,0,0,2021-06-28,IMMUNOSUPPR,0,0,0,0,0,0,0,0,0,0,0,0,0,0,0,0,0,0,0,0,0,0,0,0,0,0,0,0,0,0,0,0,0,0,0,0,0,0,0,0,0,0,0,0,0,0,0,0,0,0,955576.75,0,0,955576.75,0,0,955576.75,0,0,976350.16,0,0,976350.16,0,0,976350.16,0,0,955576.75,0,0,976350.16,0,0,955576.75,0,0,955576.75,0,0,955576.75,0,0,955576.75,0,0,955576.75,0,0,955576.75,0,0,955576.75,0,0,955576.75,0,0,955576.75,0,0,976350.16,0,0,955576.75,0,0,955576.75,0,0,955576.75,0,0,955576.75,0,0,955576.75,0,0,955576.75,0,0,955576.75,0,0,955576.75,0,0,955576.75,0,0,955576.75,0,0,955576.75,0,0,955576.75,0,0,955576.75,0,0,955576.75,0,0,955576.75,0,0,955576.75,0,0,955576.75,0,0,955576.75,0,0,955576.75,0,0,955576.75,0,0,955576.75,0,0,955576.75,0,0,1497070.25,0,0,955576.75,0,0,955576.75,0,0,955576.75,0,0,955576.75,0,0,955576.75,0,0,955576.75,0,0,955576.75
0,1,Pfizer,2021-05-17,IMMUNOSUPPR,0,0,0,0,0,0,0,0,0,0,0,0,0,0,0,0,0,0,0,0,0,0,0,0,0,0,0,0,0,0,0,0,0,0,0,0,0,0,0,0,0,0,0,0,0,0,0,0,0,0,942212.04,0,0,942212.04,0,0,942212.04,0,0,942212.04,0,0,942212.04,0,0,942212.04,0,0,942212.04,0,0,942212.04,0,0,942212.04,0,0,942212.04,0,0,942212.04,0,0,942212.04,0,0,942212.04,0,0,942212.04,0,0,942212.04,0,0,942212.04,0,0,942212.04,0,0,942212.04,0,0,942212.04,0,0,942212.04,0,0,942212.04,0,0,942212.04,0,0,942212.04,0,0,942212.04,0,0,942212.04,0,0,942212.04,0,0,942212.04,0,0,942212.04,0,0,942212.04,0,0,942212.04,0,0,942212.04,0,0,942212.04,0,0,942212.04,0,0,942212.04,0,0,942212.04,0,0,942212.04,0,0,942212.04,0,0,942212.04,0,0,942212.04,0,0,942212.04,0,0,2072866.49,0,0,942212.04,0,0,942212.04,0,0,942212.04,0,0,942212.04,0,0,942212.04,0,0,942212.04,0,0,942212.04
0,1,Pfizer,2021-05-24,IMMUNOSUPPR,0,0,0,0,0,0,0,0,0,0,0,0,0,0,0,0,0,0,0,0,0,0,0,0,0,0,0,0,0,0,0,0,0,0,0,0,0,2,0,0,0,0,0,0,0,0,0,0,0,0,761222.16,0,0,761222.16,0,0,761222.16,0,0,761222.16,0,0,761222.16,0,0,761222.16,0,0,761222.16,0,0,787931.71,0,0,761222.16,0,0,761222.16,0,0,761222.16,0,0,761222.16,0,0,761222.16,0,0,761222.16,0,0,761222.16,0,0,761222.16,0,0,761222.16,0,0,761222.16,0,0,761222.16,0,0,761222.16,0,0,761222.16,0,0,761222.16,0,0,761222.16,0,0,761222.16,0,0,761222.16,0,0,761222.16,0,0,761222.16,0,0,761222.16,0,0,761222.16,0,0,761222.16,0,0,761222.16,0,0,761222.16,0,0,761222.16,0,0,761222.16,0,0,761222.16,0,0,783350.71,0,0,783350.71,0,0,761222.16,0,0,761222.16,0,0,761222.16,1014583.33,122870.75,3665023.85,0,0,761222.16,0,0,761222.16,0,0,761222.16,0,0,761222.16,0,0,761222.16,0,0,761222.16,0,0,761222.16
0,1,Pfizer,2021-05-31,IMMUNOSUPPR,0,0,0,0,0,0,0,0,0,0,0,0,0,0,0,0,0,0,0,0,0,0,0,0,0,0,0,0,0,0,0,0,0,0,0,0,0,0,0,0,0,0,0,0,0,0,0,0,0,0,852761.53,0,0,852761.53,0,0,852761.53,0,0,852761.53,0,0,852761.53,0,0,852761.53,0,0,852761.53,0,0,892293.52,0,0,852761.53,0,0,852761.53,0,0,852761.53,0,0,852761.53,0,0,852761.53,0,0,852761.53,0,0,852761.53,0,0,852761.53,0,0,852761.53,0,0,852761.53,0,0,852761.53,0,0,852761.53,0,0,852761.53,0,0,852761.53,0,0,852761.53,0,0,852761.53,0,0,852761.53,0,0,852761.53,0,0,852761.53,0,0,852761.53,0,0,852761.53,0,0,852761.53,0,0,852761.53,0,0,852761.53,0,0,852761.53,0,0,892293.52,0,0,892293.52,0,0,892293.52,0,0,892293.52,0,0,852761.53,0,0,852761.53,0,0,852761.53,0,0,2208792.16,0,0,852761.53,0,0,852761.53,0,0,852761.53,0,0,852761.53,0,0,892293.52,0,0,892293.52,0,0,852761.53
0,1,Pfizer,2021-06-07,IMMUNOSUPPR,0,0,0,0,0,0,0,0,0,0,0,0,0,0,0,0,0,0,0,0,0,0,0,0,0,0,0,0,0,0,0,0,0,0,0,0,0,0,0,0,0,0,0,0,0,0,0,0,0,0,756945.63,0,0,756945.63,0,0,756945.63,0,0,756945.63,0,0,756945.63,0,0,756945.63,0,0,756945.63,0,0,787931.71,0,0,756945.63,0,0,756945.63,0,0,756945.63,0,0,756945.63,0,0,756945.63,0,0,756945.63,0,0,756945.63,0,0,756945.63,0,0,756945.63,0,0,756945.63,0,0,756945.63,0,0,756945.63,0,0,756945.63,0,0,756945.63,0,0,756945.63,0,0,756945.63,0,0,756945.63,0,0,756945.63,0,0,756945.63,0,0,756945.63,0,0,756945.63,0,0,756945.63,0,0,756945.63,0,0,756945.63,0,0,756945.63,0,0,787931.71,0,0,787931.71,0,0,787931.71,0,0,787931.71,0,0,756945.63,0,0,756945.63,0,0,756945.63,0,0,1796484.29,0,0,756945.63,0,0,756945.63,0,0,756945.63,0,0,756945.63,0,0,787931.71,0,0,787931.71,0,0,756945.63
0,1,Pfizer,2021-06-14,IMMUNOSUPPR,0,0,0,0,1,1,0,0,1,1,0,0,0,0,0,0,0,0,0,0,0,0,0,0,0,0,0,0,0,0,0,0,0,0,0,0,0,0,0,0,0,0,0,0,0,0,0,0,0,0,687430.21,0,0,687430.21,0,0,687430.21,0,0,687430.21,186352.04,4718.03,1038287.12,186352.04,4718.03,1038287.12,0,0,687430.21,0,0,712890.59,186352.04,4718.03,1038287.12,186352.04,4718.03,1038287.12,0,0,687430.21,0,0,687430.21,0,0,687430.21,0,0,687430.21,0,0,687430.21,0,0,687430.21,0,0,687430.21,0,0,687430.21,0,0,687430.21,0,0,687430.21,0,0,687430.21,0,0,687430.21,0,0,687430.21,0,0,687430.21,0,0,687430.21,0,0,687430.21,0,0,687430.21,0,0,687430.21,0,0,687430.21,0,0,687430.21,0,0,687430.21,0,0,687430.21,0,0,687430.21,0,0,712890.59,0,0,712890.59,0,0,712890.59,0,0,712890.59,0,0,687430.21,0,0,687430.21,0,0,687430.21,0,0,1480618.92,0,0,687430.21,0,0,687430.21,0,0,687430.21,0,0,687430.21,0,0,712890.59,0,0,712890.59,0,0,687430.21
0,1,Pfizer,2021-06-21,IMMUNOSUPPR,0,0,0,0,0,0,0,0,0,0,0,0,0,0,0,0,0,0,0,0,0,0,0,0,0,0,0,0,0,0,0,0,0,0,0,0,0,0,0,0,0,0,0,0,0,0,0,0,0,0,635548.69,0,0,635548.69,0,0,635548.69,0,0,635548.69,0,0,657250.35,0,0,657250.35,0,0,635548.69,0,0,657250.35,0,0,657250.35,0,0,657250.35,0,0,635548.69,0,0,635548.69,0,0,635548.69,0,0,635548.69,0,0,635548.69,0,0,635548.69,0,0,635548.69,0,0,635548.69,0,0,635548.69,0,0,635548.69,0,0,635548.69,0,0,635548.69,0,0,635548.69,0,0,635548.69,0,0,635548.69,0,0,635548.69,0,0,635548.69,0,0,635548.69,0,0,635548.69,0,0,635548.69,0,0,635548.69,0,0,635548.69,0,0,635548.69,0,0,657250.35,0,0,657250.35,0,0,657250.35,0,0,657250.35,0,0,635548.69,0,0,635548.69,0,0,635548.69,0,0,1259217.96,0,0,635548.69,0,0,635548.69,0,0,635548.69,0,0,635548.69,0,0,657250.35,0,0,657250.35,0,0,635548.69
0,2,Pfizer,2021-06-28,IMMUNOSUPPR,0,0,0,0,0,0,0,0,0,0,0,0,0,0,0,0,0,0,0,0,0,0,0,0,0,0,0,0,0,0,0,0,0,0,0,0,0,0,0,0,0,0,0,0,0,0,0,0,0,0,874911.18,0,0,874911.18,0,0,874911.18,0,0,874911.18,0,0,910380.55,0,0,910380.55,0,0,874911.18,0,0,910380.55,0,0,892293.52,0,0,892293.52,0,0,874911.18,0,0,874911.18,0,0,874911.18,0,0,874911.18,0,0,874911.18,0,0,874911.18,0,0,892293.52,0,0,892293.52,0,0,874911.18,0,0,874911.18,0,0,874911.18,0,0,874911.18,0,0,874911.18,0,0,874911.18,0,0,874911.18,0,0,874911.18,0,0,874911.18,0,0,874911.18,0,0,874911.18,0,0,874911.18,0,0,874911.18,0,0,874911.18,0,0,874911.18,0,0,874911.18,0,0,874911.18,0,0,874911.18,0,0,874911.18,0,0,874911.18,0,0,874911.18,0,0,874911.18,0,0,3545692.69,0,0,874911.18,0,0,874911.18,0,0,874911.18,0,0,874911.18,0,0,874911.18,0,0,874911.18,0,0,874911.18
0,1,Pfizer,2021-06-28,IMMUNOSUPPR,0,0,0,0,0,0,0,0,0,0,0,0,0,0,0,0,0,0,0,0,0,0,0,0,0,0,0,0,0,0,0,0,0,0,0,0,0,0,0,0,0,0,0,0,0,0,0,0,0,0,1566701.42,0,0,1566701.42,0,0,1566701.42,0,0,1566701.42,0,0,1623329.18,0,0,1623329.18,0,0,1566701.42,0,0,1623329.18,0,0,1623329.18,0,0,1623329.18,0,0,1566701.42,0,0,1566701.42,0,0,1566701.42,0,0,1566701.42,0,0,1566701.42,0,0,1566701.42,0,0,1566701.42,0,0,1566701.42,0,0,1566701.42,0,0,1566701.42,0,0,1566701.42,0,0,1566701.42,0,0,1566701.42,0,0,1566701.42,0,0,1566701.42,0,0,1566701.42,0,0,1566701.42,0,0,1566701.42,0,0,1566701.42,0,0,1566701.42,0,0,1566701.42,0,0,1566701.42,0,0,1566701.42,0,0,1623329.18,0,0,1623329.18,0,0,1623329.18,0,0,1623329.18,0,0,1566701.42,0,0,1566701.42,0,0,1566701.42,0,0,3133402.84,0,0,1566701.42,0,0,1566701.42,0,0,1566701.42,0,0,1566701.42,0,0,1623329.18,0,0,1623329.18,0,0,1566701.42
0,1,Moderna,2021-02-08,IMMUNOSUPPR,0,0,0,0,0,0,0,0,0,0,0,0,0,0,0,0,0,0,0,0,0,0,0,0,0,0,0,0,0,0,0,0,0,0,0,0,0,0,0,0,0,0,0,0,0,0,0,0,0,0,11228026.84,0,0,11228026.84,0,0,11228026.84,0,0,11228026.84,0,0,11228026.84,0,0,11228026.84,0,0,11228026.84,0,0,11228026.84,0,0,11228026.84,0,0,11228026.84,0,0,11228026.84,0,0,11228026.84,0,0,11228026.84,0,0,11228026.84,0,0,11228026.84,0,0,11228026.84,0,0,11228026.84,0,0,11228026.84,0,0,11228026.84,0,0,11228026.84,0,0,11228026.84,0,0,11228026.84,0,0,11228026.84,0,0,11228026.84,0,0,11228026.84,0,0,11228026.84,0,0,11228026.84,0,0,11228026.84,0,0,11228026.84,0,0,11228026.84,0,0,11228026.84,0,0,11228026.84,0,0,11228026.84,0,0,11228026.84,0,0,11228026.84,0,0,11228026.84,0,0,11228026.84,0,0,11228026.84,0,0,11228026.84,0,0,11228026.84,0,0,11228026.84,0,0,11228026.84,0,0,11228026.84,0,0,11228026.84,0,0,11228026.84,0,0,11228026.84,0,0,11228026.84,0,0,11228026.84
0,1,Moderna,2021-02-15,IMMUNOSUPPR,0,0,0,0,0,0,0,0,0,0,0,0,0,0,0,0,0,0,0,0,0,0,0,0,0,0,0,0,0,0,0,0,0,0,0,0,0,0,0,0,0,0,0,0,0,0,0,0,0,0,12248756.55,0,0,12248756.55,0,0,12248756.55,0,0,12248756.55,0,0,12248756.55,0,0,12248756.55,0,0,12248756.55,0,0,12248756.55,0,0,12248756.55,0,0,12248756.55,0,0,12248756.55,0,0,12248756.55,0,0,12248756.55,0,0,12248756.55,0,0,12248756.55,0,0,12248756.55,0,0,12248756.55,0,0,12248756.55,0,0,12248756.55,0,0,12248756.55,0,0,12248756.55,0,0,12248756.55,0,0,12248756.55,0,0,12248756.55,0,0,12248756.55,0,0,12248756.55,0,0,12248756.55,0,0,12248756.55,0,0,12248756.55,0,0,12248756.55,0,0,12248756.55,0,0,12248756.55,0,0,12248756.55,0,0,12248756.55,0,0,12248756.55,0,0,12248756.55,0,0,12248756.55,0,0,12248756.55,0,0,12248756.55,0,0,12248756.55,0,0,12248756.55,0,0,12248756.55,0,0,12248756.55,0,0,12248756.55,0,0,12248756.55,0,0,12248756.55,0,0,12248756.55,0,0,12248756.55
0,1,Moderna,2021-02-22,IMMUNOSUPPR,0,0,0,0,0,0,0,0,0,0,0,0,0,0,0,0,0,0,0,0,0,0,0,0,0,0,0,0,0,0,0,0,0,0,0,0,0,0,0,0,0,0,0,0,0,0,0,0,0,0,19248046.01,0,0,19248046.01,0,0,19248046.01,0,0,19248046.01,0,0,19248046.01,0,0,19248046.01,0,0,19248046.01,0,0,19248046.01,0,0,19248046.01,0,0,19248046.01,0,0,19248046.01,0,0,19248046.01,0,0,19248046.01,0,0,19248046.01,0,0,19248046.01,0,0,19248046.01,0,0,19248046.01,0,0,19248046.01,0,0,19248046.01,0,0,19248046.01,0,0,19248046.01,0,0,19248046.01,0,0,19248046.01,0,0,19248046.01,0,0,19248046.01,0,0,19248046.01,0,0,19248046.01,0,0,19248046.01,0,0,19248046.01,0,0,19248046.01,0,0,19248046.01,0,0,19248046.01,0,0,19248046.01,0,0,19248046.01,0,0,19248046.01,0,0,19248046.01,0,0,19248046.01,0,0,19248046.01,0,0,19248046.01,0,0,19248046.01,0,0,19248046.01,0,0,19248046.01,0,0,19248046.01,0,0,19248046.01,0,0,19248046.01,0,0,19248046.01,0,0,19248046.01,0,0,19248046.01
0,1,Moderna,2021-03-01,IMMUNOSUPPR,0,0,0,0,0,0,0,0,0,0,0,0,0,0,0,0,0,0,0,0,0,0,0,0,0,0,0,0,0,0,0,0,0,0,0,0,0,0,0,0,0,0,0,0,0,0,0,0,0,0,19248046.01,0,0,19248046.01,0,0,19248046.01,0,0,19248046.01,0,0,19248046.01,0,0,19248046.01,0,0,19248046.01,0,0,19248046.01,0,0,19248046.01,0,0,19248046.01,0,0,19248046.01,0,0,19248046.01,0,0,19248046.01,0,0,19248046.01,0,0,19248046.01,0,0,19248046.01,0,0,19248046.01,0,0,19248046.01,0,0,19248046.01,0,0,19248046.01,0,0,19248046.01,0,0,19248046.01,0,0,19248046.01,0,0,19248046.01,0,0,19248046.01,0,0,19248046.01,0,0,19248046.01,0,0,19248046.01,0,0,19248046.01,0,0,19248046.01,0,0,19248046.01,0,0,19248046.01,0,0,19248046.01,0,0,19248046.01,0,0,19248046.01,0,0,19248046.01,0,0,19248046.01,0,0,19248046.01,0,0,19248046.01,0,0,19248046.01,0,0,19248046.01,0,0,19248046.01,0,0,19248046.01,0,0,19248046.01,0,0,19248046.01,0,0,19248046.01,0,0,19248046.01,0,0,19248046.01
0,1,Moderna,2021-03-08,IMMUNOSUPPR,0,0,0,0,0,0,0,0,0,0,0,0,0,0,0,0,0,0,0,0,0,0,0,0,0,0,0,0,0,0,0,0,0,0,0,0,0,0,0,0,0,0,0,0,0,0,0,0,0,0,26947264.41,0,0,26947264.41,0,0,26947264.41,0,0,67368161.03,0,0,67368161.03,0,0,67368161.03,0,0,26947264.41,0,0,26947264.41,0,0,26947264.41,0,0,26947264.41,0,0,26947264.41,0,0,26947264.41,0,0,26947264.41,0,0,26947264.41,0,0,26947264.41,0,0,26947264.41,0,0,67368161.03,0,0,67368161.03,0,0,26947264.41,0,0,26947264.41,0,0,26947264.41,0,0,26947264.41,0,0,26947264.41,0,0,26947264.41,0,0,26947264.41,0,0,26947264.41,0,0,26947264.41,0,0,26947264.41,0,0,26947264.41,0,0,26947264.41,0,0,26947264.41,0,0,26947264.41,0,0,26947264.41,0,0,26947264.41,0,0,26947264.41,0,0,26947264.41,0,0,26947264.41,0,0,26947264.41,0,0,26947264.41,0,0,26947264.41,0,0,67368161.03,0,0,26947264.41,0,0,26947264.41,0,0,26947264.41,0,0,26947264.41,0,0,26947264.41,0,0,26947264.41,0,0,26947264.41
0,1,Moderna,2021-05-31,IMMUNOSUPPR,0,0,0,0,0,0,0,0,0,0,0,0,0,0,0,0,0,0,0,0,0,0,0,0,0,0,0,0,0,0,0,0,0,0,0,0,0,0,0,0,0,0,0,0,0,0,0,0,0,0,4646080.07,0,0,4646080.07,0,0,4646080.07,0,0,4646080.07,0,0,4646080.07,0,0,4646080.07,0,0,4646080.07,0,0,4646080.07,0,0,4646080.07,0,0,4646080.07,0,0,4646080.07,0,0,4646080.07,0,0,4646080.07,0,0,4646080.07,0,0,4646080.07,0,0,4646080.07,0,0,4646080.07,0,0,4646080.07,0,0,4646080.07,0,0,4646080.07,0,0,4646080.07,0,0,4646080.07,0,0,4646080.07,0,0,4646080.07,0,0,4646080.07,0,0,4646080.07,0,0,4646080.07,0,0,4646080.07,0,0,4646080.07,0,0,4646080.07,0,0,4646080.07,0,0,4646080.07,0,0,4646080.07,0,0,4646080.07,0,0,4646080.07,0,0,4646080.07,0,0,4646080.07,0,0,4646080.07,0,0,4646080.07,0,0,4646080.07,0,0,8982421.47,0,0,4646080.07,0,0,4646080.07,0,0,4646080.07,0,0,4646080.07,0,0,4646080.07,0,0,4646080.07,0,0,4646080.07
0,1,Moderna,2021-06-07,IMMUNOSUPPR,0,0,0,0,0,0,0,0,0,0,0,0,0,0,0,0,0,0,0,0,0,0,0,0,0,0,0,0,0,0,0,0,0,0,0,0,0,0,0,0,0,0,0,0,0,0,0,0,0,0,3208007.67,0,0,3208007.67,0,0,3208007.67,0,0,3208007.67,0,0,3208007.67,0,0,3208007.67,0,0,3208007.67,0,0,3208007.67,0,0,3208007.67,0,0,3208007.67,0,0,3208007.67,0,0,3208007.67,0,0,3208007.67,0,0,3208007.67,0,0,3208007.67,0,0,3208007.67,0,0,3208007.67,0,0,3208007.67,0,0,3208007.67,0,0,3208007.67,0,0,3208007.67,0,0,3208007.67,0,0,3208007.67,0,0,3208007.67,0,0,3208007.67,0,0,3208007.67,0,0,3208007.67,0,0,3208007.67,0,0,3208007.67,0,0,3208007.67,0,0,3208007.67,0,0,3208007.67,0,0,3208007.67,0,0,3208007.67,0,0,3208007.67,0,0,3208007.67,0,0,3208007.67,0,0,3208007.67,0,0,3208007.67,0,0,3208007.67,0,0,6416015.34,0,0,3208007.67,0,0,3208007.67,0,0,3208007.67,0,0,3208007.67,0,0,3208007.67,0,0,3208007.67,0,0,3208007.67
0,1,Moderna,2021-06-14,IMMUNOSUPPR,0,0,0,0,0,0,0,0,0,0,0,0,0,0,0,0,0,0,0,0,0,0,0,0,0,0,0,0,0,0,0,0,0,0,0,0,0,0,0,0,0,0,0,0,0,0,0,0,0,0,2929050.48,0,0,2929050.48,0,0,2929050.48,0,0,2929050.48,0,0,2929050.48,0,0,2929050.48,0,0,2929050.48,0,0,2929050.48,0,0,2929050.48,0,0,2929050.48,0,0,2929050.48,0,0,2929050.48,0,0,2929050.48,0,0,2929050.48,0,0,2929050.48,0,0,2929050.48,0,0,2929050.48,0,0,2929050.48,0,0,2929050.48,0,0,2929050.48,0,0,2929050.48,0,0,2929050.48,0,0,2929050.48,0,0,2929050.48,0,0,2929050.48,0,0,2929050.48,0,0,2929050.48,0,0,2929050.48,0,0,2929050.48,0,0,2929050.48,0,0,2929050.48,0,0,2929050.48,0,0,2929050.48,0,0,2929050.48,0,0,2929050.48,0,0,2929050.48,0,0,2929050.48,0,0,2929050.48,0,0,2929050.48,0,0,2929050.48,0,0,5389452.88,0,0,2929050.48,0,0,2929050.48,0,0,2929050.48,0,0,2929050.48,0,0,2929050.48,0,0,2929050.48,0,0,2929050.48
0,1,Moderna,2021-06-21,IMMUNOSUPPR,0,0,0,0,0,0,0,0,0,0,0,0,0,0,0,0,0,0,0,0,0,0,0,0,0,0,0,0,0,0,0,0,0,0,0,0,0,0,0,0,0,0,0,0,0,0,0,0,0,0,2749720.86,0,0,2749720.86,0,0,2749720.86,0,0,2749720.86,0,0,2749720.86,0,0,2749720.86,0,0,2749720.86,0,0,2749720.86,0,0,2749720.86,0,0,2749720.86,0,0,2749720.86,0,0,2749720.86,0,0,2749720.86,0,0,2749720.86,0,0,2749720.86,0,0,2749720.86,0,0,2749720.86,0,0,2749720.86,0,0,2749720.86,0,0,2749720.86,0,0,2749720.86,0,0,2749720.86,0,0,2749720.86,0,0,2749720.86,0,0,2749720.86,0,0,2749720.86,0,0,2749720.86,0,0,2749720.86,0,0,2749720.86,0,0,2749720.86,0,0,2749720.86,0,0,2749720.86,0,0,2749720.86,0,0,2749720.86,0,0,2749720.86,0,0,2749720.86,0,0,2749720.86,0,0,2749720.86,0,0,2749720.86,0,0,2749720.86,0,0,4812011.5,0,0,2749720.86,0,0,2749720.86,0,0,2749720.86,0,0,2749720.86,0,0,2749720.86,0,0,2749720.86,0,0,2749720.86
0,1,Moderna,2021-06-28,IMMUNOSUPPR,0,0,0,0,0,0,0,0,0,0,0,0,0,0,0,0,0,0,0,0,0,0,0,0,0,0,0,0,0,0,0,0,0,0,0,0,0,0,0,0,0,0,0,0,0,0,0,0,0,0,5614013.42,0,0,5614013.42,0,0,5614013.42,0,0,5614013.42,0,0,5614013.42,0,0,5614013.42,0,0,5614013.42,0,0,5614013.42,0,0,5614013.42,0,0,5614013.42,0,0,5614013.42,0,0,5614013.42,0,0,5614013.42,0,0,5614013.42,0,0,5614013.42,0,0,5614013.42,0,0,5614013.42,0,0,5614013.42,0,0,5614013.42,0,0,5614013.42,0,0,5614013.42,0,0,5614013.42,0,0,5614013.42,0,0,5614013.42,0,0,5614013.42,0,0,5614013.42,0,0,5614013.42,0,0,5614013.42,0,0,5614013.42,0,0,5614013.42,0,0,5614013.42,0,0,5614013.42,0,0,5614013.42,0,0,5614013.42,0,0,5614013.42,0,0,5614013.42,0,0,5614013.42,0,0,5614013.42,0,0,5614013.42,0,0,5614013.42,0,0,11228026.84,0,0,5614013.42,0,0,5614013.42,0,0,5614013.42,0,0,5614013.42,0,0,5614013.42,0,0,5614013.42,0,0,5614013.42
0,1,Moderna,2021-03-29,IMMUNOSUPPR,0,0,0,0,0,0,0,0,0,0,0,0,0,0,0,0,0,0,0,0,0,0,0,0,0,0,0,0,0,0,0,0,0,0,0,0,0,0,0,0,0,0,0,0,0,0,0,0,0,0,3641522.22,0,0,3641522.22,0,0,3641522.22,0,0,4491210.74,0,0,4491210.74,0,0,4491210.74,0,0,3641522.22,0,0,3641522.22,0,0,3641522.22,0,0,3641522.22,0,0,3641522.22,0,0,3641522.22,0,0,3641522.22,0,0,3641522.22,0,0,3641522.22,0,0,3641522.22,0,0,4491210.74,0,0,4491210.74,0,0,3641522.22,0,0,3641522.22,0,0,3641522.22,0,0,3641522.22,0,0,3641522.22,0,0,3641522.22,0,0,3641522.22,0,0,3641522.22,0,0,3641522.22,0,0,3641522.22,0,0,3641522.22,0,0,3641522.22,0,0,3641522.22,0,0,3641522.22,0,0,3641522.22,0,0,3641522.22,0,0,3641522.22,0,0,3641522.22,0,0,3641522.22,0,0,3641522.22,0,0,3641522.22,0,0,3641522.22,0,0,11228026.84,0,0,3641522.22,0,0,3641522.22,0,0,3641522.22,0,0,3641522.22,0,0,3641522.22,0,0,3641522.22,0,0,3641522.22
0,1,Moderna,2021-04-05,IMMUNOSUPPR,0,0,0,0,0,0,0,0,0,0,0,0,0,0,0,0,0,0,0,0,0,0,0,0,0,0,0,0,0,0,0,0,0,0,0,0,0,0,0,0,0,0,0,0,0,0,0,0,0,0,2449751.31,0,0,2449751.31,0,0,2449751.31,0,0,2542194.76,0,0,2542194.76,0,0,2542194.76,0,0,2449751.31,0,0,2449751.31,0,0,2449751.31,0,0,2449751.31,0,0,2449751.31,0,0,2449751.31,0,0,2449751.31,0,0,2449751.31,0,0,2449751.31,0,0,2449751.31,0,0,2542194.76,0,0,2542194.76,0,0,2449751.31,0,0,2449751.31,0,0,2449751.31,0,0,2449751.31,0,0,2449751.31,0,0,2449751.31,0,0,2449751.31,0,0,2449751.31,0,0,2449751.31,0,0,2449751.31,0,0,2449751.31,0,0,2449751.31,0,0,2449751.31,0,0,2449751.31,0,0,2449751.31,0,0,2449751.31,0,0,2449751.31,0,0,2449751.31,0,0,2449751.31,0,0,2449751.31,0,0,2449751.31,0,0,2449751.31,0,0,9624023,0,0,2449751.31,0,0,2449751.31,0,0,2449751.31,0,0,2449751.31,0,0,2449751.31,0,0,2449751.31,0,0,2449751.31
0,1,Moderna,2021-04-12,IMMUNOSUPPR,0,0,0,0,0,0,0,0,0,0,0,0,0,0,0,0,0,0,0,0,0,0,0,0,0,0,0,0,0,0,0,0,0,0,0,0,0,0,0,0,0,0,0,0,0,0,0,0,0,0,2994140.49,0,0,2994140.49,0,0,2994140.49,0,0,2994140.49,0,0,2994140.49,0,0,2994140.49,0,0,2994140.49,0,0,2994140.49,0,0,2994140.49,0,0,2994140.49,0,0,2994140.49,0,0,2994140.49,0,0,2994140.49,0,0,2994140.49,0,0,2994140.49,0,0,2994140.49,0,0,2994140.49,0,0,2994140.49,0,0,2994140.49,0,0,2994140.49,0,0,2994140.49,0,0,2994140.49,0,0,2994140.49,0,0,2994140.49,0,0,2994140.49,0,0,2994140.49,0,0,2994140.49,0,0,2994140.49,0,0,2994140.49,0,0,2994140.49,0,0,2994140.49,0,0,2994140.49,0,0,2994140.49,0,0,2994140.49,0,0,2994140.49,0,0,2994140.49,0,0,2994140.49,0,0,2994140.49,0,0,2994140.49,0,0,2994140.49,0,0,13473632.21,0,0,2994140.49,0,0,2994140.49,0,0,2994140.49,0,0,2994140.49,0,0,2994140.49,0,0,2994140.49,0,0,2994140.49
0,1,Moderna,2021-04-19,IMMUNOSUPPR,0,0,0,0,0,0,0,0,0,0,0,0,0,0,0,0,0,0,0,0,0,0,0,0,0,0,0,0,0,0,0,0,0,0,0,0,0,0,0,0,0,0,0,0,0,0,0,0,0,0,2929050.48,0,0,2929050.48,0,0,2929050.48,0,0,2929050.48,0,0,2929050.48,0,0,2929050.48,0,0,2929050.48,0,0,2929050.48,0,0,2929050.48,0,0,2929050.48,0,0,2929050.48,0,0,2929050.48,0,0,2929050.48,0,0,2929050.48,0,0,2929050.48,0,0,2929050.48,0,0,2929050.48,0,0,2929050.48,0,0,2929050.48,0,0,2929050.48,0,0,2929050.48,0,0,2929050.48,0,0,2929050.48,0,0,2929050.48,0,0,2929050.48,0,0,2929050.48,0,0,2929050.48,0,0,2929050.48,0,0,2929050.48,0,0,2929050.48,0,0,2929050.48,0,0,2929050.48,0,0,2929050.48,0,0,2929050.48,0,0,2929050.48,0,0,2929050.48,0,0,2929050.48,0,0,2929050.48,0,0,2929050.48,0,0,2929050.48,0,0,19248046.01,0,0,2929050.48,0,0,2929050.48,0,0,2929050.48,0,0,2929050.48,0,0,2929050.48,0,0,2929050.48,0,0,2929050.48
0,1,Moderna,2021-04-26,IMMUNOSUPPR,0,0,0,0,0,0,0,0,0,0,0,0,0,0,0,0,0,0,0,0,0,0,0,0,0,0,0,0,0,0,0,0,0,0,0,0,0,0,0,0,0,0,0,0,0,0,0,0,0,0,3962833,0,0,3962833,0,0,3962833,0,0,3962833,0,0,3962833,0,0,3962833,0,0,3962833,0,0,3962833,0,0,3962833,0,0,3962833,0,0,3962833,0,0,3962833,0,0,3962833,0,0,3962833,0,0,3962833,0,0,3962833,0,0,3962833,0,0,3962833,0,0,3962833,0,0,3962833,0,0,3962833,0,0,3962833,0,0,3962833,0,0,3962833,0,0,3962833,0,0,3962833,0,0,3962833,0,0,3962833,0,0,3962833,0,0,3962833,0,0,3962833,0,0,3962833,0,0,3962833,0,0,3962833,0,0,3962833,0,0,3962833,0,0,3962833,0,0,3962833,0,0,3962833,0,0,3962833,0,0,33684080.52,0,0,3962833,0,0,3962833,0,0,3962833,0,0,3962833,0,0,3962833,0,0,3962833,0,0,3962833
0,1,Moderna,2021-05-03,IMMUNOSUPPR,0,0,0,0,0,0,0,0,0,0,0,0,0,0,0,0,0,0,0,0,0,0,0,0,0,0,0,0,0,0,0,0,0,0,0,0,0,0,0,0,0,0,0,0,0,0,0,0,0,0,6736816.1,0,0,6736816.1,0,0,6736816.1,0,0,6736816.1,0,0,6736816.1,0,0,6736816.1,0,0,6736816.1,0,0,6736816.1,0,0,6736816.1,0,0,6736816.1,0,0,6736816.1,0,0,6736816.1,0,0,6736816.1,0,0,6736816.1,0,0,6736816.1,0,0,6736816.1,0,0,6736816.1,0,0,6736816.1,0,0,6736816.1,0,0,6736816.1,0,0,6736816.1,0,0,6736816.1,0,0,6736816.1,0,0,6736816.1,0,0,6736816.1,0,0,6736816.1,0,0,6736816.1,0,0,6736816.1,0,0,6736816.1,0,0,6736816.1,0,0,6736816.1,0,0,6736816.1,0,0,6736816.1,0,0,6736816.1,0,0,6736816.1,0,0,6736816.1,0,0,6736816.1,0,0,6736816.1,0,0,6736816.1,0,0,6736816.1,0,0,19248046.01,0,0,6736816.1,0,0,6736816.1,0,0,6736816.1,0,0,6736816.1,0,0,6736816.1,0,0,6736816.1,0,0,6736816.1
0,1,Moderna,2021-05-10,IMMUNOSUPPR,0,0,0,0,0,0,0,0,0,0,0,0,0,0,0,0,0,0,0,0,0,0,0,0,0,0,0,0,0,0,0,0,0,0,0,0,0,0,0,0,0,0,0,0,0,0,0,0,0,0,9624023,0,0,9624023,0,0,9624023,0,0,9624023,0,0,9624023,0,0,9624023,0,0,9624023,0,0,9624023,0,0,9624023,0,0,9624023,0,0,9624023,0,0,9624023,0,0,9624023,0,0,9624023,0,0,9624023,0,0,9624023,0,0,9624023,0,0,9624023,0,0,9624023,0,0,9624023,0,0,9624023,0,0,9624023,0,0,9624023,0,0,9624023,0,0,9624023,0,0,9624023,0,0,9624023,0,0,9624023,0,0,9624023,0,0,9624023,0,0,9624023,0,0,9624023,0,0,9624023,0,0,9624023,0,0,9624023,0,0,9624023,0,0,9624023,0,0,9624023,0,0,9624023,0,0,9624023,0,0,19248046.01,0,0,9624023,0,0,9624023,0,0,9624023,0,0,9624023,0,0,9624023,0,0,9624023,0,0,9624023
0,1,Moderna,2021-05-17,IMMUNOSUPPR,0,0,0,0,0,0,0,0,0,0,0,0,0,0,0,0,0,0,0,0,0,0,0,0,0,0,0,0,0,0,0,0,0,0,0,0,0,0,0,0,0,0,0,0,0,0,0,0,0,0,5389452.88,0,0,5389452.88,0,0,5389452.88,0,0,5389452.88,0,0,5389452.88,0,0,5389452.88,0,0,5389452.88,0,0,5389452.88,0,0,5389452.88,0,0,5389452.88,0,0,5389452.88,0,0,5389452.88,0,0,5389452.88,0,0,5389452.88,0,0,5389452.88,0,0,5389452.88,0,0,5389452.88,0,0,5389452.88,0,0,5389452.88,0,0,5389452.88,0,0,5389452.88,0,0,5389452.88,0,0,5389452.88,0,0,5389452.88,0,0,5389452.88,0,0,5389452.88,0,0,5389452.88,0,0,5389452.88,0,0,5389452.88,0,0,5389452.88,0,0,5389452.88,0,0,5389452.88,0,0,5389452.88,0,0,5389452.88,0,0,5389452.88,0,0,5389452.88,0,0,5389452.88,0,0,5389452.88,0,0,5389452.88,0,0,5389452.88,0,0,12248756.55,0,0,5389452.88,0,0,5389452.88,0,0,5389452.88,0,0,5389452.88,0,0,5389452.88,0,0,5389452.88,0,0,5389452.88
0,1,Moderna,2021-05-24,IMMUNOSUPPR,0,0,0,0,0,0,0,0,0,0,0,0,0,0,0,0,0,0,0,0,0,0,0,0,0,0,0,0,0,0,0,0,0,0,0,0,0,0,0,0,0,0,0,0,0,0,0,0,0,0,4812011.5,0,0,4812011.5,0,0,4812011.5,0,0,4812011.5,0,0,4812011.5,0,0,4812011.5,0,0,4812011.5,0,0,4812011.5,0,0,4812011.5,0,0,4812011.5,0,0,4812011.5,0,0,4812011.5,0,0,4812011.5,0,0,4812011.5,0,0,4812011.5,0,0,4812011.5,0,0,4812011.5,0,0,4812011.5,0,0,4812011.5,0,0,4812011.5,0,0,4812011.5,0,0,4812011.5,0,0,4812011.5,0,0,4812011.5,0,0,4812011.5,0,0,4812011.5,0,0,4812011.5,0,0,4812011.5,0,0,4812011.5,0,0,4812011.5,0,0,4812011.5,0,0,4812011.5,0,0,4812011.5,0,0,4812011.5,0,0,4812011.5,0,0,4812011.5,0,0,4812011.5,0,0,4812011.5,0,0,4812011.5,0,0,4812011.5,0,0,9624023,0,0,4812011.5,0,0,4812011.5,0,0,4812011.5,0,0,4812011.5,0,0,4812011.5,0,0,4812011.5,0,0,4812011.5
0,1,Pfizer,2021-05-10,IMMUNOSUPPR,0,0,0,0,0,0,0,0,0,0,0,0,0,0,0,0,0,0,0,0,0,0,0,0,0,0,0,0,0,0,0,0,0,0,0,0,0,0,0,0,0,0,0,0,0,0,0,0,0,0,962402.3,0,0,962402.3,0,0,962402.3,0,0,962402.3,0,0,1005494.94,0,0,1005494.94,0,0,962402.3,0,0,962402.3,0,0,962402.3,0,0,962402.3,0,0,962402.3,0,0,962402.3,0,0,962402.3,0,0,962402.3,0,0,962402.3,0,0,962402.3,0,0,1005494.94,0,0,1005494.94,0,0,962402.3,0,0,962402.3,0,0,962402.3,0,0,962402.3,0,0,962402.3,0,0,962402.3,0,0,962402.3,0,0,962402.3,0,0,962402.3,0,0,962402.3,0,0,962402.3,0,0,962402.3,0,0,962402.3,0,0,962402.3,0,0,962402.3,0,0,962402.3,0,0,962402.3,0,0,962402.3,0,0,962402.3,0,0,962402.3,0,0,962402.3,0,0,962402.3,0,0,3545692.69,0,0,962402.3,0,0,962402.3,0,0,962402.3,0,0,962402.3,0,0,962402.3,0,0,962402.3,0,0,962402.3
0,2,Moderna,2021-03-08,IMMUNOSUPPR,0,0,0,0,0,0,0,0,0,0,0,0,0,0,0,0,0,0,0,0,0,0,0,0,0,0,0,0,0,0,0,0,0,0,0,0,0,0,0,0,0,0,0,0,0,0,0,0,0,0,11228026.84,0,0,11228026.84,0,0,11228026.84,0,0,11228026.84,0,0,11228026.84,0,0,11228026.84,0,0,11228026.84,0,0,11228026.84,0,0,11228026.84,0,0,11228026.84,0,0,11228026.84,0,0,11228026.84,0,0,11228026.84,0,0,11228026.84,0,0,11228026.84,0,0,11228026.84,0,0,11228026.84,0,0,11228026.84,0,0,11228026.84,0,0,11228026.84,0,0,11228026.84,0,0,11228026.84,0,0,11228026.84,0,0,11228026.84,0,0,11228026.84,0,0,11228026.84,0,0,11228026.84,0,0,11228026.84,0,0,11228026.84,0,0,11228026.84,0,0,11228026.84,0,0,11228026.84,0,0,11228026.84,0,0,11228026.84,0,0,11228026.84,0,0,11228026.84,0,0,11228026.84,0,0,11228026.84,0,0,11228026.84,0,0,11228026.84,0,0,11228026.84,0,0,11228026.84,0,0,11228026.84,0,0,11228026.84,0,0,11228026.84,0,0,11228026.84,0,0,11228026.84,0,0,11228026.84
0,2,Moderna,2021-03-15,IMMUNOSUPPR,0,0,0,0,0,0,0,0,0,0,0,0,0,0,0,0,0,0,0,0,0,0,0,0,0,0,0,0,0,0,0,0,0,0,0,0,0,0,0,0,0,0,0,0,0,0,0,0,0,0,9624023,0,0,9624023,0,0,9624023,0,0,9624023,0,0,9624023,0,0,9624023,0,0,9624023,0,0,9624023,0,0,9624023,0,0,9624023,0,0,9624023,0,0,9624023,0,0,9624023,0,0,9624023,0,0,9624023,0,0,9624023,0,0,9624023,0,0,9624023,0,0,9624023,0,0,9624023,0,0,9624023,0,0,9624023,0,0,9624023,0,0,9624023,0,0,9624023,0,0,9624023,0,0,9624023,0,0,9624023,0,0,9624023,0,0,9624023,0,0,9624023,0,0,9624023,0,0,9624023,0,0,9624023,0,0,9624023,0,0,9624023,0,0,9624023,0,0,9624023,0,0,9624023,0,0,9624023,0,0,9624023,0,0,9624023,0,0,9624023,0,0,9624023,0,0,9624023,0,0,9624023,0,0,9624023,0,0,9624023
0,2,Moderna,2021-03-22,IMMUNOSUPPR,0,0,0,0,0,0,0,0,0,0,0,0,0,0,0,0,0,0,0,0,0,0,0,0,0,0,0,0,0,0,0,0,0,0,0,0,0,0,0,0,0,0,0,0,0,0,0,0,0,0,9624023,0,0,9624023,0,0,9624023,0,0,9624023,0,0,9624023,0,0,9624023,0,0,9624023,0,0,9624023,0,0,9624023,0,0,9624023,0,0,9624023,0,0,9624023,0,0,9624023,0,0,9624023,0,0,9624023,0,0,9624023,0,0,9624023,0,0,9624023,0,0,9624023,0,0,9624023,0,0,9624023,0,0,9624023,0,0,9624023,0,0,9624023,0,0,9624023,0,0,9624023,0,0,9624023,0,0,9624023,0,0,9624023,0,0,9624023,0,0,9624023,0,0,9624023,0,0,9624023,0,0,9624023,0,0,9624023,0,0,9624023,0,0,9624023,0,0,9624023,0,0,9624023,0,0,9624023,0,0,9624023,0,0,9624023,0,0,9624023,0,0,9624023,0,0,9624023,0,0,9624023,0,0,9624023,0,0,9624023
0,2,Moderna,2021-03-29,IMMUNOSUPPR,0,0,0,0,0,0,0,0,0,0,0,0,0,0,0,0,0,0,0,0,0,0,0,0,0,0,0,0,0,0,0,0,0,0,0,0,0,0,0,0,0,0,0,0,0,0,0,0,0,0,9624023,0,0,9624023,0,0,9624023,0,0,9624023,0,0,9624023,0,0,9624023,0,0,9624023,0,0,9624023,0,0,9624023,0,0,9624023,0,0,9624023,0,0,9624023,0,0,9624023,0,0,9624023,0,0,9624023,0,0,9624023,0,0,9624023,0,0,9624023,0,0,9624023,0,0,9624023,0,0,9624023,0,0,9624023,0,0,9624023,0,0,9624023,0,0,9624023,0,0,9624023,0,0,9624023,0,0,9624023,0,0,9624023,0,0,9624023,0,0,9624023,0,0,9624023,0,0,9624023,0,0,9624023,0,0,9624023,0,0,9624023,0,0,9624023,0,0,9624023,0,0,9624023,0,0,9624023,0,0,9624023,0,0,9624023,0,0,9624023,0,0,9624023,0,0,9624023,0,0,9624023,0,0,9624023,0,0,9624023
0,2,Moderna,2021-04-05,IMMUNOSUPPR,0,0,0,0,0,0,0,0,0,0,0,0,0,0,0,0,0,0,0,0,0,0,0,0,0,0,0,0,0,0,0,0,0,0,0,0,0,0,0,0,0,0,0,0,0,0,0,0,0,0,6416015.34,0,0,6416015.34,0,0,6416015.34,0,0,8421020.13,0,0,8421020.13,0,0,8421020.13,0,0,6416015.34,0,0,6416015.34,0,0,6416015.34,0,0,6416015.34,0,0,6416015.34,0,0,6416015.34,0,0,6416015.34,0,0,6416015.34,0,0,6416015.34,0,0,6416015.34,0,0,8421020.13,0,0,8421020.13,0,0,6416015.34,0,0,6416015.34,0,0,6416015.34,0,0,6416015.34,0,0,6416015.34,0,0,6416015.34,0,0,6416015.34,0,0,6416015.34,0,0,6416015.34,0,0,6416015.34,0,0,6416015.34,0,0,6416015.34,0,0,6416015.34,0,0,6416015.34,0,0,6416015.34,0,0,6416015.34,0,0,6416015.34,0,0,6416015.34,0,0,6416015.34,0,0,6416015.34,0,0,6416015.34,0,0,6416015.34,0,0,9624023,0,0,6416015.34,0,0,6416015.34,0,0,6416015.34,0,0,6416015.34,0,0,6416015.34,0,0,6416015.34,0,0,6416015.34
0,2,Moderna,2021-04-12,IMMUNOSUPPR,0,0,0,0,0,0,0,0,0,0,0,0,0,0,0,0,0,0,0,0,0,0,0,0,0,0,0,0,0,0,0,0,0,0,0,0,0,0,0,0,0,0,0,0,0,0,0,0,0,0,4210510.06,0,0,4210510.06,0,0,4210510.06,0,0,5389452.88,0,0,5389452.88,0,0,5389452.88,0,0,4210510.06,0,0,4210510.06,0,0,4210510.06,0,0,4210510.06,0,0,4210510.06,0,0,4210510.06,0,0,4210510.06,0,0,4210510.06,0,0,4210510.06,0,0,4210510.06,0,0,5389452.88,0,0,5389452.88,0,0,4210510.06,0,0,4210510.06,0,0,4210510.06,0,0,4210510.06,0,0,4210510.06,0,0,4210510.06,0,0,4210510.06,0,0,4210510.06,0,0,4210510.06,0,0,4210510.06,0,0,4210510.06,0,0,4210510.06,0,0,4210510.06,0,0,4210510.06,0,0,4210510.06,0,0,4210510.06,0,0,4210510.06,0,0,4210510.06,0,0,4210510.06,0,0,4210510.06,0,0,4210510.06,0,0,4210510.06,0,0,7485351.23,0,0,4210510.06,0,0,4210510.06,0,0,4210510.06,0,0,4210510.06,0,0,4210510.06,0,0,4210510.06,0,0,4210510.06
0,2,Moderna,2021-04-19,IMMUNOSUPPR,0,0,0,0,0,0,0,0,0,0,0,0,0,0,0,0,0,0,0,0,0,0,0,0,0,0,0,0,0,0,0,0,0,0,0,0,0,0,0,0,0,0,0,0,0,0,0,0,0,0,3545692.69,0,0,3545692.69,0,0,3545692.69,0,0,4346332.97,0,0,4346332.97,0,0,4346332.97,0,0,3545692.69,0,0,3545692.69,0,0,3545692.69,0,0,3545692.69,0,0,3545692.69,0,0,3545692.69,0,0,3545692.69,0,0,3545692.69,0,0,3545692.69,0,0,3545692.69,0,0,4346332.97,0,0,4346332.97,0,0,3545692.69,0,0,3545692.69,0,0,3545692.69,0,0,3545692.69,0,0,3545692.69,0,0,3545692.69,0,0,3545692.69,0,0,3545692.69,0,0,3545692.69,0,0,3545692.69,0,0,3545692.69,0,0,3545692.69,0,0,3545692.69,0,0,3545692.69,0,0,3545692.69,0,0,3545692.69,0,0,3545692.69,0,0,3545692.69,0,0,3545692.69,0,0,3545692.69,0,0,3545692.69,0,0,3545692.69,0,0,6416015.34,0,0,3545692.69,0,0,3545692.69,0,0,3545692.69,0,0,3545692.69,0,0,3545692.69,0,0,3545692.69,0,0,3545692.69
0,2,Moderna,2021-04-26,IMMUNOSUPPR,0,0,0,0,0,0,0,0,0,0,0,0,0,0,0,0,0,0,0,0,0,0,0,0,0,0,0,0,0,0,0,0,0,0,0,0,0,0,0,0,0,0,0,0,0,0,0,0,0,0,2591083.12,0,0,2591083.12,0,0,2591083.12,0,0,2994140.49,0,0,2994140.49,0,0,2994140.49,0,0,2591083.12,0,0,2591083.12,0,0,2591083.12,0,0,2591083.12,0,0,2591083.12,0,0,2591083.12,0,0,2591083.12,0,0,2591083.12,0,0,2591083.12,0,0,2591083.12,0,0,2994140.49,0,0,2994140.49,0,0,2591083.12,0,0,2591083.12,0,0,2591083.12,0,0,2591083.12,0,0,2591083.12,0,0,2591083.12,0,0,2591083.12,0,0,2591083.12,0,0,2591083.12,0,0,2591083.12,0,0,2591083.12,0,0,2591083.12,0,0,2591083.12,0,0,2591083.12,0,0,2591083.12,0,0,2591083.12,0,0,2591083.12,0,0,2591083.12,0,0,2591083.12,0,0,2591083.12,0,0,2591083.12,0,0,2591083.12,0,0,5182166.23,0,0,2591083.12,0,0,2591083.12,0,0,2591083.12,0,0,2591083.12,0,0,2591083.12,0,0,2591083.12,0,0,2591083.12
0,2,Moderna,2021-05-03,IMMUNOSUPPR,0,0,0,0,0,0,0,0,0,0,0,0,0,0,0,0,0,0,0,0,0,0,0,0,0,0,0,0,0,0,0,0,0,0,0,0,0,0,0,0,0,0,0,0,0,0,0,0,0,0,1897694.68,0,0,1897694.68,0,0,1897694.68,0,0,2105255.03,0,0,2105255.03,0,0,2105255.03,0,0,1897694.68,0,0,1897694.68,0,0,1897694.68,0,0,1897694.68,0,0,1897694.68,0,0,1897694.68,0,0,1897694.68,0,0,1897694.68,0,0,1897694.68,0,0,1897694.68,0,0,2105255.03,0,0,2105255.03,0,0,1897694.68,0,0,1897694.68,0,0,1897694.68,0,0,1897694.68,0,0,1897694.68,0,0,1897694.68,0,0,1897694.68,0,0,1897694.68,0,0,1897694.68,0,0,1897694.68,0,0,1897694.68,0,0,1897694.68,0,0,1897694.68,0,0,1897694.68,0,0,1897694.68,0,0,1897694.68,0,0,1897694.68,0,0,1897694.68,0,0,1897694.68,0,0,1897694.68,0,0,1897694.68,0,0,1897694.68,0,0,4812011.5,0,0,1897694.68,0,0,1897694.68,0,0,1897694.68,0,0,1897694.68,0,0,1897694.68,0,0,1897694.68,0,0,1897694.68
0,2,Moderna,2021-05-10,IMMUNOSUPPR,0,0,0,0,0,0,0,0,0,0,0,0,0,0,0,0,0,0,0,0,0,0,0,0,0,0,0,0,0,0,0,0,0,0,0,0,0,0,0,0,0,0,0,0,0,0,0,0,0,0,1749822.36,0,0,1749822.36,0,0,1749822.36,0,0,1924804.6,0,0,1924804.6,0,0,1924804.6,0,0,1749822.36,0,0,1749822.36,0,0,1749822.36,0,0,1749822.36,0,0,1749822.36,0,0,1749822.36,0,0,1749822.36,0,0,1749822.36,0,0,1749822.36,0,0,1749822.36,0,0,1924804.6,0,0,1924804.6,0,0,1749822.36,0,0,1749822.36,0,0,1749822.36,0,0,1749822.36,0,0,1749822.36,0,0,1749822.36,0,0,1749822.36,0,0,1749822.36,0,0,1749822.36,0,0,1749822.36,0,0,1749822.36,0,0,1749822.36,0,0,1749822.36,0,0,1749822.36,0,0,1749822.36,0,0,1749822.36,0,0,1749822.36,0,0,1749822.36,0,0,1749822.36,0,0,1749822.36,0,0,1749822.36,0,0,1749822.36,0,0,4812011.5,0,0,1749822.36,0,0,1749822.36,0,0,1749822.36,0,0,1749822.36,0,0,1749822.36,0,0,1749822.36,0,0,1749822.36
0,2,Moderna,2021-05-17,IMMUNOSUPPR,0,0,0,0,0,0,0,0,0,0,0,0,0,0,0,0,0,0,0,0,0,0,0,0,0,0,0,0,0,0,0,0,0,0,0,0,0,0,0,0,0,0,0,0,0,0,0,0,0,0,1705523.06,0,0,1705523.06,0,0,1705523.06,0,0,1871337.81,0,0,1871337.81,0,0,1871337.81,0,0,1705523.06,0,0,1705523.06,0,0,1705523.06,0,0,1705523.06,0,0,1705523.06,0,0,1705523.06,0,0,1705523.06,0,0,1705523.06,0,0,1705523.06,0,0,1705523.06,0,0,1871337.81,0,0,1871337.81,0,0,1705523.06,0,0,1705523.06,0,0,1705523.06,0,0,1705523.06,0,0,1705523.06,0,0,1705523.06,0,0,1705523.06,0,0,1705523.06,0,0,1705523.06,0,0,1705523.06,0,0,1705523.06,0,0,1705523.06,0,0,1705523.06,0,0,1705523.06,0,0,1705523.06,0,0,1705523.06,0,0,1705523.06,0,0,1705523.06,0,0,1705523.06,0,0,1705523.06,0,0,1705523.06,0,0,1705523.06,0,0,4812011.5,0,0,1705523.06,0,0,1705523.06,0,0,1705523.06,0,0,1705523.06,0,0,1705523.06,0,0,1705523.06,0,0,1705523.06
0,2,Moderna,2021-05-24,IMMUNOSUPPR,0,0,0,0,0,0,0,0,0,0,0,0,0,0,0,0,0,0,0,0,0,0,0,0,0,0,0,0,0,0,0,0,0,0,0,0,0,0,0,0,0,0,0,0,0,0,0,0,0,0,1604003.83,0,0,1604003.83,0,0,1604003.83,0,0,1749822.36,0,0,1749822.36,0,0,1749822.36,0,0,1604003.83,0,0,1604003.83,0,0,1604003.83,0,0,1604003.83,0,0,1604003.83,0,0,1604003.83,0,0,1604003.83,0,0,1604003.83,0,0,1604003.83,0,0,1604003.83,0,0,1749822.36,0,0,1749822.36,0,0,1604003.83,0,0,1604003.83,0,0,1604003.83,0,0,1604003.83,0,0,1604003.83,0,0,1604003.83,0,0,1604003.83,0,0,1604003.83,0,0,1604003.83,0,0,1604003.83,0,0,1604003.83,0,0,1604003.83,0,0,1604003.83,0,0,1604003.83,0,0,1604003.83,0,0,1604003.83,0,0,1604003.83,0,0,1604003.83,0,0,1604003.83,0,0,1604003.83,0,0,1604003.83,0,0,1604003.83,0,0,4812011.5,0,0,1604003.83,0,0,1604003.83,0,0,1604003.83,0,0,1604003.83,0,0,1604003.83,0,0,1604003.83,0,0,1604003.83
0,2,Moderna,2021-05-31,IMMUNOSUPPR,0,0,0,0,0,0,0,0,0,0,0,0,0,0,0,0,0,0,0,0,0,0,0,0,0,0,0,0,0,0,0,0,0,0,0,0,0,0,0,0,0,0,0,0,0,0,0,0,0,0,1604003.83,0,0,1604003.83,0,0,1604003.83,0,0,1749822.36,0,0,1749822.36,0,0,1749822.36,0,0,1604003.83,0,0,1604003.83,0,0,1604003.83,0,0,1604003.83,0,0,1604003.83,0,0,1604003.83,0,0,1604003.83,0,0,1604003.83,0,0,1604003.83,0,0,1604003.83,0,0,1749822.36,0,0,1749822.36,0,0,1604003.83,0,0,1604003.83,0,0,1604003.83,0,0,1604003.83,0,0,1604003.83,0,0,1604003.83,0,0,1604003.83,0,0,1604003.83,0,0,1604003.83,0,0,1604003.83,0,0,1604003.83,0,0,1604003.83,0,0,1604003.83,0,0,1604003.83,0,0,1604003.83,0,0,1604003.83,0,0,1604003.83,0,0,1604003.83,0,0,1604003.83,0,0,1604003.83,0,0,1604003.83,0,0,1604003.83,0,0,4812011.5,0,0,1604003.83,0,0,1604003.83,0,0,1604003.83,0,0,1604003.83,0,0,1604003.83,0,0,1604003.83,0,0,1604003.83
0,2,Moderna,2021-06-07,IMMUNOSUPPR,0,0,0,0,0,0,0,0,0,0,0,0,0,0,0,0,0,0,0,0,0,0,0,0,0,0,0,0,0,0,0,0,0,0,0,0,0,0,0,0,0,0,0,0,0,0,0,0,0,0,1604003.83,0,0,1604003.83,0,0,1604003.83,0,0,1749822.36,0,0,1749822.36,0,0,1749822.36,0,0,1604003.83,0,0,1604003.83,0,0,1604003.83,0,0,1604003.83,0,0,1604003.83,0,0,1604003.83,0,0,1604003.83,0,0,1604003.83,0,0,1604003.83,0,0,1604003.83,0,0,1749822.36,0,0,1749822.36,0,0,1604003.83,0,0,1604003.83,0,0,1604003.83,0,0,1604003.83,0,0,1604003.83,0,0,1604003.83,0,0,1604003.83,0,0,1604003.83,0,0,1604003.83,0,0,1604003.83,0,0,1604003.83,0,0,1604003.83,0,0,1604003.83,0,0,1604003.83,0,0,1604003.83,0,0,1604003.83,0,0,1604003.83,0,0,1604003.83,0,0,1604003.83,0,0,1604003.83,0,0,1604003.83,0,0,1604003.83,0,0,4812011.5,0,0,1604003.83,0,0,1604003.83,0,0,1604003.83,0,0,1604003.83,0,0,1604003.83,0,0,1604003.83,0,0,1604003.83
0,2,Moderna,2021-06-14,IMMUNOSUPPR,0,0,0,0,0,0,0,0,0,0,0,0,0,0,0,0,0,0,0,0,0,0,0,0,0,0,0,0,0,0,0,0,0,0,0,0,0,0,0,0,0,0,0,0,0,0,0,0,0,0,1604003.83,0,0,1604003.83,0,0,1604003.83,0,0,1749822.36,0,0,1749822.36,0,0,1749822.36,0,0,1604003.83,0,0,1604003.83,0,0,1604003.83,0,0,1604003.83,0,0,1604003.83,0,0,1604003.83,0,0,1604003.83,0,0,1604003.83,0,0,1604003.83,0,0,1604003.83,0,0,1749822.36,0,0,1749822.36,0,0,1604003.83,0,0,1604003.83,0,0,1604003.83,0,0,1604003.83,0,0,1604003.83,0,0,1604003.83,0,0,1604003.83,0,0,1604003.83,0,0,1604003.83,0,0,1604003.83,0,0,1604003.83,0,0,1604003.83,0,0,1604003.83,0,0,1604003.83,0,0,1604003.83,0,0,1604003.83,0,0,1604003.83,0,0,1604003.83,0,0,1604003.83,0,0,1604003.83,0,0,1604003.83,0,0,1604003.83,0,0,4812011.5,0,0,1604003.83,0,0,1604003.83,0,0,1604003.83,0,0,1604003.83,0,0,1604003.83,0,0,1604003.83,0,0,1604003.83
0,2,Moderna,2021-06-21,IMMUNOSUPPR,0,0,0,0,0,0,0,0,0,0,0,0,0,0,0,0,0,0,0,0,0,0,0,0,0,0,0,0,0,0,0,0,0,0,0,0,0,0,0,0,0,0,0,0,0,0,0,0,0,0,1604003.83,0,0,1604003.83,0,0,1604003.83,0,0,1749822.36,0,0,1749822.36,0,0,1749822.36,0,0,1604003.83,0,0,1604003.83,0,0,1604003.83,0,0,1604003.83,0,0,1604003.83,0,0,1604003.83,0,0,1604003.83,0,0,1604003.83,0,0,1604003.83,0,0,1604003.83,0,0,1749822.36,0,0,1749822.36,0,0,1604003.83,0,0,1604003.83,0,0,1604003.83,0,0,1604003.83,0,0,1604003.83,0,0,1604003.83,0,0,1604003.83,0,0,1604003.83,0,0,1604003.83,0,0,1604003.83,0,0,1604003.83,0,0,1604003.83,0,0,1604003.83,0,0,1604003.83,0,0,1604003.83,0,0,1604003.83,0,0,1604003.83,0,0,1604003.83,0,0,1604003.83,0,0,1604003.83,0,0,1604003.83,0,0,1604003.83,0,0,4812011.5,0,0,1604003.83,0,0,1604003.83,0,0,1604003.83,0,0,1604003.83,0,0,1604003.83,0,0,1604003.83,0,0,1604003.83
0,2,Moderna,2021-06-28,IMMUNOSUPPR,0,0,0,0,0,0,0,0,0,0,0,0,0,0,0,0,0,0,0,0,0,0,0,0,0,0,0,0,0,0,0,0,0,0,0,0,0,0,0,0,0,0,0,0,0,0,0,0,0,0,3742675.61,0,0,3742675.61,0,0,3742675.61,0,0,4082918.85,0,0,4082918.85,0,0,4082918.85,0,0,3742675.61,0,0,3742675.61,0,0,3742675.61,0,0,3742675.61,0,0,3742675.61,0,0,3742675.61,0,0,3742675.61,0,0,3742675.61,0,0,3742675.61,0,0,3742675.61,0,0,4082918.85,0,0,4082918.85,0,0,3742675.61,0,0,3742675.61,0,0,3742675.61,0,0,3742675.61,0,0,3742675.61,0,0,3742675.61,0,0,3742675.61,0,0,3742675.61,0,0,3742675.61,0,0,3742675.61,0,0,3742675.61,0,0,3742675.61,0,0,3742675.61,0,0,3742675.61,0,0,3742675.61,0,0,3742675.61,0,0,3742675.61,0,0,3742675.61,0,0,3742675.61,0,0,3742675.61,0,0,3742675.61,0,0,3742675.61,0,0,11228026.84,0,0,3742675.61,0,0,3742675.61,0,0,3742675.61,0,0,3742675.61,0,0,3742675.61,0,0,3742675.61,0,0,3742675.61
0,2,Pfizer,2021-06-21,IMMUNOSUPPR,0,0,0,0,0,0,0,0,0,0,0,0,0,0,0,0,0,0,0,0,0,0,0,0,0,0,0,0,0,0,0,0,0,0,0,0,0,0,0,0,0,0,0,0,0,0,0,0,0,0,392817.27,0,0,392817.27,0,0,392817.27,0,0,392817.27,0,0,409532.89,0,0,409532.89,0,0,392817.27,0,0,409532.89,0,0,401000.96,0,0,401000.96,0,0,392817.27,0,0,392817.27,0,0,392817.27,0,0,392817.27,0,0,392817.27,0,0,392817.27,0,0,401000.96,0,0,401000.96,0,0,392817.27,0,0,392817.27,0,0,392817.27,0,0,392817.27,0,0,392817.27,0,0,392817.27,0,0,392817.27,0,0,392817.27,0,0,392817.27,0,0,392817.27,0,0,392817.27,0,0,392817.27,0,0,392817.27,0,0,392817.27,0,0,392817.27,0,0,392817.27,0,0,392817.27,0,0,392817.27,0,0,392817.27,0,0,392817.27,0,0,392817.27,0,0,392817.27,0,0,1749822.36,0,0,392817.27,0,0,392817.27,0,0,392817.27,0,0,392817.27,0,0,392817.27,0,0,392817.27,0,0,392817.27
0,1,AstraZeneca,2021-02-15,IMMUNOSUPPR,0,0,0,0,0,0,0,0,0,0,0,0,0,0,0,0,0,0,0,0,0,0,0,0,0,0,0,0,0,0,0,0,0,0,0,0,0,0,0,0,0,0,0,0,0,0,0,0,0,0,11228026.84,0,0,11228026.84,0,0,11228026.84,0,0,11228026.84,0,0,11228026.84,0,0,11228026.84,0,0,11228026.84,0,0,11228026.84,0,0,11228026.84,0,0,11228026.84,0,0,11228026.84,0,0,11228026.84,0,0,11228026.84,0,0,11228026.84,0,0,11228026.84,0,0,11228026.84,0,0,11228026.84,0,0,11228026.84,0,0,11228026.84,0,0,11228026.84,0,0,11228026.84,0,0,11228026.84,0,0,11228026.84,0,0,11228026.84,0,0,11228026.84,0,0,11228026.84,0,0,11228026.84,0,0,11228026.84,0,0,11228026.84,0,0,11228026.84,0,0,11228026.84,0,0,11228026.84,0,0,11228026.84,0,0,11228026.84,0,0,11228026.84,0,0,11228026.84,0,0,11228026.84,0,0,11228026.84,0,0,11228026.84,0,0,11228026.84,0,0,11228026.84,0,0,11228026.84,0,0,11228026.84,0,0,11228026.84,0,0,11228026.84,0,0,11228026.84,0,0,11228026.84,0,0,11228026.84
0,1,AstraZeneca,2021-02-22,IMMUNOSUPPR,0,0,0,0,0,0,0,0,0,0,0,0,0,0,0,0,0,0,0,0,0,0,0,0,0,0,0,0,0,0,0,0,0,0,0,0,0,0,0,0,0,0,0,0,0,0,0,0,0,0,5182166.23,0,0,5182166.23,0,0,5182166.23,0,0,5182166.23,0,0,5182166.23,0,0,5182166.23,0,0,5182166.23,0,0,5182166.23,0,0,5182166.23,0,0,5182166.23,0,0,5182166.23,0,0,5182166.23,0,0,5182166.23,0,0,5182166.23,0,0,5182166.23,0,0,5182166.23,0,0,5182166.23,0,0,5182166.23,0,0,5182166.23,0,0,5182166.23,0,0,5182166.23,0,0,5182166.23,0,0,5182166.23,0,0,5182166.23,0,0,5182166.23,0,0,5182166.23,0,0,5182166.23,0,0,5182166.23,0,0,5182166.23,0,0,5182166.23,0,0,5182166.23,0,0,5182166.23,0,0,5182166.23,0,0,5182166.23,0,0,5182166.23,0,0,5182166.23,0,0,5182166.23,0,0,5182166.23,0,0,5182166.23,0,0,5182166.23,0,0,5182166.23,0,0,5182166.23,0,0,5182166.23,0,0,5182166.23,0,0,5182166.23,0,0,5182166.23,0,0,5182166.23,0,0,5182166.23
0,1,AstraZeneca,2021-03-01,IMMUNOSUPPR,0,0,0,0,0,0,0,0,0,0,0,0,0,0,0,0,0,0,0,0,0,0,0,0,0,0,0,0,0,0,0,0,0,0,0,0,0,0,0,0,0,0,0,0,0,0,0,0,0,0,4346332.97,0,0,4346332.97,0,0,4346332.97,0,0,4346332.97,0,0,4346332.97,0,0,4346332.97,0,0,4346332.97,0,0,4346332.97,0,0,4346332.97,0,0,4346332.97,0,0,4346332.97,0,0,4346332.97,0,0,4346332.97,0,0,4346332.97,0,0,4346332.97,0,0,4346332.97,0,0,4346332.97,0,0,4346332.97,0,0,4346332.97,0,0,4346332.97,0,0,4346332.97,0,0,4346332.97,0,0,4346332.97,0,0,4346332.97,0,0,4346332.97,0,0,4346332.97,0,0,4346332.97,0,0,4346332.97,0,0,4346332.97,0,0,4346332.97,0,0,4346332.97,0,0,4346332.97,0,0,4346332.97,0,0,4346332.97,0,0,4346332.97,0,0,4346332.97,0,0,4346332.97,0,0,4346332.97,0,0,4346332.97,0,0,4346332.97,0,0,4346332.97,0,0,4346332.97,0,0,4346332.97,0,0,4346332.97,0,0,4346332.97,0,0,4346332.97,0,0,4346332.97,0,0,4346332.97
0,1,AstraZeneca,2021-03-08,IMMUNOSUPPR,0,0,0,0,0,0,0,0,0,0,0,0,0,0,0,0,0,0,0,0,0,0,0,0,0,0,0,0,0,0,0,0,0,0,0,0,0,0,0,0,0,0,0,0,0,0,0,0,0,0,3208007.67,0,0,3208007.67,0,0,3208007.67,0,0,3208007.67,0,0,3208007.67,0,0,3208007.67,0,0,3208007.67,0,0,3208007.67,0,0,3208007.67,0,0,3208007.67,0,0,3208007.67,0,0,3208007.67,0,0,3208007.67,0,0,3208007.67,0,0,3208007.67,0,0,3208007.67,0,0,3208007.67,0,0,3208007.67,0,0,3208007.67,0,0,3208007.67,0,0,3208007.67,0,0,3208007.67,0,0,3208007.67,0,0,3208007.67,0,0,3208007.67,0,0,3208007.67,0,0,3208007.67,0,0,3208007.67,0,0,3208007.67,0,0,3208007.67,0,0,3208007.67,0,0,3208007.67,0,0,3208007.67,0,0,3208007.67,0,0,3208007.67,0,0,3208007.67,0,0,3208007.67,0,0,3208007.67,0,0,3208007.67,0,0,3208007.67,0,0,3208007.67,0,0,3208007.67,0,0,3208007.67,0,0,3208007.67,0,0,3208007.67,0,0,3208007.67,0,0,3208007.67,0,0,3208007.67
0,1,AstraZeneca,2021-03-15,IMMUNOSUPPR,0,0,0,0,0,0,0,0,0,0,0,0,0,0,0,0,0,0,0,0,0,0,0,0,0,0,0,0,0,0,0,0,0,0,0,0,0,0,0,0,0,0,0,0,0,0,0,0,0,0,2866730.26,0,0,2866730.26,0,0,2866730.26,0,0,2866730.26,0,0,2866730.26,0,0,2866730.26,0,0,2866730.26,0,0,2866730.26,0,0,2866730.26,0,0,2866730.26,0,0,2866730.26,0,0,2866730.26,0,0,2866730.26,0,0,2866730.26,0,0,2866730.26,0,0,2866730.26,0,0,2866730.26,0,0,2866730.26,0,0,2866730.26,0,0,2866730.26,0,0,2866730.26,0,0,2866730.26,0,0,2866730.26,0,0,2866730.26,0,0,2866730.26,0,0,2866730.26,0,0,2866730.26,0,0,2866730.26,0,0,2866730.26,0,0,2866730.26,0,0,2866730.26,0,0,2866730.26,0,0,2866730.26,0,0,2866730.26,0,0,2866730.26,0,0,2866730.26,0,0,2866730.26,0,0,2866730.26,0,0,2866730.26,0,0,2866730.26,0,0,2866730.26,0,0,2866730.26,0,0,2866730.26,0,0,2866730.26,0,0,2866730.26,0,0,2866730.26,0,0,2866730.26,0,0,2866730.26
0,1,AstraZeneca,2021-03-22,IMMUNOSUPPR,0,0,0,0,0,0,0,0,0,0,0,0,0,0,0,0,0,0,0,0,0,0,0,0,0,0,0,0,0,0,0,0,0,0,0,0,0,0,0,0,0,0,0,0,0,0,0,0,0,0,2245605.37,0,0,2245605.37,0,0,2245605.37,0,0,2245605.37,0,0,2245605.37,0,0,2245605.37,0,0,2245605.37,0,0,2245605.37,0,0,2245605.37,0,0,2245605.37,0,0,2245605.37,0,0,2245605.37,0,0,2245605.37,0,0,2245605.37,0,0,2245605.37,0,0,2245605.37,0,0,2245605.37,0,0,2245605.37,0,0,2245605.37,0,0,2245605.37,0,0,2245605.37,0,0,2245605.37,0,0,2245605.37,0,0,2245605.37,0,0,2245605.37,0,0,2245605.37,0,0,2245605.37,0,0,2245605.37,0,0,2245605.37,0,0,2245605.37,0,0,2245605.37,0,0,2245605.37,0,0,2245605.37,0,0,2245605.37,0,0,2245605.37,0,0,2245605.37,0,0,2245605.37,0,0,2245605.37,0,0,2245605.37,0,0,2245605.37,0,0,2323040.04,0,0,2245605.37,0,0,2245605.37,0,0,2245605.37,0,0,2245605.37,0,0,2245605.37,0,0,2245605.37,0,0,2245605.37
0,1,AstraZeneca,2021-03-29,IMMUNOSUPPR,0,0,0,0,0,0,0,0,0,0,0,0,0,0,0,0,0,0,0,0,0,0,0,0,0,0,0,0,0,0,0,0,0,0,0,0,0,0,0,0,0,0,0,0,0,0,0,0,0,0,1448777.66,0,0,1448777.66,0,0,1448777.66,0,0,1448777.66,0,0,1448777.66,0,0,1448777.66,0,0,1448777.66,0,0,1448777.66,0,0,1448777.66,0,0,1448777.66,0,0,1448777.66,0,0,1448777.66,0,0,1448777.66,0,0,1448777.66,0,0,1448777.66,0,0,1448777.66,0,0,1448777.66,0,0,1448777.66,0,0,1448777.66,0,0,1448777.66,0,0,1448777.66,0,0,1448777.66,0,0,1448777.66,0,0,1448777.66,0,0,1448777.66,0,0,1448777.66,0,0,1448777.66,0,0,1448777.66,0,0,1448777.66,0,0,1448777.66,0,0,1448777.66,0,0,1448777.66,0,0,1448777.66,0,0,1448777.66,0,0,1448777.66,0,0,1448777.66,0,0,1448777.66,0,0,1448777.66,0,0,1448777.66,0,0,1448777.66,0,0,2138671.78,0,0,1448777.66,0,0,1448777.66,0,0,1448777.66,0,0,1448777.66,0,0,1448777.66,0,0,1448777.66,0,0,1448777.66
0,1,AstraZeneca,2021-04-05,IMMUNOSUPPR,0,0,0,0,0,0,0,0,0,0,0,0,0,0,0,0,0,0,0,0,0,0,0,0,0,0,0,0,0,0,0,0,0,0,0,0,0,0,0,0,0,0,0,0,0,0,0,0,0,0,1171620.19,0,0,1171620.19,0,0,1171620.19,0,0,1171620.19,0,0,1171620.19,0,0,1171620.19,0,0,1171620.19,0,0,1171620.19,0,0,1171620.19,0,0,1171620.19,0,0,1171620.19,0,0,1171620.19,0,0,1171620.19,0,0,1171620.19,0,0,1171620.19,0,0,1171620.19,0,0,1171620.19,0,0,1171620.19,0,0,1171620.19,0,0,1171620.19,0,0,1171620.19,0,0,1171620.19,0,0,1171620.19,0,0,1171620.19,0,0,1171620.19,0,0,1171620.19,0,0,1171620.19,0,0,1171620.19,0,0,1171620.19,0,0,1171620.19,0,0,1171620.19,0,0,1171620.19,0,0,1171620.19,0,0,1171620.19,0,0,1171620.19,0,0,1171620.19,0,0,1171620.19,0,0,1171620.19,0,0,1171620.19,0,0,1171620.19,0,0,2138671.78,0,0,1171620.19,0,0,1171620.19,0,0,1171620.19,0,0,1171620.19,0,0,1171620.19,0,0,1171620.19,0,0,1171620.19
0,1,AstraZeneca,2021-04-12,IMMUNOSUPPR,0,0,0,0,0,0,0,0,0,0,0,0,0,0,0,0,0,0,0,0,0,0,0,0,0,0,0,0,0,0,0,0,0,0,0,0,0,0,0,0,0,0,0,0,0,0,0,0,0,0,1069335.89,0,0,1069335.89,0,0,1069335.89,0,0,1069335.89,0,0,1069335.89,0,0,1069335.89,0,0,1069335.89,0,0,1069335.89,0,0,1069335.89,0,0,1069335.89,0,0,1069335.89,0,0,1069335.89,0,0,1069335.89,0,0,1069335.89,0,0,1069335.89,0,0,1069335.89,0,0,1069335.89,0,0,1069335.89,0,0,1069335.89,0,0,1069335.89,0,0,1069335.89,0,0,1069335.89,0,0,1069335.89,0,0,1069335.89,0,0,1069335.89,0,0,1069335.89,0,0,1069335.89,0,0,1069335.89,0,0,1069335.89,0,0,1069335.89,0,0,1069335.89,0,0,1069335.89,0,0,1069335.89,0,0,1069335.89,0,0,1069335.89,0,0,1069335.89,0,0,1069335.89,0,0,1069335.89,0,0,1069335.89,0,0,1069335.89,0,0,2138671.78,0,0,1069335.89,0,0,1069335.89,0,0,1069335.89,0,0,1069335.89,0,0,1069335.89,0,0,1069335.89,0,0,1069335.89
0,1,AstraZeneca,2021-04-19,IMMUNOSUPPR,0,0,0,0,0,0,0,0,0,0,0,0,0,0,0,0,0,0,0,0,0,0,0,0,0,0,0,0,0,0,0,0,0,0,0,0,0,0,0,0,0,0,0,0,0,0,0,0,0,0,983476.8,0,0,983476.8,0,0,983476.8,0,0,983476.8,0,0,983476.8,0,0,983476.8,0,0,983476.8,0,0,983476.8,0,0,983476.8,0,0,983476.8,0,0,983476.8,0,0,983476.8,0,0,983476.8,0,0,983476.8,0,0,983476.8,0,0,983476.8,0,0,983476.8,0,0,983476.8,0,0,983476.8,0,0,983476.8,0,0,983476.8,0,0,983476.8,0,0,983476.8,0,0,983476.8,0,0,983476.8,0,0,983476.8,0,0,983476.8,0,0,983476.8,0,0,983476.8,0,0,983476.8,0,0,983476.8,0,0,983476.8,0,0,983476.8,0,0,983476.8,0,0,983476.8,0,0,983476.8,0,0,983476.8,0,0,983476.8,0,0,983476.8,0,0,983476.8,0,0,1924804.6,0,0,983476.8,0,0,983476.8,0,0,983476.8,0,0,983476.8,0,0,983476.8,0,0,983476.8,0,0,983476.8
0,1,AstraZeneca,2021-04-26,IMMUNOSUPPR,0,0,0,0,0,0,0,0,0,0,0,0,0,0,0,0,0,0,0,0,0,0,0,0,0,0,0,0,0,0,0,0,0,0,0,0,0,0,0,0,0,0,0,0,0,0,0,0,0,0,962402.3,0,0,962402.3,0,0,962402.3,0,0,962402.3,0,0,962402.3,0,0,962402.3,0,0,962402.3,0,0,962402.3,0,0,962402.3,0,0,962402.3,0,0,962402.3,0,0,962402.3,0,0,962402.3,0,0,962402.3,0,0,962402.3,0,0,962402.3,0,0,962402.3,0,0,962402.3,0,0,962402.3,0,0,962402.3,0,0,962402.3,0,0,962402.3,0,0,962402.3,0,0,962402.3,0,0,962402.3,0,0,962402.3,0,0,962402.3,0,0,962402.3,0,0,962402.3,0,0,962402.3,0,0,962402.3,0,0,962402.3,0,0,962402.3,0,0,962402.3,0,0,962402.3,0,0,962402.3,0,0,962402.3,0,0,962402.3,0,0,962402.3,0,0,962402.3,0,0,1924804.6,0,0,962402.3,0,0,962402.3,0,0,962402.3,0,0,962402.3,0,0,962402.3,0,0,962402.3,0,0,962402.3
0,1,AstraZeneca,2021-05-03,IMMUNOSUPPR,0,0,0,0,0,0,0,0,0,0,0,0,0,0,0,0,0,0,0,0,0,0,0,0,0,0,0,0,0,0,0,0,0,0,0,0,0,0,0,0,0,0,0,0,0,0,0,0,0,0,880629.56,0,0,880629.56,0,0,880629.56,0,0,880629.56,0,0,880629.56,0,0,880629.56,0,0,880629.56,0,0,880629.56,0,0,880629.56,0,0,880629.56,0,0,880629.56,0,0,880629.56,0,0,880629.56,0,0,880629.56,0,0,880629.56,0,0,880629.56,0,0,880629.56,0,0,880629.56,0,0,880629.56,0,0,880629.56,0,0,880629.56,0,0,880629.56,0,0,880629.56,0,0,880629.56,0,0,880629.56,0,0,880629.56,0,0,880629.56,0,0,880629.56,0,0,880629.56,0,0,880629.56,0,0,880629.56,0,0,880629.56,0,0,880629.56,0,0,880629.56,0,0,880629.56,0,0,880629.56,0,0,880629.56,0,0,880629.56,0,0,880629.56,0,0,880629.56,0,0,1749822.36,0,0,880629.56,0,0,880629.56,0,0,880629.56,0,0,880629.56,0,0,880629.56,0,0,880629.56,0,0,880629.56
0,1,AstraZeneca,2021-05-10,IMMUNOSUPPR,0,0,0,0,0,0,0,0,0,0,0,0,0,0,0,0,0,0,0,0,0,0,0,0,0,0,0,0,0,0,0,0,0,0,0,0,0,0,0,0,0,0,0,0,0,0,0,0,0,0,904270.62,0,0,904270.62,0,0,904270.62,0,0,904270.62,0,0,904270.62,0,0,904270.62,0,0,904270.62,0,0,904270.62,0,0,904270.62,0,0,904270.62,0,0,904270.62,0,0,904270.62,0,0,904270.62,0,0,904270.62,0,0,904270.62,0,0,904270.62,0,0,904270.62,0,0,904270.62,0,0,904270.62,0,0,904270.62,0,0,904270.62,0,0,904270.62,0,0,904270.62,0,0,904270.62,0,0,904270.62,0,0,904270.62,0,0,904270.62,0,0,904270.62,0,0,904270.62,0,0,904270.62,0,0,904270.62,0,0,904270.62,0,0,904270.62,0,0,904270.62,0,0,904270.62,0,0,904270.62,0,0,904270.62,0,0,904270.62,0,0,904270.62,0,0,904270.62,0,0,1871337.81,0,0,904270.62,0,0,904270.62,0,0,904270.62,0,0,904270.62,0,0,904270.62,0,0,904270.62,0,0,904270.62
0,1,AstraZeneca,2021-05-17,IMMUNOSUPPR,0,0,0,0,0,0,0,0,0,0,0,0,0,0,0,0,0,0,0,0,0,0,0,0,0,0,0,0,0,0,0,0,0,0,0,0,0,0,0,0,0,0,0,0,0,0,0,0,0,0,983476.8,0,0,983476.8,0,0,983476.8,0,0,983476.8,0,0,983476.8,0,0,983476.8,0,0,983476.8,0,0,983476.8,0,0,983476.8,0,0,983476.8,0,0,983476.8,0,0,983476.8,0,0,983476.8,0,0,983476.8,0,0,983476.8,0,0,983476.8,0,0,983476.8,0,0,983476.8,0,0,983476.8,0,0,983476.8,0,0,983476.8,0,0,983476.8,0,0,983476.8,0,0,983476.8,0,0,983476.8,0,0,983476.8,0,0,983476.8,0,0,983476.8,0,0,983476.8,0,0,983476.8,0,0,983476.8,0,0,983476.8,0,0,983476.8,0,0,983476.8,0,0,983476.8,0,0,983476.8,0,0,983476.8,0,0,983476.8,0,0,983476.8,0,0,983476.8,0,0,2245605.37,0,0,983476.8,0,0,983476.8,0,0,983476.8,0,0,983476.8,0,0,983476.8,0,0,983476.8,0,0,983476.8
0,1,AstraZeneca,2021-05-24,IMMUNOSUPPR,0,0,0,0,0,0,0,0,0,0,0,0,0,0,0,0,0,0,0,0,0,0,0,0,0,0,0,0,0,0,0,0,0,0,0,0,0,0,0,0,0,0,0,0,0,0,0,0,0,0,969326.06,0,0,969326.06,0,0,969326.06,0,0,969326.06,0,0,969326.06,0,0,969326.06,0,0,969326.06,0,0,969326.06,0,0,969326.06,0,0,969326.06,0,0,969326.06,0,0,969326.06,0,0,969326.06,0,0,969326.06,0,0,969326.06,0,0,969326.06,0,0,969326.06,0,0,969326.06,0,0,969326.06,0,0,969326.06,0,0,969326.06,0,0,969326.06,0,0,969326.06,0,0,969326.06,0,0,969326.06,0,0,969326.06,0,0,969326.06,0,0,969326.06,0,0,969326.06,0,0,969326.06,0,0,969326.06,0,0,969326.06,0,0,969326.06,0,0,969326.06,0,0,969326.06,0,0,969326.06,0,0,969326.06,0,0,969326.06,0,0,969326.06,0,0,969326.06,0,0,2363795.12,0,0,969326.06,0,0,969326.06,0,0,969326.06,0,0,969326.06,0,0,969326.06,0,0,969326.06,0,0,969326.06
0,1,AstraZeneca,2021-02-08,IMMUNOSUPPR,0,0,0,0,0,0,0,0,0,0,0,0,0,0,0,0,0,0,0,0,0,0,0,0,0,0,0,0,0,0,0,0,0,0,0,0,0,0,0,0,0,0,0,0,0,0,0,0,0,0,134736322.06,0,0,134736322.06,0,0,134736322.06,0,0,134736322.06,0,0,134736322.06,0,0,134736322.06,0,0,134736322.06,0,0,134736322.06,0,0,134736322.06,0,0,134736322.06,0,0,134736322.06,0,0,134736322.06,0,0,134736322.06,0,0,134736322.06,0,0,134736322.06,0,0,134736322.06,0,0,134736322.06,0,0,134736322.06,0,0,134736322.06,0,0,134736322.06,0,0,134736322.06,0,0,134736322.06,0,0,134736322.06,0,0,134736322.06,0,0,134736322.06,0,0,134736322.06,0,0,134736322.06,0,0,134736322.06,0,0,134736322.06,0,0,134736322.06,0,0,134736322.06,0,0,134736322.06,0,0,134736322.06,0,0,134736322.06,0,0,134736322.06,0,0,134736322.06,0,0,134736322.06,0,0,134736322.06,0,0,134736322.06,0,0,134736322.06,0,0,134736322.06,0,0,134736322.06,0,0,134736322.06,0,0,134736322.06,0,0,134736322.06,0,0,134736322.06,0,0,134736322.06,0,0,134736322.06
0,1,Pfizer,2021-01-11,IMMUNOSUPPR,0,0,0,0,0,0,0,0,0,0,0,0,0,0,0,0,0,0,0,0,0,0,0,0,0,0,0,0,0,0,0,0,0,0,0,0,0,0,0,0,0,0,0,0,0,0,0,0,0,0,44912107.35,0,0,44912107.35,0,0,44912107.35,0,0,44912107.35,0,0,44912107.35,0,0,44912107.35,0,0,44912107.35,0,0,44912107.35,0,0,44912107.35,0,0,44912107.35,0,0,44912107.35,0,0,44912107.35,0,0,44912107.35,0,0,44912107.35,0,0,44912107.35,0,0,44912107.35,0,0,44912107.35,0,0,44912107.35,0,0,44912107.35,0,0,44912107.35,0,0,44912107.35,0,0,44912107.35,0,0,44912107.35,0,0,44912107.35,0,0,44912107.35,0,0,44912107.35,0,0,44912107.35,0,0,44912107.35,0,0,44912107.35,0,0,44912107.35,0,0,44912107.35,0,0,44912107.35,0,0,44912107.35,0,0,44912107.35,0,0,44912107.35,0,0,44912107.35,0,0,44912107.35,0,0,44912107.35,0,0,44912107.35,0,0,44912107.35,0,0,44912107.35,0,0,44912107.35,0,0,44912107.35,0,0,44912107.35,0,0,44912107.35,0,0,44912107.35,0,0,44912107.35,0,0,44912107.35
0,1,Pfizer,2021-01-18,IMMUNOSUPPR,0,0,0,0,0,0,0,0,0,0,0,0,0,0,0,0,0,0,0,0,0,0,0,0,0,0,0,0,0,0,0,0,0,0,0,0,0,0,0,0,0,0,0,0,0,0,0,0,0,0,19248046.01,0,0,19248046.01,0,0,19248046.01,0,0,19248046.01,0,0,19248046.01,0,0,19248046.01,0,0,19248046.01,0,0,19248046.01,0,0,19248046.01,0,0,19248046.01,0,0,19248046.01,0,0,19248046.01,0,0,19248046.01,0,0,19248046.01,0,0,19248046.01,0,0,19248046.01,0,0,19248046.01,0,0,19248046.01,0,0,19248046.01,0,0,19248046.01,0,0,19248046.01,0,0,19248046.01,0,0,19248046.01,0,0,19248046.01,0,0,19248046.01,0,0,19248046.01,0,0,19248046.01,0,0,19248046.01,0,0,19248046.01,0,0,19248046.01,0,0,19248046.01,0,0,19248046.01,0,0,19248046.01,0,0,19248046.01,0,0,19248046.01,0,0,19248046.01,0,0,19248046.01,0,0,19248046.01,0,0,19248046.01,0,0,19248046.01,0,0,19248046.01,0,0,19248046.01,0,0,19248046.01,0,0,19248046.01,0,0,19248046.01,0,0,19248046.01,0,0,19248046.01,0,0,19248046.01
0,1,Pfizer,2021-01-25,IMMUNOSUPPR,0,0,0,0,0,0,0,0,0,0,0,0,0,0,0,0,0,0,0,0,0,0,0,0,0,0,0,0,0,0,0,0,0,0,0,0,0,0,0,0,0,0,0,0,0,0,0,0,0,0,19248046.01,0,0,19248046.01,0,0,19248046.01,0,0,19248046.01,0,0,19248046.01,0,0,19248046.01,0,0,19248046.01,0,0,19248046.01,0,0,19248046.01,0,0,19248046.01,0,0,19248046.01,0,0,19248046.01,0,0,19248046.01,0,0,19248046.01,0,0,19248046.01,0,0,19248046.01,0,0,19248046.01,0,0,19248046.01,0,0,19248046.01,0,0,19248046.01,0,0,19248046.01,0,0,19248046.01,0,0,19248046.01,0,0,19248046.01,0,0,19248046.01,0,0,19248046.01,0,0,19248046.01,0,0,19248046.01,0,0,19248046.01,0,0,19248046.01,0,0,19248046.01,0,0,19248046.01,0,0,19248046.01,0,0,19248046.01,0,0,19248046.01,0,0,19248046.01,0,0,19248046.01,0,0,19248046.01,0,0,19248046.01,0,0,19248046.01,0,0,19248046.01,0,0,19248046.01,0,0,19248046.01,0,0,19248046.01,0,0,19248046.01,0,0,19248046.01,0,0,19248046.01,0,0,19248046.01
0,1,Pfizer,2021-02-01,IMMUNOSUPPR,0,0,0,0,0,0,0,0,0,0,0,0,0,0,0,0,0,0,0,0,0,0,0,0,0,0,0,0,0,0,0,0,0,0,0,0,0,0,0,0,0,0,0,0,0,0,0,0,0,0,44912107.35,0,0,44912107.35,0,0,44912107.35,0,0,44912107.35,0,0,44912107.35,0,0,44912107.35,0,0,44912107.35,0,0,44912107.35,0,0,44912107.35,0,0,44912107.35,0,0,44912107.35,0,0,44912107.35,0,0,44912107.35,0,0,44912107.35,0,0,44912107.35,0,0,44912107.35,0,0,44912107.35,0,0,44912107.35,0,0,44912107.35,0,0,44912107.35,0,0,44912107.35,0,0,44912107.35,0,0,44912107.35,0,0,44912107.35,0,0,44912107.35,0,0,44912107.35,0,0,44912107.35,0,0,44912107.35,0,0,44912107.35,0,0,44912107.35,0,0,44912107.35,0,0,44912107.35,0,0,44912107.35,0,0,44912107.35,0,0,44912107.35,0,0,44912107.35,0,0,44912107.35,0,0,44912107.35,0,0,44912107.35,0,0,44912107.35,0,0,44912107.35,0,0,44912107.35,0,0,44912107.35,0,0,44912107.35,0,0,44912107.35,0,0,44912107.35,0,0,44912107.35,0,0,44912107.35
0,1,Pfizer,2021-03-29,IMMUNOSUPPR,0,0,0,0,0,0,0,0,0,0,0,0,0,0,0,0,0,0,0,0,0,0,0,0,0,0,0,0,0,0,0,0,0,0,0,0,0,0,0,0,0,0,0,0,0,0,0,0,0,0,2749720.86,0,0,2749720.86,0,0,2749720.86,0,0,2749720.86,0,0,2866730.26,0,0,2866730.26,0,0,2749720.86,0,0,2866730.26,0,0,2866730.26,0,0,2866730.26,0,0,2749720.86,0,0,2749720.86,0,0,2749720.86,0,0,2749720.86,0,0,2749720.86,0,0,2749720.86,0,0,2749720.86,0,0,2749720.86,0,0,2749720.86,0,0,2749720.86,0,0,2749720.86,0,0,2749720.86,0,0,2749720.86,0,0,2749720.86,0,0,2749720.86,0,0,2749720.86,0,0,2749720.86,0,0,2749720.86,0,0,2749720.86,0,0,2749720.86,0,0,2749720.86,0,0,2749720.86,0,0,2749720.86,0,0,2749720.86,0,0,2749720.86,0,0,2749720.86,0,0,2749720.86,0,0,2749720.86,0,0,2749720.86,0,0,2749720.86,0,0,12248756.55,0,0,2749720.86,0,0,2749720.86,0,0,2749720.86,0,0,2749720.86,0,0,2749720.86,0,0,2749720.86,0,0,2749720.86
0,1,Pfizer,2021-04-05,IMMUNOSUPPR,0,0,0,0,0,0,0,0,0,0,0,0,0,0,0,0,0,0,0,0,0,0,0,0,0,0,0,0,0,0,0,0,0,0,0,0,0,0,0,0,0,0,0,0,0,0,0,0,0,0,1295541.56,0,0,1295541.56,0,0,1295541.56,0,0,1295541.56,0,0,1389034.25,0,0,1389034.25,0,0,1295541.56,0,0,1497070.25,0,0,1389034.25,0,0,1389034.25,0,0,1295541.56,0,0,1295541.56,0,0,1295541.56,0,0,1295541.56,0,0,1295541.56,0,0,1295541.56,0,0,1295541.56,0,0,1295541.56,0,0,1295541.56,0,0,1295541.56,0,0,1295541.56,0,0,1295541.56,0,0,1295541.56,0,0,1295541.56,0,0,1295541.56,0,0,1295541.56,0,0,1295541.56,0,0,1295541.56,0,0,1295541.56,0,0,1295541.56,0,0,1295541.56,0,0,1295541.56,0,0,1295541.56,0,0,1295541.56,0,0,1295541.56,0,0,1295541.56,0,0,1295541.56,0,0,1295541.56,0,0,1295541.56,0,0,1295541.56,0,0,7091385.37,0,0,1295541.56,0,0,1295541.56,0,0,1295541.56,0,0,1295541.56,0,0,1295541.56,0,0,1295541.56,0,0,1295541.56
0,1,Pfizer,2021-04-12,IMMUNOSUPPR,0,0,0,0,0,0,0,0,0,0,0,0,0,0,0,0,0,0,0,0,0,0,0,0,0,0,0,0,0,0,0,0,0,0,0,0,0,0,0,0,0,0,0,0,0,0,0,0,0,0,1036433.25,0,0,1036433.25,0,0,1036433.25,0,0,1036433.25,0,0,1095417.25,0,0,1095417.25,0,0,1036433.25,0,0,1161520.02,0,0,1095417.25,0,0,1095417.25,0,0,1036433.25,0,0,1036433.25,0,0,1036433.25,0,0,1036433.25,0,0,1036433.25,0,0,1036433.25,0,0,1036433.25,0,0,1036433.25,0,0,1036433.25,0,0,1036433.25,0,0,1036433.25,0,0,1036433.25,0,0,1036433.25,0,0,1036433.25,0,0,1036433.25,0,0,1036433.25,0,0,1036433.25,0,0,1036433.25,0,0,1036433.25,0,0,1036433.25,0,0,1036433.25,0,0,1036433.25,0,0,1036433.25,0,0,1036433.25,0,0,1036433.25,0,0,1036433.25,0,0,1036433.25,0,0,1036433.25,0,0,1036433.25,0,0,1036433.25,0,0,4210510.06,0,0,1036433.25,0,0,1036433.25,0,0,1036433.25,0,0,1036433.25,0,0,1036433.25,0,0,1036433.25,0,0,1036433.25
0,1,Pfizer,2021-04-19,IMMUNOSUPPR,0,0,0,0,0,0,0,0,0,0,0,0,0,0,0,0,0,0,0,0,0,0,0,0,0,0,0,0,0,0,0,0,0,0,0,0,0,0,0,0,0,0,0,0,0,0,0,0,0,0,821562.94,0,0,821562.94,0,0,821562.94,0,0,821562.94,0,0,880629.56,0,0,880629.56,0,0,821562.94,0,0,892293.52,0,0,858193.13,0,0,858193.13,0,0,821562.94,0,0,821562.94,0,0,821562.94,0,0,821562.94,0,0,821562.94,0,0,821562.94,0,0,842102.01,0,0,842102.01,0,0,821562.94,0,0,821562.94,0,0,821562.94,0,0,821562.94,0,0,821562.94,0,0,821562.94,0,0,821562.94,0,0,821562.94,0,0,821562.94,0,0,821562.94,0,0,821562.94,0,0,821562.94,0,0,821562.94,0,0,821562.94,0,0,821562.94,0,0,821562.94,0,0,821562.94,0,0,821562.94,0,0,821562.94,0,0,821562.94,0,0,821562.94,0,0,821562.94,0,0,4210510.06,0,0,821562.94,0,0,821562.94,0,0,821562.94,0,0,821562.94,0,0,821562.94,0,0,821562.94,0,0,821562.94
0,1,Pfizer,2021-04-26,IMMUNOSUPPR,0,0,0,0,0,0,0,0,0,0,0,0,0,0,0,0,0,0,0,0,0,0,0,0,0,0,0,0,0,0,0,0,0,0,0,0,0,0,0,0,0,0,0,0,0,0,0,0,0,0,811664.59,0,0,811664.59,0,0,811664.59,0,0,811664.59,0,0,847398.25,0,0,847398.25,0,0,811664.59,0,0,811664.59,0,0,811664.59,0,0,811664.59,0,0,811664.59,0,0,811664.59,0,0,811664.59,0,0,811664.59,0,0,811664.59,0,0,811664.59,0,0,847398.25,0,0,847398.25,0,0,811664.59,0,0,811664.59,0,0,811664.59,0,0,811664.59,0,0,811664.59,0,0,811664.59,0,0,811664.59,0,0,811664.59,0,0,811664.59,0,0,811664.59,0,0,811664.59,0,0,811664.59,0,0,811664.59,0,0,811664.59,0,0,811664.59,0,0,811664.59,0,0,811664.59,0,0,811664.59,0,0,811664.59,0,0,811664.59,0,0,811664.59,0,0,811664.59,0,0,3962833,0,0,811664.59,0,0,811664.59,0,0,811664.59,0,0,811664.59,0,0,811664.59,0,0,811664.59,0,0,811664.59
0,1,Pfizer,2021-05-03,IMMUNOSUPPR,0,0,0,0,0,0,0,0,0,0,0,0,0,0,0,0,0,0,0,0,0,0,0,0,0,0,0,0,0,0,0,0,0,0,0,0,0,0,0,0,0,0,0,0,0,0,0,0,0,0,1104396.08,0,0,1104396.08,0,0,1104396.08,0,0,1104396.08,0,0,1171620.19,0,0,1171620.19,0,0,1104396.08,0,0,1104396.08,0,0,1104396.08,0,0,1104396.08,0,0,1104396.08,0,0,1104396.08,0,0,1104396.08,0,0,1104396.08,0,0,1104396.08,0,0,1104396.08,0,0,1171620.19,0,0,1171620.19,0,0,1104396.08,0,0,1104396.08,0,0,1104396.08,0,0,1104396.08,0,0,1104396.08,0,0,1104396.08,0,0,1104396.08,0,0,1104396.08,0,0,1104396.08,0,0,1104396.08,0,0,1104396.08,0,0,1104396.08,0,0,1104396.08,0,0,1104396.08,0,0,1104396.08,0,0,1104396.08,0,0,1104396.08,0,0,1104396.08,0,0,1104396.08,0,0,1104396.08,0,0,1104396.08,0,0,1104396.08,0,0,6124378.28,0,0,1104396.08,0,0,1104396.08,0,0,1104396.08,0,0,1104396.08,0,0,1104396.08,0,0,1104396.08,0,0,1104396.08
0,2,AstraZeneca,2021-05-10,IMMUNOSUPPR,0,0,0,0,0,0,0,0,0,0,0,0,0,0,0,0,0,0,0,0,0,0,0,0,0,0,0,0,0,0,0,0,0,0,0,0,0,0,0,0,0,0,0,0,0,0,0,0,0,0,22456053.68,0,0,22456053.68,0,0,22456053.68,0,0,22456053.68,0,0,22456053.68,0,0,22456053.68,0,0,22456053.68,0,0,22456053.68,0,0,22456053.68,0,0,22456053.68,0,0,22456053.68,0,0,22456053.68,0,0,22456053.68,0,0,22456053.68,0,0,22456053.68,0,0,22456053.68,0,0,22456053.68,0,0,22456053.68,0,0,22456053.68,0,0,22456053.68,0,0,22456053.68,0,0,22456053.68,0,0,22456053.68,0,0,22456053.68,0,0,22456053.68,0,0,22456053.68,0,0,22456053.68,0,0,22456053.68,0,0,22456053.68,0,0,22456053.68,0,0,22456053.68,0,0,22456053.68,0,0,22456053.68,0,0,22456053.68,0,0,22456053.68,0,0,22456053.68,0,0,22456053.68,0,0,22456053.68,0,0,22456053.68,0,0,22456053.68,0,0,22456053.68,0,0,22456053.68,0,0,22456053.68,0,0,22456053.68,0,0,22456053.68,0,0,22456053.68,0,0,22456053.68,0,0,22456053.68
0,2,AstraZeneca,2021-05-17,IMMUNOSUPPR,0,0,0,0,0,0,0,0,0,0,0,0,0,0,0,0,0,0,0,0,0,0,0,0,0,0,0,0,0,0,0,0,0,0,0,0,0,0,0,0,0,0,0,0,0,0,0,0,0,0,5614013.42,0,0,5614013.42,0,0,5614013.42,0,0,5614013.42,0,0,5614013.42,0,0,5614013.42,0,0,5614013.42,0,0,5614013.42,0,0,5614013.42,0,0,5614013.42,0,0,5614013.42,0,0,5614013.42,0,0,5614013.42,0,0,5614013.42,0,0,5614013.42,0,0,5614013.42,0,0,5614013.42,0,0,5614013.42,0,0,5614013.42,0,0,5614013.42,0,0,5614013.42,0,0,5614013.42,0,0,5614013.42,0,0,5614013.42,0,0,5614013.42,0,0,5614013.42,0,0,5614013.42,0,0,5614013.42,0,0,5614013.42,0,0,5614013.42,0,0,5614013.42,0,0,5614013.42,0,0,5614013.42,0,0,5614013.42,0,0,5614013.42,0,0,5614013.42,0,0,5614013.42,0,0,5614013.42,0,0,5614013.42,0,0,5614013.42,0,0,5614013.42,0,0,5614013.42,0,0,5614013.42,0,0,5614013.42,0,0,5614013.42,0,0,5614013.42,0,0,5614013.42,0,0,5614013.42
0,2,AstraZeneca,2021-05-24,IMMUNOSUPPR,0,0,0,0,0,0,0,0,0,0,0,0,0,0,0,0,0,0,0,0,0,0,0,0,0,0,0,0,0,0,0,0,0,0,0,0,0,0,0,0,0,0,0,0,0,0,0,0,0,0,4346332.97,0,0,4346332.97,0,0,4346332.97,0,0,4346332.97,0,0,4346332.97,0,0,4346332.97,0,0,4346332.97,0,0,4346332.97,0,0,4346332.97,0,0,4346332.97,0,0,4346332.97,0,0,4346332.97,0,0,4346332.97,0,0,4346332.97,0,0,4346332.97,0,0,4346332.97,0,0,4346332.97,0,0,4346332.97,0,0,4346332.97,0,0,4346332.97,0,0,4346332.97,0,0,4346332.97,0,0,4346332.97,0,0,4346332.97,0,0,4346332.97,0,0,4346332.97,0,0,4346332.97,0,0,4346332.97,0,0,4346332.97,0,0,4346332.97,0,0,4346332.97,0,0,4346332.97,0,0,4346332.97,0,0,4346332.97,0,0,4346332.97,0,0,4346332.97,0,0,4346332.97,0,0,4346332.97,0,0,4346332.97,0,0,4346332.97,0,0,4346332.97,0,0,4346332.97,0,0,4346332.97,0,0,4346332.97,0,0,4346332.97,0,0,4346332.97,0,0,4346332.97,0,0,4346332.97
0,2,AstraZeneca,2021-05-31,IMMUNOSUPPR,0,0,0,0,0,0,0,0,0,0,0,0,0,0,0,0,0,0,0,0,0,0,0,0,0,0,0,0,0,0,0,0,0,0,0,0,0,0,0,0,0,0,0,0,0,0,0,0,0,0,3286251.76,0,0,3286251.76,0,0,3286251.76,0,0,3286251.76,0,0,3286251.76,0,0,3286251.76,0,0,3286251.76,0,0,3286251.76,0,0,3286251.76,0,0,3286251.76,0,0,3286251.76,0,0,3286251.76,0,0,3286251.76,0,0,3286251.76,0,0,3286251.76,0,0,3286251.76,0,0,3286251.76,0,0,3286251.76,0,0,3286251.76,0,0,3286251.76,0,0,3286251.76,0,0,3286251.76,0,0,3286251.76,0,0,3286251.76,0,0,3286251.76,0,0,3286251.76,0,0,3286251.76,0,0,3286251.76,0,0,3286251.76,0,0,3286251.76,0,0,3286251.76,0,0,3286251.76,0,0,3286251.76,0,0,3286251.76,0,0,3286251.76,0,0,3286251.76,0,0,3286251.76,0,0,3286251.76,0,0,3286251.76,0,0,3286251.76,0,0,3286251.76,0,0,3286251.76,0,0,3286251.76,0,0,3286251.76,0,0,3286251.76,0,0,3286251.76,0,0,3286251.76,0,0,3286251.76
0,2,AstraZeneca,2021-06-07,IMMUNOSUPPR,0,0,0,0,0,0,0,0,0,0,0,0,0,0,0,0,0,0,0,0,0,0,0,0,0,0,0,0,0,0,0,0,0,0,0,0,0,0,0,0,0,0,0,0,0,0,0,0,0,0,2749720.86,0,0,2749720.86,0,0,2749720.86,0,0,2749720.86,0,0,2749720.86,0,0,2749720.86,0,0,2749720.86,0,0,2749720.86,0,0,2749720.86,0,0,2749720.86,0,0,2749720.86,0,0,2749720.86,0,0,2749720.86,0,0,2749720.86,0,0,2749720.86,0,0,2749720.86,0,0,2749720.86,0,0,2749720.86,0,0,2749720.86,0,0,2749720.86,0,0,2749720.86,0,0,2749720.86,0,0,2749720.86,0,0,2749720.86,0,0,2749720.86,0,0,2749720.86,0,0,2749720.86,0,0,2749720.86,0,0,2749720.86,0,0,2749720.86,0,0,2749720.86,0,0,2749720.86,0,0,2749720.86,0,0,2749720.86,0,0,2749720.86,0,0,2749720.86,0,0,2749720.86,0,0,2749720.86,0,0,2749720.86,0,0,2749720.86,0,0,2749720.86,0,0,2749720.86,0,0,2749720.86,0,0,2749720.86,0,0,2749720.86,0,0,2749720.86,0,0,2749720.86,0,0,2749720.86
0,2,AstraZeneca,2021-06-14,IMMUNOSUPPR,0,0,0,0,0,0,0,0,0,0,0,0,0,0,0,0,0,0,0,0,0,0,0,0,0,0,0,0,0,0,0,0,0,0,0,0,0,0,0,0,0,0,0,0,0,0,0,0,0,0,2105255.03,0,0,2105255.03,0,0,2105255.03,0,0,2105255.03,0,0,2105255.03,0,0,2105255.03,0,0,2105255.03,0,0,2105255.03,0,0,2105255.03,0,0,2105255.03,0,0,2105255.03,0,0,2105255.03,0,0,2105255.03,0,0,2105255.03,0,0,2105255.03,0,0,2105255.03,0,0,2105255.03,0,0,2105255.03,0,0,2105255.03,0,0,2105255.03,0,0,2105255.03,0,0,2105255.03,0,0,2105255.03,0,0,2105255.03,0,0,2105255.03,0,0,2105255.03,0,0,2105255.03,0,0,2105255.03,0,0,2105255.03,0,0,2105255.03,0,0,2105255.03,0,0,2105255.03,0,0,2105255.03,0,0,2105255.03,0,0,2105255.03,0,0,2105255.03,0,0,2105255.03,0,0,2105255.03,0,0,2105255.03,0,0,2105255.03,0,0,2406005.75,0,0,2105255.03,0,0,2105255.03,0,0,2105255.03,0,0,2105255.03,0,0,2105255.03,0,0,2105255.03,0,0,2105255.03
0,2,AstraZeneca,2021-06-21,IMMUNOSUPPR,0,0,0,0,0,0,0,0,0,0,0,0,0,0,0,0,0,0,0,0,0,0,0,0,0,0,0,0,0,0,0,0,0,0,0,0,0,1,0,0,0,0,0,0,0,0,0,0,0,0,1259217.96,0,0,1259217.96,0,0,1259217.96,0,0,1259217.96,0,0,1259217.96,0,0,1259217.96,0,0,1259217.96,0,0,1259217.96,0,0,1259217.96,0,0,1259217.96,0,0,1259217.96,0,0,1259217.96,0,0,1259217.96,0,0,1259217.96,0,0,1259217.96,0,0,1259217.96,0,0,1259217.96,0,0,1259217.96,0,0,1259217.96,0,0,1259217.96,0,0,1259217.96,0,0,1259217.96,0,0,1259217.96,0,0,1259217.96,0,0,1259217.96,0,0,1259217.96,0,0,1259217.96,0,0,1259217.96,0,0,1259217.96,0,0,1259217.96,0,0,1259217.96,0,0,1259217.96,0,0,1259217.96,0,0,1259217.96,0,0,1259217.96,0,0,1259217.96,0,0,1259217.96,0,0,1259217.96,0,0,1259217.96,0,0,1259217.96,589112.9,14915.05,3282327.01,0,0,1259217.96,0,0,1259217.96,0,0,1259217.96,0,0,1259217.96,0,0,1259217.96,0,0,1259217.96,0,0,1259217.96
0,2,AstraZeneca,2021-06-28,IMMUNOSUPPR,0,0,0,0,0,0,0,0,0,0,0,0,0,0,0,0,0,0,0,0,0,0,0,0,0,0,0,0,0,0,0,0,0,0,0,0,0,0,0,0,0,0,0,0,0,0,0,0,0,0,2641888.67,0,0,2641888.67,0,0,2641888.67,0,0,2641888.67,0,0,2641888.67,0,0,2641888.67,0,0,2641888.67,0,0,2641888.67,0,0,2641888.67,0,0,2641888.67,0,0,2641888.67,0,0,2641888.67,0,0,2641888.67,0,0,2641888.67,0,0,2641888.67,0,0,2641888.67,0,0,2641888.67,0,0,2641888.67,0,0,2641888.67,0,0,2641888.67,0,0,2641888.67,0,0,2641888.67,0,0,2641888.67,0,0,2641888.67,0,0,2641888.67,0,0,2641888.67,0,0,2641888.67,0,0,2641888.67,0,0,2641888.67,0,0,2641888.67,0,0,2641888.67,0,0,2641888.67,0,0,2641888.67,0,0,2641888.67,0,0,2641888.67,0,0,2641888.67,0,0,2641888.67,0,0,2641888.67,0,0,2641888.67,0,0,2641888.67,0,0,5614013.42,0,0,2641888.67,0,0,2641888.67,0,0,2641888.67,0,0,2641888.67,0,0,2641888.67,0,0,2641888.67,0,0,2641888.67
0,2,Pfizer,2021-02-01,IMMUNOSUPPR,0,0,0,0,0,0,0,0,0,0,0,0,0,0,0,0,0,0,0,0,0,0,0,0,0,0,0,0,0,0,0,0,0,0,0,0,0,0,0,0,0,0,0,0,0,0,0,0,0,0,33684080.52,0,0,33684080.52,0,0,33684080.52,0,0,33684080.52,0,0,33684080.52,0,0,33684080.52,0,0,33684080.52,0,0,33684080.52,0,0,33684080.52,0,0,33684080.52,0,0,33684080.52,0,0,33684080.52,0,0,33684080.52,0,0,33684080.52,0,0,33684080.52,0,0,33684080.52,0,0,33684080.52,0,0,33684080.52,0,0,33684080.52,0,0,33684080.52,0,0,33684080.52,0,0,33684080.52,0,0,33684080.52,0,0,33684080.52,0,0,33684080.52,0,0,33684080.52,0,0,33684080.52,0,0,33684080.52,0,0,33684080.52,0,0,33684080.52,0,0,33684080.52,0,0,33684080.52,0,0,33684080.52,0,0,33684080.52,0,0,33684080.52,0,0,33684080.52,0,0,33684080.52,0,0,33684080.52,0,0,33684080.52,0,0,33684080.52,0,0,33684080.52,0,0,33684080.52,0,0,33684080.52,0,0,33684080.52,0,0,33684080.52,0,0,33684080.52,0,0,33684080.52,0,0,33684080.52
0,2,Pfizer,2021-02-08,IMMUNOSUPPR,0,0,0,0,0,0,0,0,0,0,0,0,0,0,0,0,0,0,0,0,0,0,0,0,0,0,0,0,0,0,0,0,0,0,0,0,0,0,0,0,0,0,0,0,0,0,0,0,0,0,19248046.01,0,0,19248046.01,0,0,19248046.01,0,0,19248046.01,0,0,19248046.01,0,0,19248046.01,0,0,19248046.01,0,0,19248046.01,0,0,19248046.01,0,0,19248046.01,0,0,19248046.01,0,0,19248046.01,0,0,19248046.01,0,0,19248046.01,0,0,19248046.01,0,0,19248046.01,0,0,19248046.01,0,0,19248046.01,0,0,19248046.01,0,0,19248046.01,0,0,19248046.01,0,0,19248046.01,0,0,19248046.01,0,0,19248046.01,0,0,19248046.01,0,0,19248046.01,0,0,19248046.01,0,0,19248046.01,0,0,19248046.01,0,0,19248046.01,0,0,19248046.01,0,0,19248046.01,0,0,19248046.01,0,0,19248046.01,0,0,19248046.01,0,0,19248046.01,0,0,19248046.01,0,0,19248046.01,0,0,19248046.01,0,0,19248046.01,0,0,19248046.01,0,0,19248046.01,0,0,19248046.01,0,0,19248046.01,0,0,19248046.01,0,0,19248046.01,0,0,19248046.01,0,0,19248046.01
0,2,Pfizer,2021-02-15,IMMUNOSUPPR,0,0,0,0,0,0,0,0,0,0,0,0,0,0,0,0,0,0,0,0,0,0,0,0,0,0,0,0,0,0,0,0,0,0,0,0,0,0,0,0,0,0,0,0,0,0,0,0,0,0,19248046.01,0,0,19248046.01,0,0,19248046.01,0,0,19248046.01,0,0,19248046.01,0,0,19248046.01,0,0,19248046.01,0,0,19248046.01,0,0,19248046.01,0,0,19248046.01,0,0,19248046.01,0,0,19248046.01,0,0,19248046.01,0,0,19248046.01,0,0,19248046.01,0,0,19248046.01,0,0,19248046.01,0,0,19248046.01,0,0,19248046.01,0,0,19248046.01,0,0,19248046.01,0,0,19248046.01,0,0,19248046.01,0,0,19248046.01,0,0,19248046.01,0,0,19248046.01,0,0,19248046.01,0,0,19248046.01,0,0,19248046.01,0,0,19248046.01,0,0,19248046.01,0,0,19248046.01,0,0,19248046.01,0,0,19248046.01,0,0,19248046.01,0,0,19248046.01,0,0,19248046.01,0,0,19248046.01,0,0,19248046.01,0,0,19248046.01,0,0,19248046.01,0,0,19248046.01,0,0,19248046.01,0,0,19248046.01,0,0,19248046.01,0,0,19248046.01,0,0,19248046.01,0,0,19248046.01
0,2,Pfizer,2021-02-22,IMMUNOSUPPR,0,0,0,0,0,0,0,0,0,0,0,0,0,0,0,0,0,0,0,0,0,0,0,0,0,0,0,0,0,0,0,0,0,0,0,0,0,0,0,0,0,0,0,0,0,0,0,0,0,0,19248046.01,0,0,19248046.01,0,0,19248046.01,0,0,19248046.01,0,0,19248046.01,0,0,19248046.01,0,0,19248046.01,0,0,19248046.01,0,0,19248046.01,0,0,19248046.01,0,0,19248046.01,0,0,19248046.01,0,0,19248046.01,0,0,19248046.01,0,0,19248046.01,0,0,19248046.01,0,0,19248046.01,0,0,19248046.01,0,0,19248046.01,0,0,19248046.01,0,0,19248046.01,0,0,19248046.01,0,0,19248046.01,0,0,19248046.01,0,0,19248046.01,0,0,19248046.01,0,0,19248046.01,0,0,19248046.01,0,0,19248046.01,0,0,19248046.01,0,0,19248046.01,0,0,19248046.01,0,0,19248046.01,0,0,19248046.01,0,0,19248046.01,0,0,19248046.01,0,0,19248046.01,0,0,19248046.01,0,0,19248046.01,0,0,19248046.01,0,0,19248046.01,0,0,19248046.01,0,0,19248046.01,0,0,19248046.01,0,0,19248046.01,0,0,19248046.01,0,0,19248046.01,0,0,19248046.01
0,2,Pfizer,2021-03-01,IMMUNOSUPPR,0,0,0,0,0,0,0,0,0,0,0,0,0,0,0,0,0,0,0,0,0,0,0,0,0,0,0,0,0,0,0,0,0,0,0,0,0,0,0,0,0,0,0,0,0,0,0,0,0,0,19248046.01,0,0,19248046.01,0,0,19248046.01,0,0,19248046.01,0,0,19248046.01,0,0,19248046.01,0,0,19248046.01,0,0,19248046.01,0,0,19248046.01,0,0,19248046.01,0,0,19248046.01,0,0,19248046.01,0,0,19248046.01,0,0,19248046.01,0,0,19248046.01,0,0,19248046.01,0,0,19248046.01,0,0,19248046.01,0,0,19248046.01,0,0,19248046.01,0,0,19248046.01,0,0,19248046.01,0,0,19248046.01,0,0,19248046.01,0,0,19248046.01,0,0,19248046.01,0,0,19248046.01,0,0,19248046.01,0,0,19248046.01,0,0,19248046.01,0,0,19248046.01,0,0,19248046.01,0,0,19248046.01,0,0,19248046.01,0,0,19248046.01,0,0,19248046.01,0,0,19248046.01,0,0,19248046.01,0,0,19248046.01,0,0,19248046.01,0,0,19248046.01,0,0,19248046.01,0,0,19248046.01,0,0,19248046.01,0,0,19248046.01,0,0,19248046.01,0,0,19248046.01,0,0,19248046.01
0,2,Pfizer,2021-03-08,IMMUNOSUPPR,0,0,0,0,0,0,0,0,0,0,0,0,0,0,0,0,0,0,0,0,0,0,0,0,0,0,0,0,0,0,0,0,0,0,0,0,0,0,0,0,0,0,0,0,0,0,0,0,0,0,19248046.01,0,0,19248046.01,0,0,19248046.01,0,0,19248046.01,0,0,19248046.01,0,0,19248046.01,0,0,19248046.01,0,0,19248046.01,0,0,19248046.01,0,0,19248046.01,0,0,19248046.01,0,0,19248046.01,0,0,19248046.01,0,0,19248046.01,0,0,19248046.01,0,0,19248046.01,0,0,19248046.01,0,0,19248046.01,0,0,19248046.01,0,0,19248046.01,0,0,19248046.01,0,0,19248046.01,0,0,19248046.01,0,0,19248046.01,0,0,19248046.01,0,0,19248046.01,0,0,19248046.01,0,0,19248046.01,0,0,19248046.01,0,0,19248046.01,0,0,19248046.01,0,0,19248046.01,0,0,19248046.01,0,0,19248046.01,0,0,19248046.01,0,0,19248046.01,0,0,19248046.01,0,0,19248046.01,0,0,19248046.01,0,0,19248046.01,0,0,19248046.01,0,0,19248046.01,0,0,19248046.01,0,0,19248046.01,0,0,19248046.01,0,0,19248046.01,0,0,19248046.01,0,0,19248046.01
0,2,Pfizer,2021-03-15,IMMUNOSUPPR,0,0,0,0,0,0,0,0,0,0,0,0,0,0,0,0,0,0,0,0,0,0,0,0,0,0,0,0,0,0,0,0,0,0,0,0,0,0,0,0,0,0,0,0,0,0,0,0,0,0,8982421.47,0,0,8982421.47,0,0,8982421.47,0,0,8982421.47,0,0,8982421.47,0,0,8982421.47,0,0,8982421.47,0,0,8982421.47,0,0,8982421.47,0,0,8982421.47,0,0,8982421.47,0,0,8982421.47,0,0,8982421.47,0,0,8982421.47,0,0,8982421.47,0,0,8982421.47,0,0,8982421.47,0,0,8982421.47,0,0,8982421.47,0,0,8982421.47,0,0,8982421.47,0,0,8982421.47,0,0,8982421.47,0,0,8982421.47,0,0,8982421.47,0,0,8982421.47,0,0,8982421.47,0,0,8982421.47,0,0,8982421.47,0,0,8982421.47,0,0,8982421.47,0,0,8982421.47,0,0,8982421.47,0,0,8982421.47,0,0,8982421.47,0,0,8982421.47,0,0,8982421.47,0,0,8982421.47,0,0,8982421.47,0,0,8982421.47,0,0,13473632.21,0,0,8982421.47,0,0,8982421.47,0,0,8982421.47,0,0,8982421.47,0,0,8982421.47,0,0,8982421.47,0,0,8982421.47
0,2,Pfizer,2021-03-22,IMMUNOSUPPR,0,0,0,0,0,0,0,0,0,0,0,0,0,0,0,0,0,0,0,0,0,0,0,0,0,0,0,0,0,0,0,0,0,0,0,0,0,0,0,0,0,0,0,0,0,0,0,0,0,0,3208007.67,0,0,3208007.67,0,0,3208007.67,0,0,3208007.67,0,0,3208007.67,0,0,3208007.67,0,0,3208007.67,0,0,3208007.67,0,0,3208007.67,0,0,3208007.67,0,0,3208007.67,0,0,3208007.67,0,0,3208007.67,0,0,3208007.67,0,0,3208007.67,0,0,3208007.67,0,0,3208007.67,0,0,3208007.67,0,0,3208007.67,0,0,3208007.67,0,0,3208007.67,0,0,3208007.67,0,0,3208007.67,0,0,3208007.67,0,0,3208007.67,0,0,3208007.67,0,0,3208007.67,0,0,3208007.67,0,0,3208007.67,0,0,3208007.67,0,0,3208007.67,0,0,3208007.67,0,0,3208007.67,0,0,3208007.67,0,0,3208007.67,0,0,3208007.67,0,0,3208007.67,0,0,3208007.67,0,0,3208007.67,0,0,3208007.67,0,0,7091385.37,0,0,3208007.67,0,0,3208007.67,0,0,3208007.67,0,0,3208007.67,0,0,3208007.67,0,0,3208007.67,0,0,3208007.67
0,2,Pfizer,2021-03-29,IMMUNOSUPPR,0,0,0,0,0,0,0,0,0,0,0,0,0,0,0,0,0,0,0,0,0,0,0,0,0,0,0,0,0,0,0,0,0,0,0,0,0,0,0,0,0,0,0,0,0,0,0,0,0,0,2173166.48,0,0,2173166.48,0,0,2173166.48,0,0,2173166.48,0,0,2173166.48,0,0,2173166.48,0,0,2173166.48,0,0,2173166.48,0,0,2173166.48,0,0,2173166.48,0,0,2173166.48,0,0,2173166.48,0,0,2173166.48,0,0,2173166.48,0,0,2173166.48,0,0,2173166.48,0,0,2173166.48,0,0,2173166.48,0,0,2173166.48,0,0,2173166.48,0,0,2173166.48,0,0,2173166.48,0,0,2173166.48,0,0,2173166.48,0,0,2173166.48,0,0,2173166.48,0,0,2173166.48,0,0,2173166.48,0,0,2173166.48,0,0,2173166.48,0,0,2173166.48,0,0,2173166.48,0,0,2173166.48,0,0,2173166.48,0,0,2173166.48,0,0,2173166.48,0,0,2173166.48,0,0,2173166.48,0,0,2173166.48,0,0,2173166.48,0,0,4990234.15,0,0,2173166.48,0,0,2173166.48,0,0,2173166.48,0,0,2173166.48,0,0,2173166.48,0,0,2173166.48,0,0,2173166.48
0,2,Pfizer,2021-04-05,IMMUNOSUPPR,0,0,0,0,0,0,0,0,0,0,0,0,0,0,0,0,0,0,0,0,0,0,0,0,0,0,0,0,0,0,0,0,0,0,0,0,0,0,0,0,0,0,0,0,0,0,0,0,0,0,1897694.68,0,0,1897694.68,0,0,1897694.68,0,0,1897694.68,0,0,1897694.68,0,0,1897694.68,0,0,1897694.68,0,0,1897694.68,0,0,1897694.68,0,0,1897694.68,0,0,1897694.68,0,0,1897694.68,0,0,1897694.68,0,0,1897694.68,0,0,1897694.68,0,0,1897694.68,0,0,1897694.68,0,0,1897694.68,0,0,1897694.68,0,0,1897694.68,0,0,1897694.68,0,0,1897694.68,0,0,1897694.68,0,0,1897694.68,0,0,1897694.68,0,0,1897694.68,0,0,1897694.68,0,0,1897694.68,0,0,1897694.68,0,0,1897694.68,0,0,1897694.68,0,0,1897694.68,0,0,1897694.68,0,0,1897694.68,0,0,1897694.68,0,0,1897694.68,0,0,1897694.68,0,0,1897694.68,0,0,1897694.68,0,0,1897694.68,0,0,3849609.2,0,0,1897694.68,0,0,1897694.68,0,0,1897694.68,0,0,1897694.68,0,0,1897694.68,0,0,1897694.68,0,0,1897694.68
0,2,Pfizer,2021-04-12,IMMUNOSUPPR,0,0,0,0,0,0,0,0,0,0,0,0,0,0,0,0,0,0,0,0,0,0,0,0,0,0,0,0,0,0,0,0,0,0,0,0,0,0,0,0,0,0,0,0,0,0,0,0,0,0,1531094.57,0,0,1531094.57,0,0,1531094.57,0,0,1531094.57,0,0,1531094.57,0,0,1531094.57,0,0,1531094.57,0,0,1531094.57,0,0,1531094.57,0,0,1531094.57,0,0,1531094.57,0,0,1531094.57,0,0,1531094.57,0,0,1531094.57,0,0,1531094.57,0,0,1531094.57,0,0,1531094.57,0,0,1531094.57,0,0,1531094.57,0,0,1531094.57,0,0,1531094.57,0,0,1531094.57,0,0,1531094.57,0,0,1531094.57,0,0,1531094.57,0,0,1531094.57,0,0,1531094.57,0,0,1531094.57,0,0,1531094.57,0,0,1531094.57,0,0,1531094.57,0,0,1531094.57,0,0,1531094.57,0,0,1531094.57,0,0,1531094.57,0,0,1531094.57,0,0,1531094.57,0,0,1531094.57,0,0,1531094.57,0,0,1531094.57,0,0,3849609.2,0,0,1531094.57,0,0,1531094.57,0,0,1531094.57,0,0,1531094.57,0,0,1531094.57,0,0,1531094.57,0,0,1531094.57
0,2,Pfizer,2021-04-19,IMMUNOSUPPR,0,0,0,0,0,0,0,0,0,0,0,0,0,0,0,0,0,0,0,0,0,0,0,0,0,0,0,0,0,0,0,0,0,0,0,0,0,0,0,0,0,0,0,0,0,0,0,0,0,0,1374860.43,0,0,1374860.43,0,0,1374860.43,0,0,1374860.43,0,0,1374860.43,0,0,1374860.43,0,0,1374860.43,0,0,1389034.25,0,0,1374860.43,0,0,1374860.43,0,0,1374860.43,0,0,1374860.43,0,0,1374860.43,0,0,1374860.43,0,0,1374860.43,0,0,1374860.43,0,0,1374860.43,0,0,1374860.43,0,0,1374860.43,0,0,1374860.43,0,0,1374860.43,0,0,1374860.43,0,0,1374860.43,0,0,1374860.43,0,0,1374860.43,0,0,1374860.43,0,0,1374860.43,0,0,1374860.43,0,0,1374860.43,0,0,1374860.43,0,0,1374860.43,0,0,1374860.43,0,0,1374860.43,0,0,1374860.43,0,0,1374860.43,0,0,1374860.43,0,0,1374860.43,0,0,1374860.43,0,0,1374860.43,0,0,1374860.43,0,0,3368408.05,0,0,1374860.43,0,0,1374860.43,0,0,1374860.43,0,0,1374860.43,0,0,1374860.43,0,0,1374860.43,0,0,1374860.43
0,2,Pfizer,2021-04-26,IMMUNOSUPPR,0,0,0,0,0,0,0,0,0,0,0,0,0,0,0,0,0,0,0,0,0,0,0,0,0,0,0,0,0,0,0,0,0,0,0,0,0,1,0,0,0,0,0,0,0,0,0,0,0,0,1036433.25,0,0,1036433.25,0,0,1036433.25,0,0,1036433.25,0,0,1095417.25,0,0,1095417.25,0,0,1036433.25,0,0,1161520.02,0,0,1095417.25,0,0,1095417.25,0,0,1036433.25,0,0,1036433.25,0,0,1036433.25,0,0,1036433.25,0,0,1036433.25,0,0,1036433.25,0,0,1036433.25,0,0,1036433.25,0,0,1036433.25,0,0,1036433.25,0,0,1036433.25,0,0,1036433.25,0,0,1036433.25,0,0,1036433.25,0,0,1036433.25,0,0,1036433.25,0,0,1036433.25,0,0,1036433.25,0,0,1036433.25,0,0,1036433.25,0,0,1036433.25,0,0,1036433.25,0,0,1036433.25,0,0,1036433.25,0,0,1036433.25,0,0,1036433.25,0,0,1036433.25,0,0,1036433.25,0,0,1036433.25,0,0,1036433.25,936538.46,23711.1,5218058.33,0,0,1036433.25,0,0,1036433.25,0,0,1036433.25,0,0,1036433.25,0,0,1036433.25,0,0,1036433.25,0,0,1036433.25
0,2,Pfizer,2021-05-03,IMMUNOSUPPR,0,0,0,0,0,0,0,0,0,0,0,0,0,0,0,0,0,0,0,0,0,0,0,0,0,0,0,0,0,0,0,0,0,0,0,0,0,0,0,0,0,0,0,0,0,0,0,0,0,0,732262.62,0,0,732262.62,0,0,732262.62,0,0,732262.62,0,0,761222.16,0,0,761222.16,0,0,732262.62,0,0,792566.6,0,0,761222.16,0,0,761222.16,0,0,732262.62,0,0,732262.62,0,0,732262.62,0,0,732262.62,0,0,732262.62,0,0,732262.62,0,0,732262.62,0,0,732262.62,0,0,732262.62,0,0,732262.62,0,0,732262.62,0,0,732262.62,0,0,732262.62,0,0,732262.62,0,0,732262.62,0,0,732262.62,0,0,732262.62,0,0,732262.62,0,0,732262.62,0,0,732262.62,0,0,732262.62,0,0,732262.62,0,0,732262.62,0,0,732262.62,0,0,732262.62,0,0,732262.62,0,0,732262.62,0,0,732262.62,0,0,732262.62,0,0,732262.62,0,0,2694726.44,0,0,732262.62,0,0,732262.62,0,0,732262.62,0,0,732262.62,0,0,732262.62,0,0,732262.62,0,0,732262.62
0,2,Pfizer,2021-05-10,IMMUNOSUPPR,0,0,0,0,0,0,0,0,0,0,0,0,0,0,0,0,0,0,0,0,0,0,0,0,0,0,0,0,0,0,0,0,0,0,0,0,0,0,0,0,0,0,0,0,0,0,0,0,0,0,598828.1,0,0,598828.1,0,0,598828.1,0,0,598828.1,0,0,620904.71,0,0,620904.71,0,0,598828.1,0,0,638560.77,0,0,618056.52,0,0,618056.52,0,0,598828.1,0,0,598828.1,0,0,598828.1,0,0,598828.1,0,0,598828.1,0,0,598828.1,0,0,601501.44,0,0,601501.44,0,0,598828.1,0,0,598828.1,0,0,598828.1,0,0,598828.1,0,0,598828.1,0,0,598828.1,0,0,598828.1,0,0,598828.1,0,0,598828.1,0,0,598828.1,0,0,598828.1,0,0,598828.1,0,0,598828.1,0,0,598828.1,0,0,598828.1,0,0,598828.1,0,0,598828.1,0,0,598828.1,0,0,598828.1,0,0,598828.1,0,0,598828.1,0,0,598828.1,0,0,2406005.75,0,0,598828.1,0,0,598828.1,0,0,598828.1,0,0,598828.1,0,0,598828.1,0,0,598828.1,0,0,598828.1
0,2,Pfizer,2021-05-17,IMMUNOSUPPR,0,0,0,0,0,0,0,0,0,0,0,0,0,0,0,0,0,0,0,0,0,0,0,0,0,0,0,0,0,0,0,0,0,0,0,0,0,0,0,0,0,0,0,0,0,0,0,0,0,0,514260.77,0,0,514260.77,0,0,514260.77,0,0,514260.77,0,0,543291.62,0,0,543291.62,0,0,514260.77,0,0,543291.62,0,0,528377.73,0,0,528377.73,0,0,514260.77,0,0,514260.77,0,0,514260.77,0,0,514260.77,0,0,514260.77,0,0,514260.77,0,0,528377.73,0,0,528377.73,0,0,514260.77,0,0,514260.77,0,0,514260.77,0,0,514260.77,0,0,514260.77,0,0,514260.77,0,0,514260.77,0,0,514260.77,0,0,514260.77,0,0,514260.77,0,0,514260.77,0,0,514260.77,0,0,514260.77,0,0,514260.77,0,0,514260.77,0,0,514260.77,0,0,514260.77,0,0,514260.77,0,0,514260.77,0,0,514260.77,0,0,514260.77,0,0,514260.77,0,0,2406005.75,0,0,514260.77,0,0,514260.77,0,0,514260.77,0,0,514260.77,0,0,514260.77,0,0,514260.77,0,0,514260.77
0,2,Pfizer,2021-05-24,IMMUNOSUPPR,0,0,0,0,0,0,0,0,0,0,0,0,0,0,0,0,0,0,0,0,0,0,0,0,0,0,0,0,0,0,0,0,0,0,0,0,0,0,0,0,0,0,0,0,0,0,0,0,0,0,500878.52,0,0,500878.52,0,0,500878.52,0,0,500878.52,0,0,528377.73,0,0,528377.73,0,0,500878.52,0,0,528377.73,0,0,514260.77,0,0,514260.77,0,0,500878.52,0,0,500878.52,0,0,500878.52,0,0,500878.52,0,0,500878.52,0,0,500878.52,0,0,514260.77,0,0,514260.77,0,0,500878.52,0,0,500878.52,0,0,500878.52,0,0,500878.52,0,0,500878.52,0,0,500878.52,0,0,500878.52,0,0,500878.52,0,0,500878.52,0,0,500878.52,0,0,500878.52,0,0,500878.52,0,0,500878.52,0,0,500878.52,0,0,500878.52,0,0,500878.52,0,0,500878.52,0,0,500878.52,0,0,500878.52,0,0,500878.52,0,0,500878.52,0,0,500878.52,0,0,2363795.12,0,0,500878.52,0,0,500878.52,0,0,500878.52,0,0,500878.52,0,0,500878.52,0,0,500878.52,0,0,500878.52
0,2,Pfizer,2021-05-31,IMMUNOSUPPR,0,0,0,0,0,0,0,0,0,0,0,0,0,0,0,0,0,0,0,0,0,0,0,0,0,0,0,0,0,0,0,0,0,0,0,0,0,1,0,0,0,0,0,0,0,0,0,0,0,0,414573.3,0,0,414573.3,0,0,414573.3,0,0,414573.3,0,0,433235.76,0,0,433235.76,0,0,414573.3,0,0,433235.76,0,0,423699.13,0,0,423699.13,0,0,414573.3,0,0,414573.3,0,0,414573.3,0,0,414573.3,0,0,414573.3,0,0,414573.3,0,0,423699.13,0,0,423699.13,0,0,414573.3,0,0,414573.3,0,0,414573.3,0,0,414573.3,0,0,414573.3,0,0,414573.3,0,0,414573.3,0,0,414573.3,0,0,414573.3,0,0,414573.3,0,0,414573.3,0,0,414573.3,0,0,414573.3,0,0,414573.3,0,0,414573.3,0,0,414573.3,0,0,414573.3,0,0,414573.3,0,0,414573.3,0,0,414573.3,0,0,414573.3,0,0,414573.3,537132.35,13599.01,2992709.92,0,0,414573.3,0,0,414573.3,0,0,414573.3,0,0,414573.3,0,0,414573.3,0,0,414573.3,0,0,414573.3
0,2,Pfizer,2021-06-07,IMMUNOSUPPR,0,0,0,0,0,0,0,0,0,0,0,0,0,0,0,0,0,0,0,0,0,0,0,0,0,0,0,0,0,0,0,0,0,0,0,0,0,0,0,0,0,0,0,0,0,0,0,0,0,0,401000.96,0,0,401000.96,0,0,401000.96,0,0,401000.96,0,0,418435.78,0,0,418435.78,0,0,401000.96,0,0,418435.78,0,0,409532.89,0,0,409532.89,0,0,401000.96,0,0,401000.96,0,0,401000.96,0,0,401000.96,0,0,401000.96,0,0,401000.96,0,0,409532.89,0,0,409532.89,0,0,401000.96,0,0,401000.96,0,0,401000.96,0,0,401000.96,0,0,401000.96,0,0,401000.96,0,0,401000.96,0,0,401000.96,0,0,401000.96,0,0,401000.96,0,0,401000.96,0,0,401000.96,0,0,401000.96,0,0,401000.96,0,0,401000.96,0,0,401000.96,0,0,401000.96,0,0,401000.96,0,0,401000.96,0,0,401000.96,0,0,401000.96,0,0,401000.96,0,0,1924804.6,0,0,401000.96,0,0,401000.96,0,0,401000.96,0,0,401000.96,0,0,401000.96,0,0,401000.96,0,0,401000.96
0,2,Pfizer,2021-06-14,IMMUNOSUPPR,0,0,0,0,0,0,0,0,0,0,0,0,0,0,0,0,0,0,0,0,0,0,0,0,0,0,0,0,0,0,0,0,0,0,0,0,0,0,0,0,0,0,0,0,0,0,0,0,0,0,401000.96,0,0,401000.96,0,0,401000.96,0,0,401000.96,0,0,418435.78,0,0,418435.78,0,0,401000.96,0,0,418435.78,0,0,409532.89,0,0,409532.89,0,0,401000.96,0,0,401000.96,0,0,401000.96,0,0,401000.96,0,0,401000.96,0,0,401000.96,0,0,409532.89,0,0,409532.89,0,0,401000.96,0,0,401000.96,0,0,401000.96,0,0,401000.96,0,0,401000.96,0,0,401000.96,0,0,401000.96,0,0,401000.96,0,0,401000.96,0,0,401000.96,0,0,401000.96,0,0,401000.96,0,0,401000.96,0,0,401000.96,0,0,401000.96,0,0,401000.96,0,0,401000.96,0,0,401000.96,0,0,401000.96,0,0,401000.96,0,0,401000.96,0,0,401000.96,0,0,1924804.6,0,0,401000.96,0,0,401000.96,0,0,401000.96,0,0,401000.96,0,0,401000.96,0,0,401000.96,0,0,401000.96
0,1,AstraZeneca,2021-05-31,IMMUNOSUPPR,0,0,0,0,0,0,0,0,0,0,0,0,0,0,0,0,0,0,0,0,0,0,0,0,0,0,0,0,0,0,0,0,0,0,0,0,0,0,0,0,0,0,0,0,0,0,0,0,0,0,969326.06,0,0,969326.06,0,0,969326.06,0,0,969326.06,0,0,969326.06,0,0,969326.06,0,0,969326.06,0,0,969326.06,0,0,969326.06,0,0,969326.06,0,0,969326.06,0,0,969326.06,0,0,969326.06,0,0,969326.06,0,0,969326.06,0,0,969326.06,0,0,969326.06,0,0,969326.06,0,0,969326.06,0,0,969326.06,0,0,969326.06,0,0,969326.06,0,0,969326.06,0,0,969326.06,0,0,969326.06,0,0,969326.06,0,0,969326.06,0,0,969326.06,0,0,969326.06,0,0,969326.06,0,0,969326.06,0,0,969326.06,0,0,969326.06,0,0,969326.06,0,0,969326.06,0,0,969326.06,0,0,969326.06,0,0,969326.06,0,0,969326.06,0,0,969326.06,0,0,2694726.44,0,0,969326.06,0,0,969326.06,0,0,969326.06,0,0,969326.06,0,0,969326.06,0,0,969326.06,0,0,969326.06
0,1,AstraZeneca,2021-06-07,IMMUNOSUPPR,0,0,0,0,0,0,0,0,0,0,0,0,0,0,0,0,0,0,0,0,0,0,0,0,0,0,0,0,0,0,0,0,0,0,0,0,0,0,0,0,0,0,0,0,0,0,0,0,0,0,1013055.05,0,0,1013055.05,0,0,1013055.05,0,0,1013055.05,0,0,1013055.05,0,0,1013055.05,0,0,1013055.05,0,0,1013055.05,0,0,1013055.05,0,0,1013055.05,0,0,1013055.05,0,0,1013055.05,0,0,1013055.05,0,0,1013055.05,0,0,1013055.05,0,0,1013055.05,0,0,1013055.05,0,0,1013055.05,0,0,1013055.05,0,0,1013055.05,0,0,1013055.05,0,0,1013055.05,0,0,1013055.05,0,0,1013055.05,0,0,1013055.05,0,0,1013055.05,0,0,1013055.05,0,0,1013055.05,0,0,1013055.05,0,0,1013055.05,0,0,1013055.05,0,0,1013055.05,0,0,1013055.05,0,0,1013055.05,0,0,1013055.05,0,0,1013055.05,0,0,1013055.05,0,0,1013055.05,0,0,1013055.05,0,0,1013055.05,0,0,3208007.67,0,0,1013055.05,0,0,1013055.05,0,0,1013055.05,0,0,1013055.05,0,0,1013055.05,0,0,1013055.05,0,0,1013055.05
0,1,AstraZeneca,2021-06-14,IMMUNOSUPPR,0,0,0,0,0,0,0,0,0,0,0,0,0,0,0,0,0,0,0,0,0,0,0,0,0,0,0,0,0,0,0,0,0,0,0,0,0,0,0,0,0,0,0,0,0,0,0,0,0,0,1141833.24,0,0,1141833.24,0,0,1141833.24,0,0,1141833.24,0,0,1141833.24,0,0,1141833.24,0,0,1141833.24,0,0,1141833.24,0,0,1141833.24,0,0,1141833.24,0,0,1141833.24,0,0,1141833.24,0,0,1141833.24,0,0,1141833.24,0,0,1141833.24,0,0,1141833.24,0,0,1141833.24,0,0,1141833.24,0,0,1141833.24,0,0,1141833.24,0,0,1141833.24,0,0,1141833.24,0,0,1141833.24,0,0,1141833.24,0,0,1141833.24,0,0,1141833.24,0,0,1141833.24,0,0,1141833.24,0,0,1141833.24,0,0,1141833.24,0,0,1141833.24,0,0,1141833.24,0,0,1141833.24,0,0,1141833.24,0,0,1141833.24,0,0,1141833.24,0,0,1141833.24,0,0,1141833.24,0,0,1141833.24,0,0,1141833.24,0,0,3849609.2,0,0,1141833.24,0,0,1141833.24,0,0,1141833.24,0,0,1141833.24,0,0,1141833.24,0,0,1141833.24,0,0,1141833.24
0,1,AstraZeneca,2021-06-21,IMMUNOSUPPR,0,0,0,0,0,0,0,0,0,0,0,0,0,0,0,0,0,0,0,0,0,0,0,0,0,0,0,0,0,0,0,0,0,0,0,0,0,0,0,0,0,0,0,0,0,0,0,0,0,0,1845703.04,0,0,1845703.04,0,0,1845703.04,0,0,1845703.04,0,0,1845703.04,0,0,1845703.04,0,0,1845703.04,0,0,1845703.04,0,0,1845703.04,0,0,1845703.04,0,0,1845703.04,0,0,1845703.04,0,0,1845703.04,0,0,1845703.04,0,0,1845703.04,0,0,1845703.04,0,0,1845703.04,0,0,1845703.04,0,0,1845703.04,0,0,1845703.04,0,0,1845703.04,0,0,1845703.04,0,0,1845703.04,0,0,1845703.04,0,0,1845703.04,0,0,1845703.04,0,0,1845703.04,0,0,1845703.04,0,0,1845703.04,0,0,1845703.04,0,0,1845703.04,0,0,1845703.04,0,0,1845703.04,0,0,1845703.04,0,0,1845703.04,0,0,1845703.04,0,0,1845703.04,0,0,1845703.04,0,0,1845703.04,0,0,1845703.04,0,0,5182166.23,0,0,1845703.04,0,0,1845703.04,0,0,1845703.04,0,0,1845703.04,0,0,1845703.04,0,0,1845703.04,0,0,1845703.04
0,1,AstraZeneca,2021-06-28,IMMUNOSUPPR,0,0,0,0,0,0,0,0,0,0,0,0,0,0,0,0,0,0,0,0,0,0,0,0,0,0,0,0,0,0,0,0,0,0,0,0,0,0,0,0,0,0,0,0,0,0,0,0,0,0,5614013.42,0,0,5614013.42,0,0,5614013.42,0,0,5614013.42,0,0,5614013.42,0,0,5614013.42,0,0,5614013.42,0,0,5614013.42,0,0,5614013.42,0,0,5614013.42,0,0,5614013.42,0,0,5614013.42,0,0,5614013.42,0,0,5614013.42,0,0,5614013.42,0,0,5614013.42,0,0,5614013.42,0,0,5614013.42,0,0,5614013.42,0,0,5614013.42,0,0,5614013.42,0,0,5614013.42,0,0,5614013.42,0,0,5614013.42,0,0,5614013.42,0,0,5614013.42,0,0,5614013.42,0,0,5614013.42,0,0,5614013.42,0,0,5614013.42,0,0,5614013.42,0,0,5614013.42,0,0,5614013.42,0,0,5614013.42,0,0,5614013.42,0,0,5614013.42,0,0,5614013.42,0,0,5614013.42,0,0,5614013.42,0,0,5614013.42,0,0,14970702.45,0,0,5614013.42,0,0,5614013.42,0,0,5614013.42,0,0,5614013.42,0,0,5614013.42,0,0,5614013.42,0,0,5614013.42
0,1,J&J,2021-06-07,IMMUNOSUPPR,0,0,0,0,0,0,0,0,0,0,0,0,0,0,0,0,0,0,0,0,0,0,0,0,0,0,0,0,0,0,0,0,0,0,0,0,0,0,0,0,0,0,0,0,0,0,0,0,0,0,5614013.42,0,0,5614013.42,0,0,5614013.42,0,0,5614013.42,0,0,5614013.42,0,0,5614013.42,0,0,5614013.42,0,0,5614013.42,0,0,5614013.42,0,0,5614013.42,0,0,5614013.42,0,0,5614013.42,0,0,5614013.42,0,0,5614013.42,0,0,5614013.42,0,0,5614013.42,0,0,5614013.42,0,0,5614013.42,0,0,5614013.42,0,0,5614013.42,0,0,5614013.42,0,0,5614013.42,0,0,5614013.42,0,0,5614013.42,0,0,5614013.42,0,0,5614013.42,0,0,5614013.42,0,0,5614013.42,0,0,5614013.42,0,0,5614013.42,0,0,5614013.42,0,0,5614013.42,0,0,5614013.42,0,0,5614013.42,0,0,5614013.42,0,0,5614013.42,0,0,5614013.42,0,0,5614013.42,0,0,5614013.42,0,0,5614013.42,0,0,7925666,0,0,5614013.42,0,0,5614013.42,0,0,5614013.42,0,0,5614013.42,0,0,5614013.42,0,0,5614013.42,0,0,5614013.42
0,1,J&J,2021-06-14,IMMUNOSUPPR,0,0,0,0,0,0,0,0,0,0,0,0,0,0,0,0,0,0,0,0,0,0,0,0,0,0,0,0,0,0,0,0,0,0,0,0,0,0,0,0,0,0,0,0,0,0,0,0,0,0,4812011.5,0,0,4812011.5,0,0,4812011.5,0,0,4812011.5,0,0,4812011.5,0,0,4812011.5,0,0,4812011.5,0,0,4812011.5,0,0,4812011.5,0,0,4812011.5,0,0,4812011.5,0,0,4812011.5,0,0,4812011.5,0,0,4812011.5,0,0,4812011.5,0,0,4812011.5,0,0,4812011.5,0,0,4812011.5,0,0,4812011.5,0,0,4812011.5,0,0,4812011.5,0,0,4812011.5,0,0,4812011.5,0,0,4812011.5,0,0,4812011.5,0,0,4812011.5,0,0,4812011.5,0,0,4812011.5,0,0,4812011.5,0,0,4812011.5,0,0,4812011.5,0,0,4812011.5,0,0,4812011.5,0,0,4812011.5,0,0,4812011.5,0,0,4812011.5,0,0,4812011.5,0,0,4812011.5,0,0,4812011.5,0,0,4812011.5,0,0,6416015.34,0,0,4812011.5,0,0,4812011.5,0,0,4812011.5,0,0,4812011.5,0,0,4812011.5,0,0,4812011.5,0,0,4812011.5
0,1,J&J,2021-06-21,IMMUNOSUPPR,0,0,0,0,0,0,0,0,0,0,0,0,0,0,0,0,0,0,0,0,0,0,0,0,0,0,0,0,0,0,0,0,0,0,0,0,0,0,0,0,0,0,0,0,0,0,0,0,0,0,4812011.5,0,0,4812011.5,0,0,4812011.5,0,0,4812011.5,0,0,4812011.5,0,0,4812011.5,0,0,4812011.5,0,0,4812011.5,0,0,4812011.5,0,0,4812011.5,0,0,4812011.5,0,0,4812011.5,0,0,4812011.5,0,0,4812011.5,0,0,4812011.5,0,0,4812011.5,0,0,4812011.5,0,0,4812011.5,0,0,4812011.5,0,0,4812011.5,0,0,4812011.5,0,0,4812011.5,0,0,4812011.5,0,0,4812011.5,0,0,4812011.5,0,0,4812011.5,0,0,4812011.5,0,0,4812011.5,0,0,4812011.5,0,0,4812011.5,0,0,4812011.5,0,0,4812011.5,0,0,4812011.5,0,0,4812011.5,0,0,4812011.5,0,0,4812011.5,0,0,4812011.5,0,0,4812011.5,0,0,4812011.5,0,0,4812011.5,0,0,6416015.34,0,0,4812011.5,0,0,4812011.5,0,0,4812011.5,0,0,4812011.5,0,0,4812011.5,0,0,4812011.5,0,0,4812011.5
0,1,J&J,2021-06-28,IMMUNOSUPPR,0,0,0,0,0,0,0,0,0,0,0,0,0,0,0,0,0,0,0,0,0,0,0,0,0,0,0,0,0,0,0,0,0,0,0,0,0,0,0,0,0,0,0,0,0,0,0,0,0,0,11228026.84,0,0,11228026.84,0,0,11228026.84,0,0,11228026.84,0,0,11228026.84,0,0,11228026.84,0,0,11228026.84,0,0,11228026.84,0,0,11228026.84,0,0,11228026.84,0,0,11228026.84,0,0,11228026.84,0,0,11228026.84,0,0,11228026.84,0,0,11228026.84,0,0,11228026.84,0,0,11228026.84,0,0,11228026.84,0,0,11228026.84,0,0,11228026.84,0,0,11228026.84,0,0,11228026.84,0,0,11228026.84,0,0,11228026.84,0,0,11228026.84,0,0,11228026.84,0,0,11228026.84,0,0,11228026.84,0,0,11228026.84,0,0,11228026.84,0,0,11228026.84,0,0,11228026.84,0,0,11228026.84,0,0,11228026.84,0,0,11228026.84,0,0,11228026.84,0,0,11228026.84,0,0,11228026.84,0,0,11228026.84,0,0,11228026.84,0,0,14970702.45,0,0,11228026.84,0,0,11228026.84,0,0,11228026.84,0,0,11228026.84,0,0,11228026.84,0,0,11228026.84,0,0,11228026.84
0,1,Moderna,2021-03-15,IMMUNOSUPPR,0,0,0,0,0,0,0,0,0,0,0,0,0,0,0,0,0,0,0,0,0,0,0,0,0,0,0,0,0,0,0,0,0,0,0,0,0,0,0,0,0,0,0,0,0,0,0,0,0,0,6736816.1,0,0,6736816.1,0,0,6736816.1,0,0,10364332.47,0,0,10364332.47,0,0,10364332.47,0,0,6736816.1,0,0,6736816.1,0,0,6736816.1,0,0,6736816.1,0,0,6736816.1,0,0,6736816.1,0,0,6736816.1,0,0,6736816.1,0,0,6736816.1,0,0,6736816.1,0,0,10364332.47,0,0,10364332.47,0,0,6736816.1,0,0,6736816.1,0,0,6736816.1,0,0,6736816.1,0,0,6736816.1,0,0,6736816.1,0,0,6736816.1,0,0,6736816.1,0,0,6736816.1,0,0,6736816.1,0,0,6736816.1,0,0,6736816.1,0,0,6736816.1,0,0,6736816.1,0,0,6736816.1,0,0,6736816.1,0,0,6736816.1,0,0,6736816.1,0,0,6736816.1,0,0,6736816.1,0,0,6736816.1,0,0,6736816.1,0,0,22456053.68,0,0,6736816.1,0,0,6736816.1,0,0,6736816.1,0,0,6736816.1,0,0,6736816.1,0,0,6736816.1,0,0,6736816.1
0,1,Moderna,2021-03-22,IMMUNOSUPPR,0,0,0,0,0,0,0,0,0,0,0,0,0,0,0,0,0,0,0,0,0,0,0,0,0,0,0,0,0,0,0,0,0,0,0,0,0,0,0,0,0,0,0,0,0,0,0,0,0,0,5389452.88,0,0,5389452.88,0,0,5389452.88,0,0,7485351.23,0,0,7485351.23,0,0,7485351.23,0,0,5389452.88,0,0,5389452.88,0,0,5389452.88,0,0,5389452.88,0,0,5389452.88,0,0,5389452.88,0,0,5389452.88,0,0,5389452.88,0,0,5389452.88,0,0,5389452.88,0,0,7485351.23,0,0,7485351.23,0,0,5389452.88,0,0,5389452.88,0,0,5389452.88,0,0,5389452.88,0,0,5389452.88,0,0,5389452.88,0,0,5389452.88,0,0,5389452.88,0,0,5389452.88,0,0,5389452.88,0,0,5389452.88,0,0,5389452.88,0,0,5389452.88,0,0,5389452.88,0,0,5389452.88,0,0,5389452.88,0,0,5389452.88,0,0,5389452.88,0,0,5389452.88,0,0,5389452.88,0,0,5389452.88,0,0,5389452.88,0,0,19248046.01,0,0,5389452.88,0,0,5389452.88,0,0,5389452.88,0,0,5389452.88,0,0,5389452.88,0,0,5389452.88,0,0,5389452.88
0,1,Pfizer,2021-02-22,IMMUNOSUPPR,0,0,0,0,0,0,0,0,0,0,0,0,0,0,0,0,0,0,0,0,0,0,0,0,0,0,0,0,0,0,0,0,0,0,0,0,0,0,0,0,0,0,0,0,0,0,0,0,0,0,10364332.47,0,0,10364332.47,0,0,10364332.47,0,0,10364332.47,0,0,10364332.47,0,0,10364332.47,0,0,10364332.47,0,0,10364332.47,0,0,10364332.47,0,0,10364332.47,0,0,10364332.47,0,0,10364332.47,0,0,10364332.47,0,0,10364332.47,0,0,10364332.47,0,0,10364332.47,0,0,10364332.47,0,0,10364332.47,0,0,10364332.47,0,0,10364332.47,0,0,10364332.47,0,0,10364332.47,0,0,10364332.47,0,0,10364332.47,0,0,10364332.47,0,0,10364332.47,0,0,10364332.47,0,0,10364332.47,0,0,10364332.47,0,0,10364332.47,0,0,10364332.47,0,0,10364332.47,0,0,10364332.47,0,0,10364332.47,0,0,10364332.47,0,0,10364332.47,0,0,10364332.47,0,0,10364332.47,0,0,10364332.47,0,0,10364332.47,0,0,19248046.01,0,0,10364332.47,0,0,10364332.47,0,0,10364332.47,0,0,10364332.47,0,0,10364332.47,0,0,10364332.47,0,0,10364332.47
0,1,Pfizer,2021-03-01,IMMUNOSUPPR,0,0,0,0,0,0,0,0,0,0,0,0,0,0,0,0,0,0,0,0,0,0,0,0,0,0,0,0,0,0,0,0,0,0,0,0,0,0,0,0,0,0,0,0,0,0,0,0,0,0,3286251.76,0,0,3286251.76,0,0,3286251.76,0,0,3286251.76,0,0,3286251.76,0,0,3286251.76,0,0,3286251.76,0,0,3286251.76,0,0,3286251.76,0,0,3286251.76,0,0,3286251.76,0,0,3286251.76,0,0,3286251.76,0,0,3286251.76,0,0,3286251.76,0,0,3286251.76,0,0,3286251.76,0,0,3286251.76,0,0,3286251.76,0,0,3286251.76,0,0,3286251.76,0,0,3286251.76,0,0,3286251.76,0,0,3286251.76,0,0,3286251.76,0,0,3286251.76,0,0,3286251.76,0,0,3286251.76,0,0,3286251.76,0,0,3286251.76,0,0,3286251.76,0,0,3286251.76,0,0,3286251.76,0,0,3286251.76,0,0,3286251.76,0,0,3286251.76,0,0,3286251.76,0,0,3286251.76,0,0,3286251.76,0,0,3286251.76,0,0,11228026.84,0,0,3286251.76,0,0,3286251.76,0,0,3286251.76,0,0,3286251.76,0,0,3286251.76,0,0,3286251.76,0,0,3286251.76
0,1,Pfizer,2021-03-08,IMMUNOSUPPR,0,0,0,0,0,0,0,0,0,0,0,0,0,0,0,0,0,0,0,0,0,0,0,0,0,0,0,0,0,0,0,0,0,0,0,0,0,0,0,0,0,0,0,0,0,0,0,0,0,0,2105255.03,0,0,2105255.03,0,0,2105255.03,0,0,2105255.03,0,0,2105255.03,0,0,2105255.03,0,0,2105255.03,0,0,2105255.03,0,0,2105255.03,0,0,2105255.03,0,0,2105255.03,0,0,2105255.03,0,0,2105255.03,0,0,2105255.03,0,0,2105255.03,0,0,2105255.03,0,0,2105255.03,0,0,2105255.03,0,0,2105255.03,0,0,2105255.03,0,0,2105255.03,0,0,2105255.03,0,0,2105255.03,0,0,2105255.03,0,0,2105255.03,0,0,2105255.03,0,0,2105255.03,0,0,2105255.03,0,0,2105255.03,0,0,2105255.03,0,0,2105255.03,0,0,2105255.03,0,0,2105255.03,0,0,2105255.03,0,0,2105255.03,0,0,2105255.03,0,0,2105255.03,0,0,2105255.03,0,0,2105255.03,0,0,2105255.03,0,0,6124378.28,0,0,2105255.03,0,0,2105255.03,0,0,2105255.03,0,0,2105255.03,0,0,2105255.03,0,0,2105255.03,0,0,2105255.03
0,1,Pfizer,2021-03-15,IMMUNOSUPPR,0,0,0,0,0,0,0,0,0,0,0,0,0,0,0,0,0,0,0,0,0,0,0,0,0,0,0,0,0,0,0,0,0,0,0,0,0,0,0,0,0,0,0,0,0,0,0,0,0,0,2105255.03,0,0,2105255.03,0,0,2105255.03,0,0,2105255.03,0,0,2105255.03,0,0,2105255.03,0,0,2105255.03,0,0,2105255.03,0,0,2105255.03,0,0,2105255.03,0,0,2105255.03,0,0,2105255.03,0,0,2105255.03,0,0,2105255.03,0,0,2105255.03,0,0,2105255.03,0,0,2105255.03,0,0,2105255.03,0,0,2105255.03,0,0,2105255.03,0,0,2105255.03,0,0,2105255.03,0,0,2105255.03,0,0,2105255.03,0,0,2105255.03,0,0,2105255.03,0,0,2105255.03,0,0,2105255.03,0,0,2105255.03,0,0,2105255.03,0,0,2105255.03,0,0,2105255.03,0,0,2105255.03,0,0,2105255.03,0,0,2105255.03,0,0,2105255.03,0,0,2105255.03,0,0,2105255.03,0,0,2105255.03,0,0,2105255.03,0,0,5389452.88,0,0,2105255.03,0,0,2105255.03,0,0,2105255.03,0,0,2105255.03,0,0,2105255.03,0,0,2105255.03,0,0,2105255.03
0,1,J&J,2021-05-10,IMMUNOSUPPR,0,0,0,0,0,0,0,0,0,0,0,0,0,0,0,0,0,0,0,0,0,0,0,0,0,0,0,0,0,0,0,0,0,0,0,0,0,0,0,0,0,0,0,0,0,0,0,0,0,0,10364332.47,0,0,10364332.47,0,0,10364332.47,0,0,10364332.47,0,0,10364332.47,0,0,10364332.47,0,0,10364332.47,0,0,10364332.47,0,0,10364332.47,0,0,10364332.47,0,0,10364332.47,0,0,10364332.47,0,0,10364332.47,0,0,10364332.47,0,0,10364332.47,0,0,10364332.47,0,0,10364332.47,0,0,10364332.47,0,0,10364332.47,0,0,10364332.47,0,0,10364332.47,0,0,10364332.47,0,0,10364332.47,0,0,10364332.47,0,0,10364332.47,0,0,10364332.47,0,0,10364332.47,0,0,10364332.47,0,0,10364332.47,0,0,10364332.47,0,0,10364332.47,0,0,10364332.47,0,0,10364332.47,0,0,10364332.47,0,0,10364332.47,0,0,10364332.47,0,0,10364332.47,0,0,10364332.47,0,0,10364332.47,0,0,10364332.47,0,0,22456053.68,0,0,10364332.47,0,0,10364332.47,0,0,10364332.47,0,0,10364332.47,0,0,10364332.47,0,0,10364332.47,0,0,10364332.47
0,1,J&J,2021-05-17,IMMUNOSUPPR,0,0,0,0,0,0,0,0,0,0,0,0,0,0,0,0,0,0,0,0,0,0,0,0,0,0,0,0,0,0,0,0,0,0,0,0,0,0,0,0,0,0,0,0,0,0,0,0,0,0,9624023,0,0,9624023,0,0,9624023,0,0,9624023,0,0,9624023,0,0,9624023,0,0,9624023,0,0,9624023,0,0,9624023,0,0,9624023,0,0,9624023,0,0,9624023,0,0,9624023,0,0,9624023,0,0,9624023,0,0,9624023,0,0,9624023,0,0,9624023,0,0,9624023,0,0,9624023,0,0,9624023,0,0,9624023,0,0,9624023,0,0,9624023,0,0,9624023,0,0,9624023,0,0,9624023,0,0,9624023,0,0,9624023,0,0,9624023,0,0,9624023,0,0,9624023,0,0,9624023,0,0,9624023,0,0,9624023,0,0,9624023,0,0,9624023,0,0,9624023,0,0,9624023,0,0,9624023,0,0,19248046.01,0,0,9624023,0,0,9624023,0,0,9624023,0,0,9624023,0,0,9624023,0,0,9624023,0,0,9624023
0,1,J&J,2021-05-24,IMMUNOSUPPR,0,0,0,0,0,0,0,0,0,0,0,0,0,0,0,0,0,0,0,0,0,0,0,0,0,0,0,0,0,0,0,0,0,0,0,0,0,0,0,0,0,0,0,0,0,0,0,0,0,0,9624023,0,0,9624023,0,0,9624023,0,0,9624023,0,0,9624023,0,0,9624023,0,0,9624023,0,0,9624023,0,0,9624023,0,0,9624023,0,0,9624023,0,0,9624023,0,0,9624023,0,0,9624023,0,0,9624023,0,0,9624023,0,0,9624023,0,0,9624023,0,0,9624023,0,0,9624023,0,0,9624023,0,0,9624023,0,0,9624023,0,0,9624023,0,0,9624023,0,0,9624023,0,0,9624023,0,0,9624023,0,0,9624023,0,0,9624023,0,0,9624023,0,0,9624023,0,0,9624023,0,0,9624023,0,0,9624023,0,0,9624023,0,0,9624023,0,0,9624023,0,0,9624023,0,0,9624023,0,0,19248046.01,0,0,9624023,0,0,9624023,0,0,9624023,0,0,9624023,0,0,9624023,0,0,9624023,0,0,9624023
0,1,J&J,2021-05-31,IMMUNOSUPPR,0,0,0,0,0,0,0,0,0,0,0,0,0,0,0,0,0,0,0,0,0,0,0,0,0,0,0,0,0,0,0,0,0,0,0,0,0,0,0,0,0,0,0,0,0,0,0,0,0,0,9624023,0,0,9624023,0,0,9624023,0,0,9624023,0,0,9624023,0,0,9624023,0,0,9624023,0,0,9624023,0,0,9624023,0,0,9624023,0,0,9624023,0,0,9624023,0,0,9624023,0,0,9624023,0,0,9624023,0,0,9624023,0,0,9624023,0,0,9624023,0,0,9624023,0,0,9624023,0,0,9624023,0,0,9624023,0,0,9624023,0,0,9624023,0,0,9624023,0,0,9624023,0,0,9624023,0,0,9624023,0,0,9624023,0,0,9624023,0,0,9624023,0,0,9624023,0,0,9624023,0,0,9624023,0,0,9624023,0,0,9624023,0,0,9624023,0,0,9624023,0,0,9624023,0,0,9624023,0,0,19248046.01,0,0,9624023,0,0,9624023,0,0,9624023,0,0,9624023,0,0,9624023,0,0,9624023,0,0,9624023
0,1,Moderna,2021-01-18,IMMUNOSUPPR,0,0,0,0,0,0,0,0,0,0,0,0,0,0,0,0,0,0,0,0,0,0,0,0,0,0,0,0,0,0,0,0,0,0,0,0,0,0,0,0,0,0,0,0,0,0,0,0,0,0,44912107.35,0,0,44912107.35,0,0,44912107.35,0,0,44912107.35,0,0,44912107.35,0,0,44912107.35,0,0,44912107.35,0,0,44912107.35,0,0,44912107.35,0,0,44912107.35,0,0,44912107.35,0,0,44912107.35,0,0,44912107.35,0,0,44912107.35,0,0,44912107.35,0,0,44912107.35,0,0,44912107.35,0,0,44912107.35,0,0,44912107.35,0,0,44912107.35,0,0,44912107.35,0,0,44912107.35,0,0,44912107.35,0,0,44912107.35,0,0,44912107.35,0,0,44912107.35,0,0,44912107.35,0,0,44912107.35,0,0,44912107.35,0,0,44912107.35,0,0,44912107.35,0,0,44912107.35,0,0,44912107.35,0,0,44912107.35,0,0,44912107.35,0,0,44912107.35,0,0,44912107.35,0,0,44912107.35,0,0,44912107.35,0,0,44912107.35,0,0,44912107.35,0,0,44912107.35,0,0,44912107.35,0,0,44912107.35,0,0,44912107.35,0,0,44912107.35,0,0,44912107.35,0,0,44912107.35
0,1,Moderna,2021-01-25,IMMUNOSUPPR,0,0,0,0,0,0,0,0,0,0,0,0,0,0,0,0,0,0,0,0,0,0,0,0,0,0,0,0,0,0,0,0,0,0,0,0,0,0,0,0,0,0,0,0,0,0,0,0,0,0,19248046.01,0,0,19248046.01,0,0,19248046.01,0,0,19248046.01,0,0,19248046.01,0,0,19248046.01,0,0,19248046.01,0,0,19248046.01,0,0,19248046.01,0,0,19248046.01,0,0,19248046.01,0,0,19248046.01,0,0,19248046.01,0,0,19248046.01,0,0,19248046.01,0,0,19248046.01,0,0,19248046.01,0,0,19248046.01,0,0,19248046.01,0,0,19248046.01,0,0,19248046.01,0,0,19248046.01,0,0,19248046.01,0,0,19248046.01,0,0,19248046.01,0,0,19248046.01,0,0,19248046.01,0,0,19248046.01,0,0,19248046.01,0,0,19248046.01,0,0,19248046.01,0,0,19248046.01,0,0,19248046.01,0,0,19248046.01,0,0,19248046.01,0,0,19248046.01,0,0,19248046.01,0,0,19248046.01,0,0,19248046.01,0,0,19248046.01,0,0,19248046.01,0,0,19248046.01,0,0,19248046.01,0,0,19248046.01,0,0,19248046.01,0,0,19248046.01,0,0,19248046.01,0,0,19248046.01
0,1,Moderna,2021-02-01,IMMUNOSUPPR,0,0,0,0,0,0,0,0,0,0,0,0,0,0,0,0,0,0,0,0,0,0,0,0,0,0,0,0,0,0,0,0,0,0,0,0,0,0,0,0,0,0,0,0,0,0,0,0,0,0,19248046.01,0,0,19248046.01,0,0,19248046.01,0,0,19248046.01,0,0,19248046.01,0,0,19248046.01,0,0,19248046.01,0,0,19248046.01,0,0,19248046.01,0,0,19248046.01,0,0,19248046.01,0,0,19248046.01,0,0,19248046.01,0,0,19248046.01,0,0,19248046.01,0,0,19248046.01,0,0,19248046.01,0,0,19248046.01,0,0,19248046.01,0,0,19248046.01,0,0,19248046.01,0,0,19248046.01,0,0,19248046.01,0,0,19248046.01,0,0,19248046.01,0,0,19248046.01,0,0,19248046.01,0,0,19248046.01,0,0,19248046.01,0,0,19248046.01,0,0,19248046.01,0,0,19248046.01,0,0,19248046.01,0,0,19248046.01,0,0,19248046.01,0,0,19248046.01,0,0,19248046.01,0,0,19248046.01,0,0,19248046.01,0,0,19248046.01,0,0,19248046.01,0,0,19248046.01,0,0,19248046.01,0,0,19248046.01,0,0,19248046.01,0,0,19248046.01,0,0,19248046.01,0,0,19248046.01
0,2,Moderna,2021-02-15,IMMUNOSUPPR,0,0,0,0,0,0,0,0,0,0,0,0,0,0,0,0,0,0,0,0,0,0,0,0,0,0,0,0,0,0,0,0,0,0,0,0,0,0,0,0,0,0,0,0,0,0,0,0,0,0,44912107.35,0,0,44912107.35,0,0,44912107.35,0,0,44912107.35,0,0,44912107.35,0,0,44912107.35,0,0,44912107.35,0,0,44912107.35,0,0,44912107.35,0,0,44912107.35,0,0,44912107.35,0,0,44912107.35,0,0,44912107.35,0,0,44912107.35,0,0,44912107.35,0,0,44912107.35,0,0,44912107.35,0,0,44912107.35,0,0,44912107.35,0,0,44912107.35,0,0,44912107.35,0,0,44912107.35,0,0,44912107.35,0,0,44912107.35,0,0,44912107.35,0,0,44912107.35,0,0,44912107.35,0,0,44912107.35,0,0,44912107.35,0,0,44912107.35,0,0,44912107.35,0,0,44912107.35,0,0,44912107.35,0,0,44912107.35,0,0,44912107.35,0,0,44912107.35,0,0,44912107.35,0,0,44912107.35,0,0,44912107.35,0,0,44912107.35,0,0,44912107.35,0,0,44912107.35,0,0,44912107.35,0,0,44912107.35,0,0,44912107.35,0,0,44912107.35,0,0,44912107.35,0,0,44912107.35
0,2,Moderna,2021-02-22,IMMUNOSUPPR,0,0,0,0,0,0,0,0,0,0,0,0,0,0,0,0,0,0,0,0,0,0,0,0,0,0,0,0,0,0,0,0,0,0,0,0,0,0,0,0,0,0,0,0,0,0,0,0,0,0,19248046.01,0,0,19248046.01,0,0,19248046.01,0,0,19248046.01,0,0,19248046.01,0,0,19248046.01,0,0,19248046.01,0,0,19248046.01,0,0,19248046.01,0,0,19248046.01,0,0,19248046.01,0,0,19248046.01,0,0,19248046.01,0,0,19248046.01,0,0,19248046.01,0,0,19248046.01,0,0,19248046.01,0,0,19248046.01,0,0,19248046.01,0,0,19248046.01,0,0,19248046.01,0,0,19248046.01,0,0,19248046.01,0,0,19248046.01,0,0,19248046.01,0,0,19248046.01,0,0,19248046.01,0,0,19248046.01,0,0,19248046.01,0,0,19248046.01,0,0,19248046.01,0,0,19248046.01,0,0,19248046.01,0,0,19248046.01,0,0,19248046.01,0,0,19248046.01,0,0,19248046.01,0,0,19248046.01,0,0,19248046.01,0,0,19248046.01,0,0,19248046.01,0,0,19248046.01,0,0,19248046.01,0,0,19248046.01,0,0,19248046.01,0,0,19248046.01,0,0,19248046.01,0,0,19248046.01
0,2,Moderna,2021-03-01,IMMUNOSUPPR,0,0,0,0,0,0,0,0,0,0,0,0,0,0,0,0,0,0,0,0,0,0,0,0,0,0,0,0,0,0,0,0,0,0,0,0,0,0,0,0,0,0,0,0,0,0,0,0,0,0,19248046.01,0,0,19248046.01,0,0,19248046.01,0,0,19248046.01,0,0,19248046.01,0,0,19248046.01,0,0,19248046.01,0,0,19248046.01,0,0,19248046.01,0,0,19248046.01,0,0,19248046.01,0,0,19248046.01,0,0,19248046.01,0,0,19248046.01,0,0,19248046.01,0,0,19248046.01,0,0,19248046.01,0,0,19248046.01,0,0,19248046.01,0,0,19248046.01,0,0,19248046.01,0,0,19248046.01,0,0,19248046.01,0,0,19248046.01,0,0,19248046.01,0,0,19248046.01,0,0,19248046.01,0,0,19248046.01,0,0,19248046.01,0,0,19248046.01,0,0,19248046.01,0,0,19248046.01,0,0,19248046.01,0,0,19248046.01,0,0,19248046.01,0,0,19248046.01,0,0,19248046.01,0,0,19248046.01,0,0,19248046.01,0,0,19248046.01,0,0,19248046.01,0,0,19248046.01,0,0,19248046.01,0,0,19248046.01,0,0,19248046.01,0,0,19248046.01,0,0,19248046.01,0,0,19248046.01
0,1,J&J,2021-04-26,IMMUNOSUPPR,0,0,0,0,0,0,0,0,0,0,0,0,0,0,0,0,0,0,0,0,0,0,0,0,0,0,0,0,0,0,0,0,0,0,0,0,0,0,0,0,0,0,0,0,0,0,0,0,0,0,22456053.68,0,0,22456053.68,0,0,22456053.68,0,0,22456053.68,0,0,22456053.68,0,0,22456053.68,0,0,22456053.68,0,0,22456053.68,0,0,22456053.68,0,0,22456053.68,0,0,22456053.68,0,0,22456053.68,0,0,22456053.68,0,0,22456053.68,0,0,22456053.68,0,0,22456053.68,0,0,22456053.68,0,0,22456053.68,0,0,22456053.68,0,0,22456053.68,0,0,22456053.68,0,0,22456053.68,0,0,22456053.68,0,0,22456053.68,0,0,22456053.68,0,0,22456053.68,0,0,22456053.68,0,0,22456053.68,0,0,22456053.68,0,0,22456053.68,0,0,22456053.68,0,0,22456053.68,0,0,22456053.68,0,0,22456053.68,0,0,22456053.68,0,0,22456053.68,0,0,22456053.68,0,0,22456053.68,0,0,22456053.68,0,0,22456053.68,,,0,0,0,22456053.68,0,0,22456053.68,0,0,22456053.68,0,0,22456053.68,0,0,22456053.68,0,0,22456053.68,0,0,22456053.68
0,1,J&J,2021-05-03,IMMUNOSUPPR,0,0,0,0,0,0,0,0,0,0,0,0,0,0,0,0,0,0,0,0,0,0,0,0,0,0,0,0,0,0,0,0,0,0,0,0,0,0,0,0,0,0,0,0,0,0,0,0,0,0,19248046.01,0,0,19248046.01,0,0,19248046.01,0,0,19248046.01,0,0,19248046.01,0,0,19248046.01,0,0,19248046.01,0,0,19248046.01,0,0,19248046.01,0,0,19248046.01,0,0,19248046.01,0,0,19248046.01,0,0,19248046.01,0,0,19248046.01,0,0,19248046.01,0,0,19248046.01,0,0,19248046.01,0,0,19248046.01,0,0,19248046.01,0,0,19248046.01,0,0,19248046.01,0,0,19248046.01,0,0,19248046.01,0,0,19248046.01,0,0,19248046.01,0,0,19248046.01,0,0,19248046.01,0,0,19248046.01,0,0,19248046.01,0,0,19248046.01,0,0,19248046.01,0,0,19248046.01,0,0,19248046.01,0,0,19248046.01,0,0,19248046.01,0,0,19248046.01,0,0,19248046.01,0,0,19248046.01,0,0,19248046.01,0,0,19248046.01,,,0,0,0,19248046.01,0,0,19248046.01,0,0,19248046.01,0,0,19248046.01,0,0,19248046.01,0,0,19248046.01,0,0,19248046.01
0,1,Pfizer,2021-03-22,IMMUNOSUPPR,0,0,0,0,0,0,0,0,0,0,0,0,0,0,0,0,0,0,0,0,0,0,0,0,0,0,0,0,0,0,0,0,0,0,0,0,0,0,0,0,0,0,0,0,0,0,0,0,0,0,2495117.08,0,0,2495117.08,0,0,2495117.08,0,0,2495117.08,0,0,2495117.08,0,0,2495117.08,0,0,2495117.08,0,0,2495117.08,0,0,2495117.08,0,0,2495117.08,0,0,2495117.08,0,0,2495117.08,0,0,2495117.08,0,0,2495117.08,0,0,2495117.08,0,0,2495117.08,0,0,2495117.08,0,0,2495117.08,0,0,2495117.08,0,0,2495117.08,0,0,2495117.08,0,0,2495117.08,0,0,2495117.08,0,0,2495117.08,0,0,2495117.08,0,0,2495117.08,0,0,2495117.08,0,0,2495117.08,0,0,2495117.08,0,0,2495117.08,0,0,2495117.08,0,0,2495117.08,0,0,2495117.08,0,0,2495117.08,0,0,2495117.08,0,0,2495117.08,0,0,2495117.08,0,0,2495117.08,0,0,2495117.08,0,0,2495117.08,0,0,8421020.13,0,0,2495117.08,0,0,2495117.08,0,0,2495117.08,0,0,2495117.08,0,0,2495117.08,0,0,2495117.08,0,0,2495117.08
1,0,0,2020-01-06,IMMUNOSUPPR,0,0,0,0,0,0,0,0,0,0,0,0,0,0,0,0,0,0,0,0,0,0,0,0,0,0,0,0,0,0,0,0,0,0,0,0,0,0,0,0,0,0,0,0,0,0,0,0,0,0,136372.8,0,0,136372.8,0,0,135413.39,0,0,140350.34,0,0,138475.15,0,0,139478.59,0,0,136372.8,0,0,140350.34,0,0,139478.59,0,0,139478.59,0,0,136372.8,0,0,136372.8,0,0,136372.8,0,0,136372.8,0,0,135413.39,0,0,135413.39,0,0,135413.39,0,0,136372.8,0,0,135413.39,0,0,135413.39,0,0,136372.8,0,0,135413.39,0,0,135413.39,0,0,135413.39,0,0,135413.39,0,0,135413.39,0,0,135413.39,0,0,135413.39,0,0,135413.39,0,0,135413.39,0,0,135413.39,0,0,135413.39,0,0,135413.39,0,0,137345.89,0,0,137345.89,0,0,135413.39,0,0,135413.39,0,0,135413.39,0,0,135413.39,0,0,135413.39,0,0,196408.63,0,0,135413.39,0,0,135413.39,0,0,135413.39,0,0,136372.8,0,0,137345.89,0,0,138332.98,0,0,135413.39
1,0,0,2020-01-13,IMMUNOSUPPR,0,0,0,0,0,0,0,0,0,0,0,0,0,0,0,0,0,0,0,0,0,0,0,0,0,0,0,0,0,0,0,0,0,0,0,0,0,0,0,0,0,0,0,0,0,0,0,0,0,0,136510.96,0,0,136510.96,0,0,135549.62,0,0,140496.69,0,0,138475.15,0,0,139478.59,0,0,136510.96,0,0,140496.69,0,0,139478.59,0,0,139478.59,0,0,136510.96,0,0,136510.96,0,0,136510.96,0,0,136510.96,0,0,135549.62,0,0,135549.62,0,0,135549.62,0,0,136510.96,0,0,135549.62,0,0,135549.62,0,0,136510.96,0,0,135549.62,0,0,135549.62,0,0,135549.62,0,0,135549.62,0,0,135549.62,0,0,135549.62,0,0,135549.62,0,0,135549.62,0,0,135549.62,0,0,135549.62,0,0,135549.62,0,0,135549.62,0,0,137486.04,0,0,137486.04,0,0,135549.62,0,0,135549.62,0,0,135549.62,0,0,135549.62,0,0,135549.62,0,0,196408.63,0,0,135549.62,0,0,135549.62,0,0,135549.62,0,0,136510.96,0,0,137486.04,0,0,138475.15,0,0,135549.62
1,0,0,2020-01-20,IMMUNOSUPPR,0,0,0,1,0,0,0,0,0,0,0,0,0,0,0,0,0,0,0,0,0,0,0,0,0,0,0,0,0,0,0,0,0,0,0,0,0,0,0,0,0,0,0,0,0,0,0,0,0,0,136510.96,0,0,136510.96,0,0,135549.62,38206.07,967.29,212870.58,0,0,138475.15,0,0,139478.59,0,0,136510.96,0,0,140496.69,0,0,139478.59,0,0,139478.59,0,0,136510.96,0,0,136510.96,0,0,136510.96,0,0,136510.96,0,0,135549.62,0,0,135549.62,0,0,135549.62,0,0,136510.96,0,0,135549.62,0,0,135549.62,0,0,136510.96,0,0,135549.62,0,0,135549.62,0,0,135549.62,0,0,135549.62,0,0,135549.62,0,0,135549.62,0,0,135549.62,0,0,135549.62,0,0,135549.62,0,0,135549.62,0,0,135549.62,0,0,135549.62,0,0,137486.04,0,0,137486.04,0,0,135549.62,0,0,135549.62,0,0,135549.62,0,0,135549.62,0,0,135549.62,0,0,196408.63,0,0,135549.62,0,0,135549.62,0,0,135549.62,0,0,136510.96,0,0,137486.04,0,0,138475.15,0,0,135549.62
1,0,0,2020-01-27,IMMUNOSUPPR,0,0,0,0,0,0,0,0,0,0,0,0,0,0,0,0,0,0,0,0,0,0,0,0,0,0,0,0,0,0,0,0,0,0,0,0,0,0,0,0,0,0,0,0,0,0,0,0,0,0,137486.04,0,0,137486.04,0,0,136510.96,0,0,142578.12,0,0,139478.59,0,0,140496.69,0,0,137486.04,0,0,141529.75,0,0,140496.69,0,0,140496.69,0,0,137486.04,0,0,137486.04,0,0,137486.04,0,0,137486.04,0,0,136510.96,0,0,136510.96,0,0,136510.96,0,0,137486.04,0,0,136510.96,0,0,136510.96,0,0,137486.04,0,0,136510.96,0,0,136510.96,0,0,136510.96,0,0,136510.96,0,0,136510.96,0,0,136510.96,0,0,136510.96,0,0,136510.96,0,0,136510.96,0,0,136510.96,0,0,136510.96,0,0,136510.96,0,0,138475.15,0,0,138475.15,0,0,136510.96,0,0,136510.96,0,0,136510.96,0,0,136510.96,0,0,136510.96,0,0,196408.63,0,0,136510.96,0,0,136510.96,0,0,136510.96,0,0,137486.04,0,0,138475.15,0,0,139478.59,0,0,136510.96
1,0,0,2020-02-03,IMMUNOSUPPR,0,0,0,0,0,0,0,0,0,0,0,0,0,0,0,0,0,0,0,0,0,0,0,0,0,0,0,0,0,0,0,0,0,0,0,0,0,0,0,0,0,0,0,0,0,0,0,0,0,0,137486.04,0,0,137486.04,0,0,136510.96,0,0,142578.12,0,0,139478.59,0,0,140496.69,0,0,137486.04,0,0,141529.75,0,0,140496.69,0,0,140496.69,0,0,137486.04,0,0,137486.04,0,0,137486.04,0,0,137486.04,0,0,136510.96,0,0,136510.96,0,0,136510.96,0,0,137486.04,0,0,136510.96,0,0,136510.96,0,0,137486.04,0,0,136510.96,0,0,136510.96,0,0,136510.96,0,0,136510.96,0,0,136510.96,0,0,136510.96,0,0,136510.96,0,0,136510.96,0,0,136510.96,0,0,136510.96,0,0,136510.96,0,0,136510.96,0,0,138475.15,0,0,138475.15,0,0,136510.96,0,0,136510.96,0,0,136510.96,0,0,136510.96,0,0,136510.96,0,0,196408.63,0,0,136510.96,0,0,136510.96,0,0,136510.96,0,0,137486.04,0,0,138475.15,0,0,139478.59,0,0,136510.96
1,0,0,2020-02-10,IMMUNOSUPPR,0,0,0,0,0,0,0,0,0,0,0,0,0,0,0,0,0,0,0,0,0,0,0,0,0,0,0,0,0,0,0,0,0,0,0,0,0,1,0,0,0,0,0,0,0,0,0,0,0,0,137486.04,0,0,137486.04,0,0,136510.96,0,0,142578.12,0,0,139478.59,0,0,140496.69,0,0,137486.04,0,0,141529.75,0,0,140496.69,0,0,140496.69,0,0,137486.04,0,0,137486.04,0,0,137486.04,0,0,137486.04,0,0,136510.96,0,0,136510.96,0,0,136510.96,0,0,137486.04,0,0,136510.96,0,0,136510.96,0,0,137486.04,0,0,136510.96,0,0,136510.96,0,0,136510.96,0,0,136510.96,0,0,136510.96,0,0,136510.96,0,0,136510.96,0,0,136510.96,0,0,136510.96,0,0,136510.96,0,0,136510.96,0,0,136510.96,0,0,138475.15,0,0,138475.15,0,0,136510.96,0,0,136510.96,0,0,136510.96,0,0,136510.96,0,0,136510.96,53477.31,1353.93,297956.48,0,0,136510.96,0,0,136510.96,0,0,136510.96,0,0,137486.04,0,0,138475.15,0,0,139478.59,0,0,136510.96
1,0,0,2020-02-17,IMMUNOSUPPR,0,0,0,0,0,0,0,0,0,0,0,0,0,0,0,0,0,0,0,0,0,0,0,0,0,0,0,0,0,0,0,0,0,0,0,0,0,0,0,0,0,0,0,0,0,0,0,0,0,0,137486.04,0,0,137486.04,0,0,136510.96,0,0,142578.12,0,0,139478.59,0,0,140496.69,0,0,137486.04,0,0,141529.75,0,0,140496.69,0,0,140496.69,0,0,137486.04,0,0,137486.04,0,0,137486.04,0,0,137486.04,0,0,136510.96,0,0,136510.96,0,0,136510.96,0,0,137486.04,0,0,136510.96,0,0,136510.96,0,0,137486.04,0,0,136510.96,0,0,136510.96,0,0,136510.96,0,0,136510.96,0,0,136510.96,0,0,136510.96,0,0,136510.96,0,0,136510.96,0,0,136510.96,0,0,136510.96,0,0,136510.96,0,0,136510.96,0,0,138475.15,0,0,138475.15,0,0,136510.96,0,0,136510.96,0,0,136510.96,0,0,136510.96,0,0,136510.96,0,0,198433.46,0,0,136510.96,0,0,136510.96,0,0,136510.96,0,0,137486.04,0,0,138475.15,0,0,139478.59,0,0,136510.96
1,0,0,2020-02-24,IMMUNOSUPPR,0,0,0,0,0,0,0,0,1,1,0,0,0,0,0,0,1,1,0,0,0,0,0,0,0,0,0,0,0,0,0,0,0,0,0,0,0,0,0,0,0,0,0,0,0,0,0,0,0,0,137486.04,0,0,137486.04,0,0,136510.96,0,0,142578.12,0,0,139478.59,0,0,140496.69,0,0,137486.04,0,0,141529.75,38326.34,970.34,213540.69,38326.34,970.34,213540.69,0,0,137486.04,0,0,137486.04,0,0,137486.04,0,0,137486.04,0,0,136510.96,0,0,136510.96,37043.61,937.86,206393.79,37308.48,944.57,207869.54,0,0,136510.96,0,0,136510.96,0,0,137486.04,0,0,136510.96,0,0,136510.96,0,0,136510.96,0,0,136510.96,0,0,136510.96,0,0,136510.96,0,0,136510.96,0,0,136510.96,0,0,136510.96,0,0,136510.96,0,0,136510.96,0,0,136510.96,0,0,138475.15,0,0,138475.15,0,0,136510.96,0,0,136510.96,0,0,136510.96,0,0,136510.96,0,0,136510.96,0,0,198433.46,0,0,136510.96,0,0,136510.96,0,0,136510.96,0,0,137486.04,0,0,138475.15,0,0,139478.59,0,0,136510.96
1,0,0,2020-03-02,IMMUNOSUPPR,0,0,0,0,0,0,0,0,0,0,0,0,0,0,0,0,0,0,0,0,0,0,0,0,0,0,0,0,0,0,0,0,0,0,0,0,0,0,0,0,0,0,0,0,0,0,0,0,0,0,137486.04,0,0,137486.04,0,0,136510.96,0,0,142578.12,0,0,139478.59,0,0,140496.69,0,0,137486.04,0,0,141529.75,0,0,141529.75,0,0,141529.75,0,0,137486.04,0,0,137486.04,0,0,137486.04,0,0,137486.04,0,0,136510.96,0,0,136510.96,0,0,137486.04,0,0,138475.15,0,0,136510.96,0,0,136510.96,0,0,137486.04,0,0,136510.96,0,0,136510.96,0,0,136510.96,0,0,136510.96,0,0,136510.96,0,0,136510.96,0,0,136510.96,0,0,136510.96,0,0,136510.96,0,0,136510.96,0,0,136510.96,0,0,136510.96,0,0,138475.15,0,0,138475.15,0,0,136510.96,0,0,136510.96,0,0,136510.96,0,0,136510.96,0,0,136510.96,0,0,198433.46,0,0,136510.96,0,0,136510.96,0,0,136510.96,0,0,137486.04,0,0,138475.15,0,0,139478.59,0,0,136510.96
1,0,0,2020-03-09,IMMUNOSUPPR,0,0,0,0,0,0,0,0,0,0,0,0,0,0,0,0,0,0,0,0,0,0,0,0,0,0,0,0,0,0,0,0,0,0,0,0,0,0,0,0,0,0,0,0,0,0,0,1,0,0,137486.04,0,0,137486.04,0,0,136510.96,0,0,142578.12,0,0,139478.59,0,0,140496.69,0,0,137486.04,0,0,141529.75,0,0,141529.75,0,0,141529.75,0,0,137486.04,0,0,137486.04,0,0,137486.04,0,0,137486.04,0,0,136510.96,0,0,136510.96,0,0,137486.04,0,0,138475.15,0,0,136510.96,0,0,136510.96,0,0,137486.04,0,0,136510.96,0,0,136510.96,37156.66,940.73,207023.68,0,0,136510.96,0,0,136510.96,0,0,136510.96,0,0,136510.96,0,0,136510.96,0,0,136510.96,0,0,136510.96,0,0,136510.96,0,0,136510.96,0,0,138475.15,0,0,138475.15,0,0,136510.96,0,0,136510.96,0,0,136510.96,0,0,136510.96,0,0,136510.96,0,0,198433.46,0,0,136510.96,0,0,136510.96,0,0,136510.96,0,0,137486.04,0,0,138475.15,0,0,139478.59,0,0,136510.96
1,0,0,2020-03-16,IMMUNOSUPPR,0,0,0,0,0,0,0,0,0,0,0,0,0,0,0,0,0,0,0,0,0,0,0,0,0,0,0,0,0,0,0,0,0,0,0,0,0,0,0,0,0,0,0,0,0,0,0,0,0,0,137486.04,0,0,137486.04,0,0,136510.96,0,0,142578.12,0,0,139478.59,0,0,140496.69,0,0,137486.04,0,0,141529.75,0,0,141529.75,0,0,141529.75,0,0,137486.04,0,0,137486.04,0,0,137486.04,0,0,137486.04,0,0,136510.96,0,0,136510.96,0,0,137486.04,0,0,138475.15,0,0,136510.96,0,0,136510.96,0,0,137486.04,0,0,136510.96,0,0,136510.96,0,0,137486.04,0,0,136510.96,0,0,136510.96,0,0,136510.96,0,0,136510.96,0,0,136510.96,0,0,136510.96,0,0,136510.96,0,0,136510.96,0,0,136510.96,0,0,138475.15,0,0,138475.15,0,0,136510.96,0,0,136510.96,0,0,136510.96,0,0,136510.96,0,0,136510.96,0,0,198433.46,0,0,136510.96,0,0,136510.96,0,0,136510.96,0,0,137486.04,0,0,138475.15,0,0,139478.59,0,0,136510.96
1,0,0,2020-03-23,IMMUNOSUPPR,0,0,0,0,0,0,0,0,0,0,0,0,0,0,0,0,0,0,0,0,0,0,0,0,0,0,0,0,0,0,0,0,0,0,0,0,0,0,0,0,0,0,0,0,0,0,0,0,0,0,137486.04,0,0,137486.04,0,0,136510.96,0,0,142578.12,0,0,139478.59,0,0,140496.69,0,0,137486.04,0,0,141529.75,0,0,141529.75,0,0,141529.75,0,0,137486.04,0,0,137486.04,0,0,137486.04,0,0,137486.04,0,0,136510.96,0,0,136510.96,0,0,137486.04,0,0,138475.15,0,0,136510.96,0,0,136510.96,0,0,137486.04,0,0,136510.96,0,0,136510.96,0,0,137486.04,0,0,136510.96,0,0,136510.96,0,0,136510.96,0,0,136510.96,0,0,136510.96,0,0,136510.96,0,0,136510.96,0,0,136510.96,0,0,136510.96,0,0,138475.15,0,0,138475.15,0,0,136510.96,0,0,136510.96,0,0,136510.96,0,0,136510.96,0,0,136510.96,0,0,198433.46,0,0,136510.96,0,0,136510.96,0,0,136510.96,0,0,137486.04,0,0,138475.15,0,0,139478.59,0,0,136510.96
1,0,0,2020-03-30,IMMUNOSUPPR,0,0,0,0,0,0,0,0,0,0,0,0,0,0,0,0,0,0,0,0,0,0,0,0,0,0,0,0,0,0,0,0,0,0,0,0,0,0,0,0,0,0,0,0,0,0,0,0,0,0,137486.04,0,0,137486.04,0,0,136510.96,0,0,142578.12,0,0,139478.59,0,0,140496.69,0,0,137486.04,0,0,141529.75,0,0,141529.75,0,0,141529.75,0,0,137486.04,0,0,137486.04,0,0,137486.04,0,0,137486.04,0,0,136510.96,0,0,136510.96,0,0,137486.04,0,0,138475.15,0,0,136510.96,0,0,136510.96,0,0,137486.04,0,0,136510.96,0,0,136510.96,0,0,137486.04,0,0,136510.96,0,0,136510.96,0,0,136510.96,0,0,136510.96,0,0,136510.96,0,0,136510.96,0,0,136510.96,0,0,136510.96,0,0,136510.96,0,0,138475.15,0,0,138475.15,0,0,136510.96,0,0,136510.96,0,0,136510.96,0,0,136510.96,0,0,136510.96,0,0,198433.46,0,0,136510.96,0,0,136510.96,0,0,136510.96,0,0,137486.04,0,0,138475.15,0,0,139478.59,0,0,136510.96
1,0,0,2020-04-06,IMMUNOSUPPR,0,0,0,0,0,0,0,0,0,0,0,0,0,0,0,0,0,0,0,0,0,0,0,0,0,0,0,0,0,0,0,0,0,0,0,0,0,0,0,0,0,0,0,0,0,0,0,0,0,0,137908.21,0,0,137908.21,0,0,136927.16,0,0,143032.19,0,0,139913.11,0,0,140937.58,0,0,137908.21,0,0,141977.16,0,0,141977.16,0,0,141977.16,0,0,137908.21,0,0,137908.21,0,0,137908.21,0,0,137908.21,0,0,136927.16,0,0,136927.16,0,0,137908.21,0,0,138903.42,0,0,136927.16,0,0,136927.16,0,0,137908.21,0,0,136927.16,0,0,136927.16,0,0,137626.48,0,0,136927.16,0,0,136927.16,0,0,136927.16,0,0,136927.16,0,0,136927.16,0,0,136927.16,0,0,136927.16,0,0,136927.16,0,0,136927.16,0,0,138903.42,0,0,138903.42,0,0,136927.16,0,0,136927.16,0,0,136927.16,0,0,136927.16,0,0,136927.16,0,0,198433.46,0,0,136927.16,0,0,136927.16,0,0,136927.16,0,0,137908.21,0,0,138903.42,0,0,139913.11,0,0,136927.16
1,0,0,2020-04-13,IMMUNOSUPPR,0,0,0,0,0,0,0,0,0,0,0,0,0,0,0,0,0,0,0,0,0,0,0,0,0,0,0,0,0,0,0,0,0,0,0,0,0,0,0,0,0,0,0,0,0,0,0,0,0,0,138475.15,0,0,138475.15,0,0,137486.04,0,0,143642.13,0,0,140496.69,0,0,141529.75,0,0,138475.15,0,0,142578.12,0,0,142578.12,0,0,142578.12,0,0,138475.15,0,0,138475.15,0,0,138475.15,0,0,138475.15,0,0,137486.04,0,0,137486.04,0,0,138475.15,0,0,139478.59,0,0,137486.04,0,0,137486.04,0,0,138475.15,0,0,137486.04,0,0,137486.04,0,0,137486.04,0,0,137486.04,0,0,137486.04,0,0,137486.04,0,0,137486.04,0,0,137486.04,0,0,137486.04,0,0,137486.04,0,0,137486.04,0,0,137486.04,0,0,139478.59,0,0,139478.59,0,0,137486.04,0,0,137486.04,0,0,137486.04,0,0,137486.04,0,0,137486.04,0,0,198433.46,0,0,137486.04,0,0,137486.04,0,0,137486.04,0,0,138475.15,0,0,139478.59,0,0,140496.69,0,0,137486.04
1,0,0,2020-04-20,IMMUNOSUPPR,0,0,0,0,0,0,0,0,0,0,0,0,0,0,0,0,0,0,0,0,0,0,0,0,0,0,0,0,0,0,0,0,0,0,0,0,0,0,0,0,0,0,0,0,0,0,0,0,0,0,139478.59,0,0,139478.59,0,0,138475.15,0,0,144722.15,0,0,141529.75,0,0,142578.12,0,0,139478.59,0,0,143642.13,0,0,143642.13,0,0,143642.13,0,0,139478.59,0,0,139478.59,0,0,139478.59,0,0,139478.59,0,0,138475.15,0,0,138475.15,0,0,139478.59,0,0,140496.69,0,0,138475.15,0,0,138475.15,0,0,139478.59,0,0,138475.15,0,0,138475.15,0,0,138475.15,0,0,138475.15,0,0,138475.15,0,0,138475.15,0,0,138475.15,0,0,138475.15,0,0,138475.15,0,0,138475.15,0,0,138475.15,0,0,138475.15,0,0,140496.69,0,0,140496.69,0,0,138475.15,0,0,138475.15,0,0,138475.15,0,0,138475.15,0,0,138475.15,0,0,200500.48,0,0,138475.15,0,0,138475.15,0,0,138475.15,0,0,139478.59,0,0,140496.69,0,0,141529.75,0,0,138475.15
1,0,0,2020-04-27,IMMUNOSUPPR,0,0,0,0,0,0,0,0,0,0,0,0,0,0,0,0,0,0,0,0,0,0,0,0,0,0,0,0,0,0,0,0,0,0,0,0,0,0,0,0,0,0,0,0,0,0,0,0,0,0,139478.59,0,0,139478.59,0,0,138475.15,0,0,144722.15,0,0,141529.75,0,0,142578.12,0,0,139478.59,0,0,143642.13,0,0,143642.13,0,0,143642.13,0,0,139478.59,0,0,139478.59,0,0,139478.59,0,0,139478.59,0,0,138475.15,0,0,138475.15,0,0,139478.59,0,0,140496.69,0,0,138475.15,0,0,138475.15,0,0,139478.59,0,0,138475.15,0,0,138475.15,0,0,138475.15,0,0,138475.15,0,0,138475.15,0,0,138475.15,0,0,138475.15,0,0,138475.15,0,0,138475.15,0,0,138475.15,0,0,138475.15,0,0,138475.15,0,0,140496.69,0,0,140496.69,0,0,138475.15,0,0,138475.15,0,0,138475.15,0,0,138475.15,0,0,138475.15,0,0,200500.48,0,0,138475.15,0,0,138475.15,0,0,138475.15,0,0,139478.59,0,0,140496.69,0,0,141529.75,0,0,138475.15
1,0,0,2020-05-04,IMMUNOSUPPR,0,0,0,0,0,0,0,0,0,0,0,0,0,0,0,0,0,0,0,0,0,0,0,0,0,0,0,0,0,0,0,0,0,0,0,0,0,1,0,0,0,0,0,0,0,0,0,0,0,0,139478.59,0,0,139478.59,0,0,138475.15,0,0,144722.15,0,0,141529.75,0,0,142578.12,0,0,139478.59,0,0,143642.13,0,0,143642.13,0,0,143642.13,0,0,139478.59,0,0,139478.59,0,0,139478.59,0,0,139478.59,0,0,138475.15,0,0,138475.15,0,0,139478.59,0,0,140496.69,0,0,138475.15,0,0,138475.15,0,0,139478.59,0,0,138475.15,0,0,138475.15,0,0,138475.15,0,0,138475.15,0,0,138475.15,0,0,138475.15,0,0,138475.15,0,0,138475.15,0,0,138475.15,0,0,138475.15,0,0,138475.15,0,0,138475.15,0,0,140496.69,0,0,140496.69,0,0,138475.15,0,0,138475.15,0,0,138475.15,0,0,138475.15,0,0,138475.15,54433.68,1378.14,303285.06,0,0,138475.15,0,0,138475.15,0,0,138475.15,0,0,139478.59,0,0,140496.69,0,0,141529.75,0,0,138475.15
1,0,0,2020-05-11,IMMUNOSUPPR,0,0,0,0,0,0,0,0,0,0,0,0,0,0,0,0,0,0,0,0,0,0,0,0,0,0,0,0,0,0,0,0,0,0,0,0,0,0,0,0,0,0,0,0,0,0,0,0,0,0,139913.11,0,0,139913.11,0,0,138903.42,0,0,145190,0,0,141977.16,0,0,143032.19,0,0,139913.11,0,0,144103.02,0,0,144103.02,0,0,144103.02,0,0,139913.11,0,0,139913.11,0,0,139913.11,0,0,139913.11,0,0,138903.42,0,0,138903.42,0,0,139913.11,0,0,140937.58,0,0,138903.42,0,0,138903.42,0,0,139913.11,0,0,138903.42,0,0,138903.42,0,0,138903.42,0,0,138903.42,0,0,138903.42,0,0,138903.42,0,0,138903.42,0,0,138903.42,0,0,138903.42,0,0,138903.42,0,0,138903.42,0,0,138903.42,0,0,140937.58,0,0,140937.58,0,0,138903.42,0,0,138903.42,0,0,138903.42,0,0,138903.42,0,0,138903.42,0,0,202611.01,0,0,138903.42,0,0,138903.42,0,0,138903.42,0,0,139913.11,0,0,140937.58,0,0,141977.16,0,0,138903.42
1,0,0,2020-05-18,IMMUNOSUPPR,0,0,0,0,0,0,0,0,0,0,0,0,0,0,0,0,0,0,0,0,0,0,0,0,0,0,0,0,0,0,0,0,0,0,0,0,0,0,0,0,0,0,0,0,0,0,0,0,0,0,140496.69,0,0,140496.69,0,0,139478.59,0,0,145818.53,0,0,142578.12,0,0,143642.13,0,0,140496.69,0,0,144722.15,0,0,144722.15,0,0,144722.15,0,0,140496.69,0,0,140496.69,0,0,140496.69,0,0,140496.69,0,0,139478.59,0,0,139478.59,0,0,140496.69,0,0,141529.75,0,0,139478.59,0,0,139478.59,0,0,140496.69,0,0,139478.59,0,0,139478.59,0,0,139478.59,0,0,139478.59,0,0,139478.59,0,0,139478.59,0,0,139478.59,0,0,139478.59,0,0,139478.59,0,0,139478.59,0,0,139478.59,0,0,139478.59,0,0,141529.75,0,0,141529.75,0,0,139478.59,0,0,139478.59,0,0,139478.59,0,0,139478.59,0,0,139478.59,0,0,202611.01,0,0,139478.59,0,0,139478.59,0,0,139478.59,0,0,140496.69,0,0,141529.75,0,0,142578.12,0,0,139478.59
1,0,0,2020-05-25,IMMUNOSUPPR,0,0,0,0,0,1,0,0,1,1,0,0,0,0,0,0,0,0,0,0,0,0,0,0,0,0,0,0,0,0,0,0,0,0,0,0,0,0,0,0,0,0,0,0,0,0,0,0,0,0,140496.69,0,0,140496.69,0,0,139478.59,0,0,145818.53,0,0,142578.12,38980.79,986.91,217187.06,0,0,140496.69,0,0,144722.15,39274.19,994.34,218821.8,39274.19,994.34,218821.8,0,0,140496.69,0,0,140496.69,0,0,140496.69,0,0,140496.69,0,0,139478.59,0,0,139478.59,0,0,140496.69,0,0,141529.75,0,0,139478.59,0,0,139478.59,0,0,140496.69,0,0,139478.59,0,0,139478.59,0,0,139478.59,0,0,139478.59,0,0,139478.59,0,0,139478.59,0,0,139478.59,0,0,139478.59,0,0,139478.59,0,0,139478.59,0,0,139478.59,0,0,139478.59,0,0,141529.75,0,0,141529.75,0,0,139478.59,0,0,139478.59,0,0,139478.59,0,0,139478.59,0,0,139478.59,0,0,202611.01,0,0,139478.59,0,0,139478.59,0,0,139478.59,0,0,140496.69,0,0,141529.75,0,0,142578.12,0,0,139478.59
1,0,0,2020-06-01,IMMUNOSUPPR,0,0,0,0,0,0,0,0,0,0,0,0,0,0,0,0,0,0,0,0,0,0,0,0,0,0,0,0,0,0,0,0,0,0,0,0,0,0,0,0,1,0,0,0,0,0,0,0,0,0,141381.24,0,0,141381.24,0,0,140350.34,0,0,146771.59,0,0,143489.16,0,0,145660.89,0,0,141381.24,0,0,145660.89,0,0,146771.59,0,0,146771.59,0,0,141381.24,0,0,141381.24,0,0,141381.24,0,0,141381.24,0,0,140350.34,0,0,140350.34,0,0,141381.24,0,0,142427.4,0,0,140350.34,0,0,140350.34,0,0,141381.24,0,0,140350.34,0,0,140350.34,0,0,140350.34,0,0,140350.34,0,0,140350.34,0,0,140350.34,0,0,140350.34,0,0,140350.34,0,0,140350.34,0,0,140350.34,0,0,140350.34,0,0,140350.34,0,0,141529.75,0,0,141529.75,0,0,140350.34,0,0,140350.34,0,0,140350.34,0,0,140350.34,0,0,140350.34,0,0,204455.72,0,0,140350.34,0,0,140350.34,38046.88,963.26,211983.62,0,0,141381.24,0,0,141529.75,0,0,142578.12,0,0,140350.34
1,0,0,2020-06-08,IMMUNOSUPPR,0,0,0,0,0,0,0,0,0,0,0,0,0,0,0,0,0,0,0,0,0,0,0,0,0,0,0,0,0,0,0,0,0,0,0,0,0,0,0,0,0,0,0,0,0,0,0,0,0,0,141529.75,0,0,141529.75,0,0,140496.69,0,0,146931.65,0,0,143642.13,0,0,145818.53,0,0,141529.75,0,0,145818.53,0,0,146931.65,0,0,146931.65,0,0,141529.75,0,0,141529.75,0,0,141529.75,0,0,141529.75,0,0,140496.69,0,0,140496.69,0,0,141529.75,0,0,142578.12,0,0,140496.69,0,0,140496.69,0,0,141529.75,0,0,140496.69,0,0,140496.69,0,0,140496.69,0,0,140496.69,0,0,140496.69,0,0,140496.69,0,0,140496.69,0,0,140496.69,0,0,140496.69,0,0,140496.69,0,0,140496.69,0,0,140496.69,0,0,141529.75,0,0,141529.75,0,0,140496.69,0,0,140496.69,0,0,140496.69,0,0,140496.69,0,0,140496.69,0,0,204766.45,0,0,140496.69,0,0,140496.69,0,0,140496.69,0,0,141529.75,0,0,141529.75,0,0,142578.12,0,0,140496.69
1,0,0,2020-06-15,IMMUNOSUPPR,0,0,0,0,0,0,0,0,0,0,0,0,0,0,0,0,0,0,0,0,0,0,0,0,0,0,0,0,0,0,0,0,0,0,0,0,0,0,0,0,1,0,0,0,0,0,0,0,0,0,141529.75,0,0,141529.75,0,0,140496.69,0,0,146931.65,0,0,143642.13,0,0,145818.53,0,0,141529.75,0,0,145818.53,0,0,146931.65,0,0,146931.65,0,0,141529.75,0,0,141529.75,0,0,141529.75,0,0,141529.75,0,0,140496.69,0,0,140496.69,0,0,141529.75,0,0,142578.12,0,0,140496.69,0,0,140496.69,0,0,141529.75,0,0,140496.69,0,0,140496.69,0,0,140496.69,0,0,140496.69,0,0,140496.69,0,0,140496.69,0,0,140496.69,0,0,140496.69,0,0,140496.69,0,0,140496.69,0,0,140496.69,0,0,140496.69,0,0,141529.75,0,0,141529.75,0,0,140496.69,0,0,140496.69,0,0,140496.69,0,0,140496.69,0,0,140496.69,0,0,204766.45,0,0,140496.69,0,0,140496.69,38086.55,964.27,212204.67,0,0,141529.75,0,0,141529.75,0,0,142578.12,0,0,140496.69
1,0,0,2020-06-22,IMMUNOSUPPR,0,0,0,0,0,0,0,0,0,0,0,0,0,0,0,0,0,0,0,0,0,0,0,0,0,0,0,0,0,0,0,0,0,0,0,0,0,0,0,0,0,0,0,0,0,0,0,0,0,0,142729.15,0,0,142729.15,0,0,141678.57,0,0,148061.89,0,0,144877.77,0,0,146931.65,0,0,142729.15,0,0,147092.05,0,0,148224.78,0,0,148224.78,0,0,142729.15,0,0,142729.15,0,0,142729.15,0,0,142729.15,0,0,141678.57,0,0,141678.57,0,0,142729.15,0,0,143795.43,0,0,141678.57,0,0,141678.57,0,0,142729.15,0,0,141678.57,0,0,141678.57,0,0,141678.57,0,0,141678.57,0,0,141678.57,0,0,141678.57,0,0,141678.57,0,0,141678.57,0,0,141678.57,0,0,141678.57,0,0,141678.57,0,0,141678.57,0,0,142729.15,0,0,142729.15,0,0,141678.57,0,0,141678.57,0,0,141678.57,0,0,141678.57,0,0,141678.57,0,0,204766.45,0,0,141678.57,0,0,141678.57,0,0,141678.57,0,0,142729.15,0,0,142729.15,0,0,143795.43,0,0,141678.57
1,0,0,2020-06-29,IMMUNOSUPPR,0,0,0,0,0,0,0,0,0,0,0,0,0,0,0,0,0,0,0,0,0,0,0,0,0,0,0,0,0,0,0,0,0,0,0,0,0,1,0,0,0,0,0,0,0,0,0,0,0,0,143642.13,0,0,143642.13,0,0,142578.12,0,0,148061.89,0,0,145818.53,0,0,146931.65,0,0,143642.13,0,0,148061.89,0,0,149209.66,0,0,149209.66,0,0,143642.13,0,0,143642.13,0,0,143642.13,0,0,143642.13,0,0,142578.12,0,0,142578.12,0,0,143642.13,0,0,144722.15,0,0,142578.12,0,0,142578.12,0,0,143642.13,0,0,142578.12,0,0,142578.12,0,0,142578.12,0,0,142578.12,0,0,142578.12,0,0,142578.12,0,0,142578.12,0,0,142578.12,0,0,142578.12,0,0,142578.12,0,0,142578.12,0,0,142578.12,0,0,143642.13,0,0,143642.13,0,0,142578.12,0,0,142578.12,0,0,142578.12,0,0,142578.12,0,0,142578.12,55763.36,1411.81,310693.55,0,0,142578.12,0,0,142578.12,0,0,142578.12,0,0,143642.13,0,0,143642.13,0,0,144722.15,0,0,142578.12
1,0,0,2020-07-06,IMMUNOSUPPR,0,0,0,0,0,0,0,0,0,0,0,0,0,0,0,0,0,0,0,0,0,0,0,0,0,0,0,0,0,0,1,1,0,0,0,0,0,0,0,0,0,0,1,1,0,0,0,0,0,0,143642.13,0,0,143642.13,0,0,142578.12,0,0,148061.89,0,0,145818.53,0,0,146931.65,0,0,143642.13,0,0,148061.89,0,0,149209.66,0,0,149209.66,0,0,143642.13,0,0,143642.13,0,0,143642.13,0,0,143642.13,0,0,142578.12,0,0,142578.12,0,0,143642.13,0,0,144722.15,0,0,142578.12,0,0,142578.12,0,0,143642.13,0,0,142578.12,0,0,142578.12,0,0,142578.12,0,0,142578.12,0,0,142578.12,0,0,142578.12,0,0,142578.12,0,0,142578.12,0,0,142578.12,0,0,142578.12,0,0,142578.12,0,0,142578.12,39106,990.08,217884.66,39106,990.08,217884.66,0,0,142578.12,0,0,142578.12,0,0,142578.12,0,0,142578.12,0,0,142578.12,0,0,206968.24,0,0,142578.12,0,0,142578.12,0,0,142578.12,0,0,143642.13,39106,990.08,217884.66,39401.29,997.55,219529.96,0,0,142578.12
1,0,0,2020-07-13,IMMUNOSUPPR,0,0,0,0,0,0,0,0,0,0,0,0,0,0,0,0,0,0,0,0,0,0,0,0,0,0,0,0,0,0,0,0,0,0,0,0,0,0,0,0,0,0,0,0,0,0,0,0,0,0,143949.06,0,0,143949.06,0,0,142880.51,0,0,148388.02,0,0,146134.84,0,0,147252.81,0,0,143949.06,0,0,148388.02,0,0,149540.87,0,0,149540.87,0,0,143949.06,0,0,143949.06,0,0,143949.06,0,0,143949.06,0,0,142880.51,0,0,142880.51,0,0,143949.06,0,0,145033.72,0,0,142880.51,0,0,142880.51,0,0,143949.06,0,0,142880.51,0,0,142880.51,0,0,142880.51,0,0,142880.51,0,0,142880.51,0,0,142880.51,0,0,142880.51,0,0,142880.51,0,0,142880.51,0,0,142880.51,0,0,142880.51,0,0,142880.51,0,0,145033.72,0,0,145033.72,0,0,142880.51,0,0,142880.51,0,0,142880.51,0,0,142880.51,0,0,142880.51,0,0,207606.04,0,0,142880.51,0,0,142880.51,0,0,142880.51,0,0,143949.06,0,0,145033.72,0,0,146134.84,0,0,142880.51
1,0,0,2020-07-20,IMMUNOSUPPR,0,0,0,0,0,0,0,0,0,0,0,0,0,0,0,0,0,0,0,0,0,0,0,0,0,0,0,0,0,0,0,0,0,0,0,0,0,0,0,0,0,0,0,0,0,0,0,0,0,0,144722.15,0,0,144722.15,0,0,143642.13,0,0,149209.66,0,0,146931.65,0,0,148061.89,0,0,144722.15,0,0,149209.66,0,0,150375.36,0,0,150375.36,0,0,144722.15,0,0,144722.15,0,0,144722.15,0,0,144722.15,0,0,143642.13,0,0,143642.13,0,0,144722.15,0,0,145818.53,0,0,143642.13,0,0,143642.13,0,0,144722.15,0,0,143642.13,0,0,143642.13,0,0,143642.13,0,0,143642.13,0,0,143642.13,0,0,143642.13,0,0,143642.13,0,0,143642.13,0,0,143642.13,0,0,143642.13,0,0,143642.13,0,0,143642.13,0,0,145818.53,0,0,145818.53,0,0,143642.13,0,0,143642.13,0,0,143642.13,0,0,143642.13,0,0,143642.13,0,0,209217.89,0,0,143642.13,0,0,143642.13,0,0,143642.13,0,0,144722.15,0,0,145818.53,0,0,146931.65,0,0,143642.13
1,0,0,2020-07-27,IMMUNOSUPPR,0,0,0,0,0,0,0,0,0,0,0,0,0,0,0,0,0,0,0,0,0,0,0,0,0,0,0,0,0,0,0,0,0,0,0,0,0,0,0,0,0,0,0,0,0,0,0,0,0,0,144722.15,0,0,144722.15,0,0,143642.13,0,0,149209.66,0,0,146931.65,0,0,148061.89,0,0,144722.15,0,0,149209.66,0,0,150375.36,0,0,150375.36,0,0,144722.15,0,0,144722.15,0,0,144722.15,0,0,144722.15,0,0,143642.13,0,0,143642.13,0,0,144722.15,0,0,145818.53,0,0,143642.13,0,0,143642.13,0,0,144722.15,0,0,143642.13,0,0,143642.13,0,0,143642.13,0,0,143642.13,0,0,143642.13,0,0,143642.13,0,0,143642.13,0,0,143642.13,0,0,143642.13,0,0,143642.13,0,0,143642.13,0,0,143642.13,0,0,145818.53,0,0,145818.53,0,0,143642.13,0,0,143642.13,0,0,143642.13,0,0,143642.13,0,0,143642.13,0,0,209217.89,0,0,143642.13,0,0,143642.13,0,0,143642.13,0,0,144722.15,0,0,145818.53,0,0,146931.65,0,0,143642.13
1,0,0,2020-08-03,IMMUNOSUPPR,0,0,0,0,0,0,0,0,0,0,0,0,0,0,0,0,1,1,0,0,0,0,0,0,0,0,0,0,0,0,0,0,0,0,0,0,0,0,0,0,0,0,0,0,0,0,0,0,0,0,144722.15,0,0,144722.15,0,0,143642.13,0,0,149209.66,0,0,146931.65,0,0,148061.89,0,0,144722.15,0,0,149209.66,0,0,150375.36,0,0,150375.36,0,0,144722.15,0,0,144722.15,0,0,144722.15,0,0,144722.15,0,0,143642.13,0,0,143642.13,39232.01,993.27,218586.76,39529.22,1000.79,220242.72,0,0,143642.13,0,0,143642.13,0,0,144722.15,0,0,143642.13,0,0,143642.13,0,0,143642.13,0,0,143642.13,0,0,143642.13,0,0,143642.13,0,0,143642.13,0,0,143642.13,0,0,143642.13,0,0,143642.13,0,0,143642.13,0,0,143642.13,0,0,145818.53,0,0,145818.53,0,0,143642.13,0,0,143642.13,0,0,143642.13,0,0,143642.13,0,0,143642.13,0,0,209217.89,0,0,143642.13,0,0,143642.13,0,0,143642.13,0,0,144722.15,0,0,145818.53,0,0,146931.65,0,0,143642.13
1,0,0,2020-08-10,IMMUNOSUPPR,0,0,0,0,0,0,0,0,0,0,0,0,0,0,0,0,0,0,0,0,0,0,0,0,0,0,0,0,0,0,0,0,0,0,0,0,0,0,0,0,1,0,0,0,0,0,0,0,0,0,144877.77,0,0,144877.77,0,0,143795.43,0,0,149375.08,0,0,147092.05,0,0,148061.89,0,0,144877.77,0,0,149375.08,0,0,150375.36,0,0,150375.36,0,0,144877.77,0,0,144877.77,0,0,144877.77,0,0,144877.77,0,0,143795.43,0,0,143795.43,0,0,145976.51,0,0,147092.05,0,0,143795.43,0,0,143795.43,0,0,144877.77,0,0,143795.43,0,0,143795.43,0,0,143795.43,0,0,143795.43,0,0,143795.43,0,0,143795.43,0,0,143795.43,0,0,143795.43,0,0,143795.43,0,0,143795.43,0,0,143795.43,0,0,143795.43,0,0,145976.51,0,0,145976.51,0,0,143795.43,0,0,143795.43,0,0,143795.43,0,0,143795.43,0,0,143795.43,0,0,209217.89,0,0,143795.43,0,0,143795.43,38980.79,986.91,217187.06,0,0,144877.77,0,0,145976.51,0,0,147092.05,0,0,143795.43
1,0,0,2020-08-17,IMMUNOSUPPR,0,0,0,0,0,0,0,0,0,0,0,0,0,0,0,0,0,0,0,0,0,0,0,0,0,0,0,0,0,0,0,0,0,0,0,0,0,0,0,0,0,0,0,0,0,0,0,0,0,0,145818.53,0,0,145818.53,0,0,144722.15,0,0,150375.36,0,0,148061.89,0,0,148061.89,0,0,145818.53,0,0,150375.36,0,0,150375.36,0,0,150375.36,0,0,145818.53,0,0,145818.53,0,0,145818.53,0,0,145818.53,0,0,144722.15,0,0,144722.15,0,0,146931.65,0,0,148061.89,0,0,144722.15,0,0,144722.15,0,0,145818.53,0,0,144722.15,0,0,144722.15,0,0,144722.15,0,0,144722.15,0,0,144722.15,0,0,144722.15,0,0,144722.15,0,0,144722.15,0,0,144722.15,0,0,144722.15,0,0,144722.15,0,0,144722.15,0,0,146931.65,0,0,146931.65,0,0,144722.15,0,0,144722.15,0,0,144722.15,0,0,144722.15,0,0,144722.15,0,0,209217.89,0,0,144722.15,0,0,144722.15,0,0,144722.15,0,0,145818.53,0,0,146931.65,0,0,148061.89,0,0,144722.15
1,0,0,2020-08-24,IMMUNOSUPPR,0,0,0,0,0,0,0,0,0,0,0,0,0,0,0,0,0,0,0,0,0,0,0,0,0,0,0,0,0,0,0,0,0,0,0,0,0,0,0,0,0,0,0,0,0,0,0,0,0,0,145818.53,0,0,145818.53,0,0,144722.15,0,0,150375.36,0,0,148061.89,0,0,148061.89,0,0,145818.53,0,0,150375.36,0,0,150375.36,0,0,150375.36,0,0,145818.53,0,0,145818.53,0,0,145818.53,0,0,145818.53,0,0,144722.15,0,0,144722.15,0,0,146931.65,0,0,148061.89,0,0,144722.15,0,0,144722.15,0,0,145818.53,0,0,144722.15,0,0,144722.15,0,0,144722.15,0,0,144722.15,0,0,144722.15,0,0,144722.15,0,0,144722.15,0,0,144722.15,0,0,144722.15,0,0,144722.15,0,0,144722.15,0,0,144722.15,0,0,146931.65,0,0,146931.65,0,0,144722.15,0,0,144722.15,0,0,144722.15,0,0,144722.15,0,0,144722.15,0,0,209217.89,0,0,144722.15,0,0,144722.15,0,0,144722.15,0,0,145818.53,0,0,146931.65,0,0,148061.89,0,0,144722.15
1,0,0,2020-08-31,IMMUNOSUPPR,0,0,0,0,0,0,0,0,0,0,0,0,0,0,0,0,0,0,0,0,0,0,0,0,0,0,0,0,0,0,0,0,0,0,0,0,0,0,0,0,0,0,0,0,0,0,0,0,0,0,145818.53,0,0,145818.53,0,0,144722.15,0,0,150375.36,0,0,148061.89,0,0,148061.89,0,0,145818.53,0,0,150375.36,0,0,150375.36,0,0,150375.36,0,0,145818.53,0,0,145818.53,0,0,145818.53,0,0,145818.53,0,0,144722.15,0,0,144722.15,0,0,146931.65,0,0,148061.89,0,0,144722.15,0,0,144722.15,0,0,145818.53,0,0,144722.15,0,0,144722.15,0,0,144722.15,0,0,144722.15,0,0,144722.15,0,0,144722.15,0,0,144722.15,0,0,144722.15,0,0,144722.15,0,0,144722.15,0,0,144722.15,0,0,144722.15,0,0,146931.65,0,0,146931.65,0,0,144722.15,0,0,144722.15,0,0,144722.15,0,0,144722.15,0,0,144722.15,0,0,209217.89,0,0,144722.15,0,0,144722.15,0,0,144722.15,0,0,145818.53,0,0,146931.65,0,0,148061.89,0,0,144722.15
1,0,0,2020-09-07,IMMUNOSUPPR,0,0,0,0,0,0,0,0,0,0,0,0,0,0,0,0,0,0,0,0,0,0,0,0,0,0,0,0,0,0,0,0,0,0,0,0,0,0,0,0,0,0,0,0,0,0,0,0,0,0,145818.53,0,0,145818.53,0,0,144722.15,0,0,150375.36,0,0,148061.89,0,0,148061.89,0,0,145818.53,0,0,150375.36,0,0,150375.36,0,0,150375.36,0,0,145818.53,0,0,145818.53,0,0,145818.53,0,0,145818.53,0,0,144722.15,0,0,144722.15,0,0,146931.65,0,0,148061.89,0,0,144722.15,0,0,144722.15,0,0,145818.53,0,0,144722.15,0,0,144722.15,0,0,144722.15,0,0,144722.15,0,0,144722.15,0,0,144722.15,0,0,144722.15,0,0,144722.15,0,0,144722.15,0,0,144722.15,0,0,144722.15,0,0,144722.15,0,0,146931.65,0,0,146931.65,0,0,144722.15,0,0,144722.15,0,0,144722.15,0,0,144722.15,0,0,144722.15,0,0,209217.89,0,0,144722.15,0,0,144722.15,0,0,144722.15,0,0,145818.53,0,0,146931.65,0,0,148061.89,0,0,144722.15
1,0,0,2020-09-14,IMMUNOSUPPR,0,0,0,0,0,0,0,0,0,0,0,0,0,0,0,0,0,0,0,0,0,0,0,0,0,0,0,0,0,0,0,0,0,0,0,0,0,0,0,0,0,0,0,0,0,0,0,0,0,0,145818.53,0,0,145818.53,0,0,144722.15,0,0,150375.36,0,0,148061.89,0,0,148061.89,0,0,145818.53,0,0,150375.36,0,0,150375.36,0,0,150375.36,0,0,145818.53,0,0,145818.53,0,0,145818.53,0,0,145818.53,0,0,144722.15,0,0,144722.15,0,0,146931.65,0,0,148061.89,0,0,144722.15,0,0,144722.15,0,0,145818.53,0,0,144722.15,0,0,144722.15,0,0,144722.15,0,0,144722.15,0,0,144722.15,0,0,144722.15,0,0,144722.15,0,0,144722.15,0,0,144722.15,0,0,144722.15,0,0,144722.15,0,0,144722.15,0,0,146931.65,0,0,146931.65,0,0,144722.15,0,0,144722.15,0,0,144722.15,0,0,144722.15,0,0,144722.15,0,0,209217.89,0,0,144722.15,0,0,144722.15,0,0,144722.15,0,0,145818.53,0,0,146931.65,0,0,148061.89,0,0,144722.15
1,0,0,2020-09-21,IMMUNOSUPPR,0,0,0,0,0,0,0,0,0,0,0,0,0,0,0,0,0,0,0,0,0,0,0,0,0,0,0,0,0,0,0,0,0,0,0,0,0,0,0,0,0,0,0,0,0,0,0,0,0,0,145818.53,0,0,145818.53,0,0,144722.15,0,0,150375.36,0,0,148061.89,0,0,148061.89,0,0,145818.53,0,0,150375.36,0,0,150375.36,0,0,150375.36,0,0,145818.53,0,0,145818.53,0,0,145818.53,0,0,145818.53,0,0,144722.15,0,0,144722.15,0,0,146931.65,0,0,148061.89,0,0,144722.15,0,0,144722.15,0,0,145818.53,0,0,144722.15,0,0,144722.15,0,0,144722.15,0,0,144722.15,0,0,144722.15,0,0,144722.15,0,0,144722.15,0,0,144722.15,0,0,144722.15,0,0,144722.15,0,0,144722.15,0,0,144722.15,0,0,146931.65,0,0,146931.65,0,0,144722.15,0,0,144722.15,0,0,144722.15,0,0,144722.15,0,0,144722.15,0,0,209217.89,0,0,144722.15,0,0,144722.15,0,0,144722.15,0,0,145818.53,0,0,146931.65,0,0,148061.89,0,0,144722.15
1,0,0,2020-09-28,IMMUNOSUPPR,0,0,0,0,0,0,0,0,0,0,0,0,0,0,0,0,0,0,0,0,0,0,0,0,0,0,0,0,0,0,0,0,0,0,0,0,0,0,0,0,0,0,0,0,0,0,0,0,0,0,146293.51,0,0,146293.51,0,0,145190,0,0,150880.54,0,0,148551.62,0,0,148551.62,0,0,146293.51,0,0,150880.54,0,0,150880.54,0,0,150880.54,0,0,146293.51,0,0,146293.51,0,0,146293.51,0,0,146293.51,0,0,145190,0,0,145190,0,0,147413.92,0,0,148551.62,0,0,145190,0,0,145190,0,0,146293.51,0,0,145190,0,0,145190,0,0,145190,0,0,145190,0,0,145190,0,0,145190,0,0,145190,0,0,145190,0,0,145190,0,0,145190,0,0,145190,0,0,145190,0,0,147413.92,0,0,147413.92,0,0,145190,0,0,145190,0,0,145190,0,0,145190,0,0,145190,0,0,210197.07,0,0,145190,0,0,145190,0,0,145190,0,0,146293.51,0,0,147413.92,0,0,148551.62,0,0,145190
1,0,0,2020-10-05,IMMUNOSUPPR,0,0,0,0,0,0,0,0,0,0,0,0,0,0,0,0,0,0,0,0,0,0,0,0,0,0,0,0,0,0,0,0,0,0,0,0,0,0,0,0,0,0,0,0,0,0,0,0,0,0,146931.65,0,0,146931.65,0,0,145818.53,0,0,151559.42,0,0,149209.66,0,0,149209.66,0,0,146931.65,0,0,151559.42,0,0,151559.42,0,0,151559.42,0,0,146931.65,0,0,146931.65,0,0,146931.65,0,0,146931.65,0,0,145818.53,0,0,145818.53,0,0,148061.89,0,0,149209.66,0,0,145818.53,0,0,145818.53,0,0,146931.65,0,0,145818.53,0,0,145818.53,0,0,145818.53,0,0,145818.53,0,0,145818.53,0,0,145818.53,0,0,145818.53,0,0,145818.53,0,0,145818.53,0,0,145818.53,0,0,145818.53,0,0,145818.53,0,0,148061.89,0,0,148061.89,0,0,145818.53,0,0,145818.53,0,0,145818.53,0,0,145818.53,0,0,145818.53,0,0,211516.99,0,0,145818.53,0,0,145818.53,0,0,145818.53,0,0,146931.65,0,0,148061.89,0,0,149209.66,0,0,145818.53
1,0,0,2020-10-12,IMMUNOSUPPR,0,0,0,0,0,0,0,0,0,0,0,0,0,0,0,0,0,0,0,0,0,0,0,0,0,0,0,0,0,0,0,0,0,0,0,0,0,0,0,0,0,0,0,0,0,0,0,0,0,0,146931.65,0,0,146931.65,0,0,145818.53,0,0,151559.42,0,0,149209.66,0,0,149209.66,0,0,146931.65,0,0,151559.42,0,0,151559.42,0,0,151559.42,0,0,146931.65,0,0,146931.65,0,0,146931.65,0,0,146931.65,0,0,145818.53,0,0,145818.53,0,0,148061.89,0,0,149209.66,0,0,145818.53,0,0,145818.53,0,0,146931.65,0,0,145818.53,0,0,145818.53,0,0,145818.53,0,0,145818.53,0,0,145818.53,0,0,145818.53,0,0,145818.53,0,0,145818.53,0,0,145818.53,0,0,145818.53,0,0,145818.53,0,0,145818.53,0,0,148061.89,0,0,148061.89,0,0,145818.53,0,0,145818.53,0,0,145818.53,0,0,145818.53,0,0,145818.53,0,0,211516.99,0,0,145818.53,0,0,145818.53,0,0,145818.53,0,0,146931.65,0,0,148061.89,0,0,149209.66,0,0,145818.53
1,0,0,2020-10-19,IMMUNOSUPPR,0,0,0,0,0,0,0,0,0,0,0,0,0,0,0,0,0,0,0,0,0,0,0,0,0,0,0,0,0,0,0,0,0,0,0,0,0,1,0,0,0,0,0,0,0,0,0,0,0,0,146931.65,0,0,146931.65,0,0,145818.53,0,0,151559.42,0,0,149209.66,0,0,149209.66,0,0,146931.65,0,0,151559.42,0,0,151559.42,0,0,151559.42,0,0,146931.65,0,0,146931.65,0,0,146931.65,0,0,146931.65,0,0,145818.53,0,0,145818.53,0,0,148061.89,0,0,149209.66,0,0,145818.53,0,0,145818.53,0,0,146931.65,0,0,145818.53,0,0,145818.53,0,0,145818.53,0,0,145818.53,0,0,145818.53,0,0,145818.53,0,0,145818.53,0,0,145818.53,0,0,145818.53,0,0,145818.53,0,0,145818.53,0,0,145818.53,0,0,148061.89,0,0,148061.89,0,0,145818.53,0,0,145818.53,0,0,145818.53,0,0,145818.53,0,0,145818.53,57701.42,1460.87,321491.75,0,0,145818.53,0,0,145818.53,0,0,145818.53,0,0,146931.65,0,0,148061.89,0,0,149209.66,0,0,145818.53
1,0,0,2020-10-26,IMMUNOSUPPR,0,0,0,0,0,0,0,0,0,0,0,0,0,0,0,0,0,1,0,0,0,0,0,0,0,0,0,0,0,0,0,0,0,0,0,0,0,1,0,0,0,0,0,0,0,0,0,0,0,0,146931.65,0,0,146931.65,0,0,145818.53,0,0,151559.42,0,0,149209.66,0,0,149209.66,0,0,146931.65,0,0,151559.42,0,0,151559.42,0,0,151559.42,0,0,146931.65,0,0,146931.65,0,0,146931.65,0,0,146931.65,0,0,145818.53,0,0,145818.53,0,0,148061.89,40673.72,1029.77,226619.46,0,0,145818.53,0,0,145818.53,0,0,146931.65,0,0,145818.53,0,0,145818.53,0,0,145818.53,0,0,145818.53,0,0,145818.53,0,0,145818.53,0,0,145818.53,0,0,145818.53,0,0,145818.53,0,0,145818.53,0,0,145818.53,0,0,145818.53,0,0,148061.89,0,0,148061.89,0,0,145818.53,0,0,145818.53,0,0,145818.53,0,0,145818.53,0,0,145818.53,58440,1479.57,325606.84,0,0,145818.53,0,0,145818.53,0,0,145818.53,0,0,146931.65,0,0,148061.89,0,0,149209.66,0,0,145818.53
1,0,0,2020-11-02,IMMUNOSUPPR,0,0,0,0,0,0,0,0,0,0,0,0,0,0,0,0,0,0,0,0,0,0,0,0,0,0,0,0,0,0,0,0,0,0,0,0,0,3,0,0,0,0,0,0,0,0,0,0,0,0,146931.65,0,0,146931.65,0,0,145818.53,0,0,151559.42,0,0,149209.66,0,0,149209.66,0,0,146931.65,0,0,151559.42,0,0,151559.42,0,0,151559.42,0,0,146931.65,0,0,146931.65,0,0,146931.65,0,0,146931.65,0,0,145818.53,0,0,145818.53,0,0,148061.89,0,0,150375.36,0,0,145818.53,0,0,145818.53,0,0,146931.65,0,0,145818.53,0,0,145818.53,0,0,145818.53,0,0,145818.53,0,0,145818.53,0,0,145818.53,0,0,145818.53,0,0,145818.53,0,0,145818.53,0,0,145818.53,0,0,145818.53,0,0,145818.53,0,0,148061.89,0,0,148061.89,0,0,145818.53,0,0,145818.53,0,0,145818.53,0,0,145818.53,0,0,145818.53,177593.19,36623.99,519002.67,0,0,145818.53,0,0,145818.53,0,0,145818.53,0,0,146931.65,0,0,148061.89,0,0,149209.66,0,0,145818.53
1,0,0,2020-11-09,IMMUNOSUPPR,0,0,0,0,0,0,0,0,0,0,0,0,0,0,0,0,0,0,0,0,0,0,0,0,0,0,0,0,0,0,0,0,0,0,0,0,0,2,0,0,0,0,0,0,0,0,0,0,0,0,146931.65,0,0,146931.65,0,0,145818.53,0,0,151559.42,0,0,149209.66,0,0,149209.66,0,0,146931.65,0,0,151559.42,0,0,151559.42,0,0,151559.42,0,0,146931.65,0,0,146931.65,0,0,146931.65,0,0,146931.65,0,0,145818.53,0,0,145818.53,0,0,148061.89,0,0,150375.36,0,0,145818.53,0,0,145818.53,0,0,146931.65,0,0,145818.53,0,0,145818.53,0,0,145818.53,0,0,145818.53,0,0,145818.53,0,0,145818.53,0,0,145818.53,0,0,145818.53,0,0,145818.53,0,0,145818.53,0,0,145818.53,0,0,145818.53,0,0,148061.89,0,0,148061.89,0,0,145818.53,0,0,145818.53,0,0,145818.53,0,0,145818.53,0,0,145818.53,122157.19,14793.8,441273.77,0,0,145818.53,0,0,145818.53,0,0,145818.53,0,0,146931.65,0,0,148061.89,0,0,149209.66,0,0,145818.53
1,0,0,2020-11-16,IMMUNOSUPPR,0,0,0,0,0,0,0,0,0,0,0,0,0,0,0,0,0,0,0,0,0,0,0,0,0,0,0,0,0,0,0,0,0,0,0,0,0,1,0,0,1,0,0,0,0,0,0,0,0,0,147252.81,0,0,147252.81,0,0,146134.84,0,0,151901.15,0,0,149540.87,0,0,149540.87,0,0,147252.81,0,0,151901.15,0,0,151901.15,0,0,151901.15,0,0,147252.81,0,0,147252.81,0,0,147252.81,0,0,147252.81,0,0,146134.84,0,0,146134.84,0,0,148388.02,0,0,150711.77,0,0,146134.84,0,0,146134.84,0,0,147252.81,0,0,146134.84,0,0,146134.84,0,0,146134.84,0,0,146134.84,0,0,146134.84,0,0,146134.84,0,0,146134.84,0,0,146134.84,0,0,146134.84,0,0,146134.84,0,0,146134.84,0,0,146134.84,0,0,148388.02,0,0,148388.02,0,0,146134.84,0,0,146134.84,0,0,146134.84,0,0,146134.84,0,0,146134.84,62435.9,1580.74,347870.56,0,0,146134.84,0,0,146134.84,39614.97,1002.96,220720.47,0,0,147252.81,0,0,148388.02,0,0,149540.87,0,0,146134.84
1,0,0,2020-11-23,IMMUNOSUPPR,0,0,0,0,0,0,0,0,0,0,0,0,0,0,0,0,0,0,0,0,0,0,0,0,0,0,0,0,0,0,0,0,0,0,0,0,0,1,0,0,0,0,0,0,0,0,0,0,0,0,148224.78,0,0,148224.78,0,0,147092.05,0,0,152935.67,0,0,150543.38,0,0,150543.38,0,0,148224.78,0,0,152935.67,0,0,152935.67,0,0,152935.67,0,0,148224.78,0,0,148224.78,0,0,148224.78,0,0,148224.78,0,0,147092.05,0,0,147092.05,0,0,149375.08,0,0,151730.09,0,0,147092.05,0,0,147092.05,0,0,148224.78,0,0,147092.05,0,0,147092.05,0,0,147092.05,0,0,147092.05,0,0,147092.05,0,0,147092.05,0,0,147092.05,0,0,147092.05,0,0,147092.05,0,0,147092.05,0,0,147092.05,0,0,147092.05,0,0,149375.08,0,0,149375.08,0,0,147092.05,0,0,147092.05,0,0,147092.05,0,0,147092.05,0,0,147092.05,63192.04,1599.88,352083.52,0,0,147092.05,0,0,147092.05,0,0,147092.05,0,0,148224.78,0,0,149375.08,0,0,150543.38,0,0,147092.05
1,0,0,2020-11-30,IMMUNOSUPPR,0,0,0,0,0,0,0,0,0,0,0,0,0,0,0,0,0,0,0,0,0,0,0,0,0,0,0,0,0,0,0,0,0,0,0,0,0,3,0,0,0,0,0,0,0,0,0,0,0,0,149209.66,0,0,149209.66,0,0,148061.89,0,0,153984.37,0,0,151559.42,0,0,151559.42,0,0,149209.66,0,0,153984.37,0,0,153984.37,0,0,153984.37,0,0,149209.66,0,0,149209.66,0,0,149209.66,0,0,149209.66,0,0,148061.89,0,0,148061.89,0,0,150375.36,0,0,152762.27,0,0,148061.89,0,0,148061.89,0,0,149209.66,0,0,148061.89,0,0,148061.89,0,0,148061.89,0,0,148061.89,0,0,148061.89,0,0,148061.89,0,0,148061.89,0,0,148061.89,0,0,148061.89,0,0,148061.89,0,0,148061.89,0,0,148061.89,0,0,150375.36,0,0,150375.36,0,0,148061.89,0,0,148061.89,0,0,148061.89,0,0,148061.89,0,0,148061.89,193938.05,39994.69,566769.29,0,0,148061.89,0,0,148061.89,0,0,148061.89,0,0,149209.66,0,0,150375.36,0,0,151559.42,0,0,148061.89
1,0,0,2020-12-07,IMMUNOSUPPR,0,0,0,0,1,1,0,0,0,0,0,0,0,0,0,0,0,0,0,0,0,0,0,0,0,0,0,0,0,0,0,0,0,0,0,0,0,3,0,0,0,0,0,0,0,0,0,0,0,0,149209.66,0,0,149209.66,0,0,148061.89,0,0,153984.37,41131.76,1041.37,229171.48,41131.76,1041.37,229171.48,0,0,149209.66,0,0,153984.37,0,0,153984.37,0,0,153984.37,0,0,149209.66,0,0,149209.66,0,0,149209.66,0,0,149209.66,0,0,148061.89,0,0,148061.89,0,0,150375.36,0,0,152762.27,0,0,148061.89,0,0,148061.89,0,0,149209.66,0,0,148061.89,0,0,148061.89,0,0,148061.89,0,0,148061.89,0,0,148061.89,0,0,148061.89,0,0,148061.89,0,0,148061.89,0,0,148061.89,0,0,148061.89,0,0,148061.89,0,0,148061.89,0,0,150375.36,0,0,150375.36,0,0,148061.89,0,0,148061.89,0,0,148061.89,0,0,148061.89,0,0,148061.89,202541.59,41768.95,591912.47,0,0,148061.89,0,0,148061.89,0,0,148061.89,0,0,149209.66,0,0,150375.36,0,0,151559.42,0,0,148061.89
1,0,0,2020-12-14,IMMUNOSUPPR,0,0,0,0,0,0,0,0,0,0,0,0,0,0,0,0,0,0,0,0,0,0,0,0,0,0,0,0,0,0,0,0,0,0,0,0,0,0,0,0,0,0,0,0,0,0,0,0,0,0,149209.66,0,0,149209.66,0,0,148061.89,0,0,153984.37,0,0,152762.27,0,0,152762.27,0,0,149209.66,0,0,153984.37,0,0,153984.37,0,0,153984.37,0,0,149209.66,0,0,149209.66,0,0,149209.66,0,0,149209.66,0,0,148061.89,0,0,148061.89,0,0,150375.36,0,0,152762.27,0,0,148061.89,0,0,148061.89,0,0,149209.66,0,0,148061.89,0,0,148061.89,0,0,148061.89,0,0,148061.89,0,0,148061.89,0,0,148061.89,0,0,148061.89,0,0,148061.89,0,0,148061.89,0,0,148061.89,0,0,148061.89,0,0,148061.89,0,0,150375.36,0,0,150375.36,0,0,148061.89,0,0,148061.89,0,0,148061.89,0,0,148061.89,0,0,148061.89,0,0,253263.76,0,0,148061.89,0,0,148061.89,0,0,148061.89,0,0,149209.66,0,0,150375.36,0,0,151559.42,0,0,148061.89
1,0,0,2020-12-21,IMMUNOSUPPR,0,0,0,0,0,0,0,0,0,0,0,0,0,0,0,0,0,0,0,0,0,0,0,0,0,0,0,0,0,0,0,0,0,0,0,0,0,0,0,0,0,0,0,0,0,0,0,0,0,0,149209.66,0,0,149209.66,0,0,148061.89,0,0,153984.37,0,0,152762.27,0,0,152762.27,0,0,149209.66,0,0,153984.37,0,0,153984.37,0,0,153984.37,0,0,149209.66,0,0,149209.66,0,0,149209.66,0,0,149209.66,0,0,148061.89,0,0,148061.89,0,0,150375.36,0,0,152762.27,0,0,148061.89,0,0,148061.89,0,0,149209.66,0,0,148061.89,0,0,148061.89,0,0,148061.89,0,0,148061.89,0,0,148061.89,0,0,148061.89,0,0,148061.89,0,0,148061.89,0,0,148061.89,0,0,148061.89,0,0,148061.89,0,0,148061.89,0,0,150375.36,0,0,150375.36,0,0,148061.89,0,0,148061.89,0,0,148061.89,0,0,148061.89,0,0,148061.89,0,0,253263.76,0,0,148061.89,0,0,148061.89,0,0,148061.89,0,0,149209.66,0,0,150375.36,0,0,151559.42,0,0,148061.89
1,0,0,2020-12-28,IMMUNOSUPPR,0,0,0,0,0,0,0,0,0,0,0,0,0,0,0,0,0,0,0,0,0,0,0,0,0,0,0,0,0,0,0,0,0,0,0,0,0,0,0,0,0,0,0,0,0,0,0,0,0,0,150040.45,0,0,150040.45,0,0,148879.91,0,0,154869.34,0,0,153633.21,0,0,153633.21,0,0,150040.45,0,0,154869.34,0,0,154869.34,0,0,154869.34,0,0,150040.45,0,0,150040.45,0,0,150040.45,0,0,150040.45,0,0,148879.91,0,0,148879.91,0,0,151219.22,0,0,153633.21,0,0,148879.91,0,0,148879.91,0,0,150040.45,0,0,148879.91,0,0,148879.91,0,0,148879.91,0,0,148879.91,0,0,148879.91,0,0,148879.91,0,0,148879.91,0,0,148879.91,0,0,148879.91,0,0,148879.91,0,0,148879.91,0,0,148879.91,0,0,150375.36,0,0,150375.36,0,0,148879.91,0,0,148879.91,0,0,148879.91,0,0,148879.91,0,0,148879.91,0,0,253263.76,0,0,148879.91,0,0,148879.91,0,0,148879.91,0,0,150040.45,0,0,150375.36,0,0,151559.42,0,0,148879.91
1,0,0,2021-01-04,IMMUNOSUPPR,0,0,0,0,0,0,0,0,0,0,0,0,0,0,0,0,0,0,0,0,0,0,0,0,0,0,0,0,0,0,1,1,0,0,0,0,0,0,0,0,0,0,1,1,0,0,0,0,0,0,150375.36,0,0,150375.36,0,0,149209.66,0,0,155226.18,0,0,153984.37,0,0,153984.37,0,0,150375.36,0,0,155226.18,0,0,155226.18,0,0,155226.18,0,0,150375.36,0,0,150375.36,0,0,150375.36,0,0,150375.36,0,0,149209.66,0,0,149209.66,0,0,151559.42,0,0,153984.37,0,0,149209.66,0,0,149209.66,0,0,150375.36,0,0,149209.66,0,0,149209.66,0,0,149209.66,0,0,149209.66,0,0,149209.66,0,0,149209.66,0,0,149209.66,0,0,149209.66,0,0,149209.66,0,0,149209.66,0,0,149209.66,0,0,149209.66,40993.27,1037.86,228399.86,40993.27,1037.86,228399.86,0,0,149209.66,0,0,149209.66,0,0,149209.66,0,0,149209.66,0,0,149209.66,0,0,253263.76,0,0,149209.66,0,0,149209.66,0,0,149209.66,0,0,150375.36,40993.27,1037.86,228399.86,41317.87,1046.08,230208.46,0,0,149209.66
1,0,0,2021-01-11,IMMUNOSUPPR,0,0,0,0,0,0,0,0,0,0,0,0,0,0,0,0,0,0,0,0,0,0,0,0,0,0,0,0,0,0,0,0,0,0,0,0,0,1,0,0,0,0,0,0,0,0,0,0,0,0,151559.42,0,0,151559.42,0,0,150375.36,0,0,156488.18,0,0,155226.18,0,0,155226.18,0,0,151559.42,0,0,156488.18,0,0,156488.18,0,0,156488.18,0,0,151559.42,0,0,151559.42,0,0,151559.42,0,0,151559.42,0,0,150375.36,0,0,150375.36,0,0,152762.27,0,0,155226.18,0,0,150375.36,0,0,150375.36,0,0,151559.42,0,0,150375.36,0,0,150375.36,0,0,150375.36,0,0,150375.36,0,0,150375.36,0,0,150375.36,0,0,150375.36,0,0,150375.36,0,0,150375.36,0,0,150375.36,0,0,150375.36,0,0,150375.36,0,0,152762.27,0,0,152762.27,0,0,150375.36,0,0,150375.36,0,0,150375.36,0,0,150375.36,0,0,150375.36,70105.57,1774.92,390603.21,0,0,150375.36,0,0,150375.36,0,0,150375.36,0,0,151559.42,0,0,152762.27,0,0,153984.37,0,0,150375.36
1,0,0,2021-01-18,IMMUNOSUPPR,0,0,0,0,1,1,0,0,2,2,0,0,0,0,0,0,0,0,0,0,0,0,0,0,0,0,0,0,0,0,0,0,0,0,0,0,0,1,0,0,0,0,0,0,0,0,0,0,0,0,151559.42,0,0,151559.42,0,0,150375.36,0,0,156488.18,42128.03,1066.59,234722.35,42128.03,1066.59,234722.35,0,0,151559.42,0,0,156488.18,85538.64,10359.13,308994.98,85538.64,10359.13,308994.98,0,0,151559.42,0,0,151559.42,0,0,151559.42,0,0,151559.42,0,0,150375.36,0,0,150375.36,0,0,152762.27,0,0,155226.18,0,0,150375.36,0,0,150375.36,0,0,151559.42,0,0,150375.36,0,0,150375.36,0,0,150375.36,0,0,150375.36,0,0,150375.36,0,0,150375.36,0,0,150375.36,0,0,150375.36,0,0,150375.36,0,0,150375.36,0,0,150375.36,0,0,150375.36,0,0,152762.27,0,0,152762.27,0,0,150375.36,0,0,150375.36,0,0,150375.36,0,0,150375.36,0,0,150375.36,70784.88,1792.12,394388.13,0,0,150375.36,0,0,150375.36,0,0,150375.36,0,0,151559.42,0,0,152762.27,0,0,153984.37,0,0,150375.36
1,0,0,2021-01-25,IMMUNOSUPPR,0,0,0,0,0,0,0,0,0,0,0,0,0,0,0,0,0,0,0,0,0,0,0,0,0,0,0,0,0,0,0,0,0,0,0,0,0,0,0,0,0,0,0,0,0,0,0,0,0,0,151559.42,0,0,151559.42,0,0,150375.36,0,0,156488.18,0,0,156488.18,0,0,156488.18,0,0,151559.42,0,0,156488.18,0,0,159074.76,0,0,159074.76,0,0,151559.42,0,0,151559.42,0,0,151559.42,0,0,151559.42,0,0,150375.36,0,0,150375.36,0,0,152762.27,0,0,155226.18,0,0,150375.36,0,0,150375.36,0,0,151559.42,0,0,150375.36,0,0,150375.36,0,0,150375.36,0,0,150375.36,0,0,150375.36,0,0,150375.36,0,0,150375.36,0,0,150375.36,0,0,150375.36,0,0,150375.36,0,0,150375.36,0,0,150375.36,0,0,152762.27,0,0,152762.27,0,0,150375.36,0,0,150375.36,0,0,150375.36,0,0,150375.36,0,0,150375.36,0,0,263671.86,0,0,150375.36,0,0,150375.36,0,0,150375.36,0,0,151559.42,0,0,152762.27,0,0,153984.37,0,0,150375.36
1,0,0,2021-02-01,IMMUNOSUPPR,0,0,0,0,0,0,0,0,0,0,0,0,0,0,0,0,0,0,0,0,0,0,0,0,0,0,0,0,0,0,0,0,0,0,0,0,0,0,0,0,0,0,0,0,0,0,0,0,0,0,151559.42,0,0,151559.42,0,0,150375.36,0,0,156488.18,0,0,156488.18,0,0,156488.18,0,0,151559.42,0,0,156488.18,0,0,159074.76,0,0,159074.76,0,0,151559.42,0,0,151559.42,0,0,151559.42,0,0,151559.42,0,0,150375.36,0,0,150375.36,0,0,152762.27,0,0,155226.18,0,0,150375.36,0,0,150375.36,0,0,151559.42,0,0,150375.36,0,0,150375.36,0,0,150375.36,0,0,150375.36,0,0,150375.36,0,0,150375.36,0,0,150375.36,0,0,150375.36,0,0,150375.36,0,0,150375.36,0,0,150375.36,0,0,150375.36,0,0,152762.27,0,0,152762.27,0,0,150375.36,0,0,150375.36,0,0,150375.36,0,0,150375.36,0,0,150375.36,0,0,263671.86,0,0,150375.36,0,0,150375.36,0,0,150375.36,0,0,151559.42,0,0,152762.27,0,0,153984.37,0,0,150375.36
1,0,0,2021-02-08,IMMUNOSUPPR,0,0,0,0,0,0,0,0,0,0,0,0,0,1,0,0,0,0,0,0,0,0,0,0,0,0,0,0,0,0,0,0,0,0,0,0,0,0,0,0,0,0,0,0,0,0,0,0,0,0,151559.42,0,0,151559.42,0,0,150375.36,0,0,156488.18,0,0,156488.18,0,0,156488.18,0,0,151559.42,0,0,156488.18,0,0,159074.76,0,0,159074.76,0,0,151559.42,0,0,151559.42,0,0,151559.42,41178.13,1042.54,229429.85,0,0,150375.36,0,0,150375.36,0,0,152762.27,0,0,155226.18,0,0,150375.36,0,0,150375.36,0,0,151559.42,0,0,150375.36,0,0,150375.36,0,0,150375.36,0,0,150375.36,0,0,150375.36,0,0,150375.36,0,0,150375.36,0,0,150375.36,0,0,150375.36,0,0,150375.36,0,0,150375.36,0,0,150375.36,0,0,152762.27,0,0,152762.27,0,0,150375.36,0,0,150375.36,0,0,150375.36,0,0,150375.36,0,0,150375.36,0,0,263671.86,0,0,150375.36,0,0,150375.36,0,0,150375.36,0,0,151559.42,0,0,152762.27,0,0,153984.37,0,0,150375.36
1,0,0,2021-02-15,IMMUNOSUPPR,0,0,0,0,0,0,0,1,1,1,0,0,0,0,0,0,1,1,0,0,0,0,0,0,0,0,0,0,0,0,0,0,0,0,0,0,0,1,0,0,0,0,0,0,0,0,0,0,0,0,151559.42,0,0,151559.42,0,0,150375.36,0,0,156488.18,0,0,156488.18,0,0,156488.18,0,0,151559.42,42569.93,1077.78,237184.47,43276.07,1095.66,241118.81,43276.07,1095.66,241118.81,0,0,151559.42,0,0,151559.42,0,0,151559.42,0,0,152762.27,0,0,150375.36,0,0,150375.36,41552.9,1052.03,231517.95,42225.43,1069.06,235265.06,0,0,150375.36,0,0,150375.36,0,0,151559.42,0,0,150375.36,0,0,150375.36,0,0,150375.36,0,0,150375.36,0,0,150375.36,0,0,150375.36,0,0,150375.36,0,0,150375.36,0,0,150375.36,0,0,150375.36,0,0,150375.36,0,0,150375.36,0,0,152762.27,0,0,152762.27,0,0,150375.36,0,0,150375.36,0,0,150375.36,0,0,150375.36,0,0,150375.36,72183.79,1827.54,402182.36,0,0,150375.36,0,0,150375.36,0,0,150375.36,0,0,151559.42,0,0,152762.27,0,0,153984.37,0,0,150375.36
1,0,0,2021-02-22,IMMUNOSUPPR,0,0,0,0,0,0,0,0,0,0,0,0,0,0,0,0,0,0,0,0,0,0,0,0,0,0,0,0,0,0,0,0,0,0,0,0,0,0,0,0,1,0,0,0,0,0,0,0,0,0,153984.37,0,0,153984.37,0,0,152762.27,0,0,159074.76,0,0,157770.87,0,0,157770.87,0,0,153984.37,0,0,160400.38,0,0,161942.69,0,0,161942.69,0,0,153984.37,0,0,153984.37,0,0,153984.37,0,0,155226.18,0,0,152762.27,0,0,152762.27,0,0,156488.18,0,0,157770.87,0,0,152762.27,0,0,152762.27,0,0,153984.37,0,0,152762.27,0,0,152762.27,0,0,152762.27,0,0,152762.27,0,0,152762.27,0,0,152762.27,0,0,152762.27,0,0,152762.27,0,0,152762.27,0,0,152762.27,0,0,152762.27,0,0,152762.27,0,0,153984.37,0,0,153984.37,0,0,152762.27,0,0,152762.27,0,0,152762.27,0,0,152762.27,0,0,152762.27,0,0,267865.45,0,0,152762.27,0,0,152762.27,41411.56,1048.45,230730.47,0,0,153984.37,0,0,153984.37,0,0,155226.18,0,0,152762.27
1,0,0,2021-03-01,IMMUNOSUPPR,0,0,0,0,0,0,0,0,0,0,0,0,0,0,0,0,0,0,0,0,0,0,0,0,0,0,0,0,0,0,0,0,0,0,0,0,0,0,0,0,0,0,0,0,0,0,0,0,0,0,158513.32,0,0,157955.83,0,0,157218.58,0,0,163912.8,0,0,160591.56,0,0,160591.56,0,0,158513.32,0,0,163912.8,0,0,164714.33,0,0,164714.33,0,0,158513.32,0,0,158513.32,0,0,158513.32,0,0,159829.56,0,0,157218.58,0,0,157218.58,0,0,161167.85,0,0,162528.74,0,0,157218.58,0,0,157218.58,0,0,158513.32,0,0,157218.58,0,0,157218.58,0,0,157218.58,0,0,157218.58,0,0,157218.58,0,0,157218.58,0,0,157218.58,0,0,157218.58,0,0,157218.58,0,0,157218.58,0,0,157218.58,0,0,157218.58,0,0,158513.32,0,0,158513.32,0,0,157218.58,0,0,157218.58,0,0,157218.58,0,0,157218.58,0,0,157218.58,0,0,271099.24,0,0,157218.58,0,0,157218.58,0,0,157218.58,0,0,158513.32,0,0,158513.32,0,0,159829.56,0,0,157218.58
1,0,0,2021-03-08,IMMUNOSUPPR,0,0,0,0,1,1,0,0,0,0,0,0,0,0,0,0,0,0,0,0,0,0,0,0,0,0,0,0,0,0,0,0,0,0,0,0,0,1,0,0,0,0,0,0,0,0,0,0,0,0,165118.04,0,0,163713.64,0,0,163713.64,0,0,170985.18,45260.22,1145.89,252173.82,45260.22,1145.89,252173.82,0,0,165118.04,0,0,170336.69,0,0,170985.18,0,0,170985.18,0,0,165118.04,0,0,165118.04,0,0,165118.04,0,0,166546.75,0,0,163713.64,0,0,163713.64,0,0,168000.4,0,0,169479.65,0,0,163713.64,0,0,163713.64,0,0,165118.04,0,0,163713.64,0,0,163713.64,0,0,163713.64,0,0,163713.64,0,0,163713.64,0,0,163713.64,0,0,163713.64,0,0,163713.64,0,0,163713.64,0,0,163713.64,0,0,163713.64,0,0,163713.64,0,0,165118.04,0,0,165118.04,0,0,163713.64,0,0,163713.64,0,0,163713.64,0,0,163713.64,0,0,163713.64,74540.82,1887.21,415314.85,0,0,163713.64,0,0,163713.64,0,0,163713.64,0,0,165118.04,0,0,165118.04,0,0,166546.75,0,0,163713.64
1,0,0,2021-03-15,IMMUNOSUPPR,0,0,0,0,0,0,0,0,0,0,0,0,0,0,0,0,0,0,0,0,0,0,0,0,0,0,0,0,0,0,0,0,0,0,0,0,0,1,0,0,1,0,0,0,0,0,0,0,0,0,172517.7,0,0,170985.18,0,0,170985.18,0,0,177518.21,0,0,174077.94,0,0,174077.94,0,0,172517.7,0,0,177284.63,0,0,177518.21,0,0,177518.21,0,0,172517.7,0,0,172517.7,0,0,172517.7,0,0,174077.94,0,0,170985.18,0,0,170985.18,0,0,175666.65,0,0,177284.63,0,0,170985.18,0,0,170985.18,0,0,172517.7,0,0,170985.18,0,0,170985.18,0,0,170985.18,0,0,170985.18,0,0,170985.18,0,0,170985.18,0,0,170985.18,0,0,170985.18,0,0,170985.18,0,0,170985.18,0,0,170985.18,0,0,170985.18,0,0,172517.7,0,0,172517.7,0,0,170985.18,0,0,170985.18,0,0,170985.18,0,0,170985.18,0,0,170985.18,76572.33,1938.64,426633.7,0,0,170985.18,0,0,170985.18,46351.52,1173.52,258254.16,0,0,172517.7,0,0,172517.7,0,0,174077.94,0,0,170985.18
1,0,0,2021-03-22,IMMUNOSUPPR,0,0,0,0,0,0,0,0,0,0,0,0,0,0,0,0,0,0,0,0,0,0,0,0,0,0,0,0,0,0,0,0,0,0,0,0,0,0,0,0,0,0,0,0,0,0,0,0,0,0,178458.7,0,0,176819.32,0,0,176819.32,0,0,182817.26,0,0,180128.77,0,0,180128.77,0,0,178458.7,0,0,183564.47,0,0,183564.47,0,0,183564.47,0,0,178458.7,0,0,178458.7,0,0,178458.7,0,0,180128.77,0,0,176819.32,0,0,176819.32,0,0,181830.39,0,0,183564.47,0,0,176819.32,0,0,176819.32,0,0,178458.7,0,0,176819.32,0,0,176819.32,0,0,176819.32,0,0,176819.32,0,0,176819.32,0,0,176819.32,0,0,176819.32,0,0,176819.32,0,0,176819.32,0,0,176819.32,0,0,176819.32,0,0,176819.32,0,0,178458.7,0,0,178458.7,0,0,176819.32,0,0,176819.32,0,0,176819.32,0,0,176819.32,0,0,176819.32,0,0,287284.27,0,0,176819.32,0,0,176819.32,0,0,176819.32,0,0,178458.7,0,0,178458.7,0,0,180128.77,0,0,176819.32
1,0,0,2021-03-29,IMMUNOSUPPR,0,0,0,0,0,0,0,0,0,0,0,0,0,0,0,0,0,0,0,0,0,0,0,0,0,0,0,0,0,0,0,0,0,0,0,0,0,0,0,0,0,0,0,0,0,0,0,0,0,0,188706.33,0,0,186874.23,0,0,186874.23,0,0,192480.46,0,0,189236.41,0,0,189236.41,0,0,188706.33,0,0,193031.98,0,0,193031.98,0,0,193031.98,0,0,188706.33,0,0,188706.33,0,0,188706.33,0,0,190574.71,0,0,186874.23,0,0,186874.23,0,0,191115.35,0,0,193031.98,0,0,186874.23,0,0,186874.23,0,0,188706.33,0,0,186874.23,0,0,186874.23,0,0,186874.23,0,0,186874.23,0,0,186874.23,0,0,186874.23,0,0,186874.23,0,0,186874.23,0,0,186874.23,0,0,186874.23,0,0,186874.23,0,0,186874.23,0,0,188706.33,0,0,188706.33,0,0,186874.23,0,0,186874.23,0,0,186874.23,0,0,186874.23,0,0,186874.23,0,0,294184.11,0,0,186874.23,0,0,186874.23,0,0,186874.23,0,0,188706.33,0,0,188706.33,0,0,190574.71,0,0,186874.23
1,0,0,2021-04-05,IMMUNOSUPPR,0,0,0,0,0,0,0,0,0,0,0,0,0,0,0,0,0,0,0,0,0,0,0,0,0,0,0,0,0,0,0,0,0,0,0,0,0,0,0,0,1,0,0,0,0,0,0,0,0,0,202611.01,0,0,200500.48,0,0,200500.48,0,0,206968.24,0,0,202611.01,0,0,202611.01,0,0,201399.58,0,0,205704.31,0,0,206334.34,0,0,206334.34,0,0,202611.01,0,0,202611.01,0,0,202611.01,0,0,204766.45,0,0,200500.48,0,0,200500.48,0,0,203222.21,0,0,205390.73,0,0,200500.48,0,0,200500.48,0,0,202611.01,0,0,200500.48,0,0,200500.48,0,0,200500.48,0,0,200500.48,0,0,200500.48,0,0,200500.48,0,0,200500.48,0,0,200500.48,0,0,200500.48,0,0,200500.48,0,0,200500.48,0,0,200500.48,0,0,202611.01,0,0,202611.01,0,0,200500.48,0,0,200500.48,0,0,200500.48,0,0,200500.48,0,0,200500.48,0,0,301423.54,0,0,200500.48,0,0,200500.48,54352.68,1376.09,302833.74,0,0,201399.58,0,0,202611.01,0,0,203529.19,0,0,200500.48
1,0,0,2021-04-12,IMMUNOSUPPR,0,0,0,0,0,0,0,0,0,0,0,0,0,0,0,0,1,1,0,0,0,0,0,0,0,0,0,0,0,0,0,0,0,0,0,0,0,0,0,0,0,0,0,0,0,0,0,0,0,0,224935.43,0,0,222337.17,0,0,222337.17,0,0,230318.5,0,0,222704.66,0,0,222704.66,0,0,222337.17,0,0,227595.14,0,0,227595.14,0,0,227595.14,0,0,224935.43,0,0,224935.43,0,0,224935.43,0,0,227595.14,0,0,222337.17,0,0,222337.17,61283.56,1551.57,341450.13,62011.88,1570,345508.11,0,0,222337.17,0,0,222337.17,0,0,224935.43,0,0,222337.17,0,0,222337.17,0,0,222337.17,0,0,222337.17,0,0,222337.17,0,0,222337.17,0,0,222337.17,0,0,222337.17,0,0,222337.17,0,0,222337.17,0,0,222337.17,0,0,222337.17,0,0,224935.43,0,0,224935.43,0,0,222337.17,0,0,222337.17,0,0,222337.17,0,0,222337.17,0,0,222337.17,0,0,320800.77,0,0,222337.17,0,0,222337.17,0,0,222337.17,0,0,222337.17,0,0,224935.43,0,0,224935.43,0,0,222337.17
1,0,0,2021-04-19,IMMUNOSUPPR,0,0,0,0,0,0,0,0,0,0,0,0,0,0,0,0,0,0,0,0,0,0,0,0,0,0,0,0,0,0,0,0,0,0,0,0,0,0,0,0,0,0,0,0,0,0,0,0,0,0,233511.82,0,0,233107.82,0,0,233107.82,0,0,239318.51,0,0,233107.82,0,0,233107.82,0,0,233107.82,0,0,237630.2,0,0,237211.83,0,0,237211.83,0,0,235965.54,0,0,235965.54,0,0,235965.54,0,0,238894.19,0,0,233107.82,0,0,233107.82,0,0,238894.19,0,0,239318.51,0,0,233107.82,0,0,233107.82,0,0,233511.82,0,0,233107.82,0,0,233107.82,0,0,233107.82,0,0,233107.82,0,0,233107.82,0,0,233107.82,0,0,233107.82,0,0,233107.82,0,0,233107.82,0,0,233107.82,0,0,233107.82,0,0,233107.82,0,0,233511.82,0,0,233511.82,0,0,233107.82,0,0,233107.82,0,0,233107.82,0,0,233107.82,0,0,233107.82,0,0,331862.86,0,0,233107.82,0,0,233107.82,0,0,233107.82,0,0,233107.82,0,0,233511.82,0,0,233511.82,0,0,233107.82
1,0,0,2021-04-26,IMMUNOSUPPR,0,0,0,0,0,0,0,0,0,0,0,0,0,0,0,0,0,0,0,0,0,0,0,0,0,0,0,0,0,0,0,0,0,0,0,0,0,1,0,0,0,0,0,0,0,0,0,0,0,0,254219.48,0,0,254219.48,0,0,254219.48,0,0,261116.9,0,0,254219.48,0,0,254219.48,0,0,254219.48,0,0,257622.03,0,0,254219.48,0,0,254219.48,0,0,257622.03,0,0,257622.03,0,0,257622.03,0,0,261116.9,0,0,254219.48,0,0,254219.48,0,0,257622.03,0,0,257622.03,0,0,254219.48,0,0,254219.48,0,0,254219.48,0,0,254219.48,0,0,254219.48,0,0,254219.48,0,0,254219.48,0,0,254219.48,0,0,254219.48,0,0,254219.48,0,0,254219.48,0,0,254219.48,0,0,254219.48,0,0,254219.48,0,0,254219.48,0,0,254219.48,0,0,254219.48,0,0,254219.48,0,0,254219.48,0,0,254219.48,0,0,254219.48,0,0,254219.48,93653.85,2371.11,521805.83,0,0,254219.48,0,0,254219.48,0,0,254219.48,0,0,254219.48,0,0,254219.48,0,0,254219.48,0,0,254219.48
1,0,0,2021-05-03,IMMUNOSUPPR,0,0,0,0,0,0,0,0,0,0,1,1,1,0,0,0,0,0,0,0,0,0,0,0,0,0,0,0,0,0,0,0,0,0,0,0,0,0,0,0,0,0,0,0,0,0,0,0,0,0,265752.11,0,0,265752.11,0,0,265752.11,0,0,273298.83,0,0,265752.11,0,0,265752.11,0,0,265752.11,0,0,268399.05,0,0,265752.11,0,0,265752.11,73937.25,1871.93,411951.97,73937.25,1871.93,411951.97,73937.25,1871.93,411951.97,0,0,273298.83,0,0,265752.11,0,0,265752.11,0,0,269472.64,0,0,269472.64,0,0,265752.11,0,0,265752.11,0,0,265752.11,0,0,265752.11,0,0,265752.11,0,0,265752.11,0,0,265752.11,0,0,265752.11,0,0,265752.11,0,0,265752.11,0,0,265752.11,0,0,265752.11,0,0,265752.11,0,0,265752.11,0,0,265752.11,0,0,265752.11,0,0,265752.11,0,0,265752.11,0,0,265752.11,0,0,265752.11,0,0,265752.11,0,0,265752.11,0,0,365139.08,0,0,265752.11,0,0,265752.11,0,0,265752.11,0,0,265752.11,0,0,265752.11,0,0,265752.11,0,0,265752.11
1,0,0,2021-05-10,IMMUNOSUPPR,0,0,0,0,0,0,0,0,0,0,0,0,0,0,0,0,0,0,0,0,0,0,0,0,0,0,0,0,0,0,0,0,0,0,0,0,0,0,0,0,0,0,0,0,0,0,0,0,0,0,283655.41,0,0,283655.41,0,0,283655.41,0,0,292269.68,0,0,283655.41,0,0,283655.41,0,0,283655.41,0,0,283655.41,0,0,283655.41,0,0,283655.41,0,0,292269.68,0,0,292269.68,0,0,292269.68,0,0,292269.68,0,0,283655.41,0,0,283655.41,0,0,287898.12,0,0,287898.12,0,0,283655.41,0,0,283655.41,0,0,283655.41,0,0,283655.41,0,0,283655.41,0,0,283655.41,0,0,283655.41,0,0,283655.41,0,0,283655.41,0,0,283655.41,0,0,283655.41,0,0,283655.41,0,0,283655.41,0,0,283655.41,0,0,283655.41,0,0,283655.41,0,0,283655.41,0,0,283655.41,0,0,283655.41,0,0,283655.41,0,0,283655.41,0,0,283655.41,0,0,392817.27,0,0,283655.41,0,0,283655.41,0,0,283655.41,0,0,283655.41,0,0,283655.41,0,0,283655.41,0,0,283655.41
1,0,0,2021-05-17,IMMUNOSUPPR,0,0,0,0,0,0,0,0,0,0,0,0,0,0,0,0,0,0,0,0,0,0,0,0,0,0,0,0,0,0,0,0,0,0,0,0,0,1,0,0,0,0,0,0,0,0,0,0,0,0,309028.26,0,0,309028.26,0,0,309028.26,0,0,319280.38,0,0,309028.26,0,0,309028.26,0,0,309028.26,0,0,309028.26,0,0,309028.26,0,0,309028.26,0,0,319280.38,0,0,319280.38,0,0,319280.38,0,0,319280.38,0,0,309028.26,0,0,309028.26,0,0,314070.68,0,0,314070.68,0,0,309028.26,0,0,309028.26,0,0,309028.26,0,0,309028.26,0,0,309028.26,0,0,309028.26,0,0,309028.26,0,0,309028.26,0,0,309028.26,0,0,309028.26,0,0,309028.26,0,0,309028.26,0,0,309028.26,0,0,309028.26,0,0,309028.26,0,0,309028.26,0,0,309028.26,0,0,309028.26,0,0,309028.26,0,0,309028.26,0,0,309028.26,0,0,309028.26,114140.62,2889.79,635950.86,0,0,309028.26,0,0,309028.26,0,0,309028.26,0,0,309028.26,0,0,309028.26,0,0,309028.26,0,0,309028.26
1,0,0,2021-05-24,IMMUNOSUPPR,0,0,0,0,0,0,0,0,0,0,0,0,0,0,0,0,0,0,0,0,0,0,0,0,0,0,0,0,0,0,0,0,0,0,0,0,0,0,0,0,0,0,0,0,0,0,0,0,0,0,341104.61,0,0,341104.61,0,0,341104.61,0,0,348155.87,0,0,341104.61,0,0,341104.61,0,0,341104.61,0,0,341104.61,0,0,341104.61,0,0,341104.61,0,0,347258.56,0,0,347258.56,0,0,347258.56,0,0,347258.56,0,0,341104.61,0,0,341104.61,0,0,347258.56,0,0,347258.56,0,0,341104.61,0,0,341104.61,0,0,341104.61,0,0,341104.61,0,0,341104.61,0,0,341104.61,0,0,341104.61,0,0,341104.61,0,0,341104.61,0,0,341104.61,0,0,341104.61,0,0,341104.61,0,0,341104.61,0,0,341104.61,0,0,341104.61,0,0,341104.61,0,0,341104.61,0,0,341104.61,0,0,341104.61,0,0,341104.61,0,0,341104.61,0,0,341104.61,0,0,446146.76,0,0,341104.61,0,0,341104.61,0,0,341104.61,0,0,341104.61,0,0,341104.61,0,0,341104.61,0,0,341104.61
1,0,0,2021-05-31,IMMUNOSUPPR,0,0,0,0,0,0,0,0,0,0,0,0,0,0,0,0,0,0,0,0,0,0,0,0,0,0,0,0,0,0,0,0,0,0,0,0,0,0,0,0,0,0,0,0,0,0,0,0,0,0,366131.31,0,0,366131.31,0,0,366131.31,0,0,373230.81,0,0,366131.31,0,0,366131.31,0,0,366131.31,0,0,366131.31,0,0,366131.31,0,0,366131.31,0,0,373230.81,0,0,373230.81,0,0,373230.81,0,0,373230.81,0,0,366131.31,0,0,366131.31,0,0,373230.81,0,0,373230.81,0,0,366131.31,0,0,366131.31,0,0,366131.31,0,0,366131.31,0,0,366131.31,0,0,366131.31,0,0,366131.31,0,0,366131.31,0,0,366131.31,0,0,366131.31,0,0,366131.31,0,0,366131.31,0,0,366131.31,0,0,366131.31,0,0,366131.31,0,0,366131.31,0,0,366131.31,0,0,366131.31,0,0,366131.31,0,0,366131.31,0,0,366131.31,0,0,366131.31,0,0,486412.72,0,0,366131.31,0,0,366131.31,0,0,366131.31,0,0,366131.31,0,0,366131.31,0,0,366131.31,0,0,366131.31
1,0,0,2021-06-07,IMMUNOSUPPR,0,0,0,0,0,0,0,0,0,0,0,0,0,0,0,0,0,0,0,0,0,0,0,0,0,0,0,0,0,0,0,0,0,0,0,0,0,0,0,0,0,0,0,0,0,0,0,0,0,0,443211.59,0,0,443211.59,0,0,443211.59,0,0,453657.65,0,0,443211.59,0,0,443211.59,0,0,443211.59,0,0,443211.59,0,0,443211.59,0,0,443211.59,0,0,443211.59,0,0,443211.59,0,0,443211.59,0,0,443211.59,0,0,443211.59,0,0,443211.59,0,0,443211.59,0,0,443211.59,0,0,443211.59,0,0,443211.59,0,0,443211.59,0,0,443211.59,0,0,443211.59,0,0,443211.59,0,0,443211.59,0,0,443211.59,0,0,443211.59,0,0,443211.59,0,0,443211.59,0,0,443211.59,0,0,443211.59,0,0,443211.59,0,0,443211.59,0,0,443211.59,0,0,443211.59,0,0,443211.59,0,0,443211.59,0,0,443211.59,0,0,443211.59,0,0,443211.59,0,0,578267.48,0,0,443211.59,0,0,443211.59,0,0,443211.59,0,0,443211.59,0,0,443211.59,0,0,443211.59,0,0,443211.59
1,0,0,2021-06-14,IMMUNOSUPPR,0,0,0,0,0,0,0,0,0,0,0,0,0,0,0,0,0,0,0,0,0,0,0,0,0,0,0,0,0,0,0,0,0,0,0,0,0,0,0,0,0,0,0,0,0,0,0,0,0,0,518216.62,0,0,518216.62,0,0,518216.62,0,0,532554.63,0,0,518216.62,0,0,518216.62,0,0,518216.62,0,0,518216.62,0,0,518216.62,0,0,518216.62,0,0,518216.62,0,0,518216.62,0,0,518216.62,0,0,518216.62,0,0,518216.62,0,0,518216.62,0,0,518216.62,0,0,518216.62,0,0,518216.62,0,0,518216.62,0,0,518216.62,0,0,518216.62,0,0,518216.62,0,0,518216.62,0,0,518216.62,0,0,518216.62,0,0,518216.62,0,0,518216.62,0,0,518216.62,0,0,518216.62,0,0,518216.62,0,0,518216.62,0,0,518216.62,0,0,518216.62,0,0,518216.62,0,0,518216.62,0,0,518216.62,0,0,518216.62,0,0,518216.62,0,0,518216.62,0,0,654059.82,0,0,518216.62,0,0,518216.62,0,0,518216.62,0,0,518216.62,0,0,518216.62,0,0,518216.62,0,0,518216.62
1,0,0,2021-06-21,IMMUNOSUPPR,0,0,0,0,0,0,0,0,0,0,0,0,0,0,0,0,0,0,0,0,0,0,0,0,0,0,0,0,0,0,0,0,0,0,0,0,0,0,0,0,0,0,0,0,0,0,0,0,0,0,598828.1,0,0,598828.1,0,0,598828.1,0,0,618056.52,0,0,598828.1,0,0,598828.1,0,0,598828.1,0,0,598828.1,0,0,598828.1,0,0,598828.1,0,0,598828.1,0,0,598828.1,0,0,598828.1,0,0,598828.1,0,0,598828.1,0,0,598828.1,0,0,598828.1,0,0,598828.1,0,0,598828.1,0,0,598828.1,0,0,598828.1,0,0,598828.1,0,0,598828.1,0,0,598828.1,0,0,598828.1,0,0,598828.1,0,0,598828.1,0,0,598828.1,0,0,598828.1,0,0,598828.1,0,0,598828.1,0,0,598828.1,0,0,598828.1,0,0,598828.1,0,0,598828.1,0,0,598828.1,0,0,598828.1,0,0,598828.1,0,0,598828.1,0,0,598828.1,0,0,736264.05,0,0,598828.1,0,0,598828.1,0,0,598828.1,0,0,598828.1,0,0,598828.1,0,0,598828.1,0,0,598828.1
1,0,0,2021-06-28,IMMUNOSUPPR,0,0,0,0,0,0,0,0,0,0,0,0,0,0,0,0,0,0,0,0,0,0,0,0,0,0,0,0,0,0,0,0,0,0,0,0,0,1,0,0,0,0,0,0,0,0,0,0,0,0,1497070.25,0,0,1497070.25,0,0,1497070.25,0,0,1548693.36,0,0,1497070.25,0,0,1497070.25,0,0,1497070.25,0,0,1497070.25,0,0,1497070.25,0,0,1497070.25,0,0,1497070.25,0,0,1497070.25,0,0,1497070.25,0,0,1497070.25,0,0,1497070.25,0,0,1497070.25,0,0,1497070.25,0,0,1497070.25,0,0,1497070.25,0,0,1497070.25,0,0,1497070.25,0,0,1497070.25,0,0,1497070.25,0,0,1497070.25,0,0,1497070.25,0,0,1497070.25,0,0,1497070.25,0,0,1497070.25,0,0,1497070.25,0,0,1497070.25,0,0,1497070.25,0,0,1497070.25,0,0,1497070.25,0,0,1497070.25,0,0,1497070.25,0,0,1497070.25,0,0,1497070.25,0,0,1497070.25,0,0,1497070.25,0,0,1497070.25,507291.67,12843.51,2826448.26,0,0,1497070.25,0,0,1497070.25,0,0,1497070.25,0,0,1497070.25,0,0,1497070.25,0,0,1497070.25,0,0,1497070.25
1,1,Pfizer,2021-06-14,IMMUNOSUPPR,0,0,0,0,0,0,0,0,0,0,0,0,0,0,0,0,0,0,0,0,0,0,0,0,0,0,0,0,0,0,0,0,0,0,0,0,0,0,0,0,0,0,0,0,0,0,0,0,0,0,740309.46,0,0,740309.46,0,0,740309.46,0,0,769921.84,0,0,740309.46,0,0,740309.46,0,0,740309.46,0,0,769921.84,0,0,769921.84,0,0,769921.84,0,0,769921.84,0,0,769921.84,0,0,769921.84,0,0,769921.84,0,0,740309.46,0,0,740309.46,0,0,769921.84,0,0,769921.84,0,0,740309.46,0,0,740309.46,0,0,740309.46,0,0,740309.46,0,0,740309.46,0,0,740309.46,0,0,740309.46,0,0,740309.46,0,0,740309.46,0,0,740309.46,0,0,740309.46,0,0,740309.46,0,0,740309.46,0,0,740309.46,0,0,740309.46,0,0,740309.46,0,0,740309.46,0,0,740309.46,0,0,740309.46,0,0,740309.46,0,0,740309.46,0,0,740309.46,0,0,1236113.05,0,0,740309.46,0,0,740309.46,0,0,740309.46,0,0,740309.46,0,0,740309.46,0,0,740309.46,0,0,740309.46
1,1,Pfizer,2021-06-21,IMMUNOSUPPR,0,0,0,0,0,0,0,0,0,0,0,0,0,0,0,0,0,0,0,0,0,0,0,0,0,0,0,0,0,0,0,0,0,0,0,0,0,0,0,0,0,0,0,0,0,0,0,0,0,0,677066.95,0,0,677066.95,0,0,677066.95,0,0,701751.68,0,0,677066.95,0,0,677066.95,0,0,677066.95,0,0,701751.68,0,0,701751.68,0,0,701751.68,0,0,701751.68,0,0,701751.68,0,0,701751.68,0,0,701751.68,0,0,677066.95,0,0,677066.95,0,0,701751.68,0,0,701751.68,0,0,677066.95,0,0,677066.95,0,0,677066.95,0,0,677066.95,0,0,677066.95,0,0,677066.95,0,0,677066.95,0,0,677066.95,0,0,677066.95,0,0,677066.95,0,0,677066.95,0,0,677066.95,0,0,677066.95,0,0,677066.95,0,0,677066.95,0,0,677066.95,0,0,677066.95,0,0,677066.95,0,0,677066.95,0,0,677066.95,0,0,677066.95,0,0,677066.95,0,0,1113523.32,0,0,677066.95,0,0,677066.95,0,0,677066.95,0,0,677066.95,0,0,677066.95,0,0,677066.95,0,0,677066.95
1,1,Pfizer,2021-06-28,IMMUNOSUPPR,0,0,0,0,0,0,0,0,0,0,0,0,0,0,0,0,0,0,0,0,0,0,0,0,0,0,0,0,0,0,0,0,0,0,0,0,0,0,0,0,0,0,0,0,0,0,0,0,0,0,1604003.83,0,0,1604003.83,0,0,1604003.83,0,0,1663411.38,0,0,1604003.83,0,0,1604003.83,0,0,1604003.83,0,0,1663411.38,0,0,1663411.38,0,0,1663411.38,0,0,1604003.83,0,0,1604003.83,0,0,1604003.83,0,0,1604003.83,0,0,1604003.83,0,0,1604003.83,0,0,1663411.38,0,0,1663411.38,0,0,1604003.83,0,0,1604003.83,0,0,1604003.83,0,0,1604003.83,0,0,1604003.83,0,0,1604003.83,0,0,1604003.83,0,0,1604003.83,0,0,1604003.83,0,0,1604003.83,0,0,1604003.83,0,0,1604003.83,0,0,1604003.83,0,0,1604003.83,0,0,1604003.83,0,0,1604003.83,0,0,1604003.83,0,0,1604003.83,0,0,1604003.83,0,0,1604003.83,0,0,1604003.83,0,0,1604003.83,0,0,2495117.08,0,0,1604003.83,0,0,1604003.83,0,0,1604003.83,0,0,1604003.83,0,0,1604003.83,0,0,1604003.83,0,0,1604003.83
1,1,Pfizer,2021-06-07,IMMUNOSUPPR,0,0,0,0,0,0,0,0,0,0,0,0,0,0,0,0,0,0,0,0,0,0,0,0,0,0,0,0,0,0,0,0,0,0,0,0,0,0,0,0,0,0,0,0,0,0,0,0,0,0,898242.15,0,0,898242.15,0,0,898242.15,0,0,942212.04,0,0,898242.15,0,0,898242.15,0,0,898242.15,0,0,942212.04,0,0,942212.04,0,0,942212.04,0,0,942212.04,0,0,942212.04,0,0,942212.04,0,0,942212.04,0,0,898242.15,0,0,898242.15,0,0,942212.04,0,0,942212.04,0,0,898242.15,0,0,898242.15,0,0,898242.15,0,0,898242.15,0,0,898242.15,0,0,898242.15,0,0,898242.15,0,0,898242.15,0,0,898242.15,0,0,898242.15,0,0,898242.15,0,0,898242.15,0,0,898242.15,0,0,898242.15,0,0,898242.15,0,0,898242.15,0,0,898242.15,0,0,898242.15,0,0,898242.15,0,0,898242.15,0,0,898242.15,0,0,898242.15,0,0,1531094.57,0,0,898242.15,0,0,898242.15,0,0,898242.15,0,0,898242.15,0,0,898242.15,0,0,898242.15,0,0,898242.15
1,1,Moderna,2021-06-07,IMMUNOSUPPR,0,0,0,0,0,0,0,0,0,0,0,0,0,0,0,0,0,0,0,0,0,0,0,0,0,0,0,0,0,0,0,0,0,0,0,0,0,0,0,0,0,0,0,0,0,0,0,0,0,0,5614013.42,0,0,4346332.97,0,0,4346332.97,0,0,5614013.42,0,0,4346332.97,0,0,4346332.97,0,0,4346332.97,0,0,4346332.97,0,0,4346332.97,0,0,4346332.97,0,0,5614013.42,0,0,5614013.42,0,0,5614013.42,0,0,5614013.42,0,0,4346332.97,0,0,4346332.97,0,0,4346332.97,0,0,5614013.42,0,0,4346332.97,0,0,4346332.97,0,0,5614013.42,0,0,4346332.97,0,0,4346332.97,0,0,4346332.97,0,0,4346332.97,0,0,4346332.97,0,0,4346332.97,0,0,4346332.97,0,0,4346332.97,0,0,4346332.97,0,0,4346332.97,0,0,4346332.97,0,0,4346332.97,0,0,5614013.42,0,0,5614013.42,0,0,4346332.97,0,0,4346332.97,0,0,4346332.97,0,0,4346332.97,0,0,4346332.97,0,0,13473632.21,0,0,4346332.97,0,0,4346332.97,0,0,4346332.97,0,0,4346332.97,0,0,5614013.42,0,0,5614013.42,0,0,4346332.97
1,1,Moderna,2021-06-14,IMMUNOSUPPR,0,0,0,0,0,0,0,0,0,0,0,0,0,0,0,0,0,0,0,0,0,0,0,0,0,0,0,0,0,0,0,0,0,0,0,0,0,0,0,0,0,0,0,0,0,0,0,0,0,0,3962833,0,0,3286251.76,0,0,3286251.76,0,0,3962833,0,0,3286251.76,0,0,3286251.76,0,0,3286251.76,0,0,3286251.76,0,0,3286251.76,0,0,3286251.76,0,0,3962833,0,0,3962833,0,0,3962833,0,0,3962833,0,0,3286251.76,0,0,3286251.76,0,0,3286251.76,0,0,3962833,0,0,3286251.76,0,0,3286251.76,0,0,3962833,0,0,3286251.76,0,0,3286251.76,0,0,3286251.76,0,0,3286251.76,0,0,3286251.76,0,0,3286251.76,0,0,3286251.76,0,0,3286251.76,0,0,3286251.76,0,0,3286251.76,0,0,3286251.76,0,0,3286251.76,0,0,3962833,0,0,3962833,0,0,3286251.76,0,0,3286251.76,0,0,3286251.76,0,0,3286251.76,0,0,3286251.76,0,0,9624023,0,0,3286251.76,0,0,3286251.76,0,0,3286251.76,0,0,3286251.76,0,0,3962833,0,0,3962833,0,0,3286251.76
1,1,Moderna,2021-06-21,IMMUNOSUPPR,0,0,0,0,0,0,0,0,0,0,0,0,0,0,0,0,0,0,0,0,0,0,0,0,0,0,0,0,0,0,0,0,0,0,0,0,0,0,0,0,0,0,0,0,0,0,0,0,0,0,3286251.76,0,0,2807006.71,0,0,2807006.71,0,0,3286251.76,0,0,2807006.71,0,0,2807006.71,0,0,2807006.71,0,0,2807006.71,0,0,2807006.71,0,0,2807006.71,0,0,3286251.76,0,0,3286251.76,0,0,3286251.76,0,0,3286251.76,0,0,2807006.71,0,0,2807006.71,0,0,2807006.71,0,0,3286251.76,0,0,2807006.71,0,0,2807006.71,0,0,3286251.76,0,0,2807006.71,0,0,2807006.71,0,0,2807006.71,0,0,2807006.71,0,0,2807006.71,0,0,2807006.71,0,0,2807006.71,0,0,2807006.71,0,0,2807006.71,0,0,2807006.71,0,0,2807006.71,0,0,2807006.71,0,0,3286251.76,0,0,3286251.76,0,0,2807006.71,0,0,2807006.71,0,0,2807006.71,0,0,2807006.71,0,0,2807006.71,0,0,6736816.1,0,0,2807006.71,0,0,2807006.71,0,0,2807006.71,0,0,2807006.71,0,0,3286251.76,0,0,3286251.76,0,0,2807006.71
1,1,Moderna,2021-06-28,IMMUNOSUPPR,0,0,0,0,0,0,0,0,0,0,0,0,0,0,0,0,0,0,0,0,0,0,0,0,0,0,0,0,0,0,0,0,0,0,0,0,0,0,0,0,0,0,0,0,0,0,0,0,0,0,7485351.23,0,0,6416015.34,0,0,6416015.34,0,0,7485351.23,0,0,6416015.34,0,0,6416015.34,0,0,6416015.34,0,0,6416015.34,0,0,6416015.34,0,0,6416015.34,0,0,7485351.23,0,0,7485351.23,0,0,7485351.23,0,0,7485351.23,0,0,6416015.34,0,0,6416015.34,0,0,6416015.34,0,0,7485351.23,0,0,6416015.34,0,0,6416015.34,0,0,7485351.23,0,0,6416015.34,0,0,6416015.34,0,0,6416015.34,0,0,6416015.34,0,0,6416015.34,0,0,6416015.34,0,0,6416015.34,0,0,6416015.34,0,0,6416015.34,0,0,6416015.34,0,0,6416015.34,0,0,6416015.34,0,0,7485351.23,0,0,7485351.23,0,0,6416015.34,0,0,6416015.34,0,0,6416015.34,0,0,6416015.34,0,0,6416015.34,0,0,14970702.45,0,0,6416015.34,0,0,6416015.34,0,0,6416015.34,0,0,6416015.34,0,0,7485351.23,0,0,7485351.23,0,0,6416015.34
1,1,Pfizer,2021-04-12,IMMUNOSUPPR,0,0,0,0,0,0,0,0,0,0,0,0,0,0,0,0,0,0,0,0,0,0,0,0,0,0,0,0,0,0,0,0,0,0,0,0,0,0,0,0,0,0,0,0,0,0,0,0,0,0,1684204.03,0,0,1684204.03,0,0,1684204.03,0,0,1684204.03,0,0,2010989.88,0,0,2010989.88,0,0,1684204.03,0,0,1845703.04,0,0,2041459.43,0,0,2041459.43,0,0,1684204.03,0,0,1684204.03,0,0,1684204.03,0,0,1684204.03,0,0,1684204.03,0,0,1684204.03,0,0,2041459.43,0,0,2041459.43,0,0,1684204.03,0,0,1684204.03,0,0,1684204.03,0,0,1684204.03,0,0,1684204.03,0,0,1684204.03,0,0,1684204.03,0,0,1684204.03,0,0,1684204.03,0,0,1684204.03,0,0,1684204.03,0,0,1684204.03,0,0,1684204.03,0,0,1684204.03,0,0,1684204.03,0,0,1684204.03,0,0,1684204.03,0,0,1684204.03,0,0,1684204.03,0,0,1684204.03,0,0,1684204.03,0,0,1684204.03,0,0,7485351.23,0,0,1684204.03,0,0,1684204.03,0,0,1684204.03,0,0,1684204.03,0,0,1684204.03,0,0,1684204.03,0,0,1684204.03
1,1,Pfizer,2021-04-19,IMMUNOSUPPR,0,0,0,0,0,0,0,0,0,0,0,0,0,0,0,0,0,0,0,0,0,0,0,0,0,0,0,0,0,0,0,0,0,0,0,0,0,0,0,0,0,0,0,0,0,0,0,0,0,0,1448777.66,0,0,1448777.66,0,0,1448777.66,0,0,1448777.66,0,0,1684204.03,0,0,1684204.03,0,0,1448777.66,0,0,1604003.83,0,0,1772846.34,0,0,1772846.34,0,0,1448777.66,0,0,1448777.66,0,0,1448777.66,0,0,1448777.66,0,0,1448777.66,0,0,1448777.66,0,0,1663411.38,0,0,1663411.38,0,0,1448777.66,0,0,1448777.66,0,0,1448777.66,0,0,1448777.66,0,0,1448777.66,0,0,1448777.66,0,0,1448777.66,0,0,1448777.66,0,0,1448777.66,0,0,1448777.66,0,0,1448777.66,0,0,1448777.66,0,0,1448777.66,0,0,1448777.66,0,0,1448777.66,0,0,1448777.66,0,0,1448777.66,0,0,1448777.66,0,0,1448777.66,0,0,1448777.66,0,0,1448777.66,0,0,1448777.66,0,0,4812011.5,0,0,1448777.66,0,0,1448777.66,0,0,1448777.66,0,0,1448777.66,0,0,1448777.66,0,0,1448777.66,0,0,1448777.66
1,1,Pfizer,2021-04-26,IMMUNOSUPPR,0,0,0,0,0,0,0,0,0,0,0,0,0,0,0,0,0,0,0,0,0,0,0,0,0,0,0,0,0,0,0,0,0,0,0,0,0,1,0,0,0,0,0,0,0,0,0,0,0,0,1749822.36,0,0,1749822.36,0,0,1749822.36,0,0,1749822.36,0,0,1924804.6,0,0,1924804.6,0,0,1749822.36,0,0,1924804.6,0,0,2363795.12,0,0,2363795.12,0,0,1749822.36,0,0,1749822.36,0,0,1749822.36,0,0,1749822.36,0,0,1749822.36,0,0,1749822.36,0,0,1749822.36,0,0,1749822.36,0,0,1749822.36,0,0,1749822.36,0,0,1749822.36,0,0,1749822.36,0,0,1749822.36,0,0,1749822.36,0,0,1749822.36,0,0,1749822.36,0,0,1749822.36,0,0,1749822.36,0,0,1749822.36,0,0,1749822.36,0,0,1749822.36,0,0,1749822.36,0,0,1749822.36,0,0,1749822.36,0,0,1749822.36,0,0,1749822.36,0,0,1749822.36,0,0,1749822.36,0,0,1749822.36,0,0,1749822.36,1660227.27,42033.32,9250194.31,0,0,1749822.36,0,0,1749822.36,0,0,1749822.36,0,0,1749822.36,0,0,1749822.36,0,0,1749822.36,0,0,1749822.36
1,1,Pfizer,2021-05-03,IMMUNOSUPPR,0,0,0,0,0,0,0,0,0,0,0,0,0,0,0,0,0,0,0,0,0,0,0,0,0,0,0,0,0,0,0,0,0,0,0,0,0,0,0,0,0,0,0,0,0,0,0,0,0,0,3133402.84,0,0,3133402.84,0,0,3133402.84,0,0,3133402.84,0,0,3133402.84,0,0,3133402.84,0,0,3133402.84,0,0,3962833,0,0,4646080.07,0,0,4646080.07,0,0,3133402.84,0,0,3133402.84,0,0,3133402.84,0,0,3133402.84,0,0,3133402.84,0,0,3133402.84,0,0,3133402.84,0,0,3133402.84,0,0,3133402.84,0,0,3133402.84,0,0,3133402.84,0,0,3133402.84,0,0,3133402.84,0,0,3133402.84,0,0,3133402.84,0,0,3133402.84,0,0,3133402.84,0,0,3133402.84,0,0,3133402.84,0,0,3133402.84,0,0,3133402.84,0,0,3133402.84,0,0,3133402.84,0,0,3133402.84,0,0,3133402.84,0,0,3133402.84,0,0,3133402.84,0,0,3133402.84,0,0,3133402.84,0,0,3133402.84,0,0,8421020.13,0,0,3133402.84,0,0,3133402.84,0,0,3133402.84,0,0,3133402.84,0,0,3133402.84,0,0,3133402.84,0,0,3133402.84
1,1,Pfizer,2021-05-10,IMMUNOSUPPR,0,0,0,0,0,0,0,0,0,0,0,0,0,0,0,0,0,0,0,0,0,0,0,0,0,0,0,0,0,0,0,0,0,0,0,0,0,0,0,0,0,0,0,0,0,0,0,0,0,0,2641888.67,0,0,2641888.67,0,0,2641888.67,0,0,2641888.67,0,0,2641888.67,0,0,2641888.67,0,0,2641888.67,0,0,3641522.22,0,0,3641522.22,0,0,3641522.22,0,0,2641888.67,0,0,2641888.67,0,0,2641888.67,0,0,2641888.67,0,0,2641888.67,0,0,2641888.67,0,0,2641888.67,0,0,2641888.67,0,0,2641888.67,0,0,2641888.67,0,0,2641888.67,0,0,2641888.67,0,0,2641888.67,0,0,2641888.67,0,0,2641888.67,0,0,2641888.67,0,0,2641888.67,0,0,2641888.67,0,0,2641888.67,0,0,2641888.67,0,0,2641888.67,0,0,2641888.67,0,0,2641888.67,0,0,2641888.67,0,0,2641888.67,0,0,2641888.67,0,0,2641888.67,0,0,2641888.67,0,0,2641888.67,0,0,2641888.67,0,0,5614013.42,0,0,2641888.67,0,0,2641888.67,0,0,2641888.67,0,0,2641888.67,0,0,2641888.67,0,0,2641888.67,0,0,2641888.67
1,2,Pfizer,2021-05-10,IMMUNOSUPPR,0,0,0,0,0,0,0,0,0,0,0,0,0,0,0,0,0,0,0,0,0,0,0,0,0,0,0,0,0,0,0,0,0,0,0,0,0,0,0,0,0,0,0,0,0,0,0,0,0,0,869266.59,0,0,869266.59,0,0,869266.59,0,0,869266.59,0,0,1005494.94,0,0,1005494.94,0,0,869266.59,0,0,955576.75,0,0,955576.75,0,0,955576.75,0,0,869266.59,0,0,869266.59,0,0,869266.59,0,0,869266.59,0,0,869266.59,0,0,869266.59,0,0,955576.75,0,0,955576.75,0,0,869266.59,0,0,869266.59,0,0,869266.59,0,0,869266.59,0,0,869266.59,0,0,869266.59,0,0,869266.59,0,0,869266.59,0,0,869266.59,0,0,869266.59,0,0,869266.59,0,0,869266.59,0,0,869266.59,0,0,869266.59,0,0,869266.59,0,0,869266.59,0,0,869266.59,0,0,869266.59,0,0,869266.59,0,0,869266.59,0,0,869266.59,0,0,869266.59,0,0,4990234.15,0,0,869266.59,0,0,869266.59,0,0,869266.59,0,0,869266.59,0,0,869266.59,0,0,869266.59,0,0,869266.59
1,2,Pfizer,2021-05-17,IMMUNOSUPPR,0,0,0,0,0,0,0,0,0,0,0,0,0,0,0,0,0,0,0,0,0,0,0,0,0,0,0,0,0,0,0,0,0,0,0,0,0,0,0,0,0,0,0,0,0,0,0,0,0,0,826603.2,0,0,826603.2,0,0,826603.2,0,0,826603.2,0,0,948847.34,0,0,948847.34,0,0,826603.2,0,0,904270.62,0,0,948847.34,0,0,948847.34,0,0,826603.2,0,0,826603.2,0,0,826603.2,0,0,826603.2,0,0,826603.2,0,0,826603.2,0,0,904270.62,0,0,904270.62,0,0,826603.2,0,0,826603.2,0,0,826603.2,0,0,826603.2,0,0,826603.2,0,0,826603.2,0,0,826603.2,0,0,826603.2,0,0,826603.2,0,0,826603.2,0,0,826603.2,0,0,826603.2,0,0,826603.2,0,0,826603.2,0,0,826603.2,0,0,826603.2,0,0,826603.2,0,0,826603.2,0,0,826603.2,0,0,826603.2,0,0,826603.2,0,0,826603.2,0,0,4812011.5,0,0,826603.2,0,0,826603.2,0,0,826603.2,0,0,826603.2,0,0,826603.2,0,0,826603.2,0,0,826603.2
1,2,Pfizer,2021-05-24,IMMUNOSUPPR,0,0,0,0,0,0,0,0,0,0,0,0,0,0,0,0,0,0,0,0,0,0,0,0,0,0,0,0,0,0,0,0,0,0,0,0,0,0,0,0,0,0,0,0,0,0,0,0,0,0,797256.34,0,0,797256.34,0,0,797256.34,0,0,797256.34,0,0,910380.55,0,0,910380.55,0,0,797256.34,0,0,886423.17,0,0,910380.55,0,0,910380.55,0,0,797256.34,0,0,797256.34,0,0,797256.34,0,0,797256.34,0,0,797256.34,0,0,797256.34,0,0,869266.59,0,0,869266.59,0,0,797256.34,0,0,797256.34,0,0,797256.34,0,0,797256.34,0,0,797256.34,0,0,797256.34,0,0,797256.34,0,0,797256.34,0,0,797256.34,0,0,797256.34,0,0,797256.34,0,0,797256.34,0,0,797256.34,0,0,797256.34,0,0,797256.34,0,0,797256.34,0,0,797256.34,0,0,797256.34,0,0,797256.34,0,0,797256.34,0,0,797256.34,0,0,797256.34,0,0,4082918.85,0,0,797256.34,0,0,797256.34,0,0,797256.34,0,0,797256.34,0,0,797256.34,0,0,797256.34,0,0,797256.34
1,2,Pfizer,2021-05-31,IMMUNOSUPPR,0,0,0,0,0,0,0,0,0,0,0,0,0,0,0,0,0,0,0,0,0,0,0,0,0,0,0,0,0,0,0,0,0,0,0,0,0,0,0,0,0,0,0,0,0,0,0,0,0,0,712890.59,0,0,712890.59,0,0,712890.59,0,0,712890.59,0,0,802001.92,0,0,802001.92,0,0,712890.59,0,0,802001.92,0,0,802001.92,0,0,802001.92,0,0,712890.59,0,0,712890.59,0,0,712890.59,0,0,712890.59,0,0,712890.59,0,0,712890.59,0,0,769921.84,0,0,769921.84,0,0,712890.59,0,0,712890.59,0,0,712890.59,0,0,712890.59,0,0,712890.59,0,0,712890.59,0,0,712890.59,0,0,712890.59,0,0,712890.59,0,0,712890.59,0,0,712890.59,0,0,712890.59,0,0,712890.59,0,0,712890.59,0,0,712890.59,0,0,712890.59,0,0,712890.59,0,0,712890.59,0,0,712890.59,0,0,712890.59,0,0,712890.59,0,0,712890.59,0,0,2749720.86,0,0,712890.59,0,0,712890.59,0,0,712890.59,0,0,712890.59,0,0,712890.59,0,0,712890.59,0,0,712890.59
1,2,Pfizer,2021-06-07,IMMUNOSUPPR,0,0,0,0,0,0,0,0,0,0,0,0,0,0,0,0,0,0,0,0,0,0,0,0,1,1,0,0,0,0,0,0,0,0,0,0,0,0,0,0,0,0,0,0,0,0,0,0,0,0,712890.59,0,0,712890.59,0,0,712890.59,0,0,712890.59,0,0,802001.92,0,0,802001.92,0,0,712890.59,0,0,802001.92,0,0,802001.92,0,0,802001.92,0,0,712890.59,0,0,712890.59,0,0,712890.59,0,0,712890.59,0,0,712890.59,0,0,712890.59,0,0,769921.84,0,0,769921.84,0,0,712890.59,0,0,712890.59,0,0,712890.59,0,0,712890.59,0,0,712890.59,0,0,712890.59,0,0,712890.59,0,0,712890.59,0,0,712890.59,197432.43,4998.56,1100023.11,197432.43,4998.56,1100023.11,0,0,712890.59,0,0,712890.59,0,0,712890.59,0,0,712890.59,0,0,712890.59,0,0,712890.59,0,0,712890.59,0,0,712890.59,0,0,712890.59,0,0,712890.59,0,0,712890.59,0,0,2749720.86,0,0,712890.59,0,0,712890.59,0,0,712890.59,0,0,712890.59,0,0,712890.59,0,0,712890.59,0,0,712890.59
1,2,Pfizer,2021-06-14,IMMUNOSUPPR,0,0,0,0,0,0,0,0,0,0,0,0,0,0,0,0,0,0,0,0,0,0,0,0,0,0,0,0,0,0,0,0,0,0,0,0,0,0,0,0,0,0,0,0,0,0,0,0,0,0,712890.59,0,0,712890.59,0,0,712890.59,0,0,712890.59,0,0,802001.92,0,0,802001.92,0,0,712890.59,0,0,802001.92,0,0,802001.92,0,0,802001.92,0,0,712890.59,0,0,712890.59,0,0,712890.59,0,0,712890.59,0,0,712890.59,0,0,712890.59,0,0,769921.84,0,0,769921.84,0,0,712890.59,0,0,712890.59,0,0,712890.59,0,0,712890.59,0,0,712890.59,0,0,712890.59,0,0,712890.59,0,0,712890.59,0,0,712890.59,0,0,740309.46,0,0,740309.46,0,0,712890.59,0,0,712890.59,0,0,712890.59,0,0,712890.59,0,0,712890.59,0,0,712890.59,0,0,712890.59,0,0,712890.59,0,0,712890.59,0,0,712890.59,0,0,712890.59,0,0,2749720.86,0,0,712890.59,0,0,712890.59,0,0,712890.59,0,0,712890.59,0,0,712890.59,0,0,712890.59,0,0,712890.59
1,2,Pfizer,2021-06-21,IMMUNOSUPPR,0,0,0,0,0,0,0,0,0,0,0,0,0,0,0,0,0,0,0,0,0,0,0,0,0,0,0,0,0,0,0,0,0,0,0,0,0,0,0,0,0,0,0,0,0,0,0,0,0,0,673681.61,0,0,673681.61,0,0,673681.61,0,0,673681.61,0,0,752716.88,0,0,752716.88,0,0,673681.61,0,0,752716.88,0,0,752716.88,0,0,752716.88,0,0,673681.61,0,0,673681.61,0,0,673681.61,0,0,673681.61,0,0,673681.61,0,0,673681.61,0,0,724388.83,0,0,724388.83,0,0,673681.61,0,0,673681.61,0,0,673681.61,0,0,673681.61,0,0,673681.61,0,0,673681.61,0,0,673681.61,0,0,673681.61,0,0,673681.61,0,0,698115.66,0,0,698115.66,0,0,673681.61,0,0,673681.61,0,0,673681.61,0,0,673681.61,0,0,673681.61,0,0,673681.61,0,0,673681.61,0,0,673681.61,0,0,673681.61,0,0,673681.61,0,0,673681.61,0,0,2495117.08,0,0,673681.61,0,0,673681.61,0,0,673681.61,0,0,673681.61,0,0,673681.61,0,0,673681.61,0,0,673681.61
1,2,Pfizer,2021-06-28,IMMUNOSUPPR,0,0,0,0,0,0,0,0,0,0,0,0,0,0,0,0,0,0,0,0,0,0,0,0,0,0,0,0,0,0,0,0,0,0,0,0,0,0,0,0,0,0,0,0,0,0,0,0,0,0,1497070.25,0,0,1497070.25,0,0,1497070.25,0,0,1497070.25,0,0,1663411.38,0,0,1663411.38,0,0,1497070.25,0,0,1663411.38,0,0,1663411.38,0,0,1663411.38,0,0,1497070.25,0,0,1497070.25,0,0,1497070.25,0,0,1497070.25,0,0,1497070.25,0,0,1497070.25,0,0,1604003.83,0,0,1604003.83,0,0,1497070.25,0,0,1497070.25,0,0,1497070.25,0,0,1497070.25,0,0,1497070.25,0,0,1497070.25,0,0,1497070.25,0,0,1497070.25,0,0,1497070.25,0,0,1548693.36,0,0,1548693.36,0,0,1497070.25,0,0,1497070.25,0,0,1497070.25,0,0,1497070.25,0,0,1497070.25,0,0,1497070.25,0,0,1497070.25,0,0,1497070.25,0,0,1497070.25,0,0,1497070.25,0,0,1497070.25,0,0,4990234.15,0,0,1497070.25,0,0,1497070.25,0,0,1497070.25,0,0,1497070.25,0,0,1497070.25,0,0,1497070.25,0,0,1497070.25
1,1,AstraZeneca,2021-05-17,IMMUNOSUPPR,0,0,0,0,0,0,0,0,0,0,0,0,0,0,0,0,0,0,0,0,0,0,0,0,0,0,0,0,0,0,0,0,0,0,0,0,0,0,0,0,0,0,0,0,0,0,0,0,0,0,2245605.37,0,0,2245605.37,0,0,2245605.37,0,0,2542194.76,0,0,2245605.37,0,0,2245605.37,0,0,2245605.37,0,0,2245605.37,0,0,2245605.37,0,0,2245605.37,0,0,2245605.37,0,0,2245605.37,0,0,2245605.37,0,0,2245605.37,0,0,2245605.37,0,0,2245605.37,0,0,2245605.37,0,0,2245605.37,0,0,2245605.37,0,0,2245605.37,0,0,2245605.37,0,0,2245605.37,0,0,2245605.37,0,0,2245605.37,0,0,2245605.37,0,0,2245605.37,0,0,2245605.37,0,0,2245605.37,0,0,2245605.37,0,0,2245605.37,0,0,2245605.37,0,0,2245605.37,0,0,2245605.37,0,0,2245605.37,0,0,2245605.37,0,0,2245605.37,0,0,2245605.37,0,0,2245605.37,0,0,2245605.37,0,0,2245605.37,0,0,6736816.1,0,0,2245605.37,0,0,2245605.37,0,0,2245605.37,0,0,2245605.37,0,0,2245605.37,0,0,2245605.37,0,0,2245605.37
1,1,AstraZeneca,2021-05-24,IMMUNOSUPPR,0,0,0,0,0,0,0,0,0,0,0,0,0,0,0,0,0,0,0,0,0,0,0,0,0,0,0,0,0,0,0,0,0,0,0,0,0,0,0,0,0,0,0,0,0,0,0,0,0,0,2138671.78,0,0,2138671.78,0,0,2138671.78,0,0,2406005.75,0,0,2138671.78,0,0,2138671.78,0,0,2138671.78,0,0,2138671.78,0,0,2138671.78,0,0,2138671.78,0,0,2138671.78,0,0,2138671.78,0,0,2138671.78,0,0,2138671.78,0,0,2138671.78,0,0,2138671.78,0,0,2138671.78,0,0,2138671.78,0,0,2138671.78,0,0,2138671.78,0,0,2138671.78,0,0,2138671.78,0,0,2138671.78,0,0,2138671.78,0,0,2138671.78,0,0,2138671.78,0,0,2138671.78,0,0,2138671.78,0,0,2138671.78,0,0,2138671.78,0,0,2138671.78,0,0,2138671.78,0,0,2138671.78,0,0,2138671.78,0,0,2138671.78,0,0,2138671.78,0,0,2138671.78,0,0,2138671.78,0,0,2138671.78,0,0,2138671.78,0,0,6416015.34,0,0,2138671.78,0,0,2138671.78,0,0,2138671.78,0,0,2138671.78,0,0,2138671.78,0,0,2138671.78,0,0,2138671.78
1,1,AstraZeneca,2021-05-31,IMMUNOSUPPR,0,0,0,0,0,0,0,0,0,0,0,0,0,0,0,0,0,0,0,0,0,0,0,0,0,0,0,0,0,0,0,0,0,0,0,0,0,0,0,0,0,0,0,0,0,0,0,0,0,0,2138671.78,0,0,2138671.78,0,0,2138671.78,0,0,2406005.75,0,0,2138671.78,0,0,2138671.78,0,0,2138671.78,0,0,2138671.78,0,0,2138671.78,0,0,2138671.78,0,0,2138671.78,0,0,2138671.78,0,0,2138671.78,0,0,2138671.78,0,0,2138671.78,0,0,2138671.78,0,0,2138671.78,0,0,2138671.78,0,0,2138671.78,0,0,2138671.78,0,0,2138671.78,0,0,2138671.78,0,0,2138671.78,0,0,2138671.78,0,0,2138671.78,0,0,2138671.78,0,0,2138671.78,0,0,2138671.78,0,0,2138671.78,0,0,2138671.78,0,0,2138671.78,0,0,2138671.78,0,0,2138671.78,0,0,2138671.78,0,0,2138671.78,0,0,2138671.78,0,0,2138671.78,0,0,2138671.78,0,0,2138671.78,0,0,2138671.78,0,0,6416015.34,0,0,2138671.78,0,0,2138671.78,0,0,2138671.78,0,0,2138671.78,0,0,2138671.78,0,0,2138671.78,0,0,2138671.78
1,1,AstraZeneca,2021-06-07,IMMUNOSUPPR,0,0,0,0,0,0,0,0,0,0,0,0,0,0,0,0,0,0,0,0,0,0,0,0,0,0,0,0,0,0,0,0,0,0,0,0,0,0,0,0,0,0,0,0,0,0,0,0,0,0,2138671.78,0,0,2138671.78,0,0,2138671.78,0,0,2406005.75,0,0,2138671.78,0,0,2138671.78,0,0,2138671.78,0,0,2138671.78,0,0,2138671.78,0,0,2138671.78,0,0,2138671.78,0,0,2138671.78,0,0,2138671.78,0,0,2138671.78,0,0,2138671.78,0,0,2138671.78,0,0,2138671.78,0,0,2138671.78,0,0,2138671.78,0,0,2138671.78,0,0,2138671.78,0,0,2138671.78,0,0,2138671.78,0,0,2138671.78,0,0,2138671.78,0,0,2138671.78,0,0,2138671.78,0,0,2138671.78,0,0,2138671.78,0,0,2138671.78,0,0,2138671.78,0,0,2138671.78,0,0,2138671.78,0,0,2138671.78,0,0,2138671.78,0,0,2138671.78,0,0,2138671.78,0,0,2138671.78,0,0,2138671.78,0,0,2138671.78,0,0,6416015.34,0,0,2138671.78,0,0,2138671.78,0,0,2138671.78,0,0,2138671.78,0,0,2138671.78,0,0,2138671.78,0,0,2138671.78
1,1,AstraZeneca,2021-06-14,IMMUNOSUPPR,0,0,0,0,0,0,0,0,0,0,0,0,0,0,0,0,0,0,0,0,0,0,0,0,0,0,0,0,0,0,0,0,0,0,0,0,0,1,0,0,0,0,0,0,0,0,0,0,0,0,2406005.75,0,0,2406005.75,0,0,2406005.75,0,0,2641888.67,0,0,2406005.75,0,0,2406005.75,0,0,2406005.75,0,0,2406005.75,0,0,2406005.75,0,0,2406005.75,0,0,2406005.75,0,0,2406005.75,0,0,2406005.75,0,0,2406005.75,0,0,2406005.75,0,0,2406005.75,0,0,2406005.75,0,0,2406005.75,0,0,2406005.75,0,0,2406005.75,0,0,2406005.75,0,0,2406005.75,0,0,2406005.75,0,0,2406005.75,0,0,2406005.75,0,0,2406005.75,0,0,2406005.75,0,0,2406005.75,0,0,2406005.75,0,0,2406005.75,0,0,2406005.75,0,0,2406005.75,0,0,2406005.75,0,0,2406005.75,0,0,2406005.75,0,0,2406005.75,0,0,2406005.75,0,0,2406005.75,0,0,2406005.75,0,0,2406005.75,1922368.42,48670.15,10710751.31,0,0,2406005.75,0,0,2406005.75,0,0,2406005.75,0,0,2406005.75,0,0,2406005.75,0,0,2406005.75,0,0,2406005.75
1,1,AstraZeneca,2021-06-21,IMMUNOSUPPR,0,0,0,0,0,0,0,0,0,0,0,0,0,0,0,0,0,0,0,0,0,0,0,0,0,0,0,0,0,0,0,0,0,0,0,0,0,0,0,0,0,0,0,0,0,0,0,0,0,0,2749720.86,0,0,2749720.86,0,0,2749720.86,0,0,2749720.86,0,0,2749720.86,0,0,2749720.86,0,0,2749720.86,0,0,2749720.86,0,0,2749720.86,0,0,2749720.86,0,0,2749720.86,0,0,2749720.86,0,0,2749720.86,0,0,2749720.86,0,0,2749720.86,0,0,2749720.86,0,0,2749720.86,0,0,2749720.86,0,0,2749720.86,0,0,2749720.86,0,0,2749720.86,0,0,2749720.86,0,0,2749720.86,0,0,2749720.86,0,0,2749720.86,0,0,2749720.86,0,0,2749720.86,0,0,2749720.86,0,0,2749720.86,0,0,2749720.86,0,0,2749720.86,0,0,2749720.86,0,0,2749720.86,0,0,2749720.86,0,0,2749720.86,0,0,2749720.86,0,0,2749720.86,0,0,2749720.86,0,0,2749720.86,0,0,2749720.86,0,0,9624023,0,0,2749720.86,0,0,2749720.86,0,0,2749720.86,0,0,2749720.86,0,0,2749720.86,0,0,2749720.86,0,0,2749720.86
1,1,AstraZeneca,2021-06-28,IMMUNOSUPPR,0,0,0,0,0,0,0,0,0,0,0,0,0,0,0,0,0,0,0,0,0,0,0,0,0,0,0,0,0,0,0,0,0,0,0,0,0,0,0,0,0,0,0,0,0,0,0,0,0,0,8982421.47,0,0,8982421.47,0,0,8982421.47,0,0,8982421.47,0,0,8982421.47,0,0,8982421.47,0,0,8982421.47,0,0,8982421.47,0,0,8982421.47,0,0,8982421.47,0,0,8982421.47,0,0,8982421.47,0,0,8982421.47,0,0,8982421.47,0,0,8982421.47,0,0,8982421.47,0,0,8982421.47,0,0,8982421.47,0,0,8982421.47,0,0,8982421.47,0,0,8982421.47,0,0,8982421.47,0,0,8982421.47,0,0,8982421.47,0,0,8982421.47,0,0,8982421.47,0,0,8982421.47,0,0,8982421.47,0,0,8982421.47,0,0,8982421.47,0,0,8982421.47,0,0,8982421.47,0,0,8982421.47,0,0,8982421.47,0,0,8982421.47,0,0,8982421.47,0,0,8982421.47,0,0,8982421.47,0,0,8982421.47,0,0,8982421.47,0,0,44912107.35,0,0,8982421.47,0,0,8982421.47,0,0,8982421.47,0,0,8982421.47,0,0,8982421.47,0,0,8982421.47,0,0,8982421.47
1,1,Moderna,2021-04-26,IMMUNOSUPPR,0,0,0,0,0,0,0,0,0,0,0,0,0,0,0,0,0,0,0,0,0,0,0,0,0,0,0,0,0,0,0,0,0,0,0,0,0,0,0,0,0,0,0,0,0,0,0,0,0,0,4646080.07,0,0,3742675.61,0,0,3742675.61,0,0,4646080.07,0,0,3742675.61,0,0,3742675.61,0,0,3742675.61,0,0,3742675.61,0,0,3742675.61,0,0,3742675.61,0,0,3742675.61,0,0,3742675.61,0,0,3742675.61,0,0,3742675.61,0,0,3742675.61,0,0,3742675.61,0,0,4646080.07,0,0,6124378.28,0,0,3742675.61,0,0,3742675.61,0,0,4646080.07,0,0,3742675.61,0,0,3742675.61,0,0,3742675.61,0,0,3742675.61,0,0,3742675.61,0,0,3742675.61,0,0,3742675.61,0,0,3742675.61,0,0,3742675.61,0,0,3742675.61,0,0,3742675.61,0,0,3742675.61,0,0,4646080.07,0,0,4646080.07,0,0,3742675.61,0,0,3742675.61,0,0,3742675.61,0,0,3742675.61,0,0,3742675.61,0,0,12248756.55,0,0,3742675.61,0,0,3742675.61,0,0,3742675.61,0,0,3742675.61,0,0,4646080.07,0,0,4646080.07,0,0,3742675.61
1,1,Moderna,2021-05-03,IMMUNOSUPPR,0,0,0,0,0,0,0,0,0,0,0,0,0,0,0,0,0,0,0,0,0,0,0,0,0,0,0,0,0,0,0,0,0,0,0,0,0,0,0,0,0,0,0,0,0,0,0,0,0,0,4812011.5,0,0,3849609.2,0,0,3849609.2,0,0,4812011.5,0,0,3849609.2,0,0,3849609.2,0,0,3849609.2,0,0,3849609.2,0,0,3849609.2,0,0,3849609.2,0,0,3849609.2,0,0,3849609.2,0,0,3849609.2,0,0,3849609.2,0,0,3849609.2,0,0,3849609.2,0,0,4812011.5,0,0,6416015.34,0,0,3849609.2,0,0,3849609.2,0,0,4812011.5,0,0,3849609.2,0,0,3849609.2,0,0,3849609.2,0,0,3849609.2,0,0,3849609.2,0,0,3849609.2,0,0,3849609.2,0,0,3849609.2,0,0,3849609.2,0,0,3849609.2,0,0,3849609.2,0,0,3849609.2,0,0,4812011.5,0,0,4812011.5,0,0,3849609.2,0,0,3849609.2,0,0,3849609.2,0,0,3849609.2,0,0,3849609.2,0,0,9624023,0,0,3849609.2,0,0,3849609.2,0,0,3849609.2,0,0,3849609.2,0,0,4812011.5,0,0,4812011.5,0,0,3849609.2
1,1,Moderna,2021-05-10,IMMUNOSUPPR,0,0,0,0,0,0,0,0,0,0,0,0,0,0,0,0,0,0,0,0,0,0,0,0,0,0,0,0,0,0,0,0,0,0,0,0,0,0,0,0,0,0,0,0,0,0,0,0,0,0,4082918.85,0,0,3368408.05,0,0,3368408.05,0,0,4082918.85,0,0,3368408.05,0,0,3368408.05,0,0,3368408.05,0,0,3368408.05,0,0,3368408.05,0,0,3368408.05,0,0,3368408.05,0,0,3368408.05,0,0,3368408.05,0,0,3368408.05,0,0,3368408.05,0,0,3368408.05,0,0,4082918.85,0,0,5182166.23,0,0,3368408.05,0,0,3368408.05,0,0,4082918.85,0,0,3368408.05,0,0,3368408.05,0,0,3368408.05,0,0,3368408.05,0,0,3368408.05,0,0,3368408.05,0,0,3368408.05,0,0,3368408.05,0,0,3368408.05,0,0,3368408.05,0,0,3368408.05,0,0,3368408.05,0,0,4082918.85,0,0,4082918.85,0,0,3368408.05,0,0,3368408.05,0,0,3368408.05,0,0,3368408.05,0,0,3368408.05,0,0,7091385.37,0,0,3368408.05,0,0,3368408.05,0,0,3368408.05,0,0,3368408.05,0,0,4082918.85,0,0,4082918.85,0,0,3368408.05
1,1,Moderna,2021-05-17,IMMUNOSUPPR,0,0,0,0,0,0,0,0,0,0,0,0,0,0,0,0,0,0,0,0,0,0,0,0,0,0,0,0,0,0,0,0,0,0,0,0,0,0,0,0,0,0,0,0,0,0,0,0,0,0,4082918.85,0,0,3368408.05,0,0,3368408.05,0,0,4082918.85,0,0,3368408.05,0,0,3368408.05,0,0,3368408.05,0,0,3368408.05,0,0,3368408.05,0,0,3368408.05,0,0,3368408.05,0,0,3368408.05,0,0,3368408.05,0,0,3368408.05,0,0,3368408.05,0,0,3368408.05,0,0,4082918.85,0,0,5182166.23,0,0,3368408.05,0,0,3368408.05,0,0,4082918.85,0,0,3368408.05,0,0,3368408.05,0,0,3368408.05,0,0,3368408.05,0,0,3368408.05,0,0,3368408.05,0,0,3368408.05,0,0,3368408.05,0,0,3368408.05,0,0,3368408.05,0,0,3368408.05,0,0,3368408.05,0,0,4082918.85,0,0,4082918.85,0,0,3368408.05,0,0,3368408.05,0,0,3368408.05,0,0,3368408.05,0,0,3368408.05,0,0,7091385.37,0,0,3368408.05,0,0,3368408.05,0,0,3368408.05,0,0,3368408.05,0,0,4082918.85,0,0,4082918.85,0,0,3368408.05
1,1,Moderna,2021-05-24,IMMUNOSUPPR,0,0,0,0,0,0,0,0,0,0,0,0,0,0,0,0,0,0,0,0,0,0,0,0,0,0,0,0,0,0,0,0,0,0,0,0,0,0,0,0,0,0,0,0,0,0,0,0,0,0,6736816.1,0,0,4990234.15,0,0,4990234.15,0,0,6736816.1,0,0,4990234.15,0,0,4990234.15,0,0,4990234.15,0,0,4990234.15,0,0,4990234.15,0,0,4990234.15,0,0,4990234.15,0,0,4990234.15,0,0,4990234.15,0,0,4990234.15,0,0,4990234.15,0,0,4990234.15,0,0,4990234.15,0,0,6736816.1,0,0,4990234.15,0,0,4990234.15,0,0,6736816.1,0,0,4990234.15,0,0,4990234.15,0,0,4990234.15,0,0,4990234.15,0,0,4990234.15,0,0,4990234.15,0,0,4990234.15,0,0,4990234.15,0,0,4990234.15,0,0,4990234.15,0,0,4990234.15,0,0,4990234.15,0,0,6736816.1,0,0,6736816.1,0,0,4990234.15,0,0,4990234.15,0,0,4990234.15,0,0,4990234.15,0,0,4990234.15,0,0,10364332.47,0,0,4990234.15,0,0,4990234.15,0,0,4990234.15,0,0,4990234.15,0,0,6736816.1,0,0,6736816.1,0,0,4990234.15
1,1,Moderna,2021-03-22,IMMUNOSUPPR,0,0,0,0,0,0,0,0,0,0,0,0,0,0,0,0,0,0,0,0,0,0,0,0,0,0,0,0,0,0,0,0,0,0,0,0,0,0,0,0,0,0,0,0,0,0,0,0,0,0,4812011.5,0,0,6416015.34,0,0,4812011.5,0,0,6416015.34,0,0,6416015.34,0,0,6416015.34,0,0,4812011.5,0,0,4812011.5,0,0,11228026.84,0,0,11228026.84,0,0,4812011.5,0,0,4812011.5,0,0,4812011.5,0,0,4812011.5,0,0,4812011.5,0,0,4812011.5,0,0,4812011.5,0,0,4812011.5,0,0,4812011.5,0,0,4812011.5,0,0,4812011.5,0,0,4812011.5,0,0,4812011.5,0,0,4812011.5,0,0,4812011.5,0,0,4812011.5,0,0,4812011.5,0,0,4812011.5,0,0,4812011.5,0,0,4812011.5,0,0,4812011.5,0,0,4812011.5,0,0,4812011.5,0,0,4812011.5,0,0,4812011.5,0,0,4812011.5,0,0,4812011.5,0,0,4812011.5,0,0,4812011.5,0,0,4812011.5,,,0,0,0,4812011.5,0,0,4812011.5,0,0,4812011.5,0,0,4812011.5,0,0,4812011.5,0,0,4812011.5,0,0,4812011.5
1,1,Moderna,2021-03-29,IMMUNOSUPPR,0,0,0,0,0,0,0,0,0,0,0,0,0,0,0,0,0,0,0,0,0,0,0,0,0,0,0,0,0,0,0,0,0,0,0,0,0,0,0,0,0,0,0,0,0,0,0,0,0,0,3286251.76,0,0,3641522.22,0,0,3286251.76,0,0,3962833,0,0,3641522.22,0,0,3641522.22,0,0,3286251.76,0,0,3286251.76,0,0,4491210.74,0,0,4491210.74,0,0,3286251.76,0,0,3286251.76,0,0,3286251.76,0,0,3286251.76,0,0,3286251.76,0,0,3286251.76,0,0,3286251.76,0,0,3286251.76,0,0,3286251.76,0,0,3286251.76,0,0,3286251.76,0,0,3286251.76,0,0,3286251.76,0,0,3286251.76,0,0,3286251.76,0,0,3286251.76,0,0,3286251.76,0,0,3286251.76,0,0,3286251.76,0,0,3286251.76,0,0,3286251.76,0,0,3286251.76,0,0,3286251.76,0,0,3286251.76,0,0,3286251.76,0,0,3286251.76,0,0,3286251.76,0,0,3286251.76,0,0,3286251.76,0,0,3286251.76,0,0,19248046.01,0,0,3286251.76,0,0,3286251.76,0,0,3286251.76,0,0,3286251.76,0,0,3286251.76,0,0,3286251.76,0,0,3286251.76
1,1,Moderna,2021-04-05,IMMUNOSUPPR,0,0,0,0,0,0,0,0,0,0,0,0,0,0,0,0,0,0,0,0,0,0,0,0,0,0,0,0,0,0,0,0,0,0,0,0,0,0,0,0,0,0,0,0,0,0,0,0,0,0,3742675.61,0,0,3742675.61,0,0,3742675.61,0,0,4646080.07,0,0,3742675.61,0,0,3742675.61,0,0,3742675.61,0,0,3742675.61,0,0,4646080.07,0,0,4646080.07,0,0,3742675.61,0,0,3742675.61,0,0,3742675.61,0,0,3742675.61,0,0,3742675.61,0,0,3742675.61,0,0,3742675.61,0,0,3742675.61,0,0,3742675.61,0,0,3742675.61,0,0,3742675.61,0,0,3742675.61,0,0,3742675.61,0,0,3742675.61,0,0,3742675.61,0,0,3742675.61,0,0,3742675.61,0,0,3742675.61,0,0,3742675.61,0,0,3742675.61,0,0,3742675.61,0,0,3742675.61,0,0,3742675.61,0,0,3742675.61,0,0,3742675.61,0,0,3742675.61,0,0,3742675.61,0,0,3742675.61,0,0,3742675.61,0,0,3742675.61,0,0,19248046.01,0,0,3742675.61,0,0,3742675.61,0,0,3742675.61,0,0,3742675.61,0,0,3742675.61,0,0,3742675.61,0,0,3742675.61
1,1,Moderna,2021-04-12,IMMUNOSUPPR,0,0,0,0,0,0,0,0,0,0,0,0,0,0,0,0,0,0,0,0,0,0,0,0,0,0,0,0,0,0,0,0,0,0,0,0,0,0,0,0,0,0,0,0,0,0,0,0,0,0,4346332.97,0,0,4346332.97,0,0,4346332.97,0,0,4346332.97,0,0,4346332.97,0,0,4346332.97,0,0,4346332.97,0,0,4346332.97,0,0,4346332.97,0,0,4346332.97,0,0,4346332.97,0,0,4346332.97,0,0,4346332.97,0,0,4346332.97,0,0,4346332.97,0,0,4346332.97,0,0,4346332.97,0,0,4346332.97,0,0,4346332.97,0,0,4346332.97,0,0,4346332.97,0,0,4346332.97,0,0,4346332.97,0,0,4346332.97,0,0,4346332.97,0,0,4346332.97,0,0,4346332.97,0,0,4346332.97,0,0,4346332.97,0,0,4346332.97,0,0,4346332.97,0,0,4346332.97,0,0,4346332.97,0,0,4346332.97,0,0,4346332.97,0,0,4346332.97,0,0,4346332.97,0,0,4346332.97,0,0,4346332.97,0,0,4346332.97,0,0,13473632.21,0,0,4346332.97,0,0,4346332.97,0,0,4346332.97,0,0,4346332.97,0,0,4346332.97,0,0,4346332.97,0,0,4346332.97
1,1,Pfizer,2021-05-24,IMMUNOSUPPR,0,0,0,0,0,0,0,0,0,0,0,0,0,0,0,0,0,0,0,0,0,0,0,0,0,0,0,0,0,0,0,0,0,0,0,0,0,0,0,0,0,0,0,0,0,0,0,0,0,0,1433365.13,0,0,1433365.13,0,0,1433365.13,0,0,1531094.57,0,0,1433365.13,0,0,1433365.13,0,0,1433365.13,0,0,1623329.18,0,0,1548693.36,0,0,1548693.36,0,0,1548693.36,0,0,1548693.36,0,0,1548693.36,0,0,1548693.36,0,0,1433365.13,0,0,1433365.13,0,0,1433365.13,0,0,1433365.13,0,0,1433365.13,0,0,1433365.13,0,0,1433365.13,0,0,1433365.13,0,0,1433365.13,0,0,1433365.13,0,0,1433365.13,0,0,1433365.13,0,0,1433365.13,0,0,1433365.13,0,0,1433365.13,0,0,1433365.13,0,0,1433365.13,0,0,1433365.13,0,0,1433365.13,0,0,1433365.13,0,0,1433365.13,0,0,1433365.13,0,0,1433365.13,0,0,1433365.13,0,0,1433365.13,0,0,1433365.13,0,0,3133402.84,0,0,1433365.13,0,0,1433365.13,0,0,1433365.13,0,0,1433365.13,0,0,1433365.13,0,0,1433365.13,0,0,1433365.13
1,1,Pfizer,2021-05-31,IMMUNOSUPPR,0,0,0,0,0,0,0,0,0,0,0,0,0,0,0,0,0,0,0,0,0,0,0,0,0,0,0,0,0,0,0,0,0,0,0,0,0,0,0,0,0,0,0,0,0,0,0,0,0,0,1334022.99,0,0,1334022.99,0,0,1334022.99,0,0,1433365.13,0,0,1334022.99,0,0,1334022.99,0,0,1334022.99,0,0,1433365.13,0,0,1433365.13,0,0,1433365.13,0,0,1433365.13,0,0,1433365.13,0,0,1433365.13,0,0,1433365.13,0,0,1334022.99,0,0,1334022.99,0,0,1334022.99,0,0,1334022.99,0,0,1334022.99,0,0,1334022.99,0,0,1334022.99,0,0,1334022.99,0,0,1334022.99,0,0,1334022.99,0,0,1334022.99,0,0,1334022.99,0,0,1334022.99,0,0,1334022.99,0,0,1334022.99,0,0,1334022.99,0,0,1334022.99,0,0,1334022.99,0,0,1334022.99,0,0,1334022.99,0,0,1334022.99,0,0,1334022.99,0,0,1334022.99,0,0,1334022.99,0,0,1334022.99,0,0,1334022.99,0,0,2591083.12,0,0,1334022.99,0,0,1334022.99,0,0,1334022.99,0,0,1334022.99,0,0,1334022.99,0,0,1334022.99,0,0,1334022.99
1,1,Pfizer,2021-05-17,IMMUNOSUPPR,0,0,0,0,0,0,0,0,0,0,0,0,0,0,0,0,0,0,0,0,0,0,0,0,0,0,0,0,0,0,0,0,0,0,0,0,0,0,0,0,0,0,0,0,0,0,0,0,0,0,2105255.03,0,0,2105255.03,0,0,2105255.03,0,0,2105255.03,0,0,2105255.03,0,0,2105255.03,0,0,2105255.03,0,0,2694726.44,0,0,2363795.12,0,0,2363795.12,0,0,2105255.03,0,0,2105255.03,0,0,2105255.03,0,0,2105255.03,0,0,2105255.03,0,0,2105255.03,0,0,2105255.03,0,0,2105255.03,0,0,2105255.03,0,0,2105255.03,0,0,2105255.03,0,0,2105255.03,0,0,2105255.03,0,0,2105255.03,0,0,2105255.03,0,0,2105255.03,0,0,2105255.03,0,0,2105255.03,0,0,2105255.03,0,0,2105255.03,0,0,2105255.03,0,0,2105255.03,0,0,2105255.03,0,0,2105255.03,0,0,2105255.03,0,0,2105255.03,0,0,2105255.03,0,0,2105255.03,0,0,2105255.03,0,0,2105255.03,0,0,3545692.69,0,0,2105255.03,0,0,2105255.03,0,0,2105255.03,0,0,2105255.03,0,0,2105255.03,0,0,2105255.03,0,0,2105255.03
1,2,AstraZeneca,2021-06-28,IMMUNOSUPPR,0,0,0,0,0,0,0,0,0,0,0,0,0,0,0,0,0,0,0,0,0,0,0,0,0,0,0,0,0,0,0,0,0,0,0,0,0,0,0,0,0,0,0,0,0,0,0,0,0,0,9624023,0,0,9624023,0,0,9624023,0,0,12248756.55,0,0,9624023,0,0,9624023,0,0,9624023,0,0,9624023,0,0,9624023,0,0,9624023,0,0,12248756.55,0,0,12248756.55,0,0,12248756.55,0,0,12248756.55,0,0,9624023,0,0,9624023,0,0,9624023,0,0,9624023,0,0,9624023,0,0,9624023,0,0,9624023,0,0,9624023,0,0,9624023,0,0,9624023,0,0,9624023,0,0,9624023,0,0,9624023,0,0,9624023,0,0,9624023,0,0,9624023,0,0,9624023,0,0,9624023,0,0,9624023,0,0,9624023,0,0,9624023,0,0,9624023,0,0,9624023,0,0,9624023,0,0,9624023,0,0,9624023,0,0,44912107.35,0,0,9624023,0,0,9624023,0,0,9624023,0,0,9624023,0,0,9624023,0,0,9624023,0,0,9624023
1,2,Moderna,2021-05-24,IMMUNOSUPPR,0,0,0,0,0,0,0,0,0,0,0,0,0,0,0,0,0,0,0,0,0,0,0,0,0,0,0,0,0,0,0,0,0,0,0,0,0,0,0,0,0,0,0,0,0,0,0,0,0,0,1897694.68,0,0,2105255.03,0,0,1897694.68,0,0,2105255.03,0,0,2105255.03,0,0,2105255.03,0,0,1897694.68,0,0,2105255.03,0,0,2694726.44,0,0,2694726.44,0,0,1897694.68,0,0,1897694.68,0,0,1897694.68,0,0,1897694.68,0,0,1897694.68,0,0,1897694.68,0,0,2105255.03,0,0,2105255.03,0,0,1897694.68,0,0,1897694.68,0,0,1897694.68,0,0,1897694.68,0,0,1897694.68,0,0,1897694.68,0,0,1897694.68,0,0,1897694.68,0,0,1897694.68,0,0,1897694.68,0,0,1897694.68,0,0,1897694.68,0,0,1897694.68,0,0,1897694.68,0,0,1897694.68,0,0,1897694.68,0,0,1897694.68,0,0,1897694.68,0,0,1897694.68,0,0,1897694.68,0,0,1897694.68,0,0,1897694.68,0,0,8982421.47,0,0,1897694.68,0,0,1897694.68,0,0,1897694.68,0,0,1897694.68,0,0,1897694.68,0,0,1897694.68,0,0,1897694.68
1,2,Moderna,2021-05-31,IMMUNOSUPPR,0,0,0,0,0,0,0,0,0,0,0,0,0,0,0,0,0,0,0,0,0,0,0,0,0,0,0,0,0,0,0,0,0,0,0,0,0,0,0,0,0,0,0,0,0,0,0,0,0,0,1749822.36,0,0,1924804.6,0,0,1749822.36,0,0,1924804.6,0,0,1924804.6,0,0,1924804.6,0,0,1749822.36,0,0,1924804.6,0,0,2406005.75,0,0,2406005.75,0,0,1749822.36,0,0,1749822.36,0,0,1749822.36,0,0,1749822.36,0,0,1749822.36,0,0,1749822.36,0,0,1924804.6,0,0,1924804.6,0,0,1749822.36,0,0,1749822.36,0,0,1749822.36,0,0,1749822.36,0,0,1749822.36,0,0,1749822.36,0,0,1749822.36,0,0,1749822.36,0,0,1749822.36,0,0,1749822.36,0,0,1749822.36,0,0,1749822.36,0,0,1749822.36,0,0,1749822.36,0,0,1749822.36,0,0,1749822.36,0,0,1749822.36,0,0,1749822.36,0,0,1749822.36,0,0,1749822.36,0,0,1749822.36,0,0,1749822.36,0,0,6416015.34,0,0,1749822.36,0,0,1749822.36,0,0,1749822.36,0,0,1749822.36,0,0,1749822.36,0,0,1749822.36,0,0,1749822.36
1,2,Moderna,2021-06-07,IMMUNOSUPPR,0,0,0,0,0,0,0,0,0,0,0,0,0,0,0,0,0,0,0,0,0,0,0,0,0,0,0,0,0,0,0,0,0,0,0,0,0,0,0,0,0,0,0,0,0,0,0,0,0,0,1749822.36,0,0,1924804.6,0,0,1749822.36,0,0,1924804.6,0,0,1924804.6,0,0,1924804.6,0,0,1749822.36,0,0,1924804.6,0,0,2406005.75,0,0,2406005.75,0,0,1749822.36,0,0,1749822.36,0,0,1749822.36,0,0,1749822.36,0,0,1749822.36,0,0,1749822.36,0,0,1924804.6,0,0,1924804.6,0,0,1749822.36,0,0,1749822.36,0,0,1749822.36,0,0,1749822.36,0,0,1749822.36,0,0,1749822.36,0,0,1749822.36,0,0,1749822.36,0,0,1749822.36,0,0,1749822.36,0,0,1749822.36,0,0,1749822.36,0,0,1749822.36,0,0,1749822.36,0,0,1749822.36,0,0,1749822.36,0,0,1749822.36,0,0,1749822.36,0,0,1749822.36,0,0,1749822.36,0,0,1749822.36,0,0,1749822.36,0,0,6416015.34,0,0,1749822.36,0,0,1749822.36,0,0,1749822.36,0,0,1749822.36,0,0,1749822.36,0,0,1749822.36,0,0,1749822.36
1,2,Moderna,2021-06-14,IMMUNOSUPPR,0,0,0,0,0,0,0,0,0,0,0,0,0,0,0,0,0,0,0,0,0,0,0,0,0,0,0,0,0,0,0,0,0,0,0,0,0,0,0,0,0,0,0,0,0,0,0,0,0,0,1749822.36,0,0,1924804.6,0,0,1749822.36,0,0,1924804.6,0,0,1924804.6,0,0,1924804.6,0,0,1749822.36,0,0,1924804.6,0,0,2406005.75,0,0,2406005.75,0,0,1749822.36,0,0,1749822.36,0,0,1749822.36,0,0,1749822.36,0,0,1749822.36,0,0,1749822.36,0,0,1924804.6,0,0,1924804.6,0,0,1749822.36,0,0,1749822.36,0,0,1749822.36,0,0,1749822.36,0,0,1749822.36,0,0,1749822.36,0,0,1749822.36,0,0,1749822.36,0,0,1749822.36,0,0,1749822.36,0,0,1749822.36,0,0,1749822.36,0,0,1749822.36,0,0,1749822.36,0,0,1749822.36,0,0,1749822.36,0,0,1749822.36,0,0,1749822.36,0,0,1749822.36,0,0,1749822.36,0,0,1749822.36,0,0,1749822.36,0,0,6416015.34,0,0,1749822.36,0,0,1749822.36,0,0,1749822.36,0,0,1749822.36,0,0,1749822.36,0,0,1749822.36,0,0,1749822.36
1,2,Moderna,2021-06-21,IMMUNOSUPPR,0,0,0,0,0,0,0,0,0,0,0,0,0,0,0,0,0,0,0,0,0,0,0,0,0,0,0,0,0,0,0,0,0,0,0,0,0,0,0,0,0,0,0,0,0,0,0,0,0,0,1749822.36,0,0,1924804.6,0,0,1749822.36,0,0,1924804.6,0,0,1924804.6,0,0,1924804.6,0,0,1749822.36,0,0,1924804.6,0,0,2406005.75,0,0,2406005.75,0,0,1749822.36,0,0,1749822.36,0,0,1749822.36,0,0,1749822.36,0,0,1749822.36,0,0,1749822.36,0,0,1924804.6,0,0,1924804.6,0,0,1749822.36,0,0,1749822.36,0,0,1749822.36,0,0,1749822.36,0,0,1749822.36,0,0,1749822.36,0,0,1749822.36,0,0,1749822.36,0,0,1749822.36,0,0,1749822.36,0,0,1749822.36,0,0,1749822.36,0,0,1749822.36,0,0,1749822.36,0,0,1749822.36,0,0,1749822.36,0,0,1749822.36,0,0,1749822.36,0,0,1749822.36,0,0,1749822.36,0,0,1749822.36,0,0,1749822.36,0,0,6416015.34,0,0,1749822.36,0,0,1749822.36,0,0,1749822.36,0,0,1749822.36,0,0,1749822.36,0,0,1749822.36,0,0,1749822.36
1,2,Moderna,2021-06-28,IMMUNOSUPPR,0,0,0,0,0,0,0,0,0,0,0,0,0,0,0,0,0,0,0,0,0,0,0,0,0,0,0,0,0,0,0,0,0,0,0,0,0,0,0,0,0,0,0,0,0,0,0,0,0,0,4082918.85,0,0,4491210.74,0,0,4082918.85,0,0,4491210.74,0,0,4491210.74,0,0,4491210.74,0,0,4082918.85,0,0,4491210.74,0,0,5614013.42,0,0,5614013.42,0,0,4082918.85,0,0,4082918.85,0,0,4082918.85,0,0,4082918.85,0,0,4082918.85,0,0,4082918.85,0,0,4491210.74,0,0,4491210.74,0,0,4082918.85,0,0,4082918.85,0,0,4082918.85,0,0,4082918.85,0,0,4082918.85,0,0,4082918.85,0,0,4082918.85,0,0,4082918.85,0,0,4082918.85,0,0,4082918.85,0,0,4082918.85,0,0,4082918.85,0,0,4082918.85,0,0,4082918.85,0,0,4082918.85,0,0,4082918.85,0,0,4082918.85,0,0,4082918.85,0,0,4082918.85,0,0,4082918.85,0,0,4082918.85,0,0,4082918.85,0,0,14970702.45,0,0,4082918.85,0,0,4082918.85,0,0,4082918.85,0,0,4082918.85,0,0,4082918.85,0,0,4082918.85,0,0,4082918.85
1,2,Moderna,2021-04-19,IMMUNOSUPPR,0,0,0,0,0,0,0,0,0,0,0,0,0,0,0,0,0,0,0,0,0,0,0,0,0,0,0,0,0,0,0,0,0,0,0,0,0,0,0,0,0,0,0,0,0,0,0,0,0,0,3545692.69,0,0,4346332.97,0,0,3545692.69,0,0,4346332.97,0,0,4346332.97,0,0,4346332.97,0,0,3545692.69,0,0,3545692.69,0,0,7925666,0,0,7925666,0,0,3545692.69,0,0,3545692.69,0,0,3545692.69,0,0,3545692.69,0,0,3545692.69,0,0,3545692.69,0,0,3545692.69,0,0,3545692.69,0,0,3545692.69,0,0,3545692.69,0,0,3545692.69,0,0,3545692.69,0,0,3545692.69,0,0,3545692.69,0,0,3545692.69,0,0,3545692.69,0,0,3545692.69,0,0,3545692.69,0,0,3545692.69,0,0,3545692.69,0,0,3545692.69,0,0,3545692.69,0,0,3545692.69,0,0,3545692.69,0,0,3545692.69,0,0,3545692.69,0,0,3545692.69,0,0,3545692.69,0,0,3545692.69,0,0,3545692.69,0,0,44912107.35,0,0,3545692.69,0,0,3545692.69,0,0,3545692.69,0,0,3545692.69,0,0,3545692.69,0,0,3545692.69,0,0,3545692.69
1,2,Moderna,2021-04-26,IMMUNOSUPPR,0,0,0,0,0,0,0,1,0,0,0,0,0,0,0,0,0,0,0,0,0,0,0,0,0,0,0,0,0,0,0,0,0,0,0,0,0,0,0,0,0,0,0,0,0,0,0,0,0,0,2591083.12,0,0,2994140.49,0,0,2591083.12,0,0,2994140.49,0,0,2994140.49,0,0,2994140.49,0,0,2591083.12,745408.16,18872.1,4153148.47,0,0,4346332.97,0,0,4346332.97,0,0,2591083.12,0,0,2591083.12,0,0,2591083.12,0,0,2591083.12,0,0,2591083.12,0,0,2591083.12,0,0,2591083.12,0,0,2591083.12,0,0,2591083.12,0,0,2591083.12,0,0,2591083.12,0,0,2591083.12,0,0,2591083.12,0,0,2591083.12,0,0,2591083.12,0,0,2591083.12,0,0,2591083.12,0,0,2591083.12,0,0,2591083.12,0,0,2591083.12,0,0,2591083.12,0,0,2591083.12,0,0,2591083.12,0,0,2591083.12,0,0,2591083.12,0,0,2591083.12,0,0,2591083.12,0,0,2591083.12,0,0,2591083.12,0,0,2591083.12,0,0,19248046.01,0,0,2591083.12,0,0,2591083.12,0,0,2591083.12,0,0,2591083.12,0,0,2591083.12,0,0,2591083.12,0,0,2591083.12
1,2,Moderna,2021-05-03,IMMUNOSUPPR,0,0,0,0,0,0,0,0,0,0,0,0,0,0,0,0,0,0,0,0,0,0,0,0,0,0,0,0,0,0,0,0,0,0,0,0,0,0,0,0,0,0,0,0,0,0,0,0,0,0,2406005.75,0,0,2749720.86,0,0,2406005.75,0,0,2749720.86,0,0,2749720.86,0,0,2749720.86,0,0,2406005.75,0,0,2749720.86,0,0,3849609.2,0,0,3849609.2,0,0,2406005.75,0,0,2406005.75,0,0,2406005.75,0,0,2406005.75,0,0,2406005.75,0,0,2406005.75,0,0,2406005.75,0,0,2406005.75,0,0,2406005.75,0,0,2406005.75,0,0,2406005.75,0,0,2406005.75,0,0,2406005.75,0,0,2406005.75,0,0,2406005.75,0,0,2406005.75,0,0,2406005.75,0,0,2406005.75,0,0,2406005.75,0,0,2406005.75,0,0,2406005.75,0,0,2406005.75,0,0,2406005.75,0,0,2406005.75,0,0,2406005.75,0,0,2406005.75,0,0,2406005.75,0,0,2406005.75,0,0,2406005.75,0,0,2406005.75,0,0,19248046.01,0,0,2406005.75,0,0,2406005.75,0,0,2406005.75,0,0,2406005.75,0,0,2406005.75,0,0,2406005.75,0,0,2406005.75
1,2,Moderna,2021-05-10,IMMUNOSUPPR,0,0,0,0,0,0,0,0,0,0,0,0,0,0,0,0,0,0,0,0,0,0,0,0,0,0,0,0,0,0,0,0,0,0,0,0,0,0,0,0,0,0,0,0,0,0,0,0,0,0,2406005.75,0,0,2749720.86,0,0,2406005.75,0,0,2749720.86,0,0,2749720.86,0,0,2749720.86,0,0,2406005.75,0,0,2749720.86,0,0,3849609.2,0,0,3849609.2,0,0,2406005.75,0,0,2406005.75,0,0,2406005.75,0,0,2406005.75,0,0,2406005.75,0,0,2406005.75,0,0,2406005.75,0,0,2406005.75,0,0,2406005.75,0,0,2406005.75,0,0,2406005.75,0,0,2406005.75,0,0,2406005.75,0,0,2406005.75,0,0,2406005.75,0,0,2406005.75,0,0,2406005.75,0,0,2406005.75,0,0,2406005.75,0,0,2406005.75,0,0,2406005.75,0,0,2406005.75,0,0,2406005.75,0,0,2406005.75,0,0,2406005.75,0,0,2406005.75,0,0,2406005.75,0,0,2406005.75,0,0,2406005.75,0,0,2406005.75,0,0,19248046.01,0,0,2406005.75,0,0,2406005.75,0,0,2406005.75,0,0,2406005.75,0,0,2406005.75,0,0,2406005.75,0,0,2406005.75
1,2,Moderna,2021-05-17,IMMUNOSUPPR,0,0,0,0,0,0,0,0,0,0,0,0,0,0,0,0,0,0,0,0,0,0,0,0,0,0,0,0,0,0,0,0,0,0,0,0,0,0,0,0,0,0,0,0,0,0,0,0,0,0,2323040.04,0,0,2641888.67,0,0,2323040.04,0,0,2641888.67,0,0,2641888.67,0,0,2641888.67,0,0,2323040.04,0,0,2641888.67,0,0,3641522.22,0,0,3641522.22,0,0,2323040.04,0,0,2323040.04,0,0,2323040.04,0,0,2323040.04,0,0,2323040.04,0,0,2323040.04,0,0,2323040.04,0,0,2323040.04,0,0,2323040.04,0,0,2323040.04,0,0,2323040.04,0,0,2323040.04,0,0,2323040.04,0,0,2323040.04,0,0,2323040.04,0,0,2323040.04,0,0,2323040.04,0,0,2323040.04,0,0,2323040.04,0,0,2323040.04,0,0,2323040.04,0,0,2323040.04,0,0,2323040.04,0,0,2323040.04,0,0,2323040.04,0,0,2323040.04,0,0,2323040.04,0,0,2323040.04,0,0,2323040.04,0,0,2323040.04,0,0,14970702.45,0,0,2323040.04,0,0,2323040.04,0,0,2323040.04,0,0,2323040.04,0,0,2323040.04,0,0,2323040.04,0,0,2323040.04
1,1,Moderna,2021-04-19,IMMUNOSUPPR,0,0,0,0,0,0,0,0,0,0,0,0,0,0,0,0,0,0,0,0,0,0,0,0,0,0,0,0,0,0,0,0,0,0,0,0,0,0,0,0,0,0,0,0,0,0,0,0,0,0,5389452.88,0,0,4346332.97,0,0,4346332.97,0,0,5389452.88,0,0,4346332.97,0,0,4346332.97,0,0,4346332.97,0,0,4346332.97,0,0,4346332.97,0,0,4346332.97,0,0,4346332.97,0,0,4346332.97,0,0,4346332.97,0,0,4346332.97,0,0,4346332.97,0,0,4346332.97,0,0,4346332.97,0,0,5389452.88,0,0,4346332.97,0,0,4346332.97,0,0,5389452.88,0,0,4346332.97,0,0,4346332.97,0,0,4346332.97,0,0,4346332.97,0,0,4346332.97,0,0,4346332.97,0,0,4346332.97,0,0,4346332.97,0,0,4346332.97,0,0,4346332.97,0,0,4346332.97,0,0,4346332.97,0,0,5389452.88,0,0,5389452.88,0,0,4346332.97,0,0,4346332.97,0,0,4346332.97,0,0,4346332.97,0,0,4346332.97,0,0,12248756.55,0,0,4346332.97,0,0,4346332.97,0,0,4346332.97,0,0,4346332.97,0,0,5389452.88,0,0,5389452.88,0,0,4346332.97
1,1,Moderna,2021-03-01,IMMUNOSUPPR,0,0,0,0,0,0,0,0,0,0,0,0,0,0,0,0,0,0,0,0,0,0,0,0,0,0,0,0,0,0,0,0,0,0,0,0,0,0,0,0,0,0,0,0,0,0,0,0,0,0,11228026.84,0,0,14970702.45,0,0,11228026.84,0,0,11228026.84,0,0,14970702.45,0,0,14970702.45,0,0,11228026.84,0,0,11228026.84,0,0,67368161.03,0,0,67368161.03,0,0,11228026.84,0,0,11228026.84,0,0,11228026.84,0,0,11228026.84,0,0,11228026.84,0,0,11228026.84,0,0,11228026.84,0,0,11228026.84,0,0,11228026.84,0,0,11228026.84,0,0,11228026.84,0,0,11228026.84,0,0,11228026.84,0,0,11228026.84,0,0,11228026.84,0,0,11228026.84,0,0,11228026.84,0,0,11228026.84,0,0,11228026.84,0,0,11228026.84,0,0,11228026.84,0,0,11228026.84,0,0,11228026.84,0,0,11228026.84,0,0,11228026.84,0,0,11228026.84,0,0,11228026.84,0,0,11228026.84,0,0,11228026.84,0,0,11228026.84,,,0,0,0,11228026.84,0,0,11228026.84,0,0,11228026.84,0,0,11228026.84,0,0,11228026.84,0,0,11228026.84,0,0,11228026.84
1,1,Moderna,2021-03-08,IMMUNOSUPPR,0,0,0,0,0,0,0,0,0,0,0,0,0,0,0,0,0,0,0,0,0,0,0,0,0,0,0,0,0,0,0,0,0,0,0,0,0,0,0,0,0,0,0,0,0,0,0,0,0,0,6416015.34,0,0,9624023,0,0,6416015.34,0,0,6416015.34,0,0,9624023,0,0,9624023,0,0,6416015.34,0,0,6416015.34,0,0,19248046.01,0,0,19248046.01,0,0,6416015.34,0,0,6416015.34,0,0,6416015.34,0,0,6416015.34,0,0,6416015.34,0,0,6416015.34,0,0,6416015.34,0,0,6416015.34,0,0,6416015.34,0,0,6416015.34,0,0,6416015.34,0,0,6416015.34,0,0,6416015.34,0,0,6416015.34,0,0,6416015.34,0,0,6416015.34,0,0,6416015.34,0,0,6416015.34,0,0,6416015.34,0,0,6416015.34,0,0,6416015.34,0,0,6416015.34,0,0,6416015.34,0,0,6416015.34,0,0,6416015.34,0,0,6416015.34,0,0,6416015.34,0,0,6416015.34,0,0,6416015.34,0,0,6416015.34,,,0,0,0,6416015.34,0,0,6416015.34,0,0,6416015.34,0,0,6416015.34,0,0,6416015.34,0,0,6416015.34,0,0,6416015.34
1,1,Moderna,2021-03-15,IMMUNOSUPPR,0,0,0,0,0,0,0,0,0,0,0,0,0,0,0,0,0,0,0,0,0,0,0,0,0,0,0,0,0,0,0,0,0,0,0,0,0,0,0,0,0,0,0,0,0,0,0,0,0,0,4990234.15,0,0,6736816.1,0,0,4990234.15,0,0,6416015.34,0,0,6736816.1,0,0,6736816.1,0,0,4990234.15,0,0,4990234.15,0,0,19248046.01,0,0,19248046.01,0,0,4990234.15,0,0,4990234.15,0,0,4990234.15,0,0,4990234.15,0,0,4990234.15,0,0,4990234.15,0,0,4990234.15,0,0,4990234.15,0,0,4990234.15,0,0,4990234.15,0,0,4990234.15,0,0,4990234.15,0,0,4990234.15,0,0,4990234.15,0,0,4990234.15,0,0,4990234.15,0,0,4990234.15,0,0,4990234.15,0,0,4990234.15,0,0,4990234.15,0,0,4990234.15,0,0,4990234.15,0,0,4990234.15,0,0,4990234.15,0,0,4990234.15,0,0,4990234.15,0,0,4990234.15,0,0,4990234.15,0,0,4990234.15,0,0,4990234.15,,,0,0,0,4990234.15,0,0,4990234.15,0,0,4990234.15,0,0,4990234.15,0,0,4990234.15,0,0,4990234.15,0,0,4990234.15
1,1,Moderna,2021-02-22,IMMUNOSUPPR,0,0,0,0,0,0,0,0,0,0,0,0,0,0,0,0,0,0,0,0,0,0,0,0,0,0,0,0,0,0,0,0,0,0,0,0,0,0,0,0,0,0,0,0,0,0,0,0,0,0,22456053.68,0,0,22456053.68,0,0,22456053.68,0,0,22456053.68,0,0,22456053.68,0,0,22456053.68,0,0,22456053.68,0,0,22456053.68,,,0,,,0,0,0,22456053.68,0,0,22456053.68,0,0,22456053.68,0,0,22456053.68,0,0,22456053.68,0,0,22456053.68,0,0,22456053.68,0,0,22456053.68,0,0,22456053.68,0,0,22456053.68,0,0,22456053.68,0,0,22456053.68,0,0,22456053.68,0,0,22456053.68,0,0,22456053.68,0,0,22456053.68,0,0,22456053.68,0,0,22456053.68,0,0,22456053.68,0,0,22456053.68,0,0,22456053.68,0,0,22456053.68,0,0,22456053.68,0,0,22456053.68,0,0,22456053.68,0,0,22456053.68,0,0,22456053.68,0,0,22456053.68,0,0,22456053.68,0,0,22456053.68,,,0,0,0,22456053.68,0,0,22456053.68,0,0,22456053.68,0,0,22456053.68,0,0,22456053.68,0,0,22456053.68,0,0,22456053.68
1,1,Moderna,2021-05-31,IMMUNOSUPPR,0,0,0,0,0,0,0,0,0,0,0,0,0,0,0,0,0,0,0,0,0,0,0,0,0,0,0,0,0,0,0,0,0,0,0,0,0,0,0,0,0,0,0,0,0,0,0,0,0,0,9624023,0,0,6416015.34,0,0,6416015.34,0,0,9624023,0,0,6416015.34,0,0,6416015.34,0,0,6416015.34,0,0,6416015.34,0,0,6416015.34,0,0,6416015.34,0,0,6416015.34,0,0,6416015.34,0,0,6416015.34,0,0,6416015.34,0,0,6416015.34,0,0,6416015.34,0,0,6416015.34,0,0,9624023,0,0,6416015.34,0,0,6416015.34,0,0,9624023,0,0,6416015.34,0,0,6416015.34,0,0,6416015.34,0,0,6416015.34,0,0,6416015.34,0,0,6416015.34,0,0,6416015.34,0,0,6416015.34,0,0,6416015.34,0,0,6416015.34,0,0,6416015.34,0,0,6416015.34,0,0,9624023,0,0,9624023,0,0,6416015.34,0,0,6416015.34,0,0,6416015.34,0,0,6416015.34,0,0,6416015.34,0,0,19248046.01,0,0,6416015.34,0,0,6416015.34,0,0,6416015.34,0,0,6416015.34,0,0,9624023,0,0,9624023,0,0,6416015.34
1,2,Moderna,2021-04-05,IMMUNOSUPPR,0,0,0,0,0,0,0,0,0,0,0,0,0,0,0,0,0,0,0,0,0,0,0,0,0,0,0,0,0,0,0,0,0,0,0,0,0,0,0,0,0,0,0,0,0,0,0,0,0,0,6736816.1,0,0,10364332.47,0,0,6736816.1,0,0,6736816.1,0,0,10364332.47,0,0,10364332.47,0,0,6736816.1,0,0,6736816.1,0,0,22456053.68,0,0,22456053.68,0,0,6736816.1,0,0,6736816.1,0,0,6736816.1,0,0,6736816.1,0,0,6736816.1,0,0,6736816.1,0,0,6736816.1,0,0,6736816.1,0,0,6736816.1,0,0,6736816.1,0,0,6736816.1,0,0,6736816.1,0,0,6736816.1,0,0,6736816.1,0,0,6736816.1,0,0,6736816.1,0,0,6736816.1,0,0,6736816.1,0,0,6736816.1,0,0,6736816.1,0,0,6736816.1,0,0,6736816.1,0,0,6736816.1,0,0,6736816.1,0,0,6736816.1,0,0,6736816.1,0,0,6736816.1,0,0,6736816.1,0,0,6736816.1,0,0,6736816.1,,,0,0,0,6736816.1,0,0,6736816.1,0,0,6736816.1,0,0,6736816.1,0,0,6736816.1,0,0,6736816.1,0,0,6736816.1
1,2,Moderna,2021-04-12,IMMUNOSUPPR,0,0,0,0,0,0,0,0,0,0,0,0,0,0,0,0,0,0,0,0,0,0,0,0,0,0,0,0,0,0,0,0,0,0,0,0,0,0,0,0,0,0,0,0,0,0,0,0,0,0,4812011.5,0,0,6416015.34,0,0,4812011.5,0,0,6416015.34,0,0,6416015.34,0,0,6416015.34,0,0,4812011.5,0,0,4812011.5,0,0,19248046.01,0,0,19248046.01,0,0,4812011.5,0,0,4812011.5,0,0,4812011.5,0,0,4812011.5,0,0,4812011.5,0,0,4812011.5,0,0,4812011.5,0,0,4812011.5,0,0,4812011.5,0,0,4812011.5,0,0,4812011.5,0,0,4812011.5,0,0,4812011.5,0,0,4812011.5,0,0,4812011.5,0,0,4812011.5,0,0,4812011.5,0,0,4812011.5,0,0,4812011.5,0,0,4812011.5,0,0,4812011.5,0,0,4812011.5,0,0,4812011.5,0,0,4812011.5,0,0,4812011.5,0,0,4812011.5,0,0,4812011.5,0,0,4812011.5,0,0,4812011.5,0,0,4812011.5,,,0,0,0,4812011.5,0,0,4812011.5,0,0,4812011.5,0,0,4812011.5,0,0,4812011.5,0,0,4812011.5,0,0,4812011.5
1,2,Moderna,2021-03-22,IMMUNOSUPPR,0,0,0,0,0,0,0,0,0,0,0,0,0,0,0,0,0,0,0,0,0,0,0,0,0,0,0,0,0,0,0,0,0,0,0,0,0,0,0,0,0,0,0,0,0,0,0,0,0,0,26947264.41,0,0,26947264.41,0,0,26947264.41,0,0,26947264.41,0,0,26947264.41,0,0,26947264.41,0,0,26947264.41,0,0,26947264.41,,,0,,,0,0,0,26947264.41,0,0,26947264.41,0,0,26947264.41,0,0,26947264.41,0,0,26947264.41,0,0,26947264.41,0,0,26947264.41,0,0,26947264.41,0,0,26947264.41,0,0,26947264.41,0,0,26947264.41,0,0,26947264.41,0,0,26947264.41,0,0,26947264.41,0,0,26947264.41,0,0,26947264.41,0,0,26947264.41,0,0,26947264.41,0,0,26947264.41,0,0,26947264.41,0,0,26947264.41,0,0,26947264.41,0,0,26947264.41,0,0,26947264.41,0,0,26947264.41,0,0,26947264.41,0,0,26947264.41,0,0,26947264.41,0,0,26947264.41,0,0,26947264.41,,,0,0,0,26947264.41,0,0,26947264.41,0,0,26947264.41,0,0,26947264.41,0,0,26947264.41,0,0,26947264.41,0,0,26947264.41
1,2,Moderna,2021-03-29,IMMUNOSUPPR,0,0,0,0,0,0,0,0,0,0,0,0,0,0,0,0,0,0,0,0,0,0,0,0,0,0,0,0,0,0,0,0,0,0,0,0,0,0,0,0,0,0,0,0,0,0,0,0,0,0,13473632.21,0,0,19248046.01,0,0,13473632.21,0,0,13473632.21,0,0,19248046.01,0,0,19248046.01,0,0,13473632.21,0,0,13473632.21,,,0,,,0,0,0,13473632.21,0,0,13473632.21,0,0,13473632.21,0,0,13473632.21,0,0,13473632.21,0,0,13473632.21,0,0,13473632.21,0,0,13473632.21,0,0,13473632.21,0,0,13473632.21,0,0,13473632.21,0,0,13473632.21,0,0,13473632.21,0,0,13473632.21,0,0,13473632.21,0,0,13473632.21,0,0,13473632.21,0,0,13473632.21,0,0,13473632.21,0,0,13473632.21,0,0,13473632.21,0,0,13473632.21,0,0,13473632.21,0,0,13473632.21,0,0,13473632.21,0,0,13473632.21,0,0,13473632.21,0,0,13473632.21,0,0,13473632.21,0,0,13473632.21,,,0,0,0,13473632.21,0,0,13473632.21,0,0,13473632.21,0,0,13473632.21,0,0,13473632.21,0,0,13473632.21,0,0,13473632.21
1,1,J&J,2021-06-07,IMMUNOSUPPR,0,0,0,0,0,0,0,0,0,0,0,0,0,0,0,0,0,0,0,0,0,0,0,0,0,0,0,0,0,0,0,0,0,0,0,0,0,0,0,0,0,0,0,0,0,0,0,0,0,0,11228026.84,0,0,11228026.84,0,0,11228026.84,0,0,11228026.84,0,0,11228026.84,0,0,11228026.84,0,0,11228026.84,0,0,11228026.84,0,0,11228026.84,0,0,11228026.84,0,0,11228026.84,0,0,11228026.84,0,0,11228026.84,0,0,11228026.84,0,0,11228026.84,0,0,11228026.84,0,0,11228026.84,0,0,11228026.84,0,0,11228026.84,0,0,11228026.84,0,0,11228026.84,0,0,11228026.84,0,0,11228026.84,0,0,11228026.84,0,0,11228026.84,0,0,11228026.84,0,0,11228026.84,0,0,11228026.84,0,0,11228026.84,0,0,11228026.84,0,0,11228026.84,0,0,11228026.84,0,0,11228026.84,0,0,11228026.84,0,0,11228026.84,0,0,11228026.84,0,0,11228026.84,0,0,11228026.84,0,0,11228026.84,0,0,11228026.84,0,0,11228026.84,0,0,11228026.84,0,0,11228026.84,0,0,11228026.84,0,0,11228026.84,0,0,11228026.84,0,0,11228026.84,0,0,11228026.84
1,1,J&J,2021-06-14,IMMUNOSUPPR,0,0,0,0,0,0,0,0,0,0,0,0,0,0,0,0,0,0,0,0,0,0,0,0,0,0,0,0,0,0,0,0,0,0,0,0,0,0,0,0,0,0,0,0,0,0,0,0,0,0,9624023,0,0,9624023,0,0,9624023,0,0,9624023,0,0,9624023,0,0,9624023,0,0,9624023,0,0,9624023,0,0,9624023,0,0,9624023,0,0,9624023,0,0,9624023,0,0,9624023,0,0,9624023,0,0,9624023,0,0,9624023,0,0,9624023,0,0,9624023,0,0,9624023,0,0,9624023,0,0,9624023,0,0,9624023,0,0,9624023,0,0,9624023,0,0,9624023,0,0,9624023,0,0,9624023,0,0,9624023,0,0,9624023,0,0,9624023,0,0,9624023,0,0,9624023,0,0,9624023,0,0,9624023,0,0,9624023,0,0,9624023,0,0,9624023,0,0,9624023,0,0,9624023,0,0,9624023,0,0,9624023,0,0,9624023,0,0,9624023,0,0,9624023,0,0,9624023,0,0,9624023,0,0,9624023,0,0,9624023
1,1,J&J,2021-06-21,IMMUNOSUPPR,0,0,0,0,0,0,0,0,0,0,0,0,0,0,0,0,0,0,0,0,0,0,0,0,0,0,0,0,0,0,0,0,0,0,0,0,0,0,0,0,0,0,0,0,0,0,0,0,0,0,9624023,0,0,9624023,0,0,9624023,0,0,9624023,0,0,9624023,0,0,9624023,0,0,9624023,0,0,9624023,0,0,9624023,0,0,9624023,0,0,9624023,0,0,9624023,0,0,9624023,0,0,9624023,0,0,9624023,0,0,9624023,0,0,9624023,0,0,9624023,0,0,9624023,0,0,9624023,0,0,9624023,0,0,9624023,0,0,9624023,0,0,9624023,0,0,9624023,0,0,9624023,0,0,9624023,0,0,9624023,0,0,9624023,0,0,9624023,0,0,9624023,0,0,9624023,0,0,9624023,0,0,9624023,0,0,9624023,0,0,9624023,0,0,9624023,0,0,9624023,0,0,9624023,0,0,9624023,0,0,9624023,0,0,9624023,0,0,9624023,0,0,9624023,0,0,9624023,0,0,9624023,0,0,9624023,0,0,9624023
1,1,J&J,2021-06-28,IMMUNOSUPPR,0,0,0,0,0,0,0,0,0,0,0,0,0,0,0,0,0,0,0,0,0,0,0,0,0,0,0,0,0,0,0,0,0,0,0,0,0,0,0,0,0,0,0,0,0,0,0,0,0,0,22456053.68,0,0,22456053.68,0,0,22456053.68,0,0,22456053.68,0,0,22456053.68,0,0,22456053.68,0,0,22456053.68,0,0,22456053.68,0,0,22456053.68,0,0,22456053.68,0,0,22456053.68,0,0,22456053.68,0,0,22456053.68,0,0,22456053.68,0,0,22456053.68,0,0,22456053.68,0,0,22456053.68,0,0,22456053.68,0,0,22456053.68,0,0,22456053.68,0,0,22456053.68,0,0,22456053.68,0,0,22456053.68,0,0,22456053.68,0,0,22456053.68,0,0,22456053.68,0,0,22456053.68,0,0,22456053.68,0,0,22456053.68,0,0,22456053.68,0,0,22456053.68,0,0,22456053.68,0,0,22456053.68,0,0,22456053.68,0,0,22456053.68,0,0,22456053.68,0,0,22456053.68,0,0,22456053.68,0,0,22456053.68,0,0,22456053.68,0,0,22456053.68,0,0,22456053.68,0,0,22456053.68,0,0,22456053.68,0,0,22456053.68,0,0,22456053.68,0,0,22456053.68,0,0,22456053.68
1,1,J&J,2021-04-26,IMMUNOSUPPR,0,0,0,0,0,0,0,0,0,0,0,0,0,0,0,0,0,0,0,0,0,0,0,0,0,0,0,0,0,0,0,0,0,0,0,0,0,0,0,0,0,0,0,0,0,0,0,0,0,0,67368161.03,0,0,67368161.03,0,0,67368161.03,0,0,67368161.03,0,0,67368161.03,0,0,67368161.03,0,0,67368161.03,0,0,67368161.03,0,0,67368161.03,0,0,67368161.03,0,0,67368161.03,0,0,67368161.03,0,0,67368161.03,0,0,67368161.03,0,0,67368161.03,0,0,67368161.03,0,0,67368161.03,0,0,67368161.03,0,0,67368161.03,0,0,67368161.03,0,0,67368161.03,0,0,67368161.03,0,0,67368161.03,0,0,67368161.03,0,0,67368161.03,0,0,67368161.03,0,0,67368161.03,0,0,67368161.03,0,0,67368161.03,0,0,67368161.03,0,0,67368161.03,0,0,67368161.03,0,0,67368161.03,0,0,67368161.03,0,0,67368161.03,0,0,67368161.03,0,0,67368161.03,0,0,67368161.03,0,0,67368161.03,0,0,67368161.03,0,0,67368161.03,0,0,67368161.03,0,0,67368161.03,0,0,67368161.03,0,0,67368161.03,0,0,67368161.03,0,0,67368161.03,0,0,67368161.03
1,1,J&J,2021-05-03,IMMUNOSUPPR,0,0,0,0,0,0,0,0,0,0,0,0,0,0,0,0,0,0,0,0,0,0,0,0,0,0,0,0,0,0,0,0,0,0,0,0,0,0,0,0,0,0,0,0,0,0,0,0,0,0,19248046.01,0,0,19248046.01,0,0,19248046.01,0,0,19248046.01,0,0,19248046.01,0,0,19248046.01,0,0,19248046.01,0,0,19248046.01,0,0,19248046.01,0,0,19248046.01,0,0,19248046.01,0,0,19248046.01,0,0,19248046.01,0,0,19248046.01,0,0,19248046.01,0,0,19248046.01,0,0,19248046.01,0,0,19248046.01,0,0,19248046.01,0,0,19248046.01,0,0,19248046.01,0,0,19248046.01,0,0,19248046.01,0,0,19248046.01,0,0,19248046.01,0,0,19248046.01,0,0,19248046.01,0,0,19248046.01,0,0,19248046.01,0,0,19248046.01,0,0,19248046.01,0,0,19248046.01,0,0,19248046.01,0,0,19248046.01,0,0,19248046.01,0,0,19248046.01,0,0,19248046.01,0,0,19248046.01,0,0,19248046.01,0,0,19248046.01,0,0,19248046.01,0,0,19248046.01,0,0,19248046.01,0,0,19248046.01,0,0,19248046.01,0,0,19248046.01,0,0,19248046.01,0,0,19248046.01
1,1,J&J,2021-05-10,IMMUNOSUPPR,0,0,0,0,0,0,0,0,0,0,0,0,0,0,0,0,0,0,0,0,0,0,0,0,0,0,0,0,0,0,0,0,0,0,0,0,0,0,0,0,0,0,0,0,0,0,0,0,0,0,19248046.01,0,0,19248046.01,0,0,19248046.01,0,0,19248046.01,0,0,19248046.01,0,0,19248046.01,0,0,19248046.01,0,0,19248046.01,0,0,19248046.01,0,0,19248046.01,0,0,19248046.01,0,0,19248046.01,0,0,19248046.01,0,0,19248046.01,0,0,19248046.01,0,0,19248046.01,0,0,19248046.01,0,0,19248046.01,0,0,19248046.01,0,0,19248046.01,0,0,19248046.01,0,0,19248046.01,0,0,19248046.01,0,0,19248046.01,0,0,19248046.01,0,0,19248046.01,0,0,19248046.01,0,0,19248046.01,0,0,19248046.01,0,0,19248046.01,0,0,19248046.01,0,0,19248046.01,0,0,19248046.01,0,0,19248046.01,0,0,19248046.01,0,0,19248046.01,0,0,19248046.01,0,0,19248046.01,0,0,19248046.01,0,0,19248046.01,0,0,19248046.01,0,0,19248046.01,0,0,19248046.01,0,0,19248046.01,0,0,19248046.01,0,0,19248046.01,0,0,19248046.01,0,0,19248046.01
1,1,J&J,2021-05-17,IMMUNOSUPPR,0,0,0,0,0,0,0,0,0,0,0,0,0,0,0,0,0,0,0,0,0,0,0,0,0,0,0,0,0,0,0,0,0,0,0,0,0,0,0,0,0,0,0,0,0,0,0,0,0,0,19248046.01,0,0,19248046.01,0,0,19248046.01,0,0,19248046.01,0,0,19248046.01,0,0,19248046.01,0,0,19248046.01,0,0,19248046.01,0,0,19248046.01,0,0,19248046.01,0,0,19248046.01,0,0,19248046.01,0,0,19248046.01,0,0,19248046.01,0,0,19248046.01,0,0,19248046.01,0,0,19248046.01,0,0,19248046.01,0,0,19248046.01,0,0,19248046.01,0,0,19248046.01,0,0,19248046.01,0,0,19248046.01,0,0,19248046.01,0,0,19248046.01,0,0,19248046.01,0,0,19248046.01,0,0,19248046.01,0,0,19248046.01,0,0,19248046.01,0,0,19248046.01,0,0,19248046.01,0,0,19248046.01,0,0,19248046.01,0,0,19248046.01,0,0,19248046.01,0,0,19248046.01,0,0,19248046.01,0,0,19248046.01,0,0,19248046.01,0,0,19248046.01,0,0,19248046.01,0,0,19248046.01,0,0,19248046.01,0,0,19248046.01,0,0,19248046.01,0,0,19248046.01,0,0,19248046.01
1,1,J&J,2021-05-24,IMMUNOSUPPR,0,0,0,0,0,0,0,0,0,0,0,0,0,0,0,0,0,0,0,0,0,0,0,0,0,0,0,0,0,0,0,0,0,0,0,0,0,0,0,0,0,0,0,0,0,0,0,0,0,0,19248046.01,0,0,19248046.01,0,0,19248046.01,0,0,19248046.01,0,0,19248046.01,0,0,19248046.01,0,0,19248046.01,0,0,19248046.01,0,0,19248046.01,0,0,19248046.01,0,0,19248046.01,0,0,19248046.01,0,0,19248046.01,0,0,19248046.01,0,0,19248046.01,0,0,19248046.01,0,0,19248046.01,0,0,19248046.01,0,0,19248046.01,0,0,19248046.01,0,0,19248046.01,0,0,19248046.01,0,0,19248046.01,0,0,19248046.01,0,0,19248046.01,0,0,19248046.01,0,0,19248046.01,0,0,19248046.01,0,0,19248046.01,0,0,19248046.01,0,0,19248046.01,0,0,19248046.01,0,0,19248046.01,0,0,19248046.01,0,0,19248046.01,0,0,19248046.01,0,0,19248046.01,0,0,19248046.01,0,0,19248046.01,0,0,19248046.01,0,0,19248046.01,0,0,19248046.01,0,0,19248046.01,0,0,19248046.01,0,0,19248046.01,0,0,19248046.01,0,0,19248046.01,0,0,19248046.01
1,1,J&J,2021-05-31,IMMUNOSUPPR,0,0,0,0,0,0,0,0,0,0,0,0,0,0,0,0,0,0,0,0,0,0,0,0,0,0,0,0,0,0,0,0,0,0,0,0,0,0,0,0,0,0,0,0,0,0,0,0,0,0,19248046.01,0,0,19248046.01,0,0,19248046.01,0,0,19248046.01,0,0,19248046.01,0,0,19248046.01,0,0,19248046.01,0,0,19248046.01,0,0,19248046.01,0,0,19248046.01,0,0,19248046.01,0,0,19248046.01,0,0,19248046.01,0,0,19248046.01,0,0,19248046.01,0,0,19248046.01,0,0,19248046.01,0,0,19248046.01,0,0,19248046.01,0,0,19248046.01,0,0,19248046.01,0,0,19248046.01,0,0,19248046.01,0,0,19248046.01,0,0,19248046.01,0,0,19248046.01,0,0,19248046.01,0,0,19248046.01,0,0,19248046.01,0,0,19248046.01,0,0,19248046.01,0,0,19248046.01,0,0,19248046.01,0,0,19248046.01,0,0,19248046.01,0,0,19248046.01,0,0,19248046.01,0,0,19248046.01,0,0,19248046.01,0,0,19248046.01,0,0,19248046.01,0,0,19248046.01,0,0,19248046.01,0,0,19248046.01,0,0,19248046.01,0,0,19248046.01,0,0,19248046.01,0,0,19248046.01
1,2,Pfizer,2021-05-03,IMMUNOSUPPR,0,0,0,0,0,0,0,0,0,0,0,0,0,0,0,0,0,0,0,0,0,0,0,0,0,0,0,0,0,0,0,0,0,0,0,0,0,0,0,0,0,0,0,0,0,0,0,0,0,0,983476.8,0,0,983476.8,0,0,983476.8,0,0,983476.8,0,0,1161520.02,0,0,1161520.02,0,0,983476.8,0,0,1095417.25,0,0,1095417.25,0,0,1095417.25,0,0,983476.8,0,0,983476.8,0,0,983476.8,0,0,983476.8,0,0,983476.8,0,0,983476.8,0,0,1095417.25,0,0,1095417.25,0,0,983476.8,0,0,983476.8,0,0,983476.8,0,0,983476.8,0,0,983476.8,0,0,983476.8,0,0,983476.8,0,0,983476.8,0,0,983476.8,0,0,983476.8,0,0,983476.8,0,0,983476.8,0,0,983476.8,0,0,983476.8,0,0,983476.8,0,0,983476.8,0,0,983476.8,0,0,983476.8,0,0,983476.8,0,0,983476.8,0,0,983476.8,0,0,983476.8,0,0,8982421.47,0,0,983476.8,0,0,983476.8,0,0,983476.8,0,0,983476.8,0,0,983476.8,0,0,983476.8,0,0,983476.8
1,1,AstraZeneca,2021-04-05,IMMUNOSUPPR,0,0,0,0,0,0,0,0,0,0,0,0,0,0,0,0,0,0,0,0,0,0,0,0,0,0,0,0,0,0,0,0,0,0,0,0,0,0,0,0,0,0,0,0,0,0,0,0,0,0,4646080.07,0,0,4646080.07,0,0,4646080.07,0,0,6124378.28,0,0,4646080.07,0,0,4646080.07,0,0,4646080.07,0,0,4646080.07,0,0,4646080.07,0,0,4646080.07,0,0,4646080.07,0,0,4646080.07,0,0,4646080.07,0,0,4646080.07,0,0,4646080.07,0,0,4646080.07,0,0,4646080.07,0,0,4646080.07,0,0,4646080.07,0,0,4646080.07,0,0,4646080.07,0,0,4646080.07,0,0,4646080.07,0,0,4646080.07,0,0,4646080.07,0,0,4646080.07,0,0,4646080.07,0,0,4646080.07,0,0,4646080.07,0,0,4646080.07,0,0,4646080.07,0,0,4646080.07,0,0,4646080.07,0,0,4646080.07,0,0,4646080.07,0,0,4646080.07,0,0,4646080.07,0,0,4646080.07,0,0,4646080.07,0,0,4646080.07,0,0,16842040.26,0,0,4646080.07,0,0,4646080.07,0,0,4646080.07,0,0,4646080.07,0,0,4646080.07,0,0,4646080.07,0,0,4646080.07
1,1,AstraZeneca,2021-04-12,IMMUNOSUPPR,0,0,0,0,0,0,0,0,0,0,0,0,0,0,0,0,0,0,0,0,0,0,0,0,0,0,0,0,0,0,0,0,0,0,0,0,0,0,0,0,0,0,0,0,0,0,0,0,0,0,3208007.67,0,0,3208007.67,0,0,3208007.67,0,0,3849609.2,0,0,3208007.67,0,0,3208007.67,0,0,3208007.67,0,0,3208007.67,0,0,3208007.67,0,0,3208007.67,0,0,3208007.67,0,0,3208007.67,0,0,3208007.67,0,0,3208007.67,0,0,3208007.67,0,0,3208007.67,0,0,3208007.67,0,0,3208007.67,0,0,3208007.67,0,0,3208007.67,0,0,3208007.67,0,0,3208007.67,0,0,3208007.67,0,0,3208007.67,0,0,3208007.67,0,0,3208007.67,0,0,3208007.67,0,0,3208007.67,0,0,3208007.67,0,0,3208007.67,0,0,3208007.67,0,0,3208007.67,0,0,3208007.67,0,0,3208007.67,0,0,3208007.67,0,0,3208007.67,0,0,3208007.67,0,0,3208007.67,0,0,3208007.67,0,0,3208007.67,0,0,9624023,0,0,3208007.67,0,0,3208007.67,0,0,3208007.67,0,0,3208007.67,0,0,3208007.67,0,0,3208007.67,0,0,3208007.67
1,1,AstraZeneca,2021-04-19,IMMUNOSUPPR,0,0,0,0,0,0,0,0,0,0,0,0,0,0,0,0,0,0,0,0,0,0,0,0,0,0,0,0,0,0,0,0,0,0,0,0,0,0,0,0,0,0,0,0,0,0,0,0,0,0,3208007.67,0,0,3208007.67,0,0,3208007.67,0,0,3849609.2,0,0,3208007.67,0,0,3208007.67,0,0,3208007.67,0,0,3208007.67,0,0,3208007.67,0,0,3208007.67,0,0,3208007.67,0,0,3208007.67,0,0,3208007.67,0,0,3208007.67,0,0,3208007.67,0,0,3208007.67,0,0,3208007.67,0,0,3208007.67,0,0,3208007.67,0,0,3208007.67,0,0,3208007.67,0,0,3208007.67,0,0,3208007.67,0,0,3208007.67,0,0,3208007.67,0,0,3208007.67,0,0,3208007.67,0,0,3208007.67,0,0,3208007.67,0,0,3208007.67,0,0,3208007.67,0,0,3208007.67,0,0,3208007.67,0,0,3208007.67,0,0,3208007.67,0,0,3208007.67,0,0,3208007.67,0,0,3208007.67,0,0,3208007.67,0,0,3208007.67,0,0,9624023,0,0,3208007.67,0,0,3208007.67,0,0,3208007.67,0,0,3208007.67,0,0,3208007.67,0,0,3208007.67,0,0,3208007.67
1,1,AstraZeneca,2021-04-26,IMMUNOSUPPR,0,0,0,0,0,0,0,0,0,0,0,0,0,0,0,0,0,0,0,0,0,0,0,0,0,0,0,0,0,0,0,0,0,0,0,0,0,0,0,0,0,0,0,0,0,0,0,0,0,0,2994140.49,0,0,2994140.49,0,0,2994140.49,0,0,3545692.69,0,0,2994140.49,0,0,2994140.49,0,0,2994140.49,0,0,2994140.49,0,0,2994140.49,0,0,2994140.49,0,0,2994140.49,0,0,2994140.49,0,0,2994140.49,0,0,2994140.49,0,0,2994140.49,0,0,2994140.49,0,0,2994140.49,0,0,2994140.49,0,0,2994140.49,0,0,2994140.49,0,0,2994140.49,0,0,2994140.49,0,0,2994140.49,0,0,2994140.49,0,0,2994140.49,0,0,2994140.49,0,0,2994140.49,0,0,2994140.49,0,0,2994140.49,0,0,2994140.49,0,0,2994140.49,0,0,2994140.49,0,0,2994140.49,0,0,2994140.49,0,0,2994140.49,0,0,2994140.49,0,0,2994140.49,0,0,2994140.49,0,0,2994140.49,0,0,2994140.49,0,0,9624023,0,0,2994140.49,0,0,2994140.49,0,0,2994140.49,0,0,2994140.49,0,0,2994140.49,0,0,2994140.49,0,0,2994140.49
1,1,AstraZeneca,2021-05-03,IMMUNOSUPPR,0,0,0,0,0,0,0,0,0,0,0,0,0,0,0,0,0,0,0,0,0,0,0,0,0,0,0,0,0,0,0,0,0,0,0,0,0,0,0,0,0,0,0,0,0,0,0,0,0,0,2749720.86,0,0,2749720.86,0,0,2749720.86,0,0,3208007.67,0,0,2749720.86,0,0,2749720.86,0,0,2749720.86,0,0,2749720.86,0,0,2749720.86,0,0,2749720.86,0,0,2749720.86,0,0,2749720.86,0,0,2749720.86,0,0,2749720.86,0,0,2749720.86,0,0,2749720.86,0,0,2749720.86,0,0,2749720.86,0,0,2749720.86,0,0,2749720.86,0,0,2749720.86,0,0,2749720.86,0,0,2749720.86,0,0,2749720.86,0,0,2749720.86,0,0,2749720.86,0,0,2749720.86,0,0,2749720.86,0,0,2749720.86,0,0,2749720.86,0,0,2749720.86,0,0,2749720.86,0,0,2749720.86,0,0,2749720.86,0,0,2749720.86,0,0,2749720.86,0,0,2749720.86,0,0,2749720.86,0,0,2749720.86,0,0,2749720.86,0,0,9624023,0,0,2749720.86,0,0,2749720.86,0,0,2749720.86,0,0,2749720.86,0,0,2749720.86,0,0,2749720.86,0,0,2749720.86
1,1,AstraZeneca,2021-05-10,IMMUNOSUPPR,0,0,0,0,0,0,0,0,0,0,0,0,0,0,0,0,0,0,0,0,0,0,0,0,0,0,0,0,0,0,0,0,0,0,0,0,0,0,0,0,0,0,0,0,0,0,0,0,0,0,2749720.86,0,0,2749720.86,0,0,2749720.86,0,0,3208007.67,0,0,2749720.86,0,0,2749720.86,0,0,2749720.86,0,0,2749720.86,0,0,2749720.86,0,0,2749720.86,0,0,2749720.86,0,0,2749720.86,0,0,2749720.86,0,0,2749720.86,0,0,2749720.86,0,0,2749720.86,0,0,2749720.86,0,0,2749720.86,0,0,2749720.86,0,0,2749720.86,0,0,2749720.86,0,0,2749720.86,0,0,2749720.86,0,0,2749720.86,0,0,2749720.86,0,0,2749720.86,0,0,2749720.86,0,0,2749720.86,0,0,2749720.86,0,0,2749720.86,0,0,2749720.86,0,0,2749720.86,0,0,2749720.86,0,0,2749720.86,0,0,2749720.86,0,0,2749720.86,0,0,2749720.86,0,0,2749720.86,0,0,2749720.86,0,0,2749720.86,0,0,9624023,0,0,2749720.86,0,0,2749720.86,0,0,2749720.86,0,0,2749720.86,0,0,2749720.86,0,0,2749720.86,0,0,2749720.86
1,1,AstraZeneca,2021-03-29,IMMUNOSUPPR,0,0,0,0,0,0,0,0,0,0,0,0,0,0,0,0,0,0,0,0,0,0,0,0,0,0,0,0,0,0,0,0,0,0,0,0,0,0,0,0,0,0,0,0,0,0,0,0,0,0,8982421.47,0,0,8982421.47,0,0,8982421.47,0,0,16842040.26,0,0,8982421.47,0,0,8982421.47,0,0,8982421.47,0,0,8982421.47,0,0,8982421.47,0,0,8982421.47,0,0,8982421.47,0,0,8982421.47,0,0,8982421.47,0,0,8982421.47,0,0,8982421.47,0,0,8982421.47,0,0,8982421.47,0,0,8982421.47,0,0,8982421.47,0,0,8982421.47,0,0,8982421.47,0,0,8982421.47,0,0,8982421.47,0,0,8982421.47,0,0,8982421.47,0,0,8982421.47,0,0,8982421.47,0,0,8982421.47,0,0,8982421.47,0,0,8982421.47,0,0,8982421.47,0,0,8982421.47,0,0,8982421.47,0,0,8982421.47,0,0,8982421.47,0,0,8982421.47,0,0,8982421.47,0,0,8982421.47,0,0,8982421.47,0,0,8982421.47,0,0,134736322.06,0,0,8982421.47,0,0,8982421.47,0,0,8982421.47,0,0,8982421.47,0,0,8982421.47,0,0,8982421.47,0,0,8982421.47
1,1,AstraZeneca,2021-03-22,IMMUNOSUPPR,0,0,0,0,0,0,0,0,0,0,0,0,0,0,0,0,0,0,0,0,0,0,0,0,0,0,0,0,0,0,0,0,0,0,0,0,0,0,0,0,0,0,0,0,0,0,0,0,0,0,26947264.41,0,0,26947264.41,0,0,26947264.41,0,0,67368161.03,0,0,26947264.41,0,0,26947264.41,0,0,26947264.41,0,0,26947264.41,0,0,26947264.41,0,0,26947264.41,0,0,26947264.41,0,0,26947264.41,0,0,26947264.41,0,0,26947264.41,0,0,26947264.41,0,0,26947264.41,0,0,26947264.41,0,0,26947264.41,0,0,26947264.41,0,0,26947264.41,0,0,26947264.41,0,0,26947264.41,0,0,26947264.41,0,0,26947264.41,0,0,26947264.41,0,0,26947264.41,0,0,26947264.41,0,0,26947264.41,0,0,26947264.41,0,0,26947264.41,0,0,26947264.41,0,0,26947264.41,0,0,26947264.41,0,0,26947264.41,0,0,26947264.41,0,0,26947264.41,0,0,26947264.41,0,0,26947264.41,0,0,26947264.41,0,0,26947264.41,,,0,0,0,26947264.41,0,0,26947264.41,0,0,26947264.41,0,0,26947264.41,0,0,26947264.41,0,0,26947264.41,0,0,26947264.41
1,2,AstraZeneca,2021-06-14,IMMUNOSUPPR,0,0,0,0,0,0,0,0,0,0,0,0,0,0,0,0,0,0,0,0,0,0,0,0,0,0,0,0,0,0,0,0,0,0,0,0,0,0,0,0,0,0,0,0,0,0,0,0,0,0,19248046.01,0,0,19248046.01,0,0,19248046.01,0,0,26947264.41,0,0,19248046.01,0,0,19248046.01,0,0,19248046.01,0,0,19248046.01,0,0,19248046.01,0,0,19248046.01,0,0,19248046.01,0,0,19248046.01,0,0,19248046.01,0,0,19248046.01,0,0,19248046.01,0,0,19248046.01,0,0,19248046.01,0,0,19248046.01,0,0,19248046.01,0,0,19248046.01,0,0,19248046.01,0,0,19248046.01,0,0,19248046.01,0,0,19248046.01,0,0,19248046.01,0,0,19248046.01,0,0,19248046.01,0,0,19248046.01,0,0,19248046.01,0,0,19248046.01,0,0,19248046.01,0,0,19248046.01,0,0,19248046.01,0,0,19248046.01,0,0,19248046.01,0,0,19248046.01,0,0,19248046.01,0,0,19248046.01,0,0,19248046.01,0,0,19248046.01,,,0,0,0,19248046.01,0,0,19248046.01,0,0,19248046.01,0,0,19248046.01,0,0,19248046.01,0,0,19248046.01,0,0,19248046.01
1,2,AstraZeneca,2021-06-21,IMMUNOSUPPR,0,0,0,0,0,0,0,0,0,0,0,0,0,0,0,0,0,0,0,0,0,0,0,0,0,0,0,0,0,0,0,0,0,0,0,0,0,0,0,0,0,0,0,0,0,0,0,0,0,0,9624023,0,0,9624023,0,0,9624023,0,0,19248046.01,0,0,9624023,0,0,9624023,0,0,9624023,0,0,9624023,0,0,9624023,0,0,9624023,0,0,9624023,0,0,9624023,0,0,9624023,0,0,9624023,0,0,9624023,0,0,9624023,0,0,9624023,0,0,9624023,0,0,9624023,0,0,9624023,0,0,9624023,0,0,9624023,0,0,9624023,0,0,9624023,0,0,9624023,0,0,9624023,0,0,9624023,0,0,9624023,0,0,9624023,0,0,9624023,0,0,9624023,0,0,9624023,0,0,9624023,0,0,9624023,0,0,9624023,0,0,9624023,0,0,9624023,0,0,9624023,0,0,9624023,0,0,9624023,,,0,0,0,9624023,0,0,9624023,0,0,9624023,0,0,9624023,0,0,9624023,0,0,9624023,0,0,9624023
1,1,Pfizer,2021-03-29,IMMUNOSUPPR,0,0,0,0,0,0,0,0,0,0,0,0,0,0,0,0,0,0,0,0,0,0,0,0,0,0,0,0,0,0,0,0,0,0,0,0,0,0,0,0,0,0,0,0,0,0,0,0,0,0,3133402.84,0,0,3133402.84,0,0,3133402.84,0,0,3133402.84,0,0,3962833,0,0,3962833,0,0,3133402.84,0,0,3962833,0,0,3545692.69,0,0,3545692.69,0,0,3133402.84,0,0,3133402.84,0,0,3133402.84,0,0,3133402.84,0,0,3133402.84,0,0,3133402.84,0,0,3545692.69,0,0,3545692.69,0,0,3133402.84,0,0,3133402.84,0,0,3133402.84,0,0,3133402.84,0,0,3133402.84,0,0,3133402.84,0,0,3133402.84,0,0,3133402.84,0,0,3133402.84,0,0,3133402.84,0,0,3133402.84,0,0,3133402.84,0,0,3133402.84,0,0,3133402.84,0,0,3133402.84,0,0,3133402.84,0,0,3133402.84,0,0,3133402.84,0,0,3133402.84,0,0,3133402.84,0,0,3133402.84,0,0,3133402.84,0,0,19248046.01,0,0,3133402.84,0,0,3133402.84,0,0,3133402.84,0,0,3133402.84,0,0,3133402.84,0,0,3133402.84,0,0,3133402.84
1,1,Pfizer,2021-04-05,IMMUNOSUPPR,0,0,0,0,0,0,0,0,0,0,0,0,0,0,0,0,0,0,0,0,0,0,0,0,0,0,0,0,0,0,0,0,0,0,0,0,0,0,0,0,0,0,0,0,0,0,0,0,0,0,3641522.22,0,0,3641522.22,0,0,3641522.22,0,0,3641522.22,0,0,4491210.74,0,0,4491210.74,0,0,3641522.22,0,0,4491210.74,0,0,4812011.5,0,0,4812011.5,0,0,3641522.22,0,0,3641522.22,0,0,3641522.22,0,0,3641522.22,0,0,3641522.22,0,0,3641522.22,0,0,5389452.88,0,0,5389452.88,0,0,3641522.22,0,0,3641522.22,0,0,3641522.22,0,0,3641522.22,0,0,3641522.22,0,0,3641522.22,0,0,3641522.22,0,0,3641522.22,0,0,3641522.22,0,0,3641522.22,0,0,3641522.22,0,0,3641522.22,0,0,3641522.22,0,0,3641522.22,0,0,3641522.22,0,0,3641522.22,0,0,3641522.22,0,0,3641522.22,0,0,3641522.22,0,0,3641522.22,0,0,3641522.22,0,0,3641522.22,,,0,0,0,3641522.22,0,0,3641522.22,0,0,3641522.22,0,0,3641522.22,0,0,3641522.22,0,0,3641522.22,0,0,3641522.22
1,1,Pfizer,2021-03-08,IMMUNOSUPPR,0,0,0,0,0,0,0,0,0,0,0,0,0,0,0,0,0,0,0,0,0,0,0,0,0,0,0,0,0,0,0,0,0,0,0,0,0,0,0,0,0,0,0,0,0,0,0,0,0,0,4346332.97,0,0,4346332.97,0,0,4346332.97,0,0,4346332.97,0,0,4812011.5,0,0,4812011.5,0,0,4346332.97,0,0,4812011.5,0,0,4346332.97,0,0,4346332.97,0,0,4346332.97,0,0,4346332.97,0,0,4346332.97,0,0,4346332.97,0,0,4346332.97,0,0,4346332.97,0,0,4346332.97,0,0,4346332.97,0,0,4346332.97,0,0,4346332.97,0,0,4346332.97,0,0,4346332.97,0,0,4346332.97,0,0,4346332.97,0,0,4346332.97,0,0,4346332.97,0,0,4346332.97,0,0,4346332.97,0,0,4346332.97,0,0,4346332.97,0,0,4346332.97,0,0,4346332.97,0,0,4346332.97,0,0,4346332.97,0,0,4346332.97,0,0,4346332.97,0,0,4346332.97,0,0,4346332.97,0,0,4346332.97,0,0,4346332.97,0,0,44912107.35,0,0,4346332.97,0,0,4346332.97,0,0,4346332.97,0,0,4346332.97,0,0,4346332.97,0,0,4346332.97,0,0,4346332.97
1,1,Pfizer,2021-03-15,IMMUNOSUPPR,0,0,0,0,0,0,0,0,0,0,0,0,0,0,0,0,0,0,0,0,0,0,0,0,0,0,0,0,0,0,0,0,0,0,0,0,0,0,0,0,0,0,0,0,0,0,0,0,0,0,2406005.75,0,0,2406005.75,0,0,2406005.75,0,0,2406005.75,0,0,2749720.86,0,0,2749720.86,0,0,2406005.75,0,0,2749720.86,0,0,2406005.75,0,0,2406005.75,0,0,2406005.75,0,0,2406005.75,0,0,2406005.75,0,0,2406005.75,0,0,2406005.75,0,0,2406005.75,0,0,2406005.75,0,0,2406005.75,0,0,2406005.75,0,0,2406005.75,0,0,2406005.75,0,0,2406005.75,0,0,2406005.75,0,0,2406005.75,0,0,2406005.75,0,0,2406005.75,0,0,2406005.75,0,0,2406005.75,0,0,2406005.75,0,0,2406005.75,0,0,2406005.75,0,0,2406005.75,0,0,2406005.75,0,0,2406005.75,0,0,2406005.75,0,0,2406005.75,0,0,2406005.75,0,0,2406005.75,0,0,2406005.75,0,0,2406005.75,0,0,19248046.01,0,0,2406005.75,0,0,2406005.75,0,0,2406005.75,0,0,2406005.75,0,0,2406005.75,0,0,2406005.75,0,0,2406005.75
1,1,Pfizer,2021-03-22,IMMUNOSUPPR,0,0,0,0,0,0,0,0,0,0,0,0,0,0,0,0,0,0,0,0,0,0,0,0,0,0,0,0,0,0,0,0,0,0,0,0,0,0,0,0,0,0,0,0,0,0,0,0,0,0,2406005.75,0,0,2406005.75,0,0,2406005.75,0,0,2406005.75,0,0,2749720.86,0,0,2749720.86,0,0,2406005.75,0,0,2749720.86,0,0,2406005.75,0,0,2406005.75,0,0,2406005.75,0,0,2406005.75,0,0,2406005.75,0,0,2406005.75,0,0,2406005.75,0,0,2406005.75,0,0,2406005.75,0,0,2406005.75,0,0,2406005.75,0,0,2406005.75,0,0,2406005.75,0,0,2406005.75,0,0,2406005.75,0,0,2406005.75,0,0,2406005.75,0,0,2406005.75,0,0,2406005.75,0,0,2406005.75,0,0,2406005.75,0,0,2406005.75,0,0,2406005.75,0,0,2406005.75,0,0,2406005.75,0,0,2406005.75,0,0,2406005.75,0,0,2406005.75,0,0,2406005.75,0,0,2406005.75,0,0,2406005.75,0,0,2406005.75,0,0,19248046.01,0,0,2406005.75,0,0,2406005.75,0,0,2406005.75,0,0,2406005.75,0,0,2406005.75,0,0,2406005.75,0,0,2406005.75
1,1,Pfizer,2021-03-01,IMMUNOSUPPR,0,0,0,0,0,0,0,0,0,0,0,0,0,0,0,0,0,0,0,0,0,0,0,0,0,0,0,0,0,0,0,0,0,0,0,0,0,0,0,0,0,0,0,0,0,0,0,0,0,0,22456053.68,0,0,22456053.68,0,0,22456053.68,0,0,22456053.68,0,0,22456053.68,0,0,22456053.68,0,0,22456053.68,0,0,22456053.68,0,0,22456053.68,0,0,22456053.68,0,0,22456053.68,0,0,22456053.68,0,0,22456053.68,0,0,22456053.68,0,0,22456053.68,0,0,22456053.68,0,0,22456053.68,0,0,22456053.68,0,0,22456053.68,0,0,22456053.68,0,0,22456053.68,0,0,22456053.68,0,0,22456053.68,0,0,22456053.68,0,0,22456053.68,0,0,22456053.68,0,0,22456053.68,0,0,22456053.68,0,0,22456053.68,0,0,22456053.68,0,0,22456053.68,0,0,22456053.68,0,0,22456053.68,0,0,22456053.68,0,0,22456053.68,0,0,22456053.68,0,0,22456053.68,0,0,22456053.68,0,0,22456053.68,0,0,22456053.68,,,0,0,0,22456053.68,0,0,22456053.68,0,0,22456053.68,0,0,22456053.68,0,0,22456053.68,0,0,22456053.68,0,0,22456053.68
1,1,Pfizer,2021-01-11,IMMUNOSUPPR,0,0,0,0,0,0,0,0,0,0,0,0,0,0,0,0,0,0,0,0,0,0,0,0,0,0,0,0,0,0,0,0,0,0,0,0,0,0,0,0,0,0,0,0,0,0,0,0,0,0,19248046.01,0,0,19248046.01,0,0,19248046.01,0,0,19248046.01,0,0,19248046.01,0,0,19248046.01,0,0,19248046.01,0,0,19248046.01,0,0,19248046.01,0,0,19248046.01,0,0,19248046.01,0,0,19248046.01,0,0,19248046.01,0,0,19248046.01,0,0,19248046.01,0,0,19248046.01,0,0,19248046.01,0,0,19248046.01,0,0,19248046.01,0,0,19248046.01,0,0,19248046.01,0,0,19248046.01,0,0,19248046.01,0,0,19248046.01,0,0,19248046.01,0,0,19248046.01,0,0,19248046.01,0,0,19248046.01,0,0,19248046.01,0,0,19248046.01,0,0,19248046.01,0,0,19248046.01,0,0,19248046.01,0,0,19248046.01,0,0,19248046.01,0,0,19248046.01,0,0,19248046.01,0,0,19248046.01,0,0,19248046.01,0,0,19248046.01,0,0,19248046.01,0,0,19248046.01,0,0,19248046.01,0,0,19248046.01,0,0,19248046.01,0,0,19248046.01,0,0,19248046.01,0,0,19248046.01
1,1,Pfizer,2021-01-18,IMMUNOSUPPR,0,0,0,0,0,0,0,0,0,0,0,0,0,0,0,0,0,0,0,0,0,0,0,0,0,0,0,0,0,0,0,0,0,0,0,0,0,0,0,0,0,0,0,0,0,0,0,0,0,0,19248046.01,0,0,19248046.01,0,0,19248046.01,0,0,19248046.01,0,0,19248046.01,0,0,19248046.01,0,0,19248046.01,0,0,19248046.01,0,0,19248046.01,0,0,19248046.01,0,0,19248046.01,0,0,19248046.01,0,0,19248046.01,0,0,19248046.01,0,0,19248046.01,0,0,19248046.01,0,0,19248046.01,0,0,19248046.01,0,0,19248046.01,0,0,19248046.01,0,0,19248046.01,0,0,19248046.01,0,0,19248046.01,0,0,19248046.01,0,0,19248046.01,0,0,19248046.01,0,0,19248046.01,0,0,19248046.01,0,0,19248046.01,0,0,19248046.01,0,0,19248046.01,0,0,19248046.01,0,0,19248046.01,0,0,19248046.01,0,0,19248046.01,0,0,19248046.01,0,0,19248046.01,0,0,19248046.01,0,0,19248046.01,0,0,19248046.01,0,0,19248046.01,0,0,19248046.01,0,0,19248046.01,0,0,19248046.01,0,0,19248046.01,0,0,19248046.01,0,0,19248046.01,0,0,19248046.01
1,1,Pfizer,2021-01-25,IMMUNOSUPPR,0,0,0,0,0,0,0,0,0,0,0,0,0,0,0,0,0,0,0,0,0,0,0,0,0,0,0,0,0,0,0,0,0,0,0,0,0,0,0,0,0,0,0,0,0,0,0,0,0,0,33684080.52,0,0,33684080.52,0,0,33684080.52,0,0,33684080.52,0,0,33684080.52,0,0,33684080.52,0,0,33684080.52,0,0,33684080.52,0,0,33684080.52,0,0,33684080.52,0,0,33684080.52,0,0,33684080.52,0,0,33684080.52,0,0,33684080.52,0,0,33684080.52,0,0,33684080.52,0,0,33684080.52,0,0,33684080.52,0,0,33684080.52,0,0,33684080.52,0,0,33684080.52,0,0,33684080.52,0,0,33684080.52,0,0,33684080.52,0,0,33684080.52,0,0,33684080.52,0,0,33684080.52,0,0,33684080.52,0,0,33684080.52,0,0,33684080.52,0,0,33684080.52,0,0,33684080.52,0,0,33684080.52,0,0,33684080.52,0,0,33684080.52,0,0,33684080.52,0,0,33684080.52,0,0,33684080.52,0,0,33684080.52,0,0,33684080.52,0,0,33684080.52,0,0,33684080.52,0,0,33684080.52,0,0,33684080.52,0,0,33684080.52,0,0,33684080.52,0,0,33684080.52,0,0,33684080.52
1,2,Pfizer,2021-04-26,IMMUNOSUPPR,0,0,0,0,0,0,0,0,0,0,0,0,0,0,0,0,0,0,0,0,0,0,0,0,0,0,0,0,0,0,0,0,0,0,0,0,0,0,0,0,0,0,0,0,0,0,0,0,0,0,1374860.43,0,0,1374860.43,0,0,1374860.43,0,0,1374860.43,0,0,1604003.83,0,0,1604003.83,0,0,1374860.43,0,0,1604003.83,0,0,1497070.25,0,0,1497070.25,0,0,1374860.43,0,0,1374860.43,0,0,1374860.43,0,0,1374860.43,0,0,1374860.43,0,0,1374860.43,0,0,1604003.83,0,0,1604003.83,0,0,1374860.43,0,0,1374860.43,0,0,1374860.43,0,0,1374860.43,0,0,1374860.43,0,0,1374860.43,0,0,1374860.43,0,0,1374860.43,0,0,1374860.43,0,0,1374860.43,0,0,1374860.43,0,0,1374860.43,0,0,1374860.43,0,0,1374860.43,0,0,1374860.43,0,0,1374860.43,0,0,1374860.43,0,0,1374860.43,0,0,1374860.43,0,0,1374860.43,0,0,1374860.43,0,0,1374860.43,0,0,19248046.01,0,0,1374860.43,0,0,1374860.43,0,0,1374860.43,0,0,1374860.43,0,0,1374860.43,0,0,1374860.43,0,0,1374860.43
1,2,Pfizer,2021-04-05,IMMUNOSUPPR,0,0,0,0,0,0,0,0,0,0,0,0,0,0,0,0,0,0,0,0,0,0,0,0,0,0,0,0,0,0,0,0,0,0,0,0,0,0,0,0,0,0,0,0,0,0,0,0,0,0,2406005.75,0,0,2406005.75,0,0,2406005.75,0,0,2406005.75,0,0,2749720.86,0,0,2749720.86,0,0,2406005.75,0,0,2749720.86,0,0,2406005.75,0,0,2406005.75,0,0,2406005.75,0,0,2406005.75,0,0,2406005.75,0,0,2406005.75,0,0,2406005.75,0,0,2406005.75,0,0,2406005.75,0,0,2406005.75,0,0,2406005.75,0,0,2406005.75,0,0,2406005.75,0,0,2406005.75,0,0,2406005.75,0,0,2406005.75,0,0,2406005.75,0,0,2406005.75,0,0,2406005.75,0,0,2406005.75,0,0,2406005.75,0,0,2406005.75,0,0,2406005.75,0,0,2406005.75,0,0,2406005.75,0,0,2406005.75,0,0,2406005.75,0,0,2406005.75,0,0,2406005.75,0,0,2406005.75,0,0,2406005.75,0,0,2406005.75,0,0,9624023,0,0,2406005.75,0,0,2406005.75,0,0,2406005.75,0,0,2406005.75,0,0,2406005.75,0,0,2406005.75,0,0,2406005.75
1,2,Pfizer,2021-04-12,IMMUNOSUPPR,0,0,0,0,0,0,0,0,0,0,0,0,0,0,0,0,0,0,0,0,0,0,0,0,0,0,0,0,0,0,0,0,0,0,0,0,0,0,0,0,0,0,0,0,0,0,0,0,0,0,2245605.37,0,0,2245605.37,0,0,2245605.37,0,0,2245605.37,0,0,2542194.76,0,0,2542194.76,0,0,2245605.37,0,0,2542194.76,0,0,2245605.37,0,0,2245605.37,0,0,2245605.37,0,0,2245605.37,0,0,2245605.37,0,0,2245605.37,0,0,2245605.37,0,0,2245605.37,0,0,2245605.37,0,0,2245605.37,0,0,2245605.37,0,0,2245605.37,0,0,2245605.37,0,0,2245605.37,0,0,2245605.37,0,0,2245605.37,0,0,2245605.37,0,0,2245605.37,0,0,2245605.37,0,0,2245605.37,0,0,2245605.37,0,0,2245605.37,0,0,2245605.37,0,0,2245605.37,0,0,2245605.37,0,0,2245605.37,0,0,2245605.37,0,0,2245605.37,0,0,2245605.37,0,0,2245605.37,0,0,2245605.37,0,0,2245605.37,0,0,9624023,0,0,2245605.37,0,0,2245605.37,0,0,2245605.37,0,0,2245605.37,0,0,2245605.37,0,0,2245605.37,0,0,2245605.37
1,2,Pfizer,2021-04-19,IMMUNOSUPPR,0,0,0,0,0,0,0,0,0,0,0,0,0,0,0,0,0,0,0,0,0,0,0,0,0,0,0,0,0,0,0,0,0,0,0,0,0,1,0,0,0,0,0,0,0,0,0,0,0,0,2072866.49,0,0,2072866.49,0,0,2072866.49,0,0,2072866.49,0,0,2363795.12,0,0,2363795.12,0,0,2072866.49,0,0,2363795.12,0,0,2105255.03,0,0,2105255.03,0,0,2072866.49,0,0,2072866.49,0,0,2072866.49,0,0,2072866.49,0,0,2072866.49,0,0,2072866.49,0,0,2138671.78,0,0,2138671.78,0,0,2072866.49,0,0,2072866.49,0,0,2072866.49,0,0,2072866.49,0,0,2072866.49,0,0,2072866.49,0,0,2072866.49,0,0,2072866.49,0,0,2072866.49,0,0,2072866.49,0,0,2072866.49,0,0,2072866.49,0,0,2072866.49,0,0,2072866.49,0,0,2072866.49,0,0,2072866.49,0,0,2072866.49,0,0,2072866.49,0,0,2072866.49,0,0,2072866.49,0,0,2072866.49,0,0,2072866.49,2809615.38,71133.3,15654174.99,0,0,2072866.49,0,0,2072866.49,0,0,2072866.49,0,0,2072866.49,0,0,2072866.49,0,0,2072866.49,0,0,2072866.49
1,2,Pfizer,2021-03-29,IMMUNOSUPPR,0,0,0,0,0,0,0,0,0,0,0,0,0,0,0,0,0,0,0,0,0,0,0,0,0,0,0,0,0,0,0,0,0,0,0,0,0,0,0,0,0,0,0,0,0,0,0,0,0,0,4812011.5,0,0,4812011.5,0,0,4812011.5,0,0,4812011.5,0,0,5389452.88,0,0,5389452.88,0,0,4812011.5,0,0,5389452.88,0,0,4812011.5,0,0,4812011.5,0,0,4812011.5,0,0,4812011.5,0,0,4812011.5,0,0,4812011.5,0,0,4812011.5,0,0,4812011.5,0,0,4812011.5,0,0,4812011.5,0,0,4812011.5,0,0,4812011.5,0,0,4812011.5,0,0,4812011.5,0,0,4812011.5,0,0,4812011.5,0,0,4812011.5,0,0,4812011.5,0,0,4812011.5,0,0,4812011.5,0,0,4812011.5,0,0,4812011.5,0,0,4812011.5,0,0,4812011.5,0,0,4812011.5,0,0,4812011.5,0,0,4812011.5,0,0,4812011.5,0,0,4812011.5,0,0,4812011.5,0,0,4812011.5,0,0,4812011.5,0,0,19248046.01,0,0,4812011.5,0,0,4812011.5,0,0,4812011.5,0,0,4812011.5,0,0,4812011.5,0,0,4812011.5,0,0,4812011.5
1,2,Pfizer,2021-01-25,IMMUNOSUPPR,0,0,0,0,0,0,0,0,0,0,0,0,0,0,0,0,0,0,0,0,0,0,0,0,0,0,0,0,0,0,0,0,0,0,0,0,0,0,0,0,0,0,0,0,0,0,0,0,0,0,44912107.35,0,0,44912107.35,0,0,44912107.35,0,0,44912107.35,0,0,44912107.35,0,0,44912107.35,0,0,44912107.35,0,0,44912107.35,0,0,44912107.35,0,0,44912107.35,0,0,44912107.35,0,0,44912107.35,0,0,44912107.35,0,0,44912107.35,0,0,44912107.35,0,0,44912107.35,0,0,44912107.35,0,0,44912107.35,0,0,44912107.35,0,0,44912107.35,0,0,44912107.35,0,0,44912107.35,0,0,44912107.35,0,0,44912107.35,0,0,44912107.35,0,0,44912107.35,0,0,44912107.35,0,0,44912107.35,0,0,44912107.35,0,0,44912107.35,0,0,44912107.35,0,0,44912107.35,0,0,44912107.35,0,0,44912107.35,0,0,44912107.35,0,0,44912107.35,0,0,44912107.35,0,0,44912107.35,0,0,44912107.35,0,0,44912107.35,0,0,44912107.35,0,0,44912107.35,0,0,44912107.35,0,0,44912107.35,0,0,44912107.35,0,0,44912107.35,0,0,44912107.35,0,0,44912107.35
1,2,Pfizer,2021-02-01,IMMUNOSUPPR,0,0,0,0,0,0,0,0,0,0,0,0,0,0,0,0,0,0,0,0,0,0,0,0,0,0,0,0,0,0,0,0,0,0,0,0,0,0,0,0,0,0,0,0,0,0,0,0,0,0,19248046.01,0,0,19248046.01,0,0,19248046.01,0,0,19248046.01,0,0,19248046.01,0,0,19248046.01,0,0,19248046.01,0,0,19248046.01,0,0,19248046.01,0,0,19248046.01,0,0,19248046.01,0,0,19248046.01,0,0,19248046.01,0,0,19248046.01,0,0,19248046.01,0,0,19248046.01,0,0,19248046.01,0,0,19248046.01,0,0,19248046.01,0,0,19248046.01,0,0,19248046.01,0,0,19248046.01,0,0,19248046.01,0,0,19248046.01,0,0,19248046.01,0,0,19248046.01,0,0,19248046.01,0,0,19248046.01,0,0,19248046.01,0,0,19248046.01,0,0,19248046.01,0,0,19248046.01,0,0,19248046.01,0,0,19248046.01,0,0,19248046.01,0,0,19248046.01,0,0,19248046.01,0,0,19248046.01,0,0,19248046.01,0,0,19248046.01,0,0,19248046.01,0,0,19248046.01,0,0,19248046.01,0,0,19248046.01,0,0,19248046.01,0,0,19248046.01,0,0,19248046.01,0,0,19248046.01
1,2,Pfizer,2021-02-08,IMMUNOSUPPR,0,0,0,0,0,0,0,0,0,0,0,0,0,0,0,0,0,0,0,0,0,0,0,0,0,0,0,0,0,0,0,0,0,0,0,0,0,0,0,0,0,0,0,0,0,0,0,0,0,0,19248046.01,0,0,19248046.01,0,0,19248046.01,0,0,19248046.01,0,0,19248046.01,0,0,19248046.01,0,0,19248046.01,0,0,19248046.01,0,0,19248046.01,0,0,19248046.01,0,0,19248046.01,0,0,19248046.01,0,0,19248046.01,0,0,19248046.01,0,0,19248046.01,0,0,19248046.01,0,0,19248046.01,0,0,19248046.01,0,0,19248046.01,0,0,19248046.01,0,0,19248046.01,0,0,19248046.01,0,0,19248046.01,0,0,19248046.01,0,0,19248046.01,0,0,19248046.01,0,0,19248046.01,0,0,19248046.01,0,0,19248046.01,0,0,19248046.01,0,0,19248046.01,0,0,19248046.01,0,0,19248046.01,0,0,19248046.01,0,0,19248046.01,0,0,19248046.01,0,0,19248046.01,0,0,19248046.01,0,0,19248046.01,0,0,19248046.01,0,0,19248046.01,0,0,19248046.01,0,0,19248046.01,0,0,19248046.01,0,0,19248046.01,0,0,19248046.01,0,0,19248046.01,0,0,19248046.01
1,2,Pfizer,2021-02-15,IMMUNOSUPPR,0,0,0,0,0,0,0,0,0,0,0,0,0,0,0,0,0,0,0,0,0,0,0,0,0,0,0,0,0,0,0,0,0,0,0,0,0,0,0,0,0,0,0,0,0,0,0,0,0,0,19248046.01,0,0,19248046.01,0,0,19248046.01,0,0,19248046.01,0,0,19248046.01,0,0,19248046.01,0,0,19248046.01,0,0,19248046.01,0,0,19248046.01,0,0,19248046.01,0,0,19248046.01,0,0,19248046.01,0,0,19248046.01,0,0,19248046.01,0,0,19248046.01,0,0,19248046.01,0,0,19248046.01,0,0,19248046.01,0,0,19248046.01,0,0,19248046.01,0,0,19248046.01,0,0,19248046.01,0,0,19248046.01,0,0,19248046.01,0,0,19248046.01,0,0,19248046.01,0,0,19248046.01,0,0,19248046.01,0,0,19248046.01,0,0,19248046.01,0,0,19248046.01,0,0,19248046.01,0,0,19248046.01,0,0,19248046.01,0,0,19248046.01,0,0,19248046.01,0,0,19248046.01,0,0,19248046.01,0,0,19248046.01,0,0,19248046.01,0,0,19248046.01,0,0,19248046.01,0,0,19248046.01,0,0,19248046.01,0,0,19248046.01,0,0,19248046.01,0,0,19248046.01,0,0,19248046.01
1,2,Pfizer,2021-02-22,IMMUNOSUPPR,0,0,0,0,0,0,0,0,0,0,0,0,0,0,0,0,0,0,0,0,0,0,0,0,0,0,0,0,0,0,0,0,0,0,0,0,0,0,0,0,0,0,0,0,0,0,0,0,0,0,19248046.01,0,0,19248046.01,0,0,19248046.01,0,0,19248046.01,0,0,19248046.01,0,0,19248046.01,0,0,19248046.01,0,0,19248046.01,0,0,19248046.01,0,0,19248046.01,0,0,19248046.01,0,0,19248046.01,0,0,19248046.01,0,0,19248046.01,0,0,19248046.01,0,0,19248046.01,0,0,19248046.01,0,0,19248046.01,0,0,19248046.01,0,0,19248046.01,0,0,19248046.01,0,0,19248046.01,0,0,19248046.01,0,0,19248046.01,0,0,19248046.01,0,0,19248046.01,0,0,19248046.01,0,0,19248046.01,0,0,19248046.01,0,0,19248046.01,0,0,19248046.01,0,0,19248046.01,0,0,19248046.01,0,0,19248046.01,0,0,19248046.01,0,0,19248046.01,0,0,19248046.01,0,0,19248046.01,0,0,19248046.01,0,0,19248046.01,0,0,19248046.01,0,0,19248046.01,0,0,19248046.01,0,0,19248046.01,0,0,19248046.01,0,0,19248046.01,0,0,19248046.01,0,0,19248046.01
1,2,Pfizer,2021-03-01,IMMUNOSUPPR,0,0,0,0,0,0,0,0,0,0,0,0,0,0,0,0,0,0,0,0,0,0,0,0,0,0,0,0,0,0,0,0,0,0,0,0,0,0,0,0,0,0,0,0,0,0,0,0,0,0,19248046.01,0,0,19248046.01,0,0,19248046.01,0,0,19248046.01,0,0,19248046.01,0,0,19248046.01,0,0,19248046.01,0,0,19248046.01,0,0,19248046.01,0,0,19248046.01,0,0,19248046.01,0,0,19248046.01,0,0,19248046.01,0,0,19248046.01,0,0,19248046.01,0,0,19248046.01,0,0,19248046.01,0,0,19248046.01,0,0,19248046.01,0,0,19248046.01,0,0,19248046.01,0,0,19248046.01,0,0,19248046.01,0,0,19248046.01,0,0,19248046.01,0,0,19248046.01,0,0,19248046.01,0,0,19248046.01,0,0,19248046.01,0,0,19248046.01,0,0,19248046.01,0,0,19248046.01,0,0,19248046.01,0,0,19248046.01,0,0,19248046.01,0,0,19248046.01,0,0,19248046.01,0,0,19248046.01,0,0,19248046.01,0,0,19248046.01,0,0,19248046.01,0,0,19248046.01,0,0,19248046.01,0,0,19248046.01,0,0,19248046.01,0,0,19248046.01,0,0,19248046.01,0,0,19248046.01
1,2,Pfizer,2021-03-08,IMMUNOSUPPR,0,0,0,0,0,0,0,0,0,0,0,0,0,0,0,0,0,0,0,0,0,0,0,0,0,0,0,0,0,0,0,0,0,0,0,0,0,0,0,0,0,0,0,0,0,0,0,0,0,0,19248046.01,0,0,19248046.01,0,0,19248046.01,0,0,19248046.01,0,0,19248046.01,0,0,19248046.01,0,0,19248046.01,0,0,19248046.01,0,0,19248046.01,0,0,19248046.01,0,0,19248046.01,0,0,19248046.01,0,0,19248046.01,0,0,19248046.01,0,0,19248046.01,0,0,19248046.01,0,0,19248046.01,0,0,19248046.01,0,0,19248046.01,0,0,19248046.01,0,0,19248046.01,0,0,19248046.01,0,0,19248046.01,0,0,19248046.01,0,0,19248046.01,0,0,19248046.01,0,0,19248046.01,0,0,19248046.01,0,0,19248046.01,0,0,19248046.01,0,0,19248046.01,0,0,19248046.01,0,0,19248046.01,0,0,19248046.01,0,0,19248046.01,0,0,19248046.01,0,0,19248046.01,0,0,19248046.01,0,0,19248046.01,0,0,19248046.01,0,0,19248046.01,0,0,19248046.01,0,0,19248046.01,0,0,19248046.01,0,0,19248046.01,0,0,19248046.01,0,0,19248046.01,0,0,19248046.01
1,2,Pfizer,2021-03-15,IMMUNOSUPPR,0,0,0,0,0,0,0,0,0,0,0,0,0,0,0,0,0,0,0,0,0,0,0,0,0,0,0,0,0,0,0,0,0,0,0,0,0,0,0,0,0,0,0,0,0,0,0,0,0,0,19248046.01,0,0,19248046.01,0,0,19248046.01,0,0,19248046.01,0,0,19248046.01,0,0,19248046.01,0,0,19248046.01,0,0,19248046.01,0,0,19248046.01,0,0,19248046.01,0,0,19248046.01,0,0,19248046.01,0,0,19248046.01,0,0,19248046.01,0,0,19248046.01,0,0,19248046.01,0,0,19248046.01,0,0,19248046.01,0,0,19248046.01,0,0,19248046.01,0,0,19248046.01,0,0,19248046.01,0,0,19248046.01,0,0,19248046.01,0,0,19248046.01,0,0,19248046.01,0,0,19248046.01,0,0,19248046.01,0,0,19248046.01,0,0,19248046.01,0,0,19248046.01,0,0,19248046.01,0,0,19248046.01,0,0,19248046.01,0,0,19248046.01,0,0,19248046.01,0,0,19248046.01,0,0,19248046.01,0,0,19248046.01,0,0,19248046.01,0,0,19248046.01,0,0,19248046.01,0,0,19248046.01,0,0,19248046.01,0,0,19248046.01,0,0,19248046.01,0,0,19248046.01,0,0,19248046.01
1,2,Pfizer,2021-03-22,IMMUNOSUPPR,0,0,0,0,0,0,0,0,0,0,0,0,0,0,0,0,0,0,0,0,0,0,0,0,0,0,0,0,0,0,0,0,0,0,0,0,0,0,0,0,0,0,0,0,0,0,0,0,0,0,19248046.01,0,0,19248046.01,0,0,19248046.01,0,0,19248046.01,0,0,19248046.01,0,0,19248046.01,0,0,19248046.01,0,0,19248046.01,0,0,19248046.01,0,0,19248046.01,0,0,19248046.01,0,0,19248046.01,0,0,19248046.01,0,0,19248046.01,0,0,19248046.01,0,0,19248046.01,0,0,19248046.01,0,0,19248046.01,0,0,19248046.01,0,0,19248046.01,0,0,19248046.01,0,0,19248046.01,0,0,19248046.01,0,0,19248046.01,0,0,19248046.01,0,0,19248046.01,0,0,19248046.01,0,0,19248046.01,0,0,19248046.01,0,0,19248046.01,0,0,19248046.01,0,0,19248046.01,0,0,19248046.01,0,0,19248046.01,0,0,19248046.01,0,0,19248046.01,0,0,19248046.01,0,0,19248046.01,0,0,19248046.01,0,0,19248046.01,0,0,19248046.01,0,0,19248046.01,0,0,19248046.01,0,0,19248046.01,0,0,19248046.01,0,0,19248046.01,0,0,19248046.01,0,0,19248046.01
0,0,0,2020-01-06,any_risk_factors,0,0,0,1,0,0,1,1,0,0,0,0,0,0,0,0,0,0,0,0,0,0,0,0,0,0,0,0,0,0,0,0,0,0,0,0,0,1,0,0,0,1,0,1,0,0,0,0,0,0,20365.22,0,0,20386.79,0,0,20365.22,5669.82,143.55,31590.23,0,0,20760.6,0,0,21055.84,5551.76,140.56,30932.4,5654.02,143.15,31502.21,0,0,20760.6,0,0,20760.6,0,0,20365.22,0,0,20365.22,0,0,20365.22,0,0,20365.22,0,0,20365.22,0,0,20365.22,0,0,20467.31,0,0,20532.81,0,0,20365.22,0,0,20365.22,0,0,20365.22,0,0,20365.22,0,0,20365.22,0,0,20365.22,0,0,20365.22,0,0,20365.22,0,0,20386.79,0,0,20408.41,0,0,20408.41,0,0,20473.53,0,0,20539.07,0,0,20386.79,0,0,20386.79,0,0,20451.78,0,0,20451.78,0,0,20386.79,0,0,20386.79,0,0,20365.22,0,0,20365.22,0,0,20365.22,9627.04,243.74,53638.45,0,0,20365.22,0,0,20386.79,0,0,20365.22,5581.45,141.31,31097.84,0,0,20451.78,5605.43,141.92,31231.47,0,0,20386.79
0,0,0,2020-01-13,any_risk_factors,0,0,0,0,0,0,0,0,1,1,0,0,0,0,0,0,1,1,0,0,0,0,0,0,0,0,0,0,0,0,0,0,0,0,0,0,0,0,0,0,1,0,0,0,0,0,0,0,0,0,20448.68,0,0,20470.42,0,0,20448.68,0,0,20996.78,0,0,20847.33,0,0,21145.06,0,0,20579.86,0,0,20960.85,5655.78,143.19,31511.97,5655.78,143.19,31511.97,0,0,20448.68,0,0,20448.68,0,0,20448.68,0,0,20448.68,0,0,20448.68,0,0,20448.68,5567.84,140.97,31021.99,5585.72,141.42,31121.62,0,0,20448.68,0,0,20448.68,0,0,20448.68,0,0,20448.68,0,0,20448.68,0,0,20448.68,0,0,20448.68,0,0,20448.68,0,0,20470.42,0,0,20492.22,0,0,20492.22,0,0,20557.88,0,0,20623.96,0,0,20470.42,0,0,20470.42,0,0,20535.94,0,0,20535.94,0,0,20470.42,0,0,20470.42,0,0,20448.68,0,0,20448.68,0,0,20448.68,0,0,35672.84,0,0,20448.68,0,0,20470.42,5543.33,140.34,30885.46,0,0,20690.47,0,0,20535.94,0,0,20779.82,0,0,20470.42
0,0,0,2020-01-20,any_risk_factors,0,0,0,0,0,0,0,0,0,0,0,0,0,0,0,0,0,0,0,0,0,0,0,0,0,0,0,0,0,0,0,0,0,0,0,0,0,0,0,0,1,0,0,0,0,0,0,0,0,0,20539.07,0,0,20561.01,0,0,20539.07,0,0,21078.9,0,0,20925.04,0,0,21225,0,0,20671.42,0,0,21019.71,0,0,20964.11,0,0,20964.11,0,0,20539.07,0,0,20539.07,0,0,20539.07,0,0,20539.07,0,0,20539.07,0,0,20539.07,0,0,20649.24,0,0,20715.92,0,0,20539.07,0,0,20539.07,0,0,20539.07,0,0,20539.07,0,0,20539.07,0,0,20539.07,0,0,20539.07,0,0,20539.07,0,0,20561.01,0,0,20583,0,0,20583,0,0,20649.24,0,0,20715.92,0,0,20561.01,0,0,20561.01,0,0,20627.12,0,0,20627.12,0,0,20561.01,0,0,20561.01,0,0,20539.07,0,0,20539.07,0,0,20539.07,0,0,35900.97,0,0,20539.07,0,0,20561.01,5567.84,140.97,31021.99,0,0,20783.02,0,0,20627.12,0,0,20873.17,0,0,20561.01
0,0,0,2020-01-27,any_risk_factors,0,0,0,0,0,0,0,0,0,0,0,0,0,0,0,0,0,0,0,0,0,0,0,0,0,0,1,1,0,0,0,0,0,0,0,0,0,1,0,0,0,1,0,1,0,0,0,0,0,0,20598.73,0,0,20620.8,0,0,20598.73,0,0,21141.74,0,0,20980.43,0,0,21282,0,0,20731.85,0,0,21072.31,0,0,21026.27,0,0,21026.27,0,0,20598.73,0,0,20598.73,0,0,20598.73,0,0,20598.73,0,0,20598.73,0,0,20598.73,0,0,20709.55,0,0,20776.61,0,0,20598.73,0,0,20598.73,0,0,20598.73,0,0,20598.73,0,0,20598.73,0,0,20598.73,0,0,20598.73,0,0,20598.73,0,0,20620.8,0,0,20642.92,0,0,20642.92,5615.77,142.18,31289.1,5633.97,142.64,31390.45,0,0,20620.8,0,0,20620.8,0,0,20687.29,0,0,20687.29,0,0,20620.8,0,0,20620.8,0,0,20598.73,0,0,20598.73,0,0,20598.73,9779.12,247.59,54485.75,0,0,20598.73,0,0,20620.8,0,0,20598.73,5652.27,143.1,31492.46,0,0,20687.29,5676.87,143.73,31629.51,0,0,20620.8
0,0,0,2020-02-03,any_risk_factors,0,0,0,1,0,0,0,0,0,0,1,1,1,1,0,0,1,1,0,0,0,0,0,0,0,0,1,1,0,0,0,0,0,0,0,0,0,3,0,0,0,1,0,1,0,0,0,0,0,0,20630.27,0,0,20652.41,0,0,20630.27,5742.02,145.38,31992.5,0,0,21013.15,0,0,21315.67,0,0,20763.8,0,0,21105.31,0,0,21059.13,0,0,21059.13,5594.27,141.63,31169.29,5594.27,141.63,31169.29,5594.27,141.63,31169.29,5594.27,141.63,31169.29,0,0,20630.27,0,0,20630.27,5627.02,142.46,31351.76,5645.29,142.93,31453.52,0,0,20630.27,0,0,20630.27,0,0,20630.27,0,0,20630.27,0,0,20630.27,0,0,20630.27,0,0,20630.27,0,0,20630.27,0,0,20652.41,0,0,20674.59,0,0,20674.59,5628.76,142.51,31361.42,5647.03,142.97,31463.25,0,0,20652.41,0,0,20652.41,0,0,20719.1,0,0,20719.1,0,0,20652.41,0,0,20652.41,0,0,20630.27,0,0,20630.27,0,0,20630.27,29431.91,6069.57,86012.53,0,0,20630.27,0,0,20652.41,0,0,20630.27,5665.43,143.44,31565.73,0,0,20719.1,5690.14,144.06,31703.42,0,0,20652.41
0,0,0,2020-02-10,any_risk_factors,0,0,0,1,1,1,0,0,0,0,0,0,0,0,0,0,0,0,0,0,0,0,0,0,0,0,0,0,0,0,0,0,0,0,0,0,0,2,0,0,0,0,0,0,0,0,0,0,0,0,20680.94,0,0,20700,0,0,20680.94,5765.59,145.97,32123.8,5715.07,144.69,31842.32,5797.62,146.78,32302.27,0,0,20815.13,0,0,21155.02,0,0,21111.93,0,0,21111.93,0,0,20703.18,0,0,20703.18,0,0,20703.18,0,0,20703.18,0,0,20680.94,0,0,20680.94,0,0,20815.13,0,0,20882.88,0,0,20680.94,0,0,20680.94,0,0,20680.94,0,0,20680.94,0,0,20680.94,0,0,20680.94,0,0,20680.94,0,0,20680.94,0,0,20703.18,0,0,20725.48,0,0,20725.48,0,0,20834.44,0,0,20902.31,0,0,20703.18,0,0,20703.18,0,0,20770.21,0,0,20770.21,0,0,20703.18,0,0,20703.18,0,0,20680.94,0,0,20680.94,0,0,20680.94,19764.61,2393.59,71396.57,0,0,20680.94,0,0,20703.18,0,0,20680.94,0,0,20970.63,0,0,20770.21,0,0,21062.42,0,0,20703.18
0,0,0,2020-02-17,any_risk_factors,0,0,0,0,0,0,0,1,0,0,0,0,0,0,0,0,0,1,0,0,0,0,0,0,0,0,0,0,0,0,0,0,0,0,0,0,0,1,0,0,0,0,0,0,0,0,0,0,0,0,20741.43,0,0,20741.43,0,0,20741.43,0,0,21325.79,0,0,21138.43,0,0,21444.58,0,0,20876.41,5750.16,145.58,32037.83,0,0,21174.97,0,0,21174.97,0,0,20763.8,0,0,20763.8,0,0,20763.8,0,0,20763.8,0,0,20741.43,0,0,20741.43,0,0,20876.41,5681.29,143.84,31654.11,0,0,20741.43,0,0,20741.43,0,0,20741.43,0,0,20741.43,0,0,20741.43,0,0,20741.43,0,0,20741.43,0,0,20741.43,0,0,20763.8,0,0,20786.23,0,0,20786.23,0,0,20876.41,0,0,20944.55,0,0,20763.8,0,0,20763.8,0,0,20831.22,0,0,20831.22,0,0,20763.8,0,0,20763.8,0,0,20741.43,0,0,20741.43,0,0,20741.43,9909.12,250.88,55210.06,0,0,20741.43,0,0,20763.8,0,0,20741.43,0,0,21013.15,0,0,20831.22,0,0,21105.31,0,0,20763.8
0,0,0,2020-02-24,any_risk_factors,0,0,0,1,0,0,0,0,0,0,0,0,0,0,0,0,0,0,0,0,0,0,0,0,0,0,0,0,0,0,0,0,0,0,0,0,0,0,0,0,0,0,0,0,0,0,0,0,0,0,20770.21,0,0,20770.21,0,0,20770.21,5788.43,146.55,32251.07,0,0,21158.34,0,0,21465.08,0,0,20905.56,0,0,21251.79,0,0,21204.96,0,0,21204.96,0,0,20792.64,0,0,20792.64,0,0,20792.64,0,0,20792.64,0,0,20770.21,0,0,20770.21,0,0,20905.56,0,0,20996.78,0,0,20770.21,0,0,20770.21,0,0,20770.21,0,0,20770.21,0,0,20770.21,0,0,20770.21,0,0,20770.21,0,0,20770.21,0,0,20792.64,0,0,20815.13,0,0,20815.13,0,0,20905.56,0,0,20973.9,0,0,20792.64,0,0,20792.64,0,0,20860.24,0,0,20860.24,0,0,20792.64,0,0,20792.64,0,0,20770.21,0,0,20770.21,0,0,20770.21,0,0,36613.13,0,0,20770.21,0,0,20792.64,0,0,20770.21,0,0,21042.69,0,0,20860.24,0,0,21135.11,0,0,20792.64
0,0,0,2020-03-02,any_risk_factors,0,0,0,1,0,0,0,0,0,0,0,0,0,0,0,0,0,0,0,0,0,0,0,0,0,0,0,0,0,0,0,0,0,0,0,0,0,0,0,0,0,0,0,0,0,0,0,0,0,0,20786.23,0,0,20786.23,0,0,20786.23,5798.54,146.81,32307.39,0,0,21174.97,0,0,21482.19,0,0,20921.79,0,0,21268.56,0,0,21221.66,0,0,21221.66,0,0,20808.7,0,0,20808.7,0,0,20808.7,0,0,20808.7,0,0,20786.23,0,0,20786.23,0,0,20921.79,0,0,21013.15,0,0,20786.23,0,0,20786.23,0,0,20786.23,0,0,20786.23,0,0,20786.23,0,0,20786.23,0,0,20786.23,0,0,20786.23,0,0,20808.7,0,0,20831.22,0,0,20831.22,0,0,20921.79,0,0,20990.24,0,0,20808.7,0,0,20808.7,0,0,20876.41,0,0,20876.41,0,0,20808.7,0,0,20808.7,0,0,20786.23,0,0,20786.23,0,0,20786.23,0,0,36662.94,0,0,20786.23,0,0,20808.7,0,0,20786.23,0,0,21059.13,0,0,20876.41,0,0,21151.7,0,0,20808.7
0,0,0,2020-03-09,any_risk_factors,0,0,0,0,0,0,0,0,1,1,0,0,0,0,0,0,0,0,0,0,0,0,0,0,0,0,0,0,0,0,0,0,0,0,0,0,0,2,0,0,0,0,0,0,0,0,0,0,0,0,20815.13,0,0,20815.13,0,0,20815.13,0,0,21441.17,0,0,21204.96,0,0,21513.06,0,0,20951.07,0,0,21298.82,5766.5,146,32128.87,5766.5,146,32128.87,0,0,20837.66,0,0,20837.66,0,0,20837.66,0,0,20837.66,0,0,20815.13,0,0,20815.13,0,0,20951.07,0,0,21042.69,0,0,20815.13,0,0,20815.13,0,0,20815.13,0,0,20815.13,0,0,20815.13,0,0,20815.13,0,0,20815.13,0,0,20815.13,0,0,20837.66,0,0,20860.24,0,0,20860.24,0,0,20951.07,0,0,21019.71,0,0,20837.66,0,0,20837.66,0,0,20905.56,0,0,20905.56,0,0,20837.66,0,0,20837.66,0,0,20815.13,0,0,20815.13,0,0,20815.13,19893.79,2409.23,71863.21,0,0,20815.13,0,0,20837.66,0,0,20815.13,0,0,21088.8,0,0,20905.56,0,0,21181.63,0,0,20837.66
0,0,0,2020-03-16,any_risk_factors,0,0,0,1,0,2,0,0,0,0,0,0,0,0,0,0,0,0,0,0,1,0,0,0,0,0,0,0,0,0,0,0,0,0,0,0,0,0,0,0,0,0,0,0,0,0,0,0,0,0,20853.79,0,0,20853.79,0,0,20853.79,5827.22,147.53,32467.18,0,0,21245.08,11697.36,1416.6,42254.88,0,0,20990.24,0,0,21339.3,0,0,21315.67,0,0,21315.67,0,0,20876.41,0,0,20876.41,0,0,20876.41,0,0,20876.41,0,0,20853.79,0,0,20853.79,0,0,20990.24,0,0,21082.2,0,0,20853.79,0,0,20853.79,0,0,20853.79,0,0,20853.79,5656.65,143.21,31516.85,0,0,20853.79,0,0,20853.79,0,0,20853.79,0,0,20876.41,0,0,20899.07,0,0,20899.07,0,0,20990.24,0,0,21059.13,0,0,20876.41,0,0,20876.41,0,0,20944.55,0,0,20944.55,0,0,20876.41,0,0,20876.41,0,0,20853.79,0,0,20853.79,0,0,20853.79,0,0,36803.15,0,0,20853.79,0,0,20876.41,0,0,20853.79,0,0,21128.48,0,0,20944.55,0,0,21221.66,0,0,20876.41
0,0,0,2020-03-23,any_risk_factors,0,0,0,0,0,0,0,0,0,0,0,0,0,0,0,0,0,0,0,0,0,0,0,0,0,0,0,0,0,0,0,0,0,0,0,0,0,2,0,0,1,0,0,0,0,0,0,0,0,0,20873.17,0,0,20873.17,0,0,20873.17,0,0,21523.37,0,0,21261.85,0,0,21620.08,0,0,21009.87,0,0,21359.59,0,0,21335.92,0,0,21335.92,0,0,20895.83,0,0,20895.83,0,0,20895.83,0,0,20895.83,0,0,20873.17,0,0,20873.17,0,0,21009.87,0,0,21102.01,0,0,20873.17,0,0,20873.17,0,0,20873.17,0,0,20873.17,0,0,20895.83,0,0,20873.17,0,0,20873.17,0,0,20873.17,0,0,20895.83,0,0,20918.54,0,0,20918.54,0,0,21009.87,0,0,21078.9,0,0,20895.83,0,0,20895.83,0,0,20964.11,0,0,20964.11,0,0,20895.83,0,0,20895.83,0,0,20873.17,0,0,20873.17,0,0,20873.17,19969.93,2418.45,72138.25,0,0,20873.17,0,0,20895.83,5658.4,143.26,31526.61,0,0,21148.38,0,0,20964.11,0,0,21241.73,0,0,20895.83
0,0,0,2020-03-30,any_risk_factors,0,0,1,1,0,0,0,1,0,0,0,0,0,0,0,0,0,0,0,0,0,0,0,0,0,0,0,0,0,0,0,0,0,0,0,0,0,2,0,0,0,0,0,0,0,0,0,0,0,0,20951.07,0,0,20951.07,5683.06,143.88,31663.96,5855.24,148.24,32623.32,0,0,21322.41,0,0,21682.7,0,0,21088.8,5816.08,147.25,32405.14,0,0,21417.31,0,0,21417.31,0,0,20973.9,0,0,20973.9,0,0,20973.9,0,0,20973.9,0,0,20951.07,0,0,20951.07,0,0,21088.8,0,0,21181.63,0,0,20951.07,0,0,20951.07,0,0,20951.07,0,0,20951.07,0,0,20973.9,0,0,20951.07,0,0,20951.07,0,0,20951.07,0,0,20973.9,0,0,20996.78,0,0,20996.78,0,0,21088.8,0,0,21158.34,0,0,20973.9,0,0,20973.9,0,0,21042.69,0,0,21042.69,0,0,20973.9,0,0,20973.9,0,0,20951.07,0,0,20951.07,0,0,20951.07,20112.89,2435.76,72654.66,0,0,20951.07,0,0,20973.9,0,0,20951.07,0,0,21228.35,0,0,21042.69,0,0,21322.41,0,0,20973.9
0,0,0,2020-04-06,any_risk_factors,0,0,0,1,0,0,0,0,0,0,0,0,0,0,0,0,0,0,0,0,0,0,0,0,0,0,0,0,0,0,0,0,0,0,0,0,0,0,0,0,0,0,0,0,0,0,0,0,0,0,20970.63,0,0,20970.63,0,0,20993.51,5867.47,148.55,32691.45,0,0,21342.68,0,0,21703.66,0,0,21108.62,0,0,21485.62,0,0,21437.76,0,0,21437.76,0,0,20993.51,0,0,20993.51,0,0,20993.51,0,0,20993.51,0,0,20970.63,0,0,20970.63,0,0,21108.62,0,0,21201.62,0,0,20970.63,0,0,20970.63,0,0,20970.63,0,0,20970.63,0,0,20993.51,0,0,20970.63,0,0,20970.63,0,0,20970.63,0,0,20993.51,0,0,21016.43,0,0,21016.43,0,0,21108.62,0,0,21178.3,0,0,20993.51,0,0,20993.51,0,0,21062.42,0,0,21062.42,0,0,20993.51,0,0,20993.51,0,0,20970.63,0,0,20970.63,0,0,20970.63,0,0,37230.26,0,0,20970.63,0,0,20993.51,0,0,20970.63,0,0,21248.43,0,0,21062.42,0,0,21342.68,0,0,20993.51
0,0,0,2020-04-13,any_risk_factors,0,0,0,0,0,0,0,0,0,0,0,0,0,0,0,0,0,0,0,0,0,0,0,0,0,0,0,0,0,0,0,0,0,0,0,0,0,0,0,0,0,0,0,0,0,0,0,0,0,0,20990.24,0,0,20990.24,0,0,21013.15,0,0,21675.73,0,0,21362.98,0,0,21724.66,0,0,21128.48,0,0,21506.2,0,0,21458.25,0,0,21458.25,0,0,21013.15,0,0,21013.15,0,0,21013.15,0,0,21013.15,0,0,20990.24,0,0,20990.24,0,0,21128.48,0,0,21221.66,0,0,20990.24,0,0,20990.24,0,0,20990.24,0,0,20990.24,0,0,21013.15,0,0,20990.24,0,0,20990.24,0,0,20990.24,0,0,21013.15,0,0,21036.12,0,0,21036.12,0,0,21128.48,0,0,21198.29,0,0,21013.15,0,0,21013.15,0,0,21082.2,0,0,21082.2,0,0,21013.15,0,0,21013.15,0,0,20990.24,0,0,20990.24,0,0,20990.24,0,0,37230.26,0,0,20990.24,0,0,21013.15,0,0,20990.24,0,0,21268.56,0,0,21082.2,0,0,21362.98,0,0,21013.15
0,0,0,2020-04-20,any_risk_factors,0,0,0,0,0,1,0,0,0,0,0,0,0,0,0,0,0,0,0,0,0,0,0,0,0,0,0,0,0,0,0,0,0,0,0,0,0,0,0,0,0,0,0,0,0,0,0,0,0,0,20990.24,0,0,20990.24,0,0,21013.15,0,0,21675.73,0,0,21362.98,5889.23,149.1,32812.69,0,0,21128.48,0,0,21506.2,0,0,21458.25,0,0,21458.25,0,0,21013.15,0,0,21013.15,0,0,21013.15,0,0,21013.15,0,0,20990.24,0,0,20990.24,0,0,21128.48,0,0,21221.66,0,0,20990.24,0,0,20990.24,0,0,20990.24,0,0,20990.24,0,0,21013.15,0,0,20990.24,0,0,20990.24,0,0,20990.24,0,0,21013.15,0,0,21036.12,0,0,21036.12,0,0,21128.48,0,0,21198.29,0,0,21013.15,0,0,21013.15,0,0,21082.2,0,0,21082.2,0,0,21013.15,0,0,21013.15,0,0,20990.24,0,0,20990.24,0,0,20990.24,0,0,37230.26,0,0,20990.24,0,0,21013.15,0,0,20990.24,0,0,21268.56,0,0,21082.2,0,0,21362.98,0,0,21013.15
0,0,0,2020-04-27,any_risk_factors,0,0,0,0,0,0,0,0,0,0,0,0,0,0,0,0,0,0,0,0,0,0,0,0,1,1,0,0,0,0,0,0,0,0,0,0,0,0,0,0,0,0,0,0,0,0,0,0,0,0,20990.24,0,0,20990.24,0,0,21013.15,0,0,21675.73,0,0,21362.98,0,0,21749.2,0,0,21128.48,0,0,21506.2,0,0,21458.25,0,0,21458.25,0,0,21013.15,0,0,21013.15,0,0,21013.15,0,0,21013.15,0,0,20990.24,0,0,20990.24,0,0,21128.48,0,0,21221.66,0,0,20990.24,0,0,20990.24,0,0,20990.24,0,0,20990.24,0,0,21013.15,0,0,20990.24,0,0,20990.24,0,0,20990.24,0,0,21013.15,5702.58,144.38,31772.72,5702.58,144.38,31772.72,0,0,21128.48,0,0,21198.29,0,0,21013.15,0,0,21013.15,0,0,21082.2,0,0,21082.2,0,0,21013.15,0,0,21013.15,0,0,20990.24,0,0,20990.24,0,0,20990.24,0,0,37230.26,0,0,20990.24,0,0,21013.15,0,0,20990.24,0,0,21268.56,0,0,21082.2,0,0,21362.98,0,0,21013.15
0,0,0,2020-05-04,any_risk_factors,0,0,0,0,0,0,0,0,1,1,0,0,0,0,0,0,0,0,0,0,0,0,0,1,0,0,0,0,0,0,0,0,0,0,0,0,0,0,0,1,1,0,0,0,0,0,0,0,0,0,21026.27,0,0,21026.27,0,0,21049.26,0,0,21714.15,0,0,21400.31,0,0,21787.89,0,0,21164.99,0,0,21544.02,5828.15,147.56,32472.36,5828.15,147.56,32472.36,0,0,21049.26,0,0,21049.26,0,0,21049.26,0,0,21049.26,0,0,21026.27,0,0,21026.27,0,0,21164.99,0,0,21255.14,0,0,21026.27,0,0,21026.27,0,0,21026.27,0,0,21026.27,0,0,21049.26,0,0,21026.27,0,0,21026.27,0,0,21026.27,5707.03,144.49,31797.54,0,0,21095.4,0,0,21095.4,0,0,21164.99,0,0,21235.04,0,0,21049.26,0,0,21049.26,0,0,21118.55,0,0,21118.55,0,0,21049.26,0,0,21049.26,0,0,21026.27,0,0,21026.27,0,0,21026.27,0,0,37312.74,0,0,21026.27,5707.03,144.49,31797.54,5699.91,144.31,31757.85,0,0,21305.55,0,0,21118.55,0,0,21400.31,0,0,21049.26
0,0,0,2020-05-11,any_risk_factors,0,0,0,0,1,1,0,1,0,0,0,0,0,0,0,0,0,0,0,0,0,0,0,0,0,0,0,0,0,0,0,0,0,0,0,0,0,1,0,0,1,0,0,0,0,0,0,0,0,0,21115.24,0,0,21115.24,0,0,21138.43,0,0,21809.05,5828.15,147.56,32472.36,5934.2,150.24,33063.25,0,0,21255.14,5871.24,148.65,32712.47,0,0,21613.14,0,0,21613.14,0,0,21138.43,0,0,21138.43,0,0,21138.43,0,0,21138.43,0,0,21115.24,0,0,21115.24,0,0,21255.14,0,0,21325.79,0,0,21115.24,0,0,21115.24,0,0,21115.24,0,0,21115.24,0,0,21138.43,0,0,21115.24,0,0,21115.24,0,0,21115.24,0,0,21138.43,0,0,21184.96,0,0,21184.96,0,0,21255.14,0,0,21325.79,0,0,21138.43,0,0,21138.43,0,0,21208.3,0,0,21208.3,0,0,21138.43,0,0,21138.43,0,0,21115.24,0,0,21115.24,0,0,21115.24,10171.26,257.51,56670.64,0,0,21115.24,0,0,21138.43,5724.02,144.92,31892.22,0,0,21396.91,0,0,21208.3,0,0,21492.47,0,0,21138.43
0,0,0,2020-05-18,any_risk_factors,0,0,0,1,1,1,1,1,1,1,0,0,0,0,0,0,1,1,0,0,0,0,0,0,0,0,0,0,0,0,0,0,0,0,0,0,0,4,0,0,0,1,0,1,0,0,0,0,0,0,21188.29,0,0,21188.29,0,0,21211.64,5939.02,150.36,33090.13,5859,148.34,32644.25,5966.19,151.05,33241.47,5787.51,146.53,32245.96,5898.74,149.34,32865.68,5882.59,148.93,32775.69,5882.59,148.93,32775.69,0,0,21211.64,0,0,21211.64,0,0,21211.64,0,0,21211.64,0,0,21188.29,0,0,21188.29,5782.93,146.41,32220.44,5802.22,146.9,32327.92,0,0,21188.29,0,0,21188.29,0,0,21188.29,0,0,21188.29,0,0,21211.64,0,0,21188.29,0,0,21188.29,0,0,21188.29,0,0,21211.64,0,0,21258.49,0,0,21258.49,0,0,21329.16,0,0,21400.31,0,0,21211.64,0,0,21211.64,0,0,21282,0,0,21282,0,0,21211.64,0,0,21211.64,0,0,21188.29,0,0,21188.29,0,0,21188.29,41027.8,11178.69,105047.47,0,0,21188.29,0,0,21211.64,0,0,21188.29,5826.29,147.51,32462,0,0,21282,5852.43,148.17,32607.64,0,0,21211.64
0,0,0,2020-05-25,any_risk_factors,0,0,0,0,0,0,0,0,1,1,0,0,0,0,0,0,0,0,0,0,0,0,0,0,0,0,0,0,0,0,1,1,0,0,0,0,0,2,0,0,0,0,1,1,0,0,0,0,0,0,21235.04,0,0,21235.04,0,0,21258.49,0,0,21961.91,0,0,21665.27,0,0,22062.6,0,0,21400.31,0,0,21812.58,5904.46,149.49,32897.55,5904.46,149.49,32897.55,0,0,21258.49,0,0,21258.49,0,0,21258.49,0,0,21258.49,0,0,21235.04,0,0,21235.04,0,0,21400.31,0,0,21471.92,0,0,21235.04,0,0,21235.04,0,0,21235.04,0,0,21235.04,0,0,21258.49,0,0,21235.04,0,0,21235.04,0,0,21235.04,0,0,21258.49,0,0,21305.55,0,0,21305.55,0,0,21376.54,0,0,21448,0,0,21258.49,0,0,21258.49,5786.6,146.5,32240.85,5786.6,146.5,32240.85,0,0,21258.49,0,0,21258.49,0,0,21235.04,0,0,21235.04,0,0,21235.04,20658.94,2501.89,74627.18,0,0,21235.04,0,0,21258.49,0,0,21235.04,0,0,21544.02,5786.6,146.5,32240.85,5871.24,148.65,32712.47,0,0,21258.49
0,0,0,2020-06-01,any_risk_factors,0,0,0,0,0,0,0,0,0,0,0,0,0,0,0,0,0,0,0,0,0,0,0,0,1,1,0,0,0,0,0,0,0,0,0,0,0,0,0,0,0,0,0,0,0,0,0,0,0,0,21245.08,0,0,21245.08,0,0,21268.56,0,0,21972.66,0,0,21675.73,0,0,22073.45,0,0,21410.51,0,0,21823.18,0,0,21798.47,0,0,21798.47,0,0,21268.56,0,0,21268.56,0,0,21268.56,0,0,21268.56,0,0,21245.08,0,0,21245.08,0,0,21410.51,0,0,21482.19,0,0,21245.08,0,0,21245.08,0,0,21245.08,0,0,21245.08,0,0,21268.56,0,0,21245.08,0,0,21245.08,0,0,21245.08,0,0,21268.56,5780.19,146.34,32205.14,5780.19,146.34,32205.14,0,0,21386.72,0,0,21458.25,0,0,21268.56,0,0,21268.56,0,0,21362.98,0,0,21362.98,0,0,21268.56,0,0,21268.56,0,0,21245.08,0,0,21245.08,0,0,21245.08,0,0,38190.57,0,0,21245.08,0,0,21268.56,0,0,21245.08,0,0,21554.36,0,0,21362.98,0,0,21675.73,0,0,21268.56
0,0,0,2020-06-08,any_risk_factors,0,0,0,0,0,1,0,0,0,0,0,0,0,0,0,0,0,1,0,0,0,0,0,0,0,0,0,0,0,0,1,1,0,0,0,0,0,1,0,0,0,0,1,1,0,0,0,0,0,0,21245.08,0,0,21245.08,0,0,21268.56,0,0,21972.66,0,0,21675.73,5989.67,151.65,33372.3,0,0,21410.51,0,0,21823.18,0,0,21798.47,0,0,21798.47,0,0,21268.56,0,0,21268.56,0,0,21268.56,0,0,21268.56,0,0,21245.08,0,0,21245.08,0,0,21410.51,5829.08,147.58,32477.54,0,0,21245.08,0,0,21245.08,0,0,21245.08,0,0,21245.08,0,0,21268.56,0,0,21245.08,0,0,21245.08,0,0,21245.08,0,0,21268.56,0,0,21339.3,0,0,21339.3,0,0,21386.72,0,0,21458.25,0,0,21268.56,0,0,21268.56,5793.94,146.69,32281.77,5793.94,146.69,32281.77,0,0,21268.56,0,0,21268.56,0,0,21245.08,0,0,21245.08,0,0,21245.08,10367.58,262.48,57764.48,0,0,21245.08,0,0,21268.56,0,0,21245.08,0,0,21554.36,5793.94,146.69,32281.77,5878.8,148.84,32754.59,0,0,21268.56
0,0,0,2020-06-15,any_risk_factors,0,0,0,0,0,1,0,0,0,0,0,0,0,0,0,0,0,0,0,0,0,0,0,0,0,0,0,0,0,0,0,0,0,0,0,0,0,2,0,0,0,0,0,0,0,1,1,0,0,0,21245.08,0,0,21245.08,0,0,21268.56,0,0,21972.66,0,0,21675.73,5991.63,151.7,33383.25,0,0,21410.51,0,0,21823.18,0,0,21798.47,0,0,21798.47,0,0,21268.56,0,0,21268.56,0,0,21268.56,0,0,21268.56,0,0,21245.08,0,0,21245.08,0,0,21410.51,0,0,21506.2,5761.04,145.86,32098.47,5761.04,145.86,32098.47,0,0,21245.08,0,0,21245.08,0,0,21268.56,0,0,21245.08,0,0,21245.08,0,0,21245.08,0,0,21268.56,0,0,21339.3,0,0,21339.3,0,0,21386.72,0,0,21458.25,0,0,21268.56,0,0,21268.56,0,0,21386.72,0,0,21386.72,0,0,21268.56,0,0,21268.56,0,0,21245.08,0,0,21245.08,0,0,21245.08,20794.19,2518.27,75115.77,0,0,21245.08,0,0,21268.56,0,0,21245.08,0,0,21554.36,0,0,21386.72,0,0,21700.16,0,0,21268.56
0,0,0,2020-06-22,any_risk_factors,0,0,0,1,1,1,0,1,1,1,0,0,0,0,0,0,0,0,0,0,0,0,0,0,0,0,0,0,0,0,0,0,0,0,0,0,0,0,0,0,0,0,0,0,0,1,1,0,0,0,21285.36,0,0,21285.36,0,0,21308.92,5968.14,151.1,33252.33,5887.33,149.05,32802.11,6004.44,152.02,33454.59,0,0,21451.41,5933.24,150.22,33057.87,5920.73,149.9,32988.21,5920.73,149.9,32988.21,0,0,21308.92,0,0,21308.92,0,0,21308.92,0,0,21308.92,0,0,21285.36,0,0,21285.36,0,0,21451.41,0,0,21547.47,5782.93,146.41,32220.44,5782.93,146.41,32220.44,0,0,21285.36,0,0,21285.36,0,0,21308.92,0,0,21285.36,0,0,21285.36,0,0,21285.36,0,0,21308.92,0,0,21379.93,0,0,21379.93,0,0,21427.53,0,0,21499.33,0,0,21308.92,0,0,21308.92,0,0,21427.53,0,0,21427.53,0,0,21308.92,0,0,21308.92,0,0,21285.36,0,0,21285.36,0,0,21285.36,0,0,38441.18,0,0,21285.36,0,0,21308.92,0,0,21285.36,0,0,21595.82,0,0,21427.53,0,0,21742.19,0,0,21308.92
0,0,0,2020-06-29,any_risk_factors,0,0,0,0,0,0,0,0,0,0,0,0,0,0,0,0,0,0,0,0,0,0,0,0,0,0,0,0,0,0,0,0,0,0,0,0,0,0,0,0,0,0,0,0,0,0,0,0,0,0,21349.44,0,0,21349.44,0,0,21373.15,0,0,22109.67,0,0,21809.05,0,0,22237.39,0,0,21516.5,0,0,21958.33,0,0,21933.31,0,0,21933.31,0,0,21373.15,0,0,21373.15,0,0,21373.15,0,0,21373.15,0,0,21349.44,0,0,21349.44,0,0,21516.5,0,0,21613.14,0,0,21396.91,0,0,21396.91,0,0,21349.44,0,0,21349.44,0,0,21373.15,0,0,21349.44,0,0,21349.44,0,0,21349.44,0,0,21373.15,0,0,21444.58,0,0,21444.58,0,0,21492.47,0,0,21564.71,0,0,21373.15,0,0,21373.15,0,0,21492.47,0,0,21492.47,0,0,21373.15,0,0,21373.15,0,0,21349.44,0,0,21349.44,0,0,21349.44,0,0,38562.2,0,0,21349.44,0,0,21373.15,0,0,21349.44,0,0,21661.79,0,0,21492.47,0,0,21809.05,0,0,21373.15
0,0,0,2020-07-06,any_risk_factors,0,0,0,0,0,0,0,0,0,0,0,0,0,0,0,0,0,0,0,0,0,0,0,0,0,0,0,0,0,0,0,0,0,0,0,0,0,0,0,0,0,0,0,0,0,0,0,0,0,0,21400.31,0,0,21400.31,0,0,21424.12,0,0,22164.22,0,0,21862.13,0,0,22292.57,0,0,21568.16,0,0,22012.14,0,0,21987,0,0,21987,0,0,21424.12,0,0,21424.12,0,0,21424.12,0,0,21424.12,0,0,21400.31,0,0,21400.31,0,0,21568.16,0,0,21665.27,0,0,21448,0,0,21448,0,0,21400.31,0,0,21400.31,0,0,21424.12,0,0,21400.31,0,0,21400.31,0,0,21400.31,0,0,21424.12,0,0,21495.9,0,0,21495.9,0,0,21544.02,0,0,21616.61,0,0,21424.12,0,0,21424.12,0,0,21544.02,0,0,21544.02,0,0,21424.12,0,0,21424.12,0,0,21400.31,0,0,21400.31,0,0,21400.31,0,0,38650.69,0,0,21400.31,0,0,21424.12,0,0,21400.31,0,0,21714.15,0,0,21544.02,0,0,21862.13,0,0,21424.12
0,0,0,2020-07-13,any_risk_factors,0,0,0,0,0,0,0,1,0,0,0,0,0,0,0,0,1,1,0,0,0,0,0,0,0,0,0,0,0,0,0,0,0,0,0,0,0,0,0,0,0,0,0,0,0,0,0,0,0,0,21441.17,0,0,21441.17,0,0,21465.08,0,0,22208.06,0,0,21904.78,0,0,22318.42,0,0,21609.67,5979.86,151.4,33317.66,0,0,22030.14,0,0,22030.14,0,0,21465.08,0,0,21465.08,0,0,21465.08,0,0,21465.08,0,0,21441.17,0,0,21441.17,5859,148.34,32644.25,5885.43,149.01,32791.54,0,0,21471.92,0,0,21471.92,0,0,21441.17,0,0,21441.17,0,0,21465.08,0,0,21441.17,0,0,21441.17,0,0,21441.17,0,0,21465.08,0,0,21519.94,0,0,21519.94,0,0,21585.44,0,0,21658.31,0,0,21465.08,0,0,21465.08,0,0,21585.44,0,0,21585.44,0,0,21465.08,0,0,21465.08,0,0,21441.17,0,0,21441.17,0,0,21441.17,0,0,38695.1,0,0,21441.17,0,0,21465.08,0,0,21441.17,0,0,21756.23,0,0,21585.44,0,0,21904.78,0,0,21465.08
0,0,0,2020-07-20,any_risk_factors,0,0,0,1,0,0,0,0,0,0,0,0,0,0,0,0,0,0,0,0,0,0,0,0,0,0,0,0,0,0,0,0,0,0,0,0,0,0,0,0,0,0,0,0,0,0,0,0,0,0,21482.19,0,0,21482.19,0,0,21506.2,6034.2,152.77,33620.4,0,0,21947.6,0,0,22355.45,0,0,21651.35,0,0,22098.79,0,0,22073.45,0,0,22073.45,0,0,21506.2,0,0,21506.2,0,0,21506.2,0,0,21506.2,0,0,21482.19,0,0,21482.19,0,0,21675.73,0,0,21773.81,0,0,21482.19,0,0,21482.19,0,0,21482.19,0,0,21482.19,0,0,21506.2,0,0,21482.19,0,0,21482.19,0,0,21482.19,0,0,21506.2,0,0,21554.36,0,0,21554.36,0,0,21627.02,0,0,21700.16,0,0,21506.2,0,0,21506.2,0,0,21627.02,0,0,21627.02,0,0,21506.2,0,0,21506.2,0,0,21482.19,0,0,21482.19,0,0,21482.19,0,0,38728.46,0,0,21482.19,0,0,21506.2,0,0,21482.19,0,0,21798.47,0,0,21627.02,0,0,21947.6,0,0,21506.2
0,0,0,2020-07-27,any_risk_factors,0,0,0,0,0,0,0,0,0,0,0,0,0,0,0,0,0,1,0,0,0,0,0,0,0,0,0,0,0,0,0,0,0,0,0,0,0,0,0,0,1,0,0,0,0,0,0,0,0,0,21499.33,0,0,21499.33,0,0,21523.37,0,0,22296.26,0,0,21965.49,0,0,22374.02,0,0,21668.76,0,0,22116.93,0,0,22091.54,0,0,22091.54,0,0,21523.37,0,0,21523.37,0,0,21523.37,0,0,21523.37,0,0,21499.33,0,0,21499.33,0,0,21693.18,5911.15,149.66,32934.82,0,0,21499.33,0,0,21499.33,0,0,21499.33,0,0,21499.33,0,0,21523.37,0,0,21499.33,0,0,21499.33,0,0,21499.33,0,0,21523.37,0,0,21571.62,0,0,21571.62,0,0,21644.39,0,0,21717.65,0,0,21523.37,0,0,21523.37,0,0,21644.39,0,0,21644.39,0,0,21523.37,0,0,21523.37,0,0,21499.33,0,0,21499.33,0,0,21499.33,0,0,38784.2,0,0,21499.33,0,0,21523.37,5828.15,147.56,32472.36,0,0,21816.11,0,0,21644.39,0,0,21965.49,0,0,21523.37
0,0,0,2020-08-03,any_risk_factors,0,0,0,0,1,1,0,0,0,0,0,0,0,0,0,0,2,2,0,0,0,0,0,0,0,0,0,0,0,0,0,0,0,0,0,0,0,0,0,0,0,0,0,0,0,0,0,0,0,0,21506.2,0,0,21506.2,0,0,21530.25,0,0,22303.65,5961.32,150.93,33214.34,6072.32,153.74,33832.8,0,0,21675.73,0,0,22124.19,0,0,22098.79,0,0,22098.79,0,0,21530.25,0,0,21530.25,0,0,21530.25,0,0,21530.25,0,0,21506.2,0,0,21506.2,11784.16,1427.12,42568.43,11851.07,1435.22,42810.14,0,0,21506.2,0,0,21506.2,0,0,21506.2,0,0,21506.2,0,0,21530.25,0,0,21506.2,0,0,21506.2,0,0,21506.2,0,0,21530.25,0,0,21578.53,0,0,21578.53,0,0,21651.35,0,0,21724.66,0,0,21530.25,0,0,21530.25,0,0,21651.35,0,0,21651.35,0,0,21530.25,0,0,21530.25,0,0,21506.2,0,0,21506.2,0,0,21506.2,0,0,38806.54,0,0,21506.2,0,0,21530.25,0,0,21506.2,0,0,21823.18,0,0,21651.35,0,0,21972.66,0,0,21530.25
0,0,0,2020-08-10,any_risk_factors,0,0,0,0,0,0,0,0,0,0,0,0,0,0,0,0,0,0,0,0,0,0,0,0,0,0,0,0,0,0,0,0,0,0,0,0,0,0,0,0,0,0,0,0,0,1,1,0,0,0,21506.2,0,0,21506.2,0,0,21530.25,0,0,22303.65,0,0,21997.77,0,0,22407.5,0,0,21675.73,0,0,22124.19,0,0,22098.79,0,0,22098.79,0,0,21530.25,0,0,21530.25,0,0,21530.25,0,0,21530.25,0,0,21506.2,0,0,21506.2,0,0,21749.2,0,0,21872.78,5833.73,147.7,32503.48,5833.73,147.7,32503.48,0,0,21506.2,0,0,21506.2,0,0,21530.25,0,0,21506.2,0,0,21506.2,0,0,21506.2,0,0,21530.25,0,0,21578.53,0,0,21578.53,0,0,21651.35,0,0,21724.66,0,0,21530.25,0,0,21530.25,0,0,21651.35,0,0,21651.35,0,0,21530.25,0,0,21530.25,0,0,21506.2,0,0,21506.2,0,0,21506.2,0,0,38806.54,0,0,21506.2,0,0,21530.25,0,0,21506.2,0,0,21823.18,0,0,21651.35,0,0,21972.66,0,0,21530.25
0,0,0,2020-08-17,any_risk_factors,0,0,0,0,1,1,1,1,1,1,0,0,0,0,1,1,0,0,0,0,1,0,0,0,0,0,0,0,0,0,1,1,0,0,0,0,0,1,0,0,0,1,1,2,0,0,0,0,0,0,21513.06,0,0,21513.06,0,0,21537.14,0,0,22311.03,5970.09,151.15,33263.2,6081.42,153.97,33883.5,5881.64,148.91,32770.41,6003.45,151.99,33449.09,5997.54,151.84,33416.14,5997.54,151.84,33416.14,0,0,21537.14,0,0,21537.14,0,0,21537.14,0,0,21537.14,5831.87,147.65,32493.1,5831.87,147.65,32493.1,0,0,21756.23,0,0,21879.88,0,0,21537.14,0,0,21537.14,0,0,21513.06,0,0,21513.06,5838.4,147.82,32529.46,0,0,21513.06,0,0,21513.06,0,0,21513.06,0,0,21537.14,0,0,21585.44,0,0,21585.44,0,0,21658.31,0,0,21731.66,0,0,21537.14,0,0,21537.14,5875.97,148.77,32738.78,5875.97,148.77,32738.78,0,0,21537.14,0,0,21537.14,0,0,21513.06,0,0,21513.06,0,0,21513.06,10522.9,266.42,58629.87,0,0,21513.06,0,0,21537.14,0,0,21513.06,5921.69,149.92,32993.56,5875.97,148.77,32738.78,11934.32,1445.3,43110.88,0,0,21537.14
0,0,0,2020-08-24,any_risk_factors,0,0,0,0,0,0,0,0,0,0,0,0,0,0,0,0,1,0,0,0,0,0,0,0,0,0,0,0,0,0,0,0,0,0,0,0,0,0,0,0,0,0,0,0,0,0,0,0,0,0,21564.71,0,0,21564.71,0,0,21588.9,0,0,22366.59,0,0,22084.3,0,0,22497.3,0,0,21759.74,0,0,22211.72,0,0,22186.12,0,0,22186.12,0,0,21588.9,0,0,21588.9,0,0,21588.9,0,0,21588.9,0,0,21588.9,0,0,21588.9,5916.9,149.8,32966.84,0,0,21933.31,0,0,21588.9,0,0,21588.9,0,0,21564.71,0,0,21564.71,0,0,21613.14,0,0,21564.71,0,0,21564.71,0,0,21564.71,0,0,21588.9,0,0,21637.44,0,0,21637.44,0,0,21710.65,0,0,21784.37,0,0,21588.9,0,0,21588.9,0,0,21735.17,0,0,21735.17,0,0,21588.9,0,0,21588.9,0,0,21564.71,0,0,21564.71,0,0,21564.71,0,0,38884.94,0,0,21564.71,0,0,21588.9,0,0,21564.71,0,0,21908.35,0,0,21735.17,0,0,22084.3,0,0,21588.9
0,0,0,2020-08-31,any_risk_factors,0,0,0,0,0,0,0,0,0,0,0,0,0,0,0,0,0,0,0,0,0,0,0,0,0,0,0,0,0,0,0,0,0,0,0,0,0,0,0,0,0,0,0,0,0,1,1,0,0,0,21588.9,0,0,21588.9,0,0,21613.14,0,0,22392.61,0,0,22109.67,0,0,22523.62,0,0,21784.37,0,0,22237.39,0,0,22211.72,0,0,22211.72,0,0,21613.14,0,0,21613.14,0,0,21613.14,0,0,21613.14,0,0,21613.14,0,0,21613.14,0,0,21858.59,0,0,21958.33,5863.7,148.46,32670.46,5863.7,148.46,32670.46,0,0,21588.9,0,0,21588.9,0,0,21637.44,0,0,21588.9,0,0,21588.9,0,0,21588.9,0,0,21613.14,0,0,21661.79,0,0,21661.79,0,0,21735.17,0,0,21809.05,0,0,21613.14,0,0,21613.14,0,0,21759.74,0,0,21759.74,0,0,21613.14,0,0,21613.14,0,0,21588.9,0,0,21588.9,0,0,21588.9,0,0,38918.64,0,0,21588.9,0,0,21613.14,0,0,21588.9,0,0,21933.31,0,0,21759.74,0,0,22109.67,0,0,21613.14
0,0,0,2020-09-07,any_risk_factors,0,0,0,0,0,0,0,0,0,0,0,0,0,0,0,0,0,0,0,0,0,0,0,0,0,0,0,0,0,0,0,0,0,0,0,0,0,0,0,0,1,0,0,0,0,0,0,0,0,0,21633.96,0,0,21633.96,0,0,21658.31,0,0,22441.09,0,0,22156.94,0,0,22572.68,0,0,21830.25,0,0,22285.2,0,0,22259.43,0,0,22259.43,0,0,21658.31,0,0,21658.31,0,0,21658.31,0,0,21658.31,0,0,21647.87,0,0,21647.87,0,0,21904.78,0,0,22004.95,0,0,21675.73,0,0,21675.73,0,0,21633.96,0,0,21633.96,0,0,21672.24,0,0,21633.96,0,0,21633.96,0,0,21633.96,0,0,21658.31,0,0,21707.16,0,0,21707.16,0,0,21780.85,0,0,21855.04,0,0,21658.31,0,0,21658.31,0,0,21805.52,0,0,21805.52,0,0,21658.31,0,0,21658.31,0,0,21633.96,0,0,21633.96,0,0,21633.96,0,0,39065.33,0,0,21633.96,0,0,21658.31,5864.64,148.48,32675.7,0,0,21979.82,0,0,21805.52,0,0,22156.94,0,0,21658.31
0,0,0,2020-09-14,any_risk_factors,0,0,0,0,1,1,1,1,0,0,0,0,0,0,0,0,0,0,0,0,0,0,0,0,0,0,0,0,0,0,0,0,0,0,0,0,0,1,0,0,0,1,0,1,0,0,0,0,0,0,21651.35,0,0,21651.35,0,0,21675.73,0,0,22459.8,6016.31,152.32,33520.72,6129.38,155.18,34150.74,5927.46,150.07,33025.69,6051.19,153.2,33715.09,0,0,22277.83,0,0,22277.83,0,0,21675.73,0,0,21675.73,0,0,21675.73,0,0,21675.73,0,0,21651.35,0,0,21651.35,0,0,21922.6,0,0,22022.94,0,0,21675.73,0,0,21675.73,0,0,21651.35,0,0,21651.35,0,0,21675.73,0,0,21651.35,0,0,21651.35,0,0,21651.35,0,0,21675.73,0,0,21724.66,0,0,21724.66,0,0,21798.47,0,0,21872.78,0,0,21675.73,0,0,21675.73,0,0,21823.18,0,0,21823.18,0,0,21675.73,0,0,21675.73,0,0,21651.35,0,0,21651.35,0,0,21651.35,10614.65,268.74,59141.03,0,0,21651.35,0,0,21675.73,0,0,21651.35,5968.14,151.1,33252.33,0,0,21823.18,6016.31,152.32,33520.72,0,0,21675.73
0,0,0,2020-09-21,any_risk_factors,0,0,0,0,0,0,0,0,0,0,0,0,0,0,0,0,0,0,0,0,0,0,0,0,0,0,0,0,0,0,0,0,0,0,0,0,0,3,0,0,0,0,0,0,0,0,0,0,0,0,21668.76,0,0,21668.76,0,0,21693.18,0,0,22478.53,0,0,22219.05,0,0,22637.15,0,0,21890.55,0,0,22348.04,0,0,22296.26,0,0,22296.26,0,0,21693.18,0,0,21693.18,0,0,21693.18,0,0,21693.18,0,0,21668.76,0,0,21668.76,0,0,21940.45,0,0,22040.95,0,0,21693.18,0,0,21693.18,0,0,21668.76,0,0,21668.76,0,0,21693.18,0,0,21668.76,0,0,21668.76,0,0,21668.76,0,0,21693.18,0,0,21742.19,0,0,21742.19,0,0,21816.11,0,0,21890.55,0,0,21693.18,0,0,21693.18,0,0,21840.87,0,0,21840.87,0,0,21693.18,0,0,21693.18,0,0,21668.76,0,0,21668.76,0,0,21668.76,31992.7,6597.66,93496.25,0,0,21668.76,0,0,21693.18,0,0,21668.76,0,0,22040.95,0,0,21840.87,0,0,22219.05,0,0,21693.18
0,0,0,2020-09-28,any_risk_factors,0,0,0,0,0,0,0,0,0,0,0,0,0,0,0,0,0,0,0,0,0,0,0,0,0,0,0,0,0,0,0,0,0,0,0,0,0,0,0,0,1,0,0,0,0,0,0,0,0,0,21742.19,0,0,21742.19,0,0,21766.77,0,0,22557.56,0,0,22296.26,0,0,22717.3,0,0,21965.49,0,0,22426.15,0,0,22374.02,0,0,22374.02,0,0,21766.77,0,0,21766.77,0,0,21766.77,0,0,21766.77,0,0,21742.19,0,0,21742.19,0,0,22015.74,0,0,22116.93,0,0,21756.23,0,0,21756.23,0,0,21742.19,0,0,21742.19,0,0,21766.77,0,0,21742.19,0,0,21742.19,0,0,21742.19,0,0,21766.77,0,0,21816.11,0,0,21816.11,0,0,21890.55,0,0,21965.49,0,0,21766.77,0,0,21766.77,0,0,21915.47,0,0,21915.47,0,0,21766.77,0,0,21766.77,0,0,21742.19,0,0,21742.19,0,0,21742.19,0,0,39605.03,0,0,21742.19,0,0,21766.77,5893.98,149.22,32839.16,0,0,22116.93,0,0,21915.47,0,0,22296.26,0,0,21766.77
0,0,0,2020-10-05,any_risk_factors,0,0,0,1,0,0,0,0,1,1,0,0,0,0,0,0,0,0,0,0,0,0,0,0,0,0,0,0,0,0,0,0,0,0,0,0,0,2,0,0,1,0,0,0,0,0,0,0,0,0,21770.29,0,0,21770.29,0,0,21794.94,6126.3,155.1,34133.56,0,0,22325.82,0,0,22732.63,0,0,21994.18,0,0,22456.05,6076.36,153.84,33855.31,6076.36,153.84,33855.31,0,0,21794.94,0,0,21794.94,0,0,21794.94,0,0,21794.94,0,0,21770.29,0,0,21770.29,0,0,22044.56,0,0,22146.01,0,0,21770.29,0,0,21770.29,0,0,21770.29,0,0,21770.29,0,0,21794.94,0,0,21770.29,0,0,21770.29,0,0,21770.29,0,0,21794.94,0,0,21844.41,0,0,21844.41,0,0,21919.04,0,0,21994.18,0,0,21794.94,0,0,21794.94,0,0,21944.03,0,0,21944.03,0,0,21794.94,0,0,21794.94,0,0,21770.29,0,0,21770.29,0,0,21770.29,21497.94,2603.5,77657.95,0,0,21770.29,0,0,21794.94,5901.6,149.42,32881.61,0,0,22146.01,0,0,21944.03,0,0,22325.82,0,0,21794.94
0,0,0,2020-10-12,any_risk_factors,0,0,0,0,1,1,0,0,0,0,0,0,0,0,0,0,0,0,0,1,1,0,0,0,0,0,0,0,0,0,0,0,0,0,0,0,0,2,0,0,2,0,0,0,0,0,0,0,0,0,21823.18,0,0,21823.18,0,0,21847.95,0,0,22671.43,6071.31,153.71,33827.17,6179.16,156.44,34428.06,0,0,22048.16,0,0,22512.33,0,0,22486.04,0,0,22486.04,0,0,21847.95,0,0,21847.95,0,0,21847.95,0,0,21847.95,0,0,21823.18,0,0,21823.18,0,0,22098.79,0,0,22200.75,0,0,21823.18,0,0,21823.18,0,0,21823.18,5919.77,149.88,32982.86,5926.5,150.05,33020.33,0,0,21823.18,0,0,21823.18,0,0,21823.18,0,0,21847.95,0,0,21897.66,0,0,21897.66,0,0,21972.66,0,0,22048.16,0,0,21847.95,0,0,21847.95,0,0,21997.77,0,0,21997.77,0,0,21847.95,0,0,21847.95,0,0,21823.18,0,0,21823.18,0,0,21823.18,21606.03,2616.59,78048.42,0,0,21823.18,0,0,21847.95,11831.88,1432.9,42740.8,0,0,22200.75,0,0,21997.77,0,0,22381.45,0,0,21847.95
0,0,0,2020-10-19,any_risk_factors,0,0,0,0,0,0,0,0,0,0,0,0,0,0,0,0,0,0,0,0,0,0,0,0,0,0,0,0,0,0,0,0,0,0,0,0,0,4,0,0,0,0,0,0,0,0,0,0,0,0,21872.78,0,0,21872.78,0,0,21897.66,0,0,22724.97,0,0,22459.8,0,0,22859.91,0,0,22098.79,0,0,22565.12,0,0,22538.7,0,0,22538.7,0,0,21897.66,0,0,21897.66,0,0,21897.66,0,0,21897.66,0,0,21872.78,0,0,21872.78,0,0,22149.65,0,0,22252.08,0,0,21872.78,0,0,21872.78,0,0,21872.78,0,0,21897.66,0,0,21922.6,0,0,21872.78,0,0,21872.78,0,0,21872.78,0,0,21897.66,0,0,21947.6,0,0,21947.6,0,0,22022.94,0,0,22098.79,0,0,21897.66,0,0,21897.66,0,0,22048.16,0,0,22048.16,0,0,21897.66,0,0,21897.66,0,0,21872.78,0,0,21872.78,0,0,21872.78,43611.94,11882.79,111663.89,0,0,21872.78,0,0,21897.66,0,0,21872.78,0,0,22252.08,0,0,22048.16,0,0,22433.62,0,0,21897.66
0,0,0,2020-10-26,any_risk_factors,0,0,0,0,0,0,0,0,0,0,0,0,0,0,0,0,0,0,0,0,0,0,0,0,0,0,0,0,0,0,0,0,0,0,0,0,0,1,0,0,0,0,0,0,0,0,0,0,0,0,21894.1,0,0,21894.1,0,0,21919.04,0,0,22747.99,0,0,22482.28,0,0,22883.21,0,0,22120.56,0,0,22587.82,0,0,22561.34,0,0,22561.34,0,0,21919.04,0,0,21919.04,0,0,21919.04,0,0,21919.04,0,0,21894.1,0,0,21894.1,0,0,22171.52,0,0,22274.15,0,0,21894.1,0,0,21894.1,0,0,21894.1,0,0,21919.04,0,0,21944.03,0,0,21894.1,0,0,21894.1,0,0,21894.1,0,0,21919.04,0,0,21969.07,0,0,21969.07,0,0,22044.56,0,0,22120.56,0,0,21919.04,0,0,21919.04,0,0,22069.83,0,0,22069.83,0,0,21919.04,0,0,21919.04,0,0,21894.1,0,0,21894.1,0,0,21894.1,10938.9,276.95,60947.67,0,0,21894.1,0,0,21919.04,0,0,21894.1,0,0,22274.15,0,0,22069.83,0,0,22456.05,0,0,21919.04
0,0,0,2020-11-02,any_risk_factors,0,0,0,0,0,0,0,0,0,0,0,0,0,0,0,0,0,0,0,0,0,0,0,0,0,0,0,0,0,0,0,0,0,0,0,0,0,5,0,0,1,0,0,0,0,0,0,0,0,0,21929.74,0,0,21929.74,0,0,21954.75,0,0,22786.46,0,0,22519.86,0,0,22922.14,0,0,22156.94,0,0,22625.75,0,0,22599.18,0,0,22599.18,0,0,21954.75,0,0,21954.75,0,0,21954.75,0,0,21954.75,0,0,21929.74,0,0,21929.74,0,0,22208.06,0,0,22311.03,0,0,21929.74,0,0,21929.74,0,0,21929.74,0,0,21954.75,0,0,21979.82,0,0,21929.74,0,0,21929.74,0,0,21929.74,0,0,21954.75,0,0,22004.95,0,0,22004.95,0,0,22080.68,0,0,22156.94,0,0,21954.75,0,0,21954.75,0,0,22106.04,0,0,22106.04,0,0,21954.75,0,0,21954.75,0,0,21929.74,0,0,21929.74,0,0,21929.74,55024.1,17866.18,128407.9,0,0,21929.74,0,0,21954.75,5944.82,150.51,33122.44,0,0,22311.03,0,0,22106.04,0,0,22493.54,0,0,21954.75
0,0,0,2020-11-09,any_risk_factors,0,0,0,0,1,1,0,0,1,1,0,0,0,0,0,0,0,0,0,0,0,0,0,0,0,0,0,0,0,0,0,0,0,0,0,0,0,6,0,0,0,0,0,0,0,0,0,1,0,0,21990.59,0,0,21990.59,0,0,22015.74,0,0,22852.16,6123.22,155.03,34116.39,6232.94,157.8,34727.69,0,0,22219.05,0,0,22690.52,6144.85,155.57,34236.92,6144.85,155.57,34236.92,0,0,22015.74,0,0,22015.74,0,0,22015.74,0,0,22015.74,0,0,21990.59,0,0,21990.59,0,0,22270.47,0,0,22374.02,0,0,21990.59,0,0,21990.59,0,0,21990.59,0,0,22015.74,0,0,22040.95,5963.27,150.98,33225.19,0,0,21990.59,0,0,21990.59,0,0,22015.74,0,0,22066.22,0,0,22066.22,0,0,22142.37,0,0,22219.05,0,0,22015.74,0,0,22015.74,0,0,22167.87,0,0,22167.87,0,0,22015.74,0,0,22015.74,0,0,21990.59,0,0,21990.59,0,0,21990.59,67100.43,24624.67,146049.38,0,0,21990.59,0,0,22015.74,0,0,21990.59,0,0,22374.02,0,0,22167.87,0,0,22557.56,0,0,22015.74
0,0,0,2020-11-16,any_risk_factors,0,0,0,0,0,0,0,0,0,0,0,0,0,0,0,0,0,0,0,0,0,0,0,0,0,0,0,0,0,0,0,0,0,0,0,0,0,10,0,0,0,0,0,0,0,0,0,0,0,0,22040.95,0,0,22040.95,0,0,22066.22,0,0,22906.55,0,0,22663.81,0,0,23071.29,0,0,22270.47,0,0,22744.15,0,0,22744.15,0,0,22744.15,0,0,22066.22,0,0,22066.22,0,0,22066.22,0,0,22066.22,0,0,22040.95,0,0,22040.95,0,0,22322.12,0,0,22426.15,0,0,22040.95,0,0,22040.95,0,0,22040.95,0,0,22066.22,0,0,22091.54,0,0,22066.22,0,0,22040.95,0,0,22040.95,0,0,22066.22,0,0,22116.93,0,0,22116.93,0,0,22193.43,0,0,22270.47,0,0,22066.22,0,0,22066.22,0,0,22219.05,0,0,22219.05,0,0,22066.22,0,0,22066.22,0,0,22040.95,0,0,22040.95,0,0,22040.95,113820.5,54581.36,209319.96,0,0,22040.95,0,0,22066.22,0,0,22040.95,0,0,22426.15,0,0,22219.05,0,0,22610.56,0,0,22066.22
0,0,0,2020-11-23,any_risk_factors,0,0,0,0,0,0,0,1,0,0,0,0,0,0,0,0,0,0,0,0,0,0,0,0,0,0,0,0,0,0,0,0,0,0,0,0,0,5,0,0,0,0,0,0,0,0,0,0,0,0,22098.79,0,0,22098.79,0,0,22124.19,0,0,22969.03,0,0,22724.97,0,0,23134.67,0,0,22329.52,6187.53,156.65,34474.72,0,0,22805.74,0,0,22805.74,0,0,22124.19,0,0,22124.19,0,0,22124.19,0,0,22124.19,0,0,22098.79,0,0,22098.79,0,0,22381.45,0,0,22486.04,0,0,22098.79,0,0,22098.79,0,0,22098.79,0,0,22124.19,0,0,22149.65,0,0,22124.19,0,0,22098.79,0,0,22098.79,0,0,22124.19,0,0,22175.17,0,0,22175.17,0,0,22252.08,0,0,22329.52,0,0,22124.19,0,0,22124.19,0,0,22277.83,0,0,22277.83,0,0,22124.19,0,0,22124.19,0,0,22098.79,0,0,22098.79,0,0,22098.79,58197.9,18896.7,135814.48,0,0,22098.79,0,0,22124.19,0,0,22098.79,0,0,22486.04,0,0,22277.83,0,0,22671.43,0,0,22124.19
0,0,0,2020-11-30,any_risk_factors,0,0,0,0,0,0,0,0,1,1,0,0,0,0,0,0,0,1,0,0,0,0,0,0,0,0,1,1,0,0,0,0,0,0,0,0,0,14,0,0,0,1,0,1,0,0,0,0,0,0,22160.58,0,0,22160.58,0,0,22186.12,0,0,23035.79,0,0,22790.31,0,0,23202.4,0,0,22392.61,0,0,22898.76,6200.14,156.97,34544.95,6200.14,156.97,34544.95,0,0,22186.12,0,0,22186.12,0,0,22186.12,0,0,22186.12,0,0,22160.58,0,0,22160.58,0,0,22444.83,6112.97,154.77,34059.29,0,0,22160.58,0,0,22160.58,0,0,22160.58,0,0,22186.12,0,0,22211.72,0,0,22186.12,0,0,22160.58,0,0,22160.58,0,0,22186.12,0,0,22237.39,0,0,22237.39,6054.2,153.28,33731.85,6075.35,153.81,33849.68,0,0,22186.12,0,0,22186.12,0,0,22340.63,0,0,22340.63,0,0,22186.12,0,0,22186.12,0,0,22160.58,0,0,22160.58,0,0,22160.58,166889.69,91240.14,280012.54,0,0,22160.58,0,0,22186.12,0,0,22160.58,6118.09,154.9,34087.82,0,0,22340.63,6168.72,156.18,34369.92,0,0,22186.12
0,0,0,2020-12-07,any_risk_factors,0,0,0,0,0,0,0,0,0,0,0,0,0,0,0,0,0,0,0,0,0,0,0,0,0,0,0,0,0,0,1,1,0,0,0,0,0,7,0,0,0,0,1,1,0,0,0,0,0,0,22189.78,0,0,22189.78,0,0,22215.39,0,0,23067.34,0,0,22821.19,0,0,23234.41,0,0,22422.42,0,0,22929.94,0,0,22929.94,0,0,22929.94,0,0,22215.39,0,0,22215.39,0,0,22215.39,0,0,22215.39,0,0,22189.78,0,0,22189.78,0,0,22474.78,0,0,22606.77,0,0,22189.78,0,0,22189.78,0,0,22189.78,0,0,22215.39,0,0,22241.06,0,0,22215.39,0,0,22189.78,0,0,22189.78,0,0,22215.39,0,0,22266.79,0,0,22266.79,0,0,22370.3,0,0,22448.57,0,0,22215.39,0,0,22215.39,6070.3,153.69,33821.55,6070.3,153.69,33821.55,0,0,22215.39,0,0,22215.39,0,0,22189.78,0,0,22189.78,0,0,22189.78,85912.3,34541.2,177012.17,0,0,22189.78,0,0,22215.39,0,0,22189.78,0,0,22606.77,6070.3,153.69,33821.55,6185.44,156.6,34463.04,0,0,22215.39
0,0,0,2020-12-14,any_risk_factors,0,0,0,0,0,0,0,0,0,0,0,0,0,0,0,0,0,0,0,0,0,0,0,0,0,0,0,0,0,0,0,0,0,0,0,0,0,6,0,0,1,0,0,0,0,0,0,0,0,0,22211.72,0,0,22211.72,0,0,22237.39,0,0,23079.19,0,0,22832.79,0,0,23246.43,0,0,22444.83,0,0,22953.38,0,0,22953.38,0,0,22953.38,0,0,22237.39,0,0,22237.39,0,0,22237.39,0,0,22237.39,0,0,22211.72,0,0,22211.72,0,0,22486.04,0,0,22618.15,0,0,22211.72,0,0,22211.72,0,0,22211.72,0,0,22237.39,0,0,22263.11,0,0,22211.72,0,0,22211.72,0,0,22211.72,0,0,22237.39,0,0,22288.89,0,0,22288.89,0,0,22392.61,0,0,22471.03,0,0,22237.39,0,0,22237.39,0,0,22418.69,0,0,22418.69,0,0,22237.39,0,0,22237.39,0,0,22211.72,0,0,22211.72,0,0,22211.72,74769.7,27439.16,162742.17,0,0,22211.72,0,0,22237.39,6021.27,152.45,33548.35,0,0,22629.55,0,0,22418.69,0,0,22844.41,0,0,22237.39
0,0,0,2020-12-21,any_risk_factors,0,1,0,0,0,0,0,0,1,1,0,0,0,0,0,0,0,0,0,0,0,0,0,0,0,0,0,0,0,0,0,0,0,0,0,0,0,6,0,0,0,0,0,0,0,0,0,0,0,0,22226.38,6030.21,152.67,33598.2,0,0,22252.08,0,0,23079.19,0,0,22832.79,0,0,23246.43,0,0,22459.8,0,0,22969.03,6231.87,157.78,34721.77,6231.87,157.78,34721.77,0,0,22252.08,0,0,22252.08,0,0,22252.08,0,0,22252.08,0,0,22226.38,0,0,22226.38,0,0,22486.04,0,0,22618.15,0,0,22226.38,0,0,22226.38,0,0,22226.38,0,0,22252.08,0,0,22277.83,0,0,22226.38,0,0,22226.38,0,0,22226.38,0,0,22252.08,0,0,22303.65,0,0,22303.65,0,0,22407.5,0,0,22486.04,0,0,22252.08,0,0,22252.08,0,0,22433.62,0,0,22433.62,0,0,22252.08,0,0,22252.08,0,0,22226.38,0,0,22226.38,0,0,22226.38,76067.34,27915.37,165566.57,0,0,22226.38,0,0,22252.08,0,0,22226.38,0,0,22644.76,0,0,22433.62,0,0,22859.91,0,0,22252.08
0,0,0,2020-12-28,any_risk_factors,0,0,0,0,0,0,0,0,0,0,0,0,0,0,0,0,0,0,0,0,0,0,0,0,0,0,0,0,0,0,0,0,0,0,0,0,0,8,0,0,0,0,0,0,0,0,0,0,0,0,22259.43,0,0,22285.2,0,0,22285.2,0,0,23114.83,0,0,22867.67,0,0,23282.59,0,0,22493.54,0,0,23004.32,0,0,23031.85,0,0,23031.85,0,0,22285.2,0,0,22285.2,0,0,22285.2,0,0,22285.2,0,0,22259.43,0,0,22259.43,0,0,22519.86,0,0,22652.37,0,0,22259.43,0,0,22259.43,0,0,22259.43,0,0,22285.2,0,0,22311.03,0,0,22259.43,0,0,22259.43,0,0,22259.43,0,0,22285.2,0,0,22336.92,0,0,22336.92,0,0,22441.09,0,0,22519.86,0,0,22285.2,0,0,22285.2,0,0,22467.29,0,0,22467.29,0,0,22285.2,0,0,22285.2,0,0,22259.43,0,0,22259.43,0,0,22259.43,103141.55,44529.2,203229.96,0,0,22259.43,0,0,22285.2,0,0,22259.43,0,0,22679.06,0,0,22467.29,0,0,22894.87,0,0,22285.2
0,0,0,2021-01-04,any_risk_factors,0,0,0,1,0,0,0,0,1,1,0,0,0,0,0,0,0,0,0,0,0,0,0,0,0,0,1,1,0,0,0,0,0,0,0,0,0,10,0,0,0,1,0,1,0,0,0,0,0,0,22414.96,0,0,22441.09,0,0,22441.09,6312.65,159.82,35171.84,0,0,23020.04,0,0,23428.33,0,0,22652.37,0,0,23170.48,6286.57,159.16,35026.55,6286.57,159.16,35026.55,0,0,22441.09,0,0,22441.09,0,0,22441.09,0,0,22441.09,0,0,22414.96,0,0,22414.96,0,0,22667.62,0,0,22801.88,0,0,22414.96,0,0,22414.96,0,0,22414.96,0,0,22441.09,0,0,22467.29,0,0,22414.96,0,0,22414.96,0,0,22414.96,0,0,22441.09,0,0,22493.54,0,0,22493.54,6127.33,155.13,34139.28,6148.99,155.68,34259.98,0,0,22441.09,0,0,22441.09,0,0,22625.75,0,0,22625.75,0,0,22441.09,0,0,22441.09,0,0,22414.96,0,0,22414.96,0,0,22414.96,132963.23,63761.04,244524.12,0,0,22414.96,0,0,22441.09,0,0,22414.96,6192.78,156.79,34503.95,0,0,22625.75,6252.14,158.29,34834.69,0,0,22441.09
0,0,0,2021-01-11,any_risk_factors,0,0,0,0,0,0,0,0,0,0,0,0,0,0,0,0,0,0,0,0,0,0,0,0,0,0,0,0,0,0,0,0,0,0,0,0,0,14,0,0,0,0,0,0,0,0,0,0,0,0,22659.99,0,0,22686.7,0,0,22686.7,0,0,23575.91,0,0,23262.49,0,0,23662.86,0,0,22902.66,0,0,23432.4,0,0,23460.97,0,0,23460.97,0,0,22686.7,0,0,22686.7,0,0,22686.7,0,0,22686.7,0,0,22659.99,0,0,22659.99,0,0,22902.66,0,0,23039.73,0,0,22659.99,0,0,22659.99,0,0,22659.99,0,0,22686.7,0,0,22713.47,0,0,22659.99,0,0,22659.99,0,0,22659.99,0,0,22686.7,0,0,22740.31,0,0,22740.31,0,0,22875.44,0,0,22957.29,0,0,22686.7,0,0,22686.7,0,0,22875.44,0,0,22875.44,0,0,22686.7,0,0,22686.7,0,0,22659.99,0,0,22659.99,0,0,22659.99,192598.87,105295.59,323148.18,0,0,22659.99,0,0,22686.7,0,0,22659.99,0,0,23122.76,0,0,22875.44,0,0,23347.14,0,0,22686.7
0,0,0,2021-01-18,any_risk_factors,0,0,0,0,0,0,0,0,0,0,0,0,0,0,0,0,0,0,0,0,0,0,0,0,0,0,0,0,0,0,0,0,0,0,0,0,0,9,0,0,0,0,0,0,0,0,0,0,0,0,22790.31,0,0,22817.33,0,0,22817.33,0,0,23717.01,0,0,23399.85,0,0,23775.6,0,0,23035.79,0,0,23571.78,0,0,23571.78,0,0,23571.78,0,0,22817.33,0,0,22817.33,0,0,22817.33,0,0,22817.33,0,0,22790.31,0,0,22790.31,0,0,23035.79,0,0,23174.46,0,0,22790.31,0,0,22790.31,0,0,22790.31,0,0,22817.33,0,0,22844.41,0,0,22790.31,0,0,22790.31,0,0,22790.31,0,0,22817.33,0,0,22871.55,0,0,22871.55,0,0,23008.25,0,0,23091.06,0,0,22817.33,0,0,22817.33,0,0,23008.25,0,0,23008.25,0,0,22817.33,0,0,22817.33,0,0,22790.31,0,0,22790.31,0,0,22790.31,129368.36,59155.45,245581.44,0,0,22790.31,0,0,22817.33,0,0,22790.31,0,0,23258.47,0,0,23008.25,0,0,23485.5,0,0,22817.33
0,0,0,2021-01-25,any_risk_factors,0,0,0,0,0,0,0,0,0,0,0,0,0,0,0,0,0,0,0,0,0,0,0,0,0,0,0,0,0,0,0,0,0,0,0,0,0,9,0,0,0,0,0,0,0,0,0,0,0,0,22875.44,0,0,22902.66,0,0,22902.66,0,0,23809.21,0,0,23489.6,0,0,23868.26,0,0,23122.76,0,0,23662.86,0,0,23662.86,0,0,23662.86,0,0,22902.66,0,0,22902.66,0,0,22902.66,0,0,22902.66,0,0,22875.44,0,0,22875.44,0,0,23122.76,0,0,23262.49,0,0,22875.44,0,0,22875.44,0,0,22875.44,0,0,22902.66,0,0,22929.94,0,0,22875.44,0,0,22875.44,0,0,22875.44,0,0,22902.66,0,0,22957.29,0,0,22957.29,0,0,23095.02,0,0,23178.45,0,0,22902.66,0,0,22902.66,0,0,23095.02,0,0,23095.02,0,0,22902.66,0,0,22902.66,0,0,22875.44,0,0,22875.44,0,0,22875.44,133248.89,60929.88,252947.89,0,0,22875.44,0,0,22902.66,0,0,22875.44,0,0,23347.14,0,0,23095.02,0,0,23575.91,0,0,22902.66
0,0,0,2021-02-01,any_risk_factors,0,0,0,0,0,0,0,0,0,0,0,0,0,0,0,0,0,0,0,0,0,0,0,0,0,0,0,0,0,0,0,0,0,0,0,0,0,3,0,0,1,0,0,0,0,0,0,0,0,0,22922.14,0,0,22949.47,0,0,22933.84,0,0,23830.27,0,0,23538.84,0,0,23906.37,0,0,23170.48,0,0,23696.15,0,0,23700.32,0,0,23700.32,0,0,22949.47,0,0,22949.47,0,0,22949.47,0,0,22949.47,0,0,22922.14,0,0,22922.14,0,0,23154.55,0,0,23294.66,0,0,22922.14,0,0,22922.14,0,0,22922.14,0,0,22949.47,0,0,22976.86,0,0,22922.14,0,0,22922.14,0,0,22922.14,0,0,22949.47,0,0,23004.32,0,0,23004.32,0,0,23130.7,0,0,23214.39,0,0,22949.47,0,0,22949.47,0,0,23142.62,0,0,23142.62,0,0,22949.47,0,0,22949.47,0,0,22922.14,0,0,22922.14,0,0,22922.14,45297.64,9341.46,132378.94,0,0,22922.14,0,0,22949.47,6213.85,157.32,34621.35,0,0,23383.6,0,0,23142.62,0,0,23613.1,0,0,22949.47
0,0,0,2021-02-08,any_risk_factors,0,0,0,1,0,0,0,0,1,1,0,0,0,0,0,0,0,0,0,1,1,0,0,0,0,0,0,0,0,0,0,0,0,0,0,0,0,5,0,0,1,0,0,0,0,0,0,0,0,0,23114.83,0,0,23142.62,0,0,23114.83,6513.02,164.9,36288.21,0,0,23742.08,0,0,24077.26,0,0,23367.38,0,0,23889.42,6479.51,164.05,36101.52,6479.51,164.05,36101.52,0,0,23142.62,0,0,23142.62,0,0,23142.62,0,0,23142.62,0,0,23114.83,0,0,23114.83,0,0,23339.05,0,0,23481.41,0,0,23114.83,0,0,23114.83,0,0,23114.83,6276.85,158.92,34972.38,6284.41,159.11,35014.5,0,0,23114.83,0,0,23114.83,0,0,23114.83,0,0,23142.62,0,0,23198.4,0,0,23198.4,0,0,23310.78,0,0,23395.78,0,0,23142.62,0,0,23142.62,0,0,23339.05,0,0,23339.05,0,0,23142.62,0,0,23142.62,0,0,23114.83,0,0,23114.83,0,0,23114.83,77056.96,25020.19,179825.24,0,0,23114.83,0,0,23142.62,6266.08,158.64,34912.38,0,0,23567.66,0,0,23339.05,0,0,23800.8,0,0,23142.62
0,0,0,2021-02-15,any_risk_factors,0,0,0,1,0,0,1,1,0,0,0,0,0,0,0,0,0,0,0,0,0,0,0,0,0,0,0,0,0,0,0,0,0,0,0,0,0,3,0,0,0,1,0,1,0,0,0,0,0,0,23270.52,0,0,23298.69,0,0,23270.52,6566.88,166.26,36588.33,0,0,23906.37,0,0,24237.51,6382.14,161.58,35559.02,6525.82,165.22,36359.53,0,0,24085.86,0,0,24085.86,0,0,23298.69,0,0,23298.69,0,0,23298.69,0,0,23298.69,0,0,23270.52,0,0,23270.52,0,0,23497.79,0,0,23642.1,0,0,23270.52,0,0,23270.52,0,0,23270.52,0,0,23326.93,0,0,23355.23,0,0,23270.52,0,0,23270.52,0,0,23270.52,0,0,23298.69,0,0,23355.23,0,0,23355.23,0,0,23469.14,0,0,23555.3,0,0,23298.69,0,0,23298.69,0,0,23497.79,0,0,23497.79,0,0,23298.69,0,0,23298.69,0,0,23270.52,0,0,23270.52,0,0,23270.52,47189.92,9731.7,137908.98,0,0,23270.52,0,0,23298.69,0,0,23270.52,6437.26,162.98,35866.1,0,0,23497.79,6501.42,164.6,36223.62,0,0,23298.69
0,0,0,2021-02-22,any_risk_factors,0,0,0,0,1,2,1,1,0,0,0,0,0,0,0,0,0,0,0,0,0,0,0,0,0,0,0,0,0,0,0,0,0,0,0,0,0,6,0,0,0,1,0,1,0,0,0,0,0,0,23522.4,0,0,23551.18,0,0,23522.4,0,0,24510.88,6553.92,165.93,36516.11,13301.17,1610.83,48048.38,6460.03,163.55,35992.97,6607.27,167.28,36813.36,0,0,24355.81,0,0,24355.81,0,0,23551.18,0,0,23551.18,0,0,23551.18,0,0,23551.18,0,0,23522.4,0,0,23522.4,0,0,23754.64,0,0,23902.13,0,0,23522.4,0,0,23522.4,0,0,23522.4,0,0,23580.04,0,0,23608.96,0,0,23522.4,0,0,23522.4,0,0,23522.4,0,0,23551.18,0,0,23608.96,0,0,23608.96,0,0,23725.36,0,0,23813.42,0,0,23551.18,0,0,23551.18,0,0,23754.64,0,0,23754.64,0,0,23551.18,0,0,23551.18,0,0,23522.4,0,0,23522.4,0,0,23522.4,97011.95,35601.68,211154.18,0,0,23522.4,0,0,23551.18,0,0,23522.4,6516.5,164.98,36307.63,0,0,23754.64,6582.27,166.65,36674.04,0,0,23551.18
0,0,0,2021-03-01,any_risk_factors,0,0,0,2,0,0,0,1,1,1,0,0,0,0,0,0,0,0,0,0,0,0,0,0,0,0,0,0,0,0,0,0,0,0,0,0,0,3,0,0,0,0,0,0,0,0,0,0,0,0,24021.45,0,0,24051.47,0,0,24021.45,13580.59,1644.67,49057.76,0,0,24699.6,0,0,25085.89,0,0,24355.81,6758.88,171.12,37658.08,6750.14,170.9,37609.37,6750.14,170.9,37609.37,0,0,24051.47,0,0,24051.47,0,0,24051.47,0,0,24051.47,0,0,24021.45,0,0,24021.45,0,0,24246.23,0,0,24399.91,0,0,24021.45,0,0,24021.45,0,0,24021.45,0,0,24081.56,0,0,24111.73,0,0,24021.45,0,0,24021.45,0,0,24021.45,0,0,24051.47,0,0,24111.73,0,0,24111.73,0,0,24233.15,0,0,24325.03,0,0,24051.47,0,0,24051.47,0,0,24263.7,0,0,24263.7,0,0,24051.47,0,0,24051.47,0,0,24021.45,0,0,24021.45,0,0,24021.45,50011.41,10313.56,146154.56,0,0,24021.45,0,0,24051.47,0,0,24021.45,0,0,24573.47,0,0,24263.7,0,0,24827.04,0,0,24051.47
0,0,0,2021-03-08,any_risk_factors,0,0,0,1,0,0,0,0,0,0,0,0,0,0,0,0,0,0,0,0,0,0,0,0,0,0,0,0,0,0,0,0,0,0,0,0,0,4,0,0,0,0,0,0,0,0,0,0,0,0,24859.1,0,0,24891.25,0,0,24859.1,7052.52,178.55,39294.13,0,0,25537.59,0,0,25910.83,0,0,25212.64,0,0,25831.35,0,0,25767.13,0,0,25767.13,0,0,24891.25,0,0,24891.25,0,0,24891.25,0,0,24891.25,0,0,24859.1,0,0,24859.1,0,0,25071.89,0,0,25212.64,0,0,24859.1,0,0,24859.1,0,0,24859.1,0,0,24923.48,0,0,24955.79,0,0,24859.1,0,0,24859.1,0,0,24859.1,0,0,24891.25,0,0,24955.79,0,0,24955.79,0,0,25085.89,0,0,25184.36,0,0,24891.25,0,0,24891.25,0,0,25118.63,0,0,25118.63,0,0,24891.25,0,0,24891.25,0,0,24859.1,0,0,24859.1,0,0,24859.1,68817.71,18750.51,176200.67,0,0,24859.1,0,0,24891.25,0,0,24859.1,0,0,25445.95,0,0,25118.63,0,0,25717.95,0,0,24891.25
0,0,0,2021-03-15,any_risk_factors,0,0,0,0,0,0,0,0,0,0,0,0,0,0,0,0,0,0,0,0,0,0,0,0,0,0,0,0,0,0,0,0,0,0,0,0,0,2,0,0,0,0,0,0,0,0,0,0,0,0,25955.75,0,0,25990.8,0,0,25955.75,0,0,27104.47,0,0,26580.45,0,0,26952.65,0,0,26310.55,0,0,26861.31,0,0,26786.55,0,0,26786.55,0,0,25990.8,0,0,25990.8,0,0,25990.8,0,0,25990.8,0,0,25955.75,0,0,25955.75,0,0,26147.16,0,0,26290.01,0,0,25955.75,0,0,25955.75,0,0,25955.75,0,0,26025.95,0,0,26061.18,0,0,25955.75,0,0,25955.75,0,0,25955.75,0,0,25990.8,0,0,26061.18,0,0,26061.18,0,0,26167.47,0,0,26274.63,0,0,25990.8,0,0,25990.8,0,0,26203.1,0,0,26203.1,0,0,25990.8,0,0,25990.8,0,0,25955.75,0,0,25955.75,0,0,25955.75,36525,4423.35,131940.86,0,0,25955.75,0,0,25990.8,0,0,25955.75,0,0,26528.12,0,0,26203.1,0,0,26786.55,0,0,25990.8
0,0,0,2021-03-22,any_risk_factors,0,0,0,0,0,0,0,1,0,0,0,0,0,0,0,0,0,0,0,0,0,0,0,0,0,0,0,0,0,0,0,0,0,0,0,0,0,0,0,0,0,0,0,0,0,0,0,0,0,0,26941.88,0,0,26979.64,0,0,26941.88,0,0,28134.54,0,0,27598.59,0,0,28000.07,0,0,27324.34,7571.52,191.69,42185.79,0,0,27838.08,0,0,27838.08,0,0,26979.64,0,0,26979.64,0,0,26979.64,0,0,26979.64,0,0,26941.88,0,0,26941.88,0,0,27131.76,0,0,27285.61,0,0,26941.88,0,0,26941.88,0,0,26941.88,0,0,27017.51,0,0,27055.49,0,0,26941.88,0,0,26941.88,0,0,26941.88,0,0,26979.64,0,0,27055.49,0,0,27055.49,0,0,27170.06,0,0,27285.61,0,0,26979.64,0,0,26979.64,0,0,27208.47,0,0,27208.47,0,0,26979.64,0,0,26979.64,0,0,26941.88,0,0,26941.88,0,0,26941.88,0,0,69487.53,0,0,26941.88,0,0,26979.64,0,0,26941.88,0,0,27559.08,0,0,27208.47,0,0,27838.08,0,0,26979.64
0,0,0,2021-03-29,any_risk_factors,0,0,0,0,2,1,1,1,1,1,0,0,0,0,0,0,0,0,0,0,0,0,0,0,0,0,0,0,0,0,0,0,0,0,0,0,0,0,0,0,0,1,0,1,0,0,0,0,0,0,29081.87,0,0,29119.59,0,0,29081.87,0,0,30442.01,16165.08,1957.67,58393.83,8207.87,207.81,45731.3,8002.85,202.61,44589.02,8194.97,207.48,45659.47,8143.81,206.18,45374.42,8143.81,206.18,45374.42,0,0,29125.88,0,0,29125.88,0,0,29125.88,0,0,29125.88,0,0,29081.87,0,0,29081.87,0,0,29296.87,0,0,29476.33,0,0,29081.87,0,0,29081.87,0,0,29081.87,0,0,29170.02,0,0,29214.29,0,0,29081.87,0,0,29081.87,0,0,29081.87,0,0,29125.88,0,0,29214.29,0,0,29214.29,0,0,29341.53,0,0,29476.33,0,0,29125.88,0,0,29125.88,0,0,29392.74,0,0,29392.74,0,0,29125.88,0,0,29125.88,0,0,29081.87,0,0,29081.87,0,0,29081.87,0,0,73107.07,0,0,29081.87,0,0,29125.88,0,0,29081.87,8075.39,204.45,44993.21,0,0,29392.74,8163.84,206.69,45485.98,0,0,29125.88
0,0,0,2021-04-05,any_risk_factors,0,0,0,0,0,0,0,0,0,0,0,0,0,0,0,0,0,0,0,0,0,0,0,0,0,0,0,0,0,0,0,0,0,0,0,0,0,3,0,0,1,0,0,0,0,0,0,0,0,0,33129.17,0,0,33129.17,0,0,33129.17,0,0,34565.5,0,0,34067.34,0,0,34601.01,0,0,33692.5,0,0,34362.74,0,0,34171.02,0,0,34171.02,0,0,33186.29,0,0,33186.29,0,0,33186.29,0,0,33186.29,0,0,33129.17,0,0,33129.17,0,0,33358.83,0,0,33591.7,0,0,33129.17,0,0,33129.17,0,0,33129.17,0,0,33243.6,0,0,33301.12,0,0,33129.17,0,0,33129.17,0,0,33129.17,0,0,33169.95,0,0,33301.12,0,0,33301.12,0,0,33350.57,0,0,33524.84,0,0,33186.29,0,0,33186.29,0,0,33441.63,0,0,33441.63,0,0,33186.29,0,0,33186.29,0,0,33129.17,0,0,33129.17,0,0,33129.17,64760.64,13355.2,189258.07,0,0,33129.17,0,0,33169.95,8980.82,227.37,50037.93,0,0,33921.53,0,0,33441.63,0,0,34249.19,0,0,33186.29
0,0,0,2021-04-12,any_risk_factors,0,0,0,0,0,0,0,0,0,0,0,0,0,0,0,0,0,0,0,0,0,0,0,0,0,0,0,0,0,0,0,0,0,0,0,0,0,2,0,0,0,0,0,0,0,0,0,0,0,0,37385.22,0,0,37385.22,0,0,37385.22,0,0,38941.13,0,0,38419.25,0,0,39020.08,0,0,37985.99,0,0,38595.34,0,0,38606.4,0,0,38606.4,0,0,37457.97,0,0,37457.97,0,0,37457.97,0,0,37457.97,0,0,37385.22,0,0,37385.22,0,0,37667.41,0,0,37953.89,0,0,37385.22,0,0,37385.22,0,0,37385.22,0,0,37531.01,0,0,37604.33,0,0,37385.22,0,0,37385.22,0,0,37385.22,0,0,37385.22,0,0,37604.33,0,0,37604.33,0,0,37604.33,0,0,37826.03,0,0,37457.97,0,0,37457.97,0,0,37656.88,0,0,37656.88,0,0,37457.97,0,0,37457.97,0,0,37385.22,0,0,37385.22,0,0,37385.22,46917.15,5681.88,169480.87,0,0,37385.22,0,0,37385.22,0,0,37385.22,0,0,38212.23,0,0,37656.88,0,0,38496.09,0,0,37457.97
0,0,0,2021-04-19,any_risk_factors,0,0,0,0,0,0,0,0,0,0,0,0,0,0,0,0,0,0,0,0,0,0,0,0,0,0,0,0,0,0,0,0,0,0,0,0,0,1,0,0,0,0,0,0,0,0,0,0,0,0,41739.88,0,0,41739.88,0,0,41739.88,0,0,43309.65,0,0,42705.65,0,0,43337.51,0,0,42383.24,0,0,42923.33,0,0,43170.88,0,0,43170.88,0,0,41830.59,0,0,41830.59,0,0,41830.59,0,0,41830.59,0,0,41739.88,0,0,41739.88,0,0,41960.86,0,0,42237.09,0,0,41739.88,0,0,41739.88,0,0,41739.88,0,0,41856.58,0,0,41908.65,0,0,41739.88,0,0,41739.88,0,0,41739.88,0,0,41739.88,0,0,42013.2,0,0,42013.2,0,0,41987.01,0,0,42263.59,0,0,41830.59,0,0,41830.59,0,0,42013.2,0,0,42013.2,0,0,41830.59,0,0,41830.59,0,0,41739.88,0,0,41739.88,0,0,41739.88,24513.42,620.63,136580.05,0,0,41739.88,0,0,41739.88,0,0,41739.88,0,0,42638.08,0,0,42013.2,0,0,42923.33,0,0,41830.59
0,0,0,2021-04-26,any_risk_factors,0,0,0,0,0,0,0,0,0,0,0,0,0,0,0,0,0,0,0,0,0,0,0,0,0,0,0,0,0,0,0,0,0,0,0,0,0,1,0,0,0,0,0,0,0,0,0,0,0,0,45642.39,0,0,45642.39,0,0,45642.39,0,0,47110.6,0,0,46637.7,0,0,47176.58,0,0,46301.14,0,0,46750.98,0,0,47176.58,0,0,47176.58,0,0,45750.87,0,0,45750.87,0,0,45750.87,0,0,45750.87,0,0,45642.39,0,0,45642.39,0,0,45859.88,0,0,46190.03,0,0,45642.39,0,0,45642.39,0,0,45642.39,0,0,45750.87,0,0,45750.87,0,0,45642.39,0,0,45642.39,0,0,45642.39,0,0,45642.39,0,0,45969.4,0,0,45969.4,0,0,45859.88,0,0,46079.45,0,0,45750.87,0,0,45750.87,0,0,45969.4,0,0,45969.4,0,0,45750.87,0,0,45750.87,0,0,45642.39,0,0,45642.39,0,0,45642.39,25435.24,643.96,141716.07,0,0,45642.39,0,0,45642.39,0,0,45642.39,0,0,46524.97,0,0,45969.4,0,0,46864.81,0,0,45750.87
0,0,0,2021-05-03,any_risk_factors,0,0,0,0,0,0,0,0,0,0,0,0,0,0,0,0,0,0,0,0,0,0,0,0,0,0,0,0,0,0,0,0,0,0,0,0,0,1,0,0,0,0,0,0,0,0,0,0,0,0,50863.09,0,0,50863.09,0,0,50863.09,0,0,52672.53,0,0,51981.61,0,0,52549.27,0,0,51623.11,0,0,52182.93,0,0,52672.53,0,0,52672.53,0,0,50940.01,0,0,50940.01,0,0,50940.01,0,0,50940.01,0,0,50863.09,0,0,50863.09,0,0,51133.33,0,0,51426.08,0,0,50863.09,0,0,50863.09,0,0,50863.09,0,0,50997.85,0,0,50997.85,0,0,50863.09,0,0,50863.09,0,0,50863.09,0,0,50863.09,0,0,51269.53,0,0,51269.53,0,0,51133.33,0,0,51406.46,0,0,50997.85,0,0,50997.85,0,0,51269.53,0,0,51269.53,0,0,50997.85,0,0,50997.85,0,0,50863.09,0,0,50863.09,0,0,50863.09,26758.24,677.46,149087.38,0,0,50863.09,0,0,50863.09,0,0,50863.09,0,0,51901.51,0,0,51269.53,0,0,52324.79,0,0,50997.85
0,0,0,2021-05-10,any_risk_factors,0,0,0,1,0,0,0,0,0,0,0,0,0,0,0,0,1,1,0,0,0,0,0,0,0,0,0,0,0,0,0,0,0,0,0,0,0,1,0,0,1,0,0,0,0,1,1,0,0,0,57115.86,0,0,57115.86,0,0,57115.86,16005.7,405.23,89178.03,0,0,58377.96,0,0,59094.88,0,0,57926.19,0,0,58631.99,0,0,59276.87,0,0,59276.87,0,0,57115.86,0,0,57115.86,0,0,57115.86,0,0,57115.86,0,0,57115.86,0,0,57115.86,15602.31,395.02,86930.49,15682.7,397.05,87378.39,15516.14,392.83,86450.41,15516.14,392.83,86450.41,0,0,57115.86,0,0,57237.18,0,0,57237.18,0,0,57115.86,0,0,57115.86,0,0,57115.86,0,0,57115.86,0,0,57628.88,0,0,57628.88,0,0,57456.85,0,0,57801.94,0,0,57285.85,0,0,57285.85,0,0,57628.88,0,0,57628.88,0,0,57285.85,0,0,57285.85,0,0,57115.86,0,0,57115.86,0,0,57115.86,29057.28,735.67,161896.8,0,0,57115.86,0,0,57115.86,15483.26,392,86267.18,0,0,58276.96,0,0,57628.88,0,0,58811.14,0,0,57285.85
0,0,0,2021-05-17,any_risk_factors,0,0,0,0,0,0,0,0,0,0,0,0,0,0,0,0,0,0,0,0,0,0,0,1,0,0,0,0,0,0,0,0,0,0,0,0,0,1,0,1,0,0,0,0,0,0,0,0,0,0,64528.89,0,0,64528.89,0,0,64528.89,0,0,66767.26,0,0,65821.36,0,0,66503.61,0,0,65374.25,0,0,66047.22,0,0,66966.36,0,0,66966.36,0,0,64528.89,0,0,64528.89,0,0,64528.89,0,0,64528.89,0,0,64528.89,0,0,64528.89,0,0,65184.48,0,0,65405.98,0,0,64745.95,0,0,64745.95,0,0,64528.89,0,0,64528.89,0,0,64528.89,0,0,64528.89,0,0,64528.89,0,0,64528.89,17509.59,443.3,97557.18,0,0,64964.48,0,0,64964.48,0,0,64964.48,0,0,65405.98,0,0,64745.95,0,0,64745.95,0,0,64964.48,0,0,64964.48,0,0,64745.95,0,0,64745.95,0,0,64528.89,0,0,64528.89,0,0,64528.89,31705.73,802.72,176653.02,0,0,64528.89,17509.59,443.3,97557.18,0,0,64528.89,0,0,65821.36,0,0,64964.48,0,0,66274.63,0,0,64745.95
0,0,0,2021-05-24,any_risk_factors,0,0,0,0,0,0,0,0,0,0,0,0,0,0,0,0,0,0,0,0,0,0,0,0,0,0,0,0,0,0,0,0,0,0,0,0,0,1,0,0,0,0,0,0,0,0,0,0,0,0,72751.79,0,0,72751.79,0,0,72751.79,0,0,75609.61,0,0,74153.18,0,0,75020.22,0,0,73586.19,0,0,73949.68,0,0,75609.61,0,0,75609.61,0,0,72751.79,0,0,72751.79,0,0,72751.79,0,0,72751.79,0,0,72751.79,0,0,72751.79,0,0,73586.19,0,0,73868.6,0,0,73027.82,0,0,73027.82,0,0,72751.79,0,0,72751.79,0,0,72751.79,0,0,72751.79,0,0,72751.79,0,0,72751.79,0,0,73027.82,0,0,73305.94,0,0,73305.94,0,0,73305.94,0,0,73868.6,0,0,73027.82,0,0,73027.82,0,0,73305.94,0,0,73305.94,0,0,72830.44,0,0,72830.44,0,0,72751.79,0,0,72751.79,0,0,72751.79,34985.63,885.76,194927.47,0,0,72751.79,0,0,73027.82,0,0,72751.79,0,0,74153.18,0,0,73305.94,0,0,74728.96,0,0,73027.82
0,0,0,2021-05-31,any_risk_factors,0,0,0,0,1,1,0,1,0,0,0,0,0,0,0,0,1,1,0,0,0,0,0,0,0,0,0,0,0,0,0,0,0,0,0,0,0,0,0,0,1,0,0,0,0,0,0,0,0,0,82407.54,0,0,82407.54,0,0,82407.54,0,0,85874.01,22856.7,578.68,127349.36,23161.07,586.39,129045.2,0,0,83273.38,22757.01,576.16,126793.94,0,0,85764.69,0,0,85764.69,0,0,82407.54,0,0,82407.54,0,0,82407.54,0,0,82407.54,0,0,82407.54,0,0,82407.54,22658.19,573.66,126243.35,22757.01,576.16,126793.94,0,0,82761.87,0,0,82761.87,0,0,82407.54,0,0,82407.54,0,0,82407.54,0,0,82407.54,0,0,82407.54,0,0,82407.54,0,0,82761.87,0,0,83119.26,0,0,83119.26,0,0,83119.26,0,0,83843.39,0,0,82761.87,0,0,82761.87,0,0,82761.87,0,0,82761.87,0,0,82407.54,0,0,82407.54,0,0,82407.54,0,0,82407.54,0,0,82407.54,0,0,143184.19,0,0,82407.54,0,0,82761.87,22339.45,565.59,124467.45,0,0,84000.2,0,0,82761.87,0,0,84368.39,0,0,82761.87
0,0,0,2021-06-07,any_risk_factors,0,0,0,1,0,0,0,0,0,0,0,0,0,0,0,0,0,0,0,0,0,0,0,0,0,0,0,0,0,0,0,0,0,0,0,0,0,2,0,0,1,0,0,0,0,0,0,0,0,0,93762.23,0,0,93762.23,0,0,93762.23,26486.58,670.58,147573.8,0,0,96102.94,0,0,97564.32,0,0,94684.7,0,0,95625.49,0,0,97564.32,0,0,97564.32,0,0,93762.23,0,0,93762.23,0,0,93762.23,0,0,93762.23,0,0,93762.23,0,0,93762.23,0,0,95625.49,0,0,96102.94,0,0,94023.95,0,0,94023.95,0,0,93762.23,0,0,93762.23,0,0,93762.23,0,0,93762.23,0,0,93762.23,0,0,93762.23,0,0,94221.2,0,0,94684.7,0,0,94684.7,0,0,94684.7,0,0,95625.49,0,0,94221.2,0,0,94221.2,0,0,94155.36,0,0,94155.36,0,0,93762.23,0,0,93762.23,0,0,93762.23,0,0,93762.23,0,0,93762.23,86347.52,10457.08,311916.92,0,0,93762.23,0,0,94221.2,25417.54,643.52,141617.45,0,0,95625.49,0,0,94155.36,0,0,96034.44,0,0,94221.2
0,0,0,2021-06-14,any_risk_factors,0,0,0,0,0,0,0,0,0,0,0,0,0,0,0,0,0,0,0,0,0,0,0,0,0,0,0,0,0,0,0,0,0,0,0,0,0,0,0,0,0,0,0,0,0,0,0,0,0,0,104446.76,0,0,104446.76,0,0,104446.76,0,0,109809.55,0,0,106764.12,0,0,108570.77,0,0,105592.73,0,0,106175.19,0,0,108570.77,0,0,108570.77,0,0,104446.76,0,0,104446.76,0,0,104446.76,0,0,104446.76,0,0,104446.76,0,0,104446.76,0,0,106764.12,0,0,107359.62,0,0,104446.76,0,0,104446.76,0,0,104446.76,0,0,104446.76,0,0,104446.76,0,0,104446.76,0,0,104446.76,0,0,104446.76,0,0,105016.62,0,0,105592.73,0,0,105592.73,0,0,105592.73,0,0,106764.12,0,0,105016.62,0,0,105016.62,0,0,104446.76,0,0,104446.76,0,0,104446.76,0,0,104446.76,0,0,104446.76,0,0,104446.76,0,0,104446.76,0,0,179170.64,0,0,104446.76,0,0,105016.62,0,0,104446.76,0,0,106764.12,0,0,104446.76,0,0,106764.12,0,0,105016.62
0,0,0,2021-06-21,any_risk_factors,0,0,0,0,0,0,0,0,0,0,0,0,0,0,0,0,0,0,0,0,0,0,0,0,0,0,0,0,0,0,0,0,0,0,0,0,0,0,0,0,0,0,0,0,0,0,0,0,0,0,111814.38,0,0,111814.38,0,0,111814.38,0,0,117776.51,0,0,114474.36,0,0,116352.61,0,0,113128.73,0,0,113797.57,0,0,116553.91,0,0,116553.91,0,0,111814.38,0,0,111814.38,0,0,111814.38,0,0,111814.38,0,0,111814.38,0,0,111814.38,0,0,114474.36,0,0,115159.25,0,0,111814.38,0,0,111814.38,0,0,111814.38,0,0,111814.38,0,0,111814.38,0,0,111814.38,0,0,111814.38,0,0,111814.38,0,0,112467.71,0,0,113128.73,0,0,113128.73,0,0,113128.73,0,0,114280.17,0,0,112467.71,0,0,112467.71,0,0,111814.38,0,0,111814.38,0,0,111814.38,0,0,111814.38,0,0,111814.38,0,0,111814.38,0,0,111814.38,0,0,198433.46,0,0,111814.38,0,0,112467.71,0,0,111814.38,0,0,114474.36,0,0,111814.38,0,0,114474.36,0,0,112467.71
0,0,0,2021-06-28,any_risk_factors,0,0,0,0,0,0,0,0,0,0,0,0,0,0,0,0,0,0,0,0,0,0,0,0,0,0,0,0,0,0,0,0,0,0,0,0,0,0,0,0,0,0,0,0,0,0,0,0,0,0,273854.31,0,0,273854.31,0,0,273854.31,0,0,287898.12,0,0,280700.67,0,0,284253.84,0,0,277235.23,0,0,278957.19,0,0,286064.38,0,0,286064.38,0,0,273854.31,0,0,273854.31,0,0,273854.31,0,0,273854.31,0,0,273854.31,0,0,273854.31,0,0,280700.67,0,0,282466.08,0,0,273854.31,0,0,273854.31,0,0,273854.31,0,0,273854.31,0,0,273854.31,0,0,273854.31,0,0,273854.31,0,0,273854.31,0,0,275534.4,0,0,277235.23,0,0,277235.23,0,0,277235.23,0,0,278957.19,0,0,273854.31,0,0,273854.31,0,0,273854.31,0,0,273854.31,0,0,273854.31,0,0,273854.31,0,0,273854.31,0,0,273854.31,0,0,273854.31,0,0,493539.64,0,0,273854.31,0,0,275534.4,0,0,273854.31,0,0,280700.67,0,0,273854.31,0,0,280700.67,0,0,273854.31
0,1,Pfizer,2021-05-17,any_risk_factors,0,0,0,0,0,0,0,0,0,0,0,0,0,0,0,0,0,0,0,0,0,0,0,0,0,0,0,0,0,0,0,0,0,0,0,0,0,0,0,0,0,0,0,0,0,0,0,0,0,0,160591.56,0,0,160591.56,0,0,160591.56,0,0,170768.47,0,0,166341.14,0,0,170768.47,0,0,162137.57,0,0,166341.14,0,0,172297.09,0,0,172297.09,0,0,161942.69,0,0,161942.69,0,0,161942.69,0,0,161942.69,0,0,160591.56,0,0,160591.56,0,0,163316.75,0,0,163316.75,0,0,160591.56,0,0,160591.56,0,0,160591.56,0,0,161942.69,0,0,161942.69,0,0,160591.56,0,0,160591.56,0,0,160591.56,0,0,160591.56,0,0,161942.69,0,0,161942.69,0,0,161942.69,0,0,163316.75,0,0,160591.56,0,0,160591.56,0,0,161942.69,0,0,161942.69,0,0,160591.56,0,0,160591.56,0,0,160591.56,0,0,160591.56,0,0,160591.56,0,0,596178.42,0,0,160591.56,0,0,160591.56,0,0,160591.56,0,0,163514.95,0,0,161942.69,0,0,164915.94,0,0,160591.56
0,1,Pfizer,2021-05-24,any_risk_factors,0,0,0,0,0,0,0,0,0,0,0,0,0,0,0,0,0,0,0,0,0,0,0,0,0,0,0,0,0,0,0,0,0,0,0,0,0,3,0,0,0,0,0,0,0,0,0,0,0,0,143032.19,0,0,143032.19,0,0,143032.19,0,0,150880.54,0,0,148551.62,0,0,151049.69,0,0,145190,0,0,150543.38,0,0,152244.43,0,0,152244.43,0,0,144103.02,0,0,144103.02,0,0,144103.02,0,0,144103.02,0,0,143032.19,0,0,143032.19,0,0,145190,0,0,145190,0,0,143032.19,0,0,143032.19,0,0,143032.19,0,0,144103.02,0,0,144103.02,0,0,143032.19,0,0,143032.19,0,0,143032.19,0,0,143032.19,0,0,144103.02,0,0,144103.02,0,0,144103.02,0,0,145190,0,0,143032.19,0,0,143032.19,0,0,144103.02,0,0,144103.02,0,0,143795.43,0,0,143795.43,0,0,143032.19,0,0,143032.19,0,0,143032.19,388563.83,80131.2,1135548.4,0,0,143032.19,0,0,143032.19,0,0,143032.19,0,0,146293.51,0,0,144103.02,0,0,147413.92,0,0,143032.19
0,1,Pfizer,2021-05-31,any_risk_factors,0,0,0,0,0,0,0,0,0,0,0,0,0,0,0,0,0,0,0,0,0,0,0,0,0,0,0,0,0,0,0,0,0,0,0,0,0,0,0,0,0,0,0,0,0,0,0,0,0,0,145660.89,0,0,145660.89,0,0,145660.89,0,0,152935.67,0,0,151389.13,0,0,153808.59,0,0,148551.62,0,0,154514.13,0,0,155047.55,0,0,155047.55,0,0,146771.59,0,0,146771.59,0,0,146771.59,0,0,146771.59,0,0,145660.89,0,0,145660.89,0,0,147899.37,0,0,147899.37,0,0,145660.89,0,0,145660.89,0,0,145660.89,0,0,146771.59,0,0,146771.59,0,0,145660.89,0,0,145660.89,0,0,145660.89,0,0,145660.89,0,0,146771.59,0,0,146771.59,0,0,146771.59,0,0,147899.37,0,0,145660.89,0,0,145660.89,0,0,147899.37,0,0,147899.37,0,0,146771.59,0,0,146771.59,0,0,145660.89,0,0,145660.89,0,0,145660.89,0,0,464608.01,0,0,145660.89,0,0,145660.89,0,0,145660.89,0,0,149707.02,0,0,147899.37,0,0,152072.6,0,0,145660.89
0,1,Pfizer,2021-06-07,any_risk_factors,0,0,0,0,0,0,0,0,0,0,0,0,0,0,0,0,0,0,0,0,0,0,0,0,0,0,0,0,0,0,0,0,0,0,0,0,0,0,0,0,0,0,0,0,0,0,0,0,0,0,129678.85,0,0,129678.85,0,0,129678.85,0,0,136097.3,0,0,133799.72,0,0,135686.12,0,0,132353.95,0,0,137066.45,0,0,136649.41,0,0,136649.41,0,0,130558.45,0,0,130558.45,0,0,130558.45,0,0,130558.45,0,0,129678.85,0,0,129678.85,0,0,131450.07,0,0,131450.07,0,0,129678.85,0,0,129678.85,0,0,129678.85,0,0,130558.45,0,0,130558.45,0,0,129678.85,0,0,129678.85,0,0,129678.85,0,0,129678.85,0,0,130558.45,0,0,130558.45,0,0,130558.45,0,0,131450.07,0,0,129678.85,0,0,129678.85,0,0,131450.07,0,0,131450.07,0,0,130558.45,0,0,130558.45,0,0,129678.85,0,0,129678.85,0,0,129678.85,0,0,384960.92,0,0,129678.85,0,0,129678.85,0,0,129678.85,0,0,133270.35,0,0,131450.07,0,0,135141.75,0,0,129678.85
0,1,Pfizer,2021-06-14,any_risk_factors,0,0,0,0,1,1,0,0,1,1,0,0,0,0,0,0,0,0,0,0,0,0,0,0,0,0,0,0,0,0,0,0,0,0,0,0,0,0,0,0,0,0,0,0,0,0,0,0,0,0,119447.09,0,0,119447.09,0,0,119447.09,0,0,124871.48,33204.55,840.67,185003.89,33632.6,851.5,187388.84,0,0,121713.03,0,0,125686.87,33850.79,857.03,188604.52,33850.79,857.03,188604.52,0,0,120192.97,0,0,120192.97,0,0,120192.97,0,0,120192.97,0,0,119447.09,0,0,119447.09,0,0,120948.22,0,0,120948.22,0,0,119447.09,0,0,119447.09,0,0,119447.09,0,0,120192.97,0,0,120192.97,0,0,119447.09,0,0,119447.09,0,0,119447.09,0,0,119447.09,0,0,120192.97,0,0,120192.97,0,0,120192.97,0,0,120948.22,0,0,119447.09,0,0,119447.09,0,0,120948.22,0,0,120948.22,0,0,120192.97,0,0,120192.97,0,0,119447.09,0,0,119447.09,0,0,119447.09,0,0,327029.91,0,0,119447.09,0,0,119447.09,0,0,119447.09,0,0,122487.57,0,0,120948.22,0,0,124066.59,0,0,119447.09
0,1,Pfizer,2021-06-21,any_risk_factors,0,0,0,0,0,0,0,0,0,0,0,0,0,0,0,0,0,0,0,0,0,0,0,0,0,0,0,0,0,0,0,0,0,0,0,0,0,1,0,0,0,0,0,0,0,0,0,0,0,0,115653.5,0,0,115653.5,0,0,115653.5,0,0,120948.22,0,0,119235.68,0,0,120948.22,0,0,117776.51,0,0,121493.53,0,0,121493.53,0,0,121493.53,0,0,116352.61,0,0,116352.61,0,0,116352.61,0,0,116352.61,0,0,115653.5,0,0,115653.5,0,0,117060.23,0,0,117060.23,0,0,115653.5,0,0,115653.5,0,0,115653.5,0,0,116352.61,0,0,116352.61,0,0,115653.5,0,0,115653.5,0,0,115653.5,0,0,115653.5,0,0,116352.61,0,0,116352.61,0,0,116352.61,0,0,117263.99,0,0,115653.5,0,0,115653.5,0,0,117060.23,0,0,117060.23,0,0,116352.61,0,0,116352.61,0,0,115653.5,0,0,115653.5,0,0,115653.5,79229.93,2005.93,441440.94,0,0,115653.5,0,0,115653.5,0,0,115653.5,0,0,118501.6,0,0,117060.23,0,0,119978.92,0,0,115653.5
0,2,Pfizer,2021-06-28,any_risk_factors,0,0,0,0,0,0,0,0,0,0,0,0,0,0,0,0,0,0,0,0,0,0,0,0,0,0,0,0,0,0,0,0,0,0,0,0,0,0,0,0,0,0,0,0,0,0,0,0,0,0,147737.2,0,0,147737.2,0,0,147737.2,0,0,155944.82,0,0,154337.14,0,0,158141.22,0,0,150711.77,0,0,157035.34,0,0,153808.59,0,0,153808.59,0,0,147737.2,0,0,147737.2,0,0,147737.2,0,0,147737.2,0,0,147737.2,0,0,147737.2,0,0,149209.66,0,0,150207.72,0,0,147737.2,0,0,147737.2,0,0,147737.2,0,0,147737.2,0,0,147737.2,0,0,147737.2,0,0,147737.2,0,0,147737.2,0,0,148224.78,0,0,147737.2,0,0,147737.2,0,0,149707.02,0,0,149707.02,0,0,147737.2,0,0,147737.2,0,0,149707.02,0,0,149707.02,0,0,147737.2,0,0,147737.2,0,0,147737.2,0,0,147737.2,0,0,147737.2,0,0,869266.59,0,0,147737.2,0,0,148224.78,0,0,147737.2,0,0,152762.27,0,0,149707.02,0,0,154869.34,0,0,147737.2
0,1,Pfizer,2021-06-28,any_risk_factors,0,0,0,0,0,0,0,0,0,0,0,0,0,0,0,0,0,0,0,0,0,0,0,0,0,0,0,0,0,0,0,0,0,0,0,0,0,0,0,0,0,0,0,0,0,0,0,0,0,0,277806.85,0,0,277806.85,0,0,277806.85,0,0,292269.68,0,0,284854.8,0,0,290380,0,0,283059.5,0,0,292269.68,0,0,290380,0,0,290380,0,0,279535.94,0,0,279535.94,0,0,279535.94,0,0,279535.94,0,0,277806.85,0,0,277806.85,0,0,281286.68,0,0,281286.68,0,0,277806.85,0,0,277806.85,0,0,277806.85,0,0,279535.94,0,0,279535.94,0,0,277806.85,0,0,277806.85,0,0,277806.85,0,0,277806.85,0,0,279535.94,0,0,279535.94,0,0,279535.94,0,0,283059.5,0,0,279535.94,0,0,279535.94,0,0,281286.68,0,0,281286.68,0,0,279535.94,0,0,279535.94,0,0,277806.85,0,0,277806.85,0,0,277806.85,0,0,677066.95,0,0,277806.85,0,0,277806.85,0,0,277806.85,0,0,284854.8,0,0,281286.68,0,0,288514.61,0,0,279535.94
0,1,Pfizer,2021-05-10,any_risk_factors,0,0,0,0,0,0,0,0,0,0,0,0,0,0,0,0,0,0,0,0,0,0,0,0,0,0,0,0,0,0,0,0,0,0,0,0,0,1,0,0,0,0,0,0,0,0,0,0,0,0,168842.51,0,0,168842.51,0,0,168842.51,0,0,182076.11,0,0,175437.92,0,0,180369.91,0,0,171857.55,0,0,175666.65,0,0,180611.69,0,0,180611.69,0,0,170336.69,0,0,170336.69,0,0,170336.69,0,0,170336.69,0,0,168842.51,0,0,168842.51,0,0,173182.93,0,0,173182.93,0,0,168842.51,0,0,168842.51,0,0,168842.51,0,0,170336.69,0,0,170336.69,0,0,168842.51,0,0,168842.51,0,0,168842.51,0,0,168842.51,0,0,168842.51,0,0,168842.51,0,0,170985.18,0,0,172517.7,0,0,168842.51,0,0,168842.51,0,0,168842.51,0,0,168842.51,0,0,168842.51,0,0,168842.51,0,0,168842.51,0,0,168842.51,0,0,168842.51,214852.94,5439.61,1197083.97,0,0,168842.51,0,0,168842.51,0,0,168842.51,0,0,174077.94,0,0,168842.51,0,0,174077.94,0,0,168842.51
0,2,Pfizer,2021-05-31,any_risk_factors,0,0,0,0,0,0,0,0,0,0,0,0,0,0,0,0,0,0,0,0,0,0,0,0,0,0,0,0,0,0,0,0,0,0,0,0,0,2,0,0,0,0,0,0,0,0,0,0,0,0,67200.16,0,0,67200.16,0,0,67200.16,0,0,71176.08,0,0,70138.64,0,0,71974.53,0,0,68637.96,0,0,71706.4,0,0,69883.98,0,0,69883.98,0,0,67200.16,0,0,67200.16,0,0,67200.16,0,0,67200.16,0,0,67200.16,0,0,67200.16,0,0,68083.03,0,0,68568.1,0,0,67200.16,0,0,67200.16,0,0,67200.16,0,0,67200.16,0,0,67200.16,0,0,67200.16,0,0,67200.16,0,0,67200.16,0,0,67435.6,0,0,67200.16,0,0,67200.16,0,0,68151.91,0,0,68151.91,0,0,67200.16,0,0,67200.16,0,0,68151.91,0,0,68151.91,0,0,67200.16,0,0,67200.16,0,0,67200.16,0,0,67200.16,0,0,67200.16,211127.17,25568.48,762663.92,0,0,67200.16,0,0,67435.6,0,0,67200.16,0,0,69631.17,0,0,68151.91,0,0,70653.55,0,0,67200.16
0,2,Pfizer,2021-06-07,any_risk_factors,0,0,0,0,0,0,0,0,0,0,0,0,0,0,0,0,0,0,0,0,0,0,0,0,0,0,0,0,0,0,0,0,0,0,0,0,0,0,0,0,0,0,0,0,0,0,0,0,0,0,66800.36,0,0,66800.36,0,0,66800.36,0,0,70727.73,0,0,69703.22,0,0,71516.09,0,0,68220.92,0,0,71251.36,0,0,69451.71,0,0,69451.71,0,0,66800.36,0,0,66800.36,0,0,66800.36,0,0,66800.36,0,0,66800.36,0,0,66800.36,0,0,67503.17,0,0,67979.98,0,0,66800.36,0,0,66800.36,0,0,66800.36,0,0,66800.36,0,0,66800.36,0,0,66800.36,0,0,66800.36,0,0,66800.36,0,0,67033,0,0,66800.36,0,0,66800.36,0,0,67740.74,0,0,67740.74,0,0,66800.36,0,0,66800.36,0,0,67740.74,0,0,67740.74,0,0,66800.36,0,0,66800.36,0,0,66800.36,0,0,66800.36,0,0,66800.36,0,0,392817.27,0,0,66800.36,0,0,67033,0,0,66800.36,0,0,69202.01,0,0,67740.74,0,0,70211.74,0,0,66800.36
0,2,Pfizer,2021-06-14,any_risk_factors,0,0,0,0,0,0,0,0,0,0,0,0,0,0,0,0,0,0,0,0,0,0,0,0,0,0,0,0,0,0,0,0,0,0,0,0,0,2,0,0,0,0,0,0,0,0,0,0,0,0,66569.33,0,0,66569.33,0,0,66569.33,0,0,70468.79,0,0,69451.71,0,0,71251.36,0,0,67979.98,0,0,70988.58,0,0,69202.01,0,0,69202.01,0,0,66569.33,0,0,66569.33,0,0,66569.33,0,0,66569.33,0,0,66569.33,0,0,66569.33,0,0,67267.26,0,0,67740.74,0,0,66569.33,0,0,66569.33,0,0,66569.33,0,0,66569.33,0,0,66569.33,0,0,66569.33,0,0,66569.33,0,0,66569.33,0,0,66800.36,0,0,66569.33,0,0,66569.33,0,0,67503.17,0,0,67503.17,0,0,66569.33,0,0,66569.33,0,0,67503.17,0,0,67503.17,0,0,66569.33,0,0,66569.33,0,0,66569.33,0,0,66569.33,0,0,66569.33,213596.49,25867.53,771583.97,0,0,66569.33,0,0,66800.36,0,0,66569.33,0,0,68954.11,0,0,67503.17,0,0,69956.55,0,0,66569.33
0,2,Pfizer,2021-06-21,any_risk_factors,0,0,0,0,0,0,0,0,0,0,0,0,0,0,0,0,0,0,0,0,0,0,0,0,0,0,0,0,0,0,0,0,0,0,0,0,0,1,0,0,0,0,0,0,0,0,0,0,0,0,65374.25,0,0,65374.25,0,0,65374.25,0,0,69131,0,0,68151.91,0,0,69883.98,0,0,66734.19,0,0,69631.17,0,0,67911.45,0,0,67911.45,0,0,65374.25,0,0,65374.25,0,0,65374.25,0,0,65374.25,0,0,65374.25,0,0,65374.25,0,0,66047.22,0,0,66503.61,0,0,65374.25,0,0,65374.25,0,0,65374.25,0,0,65374.25,0,0,65374.25,0,0,65374.25,0,0,65374.25,0,0,65374.25,0,0,65597.04,0,0,65374.25,0,0,65374.25,0,0,66274.63,0,0,66274.63,0,0,65374.25,0,0,65374.25,0,0,66274.63,0,0,66274.63,0,0,65374.25,0,0,65374.25,0,0,65374.25,0,0,65374.25,0,0,65374.25,106486.88,2696.01,593306.92,0,0,65374.25,0,0,65597.04,0,0,65374.25,0,0,67672.69,0,0,66274.63,0,0,68637.96,0,0,65374.25
0,1,Moderna,2021-03-15,any_risk_factors,0,0,0,0,0,0,0,0,0,0,0,0,0,0,0,0,0,0,0,0,0,0,0,0,0,0,0,0,0,0,0,0,0,0,0,0,0,0,0,0,0,0,0,0,0,0,0,0,0,0,4812011.5,0,0,4812011.5,0,0,4812011.5,0,0,6416015.34,0,0,6416015.34,0,0,6416015.34,0,0,4812011.5,0,0,4812011.5,0,0,6416015.34,0,0,6416015.34,0,0,4812011.5,0,0,4812011.5,0,0,4812011.5,0,0,4812011.5,0,0,4812011.5,0,0,4812011.5,0,0,6416015.34,0,0,6416015.34,0,0,4812011.5,0,0,4812011.5,0,0,4812011.5,0,0,4812011.5,0,0,4812011.5,0,0,4812011.5,0,0,4812011.5,0,0,4812011.5,0,0,4812011.5,0,0,4812011.5,0,0,4812011.5,0,0,4812011.5,0,0,4812011.5,0,0,4812011.5,0,0,4812011.5,0,0,4812011.5,0,0,4812011.5,0,0,4812011.5,0,0,4812011.5,0,0,4812011.5,0,0,4812011.5,0,0,4812011.5,0,0,19248046.01,0,0,4812011.5,0,0,4812011.5,0,0,4812011.5,0,0,4812011.5,0,0,4812011.5,0,0,4812011.5,0,0,4812011.5
0,1,Moderna,2021-03-22,any_risk_factors,0,0,0,0,0,0,0,0,0,0,0,0,0,0,0,0,0,0,0,0,0,0,0,0,0,0,0,0,0,0,0,0,0,0,0,0,0,0,0,0,0,0,0,0,0,0,0,0,0,0,2694726.44,0,0,2694726.44,0,0,2694726.44,0,0,3133402.84,0,0,3133402.84,0,0,3133402.84,0,0,2694726.44,0,0,2694726.44,0,0,3133402.84,0,0,3133402.84,0,0,2694726.44,0,0,2694726.44,0,0,2694726.44,0,0,2694726.44,0,0,2694726.44,0,0,2694726.44,0,0,3133402.84,0,0,3133402.84,0,0,2694726.44,0,0,2694726.44,0,0,2694726.44,0,0,2694726.44,0,0,2694726.44,0,0,2694726.44,0,0,2694726.44,0,0,2694726.44,0,0,2694726.44,0,0,2694726.44,0,0,2694726.44,0,0,2694726.44,0,0,2694726.44,0,0,2694726.44,0,0,2694726.44,0,0,2694726.44,0,0,2694726.44,0,0,2694726.44,0,0,2694726.44,0,0,2694726.44,0,0,2694726.44,0,0,2694726.44,0,0,7485351.23,0,0,2694726.44,0,0,2694726.44,0,0,2694726.44,0,0,2694726.44,0,0,2694726.44,0,0,2694726.44,0,0,2694726.44
0,1,Moderna,2021-03-29,any_risk_factors,0,0,0,0,0,0,0,0,0,0,0,0,0,0,0,0,0,0,0,0,0,0,0,0,0,0,0,0,0,0,0,0,0,0,0,0,0,0,0,0,0,0,0,0,0,0,0,0,0,0,1347363.22,0,0,1347363.22,0,0,1347363.22,0,0,1448777.66,0,0,1448777.66,0,0,1448777.66,0,0,1418277.07,0,0,1418277.07,0,0,1448777.66,0,0,1448777.66,0,0,1347363.22,0,0,1347363.22,0,0,1347363.22,0,0,1347363.22,0,0,1347363.22,0,0,1347363.22,0,0,1448777.66,0,0,1448777.66,0,0,1347363.22,0,0,1347363.22,0,0,1347363.22,0,0,1347363.22,0,0,1347363.22,0,0,1347363.22,0,0,1347363.22,0,0,1347363.22,0,0,1347363.22,0,0,1347363.22,0,0,1347363.22,0,0,1347363.22,0,0,1347363.22,0,0,1347363.22,0,0,1347363.22,0,0,1347363.22,0,0,1347363.22,0,0,1347363.22,0,0,1347363.22,0,0,1347363.22,0,0,1347363.22,0,0,1347363.22,0,0,3454777.49,0,0,1347363.22,0,0,1347363.22,0,0,1347363.22,0,0,1418277.07,0,0,1347363.22,0,0,1418277.07,0,0,1347363.22
0,1,Moderna,2021-04-05,any_risk_factors,0,0,0,0,0,0,0,0,0,0,0,0,0,0,0,0,0,0,0,0,0,0,0,0,0,0,0,0,0,0,0,0,0,0,0,0,0,0,0,0,0,0,0,0,0,0,0,0,0,0,983476.8,0,0,983476.8,0,0,983476.8,0,0,998046.83,0,0,998046.83,0,0,998046.83,0,0,1036433.25,0,0,1036433.25,0,0,1036433.25,0,0,1036433.25,0,0,983476.8,0,0,983476.8,0,0,983476.8,0,0,983476.8,0,0,983476.8,0,0,983476.8,0,0,998046.83,0,0,998046.83,0,0,983476.8,0,0,983476.8,0,0,983476.8,0,0,983476.8,0,0,983476.8,0,0,983476.8,0,0,983476.8,0,0,983476.8,0,0,983476.8,0,0,983476.8,0,0,983476.8,0,0,983476.8,0,0,983476.8,0,0,983476.8,0,0,983476.8,0,0,983476.8,0,0,983476.8,0,0,983476.8,0,0,983476.8,0,0,983476.8,0,0,983476.8,0,0,983476.8,0,0,2866730.26,0,0,983476.8,0,0,983476.8,0,0,983476.8,0,0,1036433.25,0,0,983476.8,0,0,1036433.25,0,0,983476.8
0,1,Moderna,2021-04-12,any_risk_factors,0,0,0,0,0,0,0,0,0,0,0,0,0,0,0,0,0,0,0,0,0,0,0,0,0,0,0,0,0,0,0,0,0,0,0,0,0,0,0,0,0,0,0,0,0,0,0,0,0,0,880629.56,0,0,880629.56,0,0,880629.56,0,0,880629.56,0,0,880629.56,0,0,880629.56,0,0,922851.52,0,0,922851.52,0,0,880629.56,0,0,880629.56,0,0,880629.56,0,0,880629.56,0,0,880629.56,0,0,880629.56,0,0,880629.56,0,0,880629.56,0,0,880629.56,0,0,880629.56,0,0,880629.56,0,0,880629.56,0,0,880629.56,0,0,880629.56,0,0,880629.56,0,0,880629.56,0,0,880629.56,0,0,880629.56,0,0,880629.56,0,0,880629.56,0,0,880629.56,0,0,880629.56,0,0,880629.56,0,0,880629.56,0,0,880629.56,0,0,880629.56,0,0,880629.56,0,0,880629.56,0,0,880629.56,0,0,880629.56,0,0,880629.56,0,0,880629.56,0,0,2363795.12,0,0,880629.56,0,0,880629.56,0,0,880629.56,0,0,922851.52,0,0,880629.56,0,0,922851.52,0,0,880629.56
0,1,Moderna,2021-04-19,any_risk_factors,0,0,0,0,0,0,0,0,0,0,0,0,0,0,0,0,0,0,0,0,0,0,0,0,0,0,0,0,0,0,0,0,0,0,0,0,0,0,0,0,0,0,0,0,0,0,0,0,0,0,869266.59,0,0,869266.59,0,0,869266.59,0,0,886423.17,0,0,869266.59,0,0,886423.17,0,0,904270.62,0,0,904270.62,0,0,869266.59,0,0,869266.59,0,0,869266.59,0,0,869266.59,0,0,869266.59,0,0,869266.59,0,0,869266.59,0,0,869266.59,0,0,869266.59,0,0,869266.59,0,0,869266.59,0,0,869266.59,0,0,869266.59,0,0,869266.59,0,0,886423.17,0,0,869266.59,0,0,869266.59,0,0,869266.59,0,0,869266.59,0,0,869266.59,0,0,869266.59,0,0,869266.59,0,0,869266.59,0,0,869266.59,0,0,869266.59,0,0,869266.59,0,0,869266.59,0,0,869266.59,0,0,869266.59,0,0,869266.59,0,0,869266.59,0,0,869266.59,0,0,2641888.67,0,0,869266.59,0,0,869266.59,0,0,869266.59,0,0,904270.62,0,0,869266.59,0,0,904270.62,0,0,869266.59
0,2,Moderna,2021-04-19,any_risk_factors,0,0,0,0,0,0,0,0,0,0,0,0,0,0,0,0,0,0,0,0,0,0,0,0,0,0,0,0,0,0,0,0,0,0,0,0,0,0,0,0,0,0,0,0,0,0,0,0,0,0,2283666.48,0,0,2283666.48,0,0,2283666.48,0,0,2591083.12,0,0,2591083.12,0,0,2591083.12,0,0,2323040.04,0,0,2323040.04,0,0,2591083.12,0,0,2591083.12,0,0,2283666.48,0,0,2283666.48,0,0,2283666.48,0,0,2283666.48,0,0,2283666.48,0,0,2283666.48,0,0,2591083.12,0,0,2591083.12,0,0,2283666.48,0,0,2283666.48,0,0,2283666.48,0,0,2283666.48,0,0,2283666.48,0,0,2283666.48,0,0,2283666.48,0,0,2283666.48,0,0,2283666.48,0,0,2283666.48,0,0,2283666.48,0,0,2283666.48,0,0,2283666.48,0,0,2283666.48,0,0,2283666.48,0,0,2283666.48,0,0,2283666.48,0,0,2283666.48,0,0,2283666.48,0,0,2283666.48,0,0,2283666.48,0,0,2283666.48,0,0,4990234.15,0,0,2283666.48,0,0,2283666.48,0,0,2283666.48,0,0,2323040.04,0,0,2283666.48,0,0,2323040.04,0,0,2283666.48
0,2,Moderna,2021-04-26,any_risk_factors,0,0,0,0,0,0,0,0,0,0,0,0,0,0,0,0,0,0,0,0,0,0,0,0,0,0,0,0,0,0,0,0,0,0,0,0,0,0,0,0,0,0,0,0,0,0,0,0,0,0,1283203.07,0,0,1283203.07,0,0,1283203.07,0,0,1374860.43,0,0,1374860.43,0,0,1374860.43,0,0,1374860.43,0,0,1374860.43,0,0,1374860.43,0,0,1374860.43,0,0,1283203.07,0,0,1283203.07,0,0,1283203.07,0,0,1283203.07,0,0,1283203.07,0,0,1283203.07,0,0,1374860.43,0,0,1374860.43,0,0,1283203.07,0,0,1283203.07,0,0,1283203.07,0,0,1283203.07,0,0,1283203.07,0,0,1283203.07,0,0,1283203.07,0,0,1283203.07,0,0,1283203.07,0,0,1283203.07,0,0,1283203.07,0,0,1283203.07,0,0,1283203.07,0,0,1283203.07,0,0,1283203.07,0,0,1283203.07,0,0,1283203.07,0,0,1283203.07,0,0,1283203.07,0,0,1283203.07,0,0,1283203.07,0,0,1283203.07,0,0,2641888.67,0,0,1283203.07,0,0,1283203.07,0,0,1283203.07,0,0,1374860.43,0,0,1283203.07,0,0,1374860.43,0,0,1283203.07
0,2,Moderna,2021-05-03,any_risk_factors,0,0,0,0,0,0,0,0,0,0,0,0,0,0,0,0,0,0,0,0,0,0,0,0,0,0,0,0,0,0,0,0,0,0,0,0,0,0,0,0,0,0,0,0,0,0,0,0,0,0,1005494.94,0,0,1005494.94,0,0,1005494.94,0,0,1060915.92,0,0,1060915.92,0,0,1060915.92,0,0,1060915.92,0,0,1060915.92,0,0,1060915.92,0,0,1060915.92,0,0,1005494.94,0,0,1005494.94,0,0,1005494.94,0,0,1005494.94,0,0,1005494.94,0,0,1005494.94,0,0,1060915.92,0,0,1060915.92,0,0,1005494.94,0,0,1005494.94,0,0,1005494.94,0,0,1005494.94,0,0,1005494.94,0,0,1005494.94,0,0,1005494.94,0,0,1005494.94,0,0,1005494.94,0,0,1005494.94,0,0,1005494.94,0,0,1005494.94,0,0,1005494.94,0,0,1005494.94,0,0,1005494.94,0,0,1005494.94,0,0,1005494.94,0,0,1005494.94,0,0,1005494.94,0,0,1005494.94,0,0,1005494.94,0,0,1005494.94,0,0,2173166.48,0,0,1005494.94,0,0,1005494.94,0,0,1005494.94,0,0,1060915.92,0,0,1005494.94,0,0,1060915.92,0,0,1005494.94
0,2,Moderna,2021-05-10,any_risk_factors,0,0,0,0,0,0,0,0,0,0,0,0,0,0,0,0,0,0,0,0,0,0,0,0,0,0,0,0,0,0,0,0,0,0,0,0,0,0,0,0,0,0,0,0,0,0,0,0,0,0,787931.71,0,0,787931.71,0,0,787931.71,0,0,821562.94,0,0,821562.94,0,0,821562.94,0,0,821562.94,0,0,821562.94,0,0,821562.94,0,0,821562.94,0,0,787931.71,0,0,787931.71,0,0,787931.71,0,0,787931.71,0,0,787931.71,0,0,787931.71,0,0,821562.94,0,0,821562.94,0,0,787931.71,0,0,787931.71,0,0,787931.71,0,0,787931.71,0,0,787931.71,0,0,787931.71,0,0,787931.71,0,0,787931.71,0,0,787931.71,0,0,787931.71,0,0,787931.71,0,0,787931.71,0,0,787931.71,0,0,787931.71,0,0,787931.71,0,0,787931.71,0,0,787931.71,0,0,787931.71,0,0,787931.71,0,0,787931.71,0,0,787931.71,0,0,787931.71,0,0,1820761.11,0,0,787931.71,0,0,787931.71,0,0,787931.71,0,0,821562.94,0,0,787931.71,0,0,821562.94,0,0,787931.71
0,2,Moderna,2021-05-17,any_risk_factors,0,0,0,0,0,0,0,0,0,0,0,0,0,0,0,0,0,0,0,0,0,0,0,0,0,0,0,0,0,0,0,0,0,0,0,0,0,0,0,0,0,0,0,0,0,0,0,0,0,0,720515.09,0,0,720515.09,0,0,720515.09,0,0,756945.63,0,0,748535.12,0,0,756945.63,0,0,748535.12,0,0,748535.12,0,0,748535.12,0,0,748535.12,0,0,720515.09,0,0,720515.09,0,0,720515.09,0,0,720515.09,0,0,720515.09,0,0,720515.09,0,0,748535.12,0,0,748535.12,0,0,720515.09,0,0,720515.09,0,0,720515.09,0,0,720515.09,0,0,728304.44,0,0,720515.09,0,0,720515.09,0,0,720515.09,0,0,720515.09,0,0,720515.09,0,0,720515.09,0,0,720515.09,0,0,720515.09,0,0,720515.09,0,0,720515.09,0,0,720515.09,0,0,720515.09,0,0,720515.09,0,0,720515.09,0,0,720515.09,0,0,720515.09,0,0,720515.09,0,0,1727388.74,0,0,720515.09,0,0,720515.09,0,0,720515.09,0,0,748535.12,0,0,720515.09,0,0,748535.12,0,0,720515.09
0,2,Moderna,2021-05-24,any_risk_factors,0,0,0,0,0,0,0,0,0,0,0,0,0,0,0,0,0,0,0,0,0,0,0,0,0,0,0,0,0,0,0,0,0,0,0,0,0,0,0,0,0,0,0,0,0,0,0,0,0,0,650900.11,0,0,650900.11,0,0,650900.11,0,0,698115.66,0,0,673681.61,0,0,698115.66,0,0,673681.61,0,0,673681.61,0,0,673681.61,0,0,673681.61,0,0,650900.11,0,0,650900.11,0,0,650900.11,0,0,650900.11,0,0,650900.11,0,0,650900.11,0,0,673681.61,0,0,673681.61,0,0,650900.11,0,0,650900.11,0,0,650900.11,0,0,650900.11,0,0,673681.61,0,0,650900.11,0,0,650900.11,0,0,650900.11,0,0,650900.11,0,0,650900.11,0,0,650900.11,0,0,650900.11,0,0,650900.11,0,0,650900.11,0,0,650900.11,0,0,650900.11,0,0,650900.11,0,0,650900.11,0,0,650900.11,0,0,650900.11,0,0,650900.11,0,0,650900.11,0,0,1604003.83,0,0,650900.11,0,0,650900.11,0,0,650900.11,0,0,673681.61,0,0,650900.11,0,0,673681.61,0,0,650900.11
0,2,Moderna,2021-05-31,any_risk_factors,0,0,0,0,0,0,0,0,0,0,0,0,0,0,0,0,0,0,0,0,0,0,0,0,0,0,0,0,0,0,0,0,0,0,0,0,0,0,0,0,0,0,0,0,0,0,0,0,0,0,590948.78,0,0,590948.78,0,0,590948.78,0,0,629608.98,0,0,609666.62,0,0,629608.98,0,0,609666.62,0,0,609666.62,0,0,609666.62,0,0,609666.62,0,0,590948.78,0,0,590948.78,0,0,590948.78,0,0,590948.78,0,0,590948.78,0,0,590948.78,0,0,609666.62,0,0,618056.52,0,0,590948.78,0,0,590948.78,0,0,590948.78,0,0,590948.78,0,0,609666.62,0,0,590948.78,0,0,590948.78,0,0,590948.78,0,0,590948.78,0,0,590948.78,0,0,590948.78,0,0,590948.78,0,0,590948.78,0,0,590948.78,0,0,590948.78,0,0,590948.78,0,0,590948.78,0,0,590948.78,0,0,590948.78,0,0,590948.78,0,0,590948.78,0,0,590948.78,0,0,1566701.42,0,0,590948.78,0,0,590948.78,0,0,590948.78,0,0,609666.62,0,0,590948.78,0,0,609666.62,0,0,590948.78
0,2,Moderna,2021-06-07,any_risk_factors,0,0,0,0,0,0,0,0,0,0,0,0,0,0,0,0,0,0,0,0,0,0,0,0,0,0,0,0,0,0,0,0,0,0,0,0,0,0,0,0,0,0,0,0,0,0,0,0,0,0,556761.66,0,0,556761.66,0,0,556761.66,0,0,590948.78,0,0,573346.05,0,0,590948.78,0,0,573346.05,0,0,573346.05,0,0,573346.05,0,0,573346.05,0,0,556761.66,0,0,556761.66,0,0,556761.66,0,0,556761.66,0,0,556761.66,0,0,556761.66,0,0,573346.05,0,0,590948.78,0,0,556761.66,0,0,556761.66,0,0,556761.66,0,0,556761.66,0,0,573346.05,0,0,556761.66,0,0,556761.66,0,0,556761.66,0,0,556761.66,0,0,556761.66,0,0,556761.66,0,0,556761.66,0,0,556761.66,0,0,556761.66,0,0,556761.66,0,0,556761.66,0,0,556761.66,0,0,556761.66,0,0,556761.66,0,0,556761.66,0,0,556761.66,0,0,556761.66,0,0,1480618.92,0,0,556761.66,0,0,556761.66,0,0,556761.66,0,0,573346.05,0,0,556761.66,0,0,573346.05,0,0,556761.66
0,2,Moderna,2021-06-14,any_risk_factors,0,0,0,0,0,0,0,0,0,0,0,0,0,0,0,0,0,0,0,0,0,0,0,0,0,0,0,0,0,0,0,0,0,0,0,0,0,0,0,0,0,0,0,0,0,0,0,0,0,0,549944.17,0,0,549944.17,0,0,549944.17,0,0,583274.12,0,0,566119,0,0,583274.12,0,0,566119,0,0,566119,0,0,566119,0,0,566119,0,0,549944.17,0,0,549944.17,0,0,549944.17,0,0,549944.17,0,0,549944.17,0,0,549944.17,0,0,566119,0,0,583274.12,0,0,549944.17,0,0,549944.17,0,0,549944.17,0,0,549944.17,0,0,566119,0,0,549944.17,0,0,549944.17,0,0,549944.17,0,0,549944.17,0,0,549944.17,0,0,549944.17,0,0,549944.17,0,0,549944.17,0,0,549944.17,0,0,549944.17,0,0,549944.17,0,0,549944.17,0,0,549944.17,0,0,549944.17,0,0,549944.17,0,0,549944.17,0,0,549944.17,0,0,1480618.92,0,0,549944.17,0,0,549944.17,0,0,549944.17,0,0,566119,0,0,549944.17,0,0,566119,0,0,549944.17
0,2,Moderna,2021-06-21,any_risk_factors,0,0,0,0,0,0,0,0,0,0,0,0,0,0,0,0,0,0,0,0,0,0,0,0,0,0,0,0,0,0,0,0,0,0,0,0,0,0,0,0,0,0,0,0,0,0,0,0,0,0,541109.73,0,0,541109.73,0,0,541109.73,0,0,573346.05,0,0,556761.66,0,0,573346.05,0,0,556761.66,0,0,556761.66,0,0,556761.66,0,0,556761.66,0,0,541109.73,0,0,541109.73,0,0,541109.73,0,0,541109.73,0,0,541109.73,0,0,541109.73,0,0,556761.66,0,0,573346.05,0,0,541109.73,0,0,541109.73,0,0,541109.73,0,0,541109.73,0,0,556761.66,0,0,541109.73,0,0,541109.73,0,0,541109.73,0,0,541109.73,0,0,541109.73,0,0,541109.73,0,0,541109.73,0,0,541109.73,0,0,541109.73,0,0,541109.73,0,0,541109.73,0,0,541109.73,0,0,541109.73,0,0,541109.73,0,0,541109.73,0,0,541109.73,0,0,541109.73,0,0,1418277.07,0,0,541109.73,0,0,541109.73,0,0,541109.73,0,0,556761.66,0,0,541109.73,0,0,556761.66,0,0,541109.73
0,2,Moderna,2021-06-28,any_risk_factors,0,0,0,0,0,0,0,0,0,0,0,0,0,0,0,0,0,0,0,0,0,0,0,0,0,0,0,0,0,0,0,0,0,0,0,0,0,0,0,0,0,0,0,0,0,0,0,0,0,0,1213840.74,0,0,1213840.74,0,0,1213840.74,0,0,1320944.33,0,0,1247558.54,0,0,1283203.07,0,0,1247558.54,0,0,1247558.54,0,0,1247558.54,0,0,1247558.54,0,0,1213840.74,0,0,1213840.74,0,0,1213840.74,0,0,1213840.74,0,0,1213840.74,0,0,1213840.74,0,0,1247558.54,0,0,1283203.07,0,0,1213840.74,0,0,1213840.74,0,0,1213840.74,0,0,1213840.74,0,0,1247558.54,0,0,1213840.74,0,0,1213840.74,0,0,1213840.74,0,0,1213840.74,0,0,1213840.74,0,0,1213840.74,0,0,1213840.74,0,0,1213840.74,0,0,1213840.74,0,0,1213840.74,0,0,1213840.74,0,0,1213840.74,0,0,1213840.74,0,0,1213840.74,0,0,1213840.74,0,0,1213840.74,0,0,1213840.74,0,0,3208007.67,0,0,1213840.74,0,0,1213840.74,0,0,1213840.74,0,0,1247558.54,0,0,1213840.74,0,0,1247558.54,0,0,1213840.74
0,1,Moderna,2021-02-08,any_risk_factors,0,0,0,0,0,0,0,0,0,0,0,0,0,0,0,0,0,0,0,0,0,0,0,0,0,0,0,0,0,0,0,0,0,0,0,0,0,0,0,0,0,0,0,0,0,0,0,0,0,0,11228026.84,0,0,11228026.84,0,0,11228026.84,0,0,11228026.84,0,0,11228026.84,0,0,11228026.84,0,0,11228026.84,0,0,11228026.84,0,0,11228026.84,0,0,11228026.84,0,0,11228026.84,0,0,11228026.84,0,0,11228026.84,0,0,11228026.84,0,0,11228026.84,0,0,11228026.84,0,0,11228026.84,0,0,11228026.84,0,0,11228026.84,0,0,11228026.84,0,0,11228026.84,0,0,11228026.84,0,0,11228026.84,0,0,11228026.84,0,0,11228026.84,0,0,11228026.84,0,0,11228026.84,0,0,11228026.84,0,0,11228026.84,0,0,11228026.84,0,0,11228026.84,0,0,11228026.84,0,0,11228026.84,0,0,11228026.84,0,0,11228026.84,0,0,11228026.84,0,0,11228026.84,0,0,11228026.84,0,0,11228026.84,0,0,11228026.84,0,0,11228026.84,0,0,11228026.84,0,0,11228026.84,0,0,11228026.84,0,0,11228026.84,0,0,11228026.84,0,0,11228026.84,0,0,11228026.84
0,1,Moderna,2021-02-15,any_risk_factors,0,0,0,0,0,0,0,0,0,0,0,0,0,0,0,0,0,0,0,0,0,0,0,0,0,0,0,0,0,0,0,0,0,0,0,0,0,0,0,0,0,0,0,0,0,0,0,0,0,0,12248756.55,0,0,12248756.55,0,0,12248756.55,0,0,12248756.55,0,0,12248756.55,0,0,12248756.55,0,0,12248756.55,0,0,12248756.55,0,0,12248756.55,0,0,12248756.55,0,0,12248756.55,0,0,12248756.55,0,0,12248756.55,0,0,12248756.55,0,0,12248756.55,0,0,12248756.55,0,0,12248756.55,0,0,12248756.55,0,0,12248756.55,0,0,12248756.55,0,0,12248756.55,0,0,12248756.55,0,0,12248756.55,0,0,12248756.55,0,0,12248756.55,0,0,12248756.55,0,0,12248756.55,0,0,12248756.55,0,0,12248756.55,0,0,12248756.55,0,0,12248756.55,0,0,12248756.55,0,0,12248756.55,0,0,12248756.55,0,0,12248756.55,0,0,12248756.55,0,0,12248756.55,0,0,12248756.55,0,0,12248756.55,0,0,12248756.55,0,0,12248756.55,0,0,12248756.55,0,0,12248756.55,0,0,12248756.55,0,0,12248756.55,0,0,12248756.55,0,0,12248756.55,0,0,12248756.55
0,1,Moderna,2021-02-22,any_risk_factors,0,0,0,0,0,0,0,0,0,0,0,0,0,0,0,0,0,0,0,0,0,0,0,0,0,0,0,0,0,0,0,0,0,0,0,0,0,0,0,0,0,0,0,0,0,0,0,0,0,0,19248046.01,0,0,19248046.01,0,0,19248046.01,0,0,19248046.01,0,0,19248046.01,0,0,19248046.01,0,0,19248046.01,0,0,19248046.01,0,0,19248046.01,0,0,19248046.01,0,0,19248046.01,0,0,19248046.01,0,0,19248046.01,0,0,19248046.01,0,0,19248046.01,0,0,19248046.01,0,0,19248046.01,0,0,19248046.01,0,0,19248046.01,0,0,19248046.01,0,0,19248046.01,0,0,19248046.01,0,0,19248046.01,0,0,19248046.01,0,0,19248046.01,0,0,19248046.01,0,0,19248046.01,0,0,19248046.01,0,0,19248046.01,0,0,19248046.01,0,0,19248046.01,0,0,19248046.01,0,0,19248046.01,0,0,19248046.01,0,0,19248046.01,0,0,19248046.01,0,0,19248046.01,0,0,19248046.01,0,0,19248046.01,0,0,19248046.01,0,0,19248046.01,0,0,19248046.01,0,0,19248046.01,0,0,19248046.01,0,0,19248046.01,0,0,19248046.01,0,0,19248046.01,0,0,19248046.01
0,1,Moderna,2021-03-01,any_risk_factors,0,0,0,0,0,0,0,0,0,0,0,0,0,0,0,0,0,0,0,0,0,0,0,0,0,0,0,0,0,0,0,0,0,0,0,0,0,0,0,0,0,0,0,0,0,0,0,0,0,0,19248046.01,0,0,19248046.01,0,0,19248046.01,0,0,19248046.01,0,0,19248046.01,0,0,19248046.01,0,0,19248046.01,0,0,19248046.01,0,0,19248046.01,0,0,19248046.01,0,0,19248046.01,0,0,19248046.01,0,0,19248046.01,0,0,19248046.01,0,0,19248046.01,0,0,19248046.01,0,0,19248046.01,0,0,19248046.01,0,0,19248046.01,0,0,19248046.01,0,0,19248046.01,0,0,19248046.01,0,0,19248046.01,0,0,19248046.01,0,0,19248046.01,0,0,19248046.01,0,0,19248046.01,0,0,19248046.01,0,0,19248046.01,0,0,19248046.01,0,0,19248046.01,0,0,19248046.01,0,0,19248046.01,0,0,19248046.01,0,0,19248046.01,0,0,19248046.01,0,0,19248046.01,0,0,19248046.01,0,0,19248046.01,0,0,19248046.01,0,0,19248046.01,0,0,19248046.01,0,0,19248046.01,0,0,19248046.01,0,0,19248046.01,0,0,19248046.01,0,0,19248046.01,0,0,19248046.01
0,1,Moderna,2021-03-08,any_risk_factors,0,0,0,0,0,0,0,0,0,0,0,0,0,0,0,0,0,0,0,0,0,0,0,0,0,0,0,0,0,0,0,0,0,0,0,0,0,0,0,0,0,0,0,0,0,0,0,0,0,0,16842040.26,0,0,16842040.26,0,0,16842040.26,0,0,26947264.41,0,0,26947264.41,0,0,26947264.41,0,0,16842040.26,0,0,16842040.26,0,0,26947264.41,0,0,26947264.41,0,0,16842040.26,0,0,16842040.26,0,0,16842040.26,0,0,16842040.26,0,0,16842040.26,0,0,16842040.26,0,0,26947264.41,0,0,26947264.41,0,0,16842040.26,0,0,16842040.26,0,0,16842040.26,0,0,16842040.26,0,0,16842040.26,0,0,16842040.26,0,0,16842040.26,0,0,16842040.26,0,0,16842040.26,0,0,16842040.26,0,0,16842040.26,0,0,16842040.26,0,0,16842040.26,0,0,16842040.26,0,0,16842040.26,0,0,16842040.26,0,0,16842040.26,0,0,16842040.26,0,0,16842040.26,0,0,16842040.26,0,0,16842040.26,0,0,16842040.26,0,0,67368161.03,0,0,16842040.26,0,0,16842040.26,0,0,16842040.26,0,0,16842040.26,0,0,16842040.26,0,0,16842040.26,0,0,16842040.26
0,1,Moderna,2021-05-31,any_risk_factors,0,0,0,0,0,0,0,0,0,0,0,0,0,0,0,0,0,0,0,0,0,0,0,0,0,0,0,0,0,0,0,0,0,0,0,0,0,0,0,0,0,0,0,0,0,0,0,0,0,0,942212.04,0,0,942212.04,0,0,942212.04,0,0,1005494.94,0,0,942212.04,0,0,942212.04,0,0,942212.04,0,0,942212.04,0,0,983476.8,0,0,983476.8,0,0,942212.04,0,0,942212.04,0,0,942212.04,0,0,942212.04,0,0,942212.04,0,0,942212.04,0,0,942212.04,0,0,969326.06,0,0,942212.04,0,0,942212.04,0,0,942212.04,0,0,942212.04,0,0,942212.04,0,0,942212.04,0,0,942212.04,0,0,942212.04,0,0,942212.04,0,0,942212.04,0,0,942212.04,0,0,942212.04,0,0,942212.04,0,0,942212.04,0,0,942212.04,0,0,942212.04,0,0,942212.04,0,0,942212.04,0,0,942212.04,0,0,942212.04,0,0,942212.04,0,0,942212.04,0,0,3962833,0,0,942212.04,0,0,942212.04,0,0,942212.04,0,0,942212.04,0,0,942212.04,0,0,942212.04,0,0,942212.04
0,1,Moderna,2021-06-07,any_risk_factors,0,0,0,0,0,0,0,0,0,0,0,0,0,0,0,0,0,0,0,0,0,0,0,0,0,0,0,0,0,0,0,0,0,0,0,0,0,0,0,0,0,0,0,0,0,0,0,0,0,0,898242.15,0,0,898242.15,0,0,898242.15,0,0,990708.25,0,0,898242.15,0,0,898242.15,0,0,898242.15,0,0,898242.15,0,0,942212.04,0,0,942212.04,0,0,898242.15,0,0,898242.15,0,0,898242.15,0,0,898242.15,0,0,898242.15,0,0,898242.15,0,0,898242.15,0,0,898242.15,0,0,898242.15,0,0,898242.15,0,0,898242.15,0,0,898242.15,0,0,898242.15,0,0,898242.15,0,0,898242.15,0,0,898242.15,0,0,898242.15,0,0,898242.15,0,0,898242.15,0,0,898242.15,0,0,898242.15,0,0,898242.15,0,0,898242.15,0,0,898242.15,0,0,898242.15,0,0,898242.15,0,0,898242.15,0,0,898242.15,0,0,898242.15,0,0,898242.15,0,0,3849609.2,0,0,898242.15,0,0,898242.15,0,0,898242.15,0,0,898242.15,0,0,898242.15,0,0,898242.15,0,0,898242.15
0,1,Moderna,2021-06-14,any_risk_factors,0,0,0,0,0,0,0,0,0,0,0,0,0,0,0,0,0,0,0,0,0,0,0,0,0,0,0,0,0,0,0,0,0,0,0,0,0,0,0,0,0,0,0,0,0,0,0,0,0,0,892293.52,0,0,892293.52,0,0,892293.52,0,0,983476.8,0,0,892293.52,0,0,892293.52,0,0,892293.52,0,0,892293.52,0,0,935668.9,0,0,935668.9,0,0,892293.52,0,0,892293.52,0,0,892293.52,0,0,892293.52,0,0,892293.52,0,0,892293.52,0,0,892293.52,0,0,892293.52,0,0,892293.52,0,0,892293.52,0,0,892293.52,0,0,892293.52,0,0,892293.52,0,0,892293.52,0,0,892293.52,0,0,892293.52,0,0,892293.52,0,0,892293.52,0,0,892293.52,0,0,892293.52,0,0,892293.52,0,0,892293.52,0,0,892293.52,0,0,892293.52,0,0,892293.52,0,0,892293.52,0,0,892293.52,0,0,892293.52,0,0,892293.52,0,0,892293.52,0,0,3454777.49,0,0,892293.52,0,0,892293.52,0,0,892293.52,0,0,892293.52,0,0,892293.52,0,0,892293.52,0,0,892293.52
0,1,Moderna,2021-06-21,any_risk_factors,0,0,0,0,0,0,0,0,0,0,0,0,0,0,0,0,0,0,0,0,0,0,0,0,0,0,0,0,0,0,0,0,0,0,0,0,0,0,0,0,0,0,0,0,0,0,0,0,0,0,935668.9,0,0,935668.9,0,0,935668.9,0,0,1036433.25,0,0,935668.9,0,0,935668.9,0,0,935668.9,0,0,935668.9,0,0,983476.8,0,0,983476.8,0,0,935668.9,0,0,935668.9,0,0,935668.9,0,0,935668.9,0,0,935668.9,0,0,935668.9,0,0,935668.9,0,0,935668.9,0,0,935668.9,0,0,935668.9,0,0,935668.9,0,0,935668.9,0,0,935668.9,0,0,935668.9,0,0,935668.9,0,0,935668.9,0,0,935668.9,0,0,935668.9,0,0,935668.9,0,0,935668.9,0,0,935668.9,0,0,935668.9,0,0,935668.9,0,0,935668.9,0,0,935668.9,0,0,935668.9,0,0,935668.9,0,0,935668.9,0,0,935668.9,0,0,935668.9,0,0,3454777.49,0,0,935668.9,0,0,935668.9,0,0,935668.9,0,0,935668.9,0,0,935668.9,0,0,935668.9,0,0,935668.9
0,1,Moderna,2021-06-28,any_risk_factors,0,0,0,0,0,0,0,0,0,0,0,0,0,0,0,0,0,0,0,0,0,0,0,0,0,0,0,0,0,0,0,0,0,0,0,0,0,0,0,0,0,0,0,0,0,0,0,0,0,0,2138671.78,0,0,2138671.78,0,0,2138671.78,0,0,2245605.37,0,0,2138671.78,0,0,2138671.78,0,0,2138671.78,0,0,2138671.78,0,0,2245605.37,0,0,2245605.37,0,0,2138671.78,0,0,2138671.78,0,0,2138671.78,0,0,2138671.78,0,0,2138671.78,0,0,2138671.78,0,0,2138671.78,0,0,2138671.78,0,0,2138671.78,0,0,2138671.78,0,0,2138671.78,0,0,2138671.78,0,0,2138671.78,0,0,2138671.78,0,0,2138671.78,0,0,2138671.78,0,0,2138671.78,0,0,2138671.78,0,0,2138671.78,0,0,2138671.78,0,0,2138671.78,0,0,2138671.78,0,0,2138671.78,0,0,2138671.78,0,0,2138671.78,0,0,2138671.78,0,0,2138671.78,0,0,2138671.78,0,0,2138671.78,0,0,2138671.78,0,0,7485351.23,0,0,2138671.78,0,0,2138671.78,0,0,2138671.78,0,0,2138671.78,0,0,2138671.78,0,0,2138671.78,0,0,2138671.78
0,1,Moderna,2021-04-26,any_risk_factors,0,0,0,0,0,0,0,0,0,0,0,0,0,0,0,0,0,0,0,0,0,0,0,0,0,0,0,0,0,0,0,0,0,0,0,0,0,0,0,0,0,0,0,0,0,0,0,0,0,0,1013055.05,0,0,1013055.05,0,0,1013055.05,0,0,1069335.89,0,0,1013055.05,0,0,1069335.89,0,0,1013055.05,0,0,1013055.05,0,0,1013055.05,0,0,1013055.05,0,0,1013055.05,0,0,1013055.05,0,0,1013055.05,0,0,1013055.05,0,0,1013055.05,0,0,1013055.05,0,0,1013055.05,0,0,1013055.05,0,0,1013055.05,0,0,1013055.05,0,0,1013055.05,0,0,1013055.05,0,0,1069335.89,0,0,1013055.05,0,0,1013055.05,0,0,1013055.05,0,0,1013055.05,0,0,1013055.05,0,0,1013055.05,0,0,1013055.05,0,0,1013055.05,0,0,1013055.05,0,0,1013055.05,0,0,1013055.05,0,0,1013055.05,0,0,1013055.05,0,0,1013055.05,0,0,1013055.05,0,0,1013055.05,0,0,1013055.05,0,0,3849609.2,0,0,1013055.05,0,0,1013055.05,0,0,1013055.05,0,0,1013055.05,0,0,1013055.05,0,0,1013055.05,0,0,1013055.05
0,1,Moderna,2021-05-03,any_risk_factors,0,0,0,0,0,0,0,0,0,0,0,0,0,0,0,0,0,0,0,0,0,0,0,0,0,0,0,0,0,0,0,0,0,0,0,0,0,0,0,0,0,0,0,0,0,0,0,0,0,0,955576.75,0,0,955576.75,0,0,955576.75,0,0,1005494.94,0,0,955576.75,0,0,1005494.94,0,0,955576.75,0,0,955576.75,0,0,955576.75,0,0,955576.75,0,0,955576.75,0,0,955576.75,0,0,955576.75,0,0,955576.75,0,0,955576.75,0,0,955576.75,0,0,955576.75,0,0,998046.83,0,0,955576.75,0,0,955576.75,0,0,955576.75,0,0,955576.75,0,0,1005494.94,0,0,955576.75,0,0,955576.75,0,0,955576.75,0,0,955576.75,0,0,955576.75,0,0,955576.75,0,0,955576.75,0,0,955576.75,0,0,955576.75,0,0,955576.75,0,0,955576.75,0,0,955576.75,0,0,955576.75,0,0,955576.75,0,0,955576.75,0,0,955576.75,0,0,955576.75,0,0,4346332.97,0,0,955576.75,0,0,955576.75,0,0,955576.75,0,0,955576.75,0,0,955576.75,0,0,955576.75,0,0,955576.75
0,1,Moderna,2021-05-10,any_risk_factors,0,0,0,0,0,0,0,0,0,0,0,0,0,0,0,0,0,0,0,0,0,0,0,0,0,0,0,0,0,0,0,0,0,0,0,0,0,0,0,0,0,0,0,0,0,0,0,0,0,0,1095417.25,0,0,1095417.25,0,0,1095417.25,0,0,1171620.19,0,0,1095417.25,0,0,1161520.02,0,0,1095417.25,0,0,1095417.25,0,0,1095417.25,0,0,1095417.25,0,0,1095417.25,0,0,1095417.25,0,0,1095417.25,0,0,1095417.25,0,0,1095417.25,0,0,1095417.25,0,0,1095417.25,0,0,1161520.02,0,0,1095417.25,0,0,1095417.25,0,0,1095417.25,0,0,1095417.25,0,0,1161520.02,0,0,1095417.25,0,0,1095417.25,0,0,1095417.25,0,0,1095417.25,0,0,1095417.25,0,0,1095417.25,0,0,1095417.25,0,0,1095417.25,0,0,1095417.25,0,0,1095417.25,0,0,1095417.25,0,0,1095417.25,0,0,1095417.25,0,0,1095417.25,0,0,1095417.25,0,0,1095417.25,0,0,1095417.25,0,0,4990234.15,0,0,1095417.25,0,0,1095417.25,0,0,1095417.25,0,0,1095417.25,0,0,1095417.25,0,0,1095417.25,0,0,1095417.25
0,1,Moderna,2021-05-17,any_risk_factors,0,0,0,0,0,0,0,0,0,0,0,0,0,0,0,0,0,0,0,0,0,0,0,0,0,0,0,0,0,0,0,0,0,0,0,0,0,0,0,0,0,0,0,0,0,0,0,0,0,0,969326.06,0,0,969326.06,0,0,969326.06,0,0,1060915.92,0,0,969326.06,0,0,1005494.94,0,0,969326.06,0,0,969326.06,0,0,969326.06,0,0,969326.06,0,0,969326.06,0,0,969326.06,0,0,969326.06,0,0,969326.06,0,0,969326.06,0,0,969326.06,0,0,969326.06,0,0,1020729.71,0,0,969326.06,0,0,969326.06,0,0,969326.06,0,0,969326.06,0,0,1005494.94,0,0,969326.06,0,0,969326.06,0,0,969326.06,0,0,969326.06,0,0,969326.06,0,0,969326.06,0,0,969326.06,0,0,969326.06,0,0,969326.06,0,0,969326.06,0,0,969326.06,0,0,969326.06,0,0,969326.06,0,0,969326.06,0,0,969326.06,0,0,969326.06,0,0,969326.06,0,0,4346332.97,0,0,969326.06,0,0,969326.06,0,0,969326.06,0,0,969326.06,0,0,969326.06,0,0,969326.06,0,0,969326.06
0,1,Moderna,2021-05-24,any_risk_factors,0,0,0,0,0,0,0,0,0,0,0,0,0,0,0,0,0,0,0,0,0,0,0,0,0,0,0,0,0,0,0,0,0,0,0,0,0,0,0,0,0,0,0,0,0,0,0,0,0,0,990708.25,0,0,990708.25,0,0,990708.25,0,0,1044467.61,0,0,990708.25,0,0,990708.25,0,0,990708.25,0,0,990708.25,0,0,990708.25,0,0,990708.25,0,0,990708.25,0,0,990708.25,0,0,990708.25,0,0,990708.25,0,0,990708.25,0,0,990708.25,0,0,990708.25,0,0,1044467.61,0,0,990708.25,0,0,990708.25,0,0,990708.25,0,0,990708.25,0,0,990708.25,0,0,990708.25,0,0,990708.25,0,0,990708.25,0,0,990708.25,0,0,990708.25,0,0,990708.25,0,0,990708.25,0,0,990708.25,0,0,990708.25,0,0,990708.25,0,0,990708.25,0,0,990708.25,0,0,990708.25,0,0,990708.25,0,0,990708.25,0,0,990708.25,0,0,990708.25,0,0,4346332.97,0,0,990708.25,0,0,990708.25,0,0,990708.25,0,0,990708.25,0,0,990708.25,0,0,990708.25,0,0,990708.25
0,1,Pfizer,2021-03-01,any_risk_factors,0,0,0,0,0,0,0,0,0,0,0,0,0,0,0,0,0,0,0,0,0,0,0,0,0,0,0,0,0,0,0,0,0,0,0,0,0,0,0,0,0,0,0,0,0,0,0,0,0,0,874911.18,0,0,874911.18,0,0,874911.18,0,0,962402.3,0,0,916573.62,0,0,962402.3,0,0,874911.18,0,0,874911.18,0,0,929216.01,0,0,929216.01,0,0,874911.18,0,0,874911.18,0,0,874911.18,0,0,874911.18,0,0,874911.18,0,0,874911.18,0,0,898242.15,0,0,898242.15,0,0,874911.18,0,0,874911.18,0,0,874911.18,0,0,874911.18,0,0,874911.18,0,0,874911.18,0,0,874911.18,0,0,874911.18,0,0,874911.18,0,0,874911.18,0,0,874911.18,0,0,916573.62,0,0,916573.62,0,0,874911.18,0,0,874911.18,0,0,874911.18,0,0,874911.18,0,0,874911.18,0,0,874911.18,0,0,874911.18,0,0,874911.18,0,0,874911.18,0,0,3133402.84,0,0,874911.18,0,0,874911.18,0,0,874911.18,0,0,916573.62,0,0,874911.18,0,0,916573.62,0,0,874911.18
0,1,Pfizer,2021-03-08,any_risk_factors,0,0,0,0,0,0,0,0,0,0,0,0,0,0,0,0,0,0,0,0,0,0,0,0,0,0,0,0,0,0,0,0,0,0,0,0,0,0,0,0,0,0,0,0,0,0,0,0,0,0,426380.77,0,0,426380.77,0,0,426380.77,0,0,446146.76,0,0,446146.76,0,0,469464.54,0,0,427734.36,0,0,434633.3,0,0,449121.07,0,0,449121.07,0,0,426380.77,0,0,426380.77,0,0,426380.77,0,0,426380.77,0,0,426380.77,0,0,426380.77,0,0,436039.88,0,0,443211.59,0,0,426380.77,0,0,426380.77,0,0,426380.77,0,0,426380.77,0,0,426380.77,0,0,426380.77,0,0,426380.77,0,0,426380.77,0,0,426380.77,0,0,426380.77,0,0,426380.77,0,0,436039.88,0,0,436039.88,0,0,426380.77,0,0,426380.77,0,0,426380.77,0,0,426380.77,0,0,426380.77,0,0,426380.77,0,0,426380.77,0,0,426380.77,0,0,426380.77,0,0,1684204.03,0,0,426380.77,0,0,426380.77,0,0,426380.77,0,0,437455.59,0,0,426380.77,0,0,437455.59,0,0,426380.77
0,1,Pfizer,2021-03-15,any_risk_factors,0,0,0,0,0,0,0,0,0,0,0,0,0,0,0,0,0,0,0,0,0,0,0,0,0,0,0,0,0,0,0,0,0,0,0,0,0,0,0,0,0,0,0,0,0,0,0,0,0,0,300750.72,0,0,300750.72,0,0,300750.72,0,0,317026.64,0,0,322335.7,0,0,339386.2,0,0,305524.54,0,0,320800.77,0,0,326238.07,0,0,326238.07,0,0,300750.72,0,0,300750.72,0,0,300750.72,0,0,300750.72,0,0,300750.72,0,0,300750.72,0,0,308321.1,0,0,313340.28,0,0,300750.72,0,0,300750.72,0,0,300750.72,0,0,300750.72,0,0,300750.72,0,0,300750.72,0,0,300750.72,0,0,300750.72,0,0,300750.72,0,0,300750.72,0,0,300750.72,0,0,305524.54,0,0,305524.54,0,0,300750.72,0,0,300750.72,0,0,305524.54,0,0,305524.54,0,0,300750.72,0,0,300750.72,0,0,300750.72,0,0,300750.72,0,0,300750.72,0,0,1052627.52,0,0,300750.72,0,0,300750.72,0,0,300750.72,0,0,310452.35,0,0,305524.54,0,0,315541.74,0,0,300750.72
0,1,Pfizer,2021-03-22,any_risk_factors,0,0,0,0,0,0,1,1,0,0,0,0,0,0,0,0,0,0,0,0,0,0,0,0,0,0,0,0,0,0,0,0,0,0,0,0,0,1,0,0,0,1,0,1,0,0,0,0,0,0,284854.8,0,0,284854.8,0,0,284854.8,0,0,298089.21,0,0,301423.54,0,0,316282.45,78379.83,1984.41,436704.45,82078.65,2078.05,457312.98,0,0,307617.17,0,0,307617.17,0,0,284854.8,0,0,284854.8,0,0,284854.8,0,0,284854.8,0,0,284854.8,0,0,284854.8,0,0,293543.19,0,0,298089.21,0,0,284854.8,0,0,284854.8,0,0,284854.8,0,0,284854.8,0,0,284854.8,0,0,284854.8,0,0,284854.8,0,0,284854.8,0,0,284854.8,0,0,284854.8,0,0,284854.8,0,0,289133.74,0,0,289133.74,0,0,284854.8,0,0,284854.8,0,0,289133.74,0,0,289133.74,0,0,284854.8,0,0,284854.8,0,0,284854.8,0,0,284854.8,0,0,284854.8,274624.06,6952.88,1530107.33,0,0,284854.8,0,0,284854.8,0,0,284854.8,79575.16,2014.67,443364.43,0,0,289133.74,80807.52,2045.87,450230.7,0,0,284854.8
0,1,Pfizer,2021-03-29,any_risk_factors,0,0,0,0,0,0,0,0,0,0,0,0,0,0,0,0,0,0,0,0,0,0,0,0,0,0,0,0,0,0,0,0,0,0,0,0,0,1,0,0,0,0,0,0,0,0,0,0,0,0,265752.11,0,0,265752.11,0,0,265752.11,0,0,277806.85,0,0,278957.19,0,0,286673.03,0,0,271099.24,0,0,284253.84,0,0,287284.27,0,0,287284.27,0,0,265752.11,0,0,265752.11,0,0,265752.11,0,0,265752.11,0,0,265752.11,0,0,265752.11,0,0,270012.67,0,0,271099.24,0,0,265752.11,0,0,265752.11,0,0,265752.11,0,0,265752.11,0,0,265752.11,0,0,265752.11,0,0,265752.11,0,0,265752.11,0,0,265752.11,0,0,265752.11,0,0,265752.11,0,0,270012.67,0,0,270012.67,0,0,265752.11,0,0,265752.11,0,0,267333.97,0,0,267333.97,0,0,265752.11,0,0,265752.11,0,0,265752.11,0,0,265752.11,0,0,265752.11,270555.56,6849.87,1507439.07,0,0,265752.11,0,0,265752.11,0,0,265752.11,0,0,275534.4,0,0,267333.97,0,0,277235.23,0,0,265752.11
0,1,Pfizer,2021-04-05,any_risk_factors,0,0,0,0,0,0,0,0,0,0,0,0,0,0,0,0,0,0,0,0,0,0,0,0,0,0,0,0,0,0,0,0,0,0,0,0,0,1,0,0,0,0,0,0,0,0,0,0,0,0,191386.82,0,0,191386.82,0,0,191386.82,0,0,205704.31,0,0,199609.37,0,0,202306.79,0,0,192205.88,0,0,202916.15,0,0,206968.24,0,0,206968.24,0,0,191386.82,0,0,191386.82,0,0,191386.82,0,0,191386.82,0,0,191386.82,0,0,191386.82,0,0,195270.03,0,0,195270.03,0,0,191386.82,0,0,191386.82,0,0,191386.82,0,0,191386.82,0,0,191386.82,0,0,191386.82,0,0,191386.82,0,0,191386.82,0,0,191932.08,0,0,191386.82,0,0,191386.82,0,0,197560.59,0,0,197560.59,0,0,191386.82,0,0,191386.82,0,0,192755.83,0,0,192755.83,0,0,191386.82,0,0,191386.82,0,0,191386.82,0,0,191386.82,0,0,191386.82,241887.42,6124.06,1347710.43,0,0,191386.82,0,0,191932.08,0,0,191386.82,0,0,198433.46,0,0,192755.83,0,0,199905.52,0,0,191386.82
0,1,Pfizer,2021-04-12,any_risk_factors,0,0,0,0,0,0,0,0,1,1,0,0,0,0,0,0,1,1,0,0,0,0,0,0,0,0,0,0,0,0,0,0,0,0,0,0,0,0,0,0,0,0,0,0,0,0,0,0,0,0,140204.29,0,0,140204.29,0,0,140204.29,0,0,151730.09,0,0,146771.59,0,0,149375.08,0,0,142126.92,0,0,149873.55,40583.33,1027.48,226115.86,40583.33,1027.48,226115.86,0,0,140204.29,0,0,140204.29,0,0,140204.29,0,0,140204.29,0,0,140204.29,0,0,140204.29,38609.94,977.52,215120.8,38650.79,978.55,215348.44,0,0,140204.29,0,0,140204.29,0,0,140204.29,0,0,140204.29,0,0,140204.29,0,0,140204.29,0,0,140204.29,0,0,140204.29,0,0,141233.04,0,0,140204.29,0,0,140204.29,0,0,144411.92,0,0,144411.92,0,0,140204.29,0,0,140204.29,0,0,142578.12,0,0,142578.12,0,0,140204.29,0,0,140204.29,0,0,140204.29,0,0,140204.29,0,0,140204.29,0,0,657250.35,0,0,140204.29,0,0,141233.04,0,0,140204.29,0,0,146452.52,0,0,142578.12,0,0,149044.6,0,0,140204.29
0,1,Pfizer,2021-04-19,any_risk_factors,0,0,0,0,0,0,0,0,0,0,0,0,0,0,0,0,0,0,0,0,0,0,0,0,0,0,0,0,0,0,0,0,0,0,0,0,0,0,0,0,0,0,0,0,0,0,0,0,0,0,120515.49,0,0,120515.49,0,0,120515.49,0,0,131450.07,0,0,127833.32,0,0,130432.06,0,0,122822.54,0,0,130305.92,0,0,127954.72,0,0,127954.72,0,0,120515.49,0,0,120515.49,0,0,120515.49,0,0,120515.49,0,0,120515.49,0,0,120515.49,0,0,123838.53,0,0,124640.45,0,0,120515.49,0,0,120515.49,0,0,120515.49,0,0,121056.89,0,0,121056.89,0,0,120515.49,0,0,120515.49,0,0,120515.49,0,0,121274.82,0,0,120515.49,0,0,120515.49,0,0,123611.3,0,0,123611.3,0,0,120515.49,0,0,120515.49,0,0,122822.54,0,0,122822.54,0,0,120515.49,0,0,120515.49,0,0,120515.49,0,0,120515.49,0,0,120515.49,0,0,647770.78,0,0,120515.49,0,0,121274.82,0,0,120515.49,0,0,126039.59,0,0,122822.54,0,0,128565.19,0,0,120515.49
0,1,Pfizer,2021-04-26,any_risk_factors,0,0,0,0,0,0,0,0,0,0,0,0,0,0,0,0,0,0,0,0,0,0,0,0,0,0,0,0,0,0,0,0,0,0,0,0,0,1,0,0,0,0,0,0,0,0,0,0,0,0,127712.15,0,0,127712.15,0,0,127712.15,0,0,139623.13,0,0,135822.91,0,0,139913.11,0,0,130685.08,0,0,137908.21,0,0,135006.33,0,0,135006.33,0,0,127712.15,0,0,127712.15,0,0,127712.15,0,0,127712.15,0,0,127712.15,0,0,127712.15,0,0,131194.08,0,0,132094.43,0,0,127712.15,0,0,127712.15,0,0,127712.15,0,0,128565.19,0,0,128565.19,0,0,127712.15,0,0,127712.15,0,0,127712.15,0,0,128442.63,0,0,127712.15,0,0,127712.15,0,0,131066.46,0,0,131965.06,0,0,127712.15,0,0,127712.15,0,0,129928.95,0,0,129928.95,0,0,127712.15,0,0,127712.15,0,0,127712.15,0,0,127712.15,0,0,127712.15,193253.97,4892.77,1076742.19,0,0,127712.15,0,0,128442.63,0,0,127712.15,0,0,134199.52,0,0,129928.95,0,0,136649.41,0,0,127712.15
0,1,Pfizer,2021-05-03,any_risk_factors,0,0,0,0,0,0,0,0,0,0,0,0,0,0,0,0,0,0,0,0,0,0,0,0,0,0,0,0,0,0,0,0,0,0,0,0,0,0,0,0,0,0,0,0,0,0,0,0,0,0,155944.82,0,0,155944.82,0,0,155944.82,0,0,167374.31,0,0,165727.33,0,0,170768.47,0,0,159829.56,0,0,165931.43,0,0,166341.14,0,0,166341.14,0,0,156488.18,0,0,156488.18,0,0,156488.18,0,0,156488.18,0,0,155944.82,0,0,155944.82,0,0,160591.56,0,0,161748.29,0,0,155944.82,0,0,155944.82,0,0,155944.82,0,0,157218.58,0,0,157218.58,0,0,155944.82,0,0,155944.82,0,0,155944.82,0,0,155944.82,0,0,155944.82,0,0,155944.82,0,0,158513.32,0,0,159829.56,0,0,155944.82,0,0,155944.82,0,0,156306.64,0,0,156306.64,0,0,155944.82,0,0,155944.82,0,0,155944.82,0,0,155944.82,0,0,155944.82,0,0,892293.52,0,0,155944.82,0,0,155944.82,0,0,155944.82,0,0,162528.74,0,0,156306.64,0,0,162921.79,0,0,155944.82
0,2,Moderna,2021-03-08,any_risk_factors,0,0,0,0,0,0,0,0,0,0,0,0,0,0,0,0,0,0,0,0,0,0,0,0,0,0,0,0,0,0,0,0,0,0,0,0,0,0,0,0,0,0,0,0,0,0,0,0,0,0,11228026.84,0,0,11228026.84,0,0,11228026.84,0,0,11228026.84,0,0,11228026.84,0,0,11228026.84,0,0,11228026.84,0,0,11228026.84,0,0,11228026.84,0,0,11228026.84,0,0,11228026.84,0,0,11228026.84,0,0,11228026.84,0,0,11228026.84,0,0,11228026.84,0,0,11228026.84,0,0,11228026.84,0,0,11228026.84,0,0,11228026.84,0,0,11228026.84,0,0,11228026.84,0,0,11228026.84,0,0,11228026.84,0,0,11228026.84,0,0,11228026.84,0,0,11228026.84,0,0,11228026.84,0,0,11228026.84,0,0,11228026.84,0,0,11228026.84,0,0,11228026.84,0,0,11228026.84,0,0,11228026.84,0,0,11228026.84,0,0,11228026.84,0,0,11228026.84,0,0,11228026.84,0,0,11228026.84,0,0,11228026.84,0,0,11228026.84,0,0,11228026.84,0,0,11228026.84,0,0,11228026.84,0,0,11228026.84,0,0,11228026.84,0,0,11228026.84,0,0,11228026.84,0,0,11228026.84
0,2,Moderna,2021-03-15,any_risk_factors,0,0,0,0,0,0,0,0,0,0,0,0,0,0,0,0,0,0,0,0,0,0,0,0,0,0,0,0,0,0,0,0,0,0,0,0,0,0,0,0,0,0,0,0,0,0,0,0,0,0,9624023,0,0,9624023,0,0,9624023,0,0,9624023,0,0,9624023,0,0,9624023,0,0,9624023,0,0,9624023,0,0,9624023,0,0,9624023,0,0,9624023,0,0,9624023,0,0,9624023,0,0,9624023,0,0,9624023,0,0,9624023,0,0,9624023,0,0,9624023,0,0,9624023,0,0,9624023,0,0,9624023,0,0,9624023,0,0,9624023,0,0,9624023,0,0,9624023,0,0,9624023,0,0,9624023,0,0,9624023,0,0,9624023,0,0,9624023,0,0,9624023,0,0,9624023,0,0,9624023,0,0,9624023,0,0,9624023,0,0,9624023,0,0,9624023,0,0,9624023,0,0,9624023,0,0,9624023,0,0,9624023,0,0,9624023,0,0,9624023,0,0,9624023,0,0,9624023,0,0,9624023,0,0,9624023,0,0,9624023
0,2,Moderna,2021-03-22,any_risk_factors,0,0,0,0,0,0,0,0,0,0,0,0,0,0,0,0,0,0,0,0,0,0,0,0,0,0,0,0,0,0,0,0,0,0,0,0,0,0,0,0,0,0,0,0,0,0,0,0,0,0,9624023,0,0,9624023,0,0,9624023,0,0,9624023,0,0,9624023,0,0,9624023,0,0,9624023,0,0,9624023,0,0,9624023,0,0,9624023,0,0,9624023,0,0,9624023,0,0,9624023,0,0,9624023,0,0,9624023,0,0,9624023,0,0,9624023,0,0,9624023,0,0,9624023,0,0,9624023,0,0,9624023,0,0,9624023,0,0,9624023,0,0,9624023,0,0,9624023,0,0,9624023,0,0,9624023,0,0,9624023,0,0,9624023,0,0,9624023,0,0,9624023,0,0,9624023,0,0,9624023,0,0,9624023,0,0,9624023,0,0,9624023,0,0,9624023,0,0,9624023,0,0,9624023,0,0,9624023,0,0,9624023,0,0,9624023,0,0,9624023,0,0,9624023,0,0,9624023,0,0,9624023,0,0,9624023,0,0,9624023
0,2,Moderna,2021-03-29,any_risk_factors,0,0,0,0,0,0,0,0,0,0,0,0,0,0,0,0,0,0,0,0,0,0,0,0,0,0,0,0,0,0,0,0,0,0,0,0,0,0,0,0,0,0,0,0,0,0,0,0,0,0,9624023,0,0,9624023,0,0,9624023,0,0,9624023,0,0,9624023,0,0,9624023,0,0,9624023,0,0,9624023,0,0,9624023,0,0,9624023,0,0,9624023,0,0,9624023,0,0,9624023,0,0,9624023,0,0,9624023,0,0,9624023,0,0,9624023,0,0,9624023,0,0,9624023,0,0,9624023,0,0,9624023,0,0,9624023,0,0,9624023,0,0,9624023,0,0,9624023,0,0,9624023,0,0,9624023,0,0,9624023,0,0,9624023,0,0,9624023,0,0,9624023,0,0,9624023,0,0,9624023,0,0,9624023,0,0,9624023,0,0,9624023,0,0,9624023,0,0,9624023,0,0,9624023,0,0,9624023,0,0,9624023,0,0,9624023,0,0,9624023,0,0,9624023,0,0,9624023,0,0,9624023,0,0,9624023,0,0,9624023
0,2,Moderna,2021-04-05,any_risk_factors,0,0,0,0,0,0,0,0,0,0,0,0,0,0,0,0,0,0,0,0,0,0,0,0,0,0,0,0,0,0,0,0,0,0,0,0,0,0,0,0,0,0,0,0,0,0,0,0,0,0,6416015.34,0,0,6416015.34,0,0,6416015.34,0,0,8421020.13,0,0,8421020.13,0,0,8421020.13,0,0,6416015.34,0,0,6416015.34,0,0,6416015.34,0,0,6416015.34,0,0,6416015.34,0,0,6416015.34,0,0,6416015.34,0,0,6416015.34,0,0,6416015.34,0,0,6416015.34,0,0,8421020.13,0,0,8421020.13,0,0,6416015.34,0,0,6416015.34,0,0,6416015.34,0,0,6416015.34,0,0,6416015.34,0,0,6416015.34,0,0,6416015.34,0,0,6416015.34,0,0,6416015.34,0,0,6416015.34,0,0,6416015.34,0,0,6416015.34,0,0,6416015.34,0,0,6416015.34,0,0,6416015.34,0,0,6416015.34,0,0,6416015.34,0,0,6416015.34,0,0,6416015.34,0,0,6416015.34,0,0,6416015.34,0,0,6416015.34,0,0,9624023,0,0,6416015.34,0,0,6416015.34,0,0,6416015.34,0,0,6416015.34,0,0,6416015.34,0,0,6416015.34,0,0,6416015.34
0,2,Moderna,2021-04-12,any_risk_factors,0,0,0,0,0,0,0,0,0,0,0,0,0,0,0,0,0,0,0,0,0,0,0,0,0,0,0,0,0,0,0,0,0,0,0,0,0,0,0,0,0,0,0,0,0,0,0,0,0,0,3454777.49,0,0,3454777.49,0,0,3454777.49,0,0,4210510.06,0,0,4210510.06,0,0,4210510.06,0,0,3454777.49,0,0,3454777.49,0,0,4210510.06,0,0,4210510.06,0,0,3454777.49,0,0,3454777.49,0,0,3454777.49,0,0,3454777.49,0,0,3454777.49,0,0,3454777.49,0,0,4210510.06,0,0,4210510.06,0,0,3454777.49,0,0,3454777.49,0,0,3454777.49,0,0,3454777.49,0,0,3454777.49,0,0,3454777.49,0,0,3454777.49,0,0,3454777.49,0,0,3454777.49,0,0,3454777.49,0,0,3454777.49,0,0,3454777.49,0,0,3454777.49,0,0,3454777.49,0,0,3454777.49,0,0,3454777.49,0,0,3454777.49,0,0,3454777.49,0,0,3454777.49,0,0,3454777.49,0,0,3454777.49,0,0,3454777.49,0,0,7485351.23,0,0,3454777.49,0,0,3454777.49,0,0,3454777.49,0,0,3454777.49,0,0,3454777.49,0,0,3454777.49,0,0,3454777.49
0,1,AstraZeneca,2021-02-15,any_risk_factors,0,0,0,0,0,0,0,0,0,0,0,0,0,0,0,0,0,0,0,0,0,0,0,0,0,0,0,0,0,0,0,0,0,0,0,0,0,0,0,0,0,0,0,0,0,0,0,0,0,0,9624023,0,0,9624023,0,0,9624023,0,0,9624023,0,0,9624023,0,0,9624023,0,0,9624023,0,0,9624023,0,0,9624023,0,0,9624023,0,0,9624023,0,0,9624023,0,0,9624023,0,0,9624023,0,0,9624023,0,0,9624023,0,0,9624023,0,0,9624023,0,0,9624023,0,0,9624023,0,0,9624023,0,0,9624023,0,0,9624023,0,0,9624023,0,0,9624023,0,0,9624023,0,0,9624023,0,0,9624023,0,0,9624023,0,0,9624023,0,0,9624023,0,0,9624023,0,0,9624023,0,0,9624023,0,0,9624023,0,0,9624023,0,0,9624023,0,0,9624023,0,0,9624023,0,0,9624023,0,0,9624023,0,0,9624023,0,0,9624023,0,0,9624023,0,0,9624023,0,0,9624023,0,0,9624023,0,0,9624023
0,1,AstraZeneca,2021-02-22,any_risk_factors,0,0,0,0,0,0,0,0,0,0,0,0,0,0,0,0,0,0,0,0,0,0,0,0,0,0,0,0,0,0,0,0,0,0,0,0,0,0,0,0,0,0,0,0,0,0,0,0,0,0,4082918.85,0,0,4082918.85,0,0,4082918.85,0,0,4082918.85,0,0,4082918.85,0,0,4082918.85,0,0,4082918.85,0,0,4082918.85,0,0,4082918.85,0,0,4082918.85,0,0,4082918.85,0,0,4082918.85,0,0,4082918.85,0,0,4082918.85,0,0,4082918.85,0,0,4082918.85,0,0,4082918.85,0,0,4082918.85,0,0,4082918.85,0,0,4082918.85,0,0,4082918.85,0,0,4082918.85,0,0,4082918.85,0,0,4082918.85,0,0,4082918.85,0,0,4082918.85,0,0,4082918.85,0,0,4082918.85,0,0,4082918.85,0,0,4082918.85,0,0,4082918.85,0,0,4082918.85,0,0,4082918.85,0,0,4082918.85,0,0,4082918.85,0,0,4082918.85,0,0,4082918.85,0,0,4082918.85,0,0,4082918.85,0,0,4082918.85,0,0,4082918.85,0,0,4082918.85,0,0,4082918.85,0,0,4082918.85,0,0,4082918.85,0,0,4082918.85,0,0,4082918.85,0,0,4082918.85
0,1,AstraZeneca,2021-03-01,any_risk_factors,0,0,0,0,0,0,0,0,0,0,0,0,0,0,0,0,0,0,0,0,0,0,0,0,0,0,0,0,0,0,0,0,0,0,0,0,0,0,0,0,0,0,0,0,0,0,0,0,0,0,3368408.05,0,0,3368408.05,0,0,3368408.05,0,0,3368408.05,0,0,3368408.05,0,0,3368408.05,0,0,3368408.05,0,0,3368408.05,0,0,3368408.05,0,0,3368408.05,0,0,3368408.05,0,0,3368408.05,0,0,3368408.05,0,0,3368408.05,0,0,3368408.05,0,0,3368408.05,0,0,3368408.05,0,0,3368408.05,0,0,3368408.05,0,0,3368408.05,0,0,3368408.05,0,0,3368408.05,0,0,3368408.05,0,0,3368408.05,0,0,3368408.05,0,0,3368408.05,0,0,3368408.05,0,0,3368408.05,0,0,3368408.05,0,0,3368408.05,0,0,3368408.05,0,0,3368408.05,0,0,3368408.05,0,0,3368408.05,0,0,3368408.05,0,0,3368408.05,0,0,3368408.05,0,0,3368408.05,0,0,3368408.05,0,0,3368408.05,0,0,3368408.05,0,0,3368408.05,0,0,3368408.05,0,0,3368408.05,0,0,3368408.05,0,0,3368408.05,0,0,3368408.05,0,0,3368408.05
0,1,AstraZeneca,2021-03-08,any_risk_factors,0,0,0,0,0,0,0,0,0,0,0,0,0,0,0,0,0,0,0,0,0,0,0,0,0,0,0,0,0,0,0,0,0,0,0,0,0,0,0,0,0,0,0,0,0,0,0,0,0,0,2406005.75,0,0,2406005.75,0,0,2406005.75,0,0,2406005.75,0,0,2406005.75,0,0,2406005.75,0,0,2406005.75,0,0,2406005.75,0,0,2406005.75,0,0,2406005.75,0,0,2406005.75,0,0,2406005.75,0,0,2406005.75,0,0,2406005.75,0,0,2406005.75,0,0,2406005.75,0,0,2406005.75,0,0,2406005.75,0,0,2406005.75,0,0,2406005.75,0,0,2406005.75,0,0,2406005.75,0,0,2406005.75,0,0,2406005.75,0,0,2406005.75,0,0,2406005.75,0,0,2406005.75,0,0,2406005.75,0,0,2406005.75,0,0,2406005.75,0,0,2406005.75,0,0,2406005.75,0,0,2406005.75,0,0,2406005.75,0,0,2406005.75,0,0,2406005.75,0,0,2406005.75,0,0,2406005.75,0,0,2406005.75,0,0,2406005.75,0,0,2406005.75,0,0,2406005.75,0,0,2406005.75,0,0,2406005.75,0,0,2406005.75,0,0,2406005.75,0,0,2406005.75,0,0,2406005.75
0,1,AstraZeneca,2021-03-15,any_risk_factors,0,0,0,0,0,0,0,0,0,0,0,0,0,0,0,0,0,0,0,0,0,0,0,0,0,0,0,0,0,0,0,0,0,0,0,0,0,0,0,0,0,0,0,0,0,0,0,0,0,0,1623329.18,0,0,1623329.18,0,0,1623329.18,0,0,1623329.18,0,0,1623329.18,0,0,1623329.18,0,0,1623329.18,0,0,1772846.34,0,0,1623329.18,0,0,1623329.18,0,0,1623329.18,0,0,1623329.18,0,0,1623329.18,0,0,1623329.18,0,0,1623329.18,0,0,1623329.18,0,0,1623329.18,0,0,1623329.18,0,0,1623329.18,0,0,1623329.18,0,0,1623329.18,0,0,1623329.18,0,0,1623329.18,0,0,1623329.18,0,0,1623329.18,0,0,1623329.18,0,0,1623329.18,0,0,1623329.18,0,0,1623329.18,0,0,1623329.18,0,0,1623329.18,0,0,1623329.18,0,0,1623329.18,0,0,1623329.18,0,0,1623329.18,0,0,1623329.18,0,0,1623329.18,0,0,1623329.18,0,0,1623329.18,0,0,1623329.18,0,0,1796484.29,0,0,1623329.18,0,0,1623329.18,0,0,1623329.18,0,0,1623329.18,0,0,1623329.18,0,0,1623329.18,0,0,1623329.18
0,1,AstraZeneca,2021-03-22,any_risk_factors,0,0,0,0,0,0,0,0,0,0,0,0,0,0,0,0,0,0,0,0,0,0,0,0,0,0,0,0,0,0,0,0,0,0,0,0,0,0,0,0,0,0,0,0,0,0,0,0,0,0,976350.16,0,0,976350.16,0,0,976350.16,0,0,1013055.05,0,0,976350.16,0,0,976350.16,0,0,976350.16,0,0,1028521.54,0,0,976350.16,0,0,976350.16,0,0,976350.16,0,0,976350.16,0,0,976350.16,0,0,976350.16,0,0,976350.16,0,0,976350.16,0,0,976350.16,0,0,976350.16,0,0,976350.16,0,0,976350.16,0,0,976350.16,0,0,976350.16,0,0,976350.16,0,0,976350.16,0,0,976350.16,0,0,976350.16,0,0,976350.16,0,0,976350.16,0,0,976350.16,0,0,976350.16,0,0,976350.16,0,0,976350.16,0,0,976350.16,0,0,976350.16,0,0,976350.16,0,0,976350.16,0,0,976350.16,0,0,976350.16,0,0,976350.16,0,0,976350.16,0,0,1418277.07,0,0,976350.16,0,0,976350.16,0,0,976350.16,0,0,976350.16,0,0,976350.16,0,0,976350.16,0,0,976350.16
0,1,AstraZeneca,2021-03-29,any_risk_factors,0,0,0,0,0,0,0,0,0,0,0,0,0,0,0,0,0,0,0,0,0,0,0,0,0,0,0,0,0,0,0,0,0,0,0,0,0,0,0,0,0,0,0,0,0,0,0,0,0,0,508438.95,0,0,510364.86,0,0,508438.95,0,0,522233.81,0,0,508438.95,0,0,508438.95,0,0,508438.95,0,0,522233.81,0,0,510364.86,0,0,510364.86,0,0,508438.95,0,0,508438.95,0,0,508438.95,0,0,508438.95,0,0,508438.95,0,0,508438.95,0,0,508438.95,0,0,508438.95,0,0,508438.95,0,0,508438.95,0,0,508438.95,0,0,508438.95,0,0,508438.95,0,0,508438.95,0,0,508438.95,0,0,508438.95,0,0,508438.95,0,0,508438.95,0,0,508438.95,0,0,508438.95,0,0,508438.95,0,0,508438.95,0,0,508438.95,0,0,508438.95,0,0,508438.95,0,0,508438.95,0,0,508438.95,0,0,508438.95,0,0,508438.95,0,0,508438.95,0,0,998046.83,0,0,508438.95,0,0,508438.95,0,0,508438.95,0,0,508438.95,0,0,508438.95,0,0,508438.95,0,0,508438.95
0,1,AstraZeneca,2021-04-05,any_risk_factors,0,0,0,0,0,0,0,0,0,0,0,0,0,0,0,0,0,0,0,0,0,0,0,0,0,0,0,0,0,0,0,0,0,0,0,0,0,0,0,0,0,0,0,0,0,0,0,0,0,0,308321.1,0,0,313340.28,0,0,308321.1,0,0,317774.34,0,0,308321.1,0,0,308321.1,0,0,308321.1,0,0,317774.34,0,0,313340.28,0,0,313340.28,0,0,308321.1,0,0,308321.1,0,0,308321.1,0,0,308321.1,0,0,308321.1,0,0,308321.1,0,0,308321.1,0,0,308321.1,0,0,308321.1,0,0,308321.1,0,0,308321.1,0,0,308321.1,0,0,308321.1,0,0,308321.1,0,0,308321.1,0,0,308321.1,0,0,308321.1,0,0,308321.1,0,0,308321.1,0,0,308321.1,0,0,308321.1,0,0,308321.1,0,0,308321.1,0,0,312613.28,0,0,312613.28,0,0,308321.1,0,0,308321.1,0,0,308321.1,0,0,308321.1,0,0,308321.1,0,0,698115.66,0,0,308321.1,0,0,308321.1,0,0,308321.1,0,0,308321.1,0,0,312613.28,0,0,312613.28,0,0,308321.1
0,1,AstraZeneca,2021-04-12,any_risk_factors,0,0,0,0,0,0,0,0,0,0,0,0,0,0,0,0,0,0,0,0,0,0,0,0,0,0,0,0,0,0,0,0,0,0,0,0,0,1,0,0,0,0,0,0,0,0,0,0,0,0,270554.86,0,0,274412.06,0,0,270554.86,0,0,278380.83,0,0,270554.86,0,0,270554.86,0,0,270554.86,0,0,282466.08,0,0,274412.06,0,0,274412.06,0,0,270554.86,0,0,270554.86,0,0,270554.86,0,0,270554.86,0,0,270554.86,0,0,270554.86,0,0,270554.86,0,0,270554.86,0,0,270554.86,0,0,270554.86,0,0,270554.86,0,0,270554.86,0,0,270554.86,0,0,270554.86,0,0,270554.86,0,0,270554.86,0,0,270554.86,0,0,270554.86,0,0,270554.86,0,0,270554.86,0,0,270554.86,0,0,270554.86,0,0,270554.86,0,0,274412.06,0,0,274412.06,0,0,270554.86,0,0,270554.86,0,0,270554.86,0,0,270554.86,0,0,270554.86,172287.74,4361.95,959925.82,0,0,270554.86,0,0,270554.86,0,0,270554.86,0,0,270554.86,0,0,274412.06,0,0,274412.06,0,0,270554.86
0,1,AstraZeneca,2021-04-19,any_risk_factors,0,0,0,0,0,0,0,0,0,0,0,0,0,0,0,0,0,0,0,0,0,0,0,0,0,0,0,0,0,0,0,0,0,0,0,0,0,0,0,0,0,0,0,0,0,0,0,0,0,0,253740.72,0,0,257130.39,0,0,253740.72,0,0,260611.84,0,0,253740.72,0,0,253740.72,0,0,253740.72,0,0,264188.87,0,0,257130.39,0,0,257130.39,0,0,253740.72,0,0,253740.72,0,0,253740.72,0,0,253740.72,0,0,253740.72,0,0,253740.72,0,0,253740.72,0,0,253740.72,0,0,253740.72,0,0,253740.72,0,0,253740.72,0,0,253740.72,0,0,253740.72,0,0,253740.72,0,0,253740.72,0,0,253740.72,0,0,253740.72,0,0,253740.72,0,0,253740.72,0,0,253740.72,0,0,253740.72,0,0,253740.72,0,0,253740.72,0,0,257130.39,0,0,257130.39,0,0,253740.72,0,0,253740.72,0,0,253740.72,0,0,253740.72,0,0,253740.72,0,0,588368.22,0,0,253740.72,0,0,253740.72,0,0,253740.72,0,0,253740.72,0,0,257130.39,0,0,257130.39,0,0,253740.72
0,1,AstraZeneca,2021-04-26,any_risk_factors,0,0,0,0,0,0,0,0,0,0,0,0,0,0,0,0,0,0,0,0,0,0,0,0,0,0,0,0,0,0,0,0,0,0,0,0,0,1,0,0,0,0,0,0,0,0,0,0,0,0,241896.45,0,0,244975.13,0,0,241896.45,0,0,248133.19,0,0,241896.45,0,0,241896.45,0,0,241896.45,0,0,251373.74,0,0,244975.13,0,0,244975.13,0,0,241896.45,0,0,241896.45,0,0,241896.45,0,0,241896.45,0,0,241896.45,0,0,241896.45,0,0,241896.45,0,0,241896.45,0,0,241896.45,0,0,241896.45,0,0,241896.45,0,0,241896.45,0,0,241896.45,0,0,241896.45,0,0,241896.45,0,0,241896.45,0,0,241896.45,0,0,241896.45,0,0,241896.45,0,0,241896.45,0,0,241896.45,0,0,241896.45,0,0,241896.45,0,0,244975.13,0,0,244975.13,0,0,241896.45,0,0,241896.45,0,0,241896.45,0,0,241896.45,0,0,241896.45,158116.88,4003.17,880970.89,0,0,241896.45,0,0,241896.45,0,0,241896.45,0,0,241896.45,0,0,244975.13,0,0,244975.13,0,0,241896.45
0,1,AstraZeneca,2021-05-03,any_risk_factors,0,0,0,0,0,0,0,0,0,0,0,0,0,0,0,0,0,0,0,0,0,0,0,0,0,0,0,0,0,0,0,0,0,0,0,0,0,0,0,0,0,0,0,0,0,0,0,0,0,0,201098.99,0,0,203222.21,0,0,201098.99,0,0,205390.73,0,0,202916.15,0,0,202916.15,0,0,201098.99,0,0,207606.04,0,0,203222.21,0,0,203222.21,0,0,201098.99,0,0,201098.99,0,0,201098.99,0,0,201098.99,0,0,201098.99,0,0,201098.99,0,0,201098.99,0,0,201098.99,0,0,201098.99,0,0,201098.99,0,0,201098.99,0,0,201098.99,0,0,201098.99,0,0,201098.99,0,0,201098.99,0,0,201098.99,0,0,201098.99,0,0,201098.99,0,0,201098.99,0,0,201098.99,0,0,201098.99,0,0,201098.99,0,0,201098.99,0,0,203222.21,0,0,203222.21,0,0,201098.99,0,0,201098.99,0,0,201098.99,0,0,201098.99,0,0,201098.99,0,0,518216.62,0,0,201098.99,0,0,201098.99,0,0,201098.99,0,0,201098.99,0,0,203222.21,0,0,203222.21,0,0,201098.99
0,1,AstraZeneca,2021-05-10,any_risk_factors,0,0,0,0,0,0,0,0,0,0,0,0,0,0,0,0,0,0,0,0,0,0,0,0,0,0,0,0,0,0,0,0,0,0,0,0,0,0,0,0,0,0,0,0,0,0,0,0,0,0,195553.44,0,0,197560.59,0,0,195553.44,0,0,199609.37,0,0,197560.59,0,0,197560.59,0,0,195553.44,0,0,201701.08,0,0,197560.59,0,0,197560.59,0,0,195553.44,0,0,195553.44,0,0,195553.44,0,0,195553.44,0,0,195553.44,0,0,195553.44,0,0,195553.44,0,0,195553.44,0,0,195553.44,0,0,195553.44,0,0,195553.44,0,0,195553.44,0,0,195553.44,0,0,195553.44,0,0,195553.44,0,0,195553.44,0,0,195553.44,0,0,195553.44,0,0,195553.44,0,0,195553.44,0,0,195553.44,0,0,195553.44,0,0,195553.44,0,0,197560.59,0,0,197560.59,0,0,195553.44,0,0,195553.44,0,0,195553.44,0,0,195553.44,0,0,195553.44,0,0,512305.41,0,0,195553.44,0,0,195553.44,0,0,195553.44,0,0,195553.44,0,0,197560.59,0,0,197560.59,0,0,195553.44
0,1,AstraZeneca,2021-05-17,any_risk_factors,0,0,0,0,0,0,0,0,0,0,0,0,0,0,0,0,0,0,0,0,0,0,0,0,0,0,0,0,0,0,0,0,0,0,0,0,0,1,0,0,0,0,0,0,0,0,0,0,0,0,185843.2,0,0,187655.04,0,0,185843.2,0,0,189502.56,0,0,187655.04,0,0,187655.04,0,0,185843.2,0,0,191386.82,0,0,187655.04,0,0,187655.04,0,0,185843.2,0,0,185843.2,0,0,185843.2,0,0,185843.2,0,0,185843.2,0,0,185843.2,0,0,185843.2,0,0,185843.2,0,0,185843.2,0,0,185843.2,0,0,185843.2,0,0,185843.2,0,0,185843.2,0,0,185843.2,0,0,185843.2,0,0,185843.2,0,0,185843.2,0,0,185843.2,0,0,185843.2,0,0,185843.2,0,0,185843.2,0,0,185843.2,0,0,185843.2,0,0,187655.04,0,0,187655.04,0,0,185843.2,0,0,185843.2,0,0,185843.2,0,0,185843.2,0,0,185843.2,141023.17,3570.4,785730.79,0,0,185843.2,0,0,185843.2,0,0,185843.2,0,0,185843.2,0,0,187655.04,0,0,187655.04,0,0,185843.2
0,1,AstraZeneca,2021-05-24,any_risk_factors,0,0,0,0,0,0,0,0,0,0,0,0,0,0,0,0,0,0,0,0,0,0,0,0,0,0,0,0,0,0,0,0,0,0,0,0,0,1,0,0,0,0,0,0,0,0,0,0,0,0,185077.37,0,0,186874.23,0,0,185077.37,0,0,188706.33,0,0,186874.23,0,0,186874.23,0,0,185077.37,0,0,190574.71,0,0,186874.23,0,0,186874.23,0,0,185077.37,0,0,185077.37,0,0,185077.37,0,0,185077.37,0,0,185077.37,0,0,185077.37,0,0,185077.37,0,0,185077.37,0,0,185077.37,0,0,185077.37,0,0,185077.37,0,0,185077.37,0,0,185077.37,0,0,185077.37,0,0,185077.37,0,0,185077.37,0,0,185077.37,0,0,185077.37,0,0,185077.37,0,0,185077.37,0,0,185077.37,0,0,185077.37,0,0,185077.37,0,0,186874.23,0,0,186874.23,0,0,185077.37,0,0,185077.37,0,0,185077.37,0,0,185077.37,0,0,185077.37,147278.23,3728.76,820581.75,0,0,185077.37,0,0,185077.37,0,0,185077.37,0,0,185077.37,0,0,186874.23,0,0,186874.23,0,0,185077.37
0,1,AstraZeneca,2021-05-31,any_risk_factors,0,0,0,0,0,0,0,0,0,0,0,0,0,0,0,0,0,0,0,0,0,0,0,0,0,0,0,0,0,0,0,0,0,0,0,0,0,0,0,0,0,0,0,0,0,0,0,0,0,0,184823.49,0,0,186615.4,0,0,184823.49,0,0,188442.41,0,0,186615.4,0,0,186615.4,0,0,184823.49,0,0,190037.13,0,0,186615.4,0,0,186615.4,0,0,184823.49,0,0,184823.49,0,0,184823.49,0,0,184823.49,0,0,184823.49,0,0,184823.49,0,0,184823.49,0,0,184823.49,0,0,184823.49,0,0,184823.49,0,0,184823.49,0,0,184823.49,0,0,184823.49,0,0,184823.49,0,0,184823.49,0,0,184823.49,0,0,184823.49,0,0,184823.49,0,0,184823.49,0,0,184823.49,0,0,184823.49,0,0,184823.49,0,0,184823.49,0,0,186615.4,0,0,186615.4,0,0,184823.49,0,0,184823.49,0,0,184823.49,0,0,184823.49,0,0,184823.49,0,0,559071.88,0,0,184823.49,0,0,184823.49,0,0,184823.49,0,0,184823.49,0,0,186615.4,0,0,186615.4,0,0,184823.49
0,1,AstraZeneca,2021-06-07,any_risk_factors,0,0,0,0,0,0,0,0,0,0,0,0,0,0,0,0,0,0,0,0,0,0,0,0,0,0,0,0,0,0,0,0,0,0,0,0,0,1,0,0,0,0,0,0,0,0,0,0,0,0,191115.35,0,0,193031.98,0,0,191115.35,0,0,194987.44,0,0,193031.98,0,0,193031.98,0,0,191115.35,0,0,194987.44,0,0,193031.98,0,0,193031.98,0,0,191115.35,0,0,191115.35,0,0,191115.35,0,0,191115.35,0,0,191115.35,0,0,191115.35,0,0,191115.35,0,0,191115.35,0,0,191115.35,0,0,191115.35,0,0,191115.35,0,0,191115.35,0,0,191115.35,0,0,191115.35,0,0,191115.35,0,0,191115.35,0,0,191115.35,0,0,191115.35,0,0,191115.35,0,0,191115.35,0,0,191115.35,0,0,191115.35,0,0,191115.35,0,0,193031.98,0,0,193031.98,0,0,191115.35,0,0,191115.35,0,0,191115.35,0,0,191115.35,0,0,191115.35,163789.24,4146.78,912575.22,0,0,191115.35,0,0,191115.35,0,0,191115.35,0,0,191115.35,0,0,193031.98,0,0,193031.98,0,0,191115.35
0,1,AstraZeneca,2021-06-14,any_risk_factors,0,0,0,0,0,0,0,0,0,0,0,0,0,0,0,0,0,0,0,0,0,0,0,0,0,0,0,0,0,0,0,0,0,0,0,0,0,0,0,0,0,0,0,0,0,0,0,0,0,0,209217.89,0,0,211516.99,0,0,209217.89,0,0,212183.18,0,0,211516.99,0,0,211516.99,0,0,209217.89,0,0,213867.18,0,0,211516.99,0,0,211516.99,0,0,209217.89,0,0,209217.89,0,0,209217.89,0,0,209217.89,0,0,209217.89,0,0,209217.89,0,0,209217.89,0,0,209217.89,0,0,209217.89,0,0,209217.89,0,0,209217.89,0,0,209217.89,0,0,209217.89,0,0,209217.89,0,0,209217.89,0,0,209217.89,0,0,209217.89,0,0,209217.89,0,0,209217.89,0,0,209217.89,0,0,209217.89,0,0,209217.89,0,0,209217.89,0,0,211516.99,0,0,211516.99,0,0,209217.89,0,0,209217.89,0,0,209217.89,0,0,209217.89,0,0,209217.89,0,0,701751.68,0,0,209217.89,0,0,209217.89,0,0,209217.89,0,0,209217.89,0,0,211516.99,0,0,211516.99,0,0,209217.89
0,1,AstraZeneca,2021-06-21,any_risk_factors,0,0,0,0,0,0,0,0,0,0,0,0,0,0,0,0,0,0,0,0,0,0,0,0,0,0,0,0,0,0,0,0,0,0,0,0,0,0,0,0,0,0,0,0,0,0,0,0,0,0,260108.73,0,0,263671.86,0,0,260108.73,0,0,263156.88,0,0,263671.86,0,0,263671.86,0,0,260108.73,0,0,267333.97,0,0,263671.86,0,0,263671.86,0,0,260108.73,0,0,260108.73,0,0,260108.73,0,0,260108.73,0,0,260108.73,0,0,260108.73,0,0,260108.73,0,0,260108.73,0,0,260108.73,0,0,260108.73,0,0,260108.73,0,0,260108.73,0,0,260108.73,0,0,260108.73,0,0,260108.73,0,0,260108.73,0,0,260108.73,0,0,260108.73,0,0,260108.73,0,0,260108.73,0,0,260108.73,0,0,260108.73,0,0,260108.73,0,0,263671.86,0,0,263671.86,0,0,260108.73,0,0,260108.73,0,0,260108.73,0,0,260108.73,0,0,260108.73,0,0,816583.77,0,0,260108.73,0,0,260108.73,0,0,260108.73,0,0,260108.73,0,0,263671.86,0,0,263671.86,0,0,260108.73
0,1,AstraZeneca,2021-06-28,any_risk_factors,0,0,0,0,0,0,0,0,0,0,0,0,0,0,0,0,0,0,0,0,0,0,0,0,0,0,0,0,0,0,0,0,0,0,0,0,0,0,0,0,0,0,0,0,0,0,0,0,0,0,802001.92,0,0,816583.77,0,0,802001.92,0,0,802001.92,0,0,816583.77,0,0,816583.77,0,0,802001.92,0,0,826603.2,0,0,816583.77,0,0,816583.77,0,0,802001.92,0,0,802001.92,0,0,802001.92,0,0,802001.92,0,0,802001.92,0,0,802001.92,0,0,802001.92,0,0,802001.92,0,0,802001.92,0,0,802001.92,0,0,802001.92,0,0,802001.92,0,0,802001.92,0,0,802001.92,0,0,802001.92,0,0,802001.92,0,0,802001.92,0,0,802001.92,0,0,802001.92,0,0,802001.92,0,0,802001.92,0,0,802001.92,0,0,802001.92,0,0,811664.59,0,0,811664.59,0,0,802001.92,0,0,802001.92,0,0,802001.92,0,0,802001.92,0,0,802001.92,0,0,2363795.12,0,0,802001.92,0,0,802001.92,0,0,802001.92,0,0,802001.92,0,0,811664.59,0,0,811664.59,0,0,802001.92
0,1,AstraZeneca,2021-02-08,any_risk_factors,0,0,0,0,0,0,0,0,0,0,0,0,0,0,0,0,0,0,0,0,0,0,0,0,0,0,0,0,0,0,0,0,0,0,0,0,0,0,0,0,0,0,0,0,0,0,0,0,0,0,134736322.06,0,0,134736322.06,0,0,134736322.06,0,0,134736322.06,0,0,134736322.06,0,0,134736322.06,0,0,134736322.06,0,0,134736322.06,0,0,134736322.06,0,0,134736322.06,0,0,134736322.06,0,0,134736322.06,0,0,134736322.06,0,0,134736322.06,0,0,134736322.06,0,0,134736322.06,0,0,134736322.06,0,0,134736322.06,0,0,134736322.06,0,0,134736322.06,0,0,134736322.06,0,0,134736322.06,0,0,134736322.06,0,0,134736322.06,0,0,134736322.06,0,0,134736322.06,0,0,134736322.06,0,0,134736322.06,0,0,134736322.06,0,0,134736322.06,0,0,134736322.06,0,0,134736322.06,0,0,134736322.06,0,0,134736322.06,0,0,134736322.06,0,0,134736322.06,0,0,134736322.06,0,0,134736322.06,0,0,134736322.06,0,0,134736322.06,0,0,134736322.06,0,0,134736322.06,0,0,134736322.06,0,0,134736322.06,0,0,134736322.06,0,0,134736322.06,0,0,134736322.06,0,0,134736322.06
0,1,Pfizer,2021-01-11,any_risk_factors,0,0,0,0,0,0,0,0,0,0,0,0,0,0,0,0,0,0,0,0,0,0,0,0,0,0,0,0,0,0,0,0,0,0,0,0,0,0,0,0,0,0,0,0,0,0,0,0,0,0,2449751.31,0,0,2449751.31,0,0,2449751.31,0,0,2449751.31,0,0,2449751.31,0,0,2807006.71,0,0,2449751.31,0,0,2449751.31,0,0,2449751.31,0,0,2449751.31,0,0,2449751.31,0,0,2449751.31,0,0,2449751.31,0,0,2449751.31,0,0,2449751.31,0,0,2449751.31,0,0,2449751.31,0,0,2449751.31,0,0,2449751.31,0,0,2449751.31,0,0,2449751.31,0,0,2449751.31,0,0,2449751.31,0,0,2449751.31,0,0,2449751.31,0,0,2449751.31,0,0,2449751.31,0,0,2449751.31,0,0,2449751.31,0,0,2449751.31,0,0,2449751.31,0,0,2449751.31,0,0,2449751.31,0,0,2449751.31,0,0,2449751.31,0,0,2449751.31,0,0,2449751.31,0,0,2449751.31,0,0,2449751.31,0,0,2449751.31,0,0,5614013.42,0,0,2449751.31,0,0,2449751.31,0,0,2449751.31,0,0,2449751.31,0,0,2449751.31,0,0,2449751.31,0,0,2449751.31
0,1,Pfizer,2021-01-18,any_risk_factors,0,0,0,0,0,0,0,0,0,0,0,0,0,0,0,0,0,0,0,0,0,0,0,0,0,0,0,0,0,0,0,0,0,0,0,0,0,0,0,0,0,0,0,0,0,0,0,0,0,0,2138671.78,0,0,2138671.78,0,0,2138671.78,0,0,2138671.78,0,0,2138671.78,0,0,2406005.75,0,0,2138671.78,0,0,2138671.78,0,0,2138671.78,0,0,2138671.78,0,0,2138671.78,0,0,2138671.78,0,0,2138671.78,0,0,2138671.78,0,0,2138671.78,0,0,2138671.78,0,0,2138671.78,0,0,2138671.78,0,0,2138671.78,0,0,2138671.78,0,0,2138671.78,0,0,2138671.78,0,0,2138671.78,0,0,2138671.78,0,0,2138671.78,0,0,2138671.78,0,0,2138671.78,0,0,2138671.78,0,0,2138671.78,0,0,2138671.78,0,0,2138671.78,0,0,2138671.78,0,0,2138671.78,0,0,2138671.78,0,0,2138671.78,0,0,2138671.78,0,0,2138671.78,0,0,2138671.78,0,0,2138671.78,0,0,2138671.78,0,0,4812011.5,0,0,2138671.78,0,0,2138671.78,0,0,2138671.78,0,0,2138671.78,0,0,2138671.78,0,0,2138671.78,0,0,2138671.78
0,1,Pfizer,2021-01-25,any_risk_factors,0,0,0,0,0,0,0,0,0,0,0,0,0,0,0,0,0,0,0,0,0,0,0,0,0,0,0,0,0,0,0,0,0,0,0,0,0,0,0,0,0,0,0,0,0,0,0,0,0,0,2994140.49,0,0,2994140.49,0,0,2994140.49,0,0,2994140.49,0,0,2994140.49,0,0,3133402.84,0,0,2994140.49,0,0,2994140.49,0,0,2994140.49,0,0,2994140.49,0,0,2994140.49,0,0,2994140.49,0,0,2994140.49,0,0,2994140.49,0,0,2994140.49,0,0,2994140.49,0,0,2994140.49,0,0,2994140.49,0,0,2994140.49,0,0,2994140.49,0,0,2994140.49,0,0,2994140.49,0,0,2994140.49,0,0,2994140.49,0,0,2994140.49,0,0,2994140.49,0,0,2994140.49,0,0,2994140.49,0,0,2994140.49,0,0,2994140.49,0,0,2994140.49,0,0,2994140.49,0,0,2994140.49,0,0,2994140.49,0,0,2994140.49,0,0,2994140.49,0,0,2994140.49,0,0,2994140.49,0,0,2994140.49,0,0,2994140.49,0,0,6416015.34,0,0,2994140.49,0,0,2994140.49,0,0,2994140.49,0,0,2994140.49,0,0,2994140.49,0,0,2994140.49,0,0,2994140.49
0,1,Pfizer,2021-02-01,any_risk_factors,0,0,0,0,0,0,0,0,0,0,0,0,0,0,0,0,0,0,0,0,0,0,0,0,0,0,0,0,0,0,0,0,0,0,0,0,0,0,0,0,0,0,0,0,0,0,0,0,0,0,5389452.88,0,0,5389452.88,0,0,5389452.88,0,0,6124378.28,0,0,5389452.88,0,0,6124378.28,0,0,5389452.88,0,0,5389452.88,0,0,6124378.28,0,0,6124378.28,0,0,5389452.88,0,0,5389452.88,0,0,5389452.88,0,0,5389452.88,0,0,5389452.88,0,0,5389452.88,0,0,5389452.88,0,0,5389452.88,0,0,5389452.88,0,0,5389452.88,0,0,5389452.88,0,0,5389452.88,0,0,5389452.88,0,0,5389452.88,0,0,5389452.88,0,0,5389452.88,0,0,5389452.88,0,0,5389452.88,0,0,5389452.88,0,0,6124378.28,0,0,6124378.28,0,0,5389452.88,0,0,5389452.88,0,0,5389452.88,0,0,5389452.88,0,0,5389452.88,0,0,5389452.88,0,0,5389452.88,0,0,5389452.88,0,0,5389452.88,0,0,13473632.21,0,0,5389452.88,0,0,5389452.88,0,0,5389452.88,0,0,6124378.28,0,0,5389452.88,0,0,6124378.28,0,0,5389452.88
0,1,Pfizer,2021-02-15,any_risk_factors,0,0,0,0,0,0,0,0,0,0,0,0,0,0,0,0,0,0,0,0,0,0,0,0,0,0,0,0,0,0,0,0,0,0,0,0,0,0,0,0,0,0,0,0,0,0,0,0,0,0,8982421.47,0,0,8982421.47,0,0,8982421.47,0,0,16842040.26,0,0,8982421.47,0,0,16842040.26,0,0,8982421.47,0,0,8982421.47,0,0,16842040.26,0,0,16842040.26,0,0,8982421.47,0,0,8982421.47,0,0,8982421.47,0,0,8982421.47,0,0,8982421.47,0,0,8982421.47,0,0,8982421.47,0,0,8982421.47,0,0,8982421.47,0,0,8982421.47,0,0,8982421.47,0,0,8982421.47,0,0,8982421.47,0,0,8982421.47,0,0,8982421.47,0,0,8982421.47,0,0,8982421.47,0,0,8982421.47,0,0,8982421.47,0,0,16842040.26,0,0,16842040.26,0,0,8982421.47,0,0,8982421.47,0,0,8982421.47,0,0,8982421.47,0,0,8982421.47,0,0,8982421.47,0,0,8982421.47,0,0,8982421.47,0,0,8982421.47,0,0,16842040.26,0,0,8982421.47,0,0,8982421.47,0,0,8982421.47,0,0,16842040.26,0,0,8982421.47,0,0,16842040.26,0,0,8982421.47
0,1,Pfizer,2021-02-22,any_risk_factors,0,0,0,0,0,0,0,0,0,0,0,0,0,0,0,0,0,0,0,0,0,0,0,0,0,0,0,0,0,0,0,0,0,0,0,0,0,0,0,0,0,0,0,0,0,0,0,0,0,0,2749720.86,0,0,2749720.86,0,0,2749720.86,0,0,3208007.67,0,0,2749720.86,0,0,3208007.67,0,0,2749720.86,0,0,2749720.86,0,0,3208007.67,0,0,3208007.67,0,0,2749720.86,0,0,2749720.86,0,0,2749720.86,0,0,2749720.86,0,0,2749720.86,0,0,2749720.86,0,0,2749720.86,0,0,2749720.86,0,0,2749720.86,0,0,2749720.86,0,0,2749720.86,0,0,2749720.86,0,0,2749720.86,0,0,2749720.86,0,0,2749720.86,0,0,2749720.86,0,0,2749720.86,0,0,2749720.86,0,0,2749720.86,0,0,3208007.67,0,0,3208007.67,0,0,2749720.86,0,0,2749720.86,0,0,2749720.86,0,0,2749720.86,0,0,2749720.86,0,0,2749720.86,0,0,2749720.86,0,0,2749720.86,0,0,2749720.86,0,0,5389452.88,0,0,2749720.86,0,0,2749720.86,0,0,2749720.86,0,0,3208007.67,0,0,2749720.86,0,0,3208007.67,0,0,2749720.86
0,2,AstraZeneca,2021-05-10,any_risk_factors,0,0,0,0,0,0,0,0,0,0,0,0,0,0,0,0,0,0,0,0,0,0,0,0,0,0,0,0,0,0,0,0,0,0,0,0,0,0,0,0,0,0,0,0,0,0,0,0,0,0,22456053.68,0,0,22456053.68,0,0,22456053.68,0,0,22456053.68,0,0,22456053.68,0,0,22456053.68,0,0,22456053.68,0,0,22456053.68,0,0,22456053.68,0,0,22456053.68,0,0,22456053.68,0,0,22456053.68,0,0,22456053.68,0,0,22456053.68,0,0,22456053.68,0,0,22456053.68,0,0,22456053.68,0,0,22456053.68,0,0,22456053.68,0,0,22456053.68,0,0,22456053.68,0,0,22456053.68,0,0,22456053.68,0,0,22456053.68,0,0,22456053.68,0,0,22456053.68,0,0,22456053.68,0,0,22456053.68,0,0,22456053.68,0,0,22456053.68,0,0,22456053.68,0,0,22456053.68,0,0,22456053.68,0,0,22456053.68,0,0,22456053.68,0,0,22456053.68,0,0,22456053.68,0,0,22456053.68,0,0,22456053.68,0,0,22456053.68,0,0,22456053.68,0,0,22456053.68,0,0,22456053.68,0,0,22456053.68,0,0,22456053.68,0,0,22456053.68,0,0,22456053.68,0,0,22456053.68
0,2,AstraZeneca,2021-05-17,any_risk_factors,0,0,0,0,0,0,0,0,0,0,0,0,0,0,0,0,0,0,0,0,0,0,0,0,0,0,0,0,0,0,0,0,0,0,0,0,0,0,0,0,0,0,0,0,0,0,0,0,0,0,5614013.42,0,0,5614013.42,0,0,5614013.42,0,0,5614013.42,0,0,5614013.42,0,0,5614013.42,0,0,5614013.42,0,0,5614013.42,0,0,5614013.42,0,0,5614013.42,0,0,5614013.42,0,0,5614013.42,0,0,5614013.42,0,0,5614013.42,0,0,5614013.42,0,0,5614013.42,0,0,5614013.42,0,0,5614013.42,0,0,5614013.42,0,0,5614013.42,0,0,5614013.42,0,0,5614013.42,0,0,5614013.42,0,0,5614013.42,0,0,5614013.42,0,0,5614013.42,0,0,5614013.42,0,0,5614013.42,0,0,5614013.42,0,0,5614013.42,0,0,5614013.42,0,0,5614013.42,0,0,5614013.42,0,0,5614013.42,0,0,5614013.42,0,0,5614013.42,0,0,5614013.42,0,0,5614013.42,0,0,5614013.42,0,0,5614013.42,0,0,5614013.42,0,0,5614013.42,0,0,5614013.42,0,0,5614013.42,0,0,5614013.42,0,0,5614013.42,0,0,5614013.42,0,0,5614013.42
0,2,AstraZeneca,2021-05-24,any_risk_factors,0,0,0,0,0,0,0,0,0,0,0,0,0,0,0,0,0,0,0,0,0,0,0,0,0,0,0,0,0,0,0,0,0,0,0,0,0,0,0,0,0,0,0,0,0,0,0,0,0,0,4082918.85,0,0,4082918.85,0,0,4082918.85,0,0,4082918.85,0,0,4082918.85,0,0,4082918.85,0,0,4082918.85,0,0,4082918.85,0,0,4082918.85,0,0,4082918.85,0,0,4082918.85,0,0,4082918.85,0,0,4082918.85,0,0,4082918.85,0,0,4082918.85,0,0,4082918.85,0,0,4082918.85,0,0,4082918.85,0,0,4082918.85,0,0,4082918.85,0,0,4082918.85,0,0,4082918.85,0,0,4082918.85,0,0,4082918.85,0,0,4082918.85,0,0,4082918.85,0,0,4082918.85,0,0,4082918.85,0,0,4082918.85,0,0,4082918.85,0,0,4082918.85,0,0,4082918.85,0,0,4082918.85,0,0,4082918.85,0,0,4082918.85,0,0,4082918.85,0,0,4082918.85,0,0,4082918.85,0,0,4082918.85,0,0,4082918.85,0,0,4082918.85,0,0,4082918.85,0,0,4082918.85,0,0,4082918.85,0,0,4082918.85,0,0,4082918.85,0,0,4082918.85,0,0,4082918.85
0,2,AstraZeneca,2021-05-31,any_risk_factors,0,0,0,0,0,0,0,0,0,0,0,0,0,0,0,0,0,0,0,0,0,0,0,0,0,0,0,0,0,0,0,0,0,0,0,0,0,0,0,0,0,0,0,0,0,0,0,0,0,0,2641888.67,0,0,2641888.67,0,0,2641888.67,0,0,2641888.67,0,0,2641888.67,0,0,2641888.67,0,0,2641888.67,0,0,2694726.44,0,0,2641888.67,0,0,2641888.67,0,0,2641888.67,0,0,2641888.67,0,0,2641888.67,0,0,2641888.67,0,0,2641888.67,0,0,2641888.67,0,0,2641888.67,0,0,2641888.67,0,0,2641888.67,0,0,2641888.67,0,0,2641888.67,0,0,2641888.67,0,0,2641888.67,0,0,2641888.67,0,0,2641888.67,0,0,2641888.67,0,0,2641888.67,0,0,2641888.67,0,0,2641888.67,0,0,2641888.67,0,0,2641888.67,0,0,2641888.67,0,0,2641888.67,0,0,2641888.67,0,0,2641888.67,0,0,2641888.67,0,0,2641888.67,0,0,2641888.67,0,0,2641888.67,0,0,2641888.67,0,0,2641888.67,0,0,2641888.67,0,0,2641888.67,0,0,2641888.67,0,0,2641888.67,0,0,2641888.67,0,0,2641888.67,0,0,2641888.67
0,2,AstraZeneca,2021-06-07,any_risk_factors,0,0,0,0,0,0,0,0,0,0,0,0,0,0,0,0,0,0,0,0,0,0,0,0,0,0,0,0,0,0,0,0,0,0,0,0,0,0,0,0,0,0,0,0,0,0,0,0,0,0,1705523.06,0,0,1705523.06,0,0,1705523.06,0,0,1705523.06,0,0,1705523.06,0,0,1705523.06,0,0,1705523.06,0,0,1871337.81,0,0,1705523.06,0,0,1705523.06,0,0,1705523.06,0,0,1705523.06,0,0,1705523.06,0,0,1705523.06,0,0,1705523.06,0,0,1705523.06,0,0,1705523.06,0,0,1705523.06,0,0,1705523.06,0,0,1705523.06,0,0,1705523.06,0,0,1705523.06,0,0,1705523.06,0,0,1705523.06,0,0,1705523.06,0,0,1705523.06,0,0,1705523.06,0,0,1705523.06,0,0,1705523.06,0,0,1705523.06,0,0,1705523.06,0,0,1705523.06,0,0,1705523.06,0,0,1705523.06,0,0,1705523.06,0,0,1705523.06,0,0,1705523.06,0,0,1705523.06,0,0,1705523.06,0,0,1705523.06,0,0,1897694.68,0,0,1705523.06,0,0,1705523.06,0,0,1705523.06,0,0,1705523.06,0,0,1705523.06,0,0,1705523.06,0,0,1705523.06
0,2,AstraZeneca,2021-06-14,any_risk_factors,0,0,0,0,0,0,0,0,0,0,0,0,0,0,0,0,0,0,0,0,0,0,0,0,0,0,0,0,0,0,0,0,0,0,0,0,0,0,0,0,0,0,0,0,0,0,0,0,0,0,962402.3,0,0,962402.3,0,0,962402.3,0,0,998046.83,0,0,962402.3,0,0,962402.3,0,0,962402.3,0,0,1013055.05,0,0,962402.3,0,0,962402.3,0,0,962402.3,0,0,962402.3,0,0,962402.3,0,0,962402.3,0,0,962402.3,0,0,962402.3,0,0,962402.3,0,0,962402.3,0,0,962402.3,0,0,962402.3,0,0,962402.3,0,0,962402.3,0,0,962402.3,0,0,962402.3,0,0,962402.3,0,0,962402.3,0,0,962402.3,0,0,962402.3,0,0,962402.3,0,0,962402.3,0,0,962402.3,0,0,962402.3,0,0,962402.3,0,0,962402.3,0,0,962402.3,0,0,962402.3,0,0,962402.3,0,0,962402.3,0,0,962402.3,0,0,962402.3,0,0,1418277.07,0,0,962402.3,0,0,962402.3,0,0,962402.3,0,0,962402.3,0,0,962402.3,0,0,962402.3,0,0,962402.3
0,2,AstraZeneca,2021-06-21,any_risk_factors,0,0,0,0,0,0,0,0,0,0,0,0,0,0,0,0,0,0,0,0,0,0,0,0,0,0,0,0,0,0,0,0,0,0,0,0,0,1,0,0,0,0,0,0,0,0,0,0,0,0,510364.86,0,0,510364.86,0,0,510364.86,0,0,526313.76,0,0,510364.86,0,0,510364.86,0,0,510364.86,0,0,524265.84,0,0,510364.86,0,0,510364.86,0,0,510364.86,0,0,510364.86,0,0,510364.86,0,0,510364.86,0,0,510364.86,0,0,510364.86,0,0,510364.86,0,0,510364.86,0,0,510364.86,0,0,510364.86,0,0,510364.86,0,0,510364.86,0,0,510364.86,0,0,510364.86,0,0,510364.86,0,0,510364.86,0,0,510364.86,0,0,510364.86,0,0,510364.86,0,0,510364.86,0,0,510364.86,0,0,510364.86,0,0,510364.86,0,0,510364.86,0,0,510364.86,0,0,510364.86,0,0,510364.86,0,0,510364.86,0,0,510364.86,0,0,510364.86,306932.77,7770.87,1710119.96,0,0,510364.86,0,0,510364.86,0,0,510364.86,0,0,510364.86,0,0,510364.86,0,0,510364.86,0,0,510364.86
0,2,AstraZeneca,2021-06-28,any_risk_factors,0,0,0,0,0,0,0,0,0,0,0,0,0,0,0,0,0,0,0,0,0,0,0,0,0,0,0,0,0,0,0,0,0,0,0,0,0,0,0,0,0,0,0,0,0,0,0,0,0,0,836871.57,0,0,836871.57,0,0,836871.57,0,0,869266.59,0,0,836871.57,0,0,836871.57,0,0,836871.57,0,0,852761.53,0,0,836871.57,0,0,836871.57,0,0,836871.57,0,0,836871.57,0,0,836871.57,0,0,836871.57,0,0,836871.57,0,0,836871.57,0,0,836871.57,0,0,836871.57,0,0,836871.57,0,0,836871.57,0,0,836871.57,0,0,836871.57,0,0,836871.57,0,0,836871.57,0,0,836871.57,0,0,836871.57,0,0,836871.57,0,0,836871.57,0,0,836871.57,0,0,836871.57,0,0,836871.57,0,0,836871.57,0,0,836871.57,0,0,836871.57,0,0,836871.57,0,0,836871.57,0,0,836871.57,0,0,836871.57,0,0,836871.57,0,0,836871.57,0,0,2363795.12,0,0,836871.57,0,0,836871.57,0,0,836871.57,0,0,836871.57,0,0,836871.57,0,0,836871.57,0,0,836871.57
0,2,Pfizer,2021-02-01,any_risk_factors,0,0,0,0,0,0,0,0,0,0,0,0,0,0,0,0,0,0,0,0,0,0,0,0,0,0,0,0,0,0,0,0,0,0,0,0,0,0,0,0,0,0,0,0,0,0,0,0,0,0,3286251.76,0,0,3286251.76,0,0,3286251.76,0,0,3286251.76,0,0,3286251.76,0,0,3962833,0,0,3286251.76,0,0,3286251.76,0,0,3286251.76,0,0,3286251.76,0,0,3286251.76,0,0,3286251.76,0,0,3286251.76,0,0,3286251.76,0,0,3286251.76,0,0,3286251.76,0,0,3286251.76,0,0,3286251.76,0,0,3286251.76,0,0,3286251.76,0,0,3286251.76,0,0,3286251.76,0,0,3286251.76,0,0,3286251.76,0,0,3286251.76,0,0,3286251.76,0,0,3286251.76,0,0,3286251.76,0,0,3286251.76,0,0,3286251.76,0,0,3286251.76,0,0,3286251.76,0,0,3286251.76,0,0,3286251.76,0,0,3286251.76,0,0,3286251.76,0,0,3286251.76,0,0,3286251.76,0,0,3286251.76,0,0,3286251.76,0,0,7485351.23,0,0,3286251.76,0,0,3286251.76,0,0,3286251.76,0,0,3286251.76,0,0,3286251.76,0,0,3286251.76,0,0,3286251.76
0,2,Pfizer,2021-02-08,any_risk_factors,0,0,0,0,0,0,0,0,0,0,0,0,0,0,0,0,0,0,0,0,0,0,0,0,0,0,0,0,0,0,0,0,0,0,0,0,0,0,0,0,0,0,0,0,0,0,0,0,0,0,2406005.75,0,0,2406005.75,0,0,2406005.75,0,0,2406005.75,0,0,2406005.75,0,0,2749720.86,0,0,2406005.75,0,0,2406005.75,0,0,2406005.75,0,0,2406005.75,0,0,2406005.75,0,0,2406005.75,0,0,2406005.75,0,0,2406005.75,0,0,2406005.75,0,0,2406005.75,0,0,2406005.75,0,0,2406005.75,0,0,2406005.75,0,0,2406005.75,0,0,2406005.75,0,0,2406005.75,0,0,2406005.75,0,0,2406005.75,0,0,2406005.75,0,0,2406005.75,0,0,2406005.75,0,0,2406005.75,0,0,2406005.75,0,0,2406005.75,0,0,2406005.75,0,0,2406005.75,0,0,2406005.75,0,0,2406005.75,0,0,2406005.75,0,0,2406005.75,0,0,2406005.75,0,0,2406005.75,0,0,2406005.75,0,0,2406005.75,0,0,6416015.34,0,0,2406005.75,0,0,2406005.75,0,0,2406005.75,0,0,2406005.75,0,0,2406005.75,0,0,2406005.75,0,0,2406005.75
0,2,Pfizer,2021-02-15,any_risk_factors,0,0,0,0,0,0,0,0,0,0,0,0,0,0,0,0,0,0,0,0,0,0,0,0,0,0,0,0,0,0,0,0,0,0,0,0,0,0,0,0,0,0,0,0,0,0,0,0,0,0,2406005.75,0,0,2406005.75,0,0,2406005.75,0,0,2406005.75,0,0,2406005.75,0,0,2749720.86,0,0,2406005.75,0,0,2406005.75,0,0,2406005.75,0,0,2406005.75,0,0,2406005.75,0,0,2406005.75,0,0,2406005.75,0,0,2406005.75,0,0,2406005.75,0,0,2406005.75,0,0,2406005.75,0,0,2406005.75,0,0,2406005.75,0,0,2406005.75,0,0,2406005.75,0,0,2406005.75,0,0,2406005.75,0,0,2406005.75,0,0,2406005.75,0,0,2406005.75,0,0,2406005.75,0,0,2406005.75,0,0,2406005.75,0,0,2406005.75,0,0,2406005.75,0,0,2406005.75,0,0,2406005.75,0,0,2406005.75,0,0,2406005.75,0,0,2406005.75,0,0,2406005.75,0,0,2406005.75,0,0,2406005.75,0,0,2406005.75,0,0,6416015.34,0,0,2406005.75,0,0,2406005.75,0,0,2406005.75,0,0,2406005.75,0,0,2406005.75,0,0,2406005.75,0,0,2406005.75
0,2,Pfizer,2021-02-22,any_risk_factors,0,0,0,0,0,0,0,0,0,0,0,0,0,0,0,0,0,0,0,0,0,0,0,0,0,0,0,0,0,0,0,0,0,0,0,0,0,0,0,0,0,0,0,0,0,0,0,0,0,0,2406005.75,0,0,2406005.75,0,0,2406005.75,0,0,2406005.75,0,0,2406005.75,0,0,2749720.86,0,0,2406005.75,0,0,2406005.75,0,0,2406005.75,0,0,2406005.75,0,0,2406005.75,0,0,2406005.75,0,0,2406005.75,0,0,2406005.75,0,0,2406005.75,0,0,2406005.75,0,0,2406005.75,0,0,2406005.75,0,0,2406005.75,0,0,2406005.75,0,0,2406005.75,0,0,2406005.75,0,0,2406005.75,0,0,2406005.75,0,0,2406005.75,0,0,2406005.75,0,0,2406005.75,0,0,2406005.75,0,0,2406005.75,0,0,2406005.75,0,0,2406005.75,0,0,2406005.75,0,0,2406005.75,0,0,2406005.75,0,0,2406005.75,0,0,2406005.75,0,0,2406005.75,0,0,2406005.75,0,0,2406005.75,0,0,2406005.75,0,0,6416015.34,0,0,2406005.75,0,0,2406005.75,0,0,2406005.75,0,0,2406005.75,0,0,2406005.75,0,0,2406005.75,0,0,2406005.75
0,2,Pfizer,2021-03-01,any_risk_factors,0,0,0,0,0,0,0,0,0,0,0,0,0,0,0,0,0,0,0,0,0,0,0,0,0,0,0,0,0,0,0,0,0,0,0,0,0,0,0,0,0,0,0,0,0,0,0,0,0,0,2406005.75,0,0,2406005.75,0,0,2406005.75,0,0,2406005.75,0,0,2406005.75,0,0,2749720.86,0,0,2406005.75,0,0,2406005.75,0,0,2406005.75,0,0,2406005.75,0,0,2406005.75,0,0,2406005.75,0,0,2406005.75,0,0,2406005.75,0,0,2406005.75,0,0,2406005.75,0,0,2406005.75,0,0,2406005.75,0,0,2406005.75,0,0,2406005.75,0,0,2406005.75,0,0,2406005.75,0,0,2406005.75,0,0,2406005.75,0,0,2406005.75,0,0,2406005.75,0,0,2406005.75,0,0,2406005.75,0,0,2406005.75,0,0,2406005.75,0,0,2406005.75,0,0,2406005.75,0,0,2406005.75,0,0,2406005.75,0,0,2406005.75,0,0,2406005.75,0,0,2406005.75,0,0,2406005.75,0,0,2406005.75,0,0,2406005.75,0,0,6416015.34,0,0,2406005.75,0,0,2406005.75,0,0,2406005.75,0,0,2406005.75,0,0,2406005.75,0,0,2406005.75,0,0,2406005.75
0,2,Pfizer,2021-03-08,any_risk_factors,0,0,0,0,0,0,0,0,0,0,0,0,0,0,0,0,0,0,0,0,0,0,0,0,0,0,0,0,0,0,0,0,0,0,0,0,0,0,0,0,0,0,0,0,0,0,0,0,0,0,2406005.75,0,0,2406005.75,0,0,2406005.75,0,0,2406005.75,0,0,2406005.75,0,0,2749720.86,0,0,2406005.75,0,0,2406005.75,0,0,2406005.75,0,0,2406005.75,0,0,2406005.75,0,0,2406005.75,0,0,2406005.75,0,0,2406005.75,0,0,2406005.75,0,0,2406005.75,0,0,2406005.75,0,0,2406005.75,0,0,2406005.75,0,0,2406005.75,0,0,2406005.75,0,0,2406005.75,0,0,2406005.75,0,0,2406005.75,0,0,2406005.75,0,0,2406005.75,0,0,2406005.75,0,0,2406005.75,0,0,2406005.75,0,0,2406005.75,0,0,2406005.75,0,0,2406005.75,0,0,2406005.75,0,0,2406005.75,0,0,2406005.75,0,0,2406005.75,0,0,2406005.75,0,0,2406005.75,0,0,2406005.75,0,0,2406005.75,0,0,6416015.34,0,0,2406005.75,0,0,2406005.75,0,0,2406005.75,0,0,2406005.75,0,0,2406005.75,0,0,2406005.75,0,0,2406005.75
0,2,Pfizer,2021-03-15,any_risk_factors,0,0,0,0,0,0,0,0,0,0,0,0,0,0,0,0,0,0,0,0,0,0,0,0,0,0,0,0,0,0,0,0,0,0,0,0,0,0,0,0,0,0,0,0,0,0,0,0,0,0,1623329.18,0,0,1623329.18,0,0,1623329.18,0,0,1663411.38,0,0,1663411.38,0,0,1820761.11,0,0,1623329.18,0,0,1623329.18,0,0,1623329.18,0,0,1623329.18,0,0,1623329.18,0,0,1623329.18,0,0,1623329.18,0,0,1623329.18,0,0,1623329.18,0,0,1623329.18,0,0,1623329.18,0,0,1623329.18,0,0,1623329.18,0,0,1623329.18,0,0,1623329.18,0,0,1623329.18,0,0,1623329.18,0,0,1623329.18,0,0,1623329.18,0,0,1623329.18,0,0,1623329.18,0,0,1623329.18,0,0,1623329.18,0,0,1623329.18,0,0,1623329.18,0,0,1623329.18,0,0,1623329.18,0,0,1623329.18,0,0,1623329.18,0,0,1623329.18,0,0,1623329.18,0,0,1623329.18,0,0,1623329.18,0,0,1623329.18,0,0,4346332.97,0,0,1623329.18,0,0,1623329.18,0,0,1623329.18,0,0,1623329.18,0,0,1623329.18,0,0,1623329.18,0,0,1623329.18
0,2,Pfizer,2021-03-22,any_risk_factors,0,0,0,0,0,0,0,0,0,0,0,0,0,0,0,0,0,0,0,0,0,0,0,0,0,0,0,0,0,0,0,0,0,0,0,0,0,0,0,0,0,0,0,0,0,0,0,0,0,0,797256.34,0,0,797256.34,0,0,797256.34,0,0,831705.69,0,0,842102.01,0,0,880629.56,0,0,797256.34,0,0,797256.34,0,0,797256.34,0,0,797256.34,0,0,797256.34,0,0,797256.34,0,0,797256.34,0,0,797256.34,0,0,797256.34,0,0,797256.34,0,0,797256.34,0,0,797256.34,0,0,797256.34,0,0,797256.34,0,0,797256.34,0,0,797256.34,0,0,797256.34,0,0,797256.34,0,0,797256.34,0,0,797256.34,0,0,797256.34,0,0,797256.34,0,0,797256.34,0,0,797256.34,0,0,797256.34,0,0,797256.34,0,0,797256.34,0,0,797256.34,0,0,797256.34,0,0,797256.34,0,0,797256.34,0,0,797256.34,0,0,797256.34,0,0,797256.34,0,0,2866730.26,0,0,797256.34,0,0,797256.34,0,0,797256.34,0,0,797256.34,0,0,797256.34,0,0,797256.34,0,0,797256.34
0,2,Pfizer,2021-03-29,any_risk_factors,0,0,0,0,0,0,0,0,0,0,0,0,0,0,0,0,0,0,0,0,0,0,0,0,0,0,0,0,0,0,0,0,0,0,0,0,0,0,0,0,0,0,0,0,0,0,0,0,0,0,421051.01,0,0,421051.01,0,0,421051.01,0,0,433235.76,0,0,446146.76,0,0,469464.54,0,0,426380.77,0,0,430467.48,0,0,434633.3,0,0,434633.3,0,0,421051.01,0,0,421051.01,0,0,421051.01,0,0,421051.01,0,0,421051.01,0,0,421051.01,0,0,430467.48,0,0,437455.59,0,0,421051.01,0,0,421051.01,0,0,421051.01,0,0,421051.01,0,0,421051.01,0,0,421051.01,0,0,421051.01,0,0,421051.01,0,0,421051.01,0,0,421051.01,0,0,421051.01,0,0,421051.01,0,0,421051.01,0,0,421051.01,0,0,421051.01,0,0,426380.77,0,0,426380.77,0,0,421051.01,0,0,421051.01,0,0,421051.01,0,0,421051.01,0,0,421051.01,0,0,1924804.6,0,0,421051.01,0,0,421051.01,0,0,421051.01,0,0,426380.77,0,0,426380.77,0,0,431847.19,0,0,421051.01
0,2,Pfizer,2021-04-05,any_risk_factors,0,0,0,0,0,0,0,0,0,0,0,0,0,0,0,0,0,0,0,0,0,0,0,0,0,0,0,0,0,0,0,0,0,0,0,0,0,1,0,0,0,0,0,0,0,0,0,0,0,0,291637.06,0,0,291637.06,0,0,291637.06,0,0,300750.72,0,0,309738.67,0,0,325450.05,0,0,300080.9,0,0,308321.1,0,0,304145.2,0,0,304145.2,0,0,291637.06,0,0,291637.06,0,0,291637.06,0,0,291637.06,0,0,291637.06,0,0,291637.06,0,0,296123.78,0,0,300750.72,0,0,291637.06,0,0,291637.06,0,0,291637.06,0,0,291637.06,0,0,291637.06,0,0,291637.06,0,0,291637.06,0,0,291637.06,0,0,291637.06,0,0,291637.06,0,0,291637.06,0,0,291637.06,0,0,291637.06,0,0,291637.06,0,0,291637.06,0,0,296123.78,0,0,296123.78,0,0,291637.06,0,0,291637.06,0,0,291637.06,0,0,291637.06,0,0,291637.06,323230.09,8183.48,1800922.79,0,0,291637.06,0,0,291637.06,0,0,291637.06,0,0,300080.9,0,0,296123.78,0,0,304833.31,0,0,291637.06
0,2,Pfizer,2021-04-12,any_risk_factors,0,0,0,0,0,0,0,0,0,0,0,0,0,0,0,0,0,0,0,0,0,0,0,0,0,0,0,0,0,0,0,0,0,0,0,0,0,0,0,0,0,0,0,0,0,0,0,0,0,0,244087.54,0,0,244087.54,0,0,244087.54,0,0,250439.26,0,0,257130.39,0,0,267865.45,0,0,250439.26,0,0,257130.39,0,0,253740.72,0,0,253740.72,0,0,244087.54,0,0,244087.54,0,0,244087.54,0,0,244087.54,0,0,244087.54,0,0,244087.54,0,0,247222.61,0,0,250439.26,0,0,244087.54,0,0,244087.54,0,0,244087.54,0,0,244087.54,0,0,244087.54,0,0,244087.54,0,0,244087.54,0,0,244087.54,0,0,244087.54,0,0,244087.54,0,0,244087.54,0,0,244087.54,0,0,244087.54,0,0,244087.54,0,0,244087.54,0,0,247222.61,0,0,247222.61,0,0,244087.54,0,0,244087.54,0,0,244087.54,0,0,244087.54,0,0,244087.54,0,0,1113523.32,0,0,244087.54,0,0,244087.54,0,0,244087.54,0,0,250439.26,0,0,247222.61,0,0,253740.72,0,0,244087.54
0,2,Pfizer,2021-04-19,any_risk_factors,0,0,0,0,0,0,0,0,0,0,0,0,0,0,0,0,0,0,0,0,0,0,0,0,0,0,0,0,0,0,0,0,0,0,0,0,0,0,0,0,0,0,0,0,0,0,0,0,0,0,191115.35,0,0,191115.35,0,0,191115.35,0,0,196122.74,0,0,199905.52,0,0,206334.34,0,0,194987.44,0,0,199609.37,0,0,199905.52,0,0,199905.52,0,0,191115.35,0,0,191115.35,0,0,191115.35,0,0,191115.35,0,0,191115.35,0,0,191115.35,0,0,193586.67,0,0,195553.44,0,0,191115.35,0,0,191115.35,0,0,191115.35,0,0,191115.35,0,0,191115.35,0,0,191115.35,0,0,191115.35,0,0,191115.35,0,0,191115.35,0,0,191115.35,0,0,191115.35,0,0,191659.06,0,0,191659.06,0,0,191115.35,0,0,191115.35,0,0,193031.98,0,0,193031.98,0,0,191115.35,0,0,191115.35,0,0,191115.35,0,0,191115.35,0,0,191115.35,0,0,863694.37,0,0,191115.35,0,0,191115.35,0,0,191115.35,0,0,195553.44,0,0,193031.98,0,0,197560.59,0,0,191115.35
0,2,Pfizer,2021-04-26,any_risk_factors,0,0,0,0,0,0,0,0,0,0,0,0,0,0,0,0,0,0,0,0,0,0,0,0,0,0,0,0,0,0,0,0,0,0,0,0,0,1,0,0,0,0,0,0,0,0,0,0,0,0,137908.21,0,0,137908.21,0,0,137908.21,0,0,144103.02,0,0,144103.02,0,0,147575.38,0,0,140496.69,0,0,146134.84,0,0,145346.63,0,0,145346.63,0,0,137908.21,0,0,137908.21,0,0,137908.21,0,0,137908.21,0,0,137908.21,0,0,137908.21,0,0,139913.11,0,0,140937.58,0,0,137908.21,0,0,137908.21,0,0,137908.21,0,0,137908.21,0,0,137908.21,0,0,137908.21,0,0,137908.21,0,0,137908.21,0,0,138049.51,0,0,137908.21,0,0,137908.21,0,0,139046.77,0,0,139046.77,0,0,137908.21,0,0,137908.21,0,0,139334.36,0,0,139334.36,0,0,137908.21,0,0,137908.21,0,0,137908.21,0,0,137908.21,0,0,137908.21,183542.71,4646.9,1022634.55,0,0,137908.21,0,0,138049.51,0,0,137908.21,0,0,141678.57,0,0,139334.36,0,0,143184.19,0,0,137908.21
0,2,Pfizer,2021-05-03,any_risk_factors,0,0,0,0,0,0,0,0,0,0,0,0,0,0,0,0,0,0,0,0,0,0,0,0,0,0,0,0,0,0,0,0,0,0,0,0,0,0,0,0,0,0,0,0,0,0,0,0,0,0,102852.15,0,0,102852.15,0,0,102852.15,0,0,109009.97,0,0,107274.14,0,0,110078.69,0,0,104771.63,0,0,109899.12,0,0,107616.87,0,0,107616.87,0,0,102852.15,0,0,102852.15,0,0,102852.15,0,0,102852.15,0,0,102852.15,0,0,102852.15,0,0,104204.43,0,0,104853.17,0,0,102852.15,0,0,102852.15,0,0,102852.15,0,0,102852.15,0,0,102852.15,0,0,102852.15,0,0,102852.15,0,0,102852.15,0,0,103404.7,0,0,102852.15,0,0,102852.15,0,0,104527.79,0,0,104527.79,0,0,102852.15,0,0,102852.15,0,0,104934.83,0,0,104934.83,0,0,102852.15,0,0,102852.15,0,0,102852.15,0,0,102852.15,0,0,102852.15,0,0,528377.73,0,0,102852.15,0,0,103404.7,0,0,102852.15,0,0,106510.93,0,0,104934.83,0,0,108746.02,0,0,102852.15
0,2,Pfizer,2021-05-10,any_risk_factors,0,0,0,0,0,0,0,0,1,1,0,0,0,0,0,0,0,0,0,0,0,0,0,0,0,0,0,0,0,0,0,0,0,0,0,0,0,0,0,0,0,0,0,0,0,0,0,0,0,0,83791.25,0,0,83791.25,0,0,83791.25,0,0,88876.2,0,0,88062.96,0,0,90124.63,0,0,85655.64,0,0,89884.14,23686.77,599.7,131974.24,23686.77,599.7,131974.24,0,0,83791.25,0,0,83791.25,0,0,83791.25,0,0,83791.25,0,0,83791.25,0,0,83791.25,0,0,84953.54,0,0,85710.13,0,0,83791.25,0,0,83791.25,0,0,83791.25,0,0,83791.25,0,0,83791.25,0,0,83791.25,0,0,83791.25,0,0,83791.25,0,0,84157.6,0,0,83791.25,0,0,83791.25,0,0,85114.54,0,0,85114.54,0,0,83791.25,0,0,83791.25,0,0,85276.15,0,0,85276.15,0,0,83791.25,0,0,83791.25,0,0,83791.25,0,0,83791.25,0,0,83791.25,0,0,444674.33,0,0,83791.25,0,0,84157.6,0,0,83791.25,0,0,87038.97,0,0,85276.15,0,0,88642.32,0,0,83791.25
0,2,Pfizer,2021-05-17,any_risk_factors,0,0,0,0,0,0,0,0,0,0,0,0,0,0,0,0,0,0,0,0,0,0,0,0,0,0,0,0,0,0,0,0,0,0,0,0,0,2,0,0,0,0,0,0,0,0,0,0,0,0,77212.79,0,0,77212.79,0,0,77212.79,0,0,82106.23,0,0,81117.59,0,0,83221.94,0,0,79117.04,0,0,82863.67,0,0,80439.6,0,0,80439.6,0,0,77212.79,0,0,77212.79,0,0,77212.79,0,0,77212.79,0,0,77212.79,0,0,77212.79,0,0,78471.94,0,0,79117.04,0,0,77212.79,0,0,77212.79,0,0,77212.79,0,0,77212.79,0,0,77212.79,0,0,77212.79,0,0,77212.79,0,0,77212.79,0,0,77523.78,0,0,77212.79,0,0,77212.79,0,0,78471.94,0,0,78471.94,0,0,77212.79,0,0,77212.79,0,0,78471.94,0,0,78471.94,0,0,77212.79,0,0,77212.79,0,0,77212.79,0,0,77212.79,0,0,77212.79,232643.31,28174.18,840387.63,0,0,77212.79,0,0,77523.78,0,0,77212.79,0,0,80439.6,0,0,78471.94,0,0,81807.12,0,0,77212.79
0,2,Pfizer,2021-05-24,any_risk_factors,0,0,0,0,0,0,0,1,0,0,0,0,0,0,0,0,0,0,0,0,0,0,0,0,0,0,0,0,0,0,0,0,0,0,0,0,0,2,0,0,0,0,0,0,0,0,0,0,0,0,73345.85,0,0,73345.85,0,0,73345.85,0,0,77792.33,0,0,76860.42,0,0,79024.24,0,0,75062.02,21334.7,540.15,118869.32,0,0,76511.26,0,0,76511.26,0,0,73345.85,0,0,73345.85,0,0,73345.85,0,0,73345.85,0,0,73345.85,0,0,73345.85,0,0,74481.11,0,0,75062.02,0,0,73345.85,0,0,73345.85,0,0,73345.85,0,0,73345.85,0,0,73345.85,0,0,73345.85,0,0,73345.85,0,0,73345.85,0,0,73626.41,0,0,73345.85,0,0,73345.85,0,0,74481.11,0,0,74481.11,0,0,73345.85,0,0,73345.85,0,0,74481.11,0,0,74481.11,0,0,73345.85,0,0,73345.85,0,0,73345.85,0,0,73345.85,0,0,73345.85,237175.32,28723.03,856758.82,0,0,73345.85,0,0,73626.41,0,0,73345.85,0,0,76251.46,0,0,74481.11,0,0,77479.2,0,0,73345.85
0,1,J&J,2021-06-07,any_risk_factors,0,0,0,0,0,0,0,0,0,0,0,0,0,0,0,0,0,0,0,0,0,0,0,0,0,0,0,0,0,0,0,0,0,0,0,0,0,0,0,0,0,0,0,0,0,0,0,0,0,0,2208792.16,0,0,2208792.16,0,0,2208792.16,0,0,2208792.16,0,0,2208792.16,0,0,2208792.16,0,0,2208792.16,0,0,2208792.16,0,0,2208792.16,0,0,2208792.16,0,0,2208792.16,0,0,2208792.16,0,0,2208792.16,0,0,2208792.16,0,0,2208792.16,0,0,2208792.16,0,0,2208792.16,0,0,2208792.16,0,0,2208792.16,0,0,2208792.16,0,0,2208792.16,0,0,2208792.16,0,0,2208792.16,0,0,2208792.16,0,0,2208792.16,0,0,2208792.16,0,0,2208792.16,0,0,2208792.16,0,0,2208792.16,0,0,2208792.16,0,0,2208792.16,0,0,2208792.16,0,0,2208792.16,0,0,2208792.16,0,0,2208792.16,0,0,2208792.16,0,0,2208792.16,0,0,2208792.16,0,0,2208792.16,0,0,2208792.16,0,0,4082918.85,0,0,2208792.16,0,0,2208792.16,0,0,2208792.16,0,0,2208792.16,0,0,2208792.16,0,0,2208792.16,0,0,2208792.16
0,1,J&J,2021-06-14,any_risk_factors,0,0,0,0,0,0,0,0,0,0,0,0,0,0,0,0,0,0,0,0,0,0,0,0,0,0,0,0,0,0,0,0,0,0,0,0,0,0,0,0,0,0,0,0,0,0,0,0,0,0,1389034.25,0,0,1389034.25,0,0,1389034.25,0,0,1389034.25,0,0,1389034.25,0,0,1389034.25,0,0,1389034.25,0,0,1497070.25,0,0,1389034.25,0,0,1389034.25,0,0,1389034.25,0,0,1389034.25,0,0,1389034.25,0,0,1389034.25,0,0,1389034.25,0,0,1389034.25,0,0,1389034.25,0,0,1389034.25,0,0,1389034.25,0,0,1389034.25,0,0,1389034.25,0,0,1389034.25,0,0,1389034.25,0,0,1389034.25,0,0,1389034.25,0,0,1389034.25,0,0,1389034.25,0,0,1389034.25,0,0,1389034.25,0,0,1389034.25,0,0,1389034.25,0,0,1389034.25,0,0,1389034.25,0,0,1389034.25,0,0,1389034.25,0,0,1389034.25,0,0,1389034.25,0,0,1389034.25,0,0,1389034.25,0,0,1389034.25,0,0,2749720.86,0,0,1389034.25,0,0,1389034.25,0,0,1389034.25,0,0,1389034.25,0,0,1389034.25,0,0,1389034.25,0,0,1389034.25
0,1,J&J,2021-06-21,any_risk_factors,0,0,0,0,0,0,0,0,0,0,0,0,0,0,0,0,0,0,0,0,0,0,0,0,0,0,0,0,0,0,0,0,0,0,0,0,0,0,0,0,0,0,0,0,0,0,0,0,0,0,1334022.99,0,0,1334022.99,0,0,1334022.99,0,0,1334022.99,0,0,1334022.99,0,0,1334022.99,0,0,1334022.99,0,0,1433365.13,0,0,1334022.99,0,0,1334022.99,0,0,1334022.99,0,0,1334022.99,0,0,1334022.99,0,0,1334022.99,0,0,1334022.99,0,0,1334022.99,0,0,1334022.99,0,0,1334022.99,0,0,1334022.99,0,0,1334022.99,0,0,1334022.99,0,0,1334022.99,0,0,1334022.99,0,0,1334022.99,0,0,1334022.99,0,0,1334022.99,0,0,1334022.99,0,0,1334022.99,0,0,1334022.99,0,0,1334022.99,0,0,1334022.99,0,0,1334022.99,0,0,1334022.99,0,0,1334022.99,0,0,1334022.99,0,0,1334022.99,0,0,1334022.99,0,0,1334022.99,0,0,1334022.99,0,0,1334022.99,0,0,2591083.12,0,0,1334022.99,0,0,1334022.99,0,0,1334022.99,0,0,1334022.99,0,0,1334022.99,0,0,1334022.99,0,0,1334022.99
0,1,J&J,2021-06-28,any_risk_factors,0,0,0,0,0,0,0,0,0,0,0,0,0,0,0,0,0,0,0,0,0,0,0,0,0,0,0,0,0,0,0,0,0,0,0,0,0,0,0,0,0,0,0,0,0,0,0,0,0,0,2994140.49,0,0,2994140.49,0,0,2994140.49,0,0,2994140.49,0,0,2994140.49,0,0,2994140.49,0,0,2994140.49,0,0,3208007.67,0,0,2994140.49,0,0,2994140.49,0,0,2994140.49,0,0,2994140.49,0,0,2994140.49,0,0,2994140.49,0,0,2994140.49,0,0,2994140.49,0,0,2994140.49,0,0,2994140.49,0,0,2994140.49,0,0,2994140.49,0,0,2994140.49,0,0,2994140.49,0,0,2994140.49,0,0,2994140.49,0,0,2994140.49,0,0,2994140.49,0,0,2994140.49,0,0,2994140.49,0,0,2994140.49,0,0,2994140.49,0,0,2994140.49,0,0,2994140.49,0,0,2994140.49,0,0,2994140.49,0,0,2994140.49,0,0,2994140.49,0,0,2994140.49,0,0,2994140.49,0,0,2994140.49,0,0,2994140.49,0,0,5614013.42,0,0,2994140.49,0,0,2994140.49,0,0,2994140.49,0,0,2994140.49,0,0,2994140.49,0,0,2994140.49,0,0,2994140.49
0,1,J&J,2021-05-24,any_risk_factors,0,0,0,0,0,0,0,0,0,0,0,0,0,0,0,0,0,0,0,0,0,0,0,0,0,0,0,0,0,0,0,0,0,0,0,0,0,0,0,0,0,0,0,0,0,0,0,0,0,0,4082918.85,0,0,4082918.85,0,0,4082918.85,0,0,4082918.85,0,0,4082918.85,0,0,4082918.85,0,0,4082918.85,0,0,4082918.85,0,0,4082918.85,0,0,4082918.85,0,0,4082918.85,0,0,4082918.85,0,0,4082918.85,0,0,4082918.85,0,0,4082918.85,0,0,4082918.85,0,0,4082918.85,0,0,4082918.85,0,0,4082918.85,0,0,4082918.85,0,0,4082918.85,0,0,4082918.85,0,0,4082918.85,0,0,4082918.85,0,0,4082918.85,0,0,4082918.85,0,0,4082918.85,0,0,4082918.85,0,0,4082918.85,0,0,4082918.85,0,0,4082918.85,0,0,4082918.85,0,0,4082918.85,0,0,4082918.85,0,0,4082918.85,0,0,4082918.85,0,0,4082918.85,0,0,4082918.85,0,0,4082918.85,0,0,4082918.85,0,0,7091385.37,0,0,4082918.85,0,0,4082918.85,0,0,4082918.85,0,0,4082918.85,0,0,4082918.85,0,0,4082918.85,0,0,4082918.85
0,1,J&J,2021-05-31,any_risk_factors,0,0,0,0,0,0,0,0,0,0,0,0,0,0,0,0,0,0,0,0,0,0,0,0,0,0,0,0,0,0,0,0,0,0,0,0,0,1,0,0,0,0,0,0,0,0,0,0,0,0,2994140.49,0,0,2994140.49,0,0,2994140.49,0,0,2994140.49,0,0,2994140.49,0,0,2994140.49,0,0,2994140.49,0,0,2994140.49,0,0,2994140.49,0,0,2994140.49,0,0,2994140.49,0,0,2994140.49,0,0,2994140.49,0,0,2994140.49,0,0,2994140.49,0,0,2994140.49,0,0,2994140.49,0,0,2994140.49,0,0,2994140.49,0,0,2994140.49,0,0,2994140.49,0,0,2994140.49,0,0,2994140.49,0,0,2994140.49,0,0,2994140.49,0,0,2994140.49,0,0,2994140.49,0,0,2994140.49,0,0,2994140.49,0,0,2994140.49,0,0,2994140.49,0,0,2994140.49,0,0,2994140.49,0,0,2994140.49,0,0,2994140.49,0,0,2994140.49,0,0,2994140.49,0,0,2994140.49,0,0,2994140.49,0,0,2994140.49,1739285.71,44034.9,9690679.75,0,0,2994140.49,0,0,2994140.49,0,0,2994140.49,0,0,2994140.49,0,0,2994140.49,0,0,2994140.49,0,0,2994140.49
0,1,Pfizer,2021-01-04,any_risk_factors,0,0,0,0,0,0,0,0,0,0,0,0,0,0,0,0,0,0,0,0,0,0,0,0,0,0,0,0,0,0,0,0,0,0,0,0,0,0,0,0,0,0,0,0,0,0,0,0,0,0,7925666,0,0,7925666,0,0,7925666,0,0,7925666,0,0,7925666,0,0,9624023,0,0,7925666,0,0,7925666,0,0,7925666,0,0,7925666,0,0,7925666,0,0,7925666,0,0,7925666,0,0,7925666,0,0,7925666,0,0,7925666,0,0,7925666,0,0,7925666,0,0,7925666,0,0,7925666,0,0,7925666,0,0,7925666,0,0,7925666,0,0,7925666,0,0,7925666,0,0,7925666,0,0,7925666,0,0,7925666,0,0,7925666,0,0,7925666,0,0,7925666,0,0,7925666,0,0,7925666,0,0,7925666,0,0,7925666,0,0,7925666,0,0,7925666,0,0,7925666,0,0,7925666,0,0,7925666,0,0,16842040.26,0,0,7925666,0,0,7925666,0,0,7925666,0,0,7925666,0,0,7925666,0,0,7925666,0,0,7925666
0,2,Pfizer,2021-01-25,any_risk_factors,0,0,0,0,0,0,0,0,0,0,0,0,0,0,0,0,0,0,0,0,0,0,0,0,0,0,0,0,0,0,0,0,0,0,0,0,0,0,0,0,0,0,0,0,0,0,0,0,0,0,7485351.23,0,0,7485351.23,0,0,7485351.23,0,0,7485351.23,0,0,7485351.23,0,0,10364332.47,0,0,7485351.23,0,0,7485351.23,0,0,7485351.23,0,0,7485351.23,0,0,7485351.23,0,0,7485351.23,0,0,7485351.23,0,0,7485351.23,0,0,7485351.23,0,0,7485351.23,0,0,7485351.23,0,0,7485351.23,0,0,7485351.23,0,0,7485351.23,0,0,7485351.23,0,0,7485351.23,0,0,7485351.23,0,0,7485351.23,0,0,7485351.23,0,0,7485351.23,0,0,7485351.23,0,0,7485351.23,0,0,7485351.23,0,0,7485351.23,0,0,7485351.23,0,0,7485351.23,0,0,7485351.23,0,0,7485351.23,0,0,7485351.23,0,0,7485351.23,0,0,7485351.23,0,0,7485351.23,0,0,7485351.23,0,0,7485351.23,0,0,19248046.01,0,0,7485351.23,0,0,7485351.23,0,0,7485351.23,0,0,7485351.23,0,0,7485351.23,0,0,7485351.23,0,0,7485351.23
0,1,J&J,2021-05-10,any_risk_factors,0,0,0,0,0,0,0,0,0,0,0,0,0,0,0,0,0,0,0,0,0,0,0,0,0,0,0,0,0,0,0,0,0,0,0,0,0,0,0,0,0,0,0,0,0,0,0,0,0,0,6736816.1,0,0,6736816.1,0,0,6736816.1,0,0,6736816.1,0,0,6736816.1,0,0,6736816.1,0,0,6736816.1,0,0,6736816.1,0,0,6736816.1,0,0,6736816.1,0,0,6736816.1,0,0,6736816.1,0,0,6736816.1,0,0,6736816.1,0,0,6736816.1,0,0,6736816.1,0,0,6736816.1,0,0,6736816.1,0,0,6736816.1,0,0,6736816.1,0,0,6736816.1,0,0,6736816.1,0,0,6736816.1,0,0,6736816.1,0,0,6736816.1,0,0,6736816.1,0,0,6736816.1,0,0,6736816.1,0,0,6736816.1,0,0,6736816.1,0,0,6736816.1,0,0,6736816.1,0,0,6736816.1,0,0,6736816.1,0,0,6736816.1,0,0,6736816.1,0,0,6736816.1,0,0,6736816.1,0,0,6736816.1,0,0,6736816.1,0,0,22456053.68,0,0,6736816.1,0,0,6736816.1,0,0,6736816.1,0,0,6736816.1,0,0,6736816.1,0,0,6736816.1,0,0,6736816.1
0,1,J&J,2021-05-17,any_risk_factors,0,0,0,0,0,0,0,0,0,0,0,0,0,0,0,0,0,0,0,0,0,0,0,0,0,0,0,0,0,0,0,0,0,0,0,0,0,0,0,0,0,0,0,0,0,0,0,0,0,0,6416015.34,0,0,6416015.34,0,0,6416015.34,0,0,6416015.34,0,0,6416015.34,0,0,6416015.34,0,0,6416015.34,0,0,6416015.34,0,0,6416015.34,0,0,6416015.34,0,0,6416015.34,0,0,6416015.34,0,0,6416015.34,0,0,6416015.34,0,0,6416015.34,0,0,6416015.34,0,0,6416015.34,0,0,6416015.34,0,0,6416015.34,0,0,6416015.34,0,0,6416015.34,0,0,6416015.34,0,0,6416015.34,0,0,6416015.34,0,0,6416015.34,0,0,6416015.34,0,0,6416015.34,0,0,6416015.34,0,0,6416015.34,0,0,6416015.34,0,0,6416015.34,0,0,6416015.34,0,0,6416015.34,0,0,6416015.34,0,0,6416015.34,0,0,6416015.34,0,0,6416015.34,0,0,6416015.34,0,0,6416015.34,0,0,6416015.34,0,0,19248046.01,0,0,6416015.34,0,0,6416015.34,0,0,6416015.34,0,0,6416015.34,0,0,6416015.34,0,0,6416015.34,0,0,6416015.34
0,1,Moderna,2021-01-18,any_risk_factors,0,0,0,0,0,0,0,0,0,0,0,0,0,0,0,0,0,0,0,0,0,0,0,0,0,0,0,0,0,0,0,0,0,0,0,0,0,0,0,0,0,0,0,0,0,0,0,0,0,0,44912107.35,0,0,44912107.35,0,0,44912107.35,0,0,44912107.35,0,0,44912107.35,0,0,44912107.35,0,0,44912107.35,0,0,44912107.35,0,0,44912107.35,0,0,44912107.35,0,0,44912107.35,0,0,44912107.35,0,0,44912107.35,0,0,44912107.35,0,0,44912107.35,0,0,44912107.35,0,0,44912107.35,0,0,44912107.35,0,0,44912107.35,0,0,44912107.35,0,0,44912107.35,0,0,44912107.35,0,0,44912107.35,0,0,44912107.35,0,0,44912107.35,0,0,44912107.35,0,0,44912107.35,0,0,44912107.35,0,0,44912107.35,0,0,44912107.35,0,0,44912107.35,0,0,44912107.35,0,0,44912107.35,0,0,44912107.35,0,0,44912107.35,0,0,44912107.35,0,0,44912107.35,0,0,44912107.35,0,0,44912107.35,0,0,44912107.35,0,0,44912107.35,0,0,44912107.35,0,0,44912107.35,0,0,44912107.35,0,0,44912107.35,0,0,44912107.35,0,0,44912107.35,0,0,44912107.35
0,1,Moderna,2021-01-25,any_risk_factors,0,0,0,0,0,0,0,0,0,0,0,0,0,0,0,0,0,0,0,0,0,0,0,0,0,0,0,0,0,0,0,0,0,0,0,0,0,0,0,0,0,0,0,0,0,0,0,0,0,0,19248046.01,0,0,19248046.01,0,0,19248046.01,0,0,19248046.01,0,0,19248046.01,0,0,19248046.01,0,0,19248046.01,0,0,19248046.01,0,0,19248046.01,0,0,19248046.01,0,0,19248046.01,0,0,19248046.01,0,0,19248046.01,0,0,19248046.01,0,0,19248046.01,0,0,19248046.01,0,0,19248046.01,0,0,19248046.01,0,0,19248046.01,0,0,19248046.01,0,0,19248046.01,0,0,19248046.01,0,0,19248046.01,0,0,19248046.01,0,0,19248046.01,0,0,19248046.01,0,0,19248046.01,0,0,19248046.01,0,0,19248046.01,0,0,19248046.01,0,0,19248046.01,0,0,19248046.01,0,0,19248046.01,0,0,19248046.01,0,0,19248046.01,0,0,19248046.01,0,0,19248046.01,0,0,19248046.01,0,0,19248046.01,0,0,19248046.01,0,0,19248046.01,0,0,19248046.01,0,0,19248046.01,0,0,19248046.01,0,0,19248046.01,0,0,19248046.01,0,0,19248046.01,0,0,19248046.01
0,1,Moderna,2021-02-01,any_risk_factors,0,0,0,0,0,0,0,0,0,0,0,0,0,0,0,0,0,0,0,0,0,0,0,0,0,0,0,0,0,0,0,0,0,0,0,0,0,0,0,0,0,0,0,0,0,0,0,0,0,0,19248046.01,0,0,19248046.01,0,0,19248046.01,0,0,19248046.01,0,0,19248046.01,0,0,19248046.01,0,0,19248046.01,0,0,19248046.01,0,0,19248046.01,0,0,19248046.01,0,0,19248046.01,0,0,19248046.01,0,0,19248046.01,0,0,19248046.01,0,0,19248046.01,0,0,19248046.01,0,0,19248046.01,0,0,19248046.01,0,0,19248046.01,0,0,19248046.01,0,0,19248046.01,0,0,19248046.01,0,0,19248046.01,0,0,19248046.01,0,0,19248046.01,0,0,19248046.01,0,0,19248046.01,0,0,19248046.01,0,0,19248046.01,0,0,19248046.01,0,0,19248046.01,0,0,19248046.01,0,0,19248046.01,0,0,19248046.01,0,0,19248046.01,0,0,19248046.01,0,0,19248046.01,0,0,19248046.01,0,0,19248046.01,0,0,19248046.01,0,0,19248046.01,0,0,19248046.01,0,0,19248046.01,0,0,19248046.01,0,0,19248046.01,0,0,19248046.01,0,0,19248046.01,0,0,19248046.01
0,2,Moderna,2021-02-15,any_risk_factors,0,0,0,0,0,0,0,0,0,0,0,0,0,0,0,0,0,0,0,0,0,0,0,0,0,0,0,0,0,0,0,0,0,0,0,0,0,0,0,0,0,0,0,0,0,0,0,0,0,0,44912107.35,0,0,44912107.35,0,0,44912107.35,0,0,44912107.35,0,0,44912107.35,0,0,44912107.35,0,0,44912107.35,0,0,44912107.35,0,0,44912107.35,0,0,44912107.35,0,0,44912107.35,0,0,44912107.35,0,0,44912107.35,0,0,44912107.35,0,0,44912107.35,0,0,44912107.35,0,0,44912107.35,0,0,44912107.35,0,0,44912107.35,0,0,44912107.35,0,0,44912107.35,0,0,44912107.35,0,0,44912107.35,0,0,44912107.35,0,0,44912107.35,0,0,44912107.35,0,0,44912107.35,0,0,44912107.35,0,0,44912107.35,0,0,44912107.35,0,0,44912107.35,0,0,44912107.35,0,0,44912107.35,0,0,44912107.35,0,0,44912107.35,0,0,44912107.35,0,0,44912107.35,0,0,44912107.35,0,0,44912107.35,0,0,44912107.35,0,0,44912107.35,0,0,44912107.35,0,0,44912107.35,0,0,44912107.35,0,0,44912107.35,0,0,44912107.35,0,0,44912107.35,0,0,44912107.35
0,2,Moderna,2021-02-22,any_risk_factors,0,0,0,0,0,0,0,0,0,0,0,0,0,0,0,0,0,0,0,0,0,0,0,0,0,0,0,0,0,0,0,0,0,0,0,0,0,0,0,0,0,0,0,0,0,0,0,0,0,0,19248046.01,0,0,19248046.01,0,0,19248046.01,0,0,19248046.01,0,0,19248046.01,0,0,19248046.01,0,0,19248046.01,0,0,19248046.01,0,0,19248046.01,0,0,19248046.01,0,0,19248046.01,0,0,19248046.01,0,0,19248046.01,0,0,19248046.01,0,0,19248046.01,0,0,19248046.01,0,0,19248046.01,0,0,19248046.01,0,0,19248046.01,0,0,19248046.01,0,0,19248046.01,0,0,19248046.01,0,0,19248046.01,0,0,19248046.01,0,0,19248046.01,0,0,19248046.01,0,0,19248046.01,0,0,19248046.01,0,0,19248046.01,0,0,19248046.01,0,0,19248046.01,0,0,19248046.01,0,0,19248046.01,0,0,19248046.01,0,0,19248046.01,0,0,19248046.01,0,0,19248046.01,0,0,19248046.01,0,0,19248046.01,0,0,19248046.01,0,0,19248046.01,0,0,19248046.01,0,0,19248046.01,0,0,19248046.01,0,0,19248046.01,0,0,19248046.01,0,0,19248046.01,0,0,19248046.01
0,2,Moderna,2021-03-01,any_risk_factors,0,0,0,0,0,0,0,0,0,0,0,0,0,0,0,0,0,0,0,0,0,0,0,0,0,0,0,0,0,0,0,0,0,0,0,0,0,0,0,0,0,0,0,0,0,0,0,0,0,0,19248046.01,0,0,19248046.01,0,0,19248046.01,0,0,19248046.01,0,0,19248046.01,0,0,19248046.01,0,0,19248046.01,0,0,19248046.01,0,0,19248046.01,0,0,19248046.01,0,0,19248046.01,0,0,19248046.01,0,0,19248046.01,0,0,19248046.01,0,0,19248046.01,0,0,19248046.01,0,0,19248046.01,0,0,19248046.01,0,0,19248046.01,0,0,19248046.01,0,0,19248046.01,0,0,19248046.01,0,0,19248046.01,0,0,19248046.01,0,0,19248046.01,0,0,19248046.01,0,0,19248046.01,0,0,19248046.01,0,0,19248046.01,0,0,19248046.01,0,0,19248046.01,0,0,19248046.01,0,0,19248046.01,0,0,19248046.01,0,0,19248046.01,0,0,19248046.01,0,0,19248046.01,0,0,19248046.01,0,0,19248046.01,0,0,19248046.01,0,0,19248046.01,0,0,19248046.01,0,0,19248046.01,0,0,19248046.01,0,0,19248046.01,0,0,19248046.01,0,0,19248046.01,0,0,19248046.01
0,1,J&J,2021-04-26,any_risk_factors,0,0,0,0,0,0,0,0,0,0,0,0,0,0,0,0,0,0,0,0,0,0,0,0,0,0,0,0,0,0,0,0,0,0,0,0,0,0,0,0,0,0,0,0,0,0,0,0,0,0,11228026.84,0,0,11228026.84,0,0,11228026.84,0,0,11228026.84,0,0,11228026.84,0,0,11228026.84,0,0,11228026.84,0,0,11228026.84,0,0,11228026.84,0,0,11228026.84,0,0,11228026.84,0,0,11228026.84,0,0,11228026.84,0,0,11228026.84,0,0,11228026.84,0,0,11228026.84,0,0,11228026.84,0,0,11228026.84,0,0,11228026.84,0,0,11228026.84,0,0,11228026.84,0,0,11228026.84,0,0,11228026.84,0,0,11228026.84,0,0,11228026.84,0,0,11228026.84,0,0,11228026.84,0,0,11228026.84,0,0,11228026.84,0,0,11228026.84,0,0,11228026.84,0,0,11228026.84,0,0,11228026.84,0,0,11228026.84,0,0,11228026.84,0,0,11228026.84,0,0,11228026.84,0,0,11228026.84,0,0,11228026.84,0,0,11228026.84,,,0,0,0,11228026.84,0,0,11228026.84,0,0,11228026.84,0,0,11228026.84,0,0,11228026.84,0,0,11228026.84,0,0,11228026.84
0,1,J&J,2021-05-03,any_risk_factors,0,0,0,0,0,0,0,0,0,0,0,0,0,0,0,0,0,0,0,0,0,0,0,0,0,0,0,0,0,0,0,0,0,0,0,0,0,0,0,0,0,0,0,0,0,0,0,0,0,0,9624023,0,0,9624023,0,0,9624023,0,0,9624023,0,0,9624023,0,0,9624023,0,0,9624023,0,0,9624023,0,0,9624023,0,0,9624023,0,0,9624023,0,0,9624023,0,0,9624023,0,0,9624023,0,0,9624023,0,0,9624023,0,0,9624023,0,0,9624023,0,0,9624023,0,0,9624023,0,0,9624023,0,0,9624023,0,0,9624023,0,0,9624023,0,0,9624023,0,0,9624023,0,0,9624023,0,0,9624023,0,0,9624023,0,0,9624023,0,0,9624023,0,0,9624023,0,0,9624023,0,0,9624023,0,0,9624023,0,0,9624023,0,0,9624023,0,0,9624023,0,0,9624023,0,0,9624023,,,0,0,0,9624023,0,0,9624023,0,0,9624023,0,0,9624023,0,0,9624023,0,0,9624023,0,0,9624023
0,1,Pfizer,2021-02-08,any_risk_factors,0,0,0,0,0,0,0,0,0,0,0,0,0,0,0,0,0,0,0,0,0,0,0,0,0,0,0,0,0,0,0,0,0,0,0,0,0,0,0,0,0,0,0,0,0,0,0,0,0,0,9624023,0,0,9624023,0,0,9624023,0,0,19248046.01,0,0,9624023,0,0,19248046.01,0,0,9624023,0,0,9624023,0,0,19248046.01,0,0,19248046.01,0,0,9624023,0,0,9624023,0,0,9624023,0,0,9624023,0,0,9624023,0,0,9624023,0,0,9624023,0,0,9624023,0,0,9624023,0,0,9624023,0,0,9624023,0,0,9624023,0,0,9624023,0,0,9624023,0,0,9624023,0,0,9624023,0,0,9624023,0,0,9624023,0,0,9624023,0,0,19248046.01,0,0,19248046.01,0,0,9624023,0,0,9624023,0,0,9624023,0,0,9624023,0,0,9624023,0,0,9624023,0,0,9624023,0,0,9624023,0,0,9624023,0,0,19248046.01,0,0,9624023,0,0,9624023,0,0,9624023,0,0,19248046.01,0,0,9624023,0,0,19248046.01,0,0,9624023
1,0,0,2020-01-06,any_risk_factors,0,0,0,0,0,1,0,0,1,1,0,0,0,0,0,0,0,0,0,0,0,0,0,0,0,0,0,0,0,0,0,0,0,0,0,0,0,0,0,0,1,0,0,0,0,0,0,0,0,0,22929.94,0,0,22929.94,0,0,22902.66,0,0,23691.99,0,0,23420.18,6441.8,163.09,35891.41,0,0,23122.76,0,0,23733.72,6414.65,162.4,35740.13,6414.65,162.4,35740.13,0,0,22984.7,0,0,22984.7,0,0,22984.7,0,0,22984.7,0,0,22902.66,0,0,22902.66,0,0,23012.18,0,0,23067.34,0,0,22906.55,0,0,22906.55,0,0,22929.94,0,0,22902.66,0,0,22902.66,0,0,22902.66,0,0,22902.66,0,0,22902.66,0,0,22902.66,0,0,22929.94,0,0,22929.94,0,0,22957.29,0,0,23012.18,0,0,22902.66,0,0,22902.66,0,0,22984.7,0,0,22984.7,0,0,22902.66,0,0,22902.66,0,0,22902.66,0,0,22902.66,0,0,22902.66,0,0,37312.74,0,0,22902.66,0,0,22902.66,6208.57,157.19,34591.92,0,0,23178.45,0,0,22984.7,0,0,23262.49,0,0,22902.66
1,0,0,2020-01-13,any_risk_factors,0,0,0,1,0,1,2,2,2,2,0,0,0,0,0,0,0,0,0,0,0,0,0,0,0,0,0,0,0,0,0,0,0,0,0,0,0,3,0,0,1,2,0,2,0,0,0,0,0,0,22984.7,0,0,22984.7,0,0,22957.29,6441.8,163.09,35891.41,0,0,23460.97,6457.74,163.5,35980.25,12579.65,1523.45,45442,12906.36,1563.02,46622.21,12874.52,1559.16,46507.18,12874.52,1559.16,46507.18,0,0,23039.73,0,0,23039.73,0,0,23039.73,0,0,23039.73,0,0,22957.29,0,0,22957.29,0,0,23067.34,0,0,23122.76,0,0,22957.29,0,0,22957.29,0,0,22984.7,0,0,22957.29,0,0,22957.29,0,0,22957.29,0,0,22957.29,0,0,22957.29,0,0,22957.29,0,0,22984.7,0,0,22984.7,0,0,23012.18,0,0,23067.34,0,0,22957.29,0,0,22957.29,0,0,23039.73,0,0,23039.73,0,0,22957.29,0,0,22957.29,0,0,22957.29,0,0,22957.29,0,0,22957.29,30454.42,6280.43,89000.74,0,0,22957.29,0,0,22957.29,6223.38,157.56,34674.44,12610.05,1527.14,45551.82,0,0,23039.73,12655.93,1532.69,45717.55,0,0,22957.29
1,0,0,2020-01-20,any_risk_factors,0,0,0,1,0,0,0,0,1,1,0,0,0,0,0,0,0,0,0,0,0,0,0,0,0,0,0,0,0,0,0,0,0,0,0,0,0,0,0,0,0,0,0,0,0,0,0,0,0,0,23000.4,0,0,23000.4,0,0,22972.94,6454.32,163.41,35961.17,0,0,23477.32,0,0,23855.58,0,0,23250.44,0,0,23855.58,6456.6,163.47,35973.89,6456.6,163.47,35973.89,0,0,23055.5,0,0,23055.5,0,0,23055.5,0,0,23055.5,0,0,22972.94,0,0,22972.94,0,0,23083.15,0,0,23138.64,0,0,22972.94,0,0,22972.94,0,0,23000.4,0,0,22972.94,0,0,22972.94,0,0,22972.94,0,0,22972.94,0,0,22972.94,0,0,22972.94,0,0,23000.4,0,0,23000.4,0,0,23027.91,0,0,23083.15,0,0,22972.94,0,0,22972.94,0,0,23055.5,0,0,23055.5,0,0,22972.94,0,0,22972.94,0,0,22972.94,0,0,22972.94,0,0,22972.94,0,0,37593.84,0,0,22972.94,0,0,22972.94,0,0,22972.94,0,0,23306.75,0,0,23055.5,0,0,23391.72,0,0,22972.94
1,0,0,2020-01-27,any_risk_factors,0,0,0,1,0,0,0,0,0,0,0,0,0,0,0,0,1,1,0,0,0,0,0,0,0,0,0,0,0,0,0,0,0,0,0,0,0,2,0,0,0,0,0,0,0,0,0,0,0,0,23075.24,0,0,23075.24,0,0,23047.61,6487.57,164.25,36146.41,0,0,23555.3,0,0,23936.1,0,0,23326.93,0,0,23936.1,0,0,23876.72,0,0,23876.72,0,0,23130.7,0,0,23130.7,0,0,23130.7,0,0,23130.7,0,0,23047.61,0,0,23047.61,6277.93,158.94,34978.39,6293.07,159.33,35062.76,0,0,23047.61,0,0,23047.61,0,0,23075.24,0,0,23047.61,0,0,23047.61,0,0,23047.61,0,0,23047.61,0,0,23047.61,0,0,23047.61,0,0,23075.24,0,0,23075.24,0,0,23102.94,0,0,23158.53,0,0,23047.61,0,0,23047.61,0,0,23130.7,0,0,23130.7,0,0,23047.61,0,0,23047.61,0,0,23047.61,0,0,23047.61,0,0,23047.61,20445,2475.98,73854.38,0,0,23047.61,0,0,23047.61,0,0,23047.61,0,0,23383.6,0,0,23130.7,0,0,23469.14,0,0,23047.61
1,0,0,2020-02-03,any_risk_factors,0,0,0,1,0,0,0,1,0,0,0,0,0,0,0,0,0,0,0,0,0,0,0,1,0,0,0,0,0,0,0,0,0,0,0,0,0,1,0,1,0,0,0,0,0,0,0,0,0,0,23150.57,0,0,23150.57,0,0,23122.76,6515.34,164.95,36301.15,0,0,23613.1,0,0,23995.78,0,0,23403.91,6513.02,164.9,36288.21,0,0,23957.38,0,0,23957.38,0,0,23206.39,0,0,23206.39,0,0,23206.39,0,0,23206.39,0,0,23122.76,0,0,23122.76,0,0,23262.49,0,0,23318.85,0,0,23122.76,0,0,23122.76,0,0,23150.57,0,0,23122.76,0,0,23122.76,0,0,23122.76,0,0,23122.76,0,0,23122.76,6270.39,158.75,34936.36,0,0,23150.57,0,0,23150.57,0,0,23178.45,0,0,23234.41,0,0,23122.76,0,0,23122.76,0,0,23206.39,0,0,23206.39,0,0,23122.76,0,0,23122.76,0,0,23122.76,0,0,23122.76,0,0,23122.76,10274.26,260.12,57244.52,0,0,23122.76,6270.39,158.75,34936.36,0,0,23122.76,0,0,23460.97,0,0,23206.39,0,0,23547.07,0,0,23122.76
1,0,0,2020-02-10,any_risk_factors,0,0,0,0,0,0,0,0,1,1,0,0,0,0,0,0,1,1,0,0,0,0,0,0,0,0,0,0,0,0,0,0,0,0,0,0,0,1,0,0,0,0,0,0,0,0,0,0,0,0,23190.42,0,0,23190.42,0,0,23162.51,0,0,24090.17,0,0,23646.25,0,0,24030.02,0,0,23444.64,0,0,24090.17,6507.22,164.75,36255.88,6507.22,164.75,36255.88,0,0,23246.43,0,0,23246.43,0,0,23246.43,0,0,23246.43,0,0,23162.51,0,0,23162.51,6317.02,159.93,35196.17,6332.35,160.32,35281.6,0,0,23162.51,0,0,23162.51,0,0,23190.42,0,0,23162.51,0,0,23162.51,0,0,23162.51,0,0,23162.51,0,0,23162.51,0,0,23190.42,0,0,23190.42,0,0,23190.42,0,0,23218.39,0,0,23274.54,0,0,23162.51,0,0,23162.51,0,0,23246.43,0,0,23246.43,0,0,23162.51,0,0,23162.51,0,0,23162.51,0,0,23162.51,0,0,23162.51,10300.34,260.78,57389.81,0,0,23162.51,0,0,23190.42,0,0,23162.51,0,0,23501.89,0,0,23246.43,0,0,23588.29,0,0,23162.51
1,0,0,2020-02-17,any_risk_factors,0,0,0,0,0,0,0,0,0,0,0,0,0,0,0,0,0,0,0,0,0,0,0,0,0,0,0,0,0,0,0,0,0,0,0,0,0,0,0,0,0,0,0,0,0,0,0,0,0,0,23190.42,0,0,23190.42,0,0,23162.51,0,0,24090.17,0,0,23646.25,0,0,24030.02,0,0,23444.64,0,0,24090.17,0,0,24030.02,0,0,24030.02,0,0,23246.43,0,0,23246.43,0,0,23246.43,0,0,23246.43,0,0,23162.51,0,0,23162.51,0,0,23330.96,0,0,23387.66,0,0,23162.51,0,0,23162.51,0,0,23190.42,0,0,23162.51,0,0,23162.51,0,0,23162.51,0,0,23162.51,0,0,23162.51,0,0,23190.42,0,0,23190.42,0,0,23190.42,0,0,23218.39,0,0,23274.54,0,0,23162.51,0,0,23162.51,0,0,23246.43,0,0,23246.43,0,0,23162.51,0,0,23162.51,0,0,23162.51,0,0,23162.51,0,0,23162.51,0,0,38039.62,0,0,23162.51,0,0,23190.42,0,0,23162.51,0,0,23501.89,0,0,23246.43,0,0,23588.29,0,0,23162.51
1,0,0,2020-02-24,any_risk_factors,0,0,0,0,0,0,1,1,1,1,0,0,0,0,0,0,1,1,0,0,0,0,0,0,0,0,0,0,0,0,0,0,0,0,0,0,0,2,0,0,1,1,0,1,0,0,0,0,0,0,23198.4,0,0,23198.4,0,0,23170.48,0,0,24090.17,0,0,23654.55,0,0,24030.02,6361.02,161.05,35441.36,6536.33,165.49,36418.09,6523.49,165.16,36346.54,6523.49,165.16,36346.54,0,0,23254.46,0,0,23254.46,0,0,23254.46,0,0,23254.46,0,0,23170.48,0,0,23170.48,6325.77,160.15,35244.94,6341.15,160.54,35330.6,0,0,23170.48,0,0,23170.48,0,0,23198.4,0,0,23170.48,0,0,23170.48,0,0,23170.48,0,0,23170.48,0,0,23170.48,0,0,23198.4,0,0,23198.4,0,0,23198.4,0,0,23226.4,0,0,23274.54,0,0,23170.48,0,0,23170.48,0,0,23254.46,0,0,23254.46,0,0,23170.48,0,0,23170.48,0,0,23170.48,0,0,23170.48,0,0,23170.48,20653.1,2501.19,74606.08,0,0,23170.48,0,0,23198.4,6281.17,159.03,34996.44,6376.57,161.44,35527.98,0,0,23254.46,6400.04,162.03,35658.71,0,0,23170.48
1,0,0,2020-03-02,any_risk_factors,0,0,1,2,1,1,0,0,0,0,0,0,0,0,0,0,1,1,0,0,0,0,0,0,0,0,0,0,0,0,0,0,0,0,0,0,0,1,0,0,0,0,0,0,0,0,0,0,0,0,23298.69,0,0,23298.69,6309.38,159.74,35153.61,13110.19,1587.71,47358.53,6440.66,163.06,35885.08,6537.5,165.52,36424.61,0,0,23584.16,0,0,24237.51,0,0,24176.62,0,0,24176.62,0,0,23355.23,0,0,23355.23,0,0,23355.23,0,0,23355.23,0,0,23270.52,0,0,23270.52,6358.81,160.99,35429.02,6374.35,161.38,35515.58,0,0,23270.52,0,0,23270.52,0,0,23298.69,0,0,23270.52,0,0,23270.52,0,0,23270.52,0,0,23270.52,0,0,23270.52,0,0,23298.69,0,0,23298.69,0,0,23298.69,0,0,23326.93,0,0,23355.23,0,0,23270.52,0,0,23270.52,0,0,23355.23,0,0,23355.23,0,0,23270.52,0,0,23270.52,0,0,23270.52,0,0,23270.52,0,0,23270.52,10400.06,263.31,57945.41,0,0,23270.52,0,0,23298.69,0,0,23270.52,0,0,23642.1,0,0,23355.23,0,0,23729.54,0,0,23270.52
1,0,0,2020-03-09,any_risk_factors,0,0,0,2,1,1,0,0,1,1,0,0,0,0,0,0,0,0,0,0,0,0,0,0,0,0,0,0,0,0,0,0,0,0,0,0,0,0,0,0,1,0,0,0,0,0,0,1,0,0,23416.11,0,0,23416.11,0,0,23416.11,13219.33,1600.92,47752.75,6485.26,164.19,36133.57,6583.45,166.68,36680.66,0,0,23704.49,0,0,24364.62,6589.39,166.83,36713.74,6589.39,166.83,36713.74,0,0,23473.23,0,0,23473.23,0,0,23473.23,0,0,23473.23,0,0,23387.66,0,0,23387.66,0,0,23588.29,0,0,23646.25,0,0,23387.66,0,0,23387.66,0,0,23416.11,0,0,23387.66,0,0,23387.66,6344.45,160.63,35349.01,0,0,23387.66,0,0,23387.66,0,0,23416.11,0,0,23416.11,0,0,23416.11,0,0,23444.64,0,0,23473.23,0,0,23387.66,0,0,23387.66,0,0,23473.23,0,0,23473.23,0,0,23387.66,0,0,23387.66,0,0,23387.66,0,0,23387.66,0,0,23387.66,0,0,38540.14,0,0,23387.66,0,0,23416.11,6340.05,160.52,35324.47,0,0,23763.02,0,0,23473.23,0,0,23851.36,0,0,23387.66
1,0,0,2020-03-16,any_risk_factors,0,0,0,1,1,1,0,1,2,2,0,0,0,0,0,0,0,0,0,0,0,0,0,0,0,0,0,0,0,0,0,0,0,0,0,0,0,1,0,0,0,0,0,0,0,0,0,0,0,0,23452.8,0,0,23452.8,0,0,23452.8,6634.88,167.98,36967.17,6507.22,164.75,36255.88,6606.08,167.25,36806.71,0,0,23742.08,6618.05,167.55,36873.4,13233.7,1602.66,47804.66,13233.7,1602.66,47804.66,0,0,23510.09,0,0,23510.09,0,0,23510.09,0,0,23510.09,0,0,23424.26,0,0,23424.26,0,0,23625.52,0,0,23683.66,0,0,23424.26,0,0,23424.26,0,0,23452.8,0,0,23424.26,0,0,23424.26,0,0,23452.8,0,0,23424.26,0,0,23424.26,0,0,23452.8,0,0,23452.8,0,0,23452.8,0,0,23481.41,0,0,23510.09,0,0,23424.26,0,0,23424.26,0,0,23510.09,0,0,23510.09,0,0,23424.26,0,0,23424.26,0,0,23424.26,0,0,23424.26,0,0,23424.26,10471.62,265.12,58344.12,0,0,23424.26,0,0,23452.8,0,0,23424.26,0,0,23800.8,0,0,23510.09,0,0,23889.42,0,0,23424.26
1,0,0,2020-03-23,any_risk_factors,0,0,0,0,0,0,0,0,1,1,0,0,0,0,0,0,0,0,0,0,0,0,0,0,0,0,0,0,0,0,0,0,0,0,0,0,0,0,0,0,0,0,0,0,0,0,0,0,0,0,23501.89,0,0,23501.89,0,0,23501.89,0,0,24551.08,0,0,24060.06,0,0,24426.45,0,0,23792.39,0,0,24488.61,6638.5,168.07,36987.33,6638.5,168.07,36987.33,0,0,23559.42,0,0,23559.42,0,0,23559.42,0,0,23559.42,0,0,23473.23,0,0,23473.23,0,0,23675.33,0,0,23733.72,0,0,23473.23,0,0,23473.23,0,0,23501.89,0,0,23473.23,0,0,23473.23,0,0,23501.89,0,0,23473.23,0,0,23473.23,0,0,23501.89,0,0,23501.89,0,0,23501.89,0,0,23530.62,0,0,23559.42,0,0,23473.23,0,0,23473.23,0,0,23559.42,0,0,23559.42,0,0,23473.23,0,0,23473.23,0,0,23473.23,0,0,23473.23,0,0,23473.23,0,0,38728.46,0,0,23473.23,0,0,23501.89,0,0,23473.23,0,0,23851.36,0,0,23559.42,0,0,23940.36,0,0,23473.23
1,0,0,2020-03-30,any_risk_factors,0,0,0,0,0,1,0,1,1,1,0,0,0,0,0,0,0,0,0,0,0,0,0,1,0,0,1,1,0,0,0,0,0,0,0,0,0,0,0,1,0,1,0,1,0,0,0,0,0,0,23510.09,0,0,23510.09,0,0,23510.09,0,0,24560.03,0,0,24068.65,6630.06,167.86,36940.33,0,0,23800.8,6646.95,168.29,37034.44,6651.79,168.41,37061.42,6651.79,168.41,37061.42,0,0,23567.66,0,0,23567.66,0,0,23567.66,0,0,23567.66,0,0,23481.41,0,0,23481.41,0,0,23683.66,0,0,23742.08,0,0,23481.41,0,0,23481.41,0,0,23510.09,0,0,23481.41,0,0,23481.41,0,0,23510.09,0,0,23481.41,0,0,23481.41,6375.46,161.41,35521.78,0,0,23510.09,0,0,23510.09,6383.26,161.61,35565.24,6391.08,161.81,35608.8,0,0,23481.41,0,0,23481.41,0,0,23567.66,0,0,23567.66,0,0,23481.41,0,0,23481.41,0,0,23481.41,0,0,23481.41,0,0,23481.41,0,0,38750.74,0,0,23481.41,6375.46,161.41,35521.78,0,0,23481.41,6470.33,163.81,36050.36,0,0,23567.66,6494.49,164.43,36184.97,0,0,23481.41
1,0,0,2020-04-06,any_risk_factors,0,0,0,0,0,0,0,1,0,0,0,0,0,0,0,0,1,1,0,0,0,0,0,0,0,0,0,0,0,0,0,0,0,0,0,0,0,4,0,0,1,0,0,0,0,0,0,0,0,0,23567.66,0,0,23567.66,0,0,23567.66,0,0,24622.87,0,0,24129,0,0,24528.73,0,0,23859.81,6670.01,168.87,37162.94,0,0,24622.87,0,0,24622.87,0,0,23625.52,0,0,23625.52,0,0,23625.52,0,0,23625.52,0,0,23538.84,0,0,23538.84,6439.53,163.03,35878.75,6455.46,163.44,35967.53,0,0,23538.84,0,0,23538.84,0,0,23567.66,0,0,23538.84,0,0,23538.84,0,0,23559.42,0,0,23538.84,0,0,23538.84,0,0,23596.55,0,0,23567.66,0,0,23567.66,0,0,23625.52,0,0,23654.55,0,0,23538.84,0,0,23538.84,0,0,23625.52,0,0,23625.52,0,0,23538.84,0,0,23538.84,0,0,23538.84,0,0,23538.84,0,0,23538.84,42347.83,11538.36,108427.25,0,0,23538.84,0,0,23596.55,6381.03,161.55,35552.81,0,0,23948.87,0,0,23625.52,0,0,24038.59,0,0,23538.84
1,0,0,2020-04-13,any_risk_factors,0,0,0,0,0,0,0,0,0,0,0,0,0,0,0,0,0,0,0,0,0,0,0,0,1,1,0,0,0,0,0,0,0,0,0,0,0,0,0,0,0,0,0,0,0,0,0,1,0,0,23600.69,0,0,23600.69,0,0,23600.69,0,0,24658.92,0,0,24163.62,0,0,24564.51,0,0,23893.66,0,0,24658.92,0,0,24645.39,0,0,24645.39,0,0,23658.7,0,0,23658.7,0,0,23658.7,0,0,23658.7,0,0,23571.78,0,0,23571.78,0,0,23805,0,0,23864.03,0,0,23571.78,0,0,23571.78,0,0,23600.69,0,0,23571.78,0,0,23571.78,6395.55,161.92,35633.74,0,0,23571.78,0,0,23571.78,0,0,23629.66,6398.91,162.01,35652.47,6398.91,162.01,35652.47,0,0,23658.7,0,0,23687.82,0,0,23571.78,0,0,23571.78,0,0,23658.7,0,0,23658.7,0,0,23571.78,0,0,23571.78,0,0,23571.78,0,0,23571.78,0,0,23571.78,0,0,39235.97,0,0,23571.78,0,0,23629.66,0,0,23571.78,0,0,23982.97,0,0,23658.7,0,0,24072.95,0,0,23571.78
1,0,0,2020-04-20,any_risk_factors,0,0,0,1,0,0,0,1,0,0,0,0,0,0,0,0,0,0,0,0,0,0,0,0,0,0,0,0,0,0,0,0,0,0,0,0,0,1,0,0,0,0,0,0,0,0,0,0,0,0,23679.49,0,0,23679.49,0,0,23679.49,6710.45,169.89,37388.26,0,0,24246.23,0,0,24649.89,0,0,23974.43,6710.45,169.89,37388.26,0,0,24713.19,0,0,24713.19,0,0,23737.9,0,0,23737.9,0,0,23737.9,0,0,23737.9,0,0,23650.4,0,0,23650.4,0,0,23885.18,0,0,23944.61,0,0,23650.4,0,0,23650.4,0,0,23679.49,0,0,23650.4,0,0,23650.4,0,0,23679.49,0,0,23650.4,0,0,23650.4,0,0,23708.66,0,0,23708.66,0,0,23708.66,0,0,23737.9,0,0,23767.21,0,0,23650.4,0,0,23650.4,0,0,23737.9,0,0,23737.9,0,0,23650.4,0,0,23650.4,0,0,23650.4,0,0,23650.4,0,0,23650.4,10711.14,271.18,59678.67,0,0,23650.4,0,0,23708.66,0,0,23650.4,0,0,24064.35,0,0,23737.9,0,0,24154.95,0,0,23650.4
1,0,0,2020-04-27,any_risk_factors,0,0,0,0,0,0,0,0,1,1,0,0,0,0,0,0,0,0,0,0,0,0,0,0,0,0,0,0,0,0,0,0,0,0,0,0,0,1,0,0,0,0,0,0,0,0,0,0,0,0,23704.49,0,0,23704.49,0,0,23704.49,0,0,24804.18,0,0,24272.44,0,0,24676.98,0,0,24000.06,0,0,24804.18,6710.45,169.89,37388.26,6710.45,169.89,37388.26,0,0,23763.02,0,0,23763.02,0,0,23763.02,0,0,23763.02,0,0,23675.33,0,0,23675.33,0,0,23910.62,0,0,23970.17,0,0,23675.33,0,0,23675.33,0,0,23704.49,0,0,23675.33,0,0,23675.33,0,0,23704.49,0,0,23675.33,0,0,23675.33,0,0,23733.72,0,0,23733.72,0,0,23733.72,0,0,23763.02,0,0,23792.39,0,0,23675.33,0,0,23675.33,0,0,23763.02,0,0,23763.02,0,0,23675.33,0,0,23675.33,0,0,23675.33,0,0,23675.33,0,0,23675.33,10733.18,271.74,59801.43,0,0,23675.33,0,0,23733.72,0,0,23675.33,0,0,24090.17,0,0,23763.02,0,0,24180.96,0,0,23675.33
1,0,0,2020-05-04,any_risk_factors,0,0,0,0,0,0,1,1,0,0,0,0,0,0,0,0,0,0,0,0,0,0,0,0,0,0,0,0,0,0,0,0,0,0,0,0,0,1,0,0,1,1,0,1,0,0,0,0,0,0,23729.54,0,0,23729.54,0,0,23729.54,0,0,24831.61,0,0,24298.71,0,0,24704.13,6516.5,164.98,36307.63,6735.2,170.52,37526.14,0,0,24799.62,0,0,24799.62,0,0,23788.19,0,0,23788.19,0,0,23788.19,0,0,23788.19,0,0,23700.32,0,0,23700.32,0,0,23936.1,0,0,23995.78,0,0,23700.32,0,0,23700.32,0,0,23729.54,0,0,23700.32,0,0,23700.32,0,0,23729.54,0,0,23700.32,0,0,23700.32,0,0,23758.83,0,0,23758.83,0,0,23758.83,0,0,23788.19,0,0,23817.63,0,0,23700.32,0,0,23700.32,0,0,23788.19,0,0,23788.19,0,0,23700.32,0,0,23700.32,0,0,23700.32,0,0,23700.32,0,0,23700.32,10758.47,272.38,59942.35,0,0,23700.32,0,0,23758.83,6424.8,162.66,35796.71,6541.01,165.6,36444.18,0,0,23788.19,6565.7,166.23,36581.75,0,0,23700.32
1,0,0,2020-05-11,any_risk_factors,0,0,0,1,1,0,0,0,0,0,0,0,0,0,0,0,0,0,0,0,0,0,0,0,0,0,0,0,0,0,0,0,0,0,0,0,0,1,0,0,3,0,0,0,0,0,0,0,0,0,23834.48,0,0,23834.48,0,0,23834.48,6755.13,171.03,37637.19,6618.05,167.55,36873.4,0,0,24817.89,0,0,24163.62,0,0,24978.93,0,0,24891.25,0,0,24891.25,0,0,23893.66,0,0,23893.66,0,0,23893.66,0,0,23893.66,0,0,23805,0,0,23805,0,0,24042.88,0,0,24103.1,0,0,23805,0,0,23805,0,0,23834.48,0,0,23805,0,0,23805,0,0,23821.84,0,0,23805,0,0,23805,0,0,23864.03,0,0,23838.7,0,0,23838.7,0,0,23893.66,0,0,23923.35,0,0,23805,0,0,23805,0,0,23893.66,0,0,23893.66,0,0,23805,0,0,23805,0,0,23805,0,0,23805,0,0,23805,10838.28,274.4,60387.03,0,0,23805,0,0,23864.03,19359.54,3992.4,56576.79,0,0,24254.96,0,0,23893.66,0,0,24347,0,0,23805
1,0,0,2020-05-18,any_risk_factors,0,0,0,0,0,0,0,0,1,1,0,0,0,0,0,0,0,0,0,0,0,0,0,0,0,0,0,0,0,0,0,0,0,0,0,0,0,1,0,0,0,0,0,0,0,0,0,0,0,0,23936.1,0,0,23936.1,0,0,23936.1,0,0,25025.32,0,0,24488.61,0,0,24868.28,0,0,24268.07,0,0,25071.89,6765.14,171.28,37692.96,6765.14,171.28,37692.96,0,0,23995.78,0,0,23995.78,0,0,23995.78,0,0,23995.78,0,0,23906.37,0,0,23906.37,0,0,24116.04,0,0,24176.62,0,0,23906.37,0,0,23906.37,0,0,23936.1,0,0,23906.37,0,0,23906.37,0,0,23906.37,0,0,23906.37,0,0,23906.37,0,0,23936.1,0,0,23936.1,0,0,23936.1,0,0,23965.91,0,0,23995.78,0,0,23906.37,0,0,23906.37,0,0,23995.78,0,0,23995.78,0,0,23906.37,0,0,23906.37,0,0,23906.37,0,0,23906.37,0,0,23906.37,10877.01,275.38,60602.82,0,0,23906.37,0,0,23936.1,0,0,23906.37,0,0,24329.42,0,0,23995.78,0,0,24422.03,0,0,23906.37
1,0,0,2020-05-25,any_risk_factors,0,0,0,0,0,2,0,1,2,2,0,0,0,0,0,0,0,0,0,0,1,0,0,0,0,0,0,0,0,0,0,0,0,0,0,0,0,0,0,0,0,0,0,0,0,0,0,0,0,0,23970.17,0,0,23970.17,0,0,23970.17,0,0,25062.56,0,0,24488.61,13495.29,1634.34,48749.62,0,0,24303.09,6802.94,172.24,37903.57,13565.46,1642.84,49003.1,13565.46,1642.84,49003.1,0,0,24030.02,0,0,24030.02,0,0,24030.02,0,0,24030.02,0,0,23940.36,0,0,23940.36,0,0,24150.62,0,0,24211.38,0,0,23940.36,0,0,23940.36,0,0,23970.17,0,0,23940.36,6494.49,164.43,36184.97,0,0,23940.36,0,0,23940.36,0,0,23940.36,0,0,23970.17,0,0,23970.17,0,0,23970.17,0,0,24000.06,0,0,24030.02,0,0,23940.36,0,0,23940.36,0,0,24030.02,0,0,24030.02,0,0,23940.36,0,0,23940.36,0,0,23940.36,0,0,23940.36,0,0,23940.36,0,0,40267.88,0,0,23940.36,0,0,23970.17,0,0,23940.36,0,0,24364.62,0,0,24030.02,0,0,24457.49,0,0,23940.36
1,0,0,2020-06-01,any_risk_factors,0,0,0,0,1,1,1,1,1,1,0,0,0,0,0,0,0,0,0,0,0,0,0,0,0,0,0,0,0,0,0,0,0,0,0,0,0,0,0,0,1,1,0,1,0,0,0,0,0,0,23995.78,0,0,23995.78,0,0,23995.78,0,0,25090.56,6649.37,168.35,37047.93,6770.16,171.41,37720.9,6598.92,167.07,36766.81,6823.28,172.75,38016.86,6801.68,172.2,37896.51,6801.68,172.2,37896.51,0,0,24055.76,0,0,24055.76,0,0,24055.76,0,0,24055.76,0,0,23965.91,0,0,23965.91,0,0,24176.62,0,0,24237.51,0,0,23965.91,0,0,23965.91,0,0,23995.78,0,0,23965.91,0,0,23995.78,0,0,23965.91,0,0,23965.91,0,0,23965.91,0,0,23995.78,0,0,23995.78,0,0,23995.78,0,0,24025.74,0,0,24055.76,0,0,23965.91,0,0,23965.91,0,0,24030.02,0,0,24030.02,0,0,23965.91,0,0,23965.91,0,0,23965.91,0,0,23965.91,0,0,23965.91,0,0,40340.22,0,0,23965.91,0,0,23995.78,6496.8,164.48,36197.84,6615.65,167.49,36860.04,0,0,24030.02,6633.67,167.95,36960.46,0,0,23965.91
1,0,0,2020-06-08,any_risk_factors,0,0,0,0,0,0,0,0,0,0,0,0,0,0,0,0,0,0,0,0,0,0,0,0,0,0,0,0,0,0,0,0,0,0,0,0,0,0,0,0,0,0,0,0,0,0,0,0,0,0,24000.06,0,0,24000.06,0,0,24000.06,0,0,25095.24,0,0,24551.08,0,0,24997.46,0,0,24364.62,0,0,25193.78,0,0,25128,0,0,25128,0,0,24060.06,0,0,24060.06,0,0,24060.06,0,0,24060.06,0,0,23970.17,0,0,23970.17,0,0,24180.96,0,0,24241.87,0,0,23970.17,0,0,23970.17,0,0,24000.06,0,0,23970.17,0,0,24000.06,0,0,23970.17,0,0,23970.17,0,0,23970.17,0,0,24000.06,0,0,24000.06,0,0,24000.06,0,0,24030.02,0,0,24060.06,0,0,23970.17,0,0,23970.17,0,0,24030.02,0,0,24030.02,0,0,23970.17,0,0,23970.17,0,0,23970.17,0,0,23970.17,0,0,23970.17,0,0,40352.3,0,0,23970.17,0,0,24000.06,0,0,23970.17,0,0,24426.45,0,0,24030.02,0,0,24488.61,0,0,23970.17
1,0,0,2020-06-15,any_risk_factors,0,0,0,0,0,0,0,0,0,0,0,0,0,0,0,0,0,0,0,0,0,0,0,0,0,0,0,0,0,0,0,0,0,0,0,0,0,0,0,0,2,0,0,0,0,0,0,0,0,0,24021.45,0,0,24021.45,0,0,24021.45,0,0,25118.63,0,0,24573.47,0,0,25020.67,0,0,24386.66,0,0,25217.35,0,0,25151.45,0,0,25151.45,0,0,24081.56,0,0,24081.56,0,0,24081.56,0,0,24081.56,0,0,23991.51,0,0,23991.51,0,0,24202.68,0,0,24263.7,0,0,23991.51,0,0,23991.51,0,0,24021.45,0,0,23991.51,0,0,24021.45,0,0,23991.51,0,0,23991.51,0,0,23991.51,0,0,24021.45,0,0,24021.45,0,0,24021.45,0,0,24051.47,0,0,24081.56,0,0,23991.51,0,0,23991.51,0,0,24051.47,0,0,24051.47,0,0,23991.51,0,0,23991.51,0,0,23991.51,0,0,23991.51,0,0,23991.51,0,0,40352.3,0,0,23991.51,0,0,24021.45,13007.48,1575.27,46987.49,0,0,24448.62,0,0,24051.47,0,0,24510.88,0,0,23991.51
1,0,0,2020-06-22,any_risk_factors,0,0,0,0,0,0,0,0,0,0,0,0,0,0,0,0,0,0,0,0,0,0,0,0,0,0,0,0,0,0,0,0,0,0,0,0,0,0,0,0,0,0,0,0,0,0,0,0,0,0,24098.79,0,0,24098.79,0,0,24098.79,0,0,25198.49,0,0,24654.4,0,0,25095.24,0,0,24466.37,0,0,25297.84,0,0,25231.52,0,0,25231.52,0,0,24159.28,0,0,24159.28,0,0,24159.28,0,0,24159.28,0,0,24068.65,0,0,24068.65,0,0,24276.81,0,0,24338.21,0,0,24068.65,0,0,24068.65,0,0,24098.79,0,0,24068.65,0,0,24094.48,0,0,24068.65,0,0,24068.65,0,0,24068.65,0,0,24098.79,0,0,24098.79,0,0,24098.79,0,0,24129,0,0,24159.28,0,0,24068.65,0,0,24068.65,0,0,24129,0,0,24129,0,0,24068.65,0,0,24068.65,0,0,24068.65,0,0,24068.65,0,0,24068.65,0,0,40352.3,0,0,24068.65,0,0,24098.79,0,0,24068.65,0,0,24528.73,0,0,24129,0,0,24591.41,0,0,24068.65
1,0,0,2020-06-29,any_risk_factors,0,0,0,0,0,0,0,0,0,0,0,0,0,0,0,0,0,0,0,0,0,0,0,0,0,0,0,0,0,0,0,0,0,0,0,0,0,1,0,0,0,0,0,0,0,0,0,0,0,0,24150.62,0,0,24150.62,0,0,24150.62,0,0,25226.8,0,0,24708.66,0,0,25095.24,0,0,24519.8,0,0,25326.38,0,0,25259.9,0,0,25259.9,0,0,24211.38,0,0,24211.38,0,0,24211.38,0,0,24211.38,0,0,24120.36,0,0,24120.36,0,0,24303.09,0,0,24364.62,0,0,24120.36,0,0,24120.36,0,0,24150.62,0,0,24120.36,0,0,24120.36,0,0,24120.36,0,0,24120.36,0,0,24120.36,0,0,24150.62,0,0,24150.62,0,0,24150.62,0,0,24180.96,0,0,24211.38,0,0,24120.36,0,0,24120.36,0,0,24180.96,0,0,24180.96,0,0,24120.36,0,0,24120.36,0,0,24120.36,0,0,24120.36,0,0,24120.36,10948.74,277.2,61002.48,0,0,24120.36,0,0,24150.62,0,0,24120.36,0,0,24582.43,0,0,24180.96,0,0,24645.39,0,0,24120.36
1,0,0,2020-07-06,any_risk_factors,0,0,0,0,1,1,0,0,2,2,0,0,0,0,0,0,0,0,0,0,0,0,0,0,0,0,0,0,0,0,1,1,0,0,0,0,0,1,0,0,2,0,1,1,0,0,0,0,0,0,24189.64,0,0,24189.64,0,0,24189.64,0,0,25269.38,6710.45,169.89,37388.26,6815.64,172.56,37974.3,0,0,24560.03,0,0,25369.29,13715.73,1661.04,49545.95,13715.73,1661.04,49545.95,0,0,24250.6,0,0,24250.6,0,0,24250.6,0,0,24250.6,0,0,24159.28,0,0,24159.28,0,0,24342.61,0,0,24404.33,0,0,24159.28,0,0,24159.28,0,0,24189.64,0,0,24159.28,0,0,24159.28,0,0,24159.28,0,0,24159.28,0,0,24159.28,0,0,24189.64,0,0,24189.64,0,0,24189.64,0,0,24220.08,0,0,24250.6,0,0,24159.28,0,0,24159.28,6570.43,166.35,36608.07,6570.43,166.35,36608.07,0,0,24159.28,0,0,24159.28,0,0,24159.28,0,0,24159.28,0,0,24159.28,10981.66,278.03,61185.89,0,0,24159.28,0,0,24189.64,13098.44,1586.28,47316.07,0,0,24622.87,6570.43,166.35,36608.07,6696.92,169.55,37312.85,0,0,24159.28
1,0,0,2020-07-13,any_risk_factors,0,0,0,3,0,0,1,1,0,0,0,0,0,0,0,0,1,1,0,0,0,0,0,0,0,0,0,0,0,0,0,0,0,0,0,0,0,0,0,0,0,1,0,1,0,0,0,0,0,0,24250.6,0,0,24250.6,0,0,24250.6,20639.48,4256.36,60317.32,0,0,24845.35,0,0,25236.25,6681,169.15,37224.12,6901.93,174.74,38455.08,0,0,25402.78,0,0,25402.78,0,0,24311.86,0,0,24311.86,0,0,24311.86,0,0,24311.86,0,0,24220.08,0,0,24220.08,6618.05,167.55,36873.4,6634.88,167.98,36967.17,0,0,24220.08,0,0,24220.08,0,0,24250.6,0,0,24220.08,0,0,24220.08,0,0,24220.08,0,0,24220.08,0,0,24220.08,0,0,24250.6,0,0,24250.6,0,0,24250.6,0,0,24281.19,0,0,24311.86,0,0,24220.08,0,0,24220.08,0,0,24311.86,0,0,24311.86,0,0,24220.08,0,0,24220.08,0,0,24220.08,0,0,24220.08,0,0,24220.08,0,0,40546.59,0,0,24220.08,0,0,24250.6,0,0,24220.08,6698.15,169.58,37319.69,0,0,24311.86,6724.04,170.24,37463.97,0,0,24220.08
1,0,0,2020-07-20,any_risk_factors,0,0,0,0,1,1,0,1,0,0,0,0,0,0,0,0,0,0,0,0,0,0,0,0,0,0,0,0,0,0,0,0,0,0,0,0,0,0,0,0,0,0,0,0,0,0,0,0,0,0,24289.94,0,0,24289.94,0,0,24289.94,0,0,25479.64,6748.89,170.87,37602.42,6855.29,173.56,38195.25,0,0,24695.07,6918.92,175.17,38549.78,0,0,25445.95,0,0,25445.95,0,0,24351.4,0,0,24351.4,0,0,24351.4,0,0,24351.4,0,0,24259.33,0,0,24259.33,0,0,24475.26,0,0,24537.67,0,0,24259.33,0,0,24259.33,0,0,24289.94,0,0,24259.33,0,0,24259.33,0,0,24259.33,0,0,24259.33,0,0,24259.33,0,0,24289.94,0,0,24289.94,0,0,24289.94,0,0,24320.64,0,0,24351.4,0,0,24259.33,0,0,24259.33,0,0,24351.4,0,0,24351.4,0,0,24259.33,0,0,24259.33,0,0,24259.33,0,0,24259.33,0,0,24259.33,0,0,40632.18,0,0,24259.33,0,0,24289.94,0,0,24259.33,0,0,24758.6,0,0,24351.4,0,0,24854.51,0,0,24259.33
1,0,0,2020-07-27,any_risk_factors,0,0,0,1,0,0,0,0,0,0,0,0,0,0,0,0,0,0,0,0,0,0,0,0,0,0,0,0,0,0,0,0,0,0,0,0,0,1,0,0,0,0,0,0,0,0,0,0,0,0,24373.43,0,0,24373.43,0,0,24373.43,6939.96,175.7,38666.97,0,0,25006.74,0,0,25402.78,0,0,24781.37,0,0,25629.89,0,0,25537.59,0,0,25537.59,0,0,24435.31,0,0,24435.31,0,0,24435.31,0,0,24435.31,0,0,24342.61,0,0,24342.61,0,0,24560.03,0,0,24622.87,0,0,24342.61,0,0,24342.61,0,0,24373.43,0,0,24342.61,0,0,24342.61,0,0,24342.61,0,0,24342.61,0,0,24342.61,0,0,24373.43,0,0,24373.43,0,0,24373.43,0,0,24404.33,0,0,24435.31,0,0,24342.61,0,0,24342.61,0,0,24435.31,0,0,24435.31,0,0,24342.61,0,0,24342.61,0,0,24342.61,0,0,24342.61,0,0,24342.61,11041.41,279.54,61518.83,0,0,24342.61,0,0,24373.43,0,0,24342.61,0,0,24845.35,0,0,24435.31,0,0,24941.93,0,0,24342.61
1,0,0,2020-08-03,any_risk_factors,0,0,0,0,0,0,0,1,1,1,0,0,0,0,0,0,1,1,0,0,0,0,0,0,0,0,0,0,0,0,0,0,0,0,0,0,0,0,0,0,0,0,0,0,0,0,0,0,0,0,24399.91,0,0,24399.91,0,0,24399.91,0,0,25634.76,0,0,25034.62,0,0,25431.54,0,0,24808.75,6953.17,176.04,38740.58,6934.69,175.57,38637.61,6934.69,175.57,38637.61,0,0,24461.93,0,0,24461.93,0,0,24461.93,0,0,24461.93,0,0,24369.02,0,0,24369.02,6665.15,168.75,37135.82,6682.22,169.18,37230.93,0,0,24369.02,0,0,24369.02,0,0,24399.91,0,0,24369.02,0,0,24369.02,0,0,24369.02,0,0,24369.02,0,0,24369.02,0,0,24399.91,0,0,24399.91,0,0,24399.91,0,0,24430.88,0,0,24461.93,0,0,24369.02,0,0,24369.02,0,0,24461.93,0,0,24461.93,0,0,24369.02,0,0,24369.02,0,0,24369.02,0,0,24369.02,0,0,24369.02,0,0,40779.76,0,0,24369.02,0,0,24399.91,0,0,24369.02,0,0,24872.87,0,0,24461.93,0,0,24969.67,0,0,24369.02
1,0,0,2020-08-10,any_risk_factors,0,0,0,0,0,0,0,0,0,0,0,0,0,0,0,0,0,0,0,0,0,0,0,0,0,0,0,0,0,0,0,0,0,0,0,0,0,1,0,0,2,0,0,0,0,0,0,0,0,0,24444.18,0,0,24444.18,0,0,24444.18,0,0,25683.63,0,0,25081.22,0,0,25474.82,0,0,24854.51,0,0,25717.95,0,0,25644.52,0,0,25644.52,0,0,24506.42,0,0,24506.42,0,0,24506.42,0,0,24506.42,0,0,24413.18,0,0,24413.18,0,0,24663.43,0,0,24726.8,0,0,24413.18,0,0,24413.18,0,0,24444.18,0,0,24413.18,0,0,24413.18,0,0,24413.18,0,0,24413.18,0,0,24413.18,0,0,24444.18,0,0,24444.18,0,0,24444.18,0,0,24475.26,0,0,24506.42,0,0,24413.18,0,0,24413.18,0,0,24506.42,0,0,24506.42,0,0,24413.18,0,0,24413.18,0,0,24413.18,0,0,24413.18,0,0,24413.18,11058.13,279.97,61611.95,0,0,24413.18,0,0,24444.18,13236.09,1602.95,47813.32,0,0,24918.87,0,0,24506.42,0,0,25016.03,0,0,24413.18
1,0,0,2020-08-17,any_risk_factors,0,0,0,0,0,0,0,0,0,0,0,0,0,1,0,0,0,0,0,0,0,0,0,0,0,0,0,0,0,0,0,0,0,0,0,0,0,0,0,0,0,0,0,0,0,0,0,0,0,0,24600.39,0,0,24600.39,0,0,24600.39,0,0,25856.14,0,0,25245.7,0,0,25615.27,0,0,25016.03,0,0,25890.92,0,0,25786.86,0,0,25786.86,0,0,24663.43,0,0,24663.43,0,0,24663.43,6685.89,169.27,37251.38,0,0,24568.99,0,0,24568.99,0,0,24822.46,0,0,24886.65,0,0,24568.99,0,0,24568.99,0,0,24600.39,0,0,24568.99,0,0,24568.99,0,0,24568.99,0,0,24568.99,0,0,24568.99,0,0,24600.39,0,0,24600.39,0,0,24600.39,0,0,24631.87,0,0,24663.43,0,0,24568.99,0,0,24568.99,0,0,24663.43,0,0,24663.43,0,0,24568.99,0,0,24568.99,0,0,24568.99,0,0,24568.99,0,0,24568.99,0,0,41003.14,0,0,24568.99,0,0,24600.39,0,0,24568.99,0,0,25081.22,0,0,24663.43,0,0,25179.65,0,0,24568.99
1,0,0,2020-08-24,any_risk_factors,0,0,0,0,0,0,0,1,1,1,0,0,0,0,0,0,0,0,0,0,0,0,0,0,0,0,0,0,0,0,0,0,0,0,0,0,0,0,0,0,0,0,0,0,0,0,0,0,0,0,24622.87,0,0,24622.87,0,0,24622.87,0,0,25880.97,0,0,25269.38,0,0,25639.64,0,0,25039.27,7028.09,177.94,39158.03,7002.49,177.29,39015.39,7002.49,177.29,39015.39,0,0,24686.02,0,0,24686.02,0,0,24686.02,0,0,24717.73,0,0,24591.41,0,0,24591.41,0,0,24845.35,0,0,24909.65,0,0,24591.41,0,0,24591.41,0,0,24622.87,0,0,24591.41,0,0,24591.41,0,0,24591.41,0,0,24591.41,0,0,24591.41,0,0,24622.87,0,0,24622.87,0,0,24622.87,0,0,24654.4,0,0,24686.02,0,0,24591.41,0,0,24591.41,0,0,24686.02,0,0,24686.02,0,0,24591.41,0,0,24591.41,0,0,24591.41,0,0,24591.41,0,0,24591.41,0,0,41040.61,0,0,24591.41,0,0,24622.87,0,0,24591.41,0,0,25104.59,0,0,24686.02,0,0,25203.2,0,0,24591.41
1,0,0,2020-08-31,any_risk_factors,0,0,0,0,0,0,0,0,1,1,0,0,0,0,0,0,0,0,0,0,0,0,0,0,0,0,0,0,0,0,0,0,0,0,0,0,0,0,0,0,0,0,0,0,0,0,0,0,0,0,24654.4,0,0,24654.4,0,0,24654.4,0,0,25915.81,0,0,25302.6,0,0,25673.84,0,0,25071.89,0,0,25985.79,7022.69,177.8,39127.91,7022.69,177.8,39127.91,0,0,24717.73,0,0,24717.73,0,0,24717.73,0,0,24749.51,0,0,24622.87,0,0,24622.87,0,0,24877.46,0,0,24941.93,0,0,24622.87,0,0,24622.87,0,0,24654.4,0,0,24622.87,0,0,24622.87,0,0,24622.87,0,0,24622.87,0,0,24622.87,0,0,24654.4,0,0,24654.4,0,0,24654.4,0,0,24686.02,0,0,24717.73,0,0,24622.87,0,0,24622.87,0,0,24717.73,0,0,24717.73,0,0,24622.87,0,0,24622.87,0,0,24622.87,0,0,24622.87,0,0,24622.87,0,0,41040.61,0,0,24622.87,0,0,24654.4,0,0,24622.87,0,0,25137.37,0,0,24717.73,0,0,25236.25,0,0,24622.87
1,0,0,2020-09-07,any_risk_factors,0,0,0,0,0,0,0,0,0,0,0,0,0,0,0,0,0,0,0,0,0,0,0,1,0,0,0,0,0,0,0,0,0,0,0,0,0,0,0,1,0,0,0,0,0,0,0,0,0,0,24699.6,0,0,24699.6,0,0,24699.6,0,0,25965.76,0,0,25350.2,0,0,25722.86,0,0,25118.63,0,0,26036,0,0,25965.76,0,0,25965.76,0,0,24763.15,0,0,24763.15,0,0,24763.15,0,0,24795.05,0,0,24667.95,0,0,24667.95,0,0,24923.48,0,0,24988.19,0,0,24667.95,0,0,24667.95,0,0,24699.6,0,0,24667.95,0,0,24667.95,0,0,24667.95,0,0,24667.95,0,0,24667.95,6698.15,169.58,37319.69,0,0,24699.6,0,0,24699.6,0,0,24731.34,0,0,24763.15,0,0,24667.95,0,0,24667.95,0,0,24763.15,0,0,24763.15,0,0,24667.95,0,0,24667.95,0,0,24667.95,0,0,24667.95,0,0,24667.95,0,0,41040.61,0,0,24667.95,6698.15,169.58,37319.69,0,0,24667.95,0,0,25184.36,0,0,24763.15,0,0,25283.6,0,0,24667.95
1,0,0,2020-09-14,any_risk_factors,0,0,0,0,0,0,0,0,0,0,0,0,0,0,0,0,0,0,0,0,0,0,0,0,0,0,0,0,0,0,0,0,0,0,0,0,0,0,0,0,0,0,0,0,0,0,0,0,0,0,24731.34,0,0,24731.34,0,0,24731.34,0,0,26000.83,0,0,25369.29,0,0,25742.51,0,0,25151.45,0,0,26071.27,0,0,25985.79,0,0,25985.79,0,0,24795.05,0,0,24795.05,0,0,24795.05,0,0,24827.04,0,0,24699.6,0,0,24699.6,0,0,24955.79,0,0,25020.67,0,0,24699.6,0,0,24699.6,0,0,24731.34,0,0,24699.6,0,0,24699.6,0,0,24699.6,0,0,24699.6,0,0,24699.6,0,0,24754.06,0,0,24731.34,0,0,24731.34,0,0,24763.15,0,0,24795.05,0,0,24699.6,0,0,24699.6,0,0,24795.05,0,0,24795.05,0,0,24699.6,0,0,24699.6,0,0,24699.6,0,0,24699.6,0,0,24699.6,0,0,41040.61,0,0,24699.6,0,0,24754.06,0,0,24699.6,0,0,25217.35,0,0,24795.05,0,0,25316.86,0,0,24699.6
1,0,0,2020-09-21,any_risk_factors,0,0,0,0,0,1,0,0,1,1,0,0,0,0,0,0,0,0,0,0,0,0,0,0,0,0,0,0,0,0,0,0,0,0,0,0,0,0,0,0,0,0,0,0,0,0,0,0,0,0,24799.62,0,0,24799.62,0,0,24799.62,0,0,26076.32,0,0,25421.95,6998.47,177.19,38992.96,0,0,25222.07,0,0,26147.16,7064.8,178.87,39362.53,7064.8,178.87,39362.53,0,0,24863.69,0,0,24863.69,0,0,24863.69,0,0,24895.85,0,0,24767.71,0,0,24767.71,0,0,25025.32,0,0,25090.56,0,0,24767.71,0,0,24767.71,0,0,24799.62,0,0,24767.71,0,0,24767.71,0,0,24767.71,0,0,24767.71,0,0,24767.71,0,0,24799.62,0,0,24799.62,0,0,24799.62,0,0,24831.61,0,0,24863.69,0,0,24767.71,0,0,24767.71,0,0,24863.69,0,0,24863.69,0,0,24767.71,0,0,24767.71,0,0,24767.71,0,0,24767.71,0,0,24767.71,0,0,41040.61,0,0,24767.71,0,0,24799.62,0,0,24767.71,0,0,25288.35,0,0,24863.69,0,0,25388.42,0,0,24767.71
1,0,0,2020-09-28,any_risk_factors,0,0,0,1,0,0,0,0,1,1,0,0,0,0,0,0,0,0,0,0,0,0,0,0,0,0,0,0,0,0,0,0,0,0,0,0,0,1,0,0,0,0,0,0,0,0,0,0,0,0,24859.1,0,0,24859.1,0,0,24859.1,7093.61,179.59,39523.07,0,0,25484.46,0,0,25895.89,0,0,25283.6,0,0,26213.29,7086.73,179.42,39484.73,7086.73,179.42,39484.73,0,0,24923.48,0,0,24923.48,0,0,24923.48,0,0,24955.79,0,0,24827.04,0,0,24827.04,0,0,25085.89,0,0,25151.45,0,0,24827.04,0,0,24827.04,0,0,24859.1,0,0,24827.04,0,0,24827.04,0,0,24827.04,0,0,24827.04,0,0,24827.04,0,0,24859.1,0,0,24859.1,0,0,24859.1,0,0,24891.25,0,0,24923.48,0,0,24827.04,0,0,24827.04,0,0,24923.48,0,0,24923.48,0,0,24827.04,0,0,24827.04,0,0,24827.04,0,0,24827.04,0,0,24827.04,11139.07,282.02,62062.91,0,0,24827.04,0,0,24859.1,0,0,24827.04,0,0,25350.2,0,0,24923.48,0,0,25450.76,0,0,24827.04
1,0,0,2020-10-05,any_risk_factors,0,0,0,0,0,0,0,0,0,0,0,0,0,0,0,0,0,0,0,0,0,0,0,0,0,0,0,0,0,0,0,0,0,0,0,0,0,0,0,0,0,0,0,0,0,0,0,0,0,0,24941.93,0,0,24941.93,0,0,24941.93,0,0,26233.71,0,0,25571.52,0,0,25985.79,0,0,25369.29,0,0,26305.41,0,0,26269.51,0,0,26269.51,0,0,25006.74,0,0,25006.74,0,0,25006.74,0,0,25039.27,0,0,24909.65,0,0,24909.65,0,0,25170.25,0,0,25236.25,0,0,24909.65,0,0,24909.65,0,0,24941.93,0,0,24909.65,0,0,24909.65,0,0,24909.65,0,0,24909.65,0,0,24909.65,0,0,24941.93,0,0,24941.93,0,0,24941.93,0,0,24974.3,0,0,25006.74,0,0,24909.65,0,0,24909.65,0,0,25006.74,0,0,25006.74,0,0,24909.65,0,0,24909.65,0,0,24909.65,0,0,24909.65,0,0,24909.65,0,0,41330.16,0,0,24909.65,0,0,24941.93,0,0,24909.65,0,0,25436.35,0,0,25006.74,0,0,25537.59,0,0,24909.65
1,0,0,2020-10-12,any_risk_factors,0,0,0,0,0,0,0,1,0,0,0,0,0,0,0,0,0,0,0,0,0,0,0,0,0,0,0,0,0,0,0,0,0,0,0,0,0,4,0,0,0,0,0,0,0,0,0,0,0,0,24997.46,0,0,24997.46,0,0,24997.46,0,0,26295.14,0,0,25629.89,0,0,26046.07,0,0,25426.75,7156.15,181.18,39871.53,0,0,26331.12,0,0,26331.12,0,0,25062.56,0,0,25062.56,0,0,25062.56,0,0,25095.24,0,0,24965.04,0,0,24965.04,0,0,25226.8,0,0,25293.1,0,0,24965.04,0,0,24965.04,0,0,24997.46,0,0,24965.04,0,0,24965.04,0,0,24965.04,0,0,24965.04,0,0,24965.04,0,0,24997.46,0,0,24997.46,0,0,24997.46,0,0,25029.97,0,0,25062.56,0,0,24965.04,0,0,24965.04,0,0,25062.56,0,0,25062.56,0,0,24965.04,0,0,24965.04,0,0,24965.04,0,0,24965.04,0,0,24965.04,45120.44,12293.8,115526.26,0,0,24965.04,0,0,24997.46,0,0,24965.04,0,0,25494.1,0,0,25062.56,0,0,25595.81,0,0,24965.04
1,0,0,2020-10-19,any_risk_factors,0,0,0,1,1,1,0,0,1,1,0,0,0,0,0,0,0,0,0,0,0,0,0,0,0,0,0,0,0,0,0,0,0,0,0,0,0,3,0,0,1,0,0,0,0,0,0,0,0,0,25034.62,0,0,25034.62,0,0,25034.62,7142.16,180.82,39793.56,6959.79,176.21,38777.49,7073.01,179.07,39408.26,0,0,25465.19,0,0,26444.81,7150.55,181.04,39840.3,7150.55,181.04,39840.3,0,0,25099.91,0,0,25099.91,0,0,25099.91,0,0,25118.63,0,0,25002.1,0,0,25002.1,0,0,25264.64,0,0,25331.14,0,0,25002.1,0,0,25002.1,0,0,25034.62,0,0,25002.1,0,0,25002.1,0,0,25002.1,0,0,25002.1,0,0,25002.1,0,0,25034.62,0,0,25034.62,0,0,25034.62,0,0,25067.22,0,0,25099.91,0,0,25002.1,0,0,25002.1,0,0,25099.91,0,0,25099.91,0,0,25002.1,0,0,25002.1,0,0,25002.1,0,0,25002.1,0,0,25002.1,34146.15,7041.76,99789.54,0,0,25002.1,0,0,25034.62,6777.7,171.6,37762.9,0,0,25532.75,0,0,25099.91,0,0,25634.76,0,0,25002.1
1,0,0,2020-10-26,any_risk_factors,0,0,0,0,0,0,0,0,0,0,0,0,0,0,0,0,0,1,0,0,0,0,0,0,0,0,0,0,0,0,0,0,0,0,0,0,0,5,0,0,0,0,0,0,0,0,0,0,0,0,25095.24,0,0,25095.24,0,0,25095.24,0,0,26403.36,0,0,25767.13,0,0,26187.82,0,0,25527.91,0,0,26512.46,0,0,26475.99,0,0,26475.99,0,0,25160.84,0,0,25160.84,0,0,25160.84,0,0,25160.84,0,0,25062.56,0,0,25062.56,0,0,25326.38,6890.21,174.44,38389.79,0,0,25062.56,0,0,25062.56,0,0,25095.24,0,0,25062.56,0,0,25062.56,0,0,25062.56,0,0,25062.56,0,0,25062.56,0,0,25095.24,0,0,25095.24,0,0,25095.24,0,0,25128,0,0,25160.84,0,0,25062.56,0,0,25062.56,0,0,25160.84,0,0,25160.84,0,0,25062.56,0,0,25062.56,0,0,25062.56,0,0,25062.56,0,0,25062.56,57501.57,18670.6,134189.49,0,0,25062.56,0,0,25095.24,0,0,25062.56,0,0,25595.81,0,0,25160.84,0,0,25698.33,0,0,25062.56
1,0,0,2020-11-02,any_risk_factors,0,0,0,0,0,0,0,0,0,0,0,0,0,0,0,0,0,0,0,0,0,0,0,0,0,0,0,0,0,0,0,0,0,0,0,0,0,5,0,0,0,0,0,0,0,0,0,0,0,0,25128,0,0,25128,0,0,25128,0,0,26439.62,0,0,25801.67,0,0,26223.5,0,0,25561.81,0,0,26549.03,0,0,26512.46,0,0,26512.46,0,0,25193.78,0,0,25193.78,0,0,25193.78,0,0,25193.78,0,0,25095.24,0,0,25095.24,0,0,25359.74,0,0,25460.38,0,0,25095.24,0,0,25095.24,0,0,25128,0,0,25095.24,0,0,25095.24,0,0,25095.24,0,0,25095.24,0,0,25095.24,0,0,25128,0,0,25128,0,0,25128,0,0,25160.84,0,0,25193.78,0,0,25095.24,0,0,25095.24,0,0,25193.78,0,0,25193.78,0,0,25095.24,0,0,25095.24,0,0,25095.24,0,0,25095.24,0,0,25095.24,58013.02,18836.67,135383.05,0,0,25095.24,0,0,25128,0,0,25095.24,0,0,25629.89,0,0,25193.78,0,0,25732.68,0,0,25095.24
1,0,0,2020-11-09,any_risk_factors,0,0,0,0,0,0,0,0,0,0,0,0,0,0,0,0,0,0,0,0,0,0,0,0,0,0,0,1,0,0,0,0,0,0,0,0,0,7,0,0,0,0,0,0,0,0,0,0,0,0,25160.84,0,0,25160.84,0,0,25160.84,0,0,26475.99,0,0,25836.3,0,0,26259.27,0,0,25595.81,0,0,26585.7,0,0,26549.03,0,0,26549.03,0,0,25226.8,0,0,25226.8,0,0,25226.8,0,0,25226.8,0,0,25128,0,0,25128,0,0,25393.2,0,0,25494.1,0,0,25128,0,0,25128,0,0,25160.84,0,0,25128,0,0,25128,0,0,25128,0,0,25128,0,0,25128,0,0,25160.84,0,0,25160.84,0,0,25160.84,0,0,25193.78,6845.01,173.3,38137.98,0,0,25128,0,0,25128,0,0,25226.8,0,0,25226.8,0,0,25128,0,0,25128,0,0,25128,0,0,25128,0,0,25128,82396.07,33127.49,169767.39,0,0,25128,0,0,25160.84,0,0,25128,0,0,25664.06,0,0,25226.8,0,0,25767.13,0,0,25128
1,0,0,2020-11-16,any_risk_factors,0,0,0,0,0,0,0,0,0,0,0,0,0,0,0,0,0,0,0,0,0,0,0,0,0,0,0,0,0,0,0,0,0,0,0,0,0,4,0,0,2,0,0,0,0,0,0,0,0,0,25184.36,0,0,25184.36,0,0,25184.36,0,0,26502.03,0,0,25861.1,0,0,26284.89,0,0,25620.14,0,0,26611.95,0,0,26575.21,0,0,26575.21,0,0,25250.44,0,0,25250.44,0,0,25250.44,0,0,25250.44,0,0,25151.45,0,0,25151.45,0,0,25417.15,0,0,25518.24,0,0,25151.45,0,0,25151.45,0,0,25184.36,0,0,25151.45,0,0,25151.45,0,0,25151.45,0,0,25151.45,0,0,25151.45,0,0,25184.36,0,0,25184.36,0,0,25184.36,0,0,25217.35,0,0,25283.6,0,0,25151.45,0,0,25151.45,0,0,25250.44,0,0,25250.44,0,0,25151.45,0,0,25151.45,0,0,25151.45,0,0,25151.45,0,0,25151.45,47776.32,13017.44,122326.37,0,0,25151.45,0,0,25184.36,13636.36,1651.43,49259.23,0,0,25688.53,0,0,25250.44,0,0,25791.79,0,0,25151.45
1,0,0,2020-11-23,any_risk_factors,0,0,0,0,0,0,0,0,0,0,0,0,0,0,0,0,0,0,0,0,0,0,0,0,0,0,0,0,0,0,0,0,0,0,0,0,0,7,0,0,0,0,0,0,0,0,0,0,0,0,25274.12,0,0,25274.12,0,0,25274.12,0,0,26601.45,0,0,25945.76,0,0,26372.35,0,0,25713.04,0,0,26701.61,0,0,26664.62,0,0,26664.62,0,0,25340.67,0,0,25340.67,0,0,25340.67,0,0,25340.67,0,0,25240.97,0,0,25240.97,0,0,25508.58,0,0,25610.4,0,0,25240.97,0,0,25240.97,0,0,25274.12,0,0,25240.97,0,0,25240.97,0,0,25240.97,0,0,25240.97,0,0,25240.97,0,0,25274.12,0,0,25274.12,0,0,25274.12,0,0,25307.35,0,0,25374.07,0,0,25240.97,0,0,25240.97,0,0,25340.67,0,0,25340.67,0,0,25240.97,0,0,25240.97,0,0,25240.97,0,0,25240.97,0,0,25240.97,84520.66,33981.69,174144.87,0,0,25240.97,0,0,25274.12,0,0,25240.97,0,0,25781.92,0,0,25340.67,0,0,25885.94,0,0,25240.97
1,0,0,2020-11-30,any_risk_factors,0,0,0,0,0,0,0,1,1,1,0,0,0,0,0,0,0,0,0,0,0,0,0,0,0,0,0,0,0,0,0,0,0,0,0,0,0,5,0,0,1,0,0,0,0,0,0,0,0,0,25335.9,0,0,25335.9,0,0,25335.9,0,0,26669.9,0,0,25985.79,0,0,26413.71,0,0,25776.99,7254.22,183.66,40417.93,7241.28,183.33,40345.81,7241.28,183.33,40345.81,0,0,25402.78,0,0,25402.78,0,0,25402.78,0,0,25402.78,0,0,25302.6,0,0,25302.6,0,0,25571.52,0,0,25673.84,0,0,25302.6,0,0,25302.6,0,0,25335.9,0,0,25302.6,0,0,25302.6,0,0,25302.6,0,0,25302.6,0,0,25302.6,0,0,25335.9,0,0,25335.9,0,0,25335.9,0,0,25369.29,0,0,25436.35,0,0,25302.6,0,0,25302.6,0,0,25402.78,0,0,25402.78,0,0,25302.6,0,0,25302.6,0,0,25302.6,0,0,25302.6,0,0,25302.6,61365.93,19925.35,143207.6,0,0,25302.6,0,0,25335.9,6859.15,173.66,38216.77,0,0,25846.22,0,0,25402.78,0,0,25950.76,0,0,25302.6
1,0,0,2020-12-07,any_risk_factors,0,0,0,0,1,1,0,0,0,0,0,0,0,0,0,0,0,0,0,0,0,0,0,0,0,0,1,1,0,0,0,0,0,0,0,0,0,11,0,0,0,1,0,1,0,0,0,0,0,0,25393.2,0,0,25393.2,0,0,25393.2,0,0,26733.4,7062.06,178.8,39347.31,7178.66,181.75,39996.91,0,0,25836.3,0,0,26845.25,0,0,26770.58,0,0,26770.58,0,0,25460.38,0,0,25460.38,0,0,25460.38,0,0,25460.38,0,0,25359.74,0,0,25359.74,0,0,25629.89,0,0,25732.68,0,0,25359.74,0,0,25359.74,0,0,25393.2,0,0,25359.74,0,0,25359.74,0,0,25359.74,0,0,25359.74,0,0,25359.74,0,0,25393.2,0,0,25393.2,0,0,25393.2,6900.62,174.71,38447.81,6918.92,175.17,38549.78,0,0,25359.74,0,0,25359.74,0,0,25460.38,0,0,25460.38,0,0,25359.74,0,0,25359.74,0,0,25359.74,0,0,25359.74,0,0,25359.74,138067.01,68922.55,247040.02,0,0,25359.74,0,0,25393.2,0,0,25359.74,7030.8,178,39173.1,0,0,25460.38,7059.34,178.73,39332.1,0,0,25359.74
1,0,0,2020-12-14,any_risk_factors,0,0,0,0,0,0,0,0,0,0,0,0,0,0,0,0,0,0,0,0,0,0,0,0,0,0,0,0,0,0,0,0,0,0,0,0,0,4,0,0,0,0,0,0,0,0,0,0,0,0,25417.15,0,0,25417.15,0,0,25417.15,0,0,26759.94,0,0,26106.63,0,0,26538.57,0,0,25861.1,0,0,26872.02,0,0,26797.2,0,0,26797.2,0,0,25484.46,0,0,25484.46,0,0,25484.46,0,0,25484.46,0,0,25383.63,0,0,25383.63,0,0,25654.29,0,0,25757.28,0,0,25383.63,0,0,25383.63,0,0,25417.15,0,0,25383.63,0,0,25383.63,0,0,25383.63,0,0,25383.63,0,0,25383.63,0,0,25417.15,0,0,25417.15,0,0,25417.15,0,0,25484.46,0,0,25552.12,0,0,25383.63,0,0,25383.63,0,0,25484.46,0,0,25484.46,0,0,25383.63,0,0,25383.63,0,0,25383.63,0,0,25383.63,0,0,25383.63,51173.38,13943.02,131024.18,0,0,25383.63,0,0,25417.15,0,0,25383.63,0,0,25965.76,0,0,25484.46,0,0,26071.27,0,0,25383.63
1,0,0,2020-12-21,any_risk_factors,0,0,0,0,0,0,0,2,0,0,0,0,0,0,0,0,1,1,0,0,0,0,0,0,0,0,0,0,0,0,0,0,0,0,0,0,0,4,0,0,2,0,0,0,0,0,0,0,0,0,25474.82,0,0,25474.82,0,0,25474.82,0,0,26818.54,0,0,26162.39,0,0,26596.19,0,0,25920.8,14615.85,1770.05,52797.46,0,0,26861.31,0,0,26861.31,0,0,25542.43,0,0,25542.43,0,0,25542.43,0,0,25542.43,0,0,25441.15,0,0,25441.15,6977.08,176.64,38873.79,7005.18,177.36,39030.36,0,0,25441.15,0,0,25441.15,0,0,25474.82,0,0,25441.15,0,0,25441.15,0,0,25441.15,0,0,25441.15,0,0,25441.15,0,0,25474.82,0,0,25474.82,0,0,25474.82,0,0,25542.43,0,0,25610.4,0,0,25441.15,0,0,25441.15,0,0,25542.43,0,0,25542.43,0,0,25441.15,0,0,25441.15,0,0,25441.15,0,0,25441.15,0,0,25441.15,51625.44,14066.2,132181.63,0,0,25441.15,0,0,25474.82,13793.43,1670.45,49826.61,0,0,26025.95,0,0,25542.43,0,0,26131.95,0,0,25441.15
1,0,0,2020-12-28,any_risk_factors,0,0,0,1,0,0,0,1,1,1,0,0,0,0,0,0,0,0,0,0,0,0,0,0,0,0,0,0,0,0,0,0,0,0,0,0,0,16,0,0,0,0,0,0,0,0,0,0,0,0,25615.27,0,0,25615.27,0,0,25615.27,7303.54,184.91,40692.72,0,0,26279.76,0,0,26717.49,0,0,26066.23,7360.94,186.36,41012.55,7332.86,185.65,40856.11,7332.86,185.65,40856.11,0,0,25683.63,0,0,25683.63,0,0,25683.63,0,0,25683.63,0,0,25581.23,0,0,25581.23,0,0,25821.45,0,0,25925.79,0,0,25581.23,0,0,25581.23,0,0,25615.27,0,0,25581.23,0,0,25581.23,0,0,25581.23,0,0,25581.23,0,0,25581.23,0,0,25615.27,0,0,25615.27,0,0,25615.27,0,0,25683.63,0,0,25752.36,0,0,25581.23,0,0,25581.23,0,0,25659.17,0,0,25659.17,0,0,25581.23,0,0,25581.23,0,0,25581.23,0,0,25581.23,0,0,25581.23,212354.65,121379.03,344850.65,0,0,25581.23,0,0,25615.27,0,0,25581.23,0,0,26172.56,0,0,25659.17,0,0,26254.15,0,0,25581.23
1,0,0,2021-01-04,any_risk_factors,0,0,0,0,0,0,0,0,0,0,0,0,0,0,0,0,0,0,0,0,0,0,0,0,0,0,0,0,0,0,1,1,0,0,0,0,0,5,0,0,0,0,1,1,0,0,0,0,0,0,25861.1,0,0,25861.1,0,0,25861.1,0,0,27181.02,0,0,26538.57,0,0,26952.65,0,0,26315.69,0,0,27441.21,0,0,27329.88,0,0,27329.88,0,0,25930.78,0,0,25930.78,0,0,25930.78,0,0,25930.78,0,0,25826.4,0,0,25826.4,0,0,26066.23,0,0,26172.56,0,0,25826.4,0,0,25826.4,0,0,25861.1,0,0,25826.4,0,0,25826.4,0,0,25826.4,0,0,25826.4,0,0,25826.4,0,0,25861.1,0,0,25861.1,0,0,25861.1,0,0,25930.78,0,0,26000.83,0,0,25826.4,0,0,25826.4,7026.74,177.9,39150.5,7026.74,177.9,39150.5,0,0,25826.4,0,0,25826.4,0,0,25826.4,0,0,25826.4,0,0,25826.4,68733.53,22317.59,160401.14,0,0,25826.4,0,0,25861.1,0,0,25826.4,0,0,26424.07,7026.74,177.9,39150.5,7189.96,182.03,40059.9,0,0,25826.4
1,0,0,2021-01-11,any_risk_factors,0,0,0,0,1,1,0,0,1,1,0,0,0,0,0,0,0,0,0,0,0,0,0,0,0,0,0,0,0,0,0,0,0,0,0,0,0,9,0,0,0,0,0,0,0,0,0,0,0,0,26213.29,0,0,26213.29,0,0,26213.29,0,0,27525.3,7299.16,184.8,40668.32,7413.23,187.69,41303.89,0,0,26648.8,0,0,27797.88,7507.71,190.08,41830.27,7507.71,190.08,41830.27,0,0,26284.89,0,0,26284.89,0,0,26284.89,0,0,26284.89,0,0,26177.64,0,0,26177.64,0,0,26393.01,0,0,26502.03,0,0,26177.64,0,0,26177.64,0,0,26213.29,0,0,26177.64,0,0,26177.64,0,0,26177.64,0,0,26177.64,0,0,26177.64,0,0,26213.29,0,0,26213.29,0,0,26213.29,0,0,26284.89,0,0,26356.87,0,0,26177.64,0,0,26177.64,0,0,26284.89,0,0,26284.89,0,0,26177.64,0,0,26177.64,0,0,26177.64,0,0,26177.64,0,0,26177.64,127709.79,58397.05,242432.96,0,0,26177.64,0,0,26213.29,0,0,26177.64,0,0,26759.94,0,0,26284.89,0,0,26872.02,0,0,26177.64
1,0,0,2021-01-18,any_risk_factors,0,0,0,0,1,1,0,0,3,3,0,0,0,0,0,0,0,0,0,0,0,0,0,0,0,0,0,0,0,0,0,0,0,0,0,0,0,7,0,0,1,0,0,0,0,0,0,0,0,0,26413.71,0,0,26413.71,0,0,26413.71,0,0,27746.36,7363.91,186.44,41029.09,7480.03,189.38,41676.08,0,0,26855.95,0,0,27988.43,22752.28,4692.07,66491.83,22752.28,4692.07,66491.83,0,0,26486.4,0,0,26486.4,0,0,26486.4,0,0,26486.4,0,0,26377.51,0,0,26377.51,0,0,26596.19,0,0,26691.03,0,0,26377.51,0,0,26377.51,0,0,26413.71,0,0,26377.51,0,0,26377.51,0,0,26377.51,0,0,26377.51,0,0,26377.51,0,0,26413.71,0,0,26413.71,0,0,26413.71,0,0,26486.4,0,0,26559.5,0,0,26377.51,0,0,26377.51,0,0,26486.4,0,0,26486.4,0,0,26377.51,0,0,26377.51,0,0,26377.51,0,0,26377.51,0,0,26377.51,101660.04,40872.61,209458.54,0,0,26377.51,0,0,26413.71,7150.55,181.04,39840.3,0,0,26968.84,0,0,26486.4,0,0,27082.68,0,0,26377.51
1,0,0,2021-01-25,any_risk_factors,0,0,0,0,0,0,0,0,0,0,0,0,0,0,0,0,0,0,0,0,0,0,0,0,0,0,0,0,0,0,0,0,0,0,0,0,0,3,0,0,0,0,0,0,0,0,0,0,0,0,26450,0,0,26450,0,0,26450,0,0,27786.41,0,0,27235.97,0,0,27666.6,0,0,26893.48,0,0,28029.19,0,0,28070.07,0,0,28070.07,0,0,26522.9,0,0,26522.9,0,0,26522.9,0,0,26522.9,0,0,26413.71,0,0,26413.71,0,0,26633,0,0,26706.9,0,0,26413.71,0,0,26413.71,0,0,26450,0,0,26413.71,0,0,26413.71,0,0,26413.71,0,0,26413.71,0,0,26413.71,0,0,26450,0,0,26450,0,0,26450,0,0,26522.9,0,0,26596.19,0,0,26413.71,0,0,26413.71,0,0,26522.9,0,0,26522.9,0,0,26413.71,0,0,26413.71,0,0,26413.71,0,0,26413.71,0,0,26413.71,44362.35,9148.58,129645.61,0,0,26413.71,0,0,26450,0,0,26413.71,0,0,27006.68,0,0,26522.9,0,0,27120.84,0,0,26413.71
1,0,0,2021-02-01,any_risk_factors,0,0,0,1,1,1,0,0,0,0,0,0,0,0,0,0,0,0,0,0,0,0,0,0,0,0,0,0,0,0,0,0,0,0,0,0,0,4,0,0,0,0,0,0,0,1,1,0,0,0,26522.9,0,0,26522.9,0,0,26522.9,7560.55,191.42,42124.67,7410.23,187.61,41287.13,7527.82,190.59,41942.35,0,0,26968.84,0,0,28111.06,0,0,28152.18,0,0,28152.18,0,0,26596.19,0,0,26596.19,0,0,26596.19,0,0,26596.19,0,0,26486.4,0,0,26486.4,0,0,26706.9,0,0,26781.22,7189.96,182.03,40059.9,7189.96,182.03,40059.9,0,0,26522.9,0,0,26486.4,0,0,26486.4,0,0,26486.4,0,0,26486.4,0,0,26486.4,0,0,26522.9,0,0,26522.9,0,0,26522.9,0,0,26596.19,0,0,26669.9,0,0,26486.4,0,0,26486.4,0,0,26596.19,0,0,26596.19,0,0,26486.4,0,0,26486.4,0,0,26486.4,0,0,26486.4,0,0,26486.4,59657,16254.53,152745.62,0,0,26486.4,0,0,26522.9,0,0,26486.4,0,0,27082.68,0,0,26596.19,0,0,27197.48,0,0,26486.4
1,0,0,2021-02-08,any_risk_factors,0,0,1,1,0,0,0,1,0,0,0,0,0,1,0,0,1,1,0,0,0,0,0,0,0,0,0,0,0,0,0,0,0,0,0,0,0,2,0,0,0,0,0,0,0,0,0,0,0,0,26590.95,0,0,26590.95,7209.83,182.54,40170.6,7587.25,192.09,42273.43,0,0,27424.45,0,0,27855.35,0,0,27033.77,7646.01,193.58,42600.85,0,0,28228.85,0,0,28228.85,0,0,26664.62,0,0,26664.62,0,0,26664.62,7231.24,183.08,40289.9,0,0,26554.26,0,0,26554.26,7264.32,183.92,40474.2,7284.6,184.43,40587.21,0,0,26590.95,0,0,26590.95,0,0,26590.95,0,0,26554.26,0,0,26554.26,0,0,26554.26,0,0,26554.26,0,0,26554.26,0,0,26590.95,0,0,26590.95,0,0,26590.95,0,0,26664.62,0,0,26738.7,0,0,26554.26,0,0,26554.26,0,0,26664.62,0,0,26664.62,0,0,26554.26,0,0,26554.26,0,0,26554.26,0,0,26554.26,0,0,26554.26,30173.48,3654.15,108996.99,0,0,26554.26,0,0,26590.95,0,0,26554.26,0,0,27148.16,0,0,26664.62,0,0,27263.52,0,0,26554.26
1,0,0,2021-02-15,any_risk_factors,0,0,0,0,0,0,0,2,1,1,0,0,0,0,0,0,1,1,0,0,0,0,0,0,0,0,0,0,0,0,0,0,0,0,0,0,0,3,0,0,0,0,0,0,0,0,0,0,0,0,26733.4,0,0,26733.4,0,0,26759.94,0,0,28146.3,0,0,27576,0,0,27976.81,0,0,27148.16,15395.15,1864.42,55612.59,7700.82,194.97,42906.24,7700.82,194.97,42906.24,0,0,26807.86,0,0,26807.86,0,0,26807.86,0,0,26845.25,0,0,26696.32,0,0,26696.32,7312.31,185.13,40741.6,7332.86,185.65,40856.11,0,0,26733.4,0,0,26733.4,0,0,26733.4,0,0,26696.32,0,0,26696.32,0,0,26696.32,0,0,26696.32,0,0,26696.32,0,0,26733.4,0,0,26733.4,0,0,26733.4,0,0,26807.86,0,0,26882.75,0,0,26696.32,0,0,26696.32,0,0,26807.86,0,0,26807.86,0,0,26696.32,0,0,26696.32,0,0,26696.32,0,0,26696.32,0,0,26696.32,45943.4,9474.63,134266.1,0,0,26696.32,0,0,26733.4,0,0,26696.32,0,0,27263.52,0,0,26807.86,0,0,27379.87,0,0,26696.32
1,0,0,2021-02-22,any_risk_factors,0,0,0,1,0,0,0,0,0,0,0,0,0,0,0,0,0,0,0,0,0,0,0,0,0,0,0,0,0,0,0,0,0,0,0,0,0,1,0,0,1,0,0,0,0,0,0,0,0,0,26974.24,0,0,26974.24,0,0,26974.24,7689.47,194.68,42843.01,0,0,27792.15,0,0,28199.31,0,0,27396.57,0,0,28679.51,0,0,28661.2,0,0,28661.2,0,0,27050.05,0,0,27050.05,0,0,27050.05,0,0,27088.12,0,0,26936.49,0,0,26936.49,0,0,27241.47,0,0,27280.08,0,0,26974.24,0,0,26974.24,0,0,26974.24,0,0,26936.49,0,0,26936.49,0,0,26936.49,0,0,26936.49,0,0,26936.49,0,0,26958.05,0,0,26974.24,0,0,26974.24,0,0,27050.05,0,0,27109.92,0,0,26936.49,0,0,26936.49,0,0,27012.09,0,0,27012.09,0,0,26936.49,0,0,26936.49,0,0,26936.49,0,0,26936.49,0,0,26936.49,15549.17,393.67,86634.43,0,0,26936.49,0,0,26958.05,7302.08,184.87,40684.58,0,0,27514.05,0,0,27012.09,0,0,27592.94,0,0,26936.49
1,0,0,2021-03-01,any_risk_factors,0,0,0,0,0,0,0,0,0,0,0,0,0,0,0,0,0,0,0,0,0,0,0,0,0,0,0,0,0,0,0,0,0,0,0,0,0,4,0,0,0,0,0,0,0,0,0,0,0,0,27363.18,0,0,27346.52,0,0,27363.18,0,0,28777.51,0,0,28146.3,0,0,28563.99,0,0,27797.88,0,0,29012.99,0,0,28994.26,0,0,28994.26,0,0,27441.21,0,0,27441.21,0,0,27441.21,0,0,27480.38,0,0,27324.34,0,0,27324.34,0,0,27638.22,0,0,27677.96,0,0,27335.43,0,0,27335.43,0,0,27363.18,0,0,27324.34,0,0,27324.34,0,0,27324.34,0,0,27324.34,0,0,27324.34,0,0,27324.34,0,0,27363.18,0,0,27363.18,0,0,27441.21,0,0,27480.38,0,0,27324.34,0,0,27324.34,0,0,27402.14,0,0,27402.14,0,0,27324.34,0,0,27324.34,0,0,27324.34,0,0,27324.34,0,0,27324.34,63246.75,17232.61,161936.81,0,0,27324.34,0,0,27324.34,0,0,27324.34,0,0,27918.84,0,0,27402.14,0,0,28000.07,0,0,27324.34
1,0,0,2021-03-08,any_risk_factors,0,0,0,0,1,1,0,0,0,0,0,0,0,0,0,0,0,0,0,0,0,0,0,0,0,0,0,0,0,0,0,0,0,0,0,0,0,4,0,0,0,0,0,0,0,1,1,0,0,0,28099.34,0,0,28058.38,0,0,28099.34,0,0,29560.4,7837.98,198.44,43670.45,7957.52,201.47,44336.44,0,0,28539.78,0,0,29795.74,0,0,29762.83,0,0,29762.83,0,0,28181.62,0,0,28181.62,0,0,28181.62,0,0,28222.94,0,0,28058.38,0,0,28058.38,0,0,28389.45,0,0,28431.38,7614.13,192.77,42423.24,7614.13,192.77,42423.24,0,0,28099.34,0,0,28058.38,0,0,28058.38,0,0,28058.38,0,0,28058.38,0,0,28058.38,0,0,28058.38,0,0,28099.34,0,0,28099.34,0,0,28181.62,0,0,28222.94,0,0,28058.38,0,0,28058.38,0,0,28140.42,0,0,28140.42,0,0,28058.38,0,0,28058.38,0,0,28058.38,0,0,28058.38,0,0,28058.38,64933.33,17692.15,166255.12,0,0,28058.38,0,0,28058.38,0,0,28058.38,0,0,28667.3,0,0,28140.42,0,0,28752.95,0,0,28058.38
1,0,0,2021-03-15,any_risk_factors,0,0,0,0,0,0,0,1,0,0,0,0,0,0,0,0,0,0,0,0,0,0,0,0,0,0,0,0,0,0,0,0,0,0,0,0,0,6,0,0,1,0,0,0,0,0,0,0,0,0,29038,0,0,28994.26,0,0,29038,0,0,30428.26,0,0,29894.9,0,0,30366.54,0,0,29482.78,8325.74,210.79,46388.03,0,0,30705.63,0,0,30705.63,0,0,29125.88,0,0,29125.88,0,0,29125.88,0,0,29170.02,0,0,28994.26,0,0,28994.26,0,0,29347.92,0,0,29392.74,0,0,29038,0,0,29038,0,0,29038,0,0,28994.26,0,0,28994.26,0,0,28994.26,0,0,28994.26,0,0,28994.26,0,0,28994.26,0,0,29038,0,0,29038,0,0,29125.88,0,0,29170.02,0,0,28994.26,0,0,28994.26,0,0,29081.87,0,0,29081.87,0,0,28994.26,0,0,28994.26,0,0,28994.26,0,0,28994.26,0,0,28994.26,101646.57,37302.5,221241.79,0,0,28994.26,0,0,28994.26,7859.91,199,43792.61,0,0,29618.89,0,0,29081.87,0,0,29710.32,0,0,28994.26
1,0,0,2021-03-22,any_risk_factors,0,0,0,0,0,0,0,0,0,0,0,0,0,0,0,0,0,0,0,0,0,0,0,0,0,0,0,0,0,0,0,0,0,0,0,0,0,2,0,0,0,0,0,0,0,0,0,0,0,0,30142.35,0,0,30095.22,0,0,30142.35,0,0,31487.81,0,0,31052.39,0,0,31532.02,0,0,30580.19,0,0,31837.51,0,0,31740.01,0,0,31740.01,0,0,30237.06,0,0,30237.06,0,0,30237.06,0,0,30284.63,0,0,30095.22,0,0,30095.22,0,0,30476.44,0,0,30524.77,0,0,30142.35,0,0,30142.35,0,0,30142.35,0,0,30095.22,0,0,30095.22,0,0,30095.22,0,0,30095.22,0,0,30095.22,0,0,30095.22,0,0,30142.35,0,0,30142.35,0,0,30237.06,0,0,30284.63,0,0,30095.22,0,0,30095.22,0,0,30189.63,0,0,30189.63,0,0,30095.22,0,0,30095.22,0,0,30095.22,0,0,30095.22,0,0,30095.22,35443.96,4292.43,128035.77,0,0,30095.22,0,0,30095.22,0,0,30095.22,0,0,30726.64,0,0,30189.63,0,0,30825.06,0,0,30095.22
1,0,0,2021-03-29,any_risk_factors,0,0,0,2,0,0,0,1,0,0,1,1,1,1,0,0,0,0,0,0,0,0,0,0,0,0,0,0,0,0,0,0,0,0,0,0,0,2,0,0,0,0,0,0,0,0,0,0,0,0,32450.94,0,0,32396.33,0,0,32450.94,18405.14,2228.95,66485.69,0,0,33367.09,0,0,33760.04,0,0,32830.49,9275.01,234.82,51677.06,0,0,33878.88,0,0,33878.88,8826.73,223.47,49179.38,8826.73,223.47,49179.38,8826.73,223.47,49179.38,8841.68,223.85,49262.71,0,0,32396.33,0,0,32396.33,0,0,32798.52,0,0,32854.5,0,0,32450.94,0,0,32450.94,0,0,32450.94,0,0,32396.33,0,0,32396.33,0,0,32396.33,0,0,32396.33,0,0,32396.33,0,0,32396.33,0,0,32450.94,0,0,32450.94,0,0,32560.74,0,0,32615.91,0,0,32396.33,0,0,32396.33,0,0,32505.75,0,0,32505.75,0,0,32396.33,0,0,32396.33,0,0,32396.33,0,0,32396.33,0,0,32396.33,37403.99,4529.8,135116.09,0,0,32396.33,0,0,32396.33,0,0,32396.33,0,0,32999.34,0,0,32505.75,0,0,33112.88,0,0,32396.33
1,0,0,2021-04-05,any_risk_factors,0,0,0,0,0,0,0,0,0,0,0,0,0,0,0,0,0,0,0,0,0,0,0,0,0,0,0,0,0,0,0,0,0,0,0,0,0,0,0,0,1,0,0,0,0,0,0,0,0,0,35853.2,0,0,35786.54,0,0,35834.13,0,0,37699.03,0,0,36853.48,0,0,37240.55,0,0,36199.98,0,0,37889.85,0,0,37219.98,0,0,37219.98,0,0,35987.27,0,0,35987.27,0,0,35987.27,0,0,36054.68,0,0,35786.54,0,0,35786.54,0,0,36180.54,0,0,36248.67,0,0,35824.6,0,0,35824.6,0,0,35853.2,0,0,35786.54,0,0,35786.54,0,0,35786.54,0,0,35786.54,0,0,35786.54,0,0,35786.54,0,0,35853.2,0,0,35853.2,0,0,35987.27,0,0,36054.68,0,0,35786.54,0,0,35786.54,0,0,35920.11,0,0,35920.11,0,0,35786.54,0,0,35786.54,0,0,35786.54,0,0,35786.54,0,0,35786.54,0,0,73706.96,0,0,35786.54,0,0,35786.54,9701.2,245.61,54051.6,0,0,36405.38,0,0,35920.11,0,0,36543.62,0,0,35786.54
1,0,0,2021-04-12,any_risk_factors,0,0,0,0,0,0,0,0,0,0,0,0,0,0,0,0,1,1,0,0,0,0,0,0,0,0,0,0,0,0,0,0,0,0,0,0,0,0,0,0,1,0,0,0,0,0,0,0,0,0,40004.85,0,0,39921.87,0,0,39921.87,0,0,41934.74,0,0,40730.45,0,0,41166,0,0,40340.22,0,0,42223.86,0,0,41166,0,0,41166,0,0,40171.83,0,0,40171.83,0,0,40171.83,0,0,40255.85,0,0,39921.87,0,0,39921.87,10922.55,276.53,60856.54,10945.46,277.12,60984.2,0,0,39921.87,0,0,39921.87,0,0,40004.85,0,0,39921.87,0,0,39921.87,0,0,39921.87,0,0,39921.87,0,0,39921.87,0,0,39921.87,0,0,39992.97,0,0,39992.97,0,0,40171.83,0,0,40255.85,0,0,39921.87,0,0,39921.87,0,0,40076.24,0,0,40076.24,0,0,39921.87,0,0,39921.87,0,0,39921.87,0,0,39921.87,0,0,39921.87,0,0,78747.12,0,0,39921.87,0,0,39921.87,10822.22,273.99,60297.56,0,0,40595.46,0,0,40076.24,0,0,40755.09,0,0,39921.87
1,0,0,2021-04-19,any_risk_factors,0,0,0,0,1,1,1,0,0,0,0,0,0,0,0,0,0,0,0,0,0,0,0,0,0,0,0,0,0,0,0,0,0,0,0,0,0,0,0,0,0,1,0,1,0,0,0,0,0,0,44074.69,0,0,44060.28,0,0,44060.28,0,0,45906.75,12130.52,307.12,67586.94,12260.83,310.42,68312.95,12094.37,306.2,67385.52,0,0,46524.97,0,0,44957.06,0,0,44957.06,0,0,44364.94,0,0,44364.94,0,0,44364.94,0,0,44467.43,0,0,44060.28,0,0,44060.28,0,0,44496.8,0,0,44511.5,0,0,44060.28,0,0,44060.28,0,0,44074.69,0,0,44060.28,0,0,44060.28,0,0,44060.28,0,0,44060.28,0,0,44060.28,0,0,44060.28,0,0,44060.28,0,0,44060.28,0,0,44364.94,0,0,44467.43,0,0,44060.28,0,0,44060.28,0,0,44074.69,0,0,44074.69,0,0,44060.28,0,0,44060.28,0,0,44060.28,0,0,44060.28,0,0,44060.28,0,0,82056.23,0,0,44060.28,0,0,44060.28,0,0,44060.28,12179.06,308.35,67857.38,0,0,44074.69,12183.12,308.45,67880.01,0,0,44060.28
1,0,0,2021-04-26,any_risk_factors,0,0,0,0,0,0,0,0,0,0,0,0,0,0,0,0,0,0,0,0,0,0,0,0,0,0,0,0,0,0,0,0,0,0,0,0,0,5,0,0,0,0,0,0,0,0,0,0,0,0,48536.14,0,0,48536.14,0,0,48536.14,0,0,50538.76,0,0,49353.96,0,0,49663.22,0,0,49102.16,0,0,50940.01,0,0,49281.76,0,0,49281.76,0,0,48906.11,0,0,48906.11,0,0,48906.11,0,0,49030.68,0,0,48536.14,0,0,48536.14,0,0,48906.11,0,0,48906.11,0,0,48536.14,0,0,48536.14,0,0,48536.14,0,0,48536.14,0,0,48536.14,0,0,48536.14,0,0,48536.14,0,0,48536.14,0,0,48536.14,0,0,48536.14,0,0,48536.14,0,0,48817.51,0,0,48817.51,0,0,48536.14,0,0,48536.14,0,0,48536.14,0,0,48536.14,0,0,48536.14,0,0,48536.14,0,0,48536.14,0,0,48536.14,0,0,48536.14,118051.07,38330.86,275491.81,0,0,48536.14,0,0,48536.14,0,0,48536.14,0,0,49390.15,0,0,48536.14,0,0,49390.15,0,0,48536.14
1,0,0,2021-05-03,any_risk_factors,0,0,0,0,1,2,1,1,0,0,1,1,1,0,0,0,0,0,0,0,0,0,0,0,0,0,0,0,0,0,0,0,0,0,0,0,0,1,0,0,0,1,0,1,0,0,0,0,0,0,53722.62,0,0,53722.62,0,0,53722.62,0,0,56000.13,14751.62,373.48,82190.74,29719.28,3599.14,107356.27,14721.89,372.73,82025.1,15269.65,386.59,85077.04,0,0,54637.6,0,0,54637.6,14710.03,372.43,81959.03,14710.03,372.43,81959.03,14710.03,372.43,81959.03,0,0,54285.38,0,0,53722.62,0,0,53722.62,0,0,54176.25,0,0,54176.25,0,0,53722.62,0,0,53722.62,0,0,53722.62,0,0,53722.62,0,0,53722.62,0,0,53722.62,0,0,53722.62,0,0,53722.62,0,0,53722.62,0,0,53722.62,0,0,53722.62,0,0,54024.19,0,0,54024.19,0,0,53722.62,0,0,53722.62,0,0,53722.62,0,0,53722.62,0,0,53722.62,0,0,53722.62,0,0,53722.62,0,0,53722.62,0,0,53722.62,25103.09,635.56,139865.48,0,0,53722.62,0,0,53722.62,0,0,53722.62,14805.43,374.84,82490.59,0,0,53722.62,14805.43,374.84,82490.59,0,0,53722.62
1,0,0,2021-05-10,any_risk_factors,0,0,0,0,1,1,0,1,0,0,0,0,0,0,0,0,0,0,0,0,0,0,0,0,0,0,0,0,0,0,0,0,0,0,0,0,0,0,0,0,0,0,0,0,0,0,0,0,0,0,59486.23,0,0,59486.23,0,0,59486.23,0,0,62061.87,16356.92,414.12,91134.92,16512.21,418.05,92000.12,0,0,60069.69,16870.67,427.13,93997.36,0,0,60474.11,0,0,60474.11,0,0,60042.92,0,0,60042.92,0,0,60042.92,0,0,60042.92,0,0,59486.23,0,0,59486.23,0,0,60042.92,0,0,60042.92,0,0,59486.23,0,0,59486.23,0,0,59486.23,0,0,59486.23,0,0,59486.23,0,0,59486.23,0,0,59486.23,0,0,59486.23,0,0,59486.23,0,0,59486.23,0,0,59486.23,0,0,59856.21,0,0,59856.21,0,0,59486.23,0,0,59486.23,0,0,59486.23,0,0,59486.23,0,0,59486.23,0,0,59486.23,0,0,59486.23,0,0,59486.23,0,0,59486.23,0,0,99952.76,0,0,59486.23,0,0,59486.23,0,0,59486.23,0,0,60446.98,0,0,59486.23,0,0,60446.98,0,0,59486.23
1,0,0,2021-05-17,any_risk_factors,0,0,0,0,0,0,0,0,0,0,0,0,0,0,0,0,0,0,0,0,0,0,0,0,0,0,0,0,0,0,0,0,0,0,0,0,0,3,0,0,0,0,0,0,0,0,0,0,0,0,66176.98,0,0,66176.98,0,0,66176.98,0,0,69060.13,0,0,67200.16,0,0,67911.45,0,0,66734.19,0,0,69131,0,0,67099.76,0,0,67099.76,0,0,66866.66,0,0,66866.66,0,0,66866.66,0,0,66866.66,0,0,66176.98,0,0,66176.98,0,0,66866.66,0,0,66866.66,0,0,66176.98,0,0,66176.98,0,0,66176.98,0,0,66176.98,0,0,66176.98,0,0,66176.98,0,0,66176.98,0,0,66176.98,0,0,66176.98,0,0,66176.98,0,0,66176.98,0,0,66635.17,0,0,66635.17,0,0,66176.98,0,0,66176.98,0,0,66176.98,0,0,66176.98,0,0,66176.98,0,0,66176.98,0,0,66176.98,0,0,66176.98,0,0,66176.98,86620.55,17863.24,253142.01,0,0,66176.98,0,0,66176.98,0,0,66176.98,0,0,67200.16,0,0,66176.98,0,0,67200.16,0,0,66176.98
1,0,0,2021-05-24,any_risk_factors,0,0,0,0,0,0,0,0,0,0,0,0,0,0,0,0,0,0,0,0,0,0,0,0,0,0,0,0,0,0,0,0,0,0,0,0,0,0,0,0,0,0,0,0,0,0,0,0,0,0,74770.43,0,0,74770.43,0,0,74770.43,0,0,77523.78,0,0,75865.05,0,0,76772.83,0,0,75355.88,0,0,77882.27,0,0,75950.58,0,0,75950.58,0,0,75355.88,0,0,75355.88,0,0,75355.88,0,0,75355.88,0,0,74770.43,0,0,74770.43,0,0,75652.06,0,0,75652.06,0,0,74770.43,0,0,74770.43,0,0,74770.43,0,0,74770.43,0,0,74770.43,0,0,74770.43,0,0,74770.43,0,0,74770.43,0,0,74770.43,0,0,74770.43,0,0,74770.43,0,0,75355.88,0,0,75355.88,0,0,74770.43,0,0,74770.43,0,0,74770.43,0,0,74770.43,0,0,74770.43,0,0,74770.43,0,0,74770.43,0,0,74770.43,0,0,74770.43,0,0,116857.17,0,0,74770.43,0,0,74770.43,0,0,74770.43,0,0,75950.58,0,0,74770.43,0,0,75950.58,0,0,74770.43
1,0,0,2021-05-31,any_risk_factors,0,0,0,1,0,0,0,0,0,0,0,0,0,0,0,0,0,0,0,0,0,0,0,0,0,0,0,0,0,0,0,0,0,0,0,0,0,0,0,0,0,0,0,0,0,0,0,0,0,0,82156.29,0,0,82156.29,0,0,82156.29,23146.39,586.02,128963.42,0,0,83221.94,0,0,84315.6,0,0,82863.67,0,0,85114.54,0,0,83583.33,0,0,83583.33,0,0,82863.67,0,0,82863.67,0,0,82863.67,0,0,82863.67,0,0,82156.29,0,0,82156.29,0,0,83221.94,0,0,83221.94,0,0,82156.29,0,0,82156.29,0,0,82156.29,0,0,82156.29,0,0,82156.29,0,0,82156.29,0,0,82156.29,0,0,82156.29,0,0,82156.29,0,0,82156.29,0,0,82156.29,0,0,82863.67,0,0,82863.67,0,0,82156.29,0,0,82156.29,0,0,82156.29,0,0,82156.29,0,0,82156.29,0,0,82156.29,0,0,82156.29,0,0,82156.29,0,0,82156.29,0,0,127591.21,0,0,82156.29,0,0,82156.29,0,0,82156.29,0,0,83583.33,0,0,82156.29,0,0,83583.33,0,0,82156.29
1,0,0,2021-06-07,any_risk_factors,0,0,0,0,0,0,0,0,0,0,0,0,0,0,0,0,1,1,0,0,0,0,0,0,0,0,0,0,0,0,0,0,0,0,0,0,0,0,0,0,0,0,0,0,0,0,0,0,0,0,94684.7,0,0,94684.7,0,0,94684.7,0,0,98780.29,0,0,95625.49,0,0,97072.28,0,0,95287.36,0,0,97705.82,0,0,96034.44,0,0,96034.44,0,0,95018.56,0,0,95018.56,0,0,95018.56,0,0,95018.56,0,0,94684.7,0,0,94684.7,25996.44,658.17,144842.9,25996.44,658.17,144842.9,0,0,94684.7,0,0,94684.7,0,0,94684.7,0,0,94684.7,0,0,94684.7,0,0,94684.7,0,0,94684.7,0,0,94684.7,0,0,94684.7,0,0,94684.7,0,0,94684.7,0,0,95625.49,0,0,95625.49,0,0,94684.7,0,0,94684.7,0,0,94684.7,0,0,94684.7,0,0,94684.7,0,0,94684.7,0,0,94684.7,0,0,94684.7,0,0,94684.7,0,0,142729.15,0,0,94684.7,0,0,94684.7,0,0,94684.7,0,0,96240.23,0,0,94684.7,0,0,96240.23,0,0,94684.7
1,0,0,2021-06-14,any_risk_factors,0,0,0,0,0,0,0,0,0,0,0,0,0,0,0,0,1,1,0,0,0,0,0,0,0,0,0,0,0,0,0,0,0,0,0,0,0,0,0,0,0,0,0,0,0,0,0,0,0,0,107875.36,0,0,107875.36,0,0,107875.36,0,0,112939.08,0,0,109098.24,0,0,110985.44,0,0,108483.35,0,0,111629.1,0,0,109098.24,0,0,109098.24,0,0,107875.36,0,0,107875.36,0,0,107875.36,0,0,107875.36,0,0,107875.36,0,0,107875.36,29840.69,755.5,166261.66,29840.69,755.5,166261.66,0,0,107875.36,0,0,107875.36,0,0,107875.36,0,0,107875.36,0,0,107875.36,0,0,107875.36,0,0,107875.36,0,0,107875.36,0,0,107875.36,0,0,107875.36,0,0,107875.36,0,0,109098.24,0,0,109098.24,0,0,107875.36,0,0,107875.36,0,0,107875.36,0,0,107875.36,0,0,107875.36,0,0,107875.36,0,0,107875.36,0,0,107875.36,0,0,107875.36,0,0,158700.03,0,0,107875.36,0,0,107875.36,0,0,107875.36,0,0,109720.13,0,0,107875.36,0,0,109720.13,0,0,107875.36
1,0,0,2021-06-21,any_risk_factors,0,0,0,0,0,0,0,0,0,0,0,0,0,0,0,0,0,0,0,0,0,0,0,0,0,0,0,0,0,0,0,0,0,0,0,0,0,1,0,0,0,0,0,0,0,0,0,0,0,0,119765.62,0,0,119765.62,0,0,119765.62,0,0,126039.59,0,0,121274.82,0,0,123611.3,0,0,120515.49,0,0,124180.94,0,0,121274.82,0,0,121274.82,0,0,119765.62,0,0,119765.62,0,0,119765.62,0,0,119765.62,0,0,119765.62,0,0,119765.62,0,0,122822.54,0,0,122822.54,0,0,119765.62,0,0,119765.62,0,0,119765.62,0,0,119765.62,0,0,119765.62,0,0,119765.62,0,0,119765.62,0,0,119765.62,0,0,119765.62,0,0,119765.62,0,0,119765.62,0,0,121274.82,0,0,121274.82,0,0,119765.62,0,0,119765.62,0,0,119765.62,0,0,119765.62,0,0,119765.62,0,0,119765.62,0,0,119765.62,0,0,119765.62,0,0,119765.62,47496.75,1202.51,264634.95,0,0,119765.62,0,0,119765.62,0,0,119765.62,0,0,122043.77,0,0,119765.62,0,0,122043.77,0,0,119765.62
1,0,0,2021-06-28,any_risk_factors,0,0,0,0,0,0,0,0,0,0,0,0,0,0,0,0,0,0,0,0,0,0,0,0,0,0,0,0,0,0,0,0,0,0,0,0,0,1,0,0,0,0,0,0,0,0,0,0,0,0,296776.04,0,0,296776.04,0,0,296776.04,0,0,313340.28,0,0,300750.72,0,0,306916.45,0,0,298750.16,0,0,306916.45,0,0,300750.72,0,0,300750.72,0,0,296776.04,0,0,296776.04,0,0,296776.04,0,0,296776.04,0,0,296776.04,0,0,296776.04,0,0,304833.31,0,0,304833.31,0,0,296776.04,0,0,296776.04,0,0,296776.04,0,0,296776.04,0,0,296776.04,0,0,296776.04,0,0,296776.04,0,0,296776.04,0,0,296776.04,0,0,296776.04,0,0,296776.04,0,0,300750.72,0,0,300750.72,0,0,296776.04,0,0,296776.04,0,0,296776.04,0,0,296776.04,0,0,296776.04,0,0,296776.04,0,0,296776.04,0,0,296776.04,0,0,296776.04,117822.58,2983.01,656465.4,0,0,296776.04,0,0,296776.04,0,0,296776.04,0,0,302778.25,0,0,296776.04,0,0,302778.25,0,0,296776.04
1,1,Pfizer,2021-06-21,any_risk_factors,0,0,0,0,0,0,0,0,0,0,0,0,0,0,0,0,0,0,0,0,0,0,0,0,0,0,0,0,0,0,0,0,0,0,0,0,0,0,0,0,0,0,0,0,0,0,0,0,0,0,130939.09,0,0,130939.09,0,0,130939.09,0,0,137486.04,0,0,134065.99,0,0,134065.99,0,0,132745.14,0,0,140643.34,0,0,138760.37,0,0,138760.37,0,0,132745.14,0,0,132745.14,0,0,132745.14,0,0,132745.14,0,0,130939.09,0,0,130939.09,0,0,132745.14,0,0,132745.14,0,0,130939.09,0,0,130939.09,0,0,130939.09,0,0,130939.09,0,0,130939.09,0,0,130939.09,0,0,130939.09,0,0,130939.09,0,0,130939.09,0,0,130939.09,0,0,130939.09,0,0,130939.09,0,0,130939.09,0,0,130939.09,0,0,130939.09,0,0,130939.09,0,0,130939.09,0,0,130939.09,0,0,130939.09,0,0,130939.09,0,0,130939.09,0,0,130939.09,0,0,311169.34,0,0,130939.09,0,0,130939.09,0,0,130939.09,0,0,132745.14,0,0,130939.09,0,0,132745.14,0,0,130939.09
1,1,Pfizer,2021-06-28,any_risk_factors,0,0,0,0,0,0,0,0,0,0,0,0,0,0,0,0,0,0,0,0,0,0,0,0,0,0,0,0,0,0,0,0,0,0,0,0,0,0,0,0,0,0,0,0,0,0,0,0,0,0,311889.63,0,0,311889.63,0,0,311889.63,0,0,325450.05,0,0,317774.34,0,0,317774.34,0,0,315541.74,0,0,330236.08,0,0,327825.6,0,0,327825.6,0,0,314070.68,0,0,314070.68,0,0,314070.68,0,0,314070.68,0,0,311889.63,0,0,311889.63,0,0,316282.45,0,0,316282.45,0,0,311889.63,0,0,311889.63,0,0,311889.63,0,0,311889.63,0,0,311889.63,0,0,311889.63,0,0,311889.63,0,0,311889.63,0,0,311889.63,0,0,311889.63,0,0,311889.63,0,0,311889.63,0,0,311889.63,0,0,311889.63,0,0,311889.63,0,0,311889.63,0,0,311889.63,0,0,311889.63,0,0,311889.63,0,0,311889.63,0,0,311889.63,0,0,311889.63,0,0,694517.12,0,0,311889.63,0,0,311889.63,0,0,311889.63,0,0,315541.74,0,0,311889.63,0,0,315541.74,0,0,311889.63
1,1,Pfizer,2021-06-14,any_risk_factors,0,0,0,0,0,0,0,0,0,0,0,0,0,0,0,0,0,0,0,0,0,0,0,0,0,0,0,0,0,0,0,0,0,0,0,0,0,0,0,0,0,0,0,0,0,0,0,0,0,0,139046.77,0,0,139046.77,0,0,139046.77,0,0,146452.52,0,0,143184.19,0,0,143184.19,0,0,141085.15,0,0,151049.69,0,0,148715.59,0,0,148715.59,0,0,141085.15,0,0,141085.15,0,0,141085.15,0,0,141085.15,0,0,139046.77,0,0,139046.77,0,0,141085.15,0,0,141085.15,0,0,139046.77,0,0,139046.77,0,0,139046.77,0,0,139046.77,0,0,139046.77,0,0,139046.77,0,0,139046.77,0,0,139046.77,0,0,139046.77,0,0,139046.77,0,0,139046.77,0,0,139046.77,0,0,139046.77,0,0,139046.77,0,0,139046.77,0,0,139046.77,0,0,139046.77,0,0,139046.77,0,0,139046.77,0,0,139046.77,0,0,139046.77,0,0,139046.77,0,0,341970.36,0,0,139046.77,0,0,139046.77,0,0,139046.77,0,0,141085.15,0,0,139046.77,0,0,141085.15,0,0,139046.77
1,1,Moderna,2021-05-03,any_risk_factors,0,0,0,0,0,0,0,0,0,0,0,0,0,0,0,0,0,0,0,0,0,0,0,0,0,0,0,0,0,0,0,0,0,0,0,0,0,0,0,0,0,0,0,0,0,0,0,0,0,0,847398.25,0,0,811664.59,0,0,811664.59,0,0,929216.01,0,0,880629.56,0,0,880629.56,0,0,847398.25,0,0,847398.25,0,0,811664.59,0,0,811664.59,0,0,821562.94,0,0,821562.94,0,0,821562.94,0,0,821562.94,0,0,811664.59,0,0,811664.59,0,0,847398.25,0,0,886423.17,0,0,811664.59,0,0,811664.59,0,0,847398.25,0,0,811664.59,0,0,811664.59,0,0,811664.59,0,0,811664.59,0,0,811664.59,0,0,811664.59,0,0,811664.59,0,0,811664.59,0,0,811664.59,0,0,847398.25,0,0,811664.59,0,0,811664.59,0,0,847398.25,0,0,847398.25,0,0,811664.59,0,0,811664.59,0,0,811664.59,0,0,811664.59,0,0,811664.59,0,0,2245605.37,0,0,811664.59,0,0,811664.59,0,0,811664.59,0,0,847398.25,0,0,847398.25,0,0,886423.17,0,0,811664.59
1,1,Moderna,2021-05-10,any_risk_factors,0,0,0,0,0,0,0,0,0,0,0,0,0,0,0,0,0,0,0,0,0,0,0,0,0,0,0,0,0,0,0,0,0,0,0,0,0,0,0,0,0,0,0,0,0,0,0,0,0,0,1036433.25,0,0,983476.8,0,0,983476.8,0,0,1095417.25,0,0,983476.8,0,0,983476.8,0,0,1036433.25,0,0,1036433.25,0,0,983476.8,0,0,983476.8,0,0,1036433.25,0,0,1036433.25,0,0,1036433.25,0,0,1036433.25,0,0,983476.8,0,0,983476.8,0,0,1036433.25,0,0,1095417.25,0,0,983476.8,0,0,983476.8,0,0,1036433.25,0,0,983476.8,0,0,983476.8,0,0,983476.8,0,0,983476.8,0,0,983476.8,0,0,983476.8,0,0,983476.8,0,0,983476.8,0,0,983476.8,0,0,1036433.25,0,0,983476.8,0,0,983476.8,0,0,1036433.25,0,0,1036433.25,0,0,983476.8,0,0,983476.8,0,0,983476.8,0,0,983476.8,0,0,983476.8,0,0,2010989.88,0,0,983476.8,0,0,983476.8,0,0,983476.8,0,0,1036433.25,0,0,1036433.25,0,0,1095417.25,0,0,983476.8
1,1,Moderna,2021-05-17,any_risk_factors,0,0,0,0,0,0,0,0,0,0,0,0,0,0,0,0,0,0,0,0,0,0,0,0,0,0,0,0,0,0,0,0,0,0,0,0,0,0,0,0,0,0,0,0,0,0,0,0,0,0,1044467.61,0,0,990708.25,0,0,990708.25,0,0,1122802.68,0,0,990708.25,0,0,990708.25,0,0,1044467.61,0,0,1044467.61,0,0,990708.25,0,0,990708.25,0,0,1044467.61,0,0,1044467.61,0,0,1044467.61,0,0,1044467.61,0,0,990708.25,0,0,990708.25,0,0,1044467.61,0,0,1104396.08,0,0,990708.25,0,0,990708.25,0,0,1044467.61,0,0,990708.25,0,0,990708.25,0,0,990708.25,0,0,990708.25,0,0,990708.25,0,0,990708.25,0,0,990708.25,0,0,990708.25,0,0,990708.25,0,0,1044467.61,0,0,990708.25,0,0,990708.25,0,0,1044467.61,0,0,1044467.61,0,0,990708.25,0,0,990708.25,0,0,990708.25,0,0,990708.25,0,0,990708.25,0,0,1684204.03,0,0,990708.25,0,0,990708.25,0,0,990708.25,0,0,1044467.61,0,0,1044467.61,0,0,1104396.08,0,0,990708.25
1,1,Moderna,2021-05-24,any_risk_factors,0,0,0,0,0,0,0,0,0,0,0,0,0,0,0,0,0,0,0,0,0,0,0,0,0,0,0,0,0,0,0,0,0,0,0,0,0,0,0,0,0,0,0,0,0,0,0,0,0,0,1086583.24,0,0,1028521.54,0,0,1028521.54,0,0,1171620.19,0,0,1028521.54,0,0,1028521.54,0,0,1044467.61,0,0,1044467.61,0,0,1028521.54,0,0,1028521.54,0,0,1086583.24,0,0,1086583.24,0,0,1086583.24,0,0,1086583.24,0,0,1028521.54,0,0,1028521.54,0,0,1028521.54,0,0,1086583.24,0,0,1028521.54,0,0,1028521.54,0,0,1086583.24,0,0,1028521.54,0,0,1028521.54,0,0,1028521.54,0,0,1028521.54,0,0,1028521.54,0,0,1028521.54,0,0,1028521.54,0,0,1028521.54,0,0,1028521.54,0,0,1044467.61,0,0,1028521.54,0,0,1028521.54,0,0,1086583.24,0,0,1086583.24,0,0,1028521.54,0,0,1028521.54,0,0,1028521.54,0,0,1028521.54,0,0,1028521.54,0,0,1513891.26,0,0,1028521.54,0,0,1028521.54,0,0,1028521.54,0,0,1044467.61,0,0,1086583.24,0,0,1104396.08,0,0,1028521.54
1,1,Moderna,2021-05-31,any_risk_factors,0,0,0,0,0,0,0,0,0,0,0,0,0,0,0,0,0,0,0,0,0,0,0,0,0,0,0,0,0,0,0,0,0,0,0,0,0,1,0,0,0,0,0,0,0,0,0,0,0,0,1060915.92,0,0,1005494.94,0,0,1005494.94,0,0,1132238,0,0,1005494.94,0,0,1005494.94,0,0,1005494.94,0,0,1005494.94,0,0,1005494.94,0,0,1005494.94,0,0,1060915.92,0,0,1060915.92,0,0,1060915.92,0,0,1060915.92,0,0,1005494.94,0,0,1005494.94,0,0,1005494.94,0,0,1060915.92,0,0,1005494.94,0,0,1005494.94,0,0,1060915.92,0,0,1005494.94,0,0,1005494.94,0,0,1005494.94,0,0,1005494.94,0,0,1005494.94,0,0,1005494.94,0,0,1005494.94,0,0,1005494.94,0,0,1005494.94,0,0,1005494.94,0,0,1005494.94,0,0,1005494.94,0,0,1060915.92,0,0,1060915.92,0,0,1005494.94,0,0,1005494.94,0,0,1005494.94,0,0,1005494.94,0,0,1005494.94,410393.26,10390.26,2286564.89,0,0,1005494.94,0,0,1005494.94,0,0,1005494.94,0,0,1005494.94,0,0,1060915.92,0,0,1060915.92,0,0,1005494.94
1,1,Pfizer,2021-06-07,any_risk_factors,0,0,0,0,0,0,0,0,0,0,0,0,0,0,0,0,0,0,0,0,0,0,0,0,0,0,0,0,0,0,0,0,0,0,0,0,0,0,0,0,0,0,0,0,0,0,0,0,0,0,160591.56,0,0,160591.56,0,0,160591.56,0,0,169907.09,0,0,166136.03,0,0,166136.03,0,0,162921.79,0,0,176356.44,0,0,172297.09,0,0,172297.09,0,0,162332.92,0,0,162332.92,0,0,162332.92,0,0,162332.92,0,0,160591.56,0,0,160591.56,0,0,163316.75,0,0,163316.75,0,0,160591.56,0,0,160591.56,0,0,160591.56,0,0,160591.56,0,0,160591.56,0,0,160591.56,0,0,160591.56,0,0,160591.56,0,0,160591.56,0,0,160591.56,0,0,160591.56,0,0,160591.56,0,0,160591.56,0,0,160591.56,0,0,160591.56,0,0,160591.56,0,0,160591.56,0,0,160591.56,0,0,160591.56,0,0,160591.56,0,0,160591.56,0,0,160591.56,0,0,415852.85,0,0,160591.56,0,0,160591.56,0,0,160591.56,0,0,162921.79,0,0,160591.56,0,0,162921.79,0,0,160591.56
1,1,Pfizer,2021-03-08,any_risk_factors,0,0,0,0,0,0,0,0,0,0,0,0,0,0,0,0,0,0,0,0,0,0,0,0,0,0,0,0,0,0,0,0,0,0,0,0,0,0,0,0,0,0,0,0,0,0,0,0,0,0,792566.6,0,0,792566.6,0,0,792566.6,0,0,892293.52,0,0,806804.32,0,0,811664.59,0,0,811664.59,0,0,929216.01,0,0,910380.55,0,0,910380.55,0,0,792566.6,0,0,792566.6,0,0,792566.6,0,0,792566.6,0,0,792566.6,0,0,792566.6,0,0,792566.6,0,0,792566.6,0,0,792566.6,0,0,792566.6,0,0,792566.6,0,0,792566.6,0,0,792566.6,0,0,792566.6,0,0,792566.6,0,0,792566.6,0,0,826603.2,0,0,792566.6,0,0,792566.6,0,0,792566.6,0,0,826603.2,0,0,792566.6,0,0,792566.6,0,0,792566.6,0,0,792566.6,0,0,792566.6,0,0,792566.6,0,0,792566.6,0,0,792566.6,0,0,792566.6,0,0,3849609.2,0,0,792566.6,0,0,826603.2,0,0,792566.6,0,0,811664.59,0,0,792566.6,0,0,811664.59,0,0,792566.6
1,1,Pfizer,2021-03-15,any_risk_factors,0,0,0,0,1,1,0,0,0,0,0,0,0,0,0,0,0,0,0,0,0,0,0,0,0,0,0,0,0,0,0,0,0,0,0,0,0,0,0,0,0,0,0,0,0,0,0,0,0,0,466215.65,0,0,466215.65,0,0,466215.65,0,0,526313.76,129521.28,3279.19,721646.36,129521.28,3279.19,721646.36,0,0,477788.38,0,0,541109.73,0,0,518216.62,0,0,518216.62,0,0,466215.65,0,0,466215.65,0,0,466215.65,0,0,466215.65,0,0,466215.65,0,0,466215.65,0,0,466215.65,0,0,466215.65,0,0,466215.65,0,0,466215.65,0,0,466215.65,0,0,466215.65,0,0,466215.65,0,0,466215.65,0,0,466215.65,0,0,466215.65,0,0,476100.08,0,0,466215.65,0,0,466215.65,0,0,466215.65,0,0,476100.08,0,0,466215.65,0,0,466215.65,0,0,466215.65,0,0,466215.65,0,0,466215.65,0,0,466215.65,0,0,466215.65,0,0,466215.65,0,0,466215.65,0,0,1772846.34,0,0,466215.65,0,0,476100.08,0,0,466215.65,0,0,477788.38,0,0,466215.65,0,0,477788.38,0,0,466215.65
1,1,Pfizer,2021-03-22,any_risk_factors,0,0,0,0,0,0,0,0,0,0,0,0,0,0,0,0,0,0,0,0,0,0,0,0,0,0,0,0,0,0,0,0,0,0,0,0,0,0,0,0,0,0,0,0,0,0,0,0,0,0,434633.3,0,0,434633.3,0,0,434633.3,0,0,476100.08,0,0,455190.28,0,0,455190.28,0,0,444674.33,0,0,482925.89,0,0,495354.13,0,0,495354.13,0,0,434633.3,0,0,434633.3,0,0,434633.3,0,0,434633.3,0,0,434633.3,0,0,434633.3,0,0,434633.3,0,0,434633.3,0,0,434633.3,0,0,434633.3,0,0,434633.3,0,0,434633.3,0,0,434633.3,0,0,434633.3,0,0,434633.3,0,0,434633.3,0,0,434633.3,0,0,434633.3,0,0,434633.3,0,0,434633.3,0,0,434633.3,0,0,434633.3,0,0,434633.3,0,0,434633.3,0,0,434633.3,0,0,434633.3,0,0,434633.3,0,0,434633.3,0,0,434633.3,0,0,434633.3,0,0,1663411.38,0,0,434633.3,0,0,434633.3,0,0,434633.3,0,0,444674.33,0,0,434633.3,0,0,444674.33,0,0,434633.3
1,1,Pfizer,2021-03-29,any_risk_factors,0,0,0,0,0,0,0,0,0,0,0,0,0,0,0,0,0,0,0,0,0,0,0,0,0,0,0,0,0,0,0,0,0,0,0,0,0,0,0,0,0,0,0,0,0,0,0,0,0,0,408291.89,0,0,408291.89,0,0,408291.89,0,0,431847.19,0,0,427734.36,0,0,434633.3,0,0,419739.32,0,0,458286.81,0,0,497182,0,0,497182,0,0,413301.6,0,0,413301.6,0,0,413301.6,0,0,413301.6,0,0,408291.89,0,0,408291.89,0,0,414573.3,0,0,414573.3,0,0,408291.89,0,0,408291.89,0,0,408291.89,0,0,408291.89,0,0,408291.89,0,0,408291.89,0,0,408291.89,0,0,408291.89,0,0,408291.89,0,0,408291.89,0,0,408291.89,0,0,408291.89,0,0,408291.89,0,0,408291.89,0,0,408291.89,0,0,408291.89,0,0,408291.89,0,0,408291.89,0,0,408291.89,0,0,408291.89,0,0,408291.89,0,0,408291.89,0,0,1705523.06,0,0,408291.89,0,0,408291.89,0,0,408291.89,0,0,419739.32,0,0,408291.89,0,0,419739.32,0,0,408291.89
1,1,Pfizer,2021-04-05,any_risk_factors,0,0,0,0,0,0,0,0,0,0,0,0,0,0,0,0,0,0,0,0,0,0,0,0,0,0,0,0,0,0,0,0,0,0,0,0,0,0,0,0,0,0,0,0,0,0,0,0,0,0,318525.58,0,0,318525.58,0,0,320038.77,0,0,327029.91,0,0,327029.91,0,0,332682.28,0,0,325450.05,0,0,338533.47,0,0,387173.34,0,0,387173.34,0,0,323885.39,0,0,323885.39,0,0,323885.39,0,0,323885.39,0,0,318525.58,0,0,318525.58,0,0,330236.08,0,0,330236.08,0,0,318525.58,0,0,318525.58,0,0,318525.58,0,0,318525.58,0,0,318525.58,0,0,318525.58,0,0,318525.58,0,0,318525.58,0,0,318525.58,0,0,318525.58,0,0,318525.58,0,0,318525.58,0,0,318525.58,0,0,318525.58,0,0,318525.58,0,0,318525.58,0,0,318525.58,0,0,318525.58,0,0,318525.58,0,0,318525.58,0,0,318525.58,0,0,318525.58,0,0,1464525.24,0,0,318525.58,0,0,318525.58,0,0,318525.58,0,0,325450.05,0,0,318525.58,0,0,325450.05,0,0,318525.58
1,1,Pfizer,2021-04-12,any_risk_factors,0,0,0,0,0,0,0,0,0,0,0,0,0,0,0,0,0,0,0,0,0,0,0,0,0,0,0,0,0,0,0,0,0,0,0,0,0,0,0,0,0,0,0,0,0,0,0,0,0,0,205704.31,0,0,205704.31,0,0,207926.42,0,0,215233.74,0,0,220879.22,0,0,223443.32,0,0,210197.07,0,0,219440.26,0,0,249050.5,0,0,249050.5,0,0,207926.42,0,0,207926.42,0,0,207926.42,0,0,207926.42,0,0,205704.31,0,0,205704.31,0,0,214890.47,0,0,214890.47,0,0,205704.31,0,0,205704.31,0,0,205704.31,0,0,205704.31,0,0,205704.31,0,0,205704.31,0,0,205704.31,0,0,205704.31,0,0,205704.31,0,0,206018.84,0,0,206018.84,0,0,205704.31,0,0,205704.31,0,0,205704.31,0,0,205704.31,0,0,206018.84,0,0,206018.84,0,0,205704.31,0,0,205704.31,0,0,205704.31,0,0,205704.31,0,0,205704.31,0,0,842102.01,0,0,205704.31,0,0,205704.31,0,0,205704.31,0,0,210197.07,0,0,206018.84,0,0,210525.5,0,0,205704.31
1,1,Pfizer,2021-04-19,any_risk_factors,0,0,0,0,0,0,0,0,1,1,0,0,0,0,0,0,0,0,0,0,0,0,0,0,0,0,0,0,0,0,0,0,0,0,0,0,0,1,0,0,0,0,0,0,0,0,0,0,0,0,171857.55,0,0,171857.55,0,0,173405.82,0,0,186099.89,0,0,187916.77,0,0,188971,0,0,174528.91,0,0,184066.01,56019.94,1418.3,312123.12,56019.94,1418.3,312123.12,0,0,172960.62,0,0,172960.62,0,0,172960.62,0,0,172960.62,0,0,171857.55,0,0,171857.55,0,0,178932.7,0,0,178932.7,0,0,171857.55,0,0,171857.55,0,0,171857.55,0,0,171857.55,0,0,171857.55,0,0,171857.55,0,0,171857.55,0,0,171857.55,0,0,171857.55,0,0,173405.82,0,0,173405.82,0,0,171857.55,0,0,171857.55,0,0,171857.55,0,0,171857.55,0,0,173405.82,0,0,173405.82,0,0,171857.55,0,0,171857.55,0,0,171857.55,0,0,171857.55,0,0,171857.55,201795.58,5109.02,1124333.01,0,0,171857.55,0,0,171857.55,0,0,171857.55,0,0,174528.91,0,0,173405.82,0,0,176125.91,0,0,171857.55
1,1,Pfizer,2021-04-26,any_risk_factors,0,0,0,0,0,0,0,0,0,0,0,0,0,0,0,0,0,0,0,0,0,0,0,0,0,0,0,0,0,0,0,0,0,0,0,0,0,1,0,0,0,0,0,0,0,0,0,0,0,0,173629.28,0,0,173629.28,0,0,174982.24,0,0,187655.04,0,0,188442.41,0,0,193308.93,0,0,174982.24,0,0,187655.04,0,0,207286.65,0,0,207286.65,0,0,173629.28,0,0,173629.28,0,0,173629.28,0,0,173629.28,0,0,173629.28,0,0,173629.28,0,0,177752.4,0,0,177752.4,0,0,173629.28,0,0,173629.28,0,0,173629.28,0,0,173629.28,0,0,173629.28,0,0,173629.28,0,0,173629.28,0,0,173629.28,0,0,173629.28,0,0,175209.78,0,0,175209.78,0,0,174755.28,0,0,174755.28,0,0,173629.28,0,0,173629.28,0,0,175209.78,0,0,175209.78,0,0,173629.28,0,0,173629.28,0,0,173629.28,0,0,173629.28,0,0,173629.28,191230.37,4841.53,1065467.41,0,0,173629.28,0,0,173629.28,0,0,173629.28,0,0,176125.91,0,0,175209.78,0,0,177752.4,0,0,173629.28
1,1,Pfizer,2021-05-03,any_risk_factors,0,0,0,0,0,0,0,0,0,0,0,0,0,0,0,0,0,0,0,0,0,0,0,0,0,0,0,0,0,0,0,0,0,0,0,0,0,0,0,0,0,0,0,0,0,0,0,0,0,0,195270.03,0,0,195270.03,0,0,195270.03,0,0,210197.07,0,0,207926.42,0,0,214890.47,0,0,196695.36,0,0,212853.59,0,0,225311.58,0,0,225311.58,0,0,195270.03,0,0,195270.03,0,0,195270.03,0,0,195270.03,0,0,195270.03,0,0,195270.03,0,0,199314.09,0,0,199314.09,0,0,195270.03,0,0,195270.03,0,0,195270.03,0,0,195270.03,0,0,195270.03,0,0,195270.03,0,0,195270.03,0,0,195270.03,0,0,195270.03,0,0,195837.68,0,0,195837.68,0,0,197271.34,0,0,197271.34,0,0,195270.03,0,0,195270.03,0,0,195837.68,0,0,195837.68,0,0,195270.03,0,0,195270.03,0,0,195270.03,0,0,195270.03,0,0,195270.03,0,0,765547.28,0,0,195270.03,0,0,195270.03,0,0,195270.03,0,0,198726.14,0,0,195837.68,0,0,199314.09,0,0,195270.03
1,1,Pfizer,2021-05-10,any_risk_factors,0,0,0,0,0,0,1,1,0,0,0,0,0,0,0,0,0,0,0,0,0,0,0,0,0,0,0,0,0,0,0,0,0,0,0,0,0,1,0,0,0,1,0,1,0,0,0,0,0,0,204455.72,0,0,204455.72,0,0,204455.72,0,0,215578.12,0,0,210854.96,0,0,217667.73,56804.04,1438.15,316491.87,61283.56,1551.57,341450.13,0,0,223814.49,0,0,223814.49,0,0,204455.72,0,0,204455.72,0,0,204455.72,0,0,204455.72,0,0,204455.72,0,0,204455.72,0,0,206650.8,0,0,206650.8,0,0,204455.72,0,0,204455.72,0,0,204455.72,0,0,204455.72,0,0,204455.72,0,0,204455.72,0,0,204455.72,0,0,204455.72,0,0,204455.72,0,0,204455.72,0,0,204455.72,0,0,206650.8,0,0,206650.8,0,0,204455.72,0,0,204455.72,0,0,204455.72,0,0,204455.72,0,0,204455.72,0,0,204455.72,0,0,204455.72,0,0,204455.72,0,0,204455.72,190234.38,4816.32,1059918.1,0,0,204455.72,0,0,204455.72,0,0,204455.72,57429.25,1453.98,319975.27,0,0,204455.72,57429.25,1453.98,319975.27,0,0,204455.72
1,1,Pfizer,2021-05-17,any_risk_factors,0,0,0,0,0,1,0,0,1,1,0,0,0,0,0,0,0,0,0,0,0,0,0,0,0,0,0,0,0,0,0,0,0,0,0,0,0,0,0,0,0,0,0,0,0,0,0,0,0,0,214548.28,0,0,214548.28,0,0,214548.28,0,0,228754.37,0,0,222337.17,60672.76,1536.1,338046.97,0,0,222704.66,0,0,240171.7,63521.74,1608.23,353920.48,63521.74,1608.23,353920.48,0,0,214548.28,0,0,214548.28,0,0,214548.28,0,0,214548.28,0,0,214548.28,0,0,214548.28,0,0,216966.7,0,0,216966.7,0,0,214548.28,0,0,214548.28,0,0,214548.28,0,0,214548.28,0,0,214548.28,0,0,214548.28,0,0,214548.28,0,0,214548.28,0,0,214548.28,0,0,214548.28,0,0,214548.28,0,0,214890.47,0,0,214890.47,0,0,214548.28,0,0,214548.28,0,0,214548.28,0,0,214548.28,0,0,214548.28,0,0,214548.28,0,0,214548.28,0,0,214548.28,0,0,214548.28,0,0,787931.71,0,0,214548.28,0,0,214548.28,0,0,214548.28,0,0,223073.38,0,0,214548.28,0,0,223073.38,0,0,214548.28
1,1,Pfizer,2021-05-24,any_risk_factors,0,0,0,0,0,0,0,0,0,0,0,0,0,0,0,0,0,0,0,0,0,0,0,0,0,0,0,0,0,0,0,0,0,0,0,0,0,2,0,0,0,0,0,0,0,0,0,0,0,0,187655.04,0,0,187655.04,0,0,187655.04,0,0,200202.56,0,0,192205.88,0,0,192205.88,0,0,191659.06,0,0,206650.8,0,0,201399.58,0,0,201399.58,0,0,189502.56,0,0,189502.56,0,0,189502.56,0,0,189502.56,0,0,187655.04,0,0,187655.04,0,0,189502.56,0,0,189502.56,0,0,187655.04,0,0,187655.04,0,0,187655.04,0,0,187655.04,0,0,187655.04,0,0,187655.04,0,0,187655.04,0,0,187655.04,0,0,187655.04,0,0,187655.04,0,0,187655.04,0,0,187655.04,0,0,187655.04,0,0,187655.04,0,0,187655.04,0,0,187655.04,0,0,187655.04,0,0,187655.04,0,0,187655.04,0,0,187655.04,0,0,187655.04,0,0,187655.04,338194.44,40956.92,1221674.62,0,0,187655.04,0,0,187655.04,0,0,187655.04,0,0,191659.06,0,0,187655.04,0,0,191659.06,0,0,187655.04
1,1,Pfizer,2021-05-31,any_risk_factors,0,0,0,0,0,0,0,0,0,0,0,0,0,0,0,0,0,0,0,0,0,0,0,0,0,0,0,0,0,0,0,0,0,0,0,0,0,0,0,0,0,0,0,0,0,0,0,0,0,0,196122.74,0,0,196122.74,0,0,196122.74,0,0,208893.52,0,0,202306.79,0,0,202306.79,0,0,198141.65,0,0,215923.59,0,0,211185.46,0,0,211185.46,0,0,198141.65,0,0,198141.65,0,0,198141.65,0,0,198141.65,0,0,196122.74,0,0,196122.74,0,0,198141.65,0,0,198141.65,0,0,196122.74,0,0,196122.74,0,0,196122.74,0,0,196122.74,0,0,196122.74,0,0,196122.74,0,0,196122.74,0,0,196122.74,0,0,196122.74,0,0,196122.74,0,0,196122.74,0,0,196122.74,0,0,196122.74,0,0,196122.74,0,0,196122.74,0,0,196122.74,0,0,196122.74,0,0,196122.74,0,0,196122.74,0,0,196122.74,0,0,196122.74,0,0,196122.74,0,0,580760.01,0,0,196122.74,0,0,196122.74,0,0,196122.74,0,0,198141.65,0,0,196122.74,0,0,198141.65,0,0,196122.74
1,1,Pfizer,2021-01-18,any_risk_factors,0,0,0,0,0,0,0,0,0,0,0,0,0,0,0,0,0,0,0,0,0,0,0,0,0,0,0,0,0,0,0,0,0,0,0,0,0,0,0,0,0,0,0,0,0,0,0,0,0,0,1104396.08,0,0,1104396.08,0,0,1104396.08,0,0,1247558.54,0,0,1104396.08,0,0,1171620.19,0,0,1171620.19,0,0,1247558.54,0,0,1247558.54,0,0,1247558.54,0,0,1104396.08,0,0,1104396.08,0,0,1104396.08,0,0,1104396.08,0,0,1104396.08,0,0,1104396.08,0,0,1171620.19,0,0,1171620.19,0,0,1104396.08,0,0,1104396.08,0,0,1104396.08,0,0,1104396.08,0,0,1104396.08,0,0,1104396.08,0,0,1104396.08,0,0,1104396.08,0,0,1104396.08,0,0,1104396.08,0,0,1104396.08,0,0,1104396.08,0,0,1104396.08,0,0,1104396.08,0,0,1104396.08,0,0,1104396.08,0,0,1104396.08,0,0,1104396.08,0,0,1104396.08,0,0,1104396.08,0,0,1104396.08,0,0,1104396.08,0,0,2807006.71,0,0,1104396.08,0,0,1104396.08,0,0,1104396.08,0,0,1171620.19,0,0,1104396.08,0,0,1171620.19,0,0,1104396.08
1,1,Pfizer,2021-01-25,any_risk_factors,0,0,0,0,0,0,0,0,0,0,0,0,0,0,0,0,0,0,0,0,0,0,0,0,0,0,0,0,0,0,0,0,0,0,0,0,0,0,0,0,0,0,0,0,0,0,0,0,0,0,1389034.25,0,0,1389034.25,0,0,1389034.25,0,0,1548693.36,0,0,1389034.25,0,0,1418277.07,0,0,1497070.25,0,0,1623329.18,0,0,1623329.18,0,0,1623329.18,0,0,1389034.25,0,0,1389034.25,0,0,1389034.25,0,0,1389034.25,0,0,1389034.25,0,0,1389034.25,0,0,1497070.25,0,0,1497070.25,0,0,1389034.25,0,0,1389034.25,0,0,1389034.25,0,0,1389034.25,0,0,1389034.25,0,0,1389034.25,0,0,1389034.25,0,0,1389034.25,0,0,1389034.25,0,0,1389034.25,0,0,1389034.25,0,0,1389034.25,0,0,1389034.25,0,0,1389034.25,0,0,1389034.25,0,0,1389034.25,0,0,1389034.25,0,0,1389034.25,0,0,1389034.25,0,0,1389034.25,0,0,1389034.25,0,0,1389034.25,0,0,2994140.49,0,0,1389034.25,0,0,1389034.25,0,0,1389034.25,0,0,1497070.25,0,0,1389034.25,0,0,1497070.25,0,0,1389034.25
1,1,Pfizer,2021-02-01,any_risk_factors,0,0,0,0,0,0,0,0,0,0,0,0,0,0,0,0,0,0,0,0,0,0,0,0,0,0,0,0,0,0,0,0,0,0,0,0,0,0,0,0,0,0,0,0,0,0,0,0,0,0,3133402.84,0,0,3133402.84,0,0,3133402.84,0,0,3454777.49,0,0,3133402.84,0,0,3133402.84,0,0,3454777.49,0,0,4210510.06,0,0,4646080.07,0,0,4646080.07,0,0,3133402.84,0,0,3133402.84,0,0,3133402.84,0,0,3133402.84,0,0,3133402.84,0,0,3133402.84,0,0,3454777.49,0,0,3454777.49,0,0,3133402.84,0,0,3133402.84,0,0,3133402.84,0,0,3133402.84,0,0,3133402.84,0,0,3133402.84,0,0,3133402.84,0,0,3133402.84,0,0,3133402.84,0,0,3133402.84,0,0,3133402.84,0,0,3133402.84,0,0,3133402.84,0,0,3133402.84,0,0,3133402.84,0,0,3133402.84,0,0,3133402.84,0,0,3133402.84,0,0,3133402.84,0,0,3133402.84,0,0,3133402.84,0,0,3133402.84,0,0,8982421.47,0,0,3133402.84,0,0,3133402.84,0,0,3133402.84,0,0,3454777.49,0,0,3133402.84,0,0,3454777.49,0,0,3133402.84
1,2,Moderna,2021-05-31,any_risk_factors,0,0,0,0,0,0,0,0,0,0,0,0,0,0,0,0,1,1,0,0,0,0,0,0,0,0,0,0,0,0,0,0,0,0,0,0,0,0,0,0,0,0,0,0,0,0,0,0,0,0,410781.47,0,0,419739.32,0,0,410781.47,0,0,482925.89,0,0,459850.93,0,0,482925.89,0,0,438880.53,0,0,449121.07,0,0,459850.93,0,0,459850.93,0,0,410781.47,0,0,410781.47,0,0,410781.47,0,0,410781.47,0,0,410781.47,0,0,410781.47,115220.82,2917.14,641969.32,115220.82,2917.14,641969.32,0,0,410781.47,0,0,410781.47,0,0,410781.47,0,0,410781.47,0,0,410781.47,0,0,410781.47,0,0,410781.47,0,0,410781.47,0,0,410781.47,0,0,410781.47,0,0,410781.47,0,0,410781.47,0,0,419739.32,0,0,410781.47,0,0,410781.47,0,0,410781.47,0,0,410781.47,0,0,410781.47,0,0,410781.47,0,0,410781.47,0,0,410781.47,0,0,410781.47,0,0,1347363.22,0,0,410781.47,0,0,410781.47,0,0,410781.47,0,0,438880.53,0,0,410781.47,0,0,438880.53,0,0,410781.47
1,2,Moderna,2021-06-07,any_risk_factors,0,0,0,1,0,0,0,0,0,0,0,0,0,0,0,0,0,0,0,0,0,0,0,0,0,0,0,0,0,0,0,0,0,0,0,0,0,1,0,0,0,0,0,0,0,0,0,0,0,0,392817.27,0,0,401000.96,0,0,392817.27,124234.69,3145.35,692191.41,0,0,437455.59,0,0,458286.81,0,0,418435.78,0,0,427734.36,0,0,437455.59,0,0,437455.59,0,0,392817.27,0,0,392817.27,0,0,392817.27,0,0,392817.27,0,0,392817.27,0,0,392817.27,0,0,409532.89,0,0,409532.89,0,0,392817.27,0,0,392817.27,0,0,392817.27,0,0,392817.27,0,0,392817.27,0,0,392817.27,0,0,392817.27,0,0,392817.27,0,0,392817.27,0,0,392817.27,0,0,392817.27,0,0,392817.27,0,0,401000.96,0,0,392817.27,0,0,392817.27,0,0,392817.27,0,0,392817.27,0,0,392817.27,0,0,392817.27,0,0,392817.27,0,0,392817.27,0,0,392817.27,351201.92,8891.66,1956771.87,0,0,392817.27,0,0,392817.27,0,0,392817.27,0,0,418435.78,0,0,392817.27,0,0,418435.78,0,0,392817.27
1,2,Moderna,2021-06-14,any_risk_factors,0,0,0,0,0,0,0,0,0,0,0,0,0,0,0,0,0,0,0,0,0,0,0,0,0,0,0,0,0,0,0,0,0,0,0,0,0,0,0,0,0,0,0,0,0,0,0,0,0,0,392817.27,0,0,401000.96,0,0,392817.27,0,0,469464.54,0,0,437455.59,0,0,458286.81,0,0,418435.78,0,0,427734.36,0,0,437455.59,0,0,437455.59,0,0,392817.27,0,0,392817.27,0,0,392817.27,0,0,392817.27,0,0,392817.27,0,0,392817.27,0,0,409532.89,0,0,409532.89,0,0,392817.27,0,0,392817.27,0,0,392817.27,0,0,392817.27,0,0,392817.27,0,0,392817.27,0,0,392817.27,0,0,392817.27,0,0,392817.27,0,0,392817.27,0,0,392817.27,0,0,392817.27,0,0,401000.96,0,0,392817.27,0,0,392817.27,0,0,392817.27,0,0,392817.27,0,0,392817.27,0,0,392817.27,0,0,392817.27,0,0,392817.27,0,0,392817.27,0,0,1374860.43,0,0,392817.27,0,0,392817.27,0,0,392817.27,0,0,418435.78,0,0,392817.27,0,0,418435.78,0,0,392817.27
1,2,Moderna,2021-06-21,any_risk_factors,0,0,0,0,0,0,0,0,0,0,0,0,0,0,0,0,0,0,0,0,0,0,0,0,0,0,0,0,0,0,0,0,0,0,0,0,0,0,0,0,0,0,0,0,0,0,0,0,0,0,384960.92,0,0,392817.27,0,0,384960.92,0,0,458286.81,0,0,427734.36,0,0,447628.98,0,0,409532.89,0,0,418435.78,0,0,427734.36,0,0,427734.36,0,0,384960.92,0,0,384960.92,0,0,384960.92,0,0,384960.92,0,0,384960.92,0,0,384960.92,0,0,401000.96,0,0,401000.96,0,0,384960.92,0,0,384960.92,0,0,384960.92,0,0,384960.92,0,0,384960.92,0,0,384960.92,0,0,384960.92,0,0,384960.92,0,0,384960.92,0,0,384960.92,0,0,384960.92,0,0,384960.92,0,0,392817.27,0,0,384960.92,0,0,384960.92,0,0,384960.92,0,0,384960.92,0,0,384960.92,0,0,384960.92,0,0,384960.92,0,0,384960.92,0,0,384960.92,0,0,1283203.07,0,0,384960.92,0,0,384960.92,0,0,384960.92,0,0,409532.89,0,0,384960.92,0,0,409532.89,0,0,384960.92
1,2,Moderna,2021-06-28,any_risk_factors,0,0,0,0,0,0,0,0,0,0,0,0,0,0,0,0,0,0,0,0,0,0,0,0,0,0,0,0,0,0,0,0,0,0,0,0,0,0,0,0,0,0,0,0,0,0,0,0,0,0,874911.18,0,0,892293.52,0,0,874911.18,0,0,1036433.25,0,0,969326.06,0,0,1013055.05,0,0,929216.01,0,0,948847.34,0,0,969326.06,0,0,969326.06,0,0,874911.18,0,0,874911.18,0,0,874911.18,0,0,874911.18,0,0,874911.18,0,0,874911.18,0,0,910380.55,0,0,910380.55,0,0,874911.18,0,0,874911.18,0,0,874911.18,0,0,874911.18,0,0,874911.18,0,0,874911.18,0,0,874911.18,0,0,874911.18,0,0,874911.18,0,0,874911.18,0,0,874911.18,0,0,874911.18,0,0,892293.52,0,0,874911.18,0,0,874911.18,0,0,874911.18,0,0,874911.18,0,0,874911.18,0,0,874911.18,0,0,874911.18,0,0,874911.18,0,0,874911.18,0,0,2749720.86,0,0,874911.18,0,0,874911.18,0,0,874911.18,0,0,929216.01,0,0,874911.18,0,0,929216.01,0,0,874911.18
1,2,Pfizer,2021-06-14,any_risk_factors,0,0,0,0,0,0,0,0,0,0,0,0,0,0,0,0,0,0,0,0,0,0,0,0,0,0,0,0,0,0,0,0,0,0,0,0,0,3,0,0,0,0,0,0,0,0,0,0,0,0,82056.23,0,0,82056.23,0,0,82056.23,0,0,87264.46,0,0,86870.61,0,0,89704.61,0,0,84580.24,0,0,90548.6,0,0,92285.15,0,0,92285.15,0,0,82407.54,0,0,82407.54,0,0,82407.54,0,0,82407.54,0,0,82056.23,0,0,82056.23,0,0,83479.75,0,0,83479.75,0,0,82056.23,0,0,82056.23,0,0,82056.23,0,0,82056.23,0,0,82056.23,0,0,82056.23,0,0,82056.23,0,0,82056.23,0,0,82407.54,0,0,82761.87,0,0,82761.87,0,0,82407.54,0,0,82761.87,0,0,82056.23,0,0,82056.23,0,0,82407.54,0,0,82407.54,0,0,82056.23,0,0,82056.23,0,0,82056.23,0,0,82056.23,0,0,82056.23,339241.49,69959.75,991407.58,0,0,82056.23,0,0,82407.54,0,0,82056.23,0,0,84953.54,0,0,82407.54,0,0,85330.16,0,0,82056.23
1,2,Pfizer,2021-06-21,any_risk_factors,0,0,0,0,0,0,0,0,0,0,0,0,0,0,0,0,0,0,0,0,0,0,0,0,0,0,0,0,0,0,0,0,0,0,0,0,0,1,0,0,0,0,0,0,0,0,0,0,0,0,80487.65,0,0,80487.65,0,0,80487.65,0,0,85492.59,0,0,85330.16,0,0,88062.96,0,0,82914.66,0,0,88993.61,0,0,90609.5,0,0,90609.5,0,0,80825.63,0,0,80825.63,0,0,80825.63,0,0,80825.63,0,0,80487.65,0,0,80487.65,0,0,81856.82,0,0,81856.82,0,0,80487.65,0,0,80487.65,0,0,80487.65,0,0,80487.65,0,0,80487.65,0,0,80487.65,0,0,80487.65,0,0,80487.65,0,0,80825.63,0,0,81166.46,0,0,81166.46,0,0,80825.63,0,0,81166.46,0,0,80487.65,0,0,80487.65,0,0,80825.63,0,0,80825.63,0,0,80487.65,0,0,80487.65,0,0,80487.65,0,0,80487.65,0,0,80487.65,114498.43,2898.85,637944.44,0,0,80487.65,0,0,80825.63,0,0,80487.65,0,0,83273.38,0,0,80825.63,0,0,83635.21,0,0,80487.65
1,2,Pfizer,2021-06-28,any_risk_factors,0,0,0,0,0,0,0,0,0,0,0,0,0,0,0,0,0,0,0,0,0,0,0,0,0,0,0,0,0,0,0,0,0,0,0,0,0,0,0,0,0,0,0,0,0,0,0,0,0,0,181340.94,0,0,181340.94,0,0,181340.94,0,0,192755.83,0,0,192205.88,0,0,198141.65,0,0,186615.4,0,0,201399.58,0,0,204455.72,0,0,204455.72,0,0,182076.11,0,0,182076.11,0,0,182076.11,0,0,182076.11,0,0,181340.94,0,0,181340.94,0,0,184317.81,0,0,184317.81,0,0,181340.94,0,0,181340.94,0,0,181340.94,0,0,181340.94,0,0,181340.94,0,0,181340.94,0,0,181340.94,0,0,181340.94,0,0,182076.11,0,0,182817.26,0,0,182817.26,0,0,182076.11,0,0,182817.26,0,0,181340.94,0,0,181340.94,0,0,182076.11,0,0,182076.11,0,0,181340.94,0,0,181340.94,0,0,181340.94,0,0,181340.94,0,0,181340.94,0,0,955576.75,0,0,181340.94,0,0,182076.11,0,0,181340.94,0,0,187394.05,0,0,182076.11,0,0,188179.22,0,0,181340.94
1,2,Pfizer,2021-02-01,any_risk_factors,0,0,0,0,0,0,0,0,0,0,0,0,0,0,0,0,0,0,0,0,0,0,0,0,0,0,0,0,0,0,0,0,0,0,0,0,0,0,0,0,0,0,0,0,0,0,0,0,0,0,1772846.34,0,0,1772846.34,0,0,1772846.34,0,0,2041459.43,0,0,1772846.34,0,0,1952700.32,0,0,1845703.04,0,0,1845703.04,0,0,1772846.34,0,0,1772846.34,0,0,1772846.34,0,0,1772846.34,0,0,1772846.34,0,0,1772846.34,0,0,1772846.34,0,0,1772846.34,0,0,1845703.04,0,0,1845703.04,0,0,1772846.34,0,0,1772846.34,0,0,1772846.34,0,0,1772846.34,0,0,1772846.34,0,0,1772846.34,0,0,1772846.34,0,0,1772846.34,0,0,1772846.34,0,0,1772846.34,0,0,1772846.34,0,0,1772846.34,0,0,1772846.34,0,0,1772846.34,0,0,1772846.34,0,0,1772846.34,0,0,1772846.34,0,0,1772846.34,0,0,1772846.34,0,0,1772846.34,0,0,1772846.34,0,0,1772846.34,0,0,3962833,0,0,1772846.34,0,0,1772846.34,0,0,1772846.34,0,0,1845703.04,0,0,1772846.34,0,0,1845703.04,0,0,1772846.34
1,2,Pfizer,2021-02-08,any_risk_factors,0,0,0,0,0,0,0,0,0,0,0,0,0,0,0,0,0,0,0,0,0,0,0,0,0,0,0,0,0,0,0,0,0,0,0,0,0,0,0,0,0,0,0,0,0,0,0,0,0,0,1283203.07,0,0,1283203.07,0,0,1283203.07,0,0,1480618.92,0,0,1283203.07,0,0,1374860.43,0,0,1374860.43,0,0,1374860.43,0,0,1283203.07,0,0,1283203.07,0,0,1283203.07,0,0,1283203.07,0,0,1283203.07,0,0,1283203.07,0,0,1283203.07,0,0,1283203.07,0,0,1374860.43,0,0,1374860.43,0,0,1283203.07,0,0,1283203.07,0,0,1283203.07,0,0,1283203.07,0,0,1283203.07,0,0,1283203.07,0,0,1283203.07,0,0,1283203.07,0,0,1283203.07,0,0,1283203.07,0,0,1283203.07,0,0,1283203.07,0,0,1283203.07,0,0,1283203.07,0,0,1283203.07,0,0,1283203.07,0,0,1283203.07,0,0,1283203.07,0,0,1283203.07,0,0,1283203.07,0,0,1283203.07,0,0,1283203.07,0,0,2749720.86,0,0,1283203.07,0,0,1283203.07,0,0,1283203.07,0,0,1374860.43,0,0,1283203.07,0,0,1374860.43,0,0,1283203.07
1,2,Pfizer,2021-02-15,any_risk_factors,0,0,0,0,0,0,0,0,0,0,0,0,0,0,0,0,0,0,0,0,0,0,0,0,0,0,0,0,0,0,0,0,0,0,0,0,0,0,0,0,0,0,0,0,0,0,0,0,0,0,1283203.07,0,0,1283203.07,0,0,1283203.07,0,0,1480618.92,0,0,1283203.07,0,0,1374860.43,0,0,1374860.43,0,0,1374860.43,0,0,1283203.07,0,0,1283203.07,0,0,1283203.07,0,0,1283203.07,0,0,1283203.07,0,0,1283203.07,0,0,1283203.07,0,0,1283203.07,0,0,1374860.43,0,0,1374860.43,0,0,1283203.07,0,0,1283203.07,0,0,1283203.07,0,0,1283203.07,0,0,1283203.07,0,0,1283203.07,0,0,1283203.07,0,0,1283203.07,0,0,1283203.07,0,0,1283203.07,0,0,1283203.07,0,0,1283203.07,0,0,1283203.07,0,0,1283203.07,0,0,1283203.07,0,0,1283203.07,0,0,1283203.07,0,0,1283203.07,0,0,1283203.07,0,0,1283203.07,0,0,1283203.07,0,0,1283203.07,0,0,2749720.86,0,0,1283203.07,0,0,1283203.07,0,0,1283203.07,0,0,1374860.43,0,0,1283203.07,0,0,1374860.43,0,0,1283203.07
1,2,Pfizer,2021-02-22,any_risk_factors,0,0,0,0,0,0,0,0,0,0,0,0,0,0,0,0,0,0,0,0,0,0,0,0,0,0,0,0,0,0,0,0,0,0,0,0,0,0,0,0,0,0,0,0,0,0,0,0,0,0,1283203.07,0,0,1283203.07,0,0,1283203.07,0,0,1480618.92,0,0,1283203.07,0,0,1374860.43,0,0,1374860.43,0,0,1374860.43,0,0,1283203.07,0,0,1283203.07,0,0,1283203.07,0,0,1283203.07,0,0,1283203.07,0,0,1283203.07,0,0,1283203.07,0,0,1283203.07,0,0,1374860.43,0,0,1374860.43,0,0,1283203.07,0,0,1283203.07,0,0,1283203.07,0,0,1283203.07,0,0,1283203.07,0,0,1283203.07,0,0,1283203.07,0,0,1283203.07,0,0,1283203.07,0,0,1283203.07,0,0,1283203.07,0,0,1283203.07,0,0,1283203.07,0,0,1283203.07,0,0,1283203.07,0,0,1283203.07,0,0,1283203.07,0,0,1283203.07,0,0,1283203.07,0,0,1283203.07,0,0,1283203.07,0,0,1283203.07,0,0,2749720.86,0,0,1283203.07,0,0,1283203.07,0,0,1283203.07,0,0,1374860.43,0,0,1283203.07,0,0,1374860.43,0,0,1283203.07
1,2,Pfizer,2021-03-01,any_risk_factors,0,0,0,0,0,0,0,0,0,0,0,0,0,0,0,0,0,0,0,0,0,0,0,0,0,0,0,0,0,0,0,0,0,0,0,0,0,1,0,0,0,0,0,0,0,0,0,0,0,0,1171620.19,0,0,1171620.19,0,0,1171620.19,0,0,1334022.99,0,0,1171620.19,0,0,1247558.54,0,0,1247558.54,0,0,1247558.54,0,0,1171620.19,0,0,1171620.19,0,0,1171620.19,0,0,1171620.19,0,0,1171620.19,0,0,1171620.19,0,0,1171620.19,0,0,1171620.19,0,0,1247558.54,0,0,1247558.54,0,0,1171620.19,0,0,1171620.19,0,0,1171620.19,0,0,1171620.19,0,0,1171620.19,0,0,1171620.19,0,0,1171620.19,0,0,1171620.19,0,0,1171620.19,0,0,1171620.19,0,0,1171620.19,0,0,1171620.19,0,0,1171620.19,0,0,1171620.19,0,0,1171620.19,0,0,1171620.19,0,0,1171620.19,0,0,1171620.19,0,0,1171620.19,0,0,1171620.19,0,0,1171620.19,0,0,1171620.19,716176.47,18132.02,3990279.9,0,0,1171620.19,0,0,1171620.19,0,0,1171620.19,0,0,1247558.54,0,0,1171620.19,0,0,1247558.54,0,0,1171620.19
1,2,Pfizer,2021-03-08,any_risk_factors,0,0,0,0,0,0,0,0,0,0,0,0,0,0,0,0,0,0,0,0,0,0,0,0,0,0,0,0,0,0,0,0,0,0,0,0,0,0,0,0,0,0,0,0,0,0,0,0,0,0,1020729.71,0,0,1020729.71,0,0,1020729.71,0,0,1171620.19,0,0,1020729.71,0,0,1132238,0,0,1132238,0,0,1171620.19,0,0,1052627.52,0,0,1052627.52,0,0,1020729.71,0,0,1020729.71,0,0,1020729.71,0,0,1020729.71,0,0,1020729.71,0,0,1020729.71,0,0,1077890.58,0,0,1077890.58,0,0,1020729.71,0,0,1020729.71,0,0,1020729.71,0,0,1020729.71,0,0,1020729.71,0,0,1020729.71,0,0,1020729.71,0,0,1020729.71,0,0,1020729.71,0,0,1020729.71,0,0,1020729.71,0,0,1020729.71,0,0,1020729.71,0,0,1020729.71,0,0,1020729.71,0,0,1020729.71,0,0,1020729.71,0,0,1020729.71,0,0,1020729.71,0,0,1020729.71,0,0,1020729.71,0,0,1020729.71,0,0,2591083.12,0,0,1020729.71,0,0,1020729.71,0,0,1020729.71,0,0,1132238,0,0,1020729.71,0,0,1132238,0,0,1020729.71
1,2,Pfizer,2021-03-15,any_risk_factors,0,0,0,0,0,0,0,0,0,0,0,0,0,0,0,0,0,0,0,0,0,0,0,0,0,0,0,0,0,0,0,0,0,0,0,0,0,0,0,0,0,0,0,0,0,0,0,0,0,0,922851.52,0,0,922851.52,0,0,922851.52,0,0,1077890.58,0,0,922851.52,0,0,1020729.71,0,0,1020729.71,0,0,1086583.24,0,0,969326.06,0,0,969326.06,0,0,922851.52,0,0,922851.52,0,0,922851.52,0,0,922851.52,0,0,922851.52,0,0,922851.52,0,0,969326.06,0,0,969326.06,0,0,922851.52,0,0,922851.52,0,0,922851.52,0,0,922851.52,0,0,922851.52,0,0,922851.52,0,0,922851.52,0,0,922851.52,0,0,929216.01,0,0,922851.52,0,0,922851.52,0,0,922851.52,0,0,929216.01,0,0,922851.52,0,0,922851.52,0,0,922851.52,0,0,922851.52,0,0,922851.52,0,0,922851.52,0,0,922851.52,0,0,922851.52,0,0,922851.52,0,0,2363795.12,0,0,922851.52,0,0,929216.01,0,0,922851.52,0,0,1020729.71,0,0,922851.52,0,0,1020729.71,0,0,922851.52
1,2,Pfizer,2021-03-22,any_risk_factors,0,0,0,0,0,0,0,0,0,0,0,0,0,0,0,0,0,0,0,0,0,0,0,1,0,0,0,0,0,0,0,0,0,0,0,0,0,0,0,1,0,0,0,0,0,0,0,0,0,0,748535.12,0,0,748535.12,0,0,748535.12,0,0,892293.52,0,0,748535.12,0,0,811664.59,0,0,811664.59,0,0,922851.52,0,0,806804.32,0,0,806804.32,0,0,748535.12,0,0,748535.12,0,0,748535.12,0,0,748535.12,0,0,748535.12,0,0,748535.12,0,0,778822.67,0,0,778822.67,0,0,748535.12,0,0,748535.12,0,0,748535.12,0,0,748535.12,0,0,748535.12,0,0,748535.12,0,0,748535.12,0,0,748535.12,218712.57,5537.32,1218588.47,0,0,748535.12,0,0,748535.12,0,0,748535.12,0,0,778822.67,0,0,748535.12,0,0,748535.12,0,0,748535.12,0,0,748535.12,0,0,748535.12,0,0,748535.12,0,0,748535.12,0,0,748535.12,0,0,748535.12,0,0,2138671.78,0,0,748535.12,218712.57,5537.32,1218588.47,0,0,748535.12,0,0,811664.59,0,0,748535.12,0,0,811664.59,0,0,748535.12
1,2,Pfizer,2021-03-29,any_risk_factors,0,0,0,0,0,0,0,0,0,0,0,0,0,0,0,0,0,0,0,0,0,0,0,0,0,0,0,0,0,0,0,0,0,0,0,0,0,0,0,0,0,0,0,0,0,0,0,0,0,0,502747.47,0,0,502747.47,0,0,502747.47,0,0,585810.1,0,0,510364.86,0,0,538945.29,0,0,534667.94,0,0,598828.1,0,0,541109.73,0,0,541109.73,0,0,502747.47,0,0,502747.47,0,0,502747.47,0,0,502747.47,0,0,502747.47,0,0,502747.47,0,0,516231.12,0,0,516231.12,0,0,502747.47,0,0,502747.47,0,0,502747.47,0,0,502747.47,0,0,502747.47,0,0,502747.47,0,0,502747.47,0,0,502747.47,0,0,530457.96,0,0,502747.47,0,0,502747.47,0,0,502747.47,0,0,516231.12,0,0,502747.47,0,0,502747.47,0,0,502747.47,0,0,502747.47,0,0,502747.47,0,0,502747.47,0,0,502747.47,0,0,502747.47,0,0,502747.47,0,0,1663411.38,0,0,502747.47,0,0,530457.96,0,0,502747.47,0,0,534667.94,0,0,502747.47,0,0,534667.94,0,0,502747.47
1,2,Pfizer,2021-04-05,any_risk_factors,0,0,0,0,0,0,0,0,0,0,0,0,0,0,0,0,0,0,0,0,0,0,0,0,0,0,0,0,0,0,0,0,0,0,0,0,0,0,0,0,0,0,0,0,0,0,0,0,0,0,351791.96,0,0,351791.96,0,0,351791.96,0,0,396283.3,0,0,365139.08,0,0,379538.94,0,0,366131.31,0,0,413301.6,0,0,378472.81,0,0,378472.81,0,0,351791.96,0,0,351791.96,0,0,351791.96,0,0,351791.96,0,0,351791.96,0,0,351791.96,0,0,352712.88,0,0,352712.88,0,0,351791.96,0,0,351791.96,0,0,351791.96,0,0,351791.96,0,0,351791.96,0,0,351791.96,0,0,351791.96,0,0,351791.96,0,0,359296.86,0,0,351791.96,0,0,351791.96,0,0,351791.96,0,0,358341.28,0,0,351791.96,0,0,351791.96,0,0,351791.96,0,0,351791.96,0,0,351791.96,0,0,351791.96,0,0,351791.96,0,0,351791.96,0,0,351791.96,0,0,1181897.56,0,0,351791.96,0,0,359296.86,0,0,351791.96,0,0,366131.31,0,0,351791.96,0,0,366131.31,0,0,351791.96
1,2,Pfizer,2021-04-12,any_risk_factors,0,0,0,0,1,1,1,0,0,0,0,0,0,0,0,0,0,0,0,0,0,0,0,0,0,0,0,0,0,0,0,0,0,0,0,0,0,1,0,0,0,1,0,1,0,0,0,0,0,0,310452.35,0,0,310452.35,0,0,310452.35,0,0,343715.11,88012.05,2228.27,490371.75,91084.79,2306.07,507491.96,88012.05,2228.27,490371.75,0,0,357390.77,0,0,332682.28,0,0,332682.28,0,0,310452.35,0,0,310452.35,0,0,310452.35,0,0,310452.35,0,0,310452.35,0,0,310452.35,0,0,310452.35,0,0,310452.35,0,0,310452.35,0,0,310452.35,0,0,310452.35,0,0,310452.35,0,0,310452.35,0,0,310452.35,0,0,310452.35,0,0,310452.35,0,0,315541.74,0,0,310452.35,0,0,310452.35,0,0,310452.35,0,0,315541.74,0,0,310452.35,0,0,310452.35,0,0,310452.35,0,0,310452.35,0,0,310452.35,0,0,310452.35,0,0,310452.35,0,0,310452.35,0,0,310452.35,314870.69,7971.84,1754347.2,0,0,310452.35,0,0,315541.74,0,0,310452.35,88012.05,2228.27,490371.75,0,0,310452.35,88012.05,2228.27,490371.75,0,0,310452.35
1,2,Pfizer,2021-04-19,any_risk_factors,0,0,0,0,0,0,0,0,0,0,0,0,0,0,0,0,0,0,0,0,0,0,0,0,0,0,0,0,0,0,0,0,0,0,0,0,0,2,0,0,0,0,0,0,0,0,0,0,0,0,244975.13,0,0,244975.13,0,0,244975.13,0,0,265228.98,0,0,255182.43,0,0,265228.98,0,0,255666.65,0,0,278380.83,0,0,272745.59,0,0,272745.59,0,0,245869.2,0,0,245869.2,0,0,245869.2,0,0,245869.2,0,0,244975.13,0,0,244975.13,0,0,245869.2,0,0,245869.2,0,0,244975.13,0,0,244975.13,0,0,244975.13,0,0,244975.13,0,0,244975.13,0,0,244975.13,0,0,244975.13,0,0,244975.13,0,0,248133.19,0,0,244975.13,0,0,244975.13,0,0,244975.13,0,0,248133.19,0,0,244975.13,0,0,244975.13,0,0,244975.13,0,0,244975.13,0,0,244975.13,0,0,244975.13,0,0,244975.13,0,0,244975.13,0,0,244975.13,566279.07,68579.02,2045594.71,0,0,244975.13,0,0,248133.19,0,0,244975.13,0,0,255666.65,0,0,244975.13,0,0,255666.65,0,0,244975.13
1,2,Pfizer,2021-04-26,any_risk_factors,0,0,0,0,0,0,0,0,0,0,0,0,0,0,0,0,0,0,0,0,0,0,0,0,0,0,0,0,0,0,0,0,0,0,0,0,0,0,0,0,0,0,0,0,0,0,0,0,0,0,177051.67,0,0,177051.67,0,0,177284.63,0,0,189236.41,0,0,184317.81,0,0,189769.47,0,0,184066.01,0,0,198141.65,0,0,199019.68,0,0,199019.68,0,0,178695.39,0,0,178695.39,0,0,178695.39,0,0,178695.39,0,0,177051.67,0,0,177051.67,0,0,181097.21,0,0,181097.21,0,0,177051.67,0,0,177051.67,0,0,177051.67,0,0,177051.67,0,0,177051.67,0,0,177051.67,0,0,177051.67,0,0,177051.67,0,0,178695.39,0,0,177051.67,0,0,177051.67,0,0,177051.67,0,0,178695.39,0,0,177051.67,0,0,177051.67,0,0,177051.67,0,0,177051.67,0,0,177051.67,0,0,177051.67,0,0,177051.67,0,0,177051.67,0,0,177051.67,0,0,863694.37,0,0,177051.67,0,0,178695.39,0,0,177051.67,0,0,184066.01,0,0,177051.67,0,0,184066.01,0,0,177051.67
1,2,Pfizer,2021-05-03,any_risk_factors,0,0,0,0,0,0,0,0,0,0,0,0,0,0,0,0,0,0,0,0,0,0,0,0,0,0,0,0,0,0,0,0,0,0,0,0,0,0,0,0,0,0,0,0,0,0,0,0,0,0,135549.62,0,0,135549.62,0,0,136510.96,0,0,145190,0,0,144411.92,0,0,147737.2,0,0,140496.69,0,0,150207.72,0,0,153808.59,0,0,153808.59,0,0,136510.96,0,0,136510.96,0,0,136510.96,0,0,136510.96,0,0,135549.62,0,0,135549.62,0,0,138475.15,0,0,138475.15,0,0,135549.62,0,0,135549.62,0,0,135549.62,0,0,135549.62,0,0,135549.62,0,0,135549.62,0,0,135549.62,0,0,135549.62,0,0,136510.96,0,0,136234.91,0,0,136234.91,0,0,135549.62,0,0,136510.96,0,0,135549.62,0,0,135549.62,0,0,136234.91,0,0,136234.91,0,0,135549.62,0,0,135549.62,0,0,135549.62,0,0,135549.62,0,0,135549.62,0,0,667011.5,0,0,135549.62,0,0,136510.96,0,0,135549.62,0,0,140496.69,0,0,136234.91,0,0,141233.04,0,0,135549.62
1,2,Pfizer,2021-05-10,any_risk_factors,0,0,0,0,0,0,0,0,0,0,0,0,0,0,0,0,0,0,0,0,0,0,0,0,0,0,0,0,0,0,0,0,0,0,0,0,0,0,0,0,0,0,0,0,0,0,0,0,0,0,112280.27,0,0,112280.27,0,0,112939.08,0,0,121274.82,0,0,121384.07,0,0,123838.53,0,0,115653.5,0,0,124525.25,0,0,129305.49,0,0,129305.49,0,0,112939.08,0,0,112939.08,0,0,112939.08,0,0,112939.08,0,0,112280.27,0,0,112280.27,0,0,114962.73,0,0,114962.73,0,0,112280.27,0,0,112280.27,0,0,112280.27,0,0,112280.27,0,0,112280.27,0,0,112280.27,0,0,112280.27,0,0,112280.27,0,0,112939.08,0,0,112939.08,0,0,112939.08,0,0,112280.27,0,0,112939.08,0,0,112280.27,0,0,112280.27,0,0,112939.08,0,0,112939.08,0,0,112280.27,0,0,112280.27,0,0,112280.27,0,0,112280.27,0,0,112280.27,0,0,566119,0,0,112280.27,0,0,112939.08,0,0,112280.27,0,0,115653.5,0,0,112939.08,0,0,116352.61,0,0,112280.27
1,2,Pfizer,2021-05-17,any_risk_factors,0,0,0,0,0,0,0,0,0,0,0,0,0,0,0,0,0,0,0,0,0,0,0,0,0,0,0,0,0,0,0,0,0,0,0,0,0,1,0,0,0,0,0,0,0,0,0,0,0,0,98061.37,0,0,98061.37,0,0,98563.51,0,0,105016.62,0,0,105262.75,0,0,109009.97,0,0,100775.11,0,0,108570.77,0,0,112561.67,0,0,112561.67,0,0,98563.51,0,0,98563.51,0,0,98563.51,0,0,98563.51,0,0,98061.37,0,0,98061.37,0,0,100101.28,0,0,100101.28,0,0,98061.37,0,0,98061.37,0,0,98061.37,0,0,98061.37,0,0,98061.37,0,0,98061.37,0,0,98061.37,0,0,98061.37,0,0,98563.51,0,0,98563.51,0,0,98563.51,0,0,98491.46,0,0,98998.03,0,0,98061.37,0,0,98061.37,0,0,98563.51,0,0,98563.51,0,0,98061.37,0,0,98061.37,0,0,98061.37,0,0,98061.37,0,0,98061.37,127709.79,3233.33,711553.41,0,0,98061.37,0,0,98563.51,0,0,98061.37,0,0,101229.39,0,0,98563.51,0,0,101764.59,0,0,98061.37
1,2,Pfizer,2021-05-24,any_risk_factors,0,0,0,0,0,0,0,0,0,0,0,0,0,0,0,0,0,0,0,0,0,0,0,0,0,0,0,0,0,0,0,0,0,0,0,0,0,1,0,0,0,0,0,0,0,0,0,0,0,0,90976.58,0,0,90976.58,0,0,91408.63,0,0,97635.02,0,0,97847.73,0,0,101458.07,0,0,94023.95,0,0,101153.39,0,0,103723.11,0,0,103723.11,0,0,91408.63,0,0,91408.63,0,0,91408.63,0,0,91408.63,0,0,90976.58,0,0,90976.58,0,0,92729.75,0,0,92729.75,0,0,90976.58,0,0,90976.58,0,0,90976.58,0,0,90976.58,0,0,90976.58,0,0,90976.58,0,0,90976.58,0,0,90976.58,0,0,91408.63,0,0,91408.63,0,0,91408.63,0,0,91408.63,0,0,91844.8,0,0,90976.58,0,0,90976.58,0,0,91408.63,0,0,91408.63,0,0,90976.58,0,0,90976.58,0,0,90976.58,0,0,90976.58,0,0,90976.58,122567.11,3103.13,682900.25,0,0,90976.58,0,0,91408.63,0,0,90976.58,0,0,94485.5,0,0,91408.63,0,0,94951.6,0,0,90976.58
1,2,Pfizer,2021-05-31,any_risk_factors,0,0,0,0,0,0,0,0,0,0,0,0,0,0,0,0,0,0,0,0,0,0,0,0,0,0,0,0,0,0,0,0,0,0,0,0,0,2,0,0,0,0,0,0,0,0,0,0,0,0,82812.74,0,0,82812.74,0,0,83170.57,0,0,88525.84,0,0,88293.79,0,0,91222.97,0,0,85764.69,0,0,91907.45,0,0,93243.13,0,0,93243.13,0,0,83170.57,0,0,83170.57,0,0,83170.57,0,0,83170.57,0,0,82812.74,0,0,82812.74,0,0,84262.87,0,0,84262.87,0,0,82812.74,0,0,82812.74,0,0,82812.74,0,0,82812.74,0,0,82812.74,0,0,82812.74,0,0,82812.74,0,0,82812.74,0,0,83170.57,0,0,83170.57,0,0,83170.57,0,0,83170.57,0,0,83531.51,0,0,82812.74,0,0,82812.74,0,0,83170.57,0,0,83170.57,0,0,82812.74,0,0,82812.74,0,0,82812.74,0,0,82812.74,0,0,82812.74,220694.86,26727.17,797225.73,0,0,82812.74,0,0,83170.57,0,0,82812.74,0,0,86148.54,0,0,83170.57,0,0,86535.85,0,0,82812.74
1,2,Pfizer,2021-06-07,any_risk_factors,0,0,0,0,0,0,0,0,0,0,0,0,0,0,0,0,0,0,0,0,0,0,0,0,1,1,0,0,0,0,0,0,0,0,0,0,0,1,0,0,0,0,0,0,0,0,0,0,0,0,82206.42,0,0,82206.42,0,0,82256.61,0,0,87491.12,0,0,87095.23,0,0,89944.14,0,0,84793.15,0,0,90792.67,0,0,92475.17,0,0,92475.17,0,0,82559.02,0,0,82559.02,0,0,82559.02,0,0,82559.02,0,0,82206.42,0,0,82206.42,0,0,83635.21,0,0,83635.21,0,0,82206.42,0,0,82206.42,0,0,82206.42,0,0,82206.42,0,0,82206.42,0,0,82206.42,0,0,82206.42,0,0,82206.42,0,0,82559.02,22435.5,568.02,125002.63,22435.5,568.02,125002.63,0,0,82559.02,0,0,82914.66,0,0,82206.42,0,0,82206.42,0,0,82559.02,0,0,82559.02,0,0,82206.42,0,0,82206.42,0,0,82206.42,0,0,82206.42,0,0,82206.42,111697.25,2827.93,622337.23,0,0,82206.42,0,0,82559.02,0,0,82206.42,0,0,85168.35,0,0,82559.02,0,0,85546.87,0,0,82206.42
1,1,Moderna,2021-03-29,any_risk_factors,0,0,0,0,0,0,0,0,0,0,0,0,0,0,0,0,0,0,0,0,0,0,0,0,0,0,0,0,0,0,0,0,0,0,0,0,0,0,0,0,0,0,0,0,0,0,0,0,0,0,863694.37,0,0,886423.17,0,0,863694.37,0,0,1052627.52,0,0,976350.16,0,0,1086583.24,0,0,948847.34,0,0,948847.34,0,0,1028521.54,0,0,1028521.54,0,0,863694.37,0,0,863694.37,0,0,863694.37,0,0,863694.37,0,0,863694.37,0,0,863694.37,0,0,863694.37,0,0,863694.37,0,0,863694.37,0,0,863694.37,0,0,863694.37,0,0,863694.37,0,0,863694.37,0,0,863694.37,0,0,863694.37,0,0,863694.37,0,0,863694.37,0,0,863694.37,0,0,863694.37,0,0,863694.37,0,0,863694.37,0,0,863694.37,0,0,863694.37,0,0,863694.37,0,0,863694.37,0,0,863694.37,0,0,863694.37,0,0,863694.37,0,0,863694.37,0,0,863694.37,0,0,2323040.04,0,0,863694.37,0,0,863694.37,0,0,863694.37,0,0,948847.34,0,0,863694.37,0,0,948847.34,0,0,863694.37
1,1,Moderna,2021-04-05,any_risk_factors,0,0,0,1,0,0,0,0,0,0,0,0,0,0,0,0,0,0,0,0,0,0,0,0,0,0,0,0,0,0,0,0,0,0,0,0,0,0,0,0,0,0,0,0,0,0,0,0,0,0,701751.68,0,0,701751.68,0,0,701751.68,229716.98,5815.93,1279901.1,0,0,783350.71,0,0,852761.53,0,0,756945.63,0,0,756945.63,0,0,787931.71,0,0,787931.71,0,0,701751.68,0,0,701751.68,0,0,701751.68,0,0,701751.68,0,0,701751.68,0,0,701751.68,0,0,701751.68,0,0,701751.68,0,0,701751.68,0,0,701751.68,0,0,701751.68,0,0,701751.68,0,0,701751.68,0,0,701751.68,0,0,701751.68,0,0,701751.68,0,0,701751.68,0,0,701751.68,0,0,701751.68,0,0,701751.68,0,0,701751.68,0,0,701751.68,0,0,701751.68,0,0,701751.68,0,0,701751.68,0,0,701751.68,0,0,701751.68,0,0,701751.68,0,0,701751.68,0,0,701751.68,0,0,1845703.04,0,0,701751.68,0,0,701751.68,0,0,701751.68,0,0,756945.63,0,0,701751.68,0,0,756945.63,0,0,701751.68
1,1,Moderna,2021-04-12,any_risk_factors,0,0,0,0,0,0,0,0,0,0,0,0,0,0,0,0,0,0,0,0,0,0,0,0,0,0,0,0,0,0,0,0,0,0,0,0,0,0,0,0,0,0,0,0,0,0,0,0,0,0,593552.08,0,0,593552.08,0,0,593552.08,0,0,694517.12,0,0,677066.95,0,0,728304.44,0,0,632564.89,0,0,632564.89,0,0,632564.89,0,0,632564.89,0,0,593552.08,0,0,593552.08,0,0,593552.08,0,0,593552.08,0,0,593552.08,0,0,593552.08,0,0,593552.08,0,0,593552.08,0,0,593552.08,0,0,593552.08,0,0,593552.08,0,0,593552.08,0,0,593552.08,0,0,593552.08,0,0,593552.08,0,0,593552.08,0,0,593552.08,0,0,593552.08,0,0,593552.08,0,0,593552.08,0,0,593552.08,0,0,593552.08,0,0,593552.08,0,0,593552.08,0,0,593552.08,0,0,593552.08,0,0,593552.08,0,0,593552.08,0,0,593552.08,0,0,593552.08,0,0,1480618.92,0,0,593552.08,0,0,593552.08,0,0,593552.08,0,0,632564.89,0,0,593552.08,0,0,632564.89,0,0,593552.08
1,1,Moderna,2021-04-19,any_risk_factors,0,0,0,0,0,0,0,0,0,0,0,0,0,0,0,0,0,0,0,0,0,0,0,0,0,0,0,0,0,0,0,0,0,0,0,0,0,1,0,0,0,0,0,0,0,0,0,0,0,0,563750.3,0,0,549944.17,0,0,549944.17,0,0,615234.35,0,0,620904.71,0,0,650900.11,0,0,573346.05,0,0,573346.05,0,0,568507.69,0,0,568507.69,0,0,549944.17,0,0,549944.17,0,0,549944.17,0,0,549944.17,0,0,549944.17,0,0,549944.17,0,0,549944.17,0,0,563750.3,0,0,549944.17,0,0,549944.17,0,0,563750.3,0,0,549944.17,0,0,549944.17,0,0,549944.17,0,0,549944.17,0,0,549944.17,0,0,549944.17,0,0,549944.17,0,0,549944.17,0,0,549944.17,0,0,549944.17,0,0,549944.17,0,0,549944.17,0,0,563750.3,0,0,563750.3,0,0,549944.17,0,0,549944.17,0,0,549944.17,0,0,549944.17,0,0,549944.17,376546.39,9533.33,2097982.21,0,0,549944.17,0,0,549944.17,0,0,549944.17,0,0,573346.05,0,0,563750.3,0,0,588368.22,0,0,549944.17
1,1,Pfizer,2021-01-04,any_risk_factors,0,0,0,0,0,0,0,0,0,0,0,0,0,0,0,0,0,0,0,0,0,0,0,0,0,0,0,0,0,0,0,0,0,0,0,0,0,0,0,0,0,0,0,0,0,0,0,0,0,0,4210510.06,0,0,4210510.06,0,0,4210510.06,0,0,5182166.23,0,0,4210510.06,0,0,5182166.23,0,0,4346332.97,0,0,4346332.97,0,0,4210510.06,0,0,4210510.06,0,0,4210510.06,0,0,4210510.06,0,0,4210510.06,0,0,4210510.06,0,0,4210510.06,0,0,4210510.06,0,0,4346332.97,0,0,4346332.97,0,0,4210510.06,0,0,4210510.06,0,0,4210510.06,0,0,4210510.06,0,0,4210510.06,0,0,4210510.06,0,0,4210510.06,0,0,4210510.06,0,0,4210510.06,0,0,4210510.06,0,0,4210510.06,0,0,4210510.06,0,0,4210510.06,0,0,4210510.06,0,0,4210510.06,0,0,4210510.06,0,0,4210510.06,0,0,4210510.06,0,0,4210510.06,0,0,4210510.06,0,0,4210510.06,0,0,4210510.06,0,0,12248756.55,0,0,4210510.06,0,0,4210510.06,0,0,4210510.06,0,0,4346332.97,0,0,4210510.06,0,0,4346332.97,0,0,4210510.06
1,1,Pfizer,2021-01-11,any_risk_factors,0,0,0,0,0,0,0,0,0,0,0,0,0,0,0,0,0,0,0,0,0,0,0,0,0,0,0,0,0,0,0,0,0,0,0,0,0,0,0,0,0,0,0,0,0,0,0,0,0,0,1403503.35,0,0,1403503.35,0,0,1403503.35,0,0,1643125.88,0,0,1403503.35,0,0,1513891.26,0,0,1513891.26,0,0,1531094.57,0,0,1531094.57,0,0,1531094.57,0,0,1403503.35,0,0,1403503.35,0,0,1403503.35,0,0,1403503.35,0,0,1403503.35,0,0,1403503.35,0,0,1513891.26,0,0,1513891.26,0,0,1403503.35,0,0,1403503.35,0,0,1403503.35,0,0,1403503.35,0,0,1403503.35,0,0,1403503.35,0,0,1403503.35,0,0,1403503.35,0,0,1403503.35,0,0,1403503.35,0,0,1403503.35,0,0,1403503.35,0,0,1403503.35,0,0,1403503.35,0,0,1403503.35,0,0,1403503.35,0,0,1403503.35,0,0,1403503.35,0,0,1403503.35,0,0,1403503.35,0,0,1403503.35,0,0,1403503.35,0,0,3454777.49,0,0,1403503.35,0,0,1403503.35,0,0,1403503.35,0,0,1513891.26,0,0,1403503.35,0,0,1513891.26,0,0,1403503.35
1,2,Moderna,2021-04-26,any_risk_factors,0,0,0,0,0,0,0,1,0,0,0,0,0,0,0,0,0,0,0,0,0,0,0,0,0,0,0,0,0,0,0,0,0,0,0,0,0,1,0,0,0,0,0,0,0,0,0,0,0,0,852761.53,0,0,892293.52,0,0,852761.53,0,0,1086583.24,0,0,969326.06,0,0,1077890.58,0,0,929216.01,257218.31,6512.2,1433128.7,0,0,1095417.25,0,0,1095417.25,0,0,852761.53,0,0,852761.53,0,0,852761.53,0,0,852761.53,0,0,852761.53,0,0,852761.53,0,0,852761.53,0,0,852761.53,0,0,852761.53,0,0,852761.53,0,0,852761.53,0,0,852761.53,0,0,852761.53,0,0,852761.53,0,0,852761.53,0,0,852761.53,0,0,852761.53,0,0,852761.53,0,0,852761.53,0,0,852761.53,0,0,852761.53,0,0,852761.53,0,0,852761.53,0,0,852761.53,0,0,852761.53,0,0,852761.53,0,0,852761.53,0,0,852761.53,0,0,852761.53,0,0,852761.53,890853.66,22554.46,4963518.9,0,0,852761.53,0,0,852761.53,0,0,852761.53,0,0,929216.01,0,0,852761.53,0,0,929216.01,0,0,852761.53
1,2,Moderna,2021-05-03,any_risk_factors,0,0,0,0,0,0,0,0,0,0,0,0,0,0,0,0,0,0,0,0,0,0,0,0,0,0,0,0,0,0,0,0,0,0,0,0,0,0,0,0,0,0,0,0,0,0,0,0,0,0,641601.53,0,0,663725.72,0,0,641601.53,0,0,769921.84,0,0,716682.56,0,0,774346.68,0,0,687430.21,0,0,712890.59,0,0,769921.84,0,0,769921.84,0,0,641601.53,0,0,641601.53,0,0,641601.53,0,0,641601.53,0,0,641601.53,0,0,641601.53,0,0,641601.53,0,0,641601.53,0,0,641601.53,0,0,641601.53,0,0,641601.53,0,0,641601.53,0,0,641601.53,0,0,641601.53,0,0,641601.53,0,0,641601.53,0,0,641601.53,0,0,641601.53,0,0,641601.53,0,0,641601.53,0,0,641601.53,0,0,641601.53,0,0,641601.53,0,0,641601.53,0,0,641601.53,0,0,641601.53,0,0,641601.53,0,0,641601.53,0,0,641601.53,0,0,641601.53,0,0,2173166.48,0,0,641601.53,0,0,641601.53,0,0,641601.53,0,0,687430.21,0,0,641601.53,0,0,687430.21,0,0,641601.53
1,2,Moderna,2021-05-10,any_risk_factors,0,0,0,0,0,0,0,0,0,0,0,0,0,0,0,0,0,0,0,0,0,0,0,0,0,0,0,0,0,0,0,0,0,0,0,0,0,0,0,0,0,0,0,0,0,0,0,0,0,0,526313.76,0,0,541109.73,0,0,526313.76,0,0,629608.98,0,0,609666.62,0,0,650900.11,0,0,556761.66,0,0,573346.05,0,0,609666.62,0,0,609666.62,0,0,526313.76,0,0,526313.76,0,0,526313.76,0,0,526313.76,0,0,526313.76,0,0,526313.76,0,0,526313.76,0,0,526313.76,0,0,526313.76,0,0,526313.76,0,0,526313.76,0,0,526313.76,0,0,526313.76,0,0,526313.76,0,0,526313.76,0,0,526313.76,0,0,526313.76,0,0,526313.76,0,0,526313.76,0,0,526313.76,0,0,526313.76,0,0,526313.76,0,0,526313.76,0,0,526313.76,0,0,526313.76,0,0,526313.76,0,0,526313.76,0,0,526313.76,0,0,526313.76,0,0,526313.76,0,0,1820761.11,0,0,526313.76,0,0,526313.76,0,0,526313.76,0,0,556761.66,0,0,526313.76,0,0,556761.66,0,0,526313.76
1,2,Moderna,2021-05-17,any_risk_factors,0,0,0,0,0,0,0,0,0,0,0,0,0,0,0,0,0,0,0,0,0,0,0,0,0,0,0,0,0,0,0,0,0,0,0,0,0,1,0,0,0,0,0,0,0,0,0,0,0,0,467834.45,0,0,479488.69,0,0,467834.45,0,0,547708.63,0,0,532554.63,0,0,563750.3,0,0,491738.4,0,0,504630.42,0,0,532554.63,0,0,532554.63,0,0,467834.45,0,0,467834.45,0,0,467834.45,0,0,467834.45,0,0,467834.45,0,0,467834.45,0,0,467834.45,0,0,467834.45,0,0,467834.45,0,0,467834.45,0,0,467834.45,0,0,467834.45,0,0,467834.45,0,0,467834.45,0,0,467834.45,0,0,467834.45,0,0,467834.45,0,0,467834.45,0,0,467834.45,0,0,467834.45,0,0,467834.45,0,0,467834.45,0,0,467834.45,0,0,467834.45,0,0,467834.45,0,0,467834.45,0,0,467834.45,0,0,467834.45,0,0,467834.45,0,0,467834.45,415056.82,10508.33,2312548.58,0,0,467834.45,0,0,467834.45,0,0,467834.45,0,0,491738.4,0,0,467834.45,0,0,491738.4,0,0,467834.45
1,2,Moderna,2021-05-24,any_risk_factors,0,0,0,0,0,0,0,0,0,0,0,0,0,0,0,0,0,0,0,0,0,0,0,0,0,0,0,0,0,0,0,0,0,0,0,0,0,0,0,0,0,0,0,0,0,0,0,0,0,0,436039.88,0,0,446146.76,0,0,436039.88,0,0,514260.77,0,0,491738.4,0,0,518216.62,0,0,464608.01,0,0,476100.08,0,0,491738.4,0,0,491738.4,0,0,436039.88,0,0,436039.88,0,0,436039.88,0,0,436039.88,0,0,436039.88,0,0,436039.88,0,0,446146.76,0,0,446146.76,0,0,436039.88,0,0,436039.88,0,0,436039.88,0,0,436039.88,0,0,436039.88,0,0,436039.88,0,0,436039.88,0,0,436039.88,0,0,436039.88,0,0,436039.88,0,0,436039.88,0,0,436039.88,0,0,443211.59,0,0,436039.88,0,0,436039.88,0,0,436039.88,0,0,436039.88,0,0,436039.88,0,0,436039.88,0,0,436039.88,0,0,436039.88,0,0,436039.88,0,0,1464525.24,0,0,436039.88,0,0,436039.88,0,0,436039.88,0,0,464608.01,0,0,436039.88,0,0,464608.01,0,0,436039.88
1,1,AstraZeneca,2021-03-01,any_risk_factors,0,0,0,0,0,0,0,0,0,0,0,0,0,0,0,0,0,0,0,0,0,0,0,0,0,0,0,0,0,0,0,0,0,0,0,0,0,0,0,0,0,0,0,0,0,0,0,0,0,0,6416015.34,0,0,6416015.34,0,0,6416015.34,0,0,6416015.34,0,0,6416015.34,0,0,6416015.34,0,0,6416015.34,0,0,6416015.34,0,0,6416015.34,0,0,6416015.34,0,0,6416015.34,0,0,6416015.34,0,0,6416015.34,0,0,6416015.34,0,0,6416015.34,0,0,6416015.34,0,0,6416015.34,0,0,6416015.34,0,0,6416015.34,0,0,6416015.34,0,0,6416015.34,0,0,6416015.34,0,0,6416015.34,0,0,6416015.34,0,0,6416015.34,0,0,6416015.34,0,0,6416015.34,0,0,6416015.34,0,0,6416015.34,0,0,6416015.34,0,0,6416015.34,0,0,6416015.34,0,0,6416015.34,0,0,6416015.34,0,0,6416015.34,0,0,6416015.34,0,0,6416015.34,0,0,6416015.34,0,0,6416015.34,0,0,6416015.34,0,0,6416015.34,0,0,6416015.34,0,0,6416015.34,0,0,6416015.34,0,0,6416015.34,0,0,6416015.34,0,0,6416015.34,0,0,6416015.34
1,1,AstraZeneca,2021-03-08,any_risk_factors,0,0,0,0,0,0,0,0,0,0,0,0,0,0,0,0,0,0,0,0,0,0,0,0,0,0,0,0,0,0,0,0,0,0,0,0,0,0,0,0,0,0,0,0,0,0,0,0,0,0,6416015.34,0,0,6416015.34,0,0,6416015.34,0,0,6416015.34,0,0,6416015.34,0,0,6416015.34,0,0,6416015.34,0,0,6416015.34,0,0,6416015.34,0,0,6416015.34,0,0,6416015.34,0,0,6416015.34,0,0,6416015.34,0,0,6416015.34,0,0,6416015.34,0,0,6416015.34,0,0,6416015.34,0,0,6416015.34,0,0,6416015.34,0,0,6416015.34,0,0,6416015.34,0,0,6416015.34,0,0,6416015.34,0,0,6416015.34,0,0,6416015.34,0,0,6416015.34,0,0,6416015.34,0,0,6416015.34,0,0,6416015.34,0,0,6416015.34,0,0,6416015.34,0,0,6416015.34,0,0,6416015.34,0,0,6416015.34,0,0,6416015.34,0,0,6416015.34,0,0,6416015.34,0,0,6416015.34,0,0,6416015.34,0,0,6416015.34,0,0,6416015.34,0,0,6416015.34,0,0,6416015.34,0,0,6416015.34,0,0,6416015.34,0,0,6416015.34,0,0,6416015.34,0,0,6416015.34
1,1,AstraZeneca,2021-03-15,any_risk_factors,0,0,0,0,0,0,0,0,0,0,0,0,0,0,0,0,0,0,0,0,0,0,0,0,0,0,0,0,0,0,0,0,0,0,0,0,0,0,0,0,0,0,0,0,0,0,0,0,0,0,5858100.96,0,0,5858100.96,0,0,5858100.96,0,0,6124378.28,0,0,5858100.96,0,0,5858100.96,0,0,5858100.96,0,0,6124378.28,0,0,5858100.96,0,0,5858100.96,0,0,5858100.96,0,0,5858100.96,0,0,5858100.96,0,0,5858100.96,0,0,5858100.96,0,0,5858100.96,0,0,5858100.96,0,0,5858100.96,0,0,5858100.96,0,0,5858100.96,0,0,5858100.96,0,0,5858100.96,0,0,5858100.96,0,0,5858100.96,0,0,5858100.96,0,0,5858100.96,0,0,5858100.96,0,0,5858100.96,0,0,5858100.96,0,0,5858100.96,0,0,5858100.96,0,0,5858100.96,0,0,5858100.96,0,0,5858100.96,0,0,5858100.96,0,0,5858100.96,0,0,5858100.96,0,0,5858100.96,0,0,5858100.96,0,0,5858100.96,0,0,6124378.28,0,0,5858100.96,0,0,5858100.96,0,0,5858100.96,0,0,5858100.96,0,0,5858100.96,0,0,5858100.96,0,0,5858100.96
1,1,AstraZeneca,2021-03-22,any_risk_factors,0,0,0,0,0,0,0,0,0,0,0,0,0,0,0,0,0,0,0,0,0,0,0,0,0,0,0,0,0,0,0,0,0,0,0,0,0,0,0,0,0,0,0,0,0,0,0,0,0,0,1566701.42,0,0,1566701.42,0,0,1566701.42,0,0,1772846.34,0,0,1566701.42,0,0,1566701.42,0,0,1566701.42,0,0,1845703.04,0,0,1705523.06,0,0,1705523.06,0,0,1566701.42,0,0,1566701.42,0,0,1566701.42,0,0,1566701.42,0,0,1566701.42,0,0,1566701.42,0,0,1566701.42,0,0,1566701.42,0,0,1566701.42,0,0,1566701.42,0,0,1566701.42,0,0,1566701.42,0,0,1566701.42,0,0,1566701.42,0,0,1566701.42,0,0,1566701.42,0,0,1566701.42,0,0,1566701.42,0,0,1566701.42,0,0,1566701.42,0,0,1566701.42,0,0,1566701.42,0,0,1566701.42,0,0,1566701.42,0,0,1566701.42,0,0,1566701.42,0,0,1566701.42,0,0,1566701.42,0,0,1566701.42,0,0,1566701.42,0,0,2449751.31,0,0,1566701.42,0,0,1566701.42,0,0,1566701.42,0,0,1566701.42,0,0,1566701.42,0,0,1566701.42,0,0,1566701.42
1,1,AstraZeneca,2021-03-29,any_risk_factors,0,0,0,0,0,0,0,0,0,0,0,0,0,0,0,0,0,0,0,0,0,0,0,0,0,0,0,0,0,0,0,0,0,0,0,0,0,0,0,0,0,0,0,0,0,0,0,0,0,0,698115.66,0,0,698115.66,0,0,698115.66,0,0,752716.88,0,0,698115.66,0,0,712890.59,0,0,712890.59,0,0,769921.84,0,0,778822.67,0,0,778822.67,0,0,698115.66,0,0,698115.66,0,0,698115.66,0,0,698115.66,0,0,698115.66,0,0,698115.66,0,0,698115.66,0,0,698115.66,0,0,698115.66,0,0,698115.66,0,0,698115.66,0,0,698115.66,0,0,698115.66,0,0,698115.66,0,0,698115.66,0,0,698115.66,0,0,698115.66,0,0,698115.66,0,0,698115.66,0,0,698115.66,0,0,698115.66,0,0,698115.66,0,0,698115.66,0,0,698115.66,0,0,698115.66,0,0,698115.66,0,0,698115.66,0,0,698115.66,0,0,698115.66,0,0,698115.66,0,0,1497070.25,0,0,698115.66,0,0,698115.66,0,0,698115.66,0,0,712890.59,0,0,698115.66,0,0,712890.59,0,0,698115.66
1,1,AstraZeneca,2021-04-05,any_risk_factors,0,1,0,0,0,0,0,0,0,0,0,0,0,0,0,0,0,0,0,0,0,0,0,0,0,0,0,0,0,0,0,0,0,0,0,0,0,0,0,0,0,0,0,0,0,0,0,0,0,0,449121.07,122979.8,3113.58,685199.58,0,0,449121.07,0,0,471106.02,0,0,449121.07,0,0,466215.65,0,0,459850.93,0,0,482925.89,0,0,504630.42,0,0,504630.42,0,0,449121.07,0,0,449121.07,0,0,449121.07,0,0,449121.07,0,0,449121.07,0,0,449121.07,0,0,449121.07,0,0,449121.07,0,0,449121.07,0,0,449121.07,0,0,449121.07,0,0,449121.07,0,0,449121.07,0,0,449121.07,0,0,449121.07,0,0,449121.07,0,0,449121.07,0,0,449121.07,0,0,449121.07,0,0,449121.07,0,0,449121.07,0,0,449121.07,0,0,449121.07,0,0,449121.07,0,0,449121.07,0,0,449121.07,0,0,449121.07,0,0,449121.07,0,0,449121.07,0,0,449121.07,0,0,1086583.24,0,0,449121.07,0,0,449121.07,0,0,449121.07,0,0,459850.93,0,0,449121.07,0,0,459850.93,0,0,449121.07
1,1,AstraZeneca,2021-04-12,any_risk_factors,0,0,0,0,0,0,0,0,0,0,0,0,0,0,0,0,0,0,0,0,0,0,0,0,0,0,0,0,0,0,0,0,0,0,0,0,0,0,0,0,0,0,0,0,0,0,0,0,0,0,387173.34,0,0,395121.18,0,0,387173.34,0,0,403402.16,0,0,387173.34,0,0,403402.16,0,0,395121.18,0,0,412037.68,0,0,430467.48,0,0,430467.48,0,0,387173.34,0,0,387173.34,0,0,387173.34,0,0,387173.34,0,0,387173.34,0,0,387173.34,0,0,387173.34,0,0,387173.34,0,0,387173.34,0,0,387173.34,0,0,387173.34,0,0,387173.34,0,0,387173.34,0,0,387173.34,0,0,387173.34,0,0,387173.34,0,0,387173.34,0,0,387173.34,0,0,387173.34,0,0,387173.34,0,0,387173.34,0,0,387173.34,0,0,387173.34,0,0,387173.34,0,0,387173.34,0,0,387173.34,0,0,387173.34,0,0,387173.34,0,0,387173.34,0,0,387173.34,0,0,929216.01,0,0,387173.34,0,0,387173.34,0,0,387173.34,0,0,395121.18,0,0,387173.34,0,0,395121.18,0,0,387173.34
1,1,AstraZeneca,2021-04-19,any_risk_factors,0,0,0,0,0,0,0,0,0,0,0,0,0,0,0,0,0,0,0,0,0,0,0,0,0,0,0,0,0,0,0,0,0,0,0,0,0,0,0,0,0,0,0,0,0,0,0,0,0,0,377412.67,0,0,384960.92,0,0,377412.67,0,0,392817.27,0,0,377412.67,0,0,392817.27,0,0,384960.92,0,0,401000.96,0,0,418435.78,0,0,418435.78,0,0,377412.67,0,0,377412.67,0,0,377412.67,0,0,377412.67,0,0,377412.67,0,0,377412.67,0,0,377412.67,0,0,377412.67,0,0,377412.67,0,0,377412.67,0,0,377412.67,0,0,377412.67,0,0,377412.67,0,0,377412.67,0,0,377412.67,0,0,377412.67,0,0,377412.67,0,0,377412.67,0,0,377412.67,0,0,377412.67,0,0,377412.67,0,0,377412.67,0,0,377412.67,0,0,377412.67,0,0,377412.67,0,0,377412.67,0,0,377412.67,0,0,377412.67,0,0,377412.67,0,0,377412.67,0,0,916573.62,0,0,377412.67,0,0,377412.67,0,0,377412.67,0,0,384960.92,0,0,377412.67,0,0,384960.92,0,0,377412.67
1,1,AstraZeneca,2021-04-26,any_risk_factors,0,0,0,0,0,0,0,0,0,0,0,0,0,0,0,0,0,0,0,0,0,0,0,0,0,0,0,0,0,0,0,0,0,0,0,0,0,1,0,0,0,0,0,0,0,0,0,0,0,0,366131.31,0,0,373230.81,0,0,366131.31,0,0,380611.08,0,0,369140.61,0,0,383864.17,0,0,376358.44,0,0,391675.35,0,0,404613.58,0,0,404613.58,0,0,366131.31,0,0,366131.31,0,0,366131.31,0,0,366131.31,0,0,366131.31,0,0,366131.31,0,0,366131.31,0,0,366131.31,0,0,366131.31,0,0,366131.31,0,0,366131.31,0,0,366131.31,0,0,366131.31,0,0,366131.31,0,0,366131.31,0,0,366131.31,0,0,366131.31,0,0,366131.31,0,0,366131.31,0,0,366131.31,0,0,366131.31,0,0,366131.31,0,0,366131.31,0,0,366131.31,0,0,366131.31,0,0,366131.31,0,0,366131.31,0,0,366131.31,0,0,366131.31,0,0,366131.31,246790.54,6248.2,1375028.88,0,0,366131.31,0,0,366131.31,0,0,366131.31,0,0,376358.44,0,0,366131.31,0,0,376358.44,0,0,366131.31
1,1,AstraZeneca,2021-05-03,any_risk_factors,0,0,0,0,0,0,0,0,0,0,0,0,0,0,0,0,0,0,0,0,0,0,0,0,0,0,0,0,0,0,0,0,0,0,0,0,0,0,0,0,0,0,0,0,0,0,0,0,0,0,308321.1,0,0,313340.28,0,0,308321.1,0,0,318525.58,0,0,313340.28,0,0,323885.39,0,0,318525.58,0,0,329428.66,0,0,335164.98,0,0,335164.98,0,0,308321.1,0,0,308321.1,0,0,308321.1,0,0,308321.1,0,0,308321.1,0,0,308321.1,0,0,308321.1,0,0,308321.1,0,0,308321.1,0,0,308321.1,0,0,308321.1,0,0,308321.1,0,0,308321.1,0,0,308321.1,0,0,308321.1,0,0,308321.1,0,0,308321.1,0,0,308321.1,0,0,308321.1,0,0,308321.1,0,0,308321.1,0,0,308321.1,0,0,308321.1,0,0,308321.1,0,0,308321.1,0,0,308321.1,0,0,308321.1,0,0,308321.1,0,0,308321.1,0,0,308321.1,0,0,858193.13,0,0,308321.1,0,0,308321.1,0,0,308321.1,0,0,318525.58,0,0,308321.1,0,0,318525.58,0,0,308321.1
1,1,AstraZeneca,2021-05-10,any_risk_factors,0,0,0,0,0,0,0,0,0,0,0,0,0,0,0,0,0,0,0,0,0,0,0,0,0,0,0,0,0,0,0,0,0,0,0,0,0,2,0,0,0,0,0,0,0,0,0,0,0,0,294184.11,0,0,298750.16,0,0,294184.11,0,0,303460.18,0,0,294184.11,0,0,303460.18,0,0,298750.16,0,0,308321.1,0,0,318525.58,0,0,318525.58,0,0,294184.11,0,0,294184.11,0,0,294184.11,0,0,294184.11,0,0,294184.11,0,0,294184.11,0,0,294184.11,0,0,294184.11,0,0,294184.11,0,0,294184.11,0,0,294184.11,0,0,294184.11,0,0,294184.11,0,0,294184.11,0,0,294184.11,0,0,294184.11,0,0,294184.11,0,0,294184.11,0,0,294184.11,0,0,294184.11,0,0,294184.11,0,0,294184.11,0,0,294184.11,0,0,294184.11,0,0,294184.11,0,0,294184.11,0,0,294184.11,0,0,294184.11,0,0,294184.11,0,0,294184.11,440060.24,53293.34,1589648.9,0,0,294184.11,0,0,294184.11,0,0,294184.11,0,0,298750.16,0,0,294184.11,0,0,298750.16,0,0,294184.11
1,1,AstraZeneca,2021-05-17,any_risk_factors,0,0,0,0,0,0,0,0,0,0,0,0,0,0,0,0,0,0,0,0,0,0,0,0,0,0,0,0,0,0,0,0,0,0,0,0,0,0,0,0,0,0,0,0,0,0,0,0,0,0,270554.86,0,0,274412.06,0,0,270554.86,0,0,278380.83,0,0,270554.86,0,0,278380.83,0,0,274412.06,0,0,282466.08,0,0,291007.18,0,0,291007.18,0,0,270554.86,0,0,270554.86,0,0,270554.86,0,0,270554.86,0,0,270554.86,0,0,270554.86,0,0,270554.86,0,0,270554.86,0,0,270554.86,0,0,270554.86,0,0,270554.86,0,0,270554.86,0,0,270554.86,0,0,270554.86,0,0,270554.86,0,0,270554.86,0,0,270554.86,0,0,270554.86,0,0,270554.86,0,0,270554.86,0,0,270554.86,0,0,270554.86,0,0,270554.86,0,0,270554.86,0,0,270554.86,0,0,270554.86,0,0,270554.86,0,0,270554.86,0,0,270554.86,0,0,270554.86,0,0,787931.71,0,0,270554.86,0,0,270554.86,0,0,270554.86,0,0,274412.06,0,0,270554.86,0,0,274412.06,0,0,270554.86
1,1,AstraZeneca,2021-05-24,any_risk_factors,0,0,0,0,0,0,0,0,0,0,0,0,0,0,0,0,0,0,0,0,0,0,0,0,0,0,0,0,0,0,0,0,0,0,0,0,0,0,0,0,0,0,0,0,0,0,0,0,0,0,268399.05,0,0,272194.59,0,0,268399.05,0,0,276099.02,0,0,268399.05,0,0,276099.02,0,0,272194.59,0,0,280117.09,0,0,288514.61,0,0,288514.61,0,0,268399.05,0,0,268399.05,0,0,268399.05,0,0,268399.05,0,0,268399.05,0,0,268399.05,0,0,268399.05,0,0,268399.05,0,0,268399.05,0,0,268399.05,0,0,268399.05,0,0,268399.05,0,0,268399.05,0,0,268399.05,0,0,268399.05,0,0,268399.05,0,0,268399.05,0,0,268399.05,0,0,268399.05,0,0,268399.05,0,0,268399.05,0,0,268399.05,0,0,268399.05,0,0,268399.05,0,0,268399.05,0,0,268399.05,0,0,268399.05,0,0,268399.05,0,0,268399.05,0,0,268399.05,0,0,797256.34,0,0,268399.05,0,0,268399.05,0,0,268399.05,0,0,272194.59,0,0,268399.05,0,0,272194.59,0,0,268399.05
1,1,AstraZeneca,2021-05-31,any_risk_factors,0,0,0,0,0,0,0,0,0,0,0,0,0,0,0,0,0,0,0,0,0,0,0,0,0,0,0,0,0,0,0,0,0,0,0,0,0,2,0,0,0,0,0,0,0,0,0,0,0,0,263671.86,0,0,267333.97,0,0,263671.86,0,0,271099.24,0,0,263671.86,0,0,271099.24,0,0,267333.97,0,0,278380.83,0,0,283059.5,0,0,283059.5,0,0,263671.86,0,0,263671.86,0,0,263671.86,0,0,263671.86,0,0,263671.86,0,0,263671.86,0,0,263671.86,0,0,263671.86,0,0,263671.86,0,0,263671.86,0,0,263671.86,0,0,263671.86,0,0,263671.86,0,0,263671.86,0,0,263671.86,0,0,263671.86,0,0,263671.86,0,0,263671.86,0,0,263671.86,0,0,263671.86,0,0,263671.86,0,0,263671.86,0,0,263671.86,0,0,263671.86,0,0,263671.86,0,0,263671.86,0,0,263671.86,0,0,263671.86,0,0,263671.86,0,0,263671.86,429705.88,52039.38,1552245.39,0,0,263671.86,0,0,263671.86,0,0,263671.86,0,0,267333.97,0,0,263671.86,0,0,267333.97,0,0,263671.86
1,1,AstraZeneca,2021-06-07,any_risk_factors,0,0,0,0,0,0,0,0,0,0,0,0,0,0,0,0,0,0,0,0,0,0,0,0,0,0,0,0,0,0,0,0,0,0,0,0,0,0,0,0,0,0,0,0,0,0,0,0,0,0,266804.6,0,0,270554.86,0,0,266804.6,0,0,274412.06,0,0,266804.6,0,0,274412.06,0,0,270554.86,0,0,282466.08,0,0,286673.03,0,0,286673.03,0,0,266804.6,0,0,266804.6,0,0,266804.6,0,0,266804.6,0,0,266804.6,0,0,266804.6,0,0,266804.6,0,0,266804.6,0,0,266804.6,0,0,266804.6,0,0,266804.6,0,0,266804.6,0,0,266804.6,0,0,266804.6,0,0,266804.6,0,0,266804.6,0,0,266804.6,0,0,266804.6,0,0,266804.6,0,0,266804.6,0,0,266804.6,0,0,266804.6,0,0,266804.6,0,0,266804.6,0,0,266804.6,0,0,266804.6,0,0,266804.6,0,0,266804.6,0,0,266804.6,0,0,266804.6,0,0,852761.53,0,0,266804.6,0,0,266804.6,0,0,266804.6,0,0,270554.86,0,0,266804.6,0,0,270554.86,0,0,266804.6
1,1,AstraZeneca,2021-06-14,any_risk_factors,0,0,0,0,0,0,0,1,0,0,0,0,0,0,0,0,0,0,0,0,0,0,0,0,0,0,0,0,0,0,0,0,0,0,0,0,0,1,0,0,0,0,0,0,0,0,0,0,0,0,302099.38,0,0,306916.45,0,0,302099.38,0,0,306218.91,0,0,302099.38,0,0,311889.63,0,0,306916.45,85139.86,2155.55,474368.94,0,0,320800.77,0,0,320800.77,0,0,302099.38,0,0,302099.38,0,0,302099.38,0,0,302099.38,0,0,302099.38,0,0,302099.38,0,0,302099.38,0,0,302099.38,0,0,302099.38,0,0,302099.38,0,0,302099.38,0,0,302099.38,0,0,302099.38,0,0,302099.38,0,0,302099.38,0,0,302099.38,0,0,302099.38,0,0,302099.38,0,0,302099.38,0,0,302099.38,0,0,302099.38,0,0,302099.38,0,0,302099.38,0,0,302099.38,0,0,302099.38,0,0,302099.38,0,0,302099.38,0,0,302099.38,0,0,302099.38,0,0,302099.38,259042.55,6558.39,1443292.73,0,0,302099.38,0,0,302099.38,0,0,302099.38,0,0,306916.45,0,0,302099.38,0,0,306916.45,0,0,302099.38
1,1,AstraZeneca,2021-06-21,any_risk_factors,0,0,0,0,0,0,0,0,0,0,0,0,0,0,0,0,0,0,0,0,0,0,0,0,0,0,0,0,0,0,0,0,0,0,0,0,0,0,0,0,0,0,0,0,0,0,0,0,0,0,387173.34,0,0,389411.34,0,0,387173.34,0,0,387173.34,0,0,387173.34,0,0,397452.28,0,0,388289.11,0,0,402197.98,0,0,402197.98,0,0,402197.98,0,0,387173.34,0,0,387173.34,0,0,387173.34,0,0,387173.34,0,0,387173.34,0,0,387173.34,0,0,387173.34,0,0,387173.34,0,0,387173.34,0,0,387173.34,0,0,387173.34,0,0,387173.34,0,0,387173.34,0,0,387173.34,0,0,387173.34,0,0,387173.34,0,0,387173.34,0,0,387173.34,0,0,387173.34,0,0,387173.34,0,0,387173.34,0,0,387173.34,0,0,387173.34,0,0,387173.34,0,0,387173.34,0,0,387173.34,0,0,387173.34,0,0,387173.34,0,0,387173.34,0,0,387173.34,0,0,1203002.88,0,0,387173.34,0,0,387173.34,0,0,387173.34,0,0,388289.11,0,0,387173.34,0,0,388289.11,0,0,387173.34
1,1,AstraZeneca,2021-06-28,any_risk_factors,0,0,0,0,0,0,0,0,0,0,0,0,0,0,0,0,0,0,0,0,0,0,0,0,0,0,0,0,0,0,0,0,0,0,0,0,0,0,0,0,0,0,0,0,0,0,0,0,0,0,1132238,0,0,1132238,0,0,1132238,0,0,1132238,0,0,1132238,0,0,1161520.02,0,0,1132238,0,0,1161520.02,0,0,1132238,0,0,1132238,0,0,1132238,0,0,1132238,0,0,1132238,0,0,1132238,0,0,1132238,0,0,1132238,0,0,1132238,0,0,1132238,0,0,1132238,0,0,1132238,0,0,1132238,0,0,1132238,0,0,1132238,0,0,1132238,0,0,1132238,0,0,1132238,0,0,1132238,0,0,1132238,0,0,1132238,0,0,1132238,0,0,1132238,0,0,1132238,0,0,1132238,0,0,1132238,0,0,1132238,0,0,1132238,0,0,1132238,0,0,1132238,0,0,1132238,0,0,1132238,0,0,3454777.49,0,0,1132238,0,0,1132238,0,0,1132238,0,0,1132238,0,0,1132238,0,0,1132238,0,0,1132238
1,1,Moderna,2021-06-07,any_risk_factors,0,0,0,0,0,0,0,0,0,0,0,0,0,0,0,0,0,0,0,0,0,0,0,0,0,0,0,0,0,0,0,0,0,0,0,0,0,0,0,0,0,0,0,0,0,0,0,0,0,0,955576.75,0,0,910380.55,0,0,910380.55,0,0,1060915.92,0,0,910380.55,0,0,910380.55,0,0,910380.55,0,0,910380.55,0,0,910380.55,0,0,910380.55,0,0,1005494.94,0,0,1005494.94,0,0,1005494.94,0,0,1005494.94,0,0,910380.55,0,0,910380.55,0,0,910380.55,0,0,955576.75,0,0,910380.55,0,0,910380.55,0,0,955576.75,0,0,910380.55,0,0,910380.55,0,0,910380.55,0,0,910380.55,0,0,910380.55,0,0,910380.55,0,0,910380.55,0,0,910380.55,0,0,910380.55,0,0,910380.55,0,0,910380.55,0,0,910380.55,0,0,955576.75,0,0,955576.75,0,0,910380.55,0,0,910380.55,0,0,910380.55,0,0,910380.55,0,0,910380.55,0,0,1585133.2,0,0,910380.55,0,0,910380.55,0,0,910380.55,0,0,910380.55,0,0,955576.75,0,0,955576.75,0,0,910380.55
1,1,Moderna,2021-06-14,any_risk_factors,0,0,0,0,0,0,0,0,0,0,0,0,0,0,0,0,0,0,0,0,0,0,0,0,0,0,0,0,0,0,0,0,0,0,0,0,0,0,0,0,0,0,0,0,0,0,0,0,0,0,802001.92,0,0,769921.84,0,0,769921.84,0,0,874911.18,0,0,769921.84,0,0,769921.84,0,0,769921.84,0,0,769921.84,0,0,769921.84,0,0,769921.84,0,0,836871.57,0,0,836871.57,0,0,836871.57,0,0,836871.57,0,0,769921.84,0,0,769921.84,0,0,769921.84,0,0,802001.92,0,0,769921.84,0,0,769921.84,0,0,802001.92,0,0,769921.84,0,0,769921.84,0,0,769921.84,0,0,769921.84,0,0,769921.84,0,0,769921.84,0,0,769921.84,0,0,769921.84,0,0,769921.84,0,0,769921.84,0,0,769921.84,0,0,769921.84,0,0,802001.92,0,0,802001.92,0,0,769921.84,0,0,769921.84,0,0,769921.84,0,0,769921.84,0,0,769921.84,0,0,1347363.22,0,0,769921.84,0,0,769921.84,0,0,769921.84,0,0,769921.84,0,0,802001.92,0,0,802001.92,0,0,769921.84
1,1,Moderna,2021-06-21,any_risk_factors,0,0,0,0,0,0,0,0,0,0,0,0,0,0,0,0,0,0,0,0,0,0,0,0,0,0,0,0,0,0,0,0,0,0,0,0,0,0,0,0,0,0,0,0,0,0,0,0,0,0,774346.68,0,0,744399.57,0,0,744399.57,0,0,842102.01,0,0,744399.57,0,0,744399.57,0,0,744399.57,0,0,744399.57,0,0,744399.57,0,0,744399.57,0,0,806804.32,0,0,806804.32,0,0,806804.32,0,0,806804.32,0,0,744399.57,0,0,744399.57,0,0,744399.57,0,0,774346.68,0,0,744399.57,0,0,744399.57,0,0,774346.68,0,0,744399.57,0,0,744399.57,0,0,744399.57,0,0,744399.57,0,0,744399.57,0,0,744399.57,0,0,744399.57,0,0,744399.57,0,0,744399.57,0,0,744399.57,0,0,744399.57,0,0,744399.57,0,0,774346.68,0,0,774346.68,0,0,744399.57,0,0,744399.57,0,0,744399.57,0,0,744399.57,0,0,744399.57,0,0,1295541.56,0,0,744399.57,0,0,744399.57,0,0,744399.57,0,0,744399.57,0,0,774346.68,0,0,774346.68,0,0,744399.57
1,1,Moderna,2021-06-28,any_risk_factors,0,0,0,0,0,0,0,0,0,0,0,0,0,0,0,0,0,0,0,0,0,0,0,0,0,0,0,0,0,0,0,0,0,0,0,0,0,0,0,0,0,0,0,0,0,0,0,0,0,0,1897694.68,0,0,1820761.11,0,0,1820761.11,0,0,2072866.49,0,0,1820761.11,0,0,1820761.11,0,0,1820761.11,0,0,1820761.11,0,0,1820761.11,0,0,1820761.11,0,0,1981416.5,0,0,1981416.5,0,0,1981416.5,0,0,1981416.5,0,0,1820761.11,0,0,1820761.11,0,0,1820761.11,0,0,1897694.68,0,0,1820761.11,0,0,1820761.11,0,0,1897694.68,0,0,1820761.11,0,0,1820761.11,0,0,1820761.11,0,0,1820761.11,0,0,1820761.11,0,0,1820761.11,0,0,1820761.11,0,0,1820761.11,0,0,1820761.11,0,0,1820761.11,0,0,1820761.11,0,0,1820761.11,0,0,1897694.68,0,0,1897694.68,0,0,1820761.11,0,0,1820761.11,0,0,1820761.11,0,0,1820761.11,0,0,1820761.11,0,0,3286251.76,0,0,1820761.11,0,0,1820761.11,0,0,1820761.11,0,0,1820761.11,0,0,1897694.68,0,0,1897694.68,0,0,1820761.11
1,1,AstraZeneca,2021-02-22,any_risk_factors,0,0,0,0,0,0,0,0,0,0,0,0,0,0,0,0,0,0,0,0,0,0,0,0,0,0,0,0,0,0,0,0,0,0,0,0,0,0,0,0,0,0,0,0,0,0,0,0,0,0,10364332.47,0,0,10364332.47,0,0,10364332.47,0,0,10364332.47,0,0,10364332.47,0,0,10364332.47,0,0,10364332.47,0,0,10364332.47,0,0,10364332.47,0,0,10364332.47,0,0,10364332.47,0,0,10364332.47,0,0,10364332.47,0,0,10364332.47,0,0,10364332.47,0,0,10364332.47,0,0,10364332.47,0,0,10364332.47,0,0,10364332.47,0,0,10364332.47,0,0,10364332.47,0,0,10364332.47,0,0,10364332.47,0,0,10364332.47,0,0,10364332.47,0,0,10364332.47,0,0,10364332.47,0,0,10364332.47,0,0,10364332.47,0,0,10364332.47,0,0,10364332.47,0,0,10364332.47,0,0,10364332.47,0,0,10364332.47,0,0,10364332.47,0,0,10364332.47,0,0,10364332.47,0,0,10364332.47,0,0,10364332.47,0,0,10364332.47,0,0,10364332.47,0,0,10364332.47,0,0,10364332.47,0,0,10364332.47,0,0,10364332.47,0,0,10364332.47,0,0,10364332.47,0,0,10364332.47
1,1,AstraZeneca,2021-02-15,any_risk_factors,0,0,0,0,0,0,0,0,0,0,0,0,0,0,0,0,0,0,0,0,0,0,0,0,0,0,0,0,0,0,0,0,0,0,0,0,0,0,0,0,0,0,0,0,0,0,0,0,0,0,26947264.41,0,0,26947264.41,0,0,26947264.41,0,0,26947264.41,0,0,26947264.41,0,0,26947264.41,0,0,26947264.41,0,0,26947264.41,0,0,26947264.41,0,0,26947264.41,0,0,26947264.41,0,0,26947264.41,0,0,26947264.41,0,0,26947264.41,0,0,26947264.41,0,0,26947264.41,0,0,26947264.41,0,0,26947264.41,0,0,26947264.41,0,0,26947264.41,0,0,26947264.41,0,0,26947264.41,0,0,26947264.41,0,0,26947264.41,0,0,26947264.41,0,0,26947264.41,0,0,26947264.41,0,0,26947264.41,0,0,26947264.41,0,0,26947264.41,0,0,26947264.41,0,0,26947264.41,0,0,26947264.41,0,0,26947264.41,0,0,26947264.41,0,0,26947264.41,0,0,26947264.41,0,0,26947264.41,0,0,26947264.41,0,0,26947264.41,0,0,26947264.41,0,0,26947264.41,0,0,26947264.41,0,0,26947264.41,0,0,26947264.41,0,0,26947264.41,0,0,26947264.41,0,0,26947264.41
1,1,Moderna,2021-04-26,any_risk_factors,0,0,0,0,0,0,0,0,0,0,0,0,0,0,0,0,0,0,0,0,0,0,0,0,0,0,0,0,0,0,0,0,0,0,0,0,0,0,0,0,0,0,0,0,0,0,0,0,0,0,694517.12,0,0,670329.96,0,0,670329.96,0,0,752716.88,0,0,728304.44,0,0,728304.44,0,0,698115.66,0,0,698115.66,0,0,670329.96,0,0,670329.96,0,0,670329.96,0,0,670329.96,0,0,670329.96,0,0,670329.96,0,0,670329.96,0,0,670329.96,0,0,694517.12,0,0,720515.09,0,0,670329.96,0,0,670329.96,0,0,694517.12,0,0,670329.96,0,0,670329.96,0,0,670329.96,0,0,670329.96,0,0,670329.96,0,0,670329.96,0,0,670329.96,0,0,670329.96,0,0,670329.96,0,0,694517.12,0,0,670329.96,0,0,670329.96,0,0,694517.12,0,0,694517.12,0,0,670329.96,0,0,670329.96,0,0,670329.96,0,0,670329.96,0,0,670329.96,0,0,1772846.34,0,0,670329.96,0,0,670329.96,0,0,670329.96,0,0,698115.66,0,0,694517.12,0,0,724388.83,0,0,670329.96
1,1,Moderna,2021-03-22,any_risk_factors,0,0,0,0,0,0,0,0,0,0,0,0,0,0,0,0,0,0,0,0,0,0,0,0,0,0,0,0,0,0,0,0,0,0,0,0,0,1,0,0,0,0,0,0,0,0,0,0,0,0,1981416.5,0,0,2208792.16,0,0,1981416.5,0,0,2591083.12,0,0,2283666.48,0,0,2449751.31,0,0,2173166.48,0,0,2173166.48,0,0,2807006.71,0,0,2807006.71,0,0,1981416.5,0,0,1981416.5,0,0,1981416.5,0,0,1981416.5,0,0,1981416.5,0,0,1981416.5,0,0,1981416.5,0,0,1981416.5,0,0,1981416.5,0,0,1981416.5,0,0,1981416.5,0,0,1981416.5,0,0,1981416.5,0,0,1981416.5,0,0,1981416.5,0,0,1981416.5,0,0,1981416.5,0,0,1981416.5,0,0,1981416.5,0,0,1981416.5,0,0,1981416.5,0,0,1981416.5,0,0,1981416.5,0,0,1981416.5,0,0,1981416.5,0,0,1981416.5,0,0,1981416.5,0,0,1981416.5,0,0,1981416.5,0,0,1981416.5,1106818.18,28022.21,6166796.21,0,0,1981416.5,0,0,1981416.5,0,0,1981416.5,0,0,2173166.48,0,0,1981416.5,0,0,2173166.48,0,0,1981416.5
1,2,AstraZeneca,2021-06-28,any_risk_factors,0,0,0,0,0,0,0,0,0,0,0,0,0,0,0,0,0,0,0,0,0,0,0,0,0,0,0,0,0,0,0,0,0,0,0,0,0,0,0,0,0,0,0,0,0,0,0,0,0,0,1259217.96,0,0,1295541.56,0,0,1259217.96,0,0,1334022.99,0,0,1259217.96,0,0,1295541.56,0,0,1295541.56,0,0,1418277.07,0,0,1464525.24,0,0,1464525.24,0,0,1295541.56,0,0,1295541.56,0,0,1295541.56,0,0,1295541.56,0,0,1259217.96,0,0,1259217.96,0,0,1259217.96,0,0,1259217.96,0,0,1259217.96,0,0,1259217.96,0,0,1259217.96,0,0,1259217.96,0,0,1259217.96,0,0,1259217.96,0,0,1259217.96,0,0,1259217.96,0,0,1259217.96,0,0,1259217.96,0,0,1259217.96,0,0,1259217.96,0,0,1259217.96,0,0,1259217.96,0,0,1259217.96,0,0,1259217.96,0,0,1259217.96,0,0,1259217.96,0,0,1259217.96,0,0,1259217.96,0,0,1259217.96,0,0,1259217.96,0,0,4082918.85,0,0,1259217.96,0,0,1259217.96,0,0,1259217.96,0,0,1295541.56,0,0,1259217.96,0,0,1295541.56,0,0,1259217.96
1,2,AstraZeneca,2021-05-17,any_risk_factors,0,0,0,0,0,0,0,0,0,0,0,0,0,0,0,0,0,0,0,0,0,0,0,0,0,0,0,0,0,0,0,0,0,0,0,0,0,0,0,0,0,0,0,0,0,0,0,0,0,0,14970702.45,0,0,14970702.45,0,0,14970702.45,0,0,14970702.45,0,0,14970702.45,0,0,14970702.45,0,0,14970702.45,0,0,14970702.45,0,0,14970702.45,0,0,14970702.45,0,0,14970702.45,0,0,14970702.45,0,0,14970702.45,0,0,14970702.45,0,0,14970702.45,0,0,14970702.45,0,0,14970702.45,0,0,14970702.45,0,0,14970702.45,0,0,14970702.45,0,0,14970702.45,0,0,14970702.45,0,0,14970702.45,0,0,14970702.45,0,0,14970702.45,0,0,14970702.45,0,0,14970702.45,0,0,14970702.45,0,0,14970702.45,0,0,14970702.45,0,0,14970702.45,0,0,14970702.45,0,0,14970702.45,0,0,14970702.45,0,0,14970702.45,0,0,14970702.45,0,0,14970702.45,0,0,14970702.45,0,0,14970702.45,0,0,14970702.45,0,0,14970702.45,0,0,14970702.45,0,0,14970702.45,0,0,14970702.45,0,0,14970702.45,0,0,14970702.45,0,0,14970702.45,0,0,14970702.45
1,2,AstraZeneca,2021-05-24,any_risk_factors,0,0,0,0,0,0,0,0,0,0,0,0,0,0,0,0,0,0,0,0,0,0,0,0,0,0,0,0,0,0,0,0,0,0,0,0,0,0,0,0,0,0,0,0,0,0,0,0,0,0,9624023,0,0,9624023,0,0,9624023,0,0,9624023,0,0,9624023,0,0,9624023,0,0,9624023,0,0,9624023,0,0,9624023,0,0,9624023,0,0,9624023,0,0,9624023,0,0,9624023,0,0,9624023,0,0,9624023,0,0,9624023,0,0,9624023,0,0,9624023,0,0,9624023,0,0,9624023,0,0,9624023,0,0,9624023,0,0,9624023,0,0,9624023,0,0,9624023,0,0,9624023,0,0,9624023,0,0,9624023,0,0,9624023,0,0,9624023,0,0,9624023,0,0,9624023,0,0,9624023,0,0,9624023,0,0,9624023,0,0,9624023,0,0,9624023,0,0,9624023,0,0,9624023,0,0,9624023,0,0,9624023,0,0,9624023,0,0,9624023,0,0,9624023,0,0,9624023,0,0,9624023,0,0,9624023,0,0,9624023
1,2,AstraZeneca,2021-05-31,any_risk_factors,0,0,0,0,0,0,0,0,0,0,0,0,0,0,0,0,0,0,0,0,0,0,0,0,0,0,0,0,0,0,0,0,0,0,0,0,0,0,0,0,0,0,0,0,0,0,0,0,0,0,9624023,0,0,9624023,0,0,9624023,0,0,9624023,0,0,9624023,0,0,9624023,0,0,9624023,0,0,9624023,0,0,9624023,0,0,9624023,0,0,9624023,0,0,9624023,0,0,9624023,0,0,9624023,0,0,9624023,0,0,9624023,0,0,9624023,0,0,9624023,0,0,9624023,0,0,9624023,0,0,9624023,0,0,9624023,0,0,9624023,0,0,9624023,0,0,9624023,0,0,9624023,0,0,9624023,0,0,9624023,0,0,9624023,0,0,9624023,0,0,9624023,0,0,9624023,0,0,9624023,0,0,9624023,0,0,9624023,0,0,9624023,0,0,9624023,0,0,9624023,0,0,9624023,0,0,9624023,0,0,9624023,0,0,9624023,0,0,9624023,0,0,9624023,0,0,9624023,0,0,9624023,0,0,9624023,0,0,9624023
1,2,AstraZeneca,2021-06-07,any_risk_factors,0,0,0,0,0,0,0,0,0,0,0,0,0,0,0,0,0,0,0,0,0,0,0,0,0,0,0,0,0,0,0,0,0,0,0,0,0,0,0,0,0,0,0,0,0,0,0,0,0,0,6736816.1,0,0,6736816.1,0,0,6736816.1,0,0,6736816.1,0,0,6736816.1,0,0,6736816.1,0,0,6736816.1,0,0,6736816.1,0,0,6736816.1,0,0,6736816.1,0,0,6736816.1,0,0,6736816.1,0,0,6736816.1,0,0,6736816.1,0,0,6736816.1,0,0,6736816.1,0,0,6736816.1,0,0,6736816.1,0,0,6736816.1,0,0,6736816.1,0,0,6736816.1,0,0,6736816.1,0,0,6736816.1,0,0,6736816.1,0,0,6736816.1,0,0,6736816.1,0,0,6736816.1,0,0,6736816.1,0,0,6736816.1,0,0,6736816.1,0,0,6736816.1,0,0,6736816.1,0,0,6736816.1,0,0,6736816.1,0,0,6736816.1,0,0,6736816.1,0,0,6736816.1,0,0,6736816.1,0,0,6736816.1,0,0,6736816.1,0,0,7925666,0,0,6736816.1,0,0,6736816.1,0,0,6736816.1,0,0,6736816.1,0,0,6736816.1,0,0,6736816.1,0,0,6736816.1
1,2,AstraZeneca,2021-06-14,any_risk_factors,0,0,0,0,0,0,0,0,0,0,0,0,0,0,0,0,0,0,0,0,0,0,0,0,0,0,0,0,0,0,0,0,0,0,0,0,0,0,0,0,0,0,0,0,0,0,0,0,0,0,1705523.06,0,0,1705523.06,0,0,1705523.06,0,0,1897694.68,0,0,1705523.06,0,0,1705523.06,0,0,1705523.06,0,0,1981416.5,0,0,1924804.6,0,0,1924804.6,0,0,1705523.06,0,0,1705523.06,0,0,1705523.06,0,0,1705523.06,0,0,1705523.06,0,0,1705523.06,0,0,1705523.06,0,0,1705523.06,0,0,1705523.06,0,0,1705523.06,0,0,1705523.06,0,0,1705523.06,0,0,1705523.06,0,0,1705523.06,0,0,1705523.06,0,0,1705523.06,0,0,1705523.06,0,0,1705523.06,0,0,1705523.06,0,0,1705523.06,0,0,1705523.06,0,0,1705523.06,0,0,1705523.06,0,0,1705523.06,0,0,1705523.06,0,0,1705523.06,0,0,1705523.06,0,0,1705523.06,0,0,1705523.06,0,0,1705523.06,0,0,4210510.06,0,0,1705523.06,0,0,1705523.06,0,0,1705523.06,0,0,1705523.06,0,0,1705523.06,0,0,1705523.06,0,0,1705523.06
1,2,AstraZeneca,2021-06-21,any_risk_factors,0,0,0,0,0,0,0,0,0,0,0,0,0,0,0,0,0,0,0,0,0,0,0,0,0,0,0,0,0,0,0,0,0,0,0,0,0,0,0,0,0,0,0,0,0,0,0,0,0,0,761222.16,0,0,783350.71,0,0,761222.16,0,0,826603.2,0,0,761222.16,0,0,783350.71,0,0,787931.71,0,0,869266.59,0,0,869266.59,0,0,869266.59,0,0,761222.16,0,0,761222.16,0,0,761222.16,0,0,761222.16,0,0,761222.16,0,0,761222.16,0,0,761222.16,0,0,761222.16,0,0,761222.16,0,0,761222.16,0,0,761222.16,0,0,761222.16,0,0,761222.16,0,0,761222.16,0,0,761222.16,0,0,761222.16,0,0,761222.16,0,0,761222.16,0,0,761222.16,0,0,761222.16,0,0,761222.16,0,0,761222.16,0,0,761222.16,0,0,761222.16,0,0,761222.16,0,0,761222.16,0,0,761222.16,0,0,761222.16,0,0,761222.16,0,0,761222.16,0,0,2406005.75,0,0,761222.16,0,0,761222.16,0,0,761222.16,0,0,787931.71,0,0,761222.16,0,0,787931.71,0,0,761222.16
1,2,AstraZeneca,2021-05-03,any_risk_factors,0,0,0,0,0,0,0,0,0,0,0,0,0,0,0,0,0,0,0,0,0,0,0,0,0,0,0,0,0,0,0,0,0,0,0,0,0,0,0,0,0,0,0,0,0,0,0,0,0,0,44912107.35,0,0,44912107.35,0,0,44912107.35,0,0,44912107.35,0,0,44912107.35,0,0,44912107.35,0,0,44912107.35,0,0,44912107.35,0,0,44912107.35,0,0,44912107.35,0,0,44912107.35,0,0,44912107.35,0,0,44912107.35,0,0,44912107.35,0,0,44912107.35,0,0,44912107.35,0,0,44912107.35,0,0,44912107.35,0,0,44912107.35,0,0,44912107.35,0,0,44912107.35,0,0,44912107.35,0,0,44912107.35,0,0,44912107.35,0,0,44912107.35,0,0,44912107.35,0,0,44912107.35,0,0,44912107.35,0,0,44912107.35,0,0,44912107.35,0,0,44912107.35,0,0,44912107.35,0,0,44912107.35,0,0,44912107.35,0,0,44912107.35,0,0,44912107.35,0,0,44912107.35,0,0,44912107.35,0,0,44912107.35,0,0,44912107.35,0,0,44912107.35,0,0,44912107.35,0,0,44912107.35,0,0,44912107.35,0,0,44912107.35,0,0,44912107.35,0,0,44912107.35,0,0,44912107.35
1,2,AstraZeneca,2021-05-10,any_risk_factors,0,0,0,0,0,0,0,0,0,0,0,0,0,0,0,0,0,0,0,0,0,0,0,0,0,0,0,0,0,0,0,0,0,0,0,0,0,0,0,0,0,0,0,0,0,0,0,0,0,0,19248046.01,0,0,19248046.01,0,0,19248046.01,0,0,19248046.01,0,0,19248046.01,0,0,19248046.01,0,0,19248046.01,0,0,19248046.01,0,0,19248046.01,0,0,19248046.01,0,0,19248046.01,0,0,19248046.01,0,0,19248046.01,0,0,19248046.01,0,0,19248046.01,0,0,19248046.01,0,0,19248046.01,0,0,19248046.01,0,0,19248046.01,0,0,19248046.01,0,0,19248046.01,0,0,19248046.01,0,0,19248046.01,0,0,19248046.01,0,0,19248046.01,0,0,19248046.01,0,0,19248046.01,0,0,19248046.01,0,0,19248046.01,0,0,19248046.01,0,0,19248046.01,0,0,19248046.01,0,0,19248046.01,0,0,19248046.01,0,0,19248046.01,0,0,19248046.01,0,0,19248046.01,0,0,19248046.01,0,0,19248046.01,0,0,19248046.01,0,0,19248046.01,0,0,19248046.01,0,0,19248046.01,0,0,19248046.01,0,0,19248046.01,0,0,19248046.01,0,0,19248046.01,0,0,19248046.01
1,2,Moderna,2021-04-19,any_risk_factors,0,0,0,0,0,0,0,0,0,0,0,0,0,0,0,0,0,0,0,0,0,0,0,0,0,0,0,0,0,0,0,0,0,0,0,0,0,1,0,0,0,0,0,0,0,0,0,0,0,0,1663411.38,0,0,1820761.11,0,0,1663411.38,0,0,2283666.48,0,0,1820761.11,0,0,1924804.6,0,0,1749822.36,0,0,1749822.36,0,0,2495117.08,0,0,2495117.08,0,0,1663411.38,0,0,1663411.38,0,0,1663411.38,0,0,1663411.38,0,0,1663411.38,0,0,1663411.38,0,0,1663411.38,0,0,1663411.38,0,0,1663411.38,0,0,1663411.38,0,0,1663411.38,0,0,1663411.38,0,0,1663411.38,0,0,1663411.38,0,0,1663411.38,0,0,1663411.38,0,0,1663411.38,0,0,1663411.38,0,0,1663411.38,0,0,1663411.38,0,0,1663411.38,0,0,1663411.38,0,0,1663411.38,0,0,1663411.38,0,0,1663411.38,0,0,1663411.38,0,0,1663411.38,0,0,1663411.38,0,0,1663411.38,0,0,1663411.38,1106818.18,28022.21,6166796.21,0,0,1663411.38,0,0,1663411.38,0,0,1663411.38,0,0,1749822.36,0,0,1663411.38,0,0,1749822.36,0,0,1663411.38
1,2,Pfizer,2021-01-25,any_risk_factors,0,0,0,0,0,0,0,0,0,0,0,0,0,0,0,0,0,0,0,0,0,0,0,0,0,0,0,0,0,0,0,0,0,0,0,0,0,0,0,0,0,0,0,0,0,0,0,0,0,0,6124378.28,0,0,6124378.28,0,0,6124378.28,0,0,7485351.23,0,0,6124378.28,0,0,7925666,0,0,6124378.28,0,0,6124378.28,0,0,6124378.28,0,0,6124378.28,0,0,6124378.28,0,0,6124378.28,0,0,6124378.28,0,0,6124378.28,0,0,6124378.28,0,0,6124378.28,0,0,6124378.28,0,0,6124378.28,0,0,6124378.28,0,0,6124378.28,0,0,6124378.28,0,0,6124378.28,0,0,6124378.28,0,0,6124378.28,0,0,6124378.28,0,0,6124378.28,0,0,6124378.28,0,0,6124378.28,0,0,6124378.28,0,0,6124378.28,0,0,6124378.28,0,0,6124378.28,0,0,6124378.28,0,0,6124378.28,0,0,6124378.28,0,0,6124378.28,0,0,6124378.28,0,0,6124378.28,0,0,6124378.28,0,0,6124378.28,0,0,33684080.52,0,0,6124378.28,0,0,6124378.28,0,0,6124378.28,0,0,6124378.28,0,0,6124378.28,0,0,6124378.28,0,0,6124378.28
1,1,J&J,2021-05-24,any_risk_factors,0,0,0,0,0,0,0,0,0,0,0,0,0,0,0,0,0,0,0,0,0,0,0,0,0,0,0,0,0,0,0,0,0,0,0,0,0,0,0,0,0,0,0,0,0,0,0,0,0,0,3286251.76,0,0,3286251.76,0,0,3286251.76,0,0,3286251.76,0,0,3286251.76,0,0,3286251.76,0,0,3286251.76,0,0,3286251.76,0,0,3286251.76,0,0,3286251.76,0,0,3286251.76,0,0,3286251.76,0,0,3286251.76,0,0,3286251.76,0,0,3286251.76,0,0,3286251.76,0,0,3286251.76,0,0,3286251.76,0,0,3286251.76,0,0,3286251.76,0,0,3286251.76,0,0,3286251.76,0,0,3286251.76,0,0,3286251.76,0,0,3286251.76,0,0,3286251.76,0,0,3286251.76,0,0,3286251.76,0,0,3286251.76,0,0,3286251.76,0,0,3286251.76,0,0,3286251.76,0,0,3286251.76,0,0,3286251.76,0,0,3286251.76,0,0,3286251.76,0,0,3286251.76,0,0,3286251.76,0,0,3286251.76,0,0,3286251.76,0,0,4990234.15,0,0,3286251.76,0,0,3286251.76,0,0,3286251.76,0,0,3286251.76,0,0,3286251.76,0,0,3286251.76,0,0,3286251.76
1,1,J&J,2021-05-31,any_risk_factors,0,0,0,0,0,0,0,0,0,0,0,0,0,0,0,0,0,0,0,0,0,0,0,0,0,0,0,0,0,0,0,0,0,0,0,0,0,0,0,0,0,0,0,0,0,0,0,0,0,0,2866730.26,0,0,2866730.26,0,0,2866730.26,0,0,2866730.26,0,0,2866730.26,0,0,2866730.26,0,0,2866730.26,0,0,2866730.26,0,0,2866730.26,0,0,2866730.26,0,0,2866730.26,0,0,2866730.26,0,0,2866730.26,0,0,2866730.26,0,0,2866730.26,0,0,2866730.26,0,0,2866730.26,0,0,2866730.26,0,0,2866730.26,0,0,2866730.26,0,0,2866730.26,0,0,2866730.26,0,0,2866730.26,0,0,2866730.26,0,0,2866730.26,0,0,2866730.26,0,0,2866730.26,0,0,2866730.26,0,0,2866730.26,0,0,2866730.26,0,0,2866730.26,0,0,2866730.26,0,0,2866730.26,0,0,2866730.26,0,0,2866730.26,0,0,2866730.26,0,0,2866730.26,0,0,2866730.26,0,0,2866730.26,0,0,2866730.26,0,0,4082918.85,0,0,2866730.26,0,0,2866730.26,0,0,2866730.26,0,0,2866730.26,0,0,2866730.26,0,0,2866730.26,0,0,2866730.26
1,1,J&J,2021-06-07,any_risk_factors,0,0,0,0,0,0,0,0,0,0,0,0,0,0,0,0,0,0,0,0,0,0,0,0,0,0,0,0,0,0,0,0,0,0,0,0,0,0,0,0,0,0,0,0,0,0,0,0,0,0,2495117.08,0,0,2495117.08,0,0,2495117.08,0,0,2495117.08,0,0,2495117.08,0,0,2495117.08,0,0,2495117.08,0,0,2495117.08,0,0,2495117.08,0,0,2495117.08,0,0,2495117.08,0,0,2495117.08,0,0,2495117.08,0,0,2495117.08,0,0,2495117.08,0,0,2495117.08,0,0,2495117.08,0,0,2495117.08,0,0,2495117.08,0,0,2495117.08,0,0,2495117.08,0,0,2495117.08,0,0,2495117.08,0,0,2495117.08,0,0,2495117.08,0,0,2495117.08,0,0,2495117.08,0,0,2495117.08,0,0,2495117.08,0,0,2495117.08,0,0,2495117.08,0,0,2495117.08,0,0,2495117.08,0,0,2495117.08,0,0,2495117.08,0,0,2495117.08,0,0,2495117.08,0,0,2495117.08,0,0,2495117.08,0,0,2495117.08,0,0,3368408.05,0,0,2495117.08,0,0,2495117.08,0,0,2495117.08,0,0,2495117.08,0,0,2495117.08,0,0,2495117.08,0,0,2495117.08
1,1,J&J,2021-06-14,any_risk_factors,0,0,0,0,0,0,0,0,0,0,0,0,0,0,0,0,0,0,0,0,0,0,0,0,0,0,0,0,0,0,0,0,0,0,0,0,0,0,0,0,0,0,0,0,0,0,0,0,0,0,2406005.75,0,0,2406005.75,0,0,2406005.75,0,0,2406005.75,0,0,2406005.75,0,0,2406005.75,0,0,2406005.75,0,0,2406005.75,0,0,2406005.75,0,0,2406005.75,0,0,2406005.75,0,0,2406005.75,0,0,2406005.75,0,0,2406005.75,0,0,2406005.75,0,0,2406005.75,0,0,2406005.75,0,0,2406005.75,0,0,2406005.75,0,0,2406005.75,0,0,2406005.75,0,0,2406005.75,0,0,2406005.75,0,0,2406005.75,0,0,2406005.75,0,0,2406005.75,0,0,2406005.75,0,0,2406005.75,0,0,2406005.75,0,0,2406005.75,0,0,2406005.75,0,0,2406005.75,0,0,2406005.75,0,0,2406005.75,0,0,2406005.75,0,0,2406005.75,0,0,2406005.75,0,0,2406005.75,0,0,2406005.75,0,0,2406005.75,0,0,3208007.67,0,0,2406005.75,0,0,2406005.75,0,0,2406005.75,0,0,2406005.75,0,0,2406005.75,0,0,2406005.75,0,0,2406005.75
1,1,J&J,2021-06-21,any_risk_factors,0,0,0,0,0,0,0,0,0,0,0,0,0,0,0,0,0,0,0,0,0,0,0,0,0,0,0,0,0,0,0,0,0,0,0,0,0,0,0,0,0,0,0,0,0,0,0,0,0,0,2138671.78,0,0,2138671.78,0,0,2138671.78,0,0,2138671.78,0,0,2138671.78,0,0,2138671.78,0,0,2138671.78,0,0,2138671.78,0,0,2138671.78,0,0,2138671.78,0,0,2138671.78,0,0,2138671.78,0,0,2138671.78,0,0,2138671.78,0,0,2138671.78,0,0,2138671.78,0,0,2138671.78,0,0,2138671.78,0,0,2138671.78,0,0,2138671.78,0,0,2138671.78,0,0,2138671.78,0,0,2138671.78,0,0,2138671.78,0,0,2138671.78,0,0,2138671.78,0,0,2138671.78,0,0,2138671.78,0,0,2138671.78,0,0,2138671.78,0,0,2138671.78,0,0,2138671.78,0,0,2138671.78,0,0,2138671.78,0,0,2138671.78,0,0,2138671.78,0,0,2138671.78,0,0,2138671.78,0,0,2138671.78,0,0,2138671.78,0,0,2749720.86,0,0,2138671.78,0,0,2138671.78,0,0,2138671.78,0,0,2138671.78,0,0,2138671.78,0,0,2138671.78,0,0,2138671.78
1,1,J&J,2021-06-28,any_risk_factors,0,0,0,0,0,0,0,0,0,0,0,0,0,0,0,0,0,0,0,0,0,0,0,0,0,0,0,0,0,0,0,0,0,0,0,0,0,0,0,0,0,0,0,0,0,0,0,0,0,0,4990234.15,0,0,4990234.15,0,0,4990234.15,0,0,4990234.15,0,0,4990234.15,0,0,4990234.15,0,0,4990234.15,0,0,4990234.15,0,0,4990234.15,0,0,4990234.15,0,0,4990234.15,0,0,4990234.15,0,0,4990234.15,0,0,4990234.15,0,0,4990234.15,0,0,4990234.15,0,0,4990234.15,0,0,4990234.15,0,0,4990234.15,0,0,4990234.15,0,0,4990234.15,0,0,4990234.15,0,0,4990234.15,0,0,4990234.15,0,0,4990234.15,0,0,4990234.15,0,0,4990234.15,0,0,4990234.15,0,0,4990234.15,0,0,4990234.15,0,0,4990234.15,0,0,4990234.15,0,0,4990234.15,0,0,4990234.15,0,0,4990234.15,0,0,4990234.15,0,0,4990234.15,0,0,4990234.15,0,0,4990234.15,0,0,4990234.15,0,0,6416015.34,0,0,4990234.15,0,0,4990234.15,0,0,4990234.15,0,0,4990234.15,0,0,4990234.15,0,0,4990234.15,0,0,4990234.15
1,1,Moderna,2021-03-01,any_risk_factors,0,0,0,0,0,0,0,0,0,0,0,0,0,0,0,0,0,0,0,0,0,0,0,0,0,0,0,0,0,0,0,0,0,0,0,0,0,0,0,0,0,0,0,0,0,0,0,0,0,0,7091385.37,0,0,8421020.13,0,0,7091385.37,0,0,7091385.37,0,0,8421020.13,0,0,8421020.13,0,0,7091385.37,0,0,7091385.37,0,0,14970702.45,0,0,14970702.45,0,0,7091385.37,0,0,7091385.37,0,0,7091385.37,0,0,7091385.37,0,0,7091385.37,0,0,7091385.37,0,0,7091385.37,0,0,7091385.37,0,0,7091385.37,0,0,7091385.37,0,0,7091385.37,0,0,7091385.37,0,0,7091385.37,0,0,7091385.37,0,0,7091385.37,0,0,7091385.37,0,0,7091385.37,0,0,7091385.37,0,0,7091385.37,0,0,7091385.37,0,0,7091385.37,0,0,7091385.37,0,0,7091385.37,0,0,7091385.37,0,0,7091385.37,0,0,7091385.37,0,0,7091385.37,0,0,7091385.37,0,0,7091385.37,0,0,7091385.37,0,0,19248046.01,0,0,7091385.37,0,0,7091385.37,0,0,7091385.37,0,0,7091385.37,0,0,7091385.37,0,0,7091385.37,0,0,7091385.37
1,1,Moderna,2021-03-08,any_risk_factors,0,0,0,0,0,0,0,0,0,0,0,0,0,0,0,0,0,0,0,0,0,0,0,0,0,0,0,0,0,0,0,0,0,0,0,0,0,0,0,0,0,0,0,0,0,0,0,0,0,0,3641522.22,0,0,4491210.74,0,0,3641522.22,0,0,3641522.22,0,0,4491210.74,0,0,4491210.74,0,0,3641522.22,0,0,3641522.22,0,0,5858100.96,0,0,5858100.96,0,0,3641522.22,0,0,3641522.22,0,0,3641522.22,0,0,3641522.22,0,0,3641522.22,0,0,3641522.22,0,0,3641522.22,0,0,3641522.22,0,0,3641522.22,0,0,3641522.22,0,0,3641522.22,0,0,3641522.22,0,0,3641522.22,0,0,3641522.22,0,0,3641522.22,0,0,3641522.22,0,0,3641522.22,0,0,3641522.22,0,0,3641522.22,0,0,3641522.22,0,0,3641522.22,0,0,3641522.22,0,0,3641522.22,0,0,3641522.22,0,0,3641522.22,0,0,3641522.22,0,0,3641522.22,0,0,3641522.22,0,0,3641522.22,0,0,3641522.22,0,0,8421020.13,0,0,3641522.22,0,0,3641522.22,0,0,3641522.22,0,0,3641522.22,0,0,3641522.22,0,0,3641522.22,0,0,3641522.22
1,1,Moderna,2021-03-15,any_risk_factors,0,0,0,0,0,0,0,0,0,0,0,0,0,0,0,0,0,0,0,0,0,0,0,0,0,0,0,0,0,0,0,0,0,0,0,0,0,0,0,0,0,0,0,0,0,0,0,0,0,0,2807006.71,0,0,3286251.76,0,0,2807006.71,0,0,3208007.67,0,0,3286251.76,0,0,3286251.76,0,0,2807006.71,0,0,2807006.71,0,0,4812011.5,0,0,4812011.5,0,0,2807006.71,0,0,2807006.71,0,0,2807006.71,0,0,2807006.71,0,0,2807006.71,0,0,2807006.71,0,0,2807006.71,0,0,2807006.71,0,0,2807006.71,0,0,2807006.71,0,0,2807006.71,0,0,2807006.71,0,0,2807006.71,0,0,2807006.71,0,0,2807006.71,0,0,2807006.71,0,0,2807006.71,0,0,2807006.71,0,0,2807006.71,0,0,2807006.71,0,0,2807006.71,0,0,2807006.71,0,0,2807006.71,0,0,2807006.71,0,0,2807006.71,0,0,2807006.71,0,0,2807006.71,0,0,2807006.71,0,0,2807006.71,0,0,2807006.71,0,0,6416015.34,0,0,2807006.71,0,0,2807006.71,0,0,2807006.71,0,0,2807006.71,0,0,2807006.71,0,0,2807006.71,0,0,2807006.71
1,1,Moderna,2021-02-22,any_risk_factors,0,0,0,0,0,0,0,0,0,0,0,0,0,0,0,0,0,0,0,0,0,0,0,0,0,0,0,0,0,0,0,0,0,0,0,0,0,0,0,0,0,0,0,0,0,0,0,0,0,0,12248756.55,0,0,12248756.55,0,0,12248756.55,0,0,12248756.55,0,0,12248756.55,0,0,12248756.55,0,0,12248756.55,0,0,12248756.55,0,0,26947264.41,0,0,26947264.41,0,0,12248756.55,0,0,12248756.55,0,0,12248756.55,0,0,12248756.55,0,0,12248756.55,0,0,12248756.55,0,0,12248756.55,0,0,12248756.55,0,0,12248756.55,0,0,12248756.55,0,0,12248756.55,0,0,12248756.55,0,0,12248756.55,0,0,12248756.55,0,0,12248756.55,0,0,12248756.55,0,0,12248756.55,0,0,12248756.55,0,0,12248756.55,0,0,12248756.55,0,0,12248756.55,0,0,12248756.55,0,0,12248756.55,0,0,12248756.55,0,0,12248756.55,0,0,12248756.55,0,0,12248756.55,0,0,12248756.55,0,0,12248756.55,0,0,12248756.55,0,0,26947264.41,0,0,12248756.55,0,0,12248756.55,0,0,12248756.55,0,0,12248756.55,0,0,12248756.55,0,0,12248756.55,0,0,12248756.55
1,1,Pfizer,2021-02-15,any_risk_factors,0,0,0,0,0,0,0,0,0,0,0,0,0,0,0,0,0,0,0,0,0,0,0,0,0,0,0,0,0,0,0,0,0,0,0,0,0,0,0,0,0,0,0,0,0,0,0,0,0,0,3454777.49,0,0,3454777.49,0,0,3454777.49,0,0,3849609.2,0,0,3454777.49,0,0,4210510.06,0,0,4210510.06,0,0,5389452.88,0,0,5389452.88,0,0,5389452.88,0,0,3454777.49,0,0,3454777.49,0,0,3454777.49,0,0,3454777.49,0,0,3454777.49,0,0,3454777.49,0,0,3454777.49,0,0,3454777.49,0,0,3454777.49,0,0,3454777.49,0,0,3454777.49,0,0,3454777.49,0,0,3454777.49,0,0,3454777.49,0,0,3454777.49,0,0,3454777.49,0,0,3454777.49,0,0,3454777.49,0,0,3454777.49,0,0,3454777.49,0,0,3454777.49,0,0,3454777.49,0,0,3454777.49,0,0,3454777.49,0,0,3454777.49,0,0,3454777.49,0,0,3454777.49,0,0,3454777.49,0,0,3454777.49,0,0,3454777.49,0,0,12248756.55,0,0,3454777.49,0,0,3454777.49,0,0,3454777.49,0,0,4210510.06,0,0,3454777.49,0,0,4210510.06,0,0,3454777.49
1,1,Pfizer,2021-02-22,any_risk_factors,0,0,0,0,0,0,0,0,0,0,0,0,0,0,0,0,0,0,0,0,0,0,0,0,0,0,0,0,0,0,0,0,0,0,0,0,0,0,0,0,0,0,0,0,0,0,0,0,0,0,2807006.71,0,0,2807006.71,0,0,2807006.71,0,0,3368408.05,0,0,2807006.71,0,0,3286251.76,0,0,3286251.76,0,0,4491210.74,0,0,4082918.85,0,0,4082918.85,0,0,2807006.71,0,0,2807006.71,0,0,2807006.71,0,0,2807006.71,0,0,2807006.71,0,0,2807006.71,0,0,2807006.71,0,0,2807006.71,0,0,2807006.71,0,0,2807006.71,0,0,2807006.71,0,0,2807006.71,0,0,2807006.71,0,0,2807006.71,0,0,2807006.71,0,0,2807006.71,0,0,2994140.49,0,0,2807006.71,0,0,2807006.71,0,0,2807006.71,0,0,2994140.49,0,0,2807006.71,0,0,2807006.71,0,0,2807006.71,0,0,2807006.71,0,0,2807006.71,0,0,2807006.71,0,0,2807006.71,0,0,2807006.71,0,0,2807006.71,0,0,7925666,0,0,2807006.71,0,0,2994140.49,0,0,2807006.71,0,0,3286251.76,0,0,2807006.71,0,0,3286251.76,0,0,2807006.71
1,1,Pfizer,2021-03-01,any_risk_factors,0,0,0,0,0,0,0,0,0,0,0,0,0,0,0,0,0,0,0,0,0,0,0,0,0,0,0,0,0,0,0,0,0,0,0,0,0,0,0,0,0,0,0,0,0,0,0,0,0,0,1684204.03,0,0,1684204.03,0,0,1684204.03,0,0,2138671.78,0,0,1684204.03,0,0,1845703.04,0,0,1845703.04,0,0,2591083.12,0,0,2283666.48,0,0,2283666.48,0,0,1684204.03,0,0,1684204.03,0,0,1684204.03,0,0,1684204.03,0,0,1684204.03,0,0,1684204.03,0,0,1684204.03,0,0,1684204.03,0,0,1684204.03,0,0,1684204.03,0,0,1684204.03,0,0,1684204.03,0,0,1684204.03,0,0,1684204.03,0,0,1684204.03,0,0,1684204.03,0,0,1845703.04,0,0,1684204.03,0,0,1684204.03,0,0,1684204.03,0,0,1845703.04,0,0,1684204.03,0,0,1684204.03,0,0,1684204.03,0,0,1684204.03,0,0,1684204.03,0,0,1684204.03,0,0,1684204.03,0,0,1684204.03,0,0,1684204.03,0,0,7091385.37,0,0,1684204.03,0,0,1845703.04,0,0,1684204.03,0,0,1845703.04,0,0,1684204.03,0,0,1845703.04,0,0,1684204.03
1,2,Moderna,2021-04-05,any_risk_factors,0,0,0,0,0,0,0,0,0,0,0,0,0,0,0,0,0,0,0,0,0,0,0,0,0,0,0,0,0,0,0,0,0,0,0,0,0,0,0,0,0,0,0,0,0,0,0,0,0,0,3641522.22,0,0,4491210.74,0,0,3641522.22,0,0,3641522.22,0,0,4491210.74,0,0,4491210.74,0,0,3641522.22,0,0,3641522.22,0,0,5858100.96,0,0,5858100.96,0,0,3641522.22,0,0,3641522.22,0,0,3641522.22,0,0,3641522.22,0,0,3641522.22,0,0,3641522.22,0,0,3641522.22,0,0,3641522.22,0,0,3641522.22,0,0,3641522.22,0,0,3641522.22,0,0,3641522.22,0,0,3641522.22,0,0,3641522.22,0,0,3641522.22,0,0,3641522.22,0,0,3641522.22,0,0,3641522.22,0,0,3641522.22,0,0,3641522.22,0,0,3641522.22,0,0,3641522.22,0,0,3641522.22,0,0,3641522.22,0,0,3641522.22,0,0,3641522.22,0,0,3641522.22,0,0,3641522.22,0,0,3641522.22,0,0,3641522.22,0,0,7925666,0,0,3641522.22,0,0,3641522.22,0,0,3641522.22,0,0,3641522.22,0,0,3641522.22,0,0,3641522.22,0,0,3641522.22
1,2,Moderna,2021-04-12,any_risk_factors,0,0,0,0,0,0,0,0,0,0,0,0,0,0,0,0,0,0,0,0,0,0,0,0,0,0,0,0,0,0,0,0,0,0,0,0,0,0,0,0,0,0,0,0,0,0,0,0,0,0,2641888.67,0,0,3062189.14,0,0,2641888.67,0,0,3208007.67,0,0,3062189.14,0,0,3062189.14,0,0,2641888.67,0,0,2641888.67,0,0,4491210.74,0,0,4491210.74,0,0,2641888.67,0,0,2641888.67,0,0,2641888.67,0,0,2641888.67,0,0,2641888.67,0,0,2641888.67,0,0,2641888.67,0,0,2641888.67,0,0,2641888.67,0,0,2641888.67,0,0,2641888.67,0,0,2641888.67,0,0,2641888.67,0,0,2641888.67,0,0,2641888.67,0,0,2641888.67,0,0,2641888.67,0,0,2641888.67,0,0,2641888.67,0,0,2641888.67,0,0,2641888.67,0,0,2641888.67,0,0,2641888.67,0,0,2641888.67,0,0,2641888.67,0,0,2641888.67,0,0,2641888.67,0,0,2641888.67,0,0,2641888.67,0,0,2641888.67,0,0,6416015.34,0,0,2641888.67,0,0,2641888.67,0,0,2641888.67,0,0,2641888.67,0,0,2641888.67,0,0,2641888.67,0,0,2641888.67
1,2,Moderna,2021-03-22,any_risk_factors,0,0,0,0,0,0,0,0,0,0,0,0,0,0,0,0,0,0,0,0,0,0,0,0,0,0,0,0,0,0,0,0,0,0,0,0,0,0,0,0,0,0,0,0,0,0,0,0,0,0,11228026.84,0,0,11228026.84,0,0,11228026.84,0,0,11228026.84,0,0,11228026.84,0,0,11228026.84,0,0,11228026.84,0,0,11228026.84,0,0,19248046.01,0,0,19248046.01,0,0,11228026.84,0,0,11228026.84,0,0,11228026.84,0,0,11228026.84,0,0,11228026.84,0,0,11228026.84,0,0,11228026.84,0,0,11228026.84,0,0,11228026.84,0,0,11228026.84,0,0,11228026.84,0,0,11228026.84,0,0,11228026.84,0,0,11228026.84,0,0,11228026.84,0,0,11228026.84,0,0,11228026.84,0,0,11228026.84,0,0,11228026.84,0,0,11228026.84,0,0,11228026.84,0,0,11228026.84,0,0,11228026.84,0,0,11228026.84,0,0,11228026.84,0,0,11228026.84,0,0,11228026.84,0,0,11228026.84,0,0,11228026.84,0,0,11228026.84,0,0,19248046.01,0,0,11228026.84,0,0,11228026.84,0,0,11228026.84,0,0,11228026.84,0,0,11228026.84,0,0,11228026.84,0,0,11228026.84
1,2,Moderna,2021-03-29,any_risk_factors,0,0,0,0,0,0,0,0,0,0,0,0,0,0,0,0,0,0,0,0,0,0,0,0,0,0,0,0,0,0,0,0,0,0,0,0,0,0,0,0,0,0,0,0,0,0,0,0,0,0,7925666,0,0,9624023,0,0,7925666,0,0,7925666,0,0,9624023,0,0,9624023,0,0,7925666,0,0,7925666,0,0,19248046.01,0,0,19248046.01,0,0,7925666,0,0,7925666,0,0,7925666,0,0,7925666,0,0,7925666,0,0,7925666,0,0,7925666,0,0,7925666,0,0,7925666,0,0,7925666,0,0,7925666,0,0,7925666,0,0,7925666,0,0,7925666,0,0,7925666,0,0,7925666,0,0,7925666,0,0,7925666,0,0,7925666,0,0,7925666,0,0,7925666,0,0,7925666,0,0,7925666,0,0,7925666,0,0,7925666,0,0,7925666,0,0,7925666,0,0,7925666,0,0,7925666,0,0,7925666,0,0,19248046.01,0,0,7925666,0,0,7925666,0,0,7925666,0,0,7925666,0,0,7925666,0,0,7925666,0,0,7925666
1,1,J&J,2021-04-26,any_risk_factors,0,0,0,0,0,0,0,0,0,0,0,0,0,0,0,0,0,0,0,0,0,0,0,0,0,0,0,0,0,0,0,0,0,0,0,0,0,0,0,0,0,0,0,0,0,0,0,0,0,0,6416015.34,0,0,6416015.34,0,0,6416015.34,0,0,6416015.34,0,0,6416015.34,0,0,6416015.34,0,0,6416015.34,0,0,6416015.34,0,0,6416015.34,0,0,6416015.34,0,0,6416015.34,0,0,6416015.34,0,0,6416015.34,0,0,6416015.34,0,0,6416015.34,0,0,6416015.34,0,0,6416015.34,0,0,6416015.34,0,0,6416015.34,0,0,6416015.34,0,0,6416015.34,0,0,6416015.34,0,0,6416015.34,0,0,6416015.34,0,0,6416015.34,0,0,6416015.34,0,0,6416015.34,0,0,6416015.34,0,0,6416015.34,0,0,6416015.34,0,0,6416015.34,0,0,6416015.34,0,0,6416015.34,0,0,6416015.34,0,0,6416015.34,0,0,6416015.34,0,0,6416015.34,0,0,6416015.34,0,0,6416015.34,0,0,6416015.34,0,0,12248756.55,0,0,6416015.34,0,0,6416015.34,0,0,6416015.34,0,0,6416015.34,0,0,6416015.34,0,0,6416015.34,0,0,6416015.34
1,1,J&J,2021-05-03,any_risk_factors,0,0,0,0,0,0,0,0,0,0,0,0,0,0,0,0,0,0,0,0,0,0,0,0,0,0,0,0,0,0,0,0,0,0,0,0,0,0,0,0,0,0,0,0,0,0,0,0,0,0,3849609.2,0,0,3849609.2,0,0,3849609.2,0,0,3849609.2,0,0,3849609.2,0,0,3849609.2,0,0,3849609.2,0,0,3849609.2,0,0,3849609.2,0,0,3849609.2,0,0,3849609.2,0,0,3849609.2,0,0,3849609.2,0,0,3849609.2,0,0,3849609.2,0,0,3849609.2,0,0,3849609.2,0,0,3849609.2,0,0,3849609.2,0,0,3849609.2,0,0,3849609.2,0,0,3849609.2,0,0,3849609.2,0,0,3849609.2,0,0,3849609.2,0,0,3849609.2,0,0,3849609.2,0,0,3849609.2,0,0,3849609.2,0,0,3849609.2,0,0,3849609.2,0,0,3849609.2,0,0,3849609.2,0,0,3849609.2,0,0,3849609.2,0,0,3849609.2,0,0,3849609.2,0,0,3849609.2,0,0,3849609.2,0,0,3849609.2,0,0,6416015.34,0,0,3849609.2,0,0,3849609.2,0,0,3849609.2,0,0,3849609.2,0,0,3849609.2,0,0,3849609.2,0,0,3849609.2
1,1,J&J,2021-05-10,any_risk_factors,0,0,0,0,0,0,0,0,0,0,0,0,0,0,0,0,0,0,0,0,0,0,0,0,0,0,0,0,0,0,0,0,0,0,0,0,0,0,0,0,0,0,0,0,0,0,0,0,0,0,3849609.2,0,0,3849609.2,0,0,3849609.2,0,0,3849609.2,0,0,3849609.2,0,0,3849609.2,0,0,3849609.2,0,0,3849609.2,0,0,3849609.2,0,0,3849609.2,0,0,3849609.2,0,0,3849609.2,0,0,3849609.2,0,0,3849609.2,0,0,3849609.2,0,0,3849609.2,0,0,3849609.2,0,0,3849609.2,0,0,3849609.2,0,0,3849609.2,0,0,3849609.2,0,0,3849609.2,0,0,3849609.2,0,0,3849609.2,0,0,3849609.2,0,0,3849609.2,0,0,3849609.2,0,0,3849609.2,0,0,3849609.2,0,0,3849609.2,0,0,3849609.2,0,0,3849609.2,0,0,3849609.2,0,0,3849609.2,0,0,3849609.2,0,0,3849609.2,0,0,3849609.2,0,0,3849609.2,0,0,3849609.2,0,0,3849609.2,0,0,6416015.34,0,0,3849609.2,0,0,3849609.2,0,0,3849609.2,0,0,3849609.2,0,0,3849609.2,0,0,3849609.2,0,0,3849609.2
1,1,J&J,2021-05-17,any_risk_factors,0,0,0,0,0,0,0,0,0,0,0,0,0,0,0,0,0,0,0,0,0,0,0,0,0,0,0,0,0,0,0,0,0,0,0,0,0,0,0,0,0,0,0,0,0,0,0,0,0,0,3849609.2,0,0,3849609.2,0,0,3849609.2,0,0,3849609.2,0,0,3849609.2,0,0,3849609.2,0,0,3849609.2,0,0,3849609.2,0,0,3849609.2,0,0,3849609.2,0,0,3849609.2,0,0,3849609.2,0,0,3849609.2,0,0,3849609.2,0,0,3849609.2,0,0,3849609.2,0,0,3849609.2,0,0,3849609.2,0,0,3849609.2,0,0,3849609.2,0,0,3849609.2,0,0,3849609.2,0,0,3849609.2,0,0,3849609.2,0,0,3849609.2,0,0,3849609.2,0,0,3849609.2,0,0,3849609.2,0,0,3849609.2,0,0,3849609.2,0,0,3849609.2,0,0,3849609.2,0,0,3849609.2,0,0,3849609.2,0,0,3849609.2,0,0,3849609.2,0,0,3849609.2,0,0,3849609.2,0,0,3849609.2,0,0,3849609.2,0,0,6416015.34,0,0,3849609.2,0,0,3849609.2,0,0,3849609.2,0,0,3849609.2,0,0,3849609.2,0,0,3849609.2,0,0,3849609.2
1,1,Pfizer,2021-02-08,any_risk_factors,0,0,0,0,0,0,0,0,0,0,0,0,0,0,0,0,0,0,0,0,0,0,0,0,0,0,0,0,0,0,0,0,0,0,0,0,0,0,0,0,0,0,0,0,0,0,0,0,0,0,6124378.28,0,0,6124378.28,0,0,6124378.28,0,0,6124378.28,0,0,6124378.28,0,0,6416015.34,0,0,6416015.34,0,0,9624023,0,0,16842040.26,0,0,16842040.26,0,0,6124378.28,0,0,6124378.28,0,0,6124378.28,0,0,6124378.28,0,0,6124378.28,0,0,6124378.28,0,0,6124378.28,0,0,6124378.28,0,0,6124378.28,0,0,6124378.28,0,0,6124378.28,0,0,6124378.28,0,0,6124378.28,0,0,6124378.28,0,0,6124378.28,0,0,6124378.28,0,0,6124378.28,0,0,6124378.28,0,0,6124378.28,0,0,6124378.28,0,0,6124378.28,0,0,6124378.28,0,0,6124378.28,0,0,6124378.28,0,0,6124378.28,0,0,6124378.28,0,0,6124378.28,0,0,6124378.28,0,0,6124378.28,0,0,6124378.28,0,0,26947264.41,0,0,6124378.28,0,0,6124378.28,0,0,6124378.28,0,0,6416015.34,0,0,6124378.28,0,0,6416015.34,0,0,6124378.28
both_sexes,0,0,2020-01-06,CV,0,0,0,1,0,1,1,1,1,1,0,0,0,0,0,0,0,0,0,0,0,0,0,0,0,0,0,0,0,0,0,0,0,0,0,0,0,0,0,0,1,1,0,1,0,0,0,0,0,0,17482.33,0,0,17498.22,0,0,17466.47,4917.21,124.49,27396.91,0,0,18066.01,5014.42,126.95,27938.53,4792.68,121.34,26703.09,4968.04,125.78,27680.12,4931.81,124.86,27478.3,4931.81,124.86,27478.3,0,0,17514.15,0,0,17514.15,0,0,17514.15,0,0,17514.15,0,0,17466.47,0,0,17466.47,0,0,17589.6,0,0,17670.34,0,0,17466.47,0,0,17466.47,0,0,17482.33,0,0,17466.47,0,0,17466.47,0,0,17466.47,0,0,17466.47,0,0,17466.47,0,0,17482.33,0,0,17514.15,0,0,17514.15,0,0,17578.12,0,0,17658.76,0,0,17482.33,0,0,17482.33,0,0,17562.09,0,0,17562.09,0,0,17466.47,0,0,17466.47,0,0,17466.47,0,0,17466.47,0,0,17466.47,0,0,36762.98,0,0,17466.47,0,0,17482.33,4734.9,119.88,26381.16,4823.69,122.13,26875.89,0,0,17562.09,4850.6,122.81,27025.8,0,0,17482.33
both_sexes,0,0,2020-01-13,CV,0,0,0,1,0,1,2,2,3,3,0,0,0,0,0,0,1,1,0,0,0,0,0,0,0,0,0,0,0,0,0,0,0,0,0,0,0,3,0,0,2,2,0,2,0,0,0,0,0,0,17564.38,0,0,17580.42,0,0,17548.36,4941.82,125.12,27534.07,0,0,18143.86,5039.32,127.58,28077.3,9644.84,1168.03,34840.47,9995.89,1210.55,36108.61,14889.93,3070.66,43514.7,14889.93,3070.66,43514.7,0,0,17596.49,0,0,17596.49,0,0,17596.49,0,0,17596.49,0,0,17548.36,0,0,17548.36,4788.28,121.23,26678.59,4810.35,121.79,26801.56,0,0,17548.36,0,0,17548.36,0,0,17564.38,0,0,17548.36,0,0,17548.36,0,0,17548.36,0,0,17548.36,0,0,17548.36,0,0,17564.38,0,0,17596.49,0,0,17596.49,0,0,17661.07,0,0,17742.47,0,0,17564.38,0,0,17564.38,0,0,17644.88,0,0,17644.88,0,0,17548.36,0,0,17548.36,0,0,17548.36,0,0,17548.36,0,0,17548.36,30061.73,6199.45,87853.13,0,0,17548.36,0,0,17564.38,9514.2,1152.21,34368.55,9707.64,1175.64,35067.34,0,0,17644.88,9762.13,1182.24,35264.16,0,0,17564.38
both_sexes,0,0,2020-01-20,CV,0,0,0,1,0,0,0,0,0,0,0,0,0,0,0,0,0,0,0,0,0,0,0,0,0,0,0,0,0,0,0,0,0,0,0,0,0,0,0,0,1,0,0,0,0,0,0,0,0,0,17624.11,0,0,17640.26,0,0,17607.99,4961.29,125.61,27642.53,0,0,18195.32,0,0,18653.79,0,0,17869.54,0,0,18495.03,0,0,18396.55,0,0,18396.55,0,0,17656.44,0,0,17656.44,0,0,17656.44,0,0,17656.44,0,0,17607.99,0,0,17607.99,0,0,17737.8,0,0,17819.91,0,0,17607.99,0,0,17607.99,0,0,17624.11,0,0,17607.99,0,0,17607.99,0,0,17607.99,0,0,17607.99,0,0,17607.99,0,0,17624.11,0,0,17656.44,0,0,17656.44,0,0,17721.47,0,0,17803.43,0,0,17624.11,0,0,17624.11,0,0,17705.17,0,0,17705.17,0,0,17607.99,0,0,17607.99,0,0,17607.99,0,0,17607.99,0,0,17607.99,0,0,37281.77,0,0,17607.99,0,0,17624.11,4773.26,120.85,26594.91,0,0,17986.43,0,0,17705.17,0,0,18087.84,0,0,17624.11
both_sexes,0,0,2020-01-27,CV,0,0,0,1,0,0,0,0,0,0,0,0,0,0,0,0,1,1,0,0,0,0,0,0,0,0,1,1,0,0,0,0,0,0,0,0,0,3,0,0,0,1,0,1,0,0,0,0,0,0,17688.9,0,0,17705.17,0,0,17672.66,4987.03,126.26,27785.95,0,0,18259.43,0,0,18721.18,0,0,17936.15,0,0,18558.72,0,0,18451.98,0,0,18451.98,0,0,17721.47,0,0,17721.47,0,0,17721.47,0,0,17721.47,0,0,17672.66,0,0,17672.66,4826.24,122.19,26890.1,4848.67,122.76,27015.04,0,0,17672.66,0,0,17672.66,0,0,17688.9,0,0,17672.66,0,0,17672.66,0,0,17672.66,0,0,17672.66,0,0,17672.66,0,0,17688.9,0,0,17721.47,0,0,17721.47,4823.06,122.11,26872.35,4845.45,122.68,26997.12,0,0,17688.9,0,0,17688.9,0,0,17770.55,0,0,17770.55,0,0,17672.66,0,0,17672.66,0,0,17672.66,0,0,17672.66,0,0,17672.66,30479.83,6285.67,89075.01,0,0,17672.66,0,0,17688.9,0,0,17672.66,4895.46,123.94,27275.74,0,0,17770.55,4923.17,124.64,27430.15,0,0,17688.9
both_sexes,0,0,2020-02-03,CV,0,0,0,1,0,0,0,1,0,0,1,1,1,1,0,0,1,1,0,0,0,0,0,1,0,0,1,1,0,0,0,0,0,0,0,0,0,2,0,1,0,1,0,1,0,0,0,0,0,0,17749.48,0,0,17765.87,0,0,17733.13,5006.85,126.76,27896.41,0,0,18311.54,0,0,18775.96,0,0,17998.44,5050.47,127.87,28139.42,0,0,18517.91,0,0,18517.91,4821.78,122.08,26865.25,4821.78,122.08,26865.25,4821.78,122.08,26865.25,4821.78,122.08,26865.25,0,0,17733.13,0,0,17733.13,4850.6,122.81,27025.8,4873.25,123.38,27152,0,0,17733.13,0,0,17733.13,0,0,17749.48,0,0,17733.13,0,0,17733.13,0,0,17733.13,0,0,17733.13,0,0,17733.13,4812.89,121.85,26815.69,0,0,17782.28,0,0,17782.28,4842.88,122.61,26982.8,4865.46,123.18,27108.6,0,0,17749.48,0,0,17749.48,0,0,17831.7,0,0,17831.7,0,0,17733.13,0,0,17733.13,0,0,17733.13,0,0,17733.13,0,0,17733.13,20456.45,2477.37,73895.75,0,0,17733.13,4812.89,121.85,26815.69,0,0,17733.13,4915.88,124.46,27389.54,0,0,17831.7,4943.83,125.17,27545.25,0,0,17749.48
both_sexes,0,0,2020-02-10,CV,0,0,0,0,1,1,0,0,1,1,0,0,0,0,0,0,1,1,0,0,0,0,0,0,0,0,0,0,0,0,0,0,0,0,0,0,0,1,0,0,0,0,0,0,0,0,0,0,0,0,17789.32,0,0,17803.43,0,0,17772.9,0,0,18525.55,4977.51,126.02,27732.93,5104.11,129.22,28438.27,0,0,18039.41,0,0,18684.83,5032.38,127.41,28038.62,5032.38,127.41,28038.62,0,0,17838.78,0,0,17838.78,0,0,17838.78,0,0,17838.78,0,0,17772.9,0,0,17772.9,4862.87,123.12,27094.17,4885.63,123.69,27221.01,0,0,17772.9,0,0,17772.9,0,0,17789.32,0,0,17772.9,0,0,17772.9,0,0,17772.9,0,0,17772.9,0,0,17772.9,0,0,17805.78,0,0,17822.26,0,0,17822.26,0,0,17919.45,0,0,18003.25,0,0,17789.32,0,0,17789.32,0,0,17871.91,0,0,17871.91,0,0,17772.9,0,0,17772.9,0,0,17772.9,0,0,17772.9,0,0,17772.9,10280.05,260.27,57276.74,0,0,17772.9,0,0,17805.78,0,0,17772.9,0,0,18190.4,0,0,17871.91,0,0,18294.14,0,0,17789.32
both_sexes,0,0,2020-02-17,CV,0,0,0,0,0,0,0,1,0,0,0,0,0,0,0,0,0,1,0,0,0,0,0,0,0,0,0,0,0,0,0,0,0,0,0,0,0,1,0,0,0,0,0,0,0,0,0,0,0,0,17822.26,0,0,17822.26,0,0,17805.78,0,0,18551.06,0,0,18391.53,0,0,18860.07,0,0,18073.28,5073.62,128.45,28268.41,0,0,18615.13,0,0,18615.13,0,0,17871.91,0,0,17871.91,0,0,17871.91,0,0,17871.91,0,0,17805.78,0,0,17805.78,0,0,17988.83,4902.03,124.11,27312.34,0,0,17805.78,0,0,17805.78,0,0,17822.26,0,0,17805.78,0,0,17805.78,0,0,17805.78,0,0,17805.78,0,0,17805.78,0,0,17838.78,0,0,17855.33,0,0,17855.33,0,0,17938.53,0,0,18022.51,0,0,17822.26,0,0,17822.26,0,0,17905.16,0,0,17905.16,0,0,17805.78,0,0,17805.78,0,0,17805.78,0,0,17805.78,0,0,17805.78,10300.34,260.78,57389.81,0,0,17805.78,0,0,17838.78,0,0,17805.78,0,0,18210.07,0,0,17905.16,0,0,18314.03,0,0,17822.26
both_sexes,0,0,2020-02-24,CV,0,0,0,0,0,0,1,1,1,1,0,0,0,0,0,0,1,1,0,0,0,0,0,0,0,0,0,0,0,0,0,0,0,0,0,0,0,2,0,0,1,1,0,1,0,0,0,0,0,0,17843.51,0,0,17843.51,0,0,17826.98,0,0,18561.28,0,0,18406.6,0,0,18870.63,4907.3,124.24,27341.7,5084.21,128.72,28327.43,5056.76,128.03,28174.48,5056.76,128.03,28174.48,0,0,17893.27,0,0,17893.27,0,0,17893.27,0,0,17893.27,0,0,17826.98,0,0,17826.98,4881.72,123.59,27199.18,4909.27,124.29,27352.73,0,0,17826.98,0,0,17826.98,0,0,17843.51,0,0,17826.98,0,0,17826.98,0,0,17826.98,0,0,17826.98,0,0,17826.98,0,0,17860.06,0,0,17876.65,0,0,17876.65,0,0,17960.05,0,0,18039.41,0,0,17843.51,0,0,17843.51,0,0,17926.6,0,0,17926.6,0,0,17826.98,0,0,17826.98,0,0,17826.98,0,0,17826.98,0,0,17826.98,20653.1,2501.19,74606.08,0,0,17826.98,0,0,17860.06,4832.63,122.35,26925.68,4944.5,125.18,27548.97,0,0,17926.6,4972.77,125.9,27706.5,0,0,17843.51
both_sexes,0,0,2020-03-02,CV,0,0,0,0,1,1,0,0,0,0,0,0,0,0,0,0,1,1,0,0,0,0,0,0,0,0,0,0,0,0,0,0,0,0,0,0,0,1,0,0,0,0,0,0,0,0,0,0,0,0,17888.52,0,0,17888.52,0,0,17871.91,0,0,18597.15,5002.74,126.66,27873.48,5125.6,129.77,28558,0,0,18158.53,0,0,18815.29,0,0,18705.58,0,0,18705.58,0,0,17938.53,0,0,17938.53,0,0,17938.53,0,0,17938.53,0,0,17871.91,0,0,17871.91,4897.43,123.99,27286.71,4925.16,124.69,27441.25,0,0,17871.91,0,0,17871.91,0,0,17888.52,0,0,17871.91,0,0,17871.91,0,0,17871.91,0,0,17871.91,0,0,17871.91,0,0,17905.16,0,0,17921.83,0,0,17921.83,0,0,18005.66,0,0,18073.28,0,0,17888.52,0,0,17888.52,0,0,17972.03,0,0,17972.03,0,0,17871.91,0,0,17871.91,0,0,17871.91,0,0,17871.91,0,0,17871.91,10382.32,262.86,57846.58,0,0,17871.91,0,0,17905.16,0,0,17871.91,0,0,18296.62,0,0,17972.03,0,0,18401.57,0,0,17888.52
both_sexes,0,0,2020-03-09,CV,0,0,0,1,1,1,0,0,2,2,0,0,0,0,0,0,0,0,0,0,0,0,0,0,0,0,0,0,0,0,0,0,0,0,0,0,0,2,0,0,1,0,0,0,0,0,0,1,0,0,17950.48,0,0,17950.48,0,0,17933.76,5060.27,128.11,28194,5027.53,127.29,28011.6,5151.62,130.43,28703,0,0,18222.39,0,0,18883.86,10188.28,1233.85,36803.59,10188.28,1233.85,36803.59,0,0,18000.84,0,0,18000.84,0,0,18000.84,0,0,18000.84,0,0,17933.76,0,0,17933.76,0,0,18136.54,0,0,18239.65,0,0,17933.76,0,0,17933.76,0,0,17950.48,0,0,17933.76,0,0,17933.76,4864.16,123.15,27101.38,0,0,17933.76,0,0,17933.76,0,0,17967.24,0,0,17984.03,0,0,17984.03,0,0,18068.44,0,0,18136.54,0,0,17950.48,0,0,17950.48,0,0,18034.58,0,0,18034.58,0,0,17933.76,0,0,17933.76,0,0,17933.76,0,0,17933.76,0,0,17933.76,20806.04,2519.71,75158.56,0,0,17933.76,0,0,17967.24,4861.57,123.08,27086.95,0,0,18361.45,0,0,18034.58,0,0,18467.15,0,0,17950.48
both_sexes,0,0,2020-03-16,CV,0,0,0,2,1,3,0,1,2,2,0,0,0,0,0,0,0,0,0,0,1,0,0,0,0,0,0,0,0,0,0,0,0,0,0,0,0,1,0,0,0,0,0,0,0,0,0,0,0,0,17988.83,0,0,17988.83,0,0,17972.03,10159.94,1230.42,36701.21,5045.59,127.74,28112.21,15524.94,3201.62,45370.45,0,0,18261.9,5132.08,129.93,28594.11,10232.53,1239.21,36963.4,10232.53,1239.21,36963.4,0,0,18039.41,0,0,18039.41,0,0,18039.41,0,0,18039.41,0,0,17972.03,0,0,17972.03,0,0,18175.68,0,0,18279.25,0,0,17972.03,0,0,17972.03,0,0,17988.83,0,0,17972.03,4874.55,123.41,27159.25,0,0,17988.83,0,0,17972.03,0,0,17972.03,0,0,18005.66,0,0,18022.51,0,0,18022.51,0,0,18107.29,0,0,18175.68,0,0,17988.83,0,0,17988.83,0,0,18073.28,0,0,18073.28,0,0,17972.03,0,0,17972.03,0,0,17972.03,0,0,17972.03,0,0,17972.03,10444.67,264.44,58193.96,0,0,17972.03,0,0,18005.66,0,0,17972.03,0,0,18401.57,0,0,18073.28,0,0,18507.74,0,0,17988.83
both_sexes,0,0,2020-03-23,CV,0,0,0,0,0,0,0,0,1,1,0,0,0,0,0,0,0,0,0,0,0,0,0,0,0,0,0,0,0,0,0,0,0,0,0,0,0,1,0,0,1,0,0,0,0,0,0,0,0,0,18010.47,0,0,18010.47,0,0,17993.63,0,0,18781.2,0,0,18635.73,0,0,19135.96,0,0,18284.21,0,0,18968.93,5127.04,129.81,28566.01,5127.04,129.81,28566.01,0,0,18061.17,0,0,18061.17,0,0,18061.17,0,0,18061.17,0,0,17993.63,0,0,17993.63,0,0,18197.77,0,0,18301.59,0,0,17993.63,0,0,17993.63,0,0,18010.47,0,0,17993.63,0,0,18010.47,0,0,18010.47,0,0,17993.63,0,0,17993.63,0,0,18027.34,0,0,18044.24,0,0,18044.24,0,0,18129.21,0,0,18197.77,0,0,18010.47,0,0,18010.47,0,0,18095.13,0,0,18095.13,0,0,17993.63,0,0,17993.63,0,0,17993.63,0,0,17993.63,0,0,17993.63,10462.62,264.89,58293.98,0,0,17993.63,0,0,18027.34,4877.8,123.5,27177.39,0,0,18424.22,0,0,18095.13,0,0,18530.65,0,0,18010.47
both_sexes,0,0,2020-03-30,CV,0,0,1,1,0,1,0,2,1,1,0,0,0,0,0,0,0,0,0,0,0,0,0,1,0,0,1,1,0,0,0,0,0,0,0,0,0,1,0,1,0,1,0,1,0,0,0,0,0,0,18058.75,0,0,18058.75,4893.49,123.89,27264.77,5104.11,129.22,28438.27,0,0,18671.88,5201.51,131.69,28980.96,0,0,18333.97,10326.55,1250.59,37303.04,5147.99,130.34,28682.77,5147.99,130.34,28682.77,0,0,18109.72,0,0,18109.72,0,0,18109.72,0,0,18109.72,0,0,18041.82,0,0,18041.82,0,0,18247.06,0,0,18351.45,0,0,18041.82,0,0,18041.82,0,0,18058.75,0,0,18041.82,0,0,18058.75,0,0,18058.75,0,0,18041.82,0,0,18041.82,4901.37,124.09,27308.68,0,0,18092.7,0,0,18092.7,4929.15,124.8,27463.46,4947.85,125.27,27567.63,0,0,18058.75,0,0,18058.75,0,0,18143.86,0,0,18143.86,0,0,18041.82,0,0,18041.82,0,0,18041.82,0,0,18041.82,0,0,18041.82,10519.87,266.34,58612.98,0,0,18041.82,4901.37,124.09,27308.68,0,0,18041.82,5009.6,126.83,27911.71,0,0,18143.86,5038.63,127.57,28073.43,0,0,18058.75
both_sexes,0,0,2020-04-06,CV,0,0,0,1,0,0,0,1,0,0,0,0,0,0,0,0,1,1,0,0,0,0,0,0,0,0,0,0,0,0,0,0,0,0,0,0,0,1,0,0,1,0,0,0,0,0,0,0,0,0,18097.56,0,0,18097.56,0,0,18097.56,5120.57,129.64,28529.97,0,0,18713.38,0,0,19237.05,0,0,18373.97,5180.85,131.17,28865.85,0,0,19046.7,0,0,19046.7,0,0,18148.75,0,0,18148.75,0,0,18148.75,0,0,18148.75,0,0,18080.56,0,0,18080.56,4959.27,125.56,27631.27,4987.71,126.28,27789.74,0,0,18080.56,0,0,18080.56,0,0,18097.56,0,0,18080.56,0,0,18097.56,0,0,18092.7,0,0,18080.56,0,0,18080.56,0,0,18131.65,0,0,18131.65,0,0,18131.65,0,0,18234.72,0,0,18304.08,0,0,18097.56,0,0,18097.56,0,0,18183.04,0,0,18183.04,0,0,18080.56,0,0,18080.56,0,0,18080.56,0,0,18080.56,0,0,18080.56,10568.58,267.57,58884.34,0,0,18080.56,0,0,18131.65,4901.37,124.09,27308.68,0,0,18533.19,0,0,18183.04,0,0,18640.89,0,0,18097.56
both_sexes,0,0,2020-04-13,CV,0,0,0,0,0,0,0,0,0,0,0,0,0,0,0,0,0,0,0,0,0,0,0,0,0,0,0,0,0,0,0,0,0,0,0,0,0,0,0,0,0,0,0,0,0,0,0,1,0,0,18124.34,0,0,18124.34,0,0,18124.34,0,0,18926.3,0,0,18742.01,0,0,19267.31,0,0,18401.57,0,0,19152.28,0,0,19076.36,0,0,19076.36,0,0,18175.68,0,0,18175.68,0,0,18175.68,0,0,18175.68,0,0,18107.29,0,0,18107.29,0,0,18331.47,0,0,18436.83,0,0,18107.29,0,0,18107.29,0,0,18124.34,0,0,18107.29,0,0,18124.34,4911.92,124.36,27367.44,0,0,18107.29,0,0,18107.29,0,0,18158.53,0,0,18158.53,0,0,18158.53,0,0,18261.9,0,0,18331.47,0,0,18124.34,0,0,18124.34,0,0,18210.07,0,0,18210.07,0,0,18107.29,0,0,18107.29,0,0,18107.29,0,0,18107.29,0,0,18107.29,0,0,39042.69,0,0,18107.29,0,0,18158.53,0,0,18107.29,0,0,18561.28,0,0,18210.07,0,0,18669.3,0,0,18124.34
both_sexes,0,0,2020-04-20,CV,0,0,0,1,0,1,0,1,0,0,0,0,0,0,0,0,0,0,0,0,0,0,0,0,0,0,0,0,0,0,0,0,0,0,0,0,0,1,0,0,0,0,0,0,0,0,0,0,0,0,18143.86,0,0,18143.86,0,0,18143.86,5137.85,130.08,28626.29,0,0,18762.89,5229.06,132.39,29134.47,0,0,18421.7,5199.29,131.63,28968.58,0,0,19097.99,0,0,19097.99,0,0,18195.32,0,0,18195.32,0,0,18195.32,0,0,18195.32,0,0,18126.78,0,0,18126.78,0,0,18351.45,0,0,18457.03,0,0,18126.78,0,0,18126.78,0,0,18143.86,0,0,18126.78,0,0,18143.86,0,0,18143.86,0,0,18126.78,0,0,18126.78,0,0,18178.13,0,0,18178.13,0,0,18178.13,0,0,18281.73,0,0,18351.45,0,0,18143.86,0,0,18143.86,0,0,18229.78,0,0,18229.78,0,0,18126.78,0,0,18126.78,0,0,18126.78,0,0,18126.78,0,0,18126.78,10623.91,268.97,59192.63,0,0,18126.78,0,0,18178.13,0,0,18126.78,0,0,18581.76,0,0,18229.78,0,0,18690.02,0,0,18143.86
both_sexes,0,0,2020-04-27,CV,0,0,0,0,0,0,0,0,1,1,0,0,0,0,0,0,0,0,0,0,0,0,0,0,1,1,0,0,0,0,0,0,0,0,0,0,0,1,0,0,0,0,0,0,0,0,0,0,0,0,18158.53,0,0,18158.53,0,0,18158.53,0,0,18982.29,0,0,18778.58,0,0,19325.35,0,0,18436.83,0,0,19209.63,5183.79,131.24,28882.24,5183.79,131.24,28882.24,0,0,18210.07,0,0,18210.07,0,0,18210.07,0,0,18210.07,0,0,18141.42,0,0,18141.42,0,0,18366.46,0,0,18472.21,0,0,18141.42,0,0,18141.42,0,0,18158.53,0,0,18141.42,0,0,18158.53,0,0,18158.53,0,0,18141.42,0,0,18141.42,0,0,18192.86,4931.81,124.86,27478.3,4931.81,124.86,27478.3,0,0,18296.62,0,0,18366.46,0,0,18158.53,0,0,18158.53,0,0,18244.59,0,0,18244.59,0,0,18141.42,0,0,18141.42,0,0,18141.42,0,0,18141.42,0,0,18141.42,10645.58,269.52,59313.4,0,0,18141.42,0,0,18192.86,0,0,18141.42,0,0,18597.15,0,0,18244.59,0,0,18705.58,0,0,18158.53
both_sexes,0,0,2020-05-04,CV,0,0,0,0,0,0,1,1,0,0,0,0,0,0,0,0,0,0,0,0,0,0,0,1,0,0,0,0,0,0,0,0,0,0,0,0,0,1,0,1,2,1,0,1,0,0,0,0,0,0,18200.23,0,0,18200.23,0,0,18200.23,0,0,19027.87,0,0,18823.18,0,0,19372.58,5011.66,126.88,27923.2,5222.33,132.22,29096.98,0,0,19179.55,0,0,19179.55,0,0,18252.01,0,0,18252.01,0,0,18252.01,0,0,18252.01,0,0,18183.04,0,0,18183.04,0,0,18409.12,0,0,18512.82,0,0,18183.04,0,0,18183.04,0,0,18200.23,0,0,18183.04,0,0,18200.23,0,0,18200.23,0,0,18183.04,0,0,18183.04,4943.83,125.17,27545.25,0,0,18252.01,0,0,18252.01,0,0,18338.96,0,0,18409.12,0,0,18200.23,0,0,18200.23,0,0,18286.69,0,0,18286.69,0,0,18183.04,0,0,18183.04,0,0,18183.04,0,0,18183.04,0,0,18183.04,10695.46,270.79,59591.3,0,0,18183.04,4943.83,125.17,27545.25,9858.3,1193.89,35611.57,5055.36,127.99,28166.68,0,0,18286.69,5084.92,128.74,28331.38,0,0,18200.23
both_sexes,0,0,2020-05-11,CV,0,0,0,1,2,1,0,1,0,0,0,0,0,0,0,0,0,0,0,0,0,0,0,0,0,0,0,0,0,0,0,0,0,0,0,0,0,2,0,0,3,0,0,0,0,0,0,0,0,0,18294.14,0,0,18294.14,0,0,18294.14,5186,131.3,28894.54,10264.16,1243.04,37077.66,5282,133.73,29429.4,0,0,18594.58,5258.42,133.13,29298.05,0,0,19270.07,0,0,19270.07,0,0,18346.45,0,0,18346.45,0,0,18346.45,0,0,18346.45,0,0,18276.77,0,0,18276.77,0,0,18505.19,0,0,18594.58,0,0,18276.77,0,0,18276.77,0,0,18294.14,0,0,18276.77,0,0,18294.14,0,0,18286.69,0,0,18276.77,0,0,18276.77,0,0,18328.98,0,0,18346.45,0,0,18346.45,0,0,18434.3,0,0,18505.19,0,0,18294.14,0,0,18294.14,0,0,18381.49,0,0,18381.49,0,0,18276.77,0,0,18276.77,0,0,18276.77,0,0,18276.77,0,0,18276.77,21657.28,2622.8,78233.54,0,0,18276.77,0,0,18328.98,14863.67,3065.25,43437.96,0,0,18757.67,0,0,18381.49,0,0,18867.99,0,0,18294.14
both_sexes,0,0,2020-05-18,CV,0,0,0,1,1,1,1,1,0,0,0,0,0,0,0,0,1,1,0,0,0,0,0,0,0,0,0,0,0,0,0,0,0,0,0,0,0,4,0,0,0,1,0,1,0,0,0,0,0,0,18363.95,0,0,18363.95,0,0,18363.95,5211.16,131.94,29034.71,5155.26,130.52,28723.26,5301.93,134.23,29540.47,5064.48,128.22,28217.45,5282,133.73,29429.4,0,0,19317.04,0,0,19317.04,0,0,18416.67,0,0,18416.67,0,0,18416.67,0,0,18416.67,0,0,18346.45,0,0,18346.45,5031.68,127.39,28034.75,5056.06,128.01,28170.58,0,0,18346.45,0,0,18346.45,0,0,18363.95,0,0,18346.45,0,0,18363.95,0,0,18346.45,0,0,18346.45,0,0,18346.45,0,0,18381.49,0,0,18416.67,0,0,18416.67,0,0,18487.42,0,0,18558.72,0,0,18363.95,0,0,18363.95,0,0,18451.98,0,0,18451.98,0,0,18346.45,0,0,18346.45,0,0,18346.45,0,0,18346.45,0,0,18346.45,43690.19,11904.11,111864.24,0,0,18346.45,0,0,18381.49,0,0,18346.45,5104.11,129.22,28438.27,0,0,18451.98,5134.24,129.99,28606.17,0,0,18363.95
both_sexes,0,0,2020-05-25,CV,0,0,0,0,0,2,0,1,2,2,0,0,0,0,0,0,0,0,0,0,1,0,0,0,0,0,0,0,0,0,0,0,0,0,0,0,0,2,0,0,0,0,0,0,0,0,0,0,0,0,18384,0,0,18384,0,0,18384,0,0,19248.05,0,0,19019.81,10613.1,1285.3,38338.18,0,0,18705.58,5286.58,133.84,29454.95,10485.14,1269.8,37875.95,10485.14,1269.8,37875.95,0,0,18436.83,0,0,18436.83,0,0,18436.83,0,0,18436.83,0,0,18366.46,0,0,18366.46,0,0,18597.15,0,0,18687.42,0,0,18366.46,0,0,18366.46,0,0,18384,0,0,18366.46,4986.35,126.24,27782.15,0,0,18366.46,0,0,18366.46,0,0,18366.46,0,0,18401.57,0,0,18436.83,0,0,18436.83,0,0,18507.74,0,0,18579.19,0,0,18384,0,0,18384,0,0,18472.21,0,0,18472.21,0,0,18366.46,0,0,18366.46,0,0,18366.46,0,0,18366.46,0,0,18366.46,22056.16,2671.1,79674.43,0,0,18366.46,0,0,18401.57,0,0,18366.46,0,0,18852.15,0,0,18472.21,0,0,18963.59,0,0,18384
both_sexes,0,0,2020-06-01,CV,0,0,0,0,1,1,1,1,1,1,0,0,0,0,0,0,0,0,0,0,0,0,0,0,1,1,0,0,0,0,0,0,0,0,0,0,0,0,0,0,0,1,0,1,0,0,0,0,0,0,18384,0,0,18384,0,0,18384,0,0,19248.05,5158.17,130.59,28739.48,5315.82,134.58,29617.85,5072.92,128.44,28264.48,5294.25,134.04,29497.65,5249.35,132.9,29247.52,5249.35,132.9,29247.52,0,0,18436.83,0,0,18436.83,0,0,18436.83,0,0,18436.83,0,0,18366.46,0,0,18366.46,0,0,18597.15,0,0,18687.42,0,0,18366.46,0,0,18366.46,0,0,18384,0,0,18366.46,0,0,18401.57,0,0,18366.46,0,0,18366.46,0,0,18366.46,0,0,18401.57,4999.32,126.57,27854.4,4999.32,126.57,27854.4,0,0,18507.74,0,0,18579.19,0,0,18384,0,0,18384,0,0,18472.21,0,0,18472.21,0,0,18366.46,0,0,18366.46,0,0,18366.46,0,0,18366.46,0,0,18366.46,0,0,40779.76,0,0,18366.46,0,0,18401.57,0,0,18366.46,5112.68,129.44,28486.04,0,0,18472.21,5142.92,130.21,28654.5,0,0,18384
both_sexes,0,0,2020-06-08,CV,0,0,0,0,0,1,0,0,0,0,0,0,0,0,0,0,0,1,0,0,0,0,0,0,0,0,0,0,0,0,1,1,0,0,0,0,0,1,0,0,0,0,1,1,0,0,0,0,0,0,18384,0,0,18384,0,0,18384,0,0,19248.05,0,0,19038.62,5323.57,134.78,29661.02,0,0,18723.78,0,0,19541.16,0,0,19383.73,0,0,19383.73,0,0,18436.83,0,0,18436.83,0,0,18436.83,0,0,18436.83,0,0,18366.46,0,0,18366.46,0,0,18597.15,5070.1,128.36,28248.79,0,0,18366.46,0,0,18366.46,0,0,18384,0,0,18366.46,0,0,18401.57,0,0,18366.46,0,0,18366.46,0,0,18366.46,0,0,18401.57,0,0,18454.5,0,0,18454.5,0,0,18507.74,0,0,18579.19,0,0,18384,0,0,18384,5009.6,126.83,27911.71,5009.6,126.83,27911.71,0,0,18366.46,0,0,18366.46,0,0,18366.46,0,0,18366.46,0,0,18366.46,11071.54,280.31,61686.66,0,0,18366.46,0,0,18401.57,0,0,18366.46,0,0,18870.63,5009.6,126.83,27911.71,5147.99,130.34,28682.77,0,0,18384
both_sexes,0,0,2020-06-15,CV,0,0,0,0,0,1,0,0,0,0,0,0,0,0,0,0,0,0,0,0,0,0,0,0,0,0,0,0,0,0,0,0,0,0,0,0,0,1,0,0,2,0,0,0,0,1,1,0,0,0,18396.55,0,0,18396.55,0,0,18396.55,0,0,19261.8,0,0,19052.08,5329,134.92,29691.32,0,0,18736.8,0,0,19555.34,0,0,19397.69,0,0,19397.69,0,0,18449.45,0,0,18449.45,0,0,18449.45,0,0,18449.45,0,0,18378.98,0,0,18378.98,0,0,18609.99,0,0,18718.58,4983.63,126.17,27766.99,4983.63,126.17,27766.99,0,0,18396.55,0,0,18378.98,0,0,18414.15,0,0,18378.98,0,0,18378.98,0,0,18378.98,0,0,18414.15,0,0,18467.15,0,0,18467.15,0,0,18520.46,0,0,18592.01,0,0,18396.55,0,0,18396.55,0,0,18502.65,0,0,18502.65,0,0,18378.98,0,0,18378.98,0,0,18378.98,0,0,18378.98,0,0,18378.98,11091.71,280.82,61799.05,0,0,18378.98,0,0,18414.15,9964.53,1206.75,35995.32,0,0,18883.86,0,0,18502.65,0,0,19014.44,0,0,18396.55
both_sexes,0,0,2020-06-22,CV,0,0,0,1,1,1,0,1,1,1,0,0,0,0,0,0,0,0,0,0,0,0,0,0,0,0,0,0,0,0,0,0,0,0,0,0,0,0,0,0,0,0,0,0,0,1,1,0,0,0,18467.15,0,0,18467.15,0,0,18467.15,5241.82,132.71,29205.55,5185.26,131.28,28890.44,5350.08,135.45,29808.74,0,0,18810.04,5326.67,134.86,29678.33,5278.94,133.65,29412.38,5278.94,133.65,29412.38,0,0,18520.46,0,0,18520.46,0,0,18520.46,0,0,18520.46,0,0,18449.45,0,0,18449.45,0,0,18679.65,0,0,18789.06,5010.98,126.87,27919.37,5010.98,126.87,27919.37,0,0,18467.15,0,0,18449.45,0,0,18482.35,0,0,18449.45,0,0,18449.45,0,0,18449.45,0,0,18484.88,0,0,18538.29,0,0,18538.29,0,0,18592.01,0,0,18664.13,0,0,18467.15,0,0,18467.15,0,0,18574.07,0,0,18574.07,0,0,18449.45,0,0,18449.45,0,0,18449.45,0,0,18449.45,0,0,18449.45,0,0,40953.29,0,0,18449.45,0,0,18484.88,0,0,18449.45,0,0,18958.26,0,0,18574.07,0,0,19089.87,0,0,18467.15
both_sexes,0,0,2020-06-29,CV,0,0,0,0,0,0,0,0,0,0,0,0,0,0,0,0,0,0,0,0,0,0,0,0,0,0,0,0,0,0,0,0,0,0,0,0,0,1,0,0,0,0,0,0,0,0,0,0,0,0,18528.1,0,0,18528.1,0,0,18528.1,0,0,19406.07,0,0,19212.37,0,0,19785.07,0,0,18873.28,0,0,19704.05,0,0,19544,0,0,19544,0,0,18581.76,0,0,18581.76,0,0,18581.76,0,0,18581.76,0,0,18510.28,0,0,18510.28,0,0,18726.38,0,0,18836.34,0,0,18545.95,0,0,18545.95,0,0,18528.1,0,0,18510.28,0,0,18528.1,0,0,18510.28,0,0,18510.28,0,0,18510.28,0,0,18545.95,0,0,18599.71,0,0,18599.71,0,0,18653.79,0,0,18726.38,0,0,18528.1,0,0,18528.1,0,0,18635.73,0,0,18635.73,0,0,18510.28,0,0,18510.28,0,0,18510.28,0,0,18510.28,0,0,18510.28,11125.49,281.67,61987.29,0,0,18510.28,0,0,18545.95,0,0,18510.28,0,0,19022.49,0,0,18635.73,0,0,19155.01,0,0,18528.1
both_sexes,0,0,2020-07-06,CV,0,0,0,0,1,1,0,0,2,2,0,0,0,0,0,0,0,0,0,0,0,0,0,0,0,0,0,0,0,0,1,1,0,0,0,0,0,1,0,0,2,0,1,1,0,0,0,0,0,0,18566.39,0,0,18566.39,0,0,18566.39,0,0,19448.08,5220.09,132.16,29084.5,5376.07,136.11,29953.53,0,0,18913.02,0,0,19747.37,10617.73,1285.86,38354.9,10617.73,1285.86,38354.9,0,0,18620.28,0,0,18620.28,0,0,18620.28,0,0,18620.28,0,0,18548.5,0,0,18548.5,0,0,18765.5,0,0,18875.92,0,0,18584.32,0,0,18584.32,0,0,18566.39,0,0,18548.5,0,0,18566.39,0,0,18548.5,0,0,18548.5,0,0,18548.5,0,0,18584.32,0,0,18638.31,0,0,18638.31,0,0,18692.61,0,0,18765.5,0,0,18566.39,0,0,18566.39,5065.18,128.24,28221.37,5065.18,128.24,28221.37,0,0,18548.5,0,0,18548.5,0,0,18548.5,0,0,18548.5,0,0,18548.5,11169.72,282.79,62233.72,0,0,18548.5,0,0,18584.32,10056.44,1217.88,36327.33,0,0,19062.86,5065.18,128.24,28221.37,5206.7,131.82,29009.88,0,0,18566.39
both_sexes,0,0,2020-07-13,CV,0,0,0,3,0,0,1,2,0,0,0,0,0,0,0,0,2,2,0,0,0,0,0,0,0,0,0,0,0,0,0,0,0,0,0,0,0,0,0,0,0,1,0,1,0,0,0,0,0,0,18620.28,0,0,18620.28,0,0,18620.28,15885.04,3275.88,46422.83,0,0,19330.89,0,0,19896.09,5145.82,130.28,28670.65,10748.97,1301.75,38828.98,0,0,19666.67,0,0,19666.67,0,0,18674.47,0,0,18674.47,0,0,18674.47,0,0,18674.47,0,0,18602.28,0,0,18602.28,10208.22,1236.26,36875.59,10268.48,1243.56,37093.3,0,0,18625.42,0,0,18625.42,0,0,18620.28,0,0,18602.28,0,0,18620.28,0,0,18602.28,0,0,18602.28,0,0,18602.28,0,0,18638.31,0,0,18679.65,0,0,18679.65,0,0,18747.23,0,0,18820.55,0,0,18620.28,0,0,18620.28,0,0,18747.23,0,0,18747.23,0,0,18602.28,0,0,18602.28,0,0,18602.28,0,0,18602.28,0,0,18602.28,0,0,41266.87,0,0,18602.28,0,0,18638.31,0,0,18602.28,5186.74,131.32,28898.65,0,0,18747.23,5228.31,132.37,29130.3,0,0,18620.28
both_sexes,0,0,2020-07-20,CV,0,0,0,1,1,1,0,1,0,0,0,0,0,0,0,0,0,0,0,0,0,0,0,0,0,0,0,0,0,0,0,0,0,0,0,0,0,0,0,0,0,0,0,0,0,0,0,0,0,0,18643.47,0,0,18643.47,0,0,18643.47,5312.73,134.51,29600.62,5248.6,132.88,29243.32,5400.71,136.73,30090.83,0,0,19011.76,5383.99,136.31,29997.68,0,0,19692.53,0,0,19692.53,0,0,18697.8,0,0,18697.8,0,0,18697.8,0,0,18697.8,0,0,18625.42,0,0,18625.42,0,0,18881.21,0,0,18993,0,0,18625.42,0,0,18625.42,0,0,18643.47,0,0,18625.42,0,0,18643.47,0,0,18625.42,0,0,18625.42,0,0,18625.42,0,0,18661.54,0,0,18697.8,0,0,18697.8,0,0,18770.73,0,0,18844.24,0,0,18643.47,0,0,18643.47,0,0,18770.73,0,0,18770.73,0,0,18625.42,0,0,18625.42,0,0,18625.42,0,0,18625.42,0,0,18625.42,0,0,41330.16,0,0,18625.42,0,0,18661.54,0,0,18625.42,0,0,19163.18,0,0,18770.73,0,0,19317.04,0,0,18643.47
both_sexes,0,0,2020-07-27,CV,0,0,0,1,0,0,0,0,0,0,0,0,0,0,0,0,0,1,0,0,0,0,0,0,0,0,0,0,0,0,0,0,0,0,0,0,0,1,0,0,1,0,0,0,0,0,0,0,0,0,18705.58,0,0,18705.58,0,0,18705.58,5339.91,135.19,29752.09,0,0,19442.47,0,0,20008.36,0,0,19076.36,0,0,19940.26,0,0,19761.85,0,0,19761.85,0,0,18760.28,0,0,18760.28,0,0,18760.28,0,0,18760.28,0,0,18687.42,0,0,18687.42,0,0,18944.93,5169.12,130.87,28800.49,0,0,18687.42,0,0,18687.42,0,0,18705.58,0,0,18687.42,0,0,18705.58,0,0,18687.42,0,0,18687.42,0,0,18687.42,0,0,18723.78,0,0,18760.28,0,0,18760.28,0,0,18833.7,0,0,18907.71,0,0,18705.58,0,0,18705.58,0,0,18833.7,0,0,18833.7,0,0,18687.42,0,0,18687.42,0,0,18687.42,0,0,18687.42,0,0,18687.42,11248.85,284.8,62674.55,0,0,18687.42,0,0,18723.78,5065.88,128.26,28225.28,0,0,19228.82,0,0,18833.7,0,0,19383.73,0,0,18705.58
both_sexes,0,0,2020-08-03,CV,0,0,0,0,1,1,0,1,1,1,0,0,0,0,0,0,3,3,0,0,0,0,0,0,0,0,0,0,0,0,0,0,0,0,0,0,0,0,0,0,0,0,0,0,0,0,0,0,0,0,18726.38,0,0,18726.38,0,0,18726.38,0,0,19724.25,5280.47,133.69,29420.89,5434.46,137.59,30278.87,0,0,19097.99,5410.31,136.98,30144.32,5365.8,135.85,29896.32,5365.8,135.85,29896.32,0,0,18781.2,0,0,18781.2,0,0,18781.2,0,0,18781.2,0,0,18708.18,0,0,18708.18,15446.15,3185.37,45140.21,15553.58,3207.52,45454.17,0,0,18708.18,0,0,18708.18,0,0,18726.38,0,0,18708.18,0,0,18726.38,0,0,18708.18,0,0,18708.18,0,0,18708.18,0,0,18744.62,0,0,18781.2,0,0,18781.2,0,0,18854.79,0,0,18928.96,0,0,18726.38,0,0,18726.38,0,0,18854.79,0,0,18854.79,0,0,18708.18,0,0,18708.18,0,0,18708.18,0,0,18708.18,0,0,18708.18,0,0,41572.45,0,0,18708.18,0,0,18744.62,0,0,18708.18,0,0,19250.8,0,0,18854.79,0,0,19406.07,0,0,18726.38
both_sexes,0,0,2020-08-10,CV,0,0,0,0,0,0,0,0,0,0,0,0,0,0,0,0,0,0,0,0,0,0,0,0,0,0,0,0,0,0,0,0,0,0,0,0,0,1,0,0,2,0,0,0,0,1,1,0,0,0,18752.45,0,0,18752.45,0,0,18752.45,0,0,19753.16,0,0,19512.86,0,0,20079.93,0,0,19125.1,0,0,19999.45,0,0,19831.66,0,0,19831.66,0,0,18807.42,0,0,18807.42,0,0,18807.42,0,0,18807.42,0,0,18734.19,0,0,18734.19,0,0,19049.39,0,0,19182.28,5081.39,128.65,28311.67,5081.39,128.65,28311.67,0,0,18752.45,0,0,18734.19,0,0,18752.45,0,0,18734.19,0,0,18734.19,0,0,18734.19,0,0,18770.73,0,0,18807.42,0,0,18807.42,0,0,18881.21,0,0,18955.59,0,0,18752.45,0,0,18752.45,0,0,18881.21,0,0,18881.21,0,0,18734.19,0,0,18734.19,0,0,18734.19,0,0,18734.19,0,0,18734.19,11273.15,285.41,62809.96,0,0,18734.19,0,0,18770.73,10157.12,1230.07,36691.01,0,0,19278.34,0,0,18881.21,0,0,19434.06,0,0,18752.45
both_sexes,0,0,2020-08-17,CV,0,0,0,0,1,1,1,1,1,1,0,0,0,1,0,0,0,0,0,0,0,0,0,0,0,0,0,0,0,0,1,1,0,0,0,0,0,1,0,0,0,1,1,2,0,0,0,0,0,0,18849.51,0,0,18849.51,0,0,18849.51,0,0,19860.9,5322.02,134.74,29652.38,5472.73,138.56,30492.1,5214.88,132.03,29055.44,5454.75,138.1,30391.92,5404.71,136.84,30113.09,5404.71,136.84,30113.09,0,0,18905.05,0,0,18905.05,0,0,18905.05,5124.88,129.75,28553.99,0,0,18831.07,0,0,18831.07,0,0,19149.56,0,0,19283.86,0,0,18849.51,0,0,18849.51,0,0,18849.51,0,0,18831.07,0,0,18849.51,0,0,18831.07,0,0,18831.07,0,0,18831.07,0,0,18867.99,0,0,18905.05,0,0,18905.05,0,0,18979.62,0,0,19054.78,0,0,18849.51,0,0,18849.51,5148.72,130.35,28686.82,5148.72,130.35,28686.82,0,0,18831.07,0,0,18831.07,0,0,18831.07,0,0,18831.07,0,0,18831.07,11336.13,287.01,63160.86,0,0,18831.07,0,0,18867.99,0,0,18831.07,5256.91,133.09,29289.62,5148.72,130.35,28686.82,10606.94,1284.55,38315.92,0,0,18849.51
both_sexes,0,0,2020-08-24,CV,0,0,0,0,0,0,0,1,1,1,0,0,0,0,0,0,1,0,0,0,0,0,0,0,0,0,0,0,0,0,0,0,0,0,0,0,0,0,0,0,0,0,0,0,0,0,0,0,0,0,18902.4,0,0,18902.4,0,0,18902.4,0,0,19919.62,0,0,19695.41,0,0,20255.01,0,0,19300.43,5475.19,138.62,30505.81,5425.58,137.36,30229.39,5425.58,137.36,30229.39,0,0,18958.26,0,0,18958.26,0,0,18958.26,0,0,18976.95,0,0,18883.86,0,0,18883.86,5209.67,131.9,29026.43,0,0,19339.22,0,0,18902.4,0,0,18902.4,0,0,18902.4,0,0,18883.86,0,0,18902.4,0,0,18883.86,0,0,18883.86,0,0,18883.86,0,0,18920.98,0,0,18958.26,0,0,18958.26,0,0,19033.24,0,0,19108.82,0,0,18902.4,0,0,18902.4,0,0,19052.08,0,0,19052.08,0,0,18883.86,0,0,18883.86,0,0,18883.86,0,0,18883.86,0,0,18883.86,0,0,41934.74,0,0,18883.86,0,0,18920.98,0,0,18883.86,0,0,19456.51,0,0,19052.08,0,0,19635.14,0,0,18902.4
both_sexes,0,0,2020-08-31,CV,0,0,0,0,0,0,0,0,1,1,0,0,0,0,0,0,0,0,0,0,0,0,0,0,0,0,0,0,0,0,0,0,0,0,0,0,0,0,0,0,0,0,0,0,0,1,1,0,0,0,18939.6,0,0,18939.6,0,0,18939.6,0,0,19960.94,0,0,19735.8,0,0,20297.73,0,0,19339.22,0,0,20255.01,5443.37,137.81,30328.51,5443.37,137.81,30328.51,0,0,18995.67,0,0,18995.67,0,0,18995.67,0,0,19014.44,0,0,18920.98,0,0,18920.98,0,0,19261.8,0,0,19378.16,5137.85,130.08,28626.29,5137.85,130.08,28626.29,0,0,18939.6,0,0,18920.98,0,0,18939.6,0,0,18920.98,0,0,18920.98,0,0,18920.98,0,0,18958.26,0,0,18995.67,0,0,18995.67,0,0,19070.96,0,0,19146.84,0,0,18939.6,0,0,18939.6,0,0,19089.87,0,0,19089.87,0,0,18920.98,0,0,18920.98,0,0,18920.98,0,0,18920.98,0,0,18920.98,0,0,41973.93,0,0,18920.98,0,0,18958.26,0,0,18920.98,0,0,19495.92,0,0,19089.87,0,0,19675.28,0,0,18939.6
both_sexes,0,0,2020-09-07,CV,0,0,0,0,0,0,0,0,0,0,0,0,0,0,0,0,0,0,0,0,0,0,0,1,0,0,0,0,0,0,0,0,0,0,0,0,0,0,0,1,0,0,0,0,0,0,0,0,0,0,18963.59,0,0,18963.59,0,0,18963.59,0,0,19987.59,0,0,19761.85,0,0,20325.29,0,0,19364.23,0,0,20282.45,0,0,20112.9,0,0,20112.9,0,0,19019.81,0,0,19019.81,0,0,19019.81,0,0,19038.62,0,0,18944.93,0,0,18944.93,0,0,19286.62,0,0,19403.27,0,0,18976.95,0,0,18976.95,0,0,18963.59,0,0,18944.93,0,0,18963.59,0,0,18944.93,0,0,18944.93,0,0,18944.93,5147.27,130.32,28678.73,0,0,19019.81,0,0,19019.81,0,0,19095.28,0,0,19171.36,0,0,18963.59,0,0,18963.59,0,0,19114.25,0,0,19114.25,0,0,18944.93,0,0,18944.93,0,0,18944.93,0,0,18944.93,0,0,18944.93,0,0,42026.3,0,0,18944.93,5147.27,130.32,28678.73,0,0,18944.93,0,0,19521.34,0,0,19114.25,0,0,19701.17,0,0,18963.59
both_sexes,0,0,2020-09-14,CV,0,0,0,0,1,1,1,1,0,0,0,0,0,0,0,0,0,0,0,0,0,0,0,0,0,0,0,0,0,0,0,0,0,0,0,0,0,1,0,0,0,1,0,1,0,0,0,0,0,0,18976.95,0,0,18976.95,0,0,18976.95,0,0,20002.42,5362.65,135.77,29878.77,5515.71,139.65,30731.54,5256.91,133.09,29289.62,5506.56,139.41,30680.58,0,0,20118.91,0,0,20118.91,0,0,19033.24,0,0,19033.24,0,0,19033.24,0,0,19052.08,0,0,18958.26,0,0,18958.26,0,0,19300.43,0,0,19417.25,0,0,18976.95,0,0,18976.95,0,0,18976.95,0,0,18958.26,0,0,18976.95,0,0,18958.26,0,0,18958.26,0,0,18958.26,0,0,19009.07,0,0,19033.24,0,0,19033.24,0,0,19108.82,0,0,19185.01,0,0,18976.95,0,0,18976.95,0,0,19127.81,0,0,19127.81,0,0,18958.26,0,0,18958.26,0,0,18958.26,0,0,18958.26,0,0,18958.26,11403.37,288.71,63535.52,0,0,18958.26,0,0,19009.07,0,0,18958.26,5299.62,134.17,29527.61,0,0,19127.81,5348.51,135.41,29800.01,0,0,18976.95
both_sexes,0,0,2020-09-21,CV,0,0,0,0,0,0,0,0,0,0,0,0,0,0,0,0,0,0,0,0,0,0,0,0,0,0,0,0,0,0,0,0,0,0,0,0,0,2,0,0,0,0,0,0,0,0,0,0,0,0,19022.49,0,0,19022.49,0,0,19022.49,0,0,20053.03,0,0,19825.83,0,0,20392.97,0,0,19445.28,0,0,20371.38,0,0,20158.04,0,0,20158.04,0,0,19079.06,0,0,19079.06,0,0,19079.06,0,0,19097.99,0,0,19003.71,0,0,19003.71,0,0,19347.55,0,0,19464.94,0,0,19022.49,0,0,19022.49,0,0,19022.49,0,0,19003.71,0,0,19022.49,0,0,19003.71,0,0,19003.71,0,0,19003.71,0,0,19041.31,0,0,19079.06,0,0,19079.06,0,0,19155.01,0,0,19231.56,0,0,19022.49,0,0,19022.49,0,0,19174.09,0,0,19174.09,0,0,19003.71,0,0,19003.71,0,0,19003.71,0,0,19003.71,0,0,19003.71,22878.17,2770.65,82643.82,0,0,19003.71,0,0,19041.31,0,0,19003.71,0,0,19603.71,0,0,19174.09,0,0,19785.07,0,0,19022.49
both_sexes,0,0,2020-09-28,CV,0,0,0,0,0,0,0,0,1,1,0,0,0,0,0,0,0,0,0,0,0,0,0,0,0,0,0,0,0,0,0,0,0,0,0,0,0,1,0,0,1,0,0,0,0,0,0,0,0,0,19070.96,0,0,19070.96,0,0,19070.96,0,0,20106.9,0,0,19878.48,0,0,20448.68,0,0,19495.92,0,0,20426.97,5479.3,138.72,30528.69,5479.3,138.72,30528.69,0,0,19127.81,0,0,19127.81,0,0,19127.81,0,0,19146.84,0,0,19052.08,0,0,19052.08,0,0,19397.69,0,0,19515.69,0,0,19062.86,0,0,19062.86,0,0,19070.96,0,0,19052.08,0,0,19070.96,0,0,19052.08,0,0,19052.08,0,0,19052.08,0,0,19089.87,0,0,19127.81,0,0,19127.81,0,0,19204.15,0,0,19281.1,0,0,19070.96,0,0,19070.96,0,0,19223.33,0,0,19223.33,0,0,19052.08,0,0,19052.08,0,0,19052.08,0,0,19052.08,0,0,19052.08,11471.42,290.43,63914.66,0,0,19052.08,0,0,19089.87,5164.73,130.76,28776.06,0,0,19655.19,0,0,19223.33,0,0,19837.5,0,0,19070.96
both_sexes,0,0,2020-10-05,CV,0,0,0,0,0,0,0,0,1,1,0,0,0,0,0,0,0,0,0,0,0,0,0,0,0,0,0,0,0,0,0,0,0,0,0,0,0,2,0,0,1,0,0,0,0,0,0,0,0,0,19097.99,0,0,19097.99,0,0,19097.99,0,0,20136.95,0,0,19907.85,0,0,20467.31,0,0,19524.17,0,0,20457.99,5495.79,139.14,30620.56,5495.79,139.14,30620.56,0,0,19155.01,0,0,19155.01,0,0,19155.01,0,0,19174.09,0,0,19079.06,0,0,19079.06,0,0,19425.65,0,0,19544,0,0,19079.06,0,0,19079.06,0,0,19097.99,0,0,19079.06,0,0,19097.99,0,0,19079.06,0,0,19079.06,0,0,19079.06,0,0,19116.96,0,0,19155.01,0,0,19155.01,0,0,19231.56,0,0,19308.73,0,0,19097.99,0,0,19097.99,0,0,19250.8,0,0,19250.8,0,0,19079.06,0,0,19079.06,0,0,19079.06,0,0,19079.06,0,0,19079.06,23029.63,2789,83190.96,0,0,19079.06,0,0,19116.96,5172.05,130.94,28816.8,0,0,19683.9,0,0,19250.8,0,0,19866.75,0,0,19097.99
both_sexes,0,0,2020-10-12,CV,0,0,0,0,1,1,0,0,0,0,0,0,0,0,0,0,0,0,0,1,1,0,0,0,0,0,0,0,0,0,0,0,0,0,0,0,0,5,0,0,2,0,0,0,0,0,0,0,0,0,19152.28,0,0,19152.28,0,0,19152.28,0,0,20197.32,5415.93,137.12,30175.6,5566.14,140.92,31012.54,0,0,19580.92,0,0,20520.3,0,0,20346.77,0,0,20346.77,0,0,19209.63,0,0,19209.63,0,0,19209.63,0,0,19228.82,0,0,19133.25,0,0,19133.25,0,0,19481.83,0,0,19600.86,0,0,19133.25,0,0,19133.25,0,0,19152.28,5189.68,131.39,28915.07,5194.85,131.52,28943.86,0,0,19133.25,0,0,19133.25,0,0,19133.25,0,0,19171.36,0,0,19209.63,0,0,19209.63,0,0,19286.62,0,0,19364.23,0,0,19152.28,0,0,19152.28,0,0,19305.96,0,0,19305.96,0,0,19133.25,0,0,19133.25,0,0,19133.25,0,0,19133.25,0,0,19133.25,58086.83,18860.64,135555.29,0,0,19133.25,0,0,19171.36,10373.47,1256.28,37472.55,0,0,19741.59,0,0,19305.96,0,0,19925.51,0,0,19152.28
both_sexes,0,0,2020-10-19,CV,0,0,0,0,1,1,0,0,1,1,0,0,0,0,0,0,0,0,0,0,0,0,0,0,0,0,0,0,0,0,0,0,0,0,0,0,0,6,0,0,1,0,0,0,0,0,0,0,0,0,19212.37,0,0,19212.37,0,0,19212.37,0,0,20255.01,5436.89,137.65,30292.39,5588.28,141.48,31135.9,0,0,19643.73,0,0,20589.29,5534.93,140.13,30838.65,5534.93,140.13,30838.65,0,0,19270.07,0,0,19270.07,0,0,19270.07,0,0,19281.1,0,0,19193.21,0,0,19193.21,0,0,19544,0,0,19663.79,0,0,19193.21,0,0,19193.21,0,0,19212.37,0,0,19212.37,0,0,19231.56,0,0,19193.21,0,0,19193.21,0,0,19193.21,0,0,19231.56,0,0,19270.07,0,0,19270.07,0,0,19347.55,0,0,19425.65,0,0,19212.37,0,0,19212.37,0,0,19367.01,0,0,19367.01,0,0,19193.21,0,0,19193.21,0,0,19193.21,0,0,19193.21,0,0,19193.21,70899.39,26018.82,154318.11,0,0,19193.21,0,0,19231.56,5202.99,131.73,28989.21,0,0,19805.43,0,0,19367.01,0,0,19990.55,0,0,19212.37
both_sexes,0,0,2020-10-26,CV,0,0,0,0,0,0,0,0,0,0,0,0,0,0,0,0,0,1,0,0,0,0,0,0,0,0,0,0,0,0,0,0,0,0,0,0,0,5,0,0,0,0,0,0,0,0,0,0,0,0,19264.56,0,0,19264.56,0,0,19264.56,0,0,20300.79,0,0,20130.93,0,0,20693.64,0,0,19698.29,0,0,20649.24,0,0,20495.33,0,0,20495.33,0,0,19322.58,0,0,19322.58,0,0,19322.58,0,0,19322.58,0,0,19245.3,0,0,19245.3,0,0,19598.01,5349.3,135.43,29804.38,0,0,19245.3,0,0,19245.3,0,0,19264.56,0,0,19264.56,0,0,19283.86,0,0,19245.3,0,0,19245.3,0,0,19245.3,0,0,19283.86,0,0,19322.58,0,0,19322.58,0,0,19400.48,0,0,19479.01,0,0,19264.56,0,0,19264.56,0,0,19420.05,0,0,19420.05,0,0,19245.3,0,0,19245.3,0,0,19245.3,0,0,19245.3,0,0,19245.3,59798.62,19416.45,139550.04,0,0,19245.3,0,0,19283.86,0,0,19245.3,0,0,19860.9,0,0,19420.05,0,0,20047.06,0,0,19264.56
both_sexes,0,0,2020-11-02,CV,0,0,0,0,0,0,0,0,0,0,0,0,0,0,0,0,0,0,0,0,0,0,0,0,0,0,0,0,0,0,0,0,0,0,0,0,0,6,0,0,1,0,0,0,0,0,0,0,0,0,19272.83,0,0,19272.83,0,0,19272.83,0,0,20309.97,0,0,20139.96,0,0,20703.18,0,0,19706.94,0,0,20658.74,0,0,20504.69,0,0,20504.69,0,0,19330.89,0,0,19330.89,0,0,19330.89,0,0,19330.89,0,0,19253.55,0,0,19253.55,0,0,19606.57,0,0,19747.37,0,0,19253.55,0,0,19253.55,0,0,19272.83,0,0,19272.83,0,0,19292.14,0,0,19253.55,0,0,19253.55,0,0,19253.55,0,0,19292.14,0,0,19330.89,0,0,19330.89,0,0,19408.86,0,0,19487.46,0,0,19272.83,0,0,19272.83,0,0,19428.45,0,0,19428.45,0,0,19253.55,0,0,19253.55,0,0,19253.55,0,0,19253.55,0,0,19253.55,72374.5,26560.17,157528.83,0,0,19253.55,0,0,19292.14,5219.35,132.14,29080.35,0,0,19869.68,0,0,19428.45,0,0,20056.02,0,0,19272.83
both_sexes,0,0,2020-11-09,CV,0,0,0,0,1,1,0,0,1,1,0,0,0,0,0,0,0,0,0,0,0,0,0,0,0,0,0,1,0,0,0,0,0,0,0,0,0,9,0,0,0,0,0,0,0,0,0,1,0,0,19317.04,0,0,19317.04,0,0,19317.04,0,0,20359.07,5473.55,138.58,30496.67,5627.02,142.46,31351.76,0,0,19753.16,0,0,20709.55,5572.93,141.09,31050.39,5572.93,141.09,31050.39,0,0,19375.37,0,0,19375.37,0,0,19375.37,0,0,19375.37,0,0,19297.67,0,0,19297.67,0,0,19652.32,0,0,19793.79,0,0,19297.67,0,0,19297.67,0,0,19317.04,0,0,19317.04,0,0,19336.44,5232.81,132.48,29155.34,0,0,19297.67,0,0,19297.67,0,0,19336.44,0,0,19375.37,0,0,19375.37,0,0,19453.7,5298.85,134.16,29523.32,0,0,19317.04,0,0,19317.04,0,0,19473.38,0,0,19473.38,0,0,19297.67,0,0,19297.67,0,0,19297.67,0,0,19297.67,0,0,19297.67,110905.87,50713.23,210533.89,0,0,19297.67,0,0,19336.44,0,0,19297.67,0,0,19916.68,0,0,19473.38,0,0,20103.9,0,0,19317.04
both_sexes,0,0,2020-11-16,CV,0,0,0,0,0,0,0,0,0,0,0,0,0,0,0,0,0,0,0,0,0,0,0,0,0,0,0,0,0,0,0,0,0,0,0,0,0,11,0,0,2,0,0,0,0,0,0,0,0,0,19339.22,0,0,19339.22,0,0,19339.22,0,0,20383.71,0,0,20233.72,0,0,20802.27,0,0,19776.36,0,0,20735.04,0,0,20601.88,0,0,20601.88,0,0,19397.69,0,0,19397.69,0,0,19397.69,0,0,19397.69,0,0,19319.81,0,0,19319.81,0,0,19675.28,0,0,19817.08,0,0,19319.81,0,0,19319.81,0,0,19339.22,0,0,19339.22,0,0,19358.67,0,0,19339.22,0,0,19319.81,0,0,19319.81,0,0,19358.67,0,0,19397.69,0,0,19397.69,0,0,19476.2,0,0,19575.23,0,0,19339.22,0,0,19339.22,0,0,19495.92,0,0,19495.92,0,0,19319.81,0,0,19319.81,0,0,19319.81,0,0,19319.81,0,0,19319.81,138590.89,69184.07,247977.39,0,0,19319.81,0,0,19358.67,10474.62,1268.53,37837.93,0,0,19940.26,0,0,19495.92,0,0,20127.92,0,0,19339.22
both_sexes,0,0,2020-11-23,CV,0,0,0,0,0,0,0,1,0,0,0,0,0,0,0,0,0,0,0,0,0,0,0,0,0,0,0,0,0,0,0,0,0,0,0,0,0,9,0,0,0,0,0,0,0,0,0,0,0,0,19380.94,0,0,19380.94,0,0,19380.94,0,0,20430.07,0,0,20273.3,0,0,20844.11,0,0,19819.99,5636.57,142.71,31404.98,0,0,20642.92,0,0,20642.92,0,0,19439.67,0,0,19439.67,0,0,19439.67,0,0,19439.67,0,0,19361.45,0,0,19361.45,0,0,19718.47,0,0,19860.9,0,0,19361.45,0,0,19361.45,0,0,19380.94,0,0,19380.94,0,0,19400.48,0,0,19380.94,0,0,19361.45,0,0,19361.45,0,0,19400.48,0,0,19439.67,0,0,19439.67,0,0,19518.52,0,0,19617.99,0,0,19380.94,0,0,19380.94,0,0,19538.33,0,0,19538.33,0,0,19361.45,0,0,19361.45,0,0,19361.45,0,0,19361.45,0,0,19361.45,116034.24,53058.24,220269.13,0,0,19361.45,0,0,19400.48,0,0,19361.45,0,0,19984.62,0,0,19538.33,0,0,20173.13,0,0,19380.94
both_sexes,0,0,2020-11-30,CV,0,0,0,0,0,0,0,1,2,2,0,0,0,0,0,0,0,1,0,0,0,0,0,0,0,0,1,1,0,0,0,0,0,0,0,0,0,12,0,0,1,1,0,1,0,0,0,0,0,0,19422.85,0,0,19422.85,0,0,19422.85,0,0,20476.64,0,0,20303.85,0,0,20876.41,0,0,19863.82,5649.65,143.04,31477.85,11210.87,1357.69,40497.5,11210.87,1357.69,40497.5,0,0,19481.83,0,0,19481.83,0,0,19481.83,0,0,19481.83,0,0,19403.27,0,0,19403.27,0,0,19761.85,5395.92,136.61,30064.16,0,0,19403.27,0,0,19403.27,0,0,19422.85,0,0,19422.85,0,0,19442.47,0,0,19422.85,0,0,19403.27,0,0,19403.27,0,0,19442.47,0,0,19481.83,0,0,19481.83,5306.55,134.35,29566.22,5333.67,135.04,29717.33,0,0,19422.85,0,0,19422.85,0,0,19580.92,0,0,19580.92,0,0,19403.27,0,0,19403.27,0,0,19403.27,0,0,19403.27,0,0,19403.27,158861.91,82086.27,277499.78,0,0,19403.27,0,0,19442.47,5259.94,133.17,29306.49,5433.65,137.57,30274.36,0,0,19580.92,5485.06,138.87,30560.79,0,0,19422.85
both_sexes,0,0,2020-12-07,CV,0,0,0,0,0,0,0,0,0,0,0,0,0,0,0,0,0,0,0,0,0,0,0,0,0,0,1,1,0,0,0,0,0,0,0,0,0,11,0,0,0,1,0,1,0,0,0,0,0,0,19442.47,0,0,19442.47,0,0,19442.47,0,0,20498.45,0,0,20325.29,0,0,20899.07,0,0,19884.35,0,0,20876.41,0,0,20719.1,0,0,20719.1,0,0,19501.57,0,0,19501.57,0,0,19501.57,0,0,19501.57,0,0,19422.85,0,0,19422.85,0,0,19782.16,0,0,19946.16,0,0,19422.85,0,0,19422.85,0,0,19442.47,0,0,19442.47,0,0,19462.13,0,0,19442.47,0,0,19422.85,0,0,19422.85,0,0,19462.13,0,0,19501.57,0,0,19501.57,5318.14,134.64,29630.79,5345.38,135.33,29782.57,0,0,19442.47,0,0,19442.47,0,0,19600.86,0,0,19600.86,0,0,19422.85,0,0,19422.85,0,0,19422.85,0,0,19422.85,0,0,19422.85,150703.3,75230.54,269649.83,0,0,19422.85,0,0,19462.13,0,0,19422.85,5445.8,137.88,30342.07,0,0,19600.86,5497.44,139.18,30629.78,0,0,19442.47
both_sexes,0,0,2020-12-14,CV,0,0,0,0,0,0,0,0,0,0,0,0,0,0,0,0,0,0,0,0,0,0,0,0,0,0,0,0,0,0,0,0,0,0,0,0,0,9,0,0,1,0,0,0,0,0,0,0,0,0,19464.94,0,0,19464.94,0,0,19464.94,0,0,20514.06,0,0,20340.63,0,0,20915.29,0,0,19907.85,0,0,20902.31,0,0,20744.62,0,0,20744.62,0,0,19524.17,0,0,19524.17,0,0,19524.17,0,0,19524.17,0,0,19445.28,0,0,19445.28,0,0,19796.7,0,0,19960.94,0,0,19445.28,0,0,19445.28,0,0,19464.94,0,0,19464.94,0,0,19484.65,0,0,19445.28,0,0,19445.28,0,0,19445.28,0,0,19484.65,0,0,19524.17,0,0,19524.17,0,0,19643.73,0,0,19744.48,0,0,19464.94,0,0,19464.94,0,0,19623.7,0,0,19623.7,0,0,19445.28,0,0,19445.28,0,0,19445.28,0,0,19445.28,0,0,19445.28,126238.48,57724.27,239639.96,0,0,19445.28,0,0,19484.65,5271.32,133.46,29369.93,0,0,20115.9,0,0,19623.7,0,0,20306.91,0,0,19464.94
both_sexes,0,0,2020-12-21,CV,0,1,0,0,0,0,0,2,1,1,0,0,0,0,0,0,1,1,0,0,0,0,0,0,0,0,0,0,0,0,0,0,0,0,0,0,0,8,0,0,2,0,0,0,0,0,0,0,0,0,19498.74,5289.65,133.92,29472.02,0,0,19498.74,0,0,20535.94,0,0,20362.15,0,0,20938.05,0,0,19943.21,11360.81,1375.85,41039.15,5638.31,142.75,31414.68,5638.31,142.75,31414.68,0,0,19558.18,0,0,19558.18,0,0,19558.18,0,0,19558.18,0,0,19479.01,0,0,19479.01,5376.86,136.13,29957.94,5421.55,137.26,30206.96,0,0,19479.01,0,0,19479.01,0,0,19498.74,0,0,19498.74,0,0,19518.52,0,0,19479.01,0,0,19479.01,0,0,19479.01,0,0,19518.52,0,0,19558.18,0,0,19558.18,0,0,19678.15,0,0,19779.26,0,0,19498.74,0,0,19498.74,0,0,19658.06,0,0,19658.06,0,0,19479.01,0,0,19479.01,0,0,19479.01,0,0,19479.01,0,0,19479.01,114858.49,49587.74,226317.02,0,0,19479.01,0,0,19518.52,10560.94,1278.98,38149.74,0,0,20152.01,0,0,19658.06,0,0,20343.7,0,0,19498.74
both_sexes,0,0,2020-12-28,CV,0,0,0,0,0,0,0,0,0,0,0,0,0,0,0,0,0,0,0,0,0,0,0,0,0,0,0,0,0,0,0,0,0,0,0,0,0,16,0,0,0,0,0,0,0,0,0,0,0,0,19563.86,0,0,19583.77,0,0,19563.86,0,0,20589.29,0,0,20414.59,0,0,20993.51,0,0,20011.34,0,0,21039.4,0,0,20879.64,0,0,20879.64,0,0,19623.7,0,0,19623.7,0,0,19623.7,0,0,19623.7,0,0,19544,0,0,19544,0,0,19866.75,0,0,20032.16,0,0,19544,0,0,19544,0,0,19563.86,0,0,19563.86,0,0,19583.77,0,0,19544,0,0,19544,0,0,19544,0,0,19583.77,0,0,19623.7,0,0,19623.7,0,0,19744.48,0,0,19846.27,0,0,19563.86,0,0,19563.86,0,0,19709.82,0,0,19709.82,0,0,19544,0,0,19544,0,0,19544,0,0,19544,0,0,19544,237367.99,135676.32,385470.75,0,0,19544,0,0,19583.77,0,0,19544,0,0,20221.57,0,0,19709.82,0,0,20399.14,0,0,19563.86
both_sexes,0,0,2021-01-04,CV,0,0,0,0,0,0,0,0,0,0,0,0,0,0,0,0,0,0,0,0,0,0,0,0,0,0,0,0,0,0,1,1,0,0,0,0,0,9,0,0,0,0,1,1,0,0,0,0,0,0,19727.13,0,0,19747.37,0,0,19727.13,0,0,20751.01,0,0,20583,0,0,21141.74,0,0,20179.17,0,0,21225,0,0,21055.84,0,0,21055.84,0,0,19787.98,0,0,19787.98,0,0,19787.98,0,0,19787.98,0,0,19706.94,0,0,19706.94,0,0,20023.23,0,0,20191.27,0,0,19706.94,0,0,19706.94,0,0,19727.13,0,0,19727.13,0,0,19747.37,0,0,19706.94,0,0,19706.94,0,0,19706.94,0,0,19747.37,0,0,19787.98,0,0,19787.98,0,0,19910.79,0,0,20014.31,0,0,19727.13,0,0,19727.13,5390.35,136.47,30033.1,5390.35,136.47,30033.1,0,0,19706.94,0,0,19706.94,0,0,19706.94,0,0,19706.94,0,0,19706.94,139231.26,63665.4,264304.3,0,0,19706.94,0,0,19747.37,0,0,19706.94,0,0,20392.97,5390.35,136.47,30033.1,5579.74,141.27,31088.34,0,0,19727.13
both_sexes,0,0,2021-01-11,CV,0,0,0,0,1,1,0,0,1,1,0,0,0,0,0,0,0,0,0,0,0,0,0,0,0,0,0,0,0,0,0,0,0,0,0,0,0,16,0,0,0,0,0,0,0,0,0,0,0,0,19993.52,0,0,20014.31,0,0,19993.52,0,0,21019.71,5657.53,143.24,31521.73,5808.68,147.06,32363.91,0,0,20439.37,0,0,21509.63,5782.02,146.39,32215.34,5782.02,146.39,32215.34,0,0,20056.02,0,0,20056.02,0,0,20056.02,0,0,20056.02,0,0,19972.77,0,0,19972.77,0,0,20267.2,0,0,20439.37,0,0,19972.77,0,0,19972.77,0,0,19993.52,0,0,19993.52,0,0,20014.31,0,0,19972.77,0,0,19972.77,0,0,19972.77,0,0,20014.31,0,0,20056.02,0,0,20056.02,0,0,20182.19,0,0,20288.56,0,0,19993.52,0,0,19993.52,0,0,20161.05,0,0,20161.05,0,0,19972.77,0,0,19972.77,0,0,19972.77,0,0,19972.77,0,0,19972.77,259848.82,148526.05,421978.21,0,0,19972.77,0,0,20014.31,0,0,19972.77,0,0,20658.74,0,0,20161.05,0,0,20860.24,0,0,19993.52
both_sexes,0,0,2021-01-18,CV,0,0,0,0,1,1,0,0,2,2,0,0,0,0,0,0,0,0,0,0,0,0,0,0,0,0,0,0,0,0,0,0,0,0,0,0,0,8,0,0,1,0,0,0,0,0,0,0,0,0,20161.05,0,0,20182.19,0,0,20161.05,0,0,21204.96,5711.49,144.6,31822.4,5859,148.34,32644.25,0,0,20614.49,0,0,21682.7,11661.88,1412.31,42126.71,11661.88,1412.31,42126.71,0,0,20224.61,0,0,20224.61,0,0,20224.61,0,0,20224.61,0,0,20139.96,0,0,20139.96,0,0,20439.37,0,0,20605.03,0,0,20139.96,0,0,20139.96,0,0,20161.05,0,0,20161.05,0,0,20182.19,0,0,20139.96,0,0,20139.96,0,0,20139.96,0,0,20182.19,0,0,20224.61,0,0,20224.61,0,0,20352.92,0,0,20461.1,0,0,20161.05,0,0,20161.05,0,0,20331.42,0,0,20331.42,0,0,20139.96,0,0,20139.96,0,0,20139.96,0,0,20139.96,0,0,20139.96,136925.96,59114.91,269798.73,0,0,20139.96,0,0,20182.19,5459.64,138.23,30419.17,0,0,20837.66,0,0,20331.42,0,0,21042.69,0,0,20161.05
both_sexes,0,0,2021-01-25,CV,0,0,0,0,0,0,0,0,0,0,0,0,0,0,0,0,0,0,0,0,0,0,0,0,0,0,0,0,0,0,0,0,0,0,0,0,0,12,0,0,0,0,0,0,0,0,0,0,0,0,20215.5,0,0,20236.76,0,0,20215.5,0,0,21265.2,0,0,21148.38,0,0,21696.67,0,0,20671.42,0,0,21745.69,0,0,21599.28,0,0,21599.28,0,0,20279.4,0,0,20279.4,0,0,20279.4,0,0,20279.4,0,0,20194.29,0,0,20194.29,0,0,20495.33,0,0,20649.24,0,0,20194.29,0,0,20194.29,0,0,20215.5,0,0,20215.5,0,0,20236.76,0,0,20194.29,0,0,20194.29,0,0,20194.29,0,0,20236.76,0,0,20279.4,0,0,20279.4,0,0,20408.41,0,0,20517.18,0,0,20215.5,0,0,20215.5,0,0,20386.79,0,0,20386.79,0,0,20194.29,0,0,20194.29,0,0,20194.29,0,0,20194.29,0,0,20194.29,212766.99,109939.81,371661.11,0,0,20194.29,0,0,20236.76,0,0,20194.29,0,0,20895.83,0,0,20386.79,0,0,21102.01,0,0,20215.5
both_sexes,0,0,2021-02-01,CV,0,0,0,1,1,1,0,0,0,0,0,0,0,0,0,0,0,0,0,0,0,0,0,0,0,0,0,0,0,0,0,0,0,0,0,0,0,4,0,0,1,0,0,0,0,1,1,0,0,0,20279.4,0,0,20300.79,0,0,20267.2,5781.1,146.36,32210.24,5755.59,145.72,32068.12,5902.55,149.44,32886.92,0,0,20738.24,0,0,21805.52,0,0,21661.79,0,0,21661.79,0,0,20343.7,0,0,20343.7,0,0,20343.7,0,0,20343.7,0,0,20258.05,0,0,20258.05,0,0,20548.47,0,0,20703.18,5497.44,139.18,30629.78,5497.44,139.18,30629.78,0,0,20279.4,0,0,20279.4,0,0,20300.79,0,0,20258.05,0,0,20258.05,0,0,20258.05,0,0,20300.79,0,0,20343.7,0,0,20343.7,0,0,20464.2,0,0,20573.57,0,0,20279.4,0,0,20279.4,0,0,20451.78,0,0,20451.78,0,0,20258.05,0,0,20258.05,0,0,20258.05,0,0,20258.05,0,0,20258.05,73050,19903.67,187037.01,0,0,20258.05,0,0,20300.79,5491.66,139.04,30597.55,0,0,20954.33,0,0,20451.78,0,0,21161.67,0,0,20279.4
both_sexes,0,0,2021-02-08,CV,0,0,1,1,0,0,0,1,1,1,0,0,0,0,0,0,1,1,0,1,1,0,0,0,0,0,0,0,0,0,0,0,0,0,0,0,0,4,0,0,1,0,0,0,0,0,0,0,0,0,20426.97,0,0,20448.68,5532.41,140.07,30824.64,5822.57,147.41,32441.3,0,0,21403.7,0,0,21919.04,0,0,20889.35,5957.43,150.83,33192.67,5916.9,149.8,32966.84,5916.9,149.8,32966.84,0,0,20492.22,0,0,20492.22,0,0,20492.22,0,0,20492.22,0,0,20405.32,0,0,20405.32,5612.32,142.09,31269.86,5654.9,143.17,31507.09,0,0,20426.97,0,0,20426.97,0,0,20426.97,5539.97,140.26,30866.72,5545.85,140.41,30899.53,0,0,20405.32,0,0,20405.32,0,0,20405.32,0,0,20448.68,0,0,20492.22,0,0,20492.22,0,0,20601.88,0,0,20712.73,0,0,20426.97,0,0,20426.97,0,0,20601.88,0,0,20601.88,0,0,20405.32,0,0,20405.32,0,0,20405.32,0,0,20405.32,0,0,20405.32,74162.44,20206.77,189885.29,0,0,20405.32,0,0,20448.68,5531.58,140.05,30819.97,0,0,21095.4,0,0,20601.88,0,0,21305.55,0,0,20426.97
both_sexes,0,0,2021-02-15,CV,0,0,0,1,0,0,1,3,1,1,0,0,0,0,0,0,1,1,0,0,0,0,0,0,0,0,0,0,0,0,0,0,0,0,0,0,0,4,0,0,0,1,0,1,0,0,0,0,0,0,20507.81,0,0,20529.68,0,0,20507.81,5856.18,148.27,32628.55,0,0,21492.47,0,0,21983.41,5683.94,143.9,31668.89,17974.9,3706.86,52530.29,5948.7,150.61,33144.02,5948.7,150.61,33144.02,0,0,20573.57,0,0,20573.57,0,0,20573.57,0,0,20573.57,0,0,20485.98,0,0,20485.98,5640.06,142.79,31424.38,5683.06,143.88,31663.96,0,0,20507.81,0,0,20507.81,0,0,20507.81,0,0,20529.68,0,0,20551.6,0,0,20485.98,0,0,20485.98,0,0,20485.98,0,0,20529.68,0,0,20573.57,0,0,20573.57,0,0,20684.11,0,0,20795.85,0,0,20507.81,0,0,20507.81,0,0,20684.11,0,0,20684.11,0,0,20485.98,0,0,20485.98,0,0,20485.98,0,0,20485.98,0,0,20485.98,75621.12,20604.21,193620.1,0,0,20485.98,0,0,20529.68,0,0,20485.98,5740.22,145.33,31982.44,0,0,20684.11,5797.62,146.78,32302.27,0,0,20507.81
both_sexes,0,0,2021-02-22,CV,0,0,0,1,0,1,1,1,0,0,0,0,0,0,0,0,0,0,0,0,0,0,0,0,0,0,0,0,0,0,0,0,0,0,0,0,0,6,0,0,1,1,0,1,0,0,0,0,0,0,20668.25,0,0,20690.47,0,0,20668.25,5907.33,149.56,32913.52,0,0,21644.39,6006.41,152.07,33465.59,5735.71,145.22,31957.33,6051.19,153.2,33715.09,0,0,22116.93,0,0,22116.93,0,0,20735.04,0,0,20735.04,0,0,20735.04,0,0,20735.04,0,0,20646.08,0,0,20646.08,0,0,20983.7,0,0,21121.86,0,0,20668.25,0,0,20668.25,0,0,20668.25,0,0,20690.47,0,0,20712.73,0,0,20646.08,0,0,20646.08,0,0,20646.08,0,0,20680.94,0,0,20735.04,0,0,20735.04,0,0,20847.33,0,0,20951.07,0,0,20668.25,0,0,20668.25,0,0,20824.78,0,0,20824.78,0,0,20646.08,0,0,20646.08,0,0,20646.08,0,0,20646.08,0,0,20646.08,116445.27,42733.36,253452.33,0,0,20646.08,0,0,20680.94,5596.84,141.7,31183.62,5793.02,146.67,32276.65,0,0,20824.78,5844.94,147.98,32565.89,0,0,20668.25
both_sexes,0,0,2021-03-01,CV,0,0,0,2,0,0,0,1,1,1,0,0,0,0,0,0,0,0,0,0,0,0,0,0,0,0,0,0,0,0,0,0,0,0,0,0,0,5,0,0,0,0,0,0,0,0,0,0,0,0,21092.1,0,0,21105.31,0,0,21092.1,12062.42,1460.81,43573.6,0,0,22048.16,0,0,22591.6,0,0,21613.14,6172.89,156.28,34393.15,6113.99,154.79,34064.99,6113.99,154.79,34064.99,0,0,21161.67,0,0,21161.67,0,0,21161.67,0,0,21161.67,0,0,21069.01,0,0,21069.01,0,0,21407.11,0,0,21550.92,0,0,21075.6,0,0,21075.6,0,0,21092.1,0,0,21115.24,0,0,21138.43,0,0,21069.01,0,0,21069.01,0,0,21069.01,0,0,21092.1,0,0,21161.67,0,0,21161.67,0,0,21278.64,0,0,21373.15,0,0,21092.1,0,0,21092.1,0,0,21255.14,0,0,21255.14,0,0,21069.01,0,0,21069.01,0,0,21069.01,0,0,21069.01,0,0,21069.01,100842.08,32743.15,235331.77,0,0,21069.01,0,0,21092.1,0,0,21069.01,0,0,21833.79,0,0,21255.14,0,0,22033.74,0,0,21092.1
both_sexes,0,0,2021-03-08,CV,0,0,0,0,1,1,0,0,0,0,0,0,0,0,0,0,0,0,0,0,0,0,0,0,0,0,0,0,0,0,0,0,0,0,0,0,0,6,0,0,0,0,0,0,0,1,1,0,0,0,21987,0,0,21987,0,0,21987,0,0,23246.43,6229.75,157.72,34709.92,6381.03,161.55,35552.81,0,0,22538.7,0,0,23783.99,0,0,23534.73,0,0,23534.73,0,0,22062.6,0,0,22062.6,0,0,22062.6,0,0,22062.6,0,0,21961.91,0,0,21961.91,0,0,22307.34,0,0,22444.83,5958.4,150.85,33198.09,5958.4,150.85,33198.09,0,0,21987,0,0,22012.14,0,0,22037.34,0,0,21961.91,0,0,21961.91,0,0,21961.91,0,0,21987,0,0,22062.6,0,0,22062.6,0,0,22189.78,0,0,22292.57,0,0,21987,0,0,21987,0,0,22164.22,0,0,22164.22,0,0,21961.91,0,0,21961.91,0,0,21961.91,0,0,21961.91,0,0,21961.91,126822.92,46541.78,276040.1,0,0,21961.91,0,0,21987,0,0,21961.91,0,0,22778.75,0,0,22164.22,0,0,22996.47,0,0,21987
both_sexes,0,0,2021-03-15,CV,0,0,0,0,0,0,0,1,0,0,0,0,0,0,0,0,0,0,0,0,0,0,0,0,0,0,0,0,0,0,0,0,0,0,0,0,0,5,0,0,0,0,0,0,0,0,0,0,0,0,23182.44,0,0,23182.44,0,0,23182.44,0,0,24457.49,0,0,24185.3,0,0,24776.82,0,0,23754.64,6773.92,171.5,37741.89,0,0,24731.34,0,0,24731.34,0,0,23266.5,0,0,23266.5,0,0,23266.5,0,0,23266.5,0,0,23154.55,0,0,23154.55,0,0,23505.99,0,0,23650.4,0,0,23182.44,0,0,23182.44,0,0,23182.44,0,0,23210.39,0,0,23238.41,0,0,23154.55,0,0,23154.55,0,0,23154.55,0,0,23182.44,0,0,23266.5,0,0,23266.5,0,0,23407.98,0,0,23522.4,0,0,23182.44,0,0,23182.44,0,0,23351.18,0,0,23351.18,0,0,23154.55,0,0,23154.55,0,0,23154.55,0,0,23154.55,0,0,23154.55,115293.56,37435.51,269056.71,0,0,23154.55,0,0,23182.44,0,0,23154.55,0,0,24021.45,0,0,23351.18,0,0,24233.15,0,0,23182.44
both_sexes,0,0,2021-03-22,CV,0,0,0,0,0,0,0,1,0,0,0,0,0,0,0,0,0,0,0,0,0,0,0,0,0,0,0,0,0,0,0,0,0,0,0,0,0,0,0,0,0,0,0,0,0,0,0,0,0,0,24382.25,0,0,24382.25,0,0,24382.25,0,0,25693.43,0,0,25470,0,0,26106.63,0,0,24988.19,7136.58,180.68,39762.46,0,0,25965.76,0,0,25965.76,0,0,24475.26,0,0,24475.26,0,0,24475.26,0,0,24475.26,0,0,24351.4,0,0,24351.4,0,0,24726.8,0,0,24886.65,0,0,24382.25,0,0,24382.25,0,0,24382.25,0,0,24413.18,0,0,24444.18,0,0,24351.4,0,0,24351.4,0,0,24351.4,0,0,24382.25,0,0,24475.26,0,0,24475.26,0,0,24631.87,0,0,24758.6,0,0,24382.25,0,0,24382.25,0,0,24568.99,0,0,24568.99,0,0,24351.4,0,0,24351.4,0,0,24351.4,0,0,24351.4,0,0,24351.4,0,0,90487.79,0,0,24351.4,0,0,24382.25,0,0,24351.4,0,0,25283.6,0,0,24568.99,0,0,25518.24,0,0,24382.25
both_sexes,0,0,2021-03-29,CV,0,0,0,2,2,1,1,2,1,1,1,1,1,1,0,0,0,0,0,0,0,0,0,0,0,0,0,0,0,0,0,0,0,0,0,0,0,2,0,0,0,1,0,1,0,0,0,0,0,0,26845.25,0,0,26839.9,0,0,26845.25,15385.43,1863.25,55577.45,15202.91,1841.14,54918.15,7786.19,197.13,43381.85,7451.04,188.64,41514.54,15757.12,1908.26,56920.13,7708.95,195.17,42951.51,7708.95,195.17,42951.51,7307.92,185.02,40717.14,7307.92,185.02,40717.14,7307.92,185.02,40717.14,7307.92,185.02,40717.14,0,0,26807.86,0,0,26807.86,0,0,27230.46,0,0,27424.45,0,0,26845.25,0,0,26845.25,0,0,26845.25,0,0,26882.75,0,0,26920.34,0,0,26807.86,0,0,26807.86,0,0,26807.86,0,0,26845.25,0,0,26958.05,0,0,26958.05,0,0,27142.69,0,0,27296.66,0,0,26845.25,0,0,26845.25,0,0,27071.79,0,0,27071.79,0,0,26807.86,0,0,26807.86,0,0,26807.86,0,0,26807.86,0,0,26807.86,53438.19,6471.61,193037.1,0,0,26807.86,0,0,26845.25,0,0,26807.86,7546.49,191.06,42046.34,0,0,27071.79,7623.67,193.01,42476.37,0,0,26845.25
both_sexes,0,0,2021-04-05,CV,0,0,0,0,0,0,0,0,0,0,0,0,0,0,0,0,0,0,0,0,0,0,0,0,0,0,0,0,0,0,0,0,0,0,0,0,0,3,0,0,2,0,0,0,0,0,0,0,0,0,31370.51,0,0,31319.46,0,0,31355.9,0,0,33178.11,0,0,32902.64,0,0,33717.8,0,0,32148.97,0,0,34075.95,0,0,33210.83,0,0,33210.83,0,0,31524.64,0,0,31524.64,0,0,31524.64,0,0,31524.64,0,0,31319.46,0,0,31319.46,0,0,31777.43,0,0,32041.93,0,0,31348.61,0,0,31348.61,0,0,31370.51,0,0,31421.72,0,0,31473.1,0,0,31319.46,0,0,31319.46,0,0,31319.46,0,0,31355.9,0,0,31524.64,0,0,31524.64,0,0,31672.85,0,0,31882.71,0,0,31370.51,0,0,31370.51,0,0,31620.82,0,0,31620.82,0,0,31319.46,0,0,31319.46,0,0,31319.46,0,0,31319.46,0,0,31319.46,92860.17,19150,271376.82,0,0,31319.46,0,0,31355.9,16980.47,2056.41,61339.31,0,0,32521.44,0,0,31620.82,0,0,32846.49,0,0,31370.51
both_sexes,0,0,2021-04-12,CV,0,0,0,0,0,0,0,0,0,0,0,0,0,0,0,0,1,1,0,0,0,0,0,0,0,0,0,0,0,0,0,0,0,0,0,0,0,1,0,0,1,0,0,0,0,0,0,0,0,0,37168.64,0,0,37097,0,0,37097,0,0,39110.69,0,0,38761.89,0,0,39780.43,0,0,38061.11,0,0,40316.07,0,0,39281.73,0,0,39281.73,0,0,37385.22,0,0,37385.22,0,0,37385.22,0,0,37385.22,0,0,37097,0,0,37097,10199.66,258.23,56828.9,10297.43,260.71,57373.63,0,0,37097,0,0,37097,0,0,37168.64,0,0,37240.55,0,0,37312.74,0,0,37097,0,0,37097,0,0,37097,0,0,37097,0,0,37374.85,0,0,37374.85,0,0,37531.01,0,0,37826.03,0,0,37168.64,0,0,37168.64,0,0,37426.76,0,0,37426.76,0,0,37097,0,0,37097,0,0,37097,0,0,37097,0,0,37097,35738.75,904.83,199123.56,0,0,37097,0,0,37097,10056.44,254.61,56030.91,0,0,38518.1,0,0,37426.76,0,0,38873.72,0,0,37168.64
both_sexes,0,0,2021-04-19,CV,0,0,0,0,1,1,1,0,0,0,0,0,0,0,0,0,0,0,0,0,0,0,0,0,0,0,0,0,0,0,0,0,0,0,0,0,0,1,0,0,0,1,0,1,0,0,0,0,0,0,43115.62,0,0,43101.83,0,0,43101.83,0,0,45062.32,12122.47,306.91,67542.08,12444.63,315.07,69337.06,12018.76,304.29,66964.22,0,0,46832.23,0,0,45350.5,0,0,45350.5,0,0,43491.39,0,0,43491.39,0,0,43491.39,0,0,43491.39,0,0,43101.83,0,0,43101.83,0,0,43660.51,0,0,43974,0,0,43101.83,0,0,43101.83,0,0,43115.62,0,0,43226.28,0,0,43281.83,0,0,43101.83,0,0,43101.83,0,0,43101.83,0,0,43101.83,0,0,43393.34,0,0,43393.34,0,0,43660.51,0,0,44060.28,0,0,43198.56,0,0,43198.56,0,0,43309.65,0,0,43309.65,0,0,43101.83,0,0,43101.83,0,0,43101.83,0,0,43101.83,0,0,43101.83,38773.89,981.67,216034.26,0,0,43101.83,0,0,43101.83,0,0,43101.83,12179.06,308.35,67857.38,0,0,43309.65,12240.28,309.9,68198.48,0,0,43198.56
both_sexes,0,0,2021-04-26,CV,0,0,0,0,0,0,0,0,0,0,0,0,0,0,0,0,0,0,0,0,0,0,0,0,0,0,0,0,0,0,0,0,0,0,0,0,0,3,0,0,0,0,0,0,0,0,0,0,0,0,49353.96,0,0,49353.96,0,0,49353.96,0,0,51426.08,0,0,51269.53,0,0,52263.9,0,0,50729.04,0,0,53276.52,0,0,51841.6,0,0,51841.6,0,0,49865.4,0,0,49865.4,0,0,49865.4,0,0,49865.4,0,0,49353.96,0,0,49353.96,0,0,49865.4,0,0,50255.99,0,0,49353.96,0,0,49353.96,0,0,49353.96,0,0,49480.84,0,0,49480.84,0,0,49353.96,0,0,49353.96,0,0,49353.96,0,0,49353.96,0,0,49736.55,0,0,49736.55,0,0,49902.34,0,0,50162.44,0,0,49480.84,0,0,49480.84,0,0,49608.37,0,0,49608.37,0,0,49353.96,0,0,49353.96,0,0,49353.96,0,0,49353.96,0,0,49353.96,124517.05,25678.41,363891.65,0,0,49353.96,0,0,49353.96,0,0,49353.96,0,0,51308.58,0,0,49608.37,0,0,51583.58,0,0,49480.84
both_sexes,0,0,2021-05-03,CV,0,0,0,0,1,2,1,1,0,0,0,0,0,0,0,0,0,0,0,0,0,0,0,0,0,0,0,0,0,0,0,0,0,0,0,0,0,1,0,0,0,1,0,1,0,0,0,0,0,0,57678.22,0,0,57678.22,0,0,57678.22,0,0,60311.69,16204.53,410.26,90285.84,33084.24,4006.65,119511.65,16090.31,407.37,89649.46,16964.7,429.51,94521.26,0,0,60966.66,0,0,60966.66,0,0,58251.76,0,0,58251.76,0,0,58251.76,0,0,58251.76,0,0,57678.22,0,0,57678.22,0,0,58377.96,0,0,58759.84,0,0,57678.22,0,0,57678.22,0,0,57678.22,0,0,57851.58,0,0,57851.58,0,0,57678.22,0,0,57678.22,0,0,57678.22,0,0,57678.22,0,0,58201.44,0,0,58201.44,0,0,58377.96,0,0,58734.23,0,0,57851.58,0,0,57851.58,0,0,58025.98,0,0,58025.98,0,0,57678.22,0,0,57678.22,0,0,57678.22,0,0,57678.22,0,0,57678.22,45429.1,1150.17,253114.77,0,0,57678.22,0,0,57678.22,0,0,57678.22,16291.26,412.46,90769.08,0,0,58025.98,16393.63,415.05,91339.44,0,0,57851.58
both_sexes,0,0,2021-05-10,CV,0,0,0,0,1,1,0,1,0,0,0,0,0,0,0,0,0,0,0,0,0,0,0,0,0,0,0,0,0,0,0,0,0,0,0,0,0,0,0,0,1,0,0,0,0,0,0,0,0,0,65437.75,0,0,65437.75,0,0,65437.75,0,0,68568.1,18419.06,466.33,102624.45,18885.73,478.15,105224.55,0,0,67233.69,19243.94,487.21,107220.38,0,0,69344.48,0,0,69344.48,0,0,65885.73,0,0,65885.73,0,0,65885.73,0,0,65885.73,0,0,65437.75,0,0,65437.75,0,0,66339.89,0,0,66734.19,0,0,65437.75,0,0,65437.75,0,0,65437.75,0,0,65597.04,0,0,65597.04,0,0,65437.75,0,0,65437.75,0,0,65437.75,0,0,65437.75,0,0,66112.03,0,0,66112.03,0,0,66339.89,0,0,66800.36,0,0,65660.98,0,0,65660.98,0,0,65885.73,0,0,65885.73,0,0,65437.75,0,0,65437.75,0,0,65437.75,0,0,65437.75,0,0,65437.75,0,0,182076.11,0,0,65437.75,0,0,65437.75,17739.19,449.12,98836.46,0,0,68186.4,0,0,65885.73,0,0,68672.95,0,0,65660.98
both_sexes,0,0,2021-05-17,CV,0,0,0,0,0,0,0,0,0,0,0,0,0,0,0,0,0,0,0,0,0,0,0,1,0,0,0,0,0,0,0,0,0,0,0,0,0,1,0,1,0,0,0,0,0,0,0,0,0,0,74194.01,0,0,74194.01,0,0,74194.01,0,0,77927.31,0,0,76948.21,0,0,78839.28,0,0,76036.3,0,0,80152.48,0,0,78380.64,0,0,78380.64,0,0,74770.43,0,0,74770.43,0,0,74770.43,0,0,74770.43,0,0,74194.01,0,0,74194.01,0,0,75355.88,0,0,75652.06,0,0,74194.01,0,0,74194.01,0,0,74194.01,0,0,74194.01,0,0,74194.01,0,0,74194.01,0,0,74194.01,0,0,74194.01,20135.06,509.78,112185.38,0,0,74770.43,0,0,74770.43,0,0,75355.88,0,0,75950.58,0,0,74481.11,0,0,74481.11,0,0,74481.11,0,0,74481.11,0,0,74194.01,0,0,74194.01,0,0,74194.01,0,0,74194.01,0,0,74194.01,53165.94,1346.05,296221.65,0,0,74194.01,20135.06,509.78,112185.38,0,0,74194.01,0,0,77257.07,0,0,74481.11,0,0,77568.41,0,0,74481.11
both_sexes,0,0,2021-05-24,CV,0,0,0,0,0,0,0,0,0,0,0,0,0,0,0,0,0,0,0,0,0,0,0,0,0,0,0,0,0,0,0,0,0,0,0,0,0,0,0,0,0,0,0,0,0,0,0,0,0,0,84368.39,0,0,84368.39,0,0,84368.39,0,0,88642.32,0,0,87321.01,0,0,89764.37,0,0,86258.85,0,0,90124.63,0,0,89466.35,0,0,89466.35,0,0,85114.54,0,0,85114.54,0,0,85114.54,0,0,85114.54,0,0,84368.39,0,0,84368.39,0,0,85874.01,0,0,86258.85,0,0,84368.39,0,0,84368.39,0,0,84368.39,0,0,84368.39,0,0,84368.39,0,0,84368.39,0,0,84368.39,0,0,84368.39,0,0,84739.83,0,0,85114.54,0,0,85114.54,0,0,85874.01,0,0,86647.15,0,0,84739.83,0,0,84739.83,0,0,84739.83,0,0,84739.83,0,0,84368.39,0,0,84368.39,0,0,84368.39,0,0,84368.39,0,0,84368.39,0,0,217667.73,0,0,84368.39,0,0,84739.83,0,0,84368.39,0,0,87833.33,0,0,84739.83,0,0,88235.97,0,0,84739.83
both_sexes,0,0,2021-05-31,CV,0,0,0,1,1,1,0,0,0,0,0,0,0,0,0,0,1,1,0,0,0,0,0,0,0,0,0,0,0,0,0,0,0,0,0,0,0,0,0,0,0,0,0,0,0,0,0,0,0,0,94884.73,0,0,94884.73,0,0,94884.73,27156.13,687.53,151304.29,26680.06,675.48,148651.77,27524.49,696.86,153356.65,0,0,97002.39,0,0,100624.59,0,0,101381.73,0,0,101381.73,0,0,95829.53,0,0,95829.53,0,0,95829.53,0,0,95829.53,0,0,94884.73,0,0,94884.73,26276.98,665.28,146405.95,26409.98,668.64,147146.98,0,0,94884.73,0,0,94884.73,0,0,94884.73,0,0,94884.73,0,0,94884.73,0,0,94884.73,0,0,94884.73,0,0,94884.73,0,0,95354.79,0,0,95829.53,0,0,95829.53,0,0,96793.33,0,0,97776.72,0,0,95354.79,0,0,95354.79,0,0,95354.79,0,0,95354.79,0,0,94884.73,0,0,94884.73,0,0,94884.73,0,0,94884.73,0,0,94884.73,0,0,241896.45,0,0,94884.73,0,0,95354.79,0,0,94884.73,0,0,98998.03,0,0,95354.79,0,0,99509.84,0,0,95354.79
both_sexes,0,0,2021-06-07,CV,0,0,0,1,0,0,0,0,0,0,0,0,0,0,0,0,1,1,0,0,0,0,0,0,0,0,0,0,0,0,0,0,0,0,0,0,0,1,0,0,1,0,0,0,0,0,0,0,0,0,110711.85,0,0,110711.85,0,0,110711.85,31983.36,809.75,178199.89,0,0,114669.21,0,0,118919.97,0,0,112844.49,0,0,116958.61,0,0,118086.17,0,0,118086.17,0,0,111168.58,0,0,111168.58,0,0,111168.58,0,0,111168.58,0,0,110711.85,0,0,110711.85,30822.78,780.37,171733.57,31005.94,785,172754.05,0,0,110711.85,0,0,110711.85,0,0,110711.85,0,0,110711.85,0,0,110711.85,0,0,110711.85,0,0,110711.85,0,0,110711.85,0,0,111352.33,0,0,112000.27,0,0,112000.27,0,0,113319.03,0,0,114669.21,0,0,111352.33,0,0,111352.33,0,0,111260.38,0,0,111260.38,0,0,110711.85,0,0,110711.85,0,0,110711.85,0,0,110711.85,0,0,110711.85,74846.31,1894.94,417016.96,0,0,110711.85,0,0,111352.33,30012.33,759.85,167217.97,0,0,115554.31,0,0,111260.38,0,0,116152,0,0,111352.33
both_sexes,0,0,2021-06-14,CV,0,0,0,0,0,0,0,0,0,0,0,0,0,0,0,0,1,1,0,0,0,0,0,0,0,0,0,0,0,0,0,0,0,0,0,0,0,0,0,0,0,0,0,0,0,0,0,0,0,0,125686.87,0,0,125686.87,0,0,125686.87,0,0,135413.39,0,0,129928.95,0,0,135413.39,0,0,128198.21,0,0,133534.51,0,0,133534.51,0,0,133534.51,0,0,125686.87,0,0,125686.87,0,0,125686.87,0,0,125686.87,0,0,125686.87,0,0,125686.87,35358.18,895.19,197003.17,35599.42,901.3,198347.25,0,0,125686.87,0,0,125686.87,0,0,125686.87,0,0,125686.87,0,0,125686.87,0,0,125686.87,0,0,125686.87,0,0,125686.87,0,0,126512.98,0,0,127350.02,0,0,127350.02,0,0,129057.78,0,0,130811.96,0,0,126512.98,0,0,126512.98,0,0,125686.87,0,0,125686.87,0,0,125686.87,0,0,125686.87,0,0,125686.87,0,0,125686.87,0,0,125686.87,0,0,324665.84,0,0,125686.87,0,0,126512.98,0,0,125686.87,0,0,131707.06,0,0,125686.87,0,0,131707.06,0,0,126512.98
both_sexes,0,0,2021-06-21,CV,0,0,0,0,0,0,0,0,0,0,0,0,0,0,0,0,0,0,0,0,0,0,0,0,0,0,0,0,0,0,0,0,0,0,0,0,0,0,0,0,0,0,0,0,0,0,0,0,0,0,133007.23,0,0,133007.23,0,0,133007.23,0,0,143642.13,0,0,137767.2,0,0,143642.13,0,0,135822.91,0,0,141529.75,0,0,141827.71,0,0,141827.71,0,0,133007.23,0,0,133007.23,0,0,133007.23,0,0,133007.23,0,0,133007.23,0,0,133007.23,0,0,138760.37,0,0,139767.97,0,0,133007.23,0,0,133007.23,0,0,133007.23,0,0,133007.23,0,0,133007.23,0,0,133007.23,0,0,133007.23,0,0,133007.23,0,0,133932.73,0,0,134871.19,0,0,134871.19,0,0,136788.14,0,0,138475.15,0,0,133932.73,0,0,133932.73,0,0,133007.23,0,0,133007.23,0,0,133007.23,0,0,133007.23,0,0,133007.23,0,0,133007.23,0,0,133007.23,0,0,353638.64,0,0,133007.23,0,0,133932.73,0,0,133007.23,0,0,139767.97,0,0,133007.23,0,0,139767.97,0,0,133932.73
both_sexes,0,0,2021-06-28,CV,0,0,0,0,0,0,0,0,0,0,0,0,0,0,0,0,0,0,0,0,0,0,0,0,0,0,0,0,0,0,0,0,0,0,0,0,0,0,0,0,0,0,0,0,0,0,0,0,0,0,329428.66,0,0,329428.66,0,0,329428.66,0,0,355504.81,0,0,341970.36,0,0,355504.81,0,0,336840.81,0,0,349964.47,0,0,352712.88,0,0,352712.88,0,0,329428.66,0,0,329428.66,0,0,329428.66,0,0,329428.66,0,0,329428.66,0,0,329428.66,0,0,344594.17,0,0,347258.56,0,0,329428.66,0,0,329428.66,0,0,329428.66,0,0,329428.66,0,0,329428.66,0,0,329428.66,0,0,329428.66,0,0,329428.66,0,0,331862.86,0,0,334333.31,0,0,334333.31,0,0,339386.2,0,0,341970.36,0,0,329428.66,0,0,329428.66,0,0,329428.66,0,0,329428.66,0,0,329428.66,0,0,329428.66,0,0,329428.66,0,0,329428.66,0,0,329428.66,0,0,910380.55,0,0,329428.66,0,0,331862.86,0,0,329428.66,0,0,347258.56,0,0,329428.66,0,0,347258.56,0,0,329428.66
both_sexes,1,Pfizer,2021-06-21,CV,0,0,0,0,0,0,0,0,0,0,0,0,0,0,0,0,0,0,0,0,0,0,0,0,0,0,0,0,0,0,0,0,0,0,0,0,0,1,0,0,0,0,0,0,0,0,0,0,0,0,111444.44,0,0,111444.44,0,0,111444.44,0,0,118501.6,0,0,116453.17,0,0,118086.17,0,0,114766.88,0,0,124525.25,0,0,122265.27,0,0,122265.27,0,0,112750.06,0,0,112750.06,0,0,112750.06,0,0,112750.06,0,0,111444.44,0,0,111444.44,0,0,114086.64,0,0,114086.64,0,0,111444.44,0,0,111444.44,0,0,111444.44,0,0,112093.45,0,0,112093.45,0,0,111444.44,0,0,111444.44,0,0,111444.44,0,0,111444.44,0,0,112093.45,0,0,112093.45,0,0,112093.45,0,0,112939.08,0,0,111444.44,0,0,111444.44,0,0,112093.45,0,0,112093.45,0,0,111444.44,0,0,111444.44,0,0,111444.44,0,0,111444.44,0,0,111444.44,111356.71,2819.31,620439.86,0,0,111444.44,0,0,111444.44,0,0,111444.44,0,0,115455.29,0,0,112093.45,0,0,116152,0,0,111444.44
both_sexes,1,Pfizer,2021-06-28,CV,0,0,0,0,0,0,0,0,0,0,0,0,0,0,0,0,0,0,0,0,0,0,0,0,0,0,0,0,0,0,0,0,0,0,0,0,0,0,0,0,0,0,0,0,0,0,0,0,0,0,270554.86,0,0,270554.86,0,0,270554.86,0,0,287898.12,0,0,280117.09,0,0,285458.31,0,0,278380.83,0,0,299414.05,0,0,293543.19,0,0,293543.19,0,0,273854.31,0,0,273854.31,0,0,273854.31,0,0,273854.31,0,0,270554.86,0,0,270554.86,0,0,277235.23,0,0,277235.23,0,0,270554.86,0,0,270554.86,0,0,270554.86,0,0,272194.59,0,0,272194.59,0,0,270554.86,0,0,270554.86,0,0,270554.86,0,0,270554.86,0,0,272194.59,0,0,272194.59,0,0,272194.59,0,0,275534.4,0,0,272194.59,0,0,272194.59,0,0,272194.59,0,0,272194.59,0,0,270554.86,0,0,270554.86,0,0,270554.86,0,0,270554.86,0,0,270554.86,0,0,935668.9,0,0,270554.86,0,0,270554.86,0,0,270554.86,0,0,280117.09,0,0,272194.59,0,0,281875.15,0,0,272194.59
both_sexes,1,Moderna,2021-06-21,CV,0,0,0,0,0,0,0,0,0,0,0,0,0,0,0,0,0,0,0,0,0,0,0,0,0,0,0,0,0,0,0,0,0,0,0,0,0,0,0,0,0,0,0,0,0,0,0,0,0,0,1192356.83,0,0,1122802.68,0,0,1122802.68,0,0,1192356.83,0,0,1122802.68,0,0,1122802.68,0,0,1122802.68,0,0,1122802.68,0,0,1122802.68,0,0,1122802.68,0,0,1271097.38,0,0,1271097.38,0,0,1271097.38,0,0,1271097.38,0,0,1122802.68,0,0,1122802.68,0,0,1122802.68,0,0,1192356.83,0,0,1122802.68,0,0,1122802.68,0,0,1192356.83,0,0,1122802.68,0,0,1122802.68,0,0,1122802.68,0,0,1122802.68,0,0,1122802.68,0,0,1122802.68,0,0,1122802.68,0,0,1122802.68,0,0,1122802.68,0,0,1122802.68,0,0,1122802.68,0,0,1122802.68,0,0,1192356.83,0,0,1192356.83,0,0,1122802.68,0,0,1122802.68,0,0,1122802.68,0,0,1122802.68,0,0,1122802.68,0,0,3133402.84,0,0,1122802.68,0,0,1122802.68,0,0,1122802.68,0,0,1122802.68,0,0,1192356.83,0,0,1192356.83,0,0,1122802.68
both_sexes,1,Moderna,2021-06-28,CV,0,0,0,0,0,0,0,0,0,0,0,0,0,0,0,0,0,0,0,0,0,0,0,0,0,0,0,0,0,0,0,0,0,0,0,0,0,0,0,0,0,0,0,0,0,0,0,0,0,0,2495117.08,0,0,2363795.12,0,0,2363795.12,0,0,2495117.08,0,0,2363795.12,0,0,2363795.12,0,0,2363795.12,0,0,2363795.12,0,0,2363795.12,0,0,2363795.12,0,0,2641888.67,0,0,2641888.67,0,0,2641888.67,0,0,2641888.67,0,0,2363795.12,0,0,2363795.12,0,0,2363795.12,0,0,2495117.08,0,0,2363795.12,0,0,2363795.12,0,0,2495117.08,0,0,2363795.12,0,0,2363795.12,0,0,2363795.12,0,0,2363795.12,0,0,2363795.12,0,0,2363795.12,0,0,2363795.12,0,0,2363795.12,0,0,2363795.12,0,0,2363795.12,0,0,2363795.12,0,0,2363795.12,0,0,2495117.08,0,0,2495117.08,0,0,2363795.12,0,0,2363795.12,0,0,2363795.12,0,0,2363795.12,0,0,2363795.12,0,0,6416015.34,0,0,2363795.12,0,0,2363795.12,0,0,2363795.12,0,0,2363795.12,0,0,2495117.08,0,0,2495117.08,0,0,2363795.12
both_sexes,1,Pfizer,2021-05-17,CV,0,0,0,0,0,1,0,0,1,1,0,0,0,0,0,0,0,0,0,0,0,0,0,0,0,0,0,0,0,0,0,0,0,0,0,0,0,0,0,0,0,0,0,0,0,0,0,0,0,0,139046.77,0,0,139046.77,0,0,139046.77,0,0,148224.78,0,0,146771.59,40901.46,1035.54,227888.33,0,0,143642.13,0,0,154337.14,42520.37,1076.52,236908.35,42520.37,1076.52,236908.35,0,0,140058.55,0,0,140058.55,0,0,140058.55,0,0,140058.55,0,0,139046.77,0,0,139046.77,0,0,142126.92,0,0,142126.92,0,0,139046.77,0,0,139046.77,0,0,139046.77,0,0,140058.55,0,0,140058.55,0,0,139046.77,0,0,139046.77,0,0,139046.77,0,0,139046.77,0,0,140058.55,0,0,140058.55,0,0,140204.29,0,0,141233.04,0,0,139046.77,0,0,139046.77,0,0,140058.55,0,0,140058.55,0,0,139046.77,0,0,139046.77,0,0,139046.77,0,0,139046.77,0,0,139046.77,0,0,816583.77,0,0,139046.77,0,0,139046.77,0,0,139046.77,0,0,144877.77,0,0,140058.55,0,0,145976.51,0,0,139046.77
both_sexes,1,Pfizer,2021-05-24,CV,0,0,0,0,0,0,0,0,0,0,0,0,0,0,0,0,0,0,0,0,0,0,0,0,0,0,0,0,0,0,0,0,0,0,0,0,0,3,0,0,0,0,0,0,0,0,0,0,0,0,134871.19,0,0,134871.19,0,0,134871.19,0,0,143489.16,0,0,142277,0,0,144566.87,0,0,138903.42,0,0,152072.6,0,0,150880.54,0,0,150880.54,0,0,135822.91,0,0,135822.91,0,0,135822.91,0,0,135822.91,0,0,134871.19,0,0,134871.19,0,0,137767.2,0,0,137767.2,0,0,134871.19,0,0,134871.19,0,0,134871.19,0,0,135822.91,0,0,135822.91,0,0,134871.19,0,0,134871.19,0,0,134871.19,0,0,134871.19,0,0,135822.91,0,0,135822.91,0,0,135822.91,0,0,136788.14,0,0,134871.19,0,0,134871.19,0,0,135822.91,0,0,135822.91,0,0,134871.19,0,0,134871.19,0,0,134871.19,0,0,134871.19,0,0,134871.19,598770.49,123480.87,1749861.47,0,0,134871.19,0,0,134871.19,0,0,134871.19,0,0,139913.11,0,0,135822.91,0,0,140937.58,0,0,134871.19
both_sexes,1,Pfizer,2021-05-31,CV,0,0,0,0,0,0,0,0,0,0,0,0,0,0,0,0,0,0,0,0,0,0,0,0,0,0,0,0,0,0,0,0,0,0,0,0,0,0,0,0,0,0,0,0,0,0,0,0,0,0,142578.12,0,0,142578.12,0,0,142578.12,0,0,151901.15,0,0,151559.42,0,0,153984.37,0,0,146452.52,0,0,162528.74,0,0,160400.38,0,0,160400.38,0,0,143642.13,0,0,143642.13,0,0,143642.13,0,0,143642.13,0,0,142578.12,0,0,142578.12,0,0,145818.53,0,0,145818.53,0,0,142578.12,0,0,142578.12,0,0,142578.12,0,0,143642.13,0,0,143642.13,0,0,142578.12,0,0,142578.12,0,0,142578.12,0,0,142578.12,0,0,143642.13,0,0,143642.13,0,0,143642.13,0,0,144722.15,0,0,142578.12,0,0,142578.12,0,0,143642.13,0,0,143642.13,0,0,142578.12,0,0,142578.12,0,0,142578.12,0,0,142578.12,0,0,142578.12,0,0,712890.59,0,0,142578.12,0,0,142578.12,0,0,142578.12,0,0,147575.38,0,0,143642.13,0,0,148715.59,0,0,142578.12
both_sexes,1,Pfizer,2021-06-07,CV,0,0,0,0,0,0,0,0,0,0,0,0,0,0,0,0,0,0,0,0,0,0,0,0,0,0,0,0,0,0,0,0,0,0,0,0,0,0,0,0,0,0,0,0,0,0,0,0,0,0,123384.91,0,0,123384.91,0,0,123384.91,0,0,131450.07,0,0,130558.45,0,0,132353.95,0,0,127229.77,0,0,140204.29,0,0,137206.03,0,0,137206.03,0,0,124410.27,0,0,124410.27,0,0,124410.27,0,0,124410.27,0,0,123384.91,0,0,123384.91,0,0,126631.88,0,0,126631.88,0,0,123384.91,0,0,123384.91,0,0,123384.91,0,0,124180.94,0,0,124180.94,0,0,123384.91,0,0,123384.91,0,0,123384.91,0,0,123384.91,0,0,124180.94,0,0,124180.94,0,0,124180.94,0,0,124987.31,0,0,123384.91,0,0,123384.91,0,0,124180.94,0,0,124180.94,0,0,123384.91,0,0,123384.91,0,0,123384.91,0,0,123384.91,0,0,123384.91,0,0,541109.73,0,0,123384.91,0,0,123384.91,0,0,123384.91,0,0,128076.35,0,0,124180.94,0,0,128934.28,0,0,123384.91
both_sexes,1,Pfizer,2021-06-14,CV,0,0,0,0,0,0,0,0,0,0,0,0,0,0,0,0,0,0,0,0,0,0,0,0,0,0,0,0,0,0,0,0,0,0,0,0,0,0,0,0,0,0,0,0,0,0,0,0,0,0,113223.8,0,0,113223.8,0,0,113223.8,0,0,120300.29,0,0,118815.1,0,0,120300.29,0,0,116654.82,0,0,127470.5,0,0,124987.31,0,0,124987.31,0,0,114571.7,0,0,114571.7,0,0,114571.7,0,0,114571.7,0,0,113223.8,0,0,113223.8,0,0,115952.08,0,0,115952.08,0,0,113223.8,0,0,113223.8,0,0,113223.8,0,0,113893.76,0,0,113893.76,0,0,113223.8,0,0,113223.8,0,0,113223.8,0,0,113223.8,0,0,113893.76,0,0,113893.76,0,0,113893.76,0,0,114571.7,0,0,113223.8,0,0,113223.8,0,0,113893.76,0,0,113893.76,0,0,113223.8,0,0,113223.8,0,0,113223.8,0,0,113223.8,0,0,113223.8,0,0,441758.43,0,0,113223.8,0,0,113223.8,0,0,113223.8,0,0,117366.13,0,0,113893.76,0,0,118086.17,0,0,113223.8
both_sexes,2,Pfizer,2021-06-14,CV,0,0,0,0,0,0,0,0,0,0,0,0,0,0,0,0,0,0,0,0,0,0,0,0,0,0,0,0,0,0,0,0,0,0,0,0,0,4,0,0,0,0,0,0,0,0,0,0,0,0,46589.32,0,0,46589.32,0,0,46589.32,0,0,49335.89,0,0,49462.67,0,0,51172.17,0,0,48102.94,0,0,51308.58,0,0,50368.72,0,0,50368.72,0,0,46702.36,0,0,46702.36,0,0,46702.36,0,0,46702.36,0,0,46589.32,0,0,46589.32,0,0,47392.3,0,0,47626.84,0,0,46589.32,0,0,46589.32,0,0,46589.32,0,0,46589.32,0,0,46589.32,0,0,46589.32,0,0,46589.32,0,0,46589.32,0,0,46815.96,0,0,46815.96,0,0,46815.96,0,0,47160.07,0,0,47275.9,0,0,46589.32,0,0,46589.32,0,0,47044.81,0,0,47044.81,0,0,46589.32,0,0,46589.32,0,0,46589.32,0,0,46589.32,0,0,46589.32,368939.39,100523.57,944631.38,0,0,46589.32,0,0,46815.96,0,0,46589.32,0,0,48711.61,0,0,47044.81,0,0,49209.76,0,0,46589.32
both_sexes,2,Pfizer,2021-06-21,CV,0,0,0,0,0,0,0,0,0,0,0,0,0,0,0,0,0,0,0,0,0,0,0,0,0,0,0,0,0,0,0,0,0,0,0,0,0,2,0,0,0,0,0,0,0,0,0,0,0,0,46079.45,0,0,46079.45,0,0,46079.45,0,0,48764.5,0,0,48959.42,0,0,50633.72,0,0,47559.59,0,0,50805.55,0,0,49865.4,0,0,49865.4,0,0,46190.03,0,0,46190.03,0,0,46190.03,0,0,46190.03,0,0,46079.45,0,0,46079.45,0,0,46864.81,0,0,47094.14,0,0,46079.45,0,0,46079.45,0,0,46079.45,0,0,46079.45,0,0,46079.45,0,0,46079.45,0,0,46079.45,0,0,46079.45,0,0,46301.14,0,0,46301.14,0,0,46301.14,0,0,46637.7,0,0,46750.98,0,0,46079.45,0,0,46079.45,0,0,46524.97,0,0,46524.97,0,0,46079.45,0,0,46079.45,0,0,46079.45,0,0,46079.45,0,0,46079.45,193253.97,23403.95,698099.78,0,0,46079.45,0,0,46301.14,0,0,46079.45,0,0,48154.51,0,0,46524.97,0,0,48641.27,0,0,46079.45
both_sexes,2,Pfizer,2021-06-28,CV,0,0,0,0,0,0,0,0,0,0,0,0,0,0,0,0,0,0,0,0,0,0,0,0,0,0,0,0,0,0,0,0,0,0,0,0,0,0,0,0,0,0,0,0,0,0,0,0,0,0,105016.62,0,0,105016.62,0,0,105016.62,0,0,111168.58,0,0,111814.38,0,0,115554.31,0,0,108308.94,0,0,116051.96,0,0,114086.64,0,0,114086.64,0,0,105262.75,0,0,105262.75,0,0,105262.75,0,0,105262.75,0,0,105016.62,0,0,105016.62,0,0,106764.12,0,0,107274.14,0,0,105016.62,0,0,105016.62,0,0,105016.62,0,0,105016.62,0,0,105016.62,0,0,105016.62,0,0,105016.62,0,0,105016.62,0,0,105510.04,0,0,105510.04,0,0,105510.04,0,0,106258.93,0,0,106510.93,0,0,105016.62,0,0,105016.62,0,0,106008.12,0,0,106008.12,0,0,105016.62,0,0,105016.62,0,0,105016.62,0,0,105016.62,0,0,105016.62,0,0,836871.57,0,0,105016.62,0,0,105510.04,0,0,105016.62,0,0,109630.86,0,0,106008.12,0,0,110711.85,0,0,105016.62
both_sexes,1,AstraZeneca,2021-02-15,CV,0,0,0,0,0,0,0,0,0,0,0,0,0,0,0,0,0,0,0,0,0,0,0,0,0,0,0,0,0,0,0,0,0,0,0,0,0,0,0,0,0,0,0,0,0,0,0,0,0,0,67368161.03,0,0,67368161.03,0,0,67368161.03,0,0,67368161.03,0,0,67368161.03,0,0,67368161.03,0,0,67368161.03,0,0,67368161.03,0,0,67368161.03,0,0,67368161.03,0,0,67368161.03,0,0,67368161.03,0,0,67368161.03,0,0,67368161.03,0,0,67368161.03,0,0,67368161.03,0,0,67368161.03,0,0,67368161.03,0,0,67368161.03,0,0,67368161.03,0,0,67368161.03,0,0,67368161.03,0,0,67368161.03,0,0,67368161.03,0,0,67368161.03,0,0,67368161.03,0,0,67368161.03,0,0,67368161.03,0,0,67368161.03,0,0,67368161.03,0,0,67368161.03,0,0,67368161.03,0,0,67368161.03,0,0,67368161.03,0,0,67368161.03,0,0,67368161.03,0,0,67368161.03,0,0,67368161.03,0,0,67368161.03,0,0,67368161.03,0,0,67368161.03,0,0,67368161.03,0,0,67368161.03,0,0,67368161.03,0,0,67368161.03,0,0,67368161.03,0,0,67368161.03,0,0,67368161.03
both_sexes,1,AstraZeneca,2021-02-22,CV,0,0,0,0,0,0,0,0,0,0,0,0,0,0,0,0,0,0,0,0,0,0,0,0,0,0,0,0,0,0,0,0,0,0,0,0,0,0,0,0,0,0,0,0,0,0,0,0,0,0,19248046.01,0,0,19248046.01,0,0,19248046.01,0,0,19248046.01,0,0,19248046.01,0,0,19248046.01,0,0,19248046.01,0,0,19248046.01,0,0,19248046.01,0,0,19248046.01,0,0,19248046.01,0,0,19248046.01,0,0,19248046.01,0,0,19248046.01,0,0,19248046.01,0,0,19248046.01,0,0,19248046.01,0,0,19248046.01,0,0,19248046.01,0,0,19248046.01,0,0,19248046.01,0,0,19248046.01,0,0,19248046.01,0,0,19248046.01,0,0,19248046.01,0,0,19248046.01,0,0,19248046.01,0,0,19248046.01,0,0,19248046.01,0,0,19248046.01,0,0,19248046.01,0,0,19248046.01,0,0,19248046.01,0,0,19248046.01,0,0,19248046.01,0,0,19248046.01,0,0,19248046.01,0,0,19248046.01,0,0,19248046.01,0,0,19248046.01,0,0,19248046.01,0,0,19248046.01,0,0,19248046.01,0,0,19248046.01,0,0,19248046.01,0,0,19248046.01,0,0,19248046.01,0,0,19248046.01
both_sexes,1,AstraZeneca,2021-03-01,CV,0,0,0,0,0,0,0,0,0,0,0,0,0,0,0,0,0,0,0,0,0,0,0,0,0,0,0,0,0,0,0,0,0,0,0,0,0,0,0,0,0,0,0,0,0,0,0,0,0,0,19248046.01,0,0,19248046.01,0,0,19248046.01,0,0,19248046.01,0,0,19248046.01,0,0,19248046.01,0,0,19248046.01,0,0,19248046.01,0,0,19248046.01,0,0,19248046.01,0,0,19248046.01,0,0,19248046.01,0,0,19248046.01,0,0,19248046.01,0,0,19248046.01,0,0,19248046.01,0,0,19248046.01,0,0,19248046.01,0,0,19248046.01,0,0,19248046.01,0,0,19248046.01,0,0,19248046.01,0,0,19248046.01,0,0,19248046.01,0,0,19248046.01,0,0,19248046.01,0,0,19248046.01,0,0,19248046.01,0,0,19248046.01,0,0,19248046.01,0,0,19248046.01,0,0,19248046.01,0,0,19248046.01,0,0,19248046.01,0,0,19248046.01,0,0,19248046.01,0,0,19248046.01,0,0,19248046.01,0,0,19248046.01,0,0,19248046.01,0,0,19248046.01,0,0,19248046.01,0,0,19248046.01,0,0,19248046.01,0,0,19248046.01,0,0,19248046.01,0,0,19248046.01,0,0,19248046.01
both_sexes,1,AstraZeneca,2021-03-08,CV,0,0,0,0,0,0,0,0,0,0,0,0,0,0,0,0,0,0,0,0,0,0,0,0,0,0,0,0,0,0,0,0,0,0,0,0,0,0,0,0,0,0,0,0,0,0,0,0,0,0,19248046.01,0,0,19248046.01,0,0,19248046.01,0,0,19248046.01,0,0,19248046.01,0,0,19248046.01,0,0,19248046.01,0,0,19248046.01,0,0,19248046.01,0,0,19248046.01,0,0,19248046.01,0,0,19248046.01,0,0,19248046.01,0,0,19248046.01,0,0,19248046.01,0,0,19248046.01,0,0,19248046.01,0,0,19248046.01,0,0,19248046.01,0,0,19248046.01,0,0,19248046.01,0,0,19248046.01,0,0,19248046.01,0,0,19248046.01,0,0,19248046.01,0,0,19248046.01,0,0,19248046.01,0,0,19248046.01,0,0,19248046.01,0,0,19248046.01,0,0,19248046.01,0,0,19248046.01,0,0,19248046.01,0,0,19248046.01,0,0,19248046.01,0,0,19248046.01,0,0,19248046.01,0,0,19248046.01,0,0,19248046.01,0,0,19248046.01,0,0,19248046.01,0,0,19248046.01,0,0,19248046.01,0,0,19248046.01,0,0,19248046.01,0,0,19248046.01,0,0,19248046.01,0,0,19248046.01
both_sexes,1,AstraZeneca,2021-03-15,CV,0,0,0,0,0,0,0,0,0,0,0,0,0,0,0,0,0,0,0,0,0,0,0,0,0,0,0,0,0,0,0,0,0,0,0,0,0,0,0,0,0,0,0,0,0,0,0,0,0,0,4646080.07,0,0,4646080.07,0,0,4646080.07,0,0,4812011.5,0,0,4646080.07,0,0,4646080.07,0,0,4646080.07,0,0,6416015.34,0,0,4646080.07,0,0,4646080.07,0,0,4646080.07,0,0,4646080.07,0,0,4646080.07,0,0,4646080.07,0,0,4646080.07,0,0,4646080.07,0,0,4646080.07,0,0,4646080.07,0,0,4646080.07,0,0,4646080.07,0,0,4646080.07,0,0,4646080.07,0,0,4646080.07,0,0,4646080.07,0,0,4646080.07,0,0,4646080.07,0,0,4646080.07,0,0,4646080.07,0,0,4646080.07,0,0,4646080.07,0,0,4646080.07,0,0,4646080.07,0,0,4646080.07,0,0,4646080.07,0,0,4646080.07,0,0,4646080.07,0,0,4646080.07,0,0,4646080.07,0,0,4646080.07,0,0,4646080.07,0,0,6736816.1,0,0,4646080.07,0,0,4646080.07,0,0,4646080.07,0,0,4646080.07,0,0,4646080.07,0,0,4646080.07,0,0,4646080.07
both_sexes,1,AstraZeneca,2021-03-22,CV,0,0,0,0,0,0,0,0,0,0,0,0,0,0,0,0,0,0,0,0,0,0,0,0,0,0,0,0,0,0,0,0,0,0,0,0,0,0,0,0,0,0,0,0,0,0,0,0,0,0,1036433.25,0,0,1036433.25,0,0,1036433.25,0,0,1171620.19,0,0,1036433.25,0,0,1036433.25,0,0,1036433.25,0,0,1224875.66,0,0,1095417.25,0,0,1095417.25,0,0,1036433.25,0,0,1036433.25,0,0,1036433.25,0,0,1036433.25,0,0,1036433.25,0,0,1036433.25,0,0,1036433.25,0,0,1036433.25,0,0,1036433.25,0,0,1036433.25,0,0,1036433.25,0,0,1036433.25,0,0,1036433.25,0,0,1036433.25,0,0,1036433.25,0,0,1036433.25,0,0,1036433.25,0,0,1036433.25,0,0,1036433.25,0,0,1036433.25,0,0,1036433.25,0,0,1036433.25,0,0,1036433.25,0,0,1036433.25,0,0,1036433.25,0,0,1036433.25,0,0,1036433.25,0,0,1036433.25,0,0,1036433.25,0,0,1036433.25,0,0,2208792.16,0,0,1036433.25,0,0,1036433.25,0,0,1036433.25,0,0,1036433.25,0,0,1036433.25,0,0,1036433.25,0,0,1036433.25
both_sexes,1,AstraZeneca,2021-03-29,CV,0,0,0,0,0,0,0,0,0,0,0,0,0,0,0,0,0,0,0,0,0,0,0,0,0,0,0,0,0,0,0,0,0,0,0,0,0,0,0,0,0,0,0,0,0,0,0,0,0,0,449121.07,0,0,450623.15,0,0,449121.07,0,0,482925.89,0,0,449121.07,0,0,455190.28,0,0,455190.28,0,0,489950.26,0,0,479488.69,0,0,479488.69,0,0,449121.07,0,0,449121.07,0,0,449121.07,0,0,449121.07,0,0,449121.07,0,0,449121.07,0,0,449121.07,0,0,449121.07,0,0,449121.07,0,0,449121.07,0,0,449121.07,0,0,449121.07,0,0,449121.07,0,0,449121.07,0,0,449121.07,0,0,449121.07,0,0,449121.07,0,0,449121.07,0,0,449121.07,0,0,449121.07,0,0,449121.07,0,0,449121.07,0,0,449121.07,0,0,449121.07,0,0,449121.07,0,0,449121.07,0,0,449121.07,0,0,449121.07,0,0,449121.07,0,0,449121.07,0,0,1259217.96,0,0,449121.07,0,0,449121.07,0,0,449121.07,0,0,455190.28,0,0,449121.07,0,0,455190.28,0,0,449121.07
both_sexes,1,AstraZeneca,2021-04-05,CV,0,0,0,0,0,0,0,0,0,0,0,0,0,0,0,0,0,0,0,0,0,0,0,0,0,0,0,0,0,0,0,0,0,0,0,0,0,0,0,0,0,0,0,0,0,0,0,0,0,0,272745.59,0,0,276665.96,0,0,272745.59,0,0,288514.61,0,0,272745.59,0,0,278957.19,0,0,276665.96,0,0,292905.05,0,0,292269.68,0,0,292269.68,0,0,272745.59,0,0,272745.59,0,0,272745.59,0,0,272745.59,0,0,272745.59,0,0,272745.59,0,0,272745.59,0,0,272745.59,0,0,272745.59,0,0,272745.59,0,0,272745.59,0,0,272745.59,0,0,272745.59,0,0,272745.59,0,0,272745.59,0,0,272745.59,0,0,272745.59,0,0,272745.59,0,0,272745.59,0,0,272745.59,0,0,272745.59,0,0,272745.59,0,0,272745.59,0,0,276099.02,0,0,276099.02,0,0,272745.59,0,0,272745.59,0,0,272745.59,0,0,272745.59,0,0,272745.59,0,0,858193.13,0,0,272745.59,0,0,272745.59,0,0,272745.59,0,0,276665.96,0,0,276099.02,0,0,280117.09,0,0,272745.59
both_sexes,1,AstraZeneca,2021-04-12,CV,0,0,0,0,0,0,0,0,0,0,0,0,0,0,0,0,0,0,0,0,0,0,0,0,0,0,0,0,0,0,0,0,0,0,0,0,0,1,0,0,0,0,0,0,0,0,0,0,0,0,240171.7,0,0,243206.36,0,0,240171.7,0,0,252788.6,0,0,240171.7,0,0,246318.69,0,0,243206.36,0,0,259607.56,0,0,256152.7,0,0,256152.7,0,0,240171.7,0,0,240171.7,0,0,240171.7,0,0,240171.7,0,0,240171.7,0,0,240171.7,0,0,240171.7,0,0,240171.7,0,0,240171.7,0,0,240171.7,0,0,240171.7,0,0,240171.7,0,0,240171.7,0,0,240171.7,0,0,240171.7,0,0,240171.7,0,0,240171.7,0,0,240171.7,0,0,240171.7,0,0,240171.7,0,0,240171.7,0,0,240171.7,0,0,240171.7,0,0,243206.36,0,0,243206.36,0,0,240171.7,0,0,240171.7,0,0,240171.7,0,0,240171.7,0,0,240171.7,214852.94,5439.61,1197083.97,0,0,240171.7,0,0,240171.7,0,0,240171.7,0,0,243206.36,0,0,243206.36,0,0,246318.69,0,0,240171.7
both_sexes,1,AstraZeneca,2021-04-19,CV,0,0,0,0,0,0,0,0,0,0,0,0,0,0,0,0,0,0,0,0,0,0,0,0,0,0,0,0,0,0,0,0,0,0,0,0,0,0,0,0,0,0,0,0,0,0,0,0,0,0,228366.65,0,0,231108.61,0,0,228366.65,0,0,239744.35,0,0,228366.65,0,0,233917.23,0,0,231108.61,0,0,245869.2,0,0,242768.15,0,0,242768.15,0,0,228366.65,0,0,228366.65,0,0,228366.65,0,0,228366.65,0,0,228366.65,0,0,228366.65,0,0,228366.65,0,0,228366.65,0,0,228366.65,0,0,228366.65,0,0,228366.65,0,0,228366.65,0,0,228366.65,0,0,228366.65,0,0,228366.65,0,0,228366.65,0,0,228366.65,0,0,228366.65,0,0,228366.65,0,0,228366.65,0,0,228366.65,0,0,228366.65,0,0,228366.65,0,0,231108.61,0,0,231108.61,0,0,228366.65,0,0,228366.65,0,0,228366.65,0,0,228366.65,0,0,228366.65,0,0,720515.09,0,0,228366.65,0,0,228366.65,0,0,228366.65,0,0,231108.61,0,0,231108.61,0,0,233917.23,0,0,228366.65
both_sexes,1,AstraZeneca,2021-04-26,CV,0,0,0,0,0,0,0,0,0,0,0,0,0,0,0,0,0,0,0,0,0,0,0,0,0,0,0,0,0,0,0,0,0,0,0,0,0,2,0,0,0,0,0,0,0,0,0,0,0,0,220517.71,0,0,223073.38,0,0,220517.71,0,0,231108.61,0,0,221605.79,0,0,226828.83,0,0,224186.89,0,0,238050.04,0,0,233917.23,0,0,233917.23,0,0,220517.71,0,0,220517.71,0,0,220517.71,0,0,220517.71,0,0,220517.71,0,0,220517.71,0,0,220517.71,0,0,220517.71,0,0,220517.71,0,0,220517.71,0,0,220517.71,0,0,220517.71,0,0,220517.71,0,0,220517.71,0,0,220517.71,0,0,220517.71,0,0,220517.71,0,0,220517.71,0,0,220517.71,0,0,220517.71,0,0,220517.71,0,0,220517.71,0,0,220517.71,0,0,223073.38,0,0,223073.38,0,0,220517.71,0,0,220517.71,0,0,220517.71,0,0,220517.71,0,0,220517.71,394864.86,47819.97,1426387.66,0,0,220517.71,0,0,220517.71,0,0,220517.71,0,0,224186.89,0,0,223073.38,0,0,226828.83,0,0,220517.71
both_sexes,1,AstraZeneca,2021-05-03,CV,0,0,0,0,0,0,0,0,0,0,0,0,0,0,0,0,0,0,0,0,0,0,0,0,0,0,0,0,0,0,0,0,0,0,0,0,0,0,0,0,0,0,0,0,0,0,0,0,0,0,187655.04,0,0,189502.56,0,0,187655.04,0,0,195270.03,0,0,191115.35,0,0,194987.44,0,0,191386.82,0,0,201399.58,0,0,197271.34,0,0,197271.34,0,0,187655.04,0,0,187655.04,0,0,187655.04,0,0,187655.04,0,0,187655.04,0,0,187655.04,0,0,187655.04,0,0,187655.04,0,0,187655.04,0,0,187655.04,0,0,187655.04,0,0,187655.04,0,0,187655.04,0,0,187655.04,0,0,187655.04,0,0,187655.04,0,0,187655.04,0,0,187655.04,0,0,187655.04,0,0,187655.04,0,0,187655.04,0,0,187655.04,0,0,187655.04,0,0,189502.56,0,0,189502.56,0,0,187655.04,0,0,187655.04,0,0,187655.04,0,0,187655.04,0,0,187655.04,0,0,705425.77,0,0,187655.04,0,0,187655.04,0,0,187655.04,0,0,191386.82,0,0,189502.56,0,0,193308.93,0,0,187655.04
both_sexes,1,AstraZeneca,2021-05-10,CV,0,0,0,0,0,0,0,0,0,0,0,0,0,0,0,0,0,0,0,0,0,0,0,0,0,0,0,0,0,0,0,0,0,0,0,0,0,2,0,0,0,0,0,0,0,0,0,0,0,0,183814.9,0,0,185587.22,0,0,183814.9,0,0,191115.35,0,0,185587.22,0,0,189236.41,0,0,185587.22,0,0,194987.44,0,0,193031.98,0,0,193031.98,0,0,183814.9,0,0,183814.9,0,0,183814.9,0,0,183814.9,0,0,183814.9,0,0,183814.9,0,0,183814.9,0,0,183814.9,0,0,183814.9,0,0,183814.9,0,0,183814.9,0,0,183814.9,0,0,183814.9,0,0,183814.9,0,0,183814.9,0,0,183814.9,0,0,183814.9,0,0,183814.9,0,0,183814.9,0,0,183814.9,0,0,183814.9,0,0,183814.9,0,0,183814.9,0,0,185587.22,0,0,185587.22,0,0,183814.9,0,0,183814.9,0,0,183814.9,0,0,183814.9,0,0,183814.9,388563.83,47056.88,1403626.15,0,0,183814.9,0,0,183814.9,0,0,183814.9,0,0,185587.22,0,0,185587.22,0,0,187394.05,0,0,183814.9
both_sexes,1,Moderna,2021-04-12,CV,0,0,0,0,0,0,0,0,0,0,0,0,0,0,0,0,0,0,0,0,0,0,0,0,0,0,0,0,0,0,0,0,0,0,0,0,0,0,0,0,0,0,0,0,0,0,0,0,0,0,677066.95,0,0,677066.95,0,0,677066.95,0,0,778822.67,0,0,787931.71,0,0,858193.13,0,0,756945.63,0,0,756945.63,0,0,728304.44,0,0,728304.44,0,0,677066.95,0,0,677066.95,0,0,677066.95,0,0,677066.95,0,0,677066.95,0,0,677066.95,0,0,677066.95,0,0,677066.95,0,0,677066.95,0,0,677066.95,0,0,677066.95,0,0,677066.95,0,0,677066.95,0,0,677066.95,0,0,677066.95,0,0,677066.95,0,0,677066.95,0,0,677066.95,0,0,677066.95,0,0,677066.95,0,0,677066.95,0,0,677066.95,0,0,677066.95,0,0,677066.95,0,0,677066.95,0,0,677066.95,0,0,677066.95,0,0,677066.95,0,0,677066.95,0,0,677066.95,0,0,2406005.75,0,0,677066.95,0,0,677066.95,0,0,677066.95,0,0,756945.63,0,0,677066.95,0,0,756945.63,0,0,677066.95
both_sexes,1,Moderna,2021-04-19,CV,0,0,0,0,0,0,0,0,0,0,0,0,0,0,0,0,0,0,0,0,0,0,0,0,0,0,0,0,0,0,0,0,0,0,0,0,0,1,0,0,0,0,0,0,0,0,0,0,0,0,650900.11,0,0,632564.89,0,0,632564.89,0,0,720515.09,0,0,728304.44,0,0,783350.71,0,0,683940.72,0,0,683940.72,0,0,657250.35,0,0,657250.35,0,0,632564.89,0,0,632564.89,0,0,632564.89,0,0,632564.89,0,0,632564.89,0,0,632564.89,0,0,632564.89,0,0,650900.11,0,0,632564.89,0,0,632564.89,0,0,650900.11,0,0,632564.89,0,0,641601.53,0,0,632564.89,0,0,632564.89,0,0,632564.89,0,0,632564.89,0,0,632564.89,0,0,632564.89,0,0,632564.89,0,0,632564.89,0,0,632564.89,0,0,632564.89,0,0,650900.11,0,0,650900.11,0,0,632564.89,0,0,632564.89,0,0,632564.89,0,0,632564.89,0,0,632564.89,570703.12,14448.95,3179754.29,0,0,632564.89,0,0,632564.89,0,0,632564.89,0,0,683940.72,0,0,650900.11,0,0,705425.77,0,0,632564.89
both_sexes,1,Moderna,2021-04-26,CV,0,0,0,0,0,0,0,0,0,0,0,0,0,0,0,0,0,0,0,0,0,0,0,0,0,0,0,0,0,0,0,0,0,0,0,0,0,0,0,0,0,0,0,0,0,0,0,0,0,0,802001.92,0,0,769921.84,0,0,769921.84,0,0,922851.52,0,0,847398.25,0,0,886423.17,0,0,806804.32,0,0,806804.32,0,0,769921.84,0,0,769921.84,0,0,769921.84,0,0,769921.84,0,0,769921.84,0,0,769921.84,0,0,769921.84,0,0,769921.84,0,0,802001.92,0,0,836871.57,0,0,769921.84,0,0,769921.84,0,0,802001.92,0,0,769921.84,0,0,802001.92,0,0,769921.84,0,0,769921.84,0,0,769921.84,0,0,769921.84,0,0,769921.84,0,0,769921.84,0,0,769921.84,0,0,802001.92,0,0,769921.84,0,0,769921.84,0,0,802001.92,0,0,802001.92,0,0,769921.84,0,0,769921.84,0,0,769921.84,0,0,769921.84,0,0,769921.84,0,0,2929050.48,0,0,769921.84,0,0,769921.84,0,0,769921.84,0,0,806804.32,0,0,802001.92,0,0,842102.01,0,0,769921.84
both_sexes,1,Moderna,2021-05-03,CV,0,0,0,0,0,0,0,0,0,0,0,0,0,0,0,0,0,0,0,0,0,0,0,0,0,0,0,0,0,0,0,0,0,0,0,0,0,0,0,0,0,0,0,0,0,0,0,0,0,0,836871.57,0,0,802001.92,0,0,802001.92,0,0,962402.3,0,0,869266.59,0,0,910380.55,0,0,836871.57,0,0,836871.57,0,0,802001.92,0,0,802001.92,0,0,811664.59,0,0,811664.59,0,0,811664.59,0,0,811664.59,0,0,802001.92,0,0,802001.92,0,0,836871.57,0,0,910380.55,0,0,802001.92,0,0,802001.92,0,0,836871.57,0,0,802001.92,0,0,836871.57,0,0,802001.92,0,0,802001.92,0,0,802001.92,0,0,802001.92,0,0,802001.92,0,0,802001.92,0,0,802001.92,0,0,836871.57,0,0,802001.92,0,0,802001.92,0,0,836871.57,0,0,836871.57,0,0,802001.92,0,0,802001.92,0,0,802001.92,0,0,802001.92,0,0,802001.92,0,0,4210510.06,0,0,802001.92,0,0,802001.92,0,0,802001.92,0,0,836871.57,0,0,836871.57,0,0,874911.18,0,0,802001.92
both_sexes,1,Pfizer,2021-03-01,CV,0,0,0,0,0,0,0,0,0,0,0,0,0,0,0,0,0,0,0,0,0,0,0,0,0,0,0,0,0,0,0,0,0,0,0,0,0,0,0,0,0,0,0,0,0,0,0,0,0,0,752716.88,0,0,752716.88,0,0,752716.88,0,0,869266.59,0,0,783350.71,0,0,852761.53,0,0,783350.71,0,0,892293.52,0,0,892293.52,0,0,892293.52,0,0,752716.88,0,0,752716.88,0,0,752716.88,0,0,752716.88,0,0,752716.88,0,0,752716.88,0,0,769921.84,0,0,769921.84,0,0,752716.88,0,0,752716.88,0,0,752716.88,0,0,752716.88,0,0,752716.88,0,0,752716.88,0,0,752716.88,0,0,752716.88,0,0,783350.71,0,0,752716.88,0,0,752716.88,0,0,783350.71,0,0,816583.77,0,0,752716.88,0,0,752716.88,0,0,752716.88,0,0,752716.88,0,0,752716.88,0,0,752716.88,0,0,752716.88,0,0,752716.88,0,0,752716.88,0,0,3641522.22,0,0,752716.88,0,0,783350.71,0,0,752716.88,0,0,816583.77,0,0,752716.88,0,0,816583.77,0,0,752716.88
both_sexes,1,Pfizer,2021-03-08,CV,0,0,0,0,0,0,0,0,0,0,0,0,0,0,0,0,0,0,0,0,0,0,0,0,0,0,0,0,0,0,0,0,0,0,0,0,0,0,0,0,0,0,0,0,0,0,0,0,0,0,337685.02,0,0,337685.02,0,0,337685.02,0,0,364152.22,0,0,352712.88,0,0,368132.03,0,0,341970.36,0,0,366131.31,0,0,366131.31,0,0,366131.31,0,0,337685.02,0,0,337685.02,0,0,337685.02,0,0,337685.02,0,0,337685.02,0,0,337685.02,0,0,343715.11,0,0,348155.87,0,0,337685.02,0,0,337685.02,0,0,337685.02,0,0,337685.02,0,0,337685.02,0,0,337685.02,0,0,337685.02,0,0,337685.02,0,0,343715.11,0,0,337685.02,0,0,337685.02,0,0,343715.11,0,0,349964.47,0,0,337685.02,0,0,337685.02,0,0,337685.02,0,0,337685.02,0,0,337685.02,0,0,337685.02,0,0,337685.02,0,0,337685.02,0,0,337685.02,0,0,1604003.83,0,0,337685.02,0,0,343715.11,0,0,337685.02,0,0,348155.87,0,0,337685.02,0,0,348155.87,0,0,337685.02
both_sexes,1,Pfizer,2021-03-15,CV,0,0,0,0,1,1,0,0,0,0,0,0,0,0,0,0,0,0,0,0,0,0,0,0,0,0,0,0,0,0,0,0,0,0,0,0,0,0,0,0,0,0,0,0,0,0,0,0,0,0,214207.19,0,0,214207.19,0,0,214207.19,0,0,230712.88,61697.64,1562.05,343757.22,63966.73,1619.5,356399.78,0,0,219083.45,0,0,237630.2,0,0,235553.01,0,0,235553.01,0,0,214207.19,0,0,214207.19,0,0,214207.19,0,0,214207.19,0,0,214207.19,0,0,214207.19,0,0,218019.94,0,0,220517.71,0,0,214207.19,0,0,214207.19,0,0,214207.19,0,0,214207.19,0,0,214207.19,0,0,214207.19,0,0,214207.19,0,0,214207.19,0,0,216270.18,0,0,214207.19,0,0,214207.19,0,0,216617.88,0,0,218727.8,0,0,214207.19,0,0,214207.19,0,0,216617.88,0,0,216617.88,0,0,214207.19,0,0,214207.19,0,0,214207.19,0,0,214207.19,0,0,214207.19,0,0,842102.01,0,0,214207.19,0,0,216270.18,0,0,214207.19,0,0,221605.79,0,0,216617.88,0,0,224186.89,0,0,214207.19
both_sexes,2,Moderna,2021-05-10,CV,0,0,0,0,0,0,0,0,0,0,0,0,0,0,0,0,0,0,0,0,0,0,0,0,0,0,0,0,0,0,0,0,0,0,0,0,0,0,0,0,0,0,0,0,0,0,0,0,0,0,530457.96,0,0,545491.18,0,0,530457.96,0,0,635548.69,0,0,635548.69,0,0,680486.48,0,0,578267.48,0,0,596178.42,0,0,635548.69,0,0,635548.69,0,0,530457.96,0,0,530457.96,0,0,530457.96,0,0,530457.96,0,0,530457.96,0,0,530457.96,0,0,545491.18,0,0,545491.18,0,0,530457.96,0,0,530457.96,0,0,530457.96,0,0,530457.96,0,0,530457.96,0,0,530457.96,0,0,530457.96,0,0,530457.96,0,0,530457.96,0,0,530457.96,0,0,530457.96,0,0,530457.96,0,0,530457.96,0,0,530457.96,0,0,530457.96,0,0,530457.96,0,0,530457.96,0,0,530457.96,0,0,530457.96,0,0,530457.96,0,0,530457.96,0,0,530457.96,0,0,2449751.31,0,0,530457.96,0,0,530457.96,0,0,530457.96,0,0,578267.48,0,0,530457.96,0,0,578267.48,0,0,530457.96
both_sexes,2,Moderna,2021-05-17,CV,0,0,0,0,0,0,0,0,0,0,0,0,0,0,0,0,0,0,0,0,0,0,0,0,0,0,0,0,0,0,0,0,0,0,0,0,0,1,0,0,0,0,0,0,0,0,0,0,0,0,476100.08,0,0,488175.08,0,0,476100.08,0,0,563750.3,0,0,559071.88,0,0,598828.1,0,0,514260.77,0,0,528377.73,0,0,559071.88,0,0,559071.88,0,0,476100.08,0,0,476100.08,0,0,476100.08,0,0,476100.08,0,0,476100.08,0,0,476100.08,0,0,488175.08,0,0,488175.08,0,0,476100.08,0,0,476100.08,0,0,476100.08,0,0,476100.08,0,0,479488.69,0,0,476100.08,0,0,476100.08,0,0,476100.08,0,0,476100.08,0,0,476100.08,0,0,476100.08,0,0,476100.08,0,0,476100.08,0,0,476100.08,0,0,476100.08,0,0,476100.08,0,0,476100.08,0,0,476100.08,0,0,476100.08,0,0,476100.08,0,0,476100.08,0,0,476100.08,608750,15412.22,3391737.91,0,0,476100.08,0,0,476100.08,0,0,476100.08,0,0,514260.77,0,0,476100.08,0,0,514260.77,0,0,476100.08
both_sexes,2,Moderna,2021-05-24,CV,0,0,0,0,0,0,0,0,0,0,0,0,0,0,0,0,0,0,0,0,0,0,0,0,0,0,0,0,0,0,0,0,0,0,0,0,0,0,0,0,0,0,0,0,0,0,0,0,0,0,436039.88,0,0,446146.76,0,0,436039.88,0,0,528377.73,0,0,504630.42,0,0,547708.63,0,0,476100.08,0,0,488175.08,0,0,504630.42,0,0,504630.42,0,0,436039.88,0,0,436039.88,0,0,436039.88,0,0,436039.88,0,0,436039.88,0,0,436039.88,0,0,456733.3,0,0,456733.3,0,0,436039.88,0,0,436039.88,0,0,436039.88,0,0,436039.88,0,0,446146.76,0,0,436039.88,0,0,436039.88,0,0,436039.88,0,0,436039.88,0,0,436039.88,0,0,436039.88,0,0,436039.88,0,0,443211.59,0,0,436039.88,0,0,436039.88,0,0,436039.88,0,0,436039.88,0,0,436039.88,0,0,436039.88,0,0,436039.88,0,0,436039.88,0,0,436039.88,0,0,2138671.78,0,0,436039.88,0,0,436039.88,0,0,436039.88,0,0,476100.08,0,0,436039.88,0,0,476100.08,0,0,436039.88
both_sexes,2,Moderna,2021-05-31,CV,0,0,0,0,0,0,0,0,0,0,0,0,0,0,0,0,1,1,0,0,0,0,0,0,0,0,0,0,0,0,0,0,0,0,0,0,0,0,0,0,0,0,0,0,0,0,0,0,0,0,399811.04,0,0,408291.89,0,0,399811.04,0,0,479488.69,0,0,456733.3,0,0,491738.4,0,0,436039.88,0,0,446146.76,0,0,456733.3,0,0,456733.3,0,0,399811.04,0,0,399811.04,0,0,399811.04,0,0,399811.04,0,0,399811.04,0,0,399811.04,114498.43,2898.85,637944.44,115585.44,2926.37,644000.87,0,0,399811.04,0,0,399811.04,0,0,399811.04,0,0,399811.04,0,0,408291.89,0,0,399811.04,0,0,399811.04,0,0,399811.04,0,0,399811.04,0,0,399811.04,0,0,399811.04,0,0,399811.04,0,0,408291.89,0,0,399811.04,0,0,399811.04,0,0,399811.04,0,0,399811.04,0,0,399811.04,0,0,399811.04,0,0,399811.04,0,0,399811.04,0,0,399811.04,0,0,2072866.49,0,0,399811.04,0,0,399811.04,0,0,399811.04,0,0,436039.88,0,0,399811.04,0,0,436039.88,0,0,399811.04
both_sexes,2,Moderna,2021-06-07,CV,0,0,0,1,0,0,0,0,0,0,0,0,0,0,0,0,0,0,0,0,0,0,0,0,0,0,0,0,0,0,0,0,0,0,0,0,0,1,0,0,0,0,0,0,0,0,0,0,0,0,377412.67,0,0,384960.92,0,0,377412.67,121345.51,3072.2,676093.94,0,0,427734.36,0,0,458286.81,0,0,409532.89,0,0,418435.78,0,0,427734.36,0,0,427734.36,0,0,377412.67,0,0,377412.67,0,0,377412.67,0,0,377412.67,0,0,377412.67,0,0,377412.67,0,0,401000.96,0,0,409532.89,0,0,377412.67,0,0,377412.67,0,0,377412.67,0,0,377412.67,0,0,384960.92,0,0,377412.67,0,0,377412.67,0,0,377412.67,0,0,377412.67,0,0,377412.67,0,0,377412.67,0,0,377412.67,0,0,384960.92,0,0,377412.67,0,0,377412.67,0,0,377412.67,0,0,377412.67,0,0,377412.67,0,0,377412.67,0,0,377412.67,0,0,377412.67,0,0,377412.67,529347.83,13401.93,2949337.32,0,0,377412.67,0,0,377412.67,0,0,377412.67,0,0,409532.89,0,0,377412.67,0,0,409532.89,0,0,377412.67
both_sexes,2,Moderna,2021-06-14,CV,0,0,0,0,0,0,0,0,0,0,0,0,0,0,0,0,0,0,0,0,0,0,0,0,0,0,0,0,0,0,0,0,0,0,0,0,0,0,0,0,0,0,0,0,0,0,0,0,0,0,377412.67,0,0,384960.92,0,0,377412.67,0,0,458286.81,0,0,427734.36,0,0,458286.81,0,0,409532.89,0,0,418435.78,0,0,427734.36,0,0,427734.36,0,0,377412.67,0,0,377412.67,0,0,377412.67,0,0,377412.67,0,0,377412.67,0,0,377412.67,0,0,401000.96,0,0,409532.89,0,0,377412.67,0,0,377412.67,0,0,377412.67,0,0,377412.67,0,0,384960.92,0,0,377412.67,0,0,377412.67,0,0,377412.67,0,0,377412.67,0,0,377412.67,0,0,377412.67,0,0,377412.67,0,0,384960.92,0,0,377412.67,0,0,377412.67,0,0,377412.67,0,0,377412.67,0,0,377412.67,0,0,377412.67,0,0,377412.67,0,0,377412.67,0,0,377412.67,0,0,2138671.78,0,0,377412.67,0,0,377412.67,0,0,377412.67,0,0,409532.89,0,0,377412.67,0,0,409532.89,0,0,377412.67
both_sexes,2,Moderna,2021-06-21,CV,0,0,0,0,0,0,0,0,0,0,0,0,0,0,0,0,0,0,0,0,0,0,0,0,0,0,0,0,0,0,0,0,0,0,0,0,0,0,0,0,0,0,0,0,0,0,0,0,0,0,370154.73,0,0,377412.67,0,0,370154.73,0,0,447628.98,0,0,418435.78,0,0,447628.98,0,0,401000.96,0,0,409532.89,0,0,418435.78,0,0,418435.78,0,0,370154.73,0,0,370154.73,0,0,370154.73,0,0,370154.73,0,0,370154.73,0,0,370154.73,0,0,392817.27,0,0,401000.96,0,0,370154.73,0,0,370154.73,0,0,370154.73,0,0,370154.73,0,0,377412.67,0,0,370154.73,0,0,370154.73,0,0,370154.73,0,0,370154.73,0,0,370154.73,0,0,370154.73,0,0,370154.73,0,0,377412.67,0,0,370154.73,0,0,370154.73,0,0,370154.73,0,0,370154.73,0,0,370154.73,0,0,370154.73,0,0,370154.73,0,0,370154.73,0,0,370154.73,0,0,1924804.6,0,0,370154.73,0,0,370154.73,0,0,370154.73,0,0,401000.96,0,0,370154.73,0,0,401000.96,0,0,370154.73
both_sexes,2,Moderna,2021-06-28,CV,0,0,0,0,0,0,0,0,0,0,0,0,0,0,0,0,0,0,0,0,0,0,0,0,0,0,0,0,0,0,0,0,0,0,0,0,0,0,0,0,0,0,0,0,0,0,0,0,0,0,863694.37,0,0,880629.56,0,0,863694.37,0,0,1044467.61,0,0,976350.16,0,0,1044467.61,0,0,935668.9,0,0,955576.75,0,0,976350.16,0,0,976350.16,0,0,863694.37,0,0,863694.37,0,0,863694.37,0,0,863694.37,0,0,863694.37,0,0,863694.37,0,0,916573.62,0,0,935668.9,0,0,863694.37,0,0,863694.37,0,0,863694.37,0,0,863694.37,0,0,880629.56,0,0,863694.37,0,0,863694.37,0,0,863694.37,0,0,863694.37,0,0,863694.37,0,0,863694.37,0,0,863694.37,0,0,880629.56,0,0,863694.37,0,0,863694.37,0,0,863694.37,0,0,863694.37,0,0,863694.37,0,0,863694.37,0,0,863694.37,0,0,863694.37,0,0,863694.37,0,0,4491210.74,0,0,863694.37,0,0,863694.37,0,0,863694.37,0,0,935668.9,0,0,863694.37,0,0,935668.9,0,0,863694.37
both_sexes,2,Pfizer,2021-03-15,CV,0,0,0,0,0,0,0,0,0,0,0,0,0,0,0,0,0,0,0,0,0,0,0,0,0,0,0,0,0,0,0,0,0,0,0,0,0,0,0,0,0,0,0,0,0,0,0,0,0,0,826603.2,0,0,826603.2,0,0,826603.2,0,0,916573.62,0,0,836871.57,0,0,962402.3,0,0,904270.62,0,0,955576.75,0,0,863694.37,0,0,863694.37,0,0,826603.2,0,0,826603.2,0,0,826603.2,0,0,826603.2,0,0,826603.2,0,0,826603.2,0,0,863694.37,0,0,863694.37,0,0,826603.2,0,0,826603.2,0,0,826603.2,0,0,826603.2,0,0,826603.2,0,0,826603.2,0,0,826603.2,0,0,826603.2,0,0,831705.69,0,0,826603.2,0,0,826603.2,0,0,826603.2,0,0,831705.69,0,0,826603.2,0,0,826603.2,0,0,826603.2,0,0,826603.2,0,0,826603.2,0,0,826603.2,0,0,826603.2,0,0,826603.2,0,0,826603.2,0,0,3641522.22,0,0,826603.2,0,0,831705.69,0,0,826603.2,0,0,904270.62,0,0,826603.2,0,0,904270.62,0,0,826603.2
both_sexes,2,Pfizer,2021-03-22,CV,0,0,0,0,0,0,0,0,0,0,0,0,0,0,0,0,0,0,0,0,0,0,0,1,0,0,0,0,0,0,0,0,0,0,0,0,0,0,0,1,0,0,0,0,0,0,0,0,0,0,518216.62,0,0,518216.62,0,0,518216.62,0,0,583274.12,0,0,536798.1,0,0,585810.1,0,0,547708.63,0,0,596178.42,0,0,545491.18,0,0,545491.18,0,0,518216.62,0,0,518216.62,0,0,518216.62,0,0,518216.62,0,0,518216.62,0,0,518216.62,0,0,532554.63,0,0,532554.63,0,0,518216.62,0,0,518216.62,0,0,518216.62,0,0,518216.62,0,0,518216.62,0,0,518216.62,0,0,518216.62,0,0,518216.62,147874.49,3743.86,823903.95,0,0,518216.62,0,0,518216.62,0,0,518216.62,0,0,532554.63,0,0,518216.62,0,0,518216.62,0,0,518216.62,0,0,518216.62,0,0,518216.62,0,0,518216.62,0,0,518216.62,0,0,518216.62,0,0,518216.62,0,0,2495117.08,0,0,518216.62,147874.49,3743.86,823903.95,0,0,518216.62,0,0,547708.63,0,0,518216.62,0,0,547708.63,0,0,518216.62
both_sexes,2,Pfizer,2021-03-29,CV,0,0,0,0,0,0,0,0,0,0,0,0,0,0,0,0,0,0,0,0,0,0,0,0,0,0,0,0,0,0,0,0,0,0,0,0,0,0,0,0,0,0,0,0,0,0,0,0,0,0,285458.31,0,0,285458.31,0,0,285458.31,0,0,310452.35,0,0,299414.05,0,0,320038.77,0,0,298089.21,0,0,317774.34,0,0,300080.9,0,0,300080.9,0,0,285458.31,0,0,285458.31,0,0,285458.31,0,0,285458.31,0,0,285458.31,0,0,285458.31,0,0,294184.11,0,0,297431.17,0,0,285458.31,0,0,285458.31,0,0,285458.31,0,0,285458.31,0,0,285458.31,0,0,285458.31,0,0,285458.31,0,0,285458.31,0,0,294184.11,0,0,285458.31,0,0,285458.31,0,0,285458.31,0,0,289755.53,0,0,285458.31,0,0,285458.31,0,0,287898.12,0,0,287898.12,0,0,285458.31,0,0,285458.31,0,0,285458.31,0,0,285458.31,0,0,285458.31,0,0,1448777.66,0,0,285458.31,0,0,294184.11,0,0,285458.31,0,0,298089.21,0,0,287898.12,0,0,300750.72,0,0,285458.31
both_sexes,2,Pfizer,2021-04-05,CV,0,0,0,0,0,0,0,0,0,0,0,0,0,0,0,0,0,0,0,0,0,0,0,0,0,0,0,0,0,0,0,0,0,0,0,0,0,1,0,0,0,0,0,0,0,0,0,0,0,0,192205.88,0,0,192205.88,0,0,192205.88,0,0,204766.45,0,0,204145.94,0,0,215578.12,0,0,200202.56,0,0,215233.74,0,0,203529.19,0,0,203529.19,0,0,192205.88,0,0,192205.88,0,0,192205.88,0,0,192205.88,0,0,192205.88,0,0,192205.88,0,0,194424.71,0,0,196408.63,0,0,192205.88,0,0,192205.88,0,0,192205.88,0,0,192205.88,0,0,192205.88,0,0,192205.88,0,0,192205.88,0,0,192205.88,0,0,194424.71,0,0,192205.88,0,0,192205.88,0,0,192205.88,0,0,194144.56,0,0,192205.88,0,0,192205.88,0,0,194144.56,0,0,194144.56,0,0,192205.88,0,0,192205.88,0,0,192205.88,0,0,192205.88,0,0,192205.88,234134.62,5927.78,1304514.58,0,0,192205.88,0,0,194424.71,0,0,192205.88,0,0,200202.56,0,0,194144.56,0,0,202306.79,0,0,192205.88
both_sexes,2,Pfizer,2021-04-12,CV,0,0,0,0,1,1,1,0,0,0,0,0,0,0,0,0,0,0,0,0,0,0,0,0,0,0,0,0,0,0,0,0,0,0,0,0,0,1,0,0,0,1,0,1,0,0,0,0,0,0,162921.79,0,0,162921.79,0,0,162921.79,0,0,171638.63,46826.92,1185.56,260902.92,49026.85,1241.25,273160.1,46001.26,1164.65,256302.61,0,0,179888.28,0,0,171857.55,0,0,171857.55,0,0,162921.79,0,0,162921.79,0,0,162921.79,0,0,162921.79,0,0,162921.79,0,0,162921.79,0,0,164312.59,0,0,165727.33,0,0,162921.79,0,0,162921.79,0,0,162921.79,0,0,162921.79,0,0,162921.79,0,0,162921.79,0,0,162921.79,0,0,162921.79,0,0,164312.59,0,0,162921.79,0,0,162921.79,0,0,162921.79,0,0,164312.59,0,0,162921.79,0,0,162921.79,0,0,164312.59,0,0,164312.59,0,0,162921.79,0,0,162921.79,0,0,162921.79,0,0,162921.79,0,0,162921.79,228281.25,5779.58,1271901.72,0,0,162921.79,0,0,164312.59,0,0,162921.79,46001.26,1164.65,256302.61,0,0,164312.59,46410.42,1175.01,258582.31,0,0,162921.79
both_sexes,2,Pfizer,2021-04-19,CV,0,0,0,0,0,0,0,0,0,0,0,0,0,0,0,0,0,0,0,0,0,0,0,0,0,0,0,0,0,0,0,0,0,0,0,0,0,1,0,0,0,0,0,0,0,0,0,0,0,0,127712.15,0,0,127712.15,0,0,127712.15,0,0,133534.51,0,0,134467.39,0,0,139334.36,0,0,132353.95,0,0,139478.59,0,0,136927.16,0,0,136927.16,0,0,127954.72,0,0,127954.72,0,0,127954.72,0,0,127954.72,0,0,127712.15,0,0,127712.15,0,0,129057.78,0,0,129928.95,0,0,127712.15,0,0,127712.15,0,0,127712.15,0,0,127712.15,0,0,127712.15,0,0,127712.15,0,0,127712.15,0,0,127712.15,0,0,128565.19,0,0,127712.15,0,0,127712.15,0,0,127954.72,0,0,128811.02,0,0,127712.15,0,0,127712.15,0,0,128565.19,0,0,128565.19,0,0,127712.15,0,0,127712.15,0,0,127712.15,0,0,127712.15,0,0,127712.15,181716.42,4600.66,1012459.08,0,0,127712.15,0,0,128565.19,0,0,127712.15,0,0,132614.49,0,0,128565.19,0,0,133534.51,0,0,127712.15
both_sexes,2,Pfizer,2021-04-26,CV,0,0,0,0,0,0,0,0,0,0,0,0,0,0,0,0,0,0,0,0,0,0,0,0,0,0,0,0,0,0,0,0,0,0,0,0,0,0,0,0,0,0,0,0,0,0,0,0,0,0,91161.25,0,0,91161.25,0,0,91222.97,0,0,96171.54,0,0,95829.53,0,0,98347.68,0,0,94155.36,0,0,99878.67,0,0,98419.52,0,0,98419.52,0,0,91595.05,0,0,91595.05,0,0,91595.05,0,0,91595.05,0,0,91161.25,0,0,91161.25,0,0,93114.25,0,0,93566.89,0,0,91161.25,0,0,91161.25,0,0,91161.25,0,0,91161.25,0,0,91161.25,0,0,91161.25,0,0,91161.25,0,0,91161.25,0,0,91657.36,0,0,91161.25,0,0,91161.25,0,0,91657.36,0,0,92095.91,0,0,91161.25,0,0,91161.25,0,0,91657.36,0,0,91657.36,0,0,91161.25,0,0,91161.25,0,0,91161.25,0,0,91161.25,0,0,91161.25,0,0,502747.47,0,0,91161.25,0,0,91657.36,0,0,91161.25,0,0,94684.7,0,0,91657.36,0,0,95220.02,0,0,91161.25
both_sexes,2,Pfizer,2021-05-03,CV,0,0,0,0,0,0,0,0,0,0,0,0,0,0,0,0,0,0,0,0,0,0,0,0,0,0,0,0,0,0,0,0,0,0,0,0,0,0,0,0,0,0,0,0,0,0,0,0,0,0,69344.48,0,0,69344.48,0,0,69595.21,0,0,74153.18,0,0,73425.79,0,0,75313.76,0,0,71516.09,0,0,76165.25,0,0,74770.43,0,0,74770.43,0,0,69595.21,0,0,69595.21,0,0,69595.21,0,0,69595.21,0,0,69344.48,0,0,69344.48,0,0,70727.73,0,0,71026,0,0,69344.48,0,0,69344.48,0,0,69344.48,0,0,69344.48,0,0,69344.48,0,0,69344.48,0,0,69344.48,0,0,69344.48,0,0,69847.76,0,0,69523.39,0,0,69523.39,0,0,70102.14,0,0,70358.39,0,0,69344.48,0,0,69344.48,0,0,70211.74,0,0,70211.74,0,0,69344.48,0,0,69344.48,0,0,69344.48,0,0,69344.48,0,0,69344.48,0,0,392817.27,0,0,69344.48,0,0,69847.76,0,0,69344.48,0,0,72322.23,0,0,70211.74,0,0,73266.08,0,0,69344.48
both_sexes,2,Pfizer,2021-05-10,CV,0,0,0,0,0,0,0,0,1,1,0,0,0,0,0,0,0,0,0,0,0,0,0,0,0,0,0,0,0,0,0,0,0,0,0,0,0,0,0,0,0,0,0,0,0,0,0,0,0,0,57851.58,0,0,57851.58,0,0,58025.98,0,0,61862.41,0,0,62147.75,0,0,63614.88,0,0,59644.23,0,0,63705.12,17067.76,432.12,95095.46,17067.76,432.12,95095.46,0,0,58025.98,0,0,58025.98,0,0,58025.98,0,0,58025.98,0,0,57851.58,0,0,57851.58,0,0,59120.81,0,0,59486.23,0,0,57851.58,0,0,57851.58,0,0,57851.58,0,0,57851.58,0,0,57851.58,0,0,57851.58,0,0,57851.58,0,0,57851.58,0,0,58201.44,0,0,58025.98,0,0,58025.98,0,0,58479.31,0,0,58657.52,0,0,57851.58,0,0,57851.58,0,0,58555.55,0,0,58555.55,0,0,57851.58,0,0,57851.58,0,0,57851.58,0,0,57851.58,0,0,57851.58,0,0,336000.8,0,0,57851.58,0,0,58201.44,0,0,57851.58,0,0,60311.69,0,0,58555.55,0,0,61077.21,0,0,57851.58
both_sexes,2,Pfizer,2021-05-17,CV,0,0,0,0,0,0,0,0,0,0,0,0,0,0,0,0,0,0,0,0,0,0,0,0,0,0,0,0,0,0,0,0,0,0,0,0,0,3,0,0,0,0,0,0,0,0,0,0,0,0,52900.01,0,0,52900.01,0,0,53045.8,0,0,56304.36,0,0,56707.21,0,0,58657.52,0,0,54593.32,0,0,58352.67,0,0,57530.45,0,0,57530.45,0,0,53045.8,0,0,53045.8,0,0,53045.8,0,0,53045.8,0,0,52900.01,0,0,52900.01,0,0,54089.25,0,0,54394.96,0,0,52900.01,0,0,52900.01,0,0,52900.01,0,0,52900.01,0,0,52900.01,0,0,52900.01,0,0,52900.01,0,0,52900.01,0,0,53192.39,0,0,53045.8,0,0,53045.8,0,0,53615.73,0,0,53765.49,0,0,52900.01,0,0,52900.01,0,0,53488.02,0,0,53488.02,0,0,52900.01,0,0,52900.01,0,0,52900.01,0,0,52900.01,0,0,52900.01,260273.16,53674.58,760628.62,0,0,52900.01,0,0,53192.39,0,0,52900.01,0,0,55355.93,0,0,53488.02,0,0,56000.13,0,0,52900.01
both_sexes,2,Pfizer,2021-05-24,CV,0,0,0,0,0,0,0,1,0,0,0,0,0,0,0,0,0,0,0,0,0,0,0,0,0,0,0,0,0,0,0,0,0,0,0,0,0,3,0,0,0,0,0,0,0,0,0,0,0,0,49828.52,0,0,49828.52,0,0,49957.85,0,0,53045.8,0,0,53403.22,0,0,55378.68,0,0,51544.12,14944.76,378.37,83266.89,0,0,54154.47,0,0,54154.47,0,0,49957.85,0,0,49957.85,0,0,49957.85,0,0,49957.85,0,0,49828.52,0,0,49828.52,0,0,50882.3,0,0,51152.74,0,0,49828.52,0,0,49828.52,0,0,49828.52,0,0,49828.52,0,0,49828.52,0,0,49828.52,0,0,49828.52,0,0,49828.52,0,0,50087.85,0,0,49957.85,0,0,49957.85,0,0,50481.95,0,0,50614.7,0,0,49828.52,0,0,49828.52,0,0,50349.9,0,0,50349.9,0,0,49828.52,0,0,49828.52,0,0,49828.52,0,0,49828.52,0,0,49828.52,265958.74,54847.09,777244.29,0,0,49828.52,0,0,50087.85,0,0,49828.52,0,0,52243.63,0,0,50349.9,0,0,52817.06,0,0,49828.52
both_sexes,2,Pfizer,2021-05-31,CV,0,0,0,0,0,0,0,0,0,0,0,0,0,0,0,0,0,0,0,0,0,0,0,0,0,0,0,0,0,0,0,0,0,0,0,0,0,4,0,0,0,0,0,0,0,0,0,0,0,0,46686.18,0,0,46686.18,0,0,46799.7,0,0,49571.86,0,0,49754.92,0,0,51485.03,0,0,48327.23,0,0,51563.84,0,0,50481.95,0,0,50481.95,0,0,46799.7,0,0,46799.7,0,0,46799.7,0,0,46799.7,0,0,46686.18,0,0,46686.18,0,0,47576.38,0,0,47812.75,0,0,46686.18,0,0,46686.18,0,0,46686.18,0,0,46686.18,0,0,46686.18,0,0,46686.18,0,0,46686.18,0,0,46686.18,0,0,46913.76,0,0,46799.7,0,0,46799.7,0,0,47259.32,0,0,47375.64,0,0,46686.18,0,0,46686.18,0,0,47143.57,0,0,47143.57,0,0,46686.18,0,0,46686.18,0,0,46686.18,0,0,46686.18,0,0,46686.18,350359.71,95461.23,897060.02,0,0,46686.18,0,0,46913.76,0,0,46686.18,0,0,48941.64,0,0,47143.57,0,0,49444.52,0,0,46686.18
both_sexes,2,Pfizer,2021-06-07,CV,0,0,0,0,0,0,0,0,0,0,0,0,0,0,0,0,0,0,0,0,0,0,0,0,1,1,0,0,0,0,0,0,0,0,0,0,0,1,0,0,0,0,0,0,0,0,0,0,0,0,46686.18,0,0,46686.18,0,0,46702.36,0,0,49462.67,0,0,49590.11,0,0,51308.58,0,0,48223.45,0,0,51445.71,0,0,50481.95,0,0,50481.95,0,0,46799.7,0,0,46799.7,0,0,46799.7,0,0,46799.7,0,0,46686.18,0,0,46686.18,0,0,47492.54,0,0,47728.06,0,0,46686.18,0,0,46686.18,0,0,46686.18,0,0,46686.18,0,0,46686.18,0,0,46686.18,0,0,46686.18,0,0,46686.18,0,0,46913.76,12704.35,321.65,70784.1,12704.35,321.65,70784.1,0,0,47259.32,0,0,47375.64,0,0,46686.18,0,0,46686.18,0,0,47143.57,0,0,47143.57,0,0,46686.18,0,0,46686.18,0,0,46686.18,0,0,46686.18,0,0,46686.18,90408.42,2288.94,503723.45,0,0,46686.18,0,0,46913.76,0,0,46686.18,0,0,48835.2,0,0,47143.57,0,0,49335.89,0,0,46686.18
both_sexes,1,AstraZeneca,2021-05-17,CV,0,0,0,0,0,0,0,0,0,0,0,0,0,0,0,0,0,0,0,0,0,0,0,0,0,0,0,0,0,0,0,0,0,0,0,0,0,1,0,0,0,0,0,0,0,0,0,0,0,0,174982.24,0,0,176587.58,0,0,174982.24,0,0,181585.34,0,0,176587.58,0,0,179888.28,0,0,176587.58,0,0,185077.37,0,0,183314.72,0,0,183314.72,0,0,174982.24,0,0,174982.24,0,0,174982.24,0,0,174982.24,0,0,174982.24,0,0,174982.24,0,0,174982.24,0,0,174982.24,0,0,174982.24,0,0,174982.24,0,0,174982.24,0,0,174982.24,0,0,174982.24,0,0,174982.24,0,0,174982.24,0,0,174982.24,0,0,174982.24,0,0,174982.24,0,0,174982.24,0,0,174982.24,0,0,174982.24,0,0,174982.24,0,0,174982.24,0,0,176587.58,0,0,176587.58,0,0,174982.24,0,0,174982.24,0,0,174982.24,0,0,174982.24,0,0,174982.24,205196.63,5195.13,1143282.44,0,0,174982.24,0,0,174982.24,0,0,174982.24,0,0,176587.58,0,0,176587.58,0,0,178222.65,0,0,174982.24
both_sexes,1,AstraZeneca,2021-05-24,CV,0,0,0,0,0,0,0,0,0,0,0,0,0,0,0,0,0,0,0,0,0,0,0,0,0,0,0,0,0,0,0,0,0,0,0,0,0,1,0,0,0,0,0,0,0,0,0,0,0,0,174077.94,0,0,175666.65,0,0,174077.94,0,0,180611.69,0,0,175666.65,0,0,178932.7,0,0,175666.65,0,0,184066.01,0,0,182322.49,0,0,182322.49,0,0,174077.94,0,0,174077.94,0,0,174077.94,0,0,174077.94,0,0,174077.94,0,0,174077.94,0,0,174077.94,0,0,174077.94,0,0,174077.94,0,0,174077.94,0,0,174077.94,0,0,174077.94,0,0,174077.94,0,0,174077.94,0,0,174077.94,0,0,174077.94,0,0,174077.94,0,0,174077.94,0,0,174077.94,0,0,174077.94,0,0,174077.94,0,0,174077.94,0,0,174077.94,0,0,175666.65,0,0,175666.65,0,0,174077.94,0,0,174077.94,0,0,174077.94,0,0,174077.94,0,0,174077.94,216124.26,5471.79,1204167.31,0,0,174077.94,0,0,174077.94,0,0,174077.94,0,0,175666.65,0,0,175666.65,0,0,177284.63,0,0,174077.94
both_sexes,1,AstraZeneca,2021-05-31,CV,0,0,0,0,0,0,0,0,0,0,0,0,0,0,0,0,0,0,0,0,0,0,0,0,0,0,0,0,0,0,0,0,0,0,0,0,0,1,0,0,0,0,0,0,0,0,0,0,0,0,172517.7,0,0,174077.94,0,0,172517.7,0,0,178932.7,0,0,174077.94,0,0,177284.63,0,0,174077.94,0,0,183564.47,0,0,180611.69,0,0,180611.69,0,0,172517.7,0,0,172517.7,0,0,172517.7,0,0,172517.7,0,0,172517.7,0,0,172517.7,0,0,172517.7,0,0,172517.7,0,0,172517.7,0,0,172517.7,0,0,172517.7,0,0,172517.7,0,0,172517.7,0,0,172517.7,0,0,172517.7,0,0,172517.7,0,0,172517.7,0,0,172517.7,0,0,172517.7,0,0,172517.7,0,0,172517.7,0,0,172517.7,0,0,172517.7,0,0,174077.94,0,0,174077.94,0,0,172517.7,0,0,172517.7,0,0,172517.7,0,0,172517.7,0,0,172517.7,218712.57,5537.32,1218588.47,0,0,172517.7,0,0,172517.7,0,0,172517.7,0,0,174077.94,0,0,174077.94,0,0,175666.65,0,0,172517.7
both_sexes,1,AstraZeneca,2021-06-07,CV,0,0,0,0,0,0,0,0,0,0,0,0,0,0,0,0,0,0,0,0,0,0,0,0,0,0,0,0,0,0,0,0,0,0,0,0,0,1,0,0,0,0,0,0,0,0,0,0,0,0,178458.7,0,0,180128.77,0,0,178458.7,0,0,185331.94,0,0,180128.77,0,0,183564.47,0,0,180128.77,0,0,188971,0,0,187133.78,0,0,187133.78,0,0,178458.7,0,0,178458.7,0,0,178458.7,0,0,178458.7,0,0,178458.7,0,0,178458.7,0,0,178458.7,0,0,178458.7,0,0,178458.7,0,0,178458.7,0,0,178458.7,0,0,178458.7,0,0,178458.7,0,0,178458.7,0,0,178458.7,0,0,178458.7,0,0,178458.7,0,0,178458.7,0,0,178458.7,0,0,178458.7,0,0,178458.7,0,0,178458.7,0,0,178458.7,0,0,180128.77,0,0,180128.77,0,0,178458.7,0,0,178458.7,0,0,178458.7,0,0,178458.7,0,0,178458.7,243500,6164.89,1356695.17,0,0,178458.7,0,0,178458.7,0,0,178458.7,0,0,180128.77,0,0,180128.77,0,0,181830.39,0,0,178458.7
both_sexes,1,J&J,2021-05-24,CV,0,0,0,0,0,0,0,0,0,0,0,0,0,0,0,0,0,0,0,0,0,0,0,0,0,0,0,0,0,0,0,0,0,0,0,0,0,0,0,0,0,0,0,0,0,0,0,0,0,0,2749720.86,0,0,2749720.86,0,0,2749720.86,0,0,2749720.86,0,0,2749720.86,0,0,2749720.86,0,0,2749720.86,0,0,2749720.86,0,0,2749720.86,0,0,2749720.86,0,0,2749720.86,0,0,2749720.86,0,0,2749720.86,0,0,2749720.86,0,0,2749720.86,0,0,2749720.86,0,0,2749720.86,0,0,2749720.86,0,0,2749720.86,0,0,2749720.86,0,0,2749720.86,0,0,2749720.86,0,0,2749720.86,0,0,2749720.86,0,0,2749720.86,0,0,2749720.86,0,0,2749720.86,0,0,2749720.86,0,0,2749720.86,0,0,2749720.86,0,0,2749720.86,0,0,2749720.86,0,0,2749720.86,0,0,2749720.86,0,0,2749720.86,0,0,2749720.86,0,0,2749720.86,0,0,2749720.86,0,0,2749720.86,0,0,2749720.86,0,0,6416015.34,0,0,2749720.86,0,0,2749720.86,0,0,2749720.86,0,0,2749720.86,0,0,2749720.86,0,0,2749720.86,0,0,2749720.86
both_sexes,1,J&J,2021-05-31,CV,0,0,0,0,0,0,0,0,0,0,0,0,0,0,0,0,0,0,0,0,0,0,0,0,0,0,0,0,0,0,0,0,0,0,0,0,0,1,0,0,0,0,0,0,0,0,0,0,0,0,2749720.86,0,0,2749720.86,0,0,2749720.86,0,0,2749720.86,0,0,2749720.86,0,0,2749720.86,0,0,2749720.86,0,0,2749720.86,0,0,2749720.86,0,0,2749720.86,0,0,2749720.86,0,0,2749720.86,0,0,2749720.86,0,0,2749720.86,0,0,2749720.86,0,0,2749720.86,0,0,2749720.86,0,0,2749720.86,0,0,2749720.86,0,0,2749720.86,0,0,2749720.86,0,0,2749720.86,0,0,2749720.86,0,0,2749720.86,0,0,2749720.86,0,0,2749720.86,0,0,2749720.86,0,0,2749720.86,0,0,2749720.86,0,0,2749720.86,0,0,2749720.86,0,0,2749720.86,0,0,2749720.86,0,0,2749720.86,0,0,2749720.86,0,0,2749720.86,0,0,2749720.86,0,0,2749720.86,0,0,2749720.86,0,0,2749720.86,2435000,61648.86,13566951.66,0,0,2749720.86,0,0,2749720.86,0,0,2749720.86,0,0,2749720.86,0,0,2749720.86,0,0,2749720.86,0,0,2749720.86
both_sexes,1,J&J,2021-06-07,CV,0,0,0,0,0,0,0,0,0,0,0,0,0,0,0,0,0,0,0,0,0,0,0,0,0,0,0,0,0,0,0,0,0,0,0,0,0,0,0,0,0,0,0,0,0,0,0,0,0,0,2694726.44,0,0,2694726.44,0,0,2694726.44,0,0,2694726.44,0,0,2694726.44,0,0,2694726.44,0,0,2694726.44,0,0,2694726.44,0,0,2694726.44,0,0,2694726.44,0,0,2694726.44,0,0,2694726.44,0,0,2694726.44,0,0,2694726.44,0,0,2694726.44,0,0,2694726.44,0,0,2694726.44,0,0,2694726.44,0,0,2694726.44,0,0,2694726.44,0,0,2694726.44,0,0,2694726.44,0,0,2694726.44,0,0,2694726.44,0,0,2694726.44,0,0,2694726.44,0,0,2694726.44,0,0,2694726.44,0,0,2694726.44,0,0,2694726.44,0,0,2694726.44,0,0,2694726.44,0,0,2694726.44,0,0,2694726.44,0,0,2694726.44,0,0,2694726.44,0,0,2694726.44,0,0,2694726.44,0,0,2694726.44,0,0,2694726.44,0,0,8982421.47,0,0,2694726.44,0,0,2694726.44,0,0,2694726.44,0,0,2694726.44,0,0,2694726.44,0,0,2694726.44,0,0,2694726.44
both_sexes,1,J&J,2021-06-14,CV,0,0,0,0,0,0,0,0,0,0,0,0,0,0,0,0,0,0,0,0,0,0,0,0,0,0,0,0,0,0,0,0,0,0,0,0,0,0,0,0,0,0,0,0,0,0,0,0,0,0,1952700.32,0,0,1952700.32,0,0,1952700.32,0,0,1952700.32,0,0,1952700.32,0,0,1952700.32,0,0,1952700.32,0,0,1952700.32,0,0,1952700.32,0,0,1952700.32,0,0,1952700.32,0,0,1952700.32,0,0,1952700.32,0,0,1952700.32,0,0,1952700.32,0,0,1952700.32,0,0,1952700.32,0,0,1952700.32,0,0,1952700.32,0,0,1952700.32,0,0,1952700.32,0,0,1952700.32,0,0,1952700.32,0,0,1952700.32,0,0,1952700.32,0,0,1952700.32,0,0,1952700.32,0,0,1952700.32,0,0,1952700.32,0,0,1952700.32,0,0,1952700.32,0,0,1952700.32,0,0,1952700.32,0,0,1952700.32,0,0,1952700.32,0,0,1952700.32,0,0,1952700.32,0,0,1952700.32,0,0,1952700.32,0,0,1952700.32,0,0,6416015.34,0,0,1952700.32,0,0,1952700.32,0,0,1952700.32,0,0,1952700.32,0,0,1952700.32,0,0,1952700.32,0,0,1952700.32
both_sexes,1,J&J,2021-06-21,CV,0,0,0,0,0,0,0,0,0,0,0,0,0,0,0,0,0,0,0,0,0,0,0,0,0,0,0,0,0,0,0,0,0,0,0,0,0,0,0,0,0,0,0,0,0,0,0,0,0,0,1924804.6,0,0,1924804.6,0,0,1924804.6,0,0,1924804.6,0,0,1924804.6,0,0,1924804.6,0,0,1924804.6,0,0,1924804.6,0,0,1924804.6,0,0,1924804.6,0,0,1924804.6,0,0,1924804.6,0,0,1924804.6,0,0,1924804.6,0,0,1924804.6,0,0,1924804.6,0,0,1924804.6,0,0,1924804.6,0,0,1924804.6,0,0,1924804.6,0,0,1924804.6,0,0,1924804.6,0,0,1924804.6,0,0,1924804.6,0,0,1924804.6,0,0,1924804.6,0,0,1924804.6,0,0,1924804.6,0,0,1924804.6,0,0,1924804.6,0,0,1924804.6,0,0,1924804.6,0,0,1924804.6,0,0,1924804.6,0,0,1924804.6,0,0,1924804.6,0,0,1924804.6,0,0,1924804.6,0,0,1924804.6,0,0,1924804.6,0,0,6416015.34,0,0,1924804.6,0,0,1924804.6,0,0,1924804.6,0,0,1924804.6,0,0,1924804.6,0,0,1924804.6,0,0,1924804.6
both_sexes,1,J&J,2021-06-28,CV,0,0,0,0,0,0,0,0,0,0,0,0,0,0,0,0,0,0,0,0,0,0,0,0,0,0,0,0,0,0,0,0,0,0,0,0,0,0,0,0,0,0,0,0,0,0,0,0,0,0,4491210.74,0,0,4491210.74,0,0,4491210.74,0,0,4491210.74,0,0,4491210.74,0,0,4491210.74,0,0,4491210.74,0,0,4491210.74,0,0,4491210.74,0,0,4491210.74,0,0,4491210.74,0,0,4491210.74,0,0,4491210.74,0,0,4491210.74,0,0,4491210.74,0,0,4491210.74,0,0,4491210.74,0,0,4491210.74,0,0,4491210.74,0,0,4491210.74,0,0,4491210.74,0,0,4491210.74,0,0,4491210.74,0,0,4491210.74,0,0,4491210.74,0,0,4491210.74,0,0,4491210.74,0,0,4491210.74,0,0,4491210.74,0,0,4491210.74,0,0,4491210.74,0,0,4491210.74,0,0,4491210.74,0,0,4491210.74,0,0,4491210.74,0,0,4491210.74,0,0,4491210.74,0,0,4491210.74,0,0,4491210.74,0,0,4491210.74,0,0,14970702.45,0,0,4491210.74,0,0,4491210.74,0,0,4491210.74,0,0,4491210.74,0,0,4491210.74,0,0,4491210.74,0,0,4491210.74
both_sexes,1,Moderna,2021-03-08,CV,0,0,0,0,0,0,0,0,0,0,0,0,0,0,0,0,0,0,0,0,0,0,0,0,0,0,0,0,0,0,0,0,0,0,0,0,0,0,0,0,0,0,0,0,0,0,0,0,0,0,4646080.07,0,0,6124378.28,0,0,4646080.07,0,0,5182166.23,0,0,7091385.37,0,0,7091385.37,0,0,4646080.07,0,0,4646080.07,0,0,11228026.84,0,0,11228026.84,0,0,4646080.07,0,0,4646080.07,0,0,4646080.07,0,0,4646080.07,0,0,4646080.07,0,0,4646080.07,0,0,5182166.23,0,0,5182166.23,0,0,4646080.07,0,0,4646080.07,0,0,4646080.07,0,0,4646080.07,0,0,4646080.07,0,0,4646080.07,0,0,4646080.07,0,0,4646080.07,0,0,4646080.07,0,0,4646080.07,0,0,4646080.07,0,0,4646080.07,0,0,4646080.07,0,0,4646080.07,0,0,4646080.07,0,0,4646080.07,0,0,4646080.07,0,0,4646080.07,0,0,4646080.07,0,0,4646080.07,0,0,4646080.07,0,0,4646080.07,0,0,14970702.45,0,0,4646080.07,0,0,4646080.07,0,0,4646080.07,0,0,4646080.07,0,0,4646080.07,0,0,4646080.07,0,0,4646080.07
both_sexes,1,Moderna,2021-03-15,CV,0,0,0,0,0,0,0,0,0,0,0,0,0,0,0,0,0,0,0,0,0,0,0,0,0,0,0,0,0,0,0,0,0,0,0,0,0,0,0,0,0,0,0,0,0,0,0,0,0,0,2449751.31,0,0,2807006.71,0,0,2449751.31,0,0,3208007.67,0,0,3286251.76,0,0,3286251.76,0,0,2449751.31,0,0,2449751.31,0,0,4812011.5,0,0,4812011.5,0,0,2449751.31,0,0,2449751.31,0,0,2449751.31,0,0,2449751.31,0,0,2449751.31,0,0,2449751.31,0,0,2807006.71,0,0,2807006.71,0,0,2449751.31,0,0,2449751.31,0,0,2449751.31,0,0,2449751.31,0,0,2449751.31,0,0,2449751.31,0,0,2449751.31,0,0,2449751.31,0,0,2449751.31,0,0,2449751.31,0,0,2449751.31,0,0,2449751.31,0,0,2449751.31,0,0,2449751.31,0,0,2449751.31,0,0,2449751.31,0,0,2449751.31,0,0,2449751.31,0,0,2449751.31,0,0,2449751.31,0,0,2449751.31,0,0,2449751.31,0,0,9624023,0,0,2449751.31,0,0,2449751.31,0,0,2449751.31,0,0,2449751.31,0,0,2449751.31,0,0,2449751.31,0,0,2449751.31
both_sexes,1,Moderna,2021-03-22,CV,0,0,0,0,0,0,0,0,0,0,0,0,0,0,0,0,0,0,0,0,0,0,0,0,0,0,0,0,0,0,0,0,0,0,0,0,0,1,0,0,0,0,0,0,0,0,0,0,0,0,1684204.03,0,0,1845703.04,0,0,1684204.03,0,0,2173166.48,0,0,2105255.03,0,0,2245605.37,0,0,1820761.11,0,0,1820761.11,0,0,2542194.76,0,0,2542194.76,0,0,1684204.03,0,0,1684204.03,0,0,1684204.03,0,0,1684204.03,0,0,1684204.03,0,0,1684204.03,0,0,1845703.04,0,0,1845703.04,0,0,1684204.03,0,0,1684204.03,0,0,1684204.03,0,0,1684204.03,0,0,1684204.03,0,0,1684204.03,0,0,1684204.03,0,0,1684204.03,0,0,1684204.03,0,0,1684204.03,0,0,1684204.03,0,0,1684204.03,0,0,1684204.03,0,0,1684204.03,0,0,1684204.03,0,0,1684204.03,0,0,1684204.03,0,0,1684204.03,0,0,1684204.03,0,0,1684204.03,0,0,1684204.03,0,0,1684204.03,1739285.71,44034.9,9690679.75,0,0,1684204.03,0,0,1684204.03,0,0,1684204.03,0,0,1820761.11,0,0,1684204.03,0,0,1820761.11,0,0,1684204.03
both_sexes,1,Moderna,2021-03-29,CV,0,0,0,0,0,0,0,0,0,0,0,0,0,0,0,0,0,0,0,0,0,0,0,0,0,0,0,0,0,0,0,0,0,0,0,0,0,0,0,0,0,0,0,0,0,0,0,0,0,0,858193.13,0,0,880629.56,0,0,858193.13,0,0,1044467.61,0,0,1020729.71,0,0,1141833.24,0,0,976350.16,0,0,976350.16,0,0,1077890.58,0,0,1077890.58,0,0,858193.13,0,0,858193.13,0,0,858193.13,0,0,858193.13,0,0,858193.13,0,0,858193.13,0,0,898242.15,0,0,898242.15,0,0,858193.13,0,0,858193.13,0,0,858193.13,0,0,858193.13,0,0,858193.13,0,0,858193.13,0,0,858193.13,0,0,858193.13,0,0,858193.13,0,0,858193.13,0,0,858193.13,0,0,858193.13,0,0,858193.13,0,0,858193.13,0,0,858193.13,0,0,858193.13,0,0,858193.13,0,0,858193.13,0,0,858193.13,0,0,858193.13,0,0,858193.13,0,0,858193.13,0,0,3962833,0,0,858193.13,0,0,858193.13,0,0,858193.13,0,0,976350.16,0,0,858193.13,0,0,976350.16,0,0,858193.13
both_sexes,1,Moderna,2021-04-05,CV,0,0,0,1,0,0,0,0,0,0,0,0,0,0,0,0,0,0,0,0,0,0,0,0,0,0,0,0,0,0,0,0,0,0,0,0,0,0,0,0,0,0,0,0,0,0,0,0,0,0,744399.57,0,0,744399.57,0,0,744399.57,238725.49,6044.01,1330093.3,0,0,847398.25,0,0,929216.01,0,0,842102.01,0,0,842102.01,0,0,880629.56,0,0,880629.56,0,0,744399.57,0,0,744399.57,0,0,744399.57,0,0,744399.57,0,0,744399.57,0,0,744399.57,0,0,752716.88,0,0,752716.88,0,0,744399.57,0,0,744399.57,0,0,744399.57,0,0,744399.57,0,0,744399.57,0,0,744399.57,0,0,744399.57,0,0,744399.57,0,0,744399.57,0,0,744399.57,0,0,744399.57,0,0,744399.57,0,0,744399.57,0,0,744399.57,0,0,744399.57,0,0,744399.57,0,0,744399.57,0,0,744399.57,0,0,744399.57,0,0,744399.57,0,0,744399.57,0,0,744399.57,0,0,3368408.05,0,0,744399.57,0,0,744399.57,0,0,744399.57,0,0,842102.01,0,0,744399.57,0,0,842102.01,0,0,744399.57
both_sexes,1,Moderna,2021-05-24,CV,0,0,0,0,0,0,0,0,0,0,0,0,0,0,0,0,0,0,0,0,0,0,0,0,0,0,0,0,0,0,0,0,0,0,0,0,0,0,0,0,0,0,0,0,0,0,0,0,0,0,1271097.38,0,0,1192356.83,0,0,1192356.83,0,0,1295541.56,0,0,1192356.83,0,0,1192356.83,0,0,1213840.74,0,0,1213840.74,0,0,1192356.83,0,0,1192356.83,0,0,1271097.38,0,0,1271097.38,0,0,1271097.38,0,0,1271097.38,0,0,1192356.83,0,0,1192356.83,0,0,1192356.83,0,0,1360972.95,0,0,1192356.83,0,0,1192356.83,0,0,1271097.38,0,0,1192356.83,0,0,1192356.83,0,0,1192356.83,0,0,1192356.83,0,0,1192356.83,0,0,1192356.83,0,0,1192356.83,0,0,1192356.83,0,0,1192356.83,0,0,1213840.74,0,0,1192356.83,0,0,1192356.83,0,0,1271097.38,0,0,1271097.38,0,0,1192356.83,0,0,1192356.83,0,0,1192356.83,0,0,1192356.83,0,0,1192356.83,0,0,3368408.05,0,0,1192356.83,0,0,1192356.83,0,0,1192356.83,0,0,1213840.74,0,0,1271097.38,0,0,1295541.56,0,0,1192356.83
both_sexes,1,Moderna,2021-05-31,CV,0,0,0,0,0,0,0,0,0,0,0,0,0,0,0,0,0,0,0,0,0,0,0,0,0,0,0,0,0,0,0,0,0,0,0,0,0,0,0,0,0,0,0,0,0,0,0,0,0,0,1224875.66,0,0,1151592.5,0,0,1151592.5,0,0,1224875.66,0,0,1151592.5,0,0,1151592.5,0,0,1151592.5,0,0,1151592.5,0,0,1151592.5,0,0,1151592.5,0,0,1224875.66,0,0,1224875.66,0,0,1224875.66,0,0,1224875.66,0,0,1151592.5,0,0,1151592.5,0,0,1151592.5,0,0,1271097.38,0,0,1151592.5,0,0,1151592.5,0,0,1224875.66,0,0,1151592.5,0,0,1151592.5,0,0,1151592.5,0,0,1151592.5,0,0,1151592.5,0,0,1151592.5,0,0,1151592.5,0,0,1151592.5,0,0,1151592.5,0,0,1151592.5,0,0,1151592.5,0,0,1151592.5,0,0,1224875.66,0,0,1224875.66,0,0,1151592.5,0,0,1151592.5,0,0,1151592.5,0,0,1151592.5,0,0,1151592.5,0,0,2866730.26,0,0,1151592.5,0,0,1151592.5,0,0,1151592.5,0,0,1151592.5,0,0,1224875.66,0,0,1224875.66,0,0,1151592.5
both_sexes,1,Moderna,2021-06-07,CV,0,0,0,0,0,0,0,0,0,0,0,0,0,0,0,0,0,0,0,0,0,0,0,0,0,0,0,0,0,0,0,0,0,0,0,0,0,0,0,0,0,0,0,0,0,0,0,0,0,0,1247558.54,0,0,1171620.19,0,0,1171620.19,0,0,1247558.54,0,0,1171620.19,0,0,1171620.19,0,0,1171620.19,0,0,1171620.19,0,0,1171620.19,0,0,1171620.19,0,0,1334022.99,0,0,1334022.99,0,0,1334022.99,0,0,1334022.99,0,0,1171620.19,0,0,1171620.19,0,0,1171620.19,0,0,1247558.54,0,0,1171620.19,0,0,1171620.19,0,0,1247558.54,0,0,1171620.19,0,0,1171620.19,0,0,1171620.19,0,0,1171620.19,0,0,1171620.19,0,0,1171620.19,0,0,1171620.19,0,0,1171620.19,0,0,1171620.19,0,0,1171620.19,0,0,1171620.19,0,0,1171620.19,0,0,1247558.54,0,0,1247558.54,0,0,1171620.19,0,0,1171620.19,0,0,1171620.19,0,0,1171620.19,0,0,1171620.19,0,0,2994140.49,0,0,1171620.19,0,0,1171620.19,0,0,1171620.19,0,0,1171620.19,0,0,1247558.54,0,0,1247558.54,0,0,1171620.19
both_sexes,1,Moderna,2021-06-14,CV,0,0,0,0,0,0,0,0,0,0,0,0,0,0,0,0,0,0,0,0,0,0,0,0,0,0,0,0,0,0,0,0,0,0,0,0,0,0,0,0,0,0,0,0,0,0,0,0,0,0,1141833.24,0,0,1077890.58,0,0,1077890.58,0,0,1141833.24,0,0,1077890.58,0,0,1077890.58,0,0,1077890.58,0,0,1077890.58,0,0,1077890.58,0,0,1077890.58,0,0,1213840.74,0,0,1213840.74,0,0,1213840.74,0,0,1213840.74,0,0,1077890.58,0,0,1077890.58,0,0,1077890.58,0,0,1141833.24,0,0,1077890.58,0,0,1077890.58,0,0,1141833.24,0,0,1077890.58,0,0,1077890.58,0,0,1077890.58,0,0,1077890.58,0,0,1077890.58,0,0,1077890.58,0,0,1077890.58,0,0,1077890.58,0,0,1077890.58,0,0,1077890.58,0,0,1077890.58,0,0,1077890.58,0,0,1141833.24,0,0,1141833.24,0,0,1077890.58,0,0,1077890.58,0,0,1077890.58,0,0,1077890.58,0,0,1077890.58,0,0,2749720.86,0,0,1077890.58,0,0,1077890.58,0,0,1077890.58,0,0,1077890.58,0,0,1141833.24,0,0,1141833.24,0,0,1077890.58
both_sexes,1,Moderna,2021-05-10,CV,0,0,0,0,0,0,0,0,0,0,0,0,0,0,0,0,0,0,0,0,0,0,0,0,0,0,0,0,0,0,0,0,0,0,0,0,0,0,0,0,0,0,0,0,0,0,0,0,0,0,1060915.92,0,0,1005494.94,0,0,1005494.94,0,0,1192356.83,0,0,1005494.94,0,0,1060915.92,0,0,1060915.92,0,0,1060915.92,0,0,1005494.94,0,0,1005494.94,0,0,1060915.92,0,0,1060915.92,0,0,1060915.92,0,0,1060915.92,0,0,1005494.94,0,0,1005494.94,0,0,1060915.92,0,0,1192356.83,0,0,1005494.94,0,0,1005494.94,0,0,1060915.92,0,0,1005494.94,0,0,1060915.92,0,0,1005494.94,0,0,1005494.94,0,0,1005494.94,0,0,1005494.94,0,0,1005494.94,0,0,1005494.94,0,0,1005494.94,0,0,1060915.92,0,0,1005494.94,0,0,1005494.94,0,0,1060915.92,0,0,1060915.92,0,0,1005494.94,0,0,1005494.94,0,0,1005494.94,0,0,1005494.94,0,0,1005494.94,0,0,4210510.06,0,0,1005494.94,0,0,1005494.94,0,0,1005494.94,0,0,1060915.92,0,0,1060915.92,0,0,1122802.68,0,0,1005494.94
both_sexes,1,Moderna,2021-05-17,CV,0,0,0,0,0,0,0,0,0,0,0,0,0,0,0,0,0,0,0,0,0,0,0,0,0,0,0,0,0,0,0,0,0,0,0,0,0,0,0,0,0,0,0,0,0,0,0,0,0,0,1151592.5,0,0,1086583.24,0,0,1086583.24,0,0,1283203.07,0,0,1086583.24,0,0,1132238,0,0,1151592.5,0,0,1151592.5,0,0,1086583.24,0,0,1086583.24,0,0,1151592.5,0,0,1151592.5,0,0,1151592.5,0,0,1151592.5,0,0,1086583.24,0,0,1086583.24,0,0,1151592.5,0,0,1308119.63,0,0,1086583.24,0,0,1086583.24,0,0,1151592.5,0,0,1086583.24,0,0,1132238,0,0,1086583.24,0,0,1086583.24,0,0,1086583.24,0,0,1086583.24,0,0,1086583.24,0,0,1086583.24,0,0,1086583.24,0,0,1151592.5,0,0,1086583.24,0,0,1086583.24,0,0,1151592.5,0,0,1151592.5,0,0,1086583.24,0,0,1086583.24,0,0,1086583.24,0,0,1086583.24,0,0,1086583.24,0,0,3641522.22,0,0,1086583.24,0,0,1086583.24,0,0,1086583.24,0,0,1151592.5,0,0,1151592.5,0,0,1224875.66,0,0,1086583.24
both_sexes,1,Pfizer,2021-04-12,CV,0,0,0,0,0,0,0,0,1,1,0,0,0,0,0,0,1,1,0,0,0,0,0,0,0,0,0,0,0,0,0,0,0,0,0,0,0,0,0,0,0,0,0,0,0,0,0,0,0,0,100101.28,0,0,100101.28,0,0,100624.59,0,0,107702.9,0,0,106595.19,0,0,107961.8,0,0,102150.36,0,0,108396.08,30462.89,771.25,169728.34,30462.89,771.25,169728.34,0,0,100624.59,0,0,100624.59,0,0,100624.59,0,0,100624.59,0,0,100101.28,0,0,100101.28,28031.47,709.7,156181.33,28053,710.24,156301.29,0,0,100101.28,0,0,100101.28,0,0,100101.28,0,0,100101.28,0,0,100101.28,0,0,100101.28,0,0,100101.28,0,0,100101.28,0,0,100624.59,0,0,100175.7,0,0,100175.7,0,0,102227.86,0,0,102227.86,0,0,100101.28,0,0,100101.28,0,0,100850.54,0,0,100850.54,0,0,100101.28,0,0,100101.28,0,0,100101.28,0,0,100101.28,0,0,100101.28,0,0,497182,0,0,100101.28,0,0,100624.59,0,0,100101.28,0,0,104365.86,0,0,100850.54,0,0,105180.58,0,0,100101.28
both_sexes,1,Pfizer,2021-04-19,CV,0,0,0,0,0,0,0,0,1,1,0,0,0,0,0,0,0,0,0,0,0,0,0,0,0,0,0,0,0,0,0,0,0,0,0,0,0,1,0,0,0,0,0,0,0,0,0,0,0,0,87377.64,0,0,87377.64,0,0,87776.11,0,0,95489.95,0,0,95018.56,0,0,96654.46,0,0,89288.48,0,0,95489.95,26758.24,677.46,149087.38,26758.24,677.46,149087.38,0,0,87661.89,0,0,87661.89,0,0,87661.89,0,0,87661.89,0,0,87377.64,0,0,87377.64,0,0,90976.58,0,0,91408.63,0,0,87377.64,0,0,87377.64,0,0,87377.64,0,0,87661.89,0,0,87661.89,0,0,87377.64,0,0,87377.64,0,0,87377.64,0,0,87776.11,0,0,87776.11,0,0,87776.11,0,0,88993.61,0,0,88993.61,0,0,87377.64,0,0,87377.64,0,0,88584.04,0,0,88584.04,0,0,87377.64,0,0,87377.64,0,0,87377.64,0,0,87377.64,0,0,87377.64,138352.27,3502.78,770849.53,0,0,87377.64,0,0,87776.11,0,0,87377.64,0,0,90976.58,0,0,88584.04,0,0,92285.15,0,0,87377.64
both_sexes,1,Pfizer,2021-04-26,CV,0,0,0,0,0,0,0,0,0,0,0,0,0,0,0,0,0,0,0,0,0,0,0,0,0,0,0,0,0,0,0,0,0,0,0,0,0,1,0,0,0,0,0,0,0,0,0,0,0,0,94618.2,0,0,94618.2,0,0,95018.56,0,0,102852.15,0,0,103088.23,0,0,106933.59,0,0,96654.46,0,0,104043.49,0,0,107103.59,0,0,107103.59,0,0,94618.2,0,0,94618.2,0,0,94618.2,0,0,94618.2,0,0,94618.2,0,0,94618.2,0,0,97776.72,0,0,98275.95,0,0,94618.2,0,0,94618.2,0,0,94618.2,0,0,95085.62,0,0,95085.62,0,0,94618.2,0,0,94618.2,0,0,94618.2,0,0,95018.56,0,0,95085.62,0,0,95085.62,0,0,96793.33,0,0,97282.54,0,0,94618.2,0,0,94618.2,0,0,95966.04,0,0,95966.04,0,0,94618.2,0,0,94618.2,0,0,94618.2,0,0,94618.2,0,0,94618.2,163058.04,4128.27,908501.23,0,0,94618.2,0,0,95018.56,0,0,94618.2,0,0,98925.35,0,0,95966.04,0,0,100399.64,0,0,94618.2
both_sexes,1,Pfizer,2021-05-03,CV,0,0,0,0,0,0,0,0,0,0,0,0,0,0,0,0,0,0,0,0,0,0,0,0,0,0,0,0,0,0,0,0,0,0,0,0,0,0,0,0,0,0,0,0,0,0,0,0,0,0,114086.64,0,0,114086.64,0,0,114086.64,0,0,121603.18,0,0,123838.53,0,0,129181.52,0,0,116654.82,0,0,124871.48,0,0,129305.49,0,0,129305.49,0,0,114377.18,0,0,114377.18,0,0,114377.18,0,0,114377.18,0,0,114086.64,0,0,114086.64,0,0,117982.77,0,0,118605.92,0,0,114086.64,0,0,114086.64,0,0,114086.64,0,0,114766.88,0,0,114766.88,0,0,114086.64,0,0,114086.64,0,0,114086.64,0,0,114086.64,0,0,114280.17,0,0,114280.17,0,0,116152,0,0,116857.17,0,0,114086.64,0,0,114086.64,0,0,114474.36,0,0,114474.36,0,0,114086.64,0,0,114086.64,0,0,114086.64,0,0,114086.64,0,0,114086.64,0,0,732262.62,0,0,114086.64,0,0,114086.64,0,0,114086.64,0,0,118815.1,0,0,114474.36,0,0,119235.68,0,0,114086.64
both_sexes,1,Pfizer,2021-05-10,CV,0,0,0,0,0,0,1,1,0,0,0,0,0,0,0,0,0,0,0,0,0,0,0,0,0,0,0,0,0,0,0,0,0,0,0,0,0,1,0,0,0,1,0,1,0,0,0,0,0,0,132224.06,0,0,132224.06,0,0,132224.06,0,0,139913.11,0,0,139046.77,0,0,145190,36931.24,935.02,205767.72,39443.84,998.63,219767.04,0,0,146931.65,0,0,146931.65,0,0,133138.66,0,0,133138.66,0,0,133138.66,0,0,133138.66,0,0,132224.06,0,0,132224.06,0,0,135822.91,0,0,135822.91,0,0,132224.06,0,0,132224.06,0,0,132224.06,0,0,133138.66,0,0,133138.66,0,0,132224.06,0,0,132224.06,0,0,132224.06,0,0,132224.06,0,0,132224.06,0,0,132224.06,0,0,134467.39,0,0,135413.39,0,0,132224.06,0,0,132224.06,0,0,132224.06,0,0,132224.06,0,0,132224.06,0,0,132224.06,0,0,132224.06,0,0,132224.06,0,0,132224.06,229716.98,5815.93,1279901.1,0,0,132224.06,0,0,132224.06,0,0,132224.06,37577.16,951.37,209366.54,0,0,132224.06,37577.16,951.37,209366.54,0,0,132224.06
both_sexes,2,AstraZeneca,2021-05-31,CV,0,0,0,0,0,0,0,0,0,0,0,0,0,0,0,0,0,0,0,0,0,0,0,0,0,0,0,0,0,0,0,0,0,0,0,0,0,0,0,0,0,0,0,0,0,0,0,0,0,0,67368161.03,0,0,67368161.03,0,0,67368161.03,0,0,67368161.03,0,0,67368161.03,0,0,67368161.03,0,0,67368161.03,0,0,134736322.06,0,0,67368161.03,0,0,67368161.03,0,0,67368161.03,0,0,67368161.03,0,0,67368161.03,0,0,67368161.03,0,0,67368161.03,0,0,67368161.03,0,0,67368161.03,0,0,67368161.03,0,0,67368161.03,0,0,67368161.03,0,0,67368161.03,0,0,67368161.03,0,0,67368161.03,0,0,67368161.03,0,0,67368161.03,0,0,67368161.03,0,0,67368161.03,0,0,67368161.03,0,0,67368161.03,0,0,67368161.03,0,0,67368161.03,0,0,67368161.03,0,0,67368161.03,0,0,67368161.03,0,0,67368161.03,0,0,67368161.03,0,0,67368161.03,0,0,67368161.03,0,0,67368161.03,0,0,67368161.03,0,0,67368161.03,0,0,67368161.03,0,0,67368161.03,0,0,67368161.03,0,0,67368161.03,0,0,67368161.03,0,0,67368161.03,0,0,67368161.03
both_sexes,2,AstraZeneca,2021-06-07,CV,0,0,0,0,0,0,0,0,0,0,0,0,0,0,0,0,0,0,0,0,0,0,0,0,0,0,0,0,0,0,0,0,0,0,0,0,0,0,0,0,0,0,0,0,0,0,0,0,0,0,4646080.07,0,0,4646080.07,0,0,4646080.07,0,0,4646080.07,0,0,4646080.07,0,0,4646080.07,0,0,4646080.07,0,0,6124378.28,0,0,4646080.07,0,0,4646080.07,0,0,4646080.07,0,0,4646080.07,0,0,4646080.07,0,0,4646080.07,0,0,4646080.07,0,0,4646080.07,0,0,4646080.07,0,0,4646080.07,0,0,4646080.07,0,0,4646080.07,0,0,4646080.07,0,0,4646080.07,0,0,4646080.07,0,0,4646080.07,0,0,4646080.07,0,0,4646080.07,0,0,4646080.07,0,0,4646080.07,0,0,4646080.07,0,0,4646080.07,0,0,4646080.07,0,0,4646080.07,0,0,4646080.07,0,0,4646080.07,0,0,4646080.07,0,0,4646080.07,0,0,4646080.07,0,0,4646080.07,0,0,4646080.07,0,0,4646080.07,0,0,7485351.23,0,0,4646080.07,0,0,4646080.07,0,0,4646080.07,0,0,4646080.07,0,0,4646080.07,0,0,4646080.07,0,0,4646080.07
both_sexes,2,AstraZeneca,2021-06-14,CV,0,0,0,0,0,0,0,0,0,0,0,0,0,0,0,0,0,0,0,0,0,0,0,0,0,0,0,0,0,0,0,0,0,0,0,0,0,0,0,0,0,0,0,0,0,0,0,0,0,0,1013055.05,0,0,1013055.05,0,0,1013055.05,0,0,1122802.68,0,0,1013055.05,0,0,1013055.05,0,0,1013055.05,0,0,1171620.19,0,0,1086583.24,0,0,1086583.24,0,0,1013055.05,0,0,1013055.05,0,0,1013055.05,0,0,1013055.05,0,0,1013055.05,0,0,1013055.05,0,0,1013055.05,0,0,1013055.05,0,0,1013055.05,0,0,1013055.05,0,0,1013055.05,0,0,1013055.05,0,0,1013055.05,0,0,1013055.05,0,0,1013055.05,0,0,1013055.05,0,0,1013055.05,0,0,1013055.05,0,0,1013055.05,0,0,1013055.05,0,0,1013055.05,0,0,1013055.05,0,0,1013055.05,0,0,1013055.05,0,0,1013055.05,0,0,1013055.05,0,0,1013055.05,0,0,1013055.05,0,0,1013055.05,0,0,1013055.05,0,0,2749720.86,0,0,1013055.05,0,0,1013055.05,0,0,1013055.05,0,0,1013055.05,0,0,1013055.05,0,0,1013055.05,0,0,1013055.05
both_sexes,2,AstraZeneca,2021-06-21,CV,0,0,0,0,0,0,0,0,0,0,0,0,0,0,0,0,0,0,0,0,0,0,0,0,0,0,0,0,0,0,0,0,0,0,0,0,0,0,0,0,0,0,0,0,0,0,0,0,0,0,453657.65,0,0,453657.65,0,0,453657.65,0,0,489950.26,0,0,453657.65,0,0,461425.76,0,0,463011.42,0,0,502747.47,0,0,488175.08,0,0,488175.08,0,0,453657.65,0,0,453657.65,0,0,453657.65,0,0,453657.65,0,0,453657.65,0,0,453657.65,0,0,453657.65,0,0,453657.65,0,0,453657.65,0,0,453657.65,0,0,453657.65,0,0,453657.65,0,0,453657.65,0,0,453657.65,0,0,453657.65,0,0,453657.65,0,0,453657.65,0,0,453657.65,0,0,453657.65,0,0,453657.65,0,0,453657.65,0,0,453657.65,0,0,453657.65,0,0,453657.65,0,0,453657.65,0,0,453657.65,0,0,453657.65,0,0,453657.65,0,0,453657.65,0,0,453657.65,0,0,1845703.04,0,0,453657.65,0,0,453657.65,0,0,453657.65,0,0,463011.42,0,0,453657.65,0,0,463011.42,0,0,453657.65
both_sexes,2,AstraZeneca,2021-06-28,CV,0,0,0,0,0,0,0,0,0,0,0,0,0,0,0,0,0,0,0,0,0,0,0,0,0,0,0,0,0,0,0,0,0,0,0,0,0,0,0,0,0,0,0,0,0,0,0,0,0,0,761222.16,0,0,761222.16,0,0,761222.16,0,0,816583.77,0,0,761222.16,0,0,774346.68,0,0,774346.68,0,0,831705.69,0,0,816583.77,0,0,816583.77,0,0,761222.16,0,0,761222.16,0,0,761222.16,0,0,761222.16,0,0,761222.16,0,0,761222.16,0,0,761222.16,0,0,761222.16,0,0,761222.16,0,0,761222.16,0,0,761222.16,0,0,761222.16,0,0,761222.16,0,0,761222.16,0,0,761222.16,0,0,761222.16,0,0,761222.16,0,0,761222.16,0,0,761222.16,0,0,761222.16,0,0,761222.16,0,0,761222.16,0,0,761222.16,0,0,761222.16,0,0,761222.16,0,0,761222.16,0,0,761222.16,0,0,761222.16,0,0,761222.16,0,0,761222.16,0,0,3742675.61,0,0,761222.16,0,0,761222.16,0,0,761222.16,0,0,774346.68,0,0,761222.16,0,0,774346.68,0,0,761222.16
both_sexes,2,Moderna,2021-04-12,CV,0,0,0,0,0,0,0,0,0,0,0,0,0,0,0,0,0,0,0,0,0,0,0,0,0,0,0,0,0,0,0,0,0,0,0,0,0,0,0,0,0,0,0,0,0,0,0,0,0,0,2323040.04,0,0,2641888.67,0,0,2323040.04,0,0,3208007.67,0,0,3062189.14,0,0,3062189.14,0,0,2323040.04,0,0,2323040.04,0,0,4491210.74,0,0,4491210.74,0,0,2323040.04,0,0,2323040.04,0,0,2323040.04,0,0,2323040.04,0,0,2323040.04,0,0,2323040.04,0,0,2641888.67,0,0,2641888.67,0,0,2323040.04,0,0,2323040.04,0,0,2323040.04,0,0,2323040.04,0,0,2323040.04,0,0,2323040.04,0,0,2323040.04,0,0,2323040.04,0,0,2323040.04,0,0,2323040.04,0,0,2323040.04,0,0,2323040.04,0,0,2323040.04,0,0,2323040.04,0,0,2323040.04,0,0,2323040.04,0,0,2323040.04,0,0,2323040.04,0,0,2323040.04,0,0,2323040.04,0,0,2323040.04,0,0,2323040.04,0,0,9624023,0,0,2323040.04,0,0,2323040.04,0,0,2323040.04,0,0,2323040.04,0,0,2323040.04,0,0,2323040.04,0,0,2323040.04
both_sexes,2,Moderna,2021-04-19,CV,0,0,0,0,0,0,0,0,0,0,0,0,0,0,0,0,0,0,0,0,0,0,0,0,0,0,0,0,0,0,0,0,0,0,0,0,0,0,0,0,0,0,0,0,0,0,0,0,0,0,1513891.26,0,0,1643125.88,0,0,1513891.26,0,0,2105255.03,0,0,1796484.29,0,0,1897694.68,0,0,1604003.83,0,0,1604003.83,0,0,2449751.31,0,0,2449751.31,0,0,1513891.26,0,0,1513891.26,0,0,1513891.26,0,0,1513891.26,0,0,1513891.26,0,0,1513891.26,0,0,1643125.88,0,0,1643125.88,0,0,1513891.26,0,0,1513891.26,0,0,1513891.26,0,0,1513891.26,0,0,1513891.26,0,0,1513891.26,0,0,1513891.26,0,0,1513891.26,0,0,1513891.26,0,0,1513891.26,0,0,1513891.26,0,0,1513891.26,0,0,1513891.26,0,0,1513891.26,0,0,1513891.26,0,0,1513891.26,0,0,1513891.26,0,0,1513891.26,0,0,1513891.26,0,0,1513891.26,0,0,1513891.26,0,0,1513891.26,0,0,7925666,0,0,1513891.26,0,0,1513891.26,0,0,1513891.26,0,0,1604003.83,0,0,1513891.26,0,0,1604003.83,0,0,1513891.26
both_sexes,2,Moderna,2021-04-26,CV,0,0,0,0,0,0,0,1,0,0,0,0,0,0,0,0,0,0,0,0,0,0,0,0,0,0,0,0,0,0,0,0,0,0,0,0,0,1,0,0,0,0,0,0,0,0,0,0,0,0,842102.01,0,0,880629.56,0,0,842102.01,0,0,1069335.89,0,0,1005494.94,0,0,1122802.68,0,0,962402.3,266605.84,6749.88,1485432.66,0,0,1141833.24,0,0,1141833.24,0,0,842102.01,0,0,842102.01,0,0,842102.01,0,0,842102.01,0,0,842102.01,0,0,842102.01,0,0,880629.56,0,0,880629.56,0,0,842102.01,0,0,842102.01,0,0,842102.01,0,0,842102.01,0,0,842102.01,0,0,842102.01,0,0,842102.01,0,0,842102.01,0,0,842102.01,0,0,842102.01,0,0,842102.01,0,0,842102.01,0,0,842102.01,0,0,842102.01,0,0,842102.01,0,0,842102.01,0,0,842102.01,0,0,842102.01,0,0,842102.01,0,0,842102.01,0,0,842102.01,0,0,842102.01,1461000,36989.32,8140170.99,0,0,842102.01,0,0,842102.01,0,0,842102.01,0,0,962402.3,0,0,842102.01,0,0,962402.3,0,0,842102.01
both_sexes,2,Moderna,2021-05-03,CV,0,0,0,0,0,0,0,0,0,0,0,0,0,0,0,0,0,0,0,0,0,0,0,0,0,0,0,0,0,0,0,0,0,0,0,0,0,0,0,0,0,0,0,0,0,0,0,0,0,0,663725.72,0,0,687430.21,0,0,663725.72,0,0,802001.92,0,0,774346.68,0,0,842102.01,0,0,740309.46,0,0,769921.84,0,0,836871.57,0,0,836871.57,0,0,663725.72,0,0,663725.72,0,0,663725.72,0,0,663725.72,0,0,663725.72,0,0,663725.72,0,0,687430.21,0,0,687430.21,0,0,663725.72,0,0,663725.72,0,0,663725.72,0,0,663725.72,0,0,663725.72,0,0,663725.72,0,0,663725.72,0,0,663725.72,0,0,663725.72,0,0,663725.72,0,0,663725.72,0,0,663725.72,0,0,663725.72,0,0,663725.72,0,0,663725.72,0,0,663725.72,0,0,663725.72,0,0,663725.72,0,0,663725.72,0,0,663725.72,0,0,663725.72,0,0,663725.72,0,0,3208007.67,0,0,663725.72,0,0,663725.72,0,0,663725.72,0,0,740309.46,0,0,663725.72,0,0,740309.46,0,0,663725.72
both_sexes,2,Moderna,2021-04-05,CV,0,0,0,0,0,0,0,0,0,0,0,0,0,0,0,0,0,0,0,0,0,0,0,0,0,0,0,0,0,0,0,0,0,0,0,0,0,0,0,0,0,0,0,0,0,0,0,0,0,0,4346332.97,0,0,5614013.42,0,0,4346332.97,0,0,5182166.23,0,0,7091385.37,0,0,7091385.37,0,0,4346332.97,0,0,4346332.97,0,0,7925666,0,0,7925666,0,0,4346332.97,0,0,4346332.97,0,0,4346332.97,0,0,4346332.97,0,0,4346332.97,0,0,4346332.97,0,0,5182166.23,0,0,5182166.23,0,0,4346332.97,0,0,4346332.97,0,0,4346332.97,0,0,4346332.97,0,0,4346332.97,0,0,4346332.97,0,0,4346332.97,0,0,4346332.97,0,0,4346332.97,0,0,4346332.97,0,0,4346332.97,0,0,4346332.97,0,0,4346332.97,0,0,4346332.97,0,0,4346332.97,0,0,4346332.97,0,0,4346332.97,0,0,4346332.97,0,0,4346332.97,0,0,4346332.97,0,0,4346332.97,0,0,4346332.97,0,0,13473632.21,0,0,4346332.97,0,0,4346332.97,0,0,4346332.97,0,0,4346332.97,0,0,4346332.97,0,0,4346332.97,0,0,4346332.97
both_sexes,1,AstraZeneca,2021-06-14,CV,0,0,0,0,0,0,0,1,0,0,0,0,0,0,0,0,0,0,0,0,0,0,0,0,0,0,0,0,0,0,0,0,0,0,0,0,0,0,0,0,0,0,0,0,0,0,0,0,0,0,206968.24,0,0,209217.89,0,0,206968.24,0,0,211849.56,0,0,209217.89,0,0,213867.18,0,0,209217.89,58911.29,1491.5,328232.7,0,0,215578.12,0,0,215578.12,0,0,206968.24,0,0,206968.24,0,0,206968.24,0,0,206968.24,0,0,206968.24,0,0,206968.24,0,0,206968.24,0,0,206968.24,0,0,206968.24,0,0,206968.24,0,0,206968.24,0,0,206968.24,0,0,206968.24,0,0,206968.24,0,0,206968.24,0,0,206968.24,0,0,206968.24,0,0,206968.24,0,0,206968.24,0,0,206968.24,0,0,206968.24,0,0,206968.24,0,0,206968.24,0,0,209217.89,0,0,209217.89,0,0,206968.24,0,0,206968.24,0,0,206968.24,0,0,206968.24,0,0,206968.24,0,0,1203002.88,0,0,206968.24,0,0,206968.24,0,0,206968.24,0,0,209217.89,0,0,209217.89,0,0,211516.99,0,0,206968.24
both_sexes,1,AstraZeneca,2021-06-21,CV,0,0,0,0,0,0,0,0,0,0,0,0,0,0,0,0,0,0,0,0,0,0,0,0,0,0,0,0,0,0,0,0,0,0,0,0,0,0,0,0,0,0,0,0,0,0,0,0,0,0,276665.96,0,0,280700.67,0,0,276665.96,0,0,280117.09,0,0,280700.67,0,0,286064.38,0,0,277235.23,0,0,292905.05,0,0,284854.8,0,0,284854.8,0,0,276665.96,0,0,276665.96,0,0,276665.96,0,0,276665.96,0,0,276665.96,0,0,276665.96,0,0,276665.96,0,0,276665.96,0,0,276665.96,0,0,276665.96,0,0,276665.96,0,0,276665.96,0,0,276665.96,0,0,276665.96,0,0,276665.96,0,0,276665.96,0,0,276665.96,0,0,276665.96,0,0,276665.96,0,0,276665.96,0,0,276665.96,0,0,276665.96,0,0,276665.96,0,0,280700.67,0,0,280700.67,0,0,276665.96,0,0,276665.96,0,0,276665.96,0,0,276665.96,0,0,276665.96,0,0,1531094.57,0,0,276665.96,0,0,276665.96,0,0,276665.96,0,0,277235.23,0,0,280700.67,0,0,281286.68,0,0,276665.96
both_sexes,1,AstraZeneca,2021-06-28,CV,0,0,0,0,0,0,0,0,0,0,0,0,0,0,0,0,0,0,0,0,0,0,0,0,0,0,0,0,0,0,0,0,0,0,0,0,0,0,0,0,0,0,0,0,0,0,0,0,0,0,869266.59,0,0,886423.17,0,0,869266.59,0,0,869266.59,0,0,886423.17,0,0,904270.62,0,0,869266.59,0,0,916573.62,0,0,886423.17,0,0,886423.17,0,0,869266.59,0,0,869266.59,0,0,869266.59,0,0,869266.59,0,0,869266.59,0,0,869266.59,0,0,869266.59,0,0,869266.59,0,0,869266.59,0,0,869266.59,0,0,869266.59,0,0,869266.59,0,0,869266.59,0,0,869266.59,0,0,869266.59,0,0,869266.59,0,0,869266.59,0,0,869266.59,0,0,869266.59,0,0,869266.59,0,0,869266.59,0,0,869266.59,0,0,869266.59,0,0,880629.56,0,0,880629.56,0,0,869266.59,0,0,869266.59,0,0,869266.59,0,0,869266.59,0,0,869266.59,0,0,4346332.97,0,0,869266.59,0,0,869266.59,0,0,869266.59,0,0,869266.59,0,0,880629.56,0,0,880629.56,0,0,869266.59
both_sexes,1,Pfizer,2021-01-04,CV,0,0,0,0,0,0,0,0,0,0,0,0,0,0,0,0,0,0,0,0,0,0,0,0,0,0,0,0,0,0,0,0,0,0,0,0,0,0,0,0,0,0,0,0,0,0,0,0,0,0,3286251.76,0,0,3286251.76,0,0,3286251.76,0,0,3849609.2,0,0,3286251.76,0,0,4210510.06,0,0,3368408.05,0,0,3368408.05,0,0,3286251.76,0,0,3286251.76,0,0,3286251.76,0,0,3286251.76,0,0,3286251.76,0,0,3286251.76,0,0,3286251.76,0,0,3286251.76,0,0,3368408.05,0,0,3368408.05,0,0,3286251.76,0,0,3286251.76,0,0,3286251.76,0,0,3286251.76,0,0,3286251.76,0,0,3286251.76,0,0,3286251.76,0,0,3286251.76,0,0,3286251.76,0,0,3286251.76,0,0,3286251.76,0,0,3286251.76,0,0,3286251.76,0,0,3286251.76,0,0,3286251.76,0,0,3286251.76,0,0,3286251.76,0,0,3286251.76,0,0,3286251.76,0,0,3286251.76,0,0,3286251.76,0,0,3286251.76,0,0,11228026.84,0,0,3286251.76,0,0,3286251.76,0,0,3286251.76,0,0,3368408.05,0,0,3286251.76,0,0,3368408.05,0,0,3286251.76
both_sexes,1,Pfizer,2021-01-11,CV,0,0,0,0,0,0,0,0,0,0,0,0,0,0,0,0,0,0,0,0,0,0,0,0,0,0,0,0,0,0,0,0,0,0,0,0,0,0,0,0,0,0,0,0,0,0,0,0,0,0,1213840.74,0,0,1213840.74,0,0,1213840.74,0,0,1389034.25,0,0,1213840.74,0,0,1389034.25,0,0,1295541.56,0,0,1308119.63,0,0,1308119.63,0,0,1308119.63,0,0,1213840.74,0,0,1213840.74,0,0,1213840.74,0,0,1213840.74,0,0,1213840.74,0,0,1213840.74,0,0,1295541.56,0,0,1295541.56,0,0,1213840.74,0,0,1213840.74,0,0,1213840.74,0,0,1213840.74,0,0,1213840.74,0,0,1213840.74,0,0,1213840.74,0,0,1213840.74,0,0,1213840.74,0,0,1213840.74,0,0,1213840.74,0,0,1213840.74,0,0,1213840.74,0,0,1213840.74,0,0,1213840.74,0,0,1213840.74,0,0,1213840.74,0,0,1213840.74,0,0,1213840.74,0,0,1213840.74,0,0,1213840.74,0,0,1213840.74,0,0,4210510.06,0,0,1213840.74,0,0,1213840.74,0,0,1213840.74,0,0,1295541.56,0,0,1213840.74,0,0,1295541.56,0,0,1213840.74
both_sexes,1,Pfizer,2021-01-18,CV,0,0,0,0,0,0,0,0,0,0,0,0,0,0,0,0,0,0,0,0,0,0,0,0,0,0,0,0,0,0,0,0,0,0,0,0,0,0,0,0,0,0,0,0,0,0,0,0,0,0,990708.25,0,0,990708.25,0,0,990708.25,0,0,1104396.08,0,0,990708.25,0,0,1104396.08,0,0,1044467.61,0,0,1104396.08,0,0,1104396.08,0,0,1104396.08,0,0,990708.25,0,0,990708.25,0,0,990708.25,0,0,990708.25,0,0,990708.25,0,0,990708.25,0,0,1044467.61,0,0,1044467.61,0,0,990708.25,0,0,990708.25,0,0,990708.25,0,0,990708.25,0,0,990708.25,0,0,990708.25,0,0,990708.25,0,0,990708.25,0,0,990708.25,0,0,990708.25,0,0,990708.25,0,0,990708.25,0,0,990708.25,0,0,990708.25,0,0,990708.25,0,0,990708.25,0,0,990708.25,0,0,990708.25,0,0,990708.25,0,0,990708.25,0,0,990708.25,0,0,990708.25,0,0,3286251.76,0,0,990708.25,0,0,990708.25,0,0,990708.25,0,0,1044467.61,0,0,990708.25,0,0,1044467.61,0,0,990708.25
both_sexes,1,Pfizer,2021-01-25,CV,0,0,0,0,0,0,0,0,0,0,0,0,0,0,0,0,0,0,0,0,0,0,0,0,0,0,0,0,0,0,0,0,0,0,0,0,0,0,0,0,0,0,0,0,0,0,0,0,0,0,1320944.33,0,0,1320944.33,0,0,1320944.33,0,0,1464525.24,0,0,1320944.33,0,0,1374860.43,0,0,1418277.07,0,0,1531094.57,0,0,1531094.57,0,0,1531094.57,0,0,1320944.33,0,0,1320944.33,0,0,1320944.33,0,0,1320944.33,0,0,1320944.33,0,0,1320944.33,0,0,1418277.07,0,0,1418277.07,0,0,1320944.33,0,0,1320944.33,0,0,1320944.33,0,0,1320944.33,0,0,1320944.33,0,0,1320944.33,0,0,1320944.33,0,0,1320944.33,0,0,1320944.33,0,0,1320944.33,0,0,1320944.33,0,0,1320944.33,0,0,1320944.33,0,0,1320944.33,0,0,1320944.33,0,0,1320944.33,0,0,1320944.33,0,0,1320944.33,0,0,1320944.33,0,0,1320944.33,0,0,1320944.33,0,0,1320944.33,0,0,3545692.69,0,0,1320944.33,0,0,1320944.33,0,0,1320944.33,0,0,1418277.07,0,0,1320944.33,0,0,1418277.07,0,0,1320944.33
both_sexes,2,Pfizer,2021-01-25,CV,0,0,0,0,0,0,0,0,0,0,0,0,0,0,0,0,0,0,0,0,0,0,0,0,0,0,0,0,0,0,0,0,0,0,0,0,0,0,0,0,0,0,0,0,0,0,0,0,0,0,4346332.97,0,0,4346332.97,0,0,4346332.97,0,0,4990234.15,0,0,4346332.97,0,0,6416015.34,0,0,4346332.97,0,0,4346332.97,0,0,4346332.97,0,0,4346332.97,0,0,4346332.97,0,0,4346332.97,0,0,4346332.97,0,0,4346332.97,0,0,4346332.97,0,0,4346332.97,0,0,4346332.97,0,0,4346332.97,0,0,4346332.97,0,0,4346332.97,0,0,4346332.97,0,0,4346332.97,0,0,4346332.97,0,0,4346332.97,0,0,4346332.97,0,0,4346332.97,0,0,4346332.97,0,0,4346332.97,0,0,4346332.97,0,0,4346332.97,0,0,4346332.97,0,0,4346332.97,0,0,4346332.97,0,0,4346332.97,0,0,4346332.97,0,0,4346332.97,0,0,4346332.97,0,0,4346332.97,0,0,4346332.97,0,0,4346332.97,0,0,33684080.52,0,0,4346332.97,0,0,4346332.97,0,0,4346332.97,0,0,4346332.97,0,0,4346332.97,0,0,4346332.97,0,0,4346332.97
both_sexes,2,Pfizer,2021-02-01,CV,0,0,0,0,0,0,0,0,0,0,0,0,0,0,0,0,0,0,0,0,0,0,0,0,0,0,0,0,0,0,0,0,0,0,0,0,0,0,0,0,0,0,0,0,0,0,0,0,0,0,1749822.36,0,0,1749822.36,0,0,1749822.36,0,0,2010989.88,0,0,1749822.36,0,0,2138671.78,0,0,1820761.11,0,0,1820761.11,0,0,1749822.36,0,0,1749822.36,0,0,1749822.36,0,0,1749822.36,0,0,1749822.36,0,0,1749822.36,0,0,1749822.36,0,0,1749822.36,0,0,1820761.11,0,0,1820761.11,0,0,1749822.36,0,0,1749822.36,0,0,1749822.36,0,0,1749822.36,0,0,1749822.36,0,0,1749822.36,0,0,1749822.36,0,0,1749822.36,0,0,1749822.36,0,0,1749822.36,0,0,1749822.36,0,0,1749822.36,0,0,1749822.36,0,0,1749822.36,0,0,1749822.36,0,0,1749822.36,0,0,1749822.36,0,0,1749822.36,0,0,1749822.36,0,0,1749822.36,0,0,1749822.36,0,0,1749822.36,0,0,6124378.28,0,0,1749822.36,0,0,1749822.36,0,0,1749822.36,0,0,1820761.11,0,0,1749822.36,0,0,1820761.11,0,0,1749822.36
both_sexes,2,Pfizer,2021-02-08,CV,0,0,0,0,0,0,0,0,0,0,0,0,0,0,0,0,0,0,0,0,0,0,0,0,0,0,0,0,0,0,0,0,0,0,0,0,0,0,0,0,0,0,0,0,0,0,0,0,0,0,1203002.88,0,0,1203002.88,0,0,1203002.88,0,0,1374860.43,0,0,1203002.88,0,0,1374860.43,0,0,1283203.07,0,0,1283203.07,0,0,1203002.88,0,0,1203002.88,0,0,1203002.88,0,0,1203002.88,0,0,1203002.88,0,0,1203002.88,0,0,1203002.88,0,0,1203002.88,0,0,1283203.07,0,0,1283203.07,0,0,1203002.88,0,0,1203002.88,0,0,1203002.88,0,0,1203002.88,0,0,1203002.88,0,0,1203002.88,0,0,1203002.88,0,0,1203002.88,0,0,1203002.88,0,0,1203002.88,0,0,1203002.88,0,0,1203002.88,0,0,1203002.88,0,0,1203002.88,0,0,1203002.88,0,0,1203002.88,0,0,1203002.88,0,0,1203002.88,0,0,1203002.88,0,0,1203002.88,0,0,1203002.88,0,0,1203002.88,0,0,3849609.2,0,0,1203002.88,0,0,1203002.88,0,0,1203002.88,0,0,1283203.07,0,0,1203002.88,0,0,1283203.07,0,0,1203002.88
both_sexes,2,Pfizer,2021-02-15,CV,0,0,0,0,0,0,0,0,0,0,0,0,0,0,0,0,0,0,0,0,0,0,0,0,0,0,0,0,0,0,0,0,0,0,0,0,0,0,0,0,0,0,0,0,0,0,0,0,0,0,1203002.88,0,0,1203002.88,0,0,1203002.88,0,0,1374860.43,0,0,1203002.88,0,0,1374860.43,0,0,1283203.07,0,0,1283203.07,0,0,1203002.88,0,0,1203002.88,0,0,1203002.88,0,0,1203002.88,0,0,1203002.88,0,0,1203002.88,0,0,1203002.88,0,0,1203002.88,0,0,1283203.07,0,0,1283203.07,0,0,1203002.88,0,0,1203002.88,0,0,1203002.88,0,0,1203002.88,0,0,1203002.88,0,0,1203002.88,0,0,1203002.88,0,0,1203002.88,0,0,1203002.88,0,0,1203002.88,0,0,1203002.88,0,0,1203002.88,0,0,1203002.88,0,0,1203002.88,0,0,1203002.88,0,0,1203002.88,0,0,1203002.88,0,0,1203002.88,0,0,1203002.88,0,0,1203002.88,0,0,1203002.88,0,0,1203002.88,0,0,3849609.2,0,0,1203002.88,0,0,1203002.88,0,0,1203002.88,0,0,1283203.07,0,0,1203002.88,0,0,1283203.07,0,0,1203002.88
both_sexes,2,Pfizer,2021-02-22,CV,0,0,0,0,0,0,0,0,0,0,0,0,0,0,0,0,0,0,0,0,0,0,0,0,0,0,0,0,0,0,0,0,0,0,0,0,0,0,0,0,0,0,0,0,0,0,0,0,0,0,1203002.88,0,0,1203002.88,0,0,1203002.88,0,0,1374860.43,0,0,1203002.88,0,0,1374860.43,0,0,1283203.07,0,0,1283203.07,0,0,1203002.88,0,0,1203002.88,0,0,1203002.88,0,0,1203002.88,0,0,1203002.88,0,0,1203002.88,0,0,1203002.88,0,0,1203002.88,0,0,1283203.07,0,0,1283203.07,0,0,1203002.88,0,0,1203002.88,0,0,1203002.88,0,0,1203002.88,0,0,1203002.88,0,0,1203002.88,0,0,1203002.88,0,0,1203002.88,0,0,1203002.88,0,0,1203002.88,0,0,1203002.88,0,0,1203002.88,0,0,1203002.88,0,0,1203002.88,0,0,1203002.88,0,0,1203002.88,0,0,1203002.88,0,0,1203002.88,0,0,1203002.88,0,0,1203002.88,0,0,1203002.88,0,0,1203002.88,0,0,3849609.2,0,0,1203002.88,0,0,1203002.88,0,0,1203002.88,0,0,1283203.07,0,0,1203002.88,0,0,1283203.07,0,0,1203002.88
both_sexes,2,Pfizer,2021-03-01,CV,0,0,0,0,0,0,0,0,0,0,0,0,0,0,0,0,0,0,0,0,0,0,0,0,0,0,0,0,0,0,0,0,0,0,0,0,0,1,0,0,0,0,0,0,0,0,0,0,0,0,1104396.08,0,0,1104396.08,0,0,1104396.08,0,0,1247558.54,0,0,1104396.08,0,0,1247558.54,0,0,1171620.19,0,0,1171620.19,0,0,1104396.08,0,0,1104396.08,0,0,1104396.08,0,0,1104396.08,0,0,1104396.08,0,0,1104396.08,0,0,1104396.08,0,0,1104396.08,0,0,1171620.19,0,0,1171620.19,0,0,1104396.08,0,0,1104396.08,0,0,1104396.08,0,0,1104396.08,0,0,1104396.08,0,0,1104396.08,0,0,1104396.08,0,0,1104396.08,0,0,1104396.08,0,0,1104396.08,0,0,1104396.08,0,0,1104396.08,0,0,1104396.08,0,0,1104396.08,0,0,1104396.08,0,0,1104396.08,0,0,1104396.08,0,0,1104396.08,0,0,1104396.08,0,0,1104396.08,0,0,1104396.08,0,0,1104396.08,987162.16,24992.78,5500115.54,0,0,1104396.08,0,0,1104396.08,0,0,1104396.08,0,0,1171620.19,0,0,1104396.08,0,0,1171620.19,0,0,1104396.08
both_sexes,2,Pfizer,2021-03-08,CV,0,0,0,0,0,0,0,0,0,0,0,0,0,0,0,0,0,0,0,0,0,0,0,0,0,0,0,0,0,0,0,0,0,0,0,0,0,0,0,0,0,0,0,0,0,0,0,0,0,0,990708.25,0,0,990708.25,0,0,990708.25,0,0,1104396.08,0,0,990708.25,0,0,1161520.02,0,0,1095417.25,0,0,1132238,0,0,1020729.71,0,0,1020729.71,0,0,990708.25,0,0,990708.25,0,0,990708.25,0,0,990708.25,0,0,990708.25,0,0,990708.25,0,0,1044467.61,0,0,1044467.61,0,0,990708.25,0,0,990708.25,0,0,990708.25,0,0,990708.25,0,0,990708.25,0,0,990708.25,0,0,990708.25,0,0,990708.25,0,0,990708.25,0,0,990708.25,0,0,990708.25,0,0,990708.25,0,0,990708.25,0,0,990708.25,0,0,990708.25,0,0,990708.25,0,0,990708.25,0,0,990708.25,0,0,990708.25,0,0,990708.25,0,0,990708.25,0,0,990708.25,0,0,3849609.2,0,0,990708.25,0,0,990708.25,0,0,990708.25,0,0,1095417.25,0,0,990708.25,0,0,1095417.25,0,0,990708.25
both_sexes,1,J&J,2021-04-26,CV,0,0,0,0,0,0,0,0,0,0,0,0,0,0,0,0,0,0,0,0,0,0,0,0,0,0,0,0,0,0,0,0,0,0,0,0,0,0,0,0,0,0,0,0,0,0,0,0,0,0,4346332.97,0,0,4346332.97,0,0,4346332.97,0,0,4346332.97,0,0,4346332.97,0,0,4346332.97,0,0,4346332.97,0,0,4346332.97,0,0,4346332.97,0,0,4346332.97,0,0,4346332.97,0,0,4346332.97,0,0,4346332.97,0,0,4346332.97,0,0,4346332.97,0,0,4346332.97,0,0,4346332.97,0,0,4346332.97,0,0,4346332.97,0,0,4346332.97,0,0,4346332.97,0,0,4346332.97,0,0,4346332.97,0,0,4346332.97,0,0,4346332.97,0,0,4346332.97,0,0,4346332.97,0,0,4346332.97,0,0,4346332.97,0,0,4346332.97,0,0,4346332.97,0,0,4346332.97,0,0,4346332.97,0,0,4346332.97,0,0,4346332.97,0,0,4346332.97,0,0,4346332.97,0,0,4346332.97,0,0,4346332.97,0,0,4346332.97,0,0,14970702.45,0,0,4346332.97,0,0,4346332.97,0,0,4346332.97,0,0,4346332.97,0,0,4346332.97,0,0,4346332.97,0,0,4346332.97
both_sexes,1,J&J,2021-05-03,CV,0,0,0,0,0,0,0,0,0,0,0,0,0,0,0,0,0,0,0,0,0,0,0,0,0,0,0,0,0,0,0,0,0,0,0,0,0,0,0,0,0,0,0,0,0,0,0,0,0,0,3208007.67,0,0,3208007.67,0,0,3208007.67,0,0,3208007.67,0,0,3208007.67,0,0,3208007.67,0,0,3208007.67,0,0,3208007.67,0,0,3208007.67,0,0,3208007.67,0,0,3208007.67,0,0,3208007.67,0,0,3208007.67,0,0,3208007.67,0,0,3208007.67,0,0,3208007.67,0,0,3208007.67,0,0,3208007.67,0,0,3208007.67,0,0,3208007.67,0,0,3208007.67,0,0,3208007.67,0,0,3208007.67,0,0,3208007.67,0,0,3208007.67,0,0,3208007.67,0,0,3208007.67,0,0,3208007.67,0,0,3208007.67,0,0,3208007.67,0,0,3208007.67,0,0,3208007.67,0,0,3208007.67,0,0,3208007.67,0,0,3208007.67,0,0,3208007.67,0,0,3208007.67,0,0,3208007.67,0,0,3208007.67,0,0,3208007.67,0,0,9624023,0,0,3208007.67,0,0,3208007.67,0,0,3208007.67,0,0,3208007.67,0,0,3208007.67,0,0,3208007.67,0,0,3208007.67
both_sexes,1,J&J,2021-05-10,CV,0,0,0,0,0,0,0,0,0,0,0,0,0,0,0,0,0,0,0,0,0,0,0,0,0,0,0,0,0,0,0,0,0,0,0,0,0,0,0,0,0,0,0,0,0,0,0,0,0,0,3208007.67,0,0,3208007.67,0,0,3208007.67,0,0,3208007.67,0,0,3208007.67,0,0,3208007.67,0,0,3208007.67,0,0,3208007.67,0,0,3208007.67,0,0,3208007.67,0,0,3208007.67,0,0,3208007.67,0,0,3208007.67,0,0,3208007.67,0,0,3208007.67,0,0,3208007.67,0,0,3208007.67,0,0,3208007.67,0,0,3208007.67,0,0,3208007.67,0,0,3208007.67,0,0,3208007.67,0,0,3208007.67,0,0,3208007.67,0,0,3208007.67,0,0,3208007.67,0,0,3208007.67,0,0,3208007.67,0,0,3208007.67,0,0,3208007.67,0,0,3208007.67,0,0,3208007.67,0,0,3208007.67,0,0,3208007.67,0,0,3208007.67,0,0,3208007.67,0,0,3208007.67,0,0,3208007.67,0,0,3208007.67,0,0,3208007.67,0,0,9624023,0,0,3208007.67,0,0,3208007.67,0,0,3208007.67,0,0,3208007.67,0,0,3208007.67,0,0,3208007.67,0,0,3208007.67
both_sexes,1,J&J,2021-05-17,CV,0,0,0,0,0,0,0,0,0,0,0,0,0,0,0,0,0,0,0,0,0,0,0,0,0,0,0,0,0,0,0,0,0,0,0,0,0,0,0,0,0,0,0,0,0,0,0,0,0,0,3208007.67,0,0,3208007.67,0,0,3208007.67,0,0,3208007.67,0,0,3208007.67,0,0,3208007.67,0,0,3208007.67,0,0,3208007.67,0,0,3208007.67,0,0,3208007.67,0,0,3208007.67,0,0,3208007.67,0,0,3208007.67,0,0,3208007.67,0,0,3208007.67,0,0,3208007.67,0,0,3208007.67,0,0,3208007.67,0,0,3208007.67,0,0,3208007.67,0,0,3208007.67,0,0,3208007.67,0,0,3208007.67,0,0,3208007.67,0,0,3208007.67,0,0,3208007.67,0,0,3208007.67,0,0,3208007.67,0,0,3208007.67,0,0,3208007.67,0,0,3208007.67,0,0,3208007.67,0,0,3208007.67,0,0,3208007.67,0,0,3208007.67,0,0,3208007.67,0,0,3208007.67,0,0,3208007.67,0,0,3208007.67,0,0,3208007.67,0,0,9624023,0,0,3208007.67,0,0,3208007.67,0,0,3208007.67,0,0,3208007.67,0,0,3208007.67,0,0,3208007.67,0,0,3208007.67
both_sexes,1,Pfizer,2021-02-01,CV,0,0,0,0,0,0,0,0,0,0,0,0,0,0,0,0,0,0,0,0,0,0,0,0,0,0,0,0,0,0,0,0,0,0,0,0,0,0,0,0,0,0,0,0,0,0,0,0,0,0,2283666.48,0,0,2283666.48,0,0,2283666.48,0,0,2591083.12,0,0,2283666.48,0,0,2406005.75,0,0,2449751.31,0,0,2807006.71,0,0,3208007.67,0,0,3208007.67,0,0,2283666.48,0,0,2283666.48,0,0,2283666.48,0,0,2283666.48,0,0,2283666.48,0,0,2283666.48,0,0,2449751.31,0,0,2449751.31,0,0,2283666.48,0,0,2283666.48,0,0,2283666.48,0,0,2283666.48,0,0,2283666.48,0,0,2283666.48,0,0,2283666.48,0,0,2283666.48,0,0,2283666.48,0,0,2283666.48,0,0,2283666.48,0,0,2406005.75,0,0,2406005.75,0,0,2283666.48,0,0,2283666.48,0,0,2283666.48,0,0,2283666.48,0,0,2283666.48,0,0,2283666.48,0,0,2283666.48,0,0,2283666.48,0,0,2283666.48,0,0,6736816.1,0,0,2283666.48,0,0,2283666.48,0,0,2283666.48,0,0,2591083.12,0,0,2283666.48,0,0,2591083.12,0,0,2283666.48
both_sexes,1,Pfizer,2021-03-22,CV,0,0,0,0,0,0,1,1,0,0,0,0,0,0,0,0,0,0,0,0,0,0,0,0,0,0,0,0,0,0,0,0,0,0,0,0,0,1,0,0,0,1,0,1,0,0,0,0,0,0,199019.68,0,0,199019.68,0,0,199019.68,0,0,209543.27,0,0,211516.99,0,0,218727.8,55090.5,1394.77,306944.61,58440,1479.57,325606.84,0,0,220517.71,0,0,220517.71,0,0,199019.68,0,0,199019.68,0,0,199019.68,0,0,199019.68,0,0,199019.68,0,0,199019.68,0,0,203222.21,0,0,205390.73,0,0,199019.68,0,0,199019.68,0,0,199019.68,0,0,199019.68,0,0,199019.68,0,0,199019.68,0,0,199019.68,0,0,199019.68,0,0,199019.68,0,0,199019.68,0,0,199019.68,0,0,201098.99,0,0,201098.99,0,0,199019.68,0,0,199019.68,0,0,201098.99,0,0,201098.99,0,0,199019.68,0,0,199019.68,0,0,199019.68,0,0,199019.68,0,0,199019.68,221363.64,5604.44,1233359.24,0,0,199019.68,0,0,199019.68,0,0,199019.68,55678.35,1409.65,310219.93,0,0,201098.99,56278.89,1424.86,313565.91,0,0,199019.68
both_sexes,1,Pfizer,2021-03-29,CV,0,0,0,0,0,0,0,0,0,0,0,0,0,0,0,0,0,0,0,0,0,0,0,0,0,0,0,0,0,0,0,0,0,0,0,0,0,1,0,0,0,0,0,0,0,0,0,0,0,0,190037.13,0,0,190037.13,0,0,190037.13,0,0,197850.69,0,0,201098.99,0,0,205078.12,0,0,195270.03,0,0,208893.52,0,0,218019.94,0,0,218019.94,0,0,191115.35,0,0,191115.35,0,0,191115.35,0,0,191115.35,0,0,190037.13,0,0,190037.13,0,0,193586.67,0,0,194144.56,0,0,190037.13,0,0,190037.13,0,0,190037.13,0,0,190037.13,0,0,190037.13,0,0,190037.13,0,0,190037.13,0,0,190037.13,0,0,190037.13,0,0,190037.13,0,0,190037.13,0,0,192205.88,0,0,192205.88,0,0,190037.13,0,0,190037.13,0,0,190844.65,0,0,190844.65,0,0,190037.13,0,0,190037.13,0,0,190037.13,0,0,190037.13,0,0,190037.13,225462.96,5708.23,1256199.23,0,0,190037.13,0,0,190037.13,0,0,190037.13,0,0,197560.59,0,0,190844.65,0,0,198433.46,0,0,190037.13
both_sexes,1,Pfizer,2021-04-05,CV,0,0,0,0,0,0,0,0,0,0,0,0,0,0,0,0,0,0,0,0,0,0,0,0,0,0,0,0,0,0,0,0,0,0,0,0,0,1,0,0,0,0,0,0,0,0,0,0,0,0,144103.02,0,0,144103.02,0,0,144411.92,0,0,152762.27,0,0,150543.38,0,0,152072.6,0,0,145976.51,0,0,154869.34,0,0,163316.75,0,0,163316.75,0,0,145190,0,0,145190,0,0,145190,0,0,145190,0,0,144103.02,0,0,144103.02,0,0,148715.59,0,0,148715.59,0,0,144103.02,0,0,144103.02,0,0,144103.02,0,0,144103.02,0,0,144103.02,0,0,144103.02,0,0,144103.02,0,0,144103.02,0,0,144411.92,0,0,144103.02,0,0,144103.02,0,0,147575.38,0,0,147575.38,0,0,144103.02,0,0,144103.02,0,0,144411.92,0,0,144411.92,0,0,144103.02,0,0,144103.02,0,0,144103.02,0,0,144103.02,0,0,144103.02,205196.63,5195.13,1143282.44,0,0,144103.02,0,0,144411.92,0,0,144103.02,0,0,149540.87,0,0,144411.92,0,0,149873.55,0,0,144103.02
both_sexes,1,Pfizer,2021-02-22,CV,0,0,0,0,0,0,0,0,0,0,0,0,0,0,0,0,0,0,0,0,0,0,0,0,0,0,0,0,0,0,0,0,0,0,0,0,0,0,0,0,0,0,0,0,0,0,0,0,0,0,1796484.29,0,0,1796484.29,0,0,1796484.29,0,0,2010989.88,0,0,1796484.29,0,0,2208792.16,0,0,1981416.5,0,0,2363795.12,0,0,2542194.76,0,0,2542194.76,0,0,1796484.29,0,0,1796484.29,0,0,1796484.29,0,0,1796484.29,0,0,1796484.29,0,0,1796484.29,0,0,1796484.29,0,0,1796484.29,0,0,1796484.29,0,0,1796484.29,0,0,1796484.29,0,0,1796484.29,0,0,1796484.29,0,0,1796484.29,0,0,1796484.29,0,0,1796484.29,0,0,1871337.81,0,0,1796484.29,0,0,1796484.29,0,0,1981416.5,0,0,2072866.49,0,0,1796484.29,0,0,1796484.29,0,0,1796484.29,0,0,1796484.29,0,0,1796484.29,0,0,1796484.29,0,0,1796484.29,0,0,1796484.29,0,0,1796484.29,0,0,6416015.34,0,0,1796484.29,0,0,1871337.81,0,0,1796484.29,0,0,2208792.16,0,0,1796484.29,0,0,2208792.16,0,0,1796484.29
both_sexes,1,Pfizer,2021-02-08,CV,0,0,0,0,0,0,0,0,0,0,0,0,0,0,0,0,0,0,0,0,0,0,0,0,0,0,0,0,0,0,0,0,0,0,0,0,0,0,0,0,0,0,0,0,0,0,0,0,0,0,3742675.61,0,0,3742675.61,0,0,3742675.61,0,0,4646080.07,0,0,3742675.61,0,0,4812011.5,0,0,3849609.2,0,0,4812011.5,0,0,8982421.47,0,0,8982421.47,0,0,3742675.61,0,0,3742675.61,0,0,3742675.61,0,0,3742675.61,0,0,3742675.61,0,0,3742675.61,0,0,3742675.61,0,0,3742675.61,0,0,3742675.61,0,0,3742675.61,0,0,3742675.61,0,0,3742675.61,0,0,3742675.61,0,0,3742675.61,0,0,3742675.61,0,0,3742675.61,0,0,3742675.61,0,0,3742675.61,0,0,3742675.61,0,0,4646080.07,0,0,4646080.07,0,0,3742675.61,0,0,3742675.61,0,0,3742675.61,0,0,3742675.61,0,0,3742675.61,0,0,3742675.61,0,0,3742675.61,0,0,3742675.61,0,0,3742675.61,0,0,11228026.84,0,0,3742675.61,0,0,3742675.61,0,0,3742675.61,0,0,4812011.5,0,0,3742675.61,0,0,4812011.5,0,0,3742675.61
both_sexes,1,Pfizer,2021-02-15,CV,0,0,0,0,0,0,0,0,0,0,0,0,0,0,0,0,0,0,0,0,0,0,0,0,0,0,0,0,0,0,0,0,0,0,0,0,0,0,0,0,0,0,0,0,0,0,0,0,0,0,2749720.86,0,0,2749720.86,0,0,2749720.86,0,0,3208007.67,0,0,2749720.86,0,0,3849609.2,0,0,3208007.67,0,0,3849609.2,0,0,4812011.5,0,0,4812011.5,0,0,2749720.86,0,0,2749720.86,0,0,2749720.86,0,0,2749720.86,0,0,2749720.86,0,0,2749720.86,0,0,2749720.86,0,0,2749720.86,0,0,2749720.86,0,0,2749720.86,0,0,2749720.86,0,0,2749720.86,0,0,2749720.86,0,0,2749720.86,0,0,2749720.86,0,0,2749720.86,0,0,2749720.86,0,0,2749720.86,0,0,2749720.86,0,0,3208007.67,0,0,3208007.67,0,0,2749720.86,0,0,2749720.86,0,0,2749720.86,0,0,2749720.86,0,0,2749720.86,0,0,2749720.86,0,0,2749720.86,0,0,2749720.86,0,0,2749720.86,0,0,9624023,0,0,2749720.86,0,0,2749720.86,0,0,2749720.86,0,0,3849609.2,0,0,2749720.86,0,0,3849609.2,0,0,2749720.86
both_sexes,1,Moderna,2021-02-22,CV,0,0,0,0,0,0,0,0,0,0,0,0,0,0,0,0,0,0,0,0,0,0,0,0,0,0,0,0,0,0,0,0,0,0,0,0,0,0,0,0,0,0,0,0,0,0,0,0,0,0,22456053.68,0,0,22456053.68,0,0,22456053.68,0,0,22456053.68,0,0,22456053.68,0,0,22456053.68,0,0,22456053.68,0,0,22456053.68,,,0,,,0,0,0,22456053.68,0,0,22456053.68,0,0,22456053.68,0,0,22456053.68,0,0,22456053.68,0,0,22456053.68,0,0,22456053.68,0,0,22456053.68,0,0,22456053.68,0,0,22456053.68,0,0,22456053.68,0,0,22456053.68,0,0,22456053.68,0,0,22456053.68,0,0,22456053.68,0,0,22456053.68,0,0,22456053.68,0,0,22456053.68,0,0,22456053.68,0,0,22456053.68,0,0,22456053.68,0,0,22456053.68,0,0,22456053.68,0,0,22456053.68,0,0,22456053.68,0,0,22456053.68,0,0,22456053.68,0,0,22456053.68,0,0,22456053.68,0,0,22456053.68,,,0,0,0,22456053.68,0,0,22456053.68,0,0,22456053.68,0,0,22456053.68,0,0,22456053.68,0,0,22456053.68,0,0,22456053.68
both_sexes,1,Moderna,2021-03-01,CV,0,0,0,0,0,0,0,0,0,0,0,0,0,0,0,0,0,0,0,0,0,0,0,0,0,0,0,0,0,0,0,0,0,0,0,0,0,0,0,0,0,0,0,0,0,0,0,0,0,0,13473632.21,0,0,19248046.01,0,0,13473632.21,0,0,13473632.21,0,0,19248046.01,0,0,19248046.01,0,0,13473632.21,0,0,13473632.21,,,0,,,0,0,0,13473632.21,0,0,13473632.21,0,0,13473632.21,0,0,13473632.21,0,0,13473632.21,0,0,13473632.21,0,0,13473632.21,0,0,13473632.21,0,0,13473632.21,0,0,13473632.21,0,0,13473632.21,0,0,13473632.21,0,0,13473632.21,0,0,13473632.21,0,0,13473632.21,0,0,13473632.21,0,0,13473632.21,0,0,13473632.21,0,0,13473632.21,0,0,13473632.21,0,0,13473632.21,0,0,13473632.21,0,0,13473632.21,0,0,13473632.21,0,0,13473632.21,0,0,13473632.21,0,0,13473632.21,0,0,13473632.21,0,0,13473632.21,0,0,13473632.21,,,0,0,0,13473632.21,0,0,13473632.21,0,0,13473632.21,0,0,13473632.21,0,0,13473632.21,0,0,13473632.21,0,0,13473632.21
both_sexes,2,Moderna,2021-03-22,CV,0,0,0,0,0,0,0,0,0,0,0,0,0,0,0,0,0,0,0,0,0,0,0,0,0,0,0,0,0,0,0,0,0,0,0,0,0,0,0,0,0,0,0,0,0,0,0,0,0,0,26947264.41,0,0,26947264.41,0,0,26947264.41,0,0,26947264.41,0,0,26947264.41,0,0,26947264.41,0,0,26947264.41,0,0,26947264.41,,,0,,,0,0,0,26947264.41,0,0,26947264.41,0,0,26947264.41,0,0,26947264.41,0,0,26947264.41,0,0,26947264.41,0,0,26947264.41,0,0,26947264.41,0,0,26947264.41,0,0,26947264.41,0,0,26947264.41,0,0,26947264.41,0,0,26947264.41,0,0,26947264.41,0,0,26947264.41,0,0,26947264.41,0,0,26947264.41,0,0,26947264.41,0,0,26947264.41,0,0,26947264.41,0,0,26947264.41,0,0,26947264.41,0,0,26947264.41,0,0,26947264.41,0,0,26947264.41,0,0,26947264.41,0,0,26947264.41,0,0,26947264.41,0,0,26947264.41,0,0,26947264.41,,,0,0,0,26947264.41,0,0,26947264.41,0,0,26947264.41,0,0,26947264.41,0,0,26947264.41,0,0,26947264.41,0,0,26947264.41
both_sexes,2,Moderna,2021-03-29,CV,0,0,0,0,0,0,0,0,0,0,0,0,0,0,0,0,0,0,0,0,0,0,0,0,0,0,0,0,0,0,0,0,0,0,0,0,0,0,0,0,0,0,0,0,0,0,0,0,0,0,13473632.21,0,0,19248046.01,0,0,13473632.21,0,0,13473632.21,0,0,19248046.01,0,0,19248046.01,0,0,13473632.21,0,0,13473632.21,,,0,,,0,0,0,13473632.21,0,0,13473632.21,0,0,13473632.21,0,0,13473632.21,0,0,13473632.21,0,0,13473632.21,0,0,13473632.21,0,0,13473632.21,0,0,13473632.21,0,0,13473632.21,0,0,13473632.21,0,0,13473632.21,0,0,13473632.21,0,0,13473632.21,0,0,13473632.21,0,0,13473632.21,0,0,13473632.21,0,0,13473632.21,0,0,13473632.21,0,0,13473632.21,0,0,13473632.21,0,0,13473632.21,0,0,13473632.21,0,0,13473632.21,0,0,13473632.21,0,0,13473632.21,0,0,13473632.21,0,0,13473632.21,0,0,13473632.21,0,0,13473632.21,,,0,0,0,13473632.21,0,0,13473632.21,0,0,13473632.21,0,0,13473632.21,0,0,13473632.21,0,0,13473632.21,0,0,13473632.21
both_sexes,0,0,2020-01-06,COVCANCER,0,0,0,0,0,0,0,0,0,0,0,0,0,0,0,0,0,0,0,0,0,0,0,0,0,0,0,0,0,0,0,0,0,0,0,0,0,0,0,0,0,0,0,0,0,0,0,0,0,0,115653.5,0,0,115653.5,0,0,115653.5,0,0,117776.51,0,0,117060.23,0,0,118501.6,0,0,116352.61,0,0,117060.23,0,0,118501.6,0,0,118501.6,0,0,117060.23,0,0,117060.23,0,0,117060.23,0,0,117060.23,0,0,115653.5,0,0,115653.5,0,0,115653.5,0,0,115653.5,0,0,115653.5,0,0,115653.5,0,0,115653.5,0,0,115653.5,0,0,115653.5,0,0,115653.5,0,0,115653.5,0,0,115653.5,0,0,115653.5,0,0,116352.61,0,0,116352.61,0,0,116352.61,0,0,116352.61,0,0,115653.5,0,0,115653.5,0,0,117060.23,0,0,117060.23,0,0,115653.5,0,0,115653.5,0,0,115653.5,0,0,115653.5,0,0,115653.5,0,0,177518.21,0,0,115653.5,0,0,115653.5,0,0,115653.5,0,0,117060.23,0,0,117060.23,0,0,118501.6,0,0,115653.5
both_sexes,0,0,2020-01-13,COVCANCER,0,0,0,0,0,0,0,0,0,0,0,0,0,0,0,0,0,0,0,0,0,0,0,0,0,0,0,0,0,0,0,0,0,0,0,0,0,0,0,0,0,0,0,0,0,0,0,0,0,0,116553.91,0,0,116553.91,0,0,116553.91,0,0,118710.42,0,0,117982.77,0,0,119447.09,0,0,117263.99,0,0,117982.77,0,0,119447.09,0,0,119447.09,0,0,117982.77,0,0,117982.77,0,0,117982.77,0,0,117982.77,0,0,116553.91,0,0,116553.91,0,0,116553.91,0,0,116553.91,0,0,116553.91,0,0,116553.91,0,0,116553.91,0,0,116553.91,0,0,116553.91,0,0,116553.91,0,0,116553.91,0,0,116553.91,0,0,116553.91,0,0,117263.99,0,0,117263.99,0,0,117263.99,0,0,117263.99,0,0,116553.91,0,0,116553.91,0,0,117982.77,0,0,117982.77,0,0,116553.91,0,0,116553.91,0,0,116553.91,0,0,116553.91,0,0,116553.91,0,0,178222.65,0,0,116553.91,0,0,116553.91,0,0,116553.91,0,0,117982.77,0,0,117982.77,0,0,119447.09,0,0,116553.91
both_sexes,0,0,2020-01-20,COVCANCER,0,0,0,0,0,0,0,0,0,0,0,0,0,0,0,0,0,0,0,0,0,0,0,0,0,0,0,0,0,0,0,0,0,0,0,0,0,0,0,0,0,0,0,0,0,0,0,0,0,0,116755.91,0,0,116755.91,0,0,116755.91,0,0,118919.97,0,0,118189.76,0,0,119659.26,0,0,117468.46,0,0,118189.76,0,0,119659.26,0,0,119659.26,0,0,118189.76,0,0,118189.76,0,0,118189.76,0,0,118189.76,0,0,116755.91,0,0,116755.91,0,0,116755.91,0,0,116755.91,0,0,116755.91,0,0,116755.91,0,0,116755.91,0,0,116755.91,0,0,116755.91,0,0,116755.91,0,0,116755.91,0,0,116755.91,0,0,116755.91,0,0,117468.46,0,0,117468.46,0,0,117468.46,0,0,117468.46,0,0,116755.91,0,0,116755.91,0,0,118189.76,0,0,118189.76,0,0,116755.91,0,0,116755.91,0,0,116755.91,0,0,116755.91,0,0,116755.91,0,0,178458.7,0,0,116755.91,0,0,116755.91,0,0,116755.91,0,0,118189.76,0,0,118189.76,0,0,119659.26,0,0,116755.91
both_sexes,0,0,2020-01-27,COVCANCER,0,0,0,0,0,0,0,0,0,0,0,0,0,0,0,0,0,0,0,0,0,0,0,0,0,0,0,0,0,0,0,0,0,0,0,0,0,0,0,0,0,0,0,0,0,0,0,0,0,0,117366.13,0,0,117366.13,0,0,117366.13,0,0,119553.08,0,0,118815.1,0,0,120300.29,0,0,118086.17,0,0,118815.1,0,0,120300.29,0,0,120300.29,0,0,118815.1,0,0,118815.1,0,0,118815.1,0,0,118815.1,0,0,117366.13,0,0,117366.13,0,0,117366.13,0,0,117366.13,0,0,117366.13,0,0,117366.13,0,0,117366.13,0,0,117366.13,0,0,117366.13,0,0,117366.13,0,0,117366.13,0,0,117366.13,0,0,117366.13,0,0,118086.17,0,0,118086.17,0,0,118086.17,0,0,118086.17,0,0,117366.13,0,0,117366.13,0,0,118815.1,0,0,118815.1,0,0,117366.13,0,0,117366.13,0,0,117366.13,0,0,117366.13,0,0,117366.13,0,0,179888.28,0,0,117366.13,0,0,117366.13,0,0,117366.13,0,0,118815.1,0,0,118815.1,0,0,120300.29,0,0,117366.13
both_sexes,0,0,2020-02-03,COVCANCER,0,0,0,1,0,0,0,0,0,0,0,0,0,0,0,0,1,1,0,0,0,0,0,0,0,0,0,0,0,0,0,0,0,0,0,0,0,0,0,0,0,0,0,0,0,0,0,0,0,0,117366.13,0,0,117366.13,0,0,117366.13,32466.67,821.98,180892.69,0,0,118815.1,0,0,120300.29,0,0,118086.17,0,0,118815.1,0,0,120300.29,0,0,120300.29,0,0,118815.1,0,0,118815.1,0,0,118815.1,0,0,118815.1,0,0,117366.13,0,0,117366.13,31955.38,809.04,178043.98,31955.38,809.04,178043.98,0,0,117366.13,0,0,117366.13,0,0,117366.13,0,0,117366.13,0,0,117366.13,0,0,117366.13,0,0,117366.13,0,0,117366.13,0,0,117366.13,0,0,118086.17,0,0,118086.17,0,0,118086.17,0,0,118086.17,0,0,117366.13,0,0,117366.13,0,0,118815.1,0,0,118815.1,0,0,117366.13,0,0,117366.13,0,0,117366.13,0,0,117366.13,0,0,117366.13,0,0,179888.28,0,0,117366.13,0,0,117366.13,0,0,117366.13,0,0,118815.1,0,0,118815.1,0,0,120300.29,0,0,117366.13
both_sexes,0,0,2020-02-10,COVCANCER,0,0,0,0,0,0,0,0,0,0,0,0,0,0,0,0,0,0,0,0,0,0,0,0,0,0,0,0,0,0,0,0,0,0,0,0,0,0,0,0,0,0,0,0,0,0,0,0,0,0,117366.13,0,0,117366.13,0,0,117366.13,0,0,120300.29,0,0,118815.1,0,0,120300.29,0,0,118086.17,0,0,118815.1,0,0,120300.29,0,0,120300.29,0,0,118815.1,0,0,118815.1,0,0,118815.1,0,0,118815.1,0,0,117366.13,0,0,117366.13,0,0,118086.17,0,0,118086.17,0,0,117366.13,0,0,117366.13,0,0,117366.13,0,0,117366.13,0,0,117366.13,0,0,117366.13,0,0,117366.13,0,0,117366.13,0,0,117366.13,0,0,118086.17,0,0,118086.17,0,0,118086.17,0,0,118086.17,0,0,117366.13,0,0,117366.13,0,0,118815.1,0,0,118815.1,0,0,117366.13,0,0,117366.13,0,0,117366.13,0,0,117366.13,0,0,117366.13,0,0,179888.28,0,0,117366.13,0,0,117366.13,0,0,117366.13,0,0,118815.1,0,0,118815.1,0,0,120300.29,0,0,117366.13
both_sexes,0,0,2020-02-17,COVCANCER,0,0,0,0,0,0,0,0,0,0,0,0,0,0,0,0,0,0,0,0,0,0,0,0,0,0,0,0,0,0,0,0,0,0,0,0,0,0,0,0,0,0,0,0,0,0,0,0,0,0,117366.13,0,0,117366.13,0,0,117366.13,0,0,120300.29,0,0,118815.1,0,0,120300.29,0,0,118086.17,0,0,118815.1,0,0,120300.29,0,0,120300.29,0,0,118815.1,0,0,118815.1,0,0,118815.1,0,0,118815.1,0,0,117366.13,0,0,117366.13,0,0,118086.17,0,0,118086.17,0,0,117366.13,0,0,117366.13,0,0,117366.13,0,0,117366.13,0,0,117366.13,0,0,117366.13,0,0,117366.13,0,0,117366.13,0,0,117366.13,0,0,118086.17,0,0,118086.17,0,0,118086.17,0,0,118086.17,0,0,117366.13,0,0,117366.13,0,0,118815.1,0,0,118815.1,0,0,117366.13,0,0,117366.13,0,0,117366.13,0,0,117366.13,0,0,117366.13,0,0,179888.28,0,0,117366.13,0,0,117366.13,0,0,117366.13,0,0,118815.1,0,0,118815.1,0,0,120300.29,0,0,117366.13
both_sexes,0,0,2020-02-24,COVCANCER,0,0,0,0,0,0,0,0,0,0,0,0,0,0,0,0,0,0,0,0,0,0,0,0,0,0,0,0,0,0,0,0,0,0,0,0,0,0,0,0,0,0,0,0,0,0,0,0,0,0,117366.13,0,0,117366.13,0,0,117366.13,0,0,120300.29,0,0,118815.1,0,0,120300.29,0,0,118086.17,0,0,118815.1,0,0,120300.29,0,0,120300.29,0,0,118815.1,0,0,118815.1,0,0,118815.1,0,0,118815.1,0,0,117366.13,0,0,117366.13,0,0,118086.17,0,0,118086.17,0,0,117366.13,0,0,117366.13,0,0,117366.13,0,0,117366.13,0,0,117366.13,0,0,117366.13,0,0,117366.13,0,0,117366.13,0,0,117366.13,0,0,118086.17,0,0,118086.17,0,0,118086.17,0,0,118086.17,0,0,117366.13,0,0,117366.13,0,0,118815.1,0,0,118815.1,0,0,117366.13,0,0,117366.13,0,0,117366.13,0,0,117366.13,0,0,117366.13,0,0,179888.28,0,0,117366.13,0,0,117366.13,0,0,117366.13,0,0,118815.1,0,0,118815.1,0,0,120300.29,0,0,117366.13
both_sexes,0,0,2020-03-02,COVCANCER,0,0,0,0,0,0,0,0,0,0,0,0,0,0,0,0,0,0,0,0,0,0,0,0,0,0,0,0,0,0,0,0,0,0,0,0,0,0,0,0,0,0,0,0,0,0,0,0,0,0,117366.13,0,0,117366.13,0,0,117366.13,0,0,120300.29,0,0,118815.1,0,0,120300.29,0,0,118086.17,0,0,118815.1,0,0,120300.29,0,0,120300.29,0,0,118815.1,0,0,118815.1,0,0,118815.1,0,0,118815.1,0,0,117366.13,0,0,117366.13,0,0,118086.17,0,0,118086.17,0,0,117366.13,0,0,117366.13,0,0,117366.13,0,0,117366.13,0,0,117366.13,0,0,117366.13,0,0,117366.13,0,0,117366.13,0,0,117366.13,0,0,118086.17,0,0,118086.17,0,0,118086.17,0,0,118086.17,0,0,117366.13,0,0,117366.13,0,0,118815.1,0,0,118815.1,0,0,117366.13,0,0,117366.13,0,0,117366.13,0,0,117366.13,0,0,117366.13,0,0,179888.28,0,0,117366.13,0,0,117366.13,0,0,117366.13,0,0,118815.1,0,0,118815.1,0,0,120300.29,0,0,117366.13
both_sexes,0,0,2020-03-09,COVCANCER,0,0,0,0,0,0,0,0,0,0,0,0,0,0,0,0,0,0,0,0,0,0,0,0,0,0,0,0,0,0,0,0,0,0,0,0,0,0,0,0,0,0,0,0,0,0,0,0,0,0,117366.13,0,0,117366.13,0,0,117366.13,0,0,120300.29,0,0,118815.1,0,0,120300.29,0,0,118086.17,0,0,118815.1,0,0,120300.29,0,0,120300.29,0,0,118815.1,0,0,118815.1,0,0,118815.1,0,0,118815.1,0,0,117366.13,0,0,117366.13,0,0,118086.17,0,0,118086.17,0,0,117366.13,0,0,117366.13,0,0,117366.13,0,0,117366.13,0,0,117366.13,0,0,117366.13,0,0,117366.13,0,0,117366.13,0,0,117366.13,0,0,118086.17,0,0,118086.17,0,0,118086.17,0,0,118086.17,0,0,117366.13,0,0,117366.13,0,0,118815.1,0,0,118815.1,0,0,117366.13,0,0,117366.13,0,0,117366.13,0,0,117366.13,0,0,117366.13,0,0,179888.28,0,0,117366.13,0,0,117366.13,0,0,117366.13,0,0,118815.1,0,0,118815.1,0,0,120300.29,0,0,117366.13
both_sexes,0,0,2020-03-16,COVCANCER,0,0,0,0,0,0,0,0,0,0,0,0,0,0,0,0,0,0,0,0,0,0,0,0,0,0,0,0,0,0,0,0,0,0,0,0,0,0,0,0,0,0,0,0,0,0,0,0,0,0,117366.13,0,0,117366.13,0,0,117366.13,0,0,120300.29,0,0,118815.1,0,0,120300.29,0,0,118086.17,0,0,118815.1,0,0,120300.29,0,0,120300.29,0,0,118815.1,0,0,118815.1,0,0,118815.1,0,0,118815.1,0,0,117366.13,0,0,117366.13,0,0,118086.17,0,0,118086.17,0,0,117366.13,0,0,117366.13,0,0,117366.13,0,0,117366.13,0,0,117366.13,0,0,117366.13,0,0,117366.13,0,0,117366.13,0,0,117366.13,0,0,118086.17,0,0,118086.17,0,0,118086.17,0,0,118086.17,0,0,117366.13,0,0,117366.13,0,0,118815.1,0,0,118815.1,0,0,117366.13,0,0,117366.13,0,0,117366.13,0,0,117366.13,0,0,117366.13,0,0,179888.28,0,0,117366.13,0,0,117366.13,0,0,117366.13,0,0,118815.1,0,0,118815.1,0,0,120300.29,0,0,117366.13
both_sexes,0,0,2020-03-23,COVCANCER,0,0,0,0,0,0,0,0,0,0,0,0,0,0,0,0,0,0,0,0,0,0,0,0,0,0,0,0,0,0,0,0,0,0,0,0,0,0,0,0,0,0,0,0,0,0,0,0,0,0,117366.13,0,0,117366.13,0,0,117366.13,0,0,120300.29,0,0,118815.1,0,0,120300.29,0,0,118086.17,0,0,118815.1,0,0,120300.29,0,0,120300.29,0,0,118815.1,0,0,118815.1,0,0,118815.1,0,0,118815.1,0,0,117366.13,0,0,117366.13,0,0,118086.17,0,0,118086.17,0,0,117366.13,0,0,117366.13,0,0,117366.13,0,0,117366.13,0,0,117366.13,0,0,117366.13,0,0,117366.13,0,0,117366.13,0,0,117366.13,0,0,118086.17,0,0,118086.17,0,0,118086.17,0,0,118086.17,0,0,117366.13,0,0,117366.13,0,0,118815.1,0,0,118815.1,0,0,117366.13,0,0,117366.13,0,0,117366.13,0,0,117366.13,0,0,117366.13,0,0,179888.28,0,0,117366.13,0,0,117366.13,0,0,117366.13,0,0,118815.1,0,0,118815.1,0,0,120300.29,0,0,117366.13
both_sexes,0,0,2020-03-30,COVCANCER,0,0,0,0,0,0,0,0,0,0,0,0,0,0,0,0,0,0,0,0,0,0,0,0,0,0,0,0,0,0,0,0,0,0,0,0,0,0,0,0,0,0,0,0,0,0,0,0,0,0,117673.64,0,0,117673.64,0,0,117673.64,0,0,120623.39,0,0,119130.26,0,0,120623.39,0,0,118397.47,0,0,119130.26,0,0,120623.39,0,0,120623.39,0,0,119130.26,0,0,119130.26,0,0,119130.26,0,0,119130.26,0,0,117673.64,0,0,117673.64,0,0,118397.47,0,0,118397.47,0,0,117673.64,0,0,117673.64,0,0,117673.64,0,0,117673.64,0,0,117673.64,0,0,117673.64,0,0,117673.64,0,0,117673.64,0,0,117673.64,0,0,118397.47,0,0,118397.47,0,0,118397.47,0,0,118397.47,0,0,117673.64,0,0,117673.64,0,0,119130.26,0,0,119130.26,0,0,117673.64,0,0,117673.64,0,0,117673.64,0,0,117673.64,0,0,117673.64,0,0,180611.69,0,0,117673.64,0,0,117673.64,0,0,117673.64,0,0,119130.26,0,0,119130.26,0,0,120623.39,0,0,117673.64
both_sexes,0,0,2020-04-06,COVCANCER,0,0,0,0,0,0,0,0,0,0,0,0,0,0,0,0,0,0,0,0,0,0,0,0,0,0,0,0,0,0,0,0,0,0,0,0,0,1,0,0,0,0,0,0,0,0,0,0,0,0,118086.17,0,0,118086.17,0,0,118086.17,0,0,121056.89,0,0,119553.08,0,0,121056.89,0,0,118815.1,0,0,119553.08,0,0,121056.89,0,0,121056.89,0,0,119553.08,0,0,119553.08,0,0,119553.08,0,0,119553.08,0,0,118086.17,0,0,118086.17,0,0,118815.1,0,0,118815.1,0,0,118086.17,0,0,118086.17,0,0,118086.17,0,0,118086.17,0,0,118086.17,0,0,118086.17,0,0,118086.17,0,0,118086.17,0,0,118086.17,0,0,118815.1,0,0,118815.1,0,0,118815.1,0,0,118815.1,0,0,118086.17,0,0,118086.17,0,0,119553.08,0,0,119553.08,0,0,118086.17,0,0,118086.17,0,0,118086.17,0,0,118086.17,0,0,118086.17,49626.36,1256.43,276500.37,0,0,118086.17,0,0,118086.17,0,0,118086.17,0,0,119553.08,0,0,119553.08,0,0,121056.89,0,0,118086.17
both_sexes,0,0,2020-04-13,COVCANCER,0,0,0,0,0,0,0,0,0,0,0,0,0,0,0,0,0,0,0,0,0,0,0,0,0,0,0,0,0,0,0,0,0,0,0,0,0,0,0,0,0,0,0,0,0,0,0,0,0,0,118086.17,0,0,118086.17,0,0,118086.17,0,0,121056.89,0,0,119553.08,0,0,121056.89,0,0,118815.1,0,0,119553.08,0,0,121056.89,0,0,121056.89,0,0,119553.08,0,0,119553.08,0,0,119553.08,0,0,119553.08,0,0,118086.17,0,0,118086.17,0,0,118815.1,0,0,118815.1,0,0,118086.17,0,0,118086.17,0,0,118086.17,0,0,118086.17,0,0,118086.17,0,0,118086.17,0,0,118086.17,0,0,118086.17,0,0,118086.17,0,0,118815.1,0,0,118815.1,0,0,118815.1,0,0,118815.1,0,0,118086.17,0,0,118086.17,0,0,119553.08,0,0,119553.08,0,0,118086.17,0,0,118086.17,0,0,118086.17,0,0,118086.17,0,0,118086.17,0,0,183314.72,0,0,118086.17,0,0,118086.17,0,0,118086.17,0,0,119553.08,0,0,119553.08,0,0,121056.89,0,0,118086.17
both_sexes,0,0,2020-04-20,COVCANCER,0,0,0,0,0,1,0,0,0,0,0,0,0,0,0,0,0,0,0,0,0,0,0,0,0,0,0,0,0,0,0,0,0,0,0,0,0,0,0,0,0,0,0,0,0,0,0,0,0,0,118086.17,0,0,118086.17,0,0,118086.17,0,0,121056.89,0,0,119553.08,32816.71,830.85,182843.01,0,0,118815.1,0,0,119553.08,0,0,121056.89,0,0,121056.89,0,0,119553.08,0,0,119553.08,0,0,119553.08,0,0,119553.08,0,0,118086.17,0,0,118086.17,0,0,118815.1,0,0,118815.1,0,0,118086.17,0,0,118086.17,0,0,118086.17,0,0,118086.17,0,0,118086.17,0,0,118086.17,0,0,118086.17,0,0,118086.17,0,0,118086.17,0,0,118815.1,0,0,118815.1,0,0,118815.1,0,0,118815.1,0,0,118086.17,0,0,118086.17,0,0,119553.08,0,0,119553.08,0,0,118086.17,0,0,118086.17,0,0,118086.17,0,0,118086.17,0,0,118086.17,0,0,183314.72,0,0,118086.17,0,0,118086.17,0,0,118086.17,0,0,119553.08,0,0,119553.08,0,0,121056.89,0,0,118086.17
both_sexes,0,0,2020-04-27,COVCANCER,0,0,0,0,0,0,0,0,0,0,0,0,0,0,0,0,0,0,0,0,0,0,0,0,0,0,0,0,0,0,0,0,0,0,0,0,0,0,0,0,0,0,0,0,0,0,0,0,0,0,118086.17,0,0,118086.17,0,0,118086.17,0,0,121056.89,0,0,119553.08,0,0,121823.08,0,0,118815.1,0,0,119553.08,0,0,121056.89,0,0,121056.89,0,0,119553.08,0,0,119553.08,0,0,119553.08,0,0,119553.08,0,0,118086.17,0,0,118086.17,0,0,118815.1,0,0,118815.1,0,0,118086.17,0,0,118086.17,0,0,118086.17,0,0,118086.17,0,0,118086.17,0,0,118086.17,0,0,118086.17,0,0,118086.17,0,0,118086.17,0,0,118815.1,0,0,118815.1,0,0,118815.1,0,0,118815.1,0,0,118086.17,0,0,118086.17,0,0,119553.08,0,0,119553.08,0,0,118086.17,0,0,118086.17,0,0,118086.17,0,0,118086.17,0,0,118086.17,0,0,183314.72,0,0,118086.17,0,0,118086.17,0,0,118086.17,0,0,119553.08,0,0,119553.08,0,0,121056.89,0,0,118086.17
both_sexes,0,0,2020-05-04,COVCANCER,0,0,0,0,0,0,0,0,0,0,0,0,0,0,0,0,0,0,0,0,0,0,0,0,0,0,0,0,0,0,0,0,0,0,0,0,0,0,0,0,0,0,0,0,0,0,0,0,0,0,118086.17,0,0,118086.17,0,0,118086.17,0,0,121056.89,0,0,119553.08,0,0,121823.08,0,0,118815.1,0,0,119553.08,0,0,121056.89,0,0,121056.89,0,0,119553.08,0,0,119553.08,0,0,119553.08,0,0,119553.08,0,0,118086.17,0,0,118086.17,0,0,118815.1,0,0,118815.1,0,0,118086.17,0,0,118086.17,0,0,118086.17,0,0,118086.17,0,0,118086.17,0,0,118086.17,0,0,118086.17,0,0,118086.17,0,0,118086.17,0,0,118815.1,0,0,118815.1,0,0,118815.1,0,0,118815.1,0,0,118086.17,0,0,118086.17,0,0,119553.08,0,0,119553.08,0,0,118086.17,0,0,118086.17,0,0,118086.17,0,0,118086.17,0,0,118086.17,0,0,183314.72,0,0,118086.17,0,0,118086.17,0,0,118086.17,0,0,119553.08,0,0,119553.08,0,0,121056.89,0,0,118086.17
both_sexes,0,0,2020-05-11,COVCANCER,0,0,0,0,0,0,0,0,0,0,0,0,0,0,0,0,0,0,0,0,0,0,0,0,0,0,0,0,0,0,0,0,0,0,0,0,0,0,0,0,0,0,0,0,0,0,0,0,0,0,118086.17,0,0,118086.17,0,0,118086.17,0,0,121056.89,0,0,119553.08,0,0,121823.08,0,0,118815.1,0,0,119553.08,0,0,121056.89,0,0,121056.89,0,0,119553.08,0,0,119553.08,0,0,119553.08,0,0,119553.08,0,0,118086.17,0,0,118086.17,0,0,118815.1,0,0,118815.1,0,0,118086.17,0,0,118086.17,0,0,118086.17,0,0,118086.17,0,0,118086.17,0,0,118086.17,0,0,118086.17,0,0,118086.17,0,0,118086.17,0,0,118815.1,0,0,118815.1,0,0,118815.1,0,0,118815.1,0,0,118086.17,0,0,118086.17,0,0,119553.08,0,0,119553.08,0,0,118086.17,0,0,118086.17,0,0,118086.17,0,0,118086.17,0,0,118086.17,0,0,183314.72,0,0,118086.17,0,0,118086.17,0,0,118086.17,0,0,119553.08,0,0,119553.08,0,0,121056.89,0,0,118086.17
both_sexes,0,0,2020-05-18,COVCANCER,0,0,0,0,0,0,0,0,0,0,0,0,0,0,0,0,0,0,0,0,0,0,0,0,0,0,0,0,0,0,0,0,0,0,0,0,0,1,0,0,0,0,0,0,0,0,0,0,0,0,118501.6,0,0,118501.6,0,0,118501.6,0,0,121493.53,0,0,119978.92,0,0,122265.27,0,0,119235.68,0,0,119978.92,0,0,121493.53,0,0,121493.53,0,0,119978.92,0,0,119978.92,0,0,119978.92,0,0,119978.92,0,0,118501.6,0,0,118501.6,0,0,119235.68,0,0,119235.68,0,0,118501.6,0,0,118501.6,0,0,118501.6,0,0,118501.6,0,0,118501.6,0,0,118501.6,0,0,118501.6,0,0,118501.6,0,0,118501.6,0,0,119235.68,0,0,119235.68,0,0,119235.68,0,0,119235.68,0,0,118501.6,0,0,118501.6,0,0,119978.92,0,0,119978.92,0,0,118501.6,0,0,118501.6,0,0,118501.6,0,0,118501.6,0,0,118501.6,50309.92,1273.74,280308.92,0,0,118501.6,0,0,118501.6,0,0,118501.6,0,0,119978.92,0,0,119978.92,0,0,121493.53,0,0,118501.6
both_sexes,0,0,2020-05-25,COVCANCER,0,0,0,0,0,0,0,0,0,0,0,0,0,0,0,0,0,0,0,0,0,0,0,0,0,0,0,0,0,0,0,0,0,0,0,0,0,0,0,0,0,0,0,0,0,0,0,0,0,0,119235.68,0,0,119235.68,0,0,119235.68,0,0,122265.27,0,0,120731.47,0,0,123046.87,0,0,119978.92,0,0,120731.47,0,0,122265.27,0,0,122265.27,0,0,120731.47,0,0,120731.47,0,0,120731.47,0,0,120731.47,0,0,119235.68,0,0,119235.68,0,0,119978.92,0,0,119978.92,0,0,119235.68,0,0,119235.68,0,0,119235.68,0,0,119235.68,0,0,119235.68,0,0,119235.68,0,0,119235.68,0,0,119235.68,0,0,119235.68,0,0,119978.92,0,0,119978.92,0,0,119978.92,0,0,119978.92,0,0,119235.68,0,0,119235.68,0,0,120731.47,0,0,120731.47,0,0,119235.68,0,0,119235.68,0,0,119235.68,0,0,119235.68,0,0,119235.68,0,0,186874.23,0,0,119235.68,0,0,119235.68,0,0,119235.68,0,0,120731.47,0,0,120731.47,0,0,122265.27,0,0,119235.68
both_sexes,0,0,2020-06-01,COVCANCER,0,0,0,0,1,1,1,1,0,0,0,0,0,0,0,0,0,0,0,0,0,0,0,0,1,1,0,0,0,0,0,0,0,0,0,0,0,0,0,0,1,1,0,1,0,0,0,0,0,0,120192.97,0,0,120192.97,0,0,120192.97,0,0,123272.02,33084.24,837.62,184333.58,33725.76,853.86,187907.92,32875.79,832.34,183172.16,33084.24,837.62,184333.58,0,0,123272.02,0,0,123272.02,0,0,121713.03,0,0,121713.03,0,0,121713.03,0,0,121713.03,0,0,120192.97,0,0,120192.97,0,0,120948.22,0,0,120948.22,0,0,120192.97,0,0,120192.97,0,0,120192.97,0,0,120192.97,0,0,120192.97,0,0,120192.97,0,0,120192.97,0,0,120192.97,0,0,120192.97,32846.22,831.59,183007.44,32846.22,831.59,183007.44,0,0,120948.22,0,0,120948.22,0,0,120192.97,0,0,120192.97,0,0,121056.89,0,0,121056.89,0,0,120192.97,0,0,120192.97,0,0,120192.97,0,0,120192.97,0,0,120192.97,0,0,188442.41,0,0,120192.97,0,0,120192.97,32582.52,824.92,181538.16,33084.24,837.62,184333.58,0,0,121056.89,33325.73,843.73,185679.08,0,0,120192.97
both_sexes,0,0,2020-06-08,COVCANCER,0,0,0,0,0,0,0,0,0,0,0,0,0,0,0,0,0,0,0,0,0,0,0,0,0,0,0,0,0,0,0,0,0,0,0,0,0,0,0,0,0,0,0,0,0,0,0,0,0,0,120300.29,0,0,120300.29,0,0,120300.29,0,0,123384.91,0,0,122599.02,0,0,124987.31,0,0,121823.08,0,0,122599.02,0,0,123384.91,0,0,123384.91,0,0,121823.08,0,0,121823.08,0,0,121823.08,0,0,121823.08,0,0,120300.29,0,0,120300.29,0,0,121056.89,0,0,121056.89,0,0,120300.29,0,0,120300.29,0,0,120300.29,0,0,120300.29,0,0,120300.29,0,0,120300.29,0,0,120300.29,0,0,120300.29,0,0,120300.29,0,0,121823.08,0,0,121823.08,0,0,121056.89,0,0,121056.89,0,0,120300.29,0,0,120300.29,0,0,121056.89,0,0,121056.89,0,0,120300.29,0,0,120300.29,0,0,120300.29,0,0,120300.29,0,0,120300.29,0,0,188706.33,0,0,120300.29,0,0,120300.29,0,0,120300.29,0,0,122599.02,0,0,121056.89,0,0,123384.91,0,0,120300.29
both_sexes,0,0,2020-06-15,COVCANCER,0,0,0,0,0,0,0,0,0,0,0,0,0,0,0,0,0,0,0,0,0,0,0,0,0,0,0,0,0,0,0,0,0,0,0,0,0,0,0,0,0,0,0,0,0,0,0,0,0,0,120300.29,0,0,120300.29,0,0,120300.29,0,0,123384.91,0,0,122599.02,0,0,124987.31,0,0,121823.08,0,0,122599.02,0,0,123384.91,0,0,123384.91,0,0,121823.08,0,0,121823.08,0,0,121823.08,0,0,121823.08,0,0,120300.29,0,0,120300.29,0,0,121056.89,0,0,121056.89,0,0,120300.29,0,0,120300.29,0,0,120300.29,0,0,120300.29,0,0,120300.29,0,0,120300.29,0,0,120300.29,0,0,120300.29,0,0,120300.29,0,0,121823.08,0,0,121823.08,0,0,121056.89,0,0,121056.89,0,0,120300.29,0,0,120300.29,0,0,121056.89,0,0,121056.89,0,0,120300.29,0,0,120300.29,0,0,120300.29,0,0,120300.29,0,0,120300.29,0,0,188706.33,0,0,120300.29,0,0,120300.29,0,0,120300.29,0,0,122599.02,0,0,121056.89,0,0,123384.91,0,0,120300.29
both_sexes,0,0,2020-06-22,COVCANCER,0,0,0,0,0,0,0,1,0,0,0,0,0,0,0,0,0,0,0,0,0,0,0,0,0,0,0,0,0,0,0,0,0,0,0,0,0,0,0,0,0,0,0,0,0,1,1,0,0,0,120407.79,0,0,120407.79,0,0,120407.79,0,0,123384.91,0,0,122710.68,0,0,124987.31,0,0,121933.32,33447.8,846.83,186359.23,0,0,123498,0,0,123498,0,0,121933.32,0,0,121933.32,0,0,121933.32,0,0,121933.32,0,0,120407.79,0,0,120407.79,0,0,121165.76,0,0,121165.76,32846.22,831.59,183007.44,32846.22,831.59,183007.44,0,0,120407.79,0,0,120407.79,0,0,120407.79,0,0,120407.79,0,0,120407.79,0,0,120407.79,0,0,120407.79,0,0,121933.32,0,0,121933.32,0,0,121165.76,0,0,121165.76,0,0,120407.79,0,0,120407.79,0,0,121165.76,0,0,121165.76,0,0,120407.79,0,0,120407.79,0,0,120407.79,0,0,120407.79,0,0,120407.79,0,0,188706.33,0,0,120407.79,0,0,120407.79,0,0,120407.79,0,0,122710.68,0,0,121165.76,0,0,123498,0,0,120407.79
both_sexes,0,0,2020-06-29,COVCANCER,0,0,0,0,0,0,0,0,0,0,0,0,0,0,0,0,0,0,0,0,0,0,0,0,0,0,0,0,0,0,0,0,0,0,0,0,0,1,0,0,0,0,0,0,0,0,0,0,0,0,121056.89,0,0,121056.89,0,0,121056.89,0,0,123384.91,0,0,123384.91,0,0,124987.31,0,0,122599.02,0,0,124180.94,0,0,124180.94,0,0,124180.94,0,0,122599.02,0,0,122599.02,0,0,122599.02,0,0,122599.02,0,0,121056.89,0,0,121056.89,0,0,121823.08,0,0,121823.08,0,0,121823.08,0,0,121823.08,0,0,121056.89,0,0,121056.89,0,0,121056.89,0,0,121056.89,0,0,121056.89,0,0,121056.89,0,0,121056.89,0,0,122599.02,0,0,122599.02,0,0,121823.08,0,0,121823.08,0,0,121056.89,0,0,121056.89,0,0,121823.08,0,0,121823.08,0,0,121056.89,0,0,121056.89,0,0,121056.89,0,0,121056.89,0,0,121056.89,51371.31,1300.61,286222.61,0,0,121056.89,0,0,121056.89,0,0,121056.89,0,0,123384.91,0,0,121823.08,0,0,124180.94,0,0,121056.89
both_sexes,0,0,2020-07-06,COVCANCER,0,0,0,0,0,0,0,0,0,0,0,0,0,0,0,0,0,0,0,0,0,0,0,0,0,0,0,0,0,0,0,0,0,0,0,0,0,0,0,0,0,0,0,0,0,0,0,0,0,0,121056.89,0,0,121056.89,0,0,121056.89,0,0,123384.91,0,0,123384.91,0,0,124987.31,0,0,122599.02,0,0,124180.94,0,0,124180.94,0,0,124180.94,0,0,122599.02,0,0,122599.02,0,0,122599.02,0,0,122599.02,0,0,121056.89,0,0,121056.89,0,0,121823.08,0,0,121823.08,0,0,121823.08,0,0,121823.08,0,0,121056.89,0,0,121056.89,0,0,121056.89,0,0,121056.89,0,0,121056.89,0,0,121056.89,0,0,121056.89,0,0,122599.02,0,0,122599.02,0,0,121823.08,0,0,121823.08,0,0,121056.89,0,0,121056.89,0,0,121823.08,0,0,121823.08,0,0,121056.89,0,0,121056.89,0,0,121056.89,0,0,121056.89,0,0,121056.89,0,0,190574.71,0,0,121056.89,0,0,121056.89,0,0,121056.89,0,0,123384.91,0,0,121823.08,0,0,124180.94,0,0,121056.89
both_sexes,0,0,2020-07-13,COVCANCER,0,0,0,0,0,0,0,0,0,0,0,0,0,0,0,0,0,0,0,0,0,0,0,0,0,0,0,0,0,0,0,0,0,0,0,0,0,0,0,0,0,0,0,0,0,0,0,0,0,0,121603.18,0,0,121603.18,0,0,121603.18,0,0,123952.46,0,0,123952.46,0,0,124987.31,0,0,123159.34,0,0,124180.94,0,0,124755.85,0,0,124755.85,0,0,123159.34,0,0,123159.34,0,0,123159.34,0,0,123159.34,0,0,121603.18,0,0,121603.18,0,0,122376.31,0,0,122376.31,0,0,121823.08,0,0,121823.08,0,0,121603.18,0,0,121603.18,0,0,121603.18,0,0,121603.18,0,0,121603.18,0,0,121603.18,0,0,121603.18,0,0,122599.02,0,0,122599.02,0,0,122376.31,0,0,122376.31,0,0,121603.18,0,0,121603.18,0,0,122376.31,0,0,122376.31,0,0,121603.18,0,0,121603.18,0,0,121603.18,0,0,121603.18,0,0,121603.18,0,0,190574.71,0,0,121603.18,0,0,121603.18,0,0,121603.18,0,0,123952.46,0,0,122376.31,0,0,124755.85,0,0,121603.18
both_sexes,0,0,2020-07-20,COVCANCER,0,0,0,0,0,0,0,0,0,0,0,0,0,0,0,0,0,0,0,0,0,0,0,0,0,0,0,0,0,0,0,0,0,0,0,0,0,0,0,0,0,0,0,0,0,0,0,0,0,0,121823.08,0,0,121823.08,0,0,121823.08,0,0,124180.94,0,0,124180.94,0,0,124987.31,0,0,123384.91,0,0,124180.94,0,0,124987.31,0,0,124987.31,0,0,123384.91,0,0,123384.91,0,0,123384.91,0,0,123384.91,0,0,121823.08,0,0,121823.08,0,0,122599.02,0,0,122599.02,0,0,121823.08,0,0,121823.08,0,0,121823.08,0,0,121823.08,0,0,121823.08,0,0,121823.08,0,0,121823.08,0,0,121823.08,0,0,121823.08,0,0,122599.02,0,0,122599.02,0,0,122599.02,0,0,122599.02,0,0,121823.08,0,0,121823.08,0,0,122599.02,0,0,122599.02,0,0,121823.08,0,0,121823.08,0,0,121823.08,0,0,121823.08,0,0,121823.08,0,0,190574.71,0,0,121823.08,0,0,121823.08,0,0,121823.08,0,0,124180.94,0,0,122599.02,0,0,124987.31,0,0,121823.08
both_sexes,0,0,2020-07-27,COVCANCER,0,0,0,0,0,0,0,0,0,0,0,0,0,0,0,0,0,0,0,0,0,0,0,0,0,0,0,0,0,0,0,0,0,0,0,0,0,0,0,0,0,0,0,0,0,0,0,0,0,0,121823.08,0,0,121823.08,0,0,121823.08,0,0,124180.94,0,0,124180.94,0,0,124987.31,0,0,123384.91,0,0,124180.94,0,0,124987.31,0,0,124987.31,0,0,123384.91,0,0,123384.91,0,0,123384.91,0,0,123384.91,0,0,121823.08,0,0,121823.08,0,0,122599.02,0,0,122599.02,0,0,121823.08,0,0,121823.08,0,0,121823.08,0,0,121823.08,0,0,121823.08,0,0,121823.08,0,0,121823.08,0,0,121823.08,0,0,121823.08,0,0,122599.02,0,0,122599.02,0,0,122599.02,0,0,122599.02,0,0,121823.08,0,0,121823.08,0,0,122599.02,0,0,122599.02,0,0,121823.08,0,0,121823.08,0,0,121823.08,0,0,121823.08,0,0,121823.08,0,0,190574.71,0,0,121823.08,0,0,121823.08,0,0,121823.08,0,0,124180.94,0,0,122599.02,0,0,124987.31,0,0,121823.08
both_sexes,0,0,2020-08-03,COVCANCER,0,0,0,0,0,0,0,0,0,0,0,0,0,0,0,0,0,0,0,0,0,0,0,0,0,0,0,0,0,0,0,0,0,0,0,0,0,0,0,0,0,0,0,0,0,0,0,0,0,0,121823.08,0,0,121823.08,0,0,121823.08,0,0,124180.94,0,0,124180.94,0,0,124987.31,0,0,123384.91,0,0,124180.94,0,0,124987.31,0,0,124987.31,0,0,123384.91,0,0,123384.91,0,0,123384.91,0,0,123384.91,0,0,121823.08,0,0,121823.08,0,0,122599.02,0,0,122599.02,0,0,121823.08,0,0,121823.08,0,0,121823.08,0,0,121823.08,0,0,121823.08,0,0,121823.08,0,0,121823.08,0,0,121823.08,0,0,121823.08,0,0,122599.02,0,0,122599.02,0,0,122599.02,0,0,122599.02,0,0,121823.08,0,0,121823.08,0,0,122599.02,0,0,122599.02,0,0,121823.08,0,0,121823.08,0,0,121823.08,0,0,121823.08,0,0,121823.08,0,0,190574.71,0,0,121823.08,0,0,121823.08,0,0,121823.08,0,0,124180.94,0,0,122599.02,0,0,124987.31,0,0,121823.08
both_sexes,0,0,2020-08-10,COVCANCER,0,0,0,0,0,0,0,0,0,0,0,0,0,0,0,0,0,0,0,0,0,0,0,0,0,0,0,0,0,0,0,0,0,0,0,0,0,0,0,0,0,0,0,0,0,0,0,0,0,0,121823.08,0,0,121823.08,0,0,121823.08,0,0,124180.94,0,0,124180.94,0,0,124987.31,0,0,123384.91,0,0,124180.94,0,0,124987.31,0,0,124987.31,0,0,123384.91,0,0,123384.91,0,0,123384.91,0,0,123384.91,0,0,121823.08,0,0,121823.08,0,0,122599.02,0,0,122599.02,0,0,121823.08,0,0,121823.08,0,0,121823.08,0,0,121823.08,0,0,121823.08,0,0,121823.08,0,0,121823.08,0,0,121823.08,0,0,121823.08,0,0,122599.02,0,0,122599.02,0,0,122599.02,0,0,122599.02,0,0,121823.08,0,0,121823.08,0,0,122599.02,0,0,122599.02,0,0,121823.08,0,0,121823.08,0,0,121823.08,0,0,121823.08,0,0,121823.08,0,0,190574.71,0,0,121823.08,0,0,121823.08,0,0,121823.08,0,0,124180.94,0,0,122599.02,0,0,124987.31,0,0,121823.08
both_sexes,0,0,2020-08-17,COVCANCER,0,0,0,0,0,0,0,0,0,0,0,0,0,0,0,0,0,0,0,0,0,0,0,0,0,0,0,0,0,0,0,0,0,0,0,0,0,0,0,0,0,0,0,0,0,0,0,0,0,0,121823.08,0,0,121823.08,0,0,121823.08,0,0,124180.94,0,0,124180.94,0,0,124987.31,0,0,123384.91,0,0,124180.94,0,0,124987.31,0,0,124987.31,0,0,123384.91,0,0,123384.91,0,0,123384.91,0,0,123384.91,0,0,121823.08,0,0,121823.08,0,0,122599.02,0,0,122599.02,0,0,121823.08,0,0,121823.08,0,0,121823.08,0,0,121823.08,0,0,121823.08,0,0,121823.08,0,0,121823.08,0,0,121823.08,0,0,121823.08,0,0,122599.02,0,0,122599.02,0,0,122599.02,0,0,122599.02,0,0,121823.08,0,0,121823.08,0,0,122599.02,0,0,122599.02,0,0,121823.08,0,0,121823.08,0,0,121823.08,0,0,121823.08,0,0,121823.08,0,0,190574.71,0,0,121823.08,0,0,121823.08,0,0,121823.08,0,0,124180.94,0,0,122599.02,0,0,124987.31,0,0,121823.08
both_sexes,0,0,2020-08-24,COVCANCER,0,0,0,0,0,0,0,0,0,0,0,0,0,0,0,0,0,0,0,0,0,0,0,0,0,0,0,0,0,0,0,0,0,0,0,0,0,0,0,0,0,0,0,0,0,0,0,0,0,0,121823.08,0,0,121823.08,0,0,121823.08,0,0,124180.94,0,0,124180.94,0,0,124987.31,0,0,123384.91,0,0,124180.94,0,0,124987.31,0,0,124987.31,0,0,123384.91,0,0,123384.91,0,0,123384.91,0,0,123384.91,0,0,121823.08,0,0,121823.08,0,0,122599.02,0,0,122599.02,0,0,121823.08,0,0,121823.08,0,0,121823.08,0,0,121823.08,0,0,121823.08,0,0,121823.08,0,0,121823.08,0,0,121823.08,0,0,121823.08,0,0,122599.02,0,0,122599.02,0,0,122599.02,0,0,122599.02,0,0,121823.08,0,0,121823.08,0,0,122599.02,0,0,122599.02,0,0,121823.08,0,0,121823.08,0,0,121823.08,0,0,121823.08,0,0,121823.08,0,0,190574.71,0,0,121823.08,0,0,121823.08,0,0,121823.08,0,0,124180.94,0,0,122599.02,0,0,124987.31,0,0,121823.08
both_sexes,0,0,2020-08-31,COVCANCER,0,0,0,0,0,0,0,0,0,0,0,0,0,0,0,0,0,0,0,0,0,0,0,0,0,0,0,0,0,0,0,0,0,0,0,0,0,0,0,0,0,0,0,0,0,0,0,0,0,0,121823.08,0,0,121823.08,0,0,121823.08,0,0,124180.94,0,0,124180.94,0,0,124987.31,0,0,123384.91,0,0,124180.94,0,0,124987.31,0,0,124987.31,0,0,123384.91,0,0,123384.91,0,0,123384.91,0,0,123384.91,0,0,121823.08,0,0,121823.08,0,0,122599.02,0,0,122599.02,0,0,121823.08,0,0,121823.08,0,0,121823.08,0,0,121823.08,0,0,121823.08,0,0,121823.08,0,0,121823.08,0,0,121823.08,0,0,121823.08,0,0,122599.02,0,0,122599.02,0,0,122599.02,0,0,122599.02,0,0,121823.08,0,0,121823.08,0,0,122599.02,0,0,122599.02,0,0,121823.08,0,0,121823.08,0,0,121823.08,0,0,121823.08,0,0,121823.08,0,0,190574.71,0,0,121823.08,0,0,121823.08,0,0,121823.08,0,0,124180.94,0,0,122599.02,0,0,124987.31,0,0,121823.08
both_sexes,0,0,2020-09-07,COVCANCER,0,0,0,0,0,0,0,0,0,0,0,0,0,0,0,0,0,0,0,0,0,0,0,0,0,0,0,0,0,0,0,0,0,0,0,0,0,0,0,0,0,0,0,0,0,0,0,0,0,0,121823.08,0,0,121823.08,0,0,121823.08,0,0,124180.94,0,0,124180.94,0,0,124987.31,0,0,123384.91,0,0,124180.94,0,0,124987.31,0,0,124987.31,0,0,123384.91,0,0,123384.91,0,0,123384.91,0,0,123384.91,0,0,121823.08,0,0,121823.08,0,0,122599.02,0,0,122599.02,0,0,121823.08,0,0,121823.08,0,0,121823.08,0,0,121823.08,0,0,121823.08,0,0,121823.08,0,0,121823.08,0,0,121823.08,0,0,121823.08,0,0,122599.02,0,0,122599.02,0,0,122599.02,0,0,122599.02,0,0,121823.08,0,0,121823.08,0,0,122599.02,0,0,122599.02,0,0,121823.08,0,0,121823.08,0,0,121823.08,0,0,121823.08,0,0,121823.08,0,0,190574.71,0,0,121823.08,0,0,121823.08,0,0,121823.08,0,0,124180.94,0,0,122599.02,0,0,124987.31,0,0,121823.08
both_sexes,0,0,2020-09-14,COVCANCER,0,0,0,0,0,0,0,0,0,0,0,0,0,0,0,0,0,0,0,0,0,0,0,0,0,0,0,0,0,0,0,0,0,0,0,0,0,0,0,0,0,0,0,0,0,0,0,0,0,0,121823.08,0,0,121823.08,0,0,121823.08,0,0,124180.94,0,0,124180.94,0,0,124987.31,0,0,123384.91,0,0,124180.94,0,0,124987.31,0,0,124987.31,0,0,123384.91,0,0,123384.91,0,0,123384.91,0,0,123384.91,0,0,121823.08,0,0,121823.08,0,0,122599.02,0,0,122599.02,0,0,121823.08,0,0,121823.08,0,0,121823.08,0,0,121823.08,0,0,121823.08,0,0,121823.08,0,0,121823.08,0,0,121823.08,0,0,121823.08,0,0,122599.02,0,0,122599.02,0,0,122599.02,0,0,122599.02,0,0,121823.08,0,0,121823.08,0,0,122599.02,0,0,122599.02,0,0,121823.08,0,0,121823.08,0,0,121823.08,0,0,121823.08,0,0,121823.08,0,0,190574.71,0,0,121823.08,0,0,121823.08,0,0,121823.08,0,0,124180.94,0,0,122599.02,0,0,124987.31,0,0,121823.08
both_sexes,0,0,2020-09-21,COVCANCER,0,0,0,0,0,0,0,0,0,0,0,0,0,0,0,0,0,0,0,0,0,0,0,0,0,0,0,0,0,0,0,0,0,0,0,0,0,0,0,0,0,0,0,0,0,0,0,0,0,0,122265.27,0,0,122265.27,0,0,122265.27,0,0,124640.45,0,0,124640.45,0,0,125452.81,0,0,123838.53,0,0,124640.45,0,0,125452.81,0,0,125452.81,0,0,123838.53,0,0,123838.53,0,0,123838.53,0,0,123838.53,0,0,122265.27,0,0,122265.27,0,0,123046.87,0,0,123046.87,0,0,122265.27,0,0,122265.27,0,0,122265.27,0,0,122265.27,0,0,122265.27,0,0,122265.27,0,0,122265.27,0,0,122265.27,0,0,122265.27,0,0,123046.87,0,0,123046.87,0,0,123046.87,0,0,123046.87,0,0,122265.27,0,0,122265.27,0,0,123046.87,0,0,123046.87,0,0,122265.27,0,0,122265.27,0,0,122265.27,0,0,122265.27,0,0,122265.27,0,0,191115.35,0,0,122265.27,0,0,122265.27,0,0,122265.27,0,0,124640.45,0,0,123046.87,0,0,125452.81,0,0,122265.27
both_sexes,0,0,2020-09-28,COVCANCER,0,0,0,0,0,0,0,0,0,0,0,0,0,0,0,0,0,0,0,0,0,0,0,0,0,0,0,0,0,0,0,0,0,0,0,0,0,0,0,0,0,0,0,0,0,0,0,0,0,0,123724.81,0,0,123724.81,0,0,123724.81,0,0,126157.6,0,0,126157.6,0,0,126989.94,0,0,125336.11,0,0,126157.6,0,0,126989.94,0,0,126989.94,0,0,125336.11,0,0,125336.11,0,0,125336.11,0,0,125336.11,0,0,123724.81,0,0,123724.81,0,0,124525.25,0,0,124525.25,0,0,123724.81,0,0,123724.81,0,0,123724.81,0,0,123724.81,0,0,123724.81,0,0,123724.81,0,0,123724.81,0,0,123724.81,0,0,123724.81,0,0,124525.25,0,0,124525.25,0,0,124525.25,0,0,124525.25,0,0,123724.81,0,0,123724.81,0,0,124525.25,0,0,124525.25,0,0,123724.81,0,0,123724.81,0,0,123724.81,0,0,123724.81,0,0,123724.81,0,0,193308.93,0,0,123724.81,0,0,123724.81,0,0,123724.81,0,0,126157.6,0,0,124525.25,0,0,126989.94,0,0,123724.81
both_sexes,0,0,2020-10-05,COVCANCER,0,0,0,0,0,0,0,0,0,0,0,0,0,0,0,0,0,0,0,0,0,0,0,0,0,0,0,0,0,0,0,0,0,0,0,0,0,1,0,0,1,0,0,0,0,0,0,0,0,0,124410.27,0,0,124410.27,0,0,124410.27,0,0,126870.36,0,0,126870.36,0,0,127712.15,0,0,126039.59,0,0,126870.36,0,0,127712.15,0,0,127712.15,0,0,126039.59,0,0,126039.59,0,0,126039.59,0,0,126039.59,0,0,124410.27,0,0,124410.27,0,0,125219.63,0,0,125219.63,0,0,124410.27,0,0,124410.27,0,0,124410.27,0,0,124410.27,0,0,124410.27,0,0,124410.27,0,0,124410.27,0,0,124410.27,0,0,124410.27,0,0,125219.63,0,0,125219.63,0,0,125219.63,0,0,125219.63,0,0,124410.27,0,0,124410.27,0,0,125219.63,0,0,125219.63,0,0,124410.27,0,0,124410.27,0,0,124410.27,0,0,124410.27,0,0,124410.27,52934.78,1340.19,294933.73,0,0,124410.27,0,0,124410.27,33725.76,853.86,187907.92,0,0,126870.36,0,0,125219.63,0,0,127712.15,0,0,124410.27
both_sexes,0,0,2020-10-12,COVCANCER,0,0,0,0,0,0,0,0,0,0,0,0,0,0,0,0,0,0,0,0,0,0,0,0,0,0,0,0,0,0,0,0,0,0,0,0,0,0,0,0,1,0,0,0,0,0,0,0,0,0,124987.31,0,0,124987.31,0,0,124987.31,0,0,127470.5,0,0,127470.5,0,0,128320.31,0,0,126631.88,0,0,127470.5,0,0,128320.31,0,0,128320.31,0,0,126631.88,0,0,126631.88,0,0,126631.88,0,0,126631.88,0,0,124987.31,0,0,124987.31,0,0,125804.22,0,0,125804.22,0,0,124987.31,0,0,124987.31,0,0,124987.31,0,0,124987.31,0,0,124987.31,0,0,124987.31,0,0,124987.31,0,0,124987.31,0,0,124987.31,0,0,125804.22,0,0,125804.22,0,0,125804.22,0,0,125804.22,0,0,124987.31,0,0,124987.31,0,0,125804.22,0,0,125804.22,0,0,124987.31,0,0,124987.31,0,0,124987.31,0,0,124987.31,0,0,124987.31,0,0,196408.63,0,0,124987.31,0,0,124987.31,33882.19,857.82,188779.48,0,0,127470.5,0,0,125804.22,0,0,128320.31,0,0,124987.31
both_sexes,0,0,2020-10-19,COVCANCER,0,0,0,0,0,0,0,0,0,0,0,0,0,0,0,0,0,0,0,0,0,0,0,0,0,0,0,0,0,0,0,0,0,0,0,0,0,1,0,0,0,0,0,0,0,0,0,0,0,0,125804.22,0,0,125804.22,0,0,125804.22,0,0,128320.31,0,0,128320.31,0,0,129181.52,0,0,127470.5,0,0,128320.31,0,0,129181.52,0,0,129181.52,0,0,127470.5,0,0,127470.5,0,0,127470.5,0,0,127470.5,0,0,125804.22,0,0,125804.22,0,0,126631.88,0,0,126631.88,0,0,125804.22,0,0,125804.22,0,0,125804.22,0,0,125804.22,0,0,125804.22,0,0,125804.22,0,0,125804.22,0,0,125804.22,0,0,125804.22,0,0,126631.88,0,0,126631.88,0,0,126631.88,0,0,126631.88,0,0,125804.22,0,0,125804.22,0,0,126631.88,0,0,126631.88,0,0,125804.22,0,0,125804.22,0,0,125804.22,0,0,125804.22,0,0,125804.22,54111.11,1369.97,301487.81,0,0,125804.22,0,0,125804.22,0,0,125804.22,0,0,128320.31,0,0,126631.88,0,0,129181.52,0,0,125804.22
both_sexes,0,0,2020-10-26,COVCANCER,0,0,0,0,0,0,0,0,0,0,0,0,0,0,0,0,0,0,0,0,0,0,0,0,0,0,0,0,0,0,0,0,0,0,0,0,0,0,0,0,0,0,0,0,0,0,0,0,0,0,125804.22,0,0,125804.22,0,0,125804.22,0,0,128320.31,0,0,128320.31,0,0,129181.52,0,0,127470.5,0,0,128320.31,0,0,129181.52,0,0,129181.52,0,0,127470.5,0,0,127470.5,0,0,127470.5,0,0,127470.5,0,0,125804.22,0,0,125804.22,0,0,126631.88,0,0,126631.88,0,0,125804.22,0,0,125804.22,0,0,125804.22,0,0,125804.22,0,0,125804.22,0,0,125804.22,0,0,125804.22,0,0,125804.22,0,0,125804.22,0,0,126631.88,0,0,126631.88,0,0,126631.88,0,0,126631.88,0,0,125804.22,0,0,125804.22,0,0,126631.88,0,0,126631.88,0,0,125804.22,0,0,125804.22,0,0,125804.22,0,0,125804.22,0,0,125804.22,0,0,200500.48,0,0,125804.22,0,0,125804.22,0,0,125804.22,0,0,128320.31,0,0,126631.88,0,0,129181.52,0,0,125804.22
both_sexes,0,0,2020-11-02,COVCANCER,0,0,0,0,0,0,0,0,0,0,0,0,0,0,0,0,0,0,0,0,0,0,0,0,0,0,0,0,0,0,0,0,0,0,0,0,0,1,0,0,0,0,0,0,0,0,0,0,0,0,126631.88,0,0,126631.88,0,0,126631.88,0,0,129181.52,0,0,129181.52,0,0,130054.36,0,0,128320.31,0,0,129181.52,0,0,130054.36,0,0,130054.36,0,0,128320.31,0,0,128320.31,0,0,128320.31,0,0,128320.31,0,0,126631.88,0,0,126631.88,0,0,127470.5,0,0,127470.5,0,0,126631.88,0,0,126631.88,0,0,126631.88,0,0,126631.88,0,0,126631.88,0,0,126631.88,0,0,126631.88,0,0,126631.88,0,0,126631.88,0,0,127470.5,0,0,127470.5,0,0,127470.5,0,0,127470.5,0,0,126631.88,0,0,126631.88,0,0,127470.5,0,0,127470.5,0,0,126631.88,0,0,126631.88,0,0,126631.88,0,0,126631.88,0,0,126631.88,54924.81,1390.58,306021.47,0,0,126631.88,0,0,126631.88,0,0,126631.88,0,0,129181.52,0,0,127470.5,0,0,130054.36,0,0,126631.88
both_sexes,0,0,2020-11-09,COVCANCER,0,0,0,0,0,0,0,0,0,0,0,0,0,0,0,0,0,0,0,0,0,0,0,0,0,0,0,0,0,0,0,0,0,0,0,0,0,1,0,0,0,0,0,0,0,0,0,0,0,0,126631.88,0,0,126631.88,0,0,126631.88,0,0,129181.52,0,0,129181.52,0,0,130054.36,0,0,128320.31,0,0,129181.52,0,0,130054.36,0,0,130054.36,0,0,128320.31,0,0,128320.31,0,0,128320.31,0,0,128320.31,0,0,126631.88,0,0,126631.88,0,0,127470.5,0,0,127470.5,0,0,126631.88,0,0,126631.88,0,0,126631.88,0,0,126631.88,0,0,126631.88,0,0,126631.88,0,0,126631.88,0,0,126631.88,0,0,126631.88,0,0,127470.5,0,0,127470.5,0,0,127470.5,0,0,127470.5,0,0,126631.88,0,0,126631.88,0,0,127470.5,0,0,127470.5,0,0,126631.88,0,0,126631.88,0,0,126631.88,0,0,126631.88,0,0,126631.88,55509.12,1405.37,309277.01,0,0,126631.88,0,0,126631.88,0,0,126631.88,0,0,129181.52,0,0,127470.5,0,0,130054.36,0,0,126631.88
both_sexes,0,0,2020-11-16,COVCANCER,0,0,0,0,0,0,0,0,0,0,0,0,0,0,0,0,0,0,0,0,0,0,0,0,0,0,0,0,0,0,0,0,0,0,0,0,0,1,0,0,0,0,0,0,0,0,0,0,0,0,126751.01,0,0,126751.01,0,0,126751.01,0,0,129305.49,0,0,129305.49,0,0,130180.02,0,0,128442.63,0,0,129305.49,0,0,130180.02,0,0,130180.02,0,0,128442.63,0,0,128442.63,0,0,128442.63,0,0,128442.63,0,0,126751.01,0,0,126751.01,0,0,127591.21,0,0,127591.21,0,0,126751.01,0,0,126751.01,0,0,126751.01,0,0,126751.01,0,0,126751.01,0,0,126751.01,0,0,126751.01,0,0,126751.01,0,0,126751.01,0,0,127591.21,0,0,127591.21,0,0,127591.21,0,0,127591.21,0,0,126751.01,0,0,126751.01,0,0,127591.21,0,0,127591.21,0,0,126751.01,0,0,126751.01,0,0,126751.01,0,0,126751.01,0,0,126751.01,56540.25,1431.48,315022.1,0,0,126751.01,0,0,126751.01,0,0,126751.01,0,0,129305.49,0,0,127591.21,0,0,130180.02,0,0,126751.01
both_sexes,0,0,2020-11-23,COVCANCER,0,0,0,0,0,0,0,0,0,0,0,0,0,0,0,0,0,0,0,0,0,0,0,0,0,0,0,0,0,0,0,0,0,0,0,0,0,1,0,0,0,0,0,0,0,0,0,0,0,0,127591.21,0,0,127591.21,0,0,127591.21,0,0,130180.02,0,0,130180.02,0,0,131066.46,0,0,129305.49,0,0,130180.02,0,0,131066.46,0,0,131066.46,0,0,129305.49,0,0,129305.49,0,0,129305.49,0,0,129305.49,0,0,127591.21,0,0,127591.21,0,0,128442.63,0,0,128442.63,0,0,127591.21,0,0,127591.21,0,0,127591.21,0,0,127591.21,0,0,127591.21,0,0,127591.21,0,0,127591.21,0,0,127591.21,0,0,127591.21,0,0,128442.63,0,0,128442.63,0,0,128442.63,0,0,128442.63,0,0,127591.21,0,0,127591.21,0,0,128442.63,0,0,128442.63,0,0,127591.21,0,0,127591.21,0,0,127591.21,0,0,127591.21,0,0,127591.21,57429.25,1453.98,319975.27,0,0,127591.21,0,0,127591.21,0,0,127591.21,0,0,130180.02,0,0,128442.63,0,0,131066.46,0,0,127591.21
both_sexes,0,0,2020-11-30,COVCANCER,0,0,0,0,0,0,0,0,0,0,0,0,0,0,0,0,0,0,0,0,0,0,0,0,0,0,0,0,0,0,0,0,0,0,0,0,0,3,0,0,0,0,0,0,0,0,0,0,0,0,128320.31,0,0,128320.31,0,0,128320.31,0,0,130939.09,0,0,130939.09,0,0,131835.93,0,0,130054.36,0,0,130939.09,0,0,131835.93,0,0,131835.93,0,0,130054.36,0,0,130054.36,0,0,130054.36,0,0,130054.36,0,0,128320.31,0,0,128320.31,0,0,129181.52,0,0,129181.52,0,0,128320.31,0,0,128320.31,0,0,128320.31,0,0,128320.31,0,0,128320.31,0,0,128320.31,0,0,128320.31,0,0,128320.31,0,0,128320.31,0,0,129181.52,0,0,129181.52,0,0,129181.52,0,0,129181.52,0,0,128320.31,0,0,128320.31,0,0,129181.52,0,0,129181.52,0,0,128320.31,0,0,128320.31,0,0,128320.31,0,0,128320.31,0,0,128320.31,176449.28,36388.08,515659.66,0,0,128320.31,0,0,128320.31,0,0,128320.31,0,0,130939.09,0,0,129181.52,0,0,131835.93,0,0,128320.31
both_sexes,0,0,2020-12-07,COVCANCER,0,0,0,0,0,0,0,0,0,0,0,0,0,0,0,0,0,0,0,0,0,0,0,0,0,0,0,0,0,0,0,0,0,0,0,0,0,1,0,0,0,0,0,0,0,0,0,0,0,0,128320.31,0,0,128320.31,0,0,128320.31,0,0,130939.09,0,0,130939.09,0,0,131835.93,0,0,130054.36,0,0,130939.09,0,0,131835.93,0,0,131835.93,0,0,130054.36,0,0,130054.36,0,0,130054.36,0,0,130054.36,0,0,128320.31,0,0,128320.31,0,0,129181.52,0,0,129181.52,0,0,128320.31,0,0,128320.31,0,0,128320.31,0,0,128320.31,0,0,128320.31,0,0,128320.31,0,0,128320.31,0,0,128320.31,0,0,128320.31,0,0,129181.52,0,0,129181.52,0,0,129181.52,0,0,129181.52,0,0,128320.31,0,0,128320.31,0,0,129181.52,0,0,129181.52,0,0,128320.31,0,0,128320.31,0,0,128320.31,0,0,128320.31,0,0,128320.31,60572.14,1533.55,337486.36,0,0,128320.31,0,0,128320.31,0,0,128320.31,0,0,130939.09,0,0,129181.52,0,0,131835.93,0,0,128320.31
both_sexes,0,0,2020-12-14,COVCANCER,0,0,0,0,0,0,0,0,0,0,0,0,0,0,0,0,0,0,0,0,0,0,0,0,0,0,0,0,0,0,0,0,0,0,0,0,0,1,0,0,0,0,0,0,0,0,0,0,0,0,128320.31,0,0,128320.31,0,0,128320.31,0,0,130939.09,0,0,130939.09,0,0,131835.93,0,0,130054.36,0,0,130939.09,0,0,131835.93,0,0,131835.93,0,0,130054.36,0,0,130054.36,0,0,130054.36,0,0,130054.36,0,0,128320.31,0,0,128320.31,0,0,129181.52,0,0,129181.52,0,0,128320.31,0,0,128320.31,0,0,128320.31,0,0,128320.31,0,0,128320.31,0,0,128320.31,0,0,128320.31,0,0,128320.31,0,0,128320.31,0,0,129181.52,0,0,129181.52,0,0,129181.52,0,0,129181.52,0,0,128320.31,0,0,128320.31,0,0,129181.52,0,0,129181.52,0,0,128320.31,0,0,128320.31,0,0,128320.31,0,0,128320.31,0,0,128320.31,60976.63,1543.79,339740.02,0,0,128320.31,0,0,128320.31,0,0,128320.31,0,0,130939.09,0,0,129181.52,0,0,131835.93,0,0,128320.31
both_sexes,0,0,2020-12-21,COVCANCER,0,0,0,0,0,0,0,0,0,0,0,0,0,0,0,0,0,0,0,0,0,0,0,0,0,0,0,0,0,0,0,0,0,0,0,0,0,1,0,0,0,0,0,0,0,0,0,0,0,0,128320.31,0,0,128320.31,0,0,128320.31,0,0,130939.09,0,0,130939.09,0,0,131835.93,0,0,130054.36,0,0,130939.09,0,0,131835.93,0,0,131835.93,0,0,130054.36,0,0,130054.36,0,0,130054.36,0,0,130054.36,0,0,128320.31,0,0,128320.31,0,0,129181.52,0,0,129181.52,0,0,128320.31,0,0,128320.31,0,0,128320.31,0,0,128320.31,0,0,128320.31,0,0,128320.31,0,0,128320.31,0,0,128320.31,0,0,128320.31,0,0,129181.52,0,0,129181.52,0,0,129181.52,0,0,129181.52,0,0,128320.31,0,0,128320.31,0,0,129181.52,0,0,129181.52,0,0,128320.31,0,0,128320.31,0,0,128320.31,0,0,128320.31,0,0,128320.31,62011.88,1570,345508.11,0,0,128320.31,0,0,128320.31,0,0,128320.31,0,0,130939.09,0,0,129181.52,0,0,131835.93,0,0,128320.31
both_sexes,0,0,2020-12-28,COVCANCER,0,0,0,0,0,0,0,0,0,0,0,0,0,0,0,0,0,0,0,0,0,0,0,0,0,0,0,0,0,0,0,0,0,0,0,0,0,2,0,0,0,0,0,0,0,0,0,0,0,0,128934.28,0,0,128934.28,0,0,128934.28,0,0,131578.44,0,0,131578.44,0,0,132484.09,0,0,130685.08,0,0,131578.44,0,0,132484.09,0,0,132484.09,0,0,130685.08,0,0,130685.08,0,0,130685.08,0,0,130685.08,0,0,128934.28,0,0,128934.28,0,0,129803.78,0,0,129803.78,0,0,128934.28,0,0,128934.28,0,0,128934.28,0,0,128934.28,0,0,128934.28,0,0,128934.28,0,0,128934.28,0,0,128934.28,0,0,128934.28,0,0,129803.78,0,0,129803.78,0,0,129803.78,0,0,129803.78,0,0,128934.28,0,0,128934.28,0,0,129181.52,0,0,129181.52,0,0,128934.28,0,0,128934.28,0,0,128934.28,0,0,128934.28,0,0,128934.28,125731.5,15226.67,454185.4,0,0,128934.28,0,0,128934.28,0,0,128934.28,0,0,131578.44,0,0,129181.52,0,0,131835.93,0,0,128934.28
both_sexes,0,0,2021-01-04,COVCANCER,0,0,0,0,0,0,0,0,0,0,0,0,0,0,0,0,0,0,0,0,0,0,0,0,0,0,0,0,0,0,0,0,0,0,0,0,0,0,0,0,0,0,0,0,0,0,0,0,0,0,129429.7,0,0,129429.7,0,0,129429.7,0,0,132094.43,0,0,132094.43,0,0,133007.23,0,0,131194.08,0,0,132094.43,0,0,133007.23,0,0,133007.23,0,0,131194.08,0,0,131194.08,0,0,131194.08,0,0,131194.08,0,0,129429.7,0,0,129429.7,0,0,130305.92,0,0,130305.92,0,0,129429.7,0,0,129429.7,0,0,129429.7,0,0,129429.7,0,0,129429.7,0,0,129429.7,0,0,129429.7,0,0,129429.7,0,0,129429.7,0,0,130305.92,0,0,130305.92,0,0,130305.92,0,0,130305.92,0,0,129429.7,0,0,129429.7,0,0,129429.7,0,0,129429.7,0,0,129429.7,0,0,129429.7,0,0,129429.7,0,0,129429.7,0,0,129429.7,0,0,235553.01,0,0,129429.7,0,0,129429.7,0,0,129429.7,0,0,132094.43,0,0,129429.7,0,0,132094.43,0,0,129429.7
both_sexes,0,0,2021-01-11,COVCANCER,0,0,0,0,0,0,0,0,0,0,0,0,0,0,0,0,0,0,0,0,0,0,0,0,0,0,0,0,0,0,0,0,0,0,0,0,0,2,0,0,0,0,0,0,0,0,0,0,0,0,130305.92,0,0,130305.92,0,0,130305.92,0,0,133007.23,0,0,133007.23,0,0,133932.73,0,0,132094.43,0,0,133007.23,0,0,133932.73,0,0,133932.73,0,0,132094.43,0,0,132094.43,0,0,132094.43,0,0,132094.43,0,0,130305.92,0,0,130305.92,0,0,131194.08,0,0,131194.08,0,0,130305.92,0,0,130305.92,0,0,130305.92,0,0,130305.92,0,0,130305.92,0,0,130305.92,0,0,130305.92,0,0,130305.92,0,0,130305.92,0,0,131194.08,0,0,131194.08,0,0,131194.08,0,0,131194.08,0,0,130305.92,0,0,130305.92,0,0,130305.92,0,0,130305.92,0,0,130305.92,0,0,130305.92,0,0,130305.92,0,0,130305.92,0,0,130305.92,129521.28,15685.63,467875.38,0,0,130305.92,0,0,130305.92,0,0,130305.92,0,0,133007.23,0,0,130305.92,0,0,133007.23,0,0,130305.92
both_sexes,0,0,2021-01-18,COVCANCER,0,0,0,0,0,0,0,0,0,0,0,0,0,0,0,0,0,0,0,0,0,0,0,0,0,0,0,0,0,0,0,0,0,0,0,0,0,5,0,0,0,0,0,0,0,0,0,0,0,0,130939.09,0,0,130939.09,0,0,130939.09,0,0,133666.99,0,0,133666.99,0,0,134601.72,0,0,132745.14,0,0,133666.99,0,0,134601.72,0,0,134601.72,0,0,132745.14,0,0,132745.14,0,0,132745.14,0,0,132745.14,0,0,130939.09,0,0,130939.09,0,0,131835.93,0,0,131835.93,0,0,130939.09,0,0,130939.09,0,0,130939.09,0,0,130939.09,0,0,130939.09,0,0,130939.09,0,0,130939.09,0,0,130939.09,0,0,130939.09,0,0,131835.93,0,0,131835.93,0,0,131835.93,0,0,131835.93,0,0,130939.09,0,0,130939.09,0,0,130939.09,0,0,130939.09,0,0,130939.09,0,0,130939.09,0,0,130939.09,0,0,130939.09,0,0,130939.09,336325.97,109204.13,784872.61,0,0,130939.09,0,0,130939.09,0,0,130939.09,0,0,133666.99,0,0,130939.09,0,0,133666.99,0,0,130939.09
both_sexes,0,0,2021-01-25,COVCANCER,0,0,0,0,0,0,0,0,0,0,0,0,0,0,0,0,0,0,0,0,0,0,0,0,0,0,0,0,0,0,0,0,0,0,0,0,0,2,0,0,0,0,0,0,0,0,0,0,0,0,130939.09,0,0,130939.09,0,0,130939.09,0,0,133666.99,0,0,133666.99,0,0,134601.72,0,0,132745.14,0,0,133666.99,0,0,134601.72,0,0,134601.72,0,0,132745.14,0,0,132745.14,0,0,132745.14,0,0,132745.14,0,0,130939.09,0,0,130939.09,0,0,131835.93,0,0,131835.93,0,0,130939.09,0,0,130939.09,0,0,130939.09,0,0,130939.09,0,0,130939.09,0,0,130939.09,0,0,130939.09,0,0,130939.09,0,0,130939.09,0,0,131835.93,0,0,131835.93,0,0,131835.93,0,0,131835.93,0,0,130939.09,0,0,130939.09,0,0,130939.09,0,0,130939.09,0,0,130939.09,0,0,130939.09,0,0,130939.09,0,0,130939.09,0,0,130939.09,143516.7,17380.54,518431.66,0,0,130939.09,0,0,130939.09,0,0,130939.09,0,0,133666.99,0,0,130939.09,0,0,133666.99,0,0,130939.09
both_sexes,0,0,2021-02-01,COVCANCER,0,0,0,0,0,0,0,0,0,0,0,0,0,0,0,0,0,0,0,0,0,0,0,0,0,0,0,0,0,0,0,0,0,0,0,0,0,2,0,0,0,0,0,0,0,0,0,0,0,0,130939.09,0,0,130939.09,0,0,130939.09,0,0,133666.99,0,0,133666.99,0,0,134601.72,0,0,132745.14,0,0,133666.99,0,0,134601.72,0,0,134601.72,0,0,132745.14,0,0,132745.14,0,0,132745.14,0,0,132745.14,0,0,130939.09,0,0,130939.09,0,0,131835.93,0,0,131835.93,0,0,130939.09,0,0,130939.09,0,0,130939.09,0,0,130939.09,0,0,130939.09,0,0,130939.09,0,0,130939.09,0,0,130939.09,0,0,130939.09,0,0,131835.93,0,0,131835.93,0,0,131835.93,0,0,131835.93,0,0,130939.09,0,0,130939.09,0,0,130939.09,0,0,130939.09,0,0,130939.09,0,0,130939.09,0,0,130939.09,0,0,130939.09,0,0,130939.09,147874.49,17908.29,534173.52,0,0,130939.09,0,0,130939.09,0,0,130939.09,0,0,133666.99,0,0,130939.09,0,0,133666.99,0,0,130939.09
both_sexes,0,0,2021-02-08,COVCANCER,0,0,1,1,0,0,0,0,0,0,0,0,0,0,0,0,0,0,0,0,0,0,0,0,0,0,0,0,0,0,0,0,0,0,0,0,0,0,0,0,0,0,0,0,0,0,0,0,0,0,131321.95,0,0,131321.95,35634.15,902.18,198540.76,36379.48,921.05,202693.5,0,0,134065.99,0,0,135006.33,0,0,133138.66,0,0,134065.99,0,0,135006.33,0,0,135006.33,0,0,133138.66,0,0,133138.66,0,0,133138.66,0,0,133138.66,0,0,131321.95,0,0,131321.95,0,0,132224.06,0,0,132224.06,0,0,131321.95,0,0,131321.95,0,0,131321.95,0,0,131321.95,0,0,131321.95,0,0,131321.95,0,0,131321.95,0,0,131321.95,0,0,131321.95,0,0,132224.06,0,0,132224.06,0,0,132224.06,0,0,132224.06,0,0,131321.95,0,0,131321.95,0,0,131321.95,0,0,131321.95,0,0,131321.95,0,0,131321.95,0,0,131321.95,0,0,131321.95,0,0,131321.95,0,0,276665.96,0,0,131321.95,0,0,131321.95,0,0,131321.95,0,0,134065.99,0,0,131321.95,0,0,134065.99,0,0,131321.95
both_sexes,0,0,2021-02-15,COVCANCER,0,0,0,0,0,0,0,0,0,0,0,0,0,0,0,0,0,0,0,0,0,0,0,0,0,0,0,0,0,0,0,0,0,0,0,0,0,0,0,0,0,0,0,0,0,0,0,0,0,0,133666.99,0,0,133666.99,0,0,134601.72,0,0,137486.04,0,0,136510.96,0,0,137486.04,0,0,135549.62,0,0,136510.96,0,0,137486.04,0,0,137486.04,0,0,135549.62,0,0,135549.62,0,0,135549.62,0,0,135549.62,0,0,133666.99,0,0,133666.99,0,0,134601.72,0,0,134601.72,0,0,133666.99,0,0,133666.99,0,0,133666.99,0,0,133666.99,0,0,133666.99,0,0,133666.99,0,0,133666.99,0,0,133666.99,0,0,133666.99,0,0,134601.72,0,0,134601.72,0,0,134601.72,0,0,134601.72,0,0,133666.99,0,0,133666.99,0,0,133666.99,0,0,133666.99,0,0,133666.99,0,0,133666.99,0,0,133666.99,0,0,133666.99,0,0,133666.99,0,0,283059.5,0,0,133666.99,0,0,133666.99,0,0,133666.99,0,0,136510.96,0,0,133666.99,0,0,136510.96,0,0,133666.99
both_sexes,0,0,2021-02-22,COVCANCER,0,0,0,0,0,0,0,0,0,0,0,0,0,0,0,0,0,0,0,0,0,0,0,0,0,0,0,0,0,0,0,0,0,0,0,0,0,0,0,0,0,0,0,0,0,0,0,0,0,0,135277.43,0,0,135277.43,0,0,136234.91,0,0,139190.42,0,0,138191.1,0,0,139190.42,0,0,137206.03,0,0,138191.1,0,0,139190.42,0,0,139190.42,0,0,137206.03,0,0,137206.03,0,0,137206.03,0,0,137206.03,0,0,135277.43,0,0,135277.43,0,0,136234.91,0,0,136234.91,0,0,135277.43,0,0,135277.43,0,0,135277.43,0,0,135277.43,0,0,135277.43,0,0,135277.43,0,0,135277.43,0,0,135277.43,0,0,135277.43,0,0,136234.91,0,0,136234.91,0,0,136234.91,0,0,136234.91,0,0,135277.43,0,0,135277.43,0,0,135277.43,0,0,135277.43,0,0,135277.43,0,0,135277.43,0,0,135277.43,0,0,135277.43,0,0,135277.43,0,0,286064.38,0,0,135277.43,0,0,135277.43,0,0,135277.43,0,0,138191.1,0,0,135277.43,0,0,138191.1,0,0,135277.43
both_sexes,0,0,2021-03-01,COVCANCER,0,0,0,0,0,0,0,0,0,0,0,0,0,0,0,0,0,0,0,0,0,0,0,0,0,0,0,0,0,0,0,0,0,0,0,0,0,0,0,0,0,0,0,0,0,0,0,0,0,0,137767.2,0,0,137767.2,0,0,138760.37,0,0,141827.71,0,0,140790.31,0,0,141827.71,0,0,139767.97,0,0,140790.31,0,0,141827.71,0,0,141827.71,0,0,139767.97,0,0,139767.97,0,0,139767.97,0,0,139767.97,0,0,137767.2,0,0,137767.2,0,0,138760.37,0,0,138760.37,0,0,137767.2,0,0,137767.2,0,0,137767.2,0,0,137767.2,0,0,137767.2,0,0,137767.2,0,0,137767.2,0,0,137767.2,0,0,137767.2,0,0,138760.37,0,0,138760.37,0,0,138760.37,0,0,138760.37,0,0,137767.2,0,0,137767.2,0,0,137767.2,0,0,137767.2,0,0,137767.2,0,0,137767.2,0,0,137767.2,0,0,137767.2,0,0,137767.2,0,0,287284.27,0,0,137767.2,0,0,137767.2,0,0,137767.2,0,0,140790.31,0,0,137767.2,0,0,140790.31,0,0,137767.2
both_sexes,0,0,2021-03-08,COVCANCER,0,0,0,0,0,0,0,0,0,0,0,0,0,0,0,0,0,0,0,0,0,0,0,0,0,0,0,0,0,0,0,0,0,0,0,0,0,0,0,0,0,0,0,0,0,0,0,0,0,0,140350.34,0,0,140350.34,0,0,141381.24,0,0,144566.87,0,0,143489.16,0,0,144566.87,0,0,142427.4,0,0,143489.16,0,0,144566.87,0,0,144566.87,0,0,142427.4,0,0,142427.4,0,0,142427.4,0,0,142427.4,0,0,140350.34,0,0,140350.34,0,0,141381.24,0,0,141381.24,0,0,140350.34,0,0,140350.34,0,0,140350.34,0,0,140350.34,0,0,140350.34,0,0,140350.34,0,0,140350.34,0,0,140350.34,0,0,140350.34,0,0,141381.24,0,0,141381.24,0,0,141381.24,0,0,141381.24,0,0,140350.34,0,0,140350.34,0,0,140350.34,0,0,140350.34,0,0,140350.34,0,0,140350.34,0,0,140350.34,0,0,140350.34,0,0,140350.34,0,0,292905.05,0,0,140350.34,0,0,140350.34,0,0,140350.34,0,0,143489.16,0,0,140350.34,0,0,143489.16,0,0,140350.34
both_sexes,0,0,2021-03-15,COVCANCER,0,0,0,0,0,0,0,0,0,0,0,0,0,0,0,0,0,0,0,0,0,0,0,0,0,0,0,0,0,0,0,0,0,0,0,0,0,0,0,0,1,0,0,0,0,0,0,0,0,0,150375.36,0,0,150375.36,0,0,151559.42,0,0,153109.46,0,0,153283.64,0,0,154514.13,0,0,152762.27,0,0,153984.37,0,0,154160.55,0,0,154160.55,0,0,152762.27,0,0,152762.27,0,0,152762.27,0,0,152762.27,0,0,150375.36,0,0,150375.36,0,0,150880.54,0,0,150880.54,0,0,150375.36,0,0,150375.36,0,0,150375.36,0,0,150375.36,0,0,150375.36,0,0,150375.36,0,0,150375.36,0,0,150375.36,0,0,150375.36,0,0,151559.42,0,0,151559.42,0,0,151559.42,0,0,151559.42,0,0,150375.36,0,0,150375.36,0,0,150375.36,0,0,150375.36,0,0,150375.36,0,0,150375.36,0,0,150375.36,0,0,150375.36,0,0,150375.36,0,0,314804.49,0,0,150375.36,0,0,150375.36,40764.51,1032.07,227125.31,0,0,153984.37,0,0,150375.36,0,0,153984.37,0,0,150375.36
both_sexes,0,0,2021-03-22,COVCANCER,0,0,0,0,0,0,0,0,0,0,0,0,0,0,0,0,0,0,0,0,0,0,0,0,0,0,0,0,0,0,0,0,0,0,0,0,0,1,0,0,0,0,0,0,0,0,0,0,0,0,158141.22,0,0,158141.22,0,0,159451.27,0,0,160783.2,0,0,160783.2,0,0,162137.57,0,0,160783.2,0,0,162137.57,0,0,162137.57,0,0,162137.57,0,0,160783.2,0,0,160783.2,0,0,160783.2,0,0,160783.2,0,0,158141.22,0,0,158141.22,0,0,158141.22,0,0,158141.22,0,0,158141.22,0,0,158141.22,0,0,158141.22,0,0,158141.22,0,0,158141.22,0,0,158141.22,0,0,158141.22,0,0,158141.22,0,0,158141.22,0,0,159451.27,0,0,159451.27,0,0,159451.27,0,0,159451.27,0,0,158141.22,0,0,158141.22,0,0,158141.22,0,0,158141.22,0,0,158141.22,0,0,158141.22,0,0,158141.22,0,0,158141.22,0,0,158141.22,88868.61,2249.96,495144.22,0,0,158141.22,0,0,158141.22,0,0,158141.22,0,0,162137.57,0,0,158141.22,0,0,162137.57,0,0,158141.22
both_sexes,0,0,2021-03-29,COVCANCER,0,0,0,1,0,0,0,0,0,0,0,0,0,0,0,0,0,0,0,0,0,0,0,0,0,0,0,0,0,0,0,0,0,0,0,0,0,0,0,0,0,0,0,0,0,0,0,0,0,0,171202.44,0,0,171202.44,0,0,172738.87,47558.59,1204.08,264979.52,0,0,174303.13,0,0,175895.98,0,0,174303.13,0,0,175895.98,0,0,175895.98,0,0,175895.98,0,0,174303.13,0,0,174303.13,0,0,174303.13,0,0,174303.13,0,0,171202.44,0,0,171202.44,0,0,171202.44,0,0,171202.44,0,0,171202.44,0,0,171202.44,0,0,171202.44,0,0,171202.44,0,0,171202.44,0,0,171202.44,0,0,171202.44,0,0,171202.44,0,0,171202.44,0,0,172738.87,0,0,172738.87,0,0,172738.87,0,0,172738.87,0,0,171202.44,0,0,171202.44,0,0,171202.44,0,0,171202.44,0,0,171202.44,0,0,171202.44,0,0,171202.44,0,0,171202.44,0,0,171202.44,0,0,349057.83,0,0,171202.44,0,0,171202.44,0,0,171202.44,0,0,175895.98,0,0,171202.44,0,0,175895.98,0,0,171202.44
both_sexes,0,0,2021-04-05,COVCANCER,0,0,0,0,0,0,0,0,0,0,0,0,0,0,0,0,0,0,0,0,0,0,0,0,0,0,0,0,0,0,0,0,0,0,0,0,0,0,0,0,1,0,0,0,0,0,0,0,0,0,199314.09,0,0,199314.09,0,0,200799.29,0,0,205078.12,0,0,202916.15,0,0,205078.12,0,0,201701.08,0,0,203837.1,0,0,205704.31,0,0,205704.31,0,0,203529.19,0,0,203529.19,0,0,203529.19,0,0,203529.19,0,0,199314.09,0,0,199314.09,0,0,199314.09,0,0,199314.09,0,0,199314.09,0,0,199314.09,0,0,199314.09,0,0,199314.09,0,0,199314.09,0,0,199314.09,0,0,199314.09,0,0,199314.09,0,0,199314.09,0,0,201399.58,0,0,201399.58,0,0,201399.58,0,0,201399.58,0,0,199314.09,0,0,199314.09,0,0,199314.09,0,0,199314.09,0,0,199314.09,0,0,199314.09,0,0,199314.09,0,0,199314.09,0,0,199314.09,0,0,374267.56,0,0,199314.09,0,0,199314.09,54031.07,1367.95,301041.83,0,0,203837.1,0,0,199314.09,0,0,203837.1,0,0,199314.09
both_sexes,0,0,2021-04-12,COVCANCER,0,0,0,0,0,0,0,0,0,0,0,0,0,0,0,0,1,1,0,0,0,0,0,0,0,0,0,0,0,0,0,0,0,0,0,0,0,0,0,0,0,0,0,0,0,0,0,0,0,0,226828.83,0,0,226828.83,0,0,226828.83,0,0,231904.17,0,0,229143.4,0,0,231904.17,0,0,226828.83,0,0,229533.77,0,0,234732.27,0,0,234732.27,0,0,232304,0,0,232304,0,0,232304,0,0,232304,0,0,226828.83,0,0,226828.83,61802.03,1564.69,344338.87,61802.03,1564.69,344338.87,0,0,226828.83,0,0,226828.83,0,0,226828.83,0,0,226828.83,0,0,226828.83,0,0,226828.83,0,0,226828.83,0,0,226828.83,0,0,226828.83,0,0,229533.77,0,0,229533.77,0,0,229533.77,0,0,229533.77,0,0,226828.83,0,0,226828.83,0,0,226828.83,0,0,226828.83,0,0,226828.83,0,0,226828.83,0,0,226828.83,0,0,226828.83,0,0,226828.83,0,0,404613.58,0,0,226828.83,0,0,226828.83,0,0,226828.83,0,0,229533.77,0,0,226828.83,0,0,229533.77,0,0,226828.83
both_sexes,0,0,2021-04-19,COVCANCER,0,0,0,0,0,0,0,0,0,0,0,0,0,0,0,0,0,0,0,0,0,0,0,0,0,0,0,0,0,0,0,0,0,0,0,0,0,0,0,0,0,0,0,0,0,0,0,0,0,0,262132.92,0,0,262132.92,0,0,262132.92,0,0,262132.92,0,0,262132.92,0,0,264707.9,0,0,262132.92,0,0,265752.11,0,0,264707.9,0,0,264707.9,0,0,269472.64,0,0,269472.64,0,0,269472.64,0,0,269472.64,0,0,262132.92,0,0,262132.92,0,0,265752.11,0,0,265752.11,0,0,262132.92,0,0,262132.92,0,0,262132.92,0,0,262132.92,0,0,262132.92,0,0,262132.92,0,0,262132.92,0,0,262132.92,0,0,262132.92,0,0,265752.11,0,0,265752.11,0,0,265752.11,0,0,265752.11,0,0,262132.92,0,0,262132.92,0,0,262132.92,0,0,262132.92,0,0,262132.92,0,0,262132.92,0,0,262132.92,0,0,262132.92,0,0,262132.92,0,0,436039.88,0,0,262132.92,0,0,262132.92,0,0,262132.92,0,0,265752.11,0,0,262132.92,0,0,265752.11,0,0,262132.92
both_sexes,0,0,2021-04-26,COVCANCER,0,0,0,0,0,0,0,0,0,0,0,0,0,0,0,0,0,0,0,0,0,0,0,0,0,0,0,0,0,0,0,0,0,0,0,0,0,0,0,0,0,0,0,0,0,0,0,0,0,0,286064.38,0,0,286064.38,0,0,286064.38,0,0,286064.38,0,0,286064.38,0,0,286064.38,0,0,286064.38,0,0,290380,0,0,286064.38,0,0,286064.38,0,0,294827.84,0,0,294827.84,0,0,294827.84,0,0,294827.84,0,0,286064.38,0,0,286064.38,0,0,290380,0,0,290380,0,0,286064.38,0,0,286064.38,0,0,286064.38,0,0,286064.38,0,0,286064.38,0,0,286064.38,0,0,286064.38,0,0,286064.38,0,0,286064.38,0,0,290380,0,0,290380,0,0,290380,0,0,290380,0,0,286064.38,0,0,286064.38,0,0,286064.38,0,0,286064.38,0,0,286064.38,0,0,286064.38,0,0,286064.38,0,0,286064.38,0,0,286064.38,0,0,464608.01,0,0,286064.38,0,0,286064.38,0,0,286064.38,0,0,290380,0,0,286064.38,0,0,290380,0,0,286064.38
both_sexes,0,0,2021-05-03,COVCANCER,0,0,0,0,0,0,0,0,0,0,0,0,0,0,0,0,0,0,0,0,0,0,0,0,0,0,0,0,0,0,0,0,0,0,0,0,0,0,0,0,0,0,0,0,0,0,0,0,0,0,320038.77,0,0,320038.77,0,0,320038.77,0,0,320038.77,0,0,320038.77,0,0,320038.77,0,0,320038.77,0,0,325450.05,0,0,320038.77,0,0,320038.77,0,0,329428.66,0,0,329428.66,0,0,329428.66,0,0,329428.66,0,0,320038.77,0,0,320038.77,0,0,325450.05,0,0,325450.05,0,0,320038.77,0,0,320038.77,0,0,320038.77,0,0,320038.77,0,0,320038.77,0,0,320038.77,0,0,320038.77,0,0,320038.77,0,0,320038.77,0,0,325450.05,0,0,325450.05,0,0,325450.05,0,0,325450.05,0,0,320038.77,0,0,320038.77,0,0,320038.77,0,0,320038.77,0,0,320038.77,0,0,320038.77,0,0,320038.77,0,0,320038.77,0,0,320038.77,0,0,518216.62,0,0,320038.77,0,0,320038.77,0,0,320038.77,0,0,325450.05,0,0,320038.77,0,0,325450.05,0,0,320038.77
both_sexes,0,0,2021-05-10,COVCANCER,0,0,0,0,0,0,0,0,0,0,0,0,0,0,0,0,0,0,0,0,0,0,0,0,0,0,0,0,0,0,0,0,0,0,0,0,0,0,0,0,0,0,0,0,0,0,0,0,0,0,395121.18,0,0,395121.18,0,0,395121.18,0,0,395121.18,0,0,395121.18,0,0,395121.18,0,0,395121.18,0,0,403402.16,0,0,395121.18,0,0,395121.18,0,0,403402.16,0,0,403402.16,0,0,403402.16,0,0,403402.16,0,0,395121.18,0,0,395121.18,0,0,403402.16,0,0,403402.16,0,0,395121.18,0,0,395121.18,0,0,395121.18,0,0,395121.18,0,0,395121.18,0,0,395121.18,0,0,395121.18,0,0,395121.18,0,0,395121.18,0,0,403402.16,0,0,403402.16,0,0,403402.16,0,0,403402.16,0,0,395121.18,0,0,395121.18,0,0,395121.18,0,0,395121.18,0,0,395121.18,0,0,395121.18,0,0,395121.18,0,0,395121.18,0,0,395121.18,0,0,609666.62,0,0,395121.18,0,0,395121.18,0,0,395121.18,0,0,403402.16,0,0,395121.18,0,0,403402.16,0,0,395121.18
both_sexes,0,0,2021-05-17,COVCANCER,0,0,0,0,0,0,0,0,0,0,0,0,0,0,0,0,0,0,0,0,0,0,0,0,0,0,0,0,0,0,0,0,0,0,0,0,0,1,0,0,0,0,0,0,0,0,0,0,0,0,437455.59,0,0,437455.59,0,0,437455.59,0,0,437455.59,0,0,437455.59,0,0,437455.59,0,0,437455.59,0,0,447628.98,0,0,437455.59,0,0,437455.59,0,0,447628.98,0,0,447628.98,0,0,447628.98,0,0,447628.98,0,0,437455.59,0,0,437455.59,0,0,447628.98,0,0,447628.98,0,0,437455.59,0,0,437455.59,0,0,437455.59,0,0,437455.59,0,0,437455.59,0,0,437455.59,0,0,437455.59,0,0,437455.59,0,0,437455.59,0,0,447628.98,0,0,447628.98,0,0,447628.98,0,0,447628.98,0,0,437455.59,0,0,437455.59,0,0,437455.59,0,0,437455.59,0,0,437455.59,0,0,437455.59,0,0,437455.59,0,0,437455.59,0,0,437455.59,172287.74,4361.95,959925.82,0,0,437455.59,0,0,437455.59,0,0,437455.59,0,0,447628.98,0,0,437455.59,0,0,447628.98,0,0,437455.59
both_sexes,0,0,2021-05-24,COVCANCER,0,0,0,0,0,0,0,0,0,0,0,0,0,0,0,0,0,0,0,0,0,0,0,0,0,0,0,0,0,0,0,0,0,0,0,0,0,0,0,0,0,0,0,0,0,0,0,0,0,0,495354.13,0,0,495354.13,0,0,495354.13,0,0,495354.13,0,0,495354.13,0,0,495354.13,0,0,495354.13,0,0,508438.95,0,0,495354.13,0,0,495354.13,0,0,508438.95,0,0,508438.95,0,0,508438.95,0,0,508438.95,0,0,495354.13,0,0,495354.13,0,0,508438.95,0,0,508438.95,0,0,495354.13,0,0,495354.13,0,0,495354.13,0,0,495354.13,0,0,495354.13,0,0,495354.13,0,0,495354.13,0,0,495354.13,0,0,495354.13,0,0,508438.95,0,0,508438.95,0,0,508438.95,0,0,508438.95,0,0,495354.13,0,0,495354.13,0,0,495354.13,0,0,495354.13,0,0,495354.13,0,0,495354.13,0,0,495354.13,0,0,495354.13,0,0,495354.13,0,0,705425.77,0,0,495354.13,0,0,495354.13,0,0,495354.13,0,0,508438.95,0,0,495354.13,0,0,508438.95,0,0,495354.13
both_sexes,0,0,2021-05-31,COVCANCER,0,0,0,0,0,0,0,0,0,0,0,0,0,0,0,0,0,0,0,0,0,0,0,0,0,0,0,0,0,0,0,0,0,0,0,0,0,0,0,0,0,0,0,0,0,0,0,0,0,0,578267.48,0,0,578267.48,0,0,578267.48,0,0,578267.48,0,0,578267.48,0,0,578267.48,0,0,578267.48,0,0,596178.42,0,0,578267.48,0,0,578267.48,0,0,596178.42,0,0,596178.42,0,0,596178.42,0,0,596178.42,0,0,578267.48,0,0,578267.48,0,0,596178.42,0,0,596178.42,0,0,578267.48,0,0,578267.48,0,0,578267.48,0,0,578267.48,0,0,578267.48,0,0,578267.48,0,0,578267.48,0,0,578267.48,0,0,578267.48,0,0,596178.42,0,0,596178.42,0,0,596178.42,0,0,596178.42,0,0,578267.48,0,0,578267.48,0,0,578267.48,0,0,578267.48,0,0,578267.48,0,0,578267.48,0,0,578267.48,0,0,578267.48,0,0,578267.48,0,0,863694.37,0,0,578267.48,0,0,578267.48,0,0,578267.48,0,0,596178.42,0,0,578267.48,0,0,596178.42,0,0,578267.48
both_sexes,0,0,2021-06-07,COVCANCER,0,0,0,0,0,0,0,0,0,0,0,0,0,0,0,0,0,0,0,0,0,0,0,0,0,0,0,0,0,0,0,0,0,0,0,0,0,0,0,0,0,0,0,0,0,0,0,0,0,0,709138.54,0,0,709138.54,0,0,709138.54,0,0,709138.54,0,0,709138.54,0,0,709138.54,0,0,709138.54,0,0,736264.05,0,0,709138.54,0,0,709138.54,0,0,709138.54,0,0,709138.54,0,0,709138.54,0,0,709138.54,0,0,709138.54,0,0,709138.54,0,0,709138.54,0,0,709138.54,0,0,709138.54,0,0,709138.54,0,0,709138.54,0,0,709138.54,0,0,709138.54,0,0,709138.54,0,0,709138.54,0,0,709138.54,0,0,709138.54,0,0,736264.05,0,0,736264.05,0,0,736264.05,0,0,736264.05,0,0,709138.54,0,0,709138.54,0,0,709138.54,0,0,709138.54,0,0,709138.54,0,0,709138.54,0,0,709138.54,0,0,709138.54,0,0,709138.54,0,0,1013055.05,0,0,709138.54,0,0,709138.54,0,0,709138.54,0,0,736264.05,0,0,709138.54,0,0,736264.05,0,0,709138.54
both_sexes,0,0,2021-06-14,COVCANCER,0,0,0,0,0,0,0,0,0,0,0,0,0,0,0,0,0,0,0,0,0,0,0,0,0,0,0,0,0,0,0,0,0,0,0,0,0,0,0,0,0,0,0,0,0,0,0,0,0,0,774346.68,0,0,774346.68,0,0,774346.68,0,0,774346.68,0,0,774346.68,0,0,774346.68,0,0,774346.68,0,0,806804.32,0,0,774346.68,0,0,774346.68,0,0,774346.68,0,0,774346.68,0,0,774346.68,0,0,774346.68,0,0,774346.68,0,0,774346.68,0,0,774346.68,0,0,774346.68,0,0,774346.68,0,0,774346.68,0,0,774346.68,0,0,774346.68,0,0,774346.68,0,0,774346.68,0,0,774346.68,0,0,774346.68,0,0,774346.68,0,0,806804.32,0,0,806804.32,0,0,806804.32,0,0,806804.32,0,0,774346.68,0,0,774346.68,0,0,774346.68,0,0,774346.68,0,0,774346.68,0,0,774346.68,0,0,774346.68,0,0,774346.68,0,0,774346.68,0,0,1095417.25,0,0,774346.68,0,0,774346.68,0,0,774346.68,0,0,806804.32,0,0,774346.68,0,0,806804.32,0,0,774346.68
both_sexes,0,0,2021-06-21,COVCANCER,0,0,0,0,0,0,0,0,0,0,0,0,0,0,0,0,0,0,0,0,0,0,0,0,0,0,0,0,0,0,0,0,0,0,0,0,0,0,0,0,0,0,0,0,0,0,0,0,0,0,811664.59,0,0,811664.59,0,0,811664.59,0,0,811664.59,0,0,811664.59,0,0,811664.59,0,0,811664.59,0,0,836871.57,0,0,811664.59,0,0,811664.59,0,0,811664.59,0,0,811664.59,0,0,811664.59,0,0,811664.59,0,0,811664.59,0,0,811664.59,0,0,811664.59,0,0,811664.59,0,0,811664.59,0,0,811664.59,0,0,811664.59,0,0,811664.59,0,0,811664.59,0,0,811664.59,0,0,811664.59,0,0,811664.59,0,0,811664.59,0,0,847398.25,0,0,847398.25,0,0,847398.25,0,0,847398.25,0,0,811664.59,0,0,811664.59,0,0,811664.59,0,0,811664.59,0,0,811664.59,0,0,811664.59,0,0,811664.59,0,0,811664.59,0,0,811664.59,0,0,1132238,0,0,811664.59,0,0,811664.59,0,0,811664.59,0,0,847398.25,0,0,811664.59,0,0,847398.25,0,0,811664.59
both_sexes,0,0,2021-06-28,COVCANCER,0,0,0,0,0,0,0,0,0,0,0,0,0,0,0,0,0,0,0,0,0,0,0,0,0,0,0,0,0,0,0,0,0,0,0,0,0,0,0,0,0,0,0,0,0,0,0,0,0,0,1952700.32,0,0,1952700.32,0,0,1952700.32,0,0,1952700.32,0,0,1952700.32,0,0,1952700.32,0,0,1952700.32,0,0,1952700.32,0,0,1952700.32,0,0,1952700.32,0,0,1952700.32,0,0,1952700.32,0,0,1952700.32,0,0,1952700.32,0,0,1952700.32,0,0,1952700.32,0,0,1952700.32,0,0,1952700.32,0,0,1952700.32,0,0,1952700.32,0,0,1952700.32,0,0,1952700.32,0,0,1952700.32,0,0,1952700.32,0,0,1952700.32,0,0,1952700.32,0,0,1952700.32,0,0,2041459.43,0,0,2041459.43,0,0,2041459.43,0,0,2041459.43,0,0,1952700.32,0,0,1952700.32,0,0,1952700.32,0,0,1952700.32,0,0,1952700.32,0,0,1952700.32,0,0,1952700.32,0,0,1952700.32,0,0,1952700.32,0,0,2641888.67,0,0,1952700.32,0,0,1952700.32,0,0,1952700.32,0,0,2041459.43,0,0,1952700.32,0,0,2041459.43,0,0,1952700.32
both_sexes,1,Moderna,2021-03-29,COVCANCER,0,0,0,0,0,0,0,0,0,0,0,0,0,0,0,0,0,0,0,0,0,0,0,0,0,0,0,0,0,0,0,0,0,0,0,0,0,0,0,0,0,0,0,0,0,0,0,0,0,0,1981416.5,0,0,1981416.5,0,0,1981416.5,0,0,2208792.16,0,0,1981416.5,0,0,1981416.5,0,0,1981416.5,0,0,1981416.5,0,0,2208792.16,0,0,2208792.16,0,0,1981416.5,0,0,1981416.5,0,0,1981416.5,0,0,1981416.5,0,0,1981416.5,0,0,1981416.5,0,0,1981416.5,0,0,1981416.5,0,0,1981416.5,0,0,1981416.5,0,0,1981416.5,0,0,1981416.5,0,0,1981416.5,0,0,1981416.5,0,0,1981416.5,0,0,1981416.5,0,0,1981416.5,0,0,1981416.5,0,0,1981416.5,0,0,1981416.5,0,0,1981416.5,0,0,1981416.5,0,0,1981416.5,0,0,1981416.5,0,0,1981416.5,0,0,1981416.5,0,0,1981416.5,0,0,1981416.5,0,0,1981416.5,0,0,1981416.5,0,0,4082918.85,0,0,1981416.5,0,0,1981416.5,0,0,1981416.5,0,0,1981416.5,0,0,1981416.5,0,0,1981416.5,0,0,1981416.5
both_sexes,1,Moderna,2021-04-05,COVCANCER,0,0,0,0,0,0,0,0,0,0,0,0,0,0,0,0,0,0,0,0,0,0,0,0,0,0,0,0,0,0,0,0,0,0,0,0,0,0,0,0,0,0,0,0,0,0,0,0,0,0,1259217.96,0,0,1259217.96,0,0,1259217.96,0,0,1347363.22,0,0,1259217.96,0,0,1259217.96,0,0,1259217.96,0,0,1259217.96,0,0,1347363.22,0,0,1347363.22,0,0,1259217.96,0,0,1259217.96,0,0,1259217.96,0,0,1259217.96,0,0,1259217.96,0,0,1259217.96,0,0,1259217.96,0,0,1259217.96,0,0,1259217.96,0,0,1259217.96,0,0,1259217.96,0,0,1259217.96,0,0,1259217.96,0,0,1259217.96,0,0,1259217.96,0,0,1259217.96,0,0,1259217.96,0,0,1259217.96,0,0,1259217.96,0,0,1259217.96,0,0,1259217.96,0,0,1259217.96,0,0,1259217.96,0,0,1259217.96,0,0,1259217.96,0,0,1259217.96,0,0,1259217.96,0,0,1259217.96,0,0,1259217.96,0,0,1259217.96,0,0,2929050.48,0,0,1259217.96,0,0,1259217.96,0,0,1259217.96,0,0,1259217.96,0,0,1259217.96,0,0,1259217.96,0,0,1259217.96
both_sexes,1,Moderna,2021-04-12,COVCANCER,0,0,0,0,0,0,0,0,0,0,0,0,0,0,0,0,0,0,0,0,0,0,0,0,0,0,0,0,0,0,0,0,0,0,0,0,0,0,0,0,0,0,0,0,0,0,0,0,0,0,1236113.05,0,0,1236113.05,0,0,1236113.05,0,0,1236113.05,0,0,1236113.05,0,0,1236113.05,0,0,1236113.05,0,0,1236113.05,0,0,1236113.05,0,0,1236113.05,0,0,1236113.05,0,0,1236113.05,0,0,1236113.05,0,0,1236113.05,0,0,1236113.05,0,0,1236113.05,0,0,1236113.05,0,0,1236113.05,0,0,1236113.05,0,0,1236113.05,0,0,1236113.05,0,0,1236113.05,0,0,1236113.05,0,0,1236113.05,0,0,1236113.05,0,0,1236113.05,0,0,1236113.05,0,0,1236113.05,0,0,1236113.05,0,0,1236113.05,0,0,1236113.05,0,0,1236113.05,0,0,1236113.05,0,0,1236113.05,0,0,1236113.05,0,0,1236113.05,0,0,1236113.05,0,0,1236113.05,0,0,1236113.05,0,0,1236113.05,0,0,2542194.76,0,0,1236113.05,0,0,1236113.05,0,0,1236113.05,0,0,1236113.05,0,0,1236113.05,0,0,1236113.05,0,0,1236113.05
both_sexes,1,Moderna,2021-04-19,COVCANCER,0,0,0,0,0,0,0,0,0,0,0,0,0,0,0,0,0,0,0,0,0,0,0,0,0,0,0,0,0,0,0,0,0,0,0,0,0,0,0,0,0,0,0,0,0,0,0,0,0,0,1224875.66,0,0,1224875.66,0,0,1224875.66,0,0,1224875.66,0,0,1224875.66,0,0,1224875.66,0,0,1224875.66,0,0,1224875.66,0,0,1224875.66,0,0,1224875.66,0,0,1224875.66,0,0,1224875.66,0,0,1224875.66,0,0,1224875.66,0,0,1224875.66,0,0,1224875.66,0,0,1224875.66,0,0,1224875.66,0,0,1224875.66,0,0,1224875.66,0,0,1224875.66,0,0,1224875.66,0,0,1224875.66,0,0,1224875.66,0,0,1224875.66,0,0,1224875.66,0,0,1224875.66,0,0,1224875.66,0,0,1224875.66,0,0,1224875.66,0,0,1224875.66,0,0,1224875.66,0,0,1224875.66,0,0,1224875.66,0,0,1224875.66,0,0,1224875.66,0,0,1224875.66,0,0,1224875.66,0,0,1224875.66,0,0,1224875.66,0,0,2363795.12,0,0,1224875.66,0,0,1224875.66,0,0,1224875.66,0,0,1224875.66,0,0,1224875.66,0,0,1224875.66,0,0,1224875.66
both_sexes,1,Moderna,2021-04-26,COVCANCER,0,0,0,0,0,0,0,0,0,0,0,0,0,0,0,0,0,0,0,0,0,0,0,0,0,0,0,0,0,0,0,0,0,0,0,0,0,0,0,0,0,0,0,0,0,0,0,0,0,0,1271097.38,0,0,1271097.38,0,0,1271097.38,0,0,1271097.38,0,0,1271097.38,0,0,1271097.38,0,0,1271097.38,0,0,1271097.38,0,0,1271097.38,0,0,1271097.38,0,0,1271097.38,0,0,1271097.38,0,0,1271097.38,0,0,1271097.38,0,0,1271097.38,0,0,1271097.38,0,0,1271097.38,0,0,1271097.38,0,0,1271097.38,0,0,1271097.38,0,0,1271097.38,0,0,1271097.38,0,0,1271097.38,0,0,1271097.38,0,0,1271097.38,0,0,1271097.38,0,0,1271097.38,0,0,1271097.38,0,0,1271097.38,0,0,1271097.38,0,0,1271097.38,0,0,1271097.38,0,0,1271097.38,0,0,1271097.38,0,0,1271097.38,0,0,1271097.38,0,0,1271097.38,0,0,1271097.38,0,0,1271097.38,0,0,1271097.38,0,0,2449751.31,0,0,1271097.38,0,0,1271097.38,0,0,1271097.38,0,0,1271097.38,0,0,1271097.38,0,0,1271097.38,0,0,1271097.38
both_sexes,1,Moderna,2021-05-03,COVCANCER,0,0,0,0,0,0,0,0,0,0,0,0,0,0,0,0,0,0,0,0,0,0,0,0,0,0,0,0,0,0,0,0,0,0,0,0,0,0,0,0,0,0,0,0,0,0,0,0,0,0,1772846.34,0,0,1772846.34,0,0,1772846.34,0,0,1772846.34,0,0,1772846.34,0,0,1772846.34,0,0,1772846.34,0,0,1772846.34,0,0,1772846.34,0,0,1772846.34,0,0,1820761.11,0,0,1820761.11,0,0,1820761.11,0,0,1820761.11,0,0,1772846.34,0,0,1772846.34,0,0,1772846.34,0,0,1772846.34,0,0,1772846.34,0,0,1772846.34,0,0,1772846.34,0,0,1772846.34,0,0,1772846.34,0,0,1772846.34,0,0,1772846.34,0,0,1772846.34,0,0,1772846.34,0,0,1772846.34,0,0,1772846.34,0,0,1772846.34,0,0,1772846.34,0,0,1772846.34,0,0,1772846.34,0,0,1772846.34,0,0,1772846.34,0,0,1772846.34,0,0,1772846.34,0,0,1772846.34,0,0,1772846.34,0,0,1772846.34,0,0,3286251.76,0,0,1772846.34,0,0,1772846.34,0,0,1772846.34,0,0,1772846.34,0,0,1772846.34,0,0,1772846.34,0,0,1772846.34
both_sexes,1,Moderna,2021-05-10,COVCANCER,0,0,0,0,0,0,0,0,0,0,0,0,0,0,0,0,0,0,0,0,0,0,0,0,0,0,0,0,0,0,0,0,0,0,0,0,0,0,0,0,0,0,0,0,0,0,0,0,0,0,1604003.83,0,0,1604003.83,0,0,1604003.83,0,0,1604003.83,0,0,1604003.83,0,0,1604003.83,0,0,1604003.83,0,0,1604003.83,0,0,1604003.83,0,0,1604003.83,0,0,1749822.36,0,0,1749822.36,0,0,1749822.36,0,0,1749822.36,0,0,1604003.83,0,0,1604003.83,0,0,1604003.83,0,0,1604003.83,0,0,1604003.83,0,0,1604003.83,0,0,1604003.83,0,0,1604003.83,0,0,1604003.83,0,0,1604003.83,0,0,1604003.83,0,0,1604003.83,0,0,1604003.83,0,0,1604003.83,0,0,1604003.83,0,0,1604003.83,0,0,1604003.83,0,0,1604003.83,0,0,1604003.83,0,0,1604003.83,0,0,1604003.83,0,0,1604003.83,0,0,1604003.83,0,0,1604003.83,0,0,1604003.83,0,0,1604003.83,0,0,2694726.44,0,0,1604003.83,0,0,1604003.83,0,0,1604003.83,0,0,1604003.83,0,0,1604003.83,0,0,1604003.83,0,0,1604003.83
both_sexes,1,Moderna,2021-05-17,COVCANCER,0,0,0,0,0,0,0,0,0,0,0,0,0,0,0,0,0,0,0,0,0,0,0,0,0,0,0,0,0,0,0,0,0,0,0,0,0,0,0,0,0,0,0,0,0,0,0,0,0,0,1820761.11,0,0,1820761.11,0,0,1820761.11,0,0,1820761.11,0,0,1820761.11,0,0,1820761.11,0,0,1820761.11,0,0,1820761.11,0,0,1820761.11,0,0,1820761.11,0,0,2010989.88,0,0,2010989.88,0,0,2010989.88,0,0,2010989.88,0,0,1820761.11,0,0,1820761.11,0,0,1820761.11,0,0,1820761.11,0,0,1820761.11,0,0,1820761.11,0,0,1820761.11,0,0,1820761.11,0,0,1820761.11,0,0,1820761.11,0,0,1820761.11,0,0,1820761.11,0,0,1820761.11,0,0,1820761.11,0,0,1820761.11,0,0,1820761.11,0,0,1820761.11,0,0,1820761.11,0,0,1820761.11,0,0,1820761.11,0,0,1820761.11,0,0,1820761.11,0,0,1820761.11,0,0,1820761.11,0,0,1820761.11,0,0,1820761.11,0,0,2929050.48,0,0,1820761.11,0,0,1820761.11,0,0,1820761.11,0,0,1820761.11,0,0,1820761.11,0,0,1820761.11,0,0,1820761.11
both_sexes,1,Moderna,2021-05-24,COVCANCER,0,0,0,0,0,0,0,0,0,0,0,0,0,0,0,0,0,0,0,0,0,0,0,0,0,0,0,0,0,0,0,0,0,0,0,0,0,0,0,0,0,0,0,0,0,0,0,0,0,0,2138671.78,0,0,2138671.78,0,0,2138671.78,0,0,2138671.78,0,0,2138671.78,0,0,2138671.78,0,0,2138671.78,0,0,2138671.78,0,0,2138671.78,0,0,2138671.78,0,0,2406005.75,0,0,2406005.75,0,0,2406005.75,0,0,2406005.75,0,0,2138671.78,0,0,2138671.78,0,0,2138671.78,0,0,2138671.78,0,0,2138671.78,0,0,2138671.78,0,0,2138671.78,0,0,2138671.78,0,0,2138671.78,0,0,2138671.78,0,0,2138671.78,0,0,2138671.78,0,0,2138671.78,0,0,2138671.78,0,0,2138671.78,0,0,2138671.78,0,0,2138671.78,0,0,2138671.78,0,0,2138671.78,0,0,2138671.78,0,0,2138671.78,0,0,2138671.78,0,0,2138671.78,0,0,2138671.78,0,0,2138671.78,0,0,2138671.78,0,0,3849609.2,0,0,2138671.78,0,0,2138671.78,0,0,2138671.78,0,0,2138671.78,0,0,2138671.78,0,0,2138671.78,0,0,2138671.78
both_sexes,1,Moderna,2021-05-31,COVCANCER,0,0,0,0,0,0,0,0,0,0,0,0,0,0,0,0,0,0,0,0,0,0,0,0,0,0,0,0,0,0,0,0,0,0,0,0,0,0,0,0,0,0,0,0,0,0,0,0,0,0,2208792.16,0,0,2208792.16,0,0,2208792.16,0,0,2208792.16,0,0,2208792.16,0,0,2208792.16,0,0,2208792.16,0,0,2208792.16,0,0,2208792.16,0,0,2208792.16,0,0,2495117.08,0,0,2495117.08,0,0,2495117.08,0,0,2495117.08,0,0,2208792.16,0,0,2208792.16,0,0,2208792.16,0,0,2208792.16,0,0,2208792.16,0,0,2208792.16,0,0,2208792.16,0,0,2208792.16,0,0,2208792.16,0,0,2208792.16,0,0,2208792.16,0,0,2208792.16,0,0,2208792.16,0,0,2208792.16,0,0,2208792.16,0,0,2208792.16,0,0,2208792.16,0,0,2208792.16,0,0,2208792.16,0,0,2208792.16,0,0,2208792.16,0,0,2208792.16,0,0,2208792.16,0,0,2208792.16,0,0,2208792.16,0,0,2208792.16,0,0,4082918.85,0,0,2208792.16,0,0,2208792.16,0,0,2208792.16,0,0,2208792.16,0,0,2208792.16,0,0,2208792.16,0,0,2208792.16
both_sexes,1,Moderna,2021-06-07,COVCANCER,0,0,0,0,0,0,0,0,0,0,0,0,0,0,0,0,0,0,0,0,0,0,0,0,0,0,0,0,0,0,0,0,0,0,0,0,0,0,0,0,0,0,0,0,0,0,0,0,0,0,2138671.78,0,0,2138671.78,0,0,2138671.78,0,0,2138671.78,0,0,2138671.78,0,0,2138671.78,0,0,2138671.78,0,0,2138671.78,0,0,2138671.78,0,0,2138671.78,0,0,2749720.86,0,0,2749720.86,0,0,2749720.86,0,0,2749720.86,0,0,2138671.78,0,0,2138671.78,0,0,2138671.78,0,0,2138671.78,0,0,2138671.78,0,0,2138671.78,0,0,2138671.78,0,0,2138671.78,0,0,2138671.78,0,0,2138671.78,0,0,2138671.78,0,0,2138671.78,0,0,2138671.78,0,0,2138671.78,0,0,2138671.78,0,0,2138671.78,0,0,2138671.78,0,0,2138671.78,0,0,2138671.78,0,0,2138671.78,0,0,2138671.78,0,0,2138671.78,0,0,2138671.78,0,0,2138671.78,0,0,2138671.78,0,0,2138671.78,0,0,4812011.5,0,0,2138671.78,0,0,2138671.78,0,0,2138671.78,0,0,2138671.78,0,0,2138671.78,0,0,2138671.78,0,0,2138671.78
both_sexes,1,Moderna,2021-06-14,COVCANCER,0,0,0,0,0,0,0,0,0,0,0,0,0,0,0,0,0,0,0,0,0,0,0,0,0,0,0,0,0,0,0,0,0,0,0,0,0,0,0,0,0,0,0,0,0,0,0,0,0,0,2138671.78,0,0,2138671.78,0,0,2138671.78,0,0,2138671.78,0,0,2138671.78,0,0,2138671.78,0,0,2138671.78,0,0,2138671.78,0,0,2138671.78,0,0,2138671.78,0,0,2749720.86,0,0,2749720.86,0,0,2749720.86,0,0,2749720.86,0,0,2138671.78,0,0,2138671.78,0,0,2138671.78,0,0,2138671.78,0,0,2138671.78,0,0,2138671.78,0,0,2138671.78,0,0,2138671.78,0,0,2138671.78,0,0,2138671.78,0,0,2138671.78,0,0,2138671.78,0,0,2138671.78,0,0,2138671.78,0,0,2138671.78,0,0,2138671.78,0,0,2138671.78,0,0,2138671.78,0,0,2138671.78,0,0,2138671.78,0,0,2138671.78,0,0,2138671.78,0,0,2138671.78,0,0,2138671.78,0,0,2138671.78,0,0,2138671.78,0,0,4812011.5,0,0,2138671.78,0,0,2138671.78,0,0,2138671.78,0,0,2138671.78,0,0,2138671.78,0,0,2138671.78,0,0,2138671.78
both_sexes,1,Moderna,2021-06-21,COVCANCER,0,0,0,0,0,0,0,0,0,0,0,0,0,0,0,0,0,0,0,0,0,0,0,0,0,0,0,0,0,0,0,0,0,0,0,0,0,0,0,0,0,0,0,0,0,0,0,0,0,0,2406005.75,0,0,2406005.75,0,0,2406005.75,0,0,2406005.75,0,0,2406005.75,0,0,2406005.75,0,0,2406005.75,0,0,2406005.75,0,0,2406005.75,0,0,2406005.75,0,0,3208007.67,0,0,3208007.67,0,0,3208007.67,0,0,3208007.67,0,0,2406005.75,0,0,2406005.75,0,0,2406005.75,0,0,2406005.75,0,0,2406005.75,0,0,2406005.75,0,0,2406005.75,0,0,2406005.75,0,0,2406005.75,0,0,2406005.75,0,0,2406005.75,0,0,2406005.75,0,0,2406005.75,0,0,2406005.75,0,0,2406005.75,0,0,2406005.75,0,0,2406005.75,0,0,2406005.75,0,0,2406005.75,0,0,2406005.75,0,0,2406005.75,0,0,2406005.75,0,0,2406005.75,0,0,2406005.75,0,0,2406005.75,0,0,2406005.75,0,0,4812011.5,0,0,2406005.75,0,0,2406005.75,0,0,2406005.75,0,0,2406005.75,0,0,2406005.75,0,0,2406005.75,0,0,2406005.75
both_sexes,1,Moderna,2021-06-28,COVCANCER,0,0,0,0,0,0,0,0,0,0,0,0,0,0,0,0,0,0,0,0,0,0,0,0,0,0,0,0,0,0,0,0,0,0,0,0,0,0,0,0,0,0,0,0,0,0,0,0,0,0,5614013.42,0,0,5614013.42,0,0,5614013.42,0,0,5614013.42,0,0,5614013.42,0,0,5614013.42,0,0,5614013.42,0,0,5614013.42,0,0,5614013.42,0,0,5614013.42,0,0,7485351.23,0,0,7485351.23,0,0,7485351.23,0,0,7485351.23,0,0,5614013.42,0,0,5614013.42,0,0,5614013.42,0,0,5614013.42,0,0,5614013.42,0,0,5614013.42,0,0,5614013.42,0,0,5614013.42,0,0,5614013.42,0,0,5614013.42,0,0,5614013.42,0,0,5614013.42,0,0,5614013.42,0,0,5614013.42,0,0,5614013.42,0,0,5614013.42,0,0,5614013.42,0,0,5614013.42,0,0,5614013.42,0,0,5614013.42,0,0,5614013.42,0,0,5614013.42,0,0,5614013.42,0,0,5614013.42,0,0,5614013.42,0,0,5614013.42,0,0,11228026.84,0,0,5614013.42,0,0,5614013.42,0,0,5614013.42,0,0,5614013.42,0,0,5614013.42,0,0,5614013.42,0,0,5614013.42
both_sexes,1,Pfizer,2021-05-10,COVCANCER,0,0,0,0,0,0,0,0,0,0,0,0,0,0,0,0,0,0,0,0,0,0,0,0,0,0,0,0,0,0,0,0,0,0,0,0,0,0,0,0,0,0,0,0,0,0,0,0,0,0,1151592.5,0,0,1151592.5,0,0,1151592.5,0,0,1151592.5,0,0,1224875.66,0,0,1295541.56,0,0,1151592.5,0,0,1151592.5,0,0,1213840.74,0,0,1213840.74,0,0,1151592.5,0,0,1151592.5,0,0,1151592.5,0,0,1151592.5,0,0,1151592.5,0,0,1151592.5,0,0,1224875.66,0,0,1224875.66,0,0,1151592.5,0,0,1151592.5,0,0,1151592.5,0,0,1151592.5,0,0,1151592.5,0,0,1151592.5,0,0,1151592.5,0,0,1151592.5,0,0,1151592.5,0,0,1151592.5,0,0,1151592.5,0,0,1151592.5,0,0,1151592.5,0,0,1151592.5,0,0,1151592.5,0,0,1151592.5,0,0,1151592.5,0,0,1151592.5,0,0,1151592.5,0,0,1151592.5,0,0,1151592.5,0,0,1151592.5,0,0,3849609.2,0,0,1151592.5,0,0,1151592.5,0,0,1151592.5,0,0,1151592.5,0,0,1151592.5,0,0,1151592.5,0,0,1151592.5
both_sexes,1,Pfizer,2021-05-17,COVCANCER,0,0,0,0,0,0,0,0,0,0,0,0,0,0,0,0,0,0,0,0,0,0,0,0,0,0,0,0,0,0,0,0,0,0,0,0,0,0,0,0,0,0,0,0,0,0,0,0,0,0,1171620.19,0,0,1171620.19,0,0,1171620.19,0,0,1171620.19,0,0,1247558.54,0,0,1247558.54,0,0,1171620.19,0,0,1171620.19,0,0,1171620.19,0,0,1171620.19,0,0,1171620.19,0,0,1171620.19,0,0,1171620.19,0,0,1171620.19,0,0,1171620.19,0,0,1171620.19,0,0,1247558.54,0,0,1247558.54,0,0,1171620.19,0,0,1171620.19,0,0,1171620.19,0,0,1171620.19,0,0,1171620.19,0,0,1171620.19,0,0,1171620.19,0,0,1171620.19,0,0,1171620.19,0,0,1171620.19,0,0,1171620.19,0,0,1171620.19,0,0,1171620.19,0,0,1171620.19,0,0,1171620.19,0,0,1171620.19,0,0,1171620.19,0,0,1171620.19,0,0,1171620.19,0,0,1171620.19,0,0,1171620.19,0,0,1171620.19,0,0,4646080.07,0,0,1171620.19,0,0,1171620.19,0,0,1171620.19,0,0,1171620.19,0,0,1171620.19,0,0,1171620.19,0,0,1171620.19
both_sexes,1,Pfizer,2021-05-24,COVCANCER,0,0,0,0,0,0,0,0,0,0,0,0,0,0,0,0,0,0,0,0,0,0,0,0,0,0,0,0,0,0,0,0,0,0,0,0,0,0,0,0,0,0,0,0,0,0,0,0,0,0,1013055.05,0,0,1013055.05,0,0,1013055.05,0,0,1013055.05,0,0,1069335.89,0,0,1069335.89,0,0,1013055.05,0,0,1013055.05,0,0,1013055.05,0,0,1013055.05,0,0,1013055.05,0,0,1013055.05,0,0,1013055.05,0,0,1013055.05,0,0,1013055.05,0,0,1013055.05,0,0,1069335.89,0,0,1069335.89,0,0,1013055.05,0,0,1013055.05,0,0,1013055.05,0,0,1013055.05,0,0,1013055.05,0,0,1013055.05,0,0,1013055.05,0,0,1013055.05,0,0,1013055.05,0,0,1013055.05,0,0,1013055.05,0,0,1013055.05,0,0,1013055.05,0,0,1013055.05,0,0,1013055.05,0,0,1013055.05,0,0,1013055.05,0,0,1013055.05,0,0,1013055.05,0,0,1013055.05,0,0,1013055.05,0,0,1013055.05,0,0,3368408.05,0,0,1013055.05,0,0,1013055.05,0,0,1013055.05,0,0,1013055.05,0,0,1013055.05,0,0,1013055.05,0,0,1013055.05
both_sexes,1,Pfizer,2021-05-31,COVCANCER,0,0,0,0,0,0,0,0,0,0,0,0,0,0,0,0,0,0,0,0,0,0,0,0,0,0,0,0,0,0,0,0,0,0,0,0,0,0,0,0,0,0,0,0,0,0,0,0,0,0,962402.3,0,0,962402.3,0,0,962402.3,0,0,962402.3,0,0,1013055.05,0,0,1013055.05,0,0,962402.3,0,0,962402.3,0,0,962402.3,0,0,962402.3,0,0,962402.3,0,0,962402.3,0,0,962402.3,0,0,962402.3,0,0,962402.3,0,0,962402.3,0,0,1013055.05,0,0,1013055.05,0,0,962402.3,0,0,962402.3,0,0,962402.3,0,0,962402.3,0,0,962402.3,0,0,962402.3,0,0,962402.3,0,0,962402.3,0,0,962402.3,0,0,962402.3,0,0,962402.3,0,0,962402.3,0,0,962402.3,0,0,962402.3,0,0,962402.3,0,0,962402.3,0,0,962402.3,0,0,962402.3,0,0,962402.3,0,0,962402.3,0,0,962402.3,0,0,962402.3,0,0,2208792.16,0,0,962402.3,0,0,962402.3,0,0,962402.3,0,0,962402.3,0,0,962402.3,0,0,962402.3,0,0,962402.3
both_sexes,1,Pfizer,2021-06-07,COVCANCER,0,0,0,0,0,0,0,0,0,0,0,0,0,0,0,0,0,0,0,0,0,0,0,0,0,0,0,0,0,0,0,0,0,0,0,0,0,0,0,0,0,0,0,0,0,0,0,0,0,0,778822.67,0,0,778822.67,0,0,778822.67,0,0,778822.67,0,0,811664.59,0,0,811664.59,0,0,778822.67,0,0,778822.67,0,0,778822.67,0,0,778822.67,0,0,778822.67,0,0,778822.67,0,0,778822.67,0,0,778822.67,0,0,778822.67,0,0,778822.67,0,0,847398.25,0,0,847398.25,0,0,778822.67,0,0,778822.67,0,0,778822.67,0,0,778822.67,0,0,778822.67,0,0,778822.67,0,0,778822.67,0,0,778822.67,0,0,778822.67,0,0,778822.67,0,0,778822.67,0,0,778822.67,0,0,778822.67,0,0,778822.67,0,0,778822.67,0,0,778822.67,0,0,778822.67,0,0,778822.67,0,0,778822.67,0,0,778822.67,0,0,778822.67,0,0,778822.67,0,0,1604003.83,0,0,778822.67,0,0,778822.67,0,0,778822.67,0,0,778822.67,0,0,778822.67,0,0,778822.67,0,0,778822.67
both_sexes,1,Pfizer,2021-06-14,COVCANCER,0,0,0,0,0,0,0,0,0,0,0,0,0,0,0,0,0,0,0,0,0,0,0,0,0,0,0,0,0,0,0,0,0,0,0,0,0,0,0,0,0,0,0,0,0,0,0,0,0,0,756945.63,0,0,756945.63,0,0,756945.63,0,0,756945.63,0,0,787931.71,0,0,787931.71,0,0,756945.63,0,0,756945.63,0,0,756945.63,0,0,756945.63,0,0,756945.63,0,0,756945.63,0,0,756945.63,0,0,756945.63,0,0,756945.63,0,0,756945.63,0,0,821562.94,0,0,821562.94,0,0,756945.63,0,0,756945.63,0,0,756945.63,0,0,756945.63,0,0,756945.63,0,0,756945.63,0,0,756945.63,0,0,756945.63,0,0,756945.63,0,0,756945.63,0,0,756945.63,0,0,756945.63,0,0,756945.63,0,0,756945.63,0,0,756945.63,0,0,756945.63,0,0,756945.63,0,0,756945.63,0,0,756945.63,0,0,756945.63,0,0,756945.63,0,0,756945.63,0,0,1433365.13,0,0,756945.63,0,0,756945.63,0,0,756945.63,0,0,756945.63,0,0,756945.63,0,0,756945.63,0,0,756945.63
both_sexes,2,Moderna,2021-04-26,COVCANCER,0,0,0,0,0,0,0,0,0,0,0,0,0,0,0,0,0,0,0,0,0,0,0,0,0,0,0,0,0,0,0,0,0,0,0,0,0,0,0,0,0,0,0,0,0,0,0,0,0,0,2105255.03,0,0,2105255.03,0,0,2105255.03,0,0,2363795.12,0,0,2105255.03,0,0,2105255.03,0,0,2105255.03,0,0,2105255.03,0,0,2363795.12,0,0,2363795.12,0,0,2105255.03,0,0,2105255.03,0,0,2105255.03,0,0,2105255.03,0,0,2105255.03,0,0,2105255.03,0,0,2105255.03,0,0,2105255.03,0,0,2105255.03,0,0,2105255.03,0,0,2105255.03,0,0,2105255.03,0,0,2105255.03,0,0,2105255.03,0,0,2105255.03,0,0,2105255.03,0,0,2105255.03,0,0,2105255.03,0,0,2105255.03,0,0,2105255.03,0,0,2105255.03,0,0,2105255.03,0,0,2105255.03,0,0,2105255.03,0,0,2105255.03,0,0,2105255.03,0,0,2105255.03,0,0,2105255.03,0,0,2105255.03,0,0,2105255.03,0,0,4346332.97,0,0,2105255.03,0,0,2105255.03,0,0,2105255.03,0,0,2105255.03,0,0,2105255.03,0,0,2105255.03,0,0,2105255.03
both_sexes,2,Moderna,2021-05-03,COVCANCER,0,0,0,0,0,0,0,0,0,0,0,0,0,0,0,0,0,0,0,0,0,0,0,0,0,0,0,0,0,0,0,0,0,0,0,0,0,0,0,0,0,0,0,0,0,0,0,0,0,0,1213840.74,0,0,1213840.74,0,0,1213840.74,0,0,1295541.56,0,0,1213840.74,0,0,1213840.74,0,0,1213840.74,0,0,1213840.74,0,0,1295541.56,0,0,1295541.56,0,0,1213840.74,0,0,1213840.74,0,0,1213840.74,0,0,1213840.74,0,0,1213840.74,0,0,1213840.74,0,0,1213840.74,0,0,1213840.74,0,0,1213840.74,0,0,1213840.74,0,0,1213840.74,0,0,1213840.74,0,0,1213840.74,0,0,1213840.74,0,0,1213840.74,0,0,1213840.74,0,0,1213840.74,0,0,1213840.74,0,0,1213840.74,0,0,1213840.74,0,0,1213840.74,0,0,1213840.74,0,0,1213840.74,0,0,1213840.74,0,0,1213840.74,0,0,1213840.74,0,0,1213840.74,0,0,1213840.74,0,0,1213840.74,0,0,1213840.74,0,0,2495117.08,0,0,1213840.74,0,0,1213840.74,0,0,1213840.74,0,0,1213840.74,0,0,1213840.74,0,0,1213840.74,0,0,1213840.74
both_sexes,2,Moderna,2021-05-10,COVCANCER,0,0,0,0,0,0,0,0,0,0,0,0,0,0,0,0,0,0,0,0,0,0,0,0,0,0,0,0,0,0,0,0,0,0,0,0,0,0,0,0,0,0,0,0,0,0,0,0,0,0,1086583.24,0,0,1086583.24,0,0,1086583.24,0,0,1151592.5,0,0,1086583.24,0,0,1086583.24,0,0,1086583.24,0,0,1086583.24,0,0,1151592.5,0,0,1151592.5,0,0,1086583.24,0,0,1086583.24,0,0,1086583.24,0,0,1086583.24,0,0,1086583.24,0,0,1086583.24,0,0,1086583.24,0,0,1086583.24,0,0,1086583.24,0,0,1086583.24,0,0,1086583.24,0,0,1086583.24,0,0,1086583.24,0,0,1086583.24,0,0,1086583.24,0,0,1086583.24,0,0,1086583.24,0,0,1086583.24,0,0,1086583.24,0,0,1086583.24,0,0,1086583.24,0,0,1086583.24,0,0,1086583.24,0,0,1086583.24,0,0,1086583.24,0,0,1086583.24,0,0,1086583.24,0,0,1086583.24,0,0,1086583.24,0,0,1086583.24,0,0,2245605.37,0,0,1086583.24,0,0,1086583.24,0,0,1086583.24,0,0,1086583.24,0,0,1086583.24,0,0,1086583.24,0,0,1086583.24
both_sexes,2,Moderna,2021-05-17,COVCANCER,0,0,0,0,0,0,0,0,0,0,0,0,0,0,0,0,0,0,0,0,0,0,0,0,0,0,0,0,0,0,0,0,0,0,0,0,0,0,0,0,0,0,0,0,0,0,0,0,0,0,990708.25,0,0,990708.25,0,0,990708.25,0,0,1044467.61,0,0,990708.25,0,0,990708.25,0,0,990708.25,0,0,990708.25,0,0,1044467.61,0,0,1044467.61,0,0,990708.25,0,0,990708.25,0,0,990708.25,0,0,990708.25,0,0,990708.25,0,0,990708.25,0,0,990708.25,0,0,990708.25,0,0,990708.25,0,0,990708.25,0,0,990708.25,0,0,990708.25,0,0,990708.25,0,0,990708.25,0,0,990708.25,0,0,990708.25,0,0,990708.25,0,0,990708.25,0,0,990708.25,0,0,990708.25,0,0,990708.25,0,0,990708.25,0,0,990708.25,0,0,990708.25,0,0,990708.25,0,0,990708.25,0,0,990708.25,0,0,990708.25,0,0,990708.25,0,0,990708.25,0,0,2041459.43,0,0,990708.25,0,0,990708.25,0,0,990708.25,0,0,990708.25,0,0,990708.25,0,0,990708.25,0,0,990708.25
both_sexes,2,Moderna,2021-05-24,COVCANCER,0,0,0,0,0,0,0,0,0,0,0,0,0,0,0,0,0,0,0,0,0,0,0,0,0,0,0,0,0,0,0,0,0,0,0,0,0,0,0,0,0,0,0,0,0,0,0,0,0,0,916573.62,0,0,916573.62,0,0,916573.62,0,0,962402.3,0,0,916573.62,0,0,916573.62,0,0,916573.62,0,0,916573.62,0,0,962402.3,0,0,962402.3,0,0,916573.62,0,0,916573.62,0,0,916573.62,0,0,916573.62,0,0,916573.62,0,0,916573.62,0,0,916573.62,0,0,916573.62,0,0,916573.62,0,0,916573.62,0,0,916573.62,0,0,916573.62,0,0,916573.62,0,0,916573.62,0,0,916573.62,0,0,916573.62,0,0,916573.62,0,0,916573.62,0,0,916573.62,0,0,916573.62,0,0,916573.62,0,0,916573.62,0,0,916573.62,0,0,916573.62,0,0,916573.62,0,0,916573.62,0,0,916573.62,0,0,916573.62,0,0,916573.62,0,0,916573.62,0,0,1749822.36,0,0,916573.62,0,0,916573.62,0,0,916573.62,0,0,916573.62,0,0,916573.62,0,0,916573.62,0,0,916573.62
both_sexes,2,Moderna,2021-05-31,COVCANCER,0,0,0,0,0,0,0,0,0,0,0,0,0,0,0,0,0,0,0,0,0,0,0,0,0,0,0,0,0,0,0,0,0,0,0,0,0,0,0,0,0,0,0,0,0,0,0,0,0,0,904270.62,0,0,904270.62,0,0,904270.62,0,0,948847.34,0,0,904270.62,0,0,904270.62,0,0,904270.62,0,0,904270.62,0,0,948847.34,0,0,948847.34,0,0,904270.62,0,0,904270.62,0,0,904270.62,0,0,904270.62,0,0,904270.62,0,0,904270.62,0,0,904270.62,0,0,904270.62,0,0,904270.62,0,0,904270.62,0,0,904270.62,0,0,904270.62,0,0,904270.62,0,0,904270.62,0,0,904270.62,0,0,904270.62,0,0,904270.62,0,0,904270.62,0,0,904270.62,0,0,904270.62,0,0,904270.62,0,0,904270.62,0,0,904270.62,0,0,904270.62,0,0,904270.62,0,0,904270.62,0,0,904270.62,0,0,904270.62,0,0,904270.62,0,0,904270.62,0,0,1705523.06,0,0,904270.62,0,0,904270.62,0,0,904270.62,0,0,904270.62,0,0,904270.62,0,0,904270.62,0,0,904270.62
both_sexes,2,Moderna,2021-06-07,COVCANCER,0,0,0,0,0,0,0,0,0,0,0,0,0,0,0,0,0,0,0,0,0,0,0,0,0,0,0,0,0,0,0,0,0,0,0,0,0,0,0,0,0,0,0,0,0,0,0,0,0,0,874911.18,0,0,874911.18,0,0,874911.18,0,0,916573.62,0,0,874911.18,0,0,874911.18,0,0,874911.18,0,0,874911.18,0,0,916573.62,0,0,916573.62,0,0,874911.18,0,0,874911.18,0,0,874911.18,0,0,874911.18,0,0,874911.18,0,0,874911.18,0,0,874911.18,0,0,874911.18,0,0,874911.18,0,0,874911.18,0,0,874911.18,0,0,874911.18,0,0,874911.18,0,0,874911.18,0,0,874911.18,0,0,874911.18,0,0,874911.18,0,0,874911.18,0,0,874911.18,0,0,874911.18,0,0,874911.18,0,0,874911.18,0,0,874911.18,0,0,874911.18,0,0,874911.18,0,0,874911.18,0,0,874911.18,0,0,874911.18,0,0,874911.18,0,0,874911.18,0,0,1604003.83,0,0,874911.18,0,0,874911.18,0,0,874911.18,0,0,874911.18,0,0,874911.18,0,0,874911.18,0,0,874911.18
both_sexes,2,Moderna,2021-06-14,COVCANCER,0,0,0,0,0,0,0,0,0,0,0,0,0,0,0,0,0,0,0,0,0,0,0,0,0,0,0,0,0,0,0,0,0,0,0,0,0,0,0,0,0,0,0,0,0,0,0,0,0,0,874911.18,0,0,874911.18,0,0,874911.18,0,0,916573.62,0,0,874911.18,0,0,874911.18,0,0,874911.18,0,0,874911.18,0,0,916573.62,0,0,916573.62,0,0,874911.18,0,0,874911.18,0,0,874911.18,0,0,874911.18,0,0,874911.18,0,0,874911.18,0,0,874911.18,0,0,874911.18,0,0,874911.18,0,0,874911.18,0,0,874911.18,0,0,874911.18,0,0,874911.18,0,0,874911.18,0,0,874911.18,0,0,874911.18,0,0,874911.18,0,0,874911.18,0,0,874911.18,0,0,874911.18,0,0,874911.18,0,0,874911.18,0,0,874911.18,0,0,874911.18,0,0,874911.18,0,0,874911.18,0,0,874911.18,0,0,874911.18,0,0,874911.18,0,0,874911.18,0,0,1604003.83,0,0,874911.18,0,0,874911.18,0,0,874911.18,0,0,874911.18,0,0,874911.18,0,0,874911.18,0,0,874911.18
both_sexes,2,Moderna,2021-06-21,COVCANCER,0,0,0,0,0,0,0,0,0,0,0,0,0,0,0,0,0,0,0,0,0,0,0,0,0,0,0,0,0,0,0,0,0,0,0,0,0,0,0,0,0,0,0,0,0,0,0,0,0,0,874911.18,0,0,874911.18,0,0,874911.18,0,0,916573.62,0,0,874911.18,0,0,874911.18,0,0,874911.18,0,0,874911.18,0,0,916573.62,0,0,916573.62,0,0,874911.18,0,0,874911.18,0,0,874911.18,0,0,874911.18,0,0,874911.18,0,0,874911.18,0,0,874911.18,0,0,874911.18,0,0,874911.18,0,0,874911.18,0,0,874911.18,0,0,874911.18,0,0,874911.18,0,0,874911.18,0,0,874911.18,0,0,874911.18,0,0,874911.18,0,0,874911.18,0,0,874911.18,0,0,874911.18,0,0,874911.18,0,0,874911.18,0,0,874911.18,0,0,874911.18,0,0,874911.18,0,0,874911.18,0,0,874911.18,0,0,874911.18,0,0,874911.18,0,0,874911.18,0,0,1604003.83,0,0,874911.18,0,0,874911.18,0,0,874911.18,0,0,874911.18,0,0,874911.18,0,0,874911.18,0,0,874911.18
both_sexes,2,Moderna,2021-06-28,COVCANCER,0,0,0,0,0,0,0,0,0,0,0,0,0,0,0,0,0,0,0,0,0,0,0,0,0,0,0,0,0,0,0,0,0,0,0,0,0,0,0,0,0,0,0,0,0,0,0,0,0,0,2041459.43,0,0,2041459.43,0,0,2041459.43,0,0,2138671.78,0,0,2041459.43,0,0,2041459.43,0,0,2041459.43,0,0,2041459.43,0,0,2138671.78,0,0,2138671.78,0,0,2041459.43,0,0,2041459.43,0,0,2041459.43,0,0,2041459.43,0,0,2041459.43,0,0,2041459.43,0,0,2041459.43,0,0,2041459.43,0,0,2041459.43,0,0,2041459.43,0,0,2041459.43,0,0,2041459.43,0,0,2041459.43,0,0,2041459.43,0,0,2041459.43,0,0,2041459.43,0,0,2041459.43,0,0,2041459.43,0,0,2041459.43,0,0,2041459.43,0,0,2041459.43,0,0,2041459.43,0,0,2041459.43,0,0,2041459.43,0,0,2041459.43,0,0,2041459.43,0,0,2041459.43,0,0,2041459.43,0,0,2041459.43,0,0,2041459.43,0,0,3742675.61,0,0,2041459.43,0,0,2041459.43,0,0,2041459.43,0,0,2041459.43,0,0,2041459.43,0,0,2041459.43,0,0,2041459.43
both_sexes,2,Pfizer,2021-06-21,COVCANCER,0,0,0,0,0,0,0,0,0,0,0,0,0,0,0,0,0,0,0,0,0,0,0,0,0,0,0,0,0,0,0,0,0,0,0,0,0,0,0,0,0,0,0,0,0,0,0,0,0,0,431847.19,0,0,431847.19,0,0,431847.19,0,0,463011.42,0,0,441758.43,0,0,452135.31,0,0,431847.19,0,0,431847.19,0,0,463011.42,0,0,463011.42,0,0,431847.19,0,0,431847.19,0,0,431847.19,0,0,431847.19,0,0,431847.19,0,0,431847.19,0,0,431847.19,0,0,431847.19,0,0,431847.19,0,0,431847.19,0,0,431847.19,0,0,431847.19,0,0,431847.19,0,0,431847.19,0,0,431847.19,0,0,431847.19,0,0,431847.19,0,0,431847.19,0,0,431847.19,0,0,431847.19,0,0,431847.19,0,0,431847.19,0,0,431847.19,0,0,431847.19,0,0,431847.19,0,0,431847.19,0,0,431847.19,0,0,431847.19,0,0,431847.19,0,0,431847.19,0,0,1604003.83,0,0,431847.19,0,0,431847.19,0,0,431847.19,0,0,431847.19,0,0,431847.19,0,0,431847.19,0,0,431847.19
both_sexes,2,Pfizer,2021-06-28,COVCANCER,0,0,0,0,0,0,0,0,0,0,0,0,0,0,0,0,0,0,0,0,0,0,0,0,0,0,0,0,0,0,0,0,0,0,0,0,0,0,0,0,0,0,0,0,0,0,0,0,0,0,998046.83,0,0,998046.83,0,0,998046.83,0,0,1069335.89,0,0,1020729.71,0,0,1044467.61,0,0,998046.83,0,0,998046.83,0,0,1069335.89,0,0,1069335.89,0,0,998046.83,0,0,998046.83,0,0,998046.83,0,0,998046.83,0,0,998046.83,0,0,998046.83,0,0,998046.83,0,0,998046.83,0,0,998046.83,0,0,998046.83,0,0,998046.83,0,0,998046.83,0,0,998046.83,0,0,998046.83,0,0,998046.83,0,0,998046.83,0,0,998046.83,0,0,998046.83,0,0,998046.83,0,0,998046.83,0,0,998046.83,0,0,998046.83,0,0,998046.83,0,0,998046.83,0,0,998046.83,0,0,998046.83,0,0,998046.83,0,0,998046.83,0,0,998046.83,0,0,998046.83,0,0,3742675.61,0,0,998046.83,0,0,998046.83,0,0,998046.83,0,0,998046.83,0,0,998046.83,0,0,998046.83,0,0,998046.83
both_sexes,1,AstraZeneca,2021-03-15,COVCANCER,0,0,0,0,0,0,0,0,0,0,0,0,0,0,0,0,0,0,0,0,0,0,0,0,0,0,0,0,0,0,0,0,0,0,0,0,0,0,0,0,0,0,0,0,0,0,0,0,0,0,7091385.37,0,0,7091385.37,0,0,7091385.37,0,0,7091385.37,0,0,7091385.37,0,0,7091385.37,0,0,7091385.37,0,0,7091385.37,0,0,7091385.37,0,0,7091385.37,0,0,7091385.37,0,0,7091385.37,0,0,7091385.37,0,0,7091385.37,0,0,7091385.37,0,0,7091385.37,0,0,7091385.37,0,0,7091385.37,0,0,7091385.37,0,0,7091385.37,0,0,7091385.37,0,0,7091385.37,0,0,7091385.37,0,0,7091385.37,0,0,7091385.37,0,0,7091385.37,0,0,7091385.37,0,0,7091385.37,0,0,7091385.37,0,0,7091385.37,0,0,7091385.37,0,0,7091385.37,0,0,7091385.37,0,0,7091385.37,0,0,7091385.37,0,0,7091385.37,0,0,7091385.37,0,0,7091385.37,0,0,7091385.37,0,0,7091385.37,0,0,7091385.37,0,0,7091385.37,0,0,7091385.37,0,0,7091385.37,0,0,7091385.37,0,0,7091385.37,0,0,7091385.37,0,0,7091385.37
both_sexes,1,AstraZeneca,2021-03-22,COVCANCER,0,0,0,0,0,0,0,0,0,0,0,0,0,0,0,0,0,0,0,0,0,0,0,0,0,0,0,0,0,0,0,0,0,0,0,0,0,0,0,0,0,0,0,0,0,0,0,0,0,0,4990234.15,0,0,4990234.15,0,0,4990234.15,0,0,4990234.15,0,0,4990234.15,0,0,4990234.15,0,0,4990234.15,0,0,4990234.15,0,0,4990234.15,0,0,4990234.15,0,0,4990234.15,0,0,4990234.15,0,0,4990234.15,0,0,4990234.15,0,0,4990234.15,0,0,4990234.15,0,0,4990234.15,0,0,4990234.15,0,0,4990234.15,0,0,4990234.15,0,0,4990234.15,0,0,4990234.15,0,0,4990234.15,0,0,4990234.15,0,0,4990234.15,0,0,4990234.15,0,0,4990234.15,0,0,4990234.15,0,0,4990234.15,0,0,4990234.15,0,0,4990234.15,0,0,4990234.15,0,0,4990234.15,0,0,4990234.15,0,0,4990234.15,0,0,4990234.15,0,0,4990234.15,0,0,4990234.15,0,0,4990234.15,0,0,4990234.15,0,0,6416015.34,0,0,4990234.15,0,0,4990234.15,0,0,4990234.15,0,0,4990234.15,0,0,4990234.15,0,0,4990234.15,0,0,4990234.15
both_sexes,1,AstraZeneca,2021-03-29,COVCANCER,0,0,0,0,0,0,0,0,0,0,0,0,0,0,0,0,0,0,0,0,0,0,0,0,0,0,0,0,0,0,0,0,0,0,0,0,0,0,0,0,0,0,0,0,0,0,0,0,0,0,3454777.49,0,0,3454777.49,0,0,3454777.49,0,0,3454777.49,0,0,3454777.49,0,0,3454777.49,0,0,3454777.49,0,0,3454777.49,0,0,3454777.49,0,0,3454777.49,0,0,3454777.49,0,0,3454777.49,0,0,3454777.49,0,0,3454777.49,0,0,3454777.49,0,0,3454777.49,0,0,3454777.49,0,0,3454777.49,0,0,3454777.49,0,0,3454777.49,0,0,3454777.49,0,0,3454777.49,0,0,3454777.49,0,0,3454777.49,0,0,3454777.49,0,0,3454777.49,0,0,3454777.49,0,0,3454777.49,0,0,3454777.49,0,0,3454777.49,0,0,3454777.49,0,0,3454777.49,0,0,3454777.49,0,0,3454777.49,0,0,3454777.49,0,0,3454777.49,0,0,3454777.49,0,0,3454777.49,0,0,3454777.49,0,0,3454777.49,0,0,6124378.28,0,0,3454777.49,0,0,3454777.49,0,0,3454777.49,0,0,3454777.49,0,0,3454777.49,0,0,3454777.49,0,0,3454777.49
both_sexes,1,AstraZeneca,2021-04-05,COVCANCER,0,0,0,0,0,0,0,0,0,0,0,0,0,0,0,0,0,0,0,0,0,0,0,0,0,0,0,0,0,0,0,0,0,0,0,0,0,0,0,0,0,0,0,0,0,0,0,0,0,0,2283666.48,0,0,2283666.48,0,0,2283666.48,0,0,2283666.48,0,0,2283666.48,0,0,2283666.48,0,0,2283666.48,0,0,2283666.48,0,0,2283666.48,0,0,2283666.48,0,0,2283666.48,0,0,2283666.48,0,0,2283666.48,0,0,2283666.48,0,0,2283666.48,0,0,2283666.48,0,0,2283666.48,0,0,2283666.48,0,0,2283666.48,0,0,2283666.48,0,0,2283666.48,0,0,2283666.48,0,0,2283666.48,0,0,2283666.48,0,0,2283666.48,0,0,2283666.48,0,0,2283666.48,0,0,2283666.48,0,0,2283666.48,0,0,2283666.48,0,0,2283666.48,0,0,2283666.48,0,0,2283666.48,0,0,2283666.48,0,0,2283666.48,0,0,2283666.48,0,0,2283666.48,0,0,2283666.48,0,0,2283666.48,0,0,2283666.48,0,0,4646080.07,0,0,2283666.48,0,0,2283666.48,0,0,2283666.48,0,0,2283666.48,0,0,2283666.48,0,0,2283666.48,0,0,2283666.48
both_sexes,1,AstraZeneca,2021-04-12,COVCANCER,0,0,0,0,0,0,0,0,0,0,0,0,0,0,0,0,0,0,0,0,0,0,0,0,0,0,0,0,0,0,0,0,0,0,0,0,0,0,0,0,0,0,0,0,0,0,0,0,0,0,1924804.6,0,0,1924804.6,0,0,1924804.6,0,0,1924804.6,0,0,1924804.6,0,0,1924804.6,0,0,1924804.6,0,0,1924804.6,0,0,1924804.6,0,0,1924804.6,0,0,1924804.6,0,0,1924804.6,0,0,1924804.6,0,0,1924804.6,0,0,1924804.6,0,0,1924804.6,0,0,1924804.6,0,0,1924804.6,0,0,1924804.6,0,0,1924804.6,0,0,1924804.6,0,0,1924804.6,0,0,1924804.6,0,0,1924804.6,0,0,1924804.6,0,0,1924804.6,0,0,1924804.6,0,0,1924804.6,0,0,1924804.6,0,0,1924804.6,0,0,1924804.6,0,0,1924804.6,0,0,1924804.6,0,0,1924804.6,0,0,1924804.6,0,0,1924804.6,0,0,1924804.6,0,0,1924804.6,0,0,1924804.6,0,0,1924804.6,0,0,3849609.2,0,0,1924804.6,0,0,1924804.6,0,0,1924804.6,0,0,1924804.6,0,0,1924804.6,0,0,1924804.6,0,0,1924804.6
both_sexes,1,AstraZeneca,2021-04-19,COVCANCER,0,0,0,0,0,0,0,0,0,0,0,0,0,0,0,0,0,0,0,0,0,0,0,0,0,0,0,0,0,0,0,0,0,0,0,0,0,0,0,0,0,0,0,0,0,0,0,0,0,0,1924804.6,0,0,1924804.6,0,0,1924804.6,0,0,1924804.6,0,0,1924804.6,0,0,1924804.6,0,0,1924804.6,0,0,1924804.6,0,0,1924804.6,0,0,1924804.6,0,0,1924804.6,0,0,1924804.6,0,0,1924804.6,0,0,1924804.6,0,0,1924804.6,0,0,1924804.6,0,0,1924804.6,0,0,1924804.6,0,0,1924804.6,0,0,1924804.6,0,0,1924804.6,0,0,1924804.6,0,0,1924804.6,0,0,1924804.6,0,0,1924804.6,0,0,1924804.6,0,0,1924804.6,0,0,1924804.6,0,0,1924804.6,0,0,1924804.6,0,0,1924804.6,0,0,1924804.6,0,0,1924804.6,0,0,1924804.6,0,0,1924804.6,0,0,1924804.6,0,0,1924804.6,0,0,1924804.6,0,0,1924804.6,0,0,1924804.6,0,0,3849609.2,0,0,1924804.6,0,0,1924804.6,0,0,1924804.6,0,0,1924804.6,0,0,1924804.6,0,0,1924804.6,0,0,1924804.6
both_sexes,1,AstraZeneca,2021-04-26,COVCANCER,0,0,0,0,0,0,0,0,0,0,0,0,0,0,0,0,0,0,0,0,0,0,0,0,0,0,0,0,0,0,0,0,0,0,0,0,0,0,0,0,0,0,0,0,0,0,0,0,0,0,1924804.6,0,0,1924804.6,0,0,1924804.6,0,0,1924804.6,0,0,1924804.6,0,0,1924804.6,0,0,1924804.6,0,0,1924804.6,0,0,1924804.6,0,0,1924804.6,0,0,1924804.6,0,0,1924804.6,0,0,1924804.6,0,0,1924804.6,0,0,1924804.6,0,0,1924804.6,0,0,1924804.6,0,0,1924804.6,0,0,1924804.6,0,0,1924804.6,0,0,1924804.6,0,0,1924804.6,0,0,1924804.6,0,0,1924804.6,0,0,1924804.6,0,0,1924804.6,0,0,1924804.6,0,0,1924804.6,0,0,1924804.6,0,0,1924804.6,0,0,1924804.6,0,0,1924804.6,0,0,1924804.6,0,0,1924804.6,0,0,1924804.6,0,0,1924804.6,0,0,1924804.6,0,0,1924804.6,0,0,1924804.6,0,0,1924804.6,0,0,3849609.2,0,0,1924804.6,0,0,1924804.6,0,0,1924804.6,0,0,1924804.6,0,0,1924804.6,0,0,1924804.6,0,0,1924804.6
both_sexes,1,AstraZeneca,2021-05-03,COVCANCER,0,0,0,0,0,0,0,0,0,0,0,0,0,0,0,0,0,0,0,0,0,0,0,0,0,0,0,0,0,0,0,0,0,0,0,0,0,0,0,0,0,0,0,0,0,0,0,0,0,0,1796484.29,0,0,1796484.29,0,0,1796484.29,0,0,1796484.29,0,0,1796484.29,0,0,1796484.29,0,0,1796484.29,0,0,1796484.29,0,0,1796484.29,0,0,1796484.29,0,0,1796484.29,0,0,1796484.29,0,0,1796484.29,0,0,1796484.29,0,0,1796484.29,0,0,1796484.29,0,0,1796484.29,0,0,1796484.29,0,0,1796484.29,0,0,1796484.29,0,0,1796484.29,0,0,1796484.29,0,0,1796484.29,0,0,1796484.29,0,0,1796484.29,0,0,1796484.29,0,0,1796484.29,0,0,1796484.29,0,0,1796484.29,0,0,1796484.29,0,0,1796484.29,0,0,1796484.29,0,0,1796484.29,0,0,1796484.29,0,0,1796484.29,0,0,1796484.29,0,0,1796484.29,0,0,1796484.29,0,0,1796484.29,0,0,1796484.29,0,0,3368408.05,0,0,1796484.29,0,0,1796484.29,0,0,1796484.29,0,0,1796484.29,0,0,1796484.29,0,0,1796484.29,0,0,1796484.29
both_sexes,1,AstraZeneca,2021-05-10,COVCANCER,0,0,0,0,0,0,0,0,0,0,0,0,0,0,0,0,0,0,0,0,0,0,0,0,0,0,0,0,0,0,0,0,0,0,0,0,0,0,0,0,0,0,0,0,0,0,0,0,0,0,1727388.74,0,0,1727388.74,0,0,1727388.74,0,0,1727388.74,0,0,1727388.74,0,0,1727388.74,0,0,1727388.74,0,0,1727388.74,0,0,1727388.74,0,0,1727388.74,0,0,1727388.74,0,0,1727388.74,0,0,1727388.74,0,0,1727388.74,0,0,1727388.74,0,0,1727388.74,0,0,1727388.74,0,0,1727388.74,0,0,1727388.74,0,0,1727388.74,0,0,1727388.74,0,0,1727388.74,0,0,1727388.74,0,0,1727388.74,0,0,1727388.74,0,0,1727388.74,0,0,1727388.74,0,0,1727388.74,0,0,1727388.74,0,0,1727388.74,0,0,1727388.74,0,0,1727388.74,0,0,1727388.74,0,0,1727388.74,0,0,1727388.74,0,0,1727388.74,0,0,1727388.74,0,0,1727388.74,0,0,1727388.74,0,0,1727388.74,0,0,3454777.49,0,0,1727388.74,0,0,1727388.74,0,0,1727388.74,0,0,1727388.74,0,0,1727388.74,0,0,1727388.74,0,0,1727388.74
both_sexes,1,AstraZeneca,2021-05-17,COVCANCER,0,0,0,0,0,0,0,0,0,0,0,0,0,0,0,0,0,0,0,0,0,0,0,0,0,0,0,0,0,0,0,0,0,0,0,0,0,0,0,0,0,0,0,0,0,0,0,0,0,0,1604003.83,0,0,1604003.83,0,0,1604003.83,0,0,1604003.83,0,0,1604003.83,0,0,1604003.83,0,0,1604003.83,0,0,1604003.83,0,0,1604003.83,0,0,1604003.83,0,0,1604003.83,0,0,1604003.83,0,0,1604003.83,0,0,1604003.83,0,0,1604003.83,0,0,1604003.83,0,0,1604003.83,0,0,1604003.83,0,0,1604003.83,0,0,1604003.83,0,0,1604003.83,0,0,1604003.83,0,0,1604003.83,0,0,1604003.83,0,0,1604003.83,0,0,1604003.83,0,0,1604003.83,0,0,1604003.83,0,0,1604003.83,0,0,1604003.83,0,0,1604003.83,0,0,1604003.83,0,0,1604003.83,0,0,1604003.83,0,0,1604003.83,0,0,1604003.83,0,0,1604003.83,0,0,1604003.83,0,0,1604003.83,0,0,1604003.83,0,0,3849609.2,0,0,1604003.83,0,0,1604003.83,0,0,1604003.83,0,0,1604003.83,0,0,1604003.83,0,0,1604003.83,0,0,1604003.83
both_sexes,1,AstraZeneca,2021-05-24,COVCANCER,0,0,0,0,0,0,0,0,0,0,0,0,0,0,0,0,0,0,0,0,0,0,0,0,0,0,0,0,0,0,0,0,0,0,0,0,0,0,0,0,0,0,0,0,0,0,0,0,0,0,1604003.83,0,0,1604003.83,0,0,1604003.83,0,0,1604003.83,0,0,1604003.83,0,0,1604003.83,0,0,1604003.83,0,0,1604003.83,0,0,1604003.83,0,0,1604003.83,0,0,1604003.83,0,0,1604003.83,0,0,1604003.83,0,0,1604003.83,0,0,1604003.83,0,0,1604003.83,0,0,1604003.83,0,0,1604003.83,0,0,1604003.83,0,0,1604003.83,0,0,1604003.83,0,0,1604003.83,0,0,1604003.83,0,0,1604003.83,0,0,1604003.83,0,0,1604003.83,0,0,1604003.83,0,0,1604003.83,0,0,1604003.83,0,0,1604003.83,0,0,1604003.83,0,0,1604003.83,0,0,1604003.83,0,0,1604003.83,0,0,1604003.83,0,0,1604003.83,0,0,1604003.83,0,0,1604003.83,0,0,1604003.83,0,0,1604003.83,0,0,3849609.2,0,0,1604003.83,0,0,1604003.83,0,0,1604003.83,0,0,1604003.83,0,0,1604003.83,0,0,1604003.83,0,0,1604003.83
both_sexes,1,AstraZeneca,2021-05-31,COVCANCER,0,0,0,0,0,0,0,0,0,0,0,0,0,0,0,0,0,0,0,0,0,0,0,0,0,0,0,0,0,0,0,0,0,0,0,0,0,0,0,0,0,0,0,0,0,0,0,0,0,0,1663411.38,0,0,1663411.38,0,0,1663411.38,0,0,1663411.38,0,0,1663411.38,0,0,1663411.38,0,0,1663411.38,0,0,1663411.38,0,0,1663411.38,0,0,1663411.38,0,0,1663411.38,0,0,1663411.38,0,0,1663411.38,0,0,1663411.38,0,0,1663411.38,0,0,1663411.38,0,0,1663411.38,0,0,1663411.38,0,0,1663411.38,0,0,1663411.38,0,0,1663411.38,0,0,1663411.38,0,0,1663411.38,0,0,1663411.38,0,0,1663411.38,0,0,1663411.38,0,0,1663411.38,0,0,1663411.38,0,0,1663411.38,0,0,1663411.38,0,0,1663411.38,0,0,1663411.38,0,0,1663411.38,0,0,1663411.38,0,0,1663411.38,0,0,1663411.38,0,0,1663411.38,0,0,1663411.38,0,0,1663411.38,0,0,1663411.38,0,0,4210510.06,0,0,1663411.38,0,0,1663411.38,0,0,1663411.38,0,0,1663411.38,0,0,1663411.38,0,0,1663411.38,0,0,1663411.38
both_sexes,1,AstraZeneca,2021-02-08,COVCANCER,0,0,0,0,0,0,0,0,0,0,0,0,0,0,0,0,0,0,0,0,0,0,0,0,0,0,0,0,0,0,0,0,0,0,0,0,0,0,0,0,0,0,0,0,0,0,0,0,0,0,134736322.06,0,0,134736322.06,0,0,134736322.06,0,0,134736322.06,0,0,134736322.06,0,0,134736322.06,0,0,134736322.06,0,0,134736322.06,0,0,134736322.06,0,0,134736322.06,0,0,134736322.06,0,0,134736322.06,0,0,134736322.06,0,0,134736322.06,0,0,134736322.06,0,0,134736322.06,0,0,134736322.06,0,0,134736322.06,0,0,134736322.06,0,0,134736322.06,0,0,134736322.06,0,0,134736322.06,0,0,134736322.06,0,0,134736322.06,0,0,134736322.06,0,0,134736322.06,0,0,134736322.06,0,0,134736322.06,0,0,134736322.06,0,0,134736322.06,0,0,134736322.06,0,0,134736322.06,0,0,134736322.06,0,0,134736322.06,0,0,134736322.06,0,0,134736322.06,0,0,134736322.06,0,0,134736322.06,0,0,134736322.06,0,0,134736322.06,0,0,134736322.06,0,0,134736322.06,0,0,134736322.06,0,0,134736322.06,0,0,134736322.06,0,0,134736322.06,0,0,134736322.06,0,0,134736322.06
both_sexes,1,AstraZeneca,2021-02-15,COVCANCER,0,0,0,0,0,0,0,0,0,0,0,0,0,0,0,0,0,0,0,0,0,0,0,0,0,0,0,0,0,0,0,0,0,0,0,0,0,0,0,0,0,0,0,0,0,0,0,0,0,0,19248046.01,0,0,19248046.01,0,0,19248046.01,0,0,19248046.01,0,0,19248046.01,0,0,19248046.01,0,0,19248046.01,0,0,19248046.01,0,0,19248046.01,0,0,19248046.01,0,0,19248046.01,0,0,19248046.01,0,0,19248046.01,0,0,19248046.01,0,0,19248046.01,0,0,19248046.01,0,0,19248046.01,0,0,19248046.01,0,0,19248046.01,0,0,19248046.01,0,0,19248046.01,0,0,19248046.01,0,0,19248046.01,0,0,19248046.01,0,0,19248046.01,0,0,19248046.01,0,0,19248046.01,0,0,19248046.01,0,0,19248046.01,0,0,19248046.01,0,0,19248046.01,0,0,19248046.01,0,0,19248046.01,0,0,19248046.01,0,0,19248046.01,0,0,19248046.01,0,0,19248046.01,0,0,19248046.01,0,0,19248046.01,0,0,19248046.01,0,0,19248046.01,0,0,19248046.01,0,0,19248046.01,0,0,19248046.01,0,0,19248046.01,0,0,19248046.01,0,0,19248046.01,0,0,19248046.01
both_sexes,1,AstraZeneca,2021-02-22,COVCANCER,0,0,0,0,0,0,0,0,0,0,0,0,0,0,0,0,0,0,0,0,0,0,0,0,0,0,0,0,0,0,0,0,0,0,0,0,0,0,0,0,0,0,0,0,0,0,0,0,0,0,19248046.01,0,0,19248046.01,0,0,19248046.01,0,0,19248046.01,0,0,19248046.01,0,0,19248046.01,0,0,19248046.01,0,0,19248046.01,0,0,19248046.01,0,0,19248046.01,0,0,19248046.01,0,0,19248046.01,0,0,19248046.01,0,0,19248046.01,0,0,19248046.01,0,0,19248046.01,0,0,19248046.01,0,0,19248046.01,0,0,19248046.01,0,0,19248046.01,0,0,19248046.01,0,0,19248046.01,0,0,19248046.01,0,0,19248046.01,0,0,19248046.01,0,0,19248046.01,0,0,19248046.01,0,0,19248046.01,0,0,19248046.01,0,0,19248046.01,0,0,19248046.01,0,0,19248046.01,0,0,19248046.01,0,0,19248046.01,0,0,19248046.01,0,0,19248046.01,0,0,19248046.01,0,0,19248046.01,0,0,19248046.01,0,0,19248046.01,0,0,19248046.01,0,0,19248046.01,0,0,19248046.01,0,0,19248046.01,0,0,19248046.01,0,0,19248046.01,0,0,19248046.01,0,0,19248046.01
both_sexes,1,AstraZeneca,2021-03-01,COVCANCER,0,0,0,0,0,0,0,0,0,0,0,0,0,0,0,0,0,0,0,0,0,0,0,0,0,0,0,0,0,0,0,0,0,0,0,0,0,0,0,0,0,0,0,0,0,0,0,0,0,0,19248046.01,0,0,19248046.01,0,0,19248046.01,0,0,19248046.01,0,0,19248046.01,0,0,19248046.01,0,0,19248046.01,0,0,19248046.01,0,0,19248046.01,0,0,19248046.01,0,0,19248046.01,0,0,19248046.01,0,0,19248046.01,0,0,19248046.01,0,0,19248046.01,0,0,19248046.01,0,0,19248046.01,0,0,19248046.01,0,0,19248046.01,0,0,19248046.01,0,0,19248046.01,0,0,19248046.01,0,0,19248046.01,0,0,19248046.01,0,0,19248046.01,0,0,19248046.01,0,0,19248046.01,0,0,19248046.01,0,0,19248046.01,0,0,19248046.01,0,0,19248046.01,0,0,19248046.01,0,0,19248046.01,0,0,19248046.01,0,0,19248046.01,0,0,19248046.01,0,0,19248046.01,0,0,19248046.01,0,0,19248046.01,0,0,19248046.01,0,0,19248046.01,0,0,19248046.01,0,0,19248046.01,0,0,19248046.01,0,0,19248046.01,0,0,19248046.01,0,0,19248046.01,0,0,19248046.01
both_sexes,1,AstraZeneca,2021-03-08,COVCANCER,0,0,0,0,0,0,0,0,0,0,0,0,0,0,0,0,0,0,0,0,0,0,0,0,0,0,0,0,0,0,0,0,0,0,0,0,0,0,0,0,0,0,0,0,0,0,0,0,0,0,19248046.01,0,0,19248046.01,0,0,19248046.01,0,0,19248046.01,0,0,19248046.01,0,0,19248046.01,0,0,19248046.01,0,0,19248046.01,0,0,19248046.01,0,0,19248046.01,0,0,19248046.01,0,0,19248046.01,0,0,19248046.01,0,0,19248046.01,0,0,19248046.01,0,0,19248046.01,0,0,19248046.01,0,0,19248046.01,0,0,19248046.01,0,0,19248046.01,0,0,19248046.01,0,0,19248046.01,0,0,19248046.01,0,0,19248046.01,0,0,19248046.01,0,0,19248046.01,0,0,19248046.01,0,0,19248046.01,0,0,19248046.01,0,0,19248046.01,0,0,19248046.01,0,0,19248046.01,0,0,19248046.01,0,0,19248046.01,0,0,19248046.01,0,0,19248046.01,0,0,19248046.01,0,0,19248046.01,0,0,19248046.01,0,0,19248046.01,0,0,19248046.01,0,0,19248046.01,0,0,19248046.01,0,0,19248046.01,0,0,19248046.01,0,0,19248046.01,0,0,19248046.01,0,0,19248046.01
both_sexes,1,Pfizer,2021-03-15,COVCANCER,0,0,0,0,1,1,0,0,0,0,0,0,0,0,0,0,0,0,0,0,0,0,0,0,0,0,0,0,0,0,0,0,0,0,0,0,0,0,0,0,0,0,0,0,0,0,0,0,0,0,2542194.76,0,0,2542194.76,0,0,2542194.76,0,0,2866730.26,745408.16,18872.1,4153148.47,745408.16,18872.1,4153148.47,0,0,2542194.76,0,0,2542194.76,0,0,2542194.76,0,0,2542194.76,0,0,2542194.76,0,0,2542194.76,0,0,2542194.76,0,0,2542194.76,0,0,2542194.76,0,0,2542194.76,0,0,2749720.86,0,0,2749720.86,0,0,2542194.76,0,0,2542194.76,0,0,2542194.76,0,0,2542194.76,0,0,2542194.76,0,0,2542194.76,0,0,2542194.76,0,0,2542194.76,0,0,2542194.76,0,0,2542194.76,0,0,2542194.76,0,0,2542194.76,0,0,2542194.76,0,0,2542194.76,0,0,2542194.76,0,0,2542194.76,0,0,2542194.76,0,0,2542194.76,0,0,2542194.76,0,0,2542194.76,0,0,2542194.76,0,0,2542194.76,0,0,9624023,0,0,2542194.76,0,0,2542194.76,0,0,2542194.76,0,0,2542194.76,0,0,2542194.76,0,0,2542194.76,0,0,2542194.76
both_sexes,1,Pfizer,2021-03-22,COVCANCER,0,0,0,0,0,0,0,0,0,0,0,0,0,0,0,0,0,0,0,0,0,0,0,0,0,0,0,0,0,0,0,0,0,0,0,0,0,0,0,0,0,0,0,0,0,0,0,0,0,0,2105255.03,0,0,2105255.03,0,0,2105255.03,0,0,2363795.12,0,0,2694726.44,0,0,2694726.44,0,0,2105255.03,0,0,2105255.03,0,0,2105255.03,0,0,2105255.03,0,0,2105255.03,0,0,2105255.03,0,0,2105255.03,0,0,2105255.03,0,0,2105255.03,0,0,2105255.03,0,0,2363795.12,0,0,2363795.12,0,0,2105255.03,0,0,2105255.03,0,0,2105255.03,0,0,2105255.03,0,0,2105255.03,0,0,2105255.03,0,0,2105255.03,0,0,2105255.03,0,0,2105255.03,0,0,2105255.03,0,0,2105255.03,0,0,2105255.03,0,0,2105255.03,0,0,2105255.03,0,0,2105255.03,0,0,2105255.03,0,0,2105255.03,0,0,2105255.03,0,0,2105255.03,0,0,2105255.03,0,0,2105255.03,0,0,2105255.03,0,0,6416015.34,0,0,2105255.03,0,0,2105255.03,0,0,2105255.03,0,0,2105255.03,0,0,2105255.03,0,0,2105255.03,0,0,2105255.03
both_sexes,1,Pfizer,2021-03-29,COVCANCER,0,0,0,0,0,0,0,0,0,0,0,0,0,0,0,0,0,0,0,0,0,0,0,0,0,0,0,0,0,0,0,0,0,0,0,0,0,0,0,0,0,0,0,0,0,0,0,0,0,0,1820761.11,0,0,1820761.11,0,0,1820761.11,0,0,1952700.32,0,0,2208792.16,0,0,2208792.16,0,0,1820761.11,0,0,1820761.11,0,0,1820761.11,0,0,1820761.11,0,0,1820761.11,0,0,1820761.11,0,0,1820761.11,0,0,1820761.11,0,0,1820761.11,0,0,1820761.11,0,0,2010989.88,0,0,2010989.88,0,0,1820761.11,0,0,1820761.11,0,0,1820761.11,0,0,1820761.11,0,0,1820761.11,0,0,1820761.11,0,0,1820761.11,0,0,1820761.11,0,0,1820761.11,0,0,1820761.11,0,0,1820761.11,0,0,1820761.11,0,0,1820761.11,0,0,1820761.11,0,0,1820761.11,0,0,1820761.11,0,0,1820761.11,0,0,1820761.11,0,0,1820761.11,0,0,1820761.11,0,0,1820761.11,0,0,1820761.11,0,0,7485351.23,0,0,1820761.11,0,0,1820761.11,0,0,1820761.11,0,0,1820761.11,0,0,1820761.11,0,0,1820761.11,0,0,1820761.11
both_sexes,1,Pfizer,2021-04-05,COVCANCER,0,0,0,0,0,0,0,0,0,0,0,0,0,0,0,0,0,0,0,0,0,0,0,0,0,0,0,0,0,0,0,0,0,0,0,0,0,0,0,0,0,0,0,0,0,0,0,0,0,0,1623329.18,0,0,1623329.18,0,0,1663411.38,0,0,1663411.38,0,0,1820761.11,0,0,1820761.11,0,0,1663411.38,0,0,1663411.38,0,0,1623329.18,0,0,1623329.18,0,0,1623329.18,0,0,1623329.18,0,0,1623329.18,0,0,1623329.18,0,0,1623329.18,0,0,1623329.18,0,0,1772846.34,0,0,1772846.34,0,0,1623329.18,0,0,1623329.18,0,0,1623329.18,0,0,1623329.18,0,0,1623329.18,0,0,1623329.18,0,0,1623329.18,0,0,1623329.18,0,0,1623329.18,0,0,1623329.18,0,0,1623329.18,0,0,1623329.18,0,0,1623329.18,0,0,1623329.18,0,0,1623329.18,0,0,1623329.18,0,0,1623329.18,0,0,1623329.18,0,0,1623329.18,0,0,1623329.18,0,0,1623329.18,0,0,1623329.18,0,0,22456053.68,0,0,1623329.18,0,0,1623329.18,0,0,1623329.18,0,0,1663411.38,0,0,1623329.18,0,0,1663411.38,0,0,1623329.18
both_sexes,1,Pfizer,2021-06-21,COVCANCER,0,0,0,0,0,0,0,0,0,0,0,0,0,0,0,0,0,0,0,0,0,0,0,0,0,0,0,0,0,0,0,0,0,0,0,0,0,0,0,0,0,0,0,0,0,0,0,0,0,0,802001.92,0,0,802001.92,0,0,802001.92,0,0,802001.92,0,0,836871.57,0,0,836871.57,0,0,802001.92,0,0,802001.92,0,0,802001.92,0,0,802001.92,0,0,802001.92,0,0,802001.92,0,0,802001.92,0,0,802001.92,0,0,802001.92,0,0,802001.92,0,0,874911.18,0,0,874911.18,0,0,802001.92,0,0,802001.92,0,0,802001.92,0,0,802001.92,0,0,802001.92,0,0,802001.92,0,0,802001.92,0,0,802001.92,0,0,802001.92,0,0,802001.92,0,0,802001.92,0,0,802001.92,0,0,802001.92,0,0,802001.92,0,0,802001.92,0,0,802001.92,0,0,802001.92,0,0,802001.92,0,0,802001.92,0,0,802001.92,0,0,802001.92,0,0,802001.92,0,0,1480618.92,0,0,802001.92,0,0,802001.92,0,0,802001.92,0,0,802001.92,0,0,802001.92,0,0,802001.92,0,0,802001.92
both_sexes,1,Pfizer,2021-06-28,COVCANCER,0,0,0,0,0,0,0,0,0,0,0,0,0,0,0,0,0,0,0,0,0,0,0,0,0,0,0,0,0,0,0,0,0,0,0,0,0,0,0,0,0,0,0,0,0,0,0,0,0,0,1952700.32,0,0,1952700.32,0,0,1952700.32,0,0,1952700.32,0,0,2041459.43,0,0,2041459.43,0,0,1952700.32,0,0,1952700.32,0,0,1952700.32,0,0,1952700.32,0,0,1952700.32,0,0,1952700.32,0,0,1952700.32,0,0,1952700.32,0,0,1952700.32,0,0,1952700.32,0,0,2138671.78,0,0,2138671.78,0,0,1952700.32,0,0,1952700.32,0,0,1952700.32,0,0,1952700.32,0,0,1952700.32,0,0,1952700.32,0,0,1952700.32,0,0,1952700.32,0,0,1952700.32,0,0,1952700.32,0,0,1952700.32,0,0,1952700.32,0,0,1952700.32,0,0,1952700.32,0,0,1952700.32,0,0,1952700.32,0,0,1952700.32,0,0,1952700.32,0,0,1952700.32,0,0,1952700.32,0,0,1952700.32,0,0,1952700.32,0,0,3454777.49,0,0,1952700.32,0,0,1952700.32,0,0,1952700.32,0,0,1952700.32,0,0,1952700.32,0,0,1952700.32,0,0,1952700.32
both_sexes,2,AstraZeneca,2021-05-31,COVCANCER,0,0,0,0,0,0,0,0,0,0,0,0,0,0,0,0,0,0,0,0,0,0,0,0,0,0,0,0,0,0,0,0,0,0,0,0,0,0,0,0,0,0,0,0,0,0,0,0,0,0,13473632.21,0,0,13473632.21,0,0,13473632.21,0,0,13473632.21,0,0,13473632.21,0,0,13473632.21,0,0,13473632.21,0,0,13473632.21,0,0,13473632.21,0,0,13473632.21,0,0,13473632.21,0,0,13473632.21,0,0,13473632.21,0,0,13473632.21,0,0,13473632.21,0,0,13473632.21,0,0,13473632.21,0,0,13473632.21,0,0,13473632.21,0,0,13473632.21,0,0,13473632.21,0,0,13473632.21,0,0,13473632.21,0,0,13473632.21,0,0,13473632.21,0,0,13473632.21,0,0,13473632.21,0,0,13473632.21,0,0,13473632.21,0,0,13473632.21,0,0,13473632.21,0,0,13473632.21,0,0,13473632.21,0,0,13473632.21,0,0,13473632.21,0,0,13473632.21,0,0,13473632.21,0,0,13473632.21,0,0,13473632.21,0,0,13473632.21,0,0,13473632.21,0,0,13473632.21,0,0,13473632.21,0,0,13473632.21,0,0,13473632.21,0,0,13473632.21,0,0,13473632.21,0,0,13473632.21
both_sexes,2,AstraZeneca,2021-06-07,COVCANCER,0,0,0,0,0,0,0,0,0,0,0,0,0,0,0,0,0,0,0,0,0,0,0,0,0,0,0,0,0,0,0,0,0,0,0,0,0,0,0,0,0,0,0,0,0,0,0,0,0,0,6416015.34,0,0,6416015.34,0,0,6416015.34,0,0,6416015.34,0,0,6416015.34,0,0,6416015.34,0,0,6416015.34,0,0,6416015.34,0,0,6416015.34,0,0,6416015.34,0,0,6416015.34,0,0,6416015.34,0,0,6416015.34,0,0,6416015.34,0,0,6416015.34,0,0,6416015.34,0,0,6416015.34,0,0,6416015.34,0,0,6416015.34,0,0,6416015.34,0,0,6416015.34,0,0,6416015.34,0,0,6416015.34,0,0,6416015.34,0,0,6416015.34,0,0,6416015.34,0,0,6416015.34,0,0,6416015.34,0,0,6416015.34,0,0,6416015.34,0,0,6416015.34,0,0,6416015.34,0,0,6416015.34,0,0,6416015.34,0,0,6416015.34,0,0,6416015.34,0,0,6416015.34,0,0,6416015.34,0,0,6416015.34,0,0,6416015.34,0,0,6416015.34,0,0,6416015.34,0,0,6416015.34,0,0,6416015.34,0,0,6416015.34,0,0,6416015.34,0,0,6416015.34,0,0,6416015.34
both_sexes,2,AstraZeneca,2021-06-14,COVCANCER,0,0,0,0,0,0,0,0,0,0,0,0,0,0,0,0,0,0,0,0,0,0,0,0,0,0,0,0,0,0,0,0,0,0,0,0,0,0,0,0,0,0,0,0,0,0,0,0,0,0,4812011.5,0,0,4812011.5,0,0,4812011.5,0,0,4812011.5,0,0,4812011.5,0,0,4812011.5,0,0,4812011.5,0,0,4812011.5,0,0,4812011.5,0,0,4812011.5,0,0,4812011.5,0,0,4812011.5,0,0,4812011.5,0,0,4812011.5,0,0,4812011.5,0,0,4812011.5,0,0,4812011.5,0,0,4812011.5,0,0,4812011.5,0,0,4812011.5,0,0,4812011.5,0,0,4812011.5,0,0,4812011.5,0,0,4812011.5,0,0,4812011.5,0,0,4812011.5,0,0,4812011.5,0,0,4812011.5,0,0,4812011.5,0,0,4812011.5,0,0,4812011.5,0,0,4812011.5,0,0,4812011.5,0,0,4812011.5,0,0,4812011.5,0,0,4812011.5,0,0,4812011.5,0,0,4812011.5,0,0,4812011.5,0,0,4812011.5,0,0,6416015.34,0,0,4812011.5,0,0,4812011.5,0,0,4812011.5,0,0,4812011.5,0,0,4812011.5,0,0,4812011.5,0,0,4812011.5
both_sexes,2,AstraZeneca,2021-06-21,COVCANCER,0,0,0,0,0,0,0,0,0,0,0,0,0,0,0,0,0,0,0,0,0,0,0,0,0,0,0,0,0,0,0,0,0,0,0,0,0,0,0,0,0,0,0,0,0,0,0,0,0,0,3849609.2,0,0,3849609.2,0,0,3849609.2,0,0,3849609.2,0,0,3849609.2,0,0,3849609.2,0,0,3849609.2,0,0,3849609.2,0,0,3849609.2,0,0,3849609.2,0,0,3849609.2,0,0,3849609.2,0,0,3849609.2,0,0,3849609.2,0,0,3849609.2,0,0,3849609.2,0,0,3849609.2,0,0,3849609.2,0,0,3849609.2,0,0,3849609.2,0,0,3849609.2,0,0,3849609.2,0,0,3849609.2,0,0,3849609.2,0,0,3849609.2,0,0,3849609.2,0,0,3849609.2,0,0,3849609.2,0,0,3849609.2,0,0,3849609.2,0,0,3849609.2,0,0,3849609.2,0,0,3849609.2,0,0,3849609.2,0,0,3849609.2,0,0,3849609.2,0,0,3849609.2,0,0,3849609.2,0,0,3849609.2,0,0,3849609.2,0,0,6416015.34,0,0,3849609.2,0,0,3849609.2,0,0,3849609.2,0,0,3849609.2,0,0,3849609.2,0,0,3849609.2,0,0,3849609.2
both_sexes,2,AstraZeneca,2021-06-28,COVCANCER,0,0,0,0,0,0,0,0,0,0,0,0,0,0,0,0,0,0,0,0,0,0,0,0,0,0,0,0,0,0,0,0,0,0,0,0,0,0,0,0,0,0,0,0,0,0,0,0,0,0,6416015.34,0,0,6416015.34,0,0,6416015.34,0,0,6416015.34,0,0,6416015.34,0,0,6416015.34,0,0,6416015.34,0,0,6416015.34,0,0,6416015.34,0,0,6416015.34,0,0,6416015.34,0,0,6416015.34,0,0,6416015.34,0,0,6416015.34,0,0,6416015.34,0,0,6416015.34,0,0,6416015.34,0,0,6416015.34,0,0,6416015.34,0,0,6416015.34,0,0,6416015.34,0,0,6416015.34,0,0,6416015.34,0,0,6416015.34,0,0,6416015.34,0,0,6416015.34,0,0,6416015.34,0,0,6416015.34,0,0,6416015.34,0,0,6416015.34,0,0,6416015.34,0,0,6416015.34,0,0,6416015.34,0,0,6416015.34,0,0,6416015.34,0,0,6416015.34,0,0,6416015.34,0,0,6416015.34,0,0,6416015.34,0,0,6416015.34,0,0,11228026.84,0,0,6416015.34,0,0,6416015.34,0,0,6416015.34,0,0,6416015.34,0,0,6416015.34,0,0,6416015.34,0,0,6416015.34
both_sexes,2,AstraZeneca,2021-05-10,COVCANCER,0,0,0,0,0,0,0,0,0,0,0,0,0,0,0,0,0,0,0,0,0,0,0,0,0,0,0,0,0,0,0,0,0,0,0,0,0,0,0,0,0,0,0,0,0,0,0,0,0,0,44912107.35,0,0,44912107.35,0,0,44912107.35,0,0,44912107.35,0,0,44912107.35,0,0,44912107.35,0,0,44912107.35,0,0,44912107.35,0,0,44912107.35,0,0,44912107.35,0,0,44912107.35,0,0,44912107.35,0,0,44912107.35,0,0,44912107.35,0,0,44912107.35,0,0,44912107.35,0,0,44912107.35,0,0,44912107.35,0,0,44912107.35,0,0,44912107.35,0,0,44912107.35,0,0,44912107.35,0,0,44912107.35,0,0,44912107.35,0,0,44912107.35,0,0,44912107.35,0,0,44912107.35,0,0,44912107.35,0,0,44912107.35,0,0,44912107.35,0,0,44912107.35,0,0,44912107.35,0,0,44912107.35,0,0,44912107.35,0,0,44912107.35,0,0,44912107.35,0,0,44912107.35,0,0,44912107.35,0,0,44912107.35,0,0,44912107.35,0,0,44912107.35,0,0,44912107.35,0,0,44912107.35,0,0,44912107.35,0,0,44912107.35,0,0,44912107.35,0,0,44912107.35,0,0,44912107.35
both_sexes,2,AstraZeneca,2021-05-17,COVCANCER,0,0,0,0,0,0,0,0,0,0,0,0,0,0,0,0,0,0,0,0,0,0,0,0,0,0,0,0,0,0,0,0,0,0,0,0,0,0,0,0,0,0,0,0,0,0,0,0,0,0,19248046.01,0,0,19248046.01,0,0,19248046.01,0,0,19248046.01,0,0,19248046.01,0,0,19248046.01,0,0,19248046.01,0,0,19248046.01,0,0,19248046.01,0,0,19248046.01,0,0,19248046.01,0,0,19248046.01,0,0,19248046.01,0,0,19248046.01,0,0,19248046.01,0,0,19248046.01,0,0,19248046.01,0,0,19248046.01,0,0,19248046.01,0,0,19248046.01,0,0,19248046.01,0,0,19248046.01,0,0,19248046.01,0,0,19248046.01,0,0,19248046.01,0,0,19248046.01,0,0,19248046.01,0,0,19248046.01,0,0,19248046.01,0,0,19248046.01,0,0,19248046.01,0,0,19248046.01,0,0,19248046.01,0,0,19248046.01,0,0,19248046.01,0,0,19248046.01,0,0,19248046.01,0,0,19248046.01,0,0,19248046.01,0,0,19248046.01,0,0,19248046.01,0,0,19248046.01,0,0,19248046.01,0,0,19248046.01,0,0,19248046.01,0,0,19248046.01,0,0,19248046.01,0,0,19248046.01
both_sexes,2,AstraZeneca,2021-05-24,COVCANCER,0,0,0,0,0,0,0,0,0,0,0,0,0,0,0,0,0,0,0,0,0,0,0,0,0,0,0,0,0,0,0,0,0,0,0,0,0,0,0,0,0,0,0,0,0,0,0,0,0,0,19248046.01,0,0,19248046.01,0,0,19248046.01,0,0,19248046.01,0,0,19248046.01,0,0,19248046.01,0,0,19248046.01,0,0,19248046.01,0,0,19248046.01,0,0,19248046.01,0,0,19248046.01,0,0,19248046.01,0,0,19248046.01,0,0,19248046.01,0,0,19248046.01,0,0,19248046.01,0,0,19248046.01,0,0,19248046.01,0,0,19248046.01,0,0,19248046.01,0,0,19248046.01,0,0,19248046.01,0,0,19248046.01,0,0,19248046.01,0,0,19248046.01,0,0,19248046.01,0,0,19248046.01,0,0,19248046.01,0,0,19248046.01,0,0,19248046.01,0,0,19248046.01,0,0,19248046.01,0,0,19248046.01,0,0,19248046.01,0,0,19248046.01,0,0,19248046.01,0,0,19248046.01,0,0,19248046.01,0,0,19248046.01,0,0,19248046.01,0,0,19248046.01,0,0,19248046.01,0,0,19248046.01,0,0,19248046.01,0,0,19248046.01,0,0,19248046.01,0,0,19248046.01,0,0,19248046.01
both_sexes,2,Pfizer,2021-04-05,COVCANCER,0,0,0,0,0,0,0,0,0,0,0,0,0,0,0,0,0,0,0,0,0,0,0,0,0,0,0,0,0,0,0,0,0,0,0,0,0,0,0,0,0,0,0,0,0,0,0,0,0,0,2245605.37,0,0,2245605.37,0,0,2245605.37,0,0,2542194.76,0,0,2542194.76,0,0,2542194.76,0,0,2245605.37,0,0,2245605.37,0,0,2245605.37,0,0,2245605.37,0,0,2245605.37,0,0,2245605.37,0,0,2245605.37,0,0,2245605.37,0,0,2245605.37,0,0,2245605.37,0,0,2245605.37,0,0,2245605.37,0,0,2245605.37,0,0,2245605.37,0,0,2245605.37,0,0,2245605.37,0,0,2245605.37,0,0,2245605.37,0,0,2245605.37,0,0,2245605.37,0,0,2245605.37,0,0,2245605.37,0,0,2245605.37,0,0,2245605.37,0,0,2245605.37,0,0,2245605.37,0,0,2245605.37,0,0,2245605.37,0,0,2245605.37,0,0,2245605.37,0,0,2245605.37,0,0,2245605.37,0,0,2245605.37,0,0,2245605.37,0,0,6124378.28,0,0,2245605.37,0,0,2245605.37,0,0,2245605.37,0,0,2245605.37,0,0,2245605.37,0,0,2245605.37,0,0,2245605.37
both_sexes,2,Pfizer,2021-04-12,COVCANCER,0,0,0,0,0,0,0,0,0,0,0,0,0,0,0,0,0,0,0,0,0,0,0,0,0,0,0,0,0,0,0,0,0,0,0,0,0,0,0,0,0,0,0,0,0,0,0,0,0,0,1749822.36,0,0,1749822.36,0,0,1749822.36,0,0,1924804.6,0,0,1924804.6,0,0,1924804.6,0,0,1749822.36,0,0,1749822.36,0,0,1749822.36,0,0,1749822.36,0,0,1749822.36,0,0,1749822.36,0,0,1749822.36,0,0,1749822.36,0,0,1749822.36,0,0,1749822.36,0,0,1749822.36,0,0,1749822.36,0,0,1749822.36,0,0,1749822.36,0,0,1749822.36,0,0,1749822.36,0,0,1749822.36,0,0,1749822.36,0,0,1749822.36,0,0,1749822.36,0,0,1749822.36,0,0,1749822.36,0,0,1749822.36,0,0,1749822.36,0,0,1749822.36,0,0,1749822.36,0,0,1749822.36,0,0,1749822.36,0,0,1749822.36,0,0,1749822.36,0,0,1749822.36,0,0,1749822.36,0,0,1749822.36,0,0,1749822.36,0,0,4812011.5,0,0,1749822.36,0,0,1749822.36,0,0,1749822.36,0,0,1749822.36,0,0,1749822.36,0,0,1749822.36,0,0,1749822.36
both_sexes,2,Pfizer,2021-04-19,COVCANCER,0,0,0,0,0,0,0,0,0,0,0,0,0,0,0,0,0,0,0,0,0,0,0,0,0,0,0,0,0,0,0,0,0,0,0,0,0,1,0,0,0,0,0,0,0,0,0,0,0,0,1448777.66,0,0,1448777.66,0,0,1448777.66,0,0,1566701.42,0,0,1566701.42,0,0,1566701.42,0,0,1448777.66,0,0,1448777.66,0,0,1448777.66,0,0,1448777.66,0,0,1448777.66,0,0,1448777.66,0,0,1448777.66,0,0,1448777.66,0,0,1448777.66,0,0,1448777.66,0,0,1448777.66,0,0,1448777.66,0,0,1448777.66,0,0,1448777.66,0,0,1448777.66,0,0,1448777.66,0,0,1448777.66,0,0,1448777.66,0,0,1448777.66,0,0,1448777.66,0,0,1448777.66,0,0,1448777.66,0,0,1448777.66,0,0,1448777.66,0,0,1448777.66,0,0,1448777.66,0,0,1448777.66,0,0,1448777.66,0,0,1448777.66,0,0,1448777.66,0,0,1448777.66,0,0,1448777.66,0,0,1448777.66,0,0,1448777.66,1461000,36989.32,8140170.99,0,0,1448777.66,0,0,1448777.66,0,0,1448777.66,0,0,1448777.66,0,0,1448777.66,0,0,1448777.66,0,0,1448777.66
both_sexes,2,Pfizer,2021-04-26,COVCANCER,0,0,0,0,0,0,0,0,0,0,0,0,0,0,0,0,0,0,0,0,0,0,0,0,0,0,0,0,0,0,0,0,0,0,0,0,0,0,0,0,0,0,0,0,0,0,0,0,0,0,1036433.25,0,0,1036433.25,0,0,1044467.61,0,0,1104396.08,0,0,1104396.08,0,0,1104396.08,0,0,1044467.61,0,0,1044467.61,0,0,1036433.25,0,0,1036433.25,0,0,1036433.25,0,0,1036433.25,0,0,1036433.25,0,0,1036433.25,0,0,1036433.25,0,0,1036433.25,0,0,1036433.25,0,0,1036433.25,0,0,1036433.25,0,0,1036433.25,0,0,1036433.25,0,0,1036433.25,0,0,1036433.25,0,0,1036433.25,0,0,1036433.25,0,0,1036433.25,0,0,1036433.25,0,0,1036433.25,0,0,1036433.25,0,0,1036433.25,0,0,1036433.25,0,0,1036433.25,0,0,1036433.25,0,0,1036433.25,0,0,1036433.25,0,0,1036433.25,0,0,1036433.25,0,0,1036433.25,0,0,1036433.25,0,0,1036433.25,0,0,6416015.34,0,0,1036433.25,0,0,1036433.25,0,0,1036433.25,0,0,1044467.61,0,0,1036433.25,0,0,1044467.61,0,0,1036433.25
both_sexes,2,Pfizer,2021-05-03,COVCANCER,0,0,0,0,0,0,0,0,0,0,0,0,0,0,0,0,0,0,0,0,0,0,0,0,0,0,0,0,0,0,0,0,0,0,0,0,0,0,0,0,0,0,0,0,0,0,0,0,0,0,744399.57,0,0,744399.57,0,0,774346.68,0,0,821562.94,0,0,816583.77,0,0,816583.77,0,0,774346.68,0,0,774346.68,0,0,756945.63,0,0,756945.63,0,0,744399.57,0,0,744399.57,0,0,744399.57,0,0,744399.57,0,0,744399.57,0,0,744399.57,0,0,744399.57,0,0,744399.57,0,0,744399.57,0,0,744399.57,0,0,744399.57,0,0,744399.57,0,0,744399.57,0,0,744399.57,0,0,744399.57,0,0,744399.57,0,0,744399.57,0,0,744399.57,0,0,744399.57,0,0,744399.57,0,0,744399.57,0,0,744399.57,0,0,744399.57,0,0,744399.57,0,0,744399.57,0,0,744399.57,0,0,744399.57,0,0,744399.57,0,0,744399.57,0,0,744399.57,0,0,5614013.42,0,0,744399.57,0,0,744399.57,0,0,744399.57,0,0,774346.68,0,0,744399.57,0,0,774346.68,0,0,744399.57
both_sexes,2,Pfizer,2021-05-10,COVCANCER,0,0,0,0,0,0,0,0,0,0,0,0,0,0,0,0,0,0,0,0,0,0,0,0,0,0,0,0,0,0,0,0,0,0,0,0,0,0,0,0,0,0,0,0,0,0,0,0,0,0,561401.34,0,0,561401.34,0,0,578267.48,0,0,635548.69,0,0,615234.35,0,0,618056.52,0,0,578267.48,0,0,578267.48,0,0,598828.1,0,0,598828.1,0,0,561401.34,0,0,561401.34,0,0,561401.34,0,0,561401.34,0,0,561401.34,0,0,561401.34,0,0,561401.34,0,0,561401.34,0,0,561401.34,0,0,561401.34,0,0,561401.34,0,0,561401.34,0,0,561401.34,0,0,561401.34,0,0,561401.34,0,0,561401.34,0,0,561401.34,0,0,561401.34,0,0,561401.34,0,0,561401.34,0,0,561401.34,0,0,561401.34,0,0,561401.34,0,0,561401.34,0,0,561401.34,0,0,561401.34,0,0,561401.34,0,0,561401.34,0,0,561401.34,0,0,561401.34,0,0,2866730.26,0,0,561401.34,0,0,561401.34,0,0,561401.34,0,0,578267.48,0,0,561401.34,0,0,578267.48,0,0,561401.34
both_sexes,2,Pfizer,2021-05-17,COVCANCER,0,0,0,0,0,0,0,0,0,0,0,0,0,0,0,0,0,0,0,0,0,0,0,0,0,0,0,0,0,0,0,0,0,0,0,0,0,0,0,0,0,0,0,0,0,0,0,0,0,0,522233.81,0,0,522233.81,0,0,536798.1,0,0,585810.1,0,0,568507.69,0,0,585810.1,0,0,536798.1,0,0,536798.1,0,0,568507.69,0,0,568507.69,0,0,522233.81,0,0,522233.81,0,0,522233.81,0,0,522233.81,0,0,522233.81,0,0,522233.81,0,0,522233.81,0,0,522233.81,0,0,522233.81,0,0,522233.81,0,0,522233.81,0,0,522233.81,0,0,522233.81,0,0,522233.81,0,0,522233.81,0,0,522233.81,0,0,522233.81,0,0,522233.81,0,0,522233.81,0,0,522233.81,0,0,522233.81,0,0,522233.81,0,0,522233.81,0,0,522233.81,0,0,522233.81,0,0,522233.81,0,0,522233.81,0,0,522233.81,0,0,522233.81,0,0,522233.81,0,0,2406005.75,0,0,522233.81,0,0,522233.81,0,0,522233.81,0,0,536798.1,0,0,522233.81,0,0,536798.1,0,0,522233.81
both_sexes,2,Pfizer,2021-05-24,COVCANCER,0,0,0,0,0,0,0,0,0,0,0,0,0,0,0,0,0,0,0,0,0,0,0,0,0,0,0,0,0,0,0,0,0,0,0,0,0,0,0,0,0,0,0,0,0,0,0,0,0,0,491738.4,0,0,491738.4,0,0,504630.42,0,0,547708.63,0,0,532554.63,0,0,547708.63,0,0,504630.42,0,0,504630.42,0,0,532554.63,0,0,532554.63,0,0,491738.4,0,0,491738.4,0,0,491738.4,0,0,491738.4,0,0,491738.4,0,0,491738.4,0,0,491738.4,0,0,491738.4,0,0,491738.4,0,0,491738.4,0,0,491738.4,0,0,491738.4,0,0,491738.4,0,0,491738.4,0,0,491738.4,0,0,491738.4,0,0,491738.4,0,0,491738.4,0,0,491738.4,0,0,491738.4,0,0,491738.4,0,0,491738.4,0,0,491738.4,0,0,491738.4,0,0,491738.4,0,0,491738.4,0,0,491738.4,0,0,491738.4,0,0,491738.4,0,0,491738.4,0,0,2138671.78,0,0,491738.4,0,0,491738.4,0,0,491738.4,0,0,504630.42,0,0,491738.4,0,0,504630.42,0,0,491738.4
both_sexes,2,Pfizer,2021-05-31,COVCANCER,0,0,0,0,0,0,0,0,0,0,0,0,0,0,0,0,0,0,0,0,0,0,0,0,0,0,0,0,0,0,0,0,0,0,0,0,0,0,0,0,0,0,0,0,0,0,0,0,0,0,446146.76,0,0,446146.76,0,0,456733.3,0,0,491738.4,0,0,472759.02,0,0,484663.03,0,0,456733.3,0,0,456733.3,0,0,479488.69,0,0,479488.69,0,0,446146.76,0,0,446146.76,0,0,446146.76,0,0,446146.76,0,0,446146.76,0,0,446146.76,0,0,446146.76,0,0,446146.76,0,0,446146.76,0,0,446146.76,0,0,446146.76,0,0,446146.76,0,0,446146.76,0,0,446146.76,0,0,446146.76,0,0,446146.76,0,0,446146.76,0,0,446146.76,0,0,446146.76,0,0,446146.76,0,0,446146.76,0,0,446146.76,0,0,446146.76,0,0,446146.76,0,0,446146.76,0,0,446146.76,0,0,446146.76,0,0,446146.76,0,0,446146.76,0,0,446146.76,0,0,1749822.36,0,0,446146.76,0,0,446146.76,0,0,446146.76,0,0,456733.3,0,0,446146.76,0,0,456733.3,0,0,446146.76
both_sexes,2,Pfizer,2021-06-07,COVCANCER,0,0,0,0,0,0,0,0,0,0,0,0,0,0,0,0,0,0,0,0,0,0,0,0,0,0,0,0,0,0,0,0,0,0,0,0,0,0,0,0,0,0,0,0,0,0,0,0,0,0,455190.28,0,0,455190.28,0,0,456733.3,0,0,491738.4,0,0,467834.45,0,0,479488.69,0,0,456733.3,0,0,456733.3,0,0,489950.26,0,0,489950.26,0,0,455190.28,0,0,455190.28,0,0,455190.28,0,0,455190.28,0,0,455190.28,0,0,455190.28,0,0,455190.28,0,0,455190.28,0,0,455190.28,0,0,455190.28,0,0,455190.28,0,0,455190.28,0,0,455190.28,0,0,455190.28,0,0,455190.28,0,0,455190.28,0,0,455190.28,0,0,455190.28,0,0,455190.28,0,0,455190.28,0,0,455190.28,0,0,455190.28,0,0,455190.28,0,0,455190.28,0,0,455190.28,0,0,455190.28,0,0,455190.28,0,0,455190.28,0,0,455190.28,0,0,455190.28,0,0,1749822.36,0,0,455190.28,0,0,455190.28,0,0,455190.28,0,0,456733.3,0,0,455190.28,0,0,456733.3,0,0,455190.28
both_sexes,2,Pfizer,2021-06-14,COVCANCER,0,0,0,0,0,0,0,0,0,0,0,0,0,0,0,0,0,0,0,0,0,0,0,0,0,0,0,0,0,0,0,0,0,0,0,0,0,0,0,0,0,0,0,0,0,0,0,0,0,0,447628.98,0,0,447628.98,0,0,447628.98,0,0,481201.15,0,0,458286.81,0,0,469464.54,0,0,447628.98,0,0,447628.98,0,0,481201.15,0,0,481201.15,0,0,447628.98,0,0,447628.98,0,0,447628.98,0,0,447628.98,0,0,447628.98,0,0,447628.98,0,0,447628.98,0,0,447628.98,0,0,447628.98,0,0,447628.98,0,0,447628.98,0,0,447628.98,0,0,447628.98,0,0,447628.98,0,0,447628.98,0,0,447628.98,0,0,447628.98,0,0,447628.98,0,0,447628.98,0,0,447628.98,0,0,447628.98,0,0,447628.98,0,0,447628.98,0,0,447628.98,0,0,447628.98,0,0,447628.98,0,0,447628.98,0,0,447628.98,0,0,447628.98,0,0,447628.98,0,0,1749822.36,0,0,447628.98,0,0,447628.98,0,0,447628.98,0,0,447628.98,0,0,447628.98,0,0,447628.98,0,0,447628.98
both_sexes,1,Moderna,2021-03-15,COVCANCER,0,0,0,0,0,0,0,0,0,0,0,0,0,0,0,0,0,0,0,0,0,0,0,0,0,0,0,0,0,0,0,0,0,0,0,0,0,0,0,0,0,0,0,0,0,0,0,0,0,0,4082918.85,0,0,4082918.85,0,0,4082918.85,0,0,4990234.15,0,0,4082918.85,0,0,4082918.85,0,0,4082918.85,0,0,4082918.85,0,0,4990234.15,0,0,4990234.15,0,0,4082918.85,0,0,4082918.85,0,0,4082918.85,0,0,4082918.85,0,0,4082918.85,0,0,4082918.85,0,0,4082918.85,0,0,4082918.85,0,0,4082918.85,0,0,4082918.85,0,0,4082918.85,0,0,4082918.85,0,0,4082918.85,0,0,4082918.85,0,0,4082918.85,0,0,4082918.85,0,0,4082918.85,0,0,4082918.85,0,0,4082918.85,0,0,4082918.85,0,0,4082918.85,0,0,4082918.85,0,0,4082918.85,0,0,4082918.85,0,0,4082918.85,0,0,4082918.85,0,0,4082918.85,0,0,4082918.85,0,0,4082918.85,0,0,4082918.85,0,0,6736816.1,0,0,4082918.85,0,0,4082918.85,0,0,4082918.85,0,0,4082918.85,0,0,4082918.85,0,0,4082918.85,0,0,4082918.85
both_sexes,1,Moderna,2021-03-22,COVCANCER,0,0,0,0,0,0,0,0,0,0,0,0,0,0,0,0,0,0,0,0,0,0,0,0,0,0,0,0,0,0,0,0,0,0,0,0,0,0,0,0,0,0,0,0,0,0,0,0,0,0,3641522.22,0,0,3641522.22,0,0,3641522.22,0,0,4491210.74,0,0,3641522.22,0,0,3641522.22,0,0,3641522.22,0,0,3641522.22,0,0,4491210.74,0,0,4491210.74,0,0,3641522.22,0,0,3641522.22,0,0,3641522.22,0,0,3641522.22,0,0,3641522.22,0,0,3641522.22,0,0,3641522.22,0,0,3641522.22,0,0,3641522.22,0,0,3641522.22,0,0,3641522.22,0,0,3641522.22,0,0,3641522.22,0,0,3641522.22,0,0,3641522.22,0,0,3641522.22,0,0,3641522.22,0,0,3641522.22,0,0,3641522.22,0,0,3641522.22,0,0,3641522.22,0,0,3641522.22,0,0,3641522.22,0,0,3641522.22,0,0,3641522.22,0,0,3641522.22,0,0,3641522.22,0,0,3641522.22,0,0,3641522.22,0,0,3641522.22,0,0,9624023,0,0,3641522.22,0,0,3641522.22,0,0,3641522.22,0,0,3641522.22,0,0,3641522.22,0,0,3641522.22,0,0,3641522.22
both_sexes,1,Pfizer,2021-01-04,COVCANCER,0,0,0,0,0,0,0,0,0,0,0,0,0,0,0,0,0,0,0,0,0,0,0,0,0,0,0,0,0,0,0,0,0,0,0,0,0,0,0,0,0,0,0,0,0,0,0,0,0,0,67368161.03,0,0,67368161.03,0,0,67368161.03,0,0,67368161.03,0,0,67368161.03,0,0,67368161.03,0,0,67368161.03,0,0,67368161.03,0,0,67368161.03,0,0,67368161.03,0,0,67368161.03,0,0,67368161.03,0,0,67368161.03,0,0,67368161.03,0,0,67368161.03,0,0,67368161.03,0,0,67368161.03,0,0,67368161.03,0,0,67368161.03,0,0,67368161.03,0,0,67368161.03,0,0,67368161.03,0,0,67368161.03,0,0,67368161.03,0,0,67368161.03,0,0,67368161.03,0,0,67368161.03,0,0,67368161.03,0,0,67368161.03,0,0,67368161.03,0,0,67368161.03,0,0,67368161.03,0,0,67368161.03,0,0,67368161.03,0,0,67368161.03,0,0,67368161.03,0,0,67368161.03,0,0,67368161.03,0,0,67368161.03,0,0,67368161.03,0,0,67368161.03,0,0,67368161.03,0,0,67368161.03,0,0,67368161.03,0,0,67368161.03,0,0,67368161.03,0,0,67368161.03,0,0,67368161.03
both_sexes,1,Pfizer,2021-01-11,COVCANCER,0,0,0,0,0,0,0,0,0,0,0,0,0,0,0,0,0,0,0,0,0,0,0,0,0,0,0,0,0,0,0,0,0,0,0,0,0,0,0,0,0,0,0,0,0,0,0,0,0,0,19248046.01,0,0,19248046.01,0,0,19248046.01,0,0,19248046.01,0,0,19248046.01,0,0,19248046.01,0,0,19248046.01,0,0,19248046.01,0,0,19248046.01,0,0,19248046.01,0,0,19248046.01,0,0,19248046.01,0,0,19248046.01,0,0,19248046.01,0,0,19248046.01,0,0,19248046.01,0,0,19248046.01,0,0,19248046.01,0,0,19248046.01,0,0,19248046.01,0,0,19248046.01,0,0,19248046.01,0,0,19248046.01,0,0,19248046.01,0,0,19248046.01,0,0,19248046.01,0,0,19248046.01,0,0,19248046.01,0,0,19248046.01,0,0,19248046.01,0,0,19248046.01,0,0,19248046.01,0,0,19248046.01,0,0,19248046.01,0,0,19248046.01,0,0,19248046.01,0,0,19248046.01,0,0,19248046.01,0,0,19248046.01,0,0,19248046.01,0,0,19248046.01,0,0,19248046.01,0,0,19248046.01,0,0,19248046.01,0,0,19248046.01,0,0,19248046.01,0,0,19248046.01,0,0,19248046.01
both_sexes,1,Pfizer,2021-01-18,COVCANCER,0,0,0,0,0,0,0,0,0,0,0,0,0,0,0,0,0,0,0,0,0,0,0,0,0,0,0,0,0,0,0,0,0,0,0,0,0,0,0,0,0,0,0,0,0,0,0,0,0,0,19248046.01,0,0,19248046.01,0,0,19248046.01,0,0,19248046.01,0,0,19248046.01,0,0,19248046.01,0,0,19248046.01,0,0,19248046.01,0,0,19248046.01,0,0,19248046.01,0,0,19248046.01,0,0,19248046.01,0,0,19248046.01,0,0,19248046.01,0,0,19248046.01,0,0,19248046.01,0,0,19248046.01,0,0,19248046.01,0,0,19248046.01,0,0,19248046.01,0,0,19248046.01,0,0,19248046.01,0,0,19248046.01,0,0,19248046.01,0,0,19248046.01,0,0,19248046.01,0,0,19248046.01,0,0,19248046.01,0,0,19248046.01,0,0,19248046.01,0,0,19248046.01,0,0,19248046.01,0,0,19248046.01,0,0,19248046.01,0,0,19248046.01,0,0,19248046.01,0,0,19248046.01,0,0,19248046.01,0,0,19248046.01,0,0,19248046.01,0,0,19248046.01,0,0,19248046.01,0,0,19248046.01,0,0,19248046.01,0,0,19248046.01,0,0,19248046.01,0,0,19248046.01,0,0,19248046.01
both_sexes,1,Pfizer,2021-01-25,COVCANCER,0,0,0,0,0,0,0,0,0,0,0,0,0,0,0,0,0,0,0,0,0,0,0,0,0,0,0,0,0,0,0,0,0,0,0,0,0,0,0,0,0,0,0,0,0,0,0,0,0,0,44912107.35,0,0,44912107.35,0,0,44912107.35,0,0,44912107.35,0,0,44912107.35,0,0,44912107.35,0,0,44912107.35,0,0,44912107.35,0,0,44912107.35,0,0,44912107.35,0,0,44912107.35,0,0,44912107.35,0,0,44912107.35,0,0,44912107.35,0,0,44912107.35,0,0,44912107.35,0,0,44912107.35,0,0,44912107.35,0,0,44912107.35,0,0,44912107.35,0,0,44912107.35,0,0,44912107.35,0,0,44912107.35,0,0,44912107.35,0,0,44912107.35,0,0,44912107.35,0,0,44912107.35,0,0,44912107.35,0,0,44912107.35,0,0,44912107.35,0,0,44912107.35,0,0,44912107.35,0,0,44912107.35,0,0,44912107.35,0,0,44912107.35,0,0,44912107.35,0,0,44912107.35,0,0,44912107.35,0,0,44912107.35,0,0,44912107.35,0,0,44912107.35,0,0,44912107.35,0,0,44912107.35,0,0,44912107.35,0,0,44912107.35,0,0,44912107.35,0,0,44912107.35,0,0,44912107.35
both_sexes,2,Moderna,2021-04-12,COVCANCER,0,0,0,0,0,0,0,0,0,0,0,0,0,0,0,0,0,0,0,0,0,0,0,0,0,0,0,0,0,0,0,0,0,0,0,0,0,0,0,0,0,0,0,0,0,0,0,0,0,0,4210510.06,0,0,4210510.06,0,0,4210510.06,0,0,5389452.88,0,0,4210510.06,0,0,4210510.06,0,0,4210510.06,0,0,4210510.06,0,0,5389452.88,0,0,5389452.88,0,0,4210510.06,0,0,4210510.06,0,0,4210510.06,0,0,4210510.06,0,0,4210510.06,0,0,4210510.06,0,0,4210510.06,0,0,4210510.06,0,0,4210510.06,0,0,4210510.06,0,0,4210510.06,0,0,4210510.06,0,0,4210510.06,0,0,4210510.06,0,0,4210510.06,0,0,4210510.06,0,0,4210510.06,0,0,4210510.06,0,0,4210510.06,0,0,4210510.06,0,0,4210510.06,0,0,4210510.06,0,0,4210510.06,0,0,4210510.06,0,0,4210510.06,0,0,4210510.06,0,0,4210510.06,0,0,4210510.06,0,0,4210510.06,0,0,4210510.06,0,0,7485351.23,0,0,4210510.06,0,0,4210510.06,0,0,4210510.06,0,0,4210510.06,0,0,4210510.06,0,0,4210510.06,0,0,4210510.06
both_sexes,2,Moderna,2021-04-19,COVCANCER,0,0,0,0,0,0,0,0,0,0,0,0,0,0,0,0,0,0,0,0,0,0,0,0,0,0,0,0,0,0,0,0,0,0,0,0,0,0,0,0,0,0,0,0,0,0,0,0,0,0,2994140.49,0,0,2994140.49,0,0,2994140.49,0,0,3545692.69,0,0,2994140.49,0,0,2994140.49,0,0,2994140.49,0,0,2994140.49,0,0,3545692.69,0,0,3545692.69,0,0,2994140.49,0,0,2994140.49,0,0,2994140.49,0,0,2994140.49,0,0,2994140.49,0,0,2994140.49,0,0,2994140.49,0,0,2994140.49,0,0,2994140.49,0,0,2994140.49,0,0,2994140.49,0,0,2994140.49,0,0,2994140.49,0,0,2994140.49,0,0,2994140.49,0,0,2994140.49,0,0,2994140.49,0,0,2994140.49,0,0,2994140.49,0,0,2994140.49,0,0,2994140.49,0,0,2994140.49,0,0,2994140.49,0,0,2994140.49,0,0,2994140.49,0,0,2994140.49,0,0,2994140.49,0,0,2994140.49,0,0,2994140.49,0,0,2994140.49,0,0,6416015.34,0,0,2994140.49,0,0,2994140.49,0,0,2994140.49,0,0,2994140.49,0,0,2994140.49,0,0,2994140.49,0,0,2994140.49
both_sexes,2,Pfizer,2021-01-25,COVCANCER,0,0,0,0,0,0,0,0,0,0,0,0,0,0,0,0,0,0,0,0,0,0,0,0,0,0,0,0,0,0,0,0,0,0,0,0,0,0,0,0,0,0,0,0,0,0,0,0,0,0,33684080.52,0,0,33684080.52,0,0,33684080.52,0,0,33684080.52,0,0,33684080.52,0,0,33684080.52,0,0,33684080.52,0,0,33684080.52,0,0,33684080.52,0,0,33684080.52,0,0,33684080.52,0,0,33684080.52,0,0,33684080.52,0,0,33684080.52,0,0,33684080.52,0,0,33684080.52,0,0,33684080.52,0,0,33684080.52,0,0,33684080.52,0,0,33684080.52,0,0,33684080.52,0,0,33684080.52,0,0,33684080.52,0,0,33684080.52,0,0,33684080.52,0,0,33684080.52,0,0,33684080.52,0,0,33684080.52,0,0,33684080.52,0,0,33684080.52,0,0,33684080.52,0,0,33684080.52,0,0,33684080.52,0,0,33684080.52,0,0,33684080.52,0,0,33684080.52,0,0,33684080.52,0,0,33684080.52,0,0,33684080.52,0,0,33684080.52,0,0,33684080.52,0,0,33684080.52,0,0,33684080.52,0,0,33684080.52,0,0,33684080.52,0,0,33684080.52,0,0,33684080.52,0,0,33684080.52
both_sexes,2,Pfizer,2021-02-01,COVCANCER,0,0,0,0,0,0,0,0,0,0,0,0,0,0,0,0,0,0,0,0,0,0,0,0,0,0,0,0,0,0,0,0,0,0,0,0,0,0,0,0,0,0,0,0,0,0,0,0,0,0,19248046.01,0,0,19248046.01,0,0,19248046.01,0,0,19248046.01,0,0,19248046.01,0,0,19248046.01,0,0,19248046.01,0,0,19248046.01,0,0,19248046.01,0,0,19248046.01,0,0,19248046.01,0,0,19248046.01,0,0,19248046.01,0,0,19248046.01,0,0,19248046.01,0,0,19248046.01,0,0,19248046.01,0,0,19248046.01,0,0,19248046.01,0,0,19248046.01,0,0,19248046.01,0,0,19248046.01,0,0,19248046.01,0,0,19248046.01,0,0,19248046.01,0,0,19248046.01,0,0,19248046.01,0,0,19248046.01,0,0,19248046.01,0,0,19248046.01,0,0,19248046.01,0,0,19248046.01,0,0,19248046.01,0,0,19248046.01,0,0,19248046.01,0,0,19248046.01,0,0,19248046.01,0,0,19248046.01,0,0,19248046.01,0,0,19248046.01,0,0,19248046.01,0,0,19248046.01,0,0,19248046.01,0,0,19248046.01,0,0,19248046.01,0,0,19248046.01,0,0,19248046.01,0,0,19248046.01
both_sexes,2,Pfizer,2021-02-08,COVCANCER,0,0,0,0,0,0,0,0,0,0,0,0,0,0,0,0,0,0,0,0,0,0,0,0,0,0,0,0,0,0,0,0,0,0,0,0,0,0,0,0,0,0,0,0,0,0,0,0,0,0,19248046.01,0,0,19248046.01,0,0,19248046.01,0,0,19248046.01,0,0,19248046.01,0,0,19248046.01,0,0,19248046.01,0,0,19248046.01,0,0,19248046.01,0,0,19248046.01,0,0,19248046.01,0,0,19248046.01,0,0,19248046.01,0,0,19248046.01,0,0,19248046.01,0,0,19248046.01,0,0,19248046.01,0,0,19248046.01,0,0,19248046.01,0,0,19248046.01,0,0,19248046.01,0,0,19248046.01,0,0,19248046.01,0,0,19248046.01,0,0,19248046.01,0,0,19248046.01,0,0,19248046.01,0,0,19248046.01,0,0,19248046.01,0,0,19248046.01,0,0,19248046.01,0,0,19248046.01,0,0,19248046.01,0,0,19248046.01,0,0,19248046.01,0,0,19248046.01,0,0,19248046.01,0,0,19248046.01,0,0,19248046.01,0,0,19248046.01,0,0,19248046.01,0,0,19248046.01,0,0,19248046.01,0,0,19248046.01,0,0,19248046.01,0,0,19248046.01,0,0,19248046.01,0,0,19248046.01
both_sexes,2,Pfizer,2021-02-15,COVCANCER,0,0,0,0,0,0,0,0,0,0,0,0,0,0,0,0,0,0,0,0,0,0,0,0,0,0,0,0,0,0,0,0,0,0,0,0,0,0,0,0,0,0,0,0,0,0,0,0,0,0,19248046.01,0,0,19248046.01,0,0,19248046.01,0,0,19248046.01,0,0,19248046.01,0,0,19248046.01,0,0,19248046.01,0,0,19248046.01,0,0,19248046.01,0,0,19248046.01,0,0,19248046.01,0,0,19248046.01,0,0,19248046.01,0,0,19248046.01,0,0,19248046.01,0,0,19248046.01,0,0,19248046.01,0,0,19248046.01,0,0,19248046.01,0,0,19248046.01,0,0,19248046.01,0,0,19248046.01,0,0,19248046.01,0,0,19248046.01,0,0,19248046.01,0,0,19248046.01,0,0,19248046.01,0,0,19248046.01,0,0,19248046.01,0,0,19248046.01,0,0,19248046.01,0,0,19248046.01,0,0,19248046.01,0,0,19248046.01,0,0,19248046.01,0,0,19248046.01,0,0,19248046.01,0,0,19248046.01,0,0,19248046.01,0,0,19248046.01,0,0,19248046.01,0,0,19248046.01,0,0,19248046.01,0,0,19248046.01,0,0,19248046.01,0,0,19248046.01,0,0,19248046.01,0,0,19248046.01
both_sexes,2,Pfizer,2021-02-22,COVCANCER,0,0,0,0,0,0,0,0,0,0,0,0,0,0,0,0,0,0,0,0,0,0,0,0,0,0,0,0,0,0,0,0,0,0,0,0,0,0,0,0,0,0,0,0,0,0,0,0,0,0,19248046.01,0,0,19248046.01,0,0,19248046.01,0,0,19248046.01,0,0,19248046.01,0,0,19248046.01,0,0,19248046.01,0,0,19248046.01,0,0,19248046.01,0,0,19248046.01,0,0,19248046.01,0,0,19248046.01,0,0,19248046.01,0,0,19248046.01,0,0,19248046.01,0,0,19248046.01,0,0,19248046.01,0,0,19248046.01,0,0,19248046.01,0,0,19248046.01,0,0,19248046.01,0,0,19248046.01,0,0,19248046.01,0,0,19248046.01,0,0,19248046.01,0,0,19248046.01,0,0,19248046.01,0,0,19248046.01,0,0,19248046.01,0,0,19248046.01,0,0,19248046.01,0,0,19248046.01,0,0,19248046.01,0,0,19248046.01,0,0,19248046.01,0,0,19248046.01,0,0,19248046.01,0,0,19248046.01,0,0,19248046.01,0,0,19248046.01,0,0,19248046.01,0,0,19248046.01,0,0,19248046.01,0,0,19248046.01,0,0,19248046.01,0,0,19248046.01,0,0,19248046.01,0,0,19248046.01
both_sexes,2,Pfizer,2021-03-01,COVCANCER,0,0,0,0,0,0,0,0,0,0,0,0,0,0,0,0,0,0,0,0,0,0,0,0,0,0,0,0,0,0,0,0,0,0,0,0,0,0,0,0,0,0,0,0,0,0,0,0,0,0,19248046.01,0,0,19248046.01,0,0,19248046.01,0,0,19248046.01,0,0,19248046.01,0,0,19248046.01,0,0,19248046.01,0,0,19248046.01,0,0,19248046.01,0,0,19248046.01,0,0,19248046.01,0,0,19248046.01,0,0,19248046.01,0,0,19248046.01,0,0,19248046.01,0,0,19248046.01,0,0,19248046.01,0,0,19248046.01,0,0,19248046.01,0,0,19248046.01,0,0,19248046.01,0,0,19248046.01,0,0,19248046.01,0,0,19248046.01,0,0,19248046.01,0,0,19248046.01,0,0,19248046.01,0,0,19248046.01,0,0,19248046.01,0,0,19248046.01,0,0,19248046.01,0,0,19248046.01,0,0,19248046.01,0,0,19248046.01,0,0,19248046.01,0,0,19248046.01,0,0,19248046.01,0,0,19248046.01,0,0,19248046.01,0,0,19248046.01,0,0,19248046.01,0,0,19248046.01,0,0,19248046.01,0,0,19248046.01,0,0,19248046.01,0,0,19248046.01,0,0,19248046.01,0,0,19248046.01
both_sexes,2,Pfizer,2021-03-08,COVCANCER,0,0,0,0,0,0,0,0,0,0,0,0,0,0,0,0,0,0,0,0,0,0,0,0,0,0,0,0,0,0,0,0,0,0,0,0,0,0,0,0,0,0,0,0,0,0,0,0,0,0,19248046.01,0,0,19248046.01,0,0,19248046.01,0,0,19248046.01,0,0,19248046.01,0,0,19248046.01,0,0,19248046.01,0,0,19248046.01,0,0,19248046.01,0,0,19248046.01,0,0,19248046.01,0,0,19248046.01,0,0,19248046.01,0,0,19248046.01,0,0,19248046.01,0,0,19248046.01,0,0,19248046.01,0,0,19248046.01,0,0,19248046.01,0,0,19248046.01,0,0,19248046.01,0,0,19248046.01,0,0,19248046.01,0,0,19248046.01,0,0,19248046.01,0,0,19248046.01,0,0,19248046.01,0,0,19248046.01,0,0,19248046.01,0,0,19248046.01,0,0,19248046.01,0,0,19248046.01,0,0,19248046.01,0,0,19248046.01,0,0,19248046.01,0,0,19248046.01,0,0,19248046.01,0,0,19248046.01,0,0,19248046.01,0,0,19248046.01,0,0,19248046.01,0,0,19248046.01,0,0,19248046.01,0,0,19248046.01,0,0,19248046.01,0,0,19248046.01,0,0,19248046.01,0,0,19248046.01
both_sexes,2,Pfizer,2021-03-15,COVCANCER,0,0,0,0,0,0,0,0,0,0,0,0,0,0,0,0,0,0,0,0,0,0,0,0,0,0,0,0,0,0,0,0,0,0,0,0,0,0,0,0,0,0,0,0,0,0,0,0,0,0,11228026.84,0,0,11228026.84,0,0,11228026.84,0,0,11228026.84,0,0,11228026.84,0,0,11228026.84,0,0,11228026.84,0,0,11228026.84,0,0,11228026.84,0,0,11228026.84,0,0,11228026.84,0,0,11228026.84,0,0,11228026.84,0,0,11228026.84,0,0,11228026.84,0,0,11228026.84,0,0,11228026.84,0,0,11228026.84,0,0,11228026.84,0,0,11228026.84,0,0,11228026.84,0,0,11228026.84,0,0,11228026.84,0,0,11228026.84,0,0,11228026.84,0,0,11228026.84,0,0,11228026.84,0,0,11228026.84,0,0,11228026.84,0,0,11228026.84,0,0,11228026.84,0,0,11228026.84,0,0,11228026.84,0,0,11228026.84,0,0,11228026.84,0,0,11228026.84,0,0,11228026.84,0,0,11228026.84,0,0,11228026.84,0,0,11228026.84,0,0,19248046.01,0,0,11228026.84,0,0,11228026.84,0,0,11228026.84,0,0,11228026.84,0,0,11228026.84,0,0,11228026.84,0,0,11228026.84
both_sexes,2,Pfizer,2021-03-22,COVCANCER,0,0,0,0,0,0,0,0,0,0,0,0,0,0,0,0,0,0,0,0,0,0,0,0,0,0,0,0,0,0,0,0,0,0,0,0,0,0,0,0,0,0,0,0,0,0,0,0,0,0,6416015.34,0,0,6416015.34,0,0,6416015.34,0,0,6416015.34,0,0,6416015.34,0,0,6416015.34,0,0,6416015.34,0,0,6416015.34,0,0,6416015.34,0,0,6416015.34,0,0,6416015.34,0,0,6416015.34,0,0,6416015.34,0,0,6416015.34,0,0,6416015.34,0,0,6416015.34,0,0,6416015.34,0,0,6416015.34,0,0,6416015.34,0,0,6416015.34,0,0,6416015.34,0,0,6416015.34,0,0,6416015.34,0,0,6416015.34,0,0,6416015.34,0,0,6416015.34,0,0,6416015.34,0,0,6416015.34,0,0,6416015.34,0,0,6416015.34,0,0,6416015.34,0,0,6416015.34,0,0,6416015.34,0,0,6416015.34,0,0,6416015.34,0,0,6416015.34,0,0,6416015.34,0,0,6416015.34,0,0,6416015.34,0,0,6416015.34,0,0,19248046.01,0,0,6416015.34,0,0,6416015.34,0,0,6416015.34,0,0,6416015.34,0,0,6416015.34,0,0,6416015.34,0,0,6416015.34
both_sexes,2,Pfizer,2021-03-29,COVCANCER,0,0,0,0,0,0,0,0,0,0,0,0,0,0,0,0,0,0,0,0,0,0,0,0,0,0,0,0,0,0,0,0,0,0,0,0,0,0,0,0,0,0,0,0,0,0,0,0,0,0,4082918.85,0,0,4082918.85,0,0,4082918.85,0,0,4346332.97,0,0,4210510.06,0,0,4210510.06,0,0,4082918.85,0,0,4082918.85,0,0,4082918.85,0,0,4082918.85,0,0,4082918.85,0,0,4082918.85,0,0,4082918.85,0,0,4082918.85,0,0,4082918.85,0,0,4082918.85,0,0,4082918.85,0,0,4082918.85,0,0,4082918.85,0,0,4082918.85,0,0,4082918.85,0,0,4082918.85,0,0,4082918.85,0,0,4082918.85,0,0,4082918.85,0,0,4082918.85,0,0,4082918.85,0,0,4082918.85,0,0,4082918.85,0,0,4082918.85,0,0,4082918.85,0,0,4082918.85,0,0,4082918.85,0,0,4082918.85,0,0,4082918.85,0,0,4082918.85,0,0,4082918.85,0,0,4082918.85,0,0,4082918.85,0,0,4082918.85,0,0,13473632.21,0,0,4082918.85,0,0,4082918.85,0,0,4082918.85,0,0,4082918.85,0,0,4082918.85,0,0,4082918.85,0,0,4082918.85
both_sexes,1,AstraZeneca,2021-06-07,COVCANCER,0,0,0,0,0,0,0,0,0,0,0,0,0,0,0,0,0,0,0,0,0,0,0,0,0,0,0,0,0,0,0,0,0,0,0,0,0,0,0,0,0,0,0,0,0,0,0,0,0,0,1924804.6,0,0,1924804.6,0,0,1924804.6,0,0,1924804.6,0,0,1924804.6,0,0,1924804.6,0,0,1924804.6,0,0,1924804.6,0,0,1924804.6,0,0,1924804.6,0,0,1924804.6,0,0,1924804.6,0,0,1924804.6,0,0,1924804.6,0,0,1924804.6,0,0,1924804.6,0,0,1924804.6,0,0,1924804.6,0,0,1924804.6,0,0,1924804.6,0,0,1924804.6,0,0,1924804.6,0,0,1924804.6,0,0,1924804.6,0,0,1924804.6,0,0,1924804.6,0,0,1924804.6,0,0,1924804.6,0,0,1924804.6,0,0,1924804.6,0,0,1924804.6,0,0,1924804.6,0,0,1924804.6,0,0,1924804.6,0,0,1924804.6,0,0,1924804.6,0,0,1924804.6,0,0,1924804.6,0,0,1924804.6,0,0,1924804.6,0,0,6416015.34,0,0,1924804.6,0,0,1924804.6,0,0,1924804.6,0,0,1924804.6,0,0,1924804.6,0,0,1924804.6,0,0,1924804.6
both_sexes,1,AstraZeneca,2021-06-14,COVCANCER,0,0,0,0,0,0,0,0,0,0,0,0,0,0,0,0,0,0,0,0,0,0,0,0,0,0,0,0,0,0,0,0,0,0,0,0,0,0,0,0,0,0,0,0,0,0,0,0,0,0,2138671.78,0,0,2138671.78,0,0,2138671.78,0,0,2138671.78,0,0,2138671.78,0,0,2138671.78,0,0,2138671.78,0,0,2138671.78,0,0,2138671.78,0,0,2138671.78,0,0,2138671.78,0,0,2138671.78,0,0,2138671.78,0,0,2138671.78,0,0,2138671.78,0,0,2138671.78,0,0,2138671.78,0,0,2138671.78,0,0,2138671.78,0,0,2138671.78,0,0,2138671.78,0,0,2138671.78,0,0,2138671.78,0,0,2138671.78,0,0,2138671.78,0,0,2138671.78,0,0,2138671.78,0,0,2138671.78,0,0,2138671.78,0,0,2138671.78,0,0,2138671.78,0,0,2138671.78,0,0,2138671.78,0,0,2138671.78,0,0,2138671.78,0,0,2138671.78,0,0,2138671.78,0,0,2138671.78,0,0,2138671.78,0,0,2138671.78,0,0,6416015.34,0,0,2138671.78,0,0,2138671.78,0,0,2138671.78,0,0,2138671.78,0,0,2138671.78,0,0,2138671.78,0,0,2138671.78
both_sexes,1,AstraZeneca,2021-06-21,COVCANCER,0,0,0,0,0,0,0,0,0,0,0,0,0,0,0,0,0,0,0,0,0,0,0,0,0,0,0,0,0,0,0,0,0,0,0,0,0,0,0,0,0,0,0,0,0,0,0,0,0,0,2406005.75,0,0,2406005.75,0,0,2406005.75,0,0,2406005.75,0,0,2406005.75,0,0,2406005.75,0,0,2406005.75,0,0,2406005.75,0,0,2406005.75,0,0,2406005.75,0,0,2406005.75,0,0,2406005.75,0,0,2406005.75,0,0,2406005.75,0,0,2406005.75,0,0,2406005.75,0,0,2406005.75,0,0,2406005.75,0,0,2406005.75,0,0,2406005.75,0,0,2406005.75,0,0,2406005.75,0,0,2406005.75,0,0,2406005.75,0,0,2406005.75,0,0,2406005.75,0,0,2406005.75,0,0,2406005.75,0,0,2406005.75,0,0,2406005.75,0,0,2406005.75,0,0,2406005.75,0,0,2406005.75,0,0,2406005.75,0,0,2406005.75,0,0,2406005.75,0,0,2406005.75,0,0,2406005.75,0,0,2406005.75,0,0,2406005.75,0,0,6416015.34,0,0,2406005.75,0,0,2406005.75,0,0,2406005.75,0,0,2406005.75,0,0,2406005.75,0,0,2406005.75,0,0,2406005.75
both_sexes,1,AstraZeneca,2021-06-28,COVCANCER,0,0,0,0,0,0,0,0,0,0,0,0,0,0,0,0,0,0,0,0,0,0,0,0,0,0,0,0,0,0,0,0,0,0,0,0,0,0,0,0,0,0,0,0,0,0,0,0,0,0,7485351.23,0,0,7485351.23,0,0,7485351.23,0,0,7485351.23,0,0,7485351.23,0,0,7485351.23,0,0,7485351.23,0,0,7485351.23,0,0,7485351.23,0,0,7485351.23,0,0,7485351.23,0,0,7485351.23,0,0,7485351.23,0,0,7485351.23,0,0,7485351.23,0,0,7485351.23,0,0,7485351.23,0,0,7485351.23,0,0,7485351.23,0,0,7485351.23,0,0,7485351.23,0,0,7485351.23,0,0,7485351.23,0,0,7485351.23,0,0,7485351.23,0,0,7485351.23,0,0,7485351.23,0,0,7485351.23,0,0,7485351.23,0,0,7485351.23,0,0,7485351.23,0,0,7485351.23,0,0,7485351.23,0,0,7485351.23,0,0,7485351.23,0,0,7485351.23,0,0,7485351.23,0,0,7485351.23,0,0,7485351.23,0,0,7485351.23,0,0,22456053.68,0,0,7485351.23,0,0,7485351.23,0,0,7485351.23,0,0,7485351.23,0,0,7485351.23,0,0,7485351.23,0,0,7485351.23
both_sexes,1,Pfizer,2021-05-03,COVCANCER,0,0,0,0,0,0,0,0,0,0,0,0,0,0,0,0,0,0,0,0,0,0,0,0,0,0,0,0,0,0,0,0,0,0,0,0,0,0,0,0,0,0,0,0,0,0,0,0,0,0,1086583.24,0,0,1086583.24,0,0,1086583.24,0,0,1192356.83,0,0,1203002.88,0,0,1283203.07,0,0,1086583.24,0,0,1086583.24,0,0,1271097.38,0,0,1271097.38,0,0,1086583.24,0,0,1086583.24,0,0,1086583.24,0,0,1086583.24,0,0,1086583.24,0,0,1086583.24,0,0,1151592.5,0,0,1151592.5,0,0,1086583.24,0,0,1086583.24,0,0,1086583.24,0,0,1086583.24,0,0,1086583.24,0,0,1086583.24,0,0,1086583.24,0,0,1086583.24,0,0,1086583.24,0,0,1086583.24,0,0,1086583.24,0,0,1086583.24,0,0,1086583.24,0,0,1086583.24,0,0,1086583.24,0,0,1086583.24,0,0,1086583.24,0,0,1086583.24,0,0,1086583.24,0,0,1086583.24,0,0,1086583.24,0,0,1086583.24,0,0,3641522.22,0,0,1086583.24,0,0,1086583.24,0,0,1086583.24,0,0,1086583.24,0,0,1086583.24,0,0,1086583.24,0,0,1086583.24
both_sexes,1,Pfizer,2021-04-19,COVCANCER,0,0,0,0,0,0,0,0,0,0,0,0,0,0,0,0,0,0,0,0,0,0,0,0,0,0,0,0,0,0,0,0,0,0,0,0,0,0,0,0,0,0,0,0,0,0,0,0,0,0,797256.34,0,0,797256.34,0,0,831705.69,0,0,910380.55,0,0,910380.55,0,0,922851.52,0,0,831705.69,0,0,831705.69,0,0,880629.56,0,0,880629.56,0,0,797256.34,0,0,797256.34,0,0,797256.34,0,0,797256.34,0,0,797256.34,0,0,797256.34,0,0,831705.69,0,0,831705.69,0,0,797256.34,0,0,797256.34,0,0,797256.34,0,0,797256.34,0,0,797256.34,0,0,797256.34,0,0,797256.34,0,0,797256.34,0,0,797256.34,0,0,797256.34,0,0,797256.34,0,0,797256.34,0,0,797256.34,0,0,797256.34,0,0,797256.34,0,0,797256.34,0,0,797256.34,0,0,797256.34,0,0,797256.34,0,0,797256.34,0,0,797256.34,0,0,797256.34,0,0,5182166.23,0,0,797256.34,0,0,797256.34,0,0,797256.34,0,0,831705.69,0,0,797256.34,0,0,831705.69,0,0,797256.34
both_sexes,1,Pfizer,2021-04-26,COVCANCER,0,0,0,0,0,0,0,0,0,0,0,0,0,0,0,0,0,0,0,0,0,0,0,0,0,0,0,0,0,0,0,0,0,0,0,0,0,0,0,0,0,0,0,0,0,0,0,0,0,0,852761.53,0,0,852761.53,0,0,886423.17,0,0,976350.16,0,0,976350.16,0,0,1028521.54,0,0,886423.17,0,0,886423.17,0,0,983476.8,0,0,983476.8,0,0,852761.53,0,0,852761.53,0,0,852761.53,0,0,852761.53,0,0,852761.53,0,0,852761.53,0,0,892293.52,0,0,892293.52,0,0,852761.53,0,0,852761.53,0,0,852761.53,0,0,852761.53,0,0,852761.53,0,0,852761.53,0,0,852761.53,0,0,852761.53,0,0,852761.53,0,0,852761.53,0,0,852761.53,0,0,852761.53,0,0,852761.53,0,0,852761.53,0,0,852761.53,0,0,852761.53,0,0,852761.53,0,0,852761.53,0,0,852761.53,0,0,852761.53,0,0,852761.53,0,0,852761.53,0,0,3849609.2,0,0,852761.53,0,0,852761.53,0,0,852761.53,0,0,886423.17,0,0,852761.53,0,0,886423.17,0,0,852761.53
both_sexes,1,Pfizer,2021-04-12,COVCANCER,0,0,0,0,0,0,0,0,0,0,0,0,0,0,0,0,0,0,0,0,0,0,0,0,0,0,0,0,0,0,0,0,0,0,0,0,0,0,0,0,0,0,0,0,0,0,0,0,0,0,1132238,0,0,1132238,0,0,1203002.88,0,0,1213840.74,0,0,1295541.56,0,0,1295541.56,0,0,1203002.88,0,0,1203002.88,0,0,1141833.24,0,0,1141833.24,0,0,1132238,0,0,1132238,0,0,1132238,0,0,1132238,0,0,1132238,0,0,1132238,0,0,1203002.88,0,0,1203002.88,0,0,1132238,0,0,1132238,0,0,1132238,0,0,1132238,0,0,1132238,0,0,1132238,0,0,1132238,0,0,1132238,0,0,1132238,0,0,1132238,0,0,1132238,0,0,1132238,0,0,1132238,0,0,1132238,0,0,1132238,0,0,1132238,0,0,1132238,0,0,1132238,0,0,1132238,0,0,1132238,0,0,1132238,0,0,1132238,0,0,14970702.45,0,0,1132238,0,0,1132238,0,0,1132238,0,0,1203002.88,0,0,1132238,0,0,1203002.88,0,0,1132238
both_sexes,1,Pfizer,2021-02-22,COVCANCER,0,0,0,0,0,0,0,0,0,0,0,0,0,0,0,0,0,0,0,0,0,0,0,0,0,0,0,0,0,0,0,0,0,0,0,0,0,0,0,0,0,0,0,0,0,0,0,0,0,0,22456053.68,0,0,22456053.68,0,0,22456053.68,0,0,22456053.68,0,0,22456053.68,0,0,22456053.68,0,0,22456053.68,0,0,22456053.68,0,0,22456053.68,0,0,22456053.68,0,0,22456053.68,0,0,22456053.68,0,0,22456053.68,0,0,22456053.68,0,0,22456053.68,0,0,22456053.68,0,0,22456053.68,0,0,22456053.68,0,0,22456053.68,0,0,22456053.68,0,0,22456053.68,0,0,22456053.68,0,0,22456053.68,0,0,22456053.68,0,0,22456053.68,0,0,22456053.68,0,0,22456053.68,0,0,22456053.68,0,0,22456053.68,0,0,22456053.68,0,0,22456053.68,0,0,22456053.68,0,0,22456053.68,0,0,22456053.68,0,0,22456053.68,0,0,22456053.68,0,0,22456053.68,0,0,22456053.68,0,0,22456053.68,0,0,22456053.68,,,0,0,0,22456053.68,0,0,22456053.68,0,0,22456053.68,0,0,22456053.68,0,0,22456053.68,0,0,22456053.68,0,0,22456053.68
both_sexes,1,Pfizer,2021-03-01,COVCANCER,0,0,0,0,0,0,0,0,0,0,0,0,0,0,0,0,0,0,0,0,0,0,0,0,0,0,0,0,0,0,0,0,0,0,0,0,0,0,0,0,0,0,0,0,0,0,0,0,0,0,9624023,0,0,9624023,0,0,9624023,0,0,9624023,0,0,9624023,0,0,9624023,0,0,9624023,0,0,9624023,0,0,9624023,0,0,9624023,0,0,9624023,0,0,9624023,0,0,9624023,0,0,9624023,0,0,9624023,0,0,9624023,0,0,9624023,0,0,9624023,0,0,9624023,0,0,9624023,0,0,9624023,0,0,9624023,0,0,9624023,0,0,9624023,0,0,9624023,0,0,9624023,0,0,9624023,0,0,9624023,0,0,9624023,0,0,9624023,0,0,9624023,0,0,9624023,0,0,9624023,0,0,9624023,0,0,9624023,0,0,9624023,0,0,9624023,0,0,9624023,0,0,9624023,0,0,9624023,,,0,0,0,9624023,0,0,9624023,0,0,9624023,0,0,9624023,0,0,9624023,0,0,9624023,0,0,9624023
both_sexes,1,Pfizer,2021-03-08,COVCANCER,0,0,0,0,0,0,0,0,0,0,0,0,0,0,0,0,0,0,0,0,0,0,0,0,0,0,0,0,0,0,0,0,0,0,0,0,0,0,0,0,0,0,0,0,0,0,0,0,0,0,6124378.28,0,0,6124378.28,0,0,6124378.28,0,0,6124378.28,0,0,6124378.28,0,0,6124378.28,0,0,6124378.28,0,0,6124378.28,0,0,6124378.28,0,0,6124378.28,0,0,6124378.28,0,0,6124378.28,0,0,6124378.28,0,0,6124378.28,0,0,6124378.28,0,0,6124378.28,0,0,6124378.28,0,0,6124378.28,0,0,6124378.28,0,0,6124378.28,0,0,6124378.28,0,0,6124378.28,0,0,6124378.28,0,0,6124378.28,0,0,6124378.28,0,0,6124378.28,0,0,6124378.28,0,0,6124378.28,0,0,6124378.28,0,0,6124378.28,0,0,6124378.28,0,0,6124378.28,0,0,6124378.28,0,0,6124378.28,0,0,6124378.28,0,0,6124378.28,0,0,6124378.28,0,0,6124378.28,0,0,6124378.28,0,0,6124378.28,0,0,33684080.52,0,0,6124378.28,0,0,6124378.28,0,0,6124378.28,0,0,6124378.28,0,0,6124378.28,0,0,6124378.28,0,0,6124378.28
both_sexes,1,Moderna,2021-03-01,COVCANCER,0,0,0,0,0,0,0,0,0,0,0,0,0,0,0,0,0,0,0,0,0,0,0,0,0,0,0,0,0,0,0,0,0,0,0,0,0,0,0,0,0,0,0,0,0,0,0,0,0,0,14970702.45,0,0,14970702.45,0,0,14970702.45,0,0,14970702.45,0,0,14970702.45,0,0,14970702.45,0,0,14970702.45,0,0,14970702.45,0,0,14970702.45,0,0,14970702.45,0,0,14970702.45,0,0,14970702.45,0,0,14970702.45,0,0,14970702.45,0,0,14970702.45,0,0,14970702.45,0,0,14970702.45,0,0,14970702.45,0,0,14970702.45,0,0,14970702.45,0,0,14970702.45,0,0,14970702.45,0,0,14970702.45,0,0,14970702.45,0,0,14970702.45,0,0,14970702.45,0,0,14970702.45,0,0,14970702.45,0,0,14970702.45,0,0,14970702.45,0,0,14970702.45,0,0,14970702.45,0,0,14970702.45,0,0,14970702.45,0,0,14970702.45,0,0,14970702.45,0,0,14970702.45,0,0,14970702.45,0,0,14970702.45,0,0,14970702.45,0,0,19248046.01,0,0,14970702.45,0,0,14970702.45,0,0,14970702.45,0,0,14970702.45,0,0,14970702.45,0,0,14970702.45,0,0,14970702.45
both_sexes,1,Moderna,2021-03-08,COVCANCER,0,0,0,0,0,0,0,0,0,0,0,0,0,0,0,0,0,0,0,0,0,0,0,0,0,0,0,0,0,0,0,0,0,0,0,0,0,0,0,0,0,0,0,0,0,0,0,0,0,0,7091385.37,0,0,7091385.37,0,0,7091385.37,0,0,7091385.37,0,0,7091385.37,0,0,7091385.37,0,0,7091385.37,0,0,7091385.37,0,0,7091385.37,0,0,7091385.37,0,0,7091385.37,0,0,7091385.37,0,0,7091385.37,0,0,7091385.37,0,0,7091385.37,0,0,7091385.37,0,0,7091385.37,0,0,7091385.37,0,0,7091385.37,0,0,7091385.37,0,0,7091385.37,0,0,7091385.37,0,0,7091385.37,0,0,7091385.37,0,0,7091385.37,0,0,7091385.37,0,0,7091385.37,0,0,7091385.37,0,0,7091385.37,0,0,7091385.37,0,0,7091385.37,0,0,7091385.37,0,0,7091385.37,0,0,7091385.37,0,0,7091385.37,0,0,7091385.37,0,0,7091385.37,0,0,7091385.37,0,0,7091385.37,0,0,7091385.37,0,0,11228026.84,0,0,7091385.37,0,0,7091385.37,0,0,7091385.37,0,0,7091385.37,0,0,7091385.37,0,0,7091385.37,0,0,7091385.37
both_sexes,2,Moderna,2021-04-05,COVCANCER,0,0,0,0,0,0,0,0,0,0,0,0,0,0,0,0,0,0,0,0,0,0,0,0,0,0,0,0,0,0,0,0,0,0,0,0,0,0,0,0,0,0,0,0,0,0,0,0,0,0,7091385.37,0,0,7091385.37,0,0,7091385.37,0,0,7091385.37,0,0,7091385.37,0,0,7091385.37,0,0,7091385.37,0,0,7091385.37,0,0,7091385.37,0,0,7091385.37,0,0,7091385.37,0,0,7091385.37,0,0,7091385.37,0,0,7091385.37,0,0,7091385.37,0,0,7091385.37,0,0,7091385.37,0,0,7091385.37,0,0,7091385.37,0,0,7091385.37,0,0,7091385.37,0,0,7091385.37,0,0,7091385.37,0,0,7091385.37,0,0,7091385.37,0,0,7091385.37,0,0,7091385.37,0,0,7091385.37,0,0,7091385.37,0,0,7091385.37,0,0,7091385.37,0,0,7091385.37,0,0,7091385.37,0,0,7091385.37,0,0,7091385.37,0,0,7091385.37,0,0,7091385.37,0,0,7091385.37,0,0,7091385.37,0,0,7091385.37,0,0,10364332.47,0,0,7091385.37,0,0,7091385.37,0,0,7091385.37,0,0,7091385.37,0,0,7091385.37,0,0,7091385.37,0,0,7091385.37
both_sexes,1,J&J,2021-04-26,COVCANCER,0,0,0,0,0,0,0,0,0,0,0,0,0,0,0,0,0,0,0,0,0,0,0,0,0,0,0,0,0,0,0,0,0,0,0,0,0,0,0,0,0,0,0,0,0,0,0,0,0,0,67368161.03,0,0,67368161.03,0,0,67368161.03,0,0,67368161.03,0,0,67368161.03,0,0,67368161.03,0,0,67368161.03,0,0,67368161.03,0,0,67368161.03,0,0,67368161.03,0,0,67368161.03,0,0,67368161.03,0,0,67368161.03,0,0,67368161.03,0,0,67368161.03,0,0,67368161.03,0,0,67368161.03,0,0,67368161.03,0,0,67368161.03,0,0,67368161.03,0,0,67368161.03,0,0,67368161.03,0,0,67368161.03,0,0,67368161.03,0,0,67368161.03,0,0,67368161.03,0,0,67368161.03,0,0,67368161.03,0,0,67368161.03,0,0,67368161.03,0,0,67368161.03,0,0,67368161.03,0,0,67368161.03,0,0,67368161.03,0,0,67368161.03,0,0,67368161.03,0,0,67368161.03,0,0,67368161.03,0,0,67368161.03,0,0,67368161.03,0,0,67368161.03,0,0,67368161.03,0,0,67368161.03,0,0,67368161.03,0,0,67368161.03,0,0,67368161.03,0,0,67368161.03,0,0,67368161.03
both_sexes,1,J&J,2021-05-03,COVCANCER,0,0,0,0,0,0,0,0,0,0,0,0,0,0,0,0,0,0,0,0,0,0,0,0,0,0,0,0,0,0,0,0,0,0,0,0,0,0,0,0,0,0,0,0,0,0,0,0,0,0,19248046.01,0,0,19248046.01,0,0,19248046.01,0,0,19248046.01,0,0,19248046.01,0,0,19248046.01,0,0,19248046.01,0,0,19248046.01,0,0,19248046.01,0,0,19248046.01,0,0,19248046.01,0,0,19248046.01,0,0,19248046.01,0,0,19248046.01,0,0,19248046.01,0,0,19248046.01,0,0,19248046.01,0,0,19248046.01,0,0,19248046.01,0,0,19248046.01,0,0,19248046.01,0,0,19248046.01,0,0,19248046.01,0,0,19248046.01,0,0,19248046.01,0,0,19248046.01,0,0,19248046.01,0,0,19248046.01,0,0,19248046.01,0,0,19248046.01,0,0,19248046.01,0,0,19248046.01,0,0,19248046.01,0,0,19248046.01,0,0,19248046.01,0,0,19248046.01,0,0,19248046.01,0,0,19248046.01,0,0,19248046.01,0,0,19248046.01,0,0,19248046.01,0,0,19248046.01,0,0,19248046.01,0,0,19248046.01,0,0,19248046.01,0,0,19248046.01,0,0,19248046.01,0,0,19248046.01
both_sexes,1,J&J,2021-05-10,COVCANCER,0,0,0,0,0,0,0,0,0,0,0,0,0,0,0,0,0,0,0,0,0,0,0,0,0,0,0,0,0,0,0,0,0,0,0,0,0,0,0,0,0,0,0,0,0,0,0,0,0,0,19248046.01,0,0,19248046.01,0,0,19248046.01,0,0,19248046.01,0,0,19248046.01,0,0,19248046.01,0,0,19248046.01,0,0,19248046.01,0,0,19248046.01,0,0,19248046.01,0,0,19248046.01,0,0,19248046.01,0,0,19248046.01,0,0,19248046.01,0,0,19248046.01,0,0,19248046.01,0,0,19248046.01,0,0,19248046.01,0,0,19248046.01,0,0,19248046.01,0,0,19248046.01,0,0,19248046.01,0,0,19248046.01,0,0,19248046.01,0,0,19248046.01,0,0,19248046.01,0,0,19248046.01,0,0,19248046.01,0,0,19248046.01,0,0,19248046.01,0,0,19248046.01,0,0,19248046.01,0,0,19248046.01,0,0,19248046.01,0,0,19248046.01,0,0,19248046.01,0,0,19248046.01,0,0,19248046.01,0,0,19248046.01,0,0,19248046.01,0,0,19248046.01,0,0,19248046.01,0,0,19248046.01,0,0,19248046.01,0,0,19248046.01,0,0,19248046.01,0,0,19248046.01,0,0,19248046.01
both_sexes,1,J&J,2021-05-17,COVCANCER,0,0,0,0,0,0,0,0,0,0,0,0,0,0,0,0,0,0,0,0,0,0,0,0,0,0,0,0,0,0,0,0,0,0,0,0,0,0,0,0,0,0,0,0,0,0,0,0,0,0,19248046.01,0,0,19248046.01,0,0,19248046.01,0,0,19248046.01,0,0,19248046.01,0,0,19248046.01,0,0,19248046.01,0,0,19248046.01,0,0,19248046.01,0,0,19248046.01,0,0,19248046.01,0,0,19248046.01,0,0,19248046.01,0,0,19248046.01,0,0,19248046.01,0,0,19248046.01,0,0,19248046.01,0,0,19248046.01,0,0,19248046.01,0,0,19248046.01,0,0,19248046.01,0,0,19248046.01,0,0,19248046.01,0,0,19248046.01,0,0,19248046.01,0,0,19248046.01,0,0,19248046.01,0,0,19248046.01,0,0,19248046.01,0,0,19248046.01,0,0,19248046.01,0,0,19248046.01,0,0,19248046.01,0,0,19248046.01,0,0,19248046.01,0,0,19248046.01,0,0,19248046.01,0,0,19248046.01,0,0,19248046.01,0,0,19248046.01,0,0,19248046.01,0,0,19248046.01,0,0,19248046.01,0,0,19248046.01,0,0,19248046.01,0,0,19248046.01,0,0,19248046.01,0,0,19248046.01
both_sexes,1,J&J,2021-05-24,COVCANCER,0,0,0,0,0,0,0,0,0,0,0,0,0,0,0,0,0,0,0,0,0,0,0,0,0,0,0,0,0,0,0,0,0,0,0,0,0,0,0,0,0,0,0,0,0,0,0,0,0,0,19248046.01,0,0,19248046.01,0,0,19248046.01,0,0,19248046.01,0,0,19248046.01,0,0,19248046.01,0,0,19248046.01,0,0,19248046.01,0,0,19248046.01,0,0,19248046.01,0,0,19248046.01,0,0,19248046.01,0,0,19248046.01,0,0,19248046.01,0,0,19248046.01,0,0,19248046.01,0,0,19248046.01,0,0,19248046.01,0,0,19248046.01,0,0,19248046.01,0,0,19248046.01,0,0,19248046.01,0,0,19248046.01,0,0,19248046.01,0,0,19248046.01,0,0,19248046.01,0,0,19248046.01,0,0,19248046.01,0,0,19248046.01,0,0,19248046.01,0,0,19248046.01,0,0,19248046.01,0,0,19248046.01,0,0,19248046.01,0,0,19248046.01,0,0,19248046.01,0,0,19248046.01,0,0,19248046.01,0,0,19248046.01,0,0,19248046.01,0,0,19248046.01,0,0,19248046.01,0,0,19248046.01,0,0,19248046.01,0,0,19248046.01,0,0,19248046.01,0,0,19248046.01,0,0,19248046.01
both_sexes,1,J&J,2021-05-31,COVCANCER,0,0,0,0,0,0,0,0,0,0,0,0,0,0,0,0,0,0,0,0,0,0,0,0,0,0,0,0,0,0,0,0,0,0,0,0,0,0,0,0,0,0,0,0,0,0,0,0,0,0,19248046.01,0,0,19248046.01,0,0,19248046.01,0,0,19248046.01,0,0,19248046.01,0,0,19248046.01,0,0,19248046.01,0,0,19248046.01,0,0,19248046.01,0,0,19248046.01,0,0,19248046.01,0,0,19248046.01,0,0,19248046.01,0,0,19248046.01,0,0,19248046.01,0,0,19248046.01,0,0,19248046.01,0,0,19248046.01,0,0,19248046.01,0,0,19248046.01,0,0,19248046.01,0,0,19248046.01,0,0,19248046.01,0,0,19248046.01,0,0,19248046.01,0,0,19248046.01,0,0,19248046.01,0,0,19248046.01,0,0,19248046.01,0,0,19248046.01,0,0,19248046.01,0,0,19248046.01,0,0,19248046.01,0,0,19248046.01,0,0,19248046.01,0,0,19248046.01,0,0,19248046.01,0,0,19248046.01,0,0,19248046.01,0,0,19248046.01,0,0,19248046.01,0,0,19248046.01,0,0,19248046.01,0,0,19248046.01,0,0,19248046.01,0,0,19248046.01,0,0,19248046.01,0,0,19248046.01
both_sexes,1,J&J,2021-06-07,COVCANCER,0,0,0,0,0,0,0,0,0,0,0,0,0,0,0,0,0,0,0,0,0,0,0,0,0,0,0,0,0,0,0,0,0,0,0,0,0,0,0,0,0,0,0,0,0,0,0,0,0,0,19248046.01,0,0,19248046.01,0,0,19248046.01,0,0,19248046.01,0,0,19248046.01,0,0,19248046.01,0,0,19248046.01,0,0,19248046.01,0,0,19248046.01,0,0,19248046.01,0,0,19248046.01,0,0,19248046.01,0,0,19248046.01,0,0,19248046.01,0,0,19248046.01,0,0,19248046.01,0,0,19248046.01,0,0,19248046.01,0,0,19248046.01,0,0,19248046.01,0,0,19248046.01,0,0,19248046.01,0,0,19248046.01,0,0,19248046.01,0,0,19248046.01,0,0,19248046.01,0,0,19248046.01,0,0,19248046.01,0,0,19248046.01,0,0,19248046.01,0,0,19248046.01,0,0,19248046.01,0,0,19248046.01,0,0,19248046.01,0,0,19248046.01,0,0,19248046.01,0,0,19248046.01,0,0,19248046.01,0,0,19248046.01,0,0,19248046.01,0,0,19248046.01,0,0,19248046.01,0,0,19248046.01,0,0,19248046.01,0,0,19248046.01,0,0,19248046.01,0,0,19248046.01,0,0,19248046.01
both_sexes,1,J&J,2021-06-14,COVCANCER,0,0,0,0,0,0,0,0,0,0,0,0,0,0,0,0,0,0,0,0,0,0,0,0,0,0,0,0,0,0,0,0,0,0,0,0,0,0,0,0,0,0,0,0,0,0,0,0,0,0,19248046.01,0,0,19248046.01,0,0,19248046.01,0,0,19248046.01,0,0,19248046.01,0,0,19248046.01,0,0,19248046.01,0,0,19248046.01,0,0,19248046.01,0,0,19248046.01,0,0,19248046.01,0,0,19248046.01,0,0,19248046.01,0,0,19248046.01,0,0,19248046.01,0,0,19248046.01,0,0,19248046.01,0,0,19248046.01,0,0,19248046.01,0,0,19248046.01,0,0,19248046.01,0,0,19248046.01,0,0,19248046.01,0,0,19248046.01,0,0,19248046.01,0,0,19248046.01,0,0,19248046.01,0,0,19248046.01,0,0,19248046.01,0,0,19248046.01,0,0,19248046.01,0,0,19248046.01,0,0,19248046.01,0,0,19248046.01,0,0,19248046.01,0,0,19248046.01,0,0,19248046.01,0,0,19248046.01,0,0,19248046.01,0,0,19248046.01,0,0,19248046.01,0,0,19248046.01,0,0,19248046.01,0,0,19248046.01,0,0,19248046.01,0,0,19248046.01,0,0,19248046.01,0,0,19248046.01
both_sexes,1,J&J,2021-06-21,COVCANCER,0,0,0,0,0,0,0,0,0,0,0,0,0,0,0,0,0,0,0,0,0,0,0,0,0,0,0,0,0,0,0,0,0,0,0,0,0,0,0,0,0,0,0,0,0,0,0,0,0,0,19248046.01,0,0,19248046.01,0,0,19248046.01,0,0,19248046.01,0,0,19248046.01,0,0,19248046.01,0,0,19248046.01,0,0,19248046.01,0,0,19248046.01,0,0,19248046.01,0,0,19248046.01,0,0,19248046.01,0,0,19248046.01,0,0,19248046.01,0,0,19248046.01,0,0,19248046.01,0,0,19248046.01,0,0,19248046.01,0,0,19248046.01,0,0,19248046.01,0,0,19248046.01,0,0,19248046.01,0,0,19248046.01,0,0,19248046.01,0,0,19248046.01,0,0,19248046.01,0,0,19248046.01,0,0,19248046.01,0,0,19248046.01,0,0,19248046.01,0,0,19248046.01,0,0,19248046.01,0,0,19248046.01,0,0,19248046.01,0,0,19248046.01,0,0,19248046.01,0,0,19248046.01,0,0,19248046.01,0,0,19248046.01,0,0,19248046.01,0,0,19248046.01,0,0,19248046.01,0,0,19248046.01,0,0,19248046.01,0,0,19248046.01,0,0,19248046.01,0,0,19248046.01,0,0,19248046.01
both_sexes,1,J&J,2021-06-28,COVCANCER,0,0,0,0,0,0,0,0,0,0,0,0,0,0,0,0,0,0,0,0,0,0,0,0,0,0,0,0,0,0,0,0,0,0,0,0,0,0,0,0,0,0,0,0,0,0,0,0,0,0,44912107.35,0,0,44912107.35,0,0,44912107.35,0,0,44912107.35,0,0,44912107.35,0,0,44912107.35,0,0,44912107.35,0,0,44912107.35,0,0,44912107.35,0,0,44912107.35,0,0,44912107.35,0,0,44912107.35,0,0,44912107.35,0,0,44912107.35,0,0,44912107.35,0,0,44912107.35,0,0,44912107.35,0,0,44912107.35,0,0,44912107.35,0,0,44912107.35,0,0,44912107.35,0,0,44912107.35,0,0,44912107.35,0,0,44912107.35,0,0,44912107.35,0,0,44912107.35,0,0,44912107.35,0,0,44912107.35,0,0,44912107.35,0,0,44912107.35,0,0,44912107.35,0,0,44912107.35,0,0,44912107.35,0,0,44912107.35,0,0,44912107.35,0,0,44912107.35,0,0,44912107.35,0,0,44912107.35,0,0,44912107.35,0,0,44912107.35,0,0,44912107.35,0,0,44912107.35,0,0,44912107.35,0,0,44912107.35,0,0,44912107.35,0,0,44912107.35,0,0,44912107.35,0,0,44912107.35
both_sexes,1,Moderna,2021-02-22,COVCANCER,0,0,0,0,0,0,0,0,0,0,0,0,0,0,0,0,0,0,0,0,0,0,0,0,0,0,0,0,0,0,0,0,0,0,0,0,0,0,0,0,0,0,0,0,0,0,0,0,0,0,26947264.41,0,0,26947264.41,0,0,26947264.41,0,0,26947264.41,0,0,26947264.41,0,0,26947264.41,0,0,26947264.41,0,0,26947264.41,0,0,26947264.41,0,0,26947264.41,0,0,26947264.41,0,0,26947264.41,0,0,26947264.41,0,0,26947264.41,0,0,26947264.41,0,0,26947264.41,0,0,26947264.41,0,0,26947264.41,0,0,26947264.41,0,0,26947264.41,0,0,26947264.41,0,0,26947264.41,0,0,26947264.41,0,0,26947264.41,0,0,26947264.41,0,0,26947264.41,0,0,26947264.41,0,0,26947264.41,0,0,26947264.41,0,0,26947264.41,0,0,26947264.41,0,0,26947264.41,0,0,26947264.41,0,0,26947264.41,0,0,26947264.41,0,0,26947264.41,0,0,26947264.41,0,0,26947264.41,0,0,26947264.41,0,0,26947264.41,0,0,26947264.41,0,0,26947264.41,0,0,26947264.41,0,0,26947264.41,0,0,26947264.41,0,0,26947264.41,0,0,26947264.41,0,0,26947264.41
both_sexes,2,Moderna,2021-03-22,COVCANCER,0,0,0,0,0,0,0,0,0,0,0,0,0,0,0,0,0,0,0,0,0,0,0,0,0,0,0,0,0,0,0,0,0,0,0,0,0,0,0,0,0,0,0,0,0,0,0,0,0,0,19248046.01,0,0,19248046.01,0,0,19248046.01,0,0,19248046.01,0,0,19248046.01,0,0,19248046.01,0,0,19248046.01,0,0,19248046.01,0,0,19248046.01,0,0,19248046.01,0,0,19248046.01,0,0,19248046.01,0,0,19248046.01,0,0,19248046.01,0,0,19248046.01,0,0,19248046.01,0,0,19248046.01,0,0,19248046.01,0,0,19248046.01,0,0,19248046.01,0,0,19248046.01,0,0,19248046.01,0,0,19248046.01,0,0,19248046.01,0,0,19248046.01,0,0,19248046.01,0,0,19248046.01,0,0,19248046.01,0,0,19248046.01,0,0,19248046.01,0,0,19248046.01,0,0,19248046.01,0,0,19248046.01,0,0,19248046.01,0,0,19248046.01,0,0,19248046.01,0,0,19248046.01,0,0,19248046.01,0,0,19248046.01,0,0,19248046.01,0,0,19248046.01,0,0,19248046.01,0,0,19248046.01,0,0,19248046.01,0,0,19248046.01,0,0,19248046.01,0,0,19248046.01,0,0,19248046.01
both_sexes,2,Moderna,2021-03-29,COVCANCER,0,0,0,0,0,0,0,0,0,0,0,0,0,0,0,0,0,0,0,0,0,0,0,0,0,0,0,0,0,0,0,0,0,0,0,0,0,0,0,0,0,0,0,0,0,0,0,0,0,0,19248046.01,0,0,19248046.01,0,0,19248046.01,0,0,19248046.01,0,0,19248046.01,0,0,19248046.01,0,0,19248046.01,0,0,19248046.01,0,0,19248046.01,0,0,19248046.01,0,0,19248046.01,0,0,19248046.01,0,0,19248046.01,0,0,19248046.01,0,0,19248046.01,0,0,19248046.01,0,0,19248046.01,0,0,19248046.01,0,0,19248046.01,0,0,19248046.01,0,0,19248046.01,0,0,19248046.01,0,0,19248046.01,0,0,19248046.01,0,0,19248046.01,0,0,19248046.01,0,0,19248046.01,0,0,19248046.01,0,0,19248046.01,0,0,19248046.01,0,0,19248046.01,0,0,19248046.01,0,0,19248046.01,0,0,19248046.01,0,0,19248046.01,0,0,19248046.01,0,0,19248046.01,0,0,19248046.01,0,0,19248046.01,0,0,19248046.01,0,0,19248046.01,0,0,19248046.01,0,0,19248046.01,0,0,19248046.01,0,0,19248046.01,0,0,19248046.01,0,0,19248046.01,0,0,19248046.01
both_sexes,0,0,2020-01-06,COVCOPD,0,0,0,0,0,1,0,0,1,1,0,0,0,0,0,0,0,0,0,0,0,0,0,0,0,0,0,0,0,0,0,0,0,0,0,0,0,1,0,0,1,0,0,0,0,0,0,0,0,0,53087.6,0,0,53087.6,0,0,52941.58,0,0,54132.71,0,0,54681.95,14987.69,379.46,83506.06,0,0,52941.58,0,0,54198.04,14511.32,367.39,80851.92,14511.32,367.39,80851.92,0,0,53087.6,0,0,53087.6,0,0,53087.6,0,0,53087.6,0,0,52941.58,0,0,52941.58,0,0,53234.42,0,0,53382.06,0,0,52962.39,0,0,52962.39,0,0,53087.6,0,0,52941.58,0,0,52941.58,0,0,52941.58,0,0,52941.58,0,0,52941.58,0,0,52941.58,0,0,53087.6,0,0,53087.6,0,0,52941.58,0,0,52941.58,0,0,52941.58,0,0,52941.58,0,0,53234.42,0,0,53234.42,0,0,52941.58,0,0,52941.58,0,0,52941.58,0,0,52941.58,0,0,52941.58,20811.97,526.91,115956.85,0,0,52941.58,0,0,52941.58,14351.67,363.35,79962.39,0,0,52941.58,0,0,53234.42,0,0,53234.42,0,0,52941.58
both_sexes,0,0,2020-01-13,COVCOPD,0,0,0,0,0,0,0,0,0,0,0,0,0,0,0,0,1,1,0,0,0,0,0,0,0,0,0,0,0,0,0,0,0,0,0,0,0,0,0,0,1,0,0,0,0,0,0,0,0,0,53424.39,0,0,53424.39,0,0,53276.52,0,0,54482.94,0,0,54949.56,0,0,55584.29,0,0,53276.52,0,0,54482.94,0,0,53872.98,0,0,53872.98,0,0,53424.39,0,0,53424.39,0,0,53424.39,0,0,53424.39,0,0,53276.52,0,0,53276.52,14528.64,367.83,80948.4,14569.21,368.86,81174.42,0,0,53276.52,0,0,53276.52,0,0,53424.39,0,0,53276.52,0,0,53276.52,0,0,53276.52,0,0,53276.52,0,0,53276.52,0,0,53276.52,0,0,53424.39,0,0,53424.39,0,0,53276.52,0,0,53276.52,0,0,53276.52,0,0,53276.52,0,0,53573.09,0,0,53573.09,0,0,53276.52,0,0,53276.52,0,0,53276.52,0,0,53276.52,0,0,53276.52,0,0,77345.76,0,0,53276.52,0,0,53276.52,14442.47,365.65,80468.28,0,0,53276.52,0,0,53573.09,0,0,53573.09,0,0,53276.52
both_sexes,0,0,2020-01-20,COVCOPD,0,0,0,0,0,0,0,0,0,0,0,0,0,0,0,0,0,0,0,0,0,0,0,0,0,0,0,0,0,0,0,0,0,0,0,0,0,0,0,0,0,0,0,0,0,0,0,0,0,0,53615.73,0,0,53615.73,0,0,53466.79,0,0,54681.95,0,0,55151.99,0,0,55791.44,0,0,53466.79,0,0,54681.95,0,0,54067.54,0,0,54067.54,0,0,53615.73,0,0,53615.73,0,0,53615.73,0,0,53615.73,0,0,53466.79,0,0,53466.79,0,0,53916.1,0,0,54067.54,0,0,53466.79,0,0,53466.79,0,0,53615.73,0,0,53466.79,0,0,53466.79,0,0,53466.79,0,0,53466.79,0,0,53466.79,0,0,53466.79,0,0,53615.73,0,0,53615.73,0,0,53466.79,0,0,53466.79,0,0,53466.79,0,0,53466.79,0,0,53765.49,0,0,53765.49,0,0,53466.79,0,0,53466.79,0,0,53466.79,0,0,53466.79,0,0,53466.79,0,0,77613.09,0,0,53466.79,0,0,53466.79,0,0,53466.79,0,0,53466.79,0,0,53765.49,0,0,53765.49,0,0,53466.79
both_sexes,0,0,2020-01-27,COVCOPD,0,0,0,1,0,0,0,0,0,0,0,0,0,0,0,0,0,0,0,0,0,0,0,0,0,0,0,0,0,0,0,0,0,0,0,0,0,2,0,0,0,0,0,0,0,0,0,0,0,0,53851.45,0,0,53851.45,0,0,53701.2,14926.44,377.9,83164.8,0,0,55401.45,0,0,56046.72,0,0,53701.2,0,0,54927.16,0,0,54307.26,0,0,54307.26,0,0,53851.45,0,0,53851.45,0,0,53851.45,0,0,53851.45,0,0,53701.2,0,0,53701.2,0,0,54154.47,0,0,54307.26,0,0,53701.2,0,0,53701.2,0,0,53851.45,0,0,53701.2,0,0,53701.2,0,0,53701.2,0,0,53701.2,0,0,53701.2,0,0,53701.2,0,0,53851.45,0,0,53851.45,0,0,53701.2,0,0,53701.2,0,0,53701.2,0,0,53701.2,0,0,54002.53,0,0,54002.53,0,0,53701.2,0,0,53701.2,0,0,53701.2,0,0,53701.2,0,0,53701.2,42347.83,5128.52,152974.91,0,0,53701.2,0,0,53701.2,0,0,53701.2,0,0,53701.2,0,0,54002.53,0,0,54002.53,0,0,53701.2
both_sexes,0,0,2020-02-03,COVCOPD,0,0,0,0,0,0,0,0,0,0,0,0,0,0,0,0,0,0,0,0,0,0,0,0,0,0,0,0,0,0,0,0,0,0,0,0,0,2,0,0,0,0,0,0,0,0,0,0,0,0,53916.1,0,0,53916.1,0,0,53765.49,0,0,55151.99,0,0,55469.87,0,0,56116.75,0,0,53765.49,0,0,54994.42,0,0,54373.01,0,0,54373.01,0,0,53916.1,0,0,53916.1,0,0,53916.1,0,0,53916.1,0,0,53765.49,0,0,53765.49,0,0,54219.85,0,0,54373.01,0,0,53765.49,0,0,53765.49,0,0,53916.1,0,0,53765.49,0,0,53765.49,0,0,53765.49,0,0,53765.49,0,0,53765.49,0,0,53765.49,0,0,53916.1,0,0,53916.1,0,0,53765.49,0,0,53765.49,0,0,53765.49,0,0,53765.49,0,0,54067.54,0,0,54067.54,0,0,53765.49,0,0,53765.49,0,0,53765.49,0,0,53765.49,0,0,53765.49,42644.48,5164.44,154046.54,0,0,53765.49,0,0,53765.49,0,0,53765.49,0,0,53765.49,0,0,54067.54,0,0,54067.54,0,0,53765.49
both_sexes,0,0,2020-02-10,COVCOPD,0,0,0,1,0,0,0,0,0,0,0,0,0,0,0,0,1,1,0,0,0,0,0,0,0,0,0,0,0,0,0,0,0,0,0,0,0,1,0,0,0,0,0,0,0,0,0,0,0,0,54045.86,0,0,54045.86,0,0,53894.53,15018.5,380.24,83677.74,0,0,55607.23,0,0,56257.34,0,0,53894.53,0,0,55129.43,0,0,54504.98,0,0,54504.98,0,0,54045.86,0,0,54045.86,0,0,54045.86,0,0,54045.86,0,0,53894.53,0,0,53894.53,14733.76,373.03,82091.28,14775.49,374.08,82323.74,0,0,53894.53,0,0,53894.53,0,0,54045.86,0,0,53894.53,0,0,53894.53,0,0,53894.53,0,0,53894.53,0,0,53894.53,0,0,53894.53,0,0,54045.86,0,0,54045.86,0,0,53894.53,0,0,53894.53,0,0,53894.53,0,0,53894.53,0,0,54198.04,0,0,54198.04,0,0,53894.53,0,0,53894.53,0,0,53894.53,0,0,53894.53,0,0,53894.53,21510.6,544.6,119849.4,0,0,53894.53,0,0,53894.53,0,0,53894.53,0,0,53894.53,0,0,54198.04,0,0,54198.04,0,0,53894.53
both_sexes,0,0,2020-02-17,COVCOPD,0,0,0,0,0,0,0,0,0,0,0,0,0,0,0,0,0,1,0,0,0,0,0,0,0,0,0,0,0,0,0,0,0,0,0,0,0,1,0,0,0,0,0,0,0,0,0,0,0,0,54067.54,0,0,54067.54,0,0,53916.1,0,0,55469.87,0,0,55630.19,0,0,56280.84,0,0,53916.1,0,0,55151.99,0,0,54527.04,0,0,54527.04,0,0,54067.54,0,0,54067.54,0,0,54067.54,0,0,54067.54,0,0,53916.1,0,0,53916.1,0,0,54527.04,14847.56,375.91,82725.31,0,0,53916.1,0,0,53916.1,0,0,54067.54,0,0,53916.1,0,0,53916.1,0,0,53916.1,0,0,53916.1,0,0,53916.1,0,0,53916.1,0,0,54067.54,0,0,54067.54,0,0,53916.1,0,0,53916.1,0,0,53916.1,0,0,53916.1,0,0,54219.85,0,0,54219.85,0,0,53916.1,0,0,53916.1,0,0,53916.1,0,0,53916.1,0,0,53916.1,21599.65,546.86,120345.52,0,0,53916.1,0,0,53916.1,0,0,53916.1,0,0,53916.1,0,0,54219.85,0,0,54219.85,0,0,53916.1
both_sexes,0,0,2020-02-24,COVCOPD,0,0,0,0,0,0,0,0,0,0,0,0,0,0,0,0,0,0,0,0,0,0,0,0,0,0,0,0,0,0,0,0,0,0,0,0,0,0,0,0,0,0,0,0,0,0,0,0,0,0,54067.54,0,0,54067.54,0,0,53916.1,0,0,55469.87,0,0,55630.19,0,0,56280.84,0,0,53916.1,0,0,55151.99,0,0,54527.04,0,0,54527.04,0,0,54067.54,0,0,54067.54,0,0,54067.54,0,0,54067.54,0,0,53916.1,0,0,53916.1,0,0,54527.04,0,0,54837.74,0,0,53916.1,0,0,53916.1,0,0,54067.54,0,0,53916.1,0,0,53916.1,0,0,53916.1,0,0,53916.1,0,0,53916.1,0,0,53916.1,0,0,54067.54,0,0,54067.54,0,0,53916.1,0,0,53916.1,0,0,53916.1,0,0,53916.1,0,0,54219.85,0,0,54219.85,0,0,53916.1,0,0,53916.1,0,0,53916.1,0,0,53916.1,0,0,53916.1,0,0,79867.41,0,0,53916.1,0,0,53916.1,0,0,53916.1,0,0,53916.1,0,0,54219.85,0,0,54219.85,0,0,53916.1
both_sexes,0,0,2020-03-02,COVCOPD,0,0,0,0,1,1,0,0,0,0,0,0,0,0,0,0,0,0,0,0,0,0,0,0,0,0,0,0,0,0,0,0,0,0,0,0,0,1,0,0,0,0,0,0,0,0,0,0,0,0,54198.04,0,0,54198.04,0,0,54045.86,0,0,55607.23,15117.96,382.75,84231.9,15295.23,387.24,85219.55,0,0,54045.86,0,0,55287.78,0,0,54659.77,0,0,54659.77,0,0,54198.04,0,0,54198.04,0,0,54198.04,0,0,54198.04,0,0,54045.86,0,0,54045.86,0,0,54659.77,0,0,54971.98,0,0,54045.86,0,0,54045.86,0,0,54198.04,0,0,54045.86,0,0,54045.86,0,0,54045.86,0,0,54045.86,0,0,54045.86,0,0,54045.86,0,0,54198.04,0,0,54198.04,0,0,54045.86,0,0,54045.86,0,0,54045.86,0,0,54045.86,0,0,54351.08,0,0,54351.08,0,0,54045.86,0,0,54045.86,0,0,54045.86,0,0,54045.86,0,0,54045.86,21766.98,551.09,121277.88,0,0,54045.86,0,0,54045.86,0,0,54045.86,0,0,54045.86,0,0,54351.08,0,0,54351.08,0,0,54045.86
both_sexes,0,0,2020-03-09,COVCOPD,0,0,0,1,0,0,0,0,1,1,0,0,0,0,0,0,0,0,0,0,0,0,0,0,0,0,0,0,0,0,0,0,0,0,0,0,0,0,0,0,0,0,0,0,0,0,0,0,0,0,54482.94,0,0,54482.94,0,0,54329.16,15161.89,383.87,84476.66,0,0,56233.86,0,0,56898.78,0,0,54329.16,0,0,55584.29,14902.08,377.29,83029.08,14902.08,377.29,83029.08,0,0,54482.94,0,0,54482.94,0,0,54482.94,0,0,54482.94,0,0,54329.16,0,0,54329.16,0,0,54949.56,0,0,55265.1,0,0,54329.16,0,0,54329.16,0,0,54482.94,0,0,54329.16,0,0,54329.16,0,0,54329.16,0,0,54329.16,0,0,54329.16,0,0,54329.16,0,0,54482.94,0,0,54482.94,0,0,54329.16,0,0,54329.16,0,0,54329.16,0,0,54329.16,0,0,54637.6,0,0,54637.6,0,0,54329.16,0,0,54329.16,0,0,54329.16,0,0,54329.16,0,0,54329.16,0,0,80874.14,0,0,54329.16,0,0,54329.16,0,0,54329.16,0,0,54329.16,0,0,54637.6,0,0,54637.6,0,0,54329.16
both_sexes,0,0,2020-03-16,COVCOPD,0,0,0,0,1,1,0,0,1,1,0,0,0,0,0,0,0,0,0,0,0,0,0,0,0,0,0,0,0,0,0,0,0,0,0,0,0,0,0,0,0,0,0,0,0,0,0,0,0,0,54527.04,0,0,54527.04,0,0,54373.01,0,0,56116.75,15295.23,387.24,85219.55,15476.69,391.84,86230.62,0,0,54373.01,0,0,55630.19,14987.69,379.46,83506.06,14987.69,379.46,83506.06,0,0,54527.04,0,0,54527.04,0,0,54527.04,0,0,54527.04,0,0,54373.01,0,0,54373.01,0,0,54994.42,0,0,55310.48,0,0,54373.01,0,0,54373.01,0,0,54527.04,0,0,54373.01,0,0,54373.01,0,0,54373.01,0,0,54373.01,0,0,54373.01,0,0,54373.01,0,0,54527.04,0,0,54527.04,0,0,54373.01,0,0,54373.01,0,0,54373.01,0,0,54373.01,0,0,54681.95,0,0,54681.95,0,0,54373.01,0,0,54373.01,0,0,54373.01,0,0,54373.01,0,0,54373.01,0,0,80874.14,0,0,54373.01,0,0,54373.01,0,0,54373.01,0,0,54373.01,0,0,54681.95,0,0,54681.95,0,0,54373.01
both_sexes,0,0,2020-03-23,COVCOPD,0,0,0,0,0,0,0,0,0,0,0,0,0,0,0,0,0,0,0,0,0,0,0,0,0,0,0,0,0,0,0,0,0,0,0,0,0,0,0,0,1,0,0,0,0,0,0,0,0,0,54793.14,0,0,54793.14,0,0,54637.6,0,0,56375.03,0,0,56707.21,0,0,57383.44,0,0,54637.6,0,0,55907.19,0,0,55584.29,0,0,55584.29,0,0,54793.14,0,0,54793.14,0,0,54793.14,0,0,54793.14,0,0,54637.6,0,0,54637.6,0,0,55265.1,0,0,55584.29,0,0,54637.6,0,0,54637.6,0,0,54793.14,0,0,54637.6,0,0,54637.6,0,0,54637.6,0,0,54637.6,0,0,54637.6,0,0,54637.6,0,0,54793.14,0,0,54793.14,0,0,54637.6,0,0,54637.6,0,0,54637.6,0,0,54637.6,0,0,54949.56,0,0,54949.56,0,0,54637.6,0,0,54637.6,0,0,54637.6,0,0,54637.6,0,0,54637.6,0,0,80874.14,0,0,54637.6,0,0,54637.6,14811.44,374.99,82524.04,0,0,54637.6,0,0,54949.56,0,0,54949.56,0,0,54637.6
both_sexes,0,0,2020-03-30,COVCOPD,0,0,1,1,0,1,0,2,0,0,0,0,0,0,0,0,0,0,0,0,0,0,0,0,0,0,0,0,0,0,0,0,0,0,0,0,0,1,0,0,0,0,0,0,0,0,0,0,0,0,55129.43,0,0,55129.43,14926.44,377.9,83164.8,15366.01,389.03,85613.91,0,0,56922.82,15649.1,396.2,87191.21,0,0,54971.98,30616.09,3707.75,110595.86,0,0,55930.4,0,0,55930.4,0,0,55129.43,0,0,55129.43,0,0,55129.43,0,0,55129.43,0,0,54971.98,0,0,54971.98,0,0,55607.23,0,0,55930.4,0,0,54971.98,0,0,54971.98,0,0,55129.43,0,0,54971.98,0,0,54971.98,0,0,54971.98,0,0,54971.98,0,0,54971.98,0,0,54971.98,0,0,55129.43,0,0,55129.43,0,0,54971.98,0,0,54971.98,0,0,54971.98,0,0,54971.98,0,0,55287.78,0,0,55287.78,0,0,54971.98,0,0,54971.98,0,0,54971.98,0,0,54971.98,0,0,54971.98,22003.01,557.07,122592.94,0,0,54971.98,0,0,54971.98,0,0,54971.98,0,0,54971.98,0,0,55287.78,0,0,55287.78,0,0,54971.98
both_sexes,0,0,2020-04-06,COVCOPD,0,0,0,0,0,0,0,0,0,0,0,0,0,0,0,0,0,0,0,0,0,0,0,0,0,0,0,0,0,0,0,0,0,0,0,0,0,1,0,0,1,0,0,0,0,0,0,0,0,0,55287.78,0,0,55287.78,0,0,55287.78,0,0,56922.82,0,0,57091.66,0,0,57951.11,0,0,55129.43,0,0,56754.98,0,0,56093.39,0,0,56093.39,0,0,55287.78,0,0,55287.78,0,0,55287.78,0,0,55287.78,0,0,55129.43,0,0,55129.43,0,0,55768.35,0,0,56093.39,0,0,55129.43,0,0,55129.43,0,0,55287.78,0,0,55129.43,0,0,55129.43,0,0,55129.43,0,0,55129.43,0,0,55129.43,0,0,55129.43,0,0,55287.78,0,0,55287.78,0,0,55129.43,0,0,55129.43,0,0,55129.43,0,0,55129.43,0,0,55447.05,0,0,55447.05,0,0,55129.43,0,0,55129.43,0,0,55129.43,0,0,55129.43,0,0,55129.43,22217.15,562.49,123786.06,0,0,55129.43,0,0,55129.43,14944.76,378.37,83266.89,0,0,55129.43,0,0,55447.05,0,0,55447.05,0,0,55129.43
both_sexes,0,0,2020-04-13,COVCOPD,0,0,0,0,0,0,0,0,0,0,0,0,0,0,0,0,0,0,0,0,0,0,0,0,0,0,0,0,0,0,0,0,0,0,0,0,0,0,0,0,0,0,0,0,0,0,0,0,0,0,55310.48,0,0,55310.48,0,0,55310.48,0,0,56946.88,0,0,57115.86,0,0,57976.04,0,0,55151.99,0,0,56778.9,0,0,56116.75,0,0,56116.75,0,0,55310.48,0,0,55310.48,0,0,55310.48,0,0,55310.48,0,0,55151.99,0,0,55151.99,0,0,55791.44,0,0,56116.75,0,0,55151.99,0,0,55151.99,0,0,55310.48,0,0,55151.99,0,0,55151.99,0,0,55151.99,0,0,55151.99,0,0,55151.99,0,0,55151.99,0,0,55310.48,0,0,55310.48,0,0,55151.99,0,0,55151.99,0,0,55151.99,0,0,55151.99,0,0,55469.87,0,0,55469.87,0,0,55151.99,0,0,55151.99,0,0,55151.99,0,0,55151.99,0,0,55151.99,0,0,82256.61,0,0,55151.99,0,0,55151.99,0,0,55151.99,0,0,55151.99,0,0,55469.87,0,0,55469.87,0,0,55151.99
both_sexes,0,0,2020-04-20,COVCOPD,0,0,0,0,0,0,0,0,0,0,0,0,0,0,0,0,0,0,0,0,0,0,0,0,0,0,0,0,0,0,0,0,0,0,0,0,0,0,0,0,0,0,0,0,0,0,0,0,0,0,55333.19,0,0,55333.19,0,0,55333.19,0,0,56970.96,0,0,57140.09,0,0,58001,0,0,55174.58,0,0,56802.83,0,0,56140.13,0,0,56140.13,0,0,55333.19,0,0,55333.19,0,0,55333.19,0,0,55333.19,0,0,55174.58,0,0,55174.58,0,0,55814.55,0,0,56140.13,0,0,55174.58,0,0,55174.58,0,0,55333.19,0,0,55174.58,0,0,55174.58,0,0,55174.58,0,0,55174.58,0,0,55174.58,0,0,55174.58,0,0,55333.19,0,0,55333.19,0,0,55174.58,0,0,55174.58,0,0,55174.58,0,0,55174.58,0,0,55492.72,0,0,55492.72,0,0,55174.58,0,0,55174.58,0,0,55174.58,0,0,55174.58,0,0,55174.58,0,0,82256.61,0,0,55174.58,0,0,55174.58,0,0,55174.58,0,0,55174.58,0,0,55492.72,0,0,55492.72,0,0,55174.58
both_sexes,0,0,2020-04-27,COVCOPD,0,0,0,0,0,0,0,0,0,0,0,0,0,0,0,0,0,0,0,0,0,0,0,0,0,0,0,0,0,0,0,0,0,0,0,0,0,1,0,0,0,0,0,0,0,0,0,0,0,0,55469.87,0,0,55469.87,0,0,55469.87,0,0,57115.86,0,0,57285.85,0,0,58151.2,0,0,55310.48,0,0,56946.88,0,0,56280.84,0,0,56280.84,0,0,55469.87,0,0,55469.87,0,0,55469.87,0,0,55469.87,0,0,55310.48,0,0,55310.48,0,0,55953.62,0,0,56280.84,0,0,55310.48,0,0,55310.48,0,0,55469.87,0,0,55310.48,0,0,55310.48,0,0,55310.48,0,0,55310.48,0,0,55310.48,0,0,55310.48,0,0,55469.87,0,0,55469.87,0,0,55310.48,0,0,55310.48,0,0,55310.48,0,0,55310.48,0,0,55630.19,0,0,55630.19,0,0,55310.48,0,0,55310.48,0,0,55310.48,0,0,55310.48,0,0,55310.48,22380.51,566.63,124696.25,0,0,55310.48,0,0,55310.48,0,0,55310.48,0,0,55310.48,0,0,55630.19,0,0,55630.19,0,0,55310.48
both_sexes,0,0,2020-05-04,COVCOPD,0,0,0,0,0,0,0,0,0,0,0,0,0,0,0,0,0,0,0,0,0,0,0,0,0,0,0,0,0,0,0,0,0,0,0,0,0,0,0,0,0,0,0,0,0,0,0,0,0,0,55469.87,0,0,55469.87,0,0,55469.87,0,0,57115.86,0,0,57285.85,0,0,58151.2,0,0,55310.48,0,0,56946.88,0,0,56280.84,0,0,56280.84,0,0,55469.87,0,0,55469.87,0,0,55469.87,0,0,55469.87,0,0,55310.48,0,0,55310.48,0,0,55953.62,0,0,56280.84,0,0,55310.48,0,0,55310.48,0,0,55469.87,0,0,55310.48,0,0,55310.48,0,0,55310.48,0,0,55310.48,0,0,55310.48,0,0,55310.48,0,0,55469.87,0,0,55469.87,0,0,55310.48,0,0,55310.48,0,0,55310.48,0,0,55310.48,0,0,55630.19,0,0,55630.19,0,0,55310.48,0,0,55310.48,0,0,55310.48,0,0,55310.48,0,0,55310.48,0,0,82609.64,0,0,55310.48,0,0,55310.48,0,0,55310.48,0,0,55310.48,0,0,55630.19,0,0,55630.19,0,0,55310.48
both_sexes,0,0,2020-05-11,COVCOPD,0,0,0,0,1,0,0,0,0,0,0,0,0,0,0,0,0,0,0,0,0,0,0,0,0,0,0,0,0,0,0,0,0,0,0,0,0,1,0,0,0,0,0,0,0,0,0,0,0,0,55584.29,0,0,55584.29,0,0,55584.29,0,0,57237.18,15569.05,394.17,86745.22,0,0,58276.96,0,0,55424.24,0,0,57067.48,0,0,56398.63,0,0,56398.63,0,0,55584.29,0,0,55584.29,0,0,55584.29,0,0,55584.29,0,0,55424.24,0,0,55424.24,0,0,56070.05,0,0,56398.63,0,0,55424.24,0,0,55424.24,0,0,55584.29,0,0,55424.24,0,0,55424.24,0,0,55424.24,0,0,55424.24,0,0,55424.24,0,0,55424.24,0,0,55584.29,0,0,55584.29,0,0,55424.24,0,0,55424.24,0,0,55424.24,0,0,55424.24,0,0,55745.27,0,0,55745.27,0,0,55424.24,0,0,55424.24,0,0,55424.24,0,0,55424.24,0,0,55424.24,22476.92,569.07,125233.4,0,0,55424.24,0,0,55424.24,0,0,55424.24,0,0,55424.24,0,0,55745.27,0,0,55745.27,0,0,55424.24
both_sexes,0,0,2020-05-18,COVCOPD,0,0,0,0,0,0,0,0,0,0,0,0,0,0,0,0,1,1,0,0,0,0,0,0,0,0,0,0,0,0,0,0,0,0,0,0,0,0,0,0,0,0,0,0,0,0,0,0,0,0,55884,0,0,55884,0,0,55884,0,0,57555.03,0,0,57801.94,0,0,58504.7,0,0,55722.22,0,0,57285.85,0,0,56707.21,0,0,56707.21,0,0,55884,0,0,55884,0,0,55884,0,0,55884,0,0,55722.22,0,0,55722.22,15288.82,387.08,85183.87,15378.95,389.36,85686.01,0,0,55722.22,0,0,55722.22,0,0,55884,0,0,55722.22,0,0,55722.22,0,0,55722.22,0,0,55722.22,0,0,55722.22,0,0,55722.22,0,0,55884,0,0,55884,0,0,55722.22,0,0,55722.22,0,0,55722.22,0,0,55722.22,0,0,56046.72,0,0,56046.72,0,0,55722.22,0,0,55722.22,0,0,55722.22,0,0,55722.22,0,0,55722.22,0,0,83170.57,0,0,55722.22,0,0,55722.22,0,0,55722.22,0,0,55722.22,0,0,56046.72,0,0,56046.72,0,0,55722.22
both_sexes,0,0,2020-05-25,COVCOPD,0,0,0,0,0,1,0,1,2,2,0,0,0,0,0,0,0,0,0,0,1,0,0,0,0,0,0,0,0,0,1,1,0,0,0,0,0,0,0,0,0,0,1,1,0,0,0,0,0,0,55953.62,0,0,55953.62,0,0,55953.62,0,0,57628.88,0,0,57801.94,15887.34,402.23,88518.61,0,0,55791.44,15529.34,393.17,86523.93,30901.02,3742.26,111625.09,30901.02,3742.26,111625.09,0,0,55953.62,0,0,55953.62,0,0,55953.62,0,0,55953.62,0,0,55791.44,0,0,55791.44,0,0,56611.9,0,0,56946.88,0,0,55791.44,0,0,55791.44,0,0,55953.62,0,0,55791.44,15149.32,383.55,84406.58,0,0,55791.44,0,0,55791.44,0,0,55791.44,0,0,55791.44,0,0,55953.62,0,0,55953.62,0,0,55791.44,0,0,55791.44,0,0,55791.44,0,0,55791.44,15244.16,385.95,84935.01,15244.16,385.95,84935.01,0,0,55791.44,0,0,55791.44,0,0,55791.44,0,0,55791.44,0,0,55791.44,0,0,83324.87,0,0,55791.44,0,0,55791.44,0,0,55791.44,0,0,55791.44,15244.16,385.95,84935.01,15244.16,385.95,84935.01,0,0,55791.44
both_sexes,0,0,2020-06-01,COVCOPD,0,0,0,0,0,0,0,0,0,0,0,0,0,0,0,0,0,0,0,0,0,0,0,0,0,0,0,0,0,0,0,0,0,0,0,0,0,0,0,0,0,0,0,0,0,0,0,0,0,0,55953.62,0,0,55953.62,0,0,55953.62,0,0,57628.88,0,0,57801.94,0,0,58683.07,0,0,55791.44,0,0,57456.85,0,0,57115.86,0,0,57115.86,0,0,55953.62,0,0,55953.62,0,0,55953.62,0,0,55953.62,0,0,55791.44,0,0,55791.44,0,0,56611.9,0,0,56946.88,0,0,55791.44,0,0,55791.44,0,0,55953.62,0,0,55791.44,0,0,55953.62,0,0,55791.44,0,0,55791.44,0,0,55791.44,0,0,55791.44,0,0,55953.62,0,0,55953.62,0,0,55791.44,0,0,55791.44,0,0,55791.44,0,0,55791.44,0,0,56280.84,0,0,56280.84,0,0,55791.44,0,0,55791.44,0,0,55791.44,0,0,55791.44,0,0,55791.44,0,0,83324.87,0,0,55791.44,0,0,55791.44,0,0,55791.44,0,0,55791.44,0,0,56280.84,0,0,56280.84,0,0,55791.44
both_sexes,0,0,2020-06-08,COVCOPD,0,0,0,0,0,1,0,0,0,0,0,0,0,0,0,0,0,1,0,0,0,0,0,0,0,0,0,0,0,0,0,0,0,0,0,0,0,0,0,0,0,0,0,0,0,0,0,0,0,0,55953.62,0,0,55953.62,0,0,55953.62,0,0,57628.88,0,0,57801.94,15949.78,403.81,88866.5,0,0,55791.44,0,0,57456.85,0,0,57115.86,0,0,57115.86,0,0,55953.62,0,0,55953.62,0,0,55953.62,0,0,55953.62,0,0,55791.44,0,0,55791.44,0,0,56611.9,15476.69,391.84,86230.62,0,0,55791.44,0,0,55791.44,0,0,55953.62,0,0,55791.44,0,0,55953.62,0,0,55791.44,0,0,55791.44,0,0,55791.44,0,0,55791.44,0,0,55953.62,0,0,55953.62,0,0,55791.44,0,0,55791.44,0,0,55791.44,0,0,55791.44,0,0,56280.84,0,0,56280.84,0,0,55791.44,0,0,55791.44,0,0,55791.44,0,0,55791.44,0,0,55791.44,0,0,83324.87,0,0,55791.44,0,0,55791.44,0,0,55791.44,0,0,55791.44,0,0,56280.84,0,0,56280.84,0,0,55791.44
both_sexes,0,0,2020-06-15,COVCOPD,0,0,0,0,0,0,0,0,0,0,0,0,0,0,0,0,0,0,0,0,0,0,0,0,0,0,0,0,0,0,0,0,0,0,0,0,0,0,0,0,0,0,0,0,0,0,0,0,0,0,55953.62,0,0,55953.62,0,0,55953.62,0,0,57628.88,0,0,57801.94,0,0,58862.53,0,0,55791.44,0,0,57456.85,0,0,57115.86,0,0,57115.86,0,0,55953.62,0,0,55953.62,0,0,55953.62,0,0,55953.62,0,0,55791.44,0,0,55791.44,0,0,56611.9,0,0,57115.86,0,0,55791.44,0,0,55791.44,0,0,55953.62,0,0,55791.44,0,0,55953.62,0,0,55791.44,0,0,55791.44,0,0,55791.44,0,0,55791.44,0,0,55953.62,0,0,55953.62,0,0,55791.44,0,0,55791.44,0,0,55791.44,0,0,55791.44,0,0,56280.84,0,0,56280.84,0,0,55791.44,0,0,55791.44,0,0,55791.44,0,0,55791.44,0,0,55791.44,0,0,83324.87,0,0,55791.44,0,0,55791.44,0,0,55791.44,0,0,55791.44,0,0,56280.84,0,0,56280.84,0,0,55791.44
both_sexes,0,0,2020-06-22,COVCOPD,0,0,0,1,0,0,0,0,1,1,0,0,0,0,0,0,0,0,0,0,0,0,0,0,0,0,0,0,0,0,0,0,0,0,0,0,0,0,0,0,0,0,0,0,0,0,0,0,0,0,55976.87,0,0,55976.87,0,0,55976.87,15629.01,395.69,87079.28,0,0,57826.75,0,0,58862.53,0,0,55814.55,0,0,57456.85,15483.26,392,86267.18,15483.26,392,86267.18,0,0,55976.87,0,0,55976.87,0,0,55976.87,0,0,55976.87,0,0,55814.55,0,0,55814.55,0,0,56611.9,0,0,57115.86,0,0,55814.55,0,0,55814.55,0,0,55976.87,0,0,55814.55,0,0,55953.62,0,0,55814.55,0,0,55814.55,0,0,55814.55,0,0,55814.55,0,0,55976.87,0,0,55976.87,0,0,55814.55,0,0,55814.55,0,0,55814.55,0,0,55814.55,0,0,56304.36,0,0,56304.36,0,0,55814.55,0,0,55814.55,0,0,55814.55,0,0,55814.55,0,0,55814.55,0,0,83324.87,0,0,55814.55,0,0,55814.55,0,0,55814.55,0,0,55814.55,0,0,56304.36,0,0,56304.36,0,0,55814.55
both_sexes,0,0,2020-06-29,COVCOPD,0,0,0,0,0,0,0,0,0,0,0,0,0,0,0,0,0,0,0,0,0,0,0,0,0,0,0,0,0,0,0,0,0,0,0,0,0,0,0,0,0,0,0,0,0,0,0,0,0,0,56116.75,0,0,56116.75,0,0,56116.75,0,0,57976.04,0,0,57976.04,0,0,58862.53,0,0,55953.62,0,0,57456.85,0,0,57285.85,0,0,57285.85,0,0,56116.75,0,0,56116.75,0,0,56116.75,0,0,56116.75,0,0,55953.62,0,0,55953.62,0,0,56611.9,0,0,57115.86,0,0,55953.62,0,0,55953.62,0,0,56116.75,0,0,55953.62,0,0,55953.62,0,0,55953.62,0,0,55953.62,0,0,55953.62,0,0,55953.62,0,0,56116.75,0,0,56116.75,0,0,55953.62,0,0,55953.62,0,0,55953.62,0,0,55953.62,0,0,56445.88,0,0,56445.88,0,0,55953.62,0,0,55953.62,0,0,55953.62,0,0,55953.62,0,0,55953.62,0,0,83324.87,0,0,55953.62,0,0,55953.62,0,0,55953.62,0,0,55953.62,0,0,56445.88,0,0,56445.88,0,0,55953.62
both_sexes,0,0,2020-07-06,COVCOPD,0,0,0,0,0,0,0,0,0,0,0,0,0,0,0,0,0,0,0,0,0,0,0,0,0,0,0,0,0,0,1,1,0,0,0,0,0,0,0,0,0,0,1,1,0,0,0,0,0,0,56210.4,0,0,56210.4,0,0,56210.4,0,0,58076,0,0,58076,0,0,58965.57,0,0,56046.72,0,0,57555.03,0,0,57383.44,0,0,57383.44,0,0,56210.4,0,0,56210.4,0,0,56210.4,0,0,56210.4,0,0,56046.72,0,0,56046.72,0,0,56707.21,0,0,57212.88,0,0,56046.72,0,0,56046.72,0,0,56210.4,0,0,56046.72,0,0,56046.72,0,0,56046.72,0,0,56046.72,0,0,56046.72,0,0,56046.72,0,0,56210.4,0,0,56210.4,0,0,56046.72,0,0,56046.72,0,0,56046.72,0,0,56046.72,15353.09,388.71,85541.94,15353.09,388.71,85541.94,0,0,56046.72,0,0,56046.72,0,0,56046.72,0,0,56046.72,0,0,56046.72,0,0,83324.87,0,0,56046.72,0,0,56046.72,0,0,56046.72,0,0,56046.72,15353.09,388.71,85541.94,15353.09,388.71,85541.94,0,0,56046.72
both_sexes,0,0,2020-07-13,COVCOPD,0,0,0,0,0,0,0,0,0,0,0,0,0,0,0,0,1,1,0,0,0,0,0,0,0,0,0,0,0,0,0,0,0,0,0,0,0,0,0,0,0,0,0,0,0,0,0,0,0,0,56280.84,0,0,56280.84,0,0,56280.84,0,0,58151.2,0,0,58151.2,0,0,59043.09,0,0,56116.75,0,0,57628.88,0,0,57456.85,0,0,57456.85,0,0,56280.84,0,0,56280.84,0,0,56280.84,0,0,56280.84,0,0,56116.75,0,0,56116.75,15398.4,389.85,85794.38,15535.94,393.34,86560.73,0,0,56116.75,0,0,56116.75,0,0,56280.84,0,0,56116.75,0,0,56116.75,0,0,56116.75,0,0,56116.75,0,0,56116.75,0,0,56116.75,0,0,56280.84,0,0,56280.84,0,0,56116.75,0,0,56116.75,0,0,56116.75,0,0,56116.75,0,0,56778.9,0,0,56778.9,0,0,56116.75,0,0,56116.75,0,0,56116.75,0,0,56116.75,0,0,56116.75,0,0,83324.87,0,0,56116.75,0,0,56116.75,0,0,56116.75,0,0,56116.75,0,0,56778.9,0,0,56778.9,0,0,56116.75
both_sexes,0,0,2020-07-20,COVCOPD,0,0,0,0,0,0,0,0,0,0,0,0,0,0,0,0,0,0,0,0,0,0,0,0,0,0,0,0,0,0,0,0,0,0,0,0,0,0,0,0,0,0,0,0,0,0,0,0,0,0,56327.89,0,0,56327.89,0,0,56327.89,0,0,58201.44,0,0,58201.44,0,0,59094.88,0,0,56163.54,0,0,57678.22,0,0,57505.9,0,0,57505.9,0,0,56327.89,0,0,56327.89,0,0,56327.89,0,0,56327.89,0,0,56163.54,0,0,56163.54,0,0,56995.06,0,0,57505.9,0,0,56163.54,0,0,56163.54,0,0,56327.89,0,0,56163.54,0,0,56163.54,0,0,56163.54,0,0,56163.54,0,0,56163.54,0,0,56163.54,0,0,56327.89,0,0,56327.89,0,0,56163.54,0,0,56163.54,0,0,56163.54,0,0,56163.54,0,0,56826.79,0,0,56826.79,0,0,56163.54,0,0,56163.54,0,0,56163.54,0,0,56163.54,0,0,56163.54,0,0,83428.06,0,0,56163.54,0,0,56163.54,0,0,56163.54,0,0,56163.54,0,0,56826.79,0,0,56826.79,0,0,56163.54
both_sexes,0,0,2020-07-27,COVCOPD,0,0,0,1,0,0,0,0,0,0,0,0,0,0,0,0,0,0,0,0,0,0,0,0,0,0,0,0,0,0,0,0,0,0,0,0,0,0,0,0,0,0,0,0,0,0,0,0,0,0,56611.9,0,0,56611.9,0,0,56611.9,15901.18,402.58,88595.68,0,0,58504.7,0,0,59407.55,0,0,56445.88,0,0,57976.04,0,0,57801.94,0,0,57801.94,0,0,56611.9,0,0,56611.9,0,0,56611.9,0,0,56611.9,0,0,56445.88,0,0,56445.88,0,0,57285.85,0,0,57801.94,0,0,56445.88,0,0,56445.88,0,0,56611.9,0,0,56445.88,0,0,56445.88,0,0,56445.88,0,0,56445.88,0,0,56445.88,0,0,56445.88,0,0,56611.9,0,0,56611.9,0,0,56445.88,0,0,56445.88,0,0,56445.88,0,0,56445.88,0,0,57115.86,0,0,57115.86,0,0,56445.88,0,0,56445.88,0,0,56445.88,0,0,56445.88,0,0,56445.88,0,0,83687.16,0,0,56445.88,0,0,56445.88,0,0,56445.88,0,0,56445.88,0,0,57115.86,0,0,57115.86,0,0,56445.88
both_sexes,0,0,2020-08-03,COVCOPD,0,0,0,0,0,0,0,1,1,1,0,0,0,0,0,0,0,0,0,0,0,0,0,0,0,0,0,0,0,0,0,0,0,0,0,0,0,0,0,0,0,0,0,0,0,0,0,0,0,0,56611.9,0,0,56611.9,0,0,56611.9,0,0,58683.07,0,0,58504.7,0,0,59407.55,0,0,56445.88,15736.75,398.42,87679.57,15689.43,397.22,87415.93,15689.43,397.22,87415.93,0,0,56611.9,0,0,56611.9,0,0,56611.9,0,0,56611.9,0,0,56445.88,0,0,56445.88,0,0,57285.85,0,0,57801.94,0,0,56445.88,0,0,56445.88,0,0,56611.9,0,0,56445.88,0,0,56445.88,0,0,56445.88,0,0,56445.88,0,0,56445.88,0,0,56445.88,0,0,56611.9,0,0,56611.9,0,0,56445.88,0,0,56445.88,0,0,56445.88,0,0,56445.88,0,0,57115.86,0,0,57115.86,0,0,56445.88,0,0,56445.88,0,0,56445.88,0,0,56445.88,0,0,56445.88,0,0,83687.16,0,0,56445.88,0,0,56445.88,0,0,56445.88,0,0,56445.88,0,0,57115.86,0,0,57115.86,0,0,56445.88
both_sexes,0,0,2020-08-10,COVCOPD,0,0,0,0,0,0,0,0,0,0,0,0,0,0,0,0,0,0,0,0,0,0,0,0,0,0,0,0,0,0,0,0,0,0,0,0,0,0,0,0,0,0,0,0,0,0,0,0,0,0,56611.9,0,0,56611.9,0,0,56611.9,0,0,58683.07,0,0,58504.7,0,0,59407.55,0,0,56445.88,0,0,58151.2,0,0,57976.04,0,0,57976.04,0,0,56611.9,0,0,56611.9,0,0,56611.9,0,0,56611.9,0,0,56445.88,0,0,56445.88,0,0,57285.85,0,0,57801.94,0,0,56445.88,0,0,56445.88,0,0,56611.9,0,0,56445.88,0,0,56445.88,0,0,56445.88,0,0,56445.88,0,0,56445.88,0,0,56445.88,0,0,56611.9,0,0,56611.9,0,0,56445.88,0,0,56445.88,0,0,56445.88,0,0,56445.88,0,0,57115.86,0,0,57115.86,0,0,56445.88,0,0,56445.88,0,0,56445.88,0,0,56445.88,0,0,56445.88,0,0,83687.16,0,0,56445.88,0,0,56445.88,0,0,56445.88,0,0,56445.88,0,0,57115.86,0,0,57115.86,0,0,56445.88
both_sexes,0,0,2020-08-17,COVCOPD,0,0,0,0,0,0,1,1,0,0,0,0,0,0,0,0,0,0,0,0,0,0,0,0,0,0,0,0,0,0,0,0,0,0,0,0,0,0,0,0,0,1,0,1,0,0,0,0,0,0,56707.21,0,0,56707.21,0,0,56707.21,0,0,58785.48,0,0,58606.49,0,0,59512.51,15353.09,388.71,85541.94,15818.54,400.49,88135.24,0,0,58076,0,0,58076,0,0,56707.21,0,0,56707.21,0,0,56707.21,0,0,56707.21,0,0,56540.63,0,0,56540.63,0,0,57383.44,0,0,57901.3,0,0,56540.63,0,0,56540.63,0,0,56707.21,0,0,56540.63,0,0,56540.63,0,0,56540.63,0,0,56540.63,0,0,56540.63,0,0,56540.63,0,0,56707.21,0,0,56707.21,0,0,56540.63,0,0,56540.63,0,0,56540.63,0,0,56540.63,0,0,57212.88,0,0,57212.88,0,0,56540.63,0,0,56540.63,0,0,56540.63,0,0,56540.63,0,0,56540.63,0,0,83895.59,0,0,56540.63,0,0,56540.63,0,0,56540.63,15353.09,388.71,85541.94,0,0,57212.88,15535.94,393.34,86560.73,0,0,56540.63
both_sexes,0,0,2020-08-24,COVCOPD,0,0,0,0,0,0,0,0,1,1,0,0,0,0,0,0,0,0,0,0,0,0,0,0,0,0,0,0,0,0,0,0,0,0,0,0,0,0,0,0,0,0,0,0,0,0,0,0,0,0,56778.9,0,0,56778.9,0,0,56778.9,0,0,58862.53,0,0,58683.07,0,0,59591.47,0,0,56778.9,0,0,58504.7,15791.18,399.8,87982.83,15791.18,399.8,87982.83,0,0,56778.9,0,0,56778.9,0,0,56778.9,0,0,56778.9,0,0,56611.9,0,0,56611.9,0,0,57456.85,0,0,57976.04,0,0,56611.9,0,0,56611.9,0,0,56778.9,0,0,56611.9,0,0,56611.9,0,0,56611.9,0,0,56611.9,0,0,56611.9,0,0,56611.9,0,0,56778.9,0,0,56778.9,0,0,56611.9,0,0,56611.9,0,0,56611.9,0,0,56611.9,0,0,57285.85,0,0,57285.85,0,0,56611.9,0,0,56611.9,0,0,56611.9,0,0,56611.9,0,0,56611.9,0,0,84052.6,0,0,56611.9,0,0,56611.9,0,0,56611.9,0,0,56778.9,0,0,57285.85,0,0,57456.85,0,0,56611.9
both_sexes,0,0,2020-08-31,COVCOPD,0,0,0,0,0,0,0,0,0,0,0,0,0,0,0,0,0,0,0,0,0,0,0,0,0,0,0,0,0,0,0,0,0,0,0,0,0,0,0,0,0,0,0,0,0,0,0,0,0,0,56826.79,0,0,56826.79,0,0,56826.79,0,0,58914,0,0,58734.23,0,0,59644.23,0,0,56826.79,0,0,58555.55,0,0,58377.96,0,0,58377.96,0,0,56826.79,0,0,56826.79,0,0,56826.79,0,0,56826.79,0,0,56659.51,0,0,56659.51,0,0,57505.9,0,0,58025.98,0,0,56659.51,0,0,56659.51,0,0,56826.79,0,0,56659.51,0,0,56659.51,0,0,56659.51,0,0,56659.51,0,0,56659.51,0,0,56659.51,0,0,56826.79,0,0,56826.79,0,0,56659.51,0,0,56659.51,0,0,56659.51,0,0,56659.51,0,0,57334.61,0,0,57334.61,0,0,56659.51,0,0,56659.51,0,0,56659.51,0,0,56659.51,0,0,56659.51,0,0,84052.6,0,0,56659.51,0,0,56659.51,0,0,56659.51,0,0,56826.79,0,0,57334.61,0,0,57505.9,0,0,56659.51
both_sexes,0,0,2020-09-07,COVCOPD,0,0,0,0,0,0,0,0,0,0,0,0,0,0,0,0,0,0,0,0,0,0,0,1,0,0,0,0,0,0,0,0,0,0,0,0,0,0,0,1,0,0,0,0,0,0,0,0,0,0,56946.88,0,0,56946.88,0,0,56946.88,0,0,59043.09,0,0,58862.53,0,0,59776.54,0,0,56946.88,0,0,58683.07,0,0,58504.7,0,0,58504.7,0,0,56946.88,0,0,56946.88,0,0,56946.88,0,0,56946.88,0,0,56778.9,0,0,56778.9,0,0,57628.88,0,0,58151.2,0,0,56778.9,0,0,56778.9,0,0,56946.88,0,0,56778.9,0,0,56778.9,0,0,56778.9,0,0,56778.9,0,0,56778.9,15404.89,390.02,85830.57,0,0,56946.88,0,0,56946.88,0,0,56778.9,0,0,56778.9,0,0,56778.9,0,0,56778.9,0,0,57456.85,0,0,57456.85,0,0,56778.9,0,0,56778.9,0,0,56778.9,0,0,56778.9,0,0,56778.9,0,0,84052.6,0,0,56778.9,15404.89,390.02,85830.57,0,0,56778.9,0,0,56946.88,0,0,57456.85,0,0,57628.88,0,0,56778.9
both_sexes,0,0,2020-09-14,COVCOPD,0,0,0,0,0,0,0,0,0,0,0,0,0,0,0,0,0,0,0,0,0,0,0,0,0,0,0,0,0,0,0,0,0,0,0,0,0,0,0,0,0,0,0,0,0,0,0,0,0,0,56995.06,0,0,56995.06,0,0,56995.06,0,0,59094.88,0,0,58914,0,0,59829.63,0,0,56995.06,0,0,58734.23,0,0,58555.55,0,0,58555.55,0,0,56995.06,0,0,56995.06,0,0,56995.06,0,0,56995.06,0,0,56826.79,0,0,56826.79,0,0,57678.22,0,0,58201.44,0,0,56826.79,0,0,56826.79,0,0,56995.06,0,0,56826.79,0,0,56826.79,0,0,56826.79,0,0,56826.79,0,0,56826.79,0,0,56946.88,0,0,56995.06,0,0,56995.06,0,0,56826.79,0,0,56826.79,0,0,56826.79,0,0,56826.79,0,0,57505.9,0,0,57505.9,0,0,56826.79,0,0,56826.79,0,0,56826.79,0,0,56826.79,0,0,56826.79,0,0,84052.6,0,0,56826.79,0,0,56946.88,0,0,56826.79,0,0,56995.06,0,0,57505.9,0,0,57678.22,0,0,56826.79
both_sexes,0,0,2020-09-21,COVCOPD,0,0,0,0,0,0,0,0,0,0,0,0,0,0,0,0,0,0,0,0,0,0,0,0,0,0,0,0,0,0,0,0,0,0,0,0,0,0,0,0,0,0,0,0,0,0,0,0,0,0,57115.86,0,0,57115.86,0,0,57115.86,0,0,59224.76,0,0,59043.09,0,0,59962.76,0,0,57115.86,0,0,58862.53,0,0,58683.07,0,0,58683.07,0,0,57115.86,0,0,57115.86,0,0,57115.86,0,0,57115.86,0,0,56946.88,0,0,56946.88,0,0,57801.94,0,0,58327.41,0,0,56946.88,0,0,56946.88,0,0,57115.86,0,0,56946.88,0,0,56946.88,0,0,56946.88,0,0,56946.88,0,0,56946.88,0,0,56946.88,0,0,57115.86,0,0,57115.86,0,0,56946.88,0,0,56946.88,0,0,56946.88,0,0,56946.88,0,0,57628.88,0,0,57628.88,0,0,56946.88,0,0,56946.88,0,0,56946.88,0,0,56946.88,0,0,56946.88,0,0,84052.6,0,0,56946.88,0,0,56946.88,0,0,56946.88,0,0,57115.86,0,0,57628.88,0,0,57801.94,0,0,56946.88
both_sexes,0,0,2020-09-28,COVCOPD,0,0,0,0,0,0,0,0,0,0,0,0,0,0,0,0,0,0,0,0,0,0,0,0,0,0,0,0,0,0,0,0,0,0,0,0,0,0,0,0,0,0,0,0,0,0,0,0,0,0,57164.33,0,0,57164.33,0,0,57164.33,0,0,59276.87,0,0,59094.88,0,0,60016.18,0,0,57164.33,0,0,58914,0,0,58734.23,0,0,58734.23,0,0,57164.33,0,0,57164.33,0,0,57164.33,0,0,57164.33,0,0,56995.06,0,0,56995.06,0,0,57851.58,0,0,58377.96,0,0,56995.06,0,0,56995.06,0,0,57164.33,0,0,56995.06,0,0,56995.06,0,0,56995.06,0,0,56995.06,0,0,56995.06,0,0,56995.06,0,0,57164.33,0,0,57164.33,0,0,56995.06,0,0,56995.06,0,0,56995.06,0,0,56995.06,0,0,57678.22,0,0,57678.22,0,0,56995.06,0,0,56995.06,0,0,56995.06,0,0,56995.06,0,0,56995.06,0,0,84052.6,0,0,56995.06,0,0,56995.06,0,0,56995.06,0,0,57164.33,0,0,57678.22,0,0,57851.58,0,0,56995.06
both_sexes,0,0,2020-10-05,COVCOPD,0,0,0,1,0,0,0,0,0,0,0,0,0,0,0,0,0,0,0,0,0,0,0,0,0,0,0,0,0,0,0,0,0,0,0,0,0,0,0,0,0,0,0,0,0,0,0,0,0,0,57383.44,0,0,57383.44,0,0,57383.44,16154.36,408.99,90006.31,0,0,59329.07,0,0,60150.14,0,0,57383.44,0,0,59146.76,0,0,58965.57,0,0,58965.57,0,0,57383.44,0,0,57383.44,0,0,57383.44,0,0,57383.44,0,0,57212.88,0,0,57212.88,0,0,58076,0,0,58606.49,0,0,57212.88,0,0,57212.88,0,0,57383.44,0,0,57212.88,0,0,57212.88,0,0,57212.88,0,0,57212.88,0,0,57212.88,0,0,57212.88,0,0,57383.44,0,0,57383.44,0,0,57212.88,0,0,57212.88,0,0,57212.88,0,0,57212.88,0,0,57901.3,0,0,57901.3,0,0,57212.88,0,0,57212.88,0,0,57212.88,0,0,57212.88,0,0,57212.88,0,0,84052.6,0,0,57212.88,0,0,57212.88,0,0,57212.88,0,0,57383.44,0,0,57901.3,0,0,58076,0,0,57212.88
both_sexes,0,0,2020-10-12,COVCOPD,0,0,0,0,1,1,0,0,0,0,0,0,0,0,0,0,0,0,0,1,1,0,0,0,0,0,0,0,0,0,0,0,0,0,0,0,0,2,0,0,1,0,0,0,0,0,0,0,0,0,57530.45,0,0,57530.45,0,0,57530.45,0,0,59856.21,16154.36,408.99,90006.31,16356.92,414.12,91134.92,0,0,57530.45,0,0,59302.96,0,0,59120.81,0,0,59120.81,0,0,57530.45,0,0,57530.45,0,0,57530.45,0,0,57530.45,0,0,57359.01,0,0,57359.01,0,0,58226.59,0,0,58759.84,0,0,57359.01,0,0,57359.01,0,0,57530.45,15575.69,394.34,86782.21,15575.69,394.34,86782.21,0,0,57359.01,0,0,57359.01,0,0,57359.01,0,0,57359.01,0,0,57530.45,0,0,57530.45,0,0,57359.01,0,0,57359.01,0,0,57359.01,0,0,57359.01,0,0,58050.98,0,0,58050.98,0,0,57359.01,0,0,57359.01,0,0,57359.01,0,0,57359.01,0,0,57359.01,45799.37,5546.52,165443.08,0,0,57359.01,0,0,57359.01,15549.17,393.67,86634.43,0,0,57530.45,0,0,58050.98,0,0,58226.59,0,0,57359.01
both_sexes,0,0,2020-10-19,COVCOPD,0,0,0,0,0,0,0,0,0,0,0,0,0,0,0,0,0,0,0,0,0,0,0,0,0,0,0,0,0,0,0,0,0,0,0,0,0,0,0,0,0,0,0,0,0,0,0,0,0,0,57628.88,0,0,57628.88,0,0,57628.88,0,0,59962.76,0,0,59776.54,0,0,60528.45,0,0,57628.88,0,0,59407.55,0,0,59224.76,0,0,59224.76,0,0,57628.88,0,0,57628.88,0,0,57628.88,0,0,57628.88,0,0,57456.85,0,0,57456.85,0,0,58327.41,0,0,58862.53,0,0,57456.85,0,0,57456.85,0,0,57628.88,0,0,57628.88,0,0,57628.88,0,0,57456.85,0,0,57456.85,0,0,57456.85,0,0,57456.85,0,0,57628.88,0,0,57628.88,0,0,57456.85,0,0,57456.85,0,0,57456.85,0,0,57456.85,0,0,58151.2,0,0,58151.2,0,0,57456.85,0,0,57456.85,0,0,57456.85,0,0,57456.85,0,0,57456.85,0,0,84793.15,0,0,57456.85,0,0,57456.85,0,0,57456.85,0,0,57628.88,0,0,58151.2,0,0,58327.41,0,0,57456.85
both_sexes,0,0,2020-10-26,COVCOPD,0,0,0,0,0,0,0,0,0,0,0,0,0,0,0,0,0,1,0,0,0,0,0,0,0,0,0,0,0,0,0,0,0,0,0,0,0,0,0,0,0,0,0,0,0,0,0,0,0,0,57628.88,0,0,57628.88,0,0,57628.88,0,0,59962.76,0,0,59776.54,0,0,60528.45,0,0,57628.88,0,0,59407.55,0,0,59224.76,0,0,59224.76,0,0,57628.88,0,0,57628.88,0,0,57628.88,0,0,57628.88,0,0,57456.85,0,0,57456.85,0,0,58327.41,15991.68,404.87,89099.95,0,0,57456.85,0,0,57456.85,0,0,57628.88,0,0,57628.88,0,0,57628.88,0,0,57456.85,0,0,57456.85,0,0,57456.85,0,0,57456.85,0,0,57628.88,0,0,57628.88,0,0,57456.85,0,0,57456.85,0,0,57456.85,0,0,57456.85,0,0,58151.2,0,0,58151.2,0,0,57456.85,0,0,57456.85,0,0,57456.85,0,0,57456.85,0,0,57456.85,0,0,84793.15,0,0,57456.85,0,0,57456.85,0,0,57456.85,0,0,57628.88,0,0,58151.2,0,0,58327.41,0,0,57456.85
both_sexes,0,0,2020-11-02,COVCOPD,0,0,0,0,0,0,0,0,0,0,0,0,0,0,0,0,0,0,0,0,0,0,0,0,0,0,0,0,0,0,0,0,0,0,0,0,0,3,0,0,0,0,0,0,0,0,0,0,0,0,57702.92,0,0,57702.92,0,0,57702.92,0,0,60042.92,0,0,59856.21,0,0,60610.13,0,0,57702.92,0,0,59486.23,0,0,59302.96,0,0,59302.96,0,0,57702.92,0,0,57702.92,0,0,57702.92,0,0,57702.92,0,0,57530.45,0,0,57530.45,0,0,58403.26,0,0,59120.81,0,0,57530.45,0,0,57530.45,0,0,57702.92,0,0,57702.92,0,0,57702.92,0,0,57530.45,0,0,57530.45,0,0,57530.45,0,0,57530.45,0,0,57702.92,0,0,57702.92,0,0,57530.45,0,0,57530.45,0,0,57530.45,0,0,57530.45,0,0,58226.59,0,0,58226.59,0,0,57530.45,0,0,57530.45,0,0,57530.45,0,0,57530.45,0,0,57530.45,69439.16,14320.02,202930.7,0,0,57530.45,0,0,57530.45,0,0,57530.45,0,0,57702.92,0,0,58226.59,0,0,58403.26,0,0,57530.45
both_sexes,0,0,2020-11-09,COVCOPD,0,0,0,0,0,0,0,0,0,0,0,0,0,0,0,0,0,0,0,0,0,0,0,0,0,0,0,0,0,0,0,0,0,0,0,0,0,3,0,0,0,0,0,0,0,0,0,0,0,0,57901.3,0,0,57901.3,0,0,57901.3,0,0,60257.75,0,0,60069.69,0,0,60829.04,0,0,57901.3,0,0,59697.09,0,0,59512.51,0,0,59512.51,0,0,57901.3,0,0,57901.3,0,0,57901.3,0,0,57901.3,0,0,57727.64,0,0,57727.64,0,0,58606.49,0,0,59329.07,0,0,57727.64,0,0,57727.64,0,0,57901.3,0,0,57901.3,0,0,57901.3,0,0,57727.64,0,0,57727.64,0,0,57727.64,0,0,57727.64,0,0,57901.3,0,0,57901.3,0,0,57727.64,0,0,57727.64,0,0,57727.64,0,0,57727.64,0,0,58428.59,0,0,58428.59,0,0,57727.64,0,0,57727.64,0,0,57727.64,0,0,57727.64,0,0,57727.64,70647.97,14569.31,206463.35,0,0,57727.64,0,0,57727.64,0,0,57727.64,0,0,57901.3,0,0,58428.59,0,0,58606.49,0,0,57727.64
both_sexes,0,0,2020-11-16,COVCOPD,0,0,0,0,0,0,0,0,0,0,0,0,0,0,0,0,0,0,0,0,0,0,0,0,0,0,0,0,0,0,0,0,0,0,0,0,0,2,0,0,0,0,0,0,0,0,0,0,0,0,58076,0,0,58076,0,0,58076,0,0,60446.98,0,0,60257.75,0,0,61021.88,0,0,58076,0,0,59882.81,0,0,59697.09,0,0,59697.09,0,0,58076,0,0,58076,0,0,58076,0,0,58076,0,0,57901.3,0,0,57901.3,0,0,58785.48,0,0,59512.51,0,0,57901.3,0,0,57901.3,0,0,58076,0,0,58076,0,0,58076,0,0,57901.3,0,0,57901.3,0,0,57901.3,0,0,57901.3,0,0,58076,0,0,58076,0,0,57901.3,0,0,57901.3,0,0,57901.3,0,0,57901.3,0,0,58606.49,0,0,58606.49,0,0,57901.3,0,0,57901.3,0,0,57901.3,0,0,57901.3,0,0,57901.3,47870.25,5797.31,172923.8,0,0,57901.3,0,0,57901.3,0,0,57901.3,0,0,58076,0,0,58606.49,0,0,58785.48,0,0,57901.3
both_sexes,0,0,2020-11-23,COVCOPD,0,0,0,0,0,0,0,0,0,0,0,0,0,0,0,0,0,0,0,0,0,0,0,0,0,0,0,0,0,0,0,0,0,0,0,0,0,3,0,0,0,0,0,0,0,0,0,0,0,0,58377.96,0,0,58377.96,0,0,58377.96,0,0,60774.16,0,0,60528.45,0,0,61299.51,0,0,58377.96,0,0,60150.14,0,0,59962.76,0,0,59962.76,0,0,58377.96,0,0,58377.96,0,0,58377.96,0,0,58377.96,0,0,58201.44,0,0,58201.44,0,0,59094.88,0,0,59829.63,0,0,58201.44,0,0,58201.44,0,0,58377.96,0,0,58377.96,0,0,58377.96,0,0,58201.44,0,0,58201.44,0,0,58201.44,0,0,58201.44,0,0,58377.96,0,0,58377.96,0,0,58201.44,0,0,58201.44,0,0,58201.44,0,0,58201.44,0,0,58914,0,0,58914,0,0,58201.44,0,0,58201.44,0,0,58201.44,0,0,58201.44,0,0,58201.44,72855.72,15024.6,212915.33,0,0,58201.44,0,0,58201.44,0,0,58201.44,0,0,58377.96,0,0,58914,0,0,59094.88,0,0,58201.44
both_sexes,0,0,2020-11-30,COVCOPD,0,0,0,0,0,0,0,0,2,2,0,0,0,0,0,0,0,1,0,0,0,0,0,0,0,0,0,0,0,0,0,0,0,0,0,0,0,5,0,0,0,0,0,0,0,0,0,0,0,0,58683.07,0,0,58683.07,0,0,58683.07,0,0,61104.91,0,0,60719.39,0,0,61495.35,0,0,58683.07,0,0,60338.7,32626.17,3951.18,117856.95,32626.17,3951.18,117856.95,0,0,58683.07,0,0,58683.07,0,0,58683.07,0,0,58683.07,0,0,58504.7,0,0,58504.7,0,0,59407.55,16305.8,412.83,90850.12,0,0,58504.7,0,0,58504.7,0,0,58683.07,0,0,58683.07,0,0,58683.07,0,0,58504.7,0,0,58504.7,0,0,58504.7,0,0,58504.7,0,0,58683.07,0,0,58683.07,0,0,58504.7,0,0,58504.7,0,0,58504.7,0,0,58504.7,0,0,59224.76,0,0,59224.76,0,0,58504.7,0,0,58504.7,0,0,58504.7,0,0,58504.7,0,0,58504.7,123981.67,40256.51,289331.86,0,0,58504.7,0,0,58504.7,0,0,58504.7,0,0,58683.07,0,0,59224.76,0,0,59407.55,0,0,58504.7
both_sexes,0,0,2020-12-07,COVCOPD,0,0,0,0,1,1,0,0,0,0,0,0,0,0,0,0,0,0,0,0,0,0,0,0,0,0,0,0,0,0,0,0,0,0,0,0,0,5,0,0,0,0,0,0,0,0,0,0,0,0,58683.07,0,0,58683.07,0,0,58683.07,0,0,61104.91,16467.54,416.92,91751.25,16678.08,422.25,92924.33,0,0,58683.07,0,0,60338.7,0,0,60528.45,0,0,60528.45,0,0,58683.07,0,0,58683.07,0,0,58683.07,0,0,58683.07,0,0,58504.7,0,0,58504.7,0,0,59407.55,0,0,60338.7,0,0,58504.7,0,0,58504.7,0,0,58683.07,0,0,58683.07,0,0,58683.07,0,0,58504.7,0,0,58504.7,0,0,58504.7,0,0,58504.7,0,0,58683.07,0,0,58683.07,0,0,58504.7,0,0,58504.7,0,0,58504.7,0,0,58504.7,0,0,59224.76,0,0,59224.76,0,0,58504.7,0,0,58504.7,0,0,58504.7,0,0,58504.7,0,0,58504.7,127087.68,41265.02,296580.26,0,0,58504.7,0,0,58504.7,0,0,58504.7,0,0,58683.07,0,0,59224.76,0,0,59407.55,0,0,58504.7
both_sexes,0,0,2020-12-14,COVCOPD,0,0,0,0,0,0,0,0,0,0,0,0,0,0,0,0,0,0,0,0,0,0,0,0,0,0,0,0,0,0,0,0,0,0,0,0,0,2,0,0,1,0,0,0,0,0,0,0,0,0,58759.84,0,0,58759.84,0,0,58759.84,0,0,61104.91,0,0,60911.54,0,0,61692.46,0,0,58759.84,0,0,60419.88,0,0,60610.13,0,0,60610.13,0,0,58759.84,0,0,58759.84,0,0,58759.84,0,0,58759.84,0,0,58581.01,0,0,58581.01,0,0,59407.55,0,0,60338.7,0,0,58581.01,0,0,58581.01,0,0,58759.84,0,0,58759.84,0,0,58759.84,0,0,58581.01,0,0,58581.01,0,0,58581.01,0,0,58581.01,0,0,58759.84,0,0,58759.84,0,0,58581.01,0,0,58581.01,0,0,58581.01,0,0,58581.01,0,0,59302.96,0,0,59302.96,0,0,58581.01,0,0,58581.01,0,0,58581.01,0,0,58581.01,0,0,58581.01,51955.9,6292.1,187682.59,0,0,58581.01,0,0,58581.01,15880.43,402.06,88480.12,0,0,58759.84,0,0,59302.96,0,0,59486.23,0,0,58581.01
both_sexes,0,0,2020-12-21,COVCOPD,0,1,0,0,0,0,0,0,1,1,0,0,0,0,0,0,0,0,0,0,0,0,0,0,0,0,0,0,0,0,0,0,0,0,0,0,0,2,0,0,0,0,0,0,0,0,0,0,0,0,58965.57,16019.74,405.58,89256.26,0,0,58965.57,0,0,61215.96,0,0,61021.88,0,0,61805.65,0,0,58965.57,0,0,60637.41,16527.15,418.43,92083.38,16527.15,418.43,92083.38,0,0,58965.57,0,0,58965.57,0,0,58965.57,0,0,58965.57,0,0,58785.48,0,0,58785.48,0,0,59512.51,0,0,60446.98,0,0,58785.48,0,0,58785.48,0,0,58965.57,0,0,58965.57,0,0,58965.57,0,0,58785.48,0,0,58785.48,0,0,58785.48,0,0,58785.48,0,0,58965.57,0,0,58965.57,0,0,58785.48,0,0,58785.48,0,0,58785.48,0,0,58785.48,0,0,59512.51,0,0,59512.51,0,0,58785.48,0,0,58785.48,0,0,58785.48,0,0,58785.48,0,0,58785.48,52516.18,6359.95,189706.48,0,0,58785.48,0,0,58785.48,0,0,58785.48,0,0,58965.57,0,0,59512.51,0,0,59697.09,0,0,58785.48
both_sexes,0,0,2020-12-28,COVCOPD,0,0,0,0,0,0,0,0,0,0,0,0,0,0,0,0,0,0,0,0,0,0,0,0,0,0,0,0,0,0,0,0,0,0,0,0,0,3,0,0,0,0,0,0,0,0,0,0,0,0,59355.21,0,0,59538.81,0,0,59355.21,0,0,61636.01,0,0,61439.27,0,0,62233.87,0,0,59355.21,0,0,61049.53,0,0,61439.27,0,0,61439.27,0,0,59355.21,0,0,59355.21,0,0,59355.21,0,0,59355.21,0,0,59172.74,0,0,59172.74,0,0,59723.55,0,0,60664.71,0,0,59172.74,0,0,59172.74,0,0,59355.21,0,0,59355.21,0,0,59355.21,0,0,59172.74,0,0,59172.74,0,0,59172.74,0,0,59172.74,0,0,59355.21,0,0,59355.21,0,0,59172.74,0,0,59172.74,0,0,59172.74,0,0,59172.74,0,0,59776.54,0,0,59776.54,0,0,59172.74,0,0,59172.74,0,0,59172.74,0,0,59172.74,0,0,59172.74,79459.75,16386.51,232215.12,0,0,59172.74,0,0,59172.74,0,0,59172.74,0,0,59355.21,0,0,59776.54,0,0,59962.76,0,0,59172.74
both_sexes,0,0,2021-01-04,COVCOPD,0,0,0,0,0,0,0,0,0,0,0,0,0,0,0,0,0,0,0,0,0,0,0,0,0,0,0,0,0,0,1,1,0,0,0,0,0,2,0,0,0,0,1,1,0,0,0,0,0,0,59617.84,0,0,59803.07,0,0,59617.84,0,0,61919.27,0,0,61720.72,0,0,62349.06,0,0,59617.84,0,0,61327.41,0,0,61720.72,0,0,61720.72,0,0,59617.84,0,0,59617.84,0,0,59617.84,0,0,59617.84,0,0,59433.75,0,0,59433.75,0,0,59989.46,0,0,60939.09,0,0,59433.75,0,0,59433.75,0,0,59617.84,0,0,59617.84,0,0,59617.84,0,0,59433.75,0,0,59433.75,0,0,59433.75,0,0,59433.75,0,0,59617.84,0,0,59617.84,0,0,59433.75,0,0,59433.75,0,0,59433.75,0,0,59433.75,16298.53,412.64,90809.58,16298.53,412.64,90809.58,0,0,59433.75,0,0,59433.75,0,0,59433.75,0,0,59433.75,0,0,59433.75,53991.13,6538.58,195034.53,0,0,59433.75,0,0,59433.75,0,0,59433.75,0,0,59617.84,16298.53,412.64,90809.58,16349.6,413.94,91094.12,0,0,59433.75
both_sexes,0,0,2021-01-11,COVCOPD,0,0,0,0,0,0,0,0,0,0,0,0,0,0,0,0,0,0,0,0,0,0,0,0,0,0,0,0,0,0,0,0,0,0,0,0,0,2,0,0,0,0,0,0,0,0,0,0,0,0,60016.18,0,0,60203.9,0,0,60016.18,0,0,62349.06,0,0,62147.75,0,0,62755.62,0,0,60016.18,0,0,61749,0,0,62147.75,0,0,62147.75,0,0,60016.18,0,0,60016.18,0,0,60016.18,0,0,60016.18,0,0,59829.63,0,0,59829.63,0,0,60392.79,0,0,61355.34,0,0,59829.63,0,0,59829.63,0,0,60016.18,0,0,60016.18,0,0,60016.18,0,0,59829.63,0,0,59829.63,0,0,59829.63,0,0,59829.63,0,0,60016.18,0,0,60016.18,0,0,59829.63,0,0,59829.63,0,0,59829.63,0,0,59829.63,0,0,60582.88,0,0,60582.88,0,0,59829.63,0,0,59829.63,0,0,59829.63,0,0,59829.63,0,0,59829.63,55090.5,6671.71,199005.82,0,0,59829.63,0,0,59829.63,0,0,59829.63,0,0,60016.18,0,0,60582.88,0,0,60774.16,0,0,59829.63
both_sexes,0,0,2021-01-18,COVCOPD,0,0,0,0,1,1,0,0,1,1,0,0,0,0,0,0,0,0,0,0,0,0,0,0,0,0,0,0,0,0,0,0,0,0,0,0,0,2,0,0,0,0,0,0,0,0,0,0,0,0,60338.7,0,0,60528.45,0,0,60338.7,0,0,62697.22,16948.96,429.11,94433.54,17115.75,433.33,95362.83,0,0,60338.7,0,0,62090.47,16948.96,429.11,94433.54,16948.96,429.11,94433.54,0,0,60338.7,0,0,60338.7,0,0,60338.7,0,0,60338.7,0,0,60150.14,0,0,60150.14,0,0,60719.39,0,0,61692.46,0,0,60150.14,0,0,60150.14,0,0,60338.7,0,0,60338.7,0,0,60338.7,0,0,60150.14,0,0,60150.14,0,0,60150.14,0,0,60150.14,0,0,60338.7,0,0,60338.7,0,0,60150.14,0,0,60150.14,0,0,60150.14,0,0,60150.14,0,0,60911.54,0,0,60911.54,0,0,60150.14,0,0,60150.14,0,0,60150.14,0,0,60150.14,0,0,60150.14,55424.89,6712.21,200213.75,0,0,60150.14,0,0,60150.14,0,0,60150.14,0,0,60338.7,0,0,60911.54,0,0,61104.91,0,0,60150.14
both_sexes,0,0,2021-01-25,COVCOPD,0,0,0,0,0,0,0,0,0,0,0,0,0,0,0,0,0,0,0,0,0,0,0,0,0,0,0,0,0,0,0,0,0,0,0,0,0,3,0,0,0,0,0,0,0,0,0,0,0,0,60338.7,0,0,60528.45,0,0,60338.7,0,0,62697.22,0,0,62697.22,0,0,63315.94,0,0,60338.7,0,0,62090.47,0,0,62697.22,0,0,62697.22,0,0,60338.7,0,0,60338.7,0,0,60338.7,0,0,60338.7,0,0,60150.14,0,0,60150.14,0,0,60719.39,0,0,61692.46,0,0,60150.14,0,0,60150.14,0,0,60338.7,0,0,60338.7,0,0,60338.7,0,0,60150.14,0,0,60150.14,0,0,60150.14,0,0,60150.14,0,0,60338.7,0,0,60338.7,0,0,60150.14,0,0,60150.14,0,0,60150.14,0,0,60150.14,0,0,60911.54,0,0,60911.54,0,0,60150.14,0,0,60150.14,0,0,60150.14,0,0,60150.14,0,0,60150.14,84353.35,17395.69,246516.28,0,0,60150.14,0,0,60150.14,0,0,60150.14,0,0,60338.7,0,0,60911.54,0,0,61104.91,0,0,60150.14
both_sexes,0,0,2021-02-01,COVCOPD,0,0,0,0,0,0,0,0,0,0,0,0,0,0,0,0,0,0,0,0,0,0,0,0,0,0,0,0,0,0,0,0,0,0,0,0,0,1,0,0,1,0,0,0,0,0,0,0,0,0,60582.88,0,0,60774.16,0,0,60474.11,0,0,62843.43,0,0,62960.9,0,0,63584.86,0,0,60582.88,0,0,62233.87,0,0,62960.9,0,0,62960.9,0,0,60582.88,0,0,60582.88,0,0,60582.88,0,0,60582.88,0,0,60392.79,0,0,60392.79,0,0,60856.51,0,0,61834.02,0,0,60392.79,0,0,60392.79,0,0,60582.88,0,0,60582.88,0,0,60582.88,0,0,60392.79,0,0,60392.79,0,0,60392.79,0,0,60392.79,0,0,60582.88,0,0,60582.88,0,0,60392.79,0,0,60392.79,0,0,60392.79,0,0,60392.79,0,0,61160.38,0,0,61160.38,0,0,60392.79,0,0,60392.79,0,0,60392.79,0,0,60392.79,0,0,60392.79,28512.88,721.88,158863.6,0,0,60392.79,0,0,60392.79,16371.58,414.49,91216.62,0,0,60582.88,0,0,61160.38,0,0,61355.34,0,0,60392.79
both_sexes,0,0,2021-02-08,COVCOPD,0,0,0,0,0,0,0,0,0,0,0,0,0,0,0,0,0,0,0,0,0,0,0,0,0,0,0,0,0,0,0,0,0,0,0,0,0,0,0,0,0,0,0,0,0,0,0,0,0,0,60911.54,0,0,61104.91,0,0,60719.39,0,0,63108.35,0,0,63315.94,0,0,63947,0,0,60911.54,0,0,62493.66,0,0,63315.94,0,0,63315.94,0,0,60911.54,0,0,60911.54,0,0,60911.54,0,0,60911.54,0,0,60719.39,0,0,60719.39,0,0,61104.91,0,0,62090.47,0,0,60719.39,0,0,60719.39,0,0,60911.54,0,0,60911.54,0,0,60911.54,0,0,60719.39,0,0,60719.39,0,0,60719.39,0,0,60719.39,0,0,60911.54,0,0,60911.54,0,0,60719.39,0,0,60719.39,0,0,60719.39,0,0,60719.39,0,0,61495.35,0,0,61495.35,0,0,60719.39,0,0,60719.39,0,0,60719.39,0,0,60719.39,0,0,60719.39,0,0,105758.49,0,0,60719.39,0,0,60719.39,0,0,60719.39,0,0,60911.54,0,0,61495.35,0,0,61692.46,0,0,60719.39
both_sexes,0,0,2021-02-15,COVCOPD,0,0,0,0,0,0,0,1,1,1,0,0,0,0,0,0,1,1,0,0,0,0,0,0,0,0,0,0,0,0,0,0,0,0,0,0,0,1,0,0,0,0,0,0,0,0,0,0,0,0,60911.54,0,0,61104.91,0,0,60719.39,0,0,63108.35,0,0,63315.94,0,0,63947,0,0,60911.54,16964.7,429.51,94521.26,17188.24,435.17,95766.72,17188.24,435.17,95766.72,0,0,60911.54,0,0,60911.54,0,0,60911.54,0,0,60911.54,0,0,60719.39,0,0,60719.39,16587.19,419.95,92417.93,16855.1,426.73,93910.6,0,0,60719.39,0,0,60719.39,0,0,60911.54,0,0,60911.54,0,0,60911.54,0,0,60719.39,0,0,60719.39,0,0,60719.39,0,0,60719.39,0,0,60911.54,0,0,60911.54,0,0,60719.39,0,0,60719.39,0,0,60719.39,0,0,60719.39,0,0,61495.35,0,0,61495.35,0,0,60719.39,0,0,60719.39,0,0,60719.39,0,0,60719.39,0,0,60719.39,28782.51,728.71,160365.86,0,0,60719.39,0,0,60719.39,0,0,60719.39,0,0,60911.54,0,0,61495.35,0,0,61692.46,0,0,60719.39
both_sexes,0,0,2021-02-22,COVCOPD,0,0,0,0,0,0,0,0,0,0,0,0,0,0,0,0,0,0,0,0,0,0,0,0,0,0,0,0,0,0,0,0,0,0,0,0,0,1,0,0,1,0,0,0,0,0,0,0,0,0,61299.51,0,0,61495.35,0,0,61104.91,0,0,63524.9,0,0,63524.9,0,0,64160.15,0,0,61299.51,0,0,63108.35,0,0,63947,0,0,63947,0,0,61299.51,0,0,61299.51,0,0,61299.51,0,0,61299.51,0,0,61104.91,0,0,61104.91,0,0,61692.46,0,0,62493.66,0,0,61104.91,0,0,61104.91,0,0,61299.51,0,0,61299.51,0,0,61299.51,0,0,61104.91,0,0,61104.91,0,0,61104.91,0,0,61104.91,0,0,61299.51,0,0,61299.51,0,0,61104.91,0,0,61104.91,0,0,61104.91,0,0,61104.91,0,0,61692.46,0,0,61692.46,0,0,61104.91,0,0,61104.91,0,0,61104.91,0,0,61104.91,0,0,61104.91,28873.52,731.01,160872.94,0,0,61104.91,0,0,61104.91,16564.63,419.38,92292.19,0,0,61299.51,0,0,61692.46,0,0,61890.82,0,0,61104.91
both_sexes,0,0,2021-03-01,COVCOPD,0,0,0,0,0,0,0,0,0,0,0,0,0,0,0,0,0,0,0,0,0,0,0,0,0,0,0,0,0,0,0,0,0,0,0,0,0,0,0,0,0,0,0,0,0,0,0,0,0,0,62435.74,0,0,62551.68,0,0,62233.87,0,0,64436.31,0,0,64221.32,0,0,64870.64,0,0,62435.74,0,0,64099.11,0,0,64870.64,0,0,64870.64,0,0,62435.74,0,0,62435.74,0,0,62435.74,0,0,62435.74,0,0,62233.87,0,0,62233.87,0,0,62726.41,0,0,63554.87,0,0,62233.87,0,0,62233.87,0,0,62435.74,0,0,62435.74,0,0,62435.74,0,0,62233.87,0,0,62233.87,0,0,62233.87,0,0,62233.87,0,0,62435.74,0,0,62435.74,0,0,62233.87,0,0,62233.87,0,0,62233.87,0,0,62233.87,0,0,62843.43,0,0,62843.43,0,0,62233.87,0,0,62233.87,0,0,62233.87,0,0,62233.87,0,0,62233.87,0,0,107274.14,0,0,62233.87,0,0,62233.87,0,0,62233.87,0,0,62435.74,0,0,62843.43,0,0,63049.29,0,0,62233.87
both_sexes,0,0,2021-03-08,COVCOPD,0,0,0,0,1,1,0,0,0,0,0,0,0,0,0,0,0,0,0,0,0,0,0,0,0,0,0,0,0,0,0,0,0,0,0,0,0,0,0,0,0,0,0,0,0,0,0,0,0,0,64038.18,0,0,64038.18,0,0,63825.83,0,0,65917.97,17825.77,451.31,99318.83,17966.06,454.86,100100.48,0,0,64038.18,0,0,65692.99,0,0,66470.81,0,0,66470.81,0,0,64038.18,0,0,64038.18,0,0,64038.18,0,0,64038.18,0,0,63825.83,0,0,63825.83,0,0,64160.15,0,0,64870.64,0,0,63825.83,0,0,63825.83,0,0,64038.18,0,0,64038.18,0,0,64038.18,0,0,63825.83,0,0,63825.83,0,0,63825.83,0,0,63825.83,0,0,64038.18,0,0,64038.18,0,0,63825.83,0,0,63825.83,0,0,63825.83,0,0,63825.83,0,0,64467.14,0,0,64467.14,0,0,63825.83,0,0,63825.83,0,0,63825.83,0,0,63825.83,0,0,63825.83,0,0,108658.32,0,0,63825.83,0,0,63825.83,0,0,63825.83,0,0,64038.18,0,0,64467.14,0,0,64683.78,0,0,63825.83
both_sexes,0,0,2021-03-15,COVCOPD,0,0,0,0,0,0,0,0,0,0,0,0,0,0,0,0,0,0,0,0,0,0,0,0,0,0,0,0,0,0,0,0,0,0,0,0,0,0,0,0,0,0,0,0,0,0,0,0,0,0,64870.64,0,0,64870.64,0,0,64652.75,0,0,66668.15,0,0,66438.03,0,0,66899.86,0,0,64870.64,0,0,66438.03,0,0,67368.16,0,0,67368.16,0,0,64870.64,0,0,64870.64,0,0,64870.64,0,0,64870.64,0,0,64652.75,0,0,64652.75,0,0,64870.64,0,0,65533.23,0,0,64652.75,0,0,64652.75,0,0,64870.64,0,0,64870.64,0,0,64870.64,0,0,64652.75,0,0,64652.75,0,0,64652.75,0,0,64652.75,0,0,64870.64,0,0,64870.64,0,0,64652.75,0,0,64652.75,0,0,64652.75,0,0,64652.75,0,0,65310.87,0,0,65310.87,0,0,64652.75,0,0,64652.75,0,0,64652.75,0,0,64652.75,0,0,64652.75,0,0,109363.9,0,0,64652.75,0,0,64652.75,0,0,64652.75,0,0,64870.64,0,0,65310.87,0,0,65533.23,0,0,64652.75
both_sexes,0,0,2021-03-22,COVCOPD,0,0,0,0,0,0,0,0,0,0,0,0,0,0,0,0,0,0,0,0,0,0,0,0,0,0,0,0,0,0,0,0,0,0,0,0,0,1,0,0,0,0,0,0,0,0,0,0,0,0,66470.81,0,0,66470.81,0,0,66242.05,0,0,68359.37,0,0,68117.45,0,0,68603.02,0,0,66470.81,0,0,67911.45,0,0,68883.6,0,0,68883.6,0,0,66470.81,0,0,66470.81,0,0,66470.81,0,0,66470.81,0,0,66242.05,0,0,66242.05,0,0,66470.81,0,0,67166.66,0,0,66242.05,0,0,66242.05,0,0,66470.81,0,0,66470.81,0,0,66470.81,0,0,66242.05,0,0,66242.05,0,0,66242.05,0,0,66242.05,0,0,66470.81,0,0,66470.81,0,0,66242.05,0,0,66242.05,0,0,66242.05,0,0,66242.05,0,0,66933.1,0,0,66933.1,0,0,66242.05,0,0,66242.05,0,0,66242.05,0,0,66242.05,0,0,66242.05,29840.69,755.5,166261.66,0,0,66242.05,0,0,66242.05,0,0,66242.05,0,0,66470.81,0,0,66933.1,0,0,67166.66,0,0,66242.05
both_sexes,0,0,2021-03-29,COVCOPD,0,0,0,0,0,0,0,0,0,0,0,0,0,0,0,0,0,0,0,0,0,0,0,0,0,0,0,0,0,0,0,0,0,0,0,0,0,1,0,0,0,0,0,0,0,0,0,0,0,0,71402.4,0,0,71364.58,0,0,71138.5,0,0,73586.19,0,0,73107.07,0,0,73385.8,0,0,71402.4,0,0,72830.44,0,0,73425.79,0,0,73425.79,0,0,71402.4,0,0,71402.4,0,0,71402.4,0,0,71402.4,0,0,71138.5,0,0,71138.5,0,0,71213.7,0,0,72013,0,0,71138.5,0,0,71138.5,0,0,71402.4,0,0,71402.4,0,0,71402.4,0,0,71138.5,0,0,71138.5,0,0,71138.5,0,0,71138.5,0,0,71402.4,0,0,71402.4,0,0,71138.5,0,0,71138.5,0,0,71138.5,0,0,71138.5,0,0,71936.1,0,0,71936.1,0,0,71138.5,0,0,71138.5,0,0,71138.5,0,0,71138.5,0,0,71138.5,30927.18,783.01,172315.22,0,0,71138.5,0,0,71138.5,0,0,71138.5,0,0,71402.4,0,0,71936.1,0,0,72205.96,0,0,71138.5
both_sexes,0,0,2021-04-05,COVCOPD,0,0,0,0,0,0,0,0,0,0,0,0,0,0,0,0,0,0,0,0,0,0,0,0,0,0,0,0,0,0,0,0,0,0,0,0,0,1,0,0,0,0,0,0,0,0,0,0,0,0,76904.29,0,0,76598.25,0,0,76598.25,0,0,78977.91,0,0,78701.12,0,0,79024.24,0,0,76904.29,0,0,78426.26,0,0,77927.31,0,0,77927.31,0,0,76904.29,0,0,76904.29,0,0,76904.29,0,0,76904.29,0,0,76598.25,0,0,76598.25,0,0,76598.25,0,0,77523.78,0,0,76598.25,0,0,76598.25,0,0,76904.29,0,0,76904.29,0,0,76904.29,0,0,76598.25,0,0,76598.25,0,0,76598.25,0,0,76598.25,0,0,76904.29,0,0,76904.29,0,0,76598.25,0,0,76598.25,0,0,76598.25,0,0,76598.25,0,0,77390.19,0,0,77390.19,0,0,76598.25,0,0,76598.25,0,0,76598.25,0,0,76598.25,0,0,76598.25,32180.62,814.74,179298.92,0,0,76598.25,0,0,76598.25,0,0,76598.25,0,0,76904.29,0,0,77390.19,0,0,77702.61,0,0,76598.25
both_sexes,0,0,2021-04-12,COVCOPD,0,0,0,0,0,0,0,0,0,0,0,0,0,0,0,0,0,0,0,0,0,0,0,0,0,0,0,0,0,0,0,0,0,0,0,0,0,0,0,0,0,0,0,0,0,0,0,0,0,0,84580.24,0,0,84210.2,0,0,84210.2,0,0,86093.5,0,0,85384.23,0,0,85764.69,0,0,84580.24,0,0,86093.5,0,0,84953.54,0,0,84953.54,0,0,84580.24,0,0,84580.24,0,0,84580.24,0,0,84580.24,0,0,84210.2,0,0,84210.2,0,0,84210.2,0,0,85330.16,0,0,84210.2,0,0,84210.2,0,0,84580.24,0,0,84580.24,0,0,84580.24,0,0,84210.2,0,0,84210.2,0,0,84210.2,0,0,84210.2,0,0,84527.18,0,0,84527.18,0,0,84210.2,0,0,84210.2,0,0,84210.2,0,0,84210.2,0,0,84900.01,0,0,84900.01,0,0,84210.2,0,0,84210.2,0,0,84210.2,0,0,84210.2,0,0,84210.2,0,0,123498,0,0,84210.2,0,0,84210.2,0,0,84210.2,0,0,84580.24,0,0,84900.01,0,0,85276.15,0,0,84210.2
both_sexes,0,0,2021-04-19,COVCOPD,0,0,0,0,0,0,0,0,0,0,0,0,0,0,0,0,0,0,0,0,0,0,0,0,0,0,0,0,0,0,0,0,0,0,0,0,0,0,0,0,0,0,0,0,0,0,0,0,0,0,89525.8,0,0,89466.35,0,0,89466.35,0,0,91222.97,0,0,90731.53,0,0,91161.25,0,0,89884.14,0,0,91595.05,0,0,90305.85,0,0,90305.85,0,0,89884.14,0,0,89884.14,0,0,89884.14,0,0,89884.14,0,0,89466.35,0,0,89466.35,0,0,89466.35,0,0,90366.41,0,0,89466.35,0,0,89466.35,0,0,89525.8,0,0,89884.14,0,0,89884.14,0,0,89466.35,0,0,89466.35,0,0,89466.35,0,0,89466.35,0,0,89466.35,0,0,89466.35,0,0,89466.35,0,0,89466.35,0,0,89466.35,0,0,89466.35,0,0,89525.8,0,0,89525.8,0,0,89466.35,0,0,89466.35,0,0,89466.35,0,0,89466.35,0,0,89466.35,0,0,126870.36,0,0,89466.35,0,0,89466.35,0,0,89466.35,0,0,89884.14,0,0,89525.8,0,0,89944.14,0,0,89466.35
both_sexes,0,0,2021-04-26,COVCOPD,0,0,0,0,0,0,0,0,0,0,0,0,0,0,0,0,0,0,0,0,0,0,0,0,0,0,0,0,0,0,0,0,0,0,0,0,0,2,0,0,0,0,0,0,0,0,0,0,0,0,93307.7,0,0,93307.7,0,0,93307.7,0,0,94618.2,0,0,94684.7,0,0,94884.73,0,0,93762.23,0,0,95354.79,0,0,94221.2,0,0,94221.2,0,0,93762.23,0,0,93762.23,0,0,93762.23,0,0,93762.23,0,0,93307.7,0,0,93307.7,0,0,93307.7,0,0,94221.2,0,0,93307.7,0,0,93307.7,0,0,93307.7,0,0,93762.23,0,0,93762.23,0,0,93307.7,0,0,93307.7,0,0,93307.7,0,0,93307.7,0,0,93307.7,0,0,93307.7,0,0,93307.7,0,0,93307.7,0,0,93307.7,0,0,93307.7,0,0,93307.7,0,0,93307.7,0,0,93307.7,0,0,93307.7,0,0,93307.7,0,0,93307.7,0,0,93307.7,70922.33,8589.02,256195.84,0,0,93307.7,0,0,93307.7,0,0,93307.7,0,0,93762.23,0,0,93307.7,0,0,93762.23,0,0,93307.7
both_sexes,0,0,2021-05-03,COVCOPD,0,0,0,0,0,0,0,0,0,0,0,0,0,0,0,0,0,0,0,0,0,0,0,0,0,0,0,0,0,0,0,0,0,0,0,0,0,0,0,0,0,0,0,0,0,0,0,0,0,0,98563.51,0,0,98563.51,0,0,98563.51,0,0,99583.39,0,0,100101.28,0,0,100101.28,0,0,99070.83,0,0,100624.59,0,0,99583.39,0,0,99583.39,0,0,98925.35,0,0,98925.35,0,0,98925.35,0,0,98925.35,0,0,98563.51,0,0,98563.51,0,0,98563.51,0,0,99583.39,0,0,98563.51,0,0,98563.51,0,0,98563.51,0,0,99070.83,0,0,99070.83,0,0,98563.51,0,0,98563.51,0,0,98563.51,0,0,98563.51,0,0,98563.51,0,0,98563.51,0,0,98563.51,0,0,98563.51,0,0,98563.51,0,0,98563.51,0,0,98563.51,0,0,98563.51,0,0,98563.51,0,0,98563.51,0,0,98563.51,0,0,98563.51,0,0,98563.51,0,0,135006.33,0,0,98563.51,0,0,98563.51,0,0,98563.51,0,0,99070.83,0,0,98563.51,0,0,99070.83,0,0,98563.51
both_sexes,0,0,2021-05-10,COVCOPD,0,0,0,1,0,0,0,0,0,0,0,0,0,0,0,0,1,1,0,0,0,0,0,0,0,0,0,0,0,0,0,0,0,0,0,0,0,0,0,0,1,0,0,0,0,1,1,0,0,0,105592.73,0,0,105592.73,0,0,105592.73,29034.18,735.08,161768.1,0,0,107188.8,0,0,107188.8,0,0,106008.12,0,0,107789.06,0,0,106595.19,0,0,106595.19,0,0,105592.73,0,0,105592.73,0,0,105592.73,0,0,105592.73,0,0,105592.73,0,0,105592.73,28714.62,726.99,159987.64,28988.1,733.92,161511.33,28737.21,727.56,160113.51,28737.21,727.56,160113.51,0,0,105592.73,0,0,106008.12,0,0,106008.12,0,0,105592.73,0,0,105592.73,0,0,105592.73,0,0,105592.73,0,0,105592.73,0,0,105592.73,0,0,105592.73,0,0,105592.73,0,0,105592.73,0,0,105592.73,0,0,105592.73,0,0,105592.73,0,0,105592.73,0,0,105592.73,0,0,105592.73,0,0,105592.73,0,0,105592.73,0,0,142880.51,0,0,105592.73,0,0,105592.73,28624.61,724.71,159486.11,0,0,106008.12,0,0,105592.73,0,0,106008.12,0,0,105592.73
both_sexes,0,0,2021-05-17,COVCOPD,0,0,0,0,0,0,0,0,0,0,0,0,0,0,0,0,0,0,0,0,0,0,0,0,0,0,0,0,0,0,0,0,0,0,0,0,0,0,0,0,0,0,0,0,0,0,0,0,0,0,115257.76,0,0,115257.76,0,0,115257.76,0,0,117366.13,0,0,116654.82,0,0,116654.82,0,0,115257.76,0,0,117366.13,0,0,115952.08,0,0,115952.08,0,0,115257.76,0,0,115257.76,0,0,115257.76,0,0,115257.76,0,0,115257.76,0,0,115257.76,0,0,115952.08,0,0,116654.82,0,0,115952.08,0,0,115952.08,0,0,115257.76,0,0,115257.76,0,0,115257.76,0,0,115257.76,0,0,115257.76,0,0,115257.76,0,0,115257.76,0,0,115257.76,0,0,115257.76,0,0,115257.76,0,0,115257.76,0,0,115257.76,0,0,115257.76,0,0,115257.76,0,0,115257.76,0,0,115257.76,0,0,115257.76,0,0,115257.76,0,0,115257.76,0,0,115257.76,0,0,154691.53,0,0,115257.76,0,0,115257.76,0,0,115257.76,0,0,115257.76,0,0,115257.76,0,0,115257.76,0,0,115257.76
both_sexes,0,0,2021-05-24,COVCOPD,0,0,0,0,0,0,0,0,0,0,0,0,0,0,0,0,0,0,0,0,0,0,0,0,0,0,0,0,0,0,0,0,0,0,0,0,0,0,0,0,0,0,0,0,0,0,0,0,0,0,129305.49,0,0,129305.49,0,0,129305.49,0,0,131965.06,0,0,131066.46,0,0,131066.46,0,0,129305.49,0,0,131965.06,0,0,130180.02,0,0,130180.02,0,0,129305.49,0,0,129305.49,0,0,129305.49,0,0,129305.49,0,0,129305.49,0,0,129305.49,0,0,130180.02,0,0,131066.46,0,0,130180.02,0,0,130180.02,0,0,129305.49,0,0,129305.49,0,0,129305.49,0,0,129305.49,0,0,129305.49,0,0,129305.49,0,0,129305.49,0,0,129305.49,0,0,129305.49,0,0,129305.49,0,0,129305.49,0,0,129305.49,0,0,129305.49,0,0,129305.49,0,0,129305.49,0,0,129305.49,0,0,129305.49,0,0,129305.49,0,0,129305.49,0,0,129305.49,0,0,169054.36,0,0,129305.49,0,0,129305.49,0,0,129305.49,0,0,129305.49,0,0,129305.49,0,0,129305.49,0,0,129305.49
both_sexes,0,0,2021-05-31,COVCOPD,0,0,0,0,0,0,0,0,0,0,0,0,0,0,0,0,0,0,0,0,0,0,0,0,0,0,0,0,0,0,0,0,0,0,0,0,0,0,0,0,0,0,0,0,0,0,0,0,0,0,141977.16,0,0,141977.16,0,0,141977.16,0,0,145190,0,0,144103.02,0,0,144103.02,0,0,141977.16,0,0,145190,0,0,143032.19,0,0,143032.19,0,0,141977.16,0,0,141977.16,0,0,141977.16,0,0,141977.16,0,0,141977.16,0,0,141977.16,0,0,143032.19,0,0,144103.02,0,0,143032.19,0,0,143032.19,0,0,141977.16,0,0,141977.16,0,0,141977.16,0,0,141977.16,0,0,141977.16,0,0,141977.16,0,0,141977.16,0,0,141977.16,0,0,141977.16,0,0,141977.16,0,0,141977.16,0,0,141977.16,0,0,141977.16,0,0,141977.16,0,0,141977.16,0,0,141977.16,0,0,141977.16,0,0,141977.16,0,0,141977.16,0,0,141977.16,0,0,184570.3,0,0,141977.16,0,0,141977.16,0,0,141977.16,0,0,141977.16,0,0,141977.16,0,0,141977.16,0,0,141977.16
both_sexes,0,0,2021-06-07,COVCOPD,0,0,0,0,0,0,0,0,0,0,0,0,0,0,0,0,0,0,0,0,0,0,0,0,0,0,0,0,0,0,0,0,0,0,0,0,0,1,0,0,0,0,0,0,0,0,0,0,0,0,156670.14,0,0,156670.14,0,0,156670.14,0,0,160591.56,0,0,157955.83,0,0,157955.83,0,0,156670.14,0,0,159262.79,0,0,157955.83,0,0,157955.83,0,0,156670.14,0,0,156670.14,0,0,156670.14,0,0,156670.14,0,0,156670.14,0,0,156670.14,0,0,157955.83,0,0,159262.79,0,0,157402.25,0,0,157402.25,0,0,156670.14,0,0,156670.14,0,0,156670.14,0,0,156670.14,0,0,156670.14,0,0,156670.14,0,0,156670.14,0,0,156670.14,0,0,156670.14,0,0,156670.14,0,0,156670.14,0,0,156670.14,0,0,156670.14,0,0,156670.14,0,0,156670.14,0,0,156670.14,0,0,156670.14,0,0,156670.14,0,0,156670.14,0,0,156670.14,54031.07,1367.95,301041.83,0,0,156670.14,0,0,156670.14,0,0,156670.14,0,0,156670.14,0,0,156670.14,0,0,156670.14,0,0,156670.14
both_sexes,0,0,2021-06-14,COVCOPD,0,0,0,0,0,0,0,0,0,0,0,0,0,0,0,0,0,0,0,0,0,0,0,0,0,0,0,0,0,0,0,0,0,0,0,0,0,0,0,0,0,0,0,0,0,0,0,0,0,0,168842.51,0,0,168842.51,0,0,168842.51,0,0,173405.82,0,0,170336.69,0,0,170336.69,0,0,168842.51,0,0,171857.55,0,0,170336.69,0,0,170336.69,0,0,168842.51,0,0,168842.51,0,0,168842.51,0,0,168842.51,0,0,168842.51,0,0,168842.51,0,0,170336.69,0,0,171857.55,0,0,168842.51,0,0,168842.51,0,0,168842.51,0,0,168842.51,0,0,168842.51,0,0,168842.51,0,0,168842.51,0,0,168842.51,0,0,168842.51,0,0,168842.51,0,0,168842.51,0,0,168842.51,0,0,168842.51,0,0,168842.51,0,0,168842.51,0,0,168842.51,0,0,168842.51,0,0,168842.51,0,0,168842.51,0,0,168842.51,0,0,168842.51,0,0,168842.51,0,0,216617.88,0,0,168842.51,0,0,168842.51,0,0,168842.51,0,0,168842.51,0,0,168842.51,0,0,168842.51,0,0,168842.51
both_sexes,0,0,2021-06-21,COVCOPD,0,0,0,0,0,0,0,0,0,0,0,0,0,0,0,0,0,0,0,0,0,0,0,0,0,0,0,0,0,0,0,0,0,0,0,0,0,0,0,0,0,0,0,0,0,0,0,0,0,0,182569.54,0,0,182569.54,0,0,182569.54,0,0,187916.77,0,0,184317.81,0,0,184317.81,0,0,182569.54,0,0,186099.89,0,0,184317.81,0,0,184317.81,0,0,182569.54,0,0,182569.54,0,0,182569.54,0,0,182569.54,0,0,182569.54,0,0,182569.54,0,0,184317.81,0,0,186099.89,0,0,182569.54,0,0,182569.54,0,0,182569.54,0,0,182569.54,0,0,182569.54,0,0,182569.54,0,0,182569.54,0,0,182569.54,0,0,182569.54,0,0,182569.54,0,0,182569.54,0,0,182569.54,0,0,182569.54,0,0,182569.54,0,0,182569.54,0,0,182569.54,0,0,182569.54,0,0,182569.54,0,0,182569.54,0,0,182569.54,0,0,182569.54,0,0,182569.54,0,0,235965.54,0,0,182569.54,0,0,182569.54,0,0,182569.54,0,0,182569.54,0,0,182569.54,0,0,182569.54,0,0,182569.54
both_sexes,0,0,2021-06-28,COVCOPD,0,0,0,0,0,0,0,0,0,0,0,0,0,0,0,0,0,0,0,0,0,0,0,0,0,0,0,0,0,0,0,0,0,0,0,0,0,0,0,0,0,0,0,0,0,0,0,0,0,0,444674.33,0,0,444674.33,0,0,444674.33,0,0,458286.81,0,0,449121.07,0,0,449121.07,0,0,444674.33,0,0,453657.65,0,0,449121.07,0,0,449121.07,0,0,444674.33,0,0,444674.33,0,0,444674.33,0,0,444674.33,0,0,444674.33,0,0,444674.33,0,0,449121.07,0,0,453657.65,0,0,444674.33,0,0,444674.33,0,0,444674.33,0,0,444674.33,0,0,444674.33,0,0,444674.33,0,0,444674.33,0,0,444674.33,0,0,444674.33,0,0,444674.33,0,0,444674.33,0,0,444674.33,0,0,444674.33,0,0,444674.33,0,0,444674.33,0,0,444674.33,0,0,444674.33,0,0,444674.33,0,0,444674.33,0,0,444674.33,0,0,444674.33,0,0,444674.33,0,0,575796.25,0,0,444674.33,0,0,444674.33,0,0,444674.33,0,0,444674.33,0,0,444674.33,0,0,444674.33,0,0,444674.33
both_sexes,1,Pfizer,2021-05-17,COVCOPD,0,0,0,0,0,0,0,0,0,0,0,0,0,0,0,0,0,0,0,0,0,0,0,0,0,0,0,0,0,0,0,0,0,0,0,0,0,0,0,0,0,0,0,0,0,0,0,0,0,0,712890.59,0,0,712890.59,0,0,712890.59,0,0,744399.57,0,0,712890.59,0,0,712890.59,0,0,712890.59,0,0,712890.59,0,0,712890.59,0,0,712890.59,0,0,712890.59,0,0,712890.59,0,0,712890.59,0,0,712890.59,0,0,712890.59,0,0,712890.59,0,0,712890.59,0,0,712890.59,0,0,712890.59,0,0,712890.59,0,0,712890.59,0,0,712890.59,0,0,712890.59,0,0,712890.59,0,0,712890.59,0,0,712890.59,0,0,712890.59,0,0,712890.59,0,0,712890.59,0,0,712890.59,0,0,712890.59,0,0,712890.59,0,0,712890.59,0,0,712890.59,0,0,712890.59,0,0,712890.59,0,0,712890.59,0,0,712890.59,0,0,712890.59,0,0,712890.59,0,0,1295541.56,0,0,712890.59,0,0,712890.59,0,0,712890.59,0,0,712890.59,0,0,712890.59,0,0,712890.59,0,0,712890.59
both_sexes,1,Pfizer,2021-05-24,COVCOPD,0,0,0,0,0,0,0,0,0,0,0,0,0,0,0,0,0,0,0,0,0,0,0,0,0,0,0,0,0,0,0,0,0,0,0,0,0,2,0,0,0,0,0,0,0,0,0,0,0,0,497182,0,0,497182,0,0,497182,0,0,497182,0,0,497182,0,0,497182,0,0,497182,0,0,497182,0,0,497182,0,0,497182,0,0,497182,0,0,497182,0,0,497182,0,0,497182,0,0,497182,0,0,497182,0,0,497182,0,0,497182,0,0,497182,0,0,497182,0,0,497182,0,0,497182,0,0,497182,0,0,497182,0,0,497182,0,0,497182,0,0,497182,0,0,497182,0,0,497182,0,0,497182,0,0,497182,0,0,497182,0,0,497182,0,0,497182,0,0,497182,0,0,497182,0,0,497182,0,0,497182,0,0,497182,0,0,497182,483774.83,58587.38,1747561.04,0,0,497182,0,0,497182,0,0,497182,0,0,497182,0,0,497182,0,0,497182,0,0,497182
both_sexes,1,Pfizer,2021-05-31,COVCOPD,0,0,0,0,0,0,0,0,0,0,0,0,0,0,0,0,0,0,0,0,0,0,0,0,0,0,0,0,0,0,0,0,0,0,0,0,0,0,0,0,0,0,0,0,0,0,0,0,0,0,482925.89,0,0,482925.89,0,0,482925.89,0,0,482925.89,0,0,482925.89,0,0,482925.89,0,0,482925.89,0,0,482925.89,0,0,482925.89,0,0,482925.89,0,0,482925.89,0,0,482925.89,0,0,482925.89,0,0,482925.89,0,0,482925.89,0,0,482925.89,0,0,482925.89,0,0,482925.89,0,0,482925.89,0,0,482925.89,0,0,482925.89,0,0,482925.89,0,0,482925.89,0,0,482925.89,0,0,482925.89,0,0,482925.89,0,0,482925.89,0,0,482925.89,0,0,482925.89,0,0,482925.89,0,0,482925.89,0,0,482925.89,0,0,482925.89,0,0,482925.89,0,0,482925.89,0,0,482925.89,0,0,482925.89,0,0,482925.89,0,0,482925.89,0,0,482925.89,0,0,942212.04,0,0,482925.89,0,0,482925.89,0,0,482925.89,0,0,482925.89,0,0,482925.89,0,0,482925.89,0,0,482925.89
both_sexes,1,Pfizer,2021-06-07,COVCOPD,0,0,0,0,0,0,0,0,0,0,0,0,0,0,0,0,0,0,0,0,0,0,0,0,0,0,0,0,0,0,0,0,0,0,0,0,0,0,0,0,0,0,0,0,0,0,0,0,0,0,391675.35,0,0,391675.35,0,0,391675.35,0,0,391675.35,0,0,399811.04,0,0,399811.04,0,0,391675.35,0,0,399811.04,0,0,391675.35,0,0,391675.35,0,0,391675.35,0,0,391675.35,0,0,391675.35,0,0,391675.35,0,0,391675.35,0,0,391675.35,0,0,391675.35,0,0,391675.35,0,0,391675.35,0,0,391675.35,0,0,391675.35,0,0,391675.35,0,0,391675.35,0,0,391675.35,0,0,391675.35,0,0,391675.35,0,0,391675.35,0,0,391675.35,0,0,391675.35,0,0,391675.35,0,0,391675.35,0,0,391675.35,0,0,391675.35,0,0,391675.35,0,0,391675.35,0,0,391675.35,0,0,391675.35,0,0,391675.35,0,0,391675.35,0,0,391675.35,0,0,761222.16,0,0,391675.35,0,0,391675.35,0,0,391675.35,0,0,391675.35,0,0,391675.35,0,0,391675.35,0,0,391675.35
both_sexes,1,Pfizer,2021-06-14,COVCOPD,0,0,0,0,0,0,0,0,0,0,0,0,0,0,0,0,0,0,0,0,0,0,0,0,0,0,0,0,0,0,0,0,0,0,0,0,0,0,0,0,0,0,0,0,0,0,0,0,0,0,365139.08,0,0,365139.08,0,0,365139.08,0,0,365139.08,0,0,372199.78,0,0,372199.78,0,0,365139.08,0,0,372199.78,0,0,365139.08,0,0,365139.08,0,0,365139.08,0,0,365139.08,0,0,365139.08,0,0,365139.08,0,0,365139.08,0,0,365139.08,0,0,365139.08,0,0,365139.08,0,0,365139.08,0,0,365139.08,0,0,365139.08,0,0,365139.08,0,0,365139.08,0,0,365139.08,0,0,365139.08,0,0,365139.08,0,0,365139.08,0,0,365139.08,0,0,365139.08,0,0,365139.08,0,0,365139.08,0,0,365139.08,0,0,365139.08,0,0,365139.08,0,0,365139.08,0,0,365139.08,0,0,365139.08,0,0,365139.08,0,0,365139.08,0,0,365139.08,0,0,670329.96,0,0,365139.08,0,0,365139.08,0,0,365139.08,0,0,365139.08,0,0,365139.08,0,0,365139.08,0,0,365139.08
both_sexes,1,Pfizer,2021-06-21,COVCOPD,0,0,0,0,0,0,0,0,0,0,0,0,0,0,0,0,0,0,0,0,0,0,0,0,0,0,0,0,0,0,0,0,0,0,0,0,0,0,0,0,0,0,0,0,0,0,0,0,0,0,334333.31,0,0,334333.31,0,0,334333.31,0,0,334333.31,0,0,340243.24,0,0,340243.24,0,0,334333.31,0,0,340243.24,0,0,334333.31,0,0,334333.31,0,0,334333.31,0,0,334333.31,0,0,334333.31,0,0,334333.31,0,0,334333.31,0,0,334333.31,0,0,334333.31,0,0,334333.31,0,0,334333.31,0,0,334333.31,0,0,334333.31,0,0,334333.31,0,0,334333.31,0,0,334333.31,0,0,334333.31,0,0,334333.31,0,0,334333.31,0,0,334333.31,0,0,334333.31,0,0,334333.31,0,0,334333.31,0,0,334333.31,0,0,334333.31,0,0,334333.31,0,0,334333.31,0,0,334333.31,0,0,334333.31,0,0,334333.31,0,0,334333.31,0,0,334333.31,0,0,573346.05,0,0,334333.31,0,0,334333.31,0,0,334333.31,0,0,334333.31,0,0,334333.31,0,0,334333.31,0,0,334333.31
both_sexes,2,Pfizer,2021-06-28,COVCOPD,0,0,0,0,0,0,0,0,0,0,0,0,0,0,0,0,0,0,0,0,0,0,0,0,0,0,0,0,0,0,0,0,0,0,0,0,0,0,0,0,0,0,0,0,0,0,0,0,0,0,556761.66,0,0,556761.66,0,0,556761.66,0,0,609666.62,0,0,601501.44,0,0,626680.57,0,0,556761.66,0,0,578267.48,0,0,609666.62,0,0,609666.62,0,0,556761.66,0,0,556761.66,0,0,556761.66,0,0,556761.66,0,0,556761.66,0,0,556761.66,0,0,563750.3,0,0,570916.62,0,0,556761.66,0,0,556761.66,0,0,556761.66,0,0,556761.66,0,0,556761.66,0,0,556761.66,0,0,556761.66,0,0,556761.66,0,0,556761.66,0,0,563750.3,0,0,563750.3,0,0,556761.66,0,0,556761.66,0,0,556761.66,0,0,556761.66,0,0,570916.62,0,0,570916.62,0,0,556761.66,0,0,556761.66,0,0,556761.66,0,0,556761.66,0,0,556761.66,0,0,2406005.75,0,0,556761.66,0,0,556761.66,0,0,556761.66,0,0,556761.66,0,0,570916.62,0,0,570916.62,0,0,556761.66
both_sexes,1,Pfizer,2021-05-10,COVCOPD,0,0,0,0,0,0,0,0,0,0,0,0,0,0,0,0,0,0,0,0,0,0,0,0,0,0,0,0,0,0,0,0,0,0,0,0,0,0,0,0,0,0,0,0,0,0,0,0,0,0,836871.57,0,0,836871.57,0,0,836871.57,0,0,916573.62,0,0,836871.57,0,0,874911.18,0,0,836871.57,0,0,874911.18,0,0,836871.57,0,0,836871.57,0,0,836871.57,0,0,836871.57,0,0,836871.57,0,0,836871.57,0,0,836871.57,0,0,836871.57,0,0,836871.57,0,0,836871.57,0,0,836871.57,0,0,836871.57,0,0,836871.57,0,0,836871.57,0,0,836871.57,0,0,836871.57,0,0,836871.57,0,0,836871.57,0,0,836871.57,0,0,836871.57,0,0,836871.57,0,0,836871.57,0,0,836871.57,0,0,836871.57,0,0,836871.57,0,0,836871.57,0,0,836871.57,0,0,836871.57,0,0,836871.57,0,0,836871.57,0,0,836871.57,0,0,836871.57,0,0,1924804.6,0,0,836871.57,0,0,836871.57,0,0,836871.57,0,0,836871.57,0,0,836871.57,0,0,836871.57,0,0,836871.57
both_sexes,1,Pfizer,2021-06-28,COVCOPD,0,0,0,0,0,0,0,0,0,0,0,0,0,0,0,0,0,0,0,0,0,0,0,0,0,0,0,0,0,0,0,0,0,0,0,0,0,0,0,0,0,0,0,0,0,0,0,0,0,0,787931.71,0,0,787931.71,0,0,787931.71,0,0,787931.71,0,0,802001.92,0,0,802001.92,0,0,787931.71,0,0,802001.92,0,0,787931.71,0,0,787931.71,0,0,787931.71,0,0,787931.71,0,0,787931.71,0,0,787931.71,0,0,787931.71,0,0,787931.71,0,0,787931.71,0,0,787931.71,0,0,787931.71,0,0,787931.71,0,0,787931.71,0,0,787931.71,0,0,787931.71,0,0,787931.71,0,0,787931.71,0,0,787931.71,0,0,787931.71,0,0,787931.71,0,0,787931.71,0,0,787931.71,0,0,787931.71,0,0,787931.71,0,0,787931.71,0,0,787931.71,0,0,787931.71,0,0,787931.71,0,0,787931.71,0,0,787931.71,0,0,787931.71,0,0,787931.71,0,0,1347363.22,0,0,787931.71,0,0,787931.71,0,0,787931.71,0,0,787931.71,0,0,787931.71,0,0,787931.71,0,0,787931.71
both_sexes,2,Pfizer,2021-05-31,COVCOPD,0,0,0,0,0,0,0,0,0,0,0,0,0,0,0,0,0,0,0,0,0,0,0,0,0,0,0,0,0,0,0,0,0,0,0,0,0,1,0,0,0,0,0,0,0,0,0,0,0,0,264707.9,0,0,264707.9,0,0,264707.9,0,0,292905.05,0,0,288514.61,0,0,302099.38,0,0,264707.9,0,0,276099.02,0,0,292905.05,0,0,292905.05,0,0,264707.9,0,0,264707.9,0,0,264707.9,0,0,264707.9,0,0,264707.9,0,0,264707.9,0,0,271099.24,0,0,274972.09,0,0,264707.9,0,0,264707.9,0,0,264707.9,0,0,264707.9,0,0,264707.9,0,0,264707.9,0,0,264707.9,0,0,264707.9,0,0,264707.9,0,0,268399.05,0,0,268399.05,0,0,264707.9,0,0,264707.9,0,0,264707.9,0,0,264707.9,0,0,272194.59,0,0,272194.59,0,0,264707.9,0,0,264707.9,0,0,264707.9,0,0,264707.9,0,0,264707.9,388563.83,9837.58,2164939.09,0,0,264707.9,0,0,264707.9,0,0,264707.9,0,0,264707.9,0,0,272194.59,0,0,272194.59,0,0,264707.9
both_sexes,2,Pfizer,2021-06-07,COVCOPD,0,0,0,0,0,0,0,0,0,0,0,0,0,0,0,0,0,0,0,0,0,0,0,0,0,0,0,0,0,0,0,0,0,0,0,0,0,0,0,0,0,0,0,0,0,0,0,0,0,0,263156.88,0,0,263156.88,0,0,263156.88,0,0,291007.18,0,0,286673.03,0,0,300080.9,0,0,263156.88,0,0,274412.06,0,0,291007.18,0,0,291007.18,0,0,263156.88,0,0,263156.88,0,0,263156.88,0,0,263156.88,0,0,263156.88,0,0,263156.88,0,0,266804.6,0,0,270554.86,0,0,263156.88,0,0,263156.88,0,0,263156.88,0,0,263156.88,0,0,263156.88,0,0,263156.88,0,0,263156.88,0,0,263156.88,0,0,263156.88,0,0,266804.6,0,0,266804.6,0,0,263156.88,0,0,263156.88,0,0,263156.88,0,0,263156.88,0,0,270554.86,0,0,270554.86,0,0,263156.88,0,0,263156.88,0,0,263156.88,0,0,263156.88,0,0,263156.88,0,0,1374860.43,0,0,263156.88,0,0,263156.88,0,0,263156.88,0,0,263156.88,0,0,270554.86,0,0,270554.86,0,0,263156.88
both_sexes,2,Pfizer,2021-06-14,COVCOPD,0,0,0,0,0,0,0,0,0,0,0,0,0,0,0,0,0,0,0,0,0,0,0,0,0,0,0,0,0,0,0,0,0,0,0,0,0,0,0,0,0,0,0,0,0,0,0,0,0,0,258115.56,0,0,258115.56,0,0,258115.56,0,0,284854.8,0,0,280700.67,0,0,293543.19,0,0,258115.56,0,0,268934.77,0,0,284854.8,0,0,284854.8,0,0,258115.56,0,0,258115.56,0,0,258115.56,0,0,258115.56,0,0,258115.56,0,0,258115.56,0,0,261623.93,0,0,265228.98,0,0,258115.56,0,0,258115.56,0,0,258115.56,0,0,258115.56,0,0,258115.56,0,0,258115.56,0,0,258115.56,0,0,258115.56,0,0,258115.56,0,0,261623.93,0,0,261623.93,0,0,258115.56,0,0,258115.56,0,0,258115.56,0,0,258115.56,0,0,265228.98,0,0,265228.98,0,0,258115.56,0,0,258115.56,0,0,258115.56,0,0,258115.56,0,0,258115.56,0,0,1320944.33,0,0,258115.56,0,0,258115.56,0,0,258115.56,0,0,258115.56,0,0,265228.98,0,0,265228.98,0,0,258115.56
both_sexes,2,Pfizer,2021-06-21,COVCOPD,0,0,0,0,0,0,0,0,0,0,0,0,0,0,0,0,0,0,0,0,0,0,0,0,0,0,0,0,0,0,0,0,0,0,0,0,0,0,0,0,0,0,0,0,0,0,0,0,0,0,251373.74,0,0,251373.74,0,0,251373.74,0,0,276665.96,0,0,272745.59,0,0,284854.8,0,0,251373.74,0,0,261623.93,0,0,276665.96,0,0,276665.96,0,0,251373.74,0,0,251373.74,0,0,251373.74,0,0,251373.74,0,0,251373.74,0,0,251373.74,0,0,254700.04,0,0,258115.56,0,0,251373.74,0,0,251373.74,0,0,251373.74,0,0,251373.74,0,0,251373.74,0,0,251373.74,0,0,251373.74,0,0,251373.74,0,0,251373.74,0,0,254700.04,0,0,254700.04,0,0,251373.74,0,0,251373.74,0,0,251373.74,0,0,251373.74,0,0,258115.56,0,0,258115.56,0,0,251373.74,0,0,251373.74,0,0,251373.74,0,0,251373.74,0,0,251373.74,0,0,1247558.54,0,0,251373.74,0,0,251373.74,0,0,251373.74,0,0,251373.74,0,0,258115.56,0,0,258115.56,0,0,251373.74
both_sexes,1,AstraZeneca,2021-05-10,COVCOPD,0,0,0,0,0,0,0,0,0,0,0,0,0,0,0,0,0,0,0,0,0,0,0,0,0,0,0,0,0,0,0,0,0,0,0,0,0,1,0,0,0,0,0,0,0,0,0,0,0,0,549944.17,0,0,583274.12,0,0,549944.17,0,0,549944.17,0,0,549944.17,0,0,549944.17,0,0,549944.17,0,0,583274.12,0,0,583274.12,0,0,583274.12,0,0,549944.17,0,0,549944.17,0,0,549944.17,0,0,549944.17,0,0,549944.17,0,0,549944.17,0,0,549944.17,0,0,549944.17,0,0,549944.17,0,0,549944.17,0,0,549944.17,0,0,549944.17,0,0,549944.17,0,0,549944.17,0,0,549944.17,0,0,549944.17,0,0,549944.17,0,0,549944.17,0,0,549944.17,0,0,549944.17,0,0,549944.17,0,0,549944.17,0,0,549944.17,0,0,549944.17,0,0,549944.17,0,0,549944.17,0,0,549944.17,0,0,549944.17,0,0,549944.17,0,0,549944.17,392741.94,9943.36,2188218.01,0,0,549944.17,0,0,549944.17,0,0,549944.17,0,0,549944.17,0,0,549944.17,0,0,549944.17,0,0,549944.17
both_sexes,1,AstraZeneca,2021-05-17,COVCOPD,0,0,0,0,0,0,0,0,0,0,0,0,0,0,0,0,0,0,0,0,0,0,0,0,0,0,0,0,0,0,0,0,0,0,0,0,0,0,0,0,0,0,0,0,0,0,0,0,0,0,522233.81,0,0,552198.04,0,0,522233.81,0,0,522233.81,0,0,522233.81,0,0,522233.81,0,0,522233.81,0,0,552198.04,0,0,552198.04,0,0,552198.04,0,0,522233.81,0,0,522233.81,0,0,522233.81,0,0,522233.81,0,0,522233.81,0,0,522233.81,0,0,522233.81,0,0,522233.81,0,0,522233.81,0,0,522233.81,0,0,522233.81,0,0,522233.81,0,0,522233.81,0,0,522233.81,0,0,522233.81,0,0,522233.81,0,0,522233.81,0,0,522233.81,0,0,522233.81,0,0,522233.81,0,0,522233.81,0,0,522233.81,0,0,522233.81,0,0,522233.81,0,0,522233.81,0,0,522233.81,0,0,522233.81,0,0,522233.81,0,0,522233.81,0,0,522233.81,0,0,1389034.25,0,0,522233.81,0,0,522233.81,0,0,522233.81,0,0,522233.81,0,0,522233.81,0,0,522233.81,0,0,522233.81
both_sexes,1,AstraZeneca,2021-05-24,COVCOPD,0,0,0,0,0,0,0,0,0,0,0,0,0,0,0,0,0,0,0,0,0,0,0,0,0,0,0,0,0,0,0,0,0,0,0,0,0,0,0,0,0,0,0,0,0,0,0,0,0,0,499023.42,0,0,526313.76,0,0,499023.42,0,0,499023.42,0,0,499023.42,0,0,499023.42,0,0,499023.42,0,0,526313.76,0,0,526313.76,0,0,526313.76,0,0,499023.42,0,0,499023.42,0,0,499023.42,0,0,499023.42,0,0,499023.42,0,0,499023.42,0,0,499023.42,0,0,499023.42,0,0,499023.42,0,0,499023.42,0,0,499023.42,0,0,499023.42,0,0,499023.42,0,0,499023.42,0,0,499023.42,0,0,499023.42,0,0,499023.42,0,0,499023.42,0,0,499023.42,0,0,499023.42,0,0,499023.42,0,0,499023.42,0,0,499023.42,0,0,499023.42,0,0,499023.42,0,0,499023.42,0,0,499023.42,0,0,499023.42,0,0,499023.42,0,0,499023.42,0,0,1295541.56,0,0,499023.42,0,0,499023.42,0,0,499023.42,0,0,499023.42,0,0,499023.42,0,0,499023.42,0,0,499023.42
both_sexes,1,AstraZeneca,2021-05-31,COVCOPD,0,0,0,0,0,0,0,0,0,0,0,0,0,0,0,0,0,0,0,0,0,0,0,0,0,0,0,0,0,0,0,0,0,0,0,0,0,0,0,0,0,0,0,0,0,0,0,0,0,0,481201.15,0,0,506527.53,0,0,481201.15,0,0,481201.15,0,0,481201.15,0,0,481201.15,0,0,481201.15,0,0,506527.53,0,0,506527.53,0,0,506527.53,0,0,481201.15,0,0,481201.15,0,0,481201.15,0,0,481201.15,0,0,481201.15,0,0,481201.15,0,0,481201.15,0,0,481201.15,0,0,481201.15,0,0,481201.15,0,0,481201.15,0,0,481201.15,0,0,481201.15,0,0,481201.15,0,0,481201.15,0,0,481201.15,0,0,481201.15,0,0,481201.15,0,0,481201.15,0,0,481201.15,0,0,481201.15,0,0,481201.15,0,0,481201.15,0,0,481201.15,0,0,481201.15,0,0,481201.15,0,0,481201.15,0,0,481201.15,0,0,481201.15,0,0,481201.15,0,0,1203002.88,0,0,481201.15,0,0,481201.15,0,0,481201.15,0,0,481201.15,0,0,481201.15,0,0,481201.15,0,0,481201.15
both_sexes,1,AstraZeneca,2021-06-07,COVCOPD,0,0,0,0,0,0,0,0,0,0,0,0,0,0,0,0,0,0,0,0,0,0,0,0,0,0,0,0,0,0,0,0,0,0,0,0,0,0,0,0,0,0,0,0,0,0,0,0,0,0,481201.15,0,0,506527.53,0,0,481201.15,0,0,481201.15,0,0,481201.15,0,0,481201.15,0,0,481201.15,0,0,506527.53,0,0,506527.53,0,0,506527.53,0,0,481201.15,0,0,481201.15,0,0,481201.15,0,0,481201.15,0,0,481201.15,0,0,481201.15,0,0,481201.15,0,0,481201.15,0,0,481201.15,0,0,481201.15,0,0,481201.15,0,0,481201.15,0,0,481201.15,0,0,481201.15,0,0,481201.15,0,0,481201.15,0,0,481201.15,0,0,481201.15,0,0,481201.15,0,0,481201.15,0,0,481201.15,0,0,481201.15,0,0,481201.15,0,0,481201.15,0,0,481201.15,0,0,481201.15,0,0,481201.15,0,0,481201.15,0,0,481201.15,0,0,481201.15,0,0,1203002.88,0,0,481201.15,0,0,481201.15,0,0,481201.15,0,0,481201.15,0,0,481201.15,0,0,481201.15,0,0,481201.15
both_sexes,1,AstraZeneca,2021-06-14,COVCOPD,0,0,0,0,0,0,0,0,0,0,0,0,0,0,0,0,0,0,0,0,0,0,0,0,0,0,0,0,0,0,0,0,0,0,0,0,0,0,0,0,0,0,0,0,0,0,0,0,0,0,500878.52,0,0,528377.73,0,0,500878.52,0,0,500878.52,0,0,500878.52,0,0,500878.52,0,0,500878.52,0,0,518216.62,0,0,518216.62,0,0,518216.62,0,0,500878.52,0,0,500878.52,0,0,500878.52,0,0,500878.52,0,0,500878.52,0,0,500878.52,0,0,500878.52,0,0,500878.52,0,0,500878.52,0,0,500878.52,0,0,500878.52,0,0,500878.52,0,0,500878.52,0,0,500878.52,0,0,500878.52,0,0,500878.52,0,0,500878.52,0,0,500878.52,0,0,500878.52,0,0,500878.52,0,0,500878.52,0,0,500878.52,0,0,500878.52,0,0,500878.52,0,0,500878.52,0,0,500878.52,0,0,500878.52,0,0,500878.52,0,0,500878.52,0,0,500878.52,0,0,1213840.74,0,0,500878.52,0,0,500878.52,0,0,500878.52,0,0,500878.52,0,0,500878.52,0,0,500878.52,0,0,500878.52
both_sexes,1,AstraZeneca,2021-06-21,COVCOPD,0,0,0,0,0,0,0,0,0,0,0,0,0,0,0,0,0,0,0,0,0,0,0,0,0,0,0,0,0,0,0,0,0,0,0,0,0,0,0,0,0,0,0,0,0,0,0,0,0,0,626680.57,0,0,654059.82,0,0,626680.57,0,0,626680.57,0,0,626680.57,0,0,626680.57,0,0,626680.57,0,0,647770.78,0,0,647770.78,0,0,647770.78,0,0,626680.57,0,0,626680.57,0,0,626680.57,0,0,626680.57,0,0,626680.57,0,0,626680.57,0,0,626680.57,0,0,626680.57,0,0,626680.57,0,0,626680.57,0,0,626680.57,0,0,626680.57,0,0,626680.57,0,0,626680.57,0,0,626680.57,0,0,626680.57,0,0,626680.57,0,0,626680.57,0,0,626680.57,0,0,626680.57,0,0,626680.57,0,0,626680.57,0,0,626680.57,0,0,626680.57,0,0,626680.57,0,0,626680.57,0,0,626680.57,0,0,626680.57,0,0,626680.57,0,0,626680.57,0,0,1433365.13,0,0,626680.57,0,0,626680.57,0,0,626680.57,0,0,626680.57,0,0,626680.57,0,0,626680.57,0,0,626680.57
both_sexes,1,AstraZeneca,2021-06-28,COVCOPD,0,0,0,0,0,0,0,0,0,0,0,0,0,0,0,0,0,0,0,0,0,0,0,0,0,0,0,0,0,0,0,0,0,0,0,0,0,0,0,0,0,0,0,0,0,0,0,0,0,0,1845703.04,0,0,1924804.6,0,0,1845703.04,0,0,1845703.04,0,0,1845703.04,0,0,1845703.04,0,0,1845703.04,0,0,1897694.68,0,0,1924804.6,0,0,1924804.6,0,0,1845703.04,0,0,1845703.04,0,0,1845703.04,0,0,1845703.04,0,0,1845703.04,0,0,1845703.04,0,0,1845703.04,0,0,1845703.04,0,0,1845703.04,0,0,1845703.04,0,0,1845703.04,0,0,1845703.04,0,0,1845703.04,0,0,1845703.04,0,0,1845703.04,0,0,1845703.04,0,0,1845703.04,0,0,1845703.04,0,0,1845703.04,0,0,1845703.04,0,0,1845703.04,0,0,1845703.04,0,0,1845703.04,0,0,1845703.04,0,0,1845703.04,0,0,1845703.04,0,0,1845703.04,0,0,1845703.04,0,0,1845703.04,0,0,1845703.04,0,0,3742675.61,0,0,1845703.04,0,0,1845703.04,0,0,1845703.04,0,0,1845703.04,0,0,1845703.04,0,0,1845703.04,0,0,1845703.04
both_sexes,1,AstraZeneca,2021-03-01,COVCOPD,0,0,0,0,0,0,0,0,0,0,0,0,0,0,0,0,0,0,0,0,0,0,0,0,0,0,0,0,0,0,0,0,0,0,0,0,0,0,0,0,0,0,0,0,0,0,0,0,0,0,33684080.52,0,0,33684080.52,0,0,33684080.52,0,0,33684080.52,0,0,33684080.52,0,0,33684080.52,0,0,33684080.52,0,0,33684080.52,0,0,33684080.52,0,0,33684080.52,0,0,33684080.52,0,0,33684080.52,0,0,33684080.52,0,0,33684080.52,0,0,33684080.52,0,0,33684080.52,0,0,33684080.52,0,0,33684080.52,0,0,33684080.52,0,0,33684080.52,0,0,33684080.52,0,0,33684080.52,0,0,33684080.52,0,0,33684080.52,0,0,33684080.52,0,0,33684080.52,0,0,33684080.52,0,0,33684080.52,0,0,33684080.52,0,0,33684080.52,0,0,33684080.52,0,0,33684080.52,0,0,33684080.52,0,0,33684080.52,0,0,33684080.52,0,0,33684080.52,0,0,33684080.52,0,0,33684080.52,0,0,33684080.52,0,0,33684080.52,0,0,33684080.52,0,0,33684080.52,0,0,33684080.52,0,0,33684080.52,0,0,33684080.52,0,0,33684080.52,0,0,33684080.52,0,0,33684080.52
both_sexes,1,AstraZeneca,2021-03-08,COVCOPD,0,0,0,0,0,0,0,0,0,0,0,0,0,0,0,0,0,0,0,0,0,0,0,0,0,0,0,0,0,0,0,0,0,0,0,0,0,0,0,0,0,0,0,0,0,0,0,0,0,0,9624023,0,0,9624023,0,0,9624023,0,0,9624023,0,0,9624023,0,0,9624023,0,0,9624023,0,0,9624023,0,0,9624023,0,0,9624023,0,0,9624023,0,0,9624023,0,0,9624023,0,0,9624023,0,0,9624023,0,0,9624023,0,0,9624023,0,0,9624023,0,0,9624023,0,0,9624023,0,0,9624023,0,0,9624023,0,0,9624023,0,0,9624023,0,0,9624023,0,0,9624023,0,0,9624023,0,0,9624023,0,0,9624023,0,0,9624023,0,0,9624023,0,0,9624023,0,0,9624023,0,0,9624023,0,0,9624023,0,0,9624023,0,0,9624023,0,0,9624023,0,0,9624023,0,0,9624023,0,0,9624023,0,0,9624023,0,0,9624023,0,0,9624023,0,0,9624023,0,0,9624023,0,0,9624023,0,0,9624023
both_sexes,1,AstraZeneca,2021-03-15,COVCOPD,0,0,0,0,0,0,0,0,0,0,0,0,0,0,0,0,0,0,0,0,0,0,0,0,0,0,0,0,0,0,0,0,0,0,0,0,0,0,0,0,0,0,0,0,0,0,0,0,0,0,9624023,0,0,9624023,0,0,9624023,0,0,9624023,0,0,9624023,0,0,9624023,0,0,9624023,0,0,9624023,0,0,9624023,0,0,9624023,0,0,9624023,0,0,9624023,0,0,9624023,0,0,9624023,0,0,9624023,0,0,9624023,0,0,9624023,0,0,9624023,0,0,9624023,0,0,9624023,0,0,9624023,0,0,9624023,0,0,9624023,0,0,9624023,0,0,9624023,0,0,9624023,0,0,9624023,0,0,9624023,0,0,9624023,0,0,9624023,0,0,9624023,0,0,9624023,0,0,9624023,0,0,9624023,0,0,9624023,0,0,9624023,0,0,9624023,0,0,9624023,0,0,9624023,0,0,9624023,0,0,9624023,0,0,9624023,0,0,9624023,0,0,9624023,0,0,9624023,0,0,9624023,0,0,9624023,0,0,9624023
both_sexes,1,AstraZeneca,2021-03-22,COVCOPD,0,0,0,0,0,0,0,0,0,0,0,0,0,0,0,0,0,0,0,0,0,0,0,0,0,0,0,0,0,0,0,0,0,0,0,0,0,0,0,0,0,0,0,0,0,0,0,0,0,0,4990234.15,0,0,4990234.15,0,0,4990234.15,0,0,4990234.15,0,0,4990234.15,0,0,4990234.15,0,0,4990234.15,0,0,6416015.34,0,0,6416015.34,0,0,6416015.34,0,0,4990234.15,0,0,4990234.15,0,0,4990234.15,0,0,4990234.15,0,0,4990234.15,0,0,4990234.15,0,0,4990234.15,0,0,4990234.15,0,0,4990234.15,0,0,4990234.15,0,0,4990234.15,0,0,4990234.15,0,0,4990234.15,0,0,4990234.15,0,0,4990234.15,0,0,4990234.15,0,0,4990234.15,0,0,4990234.15,0,0,4990234.15,0,0,4990234.15,0,0,4990234.15,0,0,4990234.15,0,0,4990234.15,0,0,4990234.15,0,0,4990234.15,0,0,4990234.15,0,0,4990234.15,0,0,4990234.15,0,0,4990234.15,0,0,4990234.15,0,0,7925666,0,0,4990234.15,0,0,4990234.15,0,0,4990234.15,0,0,4990234.15,0,0,4990234.15,0,0,4990234.15,0,0,4990234.15
both_sexes,1,AstraZeneca,2021-03-29,COVCOPD,0,0,0,0,0,0,0,0,0,0,0,0,0,0,0,0,0,0,0,0,0,0,0,0,0,0,0,0,0,0,0,0,0,0,0,0,0,0,0,0,0,0,0,0,0,0,0,0,0,0,1513891.26,0,0,1531094.57,0,0,1513891.26,0,0,1513891.26,0,0,1513891.26,0,0,1513891.26,0,0,1513891.26,0,0,1643125.88,0,0,1663411.38,0,0,1663411.38,0,0,1513891.26,0,0,1513891.26,0,0,1513891.26,0,0,1513891.26,0,0,1513891.26,0,0,1513891.26,0,0,1513891.26,0,0,1513891.26,0,0,1513891.26,0,0,1513891.26,0,0,1513891.26,0,0,1513891.26,0,0,1513891.26,0,0,1513891.26,0,0,1513891.26,0,0,1513891.26,0,0,1513891.26,0,0,1513891.26,0,0,1513891.26,0,0,1513891.26,0,0,1513891.26,0,0,1513891.26,0,0,1513891.26,0,0,1513891.26,0,0,1513891.26,0,0,1513891.26,0,0,1513891.26,0,0,1513891.26,0,0,1513891.26,0,0,1513891.26,0,0,3742675.61,0,0,1513891.26,0,0,1513891.26,0,0,1513891.26,0,0,1513891.26,0,0,1513891.26,0,0,1513891.26,0,0,1513891.26
both_sexes,1,AstraZeneca,2021-04-05,COVCOPD,0,1,0,0,0,0,0,0,0,0,0,0,0,0,0,0,0,0,0,0,0,0,0,0,0,0,0,0,0,0,0,0,0,0,0,0,0,0,0,0,0,0,0,0,0,0,0,0,0,0,886423.17,257218.31,6512.2,1433128.7,0,0,886423.17,0,0,886423.17,0,0,886423.17,0,0,886423.17,0,0,886423.17,0,0,935668.9,0,0,976350.16,0,0,976350.16,0,0,886423.17,0,0,886423.17,0,0,886423.17,0,0,886423.17,0,0,886423.17,0,0,886423.17,0,0,886423.17,0,0,886423.17,0,0,886423.17,0,0,886423.17,0,0,886423.17,0,0,886423.17,0,0,886423.17,0,0,886423.17,0,0,886423.17,0,0,886423.17,0,0,886423.17,0,0,886423.17,0,0,886423.17,0,0,886423.17,0,0,886423.17,0,0,886423.17,0,0,886423.17,0,0,886423.17,0,0,886423.17,0,0,886423.17,0,0,886423.17,0,0,886423.17,0,0,886423.17,0,0,886423.17,0,0,2542194.76,0,0,886423.17,0,0,886423.17,0,0,886423.17,0,0,886423.17,0,0,886423.17,0,0,886423.17,0,0,886423.17
both_sexes,1,AstraZeneca,2021-04-12,COVCOPD,0,0,0,0,0,0,0,0,0,0,0,0,0,0,0,0,0,0,0,0,0,0,0,0,0,0,0,0,0,0,0,0,0,0,0,0,0,0,0,0,0,0,0,0,0,0,0,0,0,0,778822.67,0,0,847398.25,0,0,778822.67,0,0,778822.67,0,0,778822.67,0,0,778822.67,0,0,778822.67,0,0,847398.25,0,0,847398.25,0,0,847398.25,0,0,778822.67,0,0,778822.67,0,0,778822.67,0,0,778822.67,0,0,778822.67,0,0,778822.67,0,0,778822.67,0,0,778822.67,0,0,778822.67,0,0,778822.67,0,0,778822.67,0,0,778822.67,0,0,778822.67,0,0,778822.67,0,0,778822.67,0,0,778822.67,0,0,778822.67,0,0,778822.67,0,0,778822.67,0,0,778822.67,0,0,778822.67,0,0,778822.67,0,0,778822.67,0,0,778822.67,0,0,778822.67,0,0,778822.67,0,0,778822.67,0,0,778822.67,0,0,778822.67,0,0,778822.67,0,0,1981416.5,0,0,778822.67,0,0,778822.67,0,0,778822.67,0,0,778822.67,0,0,778822.67,0,0,778822.67,0,0,778822.67
both_sexes,1,AstraZeneca,2021-04-19,COVCOPD,0,0,0,0,0,0,0,0,0,0,0,0,0,0,0,0,0,0,0,0,0,0,0,0,0,0,0,0,0,0,0,0,0,0,0,0,0,0,0,0,0,0,0,0,0,0,0,0,0,0,740309.46,0,0,802001.92,0,0,740309.46,0,0,740309.46,0,0,740309.46,0,0,740309.46,0,0,740309.46,0,0,802001.92,0,0,802001.92,0,0,802001.92,0,0,740309.46,0,0,740309.46,0,0,740309.46,0,0,740309.46,0,0,740309.46,0,0,740309.46,0,0,740309.46,0,0,740309.46,0,0,740309.46,0,0,740309.46,0,0,740309.46,0,0,740309.46,0,0,740309.46,0,0,740309.46,0,0,740309.46,0,0,740309.46,0,0,740309.46,0,0,740309.46,0,0,740309.46,0,0,740309.46,0,0,740309.46,0,0,740309.46,0,0,740309.46,0,0,740309.46,0,0,740309.46,0,0,740309.46,0,0,740309.46,0,0,740309.46,0,0,740309.46,0,0,740309.46,0,0,1924804.6,0,0,740309.46,0,0,740309.46,0,0,740309.46,0,0,740309.46,0,0,740309.46,0,0,740309.46,0,0,740309.46
both_sexes,1,AstraZeneca,2021-04-26,COVCOPD,0,0,0,0,0,0,0,0,0,0,0,0,0,0,0,0,0,0,0,0,0,0,0,0,0,0,0,0,0,0,0,0,0,0,0,0,0,1,0,0,0,0,0,0,0,0,0,0,0,0,687430.21,0,0,740309.46,0,0,687430.21,0,0,687430.21,0,0,687430.21,0,0,687430.21,0,0,687430.21,0,0,740309.46,0,0,740309.46,0,0,740309.46,0,0,687430.21,0,0,687430.21,0,0,687430.21,0,0,687430.21,0,0,687430.21,0,0,687430.21,0,0,687430.21,0,0,687430.21,0,0,687430.21,0,0,687430.21,0,0,687430.21,0,0,687430.21,0,0,687430.21,0,0,687430.21,0,0,687430.21,0,0,687430.21,0,0,687430.21,0,0,687430.21,0,0,687430.21,0,0,687430.21,0,0,687430.21,0,0,687430.21,0,0,687430.21,0,0,687430.21,0,0,687430.21,0,0,687430.21,0,0,687430.21,0,0,687430.21,0,0,687430.21,0,0,687430.21,521785.71,13210.47,2907203.93,0,0,687430.21,0,0,687430.21,0,0,687430.21,0,0,687430.21,0,0,687430.21,0,0,687430.21,0,0,687430.21
both_sexes,1,AstraZeneca,2021-05-03,COVCOPD,0,0,0,0,0,0,0,0,0,0,0,0,0,0,0,0,0,0,0,0,0,0,0,0,0,0,0,0,0,0,0,0,0,0,0,0,0,0,0,0,0,0,0,0,0,0,0,0,0,0,583274.12,0,0,620904.71,0,0,583274.12,0,0,583274.12,0,0,583274.12,0,0,583274.12,0,0,583274.12,0,0,620904.71,0,0,620904.71,0,0,620904.71,0,0,583274.12,0,0,583274.12,0,0,583274.12,0,0,583274.12,0,0,583274.12,0,0,583274.12,0,0,583274.12,0,0,583274.12,0,0,583274.12,0,0,583274.12,0,0,583274.12,0,0,583274.12,0,0,583274.12,0,0,583274.12,0,0,583274.12,0,0,583274.12,0,0,583274.12,0,0,583274.12,0,0,583274.12,0,0,583274.12,0,0,583274.12,0,0,583274.12,0,0,583274.12,0,0,583274.12,0,0,583274.12,0,0,583274.12,0,0,583274.12,0,0,583274.12,0,0,583274.12,0,0,583274.12,0,0,1604003.83,0,0,583274.12,0,0,583274.12,0,0,583274.12,0,0,583274.12,0,0,583274.12,0,0,583274.12,0,0,583274.12
both_sexes,1,J&J,2021-05-31,COVCOPD,0,0,0,0,0,0,0,0,0,0,0,0,0,0,0,0,0,0,0,0,0,0,0,0,0,0,0,0,0,0,0,0,0,0,0,0,0,0,0,0,0,0,0,0,0,0,0,0,0,0,7485351.23,0,0,7485351.23,0,0,7485351.23,0,0,7485351.23,0,0,7485351.23,0,0,7485351.23,0,0,7485351.23,0,0,7485351.23,0,0,7485351.23,0,0,7485351.23,0,0,7485351.23,0,0,7485351.23,0,0,7485351.23,0,0,7485351.23,0,0,7485351.23,0,0,7485351.23,0,0,7485351.23,0,0,7485351.23,0,0,7485351.23,0,0,7485351.23,0,0,7485351.23,0,0,7485351.23,0,0,7485351.23,0,0,7485351.23,0,0,7485351.23,0,0,7485351.23,0,0,7485351.23,0,0,7485351.23,0,0,7485351.23,0,0,7485351.23,0,0,7485351.23,0,0,7485351.23,0,0,7485351.23,0,0,7485351.23,0,0,7485351.23,0,0,7485351.23,0,0,7485351.23,0,0,7485351.23,0,0,7485351.23,0,0,7485351.23,0,0,7485351.23,0,0,7485351.23,0,0,7485351.23,0,0,7485351.23,0,0,7485351.23,0,0,7485351.23,0,0,7485351.23,0,0,7485351.23
both_sexes,1,J&J,2021-06-07,COVCOPD,0,0,0,0,0,0,0,0,0,0,0,0,0,0,0,0,0,0,0,0,0,0,0,0,0,0,0,0,0,0,0,0,0,0,0,0,0,0,0,0,0,0,0,0,0,0,0,0,0,0,6124378.28,0,0,6124378.28,0,0,6124378.28,0,0,6124378.28,0,0,6124378.28,0,0,6124378.28,0,0,6124378.28,0,0,6124378.28,0,0,6124378.28,0,0,6124378.28,0,0,6124378.28,0,0,6124378.28,0,0,6124378.28,0,0,6124378.28,0,0,6124378.28,0,0,6124378.28,0,0,6124378.28,0,0,6124378.28,0,0,6124378.28,0,0,6124378.28,0,0,6124378.28,0,0,6124378.28,0,0,6124378.28,0,0,6124378.28,0,0,6124378.28,0,0,6124378.28,0,0,6124378.28,0,0,6124378.28,0,0,6124378.28,0,0,6124378.28,0,0,6124378.28,0,0,6124378.28,0,0,6124378.28,0,0,6124378.28,0,0,6124378.28,0,0,6124378.28,0,0,6124378.28,0,0,6124378.28,0,0,6124378.28,0,0,6124378.28,0,0,6124378.28,0,0,6124378.28,0,0,6124378.28,0,0,6124378.28,0,0,6124378.28,0,0,6124378.28,0,0,6124378.28,0,0,6124378.28
both_sexes,1,J&J,2021-06-14,COVCOPD,0,0,0,0,0,0,0,0,0,0,0,0,0,0,0,0,0,0,0,0,0,0,0,0,0,0,0,0,0,0,0,0,0,0,0,0,0,0,0,0,0,0,0,0,0,0,0,0,0,0,4812011.5,0,0,4812011.5,0,0,4812011.5,0,0,4812011.5,0,0,4812011.5,0,0,4812011.5,0,0,4812011.5,0,0,4812011.5,0,0,4812011.5,0,0,4812011.5,0,0,4812011.5,0,0,4812011.5,0,0,4812011.5,0,0,4812011.5,0,0,4812011.5,0,0,4812011.5,0,0,4812011.5,0,0,4812011.5,0,0,4812011.5,0,0,4812011.5,0,0,4812011.5,0,0,4812011.5,0,0,4812011.5,0,0,4812011.5,0,0,4812011.5,0,0,4812011.5,0,0,4812011.5,0,0,4812011.5,0,0,4812011.5,0,0,4812011.5,0,0,4812011.5,0,0,4812011.5,0,0,4812011.5,0,0,4812011.5,0,0,4812011.5,0,0,4812011.5,0,0,4812011.5,0,0,4812011.5,0,0,4812011.5,0,0,4812011.5,0,0,4812011.5,0,0,4812011.5,0,0,4812011.5,0,0,4812011.5,0,0,4812011.5,0,0,4812011.5,0,0,4812011.5,0,0,4812011.5
both_sexes,1,J&J,2021-06-21,COVCOPD,0,0,0,0,0,0,0,0,0,0,0,0,0,0,0,0,0,0,0,0,0,0,0,0,0,0,0,0,0,0,0,0,0,0,0,0,0,0,0,0,0,0,0,0,0,0,0,0,0,0,4346332.97,0,0,4346332.97,0,0,4346332.97,0,0,4346332.97,0,0,4346332.97,0,0,4346332.97,0,0,4346332.97,0,0,4346332.97,0,0,4346332.97,0,0,4346332.97,0,0,4346332.97,0,0,4346332.97,0,0,4346332.97,0,0,4346332.97,0,0,4346332.97,0,0,4346332.97,0,0,4346332.97,0,0,4346332.97,0,0,4346332.97,0,0,4346332.97,0,0,4346332.97,0,0,4346332.97,0,0,4346332.97,0,0,4346332.97,0,0,4346332.97,0,0,4346332.97,0,0,4346332.97,0,0,4346332.97,0,0,4346332.97,0,0,4346332.97,0,0,4346332.97,0,0,4346332.97,0,0,4346332.97,0,0,4346332.97,0,0,4346332.97,0,0,4346332.97,0,0,4346332.97,0,0,4346332.97,0,0,4346332.97,0,0,4346332.97,0,0,4346332.97,0,0,4346332.97,0,0,4346332.97,0,0,4346332.97,0,0,4346332.97,0,0,4346332.97,0,0,4346332.97,0,0,4346332.97
both_sexes,1,J&J,2021-06-28,COVCOPD,0,0,0,0,0,0,0,0,0,0,0,0,0,0,0,0,0,0,0,0,0,0,0,0,0,0,0,0,0,0,0,0,0,0,0,0,0,0,0,0,0,0,0,0,0,0,0,0,0,0,8982421.47,0,0,8982421.47,0,0,8982421.47,0,0,8982421.47,0,0,8982421.47,0,0,8982421.47,0,0,8982421.47,0,0,8982421.47,0,0,8982421.47,0,0,8982421.47,0,0,8982421.47,0,0,8982421.47,0,0,8982421.47,0,0,8982421.47,0,0,8982421.47,0,0,8982421.47,0,0,8982421.47,0,0,8982421.47,0,0,8982421.47,0,0,8982421.47,0,0,8982421.47,0,0,8982421.47,0,0,8982421.47,0,0,8982421.47,0,0,8982421.47,0,0,8982421.47,0,0,8982421.47,0,0,8982421.47,0,0,8982421.47,0,0,8982421.47,0,0,8982421.47,0,0,8982421.47,0,0,8982421.47,0,0,8982421.47,0,0,8982421.47,0,0,8982421.47,0,0,8982421.47,0,0,8982421.47,0,0,8982421.47,0,0,8982421.47,0,0,8982421.47,0,0,8982421.47,0,0,8982421.47,0,0,8982421.47,0,0,8982421.47,0,0,8982421.47,0,0,8982421.47,0,0,8982421.47
both_sexes,1,Moderna,2021-04-12,COVCOPD,0,0,0,0,0,0,0,0,0,0,0,0,0,0,0,0,0,0,0,0,0,0,0,0,0,0,0,0,0,0,0,0,0,0,0,0,0,0,0,0,0,0,0,0,0,0,0,0,0,0,1897694.68,0,0,1897694.68,0,0,1897694.68,0,0,2105255.03,0,0,2105255.03,0,0,2363795.12,0,0,1897694.68,0,0,1897694.68,0,0,2105255.03,0,0,2105255.03,0,0,1897694.68,0,0,1897694.68,0,0,1897694.68,0,0,1897694.68,0,0,1897694.68,0,0,1897694.68,0,0,1897694.68,0,0,1897694.68,0,0,1897694.68,0,0,1897694.68,0,0,1897694.68,0,0,1897694.68,0,0,1897694.68,0,0,1897694.68,0,0,1897694.68,0,0,1897694.68,0,0,1897694.68,0,0,1897694.68,0,0,1897694.68,0,0,1897694.68,0,0,1897694.68,0,0,1897694.68,0,0,1897694.68,0,0,1897694.68,0,0,1897694.68,0,0,1897694.68,0,0,1897694.68,0,0,1897694.68,0,0,1897694.68,0,0,1897694.68,0,0,8982421.47,0,0,1897694.68,0,0,1897694.68,0,0,1897694.68,0,0,1897694.68,0,0,1897694.68,0,0,1897694.68,0,0,1897694.68
both_sexes,1,Moderna,2021-04-19,COVCOPD,0,0,0,0,0,0,0,0,0,0,0,0,0,0,0,0,0,0,0,0,0,0,0,0,0,0,0,0,0,0,0,0,0,0,0,0,0,0,0,0,0,0,0,0,0,0,0,0,0,0,1952700.32,0,0,1796484.29,0,0,1796484.29,0,0,2173166.48,0,0,1981416.5,0,0,2208792.16,0,0,1796484.29,0,0,1796484.29,0,0,1924804.6,0,0,1924804.6,0,0,1796484.29,0,0,1796484.29,0,0,1796484.29,0,0,1796484.29,0,0,1796484.29,0,0,1796484.29,0,0,1796484.29,0,0,1952700.32,0,0,1796484.29,0,0,1796484.29,0,0,1952700.32,0,0,1796484.29,0,0,1796484.29,0,0,1796484.29,0,0,1796484.29,0,0,1796484.29,0,0,1796484.29,0,0,1796484.29,0,0,1796484.29,0,0,1796484.29,0,0,1796484.29,0,0,1796484.29,0,0,1796484.29,0,0,1952700.32,0,0,1952700.32,0,0,1796484.29,0,0,1796484.29,0,0,1796484.29,0,0,1796484.29,0,0,1796484.29,0,0,6416015.34,0,0,1796484.29,0,0,1796484.29,0,0,1796484.29,0,0,1796484.29,0,0,1952700.32,0,0,1952700.32,0,0,1796484.29
both_sexes,1,Moderna,2021-04-26,COVCOPD,0,0,0,0,0,0,0,0,0,0,0,0,0,0,0,0,0,0,0,0,0,0,0,0,0,0,0,0,0,0,0,0,0,0,0,0,0,0,0,0,0,0,0,0,0,0,0,0,0,0,2994140.49,0,0,2591083.12,0,0,2591083.12,0,0,3545692.69,0,0,2994140.49,0,0,2994140.49,0,0,2591083.12,0,0,2591083.12,0,0,2591083.12,0,0,2591083.12,0,0,2591083.12,0,0,2591083.12,0,0,2591083.12,0,0,2591083.12,0,0,2591083.12,0,0,2591083.12,0,0,2591083.12,0,0,2994140.49,0,0,2591083.12,0,0,2591083.12,0,0,2994140.49,0,0,2591083.12,0,0,2591083.12,0,0,2591083.12,0,0,2591083.12,0,0,2591083.12,0,0,2591083.12,0,0,2591083.12,0,0,2591083.12,0,0,2591083.12,0,0,2591083.12,0,0,2591083.12,0,0,2591083.12,0,0,2994140.49,0,0,2994140.49,0,0,2591083.12,0,0,2591083.12,0,0,2591083.12,0,0,2591083.12,0,0,2591083.12,0,0,9624023,0,0,2591083.12,0,0,2591083.12,0,0,2591083.12,0,0,2591083.12,0,0,2994140.49,0,0,2994140.49,0,0,2591083.12
both_sexes,1,Moderna,2021-05-03,COVCOPD,0,0,0,0,0,0,0,0,0,0,0,0,0,0,0,0,0,0,0,0,0,0,0,0,0,0,0,0,0,0,0,0,0,0,0,0,0,0,0,0,0,0,0,0,0,0,0,0,0,0,2807006.71,0,0,2449751.31,0,0,2449751.31,0,0,3286251.76,0,0,2807006.71,0,0,2807006.71,0,0,2449751.31,0,0,2449751.31,0,0,2449751.31,0,0,2449751.31,0,0,2542194.76,0,0,2542194.76,0,0,2542194.76,0,0,2542194.76,0,0,2449751.31,0,0,2449751.31,0,0,2449751.31,0,0,2807006.71,0,0,2449751.31,0,0,2449751.31,0,0,2807006.71,0,0,2449751.31,0,0,2449751.31,0,0,2449751.31,0,0,2449751.31,0,0,2449751.31,0,0,2449751.31,0,0,2449751.31,0,0,2449751.31,0,0,2449751.31,0,0,2449751.31,0,0,2449751.31,0,0,2449751.31,0,0,2807006.71,0,0,2807006.71,0,0,2449751.31,0,0,2449751.31,0,0,2449751.31,0,0,2449751.31,0,0,2449751.31,0,0,7925666,0,0,2449751.31,0,0,2449751.31,0,0,2449751.31,0,0,2449751.31,0,0,2807006.71,0,0,2807006.71,0,0,2449751.31
both_sexes,1,Moderna,2021-05-10,COVCOPD,0,0,0,0,0,0,0,0,0,0,0,0,0,0,0,0,0,0,0,0,0,0,0,0,0,0,0,0,0,0,0,0,0,0,0,0,0,0,0,0,0,0,0,0,0,0,0,0,0,0,2929050.48,0,0,2542194.76,0,0,2542194.76,0,0,2929050.48,0,0,2542194.76,0,0,2542194.76,0,0,2542194.76,0,0,2542194.76,0,0,2542194.76,0,0,2542194.76,0,0,2929050.48,0,0,2929050.48,0,0,2929050.48,0,0,2929050.48,0,0,2542194.76,0,0,2542194.76,0,0,2542194.76,0,0,2929050.48,0,0,2542194.76,0,0,2542194.76,0,0,2929050.48,0,0,2542194.76,0,0,2542194.76,0,0,2542194.76,0,0,2542194.76,0,0,2542194.76,0,0,2542194.76,0,0,2542194.76,0,0,2542194.76,0,0,2542194.76,0,0,2542194.76,0,0,2542194.76,0,0,2542194.76,0,0,2929050.48,0,0,2929050.48,0,0,2542194.76,0,0,2542194.76,0,0,2542194.76,0,0,2542194.76,0,0,2542194.76,0,0,4990234.15,0,0,2542194.76,0,0,2542194.76,0,0,2542194.76,0,0,2542194.76,0,0,2929050.48,0,0,2929050.48,0,0,2542194.76
both_sexes,1,Moderna,2021-03-08,COVCOPD,0,0,0,0,0,0,0,0,0,0,0,0,0,0,0,0,0,0,0,0,0,0,0,0,0,0,0,0,0,0,0,0,0,0,0,0,0,0,0,0,0,0,0,0,0,0,0,0,0,0,13473632.21,0,0,44912107.35,0,0,13473632.21,0,0,19248046.01,,,0,,,0,0,0,13473632.21,0,0,13473632.21,0,0,44912107.35,0,0,44912107.35,0,0,13473632.21,0,0,13473632.21,0,0,13473632.21,0,0,13473632.21,0,0,13473632.21,0,0,13473632.21,0,0,19248046.01,0,0,19248046.01,0,0,13473632.21,0,0,13473632.21,0,0,13473632.21,0,0,13473632.21,0,0,13473632.21,0,0,13473632.21,0,0,13473632.21,0,0,13473632.21,0,0,13473632.21,0,0,13473632.21,0,0,13473632.21,0,0,13473632.21,0,0,13473632.21,0,0,13473632.21,0,0,13473632.21,0,0,13473632.21,0,0,13473632.21,0,0,13473632.21,0,0,13473632.21,0,0,13473632.21,0,0,13473632.21,0,0,13473632.21,,,0,0,0,13473632.21,0,0,13473632.21,0,0,13473632.21,0,0,13473632.21,0,0,13473632.21,0,0,13473632.21,0,0,13473632.21
both_sexes,1,Moderna,2021-03-15,COVCOPD,0,0,0,0,0,0,0,0,0,0,0,0,0,0,0,0,0,0,0,0,0,0,0,0,0,0,0,0,0,0,0,0,0,0,0,0,0,0,0,0,0,0,0,0,0,0,0,0,0,0,6416015.34,0,0,9624023,0,0,6416015.34,0,0,9624023,0,0,19248046.01,0,0,19248046.01,0,0,6416015.34,0,0,6416015.34,0,0,9624023,0,0,9624023,0,0,6416015.34,0,0,6416015.34,0,0,6416015.34,0,0,6416015.34,0,0,6416015.34,0,0,6416015.34,0,0,9624023,0,0,9624023,0,0,6416015.34,0,0,6416015.34,0,0,6416015.34,0,0,6416015.34,0,0,6416015.34,0,0,6416015.34,0,0,6416015.34,0,0,6416015.34,0,0,6416015.34,0,0,6416015.34,0,0,6416015.34,0,0,6416015.34,0,0,6416015.34,0,0,6416015.34,0,0,6416015.34,0,0,6416015.34,0,0,6416015.34,0,0,6416015.34,0,0,6416015.34,0,0,6416015.34,0,0,6416015.34,0,0,6416015.34,,,0,0,0,6416015.34,0,0,6416015.34,0,0,6416015.34,0,0,6416015.34,0,0,6416015.34,0,0,6416015.34,0,0,6416015.34
both_sexes,1,Moderna,2021-03-22,COVCOPD,0,0,0,0,0,0,0,0,0,0,0,0,0,0,0,0,0,0,0,0,0,0,0,0,0,0,0,0,0,0,0,0,0,0,0,0,0,0,0,0,0,0,0,0,0,0,0,0,0,0,4812011.5,0,0,6416015.34,0,0,4812011.5,0,0,6416015.34,0,0,9624023,0,0,9624023,0,0,4812011.5,0,0,4812011.5,0,0,6416015.34,0,0,6416015.34,0,0,4812011.5,0,0,4812011.5,0,0,4812011.5,0,0,4812011.5,0,0,4812011.5,0,0,4812011.5,0,0,6416015.34,0,0,6416015.34,0,0,4812011.5,0,0,4812011.5,0,0,4812011.5,0,0,4812011.5,0,0,4812011.5,0,0,4812011.5,0,0,4812011.5,0,0,4812011.5,0,0,4812011.5,0,0,4812011.5,0,0,4812011.5,0,0,4812011.5,0,0,4812011.5,0,0,4812011.5,0,0,4812011.5,0,0,4812011.5,0,0,4812011.5,0,0,4812011.5,0,0,4812011.5,0,0,4812011.5,0,0,4812011.5,0,0,4812011.5,0,0,134736322.06,0,0,4812011.5,0,0,4812011.5,0,0,4812011.5,0,0,4812011.5,0,0,4812011.5,0,0,4812011.5,0,0,4812011.5
both_sexes,1,Moderna,2021-03-29,COVCOPD,0,0,0,0,0,0,0,0,0,0,0,0,0,0,0,0,0,0,0,0,0,0,0,0,0,0,0,0,0,0,0,0,0,0,0,0,0,0,0,0,0,0,0,0,0,0,0,0,0,0,2591083.12,0,0,2807006.71,0,0,2591083.12,0,0,2994140.49,0,0,3286251.76,0,0,3962833,0,0,2591083.12,0,0,2591083.12,0,0,3286251.76,0,0,3286251.76,0,0,2591083.12,0,0,2591083.12,0,0,2591083.12,0,0,2591083.12,0,0,2591083.12,0,0,2591083.12,0,0,2994140.49,0,0,2994140.49,0,0,2591083.12,0,0,2591083.12,0,0,2591083.12,0,0,2591083.12,0,0,2591083.12,0,0,2591083.12,0,0,2591083.12,0,0,2591083.12,0,0,2591083.12,0,0,2591083.12,0,0,2591083.12,0,0,2591083.12,0,0,2591083.12,0,0,2591083.12,0,0,2591083.12,0,0,2591083.12,0,0,2591083.12,0,0,2591083.12,0,0,2591083.12,0,0,2591083.12,0,0,2591083.12,0,0,2591083.12,0,0,19248046.01,0,0,2591083.12,0,0,2591083.12,0,0,2591083.12,0,0,2591083.12,0,0,2591083.12,0,0,2591083.12,0,0,2591083.12
both_sexes,1,Moderna,2021-04-05,COVCOPD,0,0,0,0,0,0,0,0,0,0,0,0,0,0,0,0,0,0,0,0,0,0,0,0,0,0,0,0,0,0,0,0,0,0,0,0,0,0,0,0,0,0,0,0,0,0,0,0,0,0,2591083.12,0,0,2591083.12,0,0,2591083.12,0,0,2749720.86,0,0,2749720.86,0,0,3208007.67,0,0,2591083.12,0,0,2591083.12,0,0,2994140.49,0,0,2994140.49,0,0,2591083.12,0,0,2591083.12,0,0,2591083.12,0,0,2591083.12,0,0,2591083.12,0,0,2591083.12,0,0,2694726.44,0,0,2694726.44,0,0,2591083.12,0,0,2591083.12,0,0,2591083.12,0,0,2591083.12,0,0,2591083.12,0,0,2591083.12,0,0,2591083.12,0,0,2591083.12,0,0,2591083.12,0,0,2591083.12,0,0,2591083.12,0,0,2591083.12,0,0,2591083.12,0,0,2591083.12,0,0,2591083.12,0,0,2591083.12,0,0,2591083.12,0,0,2591083.12,0,0,2591083.12,0,0,2591083.12,0,0,2591083.12,0,0,2591083.12,0,0,19248046.01,0,0,2591083.12,0,0,2591083.12,0,0,2591083.12,0,0,2591083.12,0,0,2591083.12,0,0,2591083.12,0,0,2591083.12
both_sexes,1,Pfizer,2021-05-03,COVCOPD,0,0,0,0,0,0,0,0,0,0,0,0,0,0,0,0,0,0,0,0,0,0,0,0,0,0,0,0,0,0,0,0,0,0,0,0,0,0,0,0,0,0,0,0,0,0,0,0,0,0,852761.53,0,0,852761.53,0,0,852761.53,0,0,942212.04,0,0,863694.37,0,0,904270.62,0,0,852761.53,0,0,892293.52,0,0,863694.37,0,0,863694.37,0,0,852761.53,0,0,852761.53,0,0,852761.53,0,0,852761.53,0,0,852761.53,0,0,852761.53,0,0,852761.53,0,0,852761.53,0,0,852761.53,0,0,852761.53,0,0,852761.53,0,0,852761.53,0,0,852761.53,0,0,852761.53,0,0,852761.53,0,0,852761.53,0,0,852761.53,0,0,863694.37,0,0,863694.37,0,0,852761.53,0,0,852761.53,0,0,852761.53,0,0,852761.53,0,0,863694.37,0,0,863694.37,0,0,852761.53,0,0,852761.53,0,0,852761.53,0,0,852761.53,0,0,852761.53,0,0,2406005.75,0,0,852761.53,0,0,852761.53,0,0,852761.53,0,0,852761.53,0,0,863694.37,0,0,863694.37,0,0,852761.53
both_sexes,2,AstraZeneca,2021-05-24,COVCOPD,0,0,0,0,0,0,0,0,0,0,0,0,0,0,0,0,0,0,0,0,0,0,0,0,0,0,0,0,0,0,0,0,0,0,0,0,0,0,0,0,0,0,0,0,0,0,0,0,0,0,67368161.03,0,0,67368161.03,0,0,67368161.03,0,0,67368161.03,0,0,67368161.03,0,0,67368161.03,0,0,67368161.03,0,0,67368161.03,0,0,67368161.03,0,0,67368161.03,0,0,67368161.03,0,0,67368161.03,0,0,67368161.03,0,0,67368161.03,0,0,67368161.03,0,0,67368161.03,0,0,67368161.03,0,0,67368161.03,0,0,67368161.03,0,0,67368161.03,0,0,67368161.03,0,0,67368161.03,0,0,67368161.03,0,0,67368161.03,0,0,67368161.03,0,0,67368161.03,0,0,67368161.03,0,0,67368161.03,0,0,67368161.03,0,0,67368161.03,0,0,67368161.03,0,0,67368161.03,0,0,67368161.03,0,0,67368161.03,0,0,67368161.03,0,0,67368161.03,0,0,67368161.03,0,0,67368161.03,0,0,67368161.03,0,0,67368161.03,0,0,67368161.03,0,0,67368161.03,0,0,67368161.03,0,0,67368161.03,0,0,67368161.03,0,0,67368161.03,0,0,67368161.03,0,0,67368161.03
both_sexes,2,AstraZeneca,2021-05-31,COVCOPD,0,0,0,0,0,0,0,0,0,0,0,0,0,0,0,0,0,0,0,0,0,0,0,0,0,0,0,0,0,0,0,0,0,0,0,0,0,0,0,0,0,0,0,0,0,0,0,0,0,0,11228026.84,0,0,11228026.84,0,0,11228026.84,0,0,11228026.84,0,0,11228026.84,0,0,11228026.84,0,0,11228026.84,0,0,11228026.84,0,0,11228026.84,0,0,11228026.84,0,0,11228026.84,0,0,11228026.84,0,0,11228026.84,0,0,11228026.84,0,0,11228026.84,0,0,11228026.84,0,0,11228026.84,0,0,11228026.84,0,0,11228026.84,0,0,11228026.84,0,0,11228026.84,0,0,11228026.84,0,0,11228026.84,0,0,11228026.84,0,0,11228026.84,0,0,11228026.84,0,0,11228026.84,0,0,11228026.84,0,0,11228026.84,0,0,11228026.84,0,0,11228026.84,0,0,11228026.84,0,0,11228026.84,0,0,11228026.84,0,0,11228026.84,0,0,11228026.84,0,0,11228026.84,0,0,11228026.84,0,0,11228026.84,0,0,11228026.84,0,0,11228026.84,0,0,11228026.84,0,0,11228026.84,0,0,11228026.84,0,0,11228026.84,0,0,11228026.84,0,0,11228026.84,0,0,11228026.84
both_sexes,2,AstraZeneca,2021-06-07,COVCOPD,0,0,0,0,0,0,0,0,0,0,0,0,0,0,0,0,0,0,0,0,0,0,0,0,0,0,0,0,0,0,0,0,0,0,0,0,0,0,0,0,0,0,0,0,0,0,0,0,0,0,9624023,0,0,9624023,0,0,9624023,0,0,9624023,0,0,9624023,0,0,9624023,0,0,9624023,0,0,9624023,0,0,9624023,0,0,9624023,0,0,9624023,0,0,9624023,0,0,9624023,0,0,9624023,0,0,9624023,0,0,9624023,0,0,9624023,0,0,9624023,0,0,9624023,0,0,9624023,0,0,9624023,0,0,9624023,0,0,9624023,0,0,9624023,0,0,9624023,0,0,9624023,0,0,9624023,0,0,9624023,0,0,9624023,0,0,9624023,0,0,9624023,0,0,9624023,0,0,9624023,0,0,9624023,0,0,9624023,0,0,9624023,0,0,9624023,0,0,9624023,0,0,9624023,0,0,9624023,0,0,9624023,0,0,9624023,0,0,9624023,0,0,9624023,0,0,9624023,0,0,9624023,0,0,9624023,0,0,9624023
both_sexes,2,AstraZeneca,2021-06-14,COVCOPD,0,0,0,0,0,0,0,0,0,0,0,0,0,0,0,0,0,0,0,0,0,0,0,0,0,0,0,0,0,0,0,0,0,0,0,0,0,0,0,0,0,0,0,0,0,0,0,0,0,0,5389452.88,0,0,5389452.88,0,0,5389452.88,0,0,5389452.88,0,0,5389452.88,0,0,5389452.88,0,0,5389452.88,0,0,6736816.1,0,0,6736816.1,0,0,6736816.1,0,0,5389452.88,0,0,5389452.88,0,0,5389452.88,0,0,5389452.88,0,0,5389452.88,0,0,5389452.88,0,0,5389452.88,0,0,5389452.88,0,0,5389452.88,0,0,5389452.88,0,0,5389452.88,0,0,5389452.88,0,0,5389452.88,0,0,5389452.88,0,0,5389452.88,0,0,5389452.88,0,0,5389452.88,0,0,5389452.88,0,0,5389452.88,0,0,5389452.88,0,0,5389452.88,0,0,5389452.88,0,0,5389452.88,0,0,5389452.88,0,0,5389452.88,0,0,5389452.88,0,0,5389452.88,0,0,5389452.88,0,0,5389452.88,0,0,5389452.88,0,0,8982421.47,0,0,5389452.88,0,0,5389452.88,0,0,5389452.88,0,0,5389452.88,0,0,5389452.88,0,0,5389452.88,0,0,5389452.88
both_sexes,2,AstraZeneca,2021-06-21,COVCOPD,0,0,0,0,0,0,0,0,0,0,0,0,0,0,0,0,0,0,0,0,0,0,0,0,0,0,0,0,0,0,0,0,0,0,0,0,0,1,0,0,0,0,0,0,0,0,0,0,0,0,1705523.06,0,0,1820761.11,0,0,1705523.06,0,0,1705523.06,0,0,1705523.06,0,0,1705523.06,0,0,1705523.06,0,0,1871337.81,0,0,1871337.81,0,0,1871337.81,0,0,1705523.06,0,0,1705523.06,0,0,1705523.06,0,0,1705523.06,0,0,1705523.06,0,0,1705523.06,0,0,1705523.06,0,0,1705523.06,0,0,1705523.06,0,0,1705523.06,0,0,1705523.06,0,0,1705523.06,0,0,1705523.06,0,0,1705523.06,0,0,1705523.06,0,0,1705523.06,0,0,1705523.06,0,0,1705523.06,0,0,1705523.06,0,0,1705523.06,0,0,1705523.06,0,0,1705523.06,0,0,1705523.06,0,0,1705523.06,0,0,1705523.06,0,0,1705523.06,0,0,1705523.06,0,0,1705523.06,0,0,1705523.06,0,0,1705523.06,1178225.81,29830.09,6564654.03,0,0,1705523.06,0,0,1705523.06,0,0,1705523.06,0,0,1705523.06,0,0,1705523.06,0,0,1705523.06,0,0,1705523.06
both_sexes,2,AstraZeneca,2021-06-28,COVCOPD,0,0,0,0,0,0,0,0,0,0,0,0,0,0,0,0,0,0,0,0,0,0,0,0,0,0,0,0,0,0,0,0,0,0,0,0,0,0,0,0,0,0,0,0,0,0,0,0,0,0,2641888.67,0,0,2807006.71,0,0,2641888.67,0,0,2641888.67,0,0,2641888.67,0,0,2641888.67,0,0,2641888.67,0,0,2807006.71,0,0,2807006.71,0,0,2807006.71,0,0,2641888.67,0,0,2641888.67,0,0,2641888.67,0,0,2641888.67,0,0,2641888.67,0,0,2641888.67,0,0,2641888.67,0,0,2641888.67,0,0,2641888.67,0,0,2641888.67,0,0,2641888.67,0,0,2641888.67,0,0,2641888.67,0,0,2641888.67,0,0,2641888.67,0,0,2641888.67,0,0,2641888.67,0,0,2641888.67,0,0,2641888.67,0,0,2641888.67,0,0,2641888.67,0,0,2641888.67,0,0,2641888.67,0,0,2641888.67,0,0,2641888.67,0,0,2641888.67,0,0,2641888.67,0,0,2641888.67,0,0,2641888.67,0,0,2641888.67,0,0,8982421.47,0,0,2641888.67,0,0,2641888.67,0,0,2641888.67,0,0,2641888.67,0,0,2641888.67,0,0,2641888.67,0,0,2641888.67
both_sexes,2,Moderna,2021-05-10,COVCOPD,0,0,0,0,0,0,0,0,0,0,0,0,0,0,0,0,0,0,0,0,0,0,0,0,0,0,0,0,0,0,0,0,0,0,0,0,0,0,0,0,0,0,0,0,0,0,0,0,0,0,1705523.06,0,0,1871337.81,0,0,1705523.06,0,0,2072866.49,0,0,2323040.04,0,0,2641888.67,0,0,1705523.06,0,0,1871337.81,0,0,2072866.49,0,0,2072866.49,0,0,1705523.06,0,0,1705523.06,0,0,1705523.06,0,0,1705523.06,0,0,1705523.06,0,0,1705523.06,0,0,1871337.81,0,0,1871337.81,0,0,1705523.06,0,0,1705523.06,0,0,1705523.06,0,0,1705523.06,0,0,1705523.06,0,0,1705523.06,0,0,1705523.06,0,0,1705523.06,0,0,1705523.06,0,0,1705523.06,0,0,1705523.06,0,0,1705523.06,0,0,1705523.06,0,0,1705523.06,0,0,1705523.06,0,0,1705523.06,0,0,1705523.06,0,0,1705523.06,0,0,1705523.06,0,0,1705523.06,0,0,1705523.06,0,0,1705523.06,0,0,33684080.52,0,0,1705523.06,0,0,1705523.06,0,0,1705523.06,0,0,1705523.06,0,0,1705523.06,0,0,1705523.06,0,0,1705523.06
both_sexes,2,Moderna,2021-05-17,COVCOPD,0,0,0,0,0,0,0,0,0,0,0,0,0,0,0,0,0,0,0,0,0,0,0,0,0,0,0,0,0,0,0,0,0,0,0,0,0,0,0,0,0,0,0,0,0,0,0,0,0,0,1566701.42,0,0,1705523.06,0,0,1566701.42,0,0,1871337.81,0,0,2072866.49,0,0,2323040.04,0,0,1566701.42,0,0,1705523.06,0,0,1871337.81,0,0,1871337.81,0,0,1566701.42,0,0,1566701.42,0,0,1566701.42,0,0,1566701.42,0,0,1566701.42,0,0,1566701.42,0,0,1705523.06,0,0,1705523.06,0,0,1566701.42,0,0,1566701.42,0,0,1566701.42,0,0,1566701.42,0,0,1566701.42,0,0,1566701.42,0,0,1566701.42,0,0,1566701.42,0,0,1566701.42,0,0,1566701.42,0,0,1566701.42,0,0,1566701.42,0,0,1566701.42,0,0,1566701.42,0,0,1566701.42,0,0,1566701.42,0,0,1566701.42,0,0,1566701.42,0,0,1566701.42,0,0,1566701.42,0,0,1566701.42,0,0,1566701.42,0,0,14970702.45,0,0,1566701.42,0,0,1566701.42,0,0,1566701.42,0,0,1566701.42,0,0,1566701.42,0,0,1566701.42,0,0,1566701.42
both_sexes,2,Moderna,2021-05-24,COVCOPD,0,0,0,0,0,0,0,0,0,0,0,0,0,0,0,0,0,0,0,0,0,0,0,0,0,0,0,0,0,0,0,0,0,0,0,0,0,0,0,0,0,0,0,0,0,0,0,0,0,0,1480618.92,0,0,1604003.83,0,0,1480618.92,0,0,1749822.36,0,0,1924804.6,0,0,2138671.78,0,0,1480618.92,0,0,1604003.83,0,0,1749822.36,0,0,1749822.36,0,0,1480618.92,0,0,1480618.92,0,0,1480618.92,0,0,1480618.92,0,0,1480618.92,0,0,1480618.92,0,0,1604003.83,0,0,1604003.83,0,0,1480618.92,0,0,1480618.92,0,0,1480618.92,0,0,1480618.92,0,0,1480618.92,0,0,1480618.92,0,0,1480618.92,0,0,1480618.92,0,0,1480618.92,0,0,1480618.92,0,0,1480618.92,0,0,1480618.92,0,0,1480618.92,0,0,1480618.92,0,0,1480618.92,0,0,1480618.92,0,0,1480618.92,0,0,1480618.92,0,0,1480618.92,0,0,1480618.92,0,0,1480618.92,0,0,1480618.92,0,0,9624023,0,0,1480618.92,0,0,1480618.92,0,0,1480618.92,0,0,1480618.92,0,0,1480618.92,0,0,1480618.92,0,0,1480618.92
both_sexes,2,Moderna,2021-05-31,COVCOPD,0,0,0,0,0,0,0,0,0,0,0,0,0,0,0,0,0,0,0,0,0,0,0,0,0,0,0,0,0,0,0,0,0,0,0,0,0,0,0,0,0,0,0,0,0,0,0,0,0,0,1433365.13,0,0,1548693.36,0,0,1433365.13,0,0,1684204.03,0,0,1845703.04,0,0,2041459.43,0,0,1433365.13,0,0,1548693.36,0,0,1684204.03,0,0,1684204.03,0,0,1433365.13,0,0,1433365.13,0,0,1433365.13,0,0,1433365.13,0,0,1433365.13,0,0,1433365.13,0,0,1548693.36,0,0,1548693.36,0,0,1433365.13,0,0,1433365.13,0,0,1433365.13,0,0,1433365.13,0,0,1433365.13,0,0,1433365.13,0,0,1433365.13,0,0,1433365.13,0,0,1433365.13,0,0,1433365.13,0,0,1433365.13,0,0,1433365.13,0,0,1433365.13,0,0,1433365.13,0,0,1433365.13,0,0,1433365.13,0,0,1433365.13,0,0,1433365.13,0,0,1433365.13,0,0,1433365.13,0,0,1433365.13,0,0,1433365.13,0,0,8421020.13,0,0,1433365.13,0,0,1433365.13,0,0,1433365.13,0,0,1433365.13,0,0,1433365.13,0,0,1433365.13,0,0,1433365.13
both_sexes,2,Moderna,2021-06-07,COVCOPD,0,0,0,0,0,0,0,0,0,0,0,0,0,0,0,0,0,0,0,0,0,0,0,0,0,0,0,0,0,0,0,0,0,0,0,0,0,0,0,0,0,0,0,0,0,0,0,0,0,0,1236113.05,0,0,1320944.33,0,0,1236113.05,0,0,1418277.07,0,0,1531094.57,0,0,1663411.38,0,0,1236113.05,0,0,1320944.33,0,0,1418277.07,0,0,1418277.07,0,0,1236113.05,0,0,1236113.05,0,0,1236113.05,0,0,1236113.05,0,0,1236113.05,0,0,1236113.05,0,0,1320944.33,0,0,1320944.33,0,0,1236113.05,0,0,1236113.05,0,0,1236113.05,0,0,1236113.05,0,0,1236113.05,0,0,1236113.05,0,0,1236113.05,0,0,1236113.05,0,0,1236113.05,0,0,1236113.05,0,0,1236113.05,0,0,1236113.05,0,0,1236113.05,0,0,1236113.05,0,0,1236113.05,0,0,1236113.05,0,0,1236113.05,0,0,1236113.05,0,0,1236113.05,0,0,1236113.05,0,0,1236113.05,0,0,1236113.05,0,0,6416015.34,0,0,1236113.05,0,0,1236113.05,0,0,1236113.05,0,0,1236113.05,0,0,1236113.05,0,0,1236113.05,0,0,1236113.05
both_sexes,2,Moderna,2021-06-14,COVCOPD,0,0,0,0,0,0,0,0,0,0,0,0,0,0,0,0,0,0,0,0,0,0,0,0,0,0,0,0,0,0,0,0,0,0,0,0,0,0,0,0,0,0,0,0,0,0,0,0,0,0,1203002.88,0,0,1283203.07,0,0,1203002.88,0,0,1374860.43,0,0,1480618.92,0,0,1604003.83,0,0,1203002.88,0,0,1283203.07,0,0,1374860.43,0,0,1374860.43,0,0,1203002.88,0,0,1203002.88,0,0,1203002.88,0,0,1203002.88,0,0,1203002.88,0,0,1203002.88,0,0,1283203.07,0,0,1283203.07,0,0,1203002.88,0,0,1203002.88,0,0,1203002.88,0,0,1203002.88,0,0,1203002.88,0,0,1203002.88,0,0,1203002.88,0,0,1203002.88,0,0,1203002.88,0,0,1203002.88,0,0,1203002.88,0,0,1203002.88,0,0,1203002.88,0,0,1203002.88,0,0,1203002.88,0,0,1203002.88,0,0,1203002.88,0,0,1203002.88,0,0,1203002.88,0,0,1203002.88,0,0,1203002.88,0,0,1203002.88,0,0,6416015.34,0,0,1203002.88,0,0,1203002.88,0,0,1203002.88,0,0,1203002.88,0,0,1203002.88,0,0,1203002.88,0,0,1203002.88
both_sexes,2,Moderna,2021-06-21,COVCOPD,0,0,0,0,0,0,0,0,0,0,0,0,0,0,0,0,0,0,0,0,0,0,0,0,0,0,0,0,0,0,0,0,0,0,0,0,0,0,0,0,0,0,0,0,0,0,0,0,0,0,1161520.02,0,0,1236113.05,0,0,1161520.02,0,0,1320944.33,0,0,1418277.07,0,0,1531094.57,0,0,1161520.02,0,0,1236113.05,0,0,1320944.33,0,0,1320944.33,0,0,1161520.02,0,0,1161520.02,0,0,1161520.02,0,0,1161520.02,0,0,1161520.02,0,0,1161520.02,0,0,1236113.05,0,0,1236113.05,0,0,1161520.02,0,0,1161520.02,0,0,1161520.02,0,0,1161520.02,0,0,1161520.02,0,0,1161520.02,0,0,1161520.02,0,0,1161520.02,0,0,1161520.02,0,0,1161520.02,0,0,1161520.02,0,0,1161520.02,0,0,1161520.02,0,0,1161520.02,0,0,1161520.02,0,0,1161520.02,0,0,1161520.02,0,0,1161520.02,0,0,1161520.02,0,0,1161520.02,0,0,1161520.02,0,0,1161520.02,0,0,5389452.88,0,0,1161520.02,0,0,1161520.02,0,0,1161520.02,0,0,1161520.02,0,0,1161520.02,0,0,1161520.02,0,0,1161520.02
both_sexes,2,Moderna,2021-06-28,COVCOPD,0,0,0,0,0,0,0,0,0,0,0,0,0,0,0,0,0,0,0,0,0,0,0,0,0,0,0,0,0,0,0,0,0,0,0,0,0,0,0,0,0,0,0,0,0,0,0,0,0,0,2542194.76,0,0,2694726.44,0,0,2542194.76,0,0,2866730.26,0,0,3062189.14,0,0,3286251.76,0,0,2542194.76,0,0,2694726.44,0,0,2866730.26,0,0,2866730.26,0,0,2542194.76,0,0,2542194.76,0,0,2542194.76,0,0,2542194.76,0,0,2542194.76,0,0,2542194.76,0,0,2694726.44,0,0,2694726.44,0,0,2542194.76,0,0,2542194.76,0,0,2542194.76,0,0,2542194.76,0,0,2542194.76,0,0,2542194.76,0,0,2542194.76,0,0,2542194.76,0,0,2542194.76,0,0,2542194.76,0,0,2542194.76,0,0,2542194.76,0,0,2542194.76,0,0,2542194.76,0,0,2542194.76,0,0,2542194.76,0,0,2542194.76,0,0,2542194.76,0,0,2542194.76,0,0,2542194.76,0,0,2542194.76,0,0,2542194.76,0,0,9624023,0,0,2542194.76,0,0,2542194.76,0,0,2542194.76,0,0,2542194.76,0,0,2542194.76,0,0,2542194.76,0,0,2542194.76
both_sexes,2,Moderna,2021-04-05,COVCOPD,0,0,0,0,0,0,0,0,0,0,0,0,0,0,0,0,0,0,0,0,0,0,0,0,0,0,0,0,0,0,0,0,0,0,0,0,0,0,0,0,0,0,0,0,0,0,0,0,0,0,9624023,0,0,19248046.01,0,0,9624023,0,0,14970702.45,0,0,67368161.03,0,0,67368161.03,0,0,9624023,0,0,9624023,0,0,19248046.01,0,0,19248046.01,0,0,9624023,0,0,9624023,0,0,9624023,0,0,9624023,0,0,9624023,0,0,9624023,0,0,14970702.45,0,0,14970702.45,0,0,9624023,0,0,9624023,0,0,9624023,0,0,9624023,0,0,9624023,0,0,9624023,0,0,9624023,0,0,9624023,0,0,9624023,0,0,9624023,0,0,9624023,0,0,9624023,0,0,9624023,0,0,9624023,0,0,9624023,0,0,9624023,0,0,9624023,0,0,9624023,0,0,9624023,0,0,9624023,0,0,9624023,0,0,9624023,,,0,0,0,9624023,0,0,9624023,0,0,9624023,0,0,9624023,0,0,9624023,0,0,9624023,0,0,9624023
both_sexes,2,Moderna,2021-04-12,COVCOPD,0,0,0,0,0,0,0,0,0,0,0,0,0,0,0,0,0,0,0,0,0,0,0,0,0,0,0,0,0,0,0,0,0,0,0,0,0,0,0,0,0,0,0,0,0,0,0,0,0,0,6416015.34,0,0,9624023,0,0,6416015.34,0,0,9624023,0,0,19248046.01,0,0,19248046.01,0,0,6416015.34,0,0,6416015.34,0,0,9624023,0,0,9624023,0,0,6416015.34,0,0,6416015.34,0,0,6416015.34,0,0,6416015.34,0,0,6416015.34,0,0,6416015.34,0,0,9624023,0,0,9624023,0,0,6416015.34,0,0,6416015.34,0,0,6416015.34,0,0,6416015.34,0,0,6416015.34,0,0,6416015.34,0,0,6416015.34,0,0,6416015.34,0,0,6416015.34,0,0,6416015.34,0,0,6416015.34,0,0,6416015.34,0,0,6416015.34,0,0,6416015.34,0,0,6416015.34,0,0,6416015.34,0,0,6416015.34,0,0,6416015.34,0,0,6416015.34,0,0,6416015.34,0,0,6416015.34,0,0,6416015.34,,,0,0,0,6416015.34,0,0,6416015.34,0,0,6416015.34,0,0,6416015.34,0,0,6416015.34,0,0,6416015.34,0,0,6416015.34
both_sexes,2,Moderna,2021-04-19,COVCOPD,0,0,0,0,0,0,0,0,0,0,0,0,0,0,0,0,0,0,0,0,0,0,0,0,0,0,0,0,0,0,0,0,0,0,0,0,0,0,0,0,0,0,0,0,0,0,0,0,0,0,4646080.07,0,0,6124378.28,0,0,4646080.07,0,0,6124378.28,0,0,8982421.47,0,0,8982421.47,0,0,4646080.07,0,0,4646080.07,0,0,6736816.1,0,0,6736816.1,0,0,4646080.07,0,0,4646080.07,0,0,4646080.07,0,0,4646080.07,0,0,4646080.07,0,0,4646080.07,0,0,6124378.28,0,0,6124378.28,0,0,4646080.07,0,0,4646080.07,0,0,4646080.07,0,0,4646080.07,0,0,4646080.07,0,0,4646080.07,0,0,4646080.07,0,0,4646080.07,0,0,4646080.07,0,0,4646080.07,0,0,4646080.07,0,0,4646080.07,0,0,4646080.07,0,0,4646080.07,0,0,4646080.07,0,0,4646080.07,0,0,4646080.07,0,0,4646080.07,0,0,4646080.07,0,0,4646080.07,0,0,4646080.07,0,0,4646080.07,,,0,0,0,4646080.07,0,0,4646080.07,0,0,4646080.07,0,0,4646080.07,0,0,4646080.07,0,0,4646080.07,0,0,4646080.07
both_sexes,2,Moderna,2021-04-26,COVCOPD,0,0,0,0,0,0,0,1,0,0,0,0,0,0,0,0,0,0,0,0,0,0,0,0,0,0,0,0,0,0,0,0,0,0,0,0,0,1,0,0,0,0,0,0,0,0,0,0,0,0,2542194.76,0,0,2929050.48,0,0,2542194.76,0,0,2929050.48,0,0,3454777.49,0,0,4210510.06,0,0,2542194.76,730500,18494.66,4070085.5,0,0,3454777.49,0,0,3454777.49,0,0,2542194.76,0,0,2542194.76,0,0,2542194.76,0,0,2542194.76,0,0,2542194.76,0,0,2542194.76,0,0,2929050.48,0,0,2929050.48,0,0,2542194.76,0,0,2542194.76,0,0,2542194.76,0,0,2542194.76,0,0,2542194.76,0,0,2542194.76,0,0,2542194.76,0,0,2542194.76,0,0,2542194.76,0,0,2542194.76,0,0,2542194.76,0,0,2542194.76,0,0,2542194.76,0,0,2542194.76,0,0,2542194.76,0,0,2542194.76,0,0,2542194.76,0,0,2542194.76,0,0,2542194.76,0,0,2542194.76,0,0,2542194.76,0,0,2542194.76,36525000,924732.94,203504274.85,0,0,2542194.76,0,0,2542194.76,0,0,2542194.76,0,0,2542194.76,0,0,2542194.76,0,0,2542194.76,0,0,2542194.76
both_sexes,2,Moderna,2021-05-03,COVCOPD,0,0,0,0,0,0,0,0,0,0,0,0,0,0,0,0,0,0,0,0,0,0,0,0,0,0,0,0,0,0,0,0,0,0,0,0,0,0,0,0,0,0,0,0,0,0,0,0,0,0,2363795.12,0,0,2694726.44,0,0,2363795.12,0,0,2694726.44,0,0,3133402.84,0,0,3742675.61,0,0,2363795.12,0,0,2694726.44,0,0,3133402.84,0,0,3133402.84,0,0,2363795.12,0,0,2363795.12,0,0,2363795.12,0,0,2363795.12,0,0,2363795.12,0,0,2363795.12,0,0,2694726.44,0,0,2694726.44,0,0,2363795.12,0,0,2363795.12,0,0,2363795.12,0,0,2363795.12,0,0,2363795.12,0,0,2363795.12,0,0,2363795.12,0,0,2363795.12,0,0,2363795.12,0,0,2363795.12,0,0,2363795.12,0,0,2363795.12,0,0,2363795.12,0,0,2363795.12,0,0,2363795.12,0,0,2363795.12,0,0,2363795.12,0,0,2363795.12,0,0,2363795.12,0,0,2363795.12,0,0,2363795.12,0,0,2363795.12,,,0,0,0,2363795.12,0,0,2363795.12,0,0,2363795.12,0,0,2363795.12,0,0,2363795.12,0,0,2363795.12,0,0,2363795.12
both_sexes,1,Moderna,2021-05-17,COVCOPD,0,0,0,0,0,0,0,0,0,0,0,0,0,0,0,0,0,0,0,0,0,0,0,0,0,0,0,0,0,0,0,0,0,0,0,0,0,0,0,0,0,0,0,0,0,0,0,0,0,0,2542194.76,0,0,2245605.37,0,0,2245605.37,0,0,2542194.76,0,0,2245605.37,0,0,2245605.37,0,0,2245605.37,0,0,2245605.37,0,0,2245605.37,0,0,2245605.37,0,0,2542194.76,0,0,2542194.76,0,0,2542194.76,0,0,2542194.76,0,0,2245605.37,0,0,2245605.37,0,0,2245605.37,0,0,2542194.76,0,0,2245605.37,0,0,2245605.37,0,0,2542194.76,0,0,2245605.37,0,0,2245605.37,0,0,2245605.37,0,0,2245605.37,0,0,2245605.37,0,0,2245605.37,0,0,2245605.37,0,0,2245605.37,0,0,2245605.37,0,0,2245605.37,0,0,2245605.37,0,0,2245605.37,0,0,2542194.76,0,0,2542194.76,0,0,2245605.37,0,0,2245605.37,0,0,2245605.37,0,0,2245605.37,0,0,2245605.37,0,0,4210510.06,0,0,2245605.37,0,0,2245605.37,0,0,2245605.37,0,0,2245605.37,0,0,2542194.76,0,0,2542194.76,0,0,2245605.37
both_sexes,1,Moderna,2021-05-24,COVCOPD,0,0,0,0,0,0,0,0,0,0,0,0,0,0,0,0,0,0,0,0,0,0,0,0,0,0,0,0,0,0,0,0,0,0,0,0,0,0,0,0,0,0,0,0,0,0,0,0,0,0,2542194.76,0,0,2245605.37,0,0,2245605.37,0,0,2542194.76,0,0,2245605.37,0,0,2245605.37,0,0,2245605.37,0,0,2245605.37,0,0,2245605.37,0,0,2245605.37,0,0,2542194.76,0,0,2542194.76,0,0,2542194.76,0,0,2542194.76,0,0,2245605.37,0,0,2245605.37,0,0,2245605.37,0,0,2542194.76,0,0,2245605.37,0,0,2245605.37,0,0,2542194.76,0,0,2245605.37,0,0,2245605.37,0,0,2245605.37,0,0,2245605.37,0,0,2245605.37,0,0,2245605.37,0,0,2245605.37,0,0,2245605.37,0,0,2245605.37,0,0,2245605.37,0,0,2245605.37,0,0,2245605.37,0,0,2542194.76,0,0,2542194.76,0,0,2245605.37,0,0,2245605.37,0,0,2245605.37,0,0,2245605.37,0,0,2245605.37,0,0,4210510.06,0,0,2245605.37,0,0,2245605.37,0,0,2245605.37,0,0,2245605.37,0,0,2542194.76,0,0,2542194.76,0,0,2245605.37
both_sexes,1,Moderna,2021-05-31,COVCOPD,0,0,0,0,0,0,0,0,0,0,0,0,0,0,0,0,0,0,0,0,0,0,0,0,0,0,0,0,0,0,0,0,0,0,0,0,0,0,0,0,0,0,0,0,0,0,0,0,0,0,2449751.31,0,0,2173166.48,0,0,2173166.48,0,0,2449751.31,0,0,2173166.48,0,0,2173166.48,0,0,2173166.48,0,0,2173166.48,0,0,2173166.48,0,0,2173166.48,0,0,2449751.31,0,0,2449751.31,0,0,2449751.31,0,0,2449751.31,0,0,2173166.48,0,0,2173166.48,0,0,2173166.48,0,0,2449751.31,0,0,2173166.48,0,0,2173166.48,0,0,2449751.31,0,0,2173166.48,0,0,2173166.48,0,0,2173166.48,0,0,2173166.48,0,0,2173166.48,0,0,2173166.48,0,0,2173166.48,0,0,2173166.48,0,0,2173166.48,0,0,2173166.48,0,0,2173166.48,0,0,2173166.48,0,0,2449751.31,0,0,2449751.31,0,0,2173166.48,0,0,2173166.48,0,0,2173166.48,0,0,2173166.48,0,0,2173166.48,0,0,4082918.85,0,0,2173166.48,0,0,2173166.48,0,0,2173166.48,0,0,2173166.48,0,0,2449751.31,0,0,2449751.31,0,0,2173166.48
both_sexes,1,Moderna,2021-06-07,COVCOPD,0,0,0,0,0,0,0,0,0,0,0,0,0,0,0,0,0,0,0,0,0,0,0,0,0,0,0,0,0,0,0,0,0,0,0,0,0,0,0,0,0,0,0,0,0,0,0,0,0,0,2694726.44,0,0,2363795.12,0,0,2363795.12,0,0,2694726.44,0,0,2363795.12,0,0,2363795.12,0,0,2363795.12,0,0,2363795.12,0,0,2363795.12,0,0,2363795.12,0,0,2694726.44,0,0,2694726.44,0,0,2694726.44,0,0,2694726.44,0,0,2363795.12,0,0,2363795.12,0,0,2363795.12,0,0,2694726.44,0,0,2363795.12,0,0,2363795.12,0,0,2694726.44,0,0,2363795.12,0,0,2363795.12,0,0,2363795.12,0,0,2363795.12,0,0,2363795.12,0,0,2363795.12,0,0,2363795.12,0,0,2363795.12,0,0,2363795.12,0,0,2363795.12,0,0,2363795.12,0,0,2363795.12,0,0,2694726.44,0,0,2694726.44,0,0,2363795.12,0,0,2363795.12,0,0,2363795.12,0,0,2363795.12,0,0,2363795.12,0,0,4082918.85,0,0,2363795.12,0,0,2363795.12,0,0,2363795.12,0,0,2363795.12,0,0,2694726.44,0,0,2694726.44,0,0,2363795.12
both_sexes,1,Moderna,2021-06-14,COVCOPD,0,0,0,0,0,0,0,0,0,0,0,0,0,0,0,0,0,0,0,0,0,0,0,0,0,0,0,0,0,0,0,0,0,0,0,0,0,0,0,0,0,0,0,0,0,0,0,0,0,0,2105255.03,0,0,1897694.68,0,0,1897694.68,0,0,2105255.03,0,0,1897694.68,0,0,1897694.68,0,0,1897694.68,0,0,1897694.68,0,0,1897694.68,0,0,1897694.68,0,0,2105255.03,0,0,2105255.03,0,0,2105255.03,0,0,2105255.03,0,0,1897694.68,0,0,1897694.68,0,0,1897694.68,0,0,2105255.03,0,0,1897694.68,0,0,1897694.68,0,0,2105255.03,0,0,1897694.68,0,0,1897694.68,0,0,1897694.68,0,0,1897694.68,0,0,1897694.68,0,0,1897694.68,0,0,1897694.68,0,0,1897694.68,0,0,1897694.68,0,0,1897694.68,0,0,1897694.68,0,0,1897694.68,0,0,2105255.03,0,0,2105255.03,0,0,1897694.68,0,0,1897694.68,0,0,1897694.68,0,0,1897694.68,0,0,1897694.68,0,0,3062189.14,0,0,1897694.68,0,0,1897694.68,0,0,1897694.68,0,0,1897694.68,0,0,2105255.03,0,0,2105255.03,0,0,1897694.68
both_sexes,1,Moderna,2021-06-21,COVCOPD,0,0,0,0,0,0,0,0,0,0,0,0,0,0,0,0,0,0,0,0,0,0,0,0,0,0,0,0,0,0,0,0,0,0,0,0,0,0,0,0,0,0,0,0,0,0,0,0,0,0,2041459.43,0,0,1845703.04,0,0,1845703.04,0,0,2041459.43,0,0,1845703.04,0,0,1845703.04,0,0,1845703.04,0,0,1845703.04,0,0,1845703.04,0,0,1845703.04,0,0,2041459.43,0,0,2041459.43,0,0,2041459.43,0,0,2041459.43,0,0,1845703.04,0,0,1845703.04,0,0,1845703.04,0,0,2041459.43,0,0,1845703.04,0,0,1845703.04,0,0,2041459.43,0,0,1845703.04,0,0,1845703.04,0,0,1845703.04,0,0,1845703.04,0,0,1845703.04,0,0,1845703.04,0,0,1845703.04,0,0,1845703.04,0,0,1845703.04,0,0,1845703.04,0,0,1845703.04,0,0,1845703.04,0,0,2041459.43,0,0,2041459.43,0,0,1845703.04,0,0,1845703.04,0,0,1845703.04,0,0,1845703.04,0,0,1845703.04,0,0,2994140.49,0,0,1845703.04,0,0,1845703.04,0,0,1845703.04,0,0,1845703.04,0,0,2041459.43,0,0,2041459.43,0,0,1845703.04
both_sexes,1,Moderna,2021-06-28,COVCOPD,0,0,0,0,0,0,0,0,0,0,0,0,0,0,0,0,0,0,0,0,0,0,0,0,0,0,0,0,0,0,0,0,0,0,0,0,0,0,0,0,0,0,0,0,0,0,0,0,0,0,5389452.88,0,0,4812011.5,0,0,4812011.5,0,0,5389452.88,0,0,4812011.5,0,0,4812011.5,0,0,4812011.5,0,0,4812011.5,0,0,4812011.5,0,0,4812011.5,0,0,5389452.88,0,0,5389452.88,0,0,5389452.88,0,0,5389452.88,0,0,4812011.5,0,0,4812011.5,0,0,4812011.5,0,0,5389452.88,0,0,4812011.5,0,0,4812011.5,0,0,5389452.88,0,0,4812011.5,0,0,4812011.5,0,0,4812011.5,0,0,4812011.5,0,0,4812011.5,0,0,4812011.5,0,0,4812011.5,0,0,4812011.5,0,0,4812011.5,0,0,4812011.5,0,0,4812011.5,0,0,4812011.5,0,0,5389452.88,0,0,5389452.88,0,0,4812011.5,0,0,4812011.5,0,0,4812011.5,0,0,4812011.5,0,0,4812011.5,0,0,8421020.13,0,0,4812011.5,0,0,4812011.5,0,0,4812011.5,0,0,4812011.5,0,0,5389452.88,0,0,5389452.88,0,0,4812011.5
both_sexes,1,Pfizer,2021-04-19,COVCOPD,0,0,0,0,0,0,0,0,0,0,0,0,0,0,0,0,0,0,0,0,0,0,0,0,0,0,0,0,0,0,0,0,0,0,0,0,0,0,0,0,0,0,0,0,0,0,0,0,0,0,556761.66,0,0,556761.66,0,0,556761.66,0,0,609666.62,0,0,626680.57,0,0,626680.57,0,0,556761.66,0,0,570916.62,0,0,663725.72,0,0,663725.72,0,0,556761.66,0,0,556761.66,0,0,556761.66,0,0,556761.66,0,0,556761.66,0,0,556761.66,0,0,570916.62,0,0,570916.62,0,0,556761.66,0,0,556761.66,0,0,556761.66,0,0,556761.66,0,0,556761.66,0,0,556761.66,0,0,556761.66,0,0,556761.66,0,0,556761.66,0,0,573346.05,0,0,573346.05,0,0,556761.66,0,0,556761.66,0,0,556761.66,0,0,556761.66,0,0,590948.78,0,0,590948.78,0,0,556761.66,0,0,556761.66,0,0,556761.66,0,0,556761.66,0,0,556761.66,0,0,2363795.12,0,0,556761.66,0,0,556761.66,0,0,556761.66,0,0,556761.66,0,0,590948.78,0,0,590948.78,0,0,556761.66
both_sexes,1,Pfizer,2021-04-26,COVCOPD,0,0,0,0,0,0,0,0,0,0,0,0,0,0,0,0,0,0,0,0,0,0,0,0,0,0,0,0,0,0,0,0,0,0,0,0,0,1,0,0,0,0,0,0,0,0,0,0,0,0,606920.37,0,0,606920.37,0,0,606920.37,0,0,660472.17,0,0,670329.96,0,0,683940.72,0,0,606920.37,0,0,618056.52,0,0,650900.11,0,0,650900.11,0,0,606920.37,0,0,606920.37,0,0,606920.37,0,0,606920.37,0,0,606920.37,0,0,606920.37,0,0,606920.37,0,0,606920.37,0,0,606920.37,0,0,606920.37,0,0,606920.37,0,0,606920.37,0,0,606920.37,0,0,606920.37,0,0,606920.37,0,0,606920.37,0,0,606920.37,0,0,626680.57,0,0,626680.57,0,0,606920.37,0,0,606920.37,0,0,606920.37,0,0,606920.37,0,0,641601.53,0,0,641601.53,0,0,606920.37,0,0,606920.37,0,0,606920.37,0,0,606920.37,0,0,606920.37,676388.89,17124.68,3768597.68,0,0,606920.37,0,0,606920.37,0,0,606920.37,0,0,606920.37,0,0,641601.53,0,0,641601.53,0,0,606920.37
both_sexes,2,Pfizer,2021-05-10,COVCOPD,0,0,0,0,0,0,0,0,0,0,0,0,0,0,0,0,0,0,0,0,0,0,0,0,0,0,0,0,0,0,0,0,0,0,0,0,0,0,0,0,0,0,0,0,0,0,0,0,0,0,340243.24,0,0,340243.24,0,0,340243.24,0,0,373230.81,0,0,380611.08,0,0,396283.3,0,0,340243.24,0,0,352712.88,0,0,388289.11,0,0,388289.11,0,0,340243.24,0,0,340243.24,0,0,340243.24,0,0,340243.24,0,0,340243.24,0,0,340243.24,0,0,352712.88,0,0,359296.86,0,0,340243.24,0,0,340243.24,0,0,340243.24,0,0,340243.24,0,0,340243.24,0,0,340243.24,0,0,340243.24,0,0,340243.24,0,0,340243.24,0,0,346365.87,0,0,346365.87,0,0,340243.24,0,0,340243.24,0,0,340243.24,0,0,340243.24,0,0,352712.88,0,0,352712.88,0,0,340243.24,0,0,340243.24,0,0,340243.24,0,0,340243.24,0,0,340243.24,0,0,2010989.88,0,0,340243.24,0,0,340243.24,0,0,340243.24,0,0,340243.24,0,0,352712.88,0,0,352712.88,0,0,340243.24
both_sexes,2,Pfizer,2021-05-17,COVCOPD,0,0,0,0,0,0,0,0,0,0,0,0,0,0,0,0,0,0,0,0,0,0,0,0,0,0,0,0,0,0,0,0,0,0,0,0,0,2,0,0,0,0,0,0,0,0,0,0,0,0,304145.2,0,0,304145.2,0,0,304145.2,0,0,335164.98,0,0,336000.8,0,0,354569.27,0,0,304145.2,0,0,319280.38,0,0,341970.36,0,0,341970.36,0,0,304145.2,0,0,304145.2,0,0,304145.2,0,0,304145.2,0,0,304145.2,0,0,304145.2,0,0,314070.68,0,0,319280.38,0,0,304145.2,0,0,304145.2,0,0,304145.2,0,0,304145.2,0,0,304145.2,0,0,304145.2,0,0,304145.2,0,0,304145.2,0,0,304145.2,0,0,309028.26,0,0,309028.26,0,0,304145.2,0,0,304145.2,0,0,304145.2,0,0,304145.2,0,0,314070.68,0,0,314070.68,0,0,304145.2,0,0,304145.2,0,0,304145.2,0,0,304145.2,0,0,304145.2,880120.48,106586.67,3179297.8,0,0,304145.2,0,0,304145.2,0,0,304145.2,0,0,304145.2,0,0,314070.68,0,0,314070.68,0,0,304145.2
both_sexes,2,Pfizer,2021-05-24,COVCOPD,0,0,0,0,0,0,0,0,0,0,0,0,0,0,0,0,0,0,0,0,0,0,0,0,0,0,0,0,0,0,0,0,0,0,0,0,0,1,0,0,0,0,0,0,0,0,0,0,0,0,291007.18,0,0,291007.18,0,0,291007.18,0,0,325450.05,0,0,320038.77,0,0,336840.81,0,0,291007.18,0,0,304833.31,0,0,325450.05,0,0,325450.05,0,0,291007.18,0,0,291007.18,0,0,291007.18,0,0,291007.18,0,0,291007.18,0,0,291007.18,0,0,300080.9,0,0,304833.31,0,0,291007.18,0,0,291007.18,0,0,291007.18,0,0,291007.18,0,0,291007.18,0,0,291007.18,0,0,291007.18,0,0,291007.18,0,0,291007.18,0,0,295474.39,0,0,295474.39,0,0,291007.18,0,0,291007.18,0,0,291007.18,0,0,291007.18,0,0,300080.9,0,0,300080.9,0,0,291007.18,0,0,291007.18,0,0,291007.18,0,0,291007.18,0,0,291007.18,507291.67,12843.51,2826448.26,0,0,291007.18,0,0,291007.18,0,0,291007.18,0,0,291007.18,0,0,300080.9,0,0,300080.9,0,0,291007.18
both_sexes,1,Pfizer,2021-04-05,COVCOPD,0,0,0,0,0,0,0,0,0,0,0,0,0,0,0,0,0,0,0,0,0,0,0,0,0,0,0,0,0,0,0,0,0,0,0,0,0,0,0,0,0,0,0,0,0,0,0,0,0,0,904270.62,0,0,904270.62,0,0,904270.62,0,0,962402.3,0,0,955576.75,0,0,955576.75,0,0,904270.62,0,0,948847.34,0,0,1161520.02,0,0,1161520.02,0,0,904270.62,0,0,904270.62,0,0,904270.62,0,0,904270.62,0,0,904270.62,0,0,904270.62,0,0,948847.34,0,0,948847.34,0,0,904270.62,0,0,904270.62,0,0,904270.62,0,0,904270.62,0,0,904270.62,0,0,904270.62,0,0,904270.62,0,0,904270.62,0,0,904270.62,0,0,904270.62,0,0,904270.62,0,0,904270.62,0,0,904270.62,0,0,904270.62,0,0,904270.62,0,0,922851.52,0,0,922851.52,0,0,904270.62,0,0,904270.62,0,0,904270.62,0,0,904270.62,0,0,904270.62,0,0,3368408.05,0,0,904270.62,0,0,904270.62,0,0,904270.62,0,0,904270.62,0,0,922851.52,0,0,922851.52,0,0,904270.62
both_sexes,1,Pfizer,2021-04-12,COVCOPD,0,0,0,0,0,0,0,0,0,0,0,0,0,0,0,0,0,0,0,0,0,0,0,0,0,0,0,0,0,0,0,0,0,0,0,0,0,0,0,0,0,0,0,0,0,0,0,0,0,0,596178.42,0,0,596178.42,0,0,596178.42,0,0,657250.35,0,0,677066.95,0,0,677066.95,0,0,596178.42,0,0,615234.35,0,0,761222.16,0,0,761222.16,0,0,596178.42,0,0,596178.42,0,0,596178.42,0,0,596178.42,0,0,596178.42,0,0,596178.42,0,0,615234.35,0,0,615234.35,0,0,596178.42,0,0,596178.42,0,0,596178.42,0,0,596178.42,0,0,596178.42,0,0,596178.42,0,0,596178.42,0,0,596178.42,0,0,596178.42,0,0,598828.1,0,0,598828.1,0,0,596178.42,0,0,596178.42,0,0,596178.42,0,0,596178.42,0,0,618056.52,0,0,618056.52,0,0,596178.42,0,0,596178.42,0,0,596178.42,0,0,596178.42,0,0,596178.42,0,0,2542194.76,0,0,596178.42,0,0,596178.42,0,0,596178.42,0,0,596178.42,0,0,618056.52,0,0,618056.52,0,0,596178.42
both_sexes,1,Pfizer,2021-03-29,COVCOPD,0,0,0,0,0,0,0,0,0,0,0,0,0,0,0,0,0,0,0,0,0,0,0,0,0,0,0,0,0,0,0,0,0,0,0,0,0,0,0,0,0,0,0,0,0,0,0,0,0,0,1308119.63,0,0,1308119.63,0,0,1308119.63,0,0,1308119.63,0,0,1433365.13,0,0,1464525.24,0,0,1308119.63,0,0,1433365.13,0,0,1448777.66,0,0,1448777.66,0,0,1308119.63,0,0,1308119.63,0,0,1308119.63,0,0,1308119.63,0,0,1308119.63,0,0,1308119.63,0,0,1374860.43,0,0,1403503.35,0,0,1308119.63,0,0,1308119.63,0,0,1308119.63,0,0,1308119.63,0,0,1308119.63,0,0,1308119.63,0,0,1308119.63,0,0,1308119.63,0,0,1308119.63,0,0,1308119.63,0,0,1308119.63,0,0,1308119.63,0,0,1308119.63,0,0,1308119.63,0,0,1308119.63,0,0,1308119.63,0,0,1308119.63,0,0,1308119.63,0,0,1308119.63,0,0,1308119.63,0,0,1308119.63,0,0,1308119.63,0,0,5182166.23,0,0,1308119.63,0,0,1308119.63,0,0,1308119.63,0,0,1308119.63,0,0,1308119.63,0,0,1308119.63,0,0,1308119.63
both_sexes,2,Pfizer,2021-04-26,COVCOPD,0,0,0,0,0,0,0,0,0,0,0,0,0,0,0,0,0,0,0,0,0,0,0,0,0,0,0,0,0,0,0,0,0,0,0,0,0,0,0,0,0,0,0,0,0,0,0,0,0,0,549944.17,0,0,549944.17,0,0,549944.17,0,0,612437.83,0,0,601501.44,0,0,641601.53,0,0,549944.17,0,0,583274.12,0,0,638560.77,0,0,638560.77,0,0,549944.17,0,0,549944.17,0,0,549944.17,0,0,549944.17,0,0,549944.17,0,0,549944.17,0,0,583274.12,0,0,601501.44,0,0,549944.17,0,0,549944.17,0,0,549944.17,0,0,549944.17,0,0,549944.17,0,0,549944.17,0,0,549944.17,0,0,549944.17,0,0,549944.17,0,0,549944.17,0,0,549944.17,0,0,549944.17,0,0,549944.17,0,0,549944.17,0,0,549944.17,0,0,554470.46,0,0,554470.46,0,0,549944.17,0,0,549944.17,0,0,549944.17,0,0,549944.17,0,0,549944.17,0,0,2994140.49,0,0,549944.17,0,0,549944.17,0,0,549944.17,0,0,549944.17,0,0,554470.46,0,0,554470.46,0,0,549944.17
both_sexes,2,Pfizer,2021-05-03,COVCOPD,0,0,0,0,0,0,0,0,0,0,0,0,0,0,0,0,0,0,0,0,0,0,0,0,0,0,0,0,0,0,0,0,0,0,0,0,0,0,0,0,0,0,0,0,0,0,0,0,0,0,391675.35,0,0,391675.35,0,0,391675.35,0,0,434633.3,0,0,443211.59,0,0,464608.01,0,0,391675.35,0,0,408291.89,0,0,453657.65,0,0,453657.65,0,0,391675.35,0,0,391675.35,0,0,391675.35,0,0,391675.35,0,0,391675.35,0,0,391675.35,0,0,408291.89,0,0,417140.32,0,0,391675.35,0,0,391675.35,0,0,391675.35,0,0,391675.35,0,0,391675.35,0,0,391675.35,0,0,391675.35,0,0,391675.35,0,0,391675.35,0,0,397452.28,0,0,397452.28,0,0,391675.35,0,0,391675.35,0,0,391675.35,0,0,391675.35,0,0,405832.3,0,0,405832.3,0,0,391675.35,0,0,391675.35,0,0,391675.35,0,0,391675.35,0,0,391675.35,0,0,2749720.86,0,0,391675.35,0,0,391675.35,0,0,391675.35,0,0,391675.35,0,0,405832.3,0,0,405832.3,0,0,391675.35
both_sexes,2,Pfizer,2021-04-19,COVCOPD,0,0,0,0,0,0,0,0,0,0,0,0,0,0,0,0,0,0,0,0,0,0,0,0,0,0,0,0,0,0,0,0,0,0,0,0,0,1,0,0,0,0,0,0,0,0,0,0,0,0,756945.63,0,0,756945.63,0,0,756945.63,0,0,821562.94,0,0,826603.2,0,0,904270.62,0,0,756945.63,0,0,792566.6,0,0,802001.92,0,0,802001.92,0,0,756945.63,0,0,756945.63,0,0,756945.63,0,0,756945.63,0,0,756945.63,0,0,756945.63,0,0,792566.6,0,0,826603.2,0,0,756945.63,0,0,756945.63,0,0,756945.63,0,0,756945.63,0,0,756945.63,0,0,756945.63,0,0,756945.63,0,0,756945.63,0,0,756945.63,0,0,756945.63,0,0,756945.63,0,0,756945.63,0,0,756945.63,0,0,756945.63,0,0,756945.63,0,0,756945.63,0,0,756945.63,0,0,756945.63,0,0,756945.63,0,0,756945.63,0,0,756945.63,0,0,756945.63,1043571.43,26420.94,5814407.85,0,0,756945.63,0,0,756945.63,0,0,756945.63,0,0,756945.63,0,0,756945.63,0,0,756945.63,0,0,756945.63
both_sexes,1,Pfizer,2021-02-22,COVCOPD,0,0,0,0,0,0,0,0,0,0,0,0,0,0,0,0,0,0,0,0,0,0,0,0,0,0,0,0,0,0,0,0,0,0,0,0,0,0,0,0,0,0,0,0,0,0,0,0,0,0,134736322.06,0,0,134736322.06,0,0,134736322.06,0,0,134736322.06,0,0,134736322.06,0,0,134736322.06,0,0,134736322.06,0,0,134736322.06,0,0,134736322.06,0,0,134736322.06,0,0,134736322.06,0,0,134736322.06,0,0,134736322.06,0,0,134736322.06,0,0,134736322.06,0,0,134736322.06,0,0,134736322.06,0,0,134736322.06,0,0,134736322.06,0,0,134736322.06,0,0,134736322.06,0,0,134736322.06,0,0,134736322.06,0,0,134736322.06,0,0,134736322.06,0,0,134736322.06,0,0,134736322.06,0,0,134736322.06,0,0,134736322.06,0,0,134736322.06,0,0,134736322.06,0,0,134736322.06,0,0,134736322.06,0,0,134736322.06,0,0,134736322.06,0,0,134736322.06,0,0,134736322.06,0,0,134736322.06,0,0,134736322.06,0,0,134736322.06,,,0,0,0,134736322.06,0,0,134736322.06,0,0,134736322.06,0,0,134736322.06,0,0,134736322.06,0,0,134736322.06,0,0,134736322.06
both_sexes,1,Pfizer,2021-03-01,COVCOPD,0,0,0,0,0,0,0,0,0,0,0,0,0,0,0,0,0,0,0,0,0,0,0,0,0,0,0,0,0,0,0,0,0,0,0,0,0,0,0,0,0,0,0,0,0,0,0,0,0,0,5182166.23,0,0,5182166.23,0,0,5182166.23,0,0,8421020.13,0,0,7091385.37,0,0,7091385.37,0,0,5182166.23,0,0,5182166.23,0,0,5182166.23,0,0,5182166.23,0,0,5182166.23,0,0,5182166.23,0,0,5182166.23,0,0,5182166.23,0,0,5182166.23,0,0,5182166.23,0,0,6124378.28,0,0,6124378.28,0,0,5182166.23,0,0,5182166.23,0,0,5182166.23,0,0,5182166.23,0,0,5182166.23,0,0,5182166.23,0,0,5182166.23,0,0,5182166.23,0,0,5182166.23,0,0,5182166.23,0,0,5182166.23,0,0,5182166.23,0,0,5182166.23,0,0,5182166.23,0,0,5182166.23,0,0,5182166.23,0,0,5182166.23,0,0,5182166.23,0,0,5182166.23,0,0,5182166.23,0,0,5182166.23,0,0,5182166.23,,,0,0,0,5182166.23,0,0,5182166.23,0,0,5182166.23,0,0,5182166.23,0,0,5182166.23,0,0,5182166.23,0,0,5182166.23
both_sexes,1,Pfizer,2021-03-08,COVCOPD,0,0,0,0,0,0,0,0,0,0,0,0,0,0,0,0,0,0,0,0,0,0,0,0,0,0,0,0,0,0,0,0,0,0,0,0,0,0,0,0,0,0,0,0,0,0,0,0,0,0,2138671.78,0,0,2138671.78,0,0,2138671.78,0,0,2749720.86,0,0,2542194.76,0,0,2807006.71,0,0,2138671.78,0,0,2245605.37,0,0,2138671.78,0,0,2138671.78,0,0,2138671.78,0,0,2138671.78,0,0,2138671.78,0,0,2138671.78,0,0,2138671.78,0,0,2138671.78,0,0,2406005.75,0,0,2641888.67,0,0,2138671.78,0,0,2138671.78,0,0,2138671.78,0,0,2138671.78,0,0,2138671.78,0,0,2138671.78,0,0,2138671.78,0,0,2138671.78,0,0,2138671.78,0,0,2138671.78,0,0,2138671.78,0,0,2138671.78,0,0,2138671.78,0,0,2138671.78,0,0,2138671.78,0,0,2138671.78,0,0,2138671.78,0,0,2138671.78,0,0,2138671.78,0,0,2138671.78,0,0,2138671.78,0,0,2138671.78,0,0,22456053.68,0,0,2138671.78,0,0,2138671.78,0,0,2138671.78,0,0,2138671.78,0,0,2138671.78,0,0,2138671.78,0,0,2138671.78
both_sexes,1,Pfizer,2021-03-15,COVCOPD,0,0,0,0,0,0,0,0,0,0,0,0,0,0,0,0,0,0,0,0,0,0,0,0,0,0,0,0,0,0,0,0,0,0,0,0,0,0,0,0,0,0,0,0,0,0,0,0,0,0,1772846.34,0,0,1772846.34,0,0,1772846.34,0,0,2105255.03,0,0,2105255.03,0,0,2363795.12,0,0,1772846.34,0,0,1952700.32,0,0,1772846.34,0,0,1772846.34,0,0,1772846.34,0,0,1772846.34,0,0,1772846.34,0,0,1772846.34,0,0,1772846.34,0,0,1772846.34,0,0,1952700.32,0,0,2173166.48,0,0,1772846.34,0,0,1772846.34,0,0,1772846.34,0,0,1772846.34,0,0,1772846.34,0,0,1772846.34,0,0,1772846.34,0,0,1772846.34,0,0,1772846.34,0,0,1772846.34,0,0,1772846.34,0,0,1772846.34,0,0,1772846.34,0,0,1772846.34,0,0,1772846.34,0,0,1772846.34,0,0,1772846.34,0,0,1772846.34,0,0,1772846.34,0,0,1772846.34,0,0,1772846.34,0,0,1772846.34,0,0,9624023,0,0,1772846.34,0,0,1772846.34,0,0,1772846.34,0,0,1772846.34,0,0,1772846.34,0,0,1772846.34,0,0,1772846.34
both_sexes,1,Pfizer,2021-03-22,COVCOPD,0,0,0,0,0,0,0,0,0,0,0,0,0,0,0,0,0,0,0,0,0,0,0,0,0,0,0,0,0,0,0,0,0,0,0,0,0,0,0,0,0,0,0,0,0,0,0,0,0,0,1497070.25,0,0,1497070.25,0,0,1497070.25,0,0,1585133.2,0,0,1623329.18,0,0,1772846.34,0,0,1497070.25,0,0,1623329.18,0,0,1497070.25,0,0,1497070.25,0,0,1497070.25,0,0,1497070.25,0,0,1497070.25,0,0,1497070.25,0,0,1497070.25,0,0,1497070.25,0,0,1623329.18,0,0,1772846.34,0,0,1497070.25,0,0,1497070.25,0,0,1497070.25,0,0,1497070.25,0,0,1497070.25,0,0,1497070.25,0,0,1497070.25,0,0,1497070.25,0,0,1497070.25,0,0,1497070.25,0,0,1497070.25,0,0,1497070.25,0,0,1497070.25,0,0,1497070.25,0,0,1497070.25,0,0,1497070.25,0,0,1497070.25,0,0,1497070.25,0,0,1497070.25,0,0,1497070.25,0,0,1497070.25,0,0,1497070.25,0,0,7485351.23,0,0,1497070.25,0,0,1497070.25,0,0,1497070.25,0,0,1497070.25,0,0,1497070.25,0,0,1497070.25,0,0,1497070.25
both_sexes,2,Pfizer,2021-03-15,COVCOPD,0,0,0,0,0,0,0,0,0,0,0,0,0,0,0,0,0,0,0,0,0,0,0,0,0,0,0,0,0,0,0,0,0,0,0,0,0,0,0,0,0,0,0,0,0,0,0,0,0,0,4346332.97,0,0,4346332.97,0,0,4346332.97,0,0,4646080.07,0,0,4646080.07,0,0,6124378.28,0,0,4346332.97,0,0,4346332.97,0,0,4346332.97,0,0,4346332.97,0,0,4346332.97,0,0,4346332.97,0,0,4346332.97,0,0,4346332.97,0,0,4346332.97,0,0,4346332.97,0,0,4346332.97,0,0,4346332.97,0,0,4346332.97,0,0,4346332.97,0,0,4346332.97,0,0,4346332.97,0,0,4346332.97,0,0,4346332.97,0,0,4346332.97,0,0,4346332.97,0,0,4346332.97,0,0,4346332.97,0,0,4346332.97,0,0,4346332.97,0,0,4346332.97,0,0,4346332.97,0,0,4346332.97,0,0,4346332.97,0,0,4346332.97,0,0,4346332.97,0,0,4346332.97,0,0,4346332.97,0,0,4346332.97,0,0,4346332.97,0,0,9624023,0,0,4346332.97,0,0,4346332.97,0,0,4346332.97,0,0,4346332.97,0,0,4346332.97,0,0,4346332.97,0,0,4346332.97
both_sexes,2,Pfizer,2021-03-22,COVCOPD,0,0,0,0,0,0,0,0,0,0,0,0,0,0,0,0,0,0,0,0,0,0,0,0,0,0,0,0,0,0,0,0,0,0,0,0,0,0,0,0,0,0,0,0,0,0,0,0,0,0,2866730.26,0,0,2866730.26,0,0,2866730.26,0,0,3545692.69,0,0,3368408.05,0,0,4082918.85,0,0,2866730.26,0,0,2866730.26,0,0,2866730.26,0,0,2866730.26,0,0,2866730.26,0,0,2866730.26,0,0,2866730.26,0,0,2866730.26,0,0,2866730.26,0,0,2866730.26,0,0,2866730.26,0,0,2866730.26,0,0,2866730.26,0,0,2866730.26,0,0,2866730.26,0,0,2866730.26,0,0,2866730.26,0,0,2866730.26,0,0,2866730.26,0,0,2866730.26,0,0,2866730.26,0,0,2866730.26,0,0,2866730.26,0,0,2866730.26,0,0,2866730.26,0,0,2866730.26,0,0,2866730.26,0,0,2866730.26,0,0,2866730.26,0,0,2866730.26,0,0,2866730.26,0,0,2866730.26,0,0,2866730.26,0,0,2866730.26,0,0,9624023,0,0,2866730.26,0,0,2866730.26,0,0,2866730.26,0,0,2866730.26,0,0,2866730.26,0,0,2866730.26,0,0,2866730.26
both_sexes,2,Pfizer,2021-03-29,COVCOPD,0,0,0,0,0,0,0,0,0,0,0,0,0,0,0,0,0,0,0,0,0,0,0,0,0,0,0,0,0,0,0,0,0,0,0,0,0,0,0,0,0,0,0,0,0,0,0,0,0,0,1585133.2,0,0,1585133.2,0,0,1585133.2,0,0,1897694.68,0,0,1796484.29,0,0,2138671.78,0,0,1585133.2,0,0,1643125.88,0,0,1585133.2,0,0,1585133.2,0,0,1585133.2,0,0,1585133.2,0,0,1585133.2,0,0,1585133.2,0,0,1585133.2,0,0,1585133.2,0,0,1727388.74,0,0,1845703.04,0,0,1585133.2,0,0,1585133.2,0,0,1585133.2,0,0,1585133.2,0,0,1585133.2,0,0,1585133.2,0,0,1585133.2,0,0,1585133.2,0,0,1585133.2,0,0,1585133.2,0,0,1585133.2,0,0,1585133.2,0,0,1585133.2,0,0,1585133.2,0,0,1585133.2,0,0,1585133.2,0,0,1585133.2,0,0,1585133.2,0,0,1585133.2,0,0,1585133.2,0,0,1585133.2,0,0,1585133.2,0,0,9624023,0,0,1585133.2,0,0,1585133.2,0,0,1585133.2,0,0,1585133.2,0,0,1585133.2,0,0,1585133.2,0,0,1585133.2
both_sexes,2,Pfizer,2021-04-05,COVCOPD,0,0,0,0,0,0,0,0,0,0,0,0,0,0,0,0,0,0,0,0,0,0,0,0,0,0,0,0,0,0,0,0,0,0,0,0,0,0,0,0,0,0,0,0,0,0,0,0,0,0,1347363.22,0,0,1347363.22,0,0,1347363.22,0,0,1566701.42,0,0,1566701.42,0,0,1871337.81,0,0,1347363.22,0,0,1448777.66,0,0,1347363.22,0,0,1347363.22,0,0,1347363.22,0,0,1347363.22,0,0,1347363.22,0,0,1347363.22,0,0,1347363.22,0,0,1347363.22,0,0,1448777.66,0,0,1566701.42,0,0,1347363.22,0,0,1347363.22,0,0,1347363.22,0,0,1347363.22,0,0,1347363.22,0,0,1347363.22,0,0,1347363.22,0,0,1347363.22,0,0,1347363.22,0,0,1347363.22,0,0,1347363.22,0,0,1347363.22,0,0,1347363.22,0,0,1347363.22,0,0,1347363.22,0,0,1347363.22,0,0,1347363.22,0,0,1347363.22,0,0,1347363.22,0,0,1347363.22,0,0,1347363.22,0,0,1347363.22,0,0,6416015.34,0,0,1347363.22,0,0,1347363.22,0,0,1347363.22,0,0,1347363.22,0,0,1347363.22,0,0,1347363.22,0,0,1347363.22
both_sexes,2,Pfizer,2021-04-12,COVCOPD,0,0,0,0,0,0,0,0,0,0,0,0,0,0,0,0,0,0,0,0,0,0,0,0,0,0,0,0,0,0,0,0,0,0,0,0,0,0,0,0,0,0,0,0,0,0,0,0,0,0,1020729.71,0,0,1020729.71,0,0,1020729.71,0,0,1141833.24,0,0,1141833.24,0,0,1295541.56,0,0,1020729.71,0,0,1077890.58,0,0,1020729.71,0,0,1020729.71,0,0,1020729.71,0,0,1020729.71,0,0,1020729.71,0,0,1020729.71,0,0,1020729.71,0,0,1020729.71,0,0,1077890.58,0,0,1141833.24,0,0,1020729.71,0,0,1020729.71,0,0,1020729.71,0,0,1020729.71,0,0,1020729.71,0,0,1020729.71,0,0,1020729.71,0,0,1020729.71,0,0,1020729.71,0,0,1020729.71,0,0,1020729.71,0,0,1020729.71,0,0,1020729.71,0,0,1020729.71,0,0,1020729.71,0,0,1020729.71,0,0,1020729.71,0,0,1020729.71,0,0,1020729.71,0,0,1020729.71,0,0,1020729.71,0,0,1020729.71,0,0,5858100.96,0,0,1020729.71,0,0,1020729.71,0,0,1020729.71,0,0,1020729.71,0,0,1020729.71,0,0,1020729.71,0,0,1020729.71
both_sexes,1,Pfizer,2021-01-04,COVCOPD,0,0,0,0,0,0,0,0,0,0,0,0,0,0,0,0,0,0,0,0,0,0,0,0,0,0,0,0,0,0,0,0,0,0,0,0,0,0,0,0,0,0,0,0,0,0,0,0,0,0,16842040.26,0,0,16842040.26,0,0,16842040.26,0,0,16842040.26,0,0,16842040.26,0,0,67368161.03,0,0,16842040.26,0,0,16842040.26,0,0,16842040.26,0,0,16842040.26,0,0,16842040.26,0,0,16842040.26,0,0,16842040.26,0,0,16842040.26,0,0,16842040.26,0,0,16842040.26,0,0,16842040.26,0,0,16842040.26,0,0,16842040.26,0,0,16842040.26,0,0,16842040.26,0,0,16842040.26,0,0,16842040.26,0,0,16842040.26,0,0,16842040.26,0,0,16842040.26,0,0,16842040.26,0,0,16842040.26,0,0,16842040.26,0,0,16842040.26,0,0,16842040.26,0,0,16842040.26,0,0,16842040.26,0,0,16842040.26,0,0,16842040.26,0,0,16842040.26,0,0,16842040.26,0,0,16842040.26,0,0,16842040.26,0,0,16842040.26,0,0,67368161.03,0,0,16842040.26,0,0,16842040.26,0,0,16842040.26,0,0,16842040.26,0,0,16842040.26,0,0,16842040.26,0,0,16842040.26
both_sexes,1,Pfizer,2021-01-11,COVCOPD,0,0,0,0,0,0,0,0,0,0,0,0,0,0,0,0,0,0,0,0,0,0,0,0,0,0,0,0,0,0,0,0,0,0,0,0,0,0,0,0,0,0,0,0,0,0,0,0,0,0,5858100.96,0,0,5858100.96,0,0,5858100.96,0,0,5858100.96,0,0,5858100.96,0,0,8421020.13,0,0,5858100.96,0,0,5858100.96,0,0,5858100.96,0,0,5858100.96,0,0,5858100.96,0,0,5858100.96,0,0,5858100.96,0,0,5858100.96,0,0,5858100.96,0,0,5858100.96,0,0,5858100.96,0,0,5858100.96,0,0,5858100.96,0,0,5858100.96,0,0,5858100.96,0,0,5858100.96,0,0,5858100.96,0,0,5858100.96,0,0,5858100.96,0,0,5858100.96,0,0,5858100.96,0,0,5858100.96,0,0,5858100.96,0,0,5858100.96,0,0,5858100.96,0,0,5858100.96,0,0,5858100.96,0,0,5858100.96,0,0,5858100.96,0,0,5858100.96,0,0,5858100.96,0,0,5858100.96,0,0,5858100.96,0,0,5858100.96,0,0,9624023,0,0,5858100.96,0,0,5858100.96,0,0,5858100.96,0,0,5858100.96,0,0,5858100.96,0,0,5858100.96,0,0,5858100.96
both_sexes,1,Pfizer,2021-01-18,COVCOPD,0,0,0,0,0,0,0,0,0,0,0,0,0,0,0,0,0,0,0,0,0,0,0,0,0,0,0,0,0,0,0,0,0,0,0,0,0,0,0,0,0,0,0,0,0,0,0,0,0,0,4812011.5,0,0,4812011.5,0,0,4812011.5,0,0,4812011.5,0,0,4812011.5,0,0,6416015.34,0,0,4812011.5,0,0,4812011.5,0,0,4812011.5,0,0,4812011.5,0,0,4812011.5,0,0,4812011.5,0,0,4812011.5,0,0,4812011.5,0,0,4812011.5,0,0,4812011.5,0,0,4812011.5,0,0,4812011.5,0,0,4812011.5,0,0,4812011.5,0,0,4812011.5,0,0,4812011.5,0,0,4812011.5,0,0,4812011.5,0,0,4812011.5,0,0,4812011.5,0,0,4812011.5,0,0,4812011.5,0,0,4812011.5,0,0,4812011.5,0,0,4812011.5,0,0,4812011.5,0,0,4812011.5,0,0,4812011.5,0,0,4812011.5,0,0,4812011.5,0,0,4812011.5,0,0,4812011.5,0,0,4812011.5,0,0,4812011.5,0,0,9624023,0,0,4812011.5,0,0,4812011.5,0,0,4812011.5,0,0,4812011.5,0,0,4812011.5,0,0,4812011.5,0,0,4812011.5
both_sexes,1,Pfizer,2021-01-25,COVCOPD,0,0,0,0,0,0,0,0,0,0,0,0,0,0,0,0,0,0,0,0,0,0,0,0,0,0,0,0,0,0,0,0,0,0,0,0,0,0,0,0,0,0,0,0,0,0,0,0,0,0,6736816.1,0,0,6736816.1,0,0,6736816.1,0,0,6736816.1,0,0,6736816.1,0,0,7485351.23,0,0,6736816.1,0,0,6736816.1,0,0,6736816.1,0,0,6736816.1,0,0,6736816.1,0,0,6736816.1,0,0,6736816.1,0,0,6736816.1,0,0,6736816.1,0,0,6736816.1,0,0,6736816.1,0,0,6736816.1,0,0,6736816.1,0,0,6736816.1,0,0,6736816.1,0,0,6736816.1,0,0,6736816.1,0,0,6736816.1,0,0,6736816.1,0,0,6736816.1,0,0,6736816.1,0,0,6736816.1,0,0,6736816.1,0,0,6736816.1,0,0,6736816.1,0,0,6736816.1,0,0,6736816.1,0,0,6736816.1,0,0,6736816.1,0,0,6736816.1,0,0,6736816.1,0,0,6736816.1,0,0,6736816.1,0,0,6736816.1,0,0,12248756.55,0,0,6736816.1,0,0,6736816.1,0,0,6736816.1,0,0,6736816.1,0,0,6736816.1,0,0,6736816.1,0,0,6736816.1
both_sexes,1,Pfizer,2021-02-01,COVCOPD,0,0,0,0,0,0,0,0,0,0,0,0,0,0,0,0,0,0,0,0,0,0,0,0,0,0,0,0,0,0,0,0,0,0,0,0,0,0,0,0,0,0,0,0,0,0,0,0,0,0,22456053.68,0,0,22456053.68,0,0,22456053.68,0,0,22456053.68,0,0,22456053.68,0,0,22456053.68,0,0,22456053.68,0,0,22456053.68,0,0,22456053.68,0,0,22456053.68,0,0,22456053.68,0,0,22456053.68,0,0,22456053.68,0,0,22456053.68,0,0,22456053.68,0,0,22456053.68,0,0,22456053.68,0,0,22456053.68,0,0,22456053.68,0,0,22456053.68,0,0,22456053.68,0,0,22456053.68,0,0,22456053.68,0,0,22456053.68,0,0,22456053.68,0,0,22456053.68,0,0,22456053.68,0,0,22456053.68,0,0,22456053.68,0,0,22456053.68,0,0,22456053.68,0,0,22456053.68,0,0,22456053.68,0,0,22456053.68,0,0,22456053.68,0,0,22456053.68,0,0,22456053.68,0,0,22456053.68,0,0,22456053.68,0,0,22456053.68,0,0,67368161.03,0,0,22456053.68,0,0,22456053.68,0,0,22456053.68,0,0,22456053.68,0,0,22456053.68,0,0,22456053.68,0,0,22456053.68
both_sexes,2,Pfizer,2021-02-01,COVCOPD,0,0,0,0,0,0,0,0,0,0,0,0,0,0,0,0,0,0,0,0,0,0,0,0,0,0,0,0,0,0,0,0,0,0,0,0,0,0,0,0,0,0,0,0,0,0,0,0,0,0,6124378.28,0,0,6124378.28,0,0,6124378.28,0,0,6124378.28,0,0,6124378.28,0,0,8982421.47,0,0,6124378.28,0,0,6124378.28,0,0,6124378.28,0,0,6124378.28,0,0,6124378.28,0,0,6124378.28,0,0,6124378.28,0,0,6124378.28,0,0,6124378.28,0,0,6124378.28,0,0,6124378.28,0,0,6124378.28,0,0,6124378.28,0,0,6124378.28,0,0,6124378.28,0,0,6124378.28,0,0,6124378.28,0,0,6124378.28,0,0,6124378.28,0,0,6124378.28,0,0,6124378.28,0,0,6124378.28,0,0,6124378.28,0,0,6124378.28,0,0,6124378.28,0,0,6124378.28,0,0,6124378.28,0,0,6124378.28,0,0,6124378.28,0,0,6124378.28,0,0,6124378.28,0,0,6124378.28,0,0,6124378.28,0,0,6124378.28,0,0,11228026.84,0,0,6124378.28,0,0,6124378.28,0,0,6124378.28,0,0,6124378.28,0,0,6124378.28,0,0,6124378.28,0,0,6124378.28
both_sexes,2,Pfizer,2021-02-08,COVCOPD,0,0,0,0,0,0,0,0,0,0,0,0,0,0,0,0,0,0,0,0,0,0,0,0,0,0,0,0,0,0,0,0,0,0,0,0,0,0,0,0,0,0,0,0,0,0,0,0,0,0,4812011.5,0,0,4812011.5,0,0,4812011.5,0,0,4812011.5,0,0,4812011.5,0,0,6416015.34,0,0,4812011.5,0,0,4812011.5,0,0,4812011.5,0,0,4812011.5,0,0,4812011.5,0,0,4812011.5,0,0,4812011.5,0,0,4812011.5,0,0,4812011.5,0,0,4812011.5,0,0,4812011.5,0,0,4812011.5,0,0,4812011.5,0,0,4812011.5,0,0,4812011.5,0,0,4812011.5,0,0,4812011.5,0,0,4812011.5,0,0,4812011.5,0,0,4812011.5,0,0,4812011.5,0,0,4812011.5,0,0,4812011.5,0,0,4812011.5,0,0,4812011.5,0,0,4812011.5,0,0,4812011.5,0,0,4812011.5,0,0,4812011.5,0,0,4812011.5,0,0,4812011.5,0,0,4812011.5,0,0,4812011.5,0,0,4812011.5,0,0,9624023,0,0,4812011.5,0,0,4812011.5,0,0,4812011.5,0,0,4812011.5,0,0,4812011.5,0,0,4812011.5,0,0,4812011.5
both_sexes,2,Pfizer,2021-02-15,COVCOPD,0,0,0,0,0,0,0,0,0,0,0,0,0,0,0,0,0,0,0,0,0,0,0,0,0,0,0,0,0,0,0,0,0,0,0,0,0,0,0,0,0,0,0,0,0,0,0,0,0,0,4812011.5,0,0,4812011.5,0,0,4812011.5,0,0,4812011.5,0,0,4812011.5,0,0,6416015.34,0,0,4812011.5,0,0,4812011.5,0,0,4812011.5,0,0,4812011.5,0,0,4812011.5,0,0,4812011.5,0,0,4812011.5,0,0,4812011.5,0,0,4812011.5,0,0,4812011.5,0,0,4812011.5,0,0,4812011.5,0,0,4812011.5,0,0,4812011.5,0,0,4812011.5,0,0,4812011.5,0,0,4812011.5,0,0,4812011.5,0,0,4812011.5,0,0,4812011.5,0,0,4812011.5,0,0,4812011.5,0,0,4812011.5,0,0,4812011.5,0,0,4812011.5,0,0,4812011.5,0,0,4812011.5,0,0,4812011.5,0,0,4812011.5,0,0,4812011.5,0,0,4812011.5,0,0,4812011.5,0,0,4812011.5,0,0,4812011.5,0,0,9624023,0,0,4812011.5,0,0,4812011.5,0,0,4812011.5,0,0,4812011.5,0,0,4812011.5,0,0,4812011.5,0,0,4812011.5
both_sexes,2,Pfizer,2021-02-22,COVCOPD,0,0,0,0,0,0,0,0,0,0,0,0,0,0,0,0,0,0,0,0,0,0,0,0,0,0,0,0,0,0,0,0,0,0,0,0,0,0,0,0,0,0,0,0,0,0,0,0,0,0,4812011.5,0,0,4812011.5,0,0,4812011.5,0,0,4812011.5,0,0,4812011.5,0,0,6416015.34,0,0,4812011.5,0,0,4812011.5,0,0,4812011.5,0,0,4812011.5,0,0,4812011.5,0,0,4812011.5,0,0,4812011.5,0,0,4812011.5,0,0,4812011.5,0,0,4812011.5,0,0,4812011.5,0,0,4812011.5,0,0,4812011.5,0,0,4812011.5,0,0,4812011.5,0,0,4812011.5,0,0,4812011.5,0,0,4812011.5,0,0,4812011.5,0,0,4812011.5,0,0,4812011.5,0,0,4812011.5,0,0,4812011.5,0,0,4812011.5,0,0,4812011.5,0,0,4812011.5,0,0,4812011.5,0,0,4812011.5,0,0,4812011.5,0,0,4812011.5,0,0,4812011.5,0,0,4812011.5,0,0,4812011.5,0,0,4812011.5,0,0,9624023,0,0,4812011.5,0,0,4812011.5,0,0,4812011.5,0,0,4812011.5,0,0,4812011.5,0,0,4812011.5,0,0,4812011.5
both_sexes,2,Pfizer,2021-03-01,COVCOPD,0,0,0,0,0,0,0,0,0,0,0,0,0,0,0,0,0,0,0,0,0,0,0,0,0,0,0,0,0,0,0,0,0,0,0,0,0,0,0,0,0,0,0,0,0,0,0,0,0,0,4812011.5,0,0,4812011.5,0,0,4812011.5,0,0,4812011.5,0,0,4812011.5,0,0,6416015.34,0,0,4812011.5,0,0,4812011.5,0,0,4812011.5,0,0,4812011.5,0,0,4812011.5,0,0,4812011.5,0,0,4812011.5,0,0,4812011.5,0,0,4812011.5,0,0,4812011.5,0,0,4812011.5,0,0,4812011.5,0,0,4812011.5,0,0,4812011.5,0,0,4812011.5,0,0,4812011.5,0,0,4812011.5,0,0,4812011.5,0,0,4812011.5,0,0,4812011.5,0,0,4812011.5,0,0,4812011.5,0,0,4812011.5,0,0,4812011.5,0,0,4812011.5,0,0,4812011.5,0,0,4812011.5,0,0,4812011.5,0,0,4812011.5,0,0,4812011.5,0,0,4812011.5,0,0,4812011.5,0,0,4812011.5,0,0,4812011.5,0,0,9624023,0,0,4812011.5,0,0,4812011.5,0,0,4812011.5,0,0,4812011.5,0,0,4812011.5,0,0,4812011.5,0,0,4812011.5
both_sexes,2,Pfizer,2021-03-08,COVCOPD,0,0,0,0,0,0,0,0,0,0,0,0,0,0,0,0,0,0,0,0,0,0,0,0,0,0,0,0,0,0,0,0,0,0,0,0,0,0,0,0,0,0,0,0,0,0,0,0,0,0,4812011.5,0,0,4812011.5,0,0,4812011.5,0,0,4812011.5,0,0,4812011.5,0,0,6416015.34,0,0,4812011.5,0,0,4812011.5,0,0,4812011.5,0,0,4812011.5,0,0,4812011.5,0,0,4812011.5,0,0,4812011.5,0,0,4812011.5,0,0,4812011.5,0,0,4812011.5,0,0,4812011.5,0,0,4812011.5,0,0,4812011.5,0,0,4812011.5,0,0,4812011.5,0,0,4812011.5,0,0,4812011.5,0,0,4812011.5,0,0,4812011.5,0,0,4812011.5,0,0,4812011.5,0,0,4812011.5,0,0,4812011.5,0,0,4812011.5,0,0,4812011.5,0,0,4812011.5,0,0,4812011.5,0,0,4812011.5,0,0,4812011.5,0,0,4812011.5,0,0,4812011.5,0,0,4812011.5,0,0,4812011.5,0,0,4812011.5,0,0,9624023,0,0,4812011.5,0,0,4812011.5,0,0,4812011.5,0,0,4812011.5,0,0,4812011.5,0,0,4812011.5,0,0,4812011.5
both_sexes,1,J&J,2021-05-24,COVCOPD,0,0,0,0,0,0,0,0,0,0,0,0,0,0,0,0,0,0,0,0,0,0,0,0,0,0,0,0,0,0,0,0,0,0,0,0,0,0,0,0,0,0,0,0,0,0,0,0,0,0,22456053.68,0,0,22456053.68,0,0,22456053.68,0,0,22456053.68,0,0,22456053.68,0,0,22456053.68,0,0,22456053.68,0,0,22456053.68,0,0,22456053.68,0,0,22456053.68,0,0,22456053.68,0,0,22456053.68,0,0,22456053.68,0,0,22456053.68,0,0,22456053.68,0,0,22456053.68,0,0,22456053.68,0,0,22456053.68,0,0,22456053.68,0,0,22456053.68,0,0,22456053.68,0,0,22456053.68,0,0,22456053.68,0,0,22456053.68,0,0,22456053.68,0,0,22456053.68,0,0,22456053.68,0,0,22456053.68,0,0,22456053.68,0,0,22456053.68,0,0,22456053.68,0,0,22456053.68,0,0,22456053.68,0,0,22456053.68,0,0,22456053.68,0,0,22456053.68,0,0,22456053.68,0,0,22456053.68,0,0,22456053.68,0,0,22456053.68,0,0,22456053.68,0,0,22456053.68,0,0,22456053.68,0,0,22456053.68,0,0,22456053.68,0,0,22456053.68,0,0,22456053.68,0,0,22456053.68
both_sexes,2,Pfizer,2021-01-25,COVCOPD,0,0,0,0,0,0,0,0,0,0,0,0,0,0,0,0,0,0,0,0,0,0,0,0,0,0,0,0,0,0,0,0,0,0,0,0,0,0,0,0,0,0,0,0,0,0,0,0,0,0,16842040.26,0,0,16842040.26,0,0,16842040.26,0,0,16842040.26,0,0,16842040.26,0,0,44912107.35,0,0,16842040.26,0,0,16842040.26,0,0,16842040.26,0,0,16842040.26,0,0,16842040.26,0,0,16842040.26,0,0,16842040.26,0,0,16842040.26,0,0,16842040.26,0,0,16842040.26,0,0,16842040.26,0,0,16842040.26,0,0,16842040.26,0,0,16842040.26,0,0,16842040.26,0,0,16842040.26,0,0,16842040.26,0,0,16842040.26,0,0,16842040.26,0,0,16842040.26,0,0,16842040.26,0,0,16842040.26,0,0,16842040.26,0,0,16842040.26,0,0,16842040.26,0,0,16842040.26,0,0,16842040.26,0,0,16842040.26,0,0,16842040.26,0,0,16842040.26,0,0,16842040.26,0,0,16842040.26,0,0,16842040.26,0,0,16842040.26,0,0,44912107.35,0,0,16842040.26,0,0,16842040.26,0,0,16842040.26,0,0,16842040.26,0,0,16842040.26,0,0,16842040.26,0,0,16842040.26
both_sexes,1,Moderna,2021-03-01,COVCOPD,0,0,0,0,0,0,0,0,0,0,0,0,0,0,0,0,0,0,0,0,0,0,0,0,0,0,0,0,0,0,0,0,0,0,0,0,0,0,0,0,0,0,0,0,0,0,0,0,0,0,44912107.35,,,0,0,0,44912107.35,0,0,44912107.35,,,0,,,0,0,0,44912107.35,0,0,44912107.35,,,0,,,0,0,0,44912107.35,0,0,44912107.35,0,0,44912107.35,0,0,44912107.35,0,0,44912107.35,0,0,44912107.35,0,0,44912107.35,0,0,44912107.35,0,0,44912107.35,0,0,44912107.35,0,0,44912107.35,0,0,44912107.35,0,0,44912107.35,0,0,44912107.35,0,0,44912107.35,0,0,44912107.35,0,0,44912107.35,0,0,44912107.35,0,0,44912107.35,0,0,44912107.35,0,0,44912107.35,0,0,44912107.35,0,0,44912107.35,0,0,44912107.35,0,0,44912107.35,0,0,44912107.35,0,0,44912107.35,0,0,44912107.35,0,0,44912107.35,0,0,44912107.35,,,0,0,0,44912107.35,0,0,44912107.35,0,0,44912107.35,0,0,44912107.35,0,0,44912107.35,0,0,44912107.35,0,0,44912107.35
both_sexes,2,Moderna,2021-03-29,COVCOPD,0,0,0,0,0,0,0,0,0,0,0,0,0,0,0,0,0,0,0,0,0,0,0,0,0,0,0,0,0,0,0,0,0,0,0,0,0,0,0,0,0,0,0,0,0,0,0,0,0,0,44912107.35,,,0,0,0,44912107.35,0,0,44912107.35,,,0,,,0,0,0,44912107.35,0,0,44912107.35,,,0,,,0,0,0,44912107.35,0,0,44912107.35,0,0,44912107.35,0,0,44912107.35,0,0,44912107.35,0,0,44912107.35,0,0,44912107.35,0,0,44912107.35,0,0,44912107.35,0,0,44912107.35,0,0,44912107.35,0,0,44912107.35,0,0,44912107.35,0,0,44912107.35,0,0,44912107.35,0,0,44912107.35,0,0,44912107.35,0,0,44912107.35,0,0,44912107.35,0,0,44912107.35,0,0,44912107.35,0,0,44912107.35,0,0,44912107.35,0,0,44912107.35,0,0,44912107.35,0,0,44912107.35,0,0,44912107.35,0,0,44912107.35,0,0,44912107.35,0,0,44912107.35,,,0,0,0,44912107.35,0,0,44912107.35,0,0,44912107.35,0,0,44912107.35,0,0,44912107.35,0,0,44912107.35,0,0,44912107.35
both_sexes,0,0,2020-01-06,COVHIV,0,0,0,0,0,0,0,0,0,0,0,0,0,0,0,0,0,0,0,0,0,0,0,0,0,0,0,0,0,0,0,0,0,0,0,0,0,0,0,0,0,0,0,0,0,0,0,0,0,0,802001.92,0,0,802001.92,0,0,802001.92,0,0,802001.92,0,0,802001.92,0,0,802001.92,0,0,802001.92,0,0,802001.92,0,0,836871.57,0,0,836871.57,0,0,836871.57,0,0,836871.57,0,0,836871.57,0,0,836871.57,0,0,802001.92,0,0,802001.92,0,0,802001.92,0,0,802001.92,0,0,802001.92,0,0,802001.92,0,0,802001.92,0,0,802001.92,0,0,802001.92,0,0,802001.92,0,0,802001.92,0,0,802001.92,0,0,802001.92,0,0,836871.57,0,0,836871.57,0,0,836871.57,0,0,836871.57,0,0,802001.92,0,0,802001.92,0,0,802001.92,0,0,802001.92,0,0,802001.92,0,0,802001.92,0,0,802001.92,0,0,802001.92,0,0,802001.92,0,0,1069335.89,0,0,802001.92,0,0,802001.92,0,0,802001.92,0,0,836871.57,0,0,802001.92,0,0,836871.57,0,0,802001.92
both_sexes,0,0,2020-01-13,COVHIV,0,0,0,0,0,0,0,0,0,0,0,0,0,0,0,0,0,0,0,0,0,0,0,0,0,0,0,0,0,0,0,0,0,0,0,0,0,0,0,0,0,0,0,0,0,0,0,0,0,0,802001.92,0,0,802001.92,0,0,802001.92,0,0,802001.92,0,0,802001.92,0,0,802001.92,0,0,802001.92,0,0,802001.92,0,0,836871.57,0,0,836871.57,0,0,836871.57,0,0,836871.57,0,0,836871.57,0,0,836871.57,0,0,802001.92,0,0,802001.92,0,0,802001.92,0,0,802001.92,0,0,802001.92,0,0,802001.92,0,0,802001.92,0,0,802001.92,0,0,802001.92,0,0,802001.92,0,0,802001.92,0,0,802001.92,0,0,802001.92,0,0,836871.57,0,0,836871.57,0,0,836871.57,0,0,836871.57,0,0,802001.92,0,0,802001.92,0,0,802001.92,0,0,802001.92,0,0,802001.92,0,0,802001.92,0,0,802001.92,0,0,802001.92,0,0,802001.92,0,0,1069335.89,0,0,802001.92,0,0,802001.92,0,0,802001.92,0,0,836871.57,0,0,802001.92,0,0,836871.57,0,0,802001.92
both_sexes,0,0,2020-01-20,COVHIV,0,0,0,0,0,0,0,0,0,0,0,0,0,0,0,0,0,0,0,0,0,0,0,0,0,0,0,0,0,0,0,0,0,0,0,0,0,0,0,0,0,0,0,0,0,0,0,0,0,0,802001.92,0,0,802001.92,0,0,802001.92,0,0,802001.92,0,0,802001.92,0,0,802001.92,0,0,802001.92,0,0,802001.92,0,0,836871.57,0,0,836871.57,0,0,836871.57,0,0,836871.57,0,0,836871.57,0,0,836871.57,0,0,802001.92,0,0,802001.92,0,0,802001.92,0,0,802001.92,0,0,802001.92,0,0,802001.92,0,0,802001.92,0,0,802001.92,0,0,802001.92,0,0,802001.92,0,0,802001.92,0,0,802001.92,0,0,802001.92,0,0,836871.57,0,0,836871.57,0,0,836871.57,0,0,836871.57,0,0,802001.92,0,0,802001.92,0,0,802001.92,0,0,802001.92,0,0,802001.92,0,0,802001.92,0,0,802001.92,0,0,802001.92,0,0,802001.92,0,0,1069335.89,0,0,802001.92,0,0,802001.92,0,0,802001.92,0,0,836871.57,0,0,802001.92,0,0,836871.57,0,0,802001.92
both_sexes,0,0,2020-01-27,COVHIV,0,0,0,0,0,0,0,0,0,0,0,0,0,0,0,0,0,0,0,0,0,0,0,0,0,0,0,0,0,0,0,0,0,0,0,0,0,0,0,0,0,0,0,0,0,0,0,0,0,0,802001.92,0,0,802001.92,0,0,802001.92,0,0,802001.92,0,0,802001.92,0,0,802001.92,0,0,802001.92,0,0,802001.92,0,0,836871.57,0,0,836871.57,0,0,836871.57,0,0,836871.57,0,0,836871.57,0,0,836871.57,0,0,802001.92,0,0,802001.92,0,0,802001.92,0,0,802001.92,0,0,802001.92,0,0,802001.92,0,0,802001.92,0,0,802001.92,0,0,802001.92,0,0,802001.92,0,0,802001.92,0,0,802001.92,0,0,802001.92,0,0,836871.57,0,0,836871.57,0,0,836871.57,0,0,836871.57,0,0,802001.92,0,0,802001.92,0,0,802001.92,0,0,802001.92,0,0,802001.92,0,0,802001.92,0,0,802001.92,0,0,802001.92,0,0,802001.92,0,0,1069335.89,0,0,802001.92,0,0,802001.92,0,0,802001.92,0,0,836871.57,0,0,802001.92,0,0,836871.57,0,0,802001.92
both_sexes,0,0,2020-02-03,COVHIV,0,0,0,0,0,0,0,0,0,0,0,0,0,0,0,0,0,0,0,0,0,0,0,0,0,0,0,0,0,0,0,0,0,0,0,0,0,0,0,0,0,0,0,0,0,0,0,0,0,0,802001.92,0,0,802001.92,0,0,802001.92,0,0,802001.92,0,0,802001.92,0,0,802001.92,0,0,802001.92,0,0,802001.92,0,0,836871.57,0,0,836871.57,0,0,836871.57,0,0,836871.57,0,0,836871.57,0,0,836871.57,0,0,802001.92,0,0,802001.92,0,0,802001.92,0,0,802001.92,0,0,802001.92,0,0,802001.92,0,0,802001.92,0,0,802001.92,0,0,802001.92,0,0,802001.92,0,0,802001.92,0,0,802001.92,0,0,802001.92,0,0,836871.57,0,0,836871.57,0,0,836871.57,0,0,836871.57,0,0,802001.92,0,0,802001.92,0,0,802001.92,0,0,802001.92,0,0,802001.92,0,0,802001.92,0,0,802001.92,0,0,802001.92,0,0,802001.92,0,0,1069335.89,0,0,802001.92,0,0,802001.92,0,0,802001.92,0,0,836871.57,0,0,802001.92,0,0,836871.57,0,0,802001.92
both_sexes,0,0,2020-02-10,COVHIV,0,0,0,0,0,0,0,0,0,0,0,0,0,0,0,0,0,0,0,0,0,0,0,0,0,0,0,0,0,0,0,0,0,0,0,0,0,1,0,0,0,0,0,0,0,0,0,0,0,0,802001.92,0,0,802001.92,0,0,802001.92,0,0,802001.92,0,0,802001.92,0,0,802001.92,0,0,802001.92,0,0,802001.92,0,0,836871.57,0,0,836871.57,0,0,836871.57,0,0,836871.57,0,0,836871.57,0,0,836871.57,0,0,802001.92,0,0,802001.92,0,0,802001.92,0,0,802001.92,0,0,802001.92,0,0,802001.92,0,0,802001.92,0,0,802001.92,0,0,802001.92,0,0,802001.92,0,0,802001.92,0,0,802001.92,0,0,802001.92,0,0,836871.57,0,0,836871.57,0,0,836871.57,0,0,836871.57,0,0,802001.92,0,0,802001.92,0,0,802001.92,0,0,802001.92,0,0,802001.92,0,0,802001.92,0,0,802001.92,0,0,802001.92,0,0,802001.92,296951.22,7518.15,1654506.3,0,0,802001.92,0,0,802001.92,0,0,802001.92,0,0,836871.57,0,0,802001.92,0,0,836871.57,0,0,802001.92
both_sexes,0,0,2020-02-17,COVHIV,0,0,0,0,0,0,0,0,0,0,0,0,0,0,0,0,0,0,0,0,0,0,0,0,0,0,0,0,0,0,0,0,0,0,0,0,0,0,0,0,0,0,0,0,0,0,0,0,0,0,802001.92,0,0,802001.92,0,0,802001.92,0,0,802001.92,0,0,802001.92,0,0,802001.92,0,0,802001.92,0,0,802001.92,0,0,836871.57,0,0,836871.57,0,0,836871.57,0,0,836871.57,0,0,836871.57,0,0,836871.57,0,0,802001.92,0,0,802001.92,0,0,802001.92,0,0,802001.92,0,0,802001.92,0,0,802001.92,0,0,802001.92,0,0,802001.92,0,0,802001.92,0,0,802001.92,0,0,802001.92,0,0,802001.92,0,0,802001.92,0,0,836871.57,0,0,836871.57,0,0,836871.57,0,0,836871.57,0,0,802001.92,0,0,802001.92,0,0,802001.92,0,0,802001.92,0,0,802001.92,0,0,802001.92,0,0,802001.92,0,0,802001.92,0,0,802001.92,0,0,1132238,0,0,802001.92,0,0,802001.92,0,0,802001.92,0,0,836871.57,0,0,802001.92,0,0,836871.57,0,0,802001.92
both_sexes,0,0,2020-02-24,COVHIV,0,0,0,0,0,0,0,0,0,0,0,0,0,0,0,0,1,1,0,0,0,0,0,0,0,0,0,0,0,0,0,0,0,0,0,0,0,0,0,0,0,0,0,0,0,0,0,0,0,0,802001.92,0,0,802001.92,0,0,802001.92,0,0,802001.92,0,0,802001.92,0,0,802001.92,0,0,802001.92,0,0,802001.92,0,0,836871.57,0,0,836871.57,0,0,836871.57,0,0,836871.57,0,0,836871.57,0,0,836871.57,0,0,802001.92,0,0,802001.92,218712.57,5537.32,1218588.47,218712.57,5537.32,1218588.47,0,0,802001.92,0,0,802001.92,0,0,802001.92,0,0,802001.92,0,0,802001.92,0,0,802001.92,0,0,802001.92,0,0,802001.92,0,0,802001.92,0,0,836871.57,0,0,836871.57,0,0,836871.57,0,0,836871.57,0,0,802001.92,0,0,802001.92,0,0,802001.92,0,0,802001.92,0,0,802001.92,0,0,802001.92,0,0,802001.92,0,0,802001.92,0,0,802001.92,0,0,1132238,0,0,802001.92,0,0,802001.92,0,0,802001.92,0,0,836871.57,0,0,802001.92,0,0,836871.57,0,0,802001.92
both_sexes,0,0,2020-03-02,COVHIV,0,0,0,0,0,0,0,0,0,0,0,0,0,0,0,0,0,0,0,0,0,0,0,0,0,0,0,0,0,0,0,0,0,0,0,0,0,0,0,0,0,0,0,0,0,0,0,0,0,0,802001.92,0,0,802001.92,0,0,802001.92,0,0,802001.92,0,0,802001.92,0,0,802001.92,0,0,802001.92,0,0,802001.92,0,0,836871.57,0,0,836871.57,0,0,836871.57,0,0,836871.57,0,0,836871.57,0,0,836871.57,0,0,802001.92,0,0,802001.92,0,0,836871.57,0,0,836871.57,0,0,802001.92,0,0,802001.92,0,0,802001.92,0,0,802001.92,0,0,802001.92,0,0,802001.92,0,0,802001.92,0,0,802001.92,0,0,802001.92,0,0,836871.57,0,0,836871.57,0,0,836871.57,0,0,836871.57,0,0,802001.92,0,0,802001.92,0,0,802001.92,0,0,802001.92,0,0,802001.92,0,0,802001.92,0,0,802001.92,0,0,802001.92,0,0,802001.92,0,0,1132238,0,0,802001.92,0,0,802001.92,0,0,802001.92,0,0,836871.57,0,0,802001.92,0,0,836871.57,0,0,802001.92
both_sexes,0,0,2020-03-09,COVHIV,0,0,0,0,0,0,0,0,0,0,0,0,0,0,0,0,0,0,0,0,0,0,0,0,0,0,0,0,0,0,0,0,0,0,0,0,0,0,0,0,0,0,0,0,0,0,0,1,0,0,802001.92,0,0,802001.92,0,0,802001.92,0,0,802001.92,0,0,802001.92,0,0,802001.92,0,0,802001.92,0,0,802001.92,0,0,836871.57,0,0,836871.57,0,0,836871.57,0,0,836871.57,0,0,836871.57,0,0,836871.57,0,0,802001.92,0,0,802001.92,0,0,836871.57,0,0,836871.57,0,0,802001.92,0,0,802001.92,0,0,802001.92,0,0,802001.92,0,0,802001.92,222713.41,5638.62,1240879.72,0,0,802001.92,0,0,802001.92,0,0,802001.92,0,0,836871.57,0,0,836871.57,0,0,836871.57,0,0,836871.57,0,0,802001.92,0,0,802001.92,0,0,802001.92,0,0,802001.92,0,0,802001.92,0,0,802001.92,0,0,802001.92,0,0,802001.92,0,0,802001.92,0,0,1132238,0,0,802001.92,0,0,802001.92,0,0,802001.92,0,0,836871.57,0,0,802001.92,0,0,836871.57,0,0,802001.92
both_sexes,0,0,2020-03-16,COVHIV,0,0,0,0,0,0,0,0,0,0,0,0,0,0,0,0,0,0,0,0,0,0,0,0,0,0,0,0,0,0,0,0,0,0,0,0,0,0,0,0,0,0,0,0,0,0,0,0,0,0,802001.92,0,0,802001.92,0,0,802001.92,0,0,802001.92,0,0,802001.92,0,0,802001.92,0,0,802001.92,0,0,802001.92,0,0,836871.57,0,0,836871.57,0,0,836871.57,0,0,836871.57,0,0,836871.57,0,0,836871.57,0,0,802001.92,0,0,802001.92,0,0,836871.57,0,0,836871.57,0,0,802001.92,0,0,802001.92,0,0,802001.92,0,0,802001.92,0,0,802001.92,0,0,836871.57,0,0,802001.92,0,0,802001.92,0,0,802001.92,0,0,836871.57,0,0,836871.57,0,0,836871.57,0,0,836871.57,0,0,802001.92,0,0,802001.92,0,0,802001.92,0,0,802001.92,0,0,802001.92,0,0,802001.92,0,0,802001.92,0,0,802001.92,0,0,802001.92,0,0,1132238,0,0,802001.92,0,0,802001.92,0,0,802001.92,0,0,836871.57,0,0,802001.92,0,0,836871.57,0,0,802001.92
both_sexes,0,0,2020-03-23,COVHIV,0,0,0,0,0,0,0,0,0,0,0,0,0,0,0,0,0,0,0,0,0,0,0,0,0,0,0,0,0,0,0,0,0,0,0,0,0,0,0,0,0,0,0,0,0,0,0,0,0,0,802001.92,0,0,802001.92,0,0,802001.92,0,0,802001.92,0,0,802001.92,0,0,802001.92,0,0,802001.92,0,0,802001.92,0,0,836871.57,0,0,836871.57,0,0,836871.57,0,0,836871.57,0,0,836871.57,0,0,836871.57,0,0,802001.92,0,0,802001.92,0,0,836871.57,0,0,836871.57,0,0,802001.92,0,0,802001.92,0,0,802001.92,0,0,802001.92,0,0,802001.92,0,0,836871.57,0,0,802001.92,0,0,802001.92,0,0,802001.92,0,0,836871.57,0,0,836871.57,0,0,836871.57,0,0,836871.57,0,0,802001.92,0,0,802001.92,0,0,802001.92,0,0,802001.92,0,0,802001.92,0,0,802001.92,0,0,802001.92,0,0,802001.92,0,0,802001.92,0,0,1132238,0,0,802001.92,0,0,802001.92,0,0,802001.92,0,0,836871.57,0,0,802001.92,0,0,836871.57,0,0,802001.92
both_sexes,0,0,2020-03-30,COVHIV,0,0,0,0,0,0,0,0,0,0,0,0,0,0,0,0,0,0,0,0,0,0,0,0,0,0,0,0,0,0,0,0,0,0,0,0,0,0,0,0,0,0,0,0,0,0,0,0,0,0,802001.92,0,0,802001.92,0,0,802001.92,0,0,802001.92,0,0,802001.92,0,0,802001.92,0,0,802001.92,0,0,802001.92,0,0,836871.57,0,0,836871.57,0,0,836871.57,0,0,836871.57,0,0,836871.57,0,0,836871.57,0,0,802001.92,0,0,802001.92,0,0,836871.57,0,0,836871.57,0,0,802001.92,0,0,802001.92,0,0,802001.92,0,0,802001.92,0,0,802001.92,0,0,836871.57,0,0,802001.92,0,0,802001.92,0,0,802001.92,0,0,836871.57,0,0,836871.57,0,0,836871.57,0,0,836871.57,0,0,802001.92,0,0,802001.92,0,0,802001.92,0,0,802001.92,0,0,802001.92,0,0,802001.92,0,0,802001.92,0,0,802001.92,0,0,802001.92,0,0,1132238,0,0,802001.92,0,0,802001.92,0,0,802001.92,0,0,836871.57,0,0,802001.92,0,0,836871.57,0,0,802001.92
both_sexes,0,0,2020-04-06,COVHIV,0,0,0,0,0,0,0,0,0,0,0,0,0,0,0,0,0,0,0,0,0,0,0,0,0,0,0,0,0,0,0,0,0,0,0,0,0,0,0,0,0,0,0,0,0,0,0,0,0,0,802001.92,0,0,802001.92,0,0,802001.92,0,0,802001.92,0,0,802001.92,0,0,802001.92,0,0,802001.92,0,0,802001.92,0,0,836871.57,0,0,836871.57,0,0,836871.57,0,0,836871.57,0,0,836871.57,0,0,836871.57,0,0,802001.92,0,0,802001.92,0,0,836871.57,0,0,836871.57,0,0,802001.92,0,0,802001.92,0,0,802001.92,0,0,802001.92,0,0,802001.92,0,0,826603.2,0,0,802001.92,0,0,802001.92,0,0,802001.92,0,0,836871.57,0,0,836871.57,0,0,836871.57,0,0,836871.57,0,0,802001.92,0,0,802001.92,0,0,802001.92,0,0,802001.92,0,0,802001.92,0,0,802001.92,0,0,802001.92,0,0,802001.92,0,0,802001.92,0,0,1132238,0,0,802001.92,0,0,802001.92,0,0,802001.92,0,0,836871.57,0,0,802001.92,0,0,836871.57,0,0,802001.92
both_sexes,0,0,2020-04-13,COVHIV,0,0,0,0,0,0,0,0,0,0,0,0,0,0,0,0,0,0,0,0,0,0,0,0,0,0,0,0,0,0,0,0,0,0,0,0,0,0,0,0,0,0,0,0,0,0,0,0,0,0,802001.92,0,0,802001.92,0,0,802001.92,0,0,802001.92,0,0,802001.92,0,0,802001.92,0,0,802001.92,0,0,802001.92,0,0,836871.57,0,0,836871.57,0,0,836871.57,0,0,836871.57,0,0,836871.57,0,0,836871.57,0,0,802001.92,0,0,802001.92,0,0,836871.57,0,0,836871.57,0,0,802001.92,0,0,802001.92,0,0,802001.92,0,0,802001.92,0,0,802001.92,0,0,802001.92,0,0,802001.92,0,0,802001.92,0,0,802001.92,0,0,836871.57,0,0,836871.57,0,0,836871.57,0,0,836871.57,0,0,802001.92,0,0,802001.92,0,0,802001.92,0,0,802001.92,0,0,802001.92,0,0,802001.92,0,0,802001.92,0,0,802001.92,0,0,802001.92,0,0,1132238,0,0,802001.92,0,0,802001.92,0,0,802001.92,0,0,836871.57,0,0,802001.92,0,0,836871.57,0,0,802001.92
both_sexes,0,0,2020-04-20,COVHIV,0,0,0,0,0,0,0,0,0,0,0,0,0,0,0,0,0,0,0,0,0,0,0,0,0,0,0,0,0,0,0,0,0,0,0,0,0,0,0,0,0,0,0,0,0,0,0,0,0,0,802001.92,0,0,802001.92,0,0,802001.92,0,0,802001.92,0,0,802001.92,0,0,802001.92,0,0,802001.92,0,0,802001.92,0,0,836871.57,0,0,836871.57,0,0,836871.57,0,0,836871.57,0,0,836871.57,0,0,836871.57,0,0,802001.92,0,0,802001.92,0,0,836871.57,0,0,836871.57,0,0,802001.92,0,0,802001.92,0,0,802001.92,0,0,802001.92,0,0,802001.92,0,0,802001.92,0,0,802001.92,0,0,802001.92,0,0,802001.92,0,0,836871.57,0,0,836871.57,0,0,836871.57,0,0,836871.57,0,0,802001.92,0,0,802001.92,0,0,802001.92,0,0,802001.92,0,0,802001.92,0,0,802001.92,0,0,802001.92,0,0,802001.92,0,0,802001.92,0,0,1132238,0,0,802001.92,0,0,802001.92,0,0,802001.92,0,0,836871.57,0,0,802001.92,0,0,836871.57,0,0,802001.92
both_sexes,0,0,2020-04-27,COVHIV,0,0,0,0,0,0,0,0,0,0,0,0,0,0,0,0,0,0,0,0,0,0,0,0,0,0,0,0,0,0,0,0,0,0,0,0,0,0,0,0,0,0,0,0,0,0,0,0,0,0,802001.92,0,0,802001.92,0,0,802001.92,0,0,802001.92,0,0,802001.92,0,0,802001.92,0,0,802001.92,0,0,802001.92,0,0,836871.57,0,0,836871.57,0,0,836871.57,0,0,836871.57,0,0,836871.57,0,0,836871.57,0,0,802001.92,0,0,802001.92,0,0,836871.57,0,0,836871.57,0,0,802001.92,0,0,802001.92,0,0,802001.92,0,0,802001.92,0,0,802001.92,0,0,802001.92,0,0,802001.92,0,0,802001.92,0,0,802001.92,0,0,836871.57,0,0,836871.57,0,0,836871.57,0,0,836871.57,0,0,802001.92,0,0,802001.92,0,0,802001.92,0,0,802001.92,0,0,802001.92,0,0,802001.92,0,0,802001.92,0,0,802001.92,0,0,802001.92,0,0,1132238,0,0,802001.92,0,0,802001.92,0,0,802001.92,0,0,836871.57,0,0,802001.92,0,0,836871.57,0,0,802001.92
both_sexes,0,0,2020-05-04,COVHIV,0,0,0,0,0,0,0,0,0,0,0,0,0,0,0,0,0,0,0,0,0,0,0,0,0,0,0,0,0,0,0,0,0,0,0,0,0,0,0,0,0,0,0,0,0,0,0,0,0,0,802001.92,0,0,802001.92,0,0,802001.92,0,0,802001.92,0,0,802001.92,0,0,802001.92,0,0,802001.92,0,0,802001.92,0,0,836871.57,0,0,836871.57,0,0,836871.57,0,0,836871.57,0,0,836871.57,0,0,836871.57,0,0,802001.92,0,0,802001.92,0,0,836871.57,0,0,836871.57,0,0,802001.92,0,0,802001.92,0,0,802001.92,0,0,802001.92,0,0,802001.92,0,0,802001.92,0,0,802001.92,0,0,802001.92,0,0,802001.92,0,0,836871.57,0,0,836871.57,0,0,836871.57,0,0,836871.57,0,0,802001.92,0,0,802001.92,0,0,802001.92,0,0,802001.92,0,0,802001.92,0,0,802001.92,0,0,802001.92,0,0,802001.92,0,0,802001.92,0,0,1132238,0,0,802001.92,0,0,802001.92,0,0,802001.92,0,0,836871.57,0,0,802001.92,0,0,836871.57,0,0,802001.92
both_sexes,0,0,2020-05-11,COVHIV,0,0,0,0,0,0,0,0,0,0,0,0,0,0,0,0,0,0,0,0,0,0,0,0,0,0,0,0,0,0,0,0,0,0,0,0,0,0,0,0,0,0,0,0,0,0,0,0,0,0,802001.92,0,0,802001.92,0,0,802001.92,0,0,802001.92,0,0,802001.92,0,0,802001.92,0,0,802001.92,0,0,802001.92,0,0,836871.57,0,0,836871.57,0,0,836871.57,0,0,836871.57,0,0,836871.57,0,0,836871.57,0,0,802001.92,0,0,802001.92,0,0,836871.57,0,0,836871.57,0,0,802001.92,0,0,802001.92,0,0,802001.92,0,0,802001.92,0,0,802001.92,0,0,802001.92,0,0,802001.92,0,0,802001.92,0,0,802001.92,0,0,836871.57,0,0,836871.57,0,0,836871.57,0,0,836871.57,0,0,802001.92,0,0,802001.92,0,0,802001.92,0,0,802001.92,0,0,802001.92,0,0,802001.92,0,0,802001.92,0,0,802001.92,0,0,802001.92,0,0,1132238,0,0,802001.92,0,0,802001.92,0,0,802001.92,0,0,836871.57,0,0,802001.92,0,0,836871.57,0,0,802001.92
both_sexes,0,0,2020-05-18,COVHIV,0,0,0,0,0,0,0,0,0,0,0,0,0,0,0,0,0,0,0,0,0,0,0,0,0,0,0,0,0,0,0,0,0,0,0,0,0,0,0,0,0,0,0,0,0,0,0,0,0,0,802001.92,0,0,802001.92,0,0,802001.92,0,0,802001.92,0,0,802001.92,0,0,802001.92,0,0,802001.92,0,0,802001.92,0,0,836871.57,0,0,836871.57,0,0,836871.57,0,0,836871.57,0,0,836871.57,0,0,836871.57,0,0,802001.92,0,0,802001.92,0,0,836871.57,0,0,836871.57,0,0,802001.92,0,0,802001.92,0,0,802001.92,0,0,802001.92,0,0,802001.92,0,0,802001.92,0,0,802001.92,0,0,802001.92,0,0,802001.92,0,0,836871.57,0,0,836871.57,0,0,836871.57,0,0,836871.57,0,0,802001.92,0,0,802001.92,0,0,802001.92,0,0,802001.92,0,0,802001.92,0,0,802001.92,0,0,802001.92,0,0,802001.92,0,0,802001.92,0,0,1132238,0,0,802001.92,0,0,802001.92,0,0,802001.92,0,0,836871.57,0,0,802001.92,0,0,836871.57,0,0,802001.92
both_sexes,0,0,2020-05-25,COVHIV,0,0,0,0,0,0,0,0,0,0,0,0,0,0,0,0,0,0,0,0,0,0,0,0,0,0,0,0,0,0,0,0,0,0,0,0,0,0,0,0,0,0,0,0,0,0,0,0,0,0,802001.92,0,0,802001.92,0,0,802001.92,0,0,802001.92,0,0,802001.92,0,0,802001.92,0,0,802001.92,0,0,802001.92,0,0,836871.57,0,0,836871.57,0,0,836871.57,0,0,836871.57,0,0,836871.57,0,0,836871.57,0,0,802001.92,0,0,802001.92,0,0,836871.57,0,0,836871.57,0,0,802001.92,0,0,802001.92,0,0,802001.92,0,0,802001.92,0,0,802001.92,0,0,802001.92,0,0,802001.92,0,0,802001.92,0,0,802001.92,0,0,836871.57,0,0,836871.57,0,0,836871.57,0,0,836871.57,0,0,802001.92,0,0,802001.92,0,0,802001.92,0,0,802001.92,0,0,802001.92,0,0,802001.92,0,0,802001.92,0,0,802001.92,0,0,802001.92,0,0,1132238,0,0,802001.92,0,0,802001.92,0,0,802001.92,0,0,836871.57,0,0,802001.92,0,0,836871.57,0,0,802001.92
both_sexes,0,0,2020-06-01,COVHIV,0,0,0,0,0,0,0,0,0,0,0,0,0,0,0,0,0,0,0,0,0,0,0,0,0,0,0,0,0,0,0,0,0,0,0,0,0,0,0,0,0,0,0,0,0,0,0,0,0,0,802001.92,0,0,802001.92,0,0,802001.92,0,0,802001.92,0,0,802001.92,0,0,802001.92,0,0,802001.92,0,0,802001.92,0,0,836871.57,0,0,836871.57,0,0,836871.57,0,0,836871.57,0,0,836871.57,0,0,836871.57,0,0,802001.92,0,0,802001.92,0,0,836871.57,0,0,836871.57,0,0,802001.92,0,0,802001.92,0,0,802001.92,0,0,802001.92,0,0,802001.92,0,0,802001.92,0,0,802001.92,0,0,802001.92,0,0,802001.92,0,0,836871.57,0,0,836871.57,0,0,836871.57,0,0,836871.57,0,0,802001.92,0,0,802001.92,0,0,802001.92,0,0,802001.92,0,0,802001.92,0,0,802001.92,0,0,802001.92,0,0,802001.92,0,0,802001.92,0,0,1132238,0,0,802001.92,0,0,802001.92,0,0,802001.92,0,0,836871.57,0,0,802001.92,0,0,836871.57,0,0,802001.92
both_sexes,0,0,2020-06-08,COVHIV,0,0,0,0,0,0,0,0,0,0,0,0,0,0,0,0,0,0,0,0,0,0,0,0,0,0,0,0,0,0,0,0,0,0,0,0,0,0,0,0,0,0,0,0,0,0,0,0,0,0,802001.92,0,0,802001.92,0,0,802001.92,0,0,802001.92,0,0,802001.92,0,0,802001.92,0,0,802001.92,0,0,802001.92,0,0,836871.57,0,0,836871.57,0,0,836871.57,0,0,836871.57,0,0,836871.57,0,0,836871.57,0,0,802001.92,0,0,802001.92,0,0,836871.57,0,0,836871.57,0,0,802001.92,0,0,802001.92,0,0,802001.92,0,0,802001.92,0,0,802001.92,0,0,802001.92,0,0,802001.92,0,0,802001.92,0,0,802001.92,0,0,836871.57,0,0,836871.57,0,0,836871.57,0,0,836871.57,0,0,802001.92,0,0,802001.92,0,0,802001.92,0,0,802001.92,0,0,802001.92,0,0,802001.92,0,0,802001.92,0,0,802001.92,0,0,802001.92,0,0,1132238,0,0,802001.92,0,0,802001.92,0,0,802001.92,0,0,836871.57,0,0,802001.92,0,0,836871.57,0,0,802001.92
both_sexes,0,0,2020-06-15,COVHIV,0,0,0,0,0,0,0,0,0,0,0,0,0,0,0,0,0,0,0,0,0,0,0,0,0,0,0,0,0,0,0,0,0,0,0,0,0,0,0,0,0,0,0,0,0,0,0,0,0,0,802001.92,0,0,802001.92,0,0,802001.92,0,0,802001.92,0,0,802001.92,0,0,802001.92,0,0,802001.92,0,0,802001.92,0,0,836871.57,0,0,836871.57,0,0,836871.57,0,0,836871.57,0,0,836871.57,0,0,836871.57,0,0,802001.92,0,0,802001.92,0,0,836871.57,0,0,836871.57,0,0,802001.92,0,0,802001.92,0,0,802001.92,0,0,802001.92,0,0,802001.92,0,0,802001.92,0,0,802001.92,0,0,802001.92,0,0,802001.92,0,0,836871.57,0,0,836871.57,0,0,836871.57,0,0,836871.57,0,0,802001.92,0,0,802001.92,0,0,802001.92,0,0,802001.92,0,0,802001.92,0,0,802001.92,0,0,802001.92,0,0,802001.92,0,0,802001.92,0,0,1132238,0,0,802001.92,0,0,802001.92,0,0,802001.92,0,0,836871.57,0,0,802001.92,0,0,836871.57,0,0,802001.92
both_sexes,0,0,2020-06-22,COVHIV,0,0,0,0,0,0,0,0,0,0,0,0,0,0,0,0,0,0,0,0,0,0,0,0,0,0,0,0,0,0,0,0,0,0,0,0,0,0,0,0,0,0,0,0,0,0,0,0,0,0,802001.92,0,0,802001.92,0,0,802001.92,0,0,802001.92,0,0,802001.92,0,0,802001.92,0,0,802001.92,0,0,802001.92,0,0,836871.57,0,0,836871.57,0,0,836871.57,0,0,836871.57,0,0,836871.57,0,0,836871.57,0,0,802001.92,0,0,802001.92,0,0,836871.57,0,0,836871.57,0,0,802001.92,0,0,802001.92,0,0,802001.92,0,0,802001.92,0,0,802001.92,0,0,802001.92,0,0,802001.92,0,0,802001.92,0,0,802001.92,0,0,836871.57,0,0,836871.57,0,0,836871.57,0,0,836871.57,0,0,802001.92,0,0,802001.92,0,0,802001.92,0,0,802001.92,0,0,802001.92,0,0,802001.92,0,0,802001.92,0,0,802001.92,0,0,802001.92,0,0,1132238,0,0,802001.92,0,0,802001.92,0,0,802001.92,0,0,836871.57,0,0,802001.92,0,0,836871.57,0,0,802001.92
both_sexes,0,0,2020-06-29,COVHIV,0,0,0,0,0,0,0,0,0,0,0,0,0,0,0,0,0,0,0,0,0,0,0,0,0,0,0,0,0,0,0,0,0,0,0,0,0,0,0,0,0,0,0,0,0,0,0,0,0,0,802001.92,0,0,802001.92,0,0,802001.92,0,0,802001.92,0,0,802001.92,0,0,802001.92,0,0,802001.92,0,0,802001.92,0,0,836871.57,0,0,836871.57,0,0,836871.57,0,0,836871.57,0,0,836871.57,0,0,836871.57,0,0,802001.92,0,0,802001.92,0,0,836871.57,0,0,836871.57,0,0,802001.92,0,0,802001.92,0,0,802001.92,0,0,802001.92,0,0,802001.92,0,0,802001.92,0,0,802001.92,0,0,802001.92,0,0,802001.92,0,0,836871.57,0,0,836871.57,0,0,836871.57,0,0,836871.57,0,0,802001.92,0,0,802001.92,0,0,802001.92,0,0,802001.92,0,0,802001.92,0,0,802001.92,0,0,802001.92,0,0,802001.92,0,0,802001.92,0,0,1132238,0,0,802001.92,0,0,802001.92,0,0,802001.92,0,0,836871.57,0,0,802001.92,0,0,836871.57,0,0,802001.92
both_sexes,0,0,2020-07-06,COVHIV,0,0,0,0,0,0,0,0,0,0,0,0,0,0,0,0,0,0,0,0,0,0,0,0,0,0,0,0,0,0,0,0,0,0,0,0,0,0,0,0,0,0,0,0,0,0,0,0,0,0,802001.92,0,0,802001.92,0,0,802001.92,0,0,802001.92,0,0,802001.92,0,0,802001.92,0,0,802001.92,0,0,802001.92,0,0,836871.57,0,0,836871.57,0,0,836871.57,0,0,836871.57,0,0,836871.57,0,0,836871.57,0,0,802001.92,0,0,802001.92,0,0,836871.57,0,0,836871.57,0,0,802001.92,0,0,802001.92,0,0,802001.92,0,0,802001.92,0,0,802001.92,0,0,802001.92,0,0,802001.92,0,0,802001.92,0,0,802001.92,0,0,836871.57,0,0,836871.57,0,0,836871.57,0,0,836871.57,0,0,802001.92,0,0,802001.92,0,0,802001.92,0,0,802001.92,0,0,802001.92,0,0,802001.92,0,0,802001.92,0,0,802001.92,0,0,802001.92,0,0,1132238,0,0,802001.92,0,0,802001.92,0,0,802001.92,0,0,836871.57,0,0,802001.92,0,0,836871.57,0,0,802001.92
both_sexes,0,0,2020-07-13,COVHIV,0,0,0,0,0,0,0,0,0,0,0,0,0,0,0,0,0,0,0,0,0,0,0,0,0,0,0,0,0,0,0,0,0,0,0,0,0,0,0,0,0,0,0,0,0,0,0,0,0,0,802001.92,0,0,802001.92,0,0,802001.92,0,0,802001.92,0,0,802001.92,0,0,802001.92,0,0,802001.92,0,0,802001.92,0,0,836871.57,0,0,836871.57,0,0,836871.57,0,0,836871.57,0,0,836871.57,0,0,836871.57,0,0,802001.92,0,0,802001.92,0,0,836871.57,0,0,836871.57,0,0,802001.92,0,0,802001.92,0,0,802001.92,0,0,802001.92,0,0,802001.92,0,0,802001.92,0,0,802001.92,0,0,802001.92,0,0,802001.92,0,0,836871.57,0,0,836871.57,0,0,836871.57,0,0,836871.57,0,0,802001.92,0,0,802001.92,0,0,802001.92,0,0,802001.92,0,0,802001.92,0,0,802001.92,0,0,802001.92,0,0,802001.92,0,0,802001.92,0,0,1132238,0,0,802001.92,0,0,802001.92,0,0,802001.92,0,0,836871.57,0,0,802001.92,0,0,836871.57,0,0,802001.92
both_sexes,0,0,2020-07-20,COVHIV,0,0,0,0,0,0,0,0,0,0,0,0,0,0,0,0,0,0,0,0,0,0,0,0,0,0,0,0,0,0,0,0,0,0,0,0,0,0,0,0,0,0,0,0,0,0,0,0,0,0,802001.92,0,0,802001.92,0,0,802001.92,0,0,802001.92,0,0,802001.92,0,0,802001.92,0,0,802001.92,0,0,802001.92,0,0,836871.57,0,0,836871.57,0,0,836871.57,0,0,836871.57,0,0,836871.57,0,0,836871.57,0,0,802001.92,0,0,802001.92,0,0,836871.57,0,0,836871.57,0,0,802001.92,0,0,802001.92,0,0,802001.92,0,0,802001.92,0,0,802001.92,0,0,802001.92,0,0,802001.92,0,0,802001.92,0,0,802001.92,0,0,836871.57,0,0,836871.57,0,0,836871.57,0,0,836871.57,0,0,802001.92,0,0,802001.92,0,0,802001.92,0,0,802001.92,0,0,802001.92,0,0,802001.92,0,0,802001.92,0,0,802001.92,0,0,802001.92,0,0,1132238,0,0,802001.92,0,0,802001.92,0,0,802001.92,0,0,836871.57,0,0,802001.92,0,0,836871.57,0,0,802001.92
both_sexes,0,0,2020-07-27,COVHIV,0,0,0,0,0,0,0,0,0,0,0,0,0,0,0,0,0,0,0,0,0,0,0,0,0,0,0,0,0,0,0,0,0,0,0,0,0,0,0,0,0,0,0,0,0,0,0,0,0,0,802001.92,0,0,802001.92,0,0,802001.92,0,0,802001.92,0,0,802001.92,0,0,802001.92,0,0,802001.92,0,0,802001.92,0,0,836871.57,0,0,836871.57,0,0,836871.57,0,0,836871.57,0,0,836871.57,0,0,836871.57,0,0,802001.92,0,0,802001.92,0,0,836871.57,0,0,836871.57,0,0,802001.92,0,0,802001.92,0,0,802001.92,0,0,802001.92,0,0,802001.92,0,0,802001.92,0,0,802001.92,0,0,802001.92,0,0,802001.92,0,0,836871.57,0,0,836871.57,0,0,836871.57,0,0,836871.57,0,0,802001.92,0,0,802001.92,0,0,802001.92,0,0,802001.92,0,0,802001.92,0,0,802001.92,0,0,802001.92,0,0,802001.92,0,0,802001.92,0,0,1132238,0,0,802001.92,0,0,802001.92,0,0,802001.92,0,0,836871.57,0,0,802001.92,0,0,836871.57,0,0,802001.92
both_sexes,0,0,2020-08-03,COVHIV,0,0,0,0,0,0,0,0,0,0,0,0,0,0,0,0,0,0,0,0,0,0,0,0,0,0,0,0,0,0,0,0,0,0,0,0,0,0,0,0,0,0,0,0,0,0,0,0,0,0,802001.92,0,0,802001.92,0,0,802001.92,0,0,802001.92,0,0,802001.92,0,0,802001.92,0,0,802001.92,0,0,802001.92,0,0,836871.57,0,0,836871.57,0,0,836871.57,0,0,836871.57,0,0,836871.57,0,0,836871.57,0,0,802001.92,0,0,802001.92,0,0,836871.57,0,0,836871.57,0,0,802001.92,0,0,802001.92,0,0,802001.92,0,0,802001.92,0,0,802001.92,0,0,802001.92,0,0,802001.92,0,0,802001.92,0,0,802001.92,0,0,836871.57,0,0,836871.57,0,0,836871.57,0,0,836871.57,0,0,802001.92,0,0,802001.92,0,0,802001.92,0,0,802001.92,0,0,802001.92,0,0,802001.92,0,0,802001.92,0,0,802001.92,0,0,802001.92,0,0,1132238,0,0,802001.92,0,0,802001.92,0,0,802001.92,0,0,836871.57,0,0,802001.92,0,0,836871.57,0,0,802001.92
both_sexes,0,0,2020-08-10,COVHIV,0,0,0,0,0,0,0,0,0,0,0,0,0,0,0,0,0,0,0,0,0,0,0,0,0,0,0,0,0,0,0,0,0,0,0,0,0,0,0,0,0,0,0,0,0,0,0,0,0,0,802001.92,0,0,802001.92,0,0,802001.92,0,0,802001.92,0,0,802001.92,0,0,802001.92,0,0,802001.92,0,0,802001.92,0,0,836871.57,0,0,836871.57,0,0,836871.57,0,0,836871.57,0,0,836871.57,0,0,836871.57,0,0,802001.92,0,0,802001.92,0,0,836871.57,0,0,836871.57,0,0,802001.92,0,0,802001.92,0,0,802001.92,0,0,802001.92,0,0,802001.92,0,0,802001.92,0,0,802001.92,0,0,802001.92,0,0,802001.92,0,0,836871.57,0,0,836871.57,0,0,836871.57,0,0,836871.57,0,0,802001.92,0,0,802001.92,0,0,802001.92,0,0,802001.92,0,0,802001.92,0,0,802001.92,0,0,802001.92,0,0,802001.92,0,0,802001.92,0,0,1132238,0,0,802001.92,0,0,802001.92,0,0,802001.92,0,0,836871.57,0,0,802001.92,0,0,836871.57,0,0,802001.92
both_sexes,0,0,2020-08-17,COVHIV,0,0,0,0,0,0,0,0,0,0,0,0,0,0,0,0,0,0,0,0,0,0,0,0,0,0,0,0,0,0,0,0,0,0,0,0,0,0,0,0,0,0,0,0,0,0,0,0,0,0,802001.92,0,0,802001.92,0,0,802001.92,0,0,802001.92,0,0,802001.92,0,0,802001.92,0,0,802001.92,0,0,802001.92,0,0,836871.57,0,0,836871.57,0,0,836871.57,0,0,836871.57,0,0,836871.57,0,0,836871.57,0,0,802001.92,0,0,802001.92,0,0,836871.57,0,0,836871.57,0,0,802001.92,0,0,802001.92,0,0,802001.92,0,0,802001.92,0,0,802001.92,0,0,802001.92,0,0,802001.92,0,0,802001.92,0,0,802001.92,0,0,836871.57,0,0,836871.57,0,0,836871.57,0,0,836871.57,0,0,802001.92,0,0,802001.92,0,0,802001.92,0,0,802001.92,0,0,802001.92,0,0,802001.92,0,0,802001.92,0,0,802001.92,0,0,802001.92,0,0,1132238,0,0,802001.92,0,0,802001.92,0,0,802001.92,0,0,836871.57,0,0,802001.92,0,0,836871.57,0,0,802001.92
both_sexes,0,0,2020-08-24,COVHIV,0,0,0,0,0,0,0,0,0,0,0,0,0,0,0,0,0,0,0,0,0,0,0,0,0,0,0,0,0,0,0,0,0,0,0,0,0,0,0,0,0,0,0,0,0,0,0,0,0,0,802001.92,0,0,802001.92,0,0,802001.92,0,0,802001.92,0,0,802001.92,0,0,802001.92,0,0,802001.92,0,0,802001.92,0,0,836871.57,0,0,836871.57,0,0,836871.57,0,0,836871.57,0,0,836871.57,0,0,836871.57,0,0,802001.92,0,0,802001.92,0,0,836871.57,0,0,836871.57,0,0,802001.92,0,0,802001.92,0,0,802001.92,0,0,802001.92,0,0,802001.92,0,0,802001.92,0,0,802001.92,0,0,802001.92,0,0,802001.92,0,0,836871.57,0,0,836871.57,0,0,836871.57,0,0,836871.57,0,0,802001.92,0,0,802001.92,0,0,802001.92,0,0,802001.92,0,0,802001.92,0,0,802001.92,0,0,802001.92,0,0,802001.92,0,0,802001.92,0,0,1132238,0,0,802001.92,0,0,802001.92,0,0,802001.92,0,0,836871.57,0,0,802001.92,0,0,836871.57,0,0,802001.92
both_sexes,0,0,2020-08-31,COVHIV,0,0,0,0,0,0,0,0,0,0,0,0,0,0,0,0,0,0,0,0,0,0,0,0,0,0,0,0,0,0,0,0,0,0,0,0,0,0,0,0,0,0,0,0,0,0,0,0,0,0,802001.92,0,0,802001.92,0,0,802001.92,0,0,802001.92,0,0,802001.92,0,0,802001.92,0,0,802001.92,0,0,802001.92,0,0,836871.57,0,0,836871.57,0,0,836871.57,0,0,836871.57,0,0,836871.57,0,0,836871.57,0,0,802001.92,0,0,802001.92,0,0,836871.57,0,0,836871.57,0,0,802001.92,0,0,802001.92,0,0,802001.92,0,0,802001.92,0,0,802001.92,0,0,802001.92,0,0,802001.92,0,0,802001.92,0,0,802001.92,0,0,836871.57,0,0,836871.57,0,0,836871.57,0,0,836871.57,0,0,802001.92,0,0,802001.92,0,0,802001.92,0,0,802001.92,0,0,802001.92,0,0,802001.92,0,0,802001.92,0,0,802001.92,0,0,802001.92,0,0,1132238,0,0,802001.92,0,0,802001.92,0,0,802001.92,0,0,836871.57,0,0,802001.92,0,0,836871.57,0,0,802001.92
both_sexes,0,0,2020-09-07,COVHIV,0,0,0,0,0,0,0,0,0,0,0,0,0,0,0,0,0,0,0,0,0,0,0,0,0,0,0,0,0,0,0,0,0,0,0,0,0,0,0,0,0,0,0,0,0,0,0,0,0,0,802001.92,0,0,802001.92,0,0,802001.92,0,0,802001.92,0,0,802001.92,0,0,802001.92,0,0,802001.92,0,0,802001.92,0,0,836871.57,0,0,836871.57,0,0,836871.57,0,0,836871.57,0,0,836871.57,0,0,836871.57,0,0,802001.92,0,0,802001.92,0,0,836871.57,0,0,836871.57,0,0,802001.92,0,0,802001.92,0,0,802001.92,0,0,802001.92,0,0,802001.92,0,0,802001.92,0,0,802001.92,0,0,802001.92,0,0,802001.92,0,0,836871.57,0,0,836871.57,0,0,836871.57,0,0,836871.57,0,0,802001.92,0,0,802001.92,0,0,802001.92,0,0,802001.92,0,0,802001.92,0,0,802001.92,0,0,802001.92,0,0,802001.92,0,0,802001.92,0,0,1132238,0,0,802001.92,0,0,802001.92,0,0,802001.92,0,0,836871.57,0,0,802001.92,0,0,836871.57,0,0,802001.92
both_sexes,0,0,2020-09-14,COVHIV,0,0,0,0,0,0,0,0,0,0,0,0,0,0,0,0,0,0,0,0,0,0,0,0,0,0,0,0,0,0,0,0,0,0,0,0,0,0,0,0,0,0,0,0,0,0,0,0,0,0,802001.92,0,0,802001.92,0,0,802001.92,0,0,802001.92,0,0,802001.92,0,0,802001.92,0,0,802001.92,0,0,802001.92,0,0,836871.57,0,0,836871.57,0,0,836871.57,0,0,836871.57,0,0,836871.57,0,0,836871.57,0,0,802001.92,0,0,802001.92,0,0,836871.57,0,0,836871.57,0,0,802001.92,0,0,802001.92,0,0,802001.92,0,0,802001.92,0,0,802001.92,0,0,802001.92,0,0,802001.92,0,0,802001.92,0,0,802001.92,0,0,836871.57,0,0,836871.57,0,0,836871.57,0,0,836871.57,0,0,802001.92,0,0,802001.92,0,0,802001.92,0,0,802001.92,0,0,802001.92,0,0,802001.92,0,0,802001.92,0,0,802001.92,0,0,802001.92,0,0,1132238,0,0,802001.92,0,0,802001.92,0,0,802001.92,0,0,836871.57,0,0,802001.92,0,0,836871.57,0,0,802001.92
both_sexes,0,0,2020-09-21,COVHIV,0,0,0,0,0,0,0,0,0,0,0,0,0,0,0,0,0,0,0,0,0,0,0,0,0,0,0,0,0,0,0,0,0,0,0,0,0,0,0,0,0,0,0,0,0,0,0,0,0,0,802001.92,0,0,802001.92,0,0,802001.92,0,0,802001.92,0,0,802001.92,0,0,802001.92,0,0,802001.92,0,0,802001.92,0,0,836871.57,0,0,836871.57,0,0,836871.57,0,0,836871.57,0,0,836871.57,0,0,836871.57,0,0,802001.92,0,0,802001.92,0,0,836871.57,0,0,836871.57,0,0,802001.92,0,0,802001.92,0,0,802001.92,0,0,802001.92,0,0,802001.92,0,0,802001.92,0,0,802001.92,0,0,802001.92,0,0,802001.92,0,0,836871.57,0,0,836871.57,0,0,836871.57,0,0,836871.57,0,0,802001.92,0,0,802001.92,0,0,802001.92,0,0,802001.92,0,0,802001.92,0,0,802001.92,0,0,802001.92,0,0,802001.92,0,0,802001.92,0,0,1132238,0,0,802001.92,0,0,802001.92,0,0,802001.92,0,0,836871.57,0,0,802001.92,0,0,836871.57,0,0,802001.92
both_sexes,0,0,2020-09-28,COVHIV,0,0,0,0,0,0,0,0,0,0,0,0,0,0,0,0,0,0,0,0,0,0,0,0,0,0,0,0,0,0,0,0,0,0,0,0,0,0,0,0,0,0,0,0,0,0,0,0,0,0,802001.92,0,0,802001.92,0,0,802001.92,0,0,802001.92,0,0,802001.92,0,0,802001.92,0,0,802001.92,0,0,802001.92,0,0,836871.57,0,0,836871.57,0,0,836871.57,0,0,836871.57,0,0,836871.57,0,0,836871.57,0,0,802001.92,0,0,802001.92,0,0,836871.57,0,0,836871.57,0,0,802001.92,0,0,802001.92,0,0,802001.92,0,0,802001.92,0,0,802001.92,0,0,802001.92,0,0,802001.92,0,0,802001.92,0,0,802001.92,0,0,836871.57,0,0,836871.57,0,0,836871.57,0,0,836871.57,0,0,802001.92,0,0,802001.92,0,0,802001.92,0,0,802001.92,0,0,802001.92,0,0,802001.92,0,0,802001.92,0,0,802001.92,0,0,802001.92,0,0,1132238,0,0,802001.92,0,0,802001.92,0,0,802001.92,0,0,836871.57,0,0,802001.92,0,0,836871.57,0,0,802001.92
both_sexes,0,0,2020-10-05,COVHIV,0,0,0,0,0,0,0,0,0,0,0,0,0,0,0,0,0,0,0,0,0,0,0,0,0,0,0,0,0,0,0,0,0,0,0,0,0,0,0,0,0,0,0,0,0,0,0,0,0,0,802001.92,0,0,802001.92,0,0,802001.92,0,0,802001.92,0,0,802001.92,0,0,802001.92,0,0,802001.92,0,0,802001.92,0,0,836871.57,0,0,836871.57,0,0,836871.57,0,0,836871.57,0,0,836871.57,0,0,836871.57,0,0,802001.92,0,0,802001.92,0,0,836871.57,0,0,836871.57,0,0,802001.92,0,0,802001.92,0,0,802001.92,0,0,802001.92,0,0,802001.92,0,0,802001.92,0,0,802001.92,0,0,802001.92,0,0,802001.92,0,0,836871.57,0,0,836871.57,0,0,836871.57,0,0,836871.57,0,0,802001.92,0,0,802001.92,0,0,802001.92,0,0,802001.92,0,0,802001.92,0,0,802001.92,0,0,802001.92,0,0,802001.92,0,0,802001.92,0,0,1132238,0,0,802001.92,0,0,802001.92,0,0,802001.92,0,0,836871.57,0,0,802001.92,0,0,836871.57,0,0,802001.92
both_sexes,0,0,2020-10-12,COVHIV,0,0,0,0,0,0,0,0,0,0,0,0,0,0,0,0,0,0,0,0,0,0,0,0,0,0,0,0,0,0,0,0,0,0,0,0,0,0,0,0,0,0,0,0,0,0,0,0,0,0,836871.57,0,0,836871.57,0,0,836871.57,0,0,836871.57,0,0,836871.57,0,0,836871.57,0,0,836871.57,0,0,836871.57,0,0,874911.18,0,0,874911.18,0,0,874911.18,0,0,874911.18,0,0,874911.18,0,0,874911.18,0,0,836871.57,0,0,836871.57,0,0,874911.18,0,0,874911.18,0,0,836871.57,0,0,836871.57,0,0,836871.57,0,0,836871.57,0,0,836871.57,0,0,836871.57,0,0,836871.57,0,0,836871.57,0,0,836871.57,0,0,874911.18,0,0,874911.18,0,0,874911.18,0,0,874911.18,0,0,836871.57,0,0,836871.57,0,0,836871.57,0,0,836871.57,0,0,836871.57,0,0,836871.57,0,0,836871.57,0,0,836871.57,0,0,836871.57,0,0,1203002.88,0,0,836871.57,0,0,836871.57,0,0,836871.57,0,0,874911.18,0,0,836871.57,0,0,874911.18,0,0,836871.57
both_sexes,0,0,2020-10-19,COVHIV,0,0,0,0,0,0,0,0,0,0,0,0,0,0,0,0,0,0,0,0,0,0,0,0,0,0,0,0,0,0,0,0,0,0,0,0,0,0,0,0,0,0,0,0,0,0,0,0,0,0,836871.57,0,0,836871.57,0,0,836871.57,0,0,836871.57,0,0,836871.57,0,0,836871.57,0,0,836871.57,0,0,836871.57,0,0,874911.18,0,0,874911.18,0,0,874911.18,0,0,874911.18,0,0,874911.18,0,0,874911.18,0,0,836871.57,0,0,836871.57,0,0,874911.18,0,0,874911.18,0,0,836871.57,0,0,836871.57,0,0,836871.57,0,0,836871.57,0,0,836871.57,0,0,836871.57,0,0,836871.57,0,0,836871.57,0,0,836871.57,0,0,874911.18,0,0,874911.18,0,0,874911.18,0,0,874911.18,0,0,836871.57,0,0,836871.57,0,0,836871.57,0,0,836871.57,0,0,836871.57,0,0,836871.57,0,0,836871.57,0,0,836871.57,0,0,836871.57,0,0,1203002.88,0,0,836871.57,0,0,836871.57,0,0,836871.57,0,0,874911.18,0,0,836871.57,0,0,874911.18,0,0,836871.57
both_sexes,0,0,2020-10-26,COVHIV,0,0,0,0,0,0,0,0,0,0,0,0,0,0,0,0,0,0,0,0,0,0,0,0,0,0,0,0,0,0,0,0,0,0,0,0,0,0,0,0,0,0,0,0,0,0,0,0,0,0,836871.57,0,0,836871.57,0,0,836871.57,0,0,836871.57,0,0,836871.57,0,0,836871.57,0,0,836871.57,0,0,836871.57,0,0,874911.18,0,0,874911.18,0,0,874911.18,0,0,874911.18,0,0,874911.18,0,0,874911.18,0,0,836871.57,0,0,836871.57,0,0,874911.18,0,0,874911.18,0,0,836871.57,0,0,836871.57,0,0,836871.57,0,0,836871.57,0,0,836871.57,0,0,836871.57,0,0,836871.57,0,0,836871.57,0,0,836871.57,0,0,874911.18,0,0,874911.18,0,0,874911.18,0,0,874911.18,0,0,836871.57,0,0,836871.57,0,0,836871.57,0,0,836871.57,0,0,836871.57,0,0,836871.57,0,0,836871.57,0,0,836871.57,0,0,836871.57,0,0,1203002.88,0,0,836871.57,0,0,836871.57,0,0,836871.57,0,0,874911.18,0,0,836871.57,0,0,874911.18,0,0,836871.57
both_sexes,0,0,2020-11-02,COVHIV,0,0,0,0,0,0,0,0,0,0,0,0,0,0,0,0,0,0,0,0,0,0,0,0,0,0,0,0,0,0,0,0,0,0,0,0,0,0,0,0,0,0,0,0,0,0,0,0,0,0,836871.57,0,0,836871.57,0,0,836871.57,0,0,836871.57,0,0,836871.57,0,0,836871.57,0,0,836871.57,0,0,836871.57,0,0,874911.18,0,0,874911.18,0,0,874911.18,0,0,874911.18,0,0,874911.18,0,0,874911.18,0,0,836871.57,0,0,836871.57,0,0,874911.18,0,0,874911.18,0,0,836871.57,0,0,836871.57,0,0,836871.57,0,0,836871.57,0,0,836871.57,0,0,836871.57,0,0,836871.57,0,0,836871.57,0,0,836871.57,0,0,874911.18,0,0,874911.18,0,0,874911.18,0,0,874911.18,0,0,836871.57,0,0,836871.57,0,0,836871.57,0,0,836871.57,0,0,836871.57,0,0,836871.57,0,0,836871.57,0,0,836871.57,0,0,836871.57,0,0,1203002.88,0,0,836871.57,0,0,836871.57,0,0,836871.57,0,0,874911.18,0,0,836871.57,0,0,874911.18,0,0,836871.57
both_sexes,0,0,2020-11-09,COVHIV,0,0,0,0,0,0,0,0,0,0,0,0,0,0,0,0,0,0,0,0,0,0,0,0,0,0,0,0,0,0,0,0,0,0,0,0,0,0,0,0,0,0,0,0,0,0,0,0,0,0,836871.57,0,0,836871.57,0,0,836871.57,0,0,836871.57,0,0,836871.57,0,0,836871.57,0,0,836871.57,0,0,836871.57,0,0,874911.18,0,0,874911.18,0,0,874911.18,0,0,874911.18,0,0,874911.18,0,0,874911.18,0,0,836871.57,0,0,836871.57,0,0,874911.18,0,0,874911.18,0,0,836871.57,0,0,836871.57,0,0,836871.57,0,0,836871.57,0,0,836871.57,0,0,836871.57,0,0,836871.57,0,0,836871.57,0,0,836871.57,0,0,874911.18,0,0,874911.18,0,0,874911.18,0,0,874911.18,0,0,836871.57,0,0,836871.57,0,0,836871.57,0,0,836871.57,0,0,836871.57,0,0,836871.57,0,0,836871.57,0,0,836871.57,0,0,836871.57,0,0,1203002.88,0,0,836871.57,0,0,836871.57,0,0,836871.57,0,0,874911.18,0,0,836871.57,0,0,874911.18,0,0,836871.57
both_sexes,0,0,2020-11-16,COVHIV,0,0,0,0,0,0,0,0,0,0,0,0,0,0,0,0,0,0,0,0,0,0,0,0,0,0,0,0,0,0,0,0,0,0,0,0,0,0,0,0,0,0,0,0,0,0,0,0,0,0,836871.57,0,0,836871.57,0,0,836871.57,0,0,836871.57,0,0,836871.57,0,0,836871.57,0,0,836871.57,0,0,836871.57,0,0,874911.18,0,0,874911.18,0,0,874911.18,0,0,874911.18,0,0,874911.18,0,0,874911.18,0,0,836871.57,0,0,836871.57,0,0,874911.18,0,0,874911.18,0,0,836871.57,0,0,836871.57,0,0,836871.57,0,0,836871.57,0,0,836871.57,0,0,836871.57,0,0,836871.57,0,0,836871.57,0,0,836871.57,0,0,874911.18,0,0,874911.18,0,0,874911.18,0,0,874911.18,0,0,836871.57,0,0,836871.57,0,0,836871.57,0,0,836871.57,0,0,836871.57,0,0,836871.57,0,0,836871.57,0,0,836871.57,0,0,836871.57,0,0,1203002.88,0,0,836871.57,0,0,836871.57,0,0,836871.57,0,0,874911.18,0,0,836871.57,0,0,874911.18,0,0,836871.57
both_sexes,0,0,2020-11-23,COVHIV,0,0,0,0,0,0,0,0,0,0,0,0,0,0,0,0,0,0,0,0,0,0,0,0,0,0,0,0,0,0,0,0,0,0,0,0,0,0,0,0,0,0,0,0,0,0,0,0,0,0,836871.57,0,0,836871.57,0,0,836871.57,0,0,836871.57,0,0,836871.57,0,0,836871.57,0,0,836871.57,0,0,836871.57,0,0,874911.18,0,0,874911.18,0,0,874911.18,0,0,874911.18,0,0,874911.18,0,0,874911.18,0,0,836871.57,0,0,836871.57,0,0,874911.18,0,0,874911.18,0,0,836871.57,0,0,836871.57,0,0,836871.57,0,0,836871.57,0,0,836871.57,0,0,836871.57,0,0,836871.57,0,0,836871.57,0,0,836871.57,0,0,874911.18,0,0,874911.18,0,0,874911.18,0,0,874911.18,0,0,836871.57,0,0,836871.57,0,0,836871.57,0,0,836871.57,0,0,836871.57,0,0,836871.57,0,0,836871.57,0,0,836871.57,0,0,836871.57,0,0,1203002.88,0,0,836871.57,0,0,836871.57,0,0,836871.57,0,0,874911.18,0,0,836871.57,0,0,874911.18,0,0,836871.57
both_sexes,0,0,2020-11-30,COVHIV,0,0,0,0,0,0,0,0,0,0,0,0,0,0,0,0,0,0,0,0,0,0,0,0,0,0,0,0,0,0,0,0,0,0,0,0,0,1,0,0,0,0,0,0,0,0,0,0,0,0,836871.57,0,0,836871.57,0,0,836871.57,0,0,836871.57,0,0,836871.57,0,0,836871.57,0,0,836871.57,0,0,836871.57,0,0,874911.18,0,0,874911.18,0,0,874911.18,0,0,874911.18,0,0,874911.18,0,0,874911.18,0,0,836871.57,0,0,836871.57,0,0,874911.18,0,0,874911.18,0,0,836871.57,0,0,836871.57,0,0,836871.57,0,0,836871.57,0,0,836871.57,0,0,836871.57,0,0,836871.57,0,0,836871.57,0,0,836871.57,0,0,874911.18,0,0,874911.18,0,0,874911.18,0,0,874911.18,0,0,836871.57,0,0,836871.57,0,0,836871.57,0,0,836871.57,0,0,836871.57,0,0,836871.57,0,0,836871.57,0,0,836871.57,0,0,836871.57,338194.44,8562.34,1884298.84,0,0,836871.57,0,0,836871.57,0,0,836871.57,0,0,874911.18,0,0,836871.57,0,0,874911.18,0,0,836871.57
both_sexes,0,0,2020-12-07,COVHIV,0,0,0,0,0,0,0,0,0,0,0,0,0,0,0,0,0,0,0,0,0,0,0,0,0,0,0,0,0,0,0,0,0,0,0,0,0,0,0,0,0,0,0,0,0,0,0,0,0,0,836871.57,0,0,836871.57,0,0,836871.57,0,0,836871.57,0,0,836871.57,0,0,836871.57,0,0,836871.57,0,0,836871.57,0,0,874911.18,0,0,874911.18,0,0,874911.18,0,0,874911.18,0,0,874911.18,0,0,874911.18,0,0,836871.57,0,0,836871.57,0,0,874911.18,0,0,874911.18,0,0,836871.57,0,0,836871.57,0,0,836871.57,0,0,836871.57,0,0,836871.57,0,0,836871.57,0,0,836871.57,0,0,836871.57,0,0,836871.57,0,0,874911.18,0,0,874911.18,0,0,874911.18,0,0,874911.18,0,0,836871.57,0,0,836871.57,0,0,836871.57,0,0,836871.57,0,0,836871.57,0,0,836871.57,0,0,836871.57,0,0,836871.57,0,0,836871.57,0,0,1283203.07,0,0,836871.57,0,0,836871.57,0,0,836871.57,0,0,874911.18,0,0,836871.57,0,0,874911.18,0,0,836871.57
both_sexes,0,0,2020-12-14,COVHIV,0,0,0,0,0,0,0,0,0,0,0,0,0,0,0,0,0,0,0,0,0,0,0,0,0,0,0,0,0,0,0,0,0,0,0,0,0,0,0,0,0,0,0,0,0,0,0,0,0,0,836871.57,0,0,836871.57,0,0,836871.57,0,0,836871.57,0,0,836871.57,0,0,836871.57,0,0,836871.57,0,0,836871.57,0,0,874911.18,0,0,874911.18,0,0,874911.18,0,0,874911.18,0,0,874911.18,0,0,874911.18,0,0,836871.57,0,0,836871.57,0,0,874911.18,0,0,874911.18,0,0,836871.57,0,0,836871.57,0,0,836871.57,0,0,836871.57,0,0,836871.57,0,0,836871.57,0,0,836871.57,0,0,836871.57,0,0,836871.57,0,0,874911.18,0,0,874911.18,0,0,874911.18,0,0,874911.18,0,0,836871.57,0,0,836871.57,0,0,836871.57,0,0,836871.57,0,0,836871.57,0,0,836871.57,0,0,836871.57,0,0,836871.57,0,0,836871.57,0,0,1283203.07,0,0,836871.57,0,0,836871.57,0,0,836871.57,0,0,874911.18,0,0,836871.57,0,0,874911.18,0,0,836871.57
both_sexes,0,0,2020-12-21,COVHIV,0,0,0,0,0,0,0,0,0,0,0,0,0,0,0,0,0,0,0,0,0,0,0,0,0,0,0,0,0,0,0,0,0,0,0,0,0,0,0,0,0,0,0,0,0,0,0,0,0,0,836871.57,0,0,836871.57,0,0,836871.57,0,0,836871.57,0,0,836871.57,0,0,836871.57,0,0,836871.57,0,0,836871.57,0,0,874911.18,0,0,874911.18,0,0,874911.18,0,0,874911.18,0,0,874911.18,0,0,874911.18,0,0,836871.57,0,0,836871.57,0,0,874911.18,0,0,874911.18,0,0,836871.57,0,0,836871.57,0,0,836871.57,0,0,836871.57,0,0,836871.57,0,0,836871.57,0,0,836871.57,0,0,836871.57,0,0,836871.57,0,0,874911.18,0,0,874911.18,0,0,874911.18,0,0,874911.18,0,0,836871.57,0,0,836871.57,0,0,836871.57,0,0,836871.57,0,0,836871.57,0,0,836871.57,0,0,836871.57,0,0,836871.57,0,0,836871.57,0,0,1283203.07,0,0,836871.57,0,0,836871.57,0,0,836871.57,0,0,874911.18,0,0,836871.57,0,0,874911.18,0,0,836871.57
both_sexes,0,0,2020-12-28,COVHIV,0,0,0,0,0,0,0,0,0,0,0,0,0,0,0,0,0,0,0,0,0,0,0,0,0,0,0,0,0,0,0,0,0,0,0,0,0,2,0,0,0,0,0,0,0,0,0,0,0,0,836871.57,0,0,836871.57,0,0,836871.57,0,0,836871.57,0,0,836871.57,0,0,836871.57,0,0,836871.57,0,0,836871.57,0,0,874911.18,0,0,874911.18,0,0,874911.18,0,0,874911.18,0,0,874911.18,0,0,874911.18,0,0,836871.57,0,0,836871.57,0,0,874911.18,0,0,874911.18,0,0,836871.57,0,0,836871.57,0,0,836871.57,0,0,836871.57,0,0,836871.57,0,0,836871.57,0,0,836871.57,0,0,836871.57,0,0,836871.57,0,0,874911.18,0,0,874911.18,0,0,874911.18,0,0,874911.18,0,0,836871.57,0,0,836871.57,0,0,836871.57,0,0,836871.57,0,0,836871.57,0,0,836871.57,0,0,836871.57,0,0,836871.57,0,0,836871.57,737878.79,89360.54,2665471.89,0,0,836871.57,0,0,836871.57,0,0,836871.57,0,0,874911.18,0,0,836871.57,0,0,874911.18,0,0,836871.57
both_sexes,0,0,2021-01-04,COVHIV,0,0,0,0,0,0,0,0,0,0,0,0,0,0,0,0,0,0,0,0,0,0,0,0,0,0,0,0,0,0,0,0,0,0,0,0,0,0,0,0,0,0,0,0,0,0,0,0,0,0,836871.57,0,0,836871.57,0,0,836871.57,0,0,836871.57,0,0,836871.57,0,0,836871.57,0,0,836871.57,0,0,836871.57,0,0,874911.18,0,0,874911.18,0,0,874911.18,0,0,874911.18,0,0,874911.18,0,0,874911.18,0,0,836871.57,0,0,836871.57,0,0,874911.18,0,0,874911.18,0,0,836871.57,0,0,836871.57,0,0,836871.57,0,0,836871.57,0,0,836871.57,0,0,836871.57,0,0,836871.57,0,0,836871.57,0,0,836871.57,0,0,874911.18,0,0,874911.18,0,0,874911.18,0,0,874911.18,0,0,836871.57,0,0,836871.57,0,0,836871.57,0,0,836871.57,0,0,836871.57,0,0,836871.57,0,0,836871.57,0,0,836871.57,0,0,836871.57,0,0,1480618.92,0,0,836871.57,0,0,836871.57,0,0,836871.57,0,0,874911.18,0,0,836871.57,0,0,874911.18,0,0,836871.57
both_sexes,0,0,2021-01-11,COVHIV,0,0,0,0,0,0,0,0,0,0,0,0,0,0,0,0,0,0,0,0,0,0,0,0,0,0,0,0,0,0,0,0,0,0,0,0,0,1,0,0,0,0,0,0,0,0,0,0,0,0,836871.57,0,0,836871.57,0,0,836871.57,0,0,836871.57,0,0,836871.57,0,0,836871.57,0,0,836871.57,0,0,836871.57,0,0,874911.18,0,0,874911.18,0,0,874911.18,0,0,874911.18,0,0,874911.18,0,0,874911.18,0,0,836871.57,0,0,836871.57,0,0,874911.18,0,0,874911.18,0,0,836871.57,0,0,836871.57,0,0,836871.57,0,0,836871.57,0,0,836871.57,0,0,836871.57,0,0,836871.57,0,0,836871.57,0,0,836871.57,0,0,874911.18,0,0,874911.18,0,0,874911.18,0,0,874911.18,0,0,836871.57,0,0,836871.57,0,0,836871.57,0,0,836871.57,0,0,836871.57,0,0,836871.57,0,0,836871.57,0,0,836871.57,0,0,836871.57,424709.3,10752.71,2366328.78,0,0,836871.57,0,0,836871.57,0,0,836871.57,0,0,874911.18,0,0,836871.57,0,0,874911.18,0,0,836871.57
both_sexes,0,0,2021-01-18,COVHIV,0,0,0,0,0,0,0,0,0,0,0,0,0,0,0,0,0,0,0,0,0,0,0,0,0,0,0,0,0,0,0,0,0,0,0,0,0,0,0,0,0,0,0,0,0,0,0,0,0,0,836871.57,0,0,836871.57,0,0,836871.57,0,0,836871.57,0,0,836871.57,0,0,836871.57,0,0,836871.57,0,0,836871.57,0,0,874911.18,0,0,874911.18,0,0,874911.18,0,0,874911.18,0,0,874911.18,0,0,874911.18,0,0,836871.57,0,0,836871.57,0,0,874911.18,0,0,874911.18,0,0,836871.57,0,0,836871.57,0,0,836871.57,0,0,836871.57,0,0,836871.57,0,0,836871.57,0,0,836871.57,0,0,836871.57,0,0,836871.57,0,0,874911.18,0,0,874911.18,0,0,874911.18,0,0,874911.18,0,0,836871.57,0,0,836871.57,0,0,836871.57,0,0,836871.57,0,0,836871.57,0,0,836871.57,0,0,836871.57,0,0,836871.57,0,0,836871.57,0,0,1604003.83,0,0,836871.57,0,0,836871.57,0,0,836871.57,0,0,874911.18,0,0,836871.57,0,0,874911.18,0,0,836871.57
both_sexes,0,0,2021-01-25,COVHIV,0,0,0,0,0,0,0,0,0,0,0,0,0,0,0,0,0,0,0,0,0,0,0,0,0,0,0,0,0,0,0,0,0,0,0,0,0,0,0,0,0,0,0,0,0,0,0,0,0,0,836871.57,0,0,836871.57,0,0,836871.57,0,0,836871.57,0,0,836871.57,0,0,836871.57,0,0,836871.57,0,0,836871.57,0,0,874911.18,0,0,874911.18,0,0,874911.18,0,0,874911.18,0,0,874911.18,0,0,874911.18,0,0,836871.57,0,0,836871.57,0,0,874911.18,0,0,874911.18,0,0,836871.57,0,0,836871.57,0,0,836871.57,0,0,836871.57,0,0,836871.57,0,0,836871.57,0,0,836871.57,0,0,836871.57,0,0,836871.57,0,0,874911.18,0,0,874911.18,0,0,874911.18,0,0,874911.18,0,0,836871.57,0,0,836871.57,0,0,836871.57,0,0,836871.57,0,0,836871.57,0,0,836871.57,0,0,836871.57,0,0,836871.57,0,0,836871.57,0,0,1604003.83,0,0,836871.57,0,0,836871.57,0,0,836871.57,0,0,874911.18,0,0,836871.57,0,0,874911.18,0,0,836871.57
both_sexes,0,0,2021-02-01,COVHIV,0,0,0,0,0,0,0,0,0,0,0,0,0,0,0,0,0,0,0,0,0,0,0,0,0,0,0,0,0,0,0,0,0,0,0,0,0,0,0,0,0,0,0,0,0,0,0,0,0,0,836871.57,0,0,836871.57,0,0,836871.57,0,0,836871.57,0,0,836871.57,0,0,836871.57,0,0,836871.57,0,0,836871.57,0,0,874911.18,0,0,874911.18,0,0,874911.18,0,0,874911.18,0,0,874911.18,0,0,874911.18,0,0,836871.57,0,0,836871.57,0,0,874911.18,0,0,874911.18,0,0,836871.57,0,0,836871.57,0,0,836871.57,0,0,836871.57,0,0,836871.57,0,0,836871.57,0,0,836871.57,0,0,836871.57,0,0,836871.57,0,0,874911.18,0,0,874911.18,0,0,874911.18,0,0,874911.18,0,0,836871.57,0,0,836871.57,0,0,836871.57,0,0,836871.57,0,0,836871.57,0,0,836871.57,0,0,836871.57,0,0,836871.57,0,0,836871.57,0,0,1604003.83,0,0,836871.57,0,0,836871.57,0,0,836871.57,0,0,874911.18,0,0,836871.57,0,0,874911.18,0,0,836871.57
both_sexes,0,0,2021-02-08,COVHIV,0,0,0,0,0,0,0,0,0,0,0,0,0,0,0,0,0,0,0,0,0,0,0,0,0,0,0,0,0,0,0,0,0,0,0,0,0,0,0,0,0,0,0,0,0,0,0,0,0,0,836871.57,0,0,836871.57,0,0,836871.57,0,0,836871.57,0,0,836871.57,0,0,836871.57,0,0,836871.57,0,0,836871.57,0,0,874911.18,0,0,874911.18,0,0,874911.18,0,0,874911.18,0,0,874911.18,0,0,874911.18,0,0,836871.57,0,0,836871.57,0,0,874911.18,0,0,874911.18,0,0,836871.57,0,0,836871.57,0,0,836871.57,0,0,836871.57,0,0,836871.57,0,0,836871.57,0,0,836871.57,0,0,836871.57,0,0,836871.57,0,0,874911.18,0,0,874911.18,0,0,874911.18,0,0,874911.18,0,0,836871.57,0,0,836871.57,0,0,836871.57,0,0,836871.57,0,0,836871.57,0,0,836871.57,0,0,836871.57,0,0,836871.57,0,0,836871.57,0,0,1604003.83,0,0,836871.57,0,0,836871.57,0,0,836871.57,0,0,874911.18,0,0,836871.57,0,0,874911.18,0,0,836871.57
both_sexes,0,0,2021-02-15,COVHIV,0,0,0,0,0,0,0,0,0,0,0,0,0,0,0,0,0,0,0,0,0,0,0,0,0,0,0,0,0,0,0,0,0,0,0,0,0,0,0,0,0,0,0,0,0,0,0,0,0,0,863694.37,0,0,863694.37,0,0,863694.37,0,0,863694.37,0,0,863694.37,0,0,863694.37,0,0,863694.37,0,0,863694.37,0,0,904270.62,0,0,904270.62,0,0,904270.62,0,0,904270.62,0,0,904270.62,0,0,904270.62,0,0,863694.37,0,0,863694.37,0,0,904270.62,0,0,904270.62,0,0,863694.37,0,0,863694.37,0,0,863694.37,0,0,863694.37,0,0,863694.37,0,0,863694.37,0,0,863694.37,0,0,863694.37,0,0,863694.37,0,0,904270.62,0,0,904270.62,0,0,904270.62,0,0,904270.62,0,0,863694.37,0,0,863694.37,0,0,863694.37,0,0,863694.37,0,0,863694.37,0,0,863694.37,0,0,863694.37,0,0,863694.37,0,0,863694.37,0,0,1705523.06,0,0,863694.37,0,0,863694.37,0,0,863694.37,0,0,904270.62,0,0,863694.37,0,0,904270.62,0,0,863694.37
both_sexes,0,0,2021-02-22,COVHIV,0,0,0,0,0,0,0,0,0,0,0,0,0,0,0,0,0,0,0,0,0,0,0,0,0,0,0,0,0,0,0,0,0,0,0,0,0,0,0,0,0,0,0,0,0,0,0,0,0,0,874911.18,0,0,874911.18,0,0,874911.18,0,0,874911.18,0,0,874911.18,0,0,874911.18,0,0,874911.18,0,0,874911.18,0,0,916573.62,0,0,916573.62,0,0,916573.62,0,0,916573.62,0,0,916573.62,0,0,916573.62,0,0,874911.18,0,0,874911.18,0,0,916573.62,0,0,916573.62,0,0,874911.18,0,0,874911.18,0,0,874911.18,0,0,874911.18,0,0,874911.18,0,0,874911.18,0,0,874911.18,0,0,874911.18,0,0,874911.18,0,0,916573.62,0,0,916573.62,0,0,916573.62,0,0,916573.62,0,0,874911.18,0,0,874911.18,0,0,874911.18,0,0,874911.18,0,0,874911.18,0,0,874911.18,0,0,874911.18,0,0,874911.18,0,0,874911.18,0,0,1749822.36,0,0,874911.18,0,0,874911.18,0,0,874911.18,0,0,916573.62,0,0,874911.18,0,0,916573.62,0,0,874911.18
both_sexes,0,0,2021-03-01,COVHIV,0,0,0,0,0,0,0,0,0,0,0,0,0,0,0,0,0,0,0,0,0,0,0,0,0,0,0,0,0,0,0,0,0,0,0,0,0,0,0,0,0,0,0,0,0,0,0,0,0,0,916573.62,0,0,916573.62,0,0,916573.62,0,0,916573.62,0,0,916573.62,0,0,916573.62,0,0,916573.62,0,0,916573.62,0,0,962402.3,0,0,962402.3,0,0,962402.3,0,0,962402.3,0,0,962402.3,0,0,962402.3,0,0,916573.62,0,0,916573.62,0,0,962402.3,0,0,962402.3,0,0,916573.62,0,0,916573.62,0,0,916573.62,0,0,916573.62,0,0,916573.62,0,0,916573.62,0,0,916573.62,0,0,916573.62,0,0,916573.62,0,0,962402.3,0,0,962402.3,0,0,962402.3,0,0,962402.3,0,0,916573.62,0,0,916573.62,0,0,916573.62,0,0,916573.62,0,0,916573.62,0,0,916573.62,0,0,916573.62,0,0,916573.62,0,0,916573.62,0,0,1924804.6,0,0,916573.62,0,0,916573.62,0,0,916573.62,0,0,962402.3,0,0,916573.62,0,0,962402.3,0,0,916573.62
both_sexes,0,0,2021-03-08,COVHIV,0,0,0,0,0,0,0,0,0,0,0,0,0,0,0,0,0,0,0,0,0,0,0,0,0,0,0,0,0,0,0,0,0,0,0,0,0,0,0,0,0,0,0,0,0,0,0,0,0,0,916573.62,0,0,916573.62,0,0,916573.62,0,0,916573.62,0,0,916573.62,0,0,916573.62,0,0,916573.62,0,0,916573.62,0,0,962402.3,0,0,962402.3,0,0,962402.3,0,0,962402.3,0,0,962402.3,0,0,962402.3,0,0,916573.62,0,0,916573.62,0,0,962402.3,0,0,962402.3,0,0,916573.62,0,0,916573.62,0,0,916573.62,0,0,916573.62,0,0,916573.62,0,0,916573.62,0,0,916573.62,0,0,916573.62,0,0,916573.62,0,0,962402.3,0,0,962402.3,0,0,962402.3,0,0,962402.3,0,0,916573.62,0,0,916573.62,0,0,916573.62,0,0,916573.62,0,0,916573.62,0,0,916573.62,0,0,916573.62,0,0,916573.62,0,0,916573.62,0,0,1924804.6,0,0,916573.62,0,0,916573.62,0,0,916573.62,0,0,962402.3,0,0,916573.62,0,0,962402.3,0,0,916573.62
both_sexes,0,0,2021-03-15,COVHIV,0,0,0,0,0,0,0,0,0,0,0,0,0,0,0,0,0,0,0,0,0,0,0,0,0,0,0,0,0,0,0,0,0,0,0,0,0,0,0,0,0,0,0,0,0,0,0,0,0,0,916573.62,0,0,916573.62,0,0,916573.62,0,0,916573.62,0,0,916573.62,0,0,916573.62,0,0,916573.62,0,0,916573.62,0,0,962402.3,0,0,962402.3,0,0,962402.3,0,0,962402.3,0,0,962402.3,0,0,962402.3,0,0,916573.62,0,0,916573.62,0,0,962402.3,0,0,962402.3,0,0,916573.62,0,0,916573.62,0,0,916573.62,0,0,916573.62,0,0,916573.62,0,0,916573.62,0,0,916573.62,0,0,916573.62,0,0,916573.62,0,0,962402.3,0,0,962402.3,0,0,962402.3,0,0,962402.3,0,0,916573.62,0,0,916573.62,0,0,916573.62,0,0,916573.62,0,0,916573.62,0,0,916573.62,0,0,916573.62,0,0,916573.62,0,0,916573.62,0,0,1924804.6,0,0,916573.62,0,0,916573.62,0,0,916573.62,0,0,962402.3,0,0,916573.62,0,0,962402.3,0,0,916573.62
both_sexes,0,0,2021-03-22,COVHIV,0,0,0,0,0,0,0,0,0,0,0,0,0,0,0,0,0,0,0,0,0,0,0,0,0,0,0,0,0,0,0,0,0,0,0,0,0,0,0,0,0,0,0,0,0,0,0,0,0,0,942212.04,0,0,942212.04,0,0,942212.04,0,0,942212.04,0,0,942212.04,0,0,942212.04,0,0,942212.04,0,0,942212.04,0,0,990708.25,0,0,990708.25,0,0,990708.25,0,0,990708.25,0,0,990708.25,0,0,990708.25,0,0,942212.04,0,0,942212.04,0,0,990708.25,0,0,990708.25,0,0,942212.04,0,0,942212.04,0,0,942212.04,0,0,942212.04,0,0,942212.04,0,0,942212.04,0,0,942212.04,0,0,942212.04,0,0,942212.04,0,0,990708.25,0,0,990708.25,0,0,990708.25,0,0,990708.25,0,0,942212.04,0,0,942212.04,0,0,942212.04,0,0,942212.04,0,0,942212.04,0,0,942212.04,0,0,942212.04,0,0,942212.04,0,0,942212.04,0,0,1924804.6,0,0,942212.04,0,0,942212.04,0,0,942212.04,0,0,990708.25,0,0,942212.04,0,0,990708.25,0,0,942212.04
both_sexes,0,0,2021-03-29,COVHIV,0,0,0,0,0,0,0,0,0,0,0,0,0,0,0,0,0,0,0,0,0,0,0,0,0,0,0,0,0,0,0,0,0,0,0,0,0,0,0,0,0,0,0,0,0,0,0,0,0,0,962402.3,0,0,962402.3,0,0,962402.3,0,0,962402.3,0,0,962402.3,0,0,962402.3,0,0,962402.3,0,0,962402.3,0,0,1013055.05,0,0,1013055.05,0,0,1013055.05,0,0,1013055.05,0,0,1013055.05,0,0,1013055.05,0,0,962402.3,0,0,962402.3,0,0,1013055.05,0,0,1013055.05,0,0,962402.3,0,0,962402.3,0,0,962402.3,0,0,962402.3,0,0,962402.3,0,0,962402.3,0,0,962402.3,0,0,962402.3,0,0,962402.3,0,0,1013055.05,0,0,1013055.05,0,0,1013055.05,0,0,1013055.05,0,0,962402.3,0,0,962402.3,0,0,962402.3,0,0,962402.3,0,0,962402.3,0,0,962402.3,0,0,962402.3,0,0,962402.3,0,0,962402.3,0,0,1924804.6,0,0,962402.3,0,0,962402.3,0,0,962402.3,0,0,1013055.05,0,0,962402.3,0,0,1013055.05,0,0,962402.3
both_sexes,0,0,2021-04-05,COVHIV,0,0,0,0,0,0,0,0,0,0,0,0,0,0,0,0,0,0,0,0,0,0,0,0,0,0,0,0,0,0,0,0,0,0,0,0,0,0,0,0,0,0,0,0,0,0,0,0,0,0,1077890.58,0,0,1077890.58,0,0,1077890.58,0,0,1077890.58,0,0,1077890.58,0,0,1077890.58,0,0,1077890.58,0,0,1077890.58,0,0,1122802.68,0,0,1122802.68,0,0,1141833.24,0,0,1141833.24,0,0,1141833.24,0,0,1141833.24,0,0,1077890.58,0,0,1077890.58,0,0,1141833.24,0,0,1141833.24,0,0,1077890.58,0,0,1077890.58,0,0,1077890.58,0,0,1077890.58,0,0,1077890.58,0,0,1077890.58,0,0,1077890.58,0,0,1077890.58,0,0,1077890.58,0,0,1141833.24,0,0,1141833.24,0,0,1141833.24,0,0,1141833.24,0,0,1077890.58,0,0,1077890.58,0,0,1077890.58,0,0,1077890.58,0,0,1077890.58,0,0,1077890.58,0,0,1077890.58,0,0,1077890.58,0,0,1077890.58,0,0,1924804.6,0,0,1077890.58,0,0,1077890.58,0,0,1077890.58,0,0,1141833.24,0,0,1077890.58,0,0,1141833.24,0,0,1077890.58
both_sexes,0,0,2021-04-12,COVHIV,0,0,0,0,0,0,0,0,0,0,0,0,0,0,0,0,0,0,0,0,0,0,0,0,0,0,0,0,0,0,0,0,0,0,0,0,0,0,0,0,0,0,0,0,0,0,0,0,0,0,1236113.05,0,0,1236113.05,0,0,1236113.05,0,0,1236113.05,0,0,1236113.05,0,0,1236113.05,0,0,1236113.05,0,0,1236113.05,0,0,1236113.05,0,0,1236113.05,0,0,1320944.33,0,0,1320944.33,0,0,1320944.33,0,0,1320944.33,0,0,1236113.05,0,0,1236113.05,0,0,1320944.33,0,0,1320944.33,0,0,1236113.05,0,0,1236113.05,0,0,1236113.05,0,0,1236113.05,0,0,1236113.05,0,0,1236113.05,0,0,1236113.05,0,0,1236113.05,0,0,1236113.05,0,0,1320944.33,0,0,1320944.33,0,0,1320944.33,0,0,1320944.33,0,0,1236113.05,0,0,1236113.05,0,0,1236113.05,0,0,1236113.05,0,0,1236113.05,0,0,1236113.05,0,0,1236113.05,0,0,1236113.05,0,0,1236113.05,0,0,2173166.48,0,0,1236113.05,0,0,1236113.05,0,0,1236113.05,0,0,1320944.33,0,0,1236113.05,0,0,1320944.33,0,0,1236113.05
both_sexes,0,0,2021-04-19,COVHIV,0,0,0,0,0,0,0,0,0,0,0,0,0,0,0,0,0,0,0,0,0,0,0,0,0,0,0,0,0,0,0,0,0,0,0,0,0,0,0,0,0,0,0,0,0,0,0,0,0,0,1548693.36,0,0,1548693.36,0,0,1548693.36,0,0,1548693.36,0,0,1548693.36,0,0,1548693.36,0,0,1548693.36,0,0,1548693.36,0,0,1548693.36,0,0,1548693.36,0,0,1684204.03,0,0,1684204.03,0,0,1684204.03,0,0,1684204.03,0,0,1548693.36,0,0,1548693.36,0,0,1684204.03,0,0,1684204.03,0,0,1548693.36,0,0,1548693.36,0,0,1548693.36,0,0,1548693.36,0,0,1548693.36,0,0,1548693.36,0,0,1548693.36,0,0,1548693.36,0,0,1548693.36,0,0,1684204.03,0,0,1684204.03,0,0,1684204.03,0,0,1684204.03,0,0,1548693.36,0,0,1548693.36,0,0,1548693.36,0,0,1548693.36,0,0,1548693.36,0,0,1548693.36,0,0,1548693.36,0,0,1548693.36,0,0,1548693.36,0,0,2994140.49,0,0,1548693.36,0,0,1548693.36,0,0,1548693.36,0,0,1684204.03,0,0,1548693.36,0,0,1684204.03,0,0,1548693.36
both_sexes,0,0,2021-04-26,COVHIV,0,0,0,0,0,0,0,0,0,0,0,0,0,0,0,0,0,0,0,0,0,0,0,0,0,0,0,0,0,0,0,0,0,0,0,0,0,0,0,0,0,0,0,0,0,0,0,0,0,0,1871337.81,0,0,1871337.81,0,0,1871337.81,0,0,1871337.81,0,0,1871337.81,0,0,1871337.81,0,0,1871337.81,0,0,1871337.81,0,0,1871337.81,0,0,1871337.81,0,0,2072866.49,0,0,2072866.49,0,0,2072866.49,0,0,2072866.49,0,0,1871337.81,0,0,1871337.81,0,0,1871337.81,0,0,1871337.81,0,0,1871337.81,0,0,1871337.81,0,0,1871337.81,0,0,1871337.81,0,0,1871337.81,0,0,1871337.81,0,0,1871337.81,0,0,1871337.81,0,0,1871337.81,0,0,2072866.49,0,0,2072866.49,0,0,2072866.49,0,0,2072866.49,0,0,1871337.81,0,0,1871337.81,0,0,1871337.81,0,0,1871337.81,0,0,1871337.81,0,0,1871337.81,0,0,1871337.81,0,0,1871337.81,0,0,1871337.81,0,0,3208007.67,0,0,1871337.81,0,0,1871337.81,0,0,1871337.81,0,0,2072866.49,0,0,1871337.81,0,0,2072866.49,0,0,1871337.81
both_sexes,0,0,2021-05-03,COVHIV,0,0,0,0,0,0,0,0,0,0,0,0,0,0,0,0,0,0,0,0,0,0,0,0,0,0,0,0,0,0,0,0,0,0,0,0,0,0,0,0,0,0,0,0,0,0,0,0,0,0,1924804.6,0,0,1924804.6,0,0,1924804.6,0,0,1924804.6,0,0,1924804.6,0,0,1924804.6,0,0,1924804.6,0,0,1924804.6,0,0,1924804.6,0,0,1924804.6,0,0,2138671.78,0,0,2138671.78,0,0,2138671.78,0,0,2138671.78,0,0,1924804.6,0,0,1924804.6,0,0,1924804.6,0,0,1924804.6,0,0,1924804.6,0,0,1924804.6,0,0,1924804.6,0,0,1924804.6,0,0,1924804.6,0,0,1924804.6,0,0,1924804.6,0,0,1924804.6,0,0,1924804.6,0,0,2138671.78,0,0,2138671.78,0,0,2138671.78,0,0,2138671.78,0,0,1924804.6,0,0,1924804.6,0,0,1924804.6,0,0,1924804.6,0,0,1924804.6,0,0,1924804.6,0,0,1924804.6,0,0,1924804.6,0,0,1924804.6,0,0,3208007.67,0,0,1924804.6,0,0,1924804.6,0,0,1924804.6,0,0,2138671.78,0,0,1924804.6,0,0,2138671.78,0,0,1924804.6
both_sexes,0,0,2021-05-10,COVHIV,0,0,0,0,0,0,0,0,0,0,0,0,0,0,0,0,0,0,0,0,0,0,0,0,0,0,0,0,0,0,0,0,0,0,0,0,0,0,0,0,0,0,0,0,0,0,0,0,0,0,2138671.78,0,0,2138671.78,0,0,2138671.78,0,0,2138671.78,0,0,2138671.78,0,0,2138671.78,0,0,2138671.78,0,0,2138671.78,0,0,2138671.78,0,0,2138671.78,0,0,2406005.75,0,0,2406005.75,0,0,2406005.75,0,0,2406005.75,0,0,2138671.78,0,0,2138671.78,0,0,2138671.78,0,0,2138671.78,0,0,2138671.78,0,0,2138671.78,0,0,2138671.78,0,0,2138671.78,0,0,2138671.78,0,0,2138671.78,0,0,2138671.78,0,0,2138671.78,0,0,2138671.78,0,0,2406005.75,0,0,2406005.75,0,0,2406005.75,0,0,2406005.75,0,0,2138671.78,0,0,2138671.78,0,0,2138671.78,0,0,2138671.78,0,0,2138671.78,0,0,2138671.78,0,0,2138671.78,0,0,2138671.78,0,0,2138671.78,0,0,3849609.2,0,0,2138671.78,0,0,2138671.78,0,0,2138671.78,0,0,2406005.75,0,0,2138671.78,0,0,2406005.75,0,0,2138671.78
both_sexes,0,0,2021-05-17,COVHIV,0,0,0,0,0,0,0,0,0,0,0,0,0,0,0,0,0,0,0,0,0,0,0,0,0,0,0,0,0,0,0,0,0,0,0,0,0,1,0,0,0,0,0,0,0,0,0,0,0,0,2283666.48,0,0,2283666.48,0,0,2283666.48,0,0,2283666.48,0,0,2283666.48,0,0,2283666.48,0,0,2283666.48,0,0,2283666.48,0,0,2283666.48,0,0,2283666.48,0,0,2591083.12,0,0,2591083.12,0,0,2591083.12,0,0,2591083.12,0,0,2283666.48,0,0,2283666.48,0,0,2283666.48,0,0,2283666.48,0,0,2283666.48,0,0,2283666.48,0,0,2283666.48,0,0,2283666.48,0,0,2283666.48,0,0,2283666.48,0,0,2283666.48,0,0,2283666.48,0,0,2283666.48,0,0,2591083.12,0,0,2591083.12,0,0,2591083.12,0,0,2591083.12,0,0,2283666.48,0,0,2283666.48,0,0,2283666.48,0,0,2283666.48,0,0,2283666.48,0,0,2283666.48,0,0,2283666.48,0,0,2283666.48,0,0,2283666.48,1074264.71,27198.03,5985419.85,0,0,2283666.48,0,0,2283666.48,0,0,2283666.48,0,0,2591083.12,0,0,2283666.48,0,0,2591083.12,0,0,2283666.48
both_sexes,0,0,2021-05-24,COVHIV,0,0,0,0,0,0,0,0,0,0,0,0,0,0,0,0,0,0,0,0,0,0,0,0,0,0,0,0,0,0,0,0,0,0,0,0,0,0,0,0,0,0,0,0,0,0,0,0,0,0,2406005.75,0,0,2406005.75,0,0,2406005.75,0,0,2406005.75,0,0,2406005.75,0,0,2406005.75,0,0,2406005.75,0,0,2406005.75,0,0,2406005.75,0,0,2406005.75,0,0,2749720.86,0,0,2749720.86,0,0,2749720.86,0,0,2749720.86,0,0,2406005.75,0,0,2406005.75,0,0,2406005.75,0,0,2406005.75,0,0,2406005.75,0,0,2406005.75,0,0,2406005.75,0,0,2406005.75,0,0,2406005.75,0,0,2406005.75,0,0,2406005.75,0,0,2406005.75,0,0,2406005.75,0,0,2749720.86,0,0,2749720.86,0,0,2749720.86,0,0,2749720.86,0,0,2406005.75,0,0,2406005.75,0,0,2406005.75,0,0,2406005.75,0,0,2406005.75,0,0,2406005.75,0,0,2406005.75,0,0,2406005.75,0,0,2406005.75,0,0,4812011.5,0,0,2406005.75,0,0,2406005.75,0,0,2406005.75,0,0,2749720.86,0,0,2406005.75,0,0,2749720.86,0,0,2406005.75
both_sexes,0,0,2021-05-31,COVHIV,0,0,0,0,0,0,0,0,0,0,0,0,0,0,0,0,0,0,0,0,0,0,0,0,0,0,0,0,0,0,0,0,0,0,0,0,0,0,0,0,0,0,0,0,0,0,0,0,0,0,2641888.67,0,0,2641888.67,0,0,2641888.67,0,0,2641888.67,0,0,2641888.67,0,0,2641888.67,0,0,2641888.67,0,0,2641888.67,0,0,2641888.67,0,0,2641888.67,0,0,3062189.14,0,0,3062189.14,0,0,3062189.14,0,0,3062189.14,0,0,2641888.67,0,0,2641888.67,0,0,2641888.67,0,0,2641888.67,0,0,2641888.67,0,0,2641888.67,0,0,2641888.67,0,0,2641888.67,0,0,2641888.67,0,0,2641888.67,0,0,2641888.67,0,0,2641888.67,0,0,2641888.67,0,0,3062189.14,0,0,3062189.14,0,0,3062189.14,0,0,3062189.14,0,0,2641888.67,0,0,2641888.67,0,0,2641888.67,0,0,2641888.67,0,0,2641888.67,0,0,2641888.67,0,0,2641888.67,0,0,2641888.67,0,0,2641888.67,0,0,4812011.5,0,0,2641888.67,0,0,2641888.67,0,0,2641888.67,0,0,3062189.14,0,0,2641888.67,0,0,3062189.14,0,0,2641888.67
both_sexes,0,0,2021-06-07,COVHIV,0,0,0,0,0,0,0,0,0,0,0,0,0,0,0,0,0,0,0,0,0,0,0,0,0,0,0,0,0,0,0,0,0,0,0,0,0,0,0,0,0,0,0,0,0,0,0,0,0,0,3208007.67,0,0,3208007.67,0,0,3208007.67,0,0,3208007.67,0,0,3208007.67,0,0,3208007.67,0,0,3208007.67,0,0,3208007.67,0,0,3208007.67,0,0,3208007.67,0,0,3208007.67,0,0,3208007.67,0,0,3208007.67,0,0,3208007.67,0,0,3208007.67,0,0,3208007.67,0,0,3208007.67,0,0,3208007.67,0,0,3208007.67,0,0,3208007.67,0,0,3208007.67,0,0,3208007.67,0,0,3208007.67,0,0,3208007.67,0,0,3208007.67,0,0,3208007.67,0,0,3208007.67,0,0,3849609.2,0,0,3849609.2,0,0,3849609.2,0,0,3849609.2,0,0,3208007.67,0,0,3208007.67,0,0,3208007.67,0,0,3208007.67,0,0,3208007.67,0,0,3208007.67,0,0,3208007.67,0,0,3208007.67,0,0,3208007.67,0,0,4812011.5,0,0,3208007.67,0,0,3208007.67,0,0,3208007.67,0,0,3849609.2,0,0,3208007.67,0,0,3849609.2,0,0,3208007.67
both_sexes,0,0,2021-06-14,COVHIV,0,0,0,0,0,0,0,0,0,0,0,0,0,0,0,0,0,0,0,0,0,0,0,0,0,0,0,0,0,0,0,0,0,0,0,0,0,0,0,0,0,0,0,0,0,0,0,0,0,0,3208007.67,0,0,3208007.67,0,0,3208007.67,0,0,3208007.67,0,0,3208007.67,0,0,3208007.67,0,0,3208007.67,0,0,3208007.67,0,0,3208007.67,0,0,3208007.67,0,0,3208007.67,0,0,3208007.67,0,0,3208007.67,0,0,3208007.67,0,0,3208007.67,0,0,3208007.67,0,0,3208007.67,0,0,3208007.67,0,0,3208007.67,0,0,3208007.67,0,0,3208007.67,0,0,3208007.67,0,0,3208007.67,0,0,3208007.67,0,0,3208007.67,0,0,3208007.67,0,0,3208007.67,0,0,3849609.2,0,0,3849609.2,0,0,3849609.2,0,0,3849609.2,0,0,3208007.67,0,0,3208007.67,0,0,3208007.67,0,0,3208007.67,0,0,3208007.67,0,0,3208007.67,0,0,3208007.67,0,0,3208007.67,0,0,3208007.67,0,0,4812011.5,0,0,3208007.67,0,0,3208007.67,0,0,3208007.67,0,0,3849609.2,0,0,3208007.67,0,0,3849609.2,0,0,3208007.67
both_sexes,0,0,2021-06-21,COVHIV,0,0,0,0,0,0,0,0,0,0,0,0,0,0,0,0,0,0,0,0,0,0,0,0,0,0,0,0,0,0,0,0,0,0,0,0,0,0,0,0,0,0,0,0,0,0,0,0,0,0,4082918.85,0,0,4082918.85,0,0,4082918.85,0,0,4082918.85,0,0,4082918.85,0,0,4082918.85,0,0,4082918.85,0,0,4082918.85,0,0,4082918.85,0,0,4082918.85,0,0,4082918.85,0,0,4082918.85,0,0,4082918.85,0,0,4082918.85,0,0,4082918.85,0,0,4082918.85,0,0,4082918.85,0,0,4082918.85,0,0,4082918.85,0,0,4082918.85,0,0,4082918.85,0,0,4082918.85,0,0,4082918.85,0,0,4082918.85,0,0,4082918.85,0,0,4082918.85,0,0,4082918.85,0,0,5182166.23,0,0,5182166.23,0,0,5182166.23,0,0,5182166.23,0,0,4082918.85,0,0,4082918.85,0,0,4082918.85,0,0,4082918.85,0,0,4082918.85,0,0,4082918.85,0,0,4082918.85,0,0,4082918.85,0,0,4082918.85,0,0,5614013.42,0,0,4082918.85,0,0,4082918.85,0,0,4082918.85,0,0,5182166.23,0,0,4082918.85,0,0,5182166.23,0,0,4082918.85
both_sexes,0,0,2021-06-28,COVHIV,0,0,0,0,0,0,0,0,0,0,0,0,0,0,0,0,0,0,0,0,0,0,0,0,0,0,0,0,0,0,0,0,0,0,0,0,0,0,0,0,0,0,0,0,0,0,0,0,0,0,11228026.84,0,0,11228026.84,0,0,11228026.84,0,0,11228026.84,0,0,11228026.84,0,0,11228026.84,0,0,11228026.84,0,0,11228026.84,0,0,11228026.84,0,0,11228026.84,0,0,11228026.84,0,0,11228026.84,0,0,11228026.84,0,0,11228026.84,0,0,11228026.84,0,0,11228026.84,0,0,11228026.84,0,0,11228026.84,0,0,11228026.84,0,0,11228026.84,0,0,11228026.84,0,0,11228026.84,0,0,11228026.84,0,0,11228026.84,0,0,11228026.84,0,0,11228026.84,0,0,11228026.84,0,0,14970702.45,0,0,14970702.45,0,0,14970702.45,0,0,14970702.45,0,0,11228026.84,0,0,11228026.84,0,0,11228026.84,0,0,11228026.84,0,0,11228026.84,0,0,11228026.84,0,0,11228026.84,0,0,11228026.84,0,0,11228026.84,0,0,14970702.45,0,0,11228026.84,0,0,11228026.84,0,0,11228026.84,0,0,14970702.45,0,0,11228026.84,0,0,14970702.45,0,0,11228026.84
both_sexes,1,Moderna,2021-05-31,COVHIV,0,0,0,0,0,0,0,0,0,0,0,0,0,0,0,0,0,0,0,0,0,0,0,0,0,0,0,0,0,0,0,0,0,0,0,0,0,0,0,0,0,0,0,0,0,0,0,0,0,0,26947264.41,0,0,26947264.41,0,0,26947264.41,0,0,26947264.41,0,0,26947264.41,0,0,26947264.41,0,0,26947264.41,0,0,26947264.41,0,0,26947264.41,0,0,26947264.41,0,0,26947264.41,0,0,26947264.41,0,0,26947264.41,0,0,26947264.41,0,0,26947264.41,0,0,26947264.41,0,0,26947264.41,0,0,26947264.41,0,0,26947264.41,0,0,26947264.41,0,0,26947264.41,0,0,26947264.41,0,0,26947264.41,0,0,26947264.41,0,0,26947264.41,0,0,26947264.41,0,0,26947264.41,0,0,26947264.41,0,0,26947264.41,0,0,26947264.41,0,0,26947264.41,0,0,26947264.41,0,0,26947264.41,0,0,26947264.41,0,0,26947264.41,0,0,26947264.41,0,0,26947264.41,0,0,26947264.41,0,0,26947264.41,0,0,26947264.41,,,0,0,0,26947264.41,0,0,26947264.41,0,0,26947264.41,0,0,26947264.41,0,0,26947264.41,0,0,26947264.41,0,0,26947264.41
both_sexes,1,Moderna,2021-06-07,COVHIV,0,0,0,0,0,0,0,0,0,0,0,0,0,0,0,0,0,0,0,0,0,0,0,0,0,0,0,0,0,0,0,0,0,0,0,0,0,0,0,0,0,0,0,0,0,0,0,0,0,0,9624023,0,0,9624023,0,0,9624023,0,0,9624023,0,0,9624023,0,0,9624023,0,0,9624023,0,0,9624023,0,0,9624023,0,0,9624023,0,0,19248046.01,0,0,19248046.01,0,0,19248046.01,0,0,19248046.01,0,0,9624023,0,0,9624023,0,0,9624023,0,0,9624023,0,0,9624023,0,0,9624023,0,0,9624023,0,0,9624023,0,0,9624023,0,0,9624023,0,0,9624023,0,0,9624023,0,0,9624023,0,0,9624023,0,0,9624023,0,0,9624023,0,0,9624023,0,0,9624023,0,0,9624023,0,0,9624023,0,0,9624023,0,0,9624023,0,0,9624023,0,0,9624023,0,0,9624023,0,0,9624023,,,0,0,0,9624023,0,0,9624023,0,0,9624023,0,0,9624023,0,0,9624023,0,0,9624023,0,0,9624023
both_sexes,1,Moderna,2021-06-14,COVHIV,0,0,0,0,0,0,0,0,0,0,0,0,0,0,0,0,0,0,0,0,0,0,0,0,0,0,0,0,0,0,0,0,0,0,0,0,0,0,0,0,0,0,0,0,0,0,0,0,0,0,9624023,0,0,9624023,0,0,9624023,0,0,9624023,0,0,9624023,0,0,9624023,0,0,9624023,0,0,9624023,0,0,9624023,0,0,9624023,0,0,19248046.01,0,0,19248046.01,0,0,19248046.01,0,0,19248046.01,0,0,9624023,0,0,9624023,0,0,9624023,0,0,9624023,0,0,9624023,0,0,9624023,0,0,9624023,0,0,9624023,0,0,9624023,0,0,9624023,0,0,9624023,0,0,9624023,0,0,9624023,0,0,9624023,0,0,9624023,0,0,9624023,0,0,9624023,0,0,9624023,0,0,9624023,0,0,9624023,0,0,9624023,0,0,9624023,0,0,9624023,0,0,9624023,0,0,9624023,0,0,9624023,,,0,0,0,9624023,0,0,9624023,0,0,9624023,0,0,9624023,0,0,9624023,0,0,9624023,0,0,9624023
both_sexes,1,Moderna,2021-06-21,COVHIV,0,0,0,0,0,0,0,0,0,0,0,0,0,0,0,0,0,0,0,0,0,0,0,0,0,0,0,0,0,0,0,0,0,0,0,0,0,0,0,0,0,0,0,0,0,0,0,0,0,0,9624023,0,0,9624023,0,0,9624023,0,0,9624023,0,0,9624023,0,0,9624023,0,0,9624023,0,0,9624023,0,0,9624023,0,0,9624023,0,0,19248046.01,0,0,19248046.01,0,0,19248046.01,0,0,19248046.01,0,0,9624023,0,0,9624023,0,0,9624023,0,0,9624023,0,0,9624023,0,0,9624023,0,0,9624023,0,0,9624023,0,0,9624023,0,0,9624023,0,0,9624023,0,0,9624023,0,0,9624023,0,0,9624023,0,0,9624023,0,0,9624023,0,0,9624023,0,0,9624023,0,0,9624023,0,0,9624023,0,0,9624023,0,0,9624023,0,0,9624023,0,0,9624023,0,0,9624023,0,0,9624023,,,0,0,0,9624023,0,0,9624023,0,0,9624023,0,0,9624023,0,0,9624023,0,0,9624023,0,0,9624023
both_sexes,1,Moderna,2021-06-28,COVHIV,0,0,0,0,0,0,0,0,0,0,0,0,0,0,0,0,0,0,0,0,0,0,0,0,0,0,0,0,0,0,0,0,0,0,0,0,0,0,0,0,0,0,0,0,0,0,0,0,0,0,22456053.68,0,0,22456053.68,0,0,22456053.68,0,0,22456053.68,0,0,22456053.68,0,0,22456053.68,0,0,22456053.68,0,0,22456053.68,0,0,22456053.68,0,0,22456053.68,0,0,44912107.35,0,0,44912107.35,0,0,44912107.35,0,0,44912107.35,0,0,22456053.68,0,0,22456053.68,0,0,22456053.68,0,0,22456053.68,0,0,22456053.68,0,0,22456053.68,0,0,22456053.68,0,0,22456053.68,0,0,22456053.68,0,0,22456053.68,0,0,22456053.68,0,0,22456053.68,0,0,22456053.68,0,0,22456053.68,0,0,22456053.68,0,0,22456053.68,0,0,22456053.68,0,0,22456053.68,0,0,22456053.68,0,0,22456053.68,0,0,22456053.68,0,0,22456053.68,0,0,22456053.68,0,0,22456053.68,0,0,22456053.68,0,0,22456053.68,,,0,0,0,22456053.68,0,0,22456053.68,0,0,22456053.68,0,0,22456053.68,0,0,22456053.68,0,0,22456053.68,0,0,22456053.68
both_sexes,1,Moderna,2021-04-05,COVHIV,0,0,0,0,0,0,0,0,0,0,0,0,0,0,0,0,0,0,0,0,0,0,0,0,0,0,0,0,0,0,0,0,0,0,0,0,0,0,0,0,0,0,0,0,0,0,0,0,0,0,9624023,0,0,9624023,0,0,9624023,0,0,9624023,0,0,9624023,0,0,9624023,0,0,9624023,0,0,9624023,0,0,9624023,0,0,9624023,0,0,9624023,0,0,9624023,0,0,9624023,0,0,9624023,0,0,9624023,0,0,9624023,0,0,9624023,0,0,9624023,0,0,9624023,0,0,9624023,0,0,9624023,0,0,9624023,0,0,9624023,0,0,9624023,0,0,9624023,0,0,9624023,0,0,9624023,0,0,9624023,0,0,9624023,0,0,9624023,0,0,9624023,0,0,9624023,0,0,9624023,0,0,9624023,0,0,9624023,0,0,9624023,0,0,9624023,0,0,9624023,0,0,9624023,0,0,9624023,,,0,0,0,9624023,0,0,9624023,0,0,9624023,0,0,9624023,0,0,9624023,0,0,9624023,0,0,9624023
both_sexes,1,Moderna,2021-04-12,COVHIV,0,0,0,0,0,0,0,0,0,0,0,0,0,0,0,0,0,0,0,0,0,0,0,0,0,0,0,0,0,0,0,0,0,0,0,0,0,0,0,0,0,0,0,0,0,0,0,0,0,0,6416015.34,0,0,6416015.34,0,0,6416015.34,0,0,6416015.34,0,0,6416015.34,0,0,6416015.34,0,0,6416015.34,0,0,6416015.34,0,0,6416015.34,0,0,6416015.34,0,0,6416015.34,0,0,6416015.34,0,0,6416015.34,0,0,6416015.34,0,0,6416015.34,0,0,6416015.34,0,0,6416015.34,0,0,6416015.34,0,0,6416015.34,0,0,6416015.34,0,0,6416015.34,0,0,6416015.34,0,0,6416015.34,0,0,6416015.34,0,0,6416015.34,0,0,6416015.34,0,0,6416015.34,0,0,6416015.34,0,0,6416015.34,0,0,6416015.34,0,0,6416015.34,0,0,6416015.34,0,0,6416015.34,0,0,6416015.34,0,0,6416015.34,0,0,6416015.34,0,0,6416015.34,0,0,6416015.34,0,0,6416015.34,0,0,6416015.34,0,0,19248046.01,0,0,6416015.34,0,0,6416015.34,0,0,6416015.34,0,0,6416015.34,0,0,6416015.34,0,0,6416015.34,0,0,6416015.34
both_sexes,1,Moderna,2021-04-19,COVHIV,0,0,0,0,0,0,0,0,0,0,0,0,0,0,0,0,0,0,0,0,0,0,0,0,0,0,0,0,0,0,0,0,0,0,0,0,0,0,0,0,0,0,0,0,0,0,0,0,0,0,5389452.88,0,0,5389452.88,0,0,5389452.88,0,0,5389452.88,0,0,5389452.88,0,0,5389452.88,0,0,5389452.88,0,0,5389452.88,0,0,5389452.88,0,0,5389452.88,0,0,5389452.88,0,0,5389452.88,0,0,5389452.88,0,0,5389452.88,0,0,5389452.88,0,0,5389452.88,0,0,5389452.88,0,0,5389452.88,0,0,5389452.88,0,0,5389452.88,0,0,5389452.88,0,0,5389452.88,0,0,5389452.88,0,0,5389452.88,0,0,5389452.88,0,0,5389452.88,0,0,5389452.88,0,0,5389452.88,0,0,5389452.88,0,0,5389452.88,0,0,5389452.88,0,0,5389452.88,0,0,5389452.88,0,0,5389452.88,0,0,5389452.88,0,0,5389452.88,0,0,5389452.88,0,0,5389452.88,0,0,5389452.88,0,0,5389452.88,0,0,9624023,0,0,5389452.88,0,0,5389452.88,0,0,5389452.88,0,0,5389452.88,0,0,5389452.88,0,0,5389452.88,0,0,5389452.88
both_sexes,1,Moderna,2021-04-26,COVHIV,0,0,0,0,0,0,0,0,0,0,0,0,0,0,0,0,0,0,0,0,0,0,0,0,0,0,0,0,0,0,0,0,0,0,0,0,0,0,0,0,0,0,0,0,0,0,0,0,0,0,4812011.5,0,0,4812011.5,0,0,4812011.5,0,0,4812011.5,0,0,4812011.5,0,0,4812011.5,0,0,4812011.5,0,0,4812011.5,0,0,4812011.5,0,0,4812011.5,0,0,4812011.5,0,0,4812011.5,0,0,4812011.5,0,0,4812011.5,0,0,4812011.5,0,0,4812011.5,0,0,6416015.34,0,0,6416015.34,0,0,4812011.5,0,0,4812011.5,0,0,4812011.5,0,0,4812011.5,0,0,4812011.5,0,0,4812011.5,0,0,4812011.5,0,0,4812011.5,0,0,4812011.5,0,0,4812011.5,0,0,4812011.5,0,0,4812011.5,0,0,4812011.5,0,0,4812011.5,0,0,4812011.5,0,0,4812011.5,0,0,4812011.5,0,0,4812011.5,0,0,4812011.5,0,0,4812011.5,0,0,4812011.5,0,0,4812011.5,0,0,9624023,0,0,4812011.5,0,0,4812011.5,0,0,4812011.5,0,0,4812011.5,0,0,4812011.5,0,0,4812011.5,0,0,4812011.5
both_sexes,1,Moderna,2021-05-03,COVHIV,0,0,0,0,0,0,0,0,0,0,0,0,0,0,0,0,0,0,0,0,0,0,0,0,0,0,0,0,0,0,0,0,0,0,0,0,0,0,0,0,0,0,0,0,0,0,0,0,0,0,5182166.23,0,0,5182166.23,0,0,5182166.23,0,0,5182166.23,0,0,5182166.23,0,0,5182166.23,0,0,5182166.23,0,0,5182166.23,0,0,5182166.23,0,0,5182166.23,0,0,5182166.23,0,0,5182166.23,0,0,5182166.23,0,0,5182166.23,0,0,5182166.23,0,0,5182166.23,0,0,7091385.37,0,0,7091385.37,0,0,5182166.23,0,0,5182166.23,0,0,5182166.23,0,0,5182166.23,0,0,5182166.23,0,0,5182166.23,0,0,5182166.23,0,0,5182166.23,0,0,5182166.23,0,0,5182166.23,0,0,5182166.23,0,0,5182166.23,0,0,5182166.23,0,0,5182166.23,0,0,5182166.23,0,0,5182166.23,0,0,5182166.23,0,0,5182166.23,0,0,5182166.23,0,0,5182166.23,0,0,5182166.23,0,0,5182166.23,0,0,9624023,0,0,5182166.23,0,0,5182166.23,0,0,5182166.23,0,0,5182166.23,0,0,5182166.23,0,0,5182166.23,0,0,5182166.23
both_sexes,2,Moderna,2021-05-03,COVHIV,0,0,0,0,0,0,0,0,0,0,0,0,0,0,0,0,0,0,0,0,0,0,0,0,0,0,0,0,0,0,0,0,0,0,0,0,0,0,0,0,0,0,0,0,0,0,0,0,0,0,14970702.45,0,0,14970702.45,0,0,14970702.45,0,0,14970702.45,0,0,14970702.45,0,0,14970702.45,0,0,14970702.45,0,0,14970702.45,0,0,14970702.45,0,0,14970702.45,0,0,14970702.45,0,0,14970702.45,0,0,14970702.45,0,0,14970702.45,0,0,14970702.45,0,0,14970702.45,0,0,14970702.45,0,0,14970702.45,0,0,14970702.45,0,0,14970702.45,0,0,14970702.45,0,0,14970702.45,0,0,14970702.45,0,0,14970702.45,0,0,14970702.45,0,0,14970702.45,0,0,14970702.45,0,0,14970702.45,0,0,14970702.45,0,0,14970702.45,0,0,14970702.45,0,0,14970702.45,0,0,14970702.45,0,0,14970702.45,0,0,14970702.45,0,0,14970702.45,0,0,14970702.45,0,0,14970702.45,0,0,14970702.45,0,0,14970702.45,,,0,0,0,14970702.45,0,0,14970702.45,0,0,14970702.45,0,0,14970702.45,0,0,14970702.45,0,0,14970702.45,0,0,14970702.45
both_sexes,2,Moderna,2021-05-10,COVHIV,0,0,0,0,0,0,0,0,0,0,0,0,0,0,0,0,0,0,0,0,0,0,0,0,0,0,0,0,0,0,0,0,0,0,0,0,0,0,0,0,0,0,0,0,0,0,0,0,0,0,8421020.13,0,0,8421020.13,0,0,8421020.13,0,0,8421020.13,0,0,8421020.13,0,0,8421020.13,0,0,8421020.13,0,0,8421020.13,0,0,8421020.13,0,0,8421020.13,0,0,8421020.13,0,0,8421020.13,0,0,8421020.13,0,0,8421020.13,0,0,8421020.13,0,0,8421020.13,0,0,8421020.13,0,0,8421020.13,0,0,8421020.13,0,0,8421020.13,0,0,8421020.13,0,0,8421020.13,0,0,8421020.13,0,0,8421020.13,0,0,8421020.13,0,0,8421020.13,0,0,8421020.13,0,0,8421020.13,0,0,8421020.13,0,0,8421020.13,0,0,8421020.13,0,0,8421020.13,0,0,8421020.13,0,0,8421020.13,0,0,8421020.13,0,0,8421020.13,0,0,8421020.13,0,0,8421020.13,0,0,8421020.13,0,0,8421020.13,0,0,67368161.03,0,0,8421020.13,0,0,8421020.13,0,0,8421020.13,0,0,8421020.13,0,0,8421020.13,0,0,8421020.13,0,0,8421020.13
both_sexes,2,Moderna,2021-05-17,COVHIV,0,0,0,0,0,0,0,0,0,0,0,0,0,0,0,0,0,0,0,0,0,0,0,0,0,0,0,0,0,0,0,0,0,0,0,0,0,0,0,0,0,0,0,0,0,0,0,0,0,0,5858100.96,0,0,5858100.96,0,0,5858100.96,0,0,5858100.96,0,0,5858100.96,0,0,5858100.96,0,0,5858100.96,0,0,5858100.96,0,0,5858100.96,0,0,5858100.96,0,0,5858100.96,0,0,5858100.96,0,0,5858100.96,0,0,5858100.96,0,0,5858100.96,0,0,5858100.96,0,0,5858100.96,0,0,5858100.96,0,0,5858100.96,0,0,5858100.96,0,0,5858100.96,0,0,5858100.96,0,0,5858100.96,0,0,5858100.96,0,0,5858100.96,0,0,5858100.96,0,0,5858100.96,0,0,5858100.96,0,0,5858100.96,0,0,5858100.96,0,0,5858100.96,0,0,5858100.96,0,0,5858100.96,0,0,5858100.96,0,0,5858100.96,0,0,5858100.96,0,0,5858100.96,0,0,5858100.96,0,0,5858100.96,0,0,5858100.96,0,0,14970702.45,0,0,5858100.96,0,0,5858100.96,0,0,5858100.96,0,0,5858100.96,0,0,5858100.96,0,0,5858100.96,0,0,5858100.96
both_sexes,2,Moderna,2021-05-24,COVHIV,0,0,0,0,0,0,0,0,0,0,0,0,0,0,0,0,0,0,0,0,0,0,0,0,0,0,0,0,0,0,0,0,0,0,0,0,0,0,0,0,0,0,0,0,0,0,0,0,0,0,3849609.2,0,0,3849609.2,0,0,3849609.2,0,0,3849609.2,0,0,3849609.2,0,0,3849609.2,0,0,3849609.2,0,0,3849609.2,0,0,3849609.2,0,0,3849609.2,0,0,3849609.2,0,0,3849609.2,0,0,3849609.2,0,0,3849609.2,0,0,3849609.2,0,0,3849609.2,0,0,4812011.5,0,0,4812011.5,0,0,3849609.2,0,0,3849609.2,0,0,3849609.2,0,0,3849609.2,0,0,3849609.2,0,0,3849609.2,0,0,3849609.2,0,0,3849609.2,0,0,3849609.2,0,0,3849609.2,0,0,3849609.2,0,0,3849609.2,0,0,3849609.2,0,0,3849609.2,0,0,3849609.2,0,0,3849609.2,0,0,3849609.2,0,0,3849609.2,0,0,3849609.2,0,0,3849609.2,0,0,3849609.2,0,0,3849609.2,0,0,9624023,0,0,3849609.2,0,0,3849609.2,0,0,3849609.2,0,0,3849609.2,0,0,3849609.2,0,0,3849609.2,0,0,3849609.2
both_sexes,2,Moderna,2021-05-31,COVHIV,0,0,0,0,0,0,0,0,0,0,0,0,0,0,0,0,0,0,0,0,0,0,0,0,0,0,0,0,0,0,0,0,0,0,0,0,0,0,0,0,0,0,0,0,0,0,0,0,0,0,3849609.2,0,0,3849609.2,0,0,3849609.2,0,0,3849609.2,0,0,3849609.2,0,0,3849609.2,0,0,3849609.2,0,0,3849609.2,0,0,3849609.2,0,0,3849609.2,0,0,3849609.2,0,0,3849609.2,0,0,3849609.2,0,0,3849609.2,0,0,3849609.2,0,0,3849609.2,0,0,4812011.5,0,0,4812011.5,0,0,3849609.2,0,0,3849609.2,0,0,3849609.2,0,0,3849609.2,0,0,3849609.2,0,0,3849609.2,0,0,3849609.2,0,0,3849609.2,0,0,3849609.2,0,0,3849609.2,0,0,3849609.2,0,0,3849609.2,0,0,3849609.2,0,0,3849609.2,0,0,3849609.2,0,0,3849609.2,0,0,3849609.2,0,0,3849609.2,0,0,3849609.2,0,0,3849609.2,0,0,3849609.2,0,0,3849609.2,0,0,9624023,0,0,3849609.2,0,0,3849609.2,0,0,3849609.2,0,0,3849609.2,0,0,3849609.2,0,0,3849609.2,0,0,3849609.2
both_sexes,2,Moderna,2021-06-07,COVHIV,0,0,0,0,0,0,0,0,0,0,0,0,0,0,0,0,0,0,0,0,0,0,0,0,0,0,0,0,0,0,0,0,0,0,0,0,0,0,0,0,0,0,0,0,0,0,0,0,0,0,3849609.2,0,0,3849609.2,0,0,3849609.2,0,0,3849609.2,0,0,3849609.2,0,0,3849609.2,0,0,3849609.2,0,0,3849609.2,0,0,3849609.2,0,0,3849609.2,0,0,3849609.2,0,0,3849609.2,0,0,3849609.2,0,0,3849609.2,0,0,3849609.2,0,0,3849609.2,0,0,4812011.5,0,0,4812011.5,0,0,3849609.2,0,0,3849609.2,0,0,3849609.2,0,0,3849609.2,0,0,3849609.2,0,0,3849609.2,0,0,3849609.2,0,0,3849609.2,0,0,3849609.2,0,0,3849609.2,0,0,3849609.2,0,0,3849609.2,0,0,3849609.2,0,0,3849609.2,0,0,3849609.2,0,0,3849609.2,0,0,3849609.2,0,0,3849609.2,0,0,3849609.2,0,0,3849609.2,0,0,3849609.2,0,0,3849609.2,0,0,9624023,0,0,3849609.2,0,0,3849609.2,0,0,3849609.2,0,0,3849609.2,0,0,3849609.2,0,0,3849609.2,0,0,3849609.2
both_sexes,2,Moderna,2021-06-14,COVHIV,0,0,0,0,0,0,0,0,0,0,0,0,0,0,0,0,0,0,0,0,0,0,0,0,0,0,0,0,0,0,0,0,0,0,0,0,0,0,0,0,0,0,0,0,0,0,0,0,0,0,3849609.2,0,0,3849609.2,0,0,3849609.2,0,0,3849609.2,0,0,3849609.2,0,0,3849609.2,0,0,3849609.2,0,0,3849609.2,0,0,3849609.2,0,0,3849609.2,0,0,3849609.2,0,0,3849609.2,0,0,3849609.2,0,0,3849609.2,0,0,3849609.2,0,0,3849609.2,0,0,4812011.5,0,0,4812011.5,0,0,3849609.2,0,0,3849609.2,0,0,3849609.2,0,0,3849609.2,0,0,3849609.2,0,0,3849609.2,0,0,3849609.2,0,0,3849609.2,0,0,3849609.2,0,0,3849609.2,0,0,3849609.2,0,0,3849609.2,0,0,3849609.2,0,0,3849609.2,0,0,3849609.2,0,0,3849609.2,0,0,3849609.2,0,0,3849609.2,0,0,3849609.2,0,0,3849609.2,0,0,3849609.2,0,0,3849609.2,0,0,9624023,0,0,3849609.2,0,0,3849609.2,0,0,3849609.2,0,0,3849609.2,0,0,3849609.2,0,0,3849609.2,0,0,3849609.2
both_sexes,2,Moderna,2021-06-21,COVHIV,0,0,0,0,0,0,0,0,0,0,0,0,0,0,0,0,0,0,0,0,0,0,0,0,0,0,0,0,0,0,0,0,0,0,0,0,0,0,0,0,0,0,0,0,0,0,0,0,0,0,3849609.2,0,0,3849609.2,0,0,3849609.2,0,0,3849609.2,0,0,3849609.2,0,0,3849609.2,0,0,3849609.2,0,0,3849609.2,0,0,3849609.2,0,0,3849609.2,0,0,3849609.2,0,0,3849609.2,0,0,3849609.2,0,0,3849609.2,0,0,3849609.2,0,0,3849609.2,0,0,4812011.5,0,0,4812011.5,0,0,3849609.2,0,0,3849609.2,0,0,3849609.2,0,0,3849609.2,0,0,3849609.2,0,0,3849609.2,0,0,3849609.2,0,0,3849609.2,0,0,3849609.2,0,0,3849609.2,0,0,3849609.2,0,0,3849609.2,0,0,3849609.2,0,0,3849609.2,0,0,3849609.2,0,0,3849609.2,0,0,3849609.2,0,0,3849609.2,0,0,3849609.2,0,0,3849609.2,0,0,3849609.2,0,0,3849609.2,0,0,9624023,0,0,3849609.2,0,0,3849609.2,0,0,3849609.2,0,0,3849609.2,0,0,3849609.2,0,0,3849609.2,0,0,3849609.2
both_sexes,2,Moderna,2021-06-28,COVHIV,0,0,0,0,0,0,0,0,0,0,0,0,0,0,0,0,0,0,0,0,0,0,0,0,0,0,0,0,0,0,0,0,0,0,0,0,0,0,0,0,0,0,0,0,0,0,0,0,0,0,8982421.47,0,0,8982421.47,0,0,8982421.47,0,0,8982421.47,0,0,8982421.47,0,0,8982421.47,0,0,8982421.47,0,0,8982421.47,0,0,8982421.47,0,0,8982421.47,0,0,8982421.47,0,0,8982421.47,0,0,8982421.47,0,0,8982421.47,0,0,8982421.47,0,0,8982421.47,0,0,11228026.84,0,0,11228026.84,0,0,8982421.47,0,0,8982421.47,0,0,8982421.47,0,0,8982421.47,0,0,8982421.47,0,0,8982421.47,0,0,8982421.47,0,0,8982421.47,0,0,8982421.47,0,0,8982421.47,0,0,8982421.47,0,0,8982421.47,0,0,8982421.47,0,0,8982421.47,0,0,8982421.47,0,0,8982421.47,0,0,8982421.47,0,0,8982421.47,0,0,8982421.47,0,0,8982421.47,0,0,8982421.47,0,0,8982421.47,0,0,22456053.68,0,0,8982421.47,0,0,8982421.47,0,0,8982421.47,0,0,8982421.47,0,0,8982421.47,0,0,8982421.47,0,0,8982421.47
both_sexes,1,Moderna,2021-03-22,COVHIV,0,0,0,0,0,0,0,0,0,0,0,0,0,0,0,0,0,0,0,0,0,0,0,0,0,0,0,0,0,0,0,0,0,0,0,0,0,0,0,0,0,0,0,0,0,0,0,0,0,0,33684080.52,0,0,33684080.52,0,0,33684080.52,0,0,33684080.52,0,0,33684080.52,0,0,33684080.52,0,0,33684080.52,0,0,33684080.52,0,0,33684080.52,0,0,33684080.52,0,0,33684080.52,0,0,33684080.52,0,0,33684080.52,0,0,33684080.52,0,0,33684080.52,0,0,33684080.52,0,0,33684080.52,0,0,33684080.52,0,0,33684080.52,0,0,33684080.52,0,0,33684080.52,0,0,33684080.52,0,0,33684080.52,0,0,33684080.52,0,0,33684080.52,0,0,33684080.52,0,0,33684080.52,0,0,33684080.52,0,0,33684080.52,0,0,33684080.52,0,0,33684080.52,0,0,33684080.52,0,0,33684080.52,0,0,33684080.52,0,0,33684080.52,0,0,33684080.52,0,0,33684080.52,0,0,33684080.52,0,0,33684080.52,0,0,33684080.52,,,0,0,0,33684080.52,0,0,33684080.52,0,0,33684080.52,0,0,33684080.52,0,0,33684080.52,0,0,33684080.52,0,0,33684080.52
both_sexes,1,Moderna,2021-03-29,COVHIV,0,0,0,0,0,0,0,0,0,0,0,0,0,0,0,0,0,0,0,0,0,0,0,0,0,0,0,0,0,0,0,0,0,0,0,0,0,0,0,0,0,0,0,0,0,0,0,0,0,0,19248046.01,0,0,19248046.01,0,0,19248046.01,0,0,19248046.01,0,0,19248046.01,0,0,19248046.01,0,0,19248046.01,0,0,19248046.01,0,0,19248046.01,0,0,19248046.01,0,0,19248046.01,0,0,19248046.01,0,0,19248046.01,0,0,19248046.01,0,0,19248046.01,0,0,19248046.01,0,0,19248046.01,0,0,19248046.01,0,0,19248046.01,0,0,19248046.01,0,0,19248046.01,0,0,19248046.01,0,0,19248046.01,0,0,19248046.01,0,0,19248046.01,0,0,19248046.01,0,0,19248046.01,0,0,19248046.01,0,0,19248046.01,0,0,19248046.01,0,0,19248046.01,0,0,19248046.01,0,0,19248046.01,0,0,19248046.01,0,0,19248046.01,0,0,19248046.01,0,0,19248046.01,0,0,19248046.01,0,0,19248046.01,0,0,19248046.01,,,0,0,0,19248046.01,0,0,19248046.01,0,0,19248046.01,0,0,19248046.01,0,0,19248046.01,0,0,19248046.01,0,0,19248046.01
both_sexes,2,Moderna,2021-04-19,COVHIV,0,0,0,0,0,0,0,0,0,0,0,0,0,0,0,0,0,0,0,0,0,0,0,0,0,0,0,0,0,0,0,0,0,0,0,0,0,0,0,0,0,0,0,0,0,0,0,0,0,0,44912107.35,0,0,44912107.35,0,0,44912107.35,0,0,44912107.35,0,0,44912107.35,0,0,44912107.35,0,0,44912107.35,0,0,44912107.35,0,0,44912107.35,0,0,44912107.35,0,0,44912107.35,0,0,44912107.35,0,0,44912107.35,0,0,44912107.35,0,0,44912107.35,0,0,44912107.35,0,0,44912107.35,0,0,44912107.35,0,0,44912107.35,0,0,44912107.35,0,0,44912107.35,0,0,44912107.35,0,0,44912107.35,0,0,44912107.35,0,0,44912107.35,0,0,44912107.35,0,0,44912107.35,0,0,44912107.35,0,0,44912107.35,0,0,44912107.35,0,0,44912107.35,0,0,44912107.35,0,0,44912107.35,0,0,44912107.35,0,0,44912107.35,0,0,44912107.35,0,0,44912107.35,0,0,44912107.35,0,0,44912107.35,0,0,44912107.35,,,0,0,0,44912107.35,0,0,44912107.35,0,0,44912107.35,0,0,44912107.35,0,0,44912107.35,0,0,44912107.35,0,0,44912107.35
both_sexes,2,Moderna,2021-04-26,COVHIV,0,0,0,0,0,0,0,0,0,0,0,0,0,0,0,0,0,0,0,0,0,0,0,0,0,0,0,0,0,0,0,0,0,0,0,0,0,0,0,0,0,0,0,0,0,0,0,0,0,0,19248046.01,0,0,19248046.01,0,0,19248046.01,0,0,19248046.01,0,0,19248046.01,0,0,19248046.01,0,0,19248046.01,0,0,19248046.01,0,0,19248046.01,0,0,19248046.01,0,0,19248046.01,0,0,19248046.01,0,0,19248046.01,0,0,19248046.01,0,0,19248046.01,0,0,19248046.01,0,0,19248046.01,0,0,19248046.01,0,0,19248046.01,0,0,19248046.01,0,0,19248046.01,0,0,19248046.01,0,0,19248046.01,0,0,19248046.01,0,0,19248046.01,0,0,19248046.01,0,0,19248046.01,0,0,19248046.01,0,0,19248046.01,0,0,19248046.01,0,0,19248046.01,0,0,19248046.01,0,0,19248046.01,0,0,19248046.01,0,0,19248046.01,0,0,19248046.01,0,0,19248046.01,0,0,19248046.01,0,0,19248046.01,0,0,19248046.01,,,0,0,0,19248046.01,0,0,19248046.01,0,0,19248046.01,0,0,19248046.01,0,0,19248046.01,0,0,19248046.01,0,0,19248046.01
both_sexes,1,AstraZeneca,2021-03-01,COVHIV,0,0,0,0,0,0,0,0,0,0,0,0,0,0,0,0,0,0,0,0,0,0,0,0,0,0,0,0,0,0,0,0,0,0,0,0,0,0,0,0,0,0,0,0,0,0,0,0,0,0,9624023,0,0,9624023,0,0,9624023,0,0,9624023,0,0,9624023,0,0,9624023,0,0,9624023,0,0,9624023,0,0,9624023,0,0,9624023,0,0,9624023,0,0,9624023,0,0,9624023,0,0,9624023,0,0,9624023,0,0,9624023,0,0,9624023,0,0,9624023,0,0,9624023,0,0,9624023,0,0,9624023,0,0,9624023,0,0,9624023,0,0,9624023,0,0,9624023,0,0,9624023,0,0,9624023,0,0,9624023,0,0,9624023,0,0,9624023,0,0,9624023,0,0,9624023,0,0,9624023,0,0,9624023,0,0,9624023,0,0,9624023,0,0,9624023,0,0,9624023,0,0,9624023,0,0,9624023,0,0,9624023,0,0,9624023,0,0,9624023,0,0,9624023,0,0,9624023,0,0,9624023,0,0,9624023,0,0,9624023
both_sexes,1,AstraZeneca,2021-03-08,COVHIV,0,0,0,0,0,0,0,0,0,0,0,0,0,0,0,0,0,0,0,0,0,0,0,0,0,0,0,0,0,0,0,0,0,0,0,0,0,0,0,0,0,0,0,0,0,0,0,0,0,0,9624023,0,0,9624023,0,0,9624023,0,0,9624023,0,0,9624023,0,0,9624023,0,0,9624023,0,0,9624023,0,0,9624023,0,0,9624023,0,0,9624023,0,0,9624023,0,0,9624023,0,0,9624023,0,0,9624023,0,0,9624023,0,0,9624023,0,0,9624023,0,0,9624023,0,0,9624023,0,0,9624023,0,0,9624023,0,0,9624023,0,0,9624023,0,0,9624023,0,0,9624023,0,0,9624023,0,0,9624023,0,0,9624023,0,0,9624023,0,0,9624023,0,0,9624023,0,0,9624023,0,0,9624023,0,0,9624023,0,0,9624023,0,0,9624023,0,0,9624023,0,0,9624023,0,0,9624023,0,0,9624023,0,0,9624023,0,0,9624023,0,0,9624023,0,0,9624023,0,0,9624023,0,0,9624023,0,0,9624023
both_sexes,1,AstraZeneca,2021-03-15,COVHIV,0,0,0,0,0,0,0,0,0,0,0,0,0,0,0,0,0,0,0,0,0,0,0,0,0,0,0,0,0,0,0,0,0,0,0,0,0,0,0,0,0,0,0,0,0,0,0,0,0,0,9624023,0,0,9624023,0,0,9624023,0,0,9624023,0,0,9624023,0,0,9624023,0,0,9624023,0,0,9624023,0,0,9624023,0,0,9624023,0,0,9624023,0,0,9624023,0,0,9624023,0,0,9624023,0,0,9624023,0,0,9624023,0,0,9624023,0,0,9624023,0,0,9624023,0,0,9624023,0,0,9624023,0,0,9624023,0,0,9624023,0,0,9624023,0,0,9624023,0,0,9624023,0,0,9624023,0,0,9624023,0,0,9624023,0,0,9624023,0,0,9624023,0,0,9624023,0,0,9624023,0,0,9624023,0,0,9624023,0,0,9624023,0,0,9624023,0,0,9624023,0,0,9624023,0,0,9624023,0,0,9624023,0,0,9624023,0,0,9624023,0,0,9624023,0,0,9624023,0,0,9624023,0,0,9624023,0,0,9624023
both_sexes,1,AstraZeneca,2021-03-22,COVHIV,0,0,0,0,0,0,0,0,0,0,0,0,0,0,0,0,0,0,0,0,0,0,0,0,0,0,0,0,0,0,0,0,0,0,0,0,0,0,0,0,0,0,0,0,0,0,0,0,0,0,9624023,0,0,9624023,0,0,9624023,0,0,9624023,0,0,9624023,0,0,9624023,0,0,9624023,0,0,9624023,0,0,9624023,0,0,9624023,0,0,9624023,0,0,9624023,0,0,9624023,0,0,9624023,0,0,9624023,0,0,9624023,0,0,9624023,0,0,9624023,0,0,9624023,0,0,9624023,0,0,9624023,0,0,9624023,0,0,9624023,0,0,9624023,0,0,9624023,0,0,9624023,0,0,9624023,0,0,9624023,0,0,9624023,0,0,9624023,0,0,9624023,0,0,9624023,0,0,9624023,0,0,9624023,0,0,9624023,0,0,9624023,0,0,9624023,0,0,9624023,0,0,9624023,0,0,9624023,0,0,9624023,0,0,9624023,0,0,9624023,0,0,9624023,0,0,9624023,0,0,9624023,0,0,9624023,0,0,9624023
both_sexes,1,AstraZeneca,2021-03-29,COVHIV,0,0,0,0,0,0,0,0,0,0,0,0,0,0,0,0,0,0,0,0,0,0,0,0,0,0,0,0,0,0,0,0,0,0,0,0,0,0,0,0,0,0,0,0,0,0,0,0,0,0,9624023,0,0,9624023,0,0,9624023,0,0,9624023,0,0,9624023,0,0,9624023,0,0,9624023,0,0,9624023,0,0,9624023,0,0,9624023,0,0,9624023,0,0,9624023,0,0,9624023,0,0,9624023,0,0,9624023,0,0,9624023,0,0,9624023,0,0,9624023,0,0,9624023,0,0,9624023,0,0,9624023,0,0,9624023,0,0,9624023,0,0,9624023,0,0,9624023,0,0,9624023,0,0,9624023,0,0,9624023,0,0,9624023,0,0,9624023,0,0,9624023,0,0,9624023,0,0,9624023,0,0,9624023,0,0,9624023,0,0,9624023,0,0,9624023,0,0,9624023,0,0,9624023,0,0,9624023,0,0,9624023,0,0,9624023,0,0,9624023,0,0,9624023,0,0,9624023,0,0,9624023,0,0,9624023,0,0,9624023
both_sexes,1,AstraZeneca,2021-04-05,COVHIV,0,0,0,0,0,0,0,0,0,0,0,0,0,0,0,0,0,0,0,0,0,0,0,0,0,0,0,0,0,0,0,0,0,0,0,0,0,0,0,0,0,0,0,0,0,0,0,0,0,0,9624023,0,0,9624023,0,0,9624023,0,0,9624023,0,0,9624023,0,0,9624023,0,0,9624023,0,0,9624023,0,0,9624023,0,0,9624023,0,0,9624023,0,0,9624023,0,0,9624023,0,0,9624023,0,0,9624023,0,0,9624023,0,0,9624023,0,0,9624023,0,0,9624023,0,0,9624023,0,0,9624023,0,0,9624023,0,0,9624023,0,0,9624023,0,0,9624023,0,0,9624023,0,0,9624023,0,0,9624023,0,0,9624023,0,0,9624023,0,0,9624023,0,0,9624023,0,0,9624023,0,0,9624023,0,0,9624023,0,0,9624023,0,0,9624023,0,0,9624023,0,0,9624023,0,0,9624023,0,0,9624023,0,0,9624023,0,0,9624023,0,0,9624023,0,0,9624023,0,0,9624023,0,0,9624023,0,0,9624023
both_sexes,1,AstraZeneca,2021-04-12,COVHIV,0,0,0,0,0,0,0,0,0,0,0,0,0,0,0,0,0,0,0,0,0,0,0,0,0,0,0,0,0,0,0,0,0,0,0,0,0,0,0,0,0,0,0,0,0,0,0,0,0,0,9624023,0,0,9624023,0,0,9624023,0,0,9624023,0,0,9624023,0,0,9624023,0,0,9624023,0,0,9624023,0,0,9624023,0,0,9624023,0,0,9624023,0,0,9624023,0,0,9624023,0,0,9624023,0,0,9624023,0,0,9624023,0,0,9624023,0,0,9624023,0,0,9624023,0,0,9624023,0,0,9624023,0,0,9624023,0,0,9624023,0,0,9624023,0,0,9624023,0,0,9624023,0,0,9624023,0,0,9624023,0,0,9624023,0,0,9624023,0,0,9624023,0,0,9624023,0,0,9624023,0,0,9624023,0,0,9624023,0,0,9624023,0,0,9624023,0,0,9624023,0,0,9624023,0,0,9624023,0,0,9624023,0,0,9624023,0,0,9624023,0,0,9624023,0,0,9624023,0,0,9624023,0,0,9624023,0,0,9624023
both_sexes,1,AstraZeneca,2021-04-19,COVHIV,0,0,0,0,0,0,0,0,0,0,0,0,0,0,0,0,0,0,0,0,0,0,0,0,0,0,0,0,0,0,0,0,0,0,0,0,0,0,0,0,0,0,0,0,0,0,0,0,0,0,9624023,0,0,9624023,0,0,9624023,0,0,9624023,0,0,9624023,0,0,9624023,0,0,9624023,0,0,9624023,0,0,9624023,0,0,9624023,0,0,9624023,0,0,9624023,0,0,9624023,0,0,9624023,0,0,9624023,0,0,9624023,0,0,9624023,0,0,9624023,0,0,9624023,0,0,9624023,0,0,9624023,0,0,9624023,0,0,9624023,0,0,9624023,0,0,9624023,0,0,9624023,0,0,9624023,0,0,9624023,0,0,9624023,0,0,9624023,0,0,9624023,0,0,9624023,0,0,9624023,0,0,9624023,0,0,9624023,0,0,9624023,0,0,9624023,0,0,9624023,0,0,9624023,0,0,9624023,0,0,9624023,0,0,9624023,0,0,9624023,0,0,9624023,0,0,9624023,0,0,9624023,0,0,9624023,0,0,9624023
both_sexes,1,AstraZeneca,2021-04-26,COVHIV,0,0,0,0,0,0,0,0,0,0,0,0,0,0,0,0,0,0,0,0,0,0,0,0,0,0,0,0,0,0,0,0,0,0,0,0,0,0,0,0,0,0,0,0,0,0,0,0,0,0,9624023,0,0,9624023,0,0,9624023,0,0,9624023,0,0,9624023,0,0,9624023,0,0,9624023,0,0,9624023,0,0,9624023,0,0,9624023,0,0,9624023,0,0,9624023,0,0,9624023,0,0,9624023,0,0,9624023,0,0,9624023,0,0,9624023,0,0,9624023,0,0,9624023,0,0,9624023,0,0,9624023,0,0,9624023,0,0,9624023,0,0,9624023,0,0,9624023,0,0,9624023,0,0,9624023,0,0,9624023,0,0,9624023,0,0,9624023,0,0,9624023,0,0,9624023,0,0,9624023,0,0,9624023,0,0,9624023,0,0,9624023,0,0,9624023,0,0,9624023,0,0,9624023,0,0,9624023,0,0,9624023,0,0,9624023,0,0,9624023,0,0,9624023,0,0,9624023,0,0,9624023,0,0,9624023,0,0,9624023
both_sexes,1,AstraZeneca,2021-05-03,COVHIV,0,0,0,0,0,0,0,0,0,0,0,0,0,0,0,0,0,0,0,0,0,0,0,0,0,0,0,0,0,0,0,0,0,0,0,0,0,0,0,0,0,0,0,0,0,0,0,0,0,0,12248756.55,0,0,12248756.55,0,0,12248756.55,0,0,12248756.55,0,0,12248756.55,0,0,12248756.55,0,0,12248756.55,0,0,12248756.55,0,0,12248756.55,0,0,12248756.55,0,0,12248756.55,0,0,12248756.55,0,0,12248756.55,0,0,12248756.55,0,0,12248756.55,0,0,12248756.55,0,0,12248756.55,0,0,12248756.55,0,0,12248756.55,0,0,12248756.55,0,0,12248756.55,0,0,12248756.55,0,0,12248756.55,0,0,12248756.55,0,0,12248756.55,0,0,12248756.55,0,0,12248756.55,0,0,12248756.55,0,0,12248756.55,0,0,12248756.55,0,0,12248756.55,0,0,12248756.55,0,0,12248756.55,0,0,12248756.55,0,0,12248756.55,0,0,12248756.55,0,0,12248756.55,0,0,12248756.55,0,0,12248756.55,0,0,12248756.55,0,0,12248756.55,0,0,12248756.55,0,0,12248756.55,0,0,12248756.55,0,0,12248756.55,0,0,12248756.55,0,0,12248756.55,0,0,12248756.55
both_sexes,1,AstraZeneca,2021-05-10,COVHIV,0,0,0,0,0,0,0,0,0,0,0,0,0,0,0,0,0,0,0,0,0,0,0,0,0,0,0,0,0,0,0,0,0,0,0,0,0,0,0,0,0,0,0,0,0,0,0,0,0,0,19248046.01,0,0,19248046.01,0,0,19248046.01,0,0,19248046.01,0,0,19248046.01,0,0,19248046.01,0,0,19248046.01,0,0,19248046.01,0,0,19248046.01,0,0,19248046.01,0,0,19248046.01,0,0,19248046.01,0,0,19248046.01,0,0,19248046.01,0,0,19248046.01,0,0,19248046.01,0,0,19248046.01,0,0,19248046.01,0,0,19248046.01,0,0,19248046.01,0,0,19248046.01,0,0,19248046.01,0,0,19248046.01,0,0,19248046.01,0,0,19248046.01,0,0,19248046.01,0,0,19248046.01,0,0,19248046.01,0,0,19248046.01,0,0,19248046.01,0,0,19248046.01,0,0,19248046.01,0,0,19248046.01,0,0,19248046.01,0,0,19248046.01,0,0,19248046.01,0,0,19248046.01,0,0,19248046.01,0,0,19248046.01,0,0,19248046.01,0,0,19248046.01,0,0,19248046.01,0,0,19248046.01,0,0,19248046.01,0,0,19248046.01,0,0,19248046.01,0,0,19248046.01,0,0,19248046.01
both_sexes,1,AstraZeneca,2021-05-17,COVHIV,0,0,0,0,0,0,0,0,0,0,0,0,0,0,0,0,0,0,0,0,0,0,0,0,0,0,0,0,0,0,0,0,0,0,0,0,0,0,0,0,0,0,0,0,0,0,0,0,0,0,19248046.01,0,0,19248046.01,0,0,19248046.01,0,0,19248046.01,0,0,19248046.01,0,0,19248046.01,0,0,19248046.01,0,0,19248046.01,0,0,19248046.01,0,0,19248046.01,0,0,19248046.01,0,0,19248046.01,0,0,19248046.01,0,0,19248046.01,0,0,19248046.01,0,0,19248046.01,0,0,19248046.01,0,0,19248046.01,0,0,19248046.01,0,0,19248046.01,0,0,19248046.01,0,0,19248046.01,0,0,19248046.01,0,0,19248046.01,0,0,19248046.01,0,0,19248046.01,0,0,19248046.01,0,0,19248046.01,0,0,19248046.01,0,0,19248046.01,0,0,19248046.01,0,0,19248046.01,0,0,19248046.01,0,0,19248046.01,0,0,19248046.01,0,0,19248046.01,0,0,19248046.01,0,0,19248046.01,0,0,19248046.01,0,0,19248046.01,0,0,19248046.01,0,0,19248046.01,0,0,19248046.01,0,0,19248046.01,0,0,19248046.01,0,0,19248046.01,0,0,19248046.01,0,0,19248046.01
both_sexes,1,AstraZeneca,2021-05-24,COVHIV,0,0,0,0,0,0,0,0,0,0,0,0,0,0,0,0,0,0,0,0,0,0,0,0,0,0,0,0,0,0,0,0,0,0,0,0,0,0,0,0,0,0,0,0,0,0,0,0,0,0,19248046.01,0,0,19248046.01,0,0,19248046.01,0,0,19248046.01,0,0,19248046.01,0,0,19248046.01,0,0,19248046.01,0,0,19248046.01,0,0,19248046.01,0,0,19248046.01,0,0,19248046.01,0,0,19248046.01,0,0,19248046.01,0,0,19248046.01,0,0,19248046.01,0,0,19248046.01,0,0,19248046.01,0,0,19248046.01,0,0,19248046.01,0,0,19248046.01,0,0,19248046.01,0,0,19248046.01,0,0,19248046.01,0,0,19248046.01,0,0,19248046.01,0,0,19248046.01,0,0,19248046.01,0,0,19248046.01,0,0,19248046.01,0,0,19248046.01,0,0,19248046.01,0,0,19248046.01,0,0,19248046.01,0,0,19248046.01,0,0,19248046.01,0,0,19248046.01,0,0,19248046.01,0,0,19248046.01,0,0,19248046.01,0,0,19248046.01,0,0,19248046.01,0,0,19248046.01,0,0,19248046.01,0,0,19248046.01,0,0,19248046.01,0,0,19248046.01,0,0,19248046.01,0,0,19248046.01
both_sexes,1,AstraZeneca,2021-05-31,COVHIV,0,0,0,0,0,0,0,0,0,0,0,0,0,0,0,0,0,0,0,0,0,0,0,0,0,0,0,0,0,0,0,0,0,0,0,0,0,0,0,0,0,0,0,0,0,0,0,0,0,0,19248046.01,0,0,19248046.01,0,0,19248046.01,0,0,19248046.01,0,0,19248046.01,0,0,19248046.01,0,0,19248046.01,0,0,19248046.01,0,0,19248046.01,0,0,19248046.01,0,0,19248046.01,0,0,19248046.01,0,0,19248046.01,0,0,19248046.01,0,0,19248046.01,0,0,19248046.01,0,0,19248046.01,0,0,19248046.01,0,0,19248046.01,0,0,19248046.01,0,0,19248046.01,0,0,19248046.01,0,0,19248046.01,0,0,19248046.01,0,0,19248046.01,0,0,19248046.01,0,0,19248046.01,0,0,19248046.01,0,0,19248046.01,0,0,19248046.01,0,0,19248046.01,0,0,19248046.01,0,0,19248046.01,0,0,19248046.01,0,0,19248046.01,0,0,19248046.01,0,0,19248046.01,0,0,19248046.01,0,0,19248046.01,0,0,19248046.01,0,0,19248046.01,0,0,19248046.01,0,0,19248046.01,0,0,19248046.01,0,0,19248046.01,0,0,19248046.01,0,0,19248046.01,0,0,19248046.01
both_sexes,1,AstraZeneca,2021-06-07,COVHIV,0,0,0,0,0,0,0,0,0,0,0,0,0,0,0,0,0,0,0,0,0,0,0,0,0,0,0,0,0,0,0,0,0,0,0,0,0,0,0,0,0,0,0,0,0,0,0,0,0,0,19248046.01,0,0,19248046.01,0,0,19248046.01,0,0,19248046.01,0,0,19248046.01,0,0,19248046.01,0,0,19248046.01,0,0,19248046.01,0,0,19248046.01,0,0,19248046.01,0,0,19248046.01,0,0,19248046.01,0,0,19248046.01,0,0,19248046.01,0,0,19248046.01,0,0,19248046.01,0,0,19248046.01,0,0,19248046.01,0,0,19248046.01,0,0,19248046.01,0,0,19248046.01,0,0,19248046.01,0,0,19248046.01,0,0,19248046.01,0,0,19248046.01,0,0,19248046.01,0,0,19248046.01,0,0,19248046.01,0,0,19248046.01,0,0,19248046.01,0,0,19248046.01,0,0,19248046.01,0,0,19248046.01,0,0,19248046.01,0,0,19248046.01,0,0,19248046.01,0,0,19248046.01,0,0,19248046.01,0,0,19248046.01,0,0,19248046.01,0,0,19248046.01,0,0,19248046.01,0,0,19248046.01,0,0,19248046.01,0,0,19248046.01,0,0,19248046.01,0,0,19248046.01,0,0,19248046.01
both_sexes,1,AstraZeneca,2021-06-14,COVHIV,0,0,0,0,0,0,0,0,0,0,0,0,0,0,0,0,0,0,0,0,0,0,0,0,0,0,0,0,0,0,0,0,0,0,0,0,0,0,0,0,0,0,0,0,0,0,0,0,0,0,19248046.01,0,0,19248046.01,0,0,19248046.01,0,0,19248046.01,0,0,19248046.01,0,0,19248046.01,0,0,19248046.01,0,0,19248046.01,0,0,19248046.01,0,0,19248046.01,0,0,19248046.01,0,0,19248046.01,0,0,19248046.01,0,0,19248046.01,0,0,19248046.01,0,0,19248046.01,0,0,19248046.01,0,0,19248046.01,0,0,19248046.01,0,0,19248046.01,0,0,19248046.01,0,0,19248046.01,0,0,19248046.01,0,0,19248046.01,0,0,19248046.01,0,0,19248046.01,0,0,19248046.01,0,0,19248046.01,0,0,19248046.01,0,0,19248046.01,0,0,19248046.01,0,0,19248046.01,0,0,19248046.01,0,0,19248046.01,0,0,19248046.01,0,0,19248046.01,0,0,19248046.01,0,0,19248046.01,0,0,19248046.01,0,0,19248046.01,0,0,19248046.01,0,0,19248046.01,0,0,19248046.01,0,0,19248046.01,0,0,19248046.01,0,0,19248046.01,0,0,19248046.01,0,0,19248046.01
both_sexes,1,AstraZeneca,2021-06-21,COVHIV,0,0,0,0,0,0,0,0,0,0,0,0,0,0,0,0,0,0,0,0,0,0,0,0,0,0,0,0,0,0,0,0,0,0,0,0,0,0,0,0,0,0,0,0,0,0,0,0,0,0,19248046.01,0,0,19248046.01,0,0,19248046.01,0,0,19248046.01,0,0,19248046.01,0,0,19248046.01,0,0,19248046.01,0,0,19248046.01,0,0,19248046.01,0,0,19248046.01,0,0,19248046.01,0,0,19248046.01,0,0,19248046.01,0,0,19248046.01,0,0,19248046.01,0,0,19248046.01,0,0,19248046.01,0,0,19248046.01,0,0,19248046.01,0,0,19248046.01,0,0,19248046.01,0,0,19248046.01,0,0,19248046.01,0,0,19248046.01,0,0,19248046.01,0,0,19248046.01,0,0,19248046.01,0,0,19248046.01,0,0,19248046.01,0,0,19248046.01,0,0,19248046.01,0,0,19248046.01,0,0,19248046.01,0,0,19248046.01,0,0,19248046.01,0,0,19248046.01,0,0,19248046.01,0,0,19248046.01,0,0,19248046.01,0,0,19248046.01,0,0,19248046.01,0,0,19248046.01,0,0,19248046.01,0,0,19248046.01,0,0,19248046.01,0,0,19248046.01,0,0,19248046.01,0,0,19248046.01
both_sexes,1,AstraZeneca,2021-06-28,COVHIV,0,0,0,0,0,0,0,0,0,0,0,0,0,0,0,0,0,0,0,0,0,0,0,0,0,0,0,0,0,0,0,0,0,0,0,0,0,0,0,0,0,0,0,0,0,0,0,0,0,0,44912107.35,0,0,44912107.35,0,0,44912107.35,0,0,44912107.35,0,0,44912107.35,0,0,44912107.35,0,0,44912107.35,0,0,44912107.35,0,0,44912107.35,0,0,44912107.35,0,0,44912107.35,0,0,44912107.35,0,0,44912107.35,0,0,44912107.35,0,0,44912107.35,0,0,44912107.35,0,0,44912107.35,0,0,44912107.35,0,0,44912107.35,0,0,44912107.35,0,0,44912107.35,0,0,44912107.35,0,0,44912107.35,0,0,44912107.35,0,0,44912107.35,0,0,44912107.35,0,0,44912107.35,0,0,44912107.35,0,0,44912107.35,0,0,44912107.35,0,0,44912107.35,0,0,44912107.35,0,0,44912107.35,0,0,44912107.35,0,0,44912107.35,0,0,44912107.35,0,0,44912107.35,0,0,44912107.35,0,0,44912107.35,0,0,44912107.35,0,0,44912107.35,0,0,44912107.35,0,0,44912107.35,0,0,44912107.35,0,0,44912107.35,0,0,44912107.35,0,0,44912107.35,0,0,44912107.35
both_sexes,1,Pfizer,2021-04-12,COVHIV,0,0,0,0,0,0,0,0,0,0,0,0,0,0,0,0,0,0,0,0,0,0,0,0,0,0,0,0,0,0,0,0,0,0,0,0,0,0,0,0,0,0,0,0,0,0,0,0,0,0,7925666,0,0,7925666,0,0,7925666,0,0,7925666,0,0,7925666,0,0,7925666,0,0,7925666,0,0,7925666,0,0,13473632.21,0,0,13473632.21,0,0,7925666,0,0,7925666,0,0,7925666,0,0,7925666,0,0,7925666,0,0,7925666,0,0,7925666,0,0,7925666,0,0,7925666,0,0,7925666,0,0,7925666,0,0,7925666,0,0,7925666,0,0,7925666,0,0,7925666,0,0,7925666,0,0,7925666,0,0,7925666,0,0,7925666,0,0,7925666,0,0,7925666,0,0,7925666,0,0,7925666,0,0,7925666,0,0,7925666,0,0,7925666,0,0,7925666,0,0,7925666,0,0,7925666,0,0,7925666,0,0,134736322.06,0,0,7925666,0,0,7925666,0,0,7925666,0,0,7925666,0,0,7925666,0,0,7925666,0,0,7925666
both_sexes,1,Pfizer,2021-04-19,COVHIV,0,0,0,0,0,0,0,0,0,0,0,0,0,0,0,0,0,0,0,0,0,0,0,0,0,0,0,0,0,0,0,0,0,0,0,0,0,0,0,0,0,0,0,0,0,0,0,0,0,0,4210510.06,0,0,4210510.06,0,0,4210510.06,0,0,4210510.06,0,0,4210510.06,0,0,4210510.06,0,0,4210510.06,0,0,4210510.06,0,0,5389452.88,0,0,5389452.88,0,0,4210510.06,0,0,4210510.06,0,0,4210510.06,0,0,4210510.06,0,0,4210510.06,0,0,4210510.06,0,0,4210510.06,0,0,4210510.06,0,0,4210510.06,0,0,4210510.06,0,0,4210510.06,0,0,4210510.06,0,0,4210510.06,0,0,4210510.06,0,0,4210510.06,0,0,4210510.06,0,0,4210510.06,0,0,4210510.06,0,0,4210510.06,0,0,4210510.06,0,0,4210510.06,0,0,4210510.06,0,0,4210510.06,0,0,4210510.06,0,0,4210510.06,0,0,4210510.06,0,0,4210510.06,0,0,4210510.06,0,0,4210510.06,0,0,4210510.06,0,0,12248756.55,0,0,4210510.06,0,0,4210510.06,0,0,4210510.06,0,0,4210510.06,0,0,4210510.06,0,0,4210510.06,0,0,4210510.06
both_sexes,1,Pfizer,2021-04-26,COVHIV,0,0,0,0,0,0,0,0,0,0,0,0,0,0,0,0,0,0,0,0,0,0,0,0,0,0,0,0,0,0,0,0,0,0,0,0,0,0,0,0,0,0,0,0,0,0,0,0,0,0,4082918.85,0,0,4082918.85,0,0,4082918.85,0,0,4082918.85,0,0,4082918.85,0,0,4082918.85,0,0,4082918.85,0,0,4082918.85,0,0,4990234.15,0,0,4990234.15,0,0,4082918.85,0,0,4082918.85,0,0,4082918.85,0,0,4082918.85,0,0,4082918.85,0,0,4082918.85,0,0,4082918.85,0,0,4082918.85,0,0,4082918.85,0,0,4082918.85,0,0,4082918.85,0,0,4082918.85,0,0,4082918.85,0,0,4082918.85,0,0,4082918.85,0,0,4082918.85,0,0,4082918.85,0,0,4082918.85,0,0,4082918.85,0,0,4082918.85,0,0,4082918.85,0,0,4082918.85,0,0,4082918.85,0,0,4082918.85,0,0,4082918.85,0,0,4082918.85,0,0,4082918.85,0,0,4082918.85,0,0,4082918.85,0,0,4082918.85,0,0,9624023,0,0,4082918.85,0,0,4082918.85,0,0,4082918.85,0,0,4082918.85,0,0,4082918.85,0,0,4082918.85,0,0,4082918.85
both_sexes,1,Pfizer,2021-05-03,COVHIV,0,0,0,0,0,0,0,0,0,0,0,0,0,0,0,0,0,0,0,0,0,0,0,0,0,0,0,0,0,0,0,0,0,0,0,0,0,0,0,0,0,0,0,0,0,0,0,0,0,0,6736816.1,0,0,6736816.1,0,0,6736816.1,0,0,6736816.1,0,0,6736816.1,0,0,6736816.1,0,0,6736816.1,0,0,6736816.1,0,0,6736816.1,0,0,6736816.1,0,0,6736816.1,0,0,6736816.1,0,0,6736816.1,0,0,6736816.1,0,0,6736816.1,0,0,6736816.1,0,0,6736816.1,0,0,6736816.1,0,0,6736816.1,0,0,6736816.1,0,0,6736816.1,0,0,6736816.1,0,0,6736816.1,0,0,6736816.1,0,0,6736816.1,0,0,6736816.1,0,0,6736816.1,0,0,6736816.1,0,0,6736816.1,0,0,6736816.1,0,0,6736816.1,0,0,6736816.1,0,0,6736816.1,0,0,6736816.1,0,0,6736816.1,0,0,6736816.1,0,0,6736816.1,0,0,6736816.1,0,0,6736816.1,0,0,6736816.1,0,0,9624023,0,0,6736816.1,0,0,6736816.1,0,0,6736816.1,0,0,6736816.1,0,0,6736816.1,0,0,6736816.1,0,0,6736816.1
both_sexes,1,Pfizer,2021-05-10,COVHIV,0,0,0,0,0,0,0,0,0,0,0,0,0,0,0,0,0,0,0,0,0,0,0,0,0,0,0,0,0,0,0,0,0,0,0,0,0,0,0,0,0,0,0,0,0,0,0,0,0,0,33684080.52,0,0,33684080.52,0,0,33684080.52,0,0,33684080.52,0,0,33684080.52,0,0,33684080.52,0,0,33684080.52,0,0,33684080.52,0,0,33684080.52,0,0,33684080.52,0,0,33684080.52,0,0,33684080.52,0,0,33684080.52,0,0,33684080.52,0,0,33684080.52,0,0,33684080.52,0,0,33684080.52,0,0,33684080.52,0,0,33684080.52,0,0,33684080.52,0,0,33684080.52,0,0,33684080.52,0,0,33684080.52,0,0,33684080.52,0,0,33684080.52,0,0,33684080.52,0,0,33684080.52,0,0,33684080.52,0,0,33684080.52,0,0,33684080.52,0,0,33684080.52,0,0,33684080.52,0,0,33684080.52,0,0,33684080.52,0,0,33684080.52,0,0,33684080.52,0,0,33684080.52,0,0,33684080.52,0,0,33684080.52,0,0,33684080.52,0,0,33684080.52,0,0,33684080.52,0,0,33684080.52,0,0,33684080.52,0,0,33684080.52,0,0,33684080.52,0,0,33684080.52,0,0,33684080.52
both_sexes,2,Pfizer,2021-05-10,COVHIV,0,0,0,0,0,0,0,0,0,0,0,0,0,0,0,0,0,0,0,0,0,0,0,0,0,0,0,0,0,0,0,0,0,0,0,0,0,0,0,0,0,0,0,0,0,0,0,0,0,0,4346332.97,0,0,4346332.97,0,0,4346332.97,0,0,4346332.97,0,0,4346332.97,0,0,4346332.97,0,0,4346332.97,0,0,4346332.97,0,0,5614013.42,0,0,5614013.42,0,0,4346332.97,0,0,4346332.97,0,0,4346332.97,0,0,4346332.97,0,0,4346332.97,0,0,4346332.97,0,0,4346332.97,0,0,4346332.97,0,0,4346332.97,0,0,4346332.97,0,0,4346332.97,0,0,4346332.97,0,0,4346332.97,0,0,4346332.97,0,0,4346332.97,0,0,4346332.97,0,0,4346332.97,0,0,4346332.97,0,0,4346332.97,0,0,4346332.97,0,0,4346332.97,0,0,4346332.97,0,0,4346332.97,0,0,4346332.97,0,0,4346332.97,0,0,4346332.97,0,0,4346332.97,0,0,4346332.97,0,0,4346332.97,0,0,4346332.97,0,0,13473632.21,0,0,4346332.97,0,0,4346332.97,0,0,4346332.97,0,0,4346332.97,0,0,4346332.97,0,0,4346332.97,0,0,4346332.97
both_sexes,2,Pfizer,2021-05-17,COVHIV,0,0,0,0,0,0,0,0,0,0,0,0,0,0,0,0,0,0,0,0,0,0,0,0,0,0,0,0,0,0,0,0,0,0,0,0,0,0,0,0,0,0,0,0,0,0,0,0,0,0,3849609.2,0,0,3849609.2,0,0,3849609.2,0,0,3849609.2,0,0,3849609.2,0,0,3849609.2,0,0,3849609.2,0,0,3849609.2,0,0,4812011.5,0,0,4812011.5,0,0,3849609.2,0,0,3849609.2,0,0,3849609.2,0,0,3849609.2,0,0,3849609.2,0,0,3849609.2,0,0,3849609.2,0,0,3849609.2,0,0,3849609.2,0,0,3849609.2,0,0,3849609.2,0,0,3849609.2,0,0,3849609.2,0,0,3849609.2,0,0,3849609.2,0,0,3849609.2,0,0,3849609.2,0,0,3849609.2,0,0,3849609.2,0,0,3849609.2,0,0,3849609.2,0,0,3849609.2,0,0,3849609.2,0,0,3849609.2,0,0,3849609.2,0,0,3849609.2,0,0,3849609.2,0,0,3849609.2,0,0,3849609.2,0,0,3849609.2,0,0,9624023,0,0,3849609.2,0,0,3849609.2,0,0,3849609.2,0,0,3849609.2,0,0,3849609.2,0,0,3849609.2,0,0,3849609.2
both_sexes,2,Pfizer,2021-05-24,COVHIV,0,0,0,0,0,0,0,0,0,0,0,0,0,0,0,0,0,0,0,0,0,0,0,0,0,0,0,0,0,0,0,0,0,0,0,0,0,0,0,0,0,0,0,0,0,0,0,0,0,0,3849609.2,0,0,3849609.2,0,0,3849609.2,0,0,3849609.2,0,0,3849609.2,0,0,3849609.2,0,0,3849609.2,0,0,3849609.2,0,0,4812011.5,0,0,4812011.5,0,0,3849609.2,0,0,3849609.2,0,0,3849609.2,0,0,3849609.2,0,0,3849609.2,0,0,3849609.2,0,0,3849609.2,0,0,3849609.2,0,0,3849609.2,0,0,3849609.2,0,0,3849609.2,0,0,3849609.2,0,0,3849609.2,0,0,3849609.2,0,0,3849609.2,0,0,3849609.2,0,0,3849609.2,0,0,3849609.2,0,0,3849609.2,0,0,3849609.2,0,0,3849609.2,0,0,3849609.2,0,0,3849609.2,0,0,3849609.2,0,0,3849609.2,0,0,3849609.2,0,0,3849609.2,0,0,3849609.2,0,0,3849609.2,0,0,3849609.2,0,0,9624023,0,0,3849609.2,0,0,3849609.2,0,0,3849609.2,0,0,3849609.2,0,0,3849609.2,0,0,3849609.2,0,0,3849609.2
both_sexes,2,Pfizer,2021-05-31,COVHIV,0,0,0,0,0,0,0,0,0,0,0,0,0,0,0,0,0,0,0,0,0,0,0,0,0,0,0,0,0,0,0,0,0,0,0,0,0,0,0,0,0,0,0,0,0,0,0,0,0,0,3849609.2,0,0,3849609.2,0,0,3849609.2,0,0,3849609.2,0,0,3849609.2,0,0,3849609.2,0,0,3849609.2,0,0,3849609.2,0,0,4812011.5,0,0,4812011.5,0,0,3849609.2,0,0,3849609.2,0,0,3849609.2,0,0,3849609.2,0,0,3849609.2,0,0,3849609.2,0,0,3849609.2,0,0,3849609.2,0,0,3849609.2,0,0,3849609.2,0,0,3849609.2,0,0,3849609.2,0,0,3849609.2,0,0,3849609.2,0,0,3849609.2,0,0,3849609.2,0,0,3849609.2,0,0,3849609.2,0,0,3849609.2,0,0,3849609.2,0,0,3849609.2,0,0,3849609.2,0,0,3849609.2,0,0,3849609.2,0,0,3849609.2,0,0,3849609.2,0,0,3849609.2,0,0,3849609.2,0,0,3849609.2,0,0,3849609.2,0,0,9624023,0,0,3849609.2,0,0,3849609.2,0,0,3849609.2,0,0,3849609.2,0,0,3849609.2,0,0,3849609.2,0,0,3849609.2
both_sexes,2,Pfizer,2021-06-07,COVHIV,0,0,0,0,0,0,0,0,0,0,0,0,0,0,0,0,0,0,0,0,0,0,0,0,0,0,0,0,0,0,0,0,0,0,0,0,0,0,0,0,0,0,0,0,0,0,0,0,0,0,3849609.2,0,0,3849609.2,0,0,3849609.2,0,0,3849609.2,0,0,3849609.2,0,0,3849609.2,0,0,3849609.2,0,0,3849609.2,0,0,4812011.5,0,0,4812011.5,0,0,3849609.2,0,0,3849609.2,0,0,3849609.2,0,0,3849609.2,0,0,3849609.2,0,0,3849609.2,0,0,3849609.2,0,0,3849609.2,0,0,3849609.2,0,0,3849609.2,0,0,3849609.2,0,0,3849609.2,0,0,3849609.2,0,0,3849609.2,0,0,3849609.2,0,0,3849609.2,0,0,3849609.2,0,0,3849609.2,0,0,3849609.2,0,0,3849609.2,0,0,3849609.2,0,0,3849609.2,0,0,3849609.2,0,0,3849609.2,0,0,3849609.2,0,0,3849609.2,0,0,3849609.2,0,0,3849609.2,0,0,3849609.2,0,0,3849609.2,0,0,9624023,0,0,3849609.2,0,0,3849609.2,0,0,3849609.2,0,0,3849609.2,0,0,3849609.2,0,0,3849609.2,0,0,3849609.2
both_sexes,2,Pfizer,2021-06-14,COVHIV,0,0,0,0,0,0,0,0,0,0,0,0,0,0,0,0,0,0,0,0,0,0,0,0,0,0,0,0,0,0,0,0,0,0,0,0,0,0,0,0,0,0,0,0,0,0,0,0,0,0,3849609.2,0,0,3849609.2,0,0,3849609.2,0,0,3849609.2,0,0,3849609.2,0,0,3849609.2,0,0,3849609.2,0,0,3849609.2,0,0,4812011.5,0,0,4812011.5,0,0,3849609.2,0,0,3849609.2,0,0,3849609.2,0,0,3849609.2,0,0,3849609.2,0,0,3849609.2,0,0,3849609.2,0,0,3849609.2,0,0,3849609.2,0,0,3849609.2,0,0,3849609.2,0,0,3849609.2,0,0,3849609.2,0,0,3849609.2,0,0,3849609.2,0,0,3849609.2,0,0,3849609.2,0,0,3849609.2,0,0,3849609.2,0,0,3849609.2,0,0,3849609.2,0,0,3849609.2,0,0,3849609.2,0,0,3849609.2,0,0,3849609.2,0,0,3849609.2,0,0,3849609.2,0,0,3849609.2,0,0,3849609.2,0,0,3849609.2,0,0,9624023,0,0,3849609.2,0,0,3849609.2,0,0,3849609.2,0,0,3849609.2,0,0,3849609.2,0,0,3849609.2,0,0,3849609.2
both_sexes,2,Pfizer,2021-06-21,COVHIV,0,0,0,0,0,0,0,0,0,0,0,0,0,0,0,0,0,0,0,0,0,0,0,0,0,0,0,0,0,0,0,0,0,0,0,0,0,0,0,0,0,0,0,0,0,0,0,0,0,0,3849609.2,0,0,3849609.2,0,0,3849609.2,0,0,3849609.2,0,0,3849609.2,0,0,3849609.2,0,0,3849609.2,0,0,3849609.2,0,0,4812011.5,0,0,4812011.5,0,0,3849609.2,0,0,3849609.2,0,0,3849609.2,0,0,3849609.2,0,0,3849609.2,0,0,3849609.2,0,0,3849609.2,0,0,3849609.2,0,0,3849609.2,0,0,3849609.2,0,0,3849609.2,0,0,3849609.2,0,0,3849609.2,0,0,3849609.2,0,0,3849609.2,0,0,3849609.2,0,0,3849609.2,0,0,3849609.2,0,0,3849609.2,0,0,3849609.2,0,0,3849609.2,0,0,3849609.2,0,0,3849609.2,0,0,3849609.2,0,0,3849609.2,0,0,3849609.2,0,0,3849609.2,0,0,3849609.2,0,0,3849609.2,0,0,3849609.2,0,0,9624023,0,0,3849609.2,0,0,3849609.2,0,0,3849609.2,0,0,3849609.2,0,0,3849609.2,0,0,3849609.2,0,0,3849609.2
both_sexes,2,Pfizer,2021-06-28,COVHIV,0,0,0,0,0,0,0,0,0,0,0,0,0,0,0,0,0,0,0,0,0,0,0,0,0,0,0,0,0,0,0,0,0,0,0,0,0,0,0,0,0,0,0,0,0,0,0,0,0,0,8982421.47,0,0,8982421.47,0,0,8982421.47,0,0,8982421.47,0,0,8982421.47,0,0,8982421.47,0,0,8982421.47,0,0,8982421.47,0,0,11228026.84,0,0,11228026.84,0,0,8982421.47,0,0,8982421.47,0,0,8982421.47,0,0,8982421.47,0,0,8982421.47,0,0,8982421.47,0,0,8982421.47,0,0,8982421.47,0,0,8982421.47,0,0,8982421.47,0,0,8982421.47,0,0,8982421.47,0,0,8982421.47,0,0,8982421.47,0,0,8982421.47,0,0,8982421.47,0,0,8982421.47,0,0,8982421.47,0,0,8982421.47,0,0,8982421.47,0,0,8982421.47,0,0,8982421.47,0,0,8982421.47,0,0,8982421.47,0,0,8982421.47,0,0,8982421.47,0,0,8982421.47,0,0,8982421.47,0,0,8982421.47,0,0,8982421.47,0,0,22456053.68,0,0,8982421.47,0,0,8982421.47,0,0,8982421.47,0,0,8982421.47,0,0,8982421.47,0,0,8982421.47,0,0,8982421.47
both_sexes,1,AstraZeneca,2021-02-15,COVHIV,0,0,0,0,0,0,0,0,0,0,0,0,0,0,0,0,0,0,0,0,0,0,0,0,0,0,0,0,0,0,0,0,0,0,0,0,0,0,0,0,0,0,0,0,0,0,0,0,0,0,26947264.41,0,0,26947264.41,0,0,26947264.41,0,0,26947264.41,0,0,26947264.41,0,0,26947264.41,0,0,26947264.41,0,0,26947264.41,0,0,26947264.41,0,0,26947264.41,0,0,26947264.41,0,0,26947264.41,0,0,26947264.41,0,0,26947264.41,0,0,26947264.41,0,0,26947264.41,0,0,26947264.41,0,0,26947264.41,0,0,26947264.41,0,0,26947264.41,0,0,26947264.41,0,0,26947264.41,0,0,26947264.41,0,0,26947264.41,0,0,26947264.41,0,0,26947264.41,0,0,26947264.41,0,0,26947264.41,0,0,26947264.41,0,0,26947264.41,0,0,26947264.41,0,0,26947264.41,0,0,26947264.41,0,0,26947264.41,0,0,26947264.41,0,0,26947264.41,0,0,26947264.41,0,0,26947264.41,0,0,26947264.41,0,0,26947264.41,0,0,26947264.41,0,0,26947264.41,0,0,26947264.41,0,0,26947264.41,0,0,26947264.41,0,0,26947264.41,0,0,26947264.41,0,0,26947264.41
both_sexes,1,AstraZeneca,2021-02-22,COVHIV,0,0,0,0,0,0,0,0,0,0,0,0,0,0,0,0,0,0,0,0,0,0,0,0,0,0,0,0,0,0,0,0,0,0,0,0,0,0,0,0,0,0,0,0,0,0,0,0,0,0,19248046.01,0,0,19248046.01,0,0,19248046.01,0,0,19248046.01,0,0,19248046.01,0,0,19248046.01,0,0,19248046.01,0,0,19248046.01,0,0,19248046.01,0,0,19248046.01,0,0,19248046.01,0,0,19248046.01,0,0,19248046.01,0,0,19248046.01,0,0,19248046.01,0,0,19248046.01,0,0,19248046.01,0,0,19248046.01,0,0,19248046.01,0,0,19248046.01,0,0,19248046.01,0,0,19248046.01,0,0,19248046.01,0,0,19248046.01,0,0,19248046.01,0,0,19248046.01,0,0,19248046.01,0,0,19248046.01,0,0,19248046.01,0,0,19248046.01,0,0,19248046.01,0,0,19248046.01,0,0,19248046.01,0,0,19248046.01,0,0,19248046.01,0,0,19248046.01,0,0,19248046.01,0,0,19248046.01,0,0,19248046.01,0,0,19248046.01,0,0,19248046.01,0,0,19248046.01,0,0,19248046.01,0,0,19248046.01,0,0,19248046.01,0,0,19248046.01,0,0,19248046.01,0,0,19248046.01
both_sexes,1,Pfizer,2021-06-21,COVHIV,0,0,0,0,0,0,0,0,0,0,0,0,0,0,0,0,0,0,0,0,0,0,0,0,0,0,0,0,0,0,0,0,0,0,0,0,0,0,0,0,0,0,0,0,0,0,0,0,0,0,8421020.13,0,0,8421020.13,0,0,8421020.13,0,0,8421020.13,0,0,8421020.13,0,0,8421020.13,0,0,8421020.13,0,0,8421020.13,0,0,8421020.13,0,0,8421020.13,0,0,8421020.13,0,0,8421020.13,0,0,8421020.13,0,0,8421020.13,0,0,8421020.13,0,0,8421020.13,0,0,8421020.13,0,0,8421020.13,0,0,8421020.13,0,0,8421020.13,0,0,8421020.13,0,0,8421020.13,0,0,8421020.13,0,0,8421020.13,0,0,8421020.13,0,0,8421020.13,0,0,8421020.13,0,0,8421020.13,0,0,8421020.13,0,0,8421020.13,0,0,8421020.13,0,0,8421020.13,0,0,8421020.13,0,0,8421020.13,0,0,8421020.13,0,0,8421020.13,0,0,8421020.13,0,0,8421020.13,0,0,8421020.13,0,0,8421020.13,0,0,33684080.52,0,0,8421020.13,0,0,8421020.13,0,0,8421020.13,0,0,8421020.13,0,0,8421020.13,0,0,8421020.13,0,0,8421020.13
both_sexes,1,Pfizer,2021-06-28,COVHIV,0,0,0,0,0,0,0,0,0,0,0,0,0,0,0,0,0,0,0,0,0,0,0,0,0,0,0,0,0,0,0,0,0,0,0,0,0,0,0,0,0,0,0,0,0,0,0,0,0,0,14970702.45,0,0,14970702.45,0,0,14970702.45,0,0,14970702.45,0,0,14970702.45,0,0,14970702.45,0,0,14970702.45,0,0,14970702.45,0,0,14970702.45,0,0,14970702.45,0,0,14970702.45,0,0,14970702.45,0,0,14970702.45,0,0,14970702.45,0,0,14970702.45,0,0,14970702.45,0,0,14970702.45,0,0,14970702.45,0,0,14970702.45,0,0,14970702.45,0,0,14970702.45,0,0,14970702.45,0,0,14970702.45,0,0,14970702.45,0,0,14970702.45,0,0,14970702.45,0,0,14970702.45,0,0,14970702.45,0,0,14970702.45,0,0,14970702.45,0,0,14970702.45,0,0,14970702.45,0,0,14970702.45,0,0,14970702.45,0,0,14970702.45,0,0,14970702.45,0,0,14970702.45,0,0,14970702.45,0,0,14970702.45,0,0,14970702.45,0,0,44912107.35,0,0,14970702.45,0,0,14970702.45,0,0,14970702.45,0,0,14970702.45,0,0,14970702.45,0,0,14970702.45,0,0,14970702.45
both_sexes,2,AstraZeneca,2021-05-03,COVHIV,0,0,0,0,0,0,0,0,0,0,0,0,0,0,0,0,0,0,0,0,0,0,0,0,0,0,0,0,0,0,0,0,0,0,0,0,0,0,0,0,0,0,0,0,0,0,0,0,0,0,44912107.35,0,0,44912107.35,0,0,44912107.35,0,0,44912107.35,0,0,44912107.35,0,0,44912107.35,0,0,44912107.35,0,0,44912107.35,0,0,44912107.35,0,0,44912107.35,0,0,44912107.35,0,0,44912107.35,0,0,44912107.35,0,0,44912107.35,0,0,44912107.35,0,0,44912107.35,0,0,44912107.35,0,0,44912107.35,0,0,44912107.35,0,0,44912107.35,0,0,44912107.35,0,0,44912107.35,0,0,44912107.35,0,0,44912107.35,0,0,44912107.35,0,0,44912107.35,0,0,44912107.35,0,0,44912107.35,0,0,44912107.35,0,0,44912107.35,0,0,44912107.35,0,0,44912107.35,0,0,44912107.35,0,0,44912107.35,0,0,44912107.35,0,0,44912107.35,0,0,44912107.35,0,0,44912107.35,0,0,44912107.35,0,0,44912107.35,0,0,44912107.35,0,0,44912107.35,0,0,44912107.35,0,0,44912107.35,0,0,44912107.35,0,0,44912107.35,0,0,44912107.35,0,0,44912107.35
both_sexes,2,AstraZeneca,2021-05-10,COVHIV,0,0,0,0,0,0,0,0,0,0,0,0,0,0,0,0,0,0,0,0,0,0,0,0,0,0,0,0,0,0,0,0,0,0,0,0,0,0,0,0,0,0,0,0,0,0,0,0,0,0,19248046.01,0,0,19248046.01,0,0,19248046.01,0,0,19248046.01,0,0,19248046.01,0,0,19248046.01,0,0,19248046.01,0,0,19248046.01,0,0,19248046.01,0,0,19248046.01,0,0,19248046.01,0,0,19248046.01,0,0,19248046.01,0,0,19248046.01,0,0,19248046.01,0,0,19248046.01,0,0,19248046.01,0,0,19248046.01,0,0,19248046.01,0,0,19248046.01,0,0,19248046.01,0,0,19248046.01,0,0,19248046.01,0,0,19248046.01,0,0,19248046.01,0,0,19248046.01,0,0,19248046.01,0,0,19248046.01,0,0,19248046.01,0,0,19248046.01,0,0,19248046.01,0,0,19248046.01,0,0,19248046.01,0,0,19248046.01,0,0,19248046.01,0,0,19248046.01,0,0,19248046.01,0,0,19248046.01,0,0,19248046.01,0,0,19248046.01,0,0,19248046.01,0,0,19248046.01,0,0,19248046.01,0,0,19248046.01,0,0,19248046.01,0,0,19248046.01,0,0,19248046.01,0,0,19248046.01
both_sexes,2,AstraZeneca,2021-05-17,COVHIV,0,0,0,0,0,0,0,0,0,0,0,0,0,0,0,0,0,0,0,0,0,0,0,0,0,0,0,0,0,0,0,0,0,0,0,0,0,0,0,0,0,0,0,0,0,0,0,0,0,0,19248046.01,0,0,19248046.01,0,0,19248046.01,0,0,19248046.01,0,0,19248046.01,0,0,19248046.01,0,0,19248046.01,0,0,19248046.01,0,0,19248046.01,0,0,19248046.01,0,0,19248046.01,0,0,19248046.01,0,0,19248046.01,0,0,19248046.01,0,0,19248046.01,0,0,19248046.01,0,0,19248046.01,0,0,19248046.01,0,0,19248046.01,0,0,19248046.01,0,0,19248046.01,0,0,19248046.01,0,0,19248046.01,0,0,19248046.01,0,0,19248046.01,0,0,19248046.01,0,0,19248046.01,0,0,19248046.01,0,0,19248046.01,0,0,19248046.01,0,0,19248046.01,0,0,19248046.01,0,0,19248046.01,0,0,19248046.01,0,0,19248046.01,0,0,19248046.01,0,0,19248046.01,0,0,19248046.01,0,0,19248046.01,0,0,19248046.01,0,0,19248046.01,0,0,19248046.01,0,0,19248046.01,0,0,19248046.01,0,0,19248046.01,0,0,19248046.01,0,0,19248046.01,0,0,19248046.01
both_sexes,2,AstraZeneca,2021-05-24,COVHIV,0,0,0,0,0,0,0,0,0,0,0,0,0,0,0,0,0,0,0,0,0,0,0,0,0,0,0,0,0,0,0,0,0,0,0,0,0,0,0,0,0,0,0,0,0,0,0,0,0,0,19248046.01,0,0,19248046.01,0,0,19248046.01,0,0,19248046.01,0,0,19248046.01,0,0,19248046.01,0,0,19248046.01,0,0,19248046.01,0,0,19248046.01,0,0,19248046.01,0,0,19248046.01,0,0,19248046.01,0,0,19248046.01,0,0,19248046.01,0,0,19248046.01,0,0,19248046.01,0,0,19248046.01,0,0,19248046.01,0,0,19248046.01,0,0,19248046.01,0,0,19248046.01,0,0,19248046.01,0,0,19248046.01,0,0,19248046.01,0,0,19248046.01,0,0,19248046.01,0,0,19248046.01,0,0,19248046.01,0,0,19248046.01,0,0,19248046.01,0,0,19248046.01,0,0,19248046.01,0,0,19248046.01,0,0,19248046.01,0,0,19248046.01,0,0,19248046.01,0,0,19248046.01,0,0,19248046.01,0,0,19248046.01,0,0,19248046.01,0,0,19248046.01,0,0,19248046.01,0,0,19248046.01,0,0,19248046.01,0,0,19248046.01,0,0,19248046.01,0,0,19248046.01,0,0,19248046.01
both_sexes,2,AstraZeneca,2021-05-31,COVHIV,0,0,0,0,0,0,0,0,0,0,0,0,0,0,0,0,0,0,0,0,0,0,0,0,0,0,0,0,0,0,0,0,0,0,0,0,0,0,0,0,0,0,0,0,0,0,0,0,0,0,19248046.01,0,0,19248046.01,0,0,19248046.01,0,0,19248046.01,0,0,19248046.01,0,0,19248046.01,0,0,19248046.01,0,0,19248046.01,0,0,19248046.01,0,0,19248046.01,0,0,19248046.01,0,0,19248046.01,0,0,19248046.01,0,0,19248046.01,0,0,19248046.01,0,0,19248046.01,0,0,19248046.01,0,0,19248046.01,0,0,19248046.01,0,0,19248046.01,0,0,19248046.01,0,0,19248046.01,0,0,19248046.01,0,0,19248046.01,0,0,19248046.01,0,0,19248046.01,0,0,19248046.01,0,0,19248046.01,0,0,19248046.01,0,0,19248046.01,0,0,19248046.01,0,0,19248046.01,0,0,19248046.01,0,0,19248046.01,0,0,19248046.01,0,0,19248046.01,0,0,19248046.01,0,0,19248046.01,0,0,19248046.01,0,0,19248046.01,0,0,19248046.01,0,0,19248046.01,0,0,19248046.01,0,0,19248046.01,0,0,19248046.01,0,0,19248046.01,0,0,19248046.01,0,0,19248046.01
both_sexes,2,AstraZeneca,2021-06-07,COVHIV,0,0,0,0,0,0,0,0,0,0,0,0,0,0,0,0,0,0,0,0,0,0,0,0,0,0,0,0,0,0,0,0,0,0,0,0,0,0,0,0,0,0,0,0,0,0,0,0,0,0,19248046.01,0,0,19248046.01,0,0,19248046.01,0,0,19248046.01,0,0,19248046.01,0,0,19248046.01,0,0,19248046.01,0,0,19248046.01,0,0,19248046.01,0,0,19248046.01,0,0,19248046.01,0,0,19248046.01,0,0,19248046.01,0,0,19248046.01,0,0,19248046.01,0,0,19248046.01,0,0,19248046.01,0,0,19248046.01,0,0,19248046.01,0,0,19248046.01,0,0,19248046.01,0,0,19248046.01,0,0,19248046.01,0,0,19248046.01,0,0,19248046.01,0,0,19248046.01,0,0,19248046.01,0,0,19248046.01,0,0,19248046.01,0,0,19248046.01,0,0,19248046.01,0,0,19248046.01,0,0,19248046.01,0,0,19248046.01,0,0,19248046.01,0,0,19248046.01,0,0,19248046.01,0,0,19248046.01,0,0,19248046.01,0,0,19248046.01,0,0,19248046.01,0,0,19248046.01,0,0,19248046.01,0,0,19248046.01,0,0,19248046.01,0,0,19248046.01,0,0,19248046.01,0,0,19248046.01
both_sexes,2,AstraZeneca,2021-06-14,COVHIV,0,0,0,0,0,0,0,0,0,0,0,0,0,0,0,0,0,0,0,0,0,0,0,0,0,0,0,0,0,0,0,0,0,0,0,0,0,0,0,0,0,0,0,0,0,0,0,0,0,0,19248046.01,0,0,19248046.01,0,0,19248046.01,0,0,19248046.01,0,0,19248046.01,0,0,19248046.01,0,0,19248046.01,0,0,19248046.01,0,0,19248046.01,0,0,19248046.01,0,0,19248046.01,0,0,19248046.01,0,0,19248046.01,0,0,19248046.01,0,0,19248046.01,0,0,19248046.01,0,0,19248046.01,0,0,19248046.01,0,0,19248046.01,0,0,19248046.01,0,0,19248046.01,0,0,19248046.01,0,0,19248046.01,0,0,19248046.01,0,0,19248046.01,0,0,19248046.01,0,0,19248046.01,0,0,19248046.01,0,0,19248046.01,0,0,19248046.01,0,0,19248046.01,0,0,19248046.01,0,0,19248046.01,0,0,19248046.01,0,0,19248046.01,0,0,19248046.01,0,0,19248046.01,0,0,19248046.01,0,0,19248046.01,0,0,19248046.01,0,0,19248046.01,0,0,19248046.01,0,0,19248046.01,0,0,19248046.01,0,0,19248046.01,0,0,19248046.01,0,0,19248046.01,0,0,19248046.01
both_sexes,2,AstraZeneca,2021-06-21,COVHIV,0,0,0,0,0,0,0,0,0,0,0,0,0,0,0,0,0,0,0,0,0,0,0,0,0,0,0,0,0,0,0,0,0,0,0,0,0,0,0,0,0,0,0,0,0,0,0,0,0,0,19248046.01,0,0,19248046.01,0,0,19248046.01,0,0,19248046.01,0,0,19248046.01,0,0,19248046.01,0,0,19248046.01,0,0,19248046.01,0,0,19248046.01,0,0,19248046.01,0,0,19248046.01,0,0,19248046.01,0,0,19248046.01,0,0,19248046.01,0,0,19248046.01,0,0,19248046.01,0,0,19248046.01,0,0,19248046.01,0,0,19248046.01,0,0,19248046.01,0,0,19248046.01,0,0,19248046.01,0,0,19248046.01,0,0,19248046.01,0,0,19248046.01,0,0,19248046.01,0,0,19248046.01,0,0,19248046.01,0,0,19248046.01,0,0,19248046.01,0,0,19248046.01,0,0,19248046.01,0,0,19248046.01,0,0,19248046.01,0,0,19248046.01,0,0,19248046.01,0,0,19248046.01,0,0,19248046.01,0,0,19248046.01,0,0,19248046.01,0,0,19248046.01,0,0,19248046.01,0,0,19248046.01,0,0,19248046.01,0,0,19248046.01,0,0,19248046.01,0,0,19248046.01,0,0,19248046.01
both_sexes,2,AstraZeneca,2021-06-28,COVHIV,0,0,0,0,0,0,0,0,0,0,0,0,0,0,0,0,0,0,0,0,0,0,0,0,0,0,0,0,0,0,0,0,0,0,0,0,0,0,0,0,0,0,0,0,0,0,0,0,0,0,44912107.35,0,0,44912107.35,0,0,44912107.35,0,0,44912107.35,0,0,44912107.35,0,0,44912107.35,0,0,44912107.35,0,0,44912107.35,0,0,44912107.35,0,0,44912107.35,0,0,44912107.35,0,0,44912107.35,0,0,44912107.35,0,0,44912107.35,0,0,44912107.35,0,0,44912107.35,0,0,44912107.35,0,0,44912107.35,0,0,44912107.35,0,0,44912107.35,0,0,44912107.35,0,0,44912107.35,0,0,44912107.35,0,0,44912107.35,0,0,44912107.35,0,0,44912107.35,0,0,44912107.35,0,0,44912107.35,0,0,44912107.35,0,0,44912107.35,0,0,44912107.35,0,0,44912107.35,0,0,44912107.35,0,0,44912107.35,0,0,44912107.35,0,0,44912107.35,0,0,44912107.35,0,0,44912107.35,0,0,44912107.35,0,0,44912107.35,0,0,44912107.35,0,0,44912107.35,0,0,44912107.35,0,0,44912107.35,0,0,44912107.35,0,0,44912107.35,0,0,44912107.35,0,0,44912107.35
both_sexes,1,Pfizer,2021-05-17,COVHIV,0,0,0,0,0,0,0,0,0,0,0,0,0,0,0,0,0,0,0,0,0,0,0,0,0,0,0,0,0,0,0,0,0,0,0,0,0,0,0,0,0,0,0,0,0,0,0,0,0,0,33684080.52,0,0,33684080.52,0,0,33684080.52,0,0,33684080.52,0,0,33684080.52,0,0,33684080.52,0,0,33684080.52,0,0,33684080.52,0,0,33684080.52,0,0,33684080.52,0,0,33684080.52,0,0,33684080.52,0,0,33684080.52,0,0,33684080.52,0,0,33684080.52,0,0,33684080.52,0,0,33684080.52,0,0,33684080.52,0,0,33684080.52,0,0,33684080.52,0,0,33684080.52,0,0,33684080.52,0,0,33684080.52,0,0,33684080.52,0,0,33684080.52,0,0,33684080.52,0,0,33684080.52,0,0,33684080.52,0,0,33684080.52,0,0,33684080.52,0,0,33684080.52,0,0,33684080.52,0,0,33684080.52,0,0,33684080.52,0,0,33684080.52,0,0,33684080.52,0,0,33684080.52,0,0,33684080.52,0,0,33684080.52,0,0,33684080.52,,,0,0,0,33684080.52,0,0,33684080.52,0,0,33684080.52,0,0,33684080.52,0,0,33684080.52,0,0,33684080.52,0,0,33684080.52
both_sexes,1,Pfizer,2021-05-24,COVHIV,0,0,0,0,0,0,0,0,0,0,0,0,0,0,0,0,0,0,0,0,0,0,0,0,0,0,0,0,0,0,0,0,0,0,0,0,0,0,0,0,0,0,0,0,0,0,0,0,0,0,19248046.01,0,0,19248046.01,0,0,19248046.01,0,0,19248046.01,0,0,19248046.01,0,0,19248046.01,0,0,19248046.01,0,0,19248046.01,0,0,19248046.01,0,0,19248046.01,0,0,19248046.01,0,0,19248046.01,0,0,19248046.01,0,0,19248046.01,0,0,19248046.01,0,0,19248046.01,0,0,19248046.01,0,0,19248046.01,0,0,19248046.01,0,0,19248046.01,0,0,19248046.01,0,0,19248046.01,0,0,19248046.01,0,0,19248046.01,0,0,19248046.01,0,0,19248046.01,0,0,19248046.01,0,0,19248046.01,0,0,19248046.01,0,0,19248046.01,0,0,19248046.01,0,0,19248046.01,0,0,19248046.01,0,0,19248046.01,0,0,19248046.01,0,0,19248046.01,0,0,19248046.01,0,0,19248046.01,0,0,19248046.01,0,0,19248046.01,,,0,0,0,19248046.01,0,0,19248046.01,0,0,19248046.01,0,0,19248046.01,0,0,19248046.01,0,0,19248046.01,0,0,19248046.01
both_sexes,1,Pfizer,2021-05-31,COVHIV,0,0,0,0,0,0,0,0,0,0,0,0,0,0,0,0,0,0,0,0,0,0,0,0,0,0,0,0,0,0,0,0,0,0,0,0,0,0,0,0,0,0,0,0,0,0,0,0,0,0,19248046.01,0,0,19248046.01,0,0,19248046.01,0,0,19248046.01,0,0,19248046.01,0,0,19248046.01,0,0,19248046.01,0,0,19248046.01,0,0,19248046.01,0,0,19248046.01,0,0,19248046.01,0,0,19248046.01,0,0,19248046.01,0,0,19248046.01,0,0,19248046.01,0,0,19248046.01,0,0,19248046.01,0,0,19248046.01,0,0,19248046.01,0,0,19248046.01,0,0,19248046.01,0,0,19248046.01,0,0,19248046.01,0,0,19248046.01,0,0,19248046.01,0,0,19248046.01,0,0,19248046.01,0,0,19248046.01,0,0,19248046.01,0,0,19248046.01,0,0,19248046.01,0,0,19248046.01,0,0,19248046.01,0,0,19248046.01,0,0,19248046.01,0,0,19248046.01,0,0,19248046.01,0,0,19248046.01,0,0,19248046.01,0,0,19248046.01,,,0,0,0,19248046.01,0,0,19248046.01,0,0,19248046.01,0,0,19248046.01,0,0,19248046.01,0,0,19248046.01,0,0,19248046.01
both_sexes,1,Pfizer,2021-06-07,COVHIV,0,0,0,0,0,0,0,0,0,0,0,0,0,0,0,0,0,0,0,0,0,0,0,0,0,0,0,0,0,0,0,0,0,0,0,0,0,0,0,0,0,0,0,0,0,0,0,0,0,0,19248046.01,0,0,19248046.01,0,0,19248046.01,0,0,19248046.01,0,0,19248046.01,0,0,19248046.01,0,0,19248046.01,0,0,19248046.01,0,0,19248046.01,0,0,19248046.01,0,0,19248046.01,0,0,19248046.01,0,0,19248046.01,0,0,19248046.01,0,0,19248046.01,0,0,19248046.01,0,0,19248046.01,0,0,19248046.01,0,0,19248046.01,0,0,19248046.01,0,0,19248046.01,0,0,19248046.01,0,0,19248046.01,0,0,19248046.01,0,0,19248046.01,0,0,19248046.01,0,0,19248046.01,0,0,19248046.01,0,0,19248046.01,0,0,19248046.01,0,0,19248046.01,0,0,19248046.01,0,0,19248046.01,0,0,19248046.01,0,0,19248046.01,0,0,19248046.01,0,0,19248046.01,0,0,19248046.01,0,0,19248046.01,0,0,19248046.01,,,0,0,0,19248046.01,0,0,19248046.01,0,0,19248046.01,0,0,19248046.01,0,0,19248046.01,0,0,19248046.01,0,0,19248046.01
both_sexes,1,Pfizer,2021-06-14,COVHIV,0,0,0,0,0,0,0,0,0,0,0,0,0,0,0,0,0,0,0,0,0,0,0,0,0,0,0,0,0,0,0,0,0,0,0,0,0,0,0,0,0,0,0,0,0,0,0,0,0,0,19248046.01,0,0,19248046.01,0,0,19248046.01,0,0,19248046.01,0,0,19248046.01,0,0,19248046.01,0,0,19248046.01,0,0,19248046.01,0,0,19248046.01,0,0,19248046.01,0,0,19248046.01,0,0,19248046.01,0,0,19248046.01,0,0,19248046.01,0,0,19248046.01,0,0,19248046.01,0,0,19248046.01,0,0,19248046.01,0,0,19248046.01,0,0,19248046.01,0,0,19248046.01,0,0,19248046.01,0,0,19248046.01,0,0,19248046.01,0,0,19248046.01,0,0,19248046.01,0,0,19248046.01,0,0,19248046.01,0,0,19248046.01,0,0,19248046.01,0,0,19248046.01,0,0,19248046.01,0,0,19248046.01,0,0,19248046.01,0,0,19248046.01,0,0,19248046.01,0,0,19248046.01,0,0,19248046.01,0,0,19248046.01,0,0,19248046.01,,,0,0,0,19248046.01,0,0,19248046.01,0,0,19248046.01,0,0,19248046.01,0,0,19248046.01,0,0,19248046.01,0,0,19248046.01
both_sexes,1,Moderna,2021-05-10,COVHIV,0,0,0,0,0,0,0,0,0,0,0,0,0,0,0,0,0,0,0,0,0,0,0,0,0,0,0,0,0,0,0,0,0,0,0,0,0,0,0,0,0,0,0,0,0,0,0,0,0,0,7091385.37,0,0,7091385.37,0,0,7091385.37,0,0,7091385.37,0,0,7091385.37,0,0,7091385.37,0,0,7091385.37,0,0,7091385.37,0,0,7091385.37,0,0,7091385.37,0,0,7091385.37,0,0,7091385.37,0,0,7091385.37,0,0,7091385.37,0,0,7091385.37,0,0,7091385.37,0,0,11228026.84,0,0,11228026.84,0,0,7091385.37,0,0,7091385.37,0,0,7091385.37,0,0,7091385.37,0,0,7091385.37,0,0,7091385.37,0,0,7091385.37,0,0,7091385.37,0,0,7091385.37,0,0,7091385.37,0,0,7091385.37,0,0,7091385.37,0,0,7091385.37,0,0,7091385.37,0,0,7091385.37,0,0,7091385.37,0,0,7091385.37,0,0,7091385.37,0,0,7091385.37,0,0,7091385.37,0,0,7091385.37,0,0,7091385.37,0,0,11228026.84,0,0,7091385.37,0,0,7091385.37,0,0,7091385.37,0,0,7091385.37,0,0,7091385.37,0,0,7091385.37,0,0,7091385.37
both_sexes,1,Moderna,2021-05-17,COVHIV,0,0,0,0,0,0,0,0,0,0,0,0,0,0,0,0,0,0,0,0,0,0,0,0,0,0,0,0,0,0,0,0,0,0,0,0,0,0,0,0,0,0,0,0,0,0,0,0,0,0,11228026.84,0,0,11228026.84,0,0,11228026.84,0,0,11228026.84,0,0,11228026.84,0,0,11228026.84,0,0,11228026.84,0,0,11228026.84,0,0,11228026.84,0,0,11228026.84,0,0,11228026.84,0,0,11228026.84,0,0,11228026.84,0,0,11228026.84,0,0,11228026.84,0,0,11228026.84,0,0,26947264.41,0,0,26947264.41,0,0,11228026.84,0,0,11228026.84,0,0,11228026.84,0,0,11228026.84,0,0,11228026.84,0,0,11228026.84,0,0,11228026.84,0,0,11228026.84,0,0,11228026.84,0,0,11228026.84,0,0,11228026.84,0,0,11228026.84,0,0,11228026.84,0,0,11228026.84,0,0,11228026.84,0,0,11228026.84,0,0,11228026.84,0,0,11228026.84,0,0,11228026.84,0,0,11228026.84,0,0,11228026.84,0,0,11228026.84,0,0,26947264.41,0,0,11228026.84,0,0,11228026.84,0,0,11228026.84,0,0,11228026.84,0,0,11228026.84,0,0,11228026.84,0,0,11228026.84
both_sexes,2,Pfizer,2021-05-03,COVHIV,0,0,0,0,0,0,0,0,0,0,0,0,0,0,0,0,0,0,0,0,0,0,0,0,0,0,0,0,0,0,0,0,0,0,0,0,0,0,0,0,0,0,0,0,0,0,0,0,0,0,8982421.47,0,0,8982421.47,0,0,8982421.47,0,0,8982421.47,0,0,8982421.47,0,0,8982421.47,0,0,8982421.47,0,0,8982421.47,0,0,16842040.26,0,0,16842040.26,0,0,8982421.47,0,0,8982421.47,0,0,8982421.47,0,0,8982421.47,0,0,8982421.47,0,0,8982421.47,0,0,8982421.47,0,0,8982421.47,0,0,8982421.47,0,0,8982421.47,0,0,8982421.47,0,0,8982421.47,0,0,8982421.47,0,0,8982421.47,0,0,8982421.47,0,0,8982421.47,0,0,8982421.47,0,0,8982421.47,0,0,8982421.47,0,0,8982421.47,0,0,8982421.47,0,0,8982421.47,0,0,8982421.47,0,0,8982421.47,0,0,8982421.47,0,0,8982421.47,0,0,8982421.47,0,0,8982421.47,0,0,8982421.47,0,0,8982421.47,,,0,0,0,8982421.47,0,0,8982421.47,0,0,8982421.47,0,0,8982421.47,0,0,8982421.47,0,0,8982421.47,0,0,8982421.47
both_sexes,1,Pfizer,2021-04-05,COVHIV,0,0,0,0,0,0,0,0,0,0,0,0,0,0,0,0,0,0,0,0,0,0,0,0,0,0,0,0,0,0,0,0,0,0,0,0,0,0,0,0,0,0,0,0,0,0,0,0,0,0,16842040.26,0,0,16842040.26,0,0,16842040.26,0,0,16842040.26,0,0,16842040.26,0,0,16842040.26,0,0,16842040.26,0,0,16842040.26,0,0,22456053.68,0,0,22456053.68,0,0,16842040.26,0,0,16842040.26,0,0,16842040.26,0,0,16842040.26,0,0,16842040.26,0,0,16842040.26,0,0,16842040.26,0,0,16842040.26,0,0,16842040.26,0,0,16842040.26,0,0,16842040.26,0,0,16842040.26,0,0,16842040.26,0,0,16842040.26,0,0,16842040.26,0,0,16842040.26,0,0,16842040.26,0,0,16842040.26,0,0,16842040.26,0,0,16842040.26,0,0,16842040.26,0,0,16842040.26,0,0,16842040.26,0,0,16842040.26,0,0,16842040.26,0,0,16842040.26,0,0,16842040.26,0,0,16842040.26,0,0,16842040.26,0,0,16842040.26,,,0,0,0,16842040.26,0,0,16842040.26,0,0,16842040.26,0,0,16842040.26,0,0,16842040.26,0,0,16842040.26,0,0,16842040.26
both_sexes,2,Pfizer,2021-04-26,COVHIV,0,0,0,0,0,0,0,0,0,0,0,0,0,0,0,0,0,0,0,0,0,0,0,0,0,0,0,0,0,0,0,0,0,0,0,0,0,0,0,0,0,0,0,0,0,0,0,0,0,0,22456053.68,0,0,22456053.68,0,0,22456053.68,0,0,22456053.68,0,0,22456053.68,0,0,22456053.68,0,0,22456053.68,0,0,22456053.68,0,0,26947264.41,0,0,26947264.41,0,0,22456053.68,0,0,22456053.68,0,0,22456053.68,0,0,22456053.68,0,0,22456053.68,0,0,22456053.68,0,0,22456053.68,0,0,22456053.68,0,0,22456053.68,0,0,22456053.68,0,0,22456053.68,0,0,22456053.68,0,0,22456053.68,0,0,22456053.68,0,0,22456053.68,0,0,22456053.68,0,0,22456053.68,0,0,22456053.68,0,0,22456053.68,0,0,22456053.68,0,0,22456053.68,0,0,22456053.68,0,0,22456053.68,0,0,22456053.68,0,0,22456053.68,0,0,22456053.68,0,0,22456053.68,0,0,22456053.68,0,0,22456053.68,0,0,22456053.68,,,0,0,0,22456053.68,0,0,22456053.68,0,0,22456053.68,0,0,22456053.68,0,0,22456053.68,0,0,22456053.68,0,0,22456053.68
both_sexes,0,0,2020-01-06,COVCKD,0,0,0,0,0,0,0,0,0,0,0,0,0,0,0,0,0,0,0,0,0,0,0,0,0,0,0,0,0,0,0,0,0,0,0,0,0,0,0,0,0,0,0,0,0,0,0,0,0,0,436039.88,0,0,456733.3,0,0,436039.88,0,0,532554.63,0,0,601501.44,0,0,663725.72,0,0,456733.3,0,0,547708.63,0,0,566119,0,0,566119,0,0,436039.88,0,0,436039.88,0,0,436039.88,0,0,436039.88,0,0,436039.88,0,0,436039.88,0,0,479488.69,0,0,491738.4,0,0,436039.88,0,0,436039.88,0,0,436039.88,0,0,436039.88,0,0,436039.88,0,0,436039.88,0,0,436039.88,0,0,436039.88,0,0,436039.88,0,0,436039.88,0,0,436039.88,0,0,456733.3,0,0,467834.45,0,0,436039.88,0,0,436039.88,0,0,436039.88,0,0,436039.88,0,0,436039.88,0,0,436039.88,0,0,436039.88,0,0,436039.88,0,0,436039.88,0,0,1374860.43,0,0,436039.88,0,0,436039.88,0,0,436039.88,0,0,479488.69,0,0,436039.88,0,0,479488.69,0,0,436039.88
both_sexes,0,0,2020-01-13,COVCKD,0,0,0,0,0,0,0,0,0,0,0,0,0,0,0,0,0,0,0,0,0,0,0,0,0,0,0,0,0,0,0,0,0,0,0,0,0,0,0,0,0,0,0,0,0,0,0,0,0,0,437455.59,0,0,458286.81,0,0,437455.59,0,0,534667.94,0,0,601501.44,0,0,663725.72,0,0,458286.81,0,0,549944.17,0,0,566119,0,0,566119,0,0,437455.59,0,0,437455.59,0,0,437455.59,0,0,437455.59,0,0,437455.59,0,0,437455.59,0,0,481201.15,0,0,493539.64,0,0,437455.59,0,0,437455.59,0,0,437455.59,0,0,437455.59,0,0,437455.59,0,0,437455.59,0,0,437455.59,0,0,437455.59,0,0,437455.59,0,0,437455.59,0,0,437455.59,0,0,458286.81,0,0,469464.54,0,0,437455.59,0,0,437455.59,0,0,437455.59,0,0,437455.59,0,0,437455.59,0,0,437455.59,0,0,437455.59,0,0,437455.59,0,0,437455.59,0,0,1374860.43,0,0,437455.59,0,0,437455.59,0,0,437455.59,0,0,481201.15,0,0,437455.59,0,0,481201.15,0,0,437455.59
both_sexes,0,0,2020-01-20,COVCKD,0,0,0,0,0,0,0,0,0,0,0,0,0,0,0,0,0,0,0,0,0,0,0,0,0,0,0,0,0,0,0,0,0,0,0,0,0,0,0,0,0,0,0,0,0,0,0,0,0,0,437455.59,0,0,458286.81,0,0,437455.59,0,0,534667.94,0,0,601501.44,0,0,663725.72,0,0,458286.81,0,0,549944.17,0,0,566119,0,0,566119,0,0,437455.59,0,0,437455.59,0,0,437455.59,0,0,437455.59,0,0,437455.59,0,0,437455.59,0,0,481201.15,0,0,493539.64,0,0,437455.59,0,0,437455.59,0,0,437455.59,0,0,437455.59,0,0,437455.59,0,0,437455.59,0,0,437455.59,0,0,437455.59,0,0,437455.59,0,0,437455.59,0,0,437455.59,0,0,458286.81,0,0,469464.54,0,0,437455.59,0,0,437455.59,0,0,437455.59,0,0,437455.59,0,0,437455.59,0,0,437455.59,0,0,437455.59,0,0,437455.59,0,0,437455.59,0,0,1374860.43,0,0,437455.59,0,0,437455.59,0,0,437455.59,0,0,481201.15,0,0,437455.59,0,0,481201.15,0,0,437455.59
both_sexes,0,0,2020-01-27,COVCKD,0,0,0,0,0,0,0,0,0,0,0,0,0,0,0,0,1,1,0,0,0,0,0,0,0,0,1,1,0,0,0,0,0,0,0,0,0,0,0,0,0,1,0,1,0,0,0,0,0,0,437455.59,0,0,458286.81,0,0,437455.59,0,0,534667.94,0,0,601501.44,0,0,663725.72,0,0,458286.81,0,0,549944.17,0,0,566119,0,0,566119,0,0,437455.59,0,0,437455.59,0,0,437455.59,0,0,437455.59,0,0,437455.59,0,0,437455.59,130446.43,3302.62,726800.98,133791.21,3387.3,745436.9,0,0,437455.59,0,0,437455.59,0,0,437455.59,0,0,437455.59,0,0,437455.59,0,0,437455.59,0,0,437455.59,0,0,437455.59,0,0,437455.59,0,0,437455.59,0,0,437455.59,125085.62,3166.89,696932.45,128157.89,3244.68,714050.09,0,0,437455.59,0,0,437455.59,0,0,437455.59,0,0,437455.59,0,0,437455.59,0,0,437455.59,0,0,437455.59,0,0,437455.59,0,0,437455.59,0,0,1374860.43,0,0,437455.59,0,0,437455.59,0,0,437455.59,131384.89,3326.38,732029.77,0,0,437455.59,131384.89,3326.38,732029.77,0,0,437455.59
both_sexes,0,0,2020-02-03,COVCKD,0,0,0,0,0,0,0,0,0,0,0,0,0,0,0,0,1,1,0,0,0,0,0,0,0,0,0,0,0,0,0,0,0,0,0,0,0,0,0,0,0,0,0,0,0,0,0,0,0,0,437455.59,0,0,458286.81,0,0,437455.59,0,0,534667.94,0,0,601501.44,0,0,663725.72,0,0,458286.81,0,0,549944.17,0,0,566119,0,0,566119,0,0,437455.59,0,0,437455.59,0,0,437455.59,0,0,437455.59,0,0,437455.59,0,0,437455.59,136287.31,3450.5,759344.31,139942.53,3543.04,779709.87,0,0,437455.59,0,0,437455.59,0,0,437455.59,0,0,437455.59,0,0,437455.59,0,0,437455.59,0,0,437455.59,0,0,437455.59,0,0,437455.59,0,0,437455.59,0,0,437455.59,0,0,469464.54,0,0,481201.15,0,0,437455.59,0,0,437455.59,0,0,437455.59,0,0,437455.59,0,0,437455.59,0,0,437455.59,0,0,437455.59,0,0,437455.59,0,0,437455.59,0,0,1374860.43,0,0,437455.59,0,0,437455.59,0,0,437455.59,0,0,493539.64,0,0,437455.59,0,0,493539.64,0,0,437455.59
both_sexes,0,0,2020-02-10,COVCKD,0,0,0,0,0,0,0,0,0,0,0,0,0,0,0,0,0,0,0,0,0,0,0,0,0,0,0,0,0,0,0,0,0,0,0,0,0,1,0,0,0,0,0,0,0,0,0,0,0,0,438880.53,0,0,458286.81,0,0,438880.53,0,0,536798.1,0,0,604198.75,0,0,667011.5,0,0,459850.93,0,0,549944.17,0,0,568507.69,0,0,568507.69,0,0,438880.53,0,0,438880.53,0,0,438880.53,0,0,438880.53,0,0,438880.53,0,0,438880.53,0,0,508438.95,0,0,522233.81,0,0,438880.53,0,0,438880.53,0,0,438880.53,0,0,438880.53,0,0,438880.53,0,0,438880.53,0,0,438880.53,0,0,438880.53,0,0,438880.53,0,0,438880.53,0,0,438880.53,0,0,469464.54,0,0,481201.15,0,0,438880.53,0,0,438880.53,0,0,438880.53,0,0,438880.53,0,0,438880.53,0,0,438880.53,0,0,438880.53,0,0,438880.53,0,0,438880.53,384473.68,9734.03,2142150.26,0,0,438880.53,0,0,438880.53,0,0,438880.53,0,0,493539.64,0,0,438880.53,0,0,493539.64,0,0,438880.53
both_sexes,0,0,2020-02-17,COVCKD,0,0,0,0,0,0,0,0,0,0,0,0,0,0,0,0,0,0,0,0,0,0,0,0,0,0,0,0,0,0,0,0,0,0,0,0,0,0,0,0,0,0,0,0,0,0,0,0,0,0,453657.65,0,0,464608.01,0,0,453657.65,0,0,549944.17,0,0,620904.71,0,0,687430.21,0,0,476100.08,0,0,559071.88,0,0,593552.08,0,0,593552.08,0,0,453657.65,0,0,453657.65,0,0,453657.65,0,0,453657.65,0,0,453657.65,0,0,453657.65,0,0,528377.73,0,0,543291.62,0,0,453657.65,0,0,453657.65,0,0,453657.65,0,0,453657.65,0,0,453657.65,0,0,453657.65,0,0,453657.65,0,0,453657.65,0,0,453657.65,0,0,453657.65,0,0,453657.65,0,0,476100.08,0,0,488175.08,0,0,453657.65,0,0,453657.65,0,0,453657.65,0,0,453657.65,0,0,453657.65,0,0,453657.65,0,0,453657.65,0,0,453657.65,0,0,453657.65,0,0,1480618.92,0,0,453657.65,0,0,453657.65,0,0,453657.65,0,0,500878.52,0,0,453657.65,0,0,500878.52,0,0,453657.65
both_sexes,0,0,2020-02-24,COVCKD,0,0,0,0,0,0,1,1,0,0,0,0,0,0,0,0,1,1,0,0,0,0,0,0,0,0,0,0,0,0,0,0,0,0,0,0,0,0,0,0,1,1,0,1,0,0,0,0,0,0,461425.76,0,0,472759.02,0,0,461425.76,0,0,549944.17,0,0,626680.57,0,0,687430.21,132818.18,3362.67,740015.54,156759.66,3968.81,873408.9,0,0,606920.37,0,0,606920.37,0,0,461425.76,0,0,461425.76,0,0,461425.76,0,0,461425.76,0,0,461425.76,0,0,461425.76,145517.93,3684.19,810774,149692.62,3789.89,834033.91,0,0,461425.76,0,0,461425.76,0,0,461425.76,0,0,461425.76,0,0,461425.76,0,0,461425.76,0,0,461425.76,0,0,461425.76,0,0,461425.76,0,0,461425.76,0,0,461425.76,0,0,484663.03,0,0,493539.64,0,0,461425.76,0,0,461425.76,0,0,461425.76,0,0,461425.76,0,0,461425.76,0,0,461425.76,0,0,461425.76,0,0,461425.76,0,0,461425.76,0,0,1480618.92,0,0,461425.76,0,0,461425.76,125085.62,3166.89,696932.45,139942.53,3543.04,779709.87,0,0,461425.76,139942.53,3543.04,779709.87,0,0,461425.76
both_sexes,0,0,2020-03-02,COVCKD,0,0,0,0,0,0,0,0,0,0,0,0,0,0,0,0,0,0,0,0,0,0,0,0,0,0,0,0,0,0,0,0,0,0,0,0,0,0,0,0,0,0,0,0,0,0,0,0,0,0,469464.54,0,0,481201.15,0,0,469464.54,0,0,549944.17,0,0,641601.53,0,0,687430.21,0,0,506527.53,0,0,601501.44,0,0,620904.71,0,0,620904.71,0,0,469464.54,0,0,469464.54,0,0,469464.54,0,0,469464.54,0,0,469464.54,0,0,469464.54,0,0,549944.17,0,0,566119,0,0,469464.54,0,0,469464.54,0,0,469464.54,0,0,469464.54,0,0,469464.54,0,0,469464.54,0,0,469464.54,0,0,469464.54,0,0,469464.54,0,0,469464.54,0,0,469464.54,0,0,493539.64,0,0,493539.64,0,0,469464.54,0,0,469464.54,0,0,469464.54,0,0,469464.54,0,0,469464.54,0,0,469464.54,0,0,469464.54,0,0,469464.54,0,0,469464.54,0,0,1480618.92,0,0,469464.54,0,0,469464.54,0,0,469464.54,0,0,534667.94,0,0,469464.54,0,0,534667.94,0,0,469464.54
both_sexes,0,0,2020-03-09,COVCKD,0,0,0,0,0,0,0,0,0,0,0,0,0,0,0,0,0,0,0,0,0,0,0,0,0,0,0,0,0,0,0,0,0,0,0,0,0,0,0,0,0,0,0,0,0,0,0,1,0,0,469464.54,0,0,481201.15,0,0,469464.54,0,0,549944.17,0,0,641601.53,0,0,687430.21,0,0,506527.53,0,0,601501.44,0,0,620904.71,0,0,620904.71,0,0,469464.54,0,0,469464.54,0,0,469464.54,0,0,469464.54,0,0,469464.54,0,0,469464.54,0,0,549944.17,0,0,566119,0,0,469464.54,0,0,469464.54,0,0,469464.54,0,0,469464.54,0,0,469464.54,129063.6,3267.61,719096.38,0,0,469464.54,0,0,469464.54,0,0,469464.54,0,0,469464.54,0,0,469464.54,0,0,493539.64,0,0,493539.64,0,0,469464.54,0,0,469464.54,0,0,469464.54,0,0,469464.54,0,0,469464.54,0,0,469464.54,0,0,469464.54,0,0,469464.54,0,0,469464.54,0,0,1480618.92,0,0,469464.54,0,0,469464.54,0,0,469464.54,0,0,534667.94,0,0,469464.54,0,0,534667.94,0,0,469464.54
both_sexes,0,0,2020-03-16,COVCKD,0,0,0,0,0,1,0,0,0,0,0,0,0,0,0,0,0,0,0,0,0,0,0,0,0,0,0,0,0,0,0,0,0,0,0,0,0,0,0,0,0,0,0,0,0,0,0,0,0,0,469464.54,0,0,481201.15,0,0,469464.54,0,0,549944.17,0,0,641601.53,188273.2,4766.66,1048991.11,0,0,506527.53,0,0,601501.44,0,0,620904.71,0,0,620904.71,0,0,469464.54,0,0,469464.54,0,0,469464.54,0,0,469464.54,0,0,469464.54,0,0,469464.54,0,0,549944.17,0,0,566119,0,0,469464.54,0,0,469464.54,0,0,469464.54,0,0,469464.54,0,0,469464.54,0,0,481201.15,0,0,469464.54,0,0,469464.54,0,0,469464.54,0,0,469464.54,0,0,469464.54,0,0,493539.64,0,0,493539.64,0,0,469464.54,0,0,469464.54,0,0,469464.54,0,0,469464.54,0,0,469464.54,0,0,469464.54,0,0,469464.54,0,0,469464.54,0,0,469464.54,0,0,1480618.92,0,0,469464.54,0,0,469464.54,0,0,469464.54,0,0,534667.94,0,0,469464.54,0,0,534667.94,0,0,469464.54
both_sexes,0,0,2020-03-23,COVCKD,0,0,0,0,0,0,0,0,0,0,0,0,0,0,0,0,0,0,0,0,0,0,0,0,0,0,0,0,0,0,0,0,0,0,0,0,0,1,0,0,0,0,0,0,0,0,0,0,0,0,469464.54,0,0,481201.15,0,0,469464.54,0,0,549944.17,0,0,641601.53,0,0,712890.59,0,0,506527.53,0,0,601501.44,0,0,620904.71,0,0,620904.71,0,0,469464.54,0,0,469464.54,0,0,469464.54,0,0,469464.54,0,0,469464.54,0,0,469464.54,0,0,549944.17,0,0,566119,0,0,469464.54,0,0,469464.54,0,0,469464.54,0,0,469464.54,0,0,469464.54,0,0,481201.15,0,0,469464.54,0,0,469464.54,0,0,469464.54,0,0,469464.54,0,0,469464.54,0,0,493539.64,0,0,493539.64,0,0,469464.54,0,0,469464.54,0,0,469464.54,0,0,469464.54,0,0,469464.54,0,0,469464.54,0,0,469464.54,0,0,469464.54,0,0,469464.54,405833.33,10274.81,2261158.61,0,0,469464.54,0,0,469464.54,0,0,469464.54,0,0,534667.94,0,0,469464.54,0,0,534667.94,0,0,469464.54
both_sexes,0,0,2020-03-30,COVCKD,0,0,1,1,0,0,0,1,1,1,0,0,0,0,0,0,0,0,0,0,0,0,0,1,0,0,1,1,0,0,0,0,0,0,0,0,0,0,0,1,0,1,0,1,0,0,0,0,0,0,469464.54,0,0,481201.15,129063.6,3267.61,719096.38,151556.02,3837.07,844416.08,0,0,641601.53,0,0,712890.59,0,0,506527.53,166022.73,4203.33,925019.43,169883.72,4301.08,946531.51,169883.72,4301.08,946531.51,0,0,469464.54,0,0,469464.54,0,0,469464.54,0,0,469464.54,0,0,469464.54,0,0,469464.54,0,0,549944.17,0,0,566119,0,0,469464.54,0,0,469464.54,0,0,469464.54,0,0,469464.54,0,0,469464.54,0,0,481201.15,0,0,469464.54,0,0,469464.54,128157.89,3244.68,714050.09,0,0,469464.54,0,0,469464.54,134778.6,3412.3,750938.28,134778.6,3412.3,750938.28,0,0,469464.54,0,0,469464.54,0,0,469464.54,0,0,469464.54,0,0,469464.54,0,0,469464.54,0,0,469464.54,0,0,469464.54,0,0,469464.54,0,0,1604003.83,0,0,469464.54,128157.89,3244.68,714050.09,0,0,469464.54,146100,3698.93,814017.1,0,0,469464.54,146100,3698.93,814017.1,0,0,469464.54
both_sexes,0,0,2020-04-06,COVCKD,0,0,0,0,0,0,0,1,0,0,0,0,0,0,0,0,1,1,0,0,0,0,0,0,0,0,0,0,0,0,0,0,0,0,0,0,0,0,0,0,0,0,0,0,0,0,0,0,0,0,469464.54,0,0,481201.15,0,0,481201.15,0,0,566119,0,0,641601.53,0,0,712890.59,0,0,506527.53,170677.57,4321.18,950954.56,0,0,641601.53,0,0,641601.53,0,0,469464.54,0,0,469464.54,0,0,469464.54,0,0,469464.54,0,0,469464.54,0,0,469464.54,150929.75,3821.21,840926.76,155425.53,3935.03,865975.64,0,0,469464.54,0,0,469464.54,0,0,469464.54,0,0,469464.54,0,0,469464.54,0,0,477788.38,0,0,469464.54,0,0,469464.54,0,0,481201.15,0,0,469464.54,0,0,469464.54,0,0,506527.53,0,0,506527.53,0,0,469464.54,0,0,469464.54,0,0,469464.54,0,0,469464.54,0,0,469464.54,0,0,469464.54,0,0,469464.54,0,0,469464.54,0,0,469464.54,0,0,1604003.83,0,0,469464.54,0,0,481201.15,0,0,469464.54,0,0,549944.17,0,0,469464.54,0,0,549944.17,0,0,469464.54
both_sexes,0,0,2020-04-13,COVCKD,0,0,0,0,0,0,0,0,0,0,0,0,0,0,0,0,0,0,0,0,0,0,0,0,0,0,0,0,0,0,0,0,0,0,0,0,0,0,0,0,0,0,0,0,0,0,0,0,0,0,469464.54,0,0,481201.15,0,0,481201.15,0,0,566119,0,0,641601.53,0,0,712890.59,0,0,506527.53,0,0,641601.53,0,0,641601.53,0,0,641601.53,0,0,469464.54,0,0,469464.54,0,0,469464.54,0,0,469464.54,0,0,469464.54,0,0,469464.54,0,0,566119,0,0,583274.12,0,0,469464.54,0,0,469464.54,0,0,469464.54,0,0,469464.54,0,0,469464.54,0,0,469464.54,0,0,469464.54,0,0,469464.54,0,0,481201.15,0,0,469464.54,0,0,469464.54,0,0,506527.53,0,0,506527.53,0,0,469464.54,0,0,469464.54,0,0,469464.54,0,0,469464.54,0,0,469464.54,0,0,469464.54,0,0,469464.54,0,0,469464.54,0,0,469464.54,0,0,1604003.83,0,0,469464.54,0,0,481201.15,0,0,469464.54,0,0,549944.17,0,0,469464.54,0,0,549944.17,0,0,469464.54
both_sexes,0,0,2020-04-20,COVCKD,0,0,0,0,0,0,0,0,0,0,0,0,0,0,0,0,0,0,0,0,0,0,0,0,0,0,0,0,0,0,0,0,0,0,0,0,0,0,0,0,0,0,0,0,0,0,0,0,0,0,469464.54,0,0,481201.15,0,0,481201.15,0,0,566119,0,0,641601.53,0,0,712890.59,0,0,506527.53,0,0,641601.53,0,0,641601.53,0,0,641601.53,0,0,469464.54,0,0,469464.54,0,0,469464.54,0,0,469464.54,0,0,469464.54,0,0,469464.54,0,0,566119,0,0,583274.12,0,0,469464.54,0,0,469464.54,0,0,469464.54,0,0,469464.54,0,0,469464.54,0,0,469464.54,0,0,469464.54,0,0,469464.54,0,0,481201.15,0,0,469464.54,0,0,469464.54,0,0,506527.53,0,0,506527.53,0,0,469464.54,0,0,469464.54,0,0,469464.54,0,0,469464.54,0,0,469464.54,0,0,469464.54,0,0,469464.54,0,0,469464.54,0,0,469464.54,0,0,1604003.83,0,0,469464.54,0,0,481201.15,0,0,469464.54,0,0,549944.17,0,0,469464.54,0,0,549944.17,0,0,469464.54
both_sexes,0,0,2020-04-27,COVCKD,0,0,0,0,0,0,0,0,0,0,0,0,0,0,0,0,0,0,0,0,0,0,0,0,0,0,0,0,0,0,0,0,0,0,0,0,0,0,0,0,0,0,0,0,0,0,0,0,0,0,469464.54,0,0,481201.15,0,0,481201.15,0,0,566119,0,0,641601.53,0,0,712890.59,0,0,506527.53,0,0,641601.53,0,0,641601.53,0,0,641601.53,0,0,469464.54,0,0,469464.54,0,0,469464.54,0,0,469464.54,0,0,469464.54,0,0,469464.54,0,0,566119,0,0,583274.12,0,0,469464.54,0,0,469464.54,0,0,469464.54,0,0,469464.54,0,0,469464.54,0,0,469464.54,0,0,469464.54,0,0,469464.54,0,0,481201.15,0,0,469464.54,0,0,469464.54,0,0,506527.53,0,0,506527.53,0,0,469464.54,0,0,469464.54,0,0,469464.54,0,0,469464.54,0,0,469464.54,0,0,469464.54,0,0,469464.54,0,0,469464.54,0,0,469464.54,0,0,1604003.83,0,0,469464.54,0,0,481201.15,0,0,469464.54,0,0,549944.17,0,0,469464.54,0,0,549944.17,0,0,469464.54
both_sexes,0,0,2020-05-04,COVCKD,0,0,0,0,0,0,0,0,0,0,0,0,0,0,0,0,0,0,0,0,0,0,0,0,0,0,0,0,0,0,0,0,0,0,0,0,0,1,0,0,0,0,0,0,0,0,0,0,0,0,469464.54,0,0,481201.15,0,0,481201.15,0,0,566119,0,0,641601.53,0,0,712890.59,0,0,506527.53,0,0,641601.53,0,0,641601.53,0,0,641601.53,0,0,469464.54,0,0,469464.54,0,0,469464.54,0,0,469464.54,0,0,469464.54,0,0,469464.54,0,0,566119,0,0,583274.12,0,0,469464.54,0,0,469464.54,0,0,469464.54,0,0,469464.54,0,0,469464.54,0,0,469464.54,0,0,469464.54,0,0,469464.54,0,0,481201.15,0,0,469464.54,0,0,469464.54,0,0,506527.53,0,0,506527.53,0,0,469464.54,0,0,469464.54,0,0,469464.54,0,0,469464.54,0,0,469464.54,0,0,469464.54,0,0,469464.54,0,0,469464.54,0,0,469464.54,440060.24,11141.36,2451858.73,0,0,469464.54,0,0,481201.15,0,0,469464.54,0,0,549944.17,0,0,469464.54,0,0,549944.17,0,0,469464.54
both_sexes,0,0,2020-05-11,COVCKD,0,0,0,0,0,0,0,0,0,0,0,0,0,0,0,0,0,0,0,0,0,0,0,0,0,0,0,0,0,0,0,0,0,0,0,0,0,0,0,0,1,0,0,0,0,0,0,0,0,0,469464.54,0,0,481201.15,0,0,481201.15,0,0,566119,0,0,641601.53,0,0,712890.59,0,0,506527.53,0,0,641601.53,0,0,641601.53,0,0,641601.53,0,0,469464.54,0,0,469464.54,0,0,469464.54,0,0,469464.54,0,0,469464.54,0,0,469464.54,0,0,566119,0,0,583274.12,0,0,469464.54,0,0,469464.54,0,0,469464.54,0,0,469464.54,0,0,469464.54,0,0,469464.54,0,0,469464.54,0,0,469464.54,0,0,481201.15,0,0,469464.54,0,0,469464.54,0,0,506527.53,0,0,506527.53,0,0,469464.54,0,0,469464.54,0,0,469464.54,0,0,469464.54,0,0,469464.54,0,0,469464.54,0,0,469464.54,0,0,469464.54,0,0,469464.54,0,0,1749822.36,0,0,469464.54,0,0,481201.15,127264.81,3222.07,709074.13,0,0,549944.17,0,0,469464.54,0,0,549944.17,0,0,469464.54
both_sexes,0,0,2020-05-18,COVCKD,0,0,0,0,0,0,0,0,0,0,0,0,0,0,0,0,1,1,0,0,0,0,0,0,0,0,0,0,0,0,0,0,0,0,0,0,0,0,0,0,0,0,0,0,0,0,0,0,0,0,481201.15,0,0,493539.64,0,0,493539.64,0,0,566119,0,0,641601.53,0,0,712890.59,0,0,520217.46,0,0,663725.72,0,0,641601.53,0,0,641601.53,0,0,481201.15,0,0,481201.15,0,0,481201.15,0,0,481201.15,0,0,481201.15,0,0,481201.15,154113.92,3901.83,858667.83,158804.35,4020.58,884801.2,0,0,481201.15,0,0,481201.15,0,0,481201.15,0,0,481201.15,0,0,481201.15,0,0,481201.15,0,0,481201.15,0,0,481201.15,0,0,481201.15,0,0,481201.15,0,0,481201.15,0,0,506527.53,0,0,506527.53,0,0,481201.15,0,0,481201.15,0,0,481201.15,0,0,481201.15,0,0,481201.15,0,0,481201.15,0,0,481201.15,0,0,481201.15,0,0,481201.15,0,0,1749822.36,0,0,481201.15,0,0,481201.15,0,0,481201.15,0,0,549944.17,0,0,481201.15,0,0,549944.17,0,0,481201.15
both_sexes,0,0,2020-05-25,COVCKD,0,0,0,0,0,1,0,0,1,1,0,0,0,0,0,0,0,0,0,0,1,0,0,0,0,0,0,0,0,0,0,0,0,0,0,0,0,0,0,0,0,0,0,0,0,0,0,0,0,0,481201.15,0,0,493539.64,0,0,493539.64,0,0,566119,0,0,641601.53,197432.43,4998.56,1100023.11,0,0,520217.46,0,0,663725.72,177305.83,4488.99,987884.83,177305.83,4488.99,987884.83,0,0,481201.15,0,0,481201.15,0,0,481201.15,0,0,481201.15,0,0,481201.15,0,0,481201.15,0,0,583274.12,0,0,601501.44,0,0,481201.15,0,0,481201.15,0,0,481201.15,0,0,481201.15,132336.96,3350.48,737334.33,0,0,481201.15,0,0,481201.15,0,0,481201.15,0,0,481201.15,0,0,481201.15,0,0,481201.15,0,0,506527.53,0,0,506527.53,0,0,481201.15,0,0,481201.15,0,0,481201.15,0,0,481201.15,0,0,481201.15,0,0,481201.15,0,0,481201.15,0,0,481201.15,0,0,481201.15,0,0,1749822.36,0,0,481201.15,0,0,481201.15,0,0,481201.15,0,0,549944.17,0,0,481201.15,0,0,549944.17,0,0,481201.15
both_sexes,0,0,2020-06-01,COVCKD,0,0,0,0,0,0,0,0,1,1,0,0,0,0,0,0,0,0,0,0,0,0,0,0,0,0,0,0,0,0,0,0,0,0,0,0,0,0,0,0,0,0,0,0,0,0,0,0,0,0,481201.15,0,0,493539.64,0,0,493539.64,0,0,566119,0,0,641601.53,0,0,740309.46,0,0,520217.46,0,0,663725.72,179926.11,4555.33,1002484.11,179926.11,4555.33,1002484.11,0,0,481201.15,0,0,481201.15,0,0,481201.15,0,0,481201.15,0,0,481201.15,0,0,481201.15,0,0,583274.12,0,0,601501.44,0,0,481201.15,0,0,481201.15,0,0,481201.15,0,0,481201.15,0,0,493539.64,0,0,481201.15,0,0,481201.15,0,0,481201.15,0,0,481201.15,0,0,481201.15,0,0,481201.15,0,0,506527.53,0,0,506527.53,0,0,481201.15,0,0,481201.15,0,0,481201.15,0,0,481201.15,0,0,481201.15,0,0,481201.15,0,0,481201.15,0,0,481201.15,0,0,481201.15,0,0,1749822.36,0,0,481201.15,0,0,481201.15,0,0,481201.15,0,0,549944.17,0,0,481201.15,0,0,549944.17,0,0,481201.15
both_sexes,0,0,2020-06-08,COVCKD,0,0,0,0,0,0,0,0,0,0,0,0,0,0,0,0,0,0,0,0,0,0,0,0,0,0,0,0,0,0,0,0,0,0,0,0,0,0,0,0,0,0,0,0,0,0,0,0,0,0,481201.15,0,0,493539.64,0,0,493539.64,0,0,566119,0,0,641601.53,0,0,740309.46,0,0,520217.46,0,0,663725.72,0,0,687430.21,0,0,687430.21,0,0,481201.15,0,0,481201.15,0,0,481201.15,0,0,481201.15,0,0,481201.15,0,0,481201.15,0,0,583274.12,0,0,601501.44,0,0,481201.15,0,0,481201.15,0,0,481201.15,0,0,481201.15,0,0,493539.64,0,0,481201.15,0,0,481201.15,0,0,481201.15,0,0,481201.15,0,0,481201.15,0,0,481201.15,0,0,506527.53,0,0,506527.53,0,0,481201.15,0,0,481201.15,0,0,481201.15,0,0,481201.15,0,0,481201.15,0,0,481201.15,0,0,481201.15,0,0,481201.15,0,0,481201.15,0,0,1749822.36,0,0,481201.15,0,0,481201.15,0,0,481201.15,0,0,549944.17,0,0,481201.15,0,0,549944.17,0,0,481201.15
both_sexes,0,0,2020-06-15,COVCKD,0,0,0,0,0,0,0,0,0,0,0,0,0,0,0,0,0,0,0,0,0,0,0,0,0,0,0,0,0,0,0,0,0,0,0,0,0,0,0,0,1,0,0,0,0,0,0,0,0,0,481201.15,0,0,493539.64,0,0,493539.64,0,0,566119,0,0,641601.53,0,0,740309.46,0,0,520217.46,0,0,663725.72,0,0,687430.21,0,0,687430.21,0,0,481201.15,0,0,481201.15,0,0,481201.15,0,0,481201.15,0,0,481201.15,0,0,481201.15,0,0,583274.12,0,0,601501.44,0,0,481201.15,0,0,481201.15,0,0,481201.15,0,0,481201.15,0,0,493539.64,0,0,481201.15,0,0,481201.15,0,0,481201.15,0,0,481201.15,0,0,481201.15,0,0,481201.15,0,0,506527.53,0,0,506527.53,0,0,481201.15,0,0,481201.15,0,0,481201.15,0,0,481201.15,0,0,481201.15,0,0,481201.15,0,0,481201.15,0,0,481201.15,0,0,481201.15,0,0,1749822.36,0,0,481201.15,0,0,481201.15,130446.43,3302.62,726800.98,0,0,549944.17,0,0,481201.15,0,0,549944.17,0,0,481201.15
both_sexes,0,0,2020-06-22,COVCKD,0,0,0,0,0,0,0,0,0,0,0,0,0,0,0,0,0,0,0,0,0,0,0,0,0,0,0,0,0,0,0,0,0,0,0,0,0,0,0,0,0,0,0,0,0,0,0,0,0,0,495354.13,0,0,508438.95,0,0,508438.95,0,0,585810.1,0,0,667011.5,0,0,769921.84,0,0,536798.1,0,0,687430.21,0,0,712890.59,0,0,712890.59,0,0,495354.13,0,0,495354.13,0,0,495354.13,0,0,495354.13,0,0,495354.13,0,0,495354.13,0,0,601501.44,0,0,620904.71,0,0,495354.13,0,0,495354.13,0,0,495354.13,0,0,495354.13,0,0,506527.53,0,0,495354.13,0,0,495354.13,0,0,495354.13,0,0,495354.13,0,0,495354.13,0,0,495354.13,0,0,522233.81,0,0,522233.81,0,0,495354.13,0,0,495354.13,0,0,495354.13,0,0,495354.13,0,0,495354.13,0,0,495354.13,0,0,495354.13,0,0,495354.13,0,0,495354.13,0,0,1749822.36,0,0,495354.13,0,0,495354.13,0,0,495354.13,0,0,568507.69,0,0,495354.13,0,0,568507.69,0,0,495354.13
both_sexes,0,0,2020-06-29,COVCKD,0,0,0,0,0,0,0,0,0,0,0,0,0,0,0,0,0,0,0,0,0,0,0,0,0,0,0,0,0,0,0,0,0,0,0,0,0,0,0,0,0,0,0,0,0,0,0,0,0,0,506527.53,0,0,520217.46,0,0,520217.46,0,0,601501.44,0,0,687430.21,0,0,769921.84,0,0,549944.17,0,0,687430.21,0,0,712890.59,0,0,712890.59,0,0,506527.53,0,0,506527.53,0,0,506527.53,0,0,506527.53,0,0,506527.53,0,0,506527.53,0,0,601501.44,0,0,620904.71,0,0,506527.53,0,0,506527.53,0,0,506527.53,0,0,506527.53,0,0,506527.53,0,0,506527.53,0,0,506527.53,0,0,506527.53,0,0,506527.53,0,0,506527.53,0,0,506527.53,0,0,534667.94,0,0,534667.94,0,0,506527.53,0,0,506527.53,0,0,506527.53,0,0,506527.53,0,0,506527.53,0,0,506527.53,0,0,506527.53,0,0,506527.53,0,0,506527.53,0,0,1749822.36,0,0,506527.53,0,0,506527.53,0,0,506527.53,0,0,583274.12,0,0,506527.53,0,0,583274.12,0,0,506527.53
both_sexes,0,0,2020-07-06,COVCKD,0,0,0,0,0,0,0,0,0,0,0,0,0,0,0,0,0,0,0,0,0,0,0,0,0,0,0,0,0,0,0,0,0,0,0,0,0,0,0,0,0,0,0,0,0,0,0,0,0,0,506527.53,0,0,520217.46,0,0,520217.46,0,0,601501.44,0,0,687430.21,0,0,769921.84,0,0,549944.17,0,0,687430.21,0,0,712890.59,0,0,712890.59,0,0,506527.53,0,0,506527.53,0,0,506527.53,0,0,506527.53,0,0,506527.53,0,0,506527.53,0,0,601501.44,0,0,620904.71,0,0,506527.53,0,0,506527.53,0,0,506527.53,0,0,506527.53,0,0,506527.53,0,0,506527.53,0,0,506527.53,0,0,506527.53,0,0,506527.53,0,0,506527.53,0,0,506527.53,0,0,534667.94,0,0,534667.94,0,0,506527.53,0,0,506527.53,0,0,506527.53,0,0,506527.53,0,0,506527.53,0,0,506527.53,0,0,506527.53,0,0,506527.53,0,0,506527.53,0,0,1749822.36,0,0,506527.53,0,0,506527.53,0,0,506527.53,0,0,583274.12,0,0,506527.53,0,0,583274.12,0,0,506527.53
both_sexes,0,0,2020-07-13,COVCKD,0,0,0,0,0,0,0,0,0,0,0,0,0,0,0,0,0,0,0,0,0,0,0,0,0,0,0,0,0,0,0,0,0,0,0,0,0,0,0,0,0,0,0,0,0,0,0,0,0,0,506527.53,0,0,520217.46,0,0,520217.46,0,0,601501.44,0,0,687430.21,0,0,769921.84,0,0,549944.17,0,0,687430.21,0,0,712890.59,0,0,712890.59,0,0,506527.53,0,0,506527.53,0,0,506527.53,0,0,506527.53,0,0,506527.53,0,0,506527.53,0,0,601501.44,0,0,620904.71,0,0,506527.53,0,0,506527.53,0,0,506527.53,0,0,506527.53,0,0,506527.53,0,0,506527.53,0,0,506527.53,0,0,506527.53,0,0,506527.53,0,0,506527.53,0,0,506527.53,0,0,534667.94,0,0,534667.94,0,0,506527.53,0,0,506527.53,0,0,506527.53,0,0,506527.53,0,0,506527.53,0,0,506527.53,0,0,506527.53,0,0,506527.53,0,0,506527.53,0,0,1749822.36,0,0,506527.53,0,0,506527.53,0,0,506527.53,0,0,583274.12,0,0,506527.53,0,0,583274.12,0,0,506527.53
both_sexes,0,0,2020-07-20,COVCKD,0,0,0,0,0,0,0,0,0,0,0,0,0,0,0,0,0,0,0,0,0,0,0,0,0,0,0,0,0,0,0,0,0,0,0,0,0,0,0,0,0,0,0,0,0,0,0,0,0,0,506527.53,0,0,520217.46,0,0,520217.46,0,0,601501.44,0,0,687430.21,0,0,769921.84,0,0,549944.17,0,0,687430.21,0,0,712890.59,0,0,712890.59,0,0,506527.53,0,0,506527.53,0,0,506527.53,0,0,506527.53,0,0,506527.53,0,0,506527.53,0,0,601501.44,0,0,620904.71,0,0,506527.53,0,0,506527.53,0,0,506527.53,0,0,506527.53,0,0,506527.53,0,0,506527.53,0,0,506527.53,0,0,506527.53,0,0,506527.53,0,0,506527.53,0,0,506527.53,0,0,534667.94,0,0,534667.94,0,0,506527.53,0,0,506527.53,0,0,506527.53,0,0,506527.53,0,0,506527.53,0,0,506527.53,0,0,506527.53,0,0,506527.53,0,0,506527.53,0,0,1749822.36,0,0,506527.53,0,0,506527.53,0,0,506527.53,0,0,583274.12,0,0,506527.53,0,0,583274.12,0,0,506527.53
both_sexes,0,0,2020-07-27,COVCKD,0,0,0,0,0,0,0,0,0,0,0,0,0,0,0,0,0,0,0,0,0,0,0,0,0,0,0,0,0,0,0,0,0,0,0,0,0,0,0,0,0,0,0,0,0,0,0,0,0,0,506527.53,0,0,520217.46,0,0,520217.46,0,0,601501.44,0,0,687430.21,0,0,769921.84,0,0,549944.17,0,0,687430.21,0,0,712890.59,0,0,712890.59,0,0,506527.53,0,0,506527.53,0,0,506527.53,0,0,506527.53,0,0,506527.53,0,0,506527.53,0,0,601501.44,0,0,620904.71,0,0,506527.53,0,0,506527.53,0,0,506527.53,0,0,506527.53,0,0,506527.53,0,0,506527.53,0,0,506527.53,0,0,506527.53,0,0,506527.53,0,0,506527.53,0,0,506527.53,0,0,534667.94,0,0,534667.94,0,0,506527.53,0,0,506527.53,0,0,506527.53,0,0,506527.53,0,0,506527.53,0,0,506527.53,0,0,506527.53,0,0,506527.53,0,0,506527.53,0,0,1749822.36,0,0,506527.53,0,0,506527.53,0,0,506527.53,0,0,583274.12,0,0,506527.53,0,0,583274.12,0,0,506527.53
both_sexes,0,0,2020-08-03,COVCKD,0,0,0,0,0,0,0,0,0,0,0,0,0,0,0,0,1,1,0,0,0,0,0,0,0,0,0,0,0,0,0,0,0,0,0,0,0,0,0,0,0,0,0,0,0,0,0,0,0,0,506527.53,0,0,520217.46,0,0,520217.46,0,0,601501.44,0,0,687430.21,0,0,769921.84,0,0,549944.17,0,0,687430.21,0,0,712890.59,0,0,712890.59,0,0,506527.53,0,0,506527.53,0,0,506527.53,0,0,506527.53,0,0,506527.53,0,0,506527.53,163058.04,4128.27,908501.23,168317.97,4261.44,937807.72,0,0,506527.53,0,0,506527.53,0,0,506527.53,0,0,506527.53,0,0,506527.53,0,0,506527.53,0,0,506527.53,0,0,506527.53,0,0,506527.53,0,0,506527.53,0,0,506527.53,0,0,534667.94,0,0,534667.94,0,0,506527.53,0,0,506527.53,0,0,506527.53,0,0,506527.53,0,0,506527.53,0,0,506527.53,0,0,506527.53,0,0,506527.53,0,0,506527.53,0,0,1749822.36,0,0,506527.53,0,0,506527.53,0,0,506527.53,0,0,583274.12,0,0,506527.53,0,0,583274.12,0,0,506527.53
both_sexes,0,0,2020-08-10,COVCKD,0,0,0,0,0,0,0,0,0,0,0,0,0,0,0,0,0,0,0,0,0,0,0,0,0,0,0,0,0,0,0,0,0,0,0,0,0,0,0,0,0,0,0,0,0,0,0,0,0,0,506527.53,0,0,520217.46,0,0,520217.46,0,0,601501.44,0,0,687430.21,0,0,769921.84,0,0,549944.17,0,0,687430.21,0,0,712890.59,0,0,712890.59,0,0,506527.53,0,0,506527.53,0,0,506527.53,0,0,506527.53,0,0,506527.53,0,0,506527.53,0,0,620904.71,0,0,641601.53,0,0,506527.53,0,0,506527.53,0,0,506527.53,0,0,506527.53,0,0,506527.53,0,0,506527.53,0,0,506527.53,0,0,506527.53,0,0,506527.53,0,0,506527.53,0,0,506527.53,0,0,534667.94,0,0,534667.94,0,0,506527.53,0,0,506527.53,0,0,506527.53,0,0,506527.53,0,0,506527.53,0,0,506527.53,0,0,506527.53,0,0,506527.53,0,0,506527.53,0,0,1749822.36,0,0,506527.53,0,0,506527.53,0,0,506527.53,0,0,583274.12,0,0,506527.53,0,0,583274.12,0,0,506527.53
both_sexes,0,0,2020-08-17,COVCKD,0,0,0,0,0,0,0,0,0,0,0,0,0,0,0,0,0,0,0,0,0,0,0,0,0,0,0,0,0,0,0,0,0,0,0,0,0,1,0,0,0,0,0,0,0,0,0,0,0,0,506527.53,0,0,520217.46,0,0,520217.46,0,0,601501.44,0,0,687430.21,0,0,769921.84,0,0,549944.17,0,0,687430.21,0,0,712890.59,0,0,712890.59,0,0,506527.53,0,0,506527.53,0,0,506527.53,0,0,506527.53,0,0,506527.53,0,0,506527.53,0,0,620904.71,0,0,641601.53,0,0,506527.53,0,0,506527.53,0,0,506527.53,0,0,506527.53,0,0,506527.53,0,0,506527.53,0,0,506527.53,0,0,506527.53,0,0,506527.53,0,0,506527.53,0,0,506527.53,0,0,534667.94,0,0,534667.94,0,0,506527.53,0,0,506527.53,0,0,506527.53,0,0,506527.53,0,0,506527.53,0,0,506527.53,0,0,506527.53,0,0,506527.53,0,0,506527.53,480592.11,12167.54,2677687.83,0,0,506527.53,0,0,506527.53,0,0,506527.53,0,0,583274.12,0,0,506527.53,0,0,583274.12,0,0,506527.53
both_sexes,0,0,2020-08-24,COVCKD,0,0,0,0,0,0,0,0,0,0,0,0,0,0,0,0,0,0,0,0,0,0,0,0,0,0,0,0,0,0,0,0,0,0,0,0,0,0,0,0,0,0,0,0,0,0,0,0,0,0,506527.53,0,0,520217.46,0,0,520217.46,0,0,601501.44,0,0,687430.21,0,0,769921.84,0,0,549944.17,0,0,687430.21,0,0,712890.59,0,0,712890.59,0,0,506527.53,0,0,506527.53,0,0,506527.53,0,0,506527.53,0,0,506527.53,0,0,506527.53,0,0,620904.71,0,0,641601.53,0,0,506527.53,0,0,506527.53,0,0,506527.53,0,0,506527.53,0,0,506527.53,0,0,506527.53,0,0,506527.53,0,0,506527.53,0,0,506527.53,0,0,506527.53,0,0,506527.53,0,0,534667.94,0,0,534667.94,0,0,506527.53,0,0,506527.53,0,0,506527.53,0,0,506527.53,0,0,506527.53,0,0,506527.53,0,0,506527.53,0,0,506527.53,0,0,506527.53,0,0,1924804.6,0,0,506527.53,0,0,506527.53,0,0,506527.53,0,0,583274.12,0,0,506527.53,0,0,583274.12,0,0,506527.53
both_sexes,0,0,2020-08-31,COVCKD,0,0,0,0,0,0,0,0,0,0,0,0,0,0,0,0,0,0,0,0,0,0,0,0,0,0,0,0,0,0,0,0,0,0,0,0,0,0,0,0,0,0,0,0,0,0,0,0,0,0,506527.53,0,0,520217.46,0,0,520217.46,0,0,601501.44,0,0,687430.21,0,0,769921.84,0,0,549944.17,0,0,687430.21,0,0,712890.59,0,0,712890.59,0,0,506527.53,0,0,506527.53,0,0,506527.53,0,0,506527.53,0,0,506527.53,0,0,506527.53,0,0,620904.71,0,0,641601.53,0,0,506527.53,0,0,506527.53,0,0,506527.53,0,0,506527.53,0,0,506527.53,0,0,506527.53,0,0,506527.53,0,0,506527.53,0,0,506527.53,0,0,506527.53,0,0,506527.53,0,0,534667.94,0,0,534667.94,0,0,506527.53,0,0,506527.53,0,0,506527.53,0,0,506527.53,0,0,506527.53,0,0,506527.53,0,0,506527.53,0,0,506527.53,0,0,506527.53,0,0,1924804.6,0,0,506527.53,0,0,506527.53,0,0,506527.53,0,0,583274.12,0,0,506527.53,0,0,583274.12,0,0,506527.53
both_sexes,0,0,2020-09-07,COVCKD,0,0,0,0,0,0,0,0,0,0,0,0,0,0,0,0,0,0,0,0,0,0,0,0,0,0,0,0,0,0,0,0,0,0,0,0,0,0,0,0,0,0,0,0,0,0,0,0,0,0,516231.12,0,0,530457.96,0,0,530457.96,0,0,615234.35,0,0,705425.77,0,0,792566.6,0,0,561401.34,0,0,705425.77,0,0,732262.62,0,0,732262.62,0,0,516231.12,0,0,516231.12,0,0,516231.12,0,0,516231.12,0,0,516231.12,0,0,516231.12,0,0,635548.69,0,0,657250.35,0,0,516231.12,0,0,516231.12,0,0,516231.12,0,0,516231.12,0,0,516231.12,0,0,516231.12,0,0,516231.12,0,0,516231.12,0,0,516231.12,0,0,516231.12,0,0,516231.12,0,0,545491.18,0,0,545491.18,0,0,516231.12,0,0,516231.12,0,0,516231.12,0,0,516231.12,0,0,516231.12,0,0,516231.12,0,0,516231.12,0,0,516231.12,0,0,516231.12,0,0,1924804.6,0,0,516231.12,0,0,516231.12,0,0,516231.12,0,0,596178.42,0,0,516231.12,0,0,596178.42,0,0,516231.12
both_sexes,0,0,2020-09-14,COVCKD,0,0,0,0,0,0,0,0,0,0,0,0,0,0,0,0,0,0,0,0,0,0,0,0,0,0,0,0,0,0,0,0,0,0,0,0,0,0,0,0,0,0,0,0,0,0,0,0,0,0,520217.46,0,0,534667.94,0,0,534667.94,0,0,620904.71,0,0,712890.59,0,0,802001.92,0,0,566119,0,0,712890.59,0,0,740309.46,0,0,740309.46,0,0,520217.46,0,0,520217.46,0,0,520217.46,0,0,520217.46,0,0,520217.46,0,0,520217.46,0,0,641601.53,0,0,663725.72,0,0,520217.46,0,0,520217.46,0,0,520217.46,0,0,520217.46,0,0,520217.46,0,0,520217.46,0,0,520217.46,0,0,520217.46,0,0,520217.46,0,0,520217.46,0,0,520217.46,0,0,549944.17,0,0,549944.17,0,0,520217.46,0,0,520217.46,0,0,520217.46,0,0,520217.46,0,0,520217.46,0,0,520217.46,0,0,520217.46,0,0,520217.46,0,0,520217.46,0,0,1924804.6,0,0,520217.46,0,0,520217.46,0,0,520217.46,0,0,601501.44,0,0,520217.46,0,0,601501.44,0,0,520217.46
both_sexes,0,0,2020-09-21,COVCKD,0,0,0,0,0,0,0,0,0,0,0,0,0,0,0,0,0,0,0,0,0,0,0,0,0,0,0,0,0,0,0,0,0,0,0,0,0,0,0,0,0,0,0,0,0,0,0,0,0,0,520217.46,0,0,534667.94,0,0,534667.94,0,0,620904.71,0,0,712890.59,0,0,802001.92,0,0,566119,0,0,712890.59,0,0,740309.46,0,0,740309.46,0,0,520217.46,0,0,520217.46,0,0,520217.46,0,0,520217.46,0,0,520217.46,0,0,520217.46,0,0,641601.53,0,0,663725.72,0,0,520217.46,0,0,520217.46,0,0,520217.46,0,0,520217.46,0,0,520217.46,0,0,520217.46,0,0,520217.46,0,0,520217.46,0,0,520217.46,0,0,520217.46,0,0,520217.46,0,0,549944.17,0,0,549944.17,0,0,520217.46,0,0,520217.46,0,0,520217.46,0,0,520217.46,0,0,520217.46,0,0,520217.46,0,0,520217.46,0,0,520217.46,0,0,520217.46,0,0,1924804.6,0,0,520217.46,0,0,520217.46,0,0,520217.46,0,0,601501.44,0,0,520217.46,0,0,601501.44,0,0,520217.46
both_sexes,0,0,2020-09-28,COVCKD,0,0,0,0,0,0,0,0,0,0,0,0,0,0,0,0,0,0,0,0,0,0,0,0,0,0,0,0,0,0,0,0,0,0,0,0,0,0,0,0,0,0,0,0,0,0,0,0,0,0,520217.46,0,0,534667.94,0,0,534667.94,0,0,620904.71,0,0,712890.59,0,0,802001.92,0,0,566119,0,0,712890.59,0,0,740309.46,0,0,740309.46,0,0,520217.46,0,0,520217.46,0,0,520217.46,0,0,520217.46,0,0,520217.46,0,0,520217.46,0,0,641601.53,0,0,663725.72,0,0,520217.46,0,0,520217.46,0,0,520217.46,0,0,520217.46,0,0,520217.46,0,0,520217.46,0,0,520217.46,0,0,520217.46,0,0,520217.46,0,0,520217.46,0,0,520217.46,0,0,549944.17,0,0,549944.17,0,0,520217.46,0,0,520217.46,0,0,520217.46,0,0,520217.46,0,0,520217.46,0,0,520217.46,0,0,520217.46,0,0,520217.46,0,0,520217.46,0,0,1924804.6,0,0,520217.46,0,0,520217.46,0,0,520217.46,0,0,601501.44,0,0,520217.46,0,0,601501.44,0,0,520217.46
both_sexes,0,0,2020-10-05,COVCKD,0,0,0,0,0,0,0,0,0,0,0,0,0,0,0,0,0,0,0,0,0,0,0,0,0,0,0,0,0,0,0,0,0,0,0,0,0,0,0,0,0,0,0,0,0,0,0,0,0,0,520217.46,0,0,534667.94,0,0,534667.94,0,0,620904.71,0,0,712890.59,0,0,802001.92,0,0,566119,0,0,712890.59,0,0,740309.46,0,0,740309.46,0,0,520217.46,0,0,520217.46,0,0,520217.46,0,0,520217.46,0,0,520217.46,0,0,520217.46,0,0,641601.53,0,0,663725.72,0,0,520217.46,0,0,520217.46,0,0,520217.46,0,0,520217.46,0,0,520217.46,0,0,520217.46,0,0,520217.46,0,0,520217.46,0,0,520217.46,0,0,520217.46,0,0,520217.46,0,0,549944.17,0,0,549944.17,0,0,520217.46,0,0,520217.46,0,0,520217.46,0,0,520217.46,0,0,520217.46,0,0,520217.46,0,0,520217.46,0,0,520217.46,0,0,520217.46,0,0,1924804.6,0,0,520217.46,0,0,520217.46,0,0,520217.46,0,0,601501.44,0,0,520217.46,0,0,601501.44,0,0,520217.46
both_sexes,0,0,2020-10-12,COVCKD,0,0,0,0,0,0,0,0,0,0,0,0,0,0,0,0,0,0,0,0,0,0,0,0,0,0,0,0,0,0,0,0,0,0,0,0,0,0,0,0,0,0,0,0,0,0,0,0,0,0,520217.46,0,0,534667.94,0,0,534667.94,0,0,620904.71,0,0,712890.59,0,0,802001.92,0,0,566119,0,0,712890.59,0,0,740309.46,0,0,740309.46,0,0,520217.46,0,0,520217.46,0,0,520217.46,0,0,520217.46,0,0,520217.46,0,0,520217.46,0,0,641601.53,0,0,663725.72,0,0,520217.46,0,0,520217.46,0,0,520217.46,0,0,520217.46,0,0,520217.46,0,0,520217.46,0,0,520217.46,0,0,520217.46,0,0,520217.46,0,0,520217.46,0,0,520217.46,0,0,549944.17,0,0,549944.17,0,0,520217.46,0,0,520217.46,0,0,520217.46,0,0,520217.46,0,0,520217.46,0,0,520217.46,0,0,520217.46,0,0,520217.46,0,0,520217.46,0,0,1924804.6,0,0,520217.46,0,0,520217.46,0,0,520217.46,0,0,601501.44,0,0,520217.46,0,0,601501.44,0,0,520217.46
both_sexes,0,0,2020-10-19,COVCKD,0,0,0,0,0,0,0,0,0,0,0,0,0,0,0,0,0,0,0,0,0,0,0,0,0,0,0,0,0,0,0,0,0,0,0,0,0,0,0,0,0,0,0,0,0,0,0,0,0,0,520217.46,0,0,534667.94,0,0,534667.94,0,0,620904.71,0,0,712890.59,0,0,802001.92,0,0,566119,0,0,712890.59,0,0,740309.46,0,0,740309.46,0,0,520217.46,0,0,520217.46,0,0,520217.46,0,0,520217.46,0,0,520217.46,0,0,520217.46,0,0,641601.53,0,0,663725.72,0,0,520217.46,0,0,520217.46,0,0,520217.46,0,0,520217.46,0,0,520217.46,0,0,520217.46,0,0,520217.46,0,0,520217.46,0,0,520217.46,0,0,520217.46,0,0,520217.46,0,0,549944.17,0,0,549944.17,0,0,520217.46,0,0,520217.46,0,0,520217.46,0,0,520217.46,0,0,520217.46,0,0,520217.46,0,0,520217.46,0,0,520217.46,0,0,520217.46,0,0,1924804.6,0,0,520217.46,0,0,520217.46,0,0,520217.46,0,0,601501.44,0,0,520217.46,0,0,601501.44,0,0,520217.46
both_sexes,0,0,2020-10-26,COVCKD,0,0,0,0,0,0,0,0,0,0,0,0,0,0,0,0,0,0,0,0,0,0,0,0,0,0,0,0,0,0,0,0,0,0,0,0,0,0,0,0,0,0,0,0,0,0,0,0,0,0,520217.46,0,0,534667.94,0,0,534667.94,0,0,620904.71,0,0,712890.59,0,0,802001.92,0,0,566119,0,0,712890.59,0,0,740309.46,0,0,740309.46,0,0,520217.46,0,0,520217.46,0,0,520217.46,0,0,520217.46,0,0,520217.46,0,0,520217.46,0,0,641601.53,0,0,663725.72,0,0,520217.46,0,0,520217.46,0,0,520217.46,0,0,520217.46,0,0,520217.46,0,0,520217.46,0,0,520217.46,0,0,520217.46,0,0,520217.46,0,0,520217.46,0,0,520217.46,0,0,549944.17,0,0,549944.17,0,0,520217.46,0,0,520217.46,0,0,520217.46,0,0,520217.46,0,0,520217.46,0,0,520217.46,0,0,520217.46,0,0,520217.46,0,0,520217.46,0,0,1924804.6,0,0,520217.46,0,0,520217.46,0,0,520217.46,0,0,601501.44,0,0,520217.46,0,0,601501.44,0,0,520217.46
both_sexes,0,0,2020-11-02,COVCKD,0,0,0,0,0,0,0,0,0,0,0,0,0,0,0,0,0,0,0,0,0,0,0,0,0,0,0,0,0,0,0,0,0,0,0,0,0,0,0,0,0,0,0,0,0,0,0,0,0,0,520217.46,0,0,534667.94,0,0,534667.94,0,0,620904.71,0,0,712890.59,0,0,802001.92,0,0,566119,0,0,712890.59,0,0,740309.46,0,0,740309.46,0,0,520217.46,0,0,520217.46,0,0,520217.46,0,0,520217.46,0,0,520217.46,0,0,520217.46,0,0,641601.53,0,0,663725.72,0,0,520217.46,0,0,520217.46,0,0,520217.46,0,0,520217.46,0,0,520217.46,0,0,520217.46,0,0,520217.46,0,0,520217.46,0,0,520217.46,0,0,520217.46,0,0,520217.46,0,0,549944.17,0,0,549944.17,0,0,520217.46,0,0,520217.46,0,0,520217.46,0,0,520217.46,0,0,520217.46,0,0,520217.46,0,0,520217.46,0,0,520217.46,0,0,520217.46,0,0,1924804.6,0,0,520217.46,0,0,520217.46,0,0,520217.46,0,0,601501.44,0,0,520217.46,0,0,601501.44,0,0,520217.46
both_sexes,0,0,2020-11-09,COVCKD,0,0,0,0,0,0,0,0,0,0,0,0,0,0,0,0,0,0,0,0,0,0,0,0,0,0,0,0,0,0,0,0,0,0,0,0,0,0,0,0,0,0,0,0,0,0,0,0,0,0,520217.46,0,0,534667.94,0,0,534667.94,0,0,620904.71,0,0,712890.59,0,0,802001.92,0,0,566119,0,0,712890.59,0,0,740309.46,0,0,740309.46,0,0,520217.46,0,0,520217.46,0,0,520217.46,0,0,520217.46,0,0,520217.46,0,0,520217.46,0,0,641601.53,0,0,663725.72,0,0,520217.46,0,0,520217.46,0,0,520217.46,0,0,520217.46,0,0,520217.46,0,0,520217.46,0,0,520217.46,0,0,520217.46,0,0,520217.46,0,0,520217.46,0,0,520217.46,0,0,549944.17,0,0,549944.17,0,0,520217.46,0,0,520217.46,0,0,520217.46,0,0,520217.46,0,0,520217.46,0,0,520217.46,0,0,520217.46,0,0,520217.46,0,0,520217.46,0,0,1924804.6,0,0,520217.46,0,0,520217.46,0,0,520217.46,0,0,601501.44,0,0,520217.46,0,0,601501.44,0,0,520217.46
both_sexes,0,0,2020-11-16,COVCKD,0,0,0,0,0,0,0,0,0,0,0,0,0,0,0,0,0,0,0,0,0,0,0,0,0,0,0,0,0,0,0,0,0,0,0,0,0,0,0,0,0,0,0,0,0,0,0,0,0,0,520217.46,0,0,534667.94,0,0,534667.94,0,0,620904.71,0,0,712890.59,0,0,802001.92,0,0,566119,0,0,712890.59,0,0,740309.46,0,0,740309.46,0,0,520217.46,0,0,520217.46,0,0,520217.46,0,0,520217.46,0,0,520217.46,0,0,520217.46,0,0,641601.53,0,0,663725.72,0,0,520217.46,0,0,520217.46,0,0,520217.46,0,0,520217.46,0,0,520217.46,0,0,520217.46,0,0,520217.46,0,0,520217.46,0,0,520217.46,0,0,520217.46,0,0,520217.46,0,0,549944.17,0,0,549944.17,0,0,520217.46,0,0,520217.46,0,0,520217.46,0,0,520217.46,0,0,520217.46,0,0,520217.46,0,0,520217.46,0,0,520217.46,0,0,520217.46,0,0,1924804.6,0,0,520217.46,0,0,520217.46,0,0,520217.46,0,0,601501.44,0,0,520217.46,0,0,601501.44,0,0,520217.46
both_sexes,0,0,2020-11-23,COVCKD,0,0,0,0,0,0,0,0,0,0,0,0,0,0,0,0,0,0,0,0,0,0,0,0,0,0,0,0,0,0,0,0,0,0,0,0,0,0,0,0,0,0,0,0,0,0,0,0,0,0,520217.46,0,0,534667.94,0,0,534667.94,0,0,620904.71,0,0,712890.59,0,0,802001.92,0,0,566119,0,0,712890.59,0,0,740309.46,0,0,740309.46,0,0,520217.46,0,0,520217.46,0,0,520217.46,0,0,520217.46,0,0,520217.46,0,0,520217.46,0,0,641601.53,0,0,663725.72,0,0,520217.46,0,0,520217.46,0,0,520217.46,0,0,520217.46,0,0,520217.46,0,0,520217.46,0,0,520217.46,0,0,520217.46,0,0,520217.46,0,0,520217.46,0,0,520217.46,0,0,549944.17,0,0,549944.17,0,0,520217.46,0,0,520217.46,0,0,520217.46,0,0,520217.46,0,0,520217.46,0,0,520217.46,0,0,520217.46,0,0,520217.46,0,0,520217.46,0,0,1924804.6,0,0,520217.46,0,0,520217.46,0,0,520217.46,0,0,601501.44,0,0,520217.46,0,0,601501.44,0,0,520217.46
both_sexes,0,0,2020-11-30,COVCKD,0,0,0,0,0,0,0,0,0,0,0,0,0,0,0,0,0,0,0,0,0,0,0,0,0,0,0,0,0,0,0,0,0,0,0,0,0,0,0,0,0,0,0,0,0,0,0,0,0,0,520217.46,0,0,534667.94,0,0,534667.94,0,0,620904.71,0,0,712890.59,0,0,802001.92,0,0,566119,0,0,712890.59,0,0,740309.46,0,0,740309.46,0,0,520217.46,0,0,520217.46,0,0,520217.46,0,0,520217.46,0,0,520217.46,0,0,520217.46,0,0,641601.53,0,0,663725.72,0,0,520217.46,0,0,520217.46,0,0,520217.46,0,0,520217.46,0,0,520217.46,0,0,520217.46,0,0,520217.46,0,0,520217.46,0,0,520217.46,0,0,520217.46,0,0,520217.46,0,0,549944.17,0,0,549944.17,0,0,520217.46,0,0,520217.46,0,0,520217.46,0,0,520217.46,0,0,520217.46,0,0,520217.46,0,0,520217.46,0,0,520217.46,0,0,520217.46,0,0,1924804.6,0,0,520217.46,0,0,520217.46,0,0,520217.46,0,0,601501.44,0,0,520217.46,0,0,601501.44,0,0,520217.46
both_sexes,0,0,2020-12-07,COVCKD,0,0,0,0,0,0,0,0,0,0,0,0,0,0,0,0,0,0,0,0,0,0,0,0,0,0,0,0,0,0,0,0,0,0,0,0,0,1,0,0,0,0,0,0,0,0,0,0,0,0,520217.46,0,0,534667.94,0,0,534667.94,0,0,620904.71,0,0,712890.59,0,0,802001.92,0,0,566119,0,0,712890.59,0,0,740309.46,0,0,740309.46,0,0,520217.46,0,0,520217.46,0,0,520217.46,0,0,520217.46,0,0,520217.46,0,0,520217.46,0,0,641601.53,0,0,663725.72,0,0,520217.46,0,0,520217.46,0,0,520217.46,0,0,520217.46,0,0,520217.46,0,0,520217.46,0,0,520217.46,0,0,520217.46,0,0,520217.46,0,0,520217.46,0,0,520217.46,0,0,549944.17,0,0,549944.17,0,0,520217.46,0,0,520217.46,0,0,520217.46,0,0,520217.46,0,0,520217.46,0,0,520217.46,0,0,520217.46,0,0,520217.46,0,0,520217.46,545149.25,13801.98,3037377.24,0,0,520217.46,0,0,520217.46,0,0,520217.46,0,0,601501.44,0,0,520217.46,0,0,601501.44,0,0,520217.46
both_sexes,0,0,2020-12-14,COVCKD,0,0,0,0,0,0,0,0,0,0,0,0,0,0,0,0,0,0,0,0,0,0,0,0,0,0,0,0,0,0,0,0,0,0,0,0,0,0,0,0,0,0,0,0,0,0,0,0,0,0,520217.46,0,0,534667.94,0,0,534667.94,0,0,620904.71,0,0,712890.59,0,0,802001.92,0,0,566119,0,0,712890.59,0,0,740309.46,0,0,740309.46,0,0,520217.46,0,0,520217.46,0,0,520217.46,0,0,520217.46,0,0,520217.46,0,0,520217.46,0,0,641601.53,0,0,663725.72,0,0,520217.46,0,0,520217.46,0,0,520217.46,0,0,520217.46,0,0,520217.46,0,0,520217.46,0,0,520217.46,0,0,520217.46,0,0,520217.46,0,0,520217.46,0,0,520217.46,0,0,549944.17,0,0,549944.17,0,0,520217.46,0,0,520217.46,0,0,520217.46,0,0,520217.46,0,0,520217.46,0,0,520217.46,0,0,520217.46,0,0,520217.46,0,0,520217.46,0,0,2138671.78,0,0,520217.46,0,0,520217.46,0,0,520217.46,0,0,601501.44,0,0,520217.46,0,0,601501.44,0,0,520217.46
both_sexes,0,0,2020-12-21,COVCKD,0,0,0,0,0,0,0,0,0,0,0,0,0,0,0,0,0,0,0,0,0,0,0,0,0,0,0,0,0,0,0,0,0,0,0,0,0,0,0,0,0,0,0,0,0,0,0,0,0,0,520217.46,0,0,534667.94,0,0,534667.94,0,0,620904.71,0,0,712890.59,0,0,802001.92,0,0,566119,0,0,712890.59,0,0,740309.46,0,0,740309.46,0,0,520217.46,0,0,520217.46,0,0,520217.46,0,0,520217.46,0,0,520217.46,0,0,520217.46,0,0,641601.53,0,0,663725.72,0,0,520217.46,0,0,520217.46,0,0,520217.46,0,0,520217.46,0,0,520217.46,0,0,520217.46,0,0,520217.46,0,0,520217.46,0,0,520217.46,0,0,520217.46,0,0,520217.46,0,0,549944.17,0,0,549944.17,0,0,520217.46,0,0,520217.46,0,0,520217.46,0,0,520217.46,0,0,520217.46,0,0,520217.46,0,0,520217.46,0,0,520217.46,0,0,520217.46,0,0,2138671.78,0,0,520217.46,0,0,520217.46,0,0,520217.46,0,0,601501.44,0,0,520217.46,0,0,601501.44,0,0,520217.46
both_sexes,0,0,2020-12-28,COVCKD,0,0,0,0,0,0,0,0,0,0,0,0,0,0,0,0,0,0,0,0,0,0,0,0,0,0,0,0,0,0,0,0,0,0,0,0,0,0,0,0,0,0,0,0,0,0,0,0,0,0,524265.84,0,0,538945.29,0,0,538945.29,0,0,626680.57,0,0,720515.09,0,0,811664.59,0,0,570916.62,0,0,720515.09,0,0,748535.12,0,0,748535.12,0,0,524265.84,0,0,524265.84,0,0,524265.84,0,0,524265.84,0,0,524265.84,0,0,524265.84,0,0,647770.78,0,0,670329.96,0,0,524265.84,0,0,524265.84,0,0,524265.84,0,0,524265.84,0,0,524265.84,0,0,524265.84,0,0,524265.84,0,0,524265.84,0,0,524265.84,0,0,524265.84,0,0,524265.84,0,0,554470.46,0,0,554470.46,0,0,524265.84,0,0,524265.84,0,0,524265.84,0,0,524265.84,0,0,524265.84,0,0,524265.84,0,0,524265.84,0,0,524265.84,0,0,524265.84,0,0,2208792.16,0,0,524265.84,0,0,524265.84,0,0,524265.84,0,0,606920.37,0,0,524265.84,0,0,606920.37,0,0,524265.84
both_sexes,0,0,2021-01-04,COVCKD,0,0,0,0,0,0,0,0,0,0,0,0,0,0,0,0,0,0,0,0,0,0,0,0,0,0,0,0,0,0,0,0,0,0,0,0,0,0,0,0,0,0,0,0,0,0,0,0,0,0,534667.94,0,0,549944.17,0,0,549944.17,0,0,641601.53,0,0,740309.46,0,0,836871.57,0,0,583274.12,0,0,740309.46,0,0,769921.84,0,0,769921.84,0,0,534667.94,0,0,534667.94,0,0,534667.94,0,0,534667.94,0,0,534667.94,0,0,534667.94,0,0,663725.72,0,0,687430.21,0,0,534667.94,0,0,534667.94,0,0,534667.94,0,0,534667.94,0,0,534667.94,0,0,534667.94,0,0,534667.94,0,0,534667.94,0,0,534667.94,0,0,534667.94,0,0,534667.94,0,0,566119,0,0,566119,0,0,534667.94,0,0,534667.94,0,0,534667.94,0,0,534667.94,0,0,534667.94,0,0,534667.94,0,0,534667.94,0,0,534667.94,0,0,534667.94,0,0,2406005.75,0,0,534667.94,0,0,534667.94,0,0,534667.94,0,0,620904.71,0,0,534667.94,0,0,620904.71,0,0,534667.94
both_sexes,0,0,2021-01-11,COVCKD,0,0,0,0,1,1,0,0,1,1,0,0,0,0,0,0,0,0,0,0,0,0,0,0,0,0,0,0,0,0,0,0,0,0,0,0,0,0,0,0,0,0,0,0,0,0,0,0,0,0,534667.94,0,0,549944.17,0,0,549944.17,0,0,641601.53,204050.28,5166.11,1136895.39,231170.89,5852.74,1288001.74,0,0,583274.12,0,0,740309.46,212354.65,5376.35,1183164.39,212354.65,5376.35,1183164.39,0,0,534667.94,0,0,534667.94,0,0,534667.94,0,0,534667.94,0,0,534667.94,0,0,534667.94,0,0,663725.72,0,0,687430.21,0,0,534667.94,0,0,534667.94,0,0,534667.94,0,0,534667.94,0,0,534667.94,0,0,534667.94,0,0,534667.94,0,0,534667.94,0,0,534667.94,0,0,534667.94,0,0,534667.94,0,0,566119,0,0,566119,0,0,534667.94,0,0,534667.94,0,0,534667.94,0,0,534667.94,0,0,534667.94,0,0,534667.94,0,0,534667.94,0,0,534667.94,0,0,534667.94,0,0,2406005.75,0,0,534667.94,0,0,534667.94,0,0,534667.94,0,0,620904.71,0,0,534667.94,0,0,620904.71,0,0,534667.94
both_sexes,0,0,2021-01-18,COVCKD,0,0,0,0,0,0,0,0,0,0,0,0,0,0,0,0,0,0,0,0,0,0,0,0,0,0,0,0,0,0,0,0,0,0,0,0,0,1,0,0,1,0,0,0,0,0,0,0,0,0,541109.73,0,0,556761.66,0,0,556761.66,0,0,650900.11,0,0,783350.71,0,0,892293.52,0,0,590948.78,0,0,752716.88,0,0,816583.77,0,0,816583.77,0,0,541109.73,0,0,541109.73,0,0,541109.73,0,0,541109.73,0,0,541109.73,0,0,541109.73,0,0,673681.61,0,0,687430.21,0,0,541109.73,0,0,541109.73,0,0,541109.73,0,0,541109.73,0,0,541109.73,0,0,541109.73,0,0,541109.73,0,0,541109.73,0,0,541109.73,0,0,541109.73,0,0,541109.73,0,0,573346.05,0,0,573346.05,0,0,541109.73,0,0,541109.73,0,0,541109.73,0,0,541109.73,0,0,541109.73,0,0,541109.73,0,0,541109.73,0,0,541109.73,0,0,541109.73,676388.89,17124.68,3768597.68,0,0,541109.73,0,0,541109.73,146686.75,3713.79,817286.24,0,0,629608.98,0,0,541109.73,0,0,629608.98,0,0,541109.73
both_sexes,0,0,2021-01-25,COVCKD,0,0,0,0,0,0,0,0,0,0,0,0,0,0,0,0,0,0,0,0,0,0,0,0,0,0,0,0,0,0,0,0,0,0,0,0,0,2,0,0,0,0,0,0,0,0,0,0,0,0,549944.17,0,0,566119,0,0,566119,0,0,663725.72,0,0,802001.92,0,0,916573.62,0,0,601501.44,0,0,769921.84,0,0,836871.57,0,0,836871.57,0,0,549944.17,0,0,549944.17,0,0,549944.17,0,0,549944.17,0,0,549944.17,0,0,549944.17,0,0,687430.21,0,0,687430.21,0,0,549944.17,0,0,549944.17,0,0,549944.17,0,0,549944.17,0,0,549944.17,0,0,549944.17,0,0,549944.17,0,0,549944.17,0,0,549944.17,0,0,549944.17,0,0,549944.17,0,0,583274.12,0,0,583274.12,0,0,549944.17,0,0,549944.17,0,0,549944.17,0,0,549944.17,0,0,549944.17,0,0,549944.17,0,0,549944.17,0,0,549944.17,0,0,549944.17,1739285.71,210635.57,6282898.03,0,0,549944.17,0,0,549944.17,0,0,549944.17,0,0,641601.53,0,0,549944.17,0,0,641601.53,0,0,549944.17
both_sexes,0,0,2021-02-01,COVCKD,0,0,0,0,0,0,0,0,0,0,0,0,0,0,0,0,0,0,0,0,0,0,0,0,0,0,0,0,0,0,0,0,0,0,0,0,0,1,0,0,0,0,0,0,0,0,0,0,0,0,566119,0,0,583274.12,0,0,573346.05,0,0,663725.72,0,0,836871.57,0,0,942212.04,0,0,620904.71,0,0,783350.71,0,0,858193.13,0,0,858193.13,0,0,566119,0,0,566119,0,0,566119,0,0,566119,0,0,566119,0,0,566119,0,0,698115.66,0,0,698115.66,0,0,566119,0,0,566119,0,0,566119,0,0,566119,0,0,566119,0,0,566119,0,0,566119,0,0,566119,0,0,566119,0,0,566119,0,0,566119,0,0,593552.08,0,0,593552.08,0,0,566119,0,0,566119,0,0,566119,0,0,566119,0,0,566119,0,0,566119,0,0,566119,0,0,566119,0,0,566119,1217500,30824.43,6783475.83,0,0,566119,0,0,566119,0,0,566119,0,0,654059.82,0,0,566119,0,0,654059.82,0,0,566119
both_sexes,0,0,2021-02-08,COVCKD,0,0,0,0,0,0,0,0,0,0,0,0,0,0,0,0,0,0,0,0,0,0,0,0,0,0,0,0,0,0,0,0,0,0,0,0,0,0,0,0,0,0,0,0,0,0,0,0,0,0,583274.12,0,0,601501.44,0,0,583274.12,0,0,663725.72,0,0,874911.18,0,0,962402.3,0,0,641601.53,0,0,802001.92,0,0,874911.18,0,0,874911.18,0,0,583274.12,0,0,583274.12,0,0,583274.12,0,0,583274.12,0,0,583274.12,0,0,583274.12,0,0,712890.59,0,0,712890.59,0,0,583274.12,0,0,583274.12,0,0,583274.12,0,0,583274.12,0,0,583274.12,0,0,583274.12,0,0,583274.12,0,0,583274.12,0,0,583274.12,0,0,583274.12,0,0,583274.12,0,0,601501.44,0,0,601501.44,0,0,583274.12,0,0,583274.12,0,0,583274.12,0,0,583274.12,0,0,583274.12,0,0,583274.12,0,0,583274.12,0,0,583274.12,0,0,583274.12,0,0,4812011.5,0,0,583274.12,0,0,583274.12,0,0,583274.12,0,0,663725.72,0,0,583274.12,0,0,663725.72,0,0,583274.12
both_sexes,0,0,2021-02-15,COVCKD,0,0,0,0,0,0,0,0,0,0,0,0,0,0,0,0,0,0,0,0,0,0,0,0,0,0,0,0,0,0,0,0,0,0,0,0,0,1,0,0,0,0,0,0,0,0,0,0,0,0,583274.12,0,0,601501.44,0,0,583274.12,0,0,663725.72,0,0,874911.18,0,0,962402.3,0,0,641601.53,0,0,802001.92,0,0,874911.18,0,0,874911.18,0,0,583274.12,0,0,583274.12,0,0,583274.12,0,0,583274.12,0,0,583274.12,0,0,583274.12,0,0,712890.59,0,0,712890.59,0,0,583274.12,0,0,583274.12,0,0,583274.12,0,0,583274.12,0,0,583274.12,0,0,583274.12,0,0,583274.12,0,0,583274.12,0,0,583274.12,0,0,583274.12,0,0,583274.12,0,0,601501.44,0,0,601501.44,0,0,583274.12,0,0,583274.12,0,0,583274.12,0,0,583274.12,0,0,583274.12,0,0,583274.12,0,0,583274.12,0,0,583274.12,0,0,583274.12,1304464.29,33026.18,7268009.82,0,0,583274.12,0,0,583274.12,0,0,583274.12,0,0,663725.72,0,0,583274.12,0,0,663725.72,0,0,583274.12
both_sexes,0,0,2021-02-22,COVCKD,0,0,0,0,1,1,0,0,0,0,0,0,0,0,0,0,0,0,0,0,0,0,0,0,0,0,0,0,0,0,0,0,0,0,0,0,0,0,0,0,0,0,0,0,0,0,0,0,0,0,585810.1,0,0,604198.75,0,0,585810.1,0,0,663725.72,240296.05,6083.77,1338843.91,264673.91,6700.96,1474668.66,0,0,644671.4,0,0,802001.92,0,0,874911.18,0,0,874911.18,0,0,585810.1,0,0,585810.1,0,0,585810.1,0,0,585810.1,0,0,585810.1,0,0,585810.1,0,0,716682.56,0,0,716682.56,0,0,585810.1,0,0,585810.1,0,0,585810.1,0,0,585810.1,0,0,585810.1,0,0,585810.1,0,0,585810.1,0,0,585810.1,0,0,585810.1,0,0,585810.1,0,0,585810.1,0,0,604198.75,0,0,604198.75,0,0,585810.1,0,0,585810.1,0,0,585810.1,0,0,585810.1,0,0,585810.1,0,0,585810.1,0,0,585810.1,0,0,585810.1,0,0,585810.1,0,0,6416015.34,0,0,585810.1,0,0,585810.1,0,0,585810.1,0,0,667011.5,0,0,585810.1,0,0,667011.5,0,0,585810.1
both_sexes,0,0,2021-03-01,COVCKD,0,0,0,0,0,0,0,0,0,0,0,0,0,0,0,0,0,0,0,0,0,0,0,0,0,0,0,0,0,0,0,0,0,0,0,0,0,0,0,0,0,0,0,0,0,0,0,0,0,0,609666.62,0,0,620904.71,0,0,609666.62,0,0,673681.61,0,0,962402.3,0,0,1069335.89,0,0,673681.61,0,0,816583.77,0,0,874911.18,0,0,874911.18,0,0,609666.62,0,0,609666.62,0,0,609666.62,0,0,609666.62,0,0,609666.62,0,0,609666.62,0,0,752716.88,0,0,752716.88,0,0,609666.62,0,0,609666.62,0,0,609666.62,0,0,609666.62,0,0,609666.62,0,0,609666.62,0,0,609666.62,0,0,609666.62,0,0,609666.62,0,0,609666.62,0,0,609666.62,0,0,629608.98,0,0,629608.98,0,0,609666.62,0,0,609666.62,0,0,609666.62,0,0,609666.62,0,0,609666.62,0,0,609666.62,0,0,609666.62,0,0,609666.62,0,0,609666.62,0,0,6416015.34,0,0,609666.62,0,0,609666.62,0,0,609666.62,0,0,698115.66,0,0,609666.62,0,0,698115.66,0,0,609666.62
both_sexes,0,0,2021-03-08,COVCKD,0,0,0,0,0,0,0,0,0,0,0,0,0,0,0,0,0,0,0,0,0,0,0,0,0,0,0,0,0,0,0,0,0,0,0,0,0,1,0,0,0,0,0,0,0,0,0,0,0,0,638560.77,0,0,638560.77,0,0,638560.77,0,0,709138.54,0,0,998046.83,0,0,1113523.32,0,0,694517.12,0,0,836871.57,0,0,898242.15,0,0,898242.15,0,0,638560.77,0,0,638560.77,0,0,638560.77,0,0,638560.77,0,0,638560.77,0,0,638560.77,0,0,797256.34,0,0,797256.34,0,0,638560.77,0,0,638560.77,0,0,638560.77,0,0,638560.77,0,0,638560.77,0,0,638560.77,0,0,638560.77,0,0,638560.77,0,0,638560.77,0,0,638560.77,0,0,638560.77,0,0,660472.17,0,0,660472.17,0,0,638560.77,0,0,638560.77,0,0,638560.77,0,0,638560.77,0,0,638560.77,0,0,638560.77,0,0,638560.77,0,0,638560.77,0,0,638560.77,2608928.57,66052.35,14536019.63,0,0,638560.77,0,0,638560.77,0,0,638560.77,0,0,720515.09,0,0,638560.77,0,0,720515.09,0,0,638560.77
both_sexes,0,0,2021-03-15,COVCKD,0,0,0,0,0,0,0,0,0,0,0,0,0,0,0,0,0,0,0,0,0,0,0,0,0,0,0,0,0,0,0,0,0,0,0,0,0,0,0,0,0,0,0,0,0,0,0,0,0,0,701751.68,0,0,701751.68,0,0,701751.68,0,0,787931.71,0,0,1069335.89,0,0,1203002.88,0,0,728304.44,0,0,858193.13,0,0,990708.25,0,0,990708.25,0,0,701751.68,0,0,701751.68,0,0,701751.68,0,0,701751.68,0,0,701751.68,0,0,701751.68,0,0,874911.18,0,0,874911.18,0,0,701751.68,0,0,701751.68,0,0,701751.68,0,0,701751.68,0,0,701751.68,0,0,701751.68,0,0,701751.68,0,0,701751.68,0,0,701751.68,0,0,701751.68,0,0,701751.68,0,0,728304.44,0,0,728304.44,0,0,701751.68,0,0,701751.68,0,0,701751.68,0,0,701751.68,0,0,701751.68,0,0,701751.68,0,0,701751.68,0,0,701751.68,0,0,701751.68,0,0,19248046.01,0,0,701751.68,0,0,701751.68,0,0,701751.68,0,0,756945.63,0,0,701751.68,0,0,756945.63,0,0,701751.68
both_sexes,0,0,2021-03-22,COVCKD,0,0,0,0,0,0,0,0,0,0,0,0,0,0,0,0,0,0,0,0,0,0,0,0,0,0,0,0,0,0,0,0,0,0,0,0,0,0,0,0,0,0,0,0,0,0,0,0,0,0,728304.44,0,0,728304.44,0,0,728304.44,0,0,821562.94,0,0,1086583.24,0,0,1224875.66,0,0,748535.12,0,0,874911.18,0,0,1028521.54,0,0,1028521.54,0,0,728304.44,0,0,728304.44,0,0,728304.44,0,0,728304.44,0,0,728304.44,0,0,728304.44,0,0,898242.15,0,0,898242.15,0,0,728304.44,0,0,728304.44,0,0,728304.44,0,0,728304.44,0,0,728304.44,0,0,728304.44,0,0,728304.44,0,0,728304.44,0,0,728304.44,0,0,728304.44,0,0,728304.44,0,0,756945.63,0,0,756945.63,0,0,728304.44,0,0,728304.44,0,0,728304.44,0,0,728304.44,0,0,728304.44,0,0,728304.44,0,0,728304.44,0,0,728304.44,0,0,728304.44,0,0,19248046.01,0,0,728304.44,0,0,728304.44,0,0,728304.44,0,0,778822.67,0,0,728304.44,0,0,778822.67,0,0,728304.44
both_sexes,0,0,2021-03-29,COVCKD,0,0,0,1,0,0,0,0,0,0,0,0,0,0,0,0,0,0,0,0,0,0,0,0,0,0,0,0,0,0,0,0,0,0,0,0,0,0,0,0,0,0,0,0,0,0,0,0,0,0,922851.52,0,0,922851.52,0,0,922851.52,287598.43,7281.36,1602395.86,0,0,1334022.99,0,0,1433365.13,0,0,922851.52,0,0,1077890.58,0,0,1334022.99,0,0,1334022.99,0,0,922851.52,0,0,922851.52,0,0,922851.52,0,0,922851.52,0,0,922851.52,0,0,922851.52,0,0,1213840.74,0,0,1213840.74,0,0,922851.52,0,0,922851.52,0,0,922851.52,0,0,922851.52,0,0,922851.52,0,0,922851.52,0,0,922851.52,0,0,922851.52,0,0,922851.52,0,0,922851.52,0,0,922851.52,0,0,969326.06,0,0,969326.06,0,0,922851.52,0,0,922851.52,0,0,922851.52,0,0,922851.52,0,0,922851.52,0,0,922851.52,0,0,922851.52,0,0,922851.52,0,0,922851.52,0,0,44912107.35,0,0,922851.52,0,0,922851.52,0,0,922851.52,0,0,969326.06,0,0,922851.52,0,0,969326.06,0,0,922851.52
both_sexes,0,0,2021-04-05,COVCKD,0,0,0,0,0,0,0,0,0,0,0,0,0,0,0,0,0,0,0,0,0,0,0,0,0,0,0,0,0,0,0,0,0,0,0,0,0,0,0,0,0,0,0,0,0,0,0,0,0,0,1151592.5,0,0,1151592.5,0,0,1151592.5,0,0,1360972.95,0,0,1684204.03,0,0,1845703.04,0,0,1151592.5,0,0,1360972.95,0,0,1663411.38,0,0,1663411.38,0,0,1151592.5,0,0,1151592.5,0,0,1151592.5,0,0,1151592.5,0,0,1151592.5,0,0,1151592.5,0,0,1548693.36,0,0,1548693.36,0,0,1151592.5,0,0,1151592.5,0,0,1151592.5,0,0,1151592.5,0,0,1151592.5,0,0,1151592.5,0,0,1151592.5,0,0,1151592.5,0,0,1151592.5,0,0,1151592.5,0,0,1151592.5,0,0,1192356.83,0,0,1192356.83,0,0,1151592.5,0,0,1151592.5,0,0,1151592.5,0,0,1151592.5,0,0,1151592.5,0,0,1151592.5,0,0,1151592.5,0,0,1151592.5,0,0,1151592.5,,,0,0,0,1151592.5,0,0,1151592.5,0,0,1151592.5,0,0,1192356.83,0,0,1151592.5,0,0,1192356.83,0,0,1151592.5
both_sexes,0,0,2021-04-12,COVCKD,0,0,0,0,0,0,0,0,0,0,0,0,0,0,0,0,0,0,0,0,0,0,0,0,0,0,0,0,0,0,0,0,0,0,0,0,0,0,0,0,0,0,0,0,0,0,0,0,0,0,1604003.83,0,0,1604003.83,0,0,1604003.83,0,0,1897694.68,0,0,2694726.44,0,0,2994140.49,0,0,1604003.83,0,0,1924804.6,0,0,2363795.12,0,0,2363795.12,0,0,1604003.83,0,0,1604003.83,0,0,1604003.83,0,0,1604003.83,0,0,1604003.83,0,0,1604003.83,0,0,2406005.75,0,0,2406005.75,0,0,1604003.83,0,0,1604003.83,0,0,1604003.83,0,0,1604003.83,0,0,1604003.83,0,0,1604003.83,0,0,1604003.83,0,0,1604003.83,0,0,1604003.83,0,0,1604003.83,0,0,1604003.83,0,0,1604003.83,0,0,1604003.83,0,0,1604003.83,0,0,1604003.83,0,0,1604003.83,0,0,1604003.83,0,0,1604003.83,0,0,1604003.83,0,0,1604003.83,0,0,1604003.83,0,0,1604003.83,,,0,0,0,1604003.83,0,0,1604003.83,0,0,1604003.83,0,0,1604003.83,0,0,1604003.83,0,0,1604003.83,0,0,1604003.83
both_sexes,0,0,2021-04-19,COVCKD,0,0,0,0,0,0,0,0,0,0,0,0,0,0,0,0,0,0,0,0,0,0,0,0,0,0,0,0,0,0,0,0,0,0,0,0,0,0,0,0,0,0,0,0,0,0,0,0,0,0,2323040.04,0,0,2323040.04,0,0,2323040.04,0,0,2641888.67,0,0,3849609.2,0,0,3849609.2,0,0,2323040.04,0,0,2749720.86,0,0,3208007.67,0,0,3208007.67,0,0,2323040.04,0,0,2323040.04,0,0,2323040.04,0,0,2323040.04,0,0,2323040.04,0,0,2323040.04,0,0,3849609.2,0,0,3849609.2,0,0,2323040.04,0,0,2323040.04,0,0,2323040.04,0,0,2323040.04,0,0,2323040.04,0,0,2323040.04,0,0,2323040.04,0,0,2323040.04,0,0,2323040.04,0,0,2323040.04,0,0,2323040.04,0,0,2323040.04,0,0,2323040.04,0,0,2323040.04,0,0,2323040.04,0,0,2323040.04,0,0,2323040.04,0,0,2323040.04,0,0,2323040.04,0,0,2323040.04,0,0,2323040.04,0,0,2323040.04,,,0,0,0,2323040.04,0,0,2323040.04,0,0,2323040.04,0,0,2323040.04,0,0,2323040.04,0,0,2323040.04,0,0,2323040.04
both_sexes,0,0,2021-04-26,COVCKD,0,0,0,0,0,0,0,0,0,0,0,0,0,0,0,0,0,0,0,0,0,0,0,0,0,0,0,0,0,0,0,0,0,0,0,0,0,0,0,0,0,0,0,0,0,0,0,0,0,0,3641522.22,0,0,3641522.22,0,0,3641522.22,0,0,4491210.74,0,0,8421020.13,0,0,8421020.13,0,0,3641522.22,0,0,4491210.74,0,0,5858100.96,0,0,5858100.96,0,0,3641522.22,0,0,3641522.22,0,0,3641522.22,0,0,3641522.22,0,0,3641522.22,0,0,3641522.22,0,0,5858100.96,0,0,5858100.96,0,0,3641522.22,0,0,3641522.22,0,0,3641522.22,0,0,3641522.22,0,0,3641522.22,0,0,3641522.22,0,0,3641522.22,0,0,3641522.22,0,0,3641522.22,0,0,3641522.22,0,0,3641522.22,0,0,3641522.22,0,0,3641522.22,0,0,3641522.22,0,0,3641522.22,0,0,3641522.22,0,0,3641522.22,0,0,3641522.22,0,0,3641522.22,0,0,3641522.22,0,0,3641522.22,0,0,3641522.22,,,0,0,0,3641522.22,0,0,3641522.22,0,0,3641522.22,0,0,3641522.22,0,0,3641522.22,0,0,3641522.22,0,0,3641522.22
both_sexes,0,0,2021-05-03,COVCKD,0,0,0,0,0,0,0,0,0,0,0,0,0,0,0,0,0,0,0,0,0,0,0,0,0,0,0,0,0,0,0,0,0,0,0,0,0,0,0,0,0,0,0,0,0,0,0,0,0,0,3849609.2,0,0,3849609.2,0,0,3849609.2,0,0,4812011.5,0,0,9624023,0,0,9624023,0,0,3849609.2,0,0,4812011.5,0,0,6416015.34,0,0,6416015.34,0,0,3849609.2,0,0,3849609.2,0,0,3849609.2,0,0,3849609.2,0,0,3849609.2,0,0,3849609.2,0,0,6416015.34,0,0,6416015.34,0,0,3849609.2,0,0,3849609.2,0,0,3849609.2,0,0,3849609.2,0,0,3849609.2,0,0,3849609.2,0,0,3849609.2,0,0,3849609.2,0,0,3849609.2,0,0,3849609.2,0,0,3849609.2,0,0,3849609.2,0,0,3849609.2,0,0,3849609.2,0,0,3849609.2,0,0,3849609.2,0,0,3849609.2,0,0,3849609.2,0,0,3849609.2,0,0,3849609.2,0,0,3849609.2,0,0,3849609.2,,,0,0,0,3849609.2,0,0,3849609.2,0,0,3849609.2,0,0,3849609.2,0,0,3849609.2,0,0,3849609.2,0,0,3849609.2
both_sexes,0,0,2021-05-10,COVCKD,0,0,0,0,0,0,0,0,0,0,0,0,0,0,0,0,0,0,0,0,0,0,0,0,0,0,0,0,0,0,0,0,0,0,0,0,0,0,0,0,0,0,0,0,0,0,0,0,0,0,4210510.06,0,0,4210510.06,0,0,4210510.06,0,0,5389452.88,0,0,9624023,0,0,9624023,0,0,4210510.06,0,0,5389452.88,0,0,6416015.34,0,0,6416015.34,0,0,4210510.06,0,0,4210510.06,0,0,4210510.06,0,0,4210510.06,0,0,4210510.06,0,0,4210510.06,0,0,7485351.23,0,0,7485351.23,0,0,4210510.06,0,0,4210510.06,0,0,4210510.06,0,0,4210510.06,0,0,4210510.06,0,0,4210510.06,0,0,4210510.06,0,0,4210510.06,0,0,4210510.06,0,0,4210510.06,0,0,4210510.06,0,0,4210510.06,0,0,4210510.06,0,0,4210510.06,0,0,4210510.06,0,0,4210510.06,0,0,4210510.06,0,0,4210510.06,0,0,4210510.06,0,0,4210510.06,0,0,4210510.06,0,0,4210510.06,,,0,0,0,4210510.06,0,0,4210510.06,0,0,4210510.06,0,0,4210510.06,0,0,4210510.06,0,0,4210510.06,0,0,4210510.06
both_sexes,0,0,2021-05-17,COVCKD,0,0,0,0,0,0,0,0,0,0,0,0,0,0,0,0,0,0,0,0,0,0,0,0,0,0,0,0,0,0,0,0,0,0,0,0,0,0,0,0,0,0,0,0,0,0,0,0,0,0,4812011.5,0,0,4812011.5,0,0,4812011.5,0,0,6416015.34,0,0,9624023,0,0,9624023,0,0,4812011.5,0,0,6416015.34,0,0,6416015.34,0,0,6416015.34,0,0,4812011.5,0,0,4812011.5,0,0,4812011.5,0,0,4812011.5,0,0,4812011.5,0,0,4812011.5,0,0,9624023,0,0,9624023,0,0,4812011.5,0,0,4812011.5,0,0,4812011.5,0,0,4812011.5,0,0,4812011.5,0,0,4812011.5,0,0,4812011.5,0,0,4812011.5,0,0,4812011.5,0,0,4812011.5,0,0,4812011.5,0,0,4812011.5,0,0,4812011.5,0,0,4812011.5,0,0,4812011.5,0,0,4812011.5,0,0,4812011.5,0,0,4812011.5,0,0,4812011.5,0,0,4812011.5,0,0,4812011.5,0,0,4812011.5,,,0,0,0,4812011.5,0,0,4812011.5,0,0,4812011.5,0,0,4812011.5,0,0,4812011.5,0,0,4812011.5,0,0,4812011.5
both_sexes,0,0,2021-05-24,COVCKD,0,0,0,0,0,0,0,0,0,0,0,0,0,0,0,0,0,0,0,0,0,0,0,0,0,0,0,0,0,0,0,0,0,0,0,0,0,0,0,0,0,0,0,0,0,0,0,0,0,0,4812011.5,0,0,4812011.5,0,0,4812011.5,0,0,6416015.34,0,0,9624023,0,0,9624023,0,0,4812011.5,0,0,6416015.34,0,0,6416015.34,0,0,6416015.34,0,0,4812011.5,0,0,4812011.5,0,0,4812011.5,0,0,4812011.5,0,0,4812011.5,0,0,4812011.5,0,0,9624023,0,0,9624023,0,0,4812011.5,0,0,4812011.5,0,0,4812011.5,0,0,4812011.5,0,0,4812011.5,0,0,4812011.5,0,0,4812011.5,0,0,4812011.5,0,0,4812011.5,0,0,4812011.5,0,0,4812011.5,0,0,4812011.5,0,0,4812011.5,0,0,4812011.5,0,0,4812011.5,0,0,4812011.5,0,0,4812011.5,0,0,4812011.5,0,0,4812011.5,0,0,4812011.5,0,0,4812011.5,0,0,4812011.5,,,0,0,0,4812011.5,0,0,4812011.5,0,0,4812011.5,0,0,4812011.5,0,0,4812011.5,0,0,4812011.5,0,0,4812011.5
both_sexes,0,0,2021-05-31,COVCKD,0,0,0,0,1,1,0,0,0,0,0,0,0,0,0,0,1,1,0,0,0,0,0,0,0,0,0,0,0,0,0,0,0,0,0,0,0,0,0,0,0,0,0,0,0,0,0,0,0,0,4812011.5,0,0,4812011.5,0,0,4812011.5,0,0,6416015.34,3043750,77061.08,16958689.57,3043750,77061.08,16958689.57,0,0,4812011.5,0,0,6416015.34,0,0,6416015.34,0,0,6416015.34,0,0,4812011.5,0,0,4812011.5,0,0,4812011.5,0,0,4812011.5,0,0,4812011.5,0,0,4812011.5,3043750,77061.08,16958689.57,3043750,77061.08,16958689.57,0,0,4812011.5,0,0,4812011.5,0,0,4812011.5,0,0,4812011.5,0,0,4812011.5,0,0,4812011.5,0,0,4812011.5,0,0,4812011.5,0,0,4812011.5,0,0,4812011.5,0,0,4812011.5,0,0,4812011.5,0,0,4812011.5,0,0,4812011.5,0,0,4812011.5,0,0,4812011.5,0,0,4812011.5,0,0,4812011.5,0,0,4812011.5,0,0,4812011.5,0,0,4812011.5,0,0,4812011.5,,,0,0,0,4812011.5,0,0,4812011.5,0,0,4812011.5,0,0,4812011.5,0,0,4812011.5,0,0,4812011.5,0,0,4812011.5
both_sexes,0,0,2021-06-07,COVCKD,0,0,0,0,0,0,0,0,0,0,0,0,0,0,0,0,0,0,0,0,0,0,0,0,0,0,0,0,0,0,0,0,0,0,0,0,0,0,0,0,0,0,0,0,0,0,0,0,0,0,4812011.5,0,0,4812011.5,0,0,4812011.5,0,0,6416015.34,0,0,19248046.01,0,0,19248046.01,0,0,4812011.5,0,0,6416015.34,0,0,6416015.34,0,0,6416015.34,0,0,4812011.5,0,0,4812011.5,0,0,4812011.5,0,0,4812011.5,0,0,4812011.5,0,0,4812011.5,0,0,19248046.01,0,0,19248046.01,0,0,4812011.5,0,0,4812011.5,0,0,4812011.5,0,0,4812011.5,0,0,4812011.5,0,0,4812011.5,0,0,4812011.5,0,0,4812011.5,0,0,4812011.5,0,0,4812011.5,0,0,4812011.5,0,0,4812011.5,0,0,4812011.5,0,0,4812011.5,0,0,4812011.5,0,0,4812011.5,0,0,4812011.5,0,0,4812011.5,0,0,4812011.5,0,0,4812011.5,0,0,4812011.5,0,0,4812011.5,,,0,0,0,4812011.5,0,0,4812011.5,0,0,4812011.5,0,0,4812011.5,0,0,4812011.5,0,0,4812011.5,0,0,4812011.5
both_sexes,0,0,2021-06-14,COVCKD,0,0,0,0,0,0,0,0,0,0,0,0,0,0,0,0,0,0,0,0,0,0,0,0,0,0,0,0,0,0,0,0,0,0,0,0,0,0,0,0,0,0,0,0,0,0,0,0,0,0,4812011.5,0,0,4812011.5,0,0,4812011.5,0,0,6416015.34,0,0,19248046.01,0,0,19248046.01,0,0,4812011.5,0,0,6416015.34,0,0,6416015.34,0,0,6416015.34,0,0,4812011.5,0,0,4812011.5,0,0,4812011.5,0,0,4812011.5,0,0,4812011.5,0,0,4812011.5,0,0,19248046.01,0,0,19248046.01,0,0,4812011.5,0,0,4812011.5,0,0,4812011.5,0,0,4812011.5,0,0,4812011.5,0,0,4812011.5,0,0,4812011.5,0,0,4812011.5,0,0,4812011.5,0,0,4812011.5,0,0,4812011.5,0,0,4812011.5,0,0,4812011.5,0,0,4812011.5,0,0,4812011.5,0,0,4812011.5,0,0,4812011.5,0,0,4812011.5,0,0,4812011.5,0,0,4812011.5,0,0,4812011.5,0,0,4812011.5,,,0,0,0,4812011.5,0,0,4812011.5,0,0,4812011.5,0,0,4812011.5,0,0,4812011.5,0,0,4812011.5,0,0,4812011.5
both_sexes,0,0,2021-06-21,COVCKD,0,0,0,0,0,0,0,0,0,0,0,0,0,0,0,0,0,0,0,0,0,0,0,0,0,0,0,0,0,0,0,0,0,0,0,0,0,0,0,0,0,0,0,0,0,0,0,0,0,0,4812011.5,0,0,4812011.5,0,0,4812011.5,0,0,6416015.34,0,0,19248046.01,0,0,19248046.01,0,0,4812011.5,0,0,6416015.34,0,0,6416015.34,0,0,6416015.34,0,0,4812011.5,0,0,4812011.5,0,0,4812011.5,0,0,4812011.5,0,0,4812011.5,0,0,4812011.5,0,0,19248046.01,0,0,19248046.01,0,0,4812011.5,0,0,4812011.5,0,0,4812011.5,0,0,4812011.5,0,0,4812011.5,0,0,4812011.5,0,0,4812011.5,0,0,4812011.5,0,0,4812011.5,0,0,4812011.5,0,0,4812011.5,0,0,4812011.5,0,0,4812011.5,0,0,4812011.5,0,0,4812011.5,0,0,4812011.5,0,0,4812011.5,0,0,4812011.5,0,0,4812011.5,0,0,4812011.5,0,0,4812011.5,0,0,4812011.5,,,0,0,0,4812011.5,0,0,4812011.5,0,0,4812011.5,0,0,4812011.5,0,0,4812011.5,0,0,4812011.5,0,0,4812011.5
both_sexes,0,0,2021-06-28,COVCKD,0,0,0,0,0,0,0,0,0,0,0,0,0,0,0,0,0,0,0,0,0,0,0,0,0,0,0,0,0,0,0,0,0,0,0,0,0,0,0,0,0,0,0,0,0,0,0,0,0,0,11228026.84,0,0,11228026.84,0,0,11228026.84,0,0,14970702.45,0,0,44912107.35,0,0,44912107.35,0,0,11228026.84,0,0,14970702.45,0,0,14970702.45,0,0,14970702.45,0,0,11228026.84,0,0,11228026.84,0,0,11228026.84,0,0,11228026.84,0,0,11228026.84,0,0,11228026.84,0,0,44912107.35,0,0,44912107.35,0,0,11228026.84,0,0,11228026.84,0,0,11228026.84,0,0,11228026.84,0,0,11228026.84,0,0,11228026.84,0,0,11228026.84,0,0,11228026.84,0,0,11228026.84,0,0,11228026.84,0,0,11228026.84,0,0,11228026.84,0,0,11228026.84,0,0,11228026.84,0,0,11228026.84,0,0,11228026.84,0,0,11228026.84,0,0,11228026.84,0,0,11228026.84,0,0,11228026.84,0,0,11228026.84,0,0,11228026.84,,,0,0,0,11228026.84,0,0,11228026.84,0,0,11228026.84,0,0,11228026.84,0,0,11228026.84,0,0,11228026.84,0,0,11228026.84
both_sexes,1,AstraZeneca,2021-04-05,COVCKD,0,0,0,0,0,0,0,0,0,0,0,0,0,0,0,0,0,0,0,0,0,0,0,0,0,0,0,0,0,0,0,0,0,0,0,0,0,0,0,0,0,0,0,0,0,0,0,0,0,0,33684080.52,0,0,33684080.52,0,0,33684080.52,0,0,33684080.52,0,0,33684080.52,0,0,33684080.52,0,0,33684080.52,0,0,33684080.52,0,0,33684080.52,0,0,33684080.52,0,0,33684080.52,0,0,33684080.52,0,0,33684080.52,0,0,33684080.52,0,0,33684080.52,0,0,33684080.52,0,0,33684080.52,0,0,33684080.52,0,0,33684080.52,0,0,33684080.52,0,0,33684080.52,0,0,33684080.52,0,0,33684080.52,0,0,33684080.52,0,0,33684080.52,0,0,33684080.52,0,0,33684080.52,0,0,33684080.52,0,0,33684080.52,0,0,33684080.52,0,0,33684080.52,0,0,33684080.52,0,0,33684080.52,0,0,33684080.52,0,0,33684080.52,0,0,33684080.52,0,0,33684080.52,0,0,33684080.52,0,0,33684080.52,0,0,33684080.52,,,0,0,0,33684080.52,0,0,33684080.52,0,0,33684080.52,0,0,33684080.52,0,0,33684080.52,0,0,33684080.52,0,0,33684080.52
both_sexes,1,AstraZeneca,2021-04-12,COVCKD,0,0,0,0,0,0,0,0,0,0,0,0,0,0,0,0,0,0,0,0,0,0,0,0,0,0,0,0,0,0,0,0,0,0,0,0,0,0,0,0,0,0,0,0,0,0,0,0,0,0,19248046.01,0,0,19248046.01,0,0,19248046.01,0,0,19248046.01,0,0,19248046.01,0,0,19248046.01,0,0,19248046.01,0,0,19248046.01,0,0,19248046.01,0,0,19248046.01,0,0,19248046.01,0,0,19248046.01,0,0,19248046.01,0,0,19248046.01,0,0,19248046.01,0,0,19248046.01,0,0,19248046.01,0,0,19248046.01,0,0,19248046.01,0,0,19248046.01,0,0,19248046.01,0,0,19248046.01,0,0,19248046.01,0,0,19248046.01,0,0,19248046.01,0,0,19248046.01,0,0,19248046.01,0,0,19248046.01,0,0,19248046.01,0,0,19248046.01,0,0,19248046.01,0,0,19248046.01,0,0,19248046.01,0,0,19248046.01,0,0,19248046.01,0,0,19248046.01,0,0,19248046.01,0,0,19248046.01,0,0,19248046.01,0,0,19248046.01,,,0,0,0,19248046.01,0,0,19248046.01,0,0,19248046.01,0,0,19248046.01,0,0,19248046.01,0,0,19248046.01,0,0,19248046.01
both_sexes,1,AstraZeneca,2021-04-19,COVCKD,0,0,0,0,0,0,0,0,0,0,0,0,0,0,0,0,0,0,0,0,0,0,0,0,0,0,0,0,0,0,0,0,0,0,0,0,0,0,0,0,0,0,0,0,0,0,0,0,0,0,19248046.01,0,0,19248046.01,0,0,19248046.01,0,0,19248046.01,0,0,19248046.01,0,0,19248046.01,0,0,19248046.01,0,0,19248046.01,0,0,19248046.01,0,0,19248046.01,0,0,19248046.01,0,0,19248046.01,0,0,19248046.01,0,0,19248046.01,0,0,19248046.01,0,0,19248046.01,0,0,19248046.01,0,0,19248046.01,0,0,19248046.01,0,0,19248046.01,0,0,19248046.01,0,0,19248046.01,0,0,19248046.01,0,0,19248046.01,0,0,19248046.01,0,0,19248046.01,0,0,19248046.01,0,0,19248046.01,0,0,19248046.01,0,0,19248046.01,0,0,19248046.01,0,0,19248046.01,0,0,19248046.01,0,0,19248046.01,0,0,19248046.01,0,0,19248046.01,0,0,19248046.01,0,0,19248046.01,0,0,19248046.01,0,0,19248046.01,,,0,0,0,19248046.01,0,0,19248046.01,0,0,19248046.01,0,0,19248046.01,0,0,19248046.01,0,0,19248046.01,0,0,19248046.01
both_sexes,1,AstraZeneca,2021-04-26,COVCKD,0,0,0,0,0,0,0,0,0,0,0,0,0,0,0,0,0,0,0,0,0,0,0,0,0,0,0,0,0,0,0,0,0,0,0,0,0,0,0,0,0,0,0,0,0,0,0,0,0,0,19248046.01,0,0,19248046.01,0,0,19248046.01,0,0,19248046.01,0,0,19248046.01,0,0,19248046.01,0,0,19248046.01,0,0,19248046.01,0,0,19248046.01,0,0,19248046.01,0,0,19248046.01,0,0,19248046.01,0,0,19248046.01,0,0,19248046.01,0,0,19248046.01,0,0,19248046.01,0,0,19248046.01,0,0,19248046.01,0,0,19248046.01,0,0,19248046.01,0,0,19248046.01,0,0,19248046.01,0,0,19248046.01,0,0,19248046.01,0,0,19248046.01,0,0,19248046.01,0,0,19248046.01,0,0,19248046.01,0,0,19248046.01,0,0,19248046.01,0,0,19248046.01,0,0,19248046.01,0,0,19248046.01,0,0,19248046.01,0,0,19248046.01,0,0,19248046.01,0,0,19248046.01,0,0,19248046.01,0,0,19248046.01,0,0,19248046.01,,,0,0,0,19248046.01,0,0,19248046.01,0,0,19248046.01,0,0,19248046.01,0,0,19248046.01,0,0,19248046.01,0,0,19248046.01
both_sexes,1,AstraZeneca,2021-05-03,COVCKD,0,0,0,0,0,0,0,0,0,0,0,0,0,0,0,0,0,0,0,0,0,0,0,0,0,0,0,0,0,0,0,0,0,0,0,0,0,0,0,0,0,0,0,0,0,0,0,0,0,0,19248046.01,0,0,19248046.01,0,0,19248046.01,0,0,19248046.01,0,0,19248046.01,0,0,19248046.01,0,0,19248046.01,0,0,19248046.01,0,0,19248046.01,0,0,19248046.01,0,0,19248046.01,0,0,19248046.01,0,0,19248046.01,0,0,19248046.01,0,0,19248046.01,0,0,19248046.01,0,0,19248046.01,0,0,19248046.01,0,0,19248046.01,0,0,19248046.01,0,0,19248046.01,0,0,19248046.01,0,0,19248046.01,0,0,19248046.01,0,0,19248046.01,0,0,19248046.01,0,0,19248046.01,0,0,19248046.01,0,0,19248046.01,0,0,19248046.01,0,0,19248046.01,0,0,19248046.01,0,0,19248046.01,0,0,19248046.01,0,0,19248046.01,0,0,19248046.01,0,0,19248046.01,0,0,19248046.01,0,0,19248046.01,0,0,19248046.01,,,0,0,0,19248046.01,0,0,19248046.01,0,0,19248046.01,0,0,19248046.01,0,0,19248046.01,0,0,19248046.01,0,0,19248046.01
both_sexes,1,AstraZeneca,2021-05-10,COVCKD,0,0,0,0,0,0,0,0,0,0,0,0,0,0,0,0,0,0,0,0,0,0,0,0,0,0,0,0,0,0,0,0,0,0,0,0,0,0,0,0,0,0,0,0,0,0,0,0,0,0,19248046.01,0,0,19248046.01,0,0,19248046.01,0,0,19248046.01,0,0,19248046.01,0,0,19248046.01,0,0,19248046.01,0,0,19248046.01,0,0,19248046.01,0,0,19248046.01,0,0,19248046.01,0,0,19248046.01,0,0,19248046.01,0,0,19248046.01,0,0,19248046.01,0,0,19248046.01,0,0,19248046.01,0,0,19248046.01,0,0,19248046.01,0,0,19248046.01,0,0,19248046.01,0,0,19248046.01,0,0,19248046.01,0,0,19248046.01,0,0,19248046.01,0,0,19248046.01,0,0,19248046.01,0,0,19248046.01,0,0,19248046.01,0,0,19248046.01,0,0,19248046.01,0,0,19248046.01,0,0,19248046.01,0,0,19248046.01,0,0,19248046.01,0,0,19248046.01,0,0,19248046.01,0,0,19248046.01,0,0,19248046.01,0,0,19248046.01,,,0,0,0,19248046.01,0,0,19248046.01,0,0,19248046.01,0,0,19248046.01,0,0,19248046.01,0,0,19248046.01,0,0,19248046.01
both_sexes,1,AstraZeneca,2021-05-17,COVCKD,0,0,0,0,0,0,0,0,0,0,0,0,0,0,0,0,0,0,0,0,0,0,0,0,0,0,0,0,0,0,0,0,0,0,0,0,0,0,0,0,0,0,0,0,0,0,0,0,0,0,19248046.01,0,0,19248046.01,0,0,19248046.01,0,0,19248046.01,0,0,19248046.01,0,0,19248046.01,0,0,19248046.01,0,0,19248046.01,0,0,19248046.01,0,0,19248046.01,0,0,19248046.01,0,0,19248046.01,0,0,19248046.01,0,0,19248046.01,0,0,19248046.01,0,0,19248046.01,0,0,19248046.01,0,0,19248046.01,0,0,19248046.01,0,0,19248046.01,0,0,19248046.01,0,0,19248046.01,0,0,19248046.01,0,0,19248046.01,0,0,19248046.01,0,0,19248046.01,0,0,19248046.01,0,0,19248046.01,0,0,19248046.01,0,0,19248046.01,0,0,19248046.01,0,0,19248046.01,0,0,19248046.01,0,0,19248046.01,0,0,19248046.01,0,0,19248046.01,0,0,19248046.01,0,0,19248046.01,0,0,19248046.01,0,0,19248046.01,,,0,0,0,19248046.01,0,0,19248046.01,0,0,19248046.01,0,0,19248046.01,0,0,19248046.01,0,0,19248046.01,0,0,19248046.01
both_sexes,1,AstraZeneca,2021-05-24,COVCKD,0,0,0,0,0,0,0,0,0,0,0,0,0,0,0,0,0,0,0,0,0,0,0,0,0,0,0,0,0,0,0,0,0,0,0,0,0,0,0,0,0,0,0,0,0,0,0,0,0,0,19248046.01,0,0,19248046.01,0,0,19248046.01,0,0,19248046.01,0,0,19248046.01,0,0,19248046.01,0,0,19248046.01,0,0,19248046.01,0,0,19248046.01,0,0,19248046.01,0,0,19248046.01,0,0,19248046.01,0,0,19248046.01,0,0,19248046.01,0,0,19248046.01,0,0,19248046.01,0,0,19248046.01,0,0,19248046.01,0,0,19248046.01,0,0,19248046.01,0,0,19248046.01,0,0,19248046.01,0,0,19248046.01,0,0,19248046.01,0,0,19248046.01,0,0,19248046.01,0,0,19248046.01,0,0,19248046.01,0,0,19248046.01,0,0,19248046.01,0,0,19248046.01,0,0,19248046.01,0,0,19248046.01,0,0,19248046.01,0,0,19248046.01,0,0,19248046.01,0,0,19248046.01,0,0,19248046.01,0,0,19248046.01,0,0,19248046.01,,,0,0,0,19248046.01,0,0,19248046.01,0,0,19248046.01,0,0,19248046.01,0,0,19248046.01,0,0,19248046.01,0,0,19248046.01
both_sexes,1,AstraZeneca,2021-05-31,COVCKD,0,0,0,0,0,0,0,0,0,0,0,0,0,0,0,0,0,0,0,0,0,0,0,0,0,0,0,0,0,0,0,0,0,0,0,0,0,0,0,0,0,0,0,0,0,0,0,0,0,0,19248046.01,0,0,19248046.01,0,0,19248046.01,0,0,19248046.01,0,0,19248046.01,0,0,19248046.01,0,0,19248046.01,0,0,19248046.01,0,0,19248046.01,0,0,19248046.01,0,0,19248046.01,0,0,19248046.01,0,0,19248046.01,0,0,19248046.01,0,0,19248046.01,0,0,19248046.01,0,0,19248046.01,0,0,19248046.01,0,0,19248046.01,0,0,19248046.01,0,0,19248046.01,0,0,19248046.01,0,0,19248046.01,0,0,19248046.01,0,0,19248046.01,0,0,19248046.01,0,0,19248046.01,0,0,19248046.01,0,0,19248046.01,0,0,19248046.01,0,0,19248046.01,0,0,19248046.01,0,0,19248046.01,0,0,19248046.01,0,0,19248046.01,0,0,19248046.01,0,0,19248046.01,0,0,19248046.01,0,0,19248046.01,0,0,19248046.01,,,0,0,0,19248046.01,0,0,19248046.01,0,0,19248046.01,0,0,19248046.01,0,0,19248046.01,0,0,19248046.01,0,0,19248046.01
both_sexes,1,AstraZeneca,2021-06-07,COVCKD,0,0,0,0,0,0,0,0,0,0,0,0,0,0,0,0,0,0,0,0,0,0,0,0,0,0,0,0,0,0,0,0,0,0,0,0,0,0,0,0,0,0,0,0,0,0,0,0,0,0,19248046.01,0,0,19248046.01,0,0,19248046.01,0,0,19248046.01,0,0,19248046.01,0,0,19248046.01,0,0,19248046.01,0,0,19248046.01,0,0,19248046.01,0,0,19248046.01,0,0,19248046.01,0,0,19248046.01,0,0,19248046.01,0,0,19248046.01,0,0,19248046.01,0,0,19248046.01,0,0,19248046.01,0,0,19248046.01,0,0,19248046.01,0,0,19248046.01,0,0,19248046.01,0,0,19248046.01,0,0,19248046.01,0,0,19248046.01,0,0,19248046.01,0,0,19248046.01,0,0,19248046.01,0,0,19248046.01,0,0,19248046.01,0,0,19248046.01,0,0,19248046.01,0,0,19248046.01,0,0,19248046.01,0,0,19248046.01,0,0,19248046.01,0,0,19248046.01,0,0,19248046.01,0,0,19248046.01,0,0,19248046.01,0,0,19248046.01,,,0,0,0,19248046.01,0,0,19248046.01,0,0,19248046.01,0,0,19248046.01,0,0,19248046.01,0,0,19248046.01,0,0,19248046.01
both_sexes,1,AstraZeneca,2021-06-14,COVCKD,0,0,0,0,0,0,0,0,0,0,0,0,0,0,0,0,0,0,0,0,0,0,0,0,0,0,0,0,0,0,0,0,0,0,0,0,0,0,0,0,0,0,0,0,0,0,0,0,0,0,19248046.01,0,0,19248046.01,0,0,19248046.01,0,0,19248046.01,0,0,19248046.01,0,0,19248046.01,0,0,19248046.01,0,0,19248046.01,0,0,19248046.01,0,0,19248046.01,0,0,19248046.01,0,0,19248046.01,0,0,19248046.01,0,0,19248046.01,0,0,19248046.01,0,0,19248046.01,0,0,19248046.01,0,0,19248046.01,0,0,19248046.01,0,0,19248046.01,0,0,19248046.01,0,0,19248046.01,0,0,19248046.01,0,0,19248046.01,0,0,19248046.01,0,0,19248046.01,0,0,19248046.01,0,0,19248046.01,0,0,19248046.01,0,0,19248046.01,0,0,19248046.01,0,0,19248046.01,0,0,19248046.01,0,0,19248046.01,0,0,19248046.01,0,0,19248046.01,0,0,19248046.01,0,0,19248046.01,0,0,19248046.01,0,0,19248046.01,,,0,0,0,19248046.01,0,0,19248046.01,0,0,19248046.01,0,0,19248046.01,0,0,19248046.01,0,0,19248046.01,0,0,19248046.01
both_sexes,1,AstraZeneca,2021-06-21,COVCKD,0,0,0,0,0,0,0,0,0,0,0,0,0,0,0,0,0,0,0,0,0,0,0,0,0,0,0,0,0,0,0,0,0,0,0,0,0,0,0,0,0,0,0,0,0,0,0,0,0,0,19248046.01,0,0,19248046.01,0,0,19248046.01,0,0,19248046.01,0,0,19248046.01,0,0,19248046.01,0,0,19248046.01,0,0,19248046.01,0,0,19248046.01,0,0,19248046.01,0,0,19248046.01,0,0,19248046.01,0,0,19248046.01,0,0,19248046.01,0,0,19248046.01,0,0,19248046.01,0,0,19248046.01,0,0,19248046.01,0,0,19248046.01,0,0,19248046.01,0,0,19248046.01,0,0,19248046.01,0,0,19248046.01,0,0,19248046.01,0,0,19248046.01,0,0,19248046.01,0,0,19248046.01,0,0,19248046.01,0,0,19248046.01,0,0,19248046.01,0,0,19248046.01,0,0,19248046.01,0,0,19248046.01,0,0,19248046.01,0,0,19248046.01,0,0,19248046.01,0,0,19248046.01,0,0,19248046.01,0,0,19248046.01,0,0,19248046.01,,,0,0,0,19248046.01,0,0,19248046.01,0,0,19248046.01,0,0,19248046.01,0,0,19248046.01,0,0,19248046.01,0,0,19248046.01
both_sexes,1,AstraZeneca,2021-06-28,COVCKD,0,0,0,0,0,0,0,0,0,0,0,0,0,0,0,0,0,0,0,0,0,0,0,0,0,0,0,0,0,0,0,0,0,0,0,0,0,0,0,0,0,0,0,0,0,0,0,0,0,0,134736322.06,0,0,134736322.06,0,0,134736322.06,0,0,134736322.06,0,0,134736322.06,0,0,134736322.06,0,0,134736322.06,0,0,134736322.06,0,0,134736322.06,0,0,134736322.06,0,0,134736322.06,0,0,134736322.06,0,0,134736322.06,0,0,134736322.06,0,0,134736322.06,0,0,134736322.06,0,0,134736322.06,0,0,134736322.06,0,0,134736322.06,0,0,134736322.06,0,0,134736322.06,0,0,134736322.06,0,0,134736322.06,0,0,134736322.06,0,0,134736322.06,0,0,134736322.06,0,0,134736322.06,0,0,134736322.06,0,0,134736322.06,0,0,134736322.06,0,0,134736322.06,0,0,134736322.06,0,0,134736322.06,0,0,134736322.06,0,0,134736322.06,0,0,134736322.06,0,0,134736322.06,0,0,134736322.06,0,0,134736322.06,0,0,134736322.06,,,0,0,0,134736322.06,0,0,134736322.06,0,0,134736322.06,0,0,134736322.06,0,0,134736322.06,0,0,134736322.06,0,0,134736322.06
both_sexes,1,Moderna,2021-03-29,COVCKD,0,0,0,0,0,0,0,0,0,0,0,0,0,0,0,0,0,0,0,0,0,0,0,0,0,0,0,0,0,0,0,0,0,0,0,0,0,0,0,0,0,0,0,0,0,0,0,0,0,0,3742675.61,0,0,4210510.06,0,0,3742675.61,0,0,4646080.07,0,0,7485351.23,0,0,12248756.55,0,0,4646080.07,0,0,4646080.07,0,0,4210510.06,0,0,4210510.06,0,0,3742675.61,0,0,3742675.61,0,0,3742675.61,0,0,3742675.61,0,0,3742675.61,0,0,3742675.61,0,0,3742675.61,0,0,3742675.61,0,0,3742675.61,0,0,3742675.61,0,0,3742675.61,0,0,3742675.61,0,0,3742675.61,0,0,3742675.61,0,0,3742675.61,0,0,3742675.61,0,0,3742675.61,0,0,3742675.61,0,0,3742675.61,0,0,3742675.61,0,0,3742675.61,0,0,3742675.61,0,0,3742675.61,0,0,3742675.61,0,0,3742675.61,0,0,3742675.61,0,0,3742675.61,0,0,3742675.61,0,0,3742675.61,0,0,3742675.61,,,0,0,0,3742675.61,0,0,3742675.61,0,0,3742675.61,0,0,4646080.07,0,0,3742675.61,0,0,4646080.07,0,0,3742675.61
both_sexes,1,Moderna,2021-04-05,COVCKD,0,0,0,0,0,0,0,0,0,0,0,0,0,0,0,0,0,0,0,0,0,0,0,0,0,0,0,0,0,0,0,0,0,0,0,0,0,0,0,0,0,0,0,0,0,0,0,0,0,0,3368408.05,0,0,3368408.05,0,0,3368408.05,0,0,4082918.85,0,0,6416015.34,0,0,9624023,0,0,4082918.85,0,0,4082918.85,0,0,3368408.05,0,0,3368408.05,0,0,3368408.05,0,0,3368408.05,0,0,3368408.05,0,0,3368408.05,0,0,3368408.05,0,0,3368408.05,0,0,3368408.05,0,0,3368408.05,0,0,3368408.05,0,0,3368408.05,0,0,3368408.05,0,0,3368408.05,0,0,3368408.05,0,0,3368408.05,0,0,3368408.05,0,0,3368408.05,0,0,3368408.05,0,0,3368408.05,0,0,3368408.05,0,0,3368408.05,0,0,3368408.05,0,0,3368408.05,0,0,3368408.05,0,0,3368408.05,0,0,3368408.05,0,0,3368408.05,0,0,3368408.05,0,0,3368408.05,0,0,3368408.05,0,0,3368408.05,,,0,0,0,3368408.05,0,0,3368408.05,0,0,3368408.05,0,0,4082918.85,0,0,3368408.05,0,0,4082918.85,0,0,3368408.05
both_sexes,1,Moderna,2021-04-12,COVCKD,0,0,0,0,0,0,0,0,0,0,0,0,0,0,0,0,0,0,0,0,0,0,0,0,0,0,0,0,0,0,0,0,0,0,0,0,0,0,0,0,0,0,0,0,0,0,0,0,0,0,3208007.67,0,0,3208007.67,0,0,3208007.67,0,0,3849609.2,0,0,6416015.34,0,0,9624023,0,0,3849609.2,0,0,3849609.2,0,0,3208007.67,0,0,3208007.67,0,0,3208007.67,0,0,3208007.67,0,0,3208007.67,0,0,3208007.67,0,0,3208007.67,0,0,3208007.67,0,0,3208007.67,0,0,3208007.67,0,0,3208007.67,0,0,3208007.67,0,0,3208007.67,0,0,3208007.67,0,0,3208007.67,0,0,3208007.67,0,0,3208007.67,0,0,3208007.67,0,0,3208007.67,0,0,3208007.67,0,0,3208007.67,0,0,3208007.67,0,0,3208007.67,0,0,3208007.67,0,0,3208007.67,0,0,3208007.67,0,0,3208007.67,0,0,3208007.67,0,0,3208007.67,0,0,3208007.67,0,0,3208007.67,0,0,3208007.67,,,0,0,0,3208007.67,0,0,3208007.67,0,0,3208007.67,0,0,3849609.2,0,0,3208007.67,0,0,3849609.2,0,0,3208007.67
both_sexes,1,Moderna,2021-04-19,COVCKD,0,0,0,0,0,0,0,0,0,0,0,0,0,0,0,0,0,0,0,0,0,0,0,0,0,0,0,0,0,0,0,0,0,0,0,0,0,0,0,0,0,0,0,0,0,0,0,0,0,0,3286251.76,0,0,3286251.76,0,0,3286251.76,0,0,3962833,0,0,6736816.1,0,0,10364332.47,0,0,3962833,0,0,3962833,0,0,3286251.76,0,0,3286251.76,0,0,3286251.76,0,0,3286251.76,0,0,3286251.76,0,0,3286251.76,0,0,3286251.76,0,0,3286251.76,0,0,3286251.76,0,0,3286251.76,0,0,3286251.76,0,0,3286251.76,0,0,3286251.76,0,0,3286251.76,0,0,3286251.76,0,0,3286251.76,0,0,3286251.76,0,0,3286251.76,0,0,3286251.76,0,0,3286251.76,0,0,3286251.76,0,0,3286251.76,0,0,3286251.76,0,0,3286251.76,0,0,3286251.76,0,0,3286251.76,0,0,3286251.76,0,0,3286251.76,0,0,3286251.76,0,0,3286251.76,0,0,3286251.76,0,0,3286251.76,,,0,0,0,3286251.76,0,0,3286251.76,0,0,3286251.76,0,0,3962833,0,0,3286251.76,0,0,3962833,0,0,3286251.76
both_sexes,1,Pfizer,2021-04-12,COVCKD,0,0,0,0,0,0,0,0,0,0,0,0,0,0,0,0,0,0,0,0,0,0,0,0,0,0,0,0,0,0,0,0,0,0,0,0,0,0,0,0,0,0,0,0,0,0,0,0,0,0,1772846.34,0,0,1772846.34,0,0,1772846.34,0,0,2208792.16,0,0,2208792.16,0,0,2591083.12,0,0,1772846.34,0,0,2406005.75,0,0,3962833,0,0,3962833,0,0,1772846.34,0,0,1772846.34,0,0,1772846.34,0,0,1772846.34,0,0,1772846.34,0,0,1772846.34,0,0,2173166.48,0,0,2173166.48,0,0,1772846.34,0,0,1772846.34,0,0,1772846.34,0,0,1772846.34,0,0,1772846.34,0,0,1772846.34,0,0,1772846.34,0,0,1772846.34,0,0,1772846.34,0,0,1772846.34,0,0,1772846.34,0,0,2173166.48,0,0,2173166.48,0,0,1772846.34,0,0,1772846.34,0,0,1772846.34,0,0,1772846.34,0,0,1772846.34,0,0,1772846.34,0,0,1772846.34,0,0,1772846.34,0,0,1772846.34,0,0,19248046.01,0,0,1772846.34,0,0,1772846.34,0,0,1772846.34,0,0,2173166.48,0,0,1772846.34,0,0,2173166.48,0,0,1772846.34
both_sexes,1,Pfizer,2021-04-19,COVCKD,0,0,0,0,0,0,0,0,0,0,0,0,0,0,0,0,0,0,0,0,0,0,0,0,0,0,0,0,0,0,0,0,0,0,0,0,0,0,0,0,0,0,0,0,0,0,0,0,0,0,1464525.24,0,0,1464525.24,0,0,1464525.24,0,0,1897694.68,0,0,1952700.32,0,0,2449751.31,0,0,1464525.24,0,0,1845703.04,0,0,2807006.71,0,0,2807006.71,0,0,1464525.24,0,0,1464525.24,0,0,1464525.24,0,0,1464525.24,0,0,1464525.24,0,0,1464525.24,0,0,1820761.11,0,0,1820761.11,0,0,1464525.24,0,0,1464525.24,0,0,1464525.24,0,0,1464525.24,0,0,1464525.24,0,0,1464525.24,0,0,1464525.24,0,0,1464525.24,0,0,1464525.24,0,0,1464525.24,0,0,1464525.24,0,0,1727388.74,0,0,1727388.74,0,0,1464525.24,0,0,1464525.24,0,0,1464525.24,0,0,1464525.24,0,0,1464525.24,0,0,1464525.24,0,0,1464525.24,0,0,1464525.24,0,0,1464525.24,0,0,33684080.52,0,0,1464525.24,0,0,1464525.24,0,0,1464525.24,0,0,1727388.74,0,0,1464525.24,0,0,1727388.74,0,0,1464525.24
both_sexes,1,Pfizer,2021-04-26,COVCKD,0,0,0,0,0,0,0,0,0,0,0,0,0,0,0,0,0,0,0,0,0,0,0,0,0,0,0,0,0,0,0,0,0,0,0,0,0,0,0,0,0,0,0,0,0,0,0,0,0,0,1727388.74,0,0,1727388.74,0,0,1727388.74,0,0,2323040.04,0,0,2363795.12,0,0,3133402.84,0,0,1727388.74,0,0,2323040.04,0,0,3208007.67,0,0,3208007.67,0,0,1727388.74,0,0,1727388.74,0,0,1727388.74,0,0,1727388.74,0,0,1727388.74,0,0,1727388.74,0,0,2105255.03,0,0,2105255.03,0,0,1727388.74,0,0,1727388.74,0,0,1727388.74,0,0,1727388.74,0,0,1727388.74,0,0,1727388.74,0,0,1727388.74,0,0,1727388.74,0,0,1727388.74,0,0,1727388.74,0,0,1727388.74,0,0,2072866.49,0,0,2072866.49,0,0,1727388.74,0,0,1727388.74,0,0,1727388.74,0,0,1727388.74,0,0,1727388.74,0,0,1727388.74,0,0,1727388.74,0,0,1727388.74,0,0,1727388.74,,,0,0,0,1727388.74,0,0,1727388.74,0,0,1727388.74,0,0,2072866.49,0,0,1727388.74,0,0,2072866.49,0,0,1727388.74
both_sexes,1,Pfizer,2021-05-03,COVCKD,0,0,0,0,0,0,0,0,0,0,0,0,0,0,0,0,0,0,0,0,0,0,0,0,0,0,0,0,0,0,0,0,0,0,0,0,0,0,0,0,0,0,0,0,0,0,0,0,0,0,2641888.67,0,0,2641888.67,0,0,2641888.67,0,0,3454777.49,0,0,4210510.06,0,0,6124378.28,0,0,2641888.67,0,0,3641522.22,0,0,5389452.88,0,0,5389452.88,0,0,2641888.67,0,0,2641888.67,0,0,2641888.67,0,0,2641888.67,0,0,2641888.67,0,0,2641888.67,0,0,3641522.22,0,0,3641522.22,0,0,2641888.67,0,0,2641888.67,0,0,2641888.67,0,0,2641888.67,0,0,2641888.67,0,0,2641888.67,0,0,2641888.67,0,0,2641888.67,0,0,2641888.67,0,0,2641888.67,0,0,2641888.67,0,0,3062189.14,0,0,3062189.14,0,0,2641888.67,0,0,2641888.67,0,0,2641888.67,0,0,2641888.67,0,0,2641888.67,0,0,2641888.67,0,0,2641888.67,0,0,2641888.67,0,0,2641888.67,,,0,0,0,2641888.67,0,0,2641888.67,0,0,2641888.67,0,0,3062189.14,0,0,2641888.67,0,0,3062189.14,0,0,2641888.67
both_sexes,1,Pfizer,2021-05-10,COVCKD,0,0,0,0,0,0,0,0,0,0,0,0,0,0,0,0,0,0,0,0,0,0,0,0,0,0,0,0,0,0,0,0,0,0,0,0,0,0,0,0,0,0,0,0,0,0,0,0,0,0,4346332.97,0,0,4346332.97,0,0,4346332.97,0,0,5614013.42,0,0,6416015.34,0,0,9624023,0,0,4346332.97,0,0,5614013.42,0,0,9624023,0,0,9624023,0,0,4346332.97,0,0,4346332.97,0,0,4346332.97,0,0,4346332.97,0,0,4346332.97,0,0,4346332.97,0,0,5614013.42,0,0,5614013.42,0,0,4346332.97,0,0,4346332.97,0,0,4346332.97,0,0,4346332.97,0,0,4346332.97,0,0,4346332.97,0,0,4346332.97,0,0,4346332.97,0,0,4346332.97,0,0,4346332.97,0,0,4346332.97,0,0,5614013.42,0,0,5614013.42,0,0,4346332.97,0,0,4346332.97,0,0,4346332.97,0,0,4346332.97,0,0,4346332.97,0,0,4346332.97,0,0,4346332.97,0,0,4346332.97,0,0,4346332.97,,,0,0,0,4346332.97,0,0,4346332.97,0,0,4346332.97,0,0,5614013.42,0,0,4346332.97,0,0,5614013.42,0,0,4346332.97
both_sexes,1,Pfizer,2021-05-17,COVCKD,0,0,0,0,0,0,0,0,0,0,0,0,0,0,0,0,0,0,0,0,0,0,0,0,0,0,0,0,0,0,0,0,0,0,0,0,0,0,0,0,0,0,0,0,0,0,0,0,0,0,4346332.97,0,0,4346332.97,0,0,4346332.97,0,0,5614013.42,0,0,7925666,0,0,13473632.21,0,0,4346332.97,0,0,5614013.42,0,0,13473632.21,0,0,13473632.21,0,0,4346332.97,0,0,4346332.97,0,0,4346332.97,0,0,4346332.97,0,0,4346332.97,0,0,4346332.97,0,0,5614013.42,0,0,5614013.42,0,0,4346332.97,0,0,4346332.97,0,0,4346332.97,0,0,4346332.97,0,0,4346332.97,0,0,4346332.97,0,0,4346332.97,0,0,4346332.97,0,0,4346332.97,0,0,4346332.97,0,0,4346332.97,0,0,5614013.42,0,0,5614013.42,0,0,4346332.97,0,0,4346332.97,0,0,4346332.97,0,0,4346332.97,0,0,4346332.97,0,0,4346332.97,0,0,4346332.97,0,0,4346332.97,0,0,4346332.97,,,0,0,0,4346332.97,0,0,4346332.97,0,0,4346332.97,0,0,5614013.42,0,0,4346332.97,0,0,5614013.42,0,0,4346332.97
both_sexes,2,AstraZeneca,2021-06-28,COVCKD,0,0,0,0,0,0,0,0,0,0,0,0,0,0,0,0,0,0,0,0,0,0,0,0,0,0,0,0,0,0,0,0,0,0,0,0,0,0,0,0,0,0,0,0,0,0,0,0,0,0,67368161.03,0,0,67368161.03,0,0,67368161.03,0,0,67368161.03,0,0,67368161.03,0,0,67368161.03,0,0,67368161.03,0,0,67368161.03,0,0,67368161.03,0,0,67368161.03,0,0,67368161.03,0,0,67368161.03,0,0,67368161.03,0,0,67368161.03,0,0,67368161.03,0,0,67368161.03,0,0,67368161.03,0,0,67368161.03,0,0,67368161.03,0,0,67368161.03,0,0,67368161.03,0,0,67368161.03,0,0,67368161.03,0,0,67368161.03,0,0,67368161.03,0,0,67368161.03,0,0,67368161.03,0,0,67368161.03,0,0,67368161.03,0,0,67368161.03,0,0,67368161.03,0,0,67368161.03,0,0,67368161.03,0,0,67368161.03,0,0,67368161.03,0,0,67368161.03,0,0,67368161.03,0,0,67368161.03,0,0,67368161.03,0,0,67368161.03,,,0,0,0,67368161.03,0,0,67368161.03,0,0,67368161.03,0,0,67368161.03,0,0,67368161.03,0,0,67368161.03,0,0,67368161.03
both_sexes,2,Moderna,2021-04-19,COVCKD,0,0,0,0,0,0,0,0,0,0,0,0,0,0,0,0,0,0,0,0,0,0,0,0,0,0,0,0,0,0,0,0,0,0,0,0,0,0,0,0,0,0,0,0,0,0,0,0,0,0,16842040.26,0,0,134736322.06,0,0,16842040.26,0,0,16842040.26,0,0,134736322.06,0,0,134736322.06,0,0,16842040.26,0,0,16842040.26,0,0,134736322.06,0,0,134736322.06,0,0,16842040.26,0,0,16842040.26,0,0,16842040.26,0,0,16842040.26,0,0,16842040.26,0,0,16842040.26,0,0,16842040.26,0,0,16842040.26,0,0,16842040.26,0,0,16842040.26,0,0,16842040.26,0,0,16842040.26,0,0,16842040.26,0,0,16842040.26,0,0,16842040.26,0,0,16842040.26,0,0,16842040.26,0,0,16842040.26,0,0,16842040.26,0,0,16842040.26,0,0,16842040.26,0,0,16842040.26,0,0,16842040.26,0,0,16842040.26,0,0,16842040.26,0,0,16842040.26,0,0,16842040.26,0,0,16842040.26,0,0,16842040.26,0,0,16842040.26,,,0,0,0,16842040.26,0,0,16842040.26,0,0,16842040.26,0,0,16842040.26,0,0,16842040.26,0,0,16842040.26,0,0,16842040.26
both_sexes,2,Moderna,2021-04-26,COVCKD,0,0,0,0,0,0,0,1,0,0,0,0,0,0,0,0,0,0,0,0,0,0,0,0,0,0,0,0,0,0,0,0,0,0,0,0,0,0,0,0,0,0,0,0,0,0,0,0,0,0,3641522.22,0,0,4491210.74,0,0,3641522.22,0,0,4346332.97,0,0,7485351.23,0,0,12248756.55,0,0,4346332.97,1304464.29,33026.18,7268009.82,0,0,4491210.74,0,0,4491210.74,0,0,3641522.22,0,0,3641522.22,0,0,3641522.22,0,0,3641522.22,0,0,3641522.22,0,0,3641522.22,0,0,3641522.22,0,0,3641522.22,0,0,3641522.22,0,0,3641522.22,0,0,3641522.22,0,0,3641522.22,0,0,3641522.22,0,0,3641522.22,0,0,3641522.22,0,0,3641522.22,0,0,3641522.22,0,0,3641522.22,0,0,3641522.22,0,0,3641522.22,0,0,3641522.22,0,0,3641522.22,0,0,3641522.22,0,0,3641522.22,0,0,3641522.22,0,0,3641522.22,0,0,3641522.22,0,0,3641522.22,0,0,3641522.22,0,0,3641522.22,,,0,0,0,3641522.22,0,0,3641522.22,0,0,3641522.22,0,0,4346332.97,0,0,3641522.22,0,0,4346332.97,0,0,3641522.22
both_sexes,2,Moderna,2021-05-03,COVCKD,0,0,0,0,0,0,0,0,0,0,0,0,0,0,0,0,0,0,0,0,0,0,0,0,0,0,0,0,0,0,0,0,0,0,0,0,0,0,0,0,0,0,0,0,0,0,0,0,0,0,3133402.84,0,0,3742675.61,0,0,3133402.84,0,0,3742675.61,0,0,6416015.34,0,0,9624023,0,0,3742675.61,0,0,4646080.07,0,0,3742675.61,0,0,3742675.61,0,0,3133402.84,0,0,3133402.84,0,0,3133402.84,0,0,3133402.84,0,0,3133402.84,0,0,3133402.84,0,0,3133402.84,0,0,3133402.84,0,0,3133402.84,0,0,3133402.84,0,0,3133402.84,0,0,3133402.84,0,0,3133402.84,0,0,3133402.84,0,0,3133402.84,0,0,3133402.84,0,0,3133402.84,0,0,3133402.84,0,0,3133402.84,0,0,3133402.84,0,0,3133402.84,0,0,3133402.84,0,0,3133402.84,0,0,3133402.84,0,0,3133402.84,0,0,3133402.84,0,0,3133402.84,0,0,3133402.84,0,0,3133402.84,0,0,3133402.84,,,0,0,0,3133402.84,0,0,3133402.84,0,0,3133402.84,0,0,3742675.61,0,0,3133402.84,0,0,3742675.61,0,0,3133402.84
both_sexes,2,Moderna,2021-05-10,COVCKD,0,0,0,0,0,0,0,0,0,0,0,0,0,0,0,0,0,0,0,0,0,0,0,0,0,0,0,0,0,0,0,0,0,0,0,0,0,0,0,0,0,0,0,0,0,0,0,0,0,0,2749720.86,0,0,3208007.67,0,0,2749720.86,0,0,3208007.67,0,0,6416015.34,0,0,9624023,0,0,3208007.67,0,0,3849609.2,0,0,3208007.67,0,0,3208007.67,0,0,2749720.86,0,0,2749720.86,0,0,2749720.86,0,0,2749720.86,0,0,2749720.86,0,0,2749720.86,0,0,2749720.86,0,0,2749720.86,0,0,2749720.86,0,0,2749720.86,0,0,2749720.86,0,0,2749720.86,0,0,2749720.86,0,0,2749720.86,0,0,2749720.86,0,0,2749720.86,0,0,2749720.86,0,0,2749720.86,0,0,2749720.86,0,0,2749720.86,0,0,2749720.86,0,0,2749720.86,0,0,2749720.86,0,0,2749720.86,0,0,2749720.86,0,0,2749720.86,0,0,2749720.86,0,0,2749720.86,0,0,2749720.86,0,0,2749720.86,,,0,0,0,2749720.86,0,0,2749720.86,0,0,2749720.86,0,0,3208007.67,0,0,2749720.86,0,0,3208007.67,0,0,2749720.86
both_sexes,2,Moderna,2021-05-17,COVCKD,0,0,0,0,0,0,0,0,0,0,0,0,0,0,0,0,0,0,0,0,0,0,0,0,0,0,0,0,0,0,0,0,0,0,0,0,0,0,0,0,0,0,0,0,0,0,0,0,0,0,2749720.86,0,0,3208007.67,0,0,2749720.86,0,0,3208007.67,0,0,6416015.34,0,0,9624023,0,0,3208007.67,0,0,3849609.2,0,0,3208007.67,0,0,3208007.67,0,0,2749720.86,0,0,2749720.86,0,0,2749720.86,0,0,2749720.86,0,0,2749720.86,0,0,2749720.86,0,0,2749720.86,0,0,2749720.86,0,0,2749720.86,0,0,2749720.86,0,0,2749720.86,0,0,2749720.86,0,0,2749720.86,0,0,2749720.86,0,0,2749720.86,0,0,2749720.86,0,0,2749720.86,0,0,2749720.86,0,0,2749720.86,0,0,2749720.86,0,0,2749720.86,0,0,2749720.86,0,0,2749720.86,0,0,2749720.86,0,0,2749720.86,0,0,2749720.86,0,0,2749720.86,0,0,2749720.86,0,0,2749720.86,0,0,2749720.86,,,0,0,0,2749720.86,0,0,2749720.86,0,0,2749720.86,0,0,3208007.67,0,0,2749720.86,0,0,3208007.67,0,0,2749720.86
both_sexes,2,Moderna,2021-05-24,COVCKD,0,0,0,0,0,0,0,0,0,0,0,0,0,0,0,0,0,0,0,0,0,0,0,0,0,0,0,0,0,0,0,0,0,0,0,0,0,0,0,0,0,0,0,0,0,0,0,0,0,0,2406005.75,0,0,2749720.86,0,0,2406005.75,0,0,2749720.86,0,0,4812011.5,0,0,6416015.34,0,0,2749720.86,0,0,3208007.67,0,0,2749720.86,0,0,2749720.86,0,0,2406005.75,0,0,2406005.75,0,0,2406005.75,0,0,2406005.75,0,0,2406005.75,0,0,2406005.75,0,0,2749720.86,0,0,2749720.86,0,0,2406005.75,0,0,2406005.75,0,0,2406005.75,0,0,2406005.75,0,0,2406005.75,0,0,2406005.75,0,0,2406005.75,0,0,2406005.75,0,0,2406005.75,0,0,2406005.75,0,0,2406005.75,0,0,2406005.75,0,0,2406005.75,0,0,2406005.75,0,0,2406005.75,0,0,2406005.75,0,0,2406005.75,0,0,2406005.75,0,0,2406005.75,0,0,2406005.75,0,0,2406005.75,0,0,2406005.75,,,0,0,0,2406005.75,0,0,2406005.75,0,0,2406005.75,0,0,2749720.86,0,0,2406005.75,0,0,2749720.86,0,0,2406005.75
both_sexes,2,Moderna,2021-05-31,COVCKD,0,0,0,0,0,0,0,0,0,0,0,0,0,0,0,0,1,1,0,0,0,0,0,0,0,0,0,0,0,0,0,0,0,0,0,0,0,0,0,0,0,0,0,0,0,0,0,0,0,0,2406005.75,0,0,2749720.86,0,0,2406005.75,0,0,2749720.86,0,0,4812011.5,0,0,6416015.34,0,0,2749720.86,0,0,3208007.67,0,0,2749720.86,0,0,2749720.86,0,0,2406005.75,0,0,2406005.75,0,0,2406005.75,0,0,2406005.75,0,0,2406005.75,0,0,2406005.75,811666.67,20549.62,4522317.22,811666.67,20549.62,4522317.22,0,0,2406005.75,0,0,2406005.75,0,0,2406005.75,0,0,2406005.75,0,0,2406005.75,0,0,2406005.75,0,0,2406005.75,0,0,2406005.75,0,0,2406005.75,0,0,2406005.75,0,0,2406005.75,0,0,2406005.75,0,0,2406005.75,0,0,2406005.75,0,0,2406005.75,0,0,2406005.75,0,0,2406005.75,0,0,2406005.75,0,0,2406005.75,0,0,2406005.75,0,0,2406005.75,0,0,2406005.75,,,0,0,0,2406005.75,0,0,2406005.75,0,0,2406005.75,0,0,2749720.86,0,0,2406005.75,0,0,2749720.86,0,0,2406005.75
both_sexes,2,Moderna,2021-06-07,COVCKD,0,0,0,0,0,0,0,0,0,0,0,0,0,0,0,0,0,0,0,0,0,0,0,0,0,0,0,0,0,0,0,0,0,0,0,0,0,0,0,0,0,0,0,0,0,0,0,0,0,0,2406005.75,0,0,2749720.86,0,0,2406005.75,0,0,2749720.86,0,0,4812011.5,0,0,6416015.34,0,0,2749720.86,0,0,3208007.67,0,0,2749720.86,0,0,2749720.86,0,0,2406005.75,0,0,2406005.75,0,0,2406005.75,0,0,2406005.75,0,0,2406005.75,0,0,2406005.75,0,0,3208007.67,0,0,3208007.67,0,0,2406005.75,0,0,2406005.75,0,0,2406005.75,0,0,2406005.75,0,0,2406005.75,0,0,2406005.75,0,0,2406005.75,0,0,2406005.75,0,0,2406005.75,0,0,2406005.75,0,0,2406005.75,0,0,2406005.75,0,0,2406005.75,0,0,2406005.75,0,0,2406005.75,0,0,2406005.75,0,0,2406005.75,0,0,2406005.75,0,0,2406005.75,0,0,2406005.75,0,0,2406005.75,0,0,2406005.75,,,0,0,0,2406005.75,0,0,2406005.75,0,0,2406005.75,0,0,2749720.86,0,0,2406005.75,0,0,2749720.86,0,0,2406005.75
both_sexes,2,Moderna,2021-06-14,COVCKD,0,0,0,0,0,0,0,0,0,0,0,0,0,0,0,0,0,0,0,0,0,0,0,0,0,0,0,0,0,0,0,0,0,0,0,0,0,0,0,0,0,0,0,0,0,0,0,0,0,0,2406005.75,0,0,2749720.86,0,0,2406005.75,0,0,2749720.86,0,0,4812011.5,0,0,6416015.34,0,0,2749720.86,0,0,3208007.67,0,0,2749720.86,0,0,2749720.86,0,0,2406005.75,0,0,2406005.75,0,0,2406005.75,0,0,2406005.75,0,0,2406005.75,0,0,2406005.75,0,0,3208007.67,0,0,3208007.67,0,0,2406005.75,0,0,2406005.75,0,0,2406005.75,0,0,2406005.75,0,0,2406005.75,0,0,2406005.75,0,0,2406005.75,0,0,2406005.75,0,0,2406005.75,0,0,2406005.75,0,0,2406005.75,0,0,2406005.75,0,0,2406005.75,0,0,2406005.75,0,0,2406005.75,0,0,2406005.75,0,0,2406005.75,0,0,2406005.75,0,0,2406005.75,0,0,2406005.75,0,0,2406005.75,0,0,2406005.75,,,0,0,0,2406005.75,0,0,2406005.75,0,0,2406005.75,0,0,2749720.86,0,0,2406005.75,0,0,2749720.86,0,0,2406005.75
both_sexes,2,Moderna,2021-06-21,COVCKD,0,0,0,0,0,0,0,0,0,0,0,0,0,0,0,0,0,0,0,0,0,0,0,0,0,0,0,0,0,0,0,0,0,0,0,0,0,0,0,0,0,0,0,0,0,0,0,0,0,0,2406005.75,0,0,2749720.86,0,0,2406005.75,0,0,2749720.86,0,0,4812011.5,0,0,6416015.34,0,0,2749720.86,0,0,3208007.67,0,0,2749720.86,0,0,2749720.86,0,0,2406005.75,0,0,2406005.75,0,0,2406005.75,0,0,2406005.75,0,0,2406005.75,0,0,2406005.75,0,0,3208007.67,0,0,3208007.67,0,0,2406005.75,0,0,2406005.75,0,0,2406005.75,0,0,2406005.75,0,0,2406005.75,0,0,2406005.75,0,0,2406005.75,0,0,2406005.75,0,0,2406005.75,0,0,2406005.75,0,0,2406005.75,0,0,2406005.75,0,0,2406005.75,0,0,2406005.75,0,0,2406005.75,0,0,2406005.75,0,0,2406005.75,0,0,2406005.75,0,0,2406005.75,0,0,2406005.75,0,0,2406005.75,0,0,2406005.75,,,0,0,0,2406005.75,0,0,2406005.75,0,0,2406005.75,0,0,2749720.86,0,0,2406005.75,0,0,2749720.86,0,0,2406005.75
both_sexes,2,Moderna,2021-06-28,COVCKD,0,0,0,0,0,0,0,0,0,0,0,0,0,0,0,0,0,0,0,0,0,0,0,0,0,0,0,0,0,0,0,0,0,0,0,0,0,0,0,0,0,0,0,0,0,0,0,0,0,0,5614013.42,0,0,6416015.34,0,0,5614013.42,0,0,6416015.34,0,0,11228026.84,0,0,14970702.45,0,0,6416015.34,0,0,7485351.23,0,0,6416015.34,0,0,6416015.34,0,0,5614013.42,0,0,5614013.42,0,0,5614013.42,0,0,5614013.42,0,0,5614013.42,0,0,5614013.42,0,0,7485351.23,0,0,7485351.23,0,0,5614013.42,0,0,5614013.42,0,0,5614013.42,0,0,5614013.42,0,0,5614013.42,0,0,5614013.42,0,0,5614013.42,0,0,5614013.42,0,0,5614013.42,0,0,5614013.42,0,0,5614013.42,0,0,5614013.42,0,0,5614013.42,0,0,5614013.42,0,0,5614013.42,0,0,5614013.42,0,0,5614013.42,0,0,5614013.42,0,0,5614013.42,0,0,5614013.42,0,0,5614013.42,0,0,5614013.42,,,0,0,0,5614013.42,0,0,5614013.42,0,0,5614013.42,0,0,6416015.34,0,0,5614013.42,0,0,6416015.34,0,0,5614013.42
both_sexes,2,Pfizer,2021-05-03,COVCKD,0,0,0,0,0,0,0,0,0,0,0,0,0,0,0,0,0,0,0,0,0,0,0,0,0,0,0,0,0,0,0,0,0,0,0,0,0,0,0,0,0,0,0,0,0,0,0,0,0,0,1643125.88,0,0,1643125.88,0,0,1643125.88,0,0,2041459.43,0,0,2041459.43,0,0,2173166.48,0,0,1981416.5,0,0,2866730.26,0,0,2994140.49,0,0,2994140.49,0,0,1643125.88,0,0,1643125.88,0,0,1643125.88,0,0,1643125.88,0,0,1643125.88,0,0,1643125.88,0,0,1796484.29,0,0,1796484.29,0,0,1643125.88,0,0,1643125.88,0,0,1643125.88,0,0,1643125.88,0,0,1643125.88,0,0,1643125.88,0,0,1643125.88,0,0,1643125.88,0,0,1643125.88,0,0,1643125.88,0,0,1643125.88,0,0,1796484.29,0,0,1796484.29,0,0,1643125.88,0,0,1643125.88,0,0,1643125.88,0,0,1643125.88,0,0,1643125.88,0,0,1643125.88,0,0,1643125.88,0,0,1643125.88,0,0,1643125.88,0,0,9624023,0,0,1643125.88,0,0,1643125.88,0,0,1643125.88,0,0,2208792.16,0,0,1643125.88,0,0,2208792.16,0,0,1643125.88
both_sexes,2,Pfizer,2021-05-10,COVCKD,0,0,0,0,0,0,0,0,0,0,0,0,0,0,0,0,0,0,0,0,0,0,0,0,0,0,0,0,0,0,0,0,0,0,0,0,0,0,0,0,0,0,0,0,0,0,0,0,0,0,1283203.07,0,0,1283203.07,0,0,1283203.07,0,0,1604003.83,0,0,1749822.36,0,0,1924804.6,0,0,1480618.92,0,0,2138671.78,0,0,2406005.75,0,0,2406005.75,0,0,1283203.07,0,0,1283203.07,0,0,1283203.07,0,0,1283203.07,0,0,1283203.07,0,0,1283203.07,0,0,1480618.92,0,0,1480618.92,0,0,1283203.07,0,0,1283203.07,0,0,1283203.07,0,0,1283203.07,0,0,1283203.07,0,0,1283203.07,0,0,1283203.07,0,0,1283203.07,0,0,1283203.07,0,0,1283203.07,0,0,1283203.07,0,0,1374860.43,0,0,1374860.43,0,0,1283203.07,0,0,1283203.07,0,0,1283203.07,0,0,1283203.07,0,0,1283203.07,0,0,1283203.07,0,0,1283203.07,0,0,1283203.07,0,0,1283203.07,0,0,9624023,0,0,1283203.07,0,0,1283203.07,0,0,1283203.07,0,0,1604003.83,0,0,1283203.07,0,0,1604003.83,0,0,1283203.07
both_sexes,2,Pfizer,2021-05-17,COVCKD,0,0,0,0,0,0,0,0,0,0,0,0,0,0,0,0,0,0,0,0,0,0,0,0,0,0,0,0,0,0,0,0,0,0,0,0,0,0,0,0,0,0,0,0,0,0,0,0,0,0,1236113.05,0,0,1236113.05,0,0,1236113.05,0,0,1531094.57,0,0,1663411.38,0,0,1820761.11,0,0,1418277.07,0,0,2010989.88,0,0,2245605.37,0,0,2245605.37,0,0,1236113.05,0,0,1236113.05,0,0,1236113.05,0,0,1236113.05,0,0,1236113.05,0,0,1236113.05,0,0,1418277.07,0,0,1418277.07,0,0,1236113.05,0,0,1236113.05,0,0,1236113.05,0,0,1236113.05,0,0,1236113.05,0,0,1236113.05,0,0,1236113.05,0,0,1236113.05,0,0,1236113.05,0,0,1236113.05,0,0,1236113.05,0,0,1320944.33,0,0,1320944.33,0,0,1236113.05,0,0,1236113.05,0,0,1236113.05,0,0,1236113.05,0,0,1236113.05,0,0,1236113.05,0,0,1236113.05,0,0,1236113.05,0,0,1236113.05,0,0,9624023,0,0,1236113.05,0,0,1236113.05,0,0,1236113.05,0,0,1531094.57,0,0,1236113.05,0,0,1531094.57,0,0,1236113.05
both_sexes,2,Pfizer,2021-05-24,COVCKD,0,0,0,0,0,0,0,0,0,0,0,0,0,0,0,0,0,0,0,0,0,0,0,0,0,0,0,0,0,0,0,0,0,0,0,0,0,0,0,0,0,0,0,0,0,0,0,0,0,0,1203002.88,0,0,1203002.88,0,0,1203002.88,0,0,1480618.92,0,0,1604003.83,0,0,1749822.36,0,0,1374860.43,0,0,1924804.6,0,0,2138671.78,0,0,2138671.78,0,0,1203002.88,0,0,1203002.88,0,0,1203002.88,0,0,1203002.88,0,0,1203002.88,0,0,1203002.88,0,0,1374860.43,0,0,1374860.43,0,0,1203002.88,0,0,1203002.88,0,0,1203002.88,0,0,1203002.88,0,0,1203002.88,0,0,1203002.88,0,0,1203002.88,0,0,1203002.88,0,0,1203002.88,0,0,1203002.88,0,0,1203002.88,0,0,1283203.07,0,0,1283203.07,0,0,1203002.88,0,0,1203002.88,0,0,1203002.88,0,0,1203002.88,0,0,1203002.88,0,0,1203002.88,0,0,1203002.88,0,0,1203002.88,0,0,1203002.88,0,0,9624023,0,0,1203002.88,0,0,1203002.88,0,0,1203002.88,0,0,1480618.92,0,0,1203002.88,0,0,1480618.92,0,0,1203002.88
both_sexes,2,Pfizer,2021-05-31,COVCKD,0,0,0,0,0,0,0,0,0,0,0,0,0,0,0,0,0,0,0,0,0,0,0,0,0,0,0,0,0,0,0,0,0,0,0,0,0,0,0,0,0,0,0,0,0,0,0,0,0,0,1203002.88,0,0,1203002.88,0,0,1203002.88,0,0,1480618.92,0,0,1604003.83,0,0,1749822.36,0,0,1374860.43,0,0,1924804.6,0,0,2138671.78,0,0,2138671.78,0,0,1203002.88,0,0,1203002.88,0,0,1203002.88,0,0,1203002.88,0,0,1203002.88,0,0,1203002.88,0,0,1374860.43,0,0,1374860.43,0,0,1203002.88,0,0,1203002.88,0,0,1203002.88,0,0,1203002.88,0,0,1203002.88,0,0,1203002.88,0,0,1203002.88,0,0,1203002.88,0,0,1203002.88,0,0,1203002.88,0,0,1203002.88,0,0,1283203.07,0,0,1283203.07,0,0,1203002.88,0,0,1203002.88,0,0,1203002.88,0,0,1203002.88,0,0,1203002.88,0,0,1203002.88,0,0,1203002.88,0,0,1203002.88,0,0,1203002.88,0,0,9624023,0,0,1203002.88,0,0,1203002.88,0,0,1203002.88,0,0,1480618.92,0,0,1203002.88,0,0,1480618.92,0,0,1203002.88
both_sexes,2,Pfizer,2021-06-07,COVCKD,0,0,0,0,0,0,0,0,0,0,0,0,0,0,0,0,0,0,0,0,0,0,0,0,0,0,0,0,0,0,0,0,0,0,0,0,0,0,0,0,0,0,0,0,0,0,0,0,0,0,1203002.88,0,0,1203002.88,0,0,1203002.88,0,0,1480618.92,0,0,1604003.83,0,0,1749822.36,0,0,1374860.43,0,0,1924804.6,0,0,2138671.78,0,0,2138671.78,0,0,1203002.88,0,0,1203002.88,0,0,1203002.88,0,0,1203002.88,0,0,1203002.88,0,0,1203002.88,0,0,1374860.43,0,0,1374860.43,0,0,1203002.88,0,0,1203002.88,0,0,1203002.88,0,0,1203002.88,0,0,1203002.88,0,0,1203002.88,0,0,1203002.88,0,0,1203002.88,0,0,1203002.88,0,0,1203002.88,0,0,1203002.88,0,0,1283203.07,0,0,1283203.07,0,0,1203002.88,0,0,1203002.88,0,0,1203002.88,0,0,1203002.88,0,0,1203002.88,0,0,1203002.88,0,0,1203002.88,0,0,1203002.88,0,0,1203002.88,0,0,9624023,0,0,1203002.88,0,0,1203002.88,0,0,1203002.88,0,0,1480618.92,0,0,1203002.88,0,0,1480618.92,0,0,1203002.88
both_sexes,2,Pfizer,2021-06-14,COVCKD,0,0,0,0,0,0,0,0,0,0,0,0,0,0,0,0,0,0,0,0,0,0,0,0,0,0,0,0,0,0,0,0,0,0,0,0,0,0,0,0,0,0,0,0,0,0,0,0,0,0,1203002.88,0,0,1203002.88,0,0,1203002.88,0,0,1480618.92,0,0,1604003.83,0,0,1749822.36,0,0,1374860.43,0,0,1924804.6,0,0,2138671.78,0,0,2138671.78,0,0,1203002.88,0,0,1203002.88,0,0,1203002.88,0,0,1203002.88,0,0,1203002.88,0,0,1203002.88,0,0,1374860.43,0,0,1374860.43,0,0,1203002.88,0,0,1203002.88,0,0,1203002.88,0,0,1203002.88,0,0,1203002.88,0,0,1203002.88,0,0,1203002.88,0,0,1203002.88,0,0,1203002.88,0,0,1203002.88,0,0,1203002.88,0,0,1283203.07,0,0,1283203.07,0,0,1203002.88,0,0,1203002.88,0,0,1203002.88,0,0,1203002.88,0,0,1203002.88,0,0,1203002.88,0,0,1203002.88,0,0,1203002.88,0,0,1203002.88,0,0,9624023,0,0,1203002.88,0,0,1203002.88,0,0,1203002.88,0,0,1480618.92,0,0,1203002.88,0,0,1480618.92,0,0,1203002.88
both_sexes,2,Pfizer,2021-06-21,COVCKD,0,0,0,0,0,0,0,0,0,0,0,0,0,0,0,0,0,0,0,0,0,0,0,0,0,0,0,0,0,0,0,0,0,0,0,0,0,0,0,0,0,0,0,0,0,0,0,0,0,0,1203002.88,0,0,1203002.88,0,0,1203002.88,0,0,1480618.92,0,0,1604003.83,0,0,1749822.36,0,0,1374860.43,0,0,1924804.6,0,0,2138671.78,0,0,2138671.78,0,0,1203002.88,0,0,1203002.88,0,0,1203002.88,0,0,1203002.88,0,0,1203002.88,0,0,1203002.88,0,0,1374860.43,0,0,1374860.43,0,0,1203002.88,0,0,1203002.88,0,0,1203002.88,0,0,1203002.88,0,0,1203002.88,0,0,1203002.88,0,0,1203002.88,0,0,1203002.88,0,0,1203002.88,0,0,1203002.88,0,0,1203002.88,0,0,1283203.07,0,0,1283203.07,0,0,1203002.88,0,0,1203002.88,0,0,1203002.88,0,0,1203002.88,0,0,1203002.88,0,0,1203002.88,0,0,1203002.88,0,0,1203002.88,0,0,1203002.88,0,0,9624023,0,0,1203002.88,0,0,1203002.88,0,0,1203002.88,0,0,1480618.92,0,0,1203002.88,0,0,1480618.92,0,0,1203002.88
both_sexes,2,Pfizer,2021-06-28,COVCKD,0,0,0,0,0,0,0,0,0,0,0,0,0,0,0,0,0,0,0,0,0,0,0,0,0,0,0,0,0,0,0,0,0,0,0,0,0,0,0,0,0,0,0,0,0,0,0,0,0,0,2641888.67,0,0,2641888.67,0,0,2641888.67,0,0,3208007.67,0,0,3742675.61,0,0,4082918.85,0,0,2994140.49,0,0,4082918.85,0,0,4990234.15,0,0,4990234.15,0,0,2641888.67,0,0,2641888.67,0,0,2641888.67,0,0,2641888.67,0,0,2641888.67,0,0,2641888.67,0,0,2994140.49,0,0,2994140.49,0,0,2641888.67,0,0,2641888.67,0,0,2641888.67,0,0,2641888.67,0,0,2641888.67,0,0,2641888.67,0,0,2641888.67,0,0,2641888.67,0,0,2641888.67,0,0,2641888.67,0,0,2641888.67,0,0,2807006.71,0,0,2807006.71,0,0,2641888.67,0,0,2641888.67,0,0,2641888.67,0,0,2641888.67,0,0,2641888.67,0,0,2641888.67,0,0,2641888.67,0,0,2641888.67,0,0,2641888.67,0,0,22456053.68,0,0,2641888.67,0,0,2641888.67,0,0,2641888.67,0,0,3208007.67,0,0,2641888.67,0,0,3208007.67,0,0,2641888.67
both_sexes,1,Pfizer,2021-03-08,COVCKD,0,0,0,0,0,0,0,0,0,0,0,0,0,0,0,0,0,0,0,0,0,0,0,0,0,0,0,0,0,0,0,0,0,0,0,0,0,0,0,0,0,0,0,0,0,0,0,0,0,0,6736816.1,0,0,6736816.1,0,0,6736816.1,0,0,22456053.68,0,0,7091385.37,0,0,11228026.84,0,0,8421020.13,0,0,19248046.01,0,0,33684080.52,0,0,33684080.52,0,0,6736816.1,0,0,6736816.1,0,0,6736816.1,0,0,6736816.1,0,0,6736816.1,0,0,6736816.1,0,0,6736816.1,0,0,6736816.1,0,0,6736816.1,0,0,6736816.1,0,0,6736816.1,0,0,6736816.1,0,0,6736816.1,0,0,6736816.1,0,0,6736816.1,0,0,6736816.1,0,0,6736816.1,0,0,6736816.1,0,0,6736816.1,0,0,10364332.47,0,0,10364332.47,0,0,6736816.1,0,0,6736816.1,0,0,6736816.1,0,0,6736816.1,0,0,6736816.1,0,0,6736816.1,0,0,6736816.1,0,0,6736816.1,0,0,6736816.1,0,0,44912107.35,0,0,6736816.1,0,0,6736816.1,0,0,6736816.1,0,0,14970702.45,0,0,6736816.1,0,0,14970702.45,0,0,6736816.1
both_sexes,1,Pfizer,2021-03-15,COVCKD,0,0,0,0,0,0,0,0,0,0,0,0,0,0,0,0,0,0,0,0,0,0,0,0,0,0,0,0,0,0,0,0,0,0,0,0,0,0,0,0,0,0,0,0,0,0,0,0,0,0,3454777.49,0,0,3454777.49,0,0,3454777.49,0,0,5389452.88,0,0,4812011.5,0,0,6416015.34,0,0,5389452.88,0,0,12248756.55,0,0,7485351.23,0,0,7485351.23,0,0,3454777.49,0,0,3454777.49,0,0,3454777.49,0,0,3454777.49,0,0,3454777.49,0,0,3454777.49,0,0,3849609.2,0,0,3849609.2,0,0,3454777.49,0,0,3454777.49,0,0,3454777.49,0,0,3454777.49,0,0,3454777.49,0,0,3454777.49,0,0,3454777.49,0,0,3454777.49,0,0,3454777.49,0,0,3454777.49,0,0,3454777.49,0,0,4210510.06,0,0,4210510.06,0,0,3454777.49,0,0,3454777.49,0,0,3454777.49,0,0,3454777.49,0,0,3454777.49,0,0,3454777.49,0,0,3454777.49,0,0,3454777.49,0,0,3454777.49,0,0,19248046.01,0,0,3454777.49,0,0,3454777.49,0,0,3454777.49,0,0,7485351.23,0,0,3454777.49,0,0,7485351.23,0,0,3454777.49
both_sexes,1,Pfizer,2021-03-22,COVCKD,0,0,0,0,0,0,0,0,0,0,0,0,0,0,0,0,0,0,0,0,0,0,0,0,0,0,0,0,0,0,0,0,0,0,0,0,0,0,0,0,0,0,0,0,0,0,0,0,0,0,3545692.69,0,0,3545692.69,0,0,3545692.69,0,0,4491210.74,0,0,5614013.42,0,0,7925666,0,0,5614013.42,0,0,9624023,0,0,6416015.34,0,0,6416015.34,0,0,3545692.69,0,0,3545692.69,0,0,3545692.69,0,0,3545692.69,0,0,3545692.69,0,0,3545692.69,0,0,4346332.97,0,0,4346332.97,0,0,3545692.69,0,0,3545692.69,0,0,3545692.69,0,0,3545692.69,0,0,3545692.69,0,0,3545692.69,0,0,3545692.69,0,0,3545692.69,0,0,3545692.69,0,0,3545692.69,0,0,3545692.69,0,0,4346332.97,0,0,4346332.97,0,0,3545692.69,0,0,3545692.69,0,0,3545692.69,0,0,3545692.69,0,0,3545692.69,0,0,3545692.69,0,0,3545692.69,0,0,3545692.69,0,0,3545692.69,0,0,19248046.01,0,0,3545692.69,0,0,3545692.69,0,0,3545692.69,0,0,7925666,0,0,3545692.69,0,0,7925666,0,0,3545692.69
both_sexes,1,Pfizer,2021-03-29,COVCKD,0,0,0,0,0,0,0,0,0,0,0,0,0,0,0,0,0,0,0,0,0,0,0,0,0,0,0,0,0,0,0,0,0,0,0,0,0,0,0,0,0,0,0,0,0,0,0,0,0,0,3062189.14,0,0,3062189.14,0,0,3062189.14,0,0,3641522.22,0,0,5182166.23,0,0,7091385.37,0,0,4210510.06,0,0,7485351.23,0,0,7091385.37,0,0,7091385.37,0,0,3062189.14,0,0,3062189.14,0,0,3062189.14,0,0,3062189.14,0,0,3062189.14,0,0,3062189.14,0,0,3641522.22,0,0,3641522.22,0,0,3062189.14,0,0,3062189.14,0,0,3062189.14,0,0,3062189.14,0,0,3062189.14,0,0,3062189.14,0,0,3062189.14,0,0,3062189.14,0,0,3062189.14,0,0,3062189.14,0,0,3062189.14,0,0,3641522.22,0,0,3641522.22,0,0,3062189.14,0,0,3062189.14,0,0,3062189.14,0,0,3062189.14,0,0,3062189.14,0,0,3062189.14,0,0,3062189.14,0,0,3062189.14,0,0,3062189.14,0,0,14970702.45,0,0,3062189.14,0,0,3062189.14,0,0,3062189.14,0,0,5389452.88,0,0,3062189.14,0,0,5389452.88,0,0,3062189.14
both_sexes,1,Pfizer,2021-04-05,COVCKD,0,0,0,0,0,0,0,0,0,0,0,0,0,0,0,0,0,0,0,0,0,0,0,0,0,0,0,0,0,0,0,0,0,0,0,0,0,0,0,0,0,0,0,0,0,0,0,0,0,0,2694726.44,0,0,2694726.44,0,0,2694726.44,0,0,3368408.05,0,0,3849609.2,0,0,4812011.5,0,0,2749720.86,0,0,4210510.06,0,0,8421020.13,0,0,8421020.13,0,0,2694726.44,0,0,2694726.44,0,0,2694726.44,0,0,2694726.44,0,0,2694726.44,0,0,2694726.44,0,0,3545692.69,0,0,3545692.69,0,0,2694726.44,0,0,2694726.44,0,0,2694726.44,0,0,2694726.44,0,0,2694726.44,0,0,2694726.44,0,0,2694726.44,0,0,2694726.44,0,0,2694726.44,0,0,2694726.44,0,0,2694726.44,0,0,3368408.05,0,0,3368408.05,0,0,2694726.44,0,0,2694726.44,0,0,2694726.44,0,0,2694726.44,0,0,2694726.44,0,0,2694726.44,0,0,2694726.44,0,0,2694726.44,0,0,2694726.44,0,0,19248046.01,0,0,2694726.44,0,0,2694726.44,0,0,2694726.44,0,0,3454777.49,0,0,2694726.44,0,0,3454777.49,0,0,2694726.44
both_sexes,1,Pfizer,2021-05-24,COVCKD,0,0,0,0,0,0,0,0,0,0,0,0,0,0,0,0,0,0,0,0,0,0,0,0,0,0,0,0,0,0,0,0,0,0,0,0,0,0,0,0,0,0,0,0,0,0,0,0,0,0,4812011.5,0,0,4812011.5,0,0,4812011.5,0,0,6416015.34,0,0,9624023,0,0,19248046.01,0,0,4812011.5,0,0,6416015.34,0,0,19248046.01,0,0,19248046.01,0,0,4812011.5,0,0,4812011.5,0,0,4812011.5,0,0,4812011.5,0,0,4812011.5,0,0,4812011.5,0,0,6416015.34,0,0,6416015.34,0,0,4812011.5,0,0,4812011.5,0,0,4812011.5,0,0,4812011.5,0,0,4812011.5,0,0,4812011.5,0,0,4812011.5,0,0,4812011.5,0,0,4812011.5,0,0,4812011.5,0,0,4812011.5,0,0,6416015.34,0,0,6416015.34,0,0,4812011.5,0,0,4812011.5,0,0,4812011.5,0,0,4812011.5,0,0,4812011.5,0,0,4812011.5,0,0,4812011.5,0,0,4812011.5,0,0,4812011.5,,,0,0,0,4812011.5,0,0,4812011.5,0,0,4812011.5,0,0,6416015.34,0,0,4812011.5,0,0,6416015.34,0,0,4812011.5
both_sexes,1,Pfizer,2021-05-31,COVCKD,0,0,0,0,0,0,0,0,0,0,0,0,0,0,0,0,0,0,0,0,0,0,0,0,0,0,0,0,0,0,0,0,0,0,0,0,0,0,0,0,0,0,0,0,0,0,0,0,0,0,4812011.5,0,0,4812011.5,0,0,4812011.5,0,0,6416015.34,0,0,9624023,0,0,19248046.01,0,0,4812011.5,0,0,6416015.34,0,0,19248046.01,0,0,19248046.01,0,0,4812011.5,0,0,4812011.5,0,0,4812011.5,0,0,4812011.5,0,0,4812011.5,0,0,4812011.5,0,0,6416015.34,0,0,6416015.34,0,0,4812011.5,0,0,4812011.5,0,0,4812011.5,0,0,4812011.5,0,0,4812011.5,0,0,4812011.5,0,0,4812011.5,0,0,4812011.5,0,0,4812011.5,0,0,4812011.5,0,0,4812011.5,0,0,6416015.34,0,0,6416015.34,0,0,4812011.5,0,0,4812011.5,0,0,4812011.5,0,0,4812011.5,0,0,4812011.5,0,0,4812011.5,0,0,4812011.5,0,0,4812011.5,0,0,4812011.5,,,0,0,0,4812011.5,0,0,4812011.5,0,0,4812011.5,0,0,6416015.34,0,0,4812011.5,0,0,6416015.34,0,0,4812011.5
both_sexes,1,Pfizer,2021-06-07,COVCKD,0,0,0,0,0,0,0,0,0,0,0,0,0,0,0,0,0,0,0,0,0,0,0,0,0,0,0,0,0,0,0,0,0,0,0,0,0,0,0,0,0,0,0,0,0,0,0,0,0,0,4812011.5,0,0,4812011.5,0,0,4812011.5,0,0,6416015.34,0,0,9624023,0,0,19248046.01,0,0,4812011.5,0,0,6416015.34,0,0,19248046.01,0,0,19248046.01,0,0,4812011.5,0,0,4812011.5,0,0,4812011.5,0,0,4812011.5,0,0,4812011.5,0,0,4812011.5,0,0,6416015.34,0,0,6416015.34,0,0,4812011.5,0,0,4812011.5,0,0,4812011.5,0,0,4812011.5,0,0,4812011.5,0,0,4812011.5,0,0,4812011.5,0,0,4812011.5,0,0,4812011.5,0,0,4812011.5,0,0,4812011.5,0,0,6416015.34,0,0,6416015.34,0,0,4812011.5,0,0,4812011.5,0,0,4812011.5,0,0,4812011.5,0,0,4812011.5,0,0,4812011.5,0,0,4812011.5,0,0,4812011.5,0,0,4812011.5,,,0,0,0,4812011.5,0,0,4812011.5,0,0,4812011.5,0,0,6416015.34,0,0,4812011.5,0,0,6416015.34,0,0,4812011.5
both_sexes,1,Pfizer,2021-06-14,COVCKD,0,0,0,0,0,0,0,0,0,0,0,0,0,0,0,0,0,0,0,0,0,0,0,0,0,0,0,0,0,0,0,0,0,0,0,0,0,0,0,0,0,0,0,0,0,0,0,0,0,0,4812011.5,0,0,4812011.5,0,0,4812011.5,0,0,6416015.34,0,0,9624023,0,0,19248046.01,0,0,4812011.5,0,0,6416015.34,0,0,19248046.01,0,0,19248046.01,0,0,4812011.5,0,0,4812011.5,0,0,4812011.5,0,0,4812011.5,0,0,4812011.5,0,0,4812011.5,0,0,6416015.34,0,0,6416015.34,0,0,4812011.5,0,0,4812011.5,0,0,4812011.5,0,0,4812011.5,0,0,4812011.5,0,0,4812011.5,0,0,4812011.5,0,0,4812011.5,0,0,4812011.5,0,0,4812011.5,0,0,4812011.5,0,0,6416015.34,0,0,6416015.34,0,0,4812011.5,0,0,4812011.5,0,0,4812011.5,0,0,4812011.5,0,0,4812011.5,0,0,4812011.5,0,0,4812011.5,0,0,4812011.5,0,0,4812011.5,,,0,0,0,4812011.5,0,0,4812011.5,0,0,4812011.5,0,0,6416015.34,0,0,4812011.5,0,0,6416015.34,0,0,4812011.5
both_sexes,1,Pfizer,2021-06-21,COVCKD,0,0,0,0,0,0,0,0,0,0,0,0,0,0,0,0,0,0,0,0,0,0,0,0,0,0,0,0,0,0,0,0,0,0,0,0,0,0,0,0,0,0,0,0,0,0,0,0,0,0,4812011.5,0,0,4812011.5,0,0,4812011.5,0,0,6416015.34,0,0,9624023,0,0,19248046.01,0,0,4812011.5,0,0,6416015.34,0,0,19248046.01,0,0,19248046.01,0,0,4812011.5,0,0,4812011.5,0,0,4812011.5,0,0,4812011.5,0,0,4812011.5,0,0,4812011.5,0,0,6416015.34,0,0,6416015.34,0,0,4812011.5,0,0,4812011.5,0,0,4812011.5,0,0,4812011.5,0,0,4812011.5,0,0,4812011.5,0,0,4812011.5,0,0,4812011.5,0,0,4812011.5,0,0,4812011.5,0,0,4812011.5,0,0,6416015.34,0,0,6416015.34,0,0,4812011.5,0,0,4812011.5,0,0,4812011.5,0,0,4812011.5,0,0,4812011.5,0,0,4812011.5,0,0,4812011.5,0,0,4812011.5,0,0,4812011.5,,,0,0,0,4812011.5,0,0,4812011.5,0,0,4812011.5,0,0,6416015.34,0,0,4812011.5,0,0,6416015.34,0,0,4812011.5
both_sexes,1,Pfizer,2021-06-28,COVCKD,0,0,0,0,0,0,0,0,0,0,0,0,0,0,0,0,0,0,0,0,0,0,0,0,0,0,0,0,0,0,0,0,0,0,0,0,0,0,0,0,0,0,0,0,0,0,0,0,0,0,14970702.45,0,0,14970702.45,0,0,14970702.45,0,0,22456053.68,0,0,22456053.68,0,0,44912107.35,0,0,14970702.45,0,0,22456053.68,0,0,44912107.35,0,0,44912107.35,0,0,14970702.45,0,0,14970702.45,0,0,14970702.45,0,0,14970702.45,0,0,14970702.45,0,0,14970702.45,0,0,22456053.68,0,0,22456053.68,0,0,14970702.45,0,0,14970702.45,0,0,14970702.45,0,0,14970702.45,0,0,14970702.45,0,0,14970702.45,0,0,14970702.45,0,0,14970702.45,0,0,14970702.45,0,0,14970702.45,0,0,14970702.45,0,0,22456053.68,0,0,22456053.68,0,0,14970702.45,0,0,14970702.45,0,0,14970702.45,0,0,14970702.45,0,0,14970702.45,0,0,14970702.45,0,0,14970702.45,0,0,14970702.45,0,0,14970702.45,,,0,0,0,14970702.45,0,0,14970702.45,0,0,14970702.45,0,0,22456053.68,0,0,14970702.45,0,0,22456053.68,0,0,14970702.45
both_sexes,1,Pfizer,2021-02-01,COVCKD,0,0,0,0,0,0,0,0,0,0,0,0,0,0,0,0,0,0,0,0,0,0,0,0,0,0,0,0,0,0,0,0,0,0,0,0,0,0,0,0,0,0,0,0,0,0,0,0,0,0,44912107.35,0,0,44912107.35,0,0,44912107.35,,,0,0,0,44912107.35,,,0,0,0,44912107.35,0,0,44912107.35,,,0,,,0,0,0,44912107.35,0,0,44912107.35,0,0,44912107.35,0,0,44912107.35,0,0,44912107.35,0,0,44912107.35,0,0,44912107.35,0,0,44912107.35,0,0,44912107.35,0,0,44912107.35,0,0,44912107.35,0,0,44912107.35,0,0,44912107.35,0,0,44912107.35,0,0,44912107.35,0,0,44912107.35,0,0,44912107.35,0,0,44912107.35,0,0,44912107.35,,,0,,,0,0,0,44912107.35,0,0,44912107.35,0,0,44912107.35,0,0,44912107.35,0,0,44912107.35,0,0,44912107.35,0,0,44912107.35,0,0,44912107.35,0,0,44912107.35,,,0,0,0,44912107.35,0,0,44912107.35,0,0,44912107.35,,,0,0,0,44912107.35,,,0,0,0,44912107.35
both_sexes,1,Pfizer,2021-02-08,COVCKD,0,0,0,0,0,0,0,0,0,0,0,0,0,0,0,0,0,0,0,0,0,0,0,0,0,0,0,0,0,0,0,0,0,0,0,0,0,0,0,0,0,0,0,0,0,0,0,0,0,0,19248046.01,0,0,19248046.01,0,0,19248046.01,,,0,0,0,19248046.01,,,0,0,0,19248046.01,0,0,19248046.01,,,0,,,0,0,0,19248046.01,0,0,19248046.01,0,0,19248046.01,0,0,19248046.01,0,0,19248046.01,0,0,19248046.01,0,0,19248046.01,0,0,19248046.01,0,0,19248046.01,0,0,19248046.01,0,0,19248046.01,0,0,19248046.01,0,0,19248046.01,0,0,19248046.01,0,0,19248046.01,0,0,19248046.01,0,0,19248046.01,0,0,19248046.01,0,0,19248046.01,,,0,,,0,0,0,19248046.01,0,0,19248046.01,0,0,19248046.01,0,0,19248046.01,0,0,19248046.01,0,0,19248046.01,0,0,19248046.01,0,0,19248046.01,0,0,19248046.01,,,0,0,0,19248046.01,0,0,19248046.01,0,0,19248046.01,,,0,0,0,19248046.01,,,0,0,0,19248046.01
both_sexes,1,Pfizer,2021-02-15,COVCKD,0,0,0,0,0,0,0,0,0,0,0,0,0,0,0,0,0,0,0,0,0,0,0,0,0,0,0,0,0,0,0,0,0,0,0,0,0,0,0,0,0,0,0,0,0,0,0,0,0,0,19248046.01,0,0,19248046.01,0,0,19248046.01,,,0,0,0,19248046.01,,,0,0,0,19248046.01,0,0,19248046.01,,,0,,,0,0,0,19248046.01,0,0,19248046.01,0,0,19248046.01,0,0,19248046.01,0,0,19248046.01,0,0,19248046.01,0,0,19248046.01,0,0,19248046.01,0,0,19248046.01,0,0,19248046.01,0,0,19248046.01,0,0,19248046.01,0,0,19248046.01,0,0,19248046.01,0,0,19248046.01,0,0,19248046.01,0,0,19248046.01,0,0,19248046.01,0,0,19248046.01,,,0,,,0,0,0,19248046.01,0,0,19248046.01,0,0,19248046.01,0,0,19248046.01,0,0,19248046.01,0,0,19248046.01,0,0,19248046.01,0,0,19248046.01,0,0,19248046.01,,,0,0,0,19248046.01,0,0,19248046.01,0,0,19248046.01,,,0,0,0,19248046.01,,,0,0,0,19248046.01
both_sexes,1,Pfizer,2021-02-22,COVCKD,0,0,0,0,0,0,0,0,0,0,0,0,0,0,0,0,0,0,0,0,0,0,0,0,0,0,0,0,0,0,0,0,0,0,0,0,0,0,0,0,0,0,0,0,0,0,0,0,0,0,16842040.26,0,0,16842040.26,0,0,16842040.26,,,0,0,0,16842040.26,0,0,134736322.06,0,0,16842040.26,0,0,19248046.01,,,0,,,0,0,0,16842040.26,0,0,16842040.26,0,0,16842040.26,0,0,16842040.26,0,0,16842040.26,0,0,16842040.26,0,0,16842040.26,0,0,16842040.26,0,0,16842040.26,0,0,16842040.26,0,0,16842040.26,0,0,16842040.26,0,0,16842040.26,0,0,16842040.26,0,0,16842040.26,0,0,16842040.26,0,0,16842040.26,0,0,16842040.26,0,0,16842040.26,0,0,134736322.06,0,0,134736322.06,0,0,16842040.26,0,0,16842040.26,0,0,16842040.26,0,0,16842040.26,0,0,16842040.26,0,0,16842040.26,0,0,16842040.26,0,0,16842040.26,0,0,16842040.26,,,0,0,0,16842040.26,0,0,16842040.26,0,0,16842040.26,0,0,134736322.06,0,0,16842040.26,0,0,134736322.06,0,0,16842040.26
both_sexes,1,Pfizer,2021-03-01,COVCKD,0,0,0,0,0,0,0,0,0,0,0,0,0,0,0,0,0,0,0,0,0,0,0,0,0,0,0,0,0,0,0,0,0,0,0,0,0,0,0,0,0,0,0,0,0,0,0,0,0,0,9624023,0,0,9624023,0,0,9624023,,,0,0,0,9624023,0,0,19248046.01,0,0,9624023,0,0,19248046.01,,,0,,,0,0,0,9624023,0,0,9624023,0,0,9624023,0,0,9624023,0,0,9624023,0,0,9624023,0,0,9624023,0,0,9624023,0,0,9624023,0,0,9624023,0,0,9624023,0,0,9624023,0,0,9624023,0,0,9624023,0,0,9624023,0,0,9624023,0,0,9624023,0,0,9624023,0,0,9624023,0,0,19248046.01,0,0,19248046.01,0,0,9624023,0,0,9624023,0,0,9624023,0,0,9624023,0,0,9624023,0,0,9624023,0,0,9624023,0,0,9624023,0,0,9624023,,,0,0,0,9624023,0,0,9624023,0,0,9624023,0,0,19248046.01,0,0,9624023,0,0,19248046.01,0,0,9624023
both_sexes,2,Pfizer,2021-04-05,COVCKD,0,0,0,0,0,0,0,0,0,0,0,0,0,0,0,0,0,0,0,0,0,0,0,0,0,0,0,0,0,0,0,0,0,0,0,0,0,0,0,0,0,0,0,0,0,0,0,0,0,0,6736816.1,0,0,6736816.1,0,0,6736816.1,0,0,10364332.47,0,0,9624023,0,0,9624023,0,0,19248046.01,,,0,0,0,10364332.47,0,0,10364332.47,0,0,6736816.1,0,0,6736816.1,0,0,6736816.1,0,0,6736816.1,0,0,6736816.1,0,0,6736816.1,0,0,6736816.1,0,0,6736816.1,0,0,6736816.1,0,0,6736816.1,0,0,6736816.1,0,0,6736816.1,0,0,6736816.1,0,0,6736816.1,0,0,6736816.1,0,0,6736816.1,0,0,6736816.1,0,0,6736816.1,0,0,6736816.1,0,0,6736816.1,0,0,6736816.1,0,0,6736816.1,0,0,6736816.1,0,0,6736816.1,0,0,6736816.1,0,0,6736816.1,0,0,6736816.1,0,0,6736816.1,0,0,6736816.1,0,0,6736816.1,0,0,19248046.01,0,0,6736816.1,0,0,6736816.1,0,0,6736816.1,0,0,19248046.01,0,0,6736816.1,0,0,19248046.01,0,0,6736816.1
both_sexes,2,Pfizer,2021-04-12,COVCKD,0,0,0,0,0,0,0,0,0,0,0,0,0,0,0,0,0,0,0,0,0,0,0,0,0,0,0,0,0,0,0,0,0,0,0,0,0,0,0,0,0,0,0,0,0,0,0,0,0,0,6124378.28,0,0,6124378.28,0,0,6124378.28,0,0,8982421.47,0,0,8982421.47,0,0,8982421.47,0,0,16842040.26,,,0,0,0,9624023,0,0,9624023,0,0,6124378.28,0,0,6124378.28,0,0,6124378.28,0,0,6124378.28,0,0,6124378.28,0,0,6124378.28,0,0,6124378.28,0,0,6124378.28,0,0,6124378.28,0,0,6124378.28,0,0,6124378.28,0,0,6124378.28,0,0,6124378.28,0,0,6124378.28,0,0,6124378.28,0,0,6124378.28,0,0,6124378.28,0,0,6124378.28,0,0,6124378.28,0,0,6124378.28,0,0,6124378.28,0,0,6124378.28,0,0,6124378.28,0,0,6124378.28,0,0,6124378.28,0,0,6124378.28,0,0,6124378.28,0,0,6124378.28,0,0,6124378.28,0,0,6124378.28,0,0,19248046.01,0,0,6124378.28,0,0,6124378.28,0,0,6124378.28,0,0,16842040.26,0,0,6124378.28,0,0,16842040.26,0,0,6124378.28
both_sexes,2,Pfizer,2021-04-19,COVCKD,0,0,0,0,0,0,0,0,0,0,0,0,0,0,0,0,0,0,0,0,0,0,0,0,0,0,0,0,0,0,0,0,0,0,0,0,0,0,0,0,0,0,0,0,0,0,0,0,0,0,4210510.06,0,0,4210510.06,0,0,4210510.06,0,0,5389452.88,0,0,6124378.28,0,0,6124378.28,0,0,7485351.23,0,0,33684080.52,0,0,8982421.47,0,0,8982421.47,0,0,4210510.06,0,0,4210510.06,0,0,4210510.06,0,0,4210510.06,0,0,4210510.06,0,0,4210510.06,0,0,4346332.97,0,0,4346332.97,0,0,4210510.06,0,0,4210510.06,0,0,4210510.06,0,0,4210510.06,0,0,4210510.06,0,0,4210510.06,0,0,4210510.06,0,0,4210510.06,0,0,4210510.06,0,0,4210510.06,0,0,4210510.06,0,0,4210510.06,0,0,4210510.06,0,0,4210510.06,0,0,4210510.06,0,0,4210510.06,0,0,4210510.06,0,0,4210510.06,0,0,4210510.06,0,0,4210510.06,0,0,4210510.06,0,0,4210510.06,0,0,13473632.21,0,0,4210510.06,0,0,4210510.06,0,0,4210510.06,0,0,7485351.23,0,0,4210510.06,0,0,7485351.23,0,0,4210510.06
both_sexes,2,Pfizer,2021-04-26,COVCKD,0,0,0,0,0,0,0,0,0,0,0,0,0,0,0,0,0,0,0,0,0,0,0,0,0,0,0,0,0,0,0,0,0,0,0,0,0,0,0,0,0,0,0,0,0,0,0,0,0,0,2542194.76,0,0,2542194.76,0,0,2542194.76,0,0,2994140.49,0,0,3454777.49,0,0,3454777.49,0,0,3454777.49,0,0,5614013.42,0,0,5182166.23,0,0,5182166.23,0,0,2542194.76,0,0,2542194.76,0,0,2542194.76,0,0,2542194.76,0,0,2542194.76,0,0,2542194.76,0,0,2929050.48,0,0,2929050.48,0,0,2542194.76,0,0,2542194.76,0,0,2542194.76,0,0,2542194.76,0,0,2542194.76,0,0,2542194.76,0,0,2542194.76,0,0,2542194.76,0,0,2542194.76,0,0,2542194.76,0,0,2542194.76,0,0,2591083.12,0,0,2591083.12,0,0,2542194.76,0,0,2542194.76,0,0,2542194.76,0,0,2542194.76,0,0,2542194.76,0,0,2542194.76,0,0,2542194.76,0,0,2542194.76,0,0,2542194.76,0,0,9624023,0,0,2542194.76,0,0,2542194.76,0,0,2542194.76,0,0,3545692.69,0,0,2542194.76,0,0,3545692.69,0,0,2542194.76
both_sexes,1,Moderna,2021-04-26,COVCKD,0,0,0,0,0,0,0,0,0,0,0,0,0,0,0,0,0,0,0,0,0,0,0,0,0,0,0,0,0,0,0,0,0,0,0,0,0,0,0,0,0,0,0,0,0,0,0,0,0,0,5182166.23,0,0,5182166.23,0,0,5182166.23,0,0,5389452.88,0,0,7925666,0,0,7925666,0,0,5389452.88,0,0,5389452.88,0,0,5182166.23,0,0,5182166.23,0,0,5182166.23,0,0,5182166.23,0,0,5182166.23,0,0,5182166.23,0,0,5182166.23,0,0,5182166.23,0,0,7091385.37,0,0,7091385.37,0,0,5182166.23,0,0,5182166.23,0,0,5182166.23,0,0,5182166.23,0,0,5182166.23,0,0,5182166.23,0,0,5182166.23,0,0,5182166.23,0,0,5182166.23,0,0,5182166.23,0,0,5182166.23,0,0,5182166.23,0,0,5182166.23,0,0,5182166.23,0,0,5182166.23,0,0,5182166.23,0,0,5182166.23,0,0,5182166.23,0,0,5182166.23,0,0,5182166.23,0,0,5182166.23,0,0,5182166.23,,,0,0,0,5182166.23,0,0,5182166.23,0,0,5182166.23,0,0,5389452.88,0,0,5182166.23,0,0,5389452.88,0,0,5182166.23
both_sexes,1,Moderna,2021-05-03,COVCKD,0,0,0,0,0,0,0,0,0,0,0,0,0,0,0,0,0,0,0,0,0,0,0,0,0,0,0,0,0,0,0,0,0,0,0,0,0,0,0,0,0,0,0,0,0,0,0,0,0,0,6736816.1,0,0,6736816.1,0,0,6736816.1,0,0,6736816.1,0,0,9624023,0,0,9624023,0,0,6736816.1,0,0,6736816.1,0,0,6736816.1,0,0,6736816.1,0,0,6736816.1,0,0,6736816.1,0,0,6736816.1,0,0,6736816.1,0,0,6736816.1,0,0,6736816.1,0,0,10364332.47,0,0,10364332.47,0,0,6736816.1,0,0,6736816.1,0,0,6736816.1,0,0,6736816.1,0,0,6736816.1,0,0,6736816.1,0,0,6736816.1,0,0,6736816.1,0,0,6736816.1,0,0,6736816.1,0,0,6736816.1,0,0,6736816.1,0,0,6736816.1,0,0,6736816.1,0,0,6736816.1,0,0,6736816.1,0,0,6736816.1,0,0,6736816.1,0,0,6736816.1,0,0,6736816.1,0,0,6736816.1,0,0,6736816.1,,,0,0,0,6736816.1,0,0,6736816.1,0,0,6736816.1,0,0,6736816.1,0,0,6736816.1,0,0,6736816.1,0,0,6736816.1
both_sexes,1,Moderna,2021-05-10,COVCKD,0,0,0,0,0,0,0,0,0,0,0,0,0,0,0,0,0,0,0,0,0,0,0,0,0,0,0,0,0,0,0,0,0,0,0,0,0,0,0,0,0,0,0,0,0,0,0,0,0,0,9624023,0,0,9624023,0,0,9624023,0,0,9624023,0,0,9624023,0,0,9624023,0,0,9624023,0,0,9624023,0,0,9624023,0,0,9624023,0,0,9624023,0,0,9624023,0,0,9624023,0,0,9624023,0,0,9624023,0,0,9624023,0,0,19248046.01,0,0,19248046.01,0,0,9624023,0,0,9624023,0,0,9624023,0,0,9624023,0,0,9624023,0,0,9624023,0,0,9624023,0,0,9624023,0,0,9624023,0,0,9624023,0,0,9624023,0,0,9624023,0,0,9624023,0,0,9624023,0,0,9624023,0,0,9624023,0,0,9624023,0,0,9624023,0,0,9624023,0,0,9624023,0,0,9624023,0,0,9624023,,,0,0,0,9624023,0,0,9624023,0,0,9624023,0,0,9624023,0,0,9624023,0,0,9624023,0,0,9624023
both_sexes,1,Moderna,2021-05-17,COVCKD,0,0,0,0,0,0,0,0,0,0,0,0,0,0,0,0,0,0,0,0,0,0,0,0,0,0,0,0,0,0,0,0,0,0,0,0,0,0,0,0,0,0,0,0,0,0,0,0,0,0,9624023,0,0,9624023,0,0,9624023,0,0,9624023,0,0,9624023,0,0,9624023,0,0,9624023,0,0,9624023,0,0,9624023,0,0,9624023,0,0,9624023,0,0,9624023,0,0,9624023,0,0,9624023,0,0,9624023,0,0,9624023,0,0,19248046.01,0,0,19248046.01,0,0,9624023,0,0,9624023,0,0,9624023,0,0,9624023,0,0,9624023,0,0,9624023,0,0,9624023,0,0,9624023,0,0,9624023,0,0,9624023,0,0,9624023,0,0,9624023,0,0,9624023,0,0,9624023,0,0,9624023,0,0,9624023,0,0,9624023,0,0,9624023,0,0,9624023,0,0,9624023,0,0,9624023,0,0,9624023,,,0,0,0,9624023,0,0,9624023,0,0,9624023,0,0,9624023,0,0,9624023,0,0,9624023,0,0,9624023
both_sexes,1,Moderna,2021-05-24,COVCKD,0,0,0,0,0,0,0,0,0,0,0,0,0,0,0,0,0,0,0,0,0,0,0,0,0,0,0,0,0,0,0,0,0,0,0,0,0,0,0,0,0,0,0,0,0,0,0,0,0,0,19248046.01,0,0,19248046.01,0,0,19248046.01,0,0,19248046.01,0,0,19248046.01,0,0,19248046.01,0,0,19248046.01,0,0,19248046.01,0,0,19248046.01,0,0,19248046.01,0,0,19248046.01,0,0,19248046.01,0,0,19248046.01,0,0,19248046.01,0,0,19248046.01,0,0,19248046.01,0,0,19248046.01,0,0,19248046.01,0,0,19248046.01,0,0,19248046.01,0,0,19248046.01,0,0,19248046.01,0,0,19248046.01,0,0,19248046.01,0,0,19248046.01,0,0,19248046.01,0,0,19248046.01,0,0,19248046.01,0,0,19248046.01,0,0,19248046.01,0,0,19248046.01,0,0,19248046.01,0,0,19248046.01,0,0,19248046.01,0,0,19248046.01,0,0,19248046.01,0,0,19248046.01,0,0,19248046.01,0,0,19248046.01,0,0,19248046.01,,,0,0,0,19248046.01,0,0,19248046.01,0,0,19248046.01,0,0,19248046.01,0,0,19248046.01,0,0,19248046.01,0,0,19248046.01
both_sexes,1,Moderna,2021-05-31,COVCKD,0,0,0,0,0,0,0,0,0,0,0,0,0,0,0,0,0,0,0,0,0,0,0,0,0,0,0,0,0,0,0,0,0,0,0,0,0,0,0,0,0,0,0,0,0,0,0,0,0,0,19248046.01,0,0,19248046.01,0,0,19248046.01,0,0,19248046.01,0,0,19248046.01,0,0,19248046.01,0,0,19248046.01,0,0,19248046.01,0,0,19248046.01,0,0,19248046.01,0,0,19248046.01,0,0,19248046.01,0,0,19248046.01,0,0,19248046.01,0,0,19248046.01,0,0,19248046.01,0,0,19248046.01,0,0,19248046.01,0,0,19248046.01,0,0,19248046.01,0,0,19248046.01,0,0,19248046.01,0,0,19248046.01,0,0,19248046.01,0,0,19248046.01,0,0,19248046.01,0,0,19248046.01,0,0,19248046.01,0,0,19248046.01,0,0,19248046.01,0,0,19248046.01,0,0,19248046.01,0,0,19248046.01,0,0,19248046.01,0,0,19248046.01,0,0,19248046.01,0,0,19248046.01,0,0,19248046.01,0,0,19248046.01,0,0,19248046.01,,,0,0,0,19248046.01,0,0,19248046.01,0,0,19248046.01,0,0,19248046.01,0,0,19248046.01,0,0,19248046.01,0,0,19248046.01
both_sexes,1,Moderna,2021-06-07,COVCKD,0,0,0,0,0,0,0,0,0,0,0,0,0,0,0,0,0,0,0,0,0,0,0,0,0,0,0,0,0,0,0,0,0,0,0,0,0,0,0,0,0,0,0,0,0,0,0,0,0,0,19248046.01,0,0,19248046.01,0,0,19248046.01,0,0,19248046.01,0,0,19248046.01,0,0,19248046.01,0,0,19248046.01,0,0,19248046.01,0,0,19248046.01,0,0,19248046.01,0,0,19248046.01,0,0,19248046.01,0,0,19248046.01,0,0,19248046.01,0,0,19248046.01,0,0,19248046.01,0,0,19248046.01,0,0,19248046.01,0,0,19248046.01,0,0,19248046.01,0,0,19248046.01,0,0,19248046.01,0,0,19248046.01,0,0,19248046.01,0,0,19248046.01,0,0,19248046.01,0,0,19248046.01,0,0,19248046.01,0,0,19248046.01,0,0,19248046.01,0,0,19248046.01,0,0,19248046.01,0,0,19248046.01,0,0,19248046.01,0,0,19248046.01,0,0,19248046.01,0,0,19248046.01,0,0,19248046.01,0,0,19248046.01,0,0,19248046.01,,,0,0,0,19248046.01,0,0,19248046.01,0,0,19248046.01,0,0,19248046.01,0,0,19248046.01,0,0,19248046.01,0,0,19248046.01
both_sexes,1,Moderna,2021-06-14,COVCKD,0,0,0,0,0,0,0,0,0,0,0,0,0,0,0,0,0,0,0,0,0,0,0,0,0,0,0,0,0,0,0,0,0,0,0,0,0,0,0,0,0,0,0,0,0,0,0,0,0,0,19248046.01,0,0,19248046.01,0,0,19248046.01,0,0,19248046.01,0,0,19248046.01,0,0,19248046.01,0,0,19248046.01,0,0,19248046.01,0,0,19248046.01,0,0,19248046.01,0,0,19248046.01,0,0,19248046.01,0,0,19248046.01,0,0,19248046.01,0,0,19248046.01,0,0,19248046.01,0,0,19248046.01,0,0,19248046.01,0,0,19248046.01,0,0,19248046.01,0,0,19248046.01,0,0,19248046.01,0,0,19248046.01,0,0,19248046.01,0,0,19248046.01,0,0,19248046.01,0,0,19248046.01,0,0,19248046.01,0,0,19248046.01,0,0,19248046.01,0,0,19248046.01,0,0,19248046.01,0,0,19248046.01,0,0,19248046.01,0,0,19248046.01,0,0,19248046.01,0,0,19248046.01,0,0,19248046.01,0,0,19248046.01,0,0,19248046.01,,,0,0,0,19248046.01,0,0,19248046.01,0,0,19248046.01,0,0,19248046.01,0,0,19248046.01,0,0,19248046.01,0,0,19248046.01
both_sexes,1,Moderna,2021-06-21,COVCKD,0,0,0,0,0,0,0,0,0,0,0,0,0,0,0,0,0,0,0,0,0,0,0,0,0,0,0,0,0,0,0,0,0,0,0,0,0,0,0,0,0,0,0,0,0,0,0,0,0,0,19248046.01,0,0,19248046.01,0,0,19248046.01,0,0,19248046.01,0,0,19248046.01,0,0,19248046.01,0,0,19248046.01,0,0,19248046.01,0,0,19248046.01,0,0,19248046.01,0,0,19248046.01,0,0,19248046.01,0,0,19248046.01,0,0,19248046.01,0,0,19248046.01,0,0,19248046.01,0,0,19248046.01,0,0,19248046.01,0,0,19248046.01,0,0,19248046.01,0,0,19248046.01,0,0,19248046.01,0,0,19248046.01,0,0,19248046.01,0,0,19248046.01,0,0,19248046.01,0,0,19248046.01,0,0,19248046.01,0,0,19248046.01,0,0,19248046.01,0,0,19248046.01,0,0,19248046.01,0,0,19248046.01,0,0,19248046.01,0,0,19248046.01,0,0,19248046.01,0,0,19248046.01,0,0,19248046.01,0,0,19248046.01,0,0,19248046.01,,,0,0,0,19248046.01,0,0,19248046.01,0,0,19248046.01,0,0,19248046.01,0,0,19248046.01,0,0,19248046.01,0,0,19248046.01
both_sexes,1,Moderna,2021-06-28,COVCKD,0,0,0,0,0,0,0,0,0,0,0,0,0,0,0,0,0,0,0,0,0,0,0,0,0,0,0,0,0,0,0,0,0,0,0,0,0,0,0,0,0,0,0,0,0,0,0,0,0,0,44912107.35,0,0,44912107.35,0,0,44912107.35,0,0,44912107.35,0,0,44912107.35,0,0,44912107.35,0,0,44912107.35,0,0,44912107.35,0,0,44912107.35,0,0,44912107.35,0,0,44912107.35,0,0,44912107.35,0,0,44912107.35,0,0,44912107.35,0,0,44912107.35,0,0,44912107.35,0,0,44912107.35,0,0,44912107.35,0,0,44912107.35,0,0,44912107.35,0,0,44912107.35,0,0,44912107.35,0,0,44912107.35,0,0,44912107.35,0,0,44912107.35,0,0,44912107.35,0,0,44912107.35,0,0,44912107.35,0,0,44912107.35,0,0,44912107.35,0,0,44912107.35,0,0,44912107.35,0,0,44912107.35,0,0,44912107.35,0,0,44912107.35,0,0,44912107.35,0,0,44912107.35,0,0,44912107.35,0,0,44912107.35,0,0,44912107.35,,,0,0,0,44912107.35,0,0,44912107.35,0,0,44912107.35,0,0,44912107.35,0,0,44912107.35,0,0,44912107.35,0,0,44912107.35
both_sexes,1,Moderna,2021-03-22,COVCKD,0,0,0,0,0,0,0,0,0,0,0,0,0,0,0,0,0,0,0,0,0,0,0,0,0,0,0,0,0,0,0,0,0,0,0,0,0,0,0,0,0,0,0,0,0,0,0,0,0,0,14970702.45,0,0,67368161.03,0,0,14970702.45,0,0,14970702.45,,,0,,,0,0,0,19248046.01,0,0,19248046.01,0,0,67368161.03,0,0,67368161.03,0,0,14970702.45,0,0,14970702.45,0,0,14970702.45,0,0,14970702.45,0,0,14970702.45,0,0,14970702.45,0,0,14970702.45,0,0,14970702.45,0,0,14970702.45,0,0,14970702.45,0,0,14970702.45,0,0,14970702.45,0,0,14970702.45,0,0,14970702.45,0,0,14970702.45,0,0,14970702.45,0,0,14970702.45,0,0,14970702.45,0,0,14970702.45,0,0,14970702.45,0,0,14970702.45,0,0,14970702.45,0,0,14970702.45,0,0,14970702.45,0,0,14970702.45,0,0,14970702.45,0,0,14970702.45,0,0,14970702.45,0,0,14970702.45,0,0,14970702.45,,,0,0,0,14970702.45,0,0,14970702.45,0,0,14970702.45,0,0,19248046.01,0,0,14970702.45,0,0,19248046.01,0,0,14970702.45
both_sexes,1,Moderna,2021-03-01,COVCKD,0,0,0,0,0,0,0,0,0,0,0,0,0,0,0,0,0,0,0,0,0,0,0,0,0,0,0,0,0,0,0,0,0,0,0,0,0,0,0,0,0,0,0,0,0,0,0,0,0,0,44912107.35,,,0,0,0,44912107.35,0,0,44912107.35,,,0,,,0,0,0,44912107.35,0,0,44912107.35,,,0,,,0,0,0,44912107.35,0,0,44912107.35,0,0,44912107.35,0,0,44912107.35,0,0,44912107.35,0,0,44912107.35,0,0,44912107.35,0,0,44912107.35,0,0,44912107.35,0,0,44912107.35,0,0,44912107.35,0,0,44912107.35,0,0,44912107.35,0,0,44912107.35,0,0,44912107.35,0,0,44912107.35,0,0,44912107.35,0,0,44912107.35,0,0,44912107.35,0,0,44912107.35,0,0,44912107.35,0,0,44912107.35,0,0,44912107.35,0,0,44912107.35,0,0,44912107.35,0,0,44912107.35,0,0,44912107.35,0,0,44912107.35,0,0,44912107.35,0,0,44912107.35,,,0,0,0,44912107.35,0,0,44912107.35,0,0,44912107.35,0,0,44912107.35,0,0,44912107.35,0,0,44912107.35,0,0,44912107.35
both_sexes,1,Moderna,2021-03-08,COVCKD,0,0,0,0,0,0,0,0,0,0,0,0,0,0,0,0,0,0,0,0,0,0,0,0,0,0,0,0,0,0,0,0,0,0,0,0,0,0,0,0,0,0,0,0,0,0,0,0,0,0,19248046.01,,,0,0,0,19248046.01,0,0,19248046.01,,,0,,,0,0,0,19248046.01,0,0,19248046.01,,,0,,,0,0,0,19248046.01,0,0,19248046.01,0,0,19248046.01,0,0,19248046.01,0,0,19248046.01,0,0,19248046.01,0,0,19248046.01,0,0,19248046.01,0,0,19248046.01,0,0,19248046.01,0,0,19248046.01,0,0,19248046.01,0,0,19248046.01,0,0,19248046.01,0,0,19248046.01,0,0,19248046.01,0,0,19248046.01,0,0,19248046.01,0,0,19248046.01,0,0,19248046.01,0,0,19248046.01,0,0,19248046.01,0,0,19248046.01,0,0,19248046.01,0,0,19248046.01,0,0,19248046.01,0,0,19248046.01,0,0,19248046.01,0,0,19248046.01,0,0,19248046.01,,,0,0,0,19248046.01,0,0,19248046.01,0,0,19248046.01,0,0,19248046.01,0,0,19248046.01,0,0,19248046.01,0,0,19248046.01
both_sexes,1,Moderna,2021-03-15,COVCKD,0,0,0,0,0,0,0,0,0,0,0,0,0,0,0,0,0,0,0,0,0,0,0,0,0,0,0,0,0,0,0,0,0,0,0,0,0,0,0,0,0,0,0,0,0,0,0,0,0,0,19248046.01,,,0,0,0,19248046.01,0,0,19248046.01,,,0,,,0,0,0,19248046.01,0,0,19248046.01,,,0,,,0,0,0,19248046.01,0,0,19248046.01,0,0,19248046.01,0,0,19248046.01,0,0,19248046.01,0,0,19248046.01,0,0,19248046.01,0,0,19248046.01,0,0,19248046.01,0,0,19248046.01,0,0,19248046.01,0,0,19248046.01,0,0,19248046.01,0,0,19248046.01,0,0,19248046.01,0,0,19248046.01,0,0,19248046.01,0,0,19248046.01,0,0,19248046.01,0,0,19248046.01,0,0,19248046.01,0,0,19248046.01,0,0,19248046.01,0,0,19248046.01,0,0,19248046.01,0,0,19248046.01,0,0,19248046.01,0,0,19248046.01,0,0,19248046.01,0,0,19248046.01,,,0,0,0,19248046.01,0,0,19248046.01,0,0,19248046.01,0,0,19248046.01,0,0,19248046.01,0,0,19248046.01,0,0,19248046.01
both_sexes,2,Moderna,2021-03-29,COVCKD,0,0,0,0,0,0,0,0,0,0,0,0,0,0,0,0,0,0,0,0,0,0,0,0,0,0,0,0,0,0,0,0,0,0,0,0,0,0,0,0,0,0,0,0,0,0,0,0,0,0,44912107.35,,,0,0,0,44912107.35,0,0,44912107.35,,,0,,,0,0,0,44912107.35,0,0,44912107.35,,,0,,,0,0,0,44912107.35,0,0,44912107.35,0,0,44912107.35,0,0,44912107.35,0,0,44912107.35,0,0,44912107.35,0,0,44912107.35,0,0,44912107.35,0,0,44912107.35,0,0,44912107.35,0,0,44912107.35,0,0,44912107.35,0,0,44912107.35,0,0,44912107.35,0,0,44912107.35,0,0,44912107.35,0,0,44912107.35,0,0,44912107.35,0,0,44912107.35,0,0,44912107.35,0,0,44912107.35,0,0,44912107.35,0,0,44912107.35,0,0,44912107.35,0,0,44912107.35,0,0,44912107.35,0,0,44912107.35,0,0,44912107.35,0,0,44912107.35,0,0,44912107.35,,,0,0,0,44912107.35,0,0,44912107.35,0,0,44912107.35,0,0,44912107.35,0,0,44912107.35,0,0,44912107.35,0,0,44912107.35
both_sexes,2,Moderna,2021-04-05,COVCKD,0,0,0,0,0,0,0,0,0,0,0,0,0,0,0,0,0,0,0,0,0,0,0,0,0,0,0,0,0,0,0,0,0,0,0,0,0,0,0,0,0,0,0,0,0,0,0,0,0,0,19248046.01,,,0,0,0,19248046.01,0,0,19248046.01,,,0,,,0,0,0,19248046.01,0,0,19248046.01,,,0,,,0,0,0,19248046.01,0,0,19248046.01,0,0,19248046.01,0,0,19248046.01,0,0,19248046.01,0,0,19248046.01,0,0,19248046.01,0,0,19248046.01,0,0,19248046.01,0,0,19248046.01,0,0,19248046.01,0,0,19248046.01,0,0,19248046.01,0,0,19248046.01,0,0,19248046.01,0,0,19248046.01,0,0,19248046.01,0,0,19248046.01,0,0,19248046.01,0,0,19248046.01,0,0,19248046.01,0,0,19248046.01,0,0,19248046.01,0,0,19248046.01,0,0,19248046.01,0,0,19248046.01,0,0,19248046.01,0,0,19248046.01,0,0,19248046.01,0,0,19248046.01,,,0,0,0,19248046.01,0,0,19248046.01,0,0,19248046.01,0,0,19248046.01,0,0,19248046.01,0,0,19248046.01,0,0,19248046.01
both_sexes,2,Moderna,2021-04-12,COVCKD,0,0,0,0,0,0,0,0,0,0,0,0,0,0,0,0,0,0,0,0,0,0,0,0,0,0,0,0,0,0,0,0,0,0,0,0,0,0,0,0,0,0,0,0,0,0,0,0,0,0,19248046.01,,,0,0,0,19248046.01,0,0,19248046.01,,,0,,,0,0,0,19248046.01,0,0,19248046.01,,,0,,,0,0,0,19248046.01,0,0,19248046.01,0,0,19248046.01,0,0,19248046.01,0,0,19248046.01,0,0,19248046.01,0,0,19248046.01,0,0,19248046.01,0,0,19248046.01,0,0,19248046.01,0,0,19248046.01,0,0,19248046.01,0,0,19248046.01,0,0,19248046.01,0,0,19248046.01,0,0,19248046.01,0,0,19248046.01,0,0,19248046.01,0,0,19248046.01,0,0,19248046.01,0,0,19248046.01,0,0,19248046.01,0,0,19248046.01,0,0,19248046.01,0,0,19248046.01,0,0,19248046.01,0,0,19248046.01,0,0,19248046.01,0,0,19248046.01,0,0,19248046.01,,,0,0,0,19248046.01,0,0,19248046.01,0,0,19248046.01,0,0,19248046.01,0,0,19248046.01,0,0,19248046.01,0,0,19248046.01
both_sexes,2,Pfizer,2021-03-29,COVCKD,0,0,0,0,0,0,0,0,0,0,0,0,0,0,0,0,0,0,0,0,0,0,0,0,0,0,0,0,0,0,0,0,0,0,0,0,0,0,0,0,0,0,0,0,0,0,0,0,0,0,14970702.45,0,0,14970702.45,0,0,14970702.45,0,0,67368161.03,0,0,14970702.45,0,0,14970702.45,0,0,19248046.01,,,0,0,0,67368161.03,0,0,67368161.03,0,0,14970702.45,0,0,14970702.45,0,0,14970702.45,0,0,14970702.45,0,0,14970702.45,0,0,14970702.45,0,0,14970702.45,0,0,14970702.45,0,0,14970702.45,0,0,14970702.45,0,0,14970702.45,0,0,14970702.45,0,0,14970702.45,0,0,14970702.45,0,0,14970702.45,0,0,14970702.45,0,0,14970702.45,0,0,14970702.45,0,0,14970702.45,0,0,14970702.45,0,0,14970702.45,0,0,14970702.45,0,0,14970702.45,0,0,14970702.45,0,0,14970702.45,0,0,14970702.45,0,0,14970702.45,0,0,14970702.45,0,0,14970702.45,0,0,14970702.45,0,0,67368161.03,0,0,14970702.45,0,0,14970702.45,0,0,14970702.45,0,0,19248046.01,0,0,14970702.45,0,0,19248046.01,0,0,14970702.45
both_sexes,2,Pfizer,2021-03-22,COVCKD,0,0,0,0,0,0,0,0,0,0,0,0,0,0,0,0,0,0,0,0,0,0,0,0,0,0,0,0,0,0,0,0,0,0,0,0,0,0,0,0,0,0,0,0,0,0,0,0,0,0,22456053.68,0,0,22456053.68,0,0,22456053.68,,,0,0,0,22456053.68,0,0,22456053.68,0,0,22456053.68,,,0,,,0,,,0,0,0,22456053.68,0,0,22456053.68,0,0,22456053.68,0,0,22456053.68,0,0,22456053.68,0,0,22456053.68,0,0,22456053.68,0,0,22456053.68,0,0,22456053.68,0,0,22456053.68,0,0,22456053.68,0,0,22456053.68,0,0,22456053.68,0,0,22456053.68,0,0,22456053.68,0,0,22456053.68,0,0,22456053.68,0,0,22456053.68,0,0,22456053.68,0,0,22456053.68,0,0,22456053.68,0,0,22456053.68,0,0,22456053.68,0,0,22456053.68,0,0,22456053.68,0,0,22456053.68,0,0,22456053.68,0,0,22456053.68,0,0,22456053.68,0,0,22456053.68,,,0,0,0,22456053.68,0,0,22456053.68,0,0,22456053.68,0,0,22456053.68,0,0,22456053.68,0,0,22456053.68,0,0,22456053.68
both_sexes,0,0,2020-01-06,COVDIAB,0,0,0,1,0,0,0,0,0,0,0,0,0,0,0,0,0,0,0,0,0,0,0,0,0,0,0,0,0,0,0,0,0,0,0,0,0,0,0,0,0,0,0,0,0,0,0,0,0,0,44364.94,0,0,44262.92,0,0,44262.92,13659.31,345.82,76104.81,0,0,45411.64,0,0,45953.73,0,0,44570.4,0,0,45626.93,0,0,45304.75,0,0,45304.75,0,0,44262.92,0,0,44262.92,0,0,44262.92,0,0,44262.92,0,0,44262.92,0,0,44262.92,0,0,44673.85,0,0,44777.77,0,0,44262.92,0,0,44262.92,0,0,44364.94,0,0,44262.92,0,0,44262.92,0,0,44262.92,0,0,44262.92,0,0,44262.92,0,0,44262.92,0,0,44262.92,0,0,44262.92,0,0,44673.85,0,0,44987.09,0,0,44262.92,0,0,44262.92,0,0,44364.94,0,0,44364.94,0,0,44262.92,0,0,44262.92,0,0,44262.92,0,0,44262.92,0,0,44262.92,0,0,88293.79,0,0,44262.92,0,0,44262.92,0,0,44262.92,0,0,44987.09,0,0,44364.94,0,0,45092.48,0,0,44262.92
both_sexes,0,0,2020-01-13,COVDIAB,0,0,0,1,0,1,1,1,1,1,0,0,0,0,0,0,1,1,0,0,0,0,0,0,0,0,0,0,0,0,0,0,0,0,0,0,0,1,0,0,1,1,0,1,0,0,0,0,0,0,44496.8,0,0,44394.18,0,0,44394.18,13710.59,347.12,76390.49,0,0,45549.8,12508.56,316.69,69693.24,12130.52,307.12,67586.94,12419.25,314.43,69195.61,12331.2,312.2,68705.02,12331.2,312.2,68705.02,0,0,44394.18,0,0,44394.18,0,0,44394.18,0,0,44394.18,0,0,44394.18,0,0,44394.18,12150.7,307.63,67699.36,12179.06,308.35,67857.38,0,0,44394.18,0,0,44394.18,0,0,44496.8,0,0,44394.18,0,0,44394.18,0,0,44394.18,0,0,44394.18,0,0,44394.18,0,0,44394.18,0,0,44394.18,0,0,44394.18,0,0,44807.56,0,0,45122.68,0,0,44394.18,0,0,44394.18,0,0,44496.8,0,0,44496.8,0,0,44394.18,0,0,44394.18,0,0,44394.18,0,0,44394.18,0,0,44394.18,23935.12,605.98,133357.98,0,0,44394.18,0,0,44394.18,12034.6,304.69,67052.48,12244.38,310,68221.35,0,0,44496.8,12273.19,310.73,68381.81,0,0,44394.18
both_sexes,0,0,2020-01-20,COVDIAB,0,0,0,0,0,0,0,0,1,1,0,0,0,0,0,0,0,0,0,0,0,0,0,0,0,0,0,0,0,0,0,0,0,0,0,0,0,0,0,0,0,0,0,0,0,0,0,0,0,0,44555.66,0,0,44452.76,0,0,44452.76,0,0,50652.75,0,0,45611.48,0,0,46269.34,0,0,44867.24,0,0,45938.06,12389.76,313.68,69031.3,12389.76,313.68,69031.3,0,0,44452.76,0,0,44452.76,0,0,44452.76,0,0,44452.76,0,0,44452.76,0,0,44452.76,0,0,44972.07,0,0,45077.39,0,0,44452.76,0,0,44452.76,0,0,44555.66,0,0,44452.76,0,0,44452.76,0,0,44452.76,0,0,44452.76,0,0,44452.76,0,0,44452.76,0,0,44452.76,0,0,44452.76,0,0,44867.24,0,0,45183.21,0,0,44452.76,0,0,44452.76,0,0,44555.66,0,0,44555.66,0,0,44452.76,0,0,44452.76,0,0,44452.76,0,0,44452.76,0,0,44452.76,0,0,88700.67,0,0,44452.76,0,0,44452.76,0,0,44452.76,0,0,45289.52,0,0,44555.66,0,0,45396.33,0,0,44452.76
both_sexes,0,0,2020-01-27,COVDIAB,0,0,0,1,0,0,0,0,0,0,0,0,0,0,0,0,1,1,0,0,0,0,0,0,0,0,1,1,0,0,0,0,0,0,0,0,0,1,0,0,0,1,0,1,0,0,0,0,0,0,44555.66,0,0,44452.76,0,0,44452.76,13762.25,348.43,76678.33,0,0,45611.48,0,0,46269.34,0,0,44867.24,0,0,45938.06,0,0,45719.82,0,0,45719.82,0,0,44452.76,0,0,44452.76,0,0,44452.76,0,0,44452.76,0,0,44452.76,0,0,44452.76,12191.26,308.66,67925.33,12219.81,309.38,68084.4,0,0,44452.76,0,0,44452.76,0,0,44555.66,0,0,44452.76,0,0,44452.76,0,0,44452.76,0,0,44452.76,0,0,44452.76,0,0,44452.76,0,0,44452.76,0,0,44452.76,12170.94,308.14,67812.15,12256.71,310.31,68290.03,0,0,44452.76,0,0,44452.76,0,0,44555.66,0,0,44555.66,0,0,44452.76,0,0,44452.76,0,0,44452.76,0,0,44452.76,0,0,44452.76,24093.01,609.98,134237.65,0,0,44452.76,0,0,44452.76,0,0,44452.76,12285.57,311.04,68450.82,0,0,44555.66,12314.57,311.78,68612.37,0,0,44452.76
both_sexes,0,0,2020-02-03,COVDIAB,0,0,0,2,0,0,0,0,0,0,0,0,0,0,0,0,0,0,0,0,0,0,0,0,0,0,0,0,0,0,0,0,0,0,0,0,0,2,0,0,0,0,0,0,0,0,0,0,0,0,44555.66,0,0,44452.76,0,0,44452.76,27597.28,3342.16,99690.86,0,0,45611.48,0,0,46269.34,0,0,44867.24,0,0,45938.06,0,0,45719.82,0,0,45719.82,0,0,44452.76,0,0,44452.76,0,0,44452.76,0,0,44452.76,0,0,44452.76,0,0,44452.76,0,0,45077.39,0,0,45183.21,0,0,44452.76,0,0,44452.76,0,0,44555.66,0,0,44452.76,0,0,44452.76,0,0,44452.76,0,0,44452.76,0,0,44452.76,0,0,44452.76,0,0,44452.76,0,0,44452.76,0,0,44972.07,0,0,45289.52,0,0,44452.76,0,0,44452.76,0,0,44555.66,0,0,44555.66,0,0,44452.76,0,0,44452.76,0,0,44452.76,0,0,44452.76,0,0,44452.76,48377.48,5858.74,174756.1,0,0,44452.76,0,0,44452.76,0,0,44452.76,0,0,45396.33,0,0,44555.66,0,0,45503.65,0,0,44452.76
both_sexes,0,0,2020-02-10,COVDIAB,0,0,0,0,0,0,0,0,0,0,0,0,0,0,0,0,0,0,0,0,0,0,0,0,0,0,0,0,0,0,0,0,0,0,0,0,0,0,0,0,0,0,0,0,0,0,0,0,0,0,44585.15,0,0,44482.11,0,0,44482.11,0,0,51094.55,0,0,45642.39,0,0,46301.14,0,0,44897.14,0,0,45969.4,0,0,45750.87,0,0,45750.87,0,0,44482.11,0,0,44482.11,0,0,44482.11,0,0,44482.11,0,0,44482.11,0,0,44482.11,0,0,45107.57,0,0,45213.53,0,0,44482.11,0,0,44482.11,0,0,44585.15,0,0,44482.11,0,0,44482.11,0,0,44482.11,0,0,44482.11,0,0,44482.11,0,0,44482.11,0,0,44482.11,0,0,44482.11,0,0,45002.11,0,0,45319.99,0,0,44482.11,0,0,44482.11,0,0,44585.15,0,0,44585.15,0,0,44482.11,0,0,44482.11,0,0,44482.11,0,0,44482.11,0,0,44482.11,0,0,89944.14,0,0,44482.11,0,0,44482.11,0,0,44482.11,0,0,45426.95,0,0,44585.15,0,0,45534.41,0,0,44482.11
both_sexes,0,0,2020-02-17,COVDIAB,0,0,0,0,0,0,0,1,0,0,0,0,0,0,0,0,0,0,0,0,0,0,0,0,0,0,0,0,0,0,0,0,0,0,0,0,0,0,0,0,0,0,0,0,0,0,0,0,0,0,44718.33,0,0,44614.68,0,0,44614.68,0,0,51191.61,0,0,45719.82,0,0,46380.83,0,0,45032.19,12517.14,316.91,69741.01,0,0,45891.12,0,0,45891.12,0,0,44614.68,0,0,44614.68,0,0,44614.68,0,0,44614.68,0,0,44614.68,0,0,44614.68,0,0,45243.9,0,0,45350.5,0,0,44614.68,0,0,44614.68,0,0,44718.33,0,0,44614.68,0,0,44614.68,0,0,44614.68,0,0,44614.68,0,0,44614.68,0,0,44614.68,0,0,44614.68,0,0,44614.68,0,0,45137.8,0,0,45457.6,0,0,44614.68,0,0,44614.68,0,0,44718.33,0,0,44718.33,0,0,44614.68,0,0,44614.68,0,0,44614.68,0,0,44614.68,0,0,44614.68,0,0,89944.14,0,0,44614.68,0,0,44614.68,0,0,44614.68,0,0,45565.21,0,0,44718.33,0,0,45673.33,0,0,44614.68
both_sexes,0,0,2020-02-24,COVDIAB,0,0,0,1,0,0,0,0,0,0,0,0,0,0,0,0,0,0,0,0,0,0,0,0,0,0,0,0,0,0,0,0,0,0,0,0,0,0,0,0,1,0,0,0,0,0,0,0,0,0,44792.66,0,0,44688.66,0,0,44688.66,13887.83,351.61,77378.05,0,0,45750.87,0,0,46380.83,0,0,45107.57,0,0,46301.14,0,0,45969.4,0,0,45969.4,0,0,44688.66,0,0,44688.66,0,0,44688.66,0,0,44688.66,0,0,44688.66,0,0,44688.66,0,0,45289.52,0,0,45396.33,0,0,44688.66,0,0,44688.66,0,0,44792.66,0,0,44688.66,0,0,44688.66,0,0,44688.66,0,0,44688.66,0,0,44688.66,0,0,44688.66,0,0,44688.66,0,0,44688.66,0,0,45213.53,0,0,45503.65,0,0,44688.66,0,0,44688.66,0,0,44792.66,0,0,44792.66,0,0,44688.66,0,0,44688.66,0,0,44688.66,0,0,44688.66,0,0,44688.66,0,0,89944.14,0,0,44688.66,0,0,44688.66,12114.43,306.71,67497.27,0,0,45642.39,0,0,44792.66,0,0,45750.87,0,0,44688.66
both_sexes,0,0,2020-03-02,COVDIAB,0,0,1,3,0,0,0,0,0,0,0,0,0,0,0,0,0,0,0,0,0,0,0,0,0,0,0,0,0,0,0,0,0,0,0,0,0,0,0,0,0,0,0,0,0,0,0,0,0,0,44867.24,0,0,44762.9,12138.58,307.32,67631.86,41774.69,8614.94,122083.36,0,0,45828.68,0,0,46380.83,0,0,45183.21,0,0,46380.83,0,0,46047.96,0,0,46047.96,0,0,44762.9,0,0,44762.9,0,0,44762.9,0,0,44762.9,0,0,44762.9,0,0,44762.9,0,0,45289.52,0,0,45396.33,0,0,44762.9,0,0,44762.9,0,0,44867.24,0,0,44762.9,0,0,44762.9,0,0,44762.9,0,0,44762.9,0,0,44762.9,0,0,44762.9,0,0,44762.9,0,0,44762.9,0,0,45289.52,0,0,45503.65,0,0,44762.9,0,0,44762.9,0,0,44867.24,0,0,44867.24,0,0,44762.9,0,0,44762.9,0,0,44762.9,0,0,44762.9,0,0,44762.9,0,0,89944.14,0,0,44762.9,0,0,44762.9,0,0,44762.9,0,0,45719.82,0,0,44867.24,0,0,45828.68,0,0,44762.9
both_sexes,0,0,2020-03-09,COVDIAB,0,0,0,2,1,1,0,0,1,1,0,0,0,0,0,0,0,0,0,0,0,0,0,0,0,0,0,0,0,0,0,0,0,0,0,0,0,1,0,0,0,0,0,0,0,0,0,0,0,0,44927.08,0,0,44822.46,0,0,44927.08,28139.45,3407.82,101649.35,12453.12,315.29,69384.34,12603.52,319.09,70222.32,0,0,45243.9,0,0,46444.79,12504.28,316.58,69669.39,12504.28,316.58,69669.39,0,0,44822.46,0,0,44822.46,0,0,44822.46,0,0,44822.46,0,0,44822.46,0,0,44822.46,0,0,45350.5,0,0,45457.6,0,0,44822.46,0,0,44822.46,0,0,44927.08,0,0,44822.46,0,0,44822.46,0,0,44822.46,0,0,44822.46,0,0,44822.46,0,0,44822.46,0,0,44822.46,0,0,44822.46,0,0,45350.5,0,0,45565.21,0,0,44822.46,0,0,44822.46,0,0,44927.08,0,0,44927.08,0,0,44822.46,0,0,44822.46,0,0,44822.46,0,0,44822.46,0,0,44822.46,24496.98,620.21,136488.45,0,0,44822.46,0,0,44822.46,0,0,44822.46,0,0,45781.96,0,0,44927.08,0,0,45891.12,0,0,44822.46
both_sexes,0,0,2020-03-16,COVDIAB,0,0,0,2,0,2,0,1,1,1,0,0,0,0,0,0,0,0,0,0,1,0,0,0,0,0,0,0,0,0,0,0,0,0,0,0,0,0,0,0,0,0,0,0,0,0,0,0,0,0,45002.11,0,0,44897.14,0,0,45002.11,28368.93,3435.61,102478.34,0,0,46079.45,25338.19,3068.57,91530.25,0,0,45319.99,12620.94,319.53,70319.38,12560.18,318,69980.84,12560.18,318,69980.84,0,0,44897.14,0,0,44897.14,0,0,44897.14,0,0,44897.14,0,0,44897.14,0,0,44897.14,0,0,45426.95,0,0,45534.41,0,0,44897.14,0,0,44897.14,0,0,45002.11,0,0,44897.14,12187.19,308.55,67902.66,0,0,44897.14,0,0,44897.14,0,0,44897.14,0,0,44897.14,0,0,44897.14,0,0,44897.14,0,0,45426.95,0,0,45642.39,0,0,44897.14,0,0,44897.14,0,0,45002.11,0,0,45002.11,0,0,44897.14,0,0,44897.14,0,0,44897.14,0,0,44897.14,0,0,44897.14,0,0,90915.2,0,0,44897.14,0,0,44897.14,0,0,44897.14,0,0,45859.88,0,0,45002.11,0,0,45969.4,0,0,44897.14
both_sexes,0,0,2020-03-23,COVDIAB,0,0,0,0,0,0,0,0,0,0,0,0,0,0,0,0,0,0,0,0,0,0,0,0,0,0,0,0,0,0,0,0,0,0,0,0,0,1,0,0,1,0,0,0,0,0,0,0,0,0,45107.57,0,0,45002.11,0,0,45107.57,0,0,52610.82,0,0,46174.2,0,0,46962.82,0,0,45426.95,0,0,46750.98,0,0,46524.97,0,0,46524.97,0,0,45002.11,0,0,45002.11,0,0,45002.11,0,0,45002.11,0,0,45002.11,0,0,45002.11,0,0,45534.41,0,0,45642.39,0,0,45002.11,0,0,45002.11,0,0,45107.57,0,0,45002.11,0,0,45107.57,0,0,45002.11,0,0,45002.11,0,0,45002.11,0,0,45002.11,0,0,45002.11,0,0,45002.11,0,0,45534.41,0,0,45750.87,0,0,45002.11,0,0,45002.11,0,0,45107.57,0,0,45107.57,0,0,45002.11,0,0,45002.11,0,0,45002.11,0,0,45002.11,0,0,45002.11,24762.71,626.94,137969,0,0,45002.11,0,0,45002.11,12199.4,308.86,67970.7,0,0,45969.4,0,0,45107.57,0,0,46079.45,0,0,45002.11
both_sexes,0,0,2020-03-30,COVDIAB,0,0,1,1,0,0,0,1,1,1,0,0,0,0,0,0,0,0,0,0,0,0,0,1,0,0,1,1,0,0,0,0,0,0,0,0,0,1,0,1,0,1,0,1,0,0,0,0,0,0,45289.52,0,0,45183.21,12293.84,311.25,68496.89,14317.91,362.5,79774.31,0,0,46269.34,0,0,47061.24,0,0,45611.48,12744.24,322.66,71006.38,12673.49,320.87,70612.17,12673.49,320.87,70612.17,0,0,45183.21,0,0,45183.21,0,0,45183.21,0,0,45183.21,0,0,45183.21,0,0,45183.21,0,0,45719.82,0,0,45828.68,0,0,45183.21,0,0,45183.21,0,0,45289.52,0,0,45183.21,0,0,45289.52,0,0,45183.21,0,0,45183.21,0,0,45183.21,12256.71,310.31,68290.03,0,0,45183.21,0,0,45183.21,12402.38,314,69101.62,12461.62,315.5,69431.69,0,0,45183.21,0,0,45183.21,0,0,45289.52,0,0,45289.52,0,0,45183.21,0,0,45183.21,0,0,45183.21,0,0,45183.21,0,0,45183.21,24948.77,631.65,139005.65,0,0,45183.21,12256.71,310.31,68290.03,0,0,45183.21,12521.43,317.02,69764.92,0,0,45289.52,12551.55,317.78,69932.74,0,0,45183.21
both_sexes,0,0,2020-04-06,COVDIAB,0,0,0,1,0,0,0,1,0,0,0,0,0,0,0,0,1,1,0,0,0,0,0,0,0,0,0,0,0,0,0,0,0,0,0,0,0,2,0,0,0,0,0,0,0,0,0,0,0,0,45289.52,0,0,45183.21,0,0,45396.33,14357.31,363.5,79993.82,0,0,46269.34,0,0,47061.24,0,0,45611.48,12770.98,323.33,71155.34,0,0,46832.23,0,0,46832.23,0,0,45183.21,0,0,45183.21,0,0,45183.21,0,0,45183.21,0,0,45183.21,0,0,45183.21,12406.59,314.11,69125.09,12436.16,314.86,69289.85,0,0,45183.21,0,0,45183.21,0,0,45289.52,0,0,45183.21,0,0,45289.52,0,0,45183.21,0,0,45183.21,0,0,45183.21,0,0,45289.52,0,0,45183.21,0,0,45183.21,0,0,45828.68,0,0,46047.96,0,0,45183.21,0,0,45183.21,0,0,45289.52,0,0,45289.52,0,0,45183.21,0,0,45183.21,0,0,45183.21,0,0,45183.21,0,0,45183.21,50171.7,6076.03,181237.44,0,0,45183.21,0,0,45289.52,0,0,45183.21,0,0,46269.34,0,0,45289.52,0,0,46380.83,0,0,45183.21
both_sexes,0,0,2020-04-13,COVDIAB,0,0,0,0,0,0,0,0,0,0,0,0,0,0,0,0,0,0,0,0,0,0,0,0,1,1,0,0,0,0,0,0,0,0,0,0,0,0,0,0,0,0,0,0,0,0,0,1,0,0,45335.24,0,0,45228.71,0,0,45442.27,0,0,53087.6,0,0,46317.06,0,0,47110.6,0,0,45657.85,0,0,47226.19,0,0,46832.23,0,0,46832.23,0,0,45228.71,0,0,45228.71,0,0,45228.71,0,0,45228.71,0,0,45228.71,0,0,45228.71,0,0,45875.49,0,0,45985.09,0,0,45228.71,0,0,45228.71,0,0,45335.24,0,0,45228.71,0,0,45335.24,12281.44,310.94,68427.8,0,0,45228.71,0,0,45228.71,0,0,45335.24,12264.94,310.52,68335.89,12264.94,310.52,68335.89,0,0,45875.49,0,0,46095.22,0,0,45228.71,0,0,45228.71,0,0,45335.24,0,0,45335.24,0,0,45228.71,0,0,45228.71,0,0,45228.71,0,0,45228.71,0,0,45228.71,0,0,93178.65,0,0,45228.71,0,0,45335.24,0,0,45228.71,0,0,46317.06,0,0,45335.24,0,0,46428.78,0,0,45228.71
both_sexes,0,0,2020-04-20,COVDIAB,0,0,0,1,0,0,0,1,0,0,0,0,0,0,0,0,0,0,0,0,0,0,0,0,0,0,0,0,0,0,0,0,0,0,0,0,0,1,0,0,0,0,0,0,0,0,0,0,0,0,45503.65,0,0,45396.33,0,0,45611.48,14465.35,366.23,80595.75,0,0,46492.86,0,0,47292.5,0,0,45828.68,12860.92,325.61,71656.43,0,0,46946.45,0,0,46946.45,0,0,45396.33,0,0,45396.33,0,0,45396.33,0,0,45396.33,0,0,45396.33,0,0,45396.33,0,0,46047.96,0,0,46158.38,0,0,45396.33,0,0,45396.33,0,0,45503.65,0,0,45396.33,0,0,45503.65,0,0,45503.65,0,0,45396.33,0,0,45396.33,0,0,45503.65,0,0,45503.65,0,0,45503.65,0,0,46047.96,0,0,46269.34,0,0,45396.33,0,0,45396.33,0,0,45503.65,0,0,45503.65,0,0,45396.33,0,0,45396.33,0,0,45396.33,0,0,45396.33,0,0,45396.33,25559.83,647.12,142410.27,0,0,45396.33,0,0,45503.65,0,0,45396.33,0,0,46492.86,0,0,45503.65,0,0,46605.44,0,0,45396.33
both_sexes,0,0,2020-04-27,COVDIAB,0,0,0,0,0,0,0,0,1,1,0,0,0,0,0,0,0,0,0,0,0,0,0,0,0,0,0,0,0,0,0,0,0,0,0,0,0,0,0,0,0,0,0,0,0,0,0,0,0,0,45503.65,0,0,45396.33,0,0,45611.48,0,0,53466.79,0,0,46492.86,0,0,47292.5,0,0,45828.68,0,0,47526.04,12739.8,322.54,70981.61,12739.8,322.54,70981.61,0,0,45396.33,0,0,45396.33,0,0,45396.33,0,0,45396.33,0,0,45396.33,0,0,45396.33,0,0,46047.96,0,0,46158.38,0,0,45396.33,0,0,45396.33,0,0,45503.65,0,0,45396.33,0,0,45503.65,0,0,45503.65,0,0,45396.33,0,0,45396.33,0,0,45503.65,0,0,45503.65,0,0,45503.65,0,0,46047.96,0,0,46269.34,0,0,45396.33,0,0,45396.33,0,0,45503.65,0,0,45503.65,0,0,45396.33,0,0,45396.33,0,0,45396.33,0,0,45396.33,0,0,45396.33,0,0,94353.17,0,0,45396.33,0,0,45503.65,0,0,45396.33,0,0,46492.86,0,0,45503.65,0,0,46605.44,0,0,45396.33
both_sexes,0,0,2020-05-04,COVDIAB,0,0,0,0,0,0,0,0,1,1,0,0,0,0,0,0,0,0,0,0,0,0,0,0,0,0,0,0,0,0,0,0,0,0,0,0,0,0,0,0,0,0,0,0,0,0,0,0,0,0,45503.65,0,0,45396.33,0,0,45611.48,0,0,53466.79,0,0,46492.86,0,0,47292.5,0,0,45828.68,0,0,47526.04,12762.05,323.11,71105.62,12762.05,323.11,71105.62,0,0,45396.33,0,0,45396.33,0,0,45396.33,0,0,45396.33,0,0,45396.33,0,0,45396.33,0,0,46047.96,0,0,46158.38,0,0,45396.33,0,0,45396.33,0,0,45503.65,0,0,45396.33,0,0,45503.65,0,0,45503.65,0,0,45396.33,0,0,45396.33,0,0,45503.65,0,0,45503.65,0,0,45503.65,0,0,46047.96,0,0,46269.34,0,0,45396.33,0,0,45396.33,0,0,45503.65,0,0,45503.65,0,0,45396.33,0,0,45396.33,0,0,45396.33,0,0,45396.33,0,0,45396.33,0,0,94353.17,0,0,45396.33,0,0,45503.65,0,0,45396.33,0,0,46492.86,0,0,45503.65,0,0,46605.44,0,0,45396.33
both_sexes,0,0,2020-05-11,COVDIAB,0,0,0,1,0,0,0,0,0,0,0,0,0,0,0,0,0,0,0,0,0,0,0,0,0,0,0,0,0,0,0,0,0,0,0,0,0,0,0,0,2,0,0,0,0,0,0,0,0,0,45596.05,0,0,45488.29,0,0,45704.32,14494.05,366.96,80755.66,0,0,46589.32,0,0,47392.3,0,0,45922.4,0,0,47626.84,0,0,47275.9,0,0,47275.9,0,0,45488.29,0,0,45488.29,0,0,45488.29,0,0,45488.29,0,0,45488.29,0,0,45488.29,0,0,46142.58,0,0,46253.46,0,0,45488.29,0,0,45488.29,0,0,45596.05,0,0,45488.29,0,0,45596.05,0,0,45549.8,0,0,45488.29,0,0,45488.29,0,0,45596.05,0,0,45503.65,0,0,45503.65,0,0,46142.58,0,0,46364.87,0,0,45488.29,0,0,45488.29,0,0,45596.05,0,0,45596.05,0,0,45488.29,0,0,45488.29,0,0,45488.29,0,0,45488.29,0,0,45488.29,0,0,94353.17,0,0,45488.29,0,0,45596.05,24662.39,2986.73,89089.03,0,0,46589.32,0,0,45596.05,0,0,46702.36,0,0,45488.29
both_sexes,0,0,2020-05-18,COVDIAB,0,0,0,0,0,0,0,0,2,2,0,0,0,0,0,0,1,1,0,0,0,0,0,0,0,0,0,0,0,0,0,0,0,0,0,0,0,1,0,0,0,0,0,0,0,0,0,0,0,0,45750.87,0,0,45642.39,0,0,45859.88,0,0,53658.43,0,0,46605.44,0,0,47408.98,0,0,46079.45,0,0,47795.79,25676.63,3109.56,92752.8,25676.63,3109.56,92752.8,0,0,45642.39,0,0,45642.39,0,0,45642.39,0,0,45642.39,0,0,45642.39,0,0,45642.39,12525.72,317.12,69788.85,12555.86,317.89,69956.78,0,0,45642.39,0,0,45642.39,0,0,45750.87,0,0,45642.39,0,0,45750.87,0,0,45642.39,0,0,45642.39,0,0,45642.39,0,0,45642.39,0,0,45642.39,0,0,45642.39,0,0,46190.03,0,0,46412.79,0,0,45642.39,0,0,45642.39,0,0,45750.87,0,0,45750.87,0,0,45642.39,0,0,45642.39,0,0,45642.39,0,0,45642.39,0,0,45642.39,25613.6,648.48,142709.87,0,0,45642.39,0,0,45642.39,0,0,45642.39,0,0,46637.7,0,0,45750.87,0,0,46750.98,0,0,45642.39
both_sexes,0,0,2020-05-25,COVDIAB,0,0,0,0,0,0,0,0,0,0,0,0,0,0,0,0,0,0,0,0,0,0,0,0,0,0,0,0,0,0,0,0,0,0,0,0,0,0,0,0,0,0,0,0,0,0,0,0,0,0,45938.06,0,0,45828.68,0,0,46047.96,0,0,53916.1,0,0,46718.56,0,0,47526.04,0,0,46269.34,0,0,48000.11,0,0,47643.68,0,0,47643.68,0,0,45828.68,0,0,45828.68,0,0,45828.68,0,0,45828.68,0,0,45828.68,0,0,45828.68,0,0,46492.86,0,0,46605.44,0,0,45828.68,0,0,45828.68,0,0,45938.06,0,0,45828.68,0,0,45938.06,0,0,45828.68,0,0,45828.68,0,0,45828.68,0,0,45828.68,0,0,45828.68,0,0,45828.68,0,0,46380.83,0,0,46605.44,0,0,45828.68,0,0,45828.68,0,0,45938.06,0,0,45938.06,0,0,45828.68,0,0,45828.68,0,0,45828.68,0,0,45828.68,0,0,45828.68,0,0,95287.36,0,0,45828.68,0,0,45828.68,0,0,45828.68,0,0,46832.23,0,0,45938.06,0,0,46946.45,0,0,45828.68
both_sexes,0,0,2020-06-01,COVDIAB,0,0,0,0,1,1,1,1,0,0,0,0,0,0,0,0,0,0,0,0,0,0,0,0,0,0,0,0,0,0,0,0,0,0,0,0,0,0,0,0,0,1,0,1,0,0,0,0,0,0,45938.06,0,0,45828.68,0,0,46047.96,0,0,53916.1,12677.89,320.98,70636.68,12897.25,326.53,71858.85,12555.86,317.89,69956.78,13026.03,329.79,72576.42,0,0,47643.68,0,0,47643.68,0,0,45828.68,0,0,45828.68,0,0,45828.68,0,0,45828.68,0,0,45828.68,0,0,45828.68,0,0,46492.86,0,0,46605.44,0,0,45828.68,0,0,45828.68,0,0,45938.06,0,0,45828.68,0,0,45938.06,0,0,45828.68,0,0,45828.68,0,0,45828.68,0,0,45828.68,0,0,45828.68,0,0,45828.68,0,0,46380.83,0,0,46605.44,0,0,45828.68,0,0,45828.68,0,0,45938.06,0,0,45938.06,0,0,45828.68,0,0,45828.68,0,0,45828.68,0,0,45828.68,0,0,45828.68,0,0,95287.36,0,0,45828.68,0,0,45828.68,0,0,45828.68,12708.77,321.76,70808.72,0,0,45938.06,12739.8,322.54,70981.61,0,0,45828.68
both_sexes,0,0,2020-06-08,COVDIAB,0,0,0,0,0,0,0,0,0,0,0,0,0,0,0,0,0,0,0,0,0,0,0,0,0,0,0,0,0,0,0,0,0,0,0,0,0,0,0,0,0,0,0,0,0,0,0,0,0,0,45938.06,0,0,45828.68,0,0,46047.96,0,0,53916.1,0,0,46832.23,0,0,47643.68,0,0,46380.83,0,0,48120.12,0,0,47643.68,0,0,47643.68,0,0,45828.68,0,0,45828.68,0,0,45828.68,0,0,45828.68,0,0,45828.68,0,0,45828.68,0,0,46492.86,0,0,46605.44,0,0,45828.68,0,0,45828.68,0,0,45938.06,0,0,45828.68,0,0,45938.06,0,0,45828.68,0,0,45828.68,0,0,45828.68,0,0,45828.68,0,0,45828.68,0,0,45828.68,0,0,46380.83,0,0,46605.44,0,0,45828.68,0,0,45828.68,0,0,45938.06,0,0,45938.06,0,0,45828.68,0,0,45828.68,0,0,45828.68,0,0,45828.68,0,0,45828.68,0,0,95287.36,0,0,45828.68,0,0,45828.68,0,0,45828.68,0,0,46946.45,0,0,45938.06,0,0,47061.24,0,0,45828.68
both_sexes,0,0,2020-06-15,COVDIAB,0,0,0,0,0,0,0,0,0,0,0,0,0,0,0,0,0,0,0,0,0,0,0,0,0,0,0,0,0,0,0,0,0,0,0,0,0,1,0,0,1,0,0,0,0,0,0,0,0,0,45938.06,0,0,45828.68,0,0,46047.96,0,0,53916.1,0,0,46832.23,0,0,47643.68,0,0,46380.83,0,0,48120.12,0,0,47643.68,0,0,47643.68,0,0,45828.68,0,0,45828.68,0,0,45828.68,0,0,45828.68,0,0,45828.68,0,0,45828.68,0,0,46492.86,0,0,46605.44,0,0,45828.68,0,0,45828.68,0,0,45938.06,0,0,45828.68,0,0,45938.06,0,0,45828.68,0,0,45828.68,0,0,45828.68,0,0,45828.68,0,0,45828.68,0,0,45828.68,0,0,46380.83,0,0,46605.44,0,0,45828.68,0,0,45828.68,0,0,45938.06,0,0,45938.06,0,0,45828.68,0,0,45828.68,0,0,45828.68,0,0,45828.68,0,0,45828.68,25904.26,655.84,144329.27,0,0,45828.68,0,0,45828.68,12423.47,314.54,69219.14,0,0,46946.45,0,0,45938.06,0,0,47061.24,0,0,45828.68
both_sexes,0,0,2020-06-22,COVDIAB,0,0,0,1,0,0,0,0,1,1,0,0,0,0,0,0,0,0,0,0,0,0,0,0,0,0,0,0,0,0,0,0,0,0,0,0,0,0,0,0,0,0,0,0,0,0,0,0,0,0,46095.22,0,0,45985.09,0,0,46205.87,14668.67,371.38,81728.62,0,0,46995.58,0,0,47795.79,0,0,46541.04,0,0,48292.59,12961.32,328.15,72215.85,12961.32,328.15,72215.85,0,0,45985.09,0,0,45985.09,0,0,45985.09,0,0,45985.09,0,0,45985.09,0,0,45985.09,0,0,46653.85,0,0,46767.21,0,0,45985.09,0,0,45985.09,0,0,46095.22,0,0,45985.09,0,0,46095.22,0,0,45985.09,0,0,45985.09,0,0,45985.09,0,0,45985.09,0,0,45985.09,0,0,45985.09,0,0,46541.04,0,0,46767.21,0,0,45985.09,0,0,45985.09,0,0,46095.22,0,0,46095.22,0,0,45985.09,0,0,45985.09,0,0,45985.09,0,0,45985.09,0,0,45985.09,0,0,95897.74,0,0,45985.09,0,0,45985.09,0,0,45985.09,0,0,47110.6,0,0,46095.22,0,0,47226.19,0,0,45985.09
both_sexes,0,0,2020-06-29,COVDIAB,0,0,0,0,0,0,0,0,0,0,0,0,0,0,0,0,0,0,0,0,0,0,0,0,0,0,0,0,0,0,0,0,0,0,0,0,0,1,0,0,0,0,0,0,0,0,0,0,0,0,46301.14,0,0,46190.03,0,0,46412.79,0,0,54416.93,0,0,47209.64,0,0,47914.77,0,0,46750.98,0,0,48518.66,0,0,48154.51,0,0,48154.51,0,0,46190.03,0,0,46190.03,0,0,46190.03,0,0,46190.03,0,0,46190.03,0,0,46190.03,0,0,46864.81,0,0,46979.19,0,0,46190.03,0,0,46190.03,0,0,46301.14,0,0,46190.03,0,0,46301.14,0,0,46190.03,0,0,46190.03,0,0,46190.03,0,0,46190.03,0,0,46190.03,0,0,46190.03,0,0,46750.98,0,0,46979.19,0,0,46190.03,0,0,46190.03,0,0,46301.14,0,0,46301.14,0,0,46190.03,0,0,46190.03,0,0,46190.03,0,0,46190.03,0,0,46190.03,26182.8,662.89,145881.2,0,0,46190.03,0,0,46190.03,0,0,46190.03,0,0,47325.72,0,0,46301.14,0,0,47442.37,0,0,46190.03
both_sexes,0,0,2020-07-06,COVDIAB,0,0,0,0,0,0,0,0,1,1,0,0,0,0,0,0,0,0,0,0,0,0,0,0,0,0,0,0,0,0,0,0,0,0,0,0,0,1,0,0,2,0,0,0,0,0,0,0,0,0,46460.8,0,0,46348.92,0,0,46573.22,0,0,54637.6,0,0,47375.64,0,0,48085.77,0,0,46913.76,0,0,48694.01,13110.19,331.92,73045.32,13110.19,331.92,73045.32,0,0,46348.92,0,0,46348.92,0,0,46348.92,0,0,46348.92,0,0,46348.92,0,0,46348.92,0,0,47028.38,0,0,47143.57,0,0,46348.92,0,0,46348.92,0,0,46460.8,0,0,46348.92,0,0,46460.8,0,0,46348.92,0,0,46348.92,0,0,46348.92,0,0,46348.92,0,0,46348.92,0,0,46348.92,0,0,46913.76,0,0,47143.57,0,0,46348.92,0,0,46348.92,0,0,46460.8,0,0,46460.8,0,0,46348.92,0,0,46348.92,0,0,46348.92,0,0,46348.92,0,0,46348.92,26467.39,670.1,147466.87,0,0,46348.92,0,0,46348.92,25129,3043.24,90774.58,0,0,47492.54,0,0,46460.8,0,0,47610.01,0,0,46348.92
both_sexes,0,0,2020-07-13,COVDIAB,0,0,0,2,0,0,1,1,0,0,0,0,0,0,0,0,0,0,0,0,0,0,0,0,0,0,0,0,0,0,0,0,0,0,0,0,0,0,0,0,0,1,0,1,0,0,0,0,0,0,46605.44,0,0,46492.86,0,0,46718.56,29816.33,3610.9,107706.82,0,0,47526.04,0,0,48240.72,12779.92,323.56,71205.13,13267.34,335.9,73920.91,0,0,48606.18,0,0,48606.18,0,0,46492.86,0,0,46492.86,0,0,46492.86,0,0,46492.86,0,0,46492.86,0,0,46492.86,0,0,47176.58,0,0,47292.5,0,0,46492.86,0,0,46492.86,0,0,46605.44,0,0,46492.86,0,0,46605.44,0,0,46492.86,0,0,46492.86,0,0,46492.86,0,0,46492.86,0,0,46492.86,0,0,46492.86,0,0,47061.24,0,0,47292.5,0,0,46492.86,0,0,46492.86,0,0,46605.44,0,0,46605.44,0,0,46492.86,0,0,46492.86,0,0,46492.86,0,0,46492.86,0,0,46492.86,0,0,97705.82,0,0,46492.86,0,0,46492.86,0,0,46492.86,12938.36,327.57,72087.95,0,0,46605.44,12970.53,328.39,72267.14,0,0,46492.86
both_sexes,0,0,2020-07-20,COVDIAB,0,0,0,0,0,0,0,0,0,0,0,0,0,0,0,0,0,0,0,0,0,0,0,0,0,0,0,0,0,0,0,0,0,0,0,0,0,0,0,0,0,0,0,0,0,0,0,0,0,0,46605.44,0,0,46492.86,0,0,46718.56,0,0,55151.99,0,0,47526.04,0,0,48240.72,0,0,47176.58,0,0,48977.22,0,0,48606.18,0,0,48606.18,0,0,46492.86,0,0,46492.86,0,0,46492.86,0,0,46492.86,0,0,46492.86,0,0,46492.86,0,0,47176.58,0,0,47292.5,0,0,46492.86,0,0,46492.86,0,0,46605.44,0,0,46492.86,0,0,46605.44,0,0,46492.86,0,0,46492.86,0,0,46492.86,0,0,46492.86,0,0,46492.86,0,0,46492.86,0,0,47061.24,0,0,47292.5,0,0,46492.86,0,0,46492.86,0,0,46605.44,0,0,46605.44,0,0,46492.86,0,0,46492.86,0,0,46492.86,0,0,46492.86,0,0,46492.86,0,0,97705.82,0,0,46492.86,0,0,46492.86,0,0,46492.86,0,0,47761.9,0,0,46605.44,0,0,47880.71,0,0,46492.86
both_sexes,0,0,2020-07-27,COVDIAB,0,0,0,1,0,0,0,0,0,0,0,0,0,0,0,0,0,0,0,0,0,0,0,0,0,0,0,0,0,0,0,0,0,0,0,0,0,0,0,0,0,0,0,0,0,0,0,0,0,0,46605.44,0,0,46492.86,0,0,46718.56,14987.69,379.46,83506.06,0,0,47526.04,0,0,48240.72,0,0,47176.58,0,0,48977.22,0,0,48606.18,0,0,48606.18,0,0,46492.86,0,0,46492.86,0,0,46492.86,0,0,46492.86,0,0,46492.86,0,0,46492.86,0,0,47176.58,0,0,47292.5,0,0,46492.86,0,0,46492.86,0,0,46605.44,0,0,46492.86,0,0,46605.44,0,0,46492.86,0,0,46492.86,0,0,46492.86,0,0,46492.86,0,0,46492.86,0,0,46492.86,0,0,47061.24,0,0,47292.5,0,0,46492.86,0,0,46492.86,0,0,46605.44,0,0,46605.44,0,0,46492.86,0,0,46492.86,0,0,46492.86,0,0,46492.86,0,0,46492.86,0,0,97705.82,0,0,46492.86,0,0,46492.86,0,0,46492.86,0,0,47761.9,0,0,46605.44,0,0,47880.71,0,0,46492.86
both_sexes,0,0,2020-08-03,COVDIAB,0,0,0,0,0,0,0,0,0,0,0,0,0,0,0,0,2,2,0,0,0,0,0,0,0,0,0,0,0,0,0,0,0,0,0,0,0,0,0,0,0,0,0,0,0,0,0,0,0,0,46621.56,0,0,46508.91,0,0,46734.76,0,0,55333.19,0,0,47542.81,0,0,48258,0,0,47193.11,0,0,48995.03,0,0,48623.72,0,0,48623.72,0,0,46508.91,0,0,46508.91,0,0,46508.91,0,0,46508.91,0,0,46508.91,0,0,46508.91,25631.58,3104.1,92590.08,25694.69,3111.75,92818.05,0,0,46508.91,0,0,46508.91,0,0,46621.56,0,0,46508.91,0,0,46621.56,0,0,46508.91,0,0,46508.91,0,0,46508.91,0,0,46508.91,0,0,46508.91,0,0,46508.91,0,0,47077.68,0,0,47309.1,0,0,46508.91,0,0,46508.91,0,0,46621.56,0,0,46621.56,0,0,46508.91,0,0,46508.91,0,0,46508.91,0,0,46508.91,0,0,46508.91,0,0,97705.82,0,0,46508.91,0,0,46508.91,0,0,46508.91,0,0,47778.84,0,0,46621.56,0,0,47897.73,0,0,46508.91
both_sexes,0,0,2020-08-10,COVDIAB,0,0,0,0,0,0,0,0,0,0,0,0,0,0,0,0,0,0,0,0,0,0,0,0,0,0,0,0,0,0,0,0,0,0,0,0,0,0,0,0,0,0,0,0,0,0,0,0,0,0,46718.56,0,0,46605.44,0,0,46832.23,0,0,55469.87,0,0,47643.68,0,0,48361.92,0,0,47292.5,0,0,49102.16,0,0,48729.23,0,0,48729.23,0,0,46605.44,0,0,46605.44,0,0,46605.44,0,0,46605.44,0,0,46605.44,0,0,46605.44,0,0,47526.04,0,0,47643.68,0,0,46605.44,0,0,46605.44,0,0,46718.56,0,0,46605.44,0,0,46718.56,0,0,46605.44,0,0,46605.44,0,0,46605.44,0,0,46605.44,0,0,46605.44,0,0,46605.44,0,0,47176.58,0,0,47408.98,0,0,46605.44,0,0,46605.44,0,0,46718.56,0,0,46718.56,0,0,46605.44,0,0,46605.44,0,0,46605.44,0,0,46605.44,0,0,46605.44,0,0,97705.82,0,0,46605.44,0,0,46605.44,0,0,46605.44,0,0,47880.71,0,0,46718.56,0,0,48000.11,0,0,46605.44
both_sexes,0,0,2020-08-17,COVDIAB,0,0,0,0,0,0,0,0,0,0,0,0,0,1,0,0,0,0,0,0,0,0,0,0,0,0,0,0,0,0,0,0,0,0,0,0,0,1,0,0,0,0,0,0,0,0,0,0,0,0,46783.45,0,0,46670.01,0,0,46897.43,0,0,55561.37,0,0,47711.16,0,0,48431.46,0,0,47358.99,0,0,49173.84,0,0,48799.83,0,0,48799.83,0,0,46670.01,0,0,46670.01,0,0,46670.01,12651.54,320.31,70489.88,0,0,46670.01,0,0,46670.01,0,0,47593.19,0,0,47711.16,0,0,46670.01,0,0,46670.01,0,0,46783.45,0,0,46670.01,0,0,46783.45,0,0,46670.01,0,0,46670.01,0,0,46670.01,0,0,46670.01,0,0,46670.01,0,0,46670.01,0,0,47242.75,0,0,47475.8,0,0,46670.01,0,0,46670.01,0,0,46783.45,0,0,46783.45,0,0,46670.01,0,0,46670.01,0,0,46670.01,0,0,46670.01,0,0,46670.01,26582.97,673.02,148110.83,0,0,46670.01,0,0,46670.01,0,0,46670.01,0,0,47948.87,0,0,46783.45,0,0,48068.61,0,0,46670.01
both_sexes,0,0,2020-08-24,COVDIAB,0,0,0,0,0,0,0,1,1,1,0,0,0,0,0,0,0,0,0,0,0,0,0,0,0,0,0,0,0,0,0,0,0,0,0,0,0,0,0,0,0,0,0,0,0,0,0,0,0,0,46864.81,0,0,46750.98,0,0,46979.19,0,0,55676.17,0,0,47795.79,0,0,48518.66,0,0,47442.37,13364.43,338.36,74461.86,13272.17,336.02,73947.77,13272.17,336.02,73947.77,0,0,46750.98,0,0,46750.98,0,0,46750.98,0,0,46864.81,0,0,46750.98,0,0,46750.98,0,0,47677.4,0,0,47795.79,0,0,46750.98,0,0,46750.98,0,0,46864.81,0,0,46750.98,0,0,46864.81,0,0,46750.98,0,0,46750.98,0,0,46750.98,0,0,46750.98,0,0,46750.98,0,0,46750.98,0,0,47325.72,0,0,47559.59,0,0,46750.98,0,0,46750.98,0,0,46864.81,0,0,46864.81,0,0,46750.98,0,0,46750.98,0,0,46750.98,0,0,46750.98,0,0,46750.98,0,0,98707.93,0,0,46750.98,0,0,46750.98,0,0,46750.98,0,0,48034.34,0,0,46864.81,0,0,48154.51,0,0,46750.98
both_sexes,0,0,2020-08-31,COVDIAB,0,0,0,0,0,0,0,0,0,0,0,0,0,0,0,0,0,0,0,0,0,0,0,0,0,0,0,0,0,0,0,0,0,0,0,0,0,0,0,0,0,0,0,0,0,0,0,0,0,0,46979.19,0,0,46864.81,0,0,47094.14,0,0,55837.68,0,0,47914.77,0,0,48641.27,0,0,47559.59,0,0,49517.21,0,0,49137.97,0,0,49137.97,0,0,46864.81,0,0,46864.81,0,0,46864.81,0,0,46979.19,0,0,46864.81,0,0,46864.81,0,0,47795.79,0,0,47914.77,0,0,46864.81,0,0,46864.81,0,0,46979.19,0,0,46864.81,0,0,46979.19,0,0,46864.81,0,0,46864.81,0,0,46864.81,0,0,46864.81,0,0,46864.81,0,0,46864.81,0,0,47442.37,0,0,47677.4,0,0,46864.81,0,0,46864.81,0,0,46979.19,0,0,46979.19,0,0,46864.81,0,0,46864.81,0,0,46864.81,0,0,46864.81,0,0,46864.81,0,0,98707.93,0,0,46864.81,0,0,46864.81,0,0,46864.81,0,0,48154.51,0,0,46979.19,0,0,48275.29,0,0,46864.81
both_sexes,0,0,2020-09-07,COVDIAB,0,0,0,0,0,0,0,0,0,0,0,0,0,0,0,0,0,0,0,0,0,0,0,0,0,0,0,0,0,0,0,0,0,0,0,0,0,0,0,0,0,0,0,0,0,0,0,0,0,0,47061.24,0,0,46946.45,0,0,47176.58,0,0,55953.62,0,0,48000.11,0,0,48729.23,0,0,47643.68,0,0,49608.37,0,0,49227.74,0,0,49227.74,0,0,46946.45,0,0,46946.45,0,0,46946.45,0,0,47061.24,0,0,46946.45,0,0,46946.45,0,0,47880.71,0,0,48000.11,0,0,46946.45,0,0,46946.45,0,0,47061.24,0,0,46946.45,0,0,47061.24,0,0,46946.45,0,0,46946.45,0,0,46946.45,0,0,46946.45,0,0,46946.45,0,0,46946.45,0,0,47526.04,0,0,47761.9,0,0,46946.45,0,0,46946.45,0,0,47061.24,0,0,47061.24,0,0,46946.45,0,0,46946.45,0,0,46946.45,0,0,46946.45,0,0,46946.45,0,0,98707.93,0,0,46946.45,0,0,46946.45,0,0,46946.45,0,0,48240.72,0,0,47061.24,0,0,48361.92,0,0,46946.45
both_sexes,0,0,2020-09-14,COVDIAB,0,0,0,0,0,0,0,0,0,0,0,0,0,0,0,0,0,0,0,0,0,0,0,0,0,0,0,0,0,0,0,0,0,0,0,0,0,1,0,0,0,0,0,0,0,0,0,0,0,0,47061.24,0,0,46946.45,0,0,47176.58,0,0,55953.62,0,0,48000.11,0,0,48729.23,0,0,47643.68,0,0,49608.37,0,0,49227.74,0,0,49227.74,0,0,46946.45,0,0,46946.45,0,0,46946.45,0,0,47061.24,0,0,46946.45,0,0,46946.45,0,0,47880.71,0,0,48000.11,0,0,46946.45,0,0,46946.45,0,0,47061.24,0,0,46946.45,0,0,47061.24,0,0,46946.45,0,0,46946.45,0,0,46946.45,0,0,46946.45,0,0,46946.45,0,0,46946.45,0,0,47526.04,0,0,47761.9,0,0,46946.45,0,0,46946.45,0,0,47061.24,0,0,47061.24,0,0,46946.45,0,0,46946.45,0,0,46946.45,0,0,46946.45,0,0,46946.45,26817.18,678.95,149415.77,0,0,46946.45,0,0,46946.45,0,0,46946.45,0,0,48240.72,0,0,47061.24,0,0,48361.92,0,0,46946.45
both_sexes,0,0,2020-09-21,COVDIAB,0,0,0,0,0,1,0,0,1,1,0,0,0,0,0,0,0,0,0,0,0,0,0,0,0,0,0,0,0,0,0,0,0,0,0,0,0,0,0,0,0,0,0,0,0,0,0,0,0,0,47160.07,0,0,47044.81,0,0,47275.9,0,0,56093.39,0,0,48102.94,13257.71,335.66,73867.25,0,0,47744.98,0,0,49718.2,13393.84,339.1,74625.7,13393.84,339.1,74625.7,0,0,47044.81,0,0,47044.81,0,0,47044.81,0,0,47160.07,0,0,47044.81,0,0,47044.81,0,0,47983.02,0,0,48102.94,0,0,47044.81,0,0,47044.81,0,0,47160.07,0,0,47044.81,0,0,47160.07,0,0,47044.81,0,0,47044.81,0,0,47044.81,0,0,47044.81,0,0,47044.81,0,0,47044.81,0,0,47626.84,0,0,47863.7,0,0,47044.81,0,0,47044.81,0,0,47160.07,0,0,47160.07,0,0,47044.81,0,0,47044.81,0,0,47044.81,0,0,47044.81,0,0,47044.81,0,0,99216.73,0,0,47044.81,0,0,47044.81,0,0,47044.81,0,0,48344.57,0,0,47160.07,0,0,48466.3,0,0,47044.81
both_sexes,0,0,2020-09-28,COVDIAB,0,0,0,1,0,0,0,0,0,0,0,0,0,0,0,0,0,0,0,0,0,0,0,0,0,0,0,0,0,0,0,0,0,0,0,0,0,0,0,0,1,0,0,0,0,0,0,0,0,0,47408.98,0,0,47292.5,0,0,47526.04,15333.75,388.22,85434.2,0,0,48361.92,0,0,49227.74,0,0,48000.11,0,0,49994.92,0,0,49736.55,0,0,49736.55,0,0,47292.5,0,0,47292.5,0,0,47292.5,0,0,47408.98,0,0,47292.5,0,0,47292.5,0,0,48240.72,0,0,48361.92,0,0,47292.5,0,0,47292.5,0,0,47408.98,0,0,47292.5,0,0,47408.98,0,0,47292.5,0,0,47292.5,0,0,47292.5,0,0,47292.5,0,0,47292.5,0,0,47292.5,0,0,47880.71,0,0,48120.12,0,0,47292.5,0,0,47292.5,0,0,47408.98,0,0,47408.98,0,0,47292.5,0,0,47292.5,0,0,47292.5,0,0,47292.5,0,0,47292.5,0,0,99216.73,0,0,47292.5,0,0,47292.5,12820.29,324.58,71430.07,0,0,48606.18,0,0,47408.98,0,0,48729.23,0,0,47292.5
both_sexes,0,0,2020-10-05,COVDIAB,0,0,0,1,0,0,0,0,0,0,0,0,0,0,0,0,0,0,0,0,0,0,0,0,0,0,0,0,0,0,0,0,0,0,0,0,0,1,0,0,0,0,0,0,0,0,0,0,0,0,47643.68,0,0,47526.04,0,0,47761.9,15411.39,390.18,85866.78,0,0,48606.18,0,0,49480.84,0,0,48240.72,0,0,50255.99,0,0,49994.92,0,0,49994.92,0,0,47526.04,0,0,47526.04,0,0,47526.04,0,0,47643.68,0,0,47526.04,0,0,47526.04,0,0,48483.74,0,0,48606.18,0,0,47526.04,0,0,47526.04,0,0,47643.68,0,0,47526.04,0,0,47643.68,0,0,47526.04,0,0,47526.04,0,0,47526.04,0,0,47526.04,0,0,47526.04,0,0,47526.04,0,0,48120.12,0,0,48361.92,0,0,47526.04,0,0,47526.04,0,0,47643.68,0,0,47643.68,0,0,47526.04,0,0,47526.04,0,0,47526.04,0,0,47526.04,0,0,47526.04,27055.56,684.99,150743.91,0,0,47526.04,0,0,47526.04,0,0,47526.04,0,0,48852.91,0,0,47643.68,0,0,48977.22,0,0,47526.04
both_sexes,0,0,2020-10-12,COVDIAB,0,0,0,0,0,0,0,1,0,0,0,0,0,0,0,0,0,0,0,0,0,0,0,0,0,0,0,0,0,0,0,0,0,0,0,0,0,0,0,0,0,0,0,0,0,0,0,0,0,0,47643.68,0,0,47526.04,0,0,47761.9,0,0,56946.88,0,0,48606.18,0,0,49480.84,0,0,48240.72,13654.21,345.69,76076.36,0,0,49994.92,0,0,49994.92,0,0,47526.04,0,0,47526.04,0,0,47526.04,0,0,47643.68,0,0,47526.04,0,0,47526.04,0,0,48483.74,0,0,48606.18,0,0,47526.04,0,0,47526.04,0,0,47643.68,0,0,47526.04,0,0,47643.68,0,0,47526.04,0,0,47526.04,0,0,47526.04,0,0,47526.04,0,0,47526.04,0,0,47526.04,0,0,48120.12,0,0,48361.92,0,0,47526.04,0,0,47526.04,0,0,47643.68,0,0,47643.68,0,0,47526.04,0,0,47526.04,0,0,47526.04,0,0,47526.04,0,0,47526.04,0,0,100250.24,0,0,47526.04,0,0,47526.04,0,0,47526.04,0,0,48852.91,0,0,47643.68,0,0,48977.22,0,0,47526.04
both_sexes,0,0,2020-10-19,COVDIAB,0,0,0,1,0,0,0,0,0,0,0,0,0,0,0,0,0,0,0,0,0,0,0,0,0,0,0,0,0,0,0,0,0,0,0,0,0,1,0,0,1,0,0,0,0,0,0,0,0,0,47744.98,0,0,47626.84,0,0,47863.7,15489.82,392.17,86303.76,0,0,48711.61,0,0,49590.11,0,0,48344.57,0,0,50500.87,0,0,50106.48,0,0,50106.48,0,0,47626.84,0,0,47626.84,0,0,47626.84,0,0,47694.27,0,0,47626.84,0,0,47626.84,0,0,48588.65,0,0,48711.61,0,0,47626.84,0,0,47626.84,0,0,47744.98,0,0,47626.84,0,0,47744.98,0,0,47626.84,0,0,47626.84,0,0,47626.84,0,0,47626.84,0,0,47626.84,0,0,47626.84,0,0,48223.45,0,0,48466.3,0,0,47626.84,0,0,47626.84,0,0,47744.98,0,0,47744.98,0,0,47626.84,0,0,47626.84,0,0,47626.84,0,0,47626.84,0,0,47626.84,27216.84,689.07,151642.53,0,0,47626.84,0,0,47626.84,12910.92,326.88,71935.06,0,0,48959.42,0,0,47744.98,0,0,49084.27,0,0,47626.84
both_sexes,0,0,2020-10-26,COVDIAB,0,0,0,0,0,0,0,0,0,0,0,0,0,0,0,0,0,0,0,0,0,0,0,0,0,0,0,0,0,0,0,0,0,0,0,0,0,1,0,0,0,0,0,0,0,0,0,0,0,0,47880.71,0,0,47761.9,0,0,48000.11,0,0,57285.85,0,0,48852.91,0,0,49736.55,0,0,48483.74,0,0,50652.75,0,0,50255.99,0,0,50255.99,0,0,47761.9,0,0,47761.9,0,0,47761.9,0,0,47761.9,0,0,47761.9,0,0,47761.9,0,0,48729.23,0,0,48852.91,0,0,47761.9,0,0,47761.9,0,0,47880.71,0,0,47761.9,0,0,47880.71,0,0,47761.9,0,0,47761.9,0,0,47761.9,0,0,47761.9,0,0,47761.9,0,0,47761.9,0,0,48361.92,0,0,48606.18,0,0,47761.9,0,0,47761.9,0,0,47880.71,0,0,47880.71,0,0,47761.9,0,0,47761.9,0,0,47761.9,0,0,47761.9,0,0,47761.9,27400.6,693.72,152666.37,0,0,47761.9,0,0,47761.9,0,0,47761.9,0,0,49102.16,0,0,47880.71,0,0,49227.74,0,0,47761.9
both_sexes,0,0,2020-11-02,COVDIAB,0,0,0,0,0,0,0,0,0,0,0,0,0,0,0,0,0,0,0,0,0,0,0,0,0,0,0,0,0,0,0,0,0,0,0,0,0,2,0,0,0,0,0,0,0,0,0,0,0,0,48000.11,0,0,47880.71,0,0,48120.12,0,0,57456.85,0,0,48977.22,0,0,49865.4,0,0,48606.18,0,0,50786.4,0,0,50387.55,0,0,50387.55,0,0,47880.71,0,0,47880.71,0,0,47880.71,0,0,47880.71,0,0,47880.71,0,0,47880.71,0,0,48852.91,0,0,48977.22,0,0,47880.71,0,0,47880.71,0,0,48000.11,0,0,47880.71,0,0,48000.11,0,0,47880.71,0,0,47880.71,0,0,47880.71,0,0,47880.71,0,0,47880.71,0,0,47880.71,0,0,48483.74,0,0,48729.23,0,0,47880.71,0,0,47880.71,0,0,48000.11,0,0,48000.11,0,0,47880.71,0,0,47880.71,0,0,47880.71,0,0,47880.71,0,0,47880.71,55340.91,6702.04,199910.39,0,0,47880.71,0,0,47880.71,0,0,47880.71,0,0,49227.74,0,0,48000.11,0,0,49353.96,0,0,47880.71
both_sexes,0,0,2020-11-09,COVDIAB,0,0,0,0,0,0,0,0,0,0,0,0,0,0,0,0,0,0,0,0,0,0,0,0,0,0,0,1,0,0,0,0,0,0,0,0,0,4,0,0,0,0,0,0,0,0,0,0,0,0,48000.11,0,0,47880.71,0,0,48120.12,0,0,57456.85,0,0,48977.22,0,0,49865.4,0,0,48606.18,0,0,50786.4,0,0,50387.55,0,0,50387.55,0,0,47880.71,0,0,47880.71,0,0,47880.71,0,0,47880.71,0,0,47880.71,0,0,47880.71,0,0,48852.91,0,0,48977.22,0,0,47880.71,0,0,47880.71,0,0,48000.11,0,0,47880.71,0,0,48000.11,0,0,47880.71,0,0,47880.71,0,0,47880.71,0,0,47880.71,0,0,47880.71,0,0,47880.71,0,0,48483.74,13233.7,335.05,73733.43,0,0,47880.71,0,0,47880.71,0,0,48000.11,0,0,48000.11,0,0,47880.71,0,0,47880.71,0,0,47880.71,0,0,47880.71,0,0,47880.71,112644.56,30691.85,288414.82,0,0,47880.71,0,0,47880.71,0,0,47880.71,0,0,49227.74,0,0,48000.11,0,0,49353.96,0,0,47880.71
both_sexes,0,0,2020-11-16,COVDIAB,0,0,0,0,0,0,0,0,0,0,0,0,0,0,0,0,0,0,0,0,0,0,0,0,0,0,0,0,0,0,0,0,0,0,0,0,0,4,0,0,1,0,0,0,0,0,0,0,0,0,48051.47,0,0,47931.81,0,0,48171.73,0,0,57530.45,0,0,49030.68,0,0,49920.83,0,0,48658.84,0,0,50843.9,0,0,50444.15,0,0,50444.15,0,0,47931.81,0,0,47931.81,0,0,47931.81,0,0,47931.81,0,0,47931.81,0,0,47931.81,0,0,48906.11,0,0,49030.68,0,0,47931.81,0,0,47931.81,0,0,48051.47,0,0,47931.81,0,0,48051.47,0,0,47931.81,0,0,47931.81,0,0,47931.81,0,0,47931.81,0,0,47931.81,0,0,47931.81,0,0,48536.14,0,0,48906.11,0,0,47931.81,0,0,47931.81,0,0,48051.47,0,0,48051.47,0,0,47931.81,0,0,47931.81,0,0,47931.81,0,0,47931.81,0,0,47931.81,114948.86,31319.7,294314.73,0,0,47931.81,0,0,47931.81,12993.6,328.97,72395.69,0,0,49281.76,0,0,48051.47,0,0,49408.26,0,0,47931.81
both_sexes,0,0,2020-11-23,COVDIAB,0,0,0,0,0,0,0,0,0,0,0,0,0,0,0,0,0,0,0,0,0,0,0,0,0,0,0,0,0,0,0,0,0,0,0,0,0,7,0,0,0,0,0,0,0,0,0,0,0,0,48188.96,0,0,48068.61,0,0,48309.9,0,0,57727.64,0,0,49173.84,0,0,50069.24,0,0,48799.83,0,0,50997.85,0,0,50595.69,0,0,50595.69,0,0,48068.61,0,0,48068.61,0,0,48068.61,0,0,48068.61,0,0,48068.61,0,0,48068.61,0,0,49048.53,0,0,49173.84,0,0,48068.61,0,0,48068.61,0,0,48188.96,0,0,48068.61,0,0,48188.96,0,0,48068.61,0,0,48068.61,0,0,48068.61,0,0,48068.61,0,0,48068.61,0,0,48068.61,0,0,48676.42,0,0,49048.53,0,0,48068.61,0,0,48068.61,0,0,48188.96,0,0,48188.96,0,0,48068.61,0,0,48068.61,0,0,48068.61,0,0,48068.61,0,0,48068.61,206856.8,83167.16,426204.06,0,0,48068.61,0,0,48068.61,0,0,48068.61,0,0,49426.38,0,0,48188.96,0,0,49553.63,0,0,48068.61
both_sexes,0,0,2020-11-30,COVDIAB,0,0,0,0,0,0,0,1,0,0,0,0,0,0,0,0,0,0,0,0,0,0,0,0,0,0,0,0,0,0,0,0,0,0,0,0,0,4,0,0,0,0,0,0,0,0,0,0,0,0,48396.67,0,0,48275.29,0,0,48518.66,0,0,58025.98,0,0,49390.15,0,0,50293.51,0,0,49012.85,13903.69,352.01,77466.42,0,0,50824.72,0,0,50824.72,0,0,48275.29,0,0,48275.29,0,0,48275.29,0,0,48275.29,0,0,48275.29,0,0,48275.29,0,0,49263.74,0,0,49390.15,0,0,48275.29,0,0,48275.29,0,0,48396.67,0,0,48275.29,0,0,48396.67,0,0,48275.29,0,0,48275.29,0,0,48275.29,0,0,48275.29,0,0,48275.29,0,0,48275.29,0,0,48888.36,0,0,49263.74,0,0,48275.29,0,0,48275.29,0,0,48396.67,0,0,48396.67,0,0,48275.29,0,0,48275.29,0,0,48275.29,0,0,48275.29,0,0,48275.29,122361.81,33339.47,313294.83,0,0,48275.29,0,0,48275.29,0,0,48275.29,0,0,49644.92,0,0,48396.67,0,0,49773.3,0,0,48275.29
both_sexes,0,0,2020-12-07,COVDIAB,0,0,0,0,0,0,0,0,0,0,0,0,0,0,0,0,0,0,0,0,0,0,0,0,0,0,1,1,0,0,0,0,0,0,0,0,0,6,0,0,0,1,0,1,0,0,0,0,0,0,48553.63,0,0,48431.46,0,0,48676.42,0,0,58251.76,0,0,49553.63,0,0,50463.04,0,0,49173.84,0,0,51544.12,0,0,50997.85,0,0,50997.85,0,0,48431.46,0,0,48431.46,0,0,48431.46,0,0,48431.46,0,0,48431.46,0,0,48431.46,0,0,49426.38,0,0,49553.63,0,0,48431.46,0,0,48431.46,0,0,48553.63,0,0,48431.46,0,0,48553.63,0,0,48431.46,0,0,48431.46,0,0,48431.46,0,0,48431.46,0,0,48431.46,0,0,48431.46,13325.43,337.37,74244.54,13428.31,339.98,74817.75,0,0,48431.46,0,0,48431.46,0,0,48553.63,0,0,48553.63,0,0,48431.46,0,0,48431.46,0,0,48431.46,0,0,48431.46,0,0,48431.46,191900.18,70423.98,417685.89,0,0,48431.46,0,0,48431.46,0,0,48431.46,13532.79,342.62,75399.88,0,0,48553.63,13567.98,343.51,75595.94,0,0,48431.46
both_sexes,0,0,2020-12-14,COVDIAB,0,0,0,0,0,0,0,0,0,0,0,0,0,0,0,0,0,0,0,0,0,0,0,0,0,0,0,0,0,0,0,0,0,0,0,0,0,1,0,0,1,0,0,0,0,0,0,0,0,0,48658.84,0,0,48536.14,0,0,48782.16,0,0,58327.41,0,0,49608.37,0,0,50519.81,0,0,49281.76,0,0,51662.7,0,0,51113.93,0,0,51113.93,0,0,48536.14,0,0,48536.14,0,0,48536.14,0,0,48536.14,0,0,48536.14,0,0,48536.14,0,0,49480.84,0,0,49608.37,0,0,48536.14,0,0,48536.14,0,0,48658.84,0,0,48536.14,0,0,48658.84,0,0,48536.14,0,0,48536.14,0,0,48536.14,0,0,48536.14,0,0,48536.14,0,0,48536.14,0,0,49281.76,0,0,49663.22,0,0,48536.14,0,0,48536.14,0,0,48658.84,0,0,48658.84,0,0,48536.14,0,0,48536.14,0,0,48536.14,0,0,48536.14,0,0,48536.14,32669.95,827.13,182025.29,0,0,48536.14,0,0,48536.14,13157.42,333.12,73308.46,0,0,50050.64,0,0,48658.84,0,0,50181.13,0,0,48536.14
both_sexes,0,0,2020-12-21,COVDIAB,0,0,0,0,0,0,0,1,0,0,0,0,0,0,0,0,1,1,0,0,0,0,0,0,0,0,0,0,0,0,0,0,0,0,0,0,0,2,0,0,0,0,0,0,0,0,0,0,0,0,48799.83,0,0,48676.42,0,0,48923.86,0,0,58428.59,0,0,49681.53,0,0,50595.69,0,0,49426.38,14048.08,355.67,78270.87,0,0,51269.53,0,0,51269.53,0,0,48676.42,0,0,48676.42,0,0,48676.42,0,0,48676.42,0,0,48676.42,0,0,48676.42,13462.96,340.85,75010.79,13497.78,341.73,75204.83,0,0,48676.42,0,0,48676.42,0,0,48799.83,0,0,48676.42,0,0,48799.83,0,0,48676.42,0,0,48676.42,0,0,48676.42,0,0,48676.42,0,0,48676.42,0,0,48676.42,0,0,49426.38,0,0,49810.1,0,0,48676.42,0,0,48676.42,0,0,48799.83,0,0,48799.83,0,0,48676.42,0,0,48676.42,0,0,48676.42,0,0,48676.42,0,0,48676.42,66288.57,8027.85,239457.09,0,0,48676.42,0,0,48676.42,0,0,48676.42,0,0,50199.82,0,0,48799.83,0,0,50331.09,0,0,48676.42
both_sexes,0,0,2020-12-28,COVDIAB,0,0,0,1,0,0,0,1,1,1,0,0,0,0,0,0,0,0,0,0,0,0,0,0,0,0,0,0,0,0,0,0,0,0,0,0,0,3,0,0,0,0,0,0,0,0,0,0,0,0,49030.68,0,0,48906.11,0,0,49155.9,15928.91,403.29,88750.23,0,0,49920.83,0,0,50843.9,0,0,49663.22,14178.96,358.98,79000.11,13999.62,354.44,78000.87,13999.62,354.44,78000.87,0,0,48906.11,0,0,48906.11,0,0,48906.11,0,0,48906.11,0,0,48906.11,0,0,48906.11,0,0,49920.83,0,0,50050.64,0,0,48906.11,0,0,48906.11,0,0,49030.68,0,0,48906.11,0,0,49030.68,0,0,48906.11,0,0,48906.11,0,0,48906.11,0,0,48906.11,0,0,48906.11,0,0,48906.11,0,0,49663.22,0,0,50050.64,0,0,48906.11,0,0,48906.11,0,0,49030.68,0,0,49030.68,0,0,48906.11,0,0,48906.11,0,0,48906.11,0,0,48906.11,0,0,48906.11,102025.14,21040.04,298160.75,0,0,48906.11,0,0,48906.11,0,0,48906.11,0,0,50444.15,0,0,49030.68,0,0,50576.7,0,0,48906.11
both_sexes,0,0,2021-01-04,COVDIAB,0,0,0,1,0,0,0,0,1,1,0,0,0,0,0,0,0,0,0,0,0,0,0,0,0,0,1,1,0,0,1,1,0,0,0,0,0,7,0,0,0,1,1,2,0,0,0,0,0,0,49773.3,0,0,49644.92,0,0,49902.34,16182.99,409.72,90165.83,0,0,50690.87,0,0,51642.9,0,0,50406.41,0,0,53192.39,14234.22,360.38,79307.98,14234.22,360.38,79307.98,0,0,49644.92,0,0,49644.92,0,0,49644.92,0,0,49644.92,0,0,49644.92,0,0,49644.92,0,0,50671.8,0,0,50805.55,0,0,49644.92,0,0,49644.92,0,0,49773.3,0,0,49644.92,0,0,49773.3,0,0,49644.92,0,0,49644.92,0,0,49644.92,0,0,49644.92,0,0,49644.92,0,0,49644.92,13674.65,346.21,76190.29,13783.02,348.96,76794.07,0,0,49644.92,0,0,49644.92,13517.76,342.24,75316.16,13517.76,342.24,75316.16,0,0,49644.92,0,0,49644.92,0,0,49644.92,0,0,49644.92,0,0,49644.92,250171.23,100581.81,515448.35,0,0,49644.92,0,0,49644.92,0,0,49644.92,13887.83,351.61,77378.05,13517.76,342.24,75316.16,27902.98,3379.18,100795.16,0,0,49644.92
both_sexes,0,0,2021-01-11,COVDIAB,0,0,0,0,1,1,0,0,1,1,0,0,0,0,0,0,0,0,0,0,0,0,0,0,0,0,0,0,0,0,0,0,0,0,0,0,0,10,0,0,0,0,0,0,0,0,0,0,0,0,50671.8,0,0,50538.76,0,0,50805.55,0,0,60939.09,14010.36,354.71,78060.71,14278.73,361.51,79556.01,0,0,51211.07,0,0,54089.25,14517.09,367.54,80884.05,14517.09,367.54,80884.05,0,0,50538.76,0,0,50538.76,0,0,50538.76,0,0,50538.76,0,0,50538.76,0,0,50538.76,0,0,51485.03,0,0,51623.11,0,0,50538.76,0,0,50538.76,0,0,50671.8,0,0,50538.76,0,0,50671.8,0,0,50538.76,0,0,50538.76,0,0,50538.76,0,0,50538.76,0,0,50538.76,0,0,50538.76,0,0,51485.03,0,0,51901.51,0,0,50538.76,0,0,50538.76,0,0,50805.55,0,0,50805.55,0,0,50538.76,0,0,50538.76,0,0,50538.76,0,0,50538.76,0,0,50538.76,385691.66,184954.14,709300.69,0,0,50538.76,0,0,50538.76,0,0,50538.76,0,0,52182.93,0,0,50805.55,0,0,52467.42,0,0,50538.76
both_sexes,0,0,2021-01-18,COVDIAB,0,0,0,0,0,0,0,0,0,0,0,0,0,0,0,0,0,0,0,0,0,0,0,0,0,0,0,0,0,0,0,0,0,0,0,0,0,4,0,0,0,0,0,0,0,0,0,0,0,0,50863.09,0,0,50729.04,0,0,50997.85,0,0,61215.96,0,0,51961.56,0,0,52962.39,0,0,51406.46,0,0,54307.26,0,0,53851.45,0,0,53851.45,0,0,50729.04,0,0,50729.04,0,0,50729.04,0,0,50729.04,0,0,50729.04,0,0,50729.04,0,0,51682.52,0,0,51821.66,0,0,50729.04,0,0,50729.04,0,0,50863.09,0,0,50729.04,0,0,50863.09,0,0,50729.04,0,0,50729.04,0,0,50729.04,0,0,50729.04,0,0,50729.04,0,0,50729.04,0,0,51682.52,0,0,52102.21,0,0,50729.04,0,0,50729.04,0,0,50997.85,0,0,50997.85,0,0,50729.04,0,0,50729.04,0,0,50729.04,0,0,50729.04,0,0,50729.04,166022.73,45235.61,425084.12,0,0,50729.04,0,0,50729.04,0,0,50729.04,0,0,52385.82,0,0,50997.85,0,0,52672.53,0,0,50729.04
both_sexes,0,0,2021-01-25,COVDIAB,0,0,0,0,0,0,0,0,0,0,0,0,0,0,0,0,0,0,0,0,0,0,0,0,0,0,0,0,0,0,0,0,0,0,0,0,0,2,0,0,0,0,0,0,0,0,0,0,0,0,51055.82,0,0,50920.76,0,0,51191.61,0,0,61495.35,0,0,52162.73,0,0,53171.4,0,0,51603.34,0,0,54527.04,0,0,54067.54,0,0,54067.54,0,0,50920.76,0,0,50920.76,0,0,50920.76,0,0,50920.76,0,0,50920.76,0,0,50920.76,0,0,51881.53,0,0,52021.75,0,0,50920.76,0,0,50920.76,0,0,51055.82,0,0,50920.76,0,0,51055.82,0,0,50920.76,0,0,50920.76,0,0,50920.76,0,0,50920.76,0,0,50920.76,0,0,50920.76,0,0,51881.53,0,0,52304.47,0,0,50920.76,0,0,50920.76,0,0,51191.61,0,0,51191.61,0,0,50920.76,0,0,50920.76,0,0,50920.76,0,0,50920.76,0,0,50920.76,85139.86,10310.83,307554.45,0,0,50920.76,0,0,50920.76,0,0,50920.76,0,0,52590.29,0,0,51191.61,0,0,52879.25,0,0,50920.76
both_sexes,0,0,2021-02-01,COVDIAB,0,0,0,1,1,1,0,0,0,0,0,0,0,0,0,0,0,0,0,0,0,0,0,0,0,0,0,0,0,0,0,0,0,0,0,0,0,2,0,0,0,0,0,0,0,0,0,0,0,0,51191.61,0,0,51055.82,0,0,51250.03,16700.96,422.83,93051.79,14201.01,359.54,79122.97,14459.62,366.09,80563.85,0,0,51742.06,0,0,54593.32,0,0,54154.47,0,0,54154.47,0,0,51055.82,0,0,51055.82,0,0,51055.82,0,0,51055.82,0,0,51055.82,0,0,51055.82,0,0,51941.53,0,0,52082.07,0,0,51055.82,0,0,51055.82,0,0,51191.61,0,0,51055.82,0,0,51191.61,0,0,51055.82,0,0,51055.82,0,0,51055.82,0,0,51055.82,0,0,51055.82,0,0,51055.82,0,0,51961.56,0,0,52385.82,0,0,51055.82,0,0,51055.82,0,0,51328.12,0,0,51328.12,0,0,51055.82,0,0,51055.82,0,0,51055.82,0,0,51055.82,0,0,51055.82,85739.44,10383.44,309720.33,0,0,51055.82,0,0,51055.82,0,0,51055.82,0,0,52672.53,0,0,51328.12,0,0,52962.39,0,0,51055.82
both_sexes,0,0,2021-02-08,COVDIAB,0,0,1,2,0,0,0,0,0,0,0,0,0,0,0,0,0,0,0,0,0,0,0,0,0,0,0,0,0,0,0,0,0,0,0,0,0,2,0,0,0,0,0,0,0,0,0,0,0,0,51328.12,0,0,51191.61,13919.59,352.41,77554.98,33524.55,4059.98,121102.21,0,0,52590.29,0,0,53466.79,0,0,51881.53,0,0,54681.95,0,0,54219.85,0,0,54219.85,0,0,51191.61,0,0,51191.61,0,0,51191.61,0,0,51191.61,0,0,51191.61,0,0,51191.61,0,0,52021.75,0,0,52162.73,0,0,51191.61,0,0,51191.61,0,0,51328.12,0,0,51191.61,0,0,51328.12,0,0,51191.61,0,0,51191.61,0,0,51191.61,0,0,51191.61,0,0,51191.61,0,0,51191.61,0,0,52021.75,0,0,52446.99,0,0,51191.61,0,0,51191.61,0,0,51465.36,0,0,51465.36,0,0,51191.61,0,0,51191.61,0,0,51191.61,0,0,51191.61,0,0,51191.61,88012.05,10658.67,317929.78,0,0,51191.61,0,0,51191.61,0,0,51191.61,0,0,52734.37,0,0,51465.36,0,0,53024.92,0,0,51191.61
both_sexes,0,0,2021-02-15,COVDIAB,0,0,0,1,0,0,1,1,0,0,0,0,0,0,0,0,0,0,0,0,0,0,0,0,0,0,0,0,0,0,0,0,0,0,0,0,0,0,0,0,0,1,0,1,0,0,0,0,0,0,51445.71,0,0,51308.58,0,0,51544.12,16862.88,426.93,93953.96,0,0,52713.74,0,0,53594.4,14118.67,357.45,78664.2,14883.86,376.83,82927.58,0,0,54351.08,0,0,54351.08,0,0,51308.58,0,0,51308.58,0,0,51308.58,0,0,51308.58,0,0,51308.58,0,0,51308.58,0,0,52142.54,0,0,52284.18,0,0,51308.58,0,0,51308.58,0,0,51445.71,0,0,51308.58,0,0,51445.71,0,0,51308.58,0,0,51308.58,0,0,51308.58,0,0,51308.58,0,0,51308.58,0,0,51308.58,0,0,52142.54,0,0,52569.77,0,0,51308.58,0,0,51308.58,0,0,51583.58,0,0,51583.58,0,0,51308.58,0,0,51308.58,0,0,51308.58,0,0,51308.58,0,0,51308.58,0,0,163912.8,0,0,51308.58,0,0,51308.58,0,0,51308.58,14351.67,363.35,79962.39,0,0,51583.58,14431.05,365.36,80404.69,0,0,51308.58
both_sexes,0,0,2021-02-22,COVDIAB,0,0,0,0,0,0,0,0,0,0,0,0,0,0,0,0,0,0,0,0,0,0,0,0,0,0,0,0,0,0,0,0,0,0,0,0,0,2,0,0,0,0,0,0,0,0,0,0,0,0,51941.53,0,0,51801.74,0,0,51941.53,0,0,62755.62,0,0,53234.42,0,0,54132.71,0,0,52651.94,0,0,55515.58,0,0,54882.41,0,0,54882.41,0,0,51801.74,0,0,51801.74,0,0,51801.74,0,0,51801.74,0,0,51801.74,0,0,51801.74,0,0,52651.94,0,0,52796.36,0,0,51801.74,0,0,51801.74,0,0,51941.53,0,0,51801.74,0,0,51941.53,0,0,51801.74,0,0,51801.74,0,0,51801.74,0,0,51801.74,0,0,51801.74,0,0,51801.74,0,0,52651.94,0,0,53087.6,0,0,51801.74,0,0,51801.74,0,0,52082.07,0,0,52082.07,0,0,51801.74,0,0,51801.74,0,0,51801.74,0,0,51801.74,0,0,51801.74,90632.75,10976.05,327396.67,0,0,51801.74,0,0,51801.74,0,0,51801.74,0,0,53530.52,0,0,52082.07,0,0,53829.93,0,0,51801.74
both_sexes,0,0,2021-03-01,COVDIAB,0,0,0,2,0,0,0,1,1,1,0,0,0,0,0,0,0,0,0,0,0,0,0,0,0,0,0,0,0,0,0,0,0,0,0,0,0,3,0,0,0,0,0,0,0,0,0,0,0,0,52858.5,0,0,52713.74,0,0,52858.5,34588.07,4188.78,124943.99,0,0,54045.86,0,0,54971.98,0,0,53594.4,15308.05,387.57,85290.98,15130.49,383.07,84301.69,15130.49,383.07,84301.69,0,0,52713.74,0,0,52713.74,0,0,52713.74,0,0,52713.74,0,0,52713.74,0,0,52713.74,0,0,53594.4,0,0,53744.05,0,0,52713.74,0,0,52713.74,0,0,52858.5,0,0,52713.74,0,0,52858.5,0,0,52713.74,0,0,52713.74,0,0,52713.74,0,0,52713.74,0,0,52713.74,0,0,52713.74,0,0,53594.4,0,0,54045.86,0,0,52713.74,0,0,52713.74,0,0,53004.06,0,0,53004.06,0,0,52713.74,0,0,52713.74,0,0,52713.74,0,0,52713.74,0,0,52713.74,141023.17,29082.37,412129.54,0,0,52713.74,0,0,52713.74,0,0,52713.74,0,0,54504.98,0,0,53004.06,0,0,54815.43,0,0,52713.74
both_sexes,0,0,2021-03-08,COVDIAB,0,0,0,1,0,0,0,0,0,0,0,0,0,0,0,0,0,0,0,0,0,0,0,0,0,0,0,0,0,0,0,0,0,0,0,0,0,3,0,0,0,0,0,0,0,0,0,0,0,0,53829.93,0,0,53679.81,0,0,53829.93,17730.58,448.9,98788.48,0,0,54994.42,0,0,55884,0,0,54593.32,0,0,57604.24,0,0,56850.77,0,0,56850.77,0,0,53679.81,0,0,53679.81,0,0,53679.81,0,0,53679.81,0,0,53679.81,0,0,53679.81,0,0,54527.04,0,0,54681.95,0,0,53679.81,0,0,53679.81,0,0,53829.93,0,0,53679.81,0,0,53829.93,0,0,53679.81,0,0,53679.81,0,0,53679.81,0,0,53679.81,0,0,53679.81,0,0,53679.81,0,0,54593.32,0,0,55061.84,0,0,53679.81,0,0,53679.81,0,0,53980.9,0,0,53980.9,0,0,53679.81,0,0,53679.81,0,0,53679.81,0,0,53679.81,0,0,53679.81,146490.64,30209.89,428107.82,0,0,53679.81,0,0,53679.81,0,0,53679.81,0,0,55538.47,0,0,53980.9,0,0,55860.83,0,0,53679.81
both_sexes,0,0,2021-03-15,COVDIAB,0,0,0,0,0,0,0,0,0,0,0,0,0,0,0,0,0,0,0,0,0,0,0,0,0,0,0,0,0,0,0,0,0,0,0,0,0,4,0,0,0,0,0,0,0,0,0,0,0,0,55884,0,0,55722.22,0,0,55884,0,0,66899.86,0,0,57043.32,0,0,57901.3,0,0,56707.21,0,0,59512.51,0,0,58657.52,0,0,58657.52,0,0,55722.22,0,0,55722.22,0,0,55722.22,0,0,55722.22,0,0,55722.22,0,0,55722.22,0,0,56540.63,0,0,56707.21,0,0,55722.22,0,0,55722.22,0,0,55884,0,0,55722.22,0,0,55884,0,0,55722.22,0,0,55722.22,0,0,55722.22,0,0,55722.22,0,0,55722.22,0,0,55722.22,0,0,56540.63,0,0,57043.32,0,0,55722.22,0,0,55722.22,0,0,56046.72,0,0,56046.72,0,0,55722.22,0,0,55722.22,0,0,55722.22,0,0,55722.22,0,0,55722.22,214222.87,58368.52,548495.64,0,0,55722.22,0,0,55722.22,0,0,55722.22,0,0,57555.03,0,0,56046.72,0,0,57901.3,0,0,55722.22
both_sexes,0,0,2021-03-22,COVDIAB,0,0,0,0,0,0,0,0,0,0,0,0,0,0,0,0,0,0,0,0,0,0,0,0,0,0,0,0,0,0,0,0,0,0,0,0,0,0,0,0,0,0,0,0,0,0,0,0,0,0,58530.11,0,0,58352.67,0,0,58530.11,0,0,69667.18,0,0,59803.07,0,0,60637.41,0,0,59329.07,0,0,62205.13,0,0,61411.27,0,0,61411.27,0,0,58352.67,0,0,58352.67,0,0,58352.67,0,0,58352.67,0,0,58352.67,0,0,58352.67,0,0,59250.8,0,0,59433.75,0,0,58352.67,0,0,58352.67,0,0,58530.11,0,0,58352.67,0,0,58530.11,0,0,58352.67,0,0,58352.67,0,0,58352.67,0,0,58352.67,0,0,58352.67,0,0,58352.67,0,0,59250.8,0,0,59803.07,0,0,58352.67,0,0,58352.67,0,0,58708.64,0,0,58708.64,0,0,58352.67,0,0,58352.67,0,0,58352.67,0,0,58352.67,0,0,58352.67,0,0,214890.47,0,0,58352.67,0,0,58352.67,0,0,58352.67,0,0,60257.75,0,0,58708.64,0,0,60637.41,0,0,58352.67
both_sexes,0,0,2021-03-29,COVDIAB,0,0,0,1,1,1,0,1,0,0,0,0,0,0,0,0,0,0,0,0,0,0,0,0,0,0,0,0,0,0,0,0,0,0,0,0,0,0,0,0,0,0,0,0,0,0,0,0,0,0,63614.88,0,0,63405.33,0,0,63614.88,20658.94,523.04,115104.23,17602.41,445.65,98074.35,17799.71,450.65,99173.62,0,0,64467.14,18428.36,466.57,102676.22,0,0,66536.46,0,0,66536.46,0,0,63405.33,0,0,63405.33,0,0,63405.33,0,0,63405.33,0,0,63405.33,0,0,63405.33,0,0,64436.31,0,0,64652.75,0,0,63405.33,0,0,63405.33,0,0,63614.88,0,0,63405.33,0,0,63614.88,0,0,63405.33,0,0,63405.33,0,0,63405.33,0,0,63405.33,0,0,63405.33,0,0,63405.33,0,0,64436.31,0,0,65090.01,0,0,63405.33,0,0,63405.33,0,0,63825.83,0,0,63825.83,0,0,63405.33,0,0,63405.33,0,0,63405.33,0,0,63405.33,0,0,63405.33,0,0,230712.88,0,0,63405.33,0,0,63405.33,0,0,63405.33,0,0,65533.23,0,0,63825.83,0,0,65982.53,0,0,63405.33
both_sexes,0,0,2021-04-05,COVDIAB,0,0,0,0,0,0,0,0,0,0,0,0,0,0,0,0,0,0,0,0,0,0,0,0,0,0,0,0,0,0,0,0,0,0,0,0,0,0,0,0,0,0,0,0,0,0,0,0,0,0,72013,0,0,71744.58,0,0,71936.1,0,0,86369.44,0,0,73828.12,0,0,74687.54,0,0,73027.82,0,0,77124.4,0,0,75020.22,0,0,75020.22,0,0,71744.58,0,0,71744.58,0,0,71744.58,0,0,71744.58,0,0,71744.58,0,0,71744.58,0,0,72634.14,0,0,72909.27,0,0,71744.58,0,0,71744.58,0,0,72013,0,0,71744.58,0,0,72013,0,0,71744.58,0,0,71744.58,0,0,71744.58,0,0,71744.58,0,0,71744.58,0,0,71744.58,0,0,72712.53,0,0,73546.03,0,0,71744.58,0,0,71744.58,0,0,72283.43,0,0,72283.43,0,0,71744.58,0,0,71744.58,0,0,71744.58,0,0,71744.58,0,0,71744.58,0,0,261623.93,0,0,71744.58,0,0,71744.58,0,0,71744.58,0,0,74030.95,0,0,72283.43,0,0,74604.83,0,0,71744.58
both_sexes,0,0,2021-04-12,COVDIAB,0,0,0,0,0,0,0,0,0,0,0,0,0,0,0,0,0,0,0,0,0,0,0,0,0,0,0,0,0,0,0,0,0,0,0,0,0,1,0,0,1,0,0,0,0,0,0,0,0,0,81460.9,0,0,81117.59,0,0,81117.59,0,0,96585.18,0,0,82609.64,0,0,83583.33,0,0,82256.61,0,0,86535.85,0,0,84421.25,0,0,84421.25,0,0,81117.59,0,0,81117.59,0,0,81117.59,0,0,81117.59,0,0,81117.59,0,0,81117.59,0,0,82156.29,0,0,82508.46,0,0,81117.59,0,0,81117.59,0,0,81460.9,0,0,81117.59,0,0,81460.9,0,0,81117.59,0,0,81117.59,0,0,81117.59,0,0,81117.59,0,0,81117.59,0,0,81117.59,0,0,82156.29,0,0,83221.94,0,0,81117.59,0,0,81117.59,0,0,81707.9,0,0,81707.9,0,0,81117.59,0,0,81117.59,0,0,81117.59,0,0,81117.59,0,0,81117.59,79923.41,2023.49,445304.76,0,0,81117.59,0,0,81117.59,21989.77,556.73,122519.13,0,0,83324.87,0,0,81707.9,0,0,83947.86,0,0,81117.59
both_sexes,0,0,2021-04-19,COVDIAB,0,0,0,0,0,0,0,0,0,0,0,0,0,0,0,0,0,0,0,0,0,0,0,0,0,0,0,0,0,0,0,0,0,0,0,0,0,0,0,0,0,0,0,0,0,0,0,0,0,0,93697.03,0,0,93631.91,0,0,93631.91,0,0,109809.55,0,0,95152.77,0,0,95897.74,0,0,95018.56,0,0,99143.72,0,0,96723.85,0,0,96723.85,0,0,93631.91,0,0,93631.91,0,0,93631.91,0,0,93631.91,0,0,93631.91,0,0,93631.91,0,0,94684.7,0,0,94751.28,0,0,93631.91,0,0,93631.91,0,0,93697.03,0,0,93631.91,0,0,93892.91,0,0,93631.91,0,0,93631.91,0,0,93631.91,0,0,93631.91,0,0,93631.91,0,0,93631.91,0,0,94884.73,0,0,96309.02,0,0,93631.91,0,0,93631.91,0,0,93697.03,0,0,93697.03,0,0,93631.91,0,0,93631.91,0,0,93631.91,0,0,93631.91,0,0,93631.91,0,0,318525.58,0,0,93631.91,0,0,93631.91,0,0,93631.91,0,0,96309.02,0,0,93697.03,0,0,96377.91,0,0,93631.91
both_sexes,0,0,2021-04-26,COVDIAB,0,0,0,0,0,0,0,0,0,0,0,0,0,0,0,0,0,0,0,0,0,0,0,0,0,0,0,0,0,0,0,0,0,0,0,0,0,1,0,0,0,0,0,0,0,0,0,0,0,0,107018.52,0,0,107018.52,0,0,107018.52,0,0,124871.48,0,0,108221.95,0,0,108833.86,0,0,108221.95,0,0,111814.38,0,0,110078.69,0,0,110078.69,0,0,107018.52,0,0,107018.52,0,0,107018.52,0,0,107018.52,0,0,107018.52,0,0,107018.52,0,0,108221.95,0,0,108221.95,0,0,107018.52,0,0,107018.52,0,0,107018.52,0,0,107018.52,0,0,107018.52,0,0,107018.52,0,0,107018.52,0,0,107018.52,0,0,107018.52,0,0,107018.52,0,0,107018.52,0,0,107789.06,0,0,108396.08,0,0,107018.52,0,0,107018.52,0,0,107018.52,0,0,107018.52,0,0,107018.52,0,0,107018.52,0,0,107018.52,0,0,107018.52,0,0,107018.52,94624.35,2395.68,527213.15,0,0,107018.52,0,0,107018.52,0,0,107018.52,0,0,109009.97,0,0,107018.52,0,0,109009.97,0,0,107018.52
both_sexes,0,0,2021-05-03,COVDIAB,0,0,0,0,0,0,0,0,0,0,0,0,0,0,0,0,0,0,0,0,0,0,0,0,0,0,0,0,0,0,0,0,0,0,0,0,0,2,0,0,0,0,0,0,0,0,0,0,0,0,123724.81,0,0,123724.81,0,0,123724.81,0,0,147413.92,0,0,125336.11,0,0,126157.6,0,0,125336.11,0,0,129554.16,0,0,127833.32,0,0,127833.32,0,0,123724.81,0,0,123724.81,0,0,123724.81,0,0,123724.81,0,0,123724.81,0,0,123724.81,0,0,125336.11,0,0,125336.11,0,0,123724.81,0,0,123724.81,0,0,123724.81,0,0,123724.81,0,0,123724.81,0,0,123724.81,0,0,123724.81,0,0,123724.81,0,0,123724.81,0,0,123724.81,0,0,123724.81,0,0,124525.25,0,0,125336.11,0,0,123724.81,0,0,123724.81,0,0,123724.81,0,0,123724.81,0,0,123724.81,0,0,123724.81,0,0,123724.81,0,0,123724.81,0,0,123724.81,203481.89,24642.6,735046.57,0,0,123724.81,0,0,123724.81,0,0,123724.81,0,0,126157.6,0,0,123724.81,0,0,126157.6,0,0,123724.81
both_sexes,0,0,2021-05-10,COVDIAB,0,0,0,1,0,0,0,1,0,0,0,0,0,0,0,0,1,1,0,0,0,0,0,0,0,0,0,0,0,0,0,0,0,0,0,0,0,0,0,0,0,0,0,0,0,1,1,0,0,0,148061.89,0,0,148061.89,0,0,148061.89,48505.98,1228.06,270258,0,0,150375.36,0,0,151559.42,0,0,150375.36,42372.39,1072.78,236083.85,0,0,153984.37,0,0,153984.37,0,0,148061.89,0,0,148061.89,0,0,148061.89,0,0,148061.89,0,0,148061.89,0,0,148061.89,40947.31,1036.7,228143.81,40947.31,1036.7,228143.81,40359.12,1021.8,224866.6,40359.12,1021.8,224866.6,0,0,148061.89,0,0,148061.89,0,0,148061.89,0,0,148061.89,0,0,148061.89,0,0,148061.89,0,0,148061.89,0,0,148061.89,0,0,148061.89,0,0,149209.66,0,0,150375.36,0,0,148061.89,0,0,148061.89,0,0,148061.89,0,0,148061.89,0,0,148061.89,0,0,148061.89,0,0,148061.89,0,0,148061.89,0,0,148061.89,0,0,444674.33,0,0,148061.89,0,0,148061.89,0,0,148061.89,0,0,151559.42,0,0,148061.89,0,0,151559.42,0,0,148061.89
both_sexes,0,0,2021-05-17,COVDIAB,0,0,0,0,0,0,0,0,0,0,0,0,0,0,0,0,0,0,0,0,0,0,0,0,0,0,0,0,0,0,0,0,0,0,0,0,0,1,0,0,0,0,0,0,0,0,0,0,0,0,176587.58,0,0,176587.58,0,0,176587.58,0,0,216617.88,0,0,178932.7,0,0,180611.69,0,0,178932.7,0,0,185843.2,0,0,183314.72,0,0,183314.72,0,0,176587.58,0,0,176587.58,0,0,176587.58,0,0,176587.58,0,0,176587.58,0,0,176587.58,0,0,181585.34,0,0,181585.34,0,0,178222.65,0,0,178222.65,0,0,176587.58,0,0,176587.58,0,0,176587.58,0,0,176587.58,0,0,176587.58,0,0,176587.58,0,0,176587.58,0,0,176587.58,0,0,176587.58,0,0,178222.65,0,0,179888.28,0,0,176587.58,0,0,176587.58,0,0,176587.58,0,0,176587.58,0,0,176587.58,0,0,176587.58,0,0,176587.58,0,0,176587.58,0,0,176587.58,136287.31,3450.5,759344.31,0,0,176587.58,0,0,176587.58,0,0,176587.58,0,0,180611.69,0,0,176587.58,0,0,180611.69,0,0,176587.58
both_sexes,0,0,2021-05-24,COVDIAB,0,0,0,0,0,0,0,0,0,0,0,0,0,0,0,0,0,0,0,0,0,0,0,0,0,0,0,0,0,0,0,0,0,0,0,0,0,0,0,0,0,0,0,0,0,0,0,0,0,0,205078.12,0,0,205078.12,0,0,205078.12,0,0,250905.63,0,0,207286.65,0,0,209543.27,0,0,207286.65,0,0,214207.19,0,0,214207.19,0,0,214207.19,0,0,205078.12,0,0,205078.12,0,0,205078.12,0,0,205078.12,0,0,205078.12,0,0,205078.12,0,0,211849.56,0,0,211849.56,0,0,207286.65,0,0,207286.65,0,0,205078.12,0,0,205078.12,0,0,205078.12,0,0,205078.12,0,0,205078.12,0,0,205078.12,0,0,205078.12,0,0,205078.12,0,0,205078.12,0,0,207286.65,0,0,209543.27,0,0,205078.12,0,0,205078.12,0,0,205078.12,0,0,205078.12,0,0,205078.12,0,0,205078.12,0,0,205078.12,0,0,205078.12,0,0,205078.12,0,0,578267.48,0,0,205078.12,0,0,205078.12,0,0,205078.12,0,0,209543.27,0,0,205078.12,0,0,209543.27,0,0,205078.12
both_sexes,0,0,2021-05-31,COVDIAB,0,0,0,0,0,0,0,1,0,0,0,0,0,0,0,0,0,0,0,0,0,0,0,0,0,0,0,0,0,0,0,0,0,0,0,0,0,0,0,0,1,0,0,0,0,0,0,0,0,0,226067.65,0,0,226067.65,0,0,226067.65,0,0,280700.67,0,0,228754.37,0,0,231505.71,0,0,228754.37,64991.1,1645.43,362107.25,0,0,234732.27,0,0,234732.27,0,0,226067.65,0,0,226067.65,0,0,226067.65,0,0,226067.65,0,0,226067.65,0,0,226067.65,0,0,234324.04,0,0,234324.04,0,0,228754.37,0,0,228754.37,0,0,226067.65,0,0,226067.65,0,0,226067.65,0,0,226067.65,0,0,226067.65,0,0,226067.65,0,0,226067.65,0,0,226067.65,0,0,226067.65,0,0,228754.37,0,0,231505.71,0,0,226067.65,0,0,226067.65,0,0,226067.65,0,0,226067.65,0,0,226067.65,0,0,226067.65,0,0,226067.65,0,0,226067.65,0,0,226067.65,0,0,612437.83,0,0,226067.65,0,0,226067.65,61283.56,1551.57,341450.13,0,0,231505.71,0,0,226067.65,0,0,231505.71,0,0,226067.65
both_sexes,0,0,2021-06-07,COVDIAB,0,0,0,0,0,0,0,0,0,0,0,0,0,0,0,0,0,0,0,0,0,0,0,0,0,0,0,0,0,0,0,0,0,0,0,0,0,0,0,0,0,0,0,0,0,0,0,0,0,0,261623.93,0,0,261623.93,0,0,261623.93,0,0,325450.05,0,0,265228.98,0,0,268934.77,0,0,265228.98,0,0,280700.67,0,0,272745.59,0,0,272745.59,0,0,261623.93,0,0,261623.93,0,0,261623.93,0,0,261623.93,0,0,261623.93,0,0,261623.93,0,0,272745.59,0,0,272745.59,0,0,263671.86,0,0,263671.86,0,0,261623.93,0,0,261623.93,0,0,261623.93,0,0,261623.93,0,0,261623.93,0,0,261623.93,0,0,261623.93,0,0,261623.93,0,0,261623.93,0,0,265228.98,0,0,268934.77,0,0,261623.93,0,0,261623.93,0,0,261623.93,0,0,261623.93,0,0,261623.93,0,0,261623.93,0,0,261623.93,0,0,261623.93,0,0,261623.93,0,0,683940.72,0,0,261623.93,0,0,261623.93,0,0,261623.93,0,0,268934.77,0,0,261623.93,0,0,268934.77,0,0,261623.93
both_sexes,0,0,2021-06-14,COVDIAB,0,0,0,0,0,0,0,0,0,0,0,0,0,0,0,0,0,0,0,0,0,0,0,0,0,0,0,0,0,0,0,0,0,0,0,0,0,0,0,0,0,0,0,0,0,0,0,0,0,0,304145.2,0,0,304145.2,0,0,304145.2,0,0,390540.06,0,0,309028.26,0,0,314070.68,0,0,309028.26,0,0,324665.84,0,0,319280.38,0,0,319280.38,0,0,304145.2,0,0,304145.2,0,0,304145.2,0,0,304145.2,0,0,304145.2,0,0,304145.2,0,0,319280.38,0,0,319280.38,0,0,304145.2,0,0,304145.2,0,0,304145.2,0,0,304145.2,0,0,304145.2,0,0,304145.2,0,0,304145.2,0,0,304145.2,0,0,304145.2,0,0,304145.2,0,0,304145.2,0,0,309028.26,0,0,314070.68,0,0,304145.2,0,0,304145.2,0,0,304145.2,0,0,304145.2,0,0,304145.2,0,0,304145.2,0,0,304145.2,0,0,304145.2,0,0,304145.2,0,0,774346.68,0,0,304145.2,0,0,304145.2,0,0,304145.2,0,0,314070.68,0,0,304145.2,0,0,314070.68,0,0,304145.2
both_sexes,0,0,2021-06-21,COVDIAB,0,0,0,0,0,0,0,0,0,0,0,0,0,0,0,0,0,0,0,0,0,0,0,0,0,0,0,0,0,0,0,0,0,0,0,0,0,1,0,0,0,0,0,0,0,0,0,0,0,0,332682.28,0,0,332682.28,0,0,332682.28,0,0,436039.88,0,0,338533.47,0,0,342840.51,0,0,338533.47,0,0,357390.77,0,0,350875.84,0,0,350875.84,0,0,332682.28,0,0,332682.28,0,0,332682.28,0,0,332682.28,0,0,332682.28,0,0,332682.28,0,0,350875.84,0,0,350875.84,0,0,332682.28,0,0,332682.28,0,0,332682.28,0,0,332682.28,0,0,332682.28,0,0,332682.28,0,0,332682.28,0,0,332682.28,0,0,332682.28,0,0,332682.28,0,0,332682.28,0,0,338533.47,0,0,342840.51,0,0,332682.28,0,0,332682.28,0,0,332682.28,0,0,332682.28,0,0,332682.28,0,0,332682.28,0,0,332682.28,0,0,332682.28,0,0,332682.28,241887.42,6124.06,1347710.43,0,0,332682.28,0,0,332682.28,0,0,332682.28,0,0,344594.17,0,0,332682.28,0,0,344594.17,0,0,332682.28
both_sexes,0,0,2021-06-28,COVDIAB,0,0,0,0,0,0,0,0,0,0,0,0,0,0,0,0,0,0,0,0,0,0,0,0,0,0,0,0,0,0,0,0,0,0,0,0,0,1,0,0,0,0,0,0,0,0,0,0,0,0,816583.77,0,0,816583.77,0,0,816583.77,0,0,1069335.89,0,0,831705.69,0,0,831705.69,0,0,831705.69,0,0,880629.56,0,0,863694.37,0,0,863694.37,0,0,816583.77,0,0,816583.77,0,0,816583.77,0,0,816583.77,0,0,816583.77,0,0,816583.77,0,0,863694.37,0,0,863694.37,0,0,816583.77,0,0,816583.77,0,0,816583.77,0,0,816583.77,0,0,816583.77,0,0,816583.77,0,0,816583.77,0,0,816583.77,0,0,816583.77,0,0,816583.77,0,0,816583.77,0,0,831705.69,0,0,831705.69,0,0,816583.77,0,0,816583.77,0,0,816583.77,0,0,816583.77,0,0,816583.77,0,0,816583.77,0,0,816583.77,0,0,816583.77,0,0,816583.77,579761.9,14678.3,3230226.58,0,0,816583.77,0,0,816583.77,0,0,816583.77,0,0,847398.25,0,0,816583.77,0,0,847398.25,0,0,816583.77
both_sexes,1,Moderna,2021-03-15,COVDIAB,0,0,0,0,0,0,0,0,0,0,0,0,0,0,0,0,0,0,0,0,0,0,0,0,0,0,0,0,0,0,0,0,0,0,0,0,0,0,0,0,0,0,0,0,0,0,0,0,0,0,9624023,0,0,9624023,0,0,9624023,0,0,134736322.06,0,0,19248046.01,0,0,19248046.01,0,0,9624023,0,0,9624023,0,0,16842040.26,0,0,16842040.26,0,0,9624023,0,0,9624023,0,0,9624023,0,0,9624023,0,0,9624023,0,0,9624023,0,0,19248046.01,0,0,19248046.01,0,0,9624023,0,0,9624023,0,0,9624023,0,0,9624023,0,0,9624023,0,0,9624023,0,0,9624023,0,0,9624023,0,0,9624023,0,0,9624023,0,0,9624023,0,0,9624023,0,0,9624023,0,0,9624023,0,0,9624023,0,0,9624023,0,0,9624023,0,0,9624023,0,0,9624023,0,0,9624023,0,0,9624023,0,0,9624023,0,0,134736322.06,0,0,9624023,0,0,9624023,0,0,9624023,0,0,9624023,0,0,9624023,0,0,9624023,0,0,9624023
both_sexes,1,Moderna,2021-03-22,COVDIAB,0,0,0,0,0,0,0,0,0,0,0,0,0,0,0,0,0,0,0,0,0,0,0,0,0,0,0,0,0,0,0,0,0,0,0,0,0,1,0,0,0,0,0,0,0,0,0,0,0,0,2694726.44,0,0,2694726.44,0,0,2694726.44,0,0,4990234.15,0,0,3133402.84,0,0,3454777.49,0,0,2929050.48,0,0,2929050.48,0,0,3454777.49,0,0,3454777.49,0,0,2694726.44,0,0,2694726.44,0,0,2694726.44,0,0,2694726.44,0,0,2694726.44,0,0,2694726.44,0,0,3133402.84,0,0,3133402.84,0,0,2694726.44,0,0,2694726.44,0,0,2694726.44,0,0,2694726.44,0,0,2694726.44,0,0,2694726.44,0,0,2694726.44,0,0,2694726.44,0,0,2694726.44,0,0,2694726.44,0,0,2694726.44,0,0,2694726.44,0,0,2694726.44,0,0,2694726.44,0,0,2694726.44,0,0,2694726.44,0,0,2694726.44,0,0,2694726.44,0,0,2694726.44,0,0,2694726.44,0,0,2694726.44,0,0,2694726.44,1217500,30824.43,6783475.83,0,0,2694726.44,0,0,2694726.44,0,0,2694726.44,0,0,2929050.48,0,0,2694726.44,0,0,2929050.48,0,0,2694726.44
both_sexes,1,Moderna,2021-03-29,COVDIAB,0,0,0,0,0,0,0,0,0,0,0,0,0,0,0,0,0,0,0,0,0,0,0,0,0,0,0,0,0,0,0,0,0,0,0,0,0,0,0,0,0,0,0,0,0,0,0,0,0,0,1295541.56,0,0,1295541.56,0,0,1295541.56,0,0,1952700.32,0,0,1497070.25,0,0,1623329.18,0,0,1389034.25,0,0,1389034.25,0,0,1497070.25,0,0,1497070.25,0,0,1295541.56,0,0,1295541.56,0,0,1295541.56,0,0,1295541.56,0,0,1295541.56,0,0,1295541.56,0,0,1389034.25,0,0,1389034.25,0,0,1295541.56,0,0,1295541.56,0,0,1295541.56,0,0,1295541.56,0,0,1295541.56,0,0,1295541.56,0,0,1295541.56,0,0,1295541.56,0,0,1295541.56,0,0,1295541.56,0,0,1295541.56,0,0,1295541.56,0,0,1295541.56,0,0,1295541.56,0,0,1295541.56,0,0,1295541.56,0,0,1295541.56,0,0,1295541.56,0,0,1295541.56,0,0,1295541.56,0,0,1295541.56,0,0,1295541.56,0,0,2807006.71,0,0,1295541.56,0,0,1295541.56,0,0,1295541.56,0,0,1389034.25,0,0,1295541.56,0,0,1389034.25,0,0,1295541.56
both_sexes,1,Moderna,2021-04-05,COVDIAB,0,0,0,1,0,0,0,0,0,0,0,0,0,0,0,0,0,0,0,0,0,0,0,0,0,0,0,0,0,0,0,0,0,0,0,0,0,0,0,0,0,0,0,0,0,0,0,0,0,0,1104396.08,0,0,1104396.08,0,0,1104396.08,419827.59,10629.11,2339129.6,0,0,1203002.88,0,0,1283203.07,0,0,1171620.19,0,0,1171620.19,0,0,1247558.54,0,0,1247558.54,0,0,1104396.08,0,0,1104396.08,0,0,1104396.08,0,0,1104396.08,0,0,1104396.08,0,0,1104396.08,0,0,1122802.68,0,0,1122802.68,0,0,1104396.08,0,0,1104396.08,0,0,1104396.08,0,0,1104396.08,0,0,1104396.08,0,0,1104396.08,0,0,1104396.08,0,0,1104396.08,0,0,1104396.08,0,0,1104396.08,0,0,1104396.08,0,0,1104396.08,0,0,1104396.08,0,0,1104396.08,0,0,1104396.08,0,0,1104396.08,0,0,1104396.08,0,0,1104396.08,0,0,1104396.08,0,0,1104396.08,0,0,1104396.08,0,0,1104396.08,0,0,2406005.75,0,0,1104396.08,0,0,1104396.08,0,0,1104396.08,0,0,1171620.19,0,0,1104396.08,0,0,1171620.19,0,0,1104396.08
both_sexes,1,Moderna,2021-04-12,COVDIAB,0,0,0,0,0,0,0,0,0,0,0,0,0,0,0,0,0,0,0,0,0,0,0,0,0,0,0,0,0,0,0,0,0,0,0,0,0,0,0,0,0,0,0,0,0,0,0,0,0,0,948847.34,0,0,948847.34,0,0,948847.34,0,0,1236113.05,0,0,1052627.52,0,0,1113523.32,0,0,998046.83,0,0,998046.83,0,0,998046.83,0,0,998046.83,0,0,948847.34,0,0,948847.34,0,0,948847.34,0,0,948847.34,0,0,948847.34,0,0,948847.34,0,0,948847.34,0,0,948847.34,0,0,948847.34,0,0,948847.34,0,0,948847.34,0,0,948847.34,0,0,948847.34,0,0,948847.34,0,0,948847.34,0,0,948847.34,0,0,948847.34,0,0,948847.34,0,0,948847.34,0,0,948847.34,0,0,948847.34,0,0,948847.34,0,0,948847.34,0,0,948847.34,0,0,948847.34,0,0,948847.34,0,0,948847.34,0,0,948847.34,0,0,948847.34,0,0,948847.34,0,0,2041459.43,0,0,948847.34,0,0,948847.34,0,0,948847.34,0,0,998046.83,0,0,948847.34,0,0,998046.83,0,0,948847.34
both_sexes,1,Moderna,2021-04-19,COVDIAB,0,0,0,0,0,0,0,0,0,0,0,0,0,0,0,0,0,0,0,0,0,0,0,0,0,0,0,0,0,0,0,0,0,0,0,0,0,0,0,0,0,0,0,0,0,0,0,0,0,0,935668.9,0,0,898242.15,0,0,898242.15,0,0,1113523.32,0,0,990708.25,0,0,1036433.25,0,0,916573.62,0,0,916573.62,0,0,916573.62,0,0,916573.62,0,0,898242.15,0,0,898242.15,0,0,898242.15,0,0,898242.15,0,0,898242.15,0,0,898242.15,0,0,898242.15,0,0,935668.9,0,0,898242.15,0,0,898242.15,0,0,935668.9,0,0,898242.15,0,0,916573.62,0,0,898242.15,0,0,898242.15,0,0,898242.15,0,0,898242.15,0,0,898242.15,0,0,898242.15,0,0,898242.15,0,0,898242.15,0,0,898242.15,0,0,898242.15,0,0,935668.9,0,0,935668.9,0,0,898242.15,0,0,898242.15,0,0,898242.15,0,0,898242.15,0,0,898242.15,0,0,2449751.31,0,0,898242.15,0,0,898242.15,0,0,898242.15,0,0,916573.62,0,0,935668.9,0,0,955576.75,0,0,898242.15
both_sexes,2,Moderna,2021-04-19,COVDIAB,0,0,0,0,0,0,0,0,0,0,0,0,0,0,0,0,0,0,0,0,0,0,0,0,0,0,0,0,0,0,0,0,0,0,0,0,0,1,0,0,0,0,0,0,0,0,0,0,0,0,2866730.26,0,0,2866730.26,0,0,2866730.26,0,0,7485351.23,0,0,3368408.05,0,0,3742675.61,0,0,3133402.84,0,0,3133402.84,0,0,3742675.61,0,0,3742675.61,0,0,2866730.26,0,0,2866730.26,0,0,2866730.26,0,0,2866730.26,0,0,2866730.26,0,0,2866730.26,0,0,3368408.05,0,0,3368408.05,0,0,2866730.26,0,0,2866730.26,0,0,2866730.26,0,0,2866730.26,0,0,2866730.26,0,0,2866730.26,0,0,2866730.26,0,0,2866730.26,0,0,2866730.26,0,0,2866730.26,0,0,2866730.26,0,0,2866730.26,0,0,2866730.26,0,0,2866730.26,0,0,2866730.26,0,0,2866730.26,0,0,2866730.26,0,0,2866730.26,0,0,2866730.26,0,0,2866730.26,0,0,2866730.26,0,0,2866730.26,1660227.27,42033.32,9250194.31,0,0,2866730.26,0,0,2866730.26,0,0,2866730.26,0,0,3133402.84,0,0,2866730.26,0,0,3133402.84,0,0,2866730.26
both_sexes,2,Moderna,2021-04-26,COVDIAB,0,0,0,0,0,0,0,0,0,0,0,0,0,0,0,0,0,0,0,0,0,0,0,0,0,0,0,0,0,0,0,0,0,0,0,0,0,1,0,0,0,0,0,0,0,0,0,0,0,0,1334022.99,0,0,1334022.99,0,0,1334022.99,0,0,2245605.37,0,0,1531094.57,0,0,1663411.38,0,0,1433365.13,0,0,1433365.13,0,0,1548693.36,0,0,1548693.36,0,0,1334022.99,0,0,1334022.99,0,0,1334022.99,0,0,1334022.99,0,0,1334022.99,0,0,1334022.99,0,0,1433365.13,0,0,1433365.13,0,0,1334022.99,0,0,1334022.99,0,0,1334022.99,0,0,1334022.99,0,0,1334022.99,0,0,1334022.99,0,0,1334022.99,0,0,1334022.99,0,0,1334022.99,0,0,1334022.99,0,0,1334022.99,0,0,1334022.99,0,0,1334022.99,0,0,1334022.99,0,0,1334022.99,0,0,1334022.99,0,0,1334022.99,0,0,1334022.99,0,0,1334022.99,0,0,1334022.99,0,0,1334022.99,0,0,1334022.99,913125,23118.32,5087606.87,0,0,1334022.99,0,0,1334022.99,0,0,1334022.99,0,0,1433365.13,0,0,1334022.99,0,0,1433365.13,0,0,1334022.99
both_sexes,2,Moderna,2021-05-03,COVDIAB,0,0,0,0,0,0,0,0,0,0,0,0,0,0,0,0,0,0,0,0,0,0,0,0,0,0,0,0,0,0,0,0,0,0,0,0,0,0,0,0,0,0,0,0,0,0,0,0,0,0,1141833.24,0,0,1141833.24,0,0,1141833.24,0,0,1772846.34,0,0,1295541.56,0,0,1389034.25,0,0,1213840.74,0,0,1213840.74,0,0,1295541.56,0,0,1295541.56,0,0,1141833.24,0,0,1141833.24,0,0,1141833.24,0,0,1141833.24,0,0,1141833.24,0,0,1141833.24,0,0,1213840.74,0,0,1213840.74,0,0,1141833.24,0,0,1141833.24,0,0,1141833.24,0,0,1141833.24,0,0,1141833.24,0,0,1141833.24,0,0,1141833.24,0,0,1141833.24,0,0,1141833.24,0,0,1141833.24,0,0,1141833.24,0,0,1141833.24,0,0,1141833.24,0,0,1141833.24,0,0,1141833.24,0,0,1141833.24,0,0,1141833.24,0,0,1141833.24,0,0,1141833.24,0,0,1141833.24,0,0,1141833.24,0,0,1141833.24,0,0,3208007.67,0,0,1141833.24,0,0,1141833.24,0,0,1141833.24,0,0,1213840.74,0,0,1141833.24,0,0,1213840.74,0,0,1141833.24
both_sexes,2,Moderna,2021-05-10,COVDIAB,0,0,0,0,0,0,0,0,0,0,0,0,0,0,0,0,0,0,0,0,0,0,0,0,0,0,0,0,0,0,0,0,0,0,0,0,0,0,0,0,0,0,0,0,0,0,0,0,0,0,922851.52,0,0,922851.52,0,0,922851.52,0,0,1389034.25,0,0,1077890.58,0,0,1141833.24,0,0,969326.06,0,0,969326.06,0,0,1020729.71,0,0,1020729.71,0,0,922851.52,0,0,922851.52,0,0,922851.52,0,0,922851.52,0,0,922851.52,0,0,922851.52,0,0,969326.06,0,0,969326.06,0,0,922851.52,0,0,922851.52,0,0,922851.52,0,0,922851.52,0,0,922851.52,0,0,922851.52,0,0,922851.52,0,0,922851.52,0,0,922851.52,0,0,922851.52,0,0,922851.52,0,0,922851.52,0,0,922851.52,0,0,922851.52,0,0,922851.52,0,0,922851.52,0,0,922851.52,0,0,922851.52,0,0,922851.52,0,0,922851.52,0,0,922851.52,0,0,922851.52,0,0,2641888.67,0,0,922851.52,0,0,922851.52,0,0,922851.52,0,0,969326.06,0,0,922851.52,0,0,969326.06,0,0,922851.52
both_sexes,2,Moderna,2021-05-17,COVDIAB,0,0,0,0,0,0,0,0,0,0,0,0,0,0,0,0,0,0,0,0,0,0,0,0,0,0,0,0,0,0,0,0,0,0,0,0,0,0,0,0,0,0,0,0,0,0,0,0,0,0,792566.6,0,0,792566.6,0,0,792566.6,0,0,1132238,0,0,904270.62,0,0,962402.3,0,0,826603.2,0,0,826603.2,0,0,863694.37,0,0,863694.37,0,0,792566.6,0,0,792566.6,0,0,792566.6,0,0,792566.6,0,0,792566.6,0,0,792566.6,0,0,826603.2,0,0,826603.2,0,0,792566.6,0,0,792566.6,0,0,792566.6,0,0,792566.6,0,0,802001.92,0,0,792566.6,0,0,792566.6,0,0,792566.6,0,0,792566.6,0,0,792566.6,0,0,792566.6,0,0,792566.6,0,0,792566.6,0,0,792566.6,0,0,792566.6,0,0,792566.6,0,0,792566.6,0,0,792566.6,0,0,792566.6,0,0,792566.6,0,0,792566.6,0,0,792566.6,0,0,2406005.75,0,0,792566.6,0,0,792566.6,0,0,792566.6,0,0,826603.2,0,0,792566.6,0,0,826603.2,0,0,792566.6
both_sexes,2,Moderna,2021-05-24,COVDIAB,0,0,0,0,0,0,0,0,0,0,0,0,0,0,0,0,0,0,0,0,0,0,0,0,0,0,0,0,0,0,0,0,0,0,0,0,0,0,0,0,0,0,0,0,0,0,0,0,0,0,732262.62,0,0,732262.62,0,0,732262.62,0,0,1095417.25,0,0,826603.2,0,0,904270.62,0,0,783350.71,0,0,783350.71,0,0,792566.6,0,0,792566.6,0,0,732262.62,0,0,732262.62,0,0,732262.62,0,0,732262.62,0,0,732262.62,0,0,732262.62,0,0,761222.16,0,0,761222.16,0,0,732262.62,0,0,732262.62,0,0,732262.62,0,0,732262.62,0,0,761222.16,0,0,732262.62,0,0,732262.62,0,0,732262.62,0,0,732262.62,0,0,732262.62,0,0,732262.62,0,0,732262.62,0,0,752716.88,0,0,732262.62,0,0,732262.62,0,0,732262.62,0,0,732262.62,0,0,732262.62,0,0,732262.62,0,0,732262.62,0,0,732262.62,0,0,732262.62,0,0,2406005.75,0,0,732262.62,0,0,732262.62,0,0,732262.62,0,0,783350.71,0,0,732262.62,0,0,783350.71,0,0,732262.62
both_sexes,2,Moderna,2021-05-31,COVDIAB,0,0,0,0,0,0,0,0,0,0,0,0,0,0,0,0,0,0,0,0,0,0,0,0,0,0,0,0,0,0,0,0,0,0,0,0,0,0,0,0,0,0,0,0,0,0,0,0,0,0,677066.95,0,0,677066.95,0,0,677066.95,0,0,990708.25,0,0,756945.63,0,0,821562.94,0,0,728304.44,0,0,728304.44,0,0,728304.44,0,0,728304.44,0,0,677066.95,0,0,677066.95,0,0,677066.95,0,0,677066.95,0,0,677066.95,0,0,677066.95,0,0,701751.68,0,0,701751.68,0,0,677066.95,0,0,677066.95,0,0,677066.95,0,0,677066.95,0,0,701751.68,0,0,677066.95,0,0,677066.95,0,0,677066.95,0,0,677066.95,0,0,677066.95,0,0,677066.95,0,0,677066.95,0,0,701751.68,0,0,677066.95,0,0,677066.95,0,0,677066.95,0,0,677066.95,0,0,677066.95,0,0,677066.95,0,0,677066.95,0,0,677066.95,0,0,677066.95,0,0,2406005.75,0,0,677066.95,0,0,677066.95,0,0,677066.95,0,0,728304.44,0,0,677066.95,0,0,728304.44,0,0,677066.95
both_sexes,2,Moderna,2021-06-07,COVDIAB,0,0,0,1,0,0,0,0,0,0,0,0,0,0,0,0,0,0,0,0,0,0,0,0,0,0,0,0,0,0,0,0,0,0,0,0,0,0,0,0,0,0,0,0,0,0,0,0,0,0,663725.72,0,0,663725.72,0,0,663725.72,260892.86,6605.24,1453601.96,0,0,740309.46,0,0,802001.92,0,0,712890.59,0,0,712890.59,0,0,712890.59,0,0,712890.59,0,0,663725.72,0,0,663725.72,0,0,663725.72,0,0,663725.72,0,0,663725.72,0,0,663725.72,0,0,687430.21,0,0,687430.21,0,0,663725.72,0,0,663725.72,0,0,663725.72,0,0,663725.72,0,0,687430.21,0,0,663725.72,0,0,663725.72,0,0,663725.72,0,0,663725.72,0,0,663725.72,0,0,663725.72,0,0,663725.72,0,0,687430.21,0,0,663725.72,0,0,663725.72,0,0,663725.72,0,0,663725.72,0,0,663725.72,0,0,663725.72,0,0,663725.72,0,0,663725.72,0,0,663725.72,0,0,2406005.75,0,0,663725.72,0,0,663725.72,0,0,663725.72,0,0,712890.59,0,0,663725.72,0,0,712890.59,0,0,663725.72
both_sexes,2,Moderna,2021-06-14,COVDIAB,0,0,0,0,0,0,0,0,0,0,0,0,0,0,0,0,0,0,0,0,0,0,0,0,0,0,0,0,0,0,0,0,0,0,0,0,0,0,0,0,0,0,0,0,0,0,0,0,0,0,663725.72,0,0,663725.72,0,0,663725.72,0,0,1013055.05,0,0,740309.46,0,0,802001.92,0,0,712890.59,0,0,712890.59,0,0,712890.59,0,0,712890.59,0,0,663725.72,0,0,663725.72,0,0,663725.72,0,0,663725.72,0,0,663725.72,0,0,663725.72,0,0,687430.21,0,0,687430.21,0,0,663725.72,0,0,663725.72,0,0,663725.72,0,0,663725.72,0,0,687430.21,0,0,663725.72,0,0,663725.72,0,0,663725.72,0,0,663725.72,0,0,663725.72,0,0,663725.72,0,0,663725.72,0,0,687430.21,0,0,663725.72,0,0,663725.72,0,0,663725.72,0,0,663725.72,0,0,663725.72,0,0,663725.72,0,0,663725.72,0,0,663725.72,0,0,663725.72,0,0,2406005.75,0,0,663725.72,0,0,663725.72,0,0,663725.72,0,0,712890.59,0,0,663725.72,0,0,712890.59,0,0,663725.72
both_sexes,2,Moderna,2021-06-21,COVDIAB,0,0,0,0,0,0,0,0,0,0,0,0,0,0,0,0,0,0,0,0,0,0,0,0,0,0,0,0,0,0,0,0,0,0,0,0,0,0,0,0,0,0,0,0,0,0,0,0,0,0,663725.72,0,0,663725.72,0,0,663725.72,0,0,1013055.05,0,0,740309.46,0,0,802001.92,0,0,712890.59,0,0,712890.59,0,0,712890.59,0,0,712890.59,0,0,663725.72,0,0,663725.72,0,0,663725.72,0,0,663725.72,0,0,663725.72,0,0,663725.72,0,0,687430.21,0,0,687430.21,0,0,663725.72,0,0,663725.72,0,0,663725.72,0,0,663725.72,0,0,687430.21,0,0,663725.72,0,0,663725.72,0,0,663725.72,0,0,663725.72,0,0,663725.72,0,0,663725.72,0,0,663725.72,0,0,687430.21,0,0,663725.72,0,0,663725.72,0,0,663725.72,0,0,663725.72,0,0,663725.72,0,0,663725.72,0,0,663725.72,0,0,663725.72,0,0,663725.72,0,0,2406005.75,0,0,663725.72,0,0,663725.72,0,0,663725.72,0,0,712890.59,0,0,663725.72,0,0,712890.59,0,0,663725.72
both_sexes,2,Moderna,2021-06-28,COVDIAB,0,0,0,0,0,0,0,0,0,0,0,0,0,0,0,0,0,0,0,0,0,0,0,0,0,0,0,0,0,0,0,0,0,0,0,0,0,0,0,0,0,0,0,0,0,0,0,0,0,0,1464525.24,0,0,1464525.24,0,0,1464525.24,0,0,2283666.48,0,0,1623329.18,0,0,1749822.36,0,0,1566701.42,0,0,1566701.42,0,0,1566701.42,0,0,1566701.42,0,0,1464525.24,0,0,1464525.24,0,0,1464525.24,0,0,1464525.24,0,0,1464525.24,0,0,1464525.24,0,0,1513891.26,0,0,1513891.26,0,0,1464525.24,0,0,1464525.24,0,0,1464525.24,0,0,1464525.24,0,0,1513891.26,0,0,1464525.24,0,0,1464525.24,0,0,1464525.24,0,0,1464525.24,0,0,1464525.24,0,0,1464525.24,0,0,1464525.24,0,0,1513891.26,0,0,1464525.24,0,0,1464525.24,0,0,1464525.24,0,0,1464525.24,0,0,1464525.24,0,0,1464525.24,0,0,1464525.24,0,0,1464525.24,0,0,1464525.24,0,0,5182166.23,0,0,1464525.24,0,0,1464525.24,0,0,1464525.24,0,0,1566701.42,0,0,1464525.24,0,0,1566701.42,0,0,1464525.24
both_sexes,1,Pfizer,2021-03-01,COVDIAB,0,0,0,0,0,0,0,0,0,0,0,0,0,0,0,0,0,0,0,0,0,0,0,0,0,0,0,0,0,0,0,0,0,0,0,0,0,0,0,0,0,0,0,0,0,0,0,0,0,0,1623329.18,0,0,1623329.18,0,0,1623329.18,0,0,2591083.12,0,0,1772846.34,0,0,1952700.32,0,0,1623329.18,0,0,1772846.34,0,0,2245605.37,0,0,2245605.37,0,0,1623329.18,0,0,1623329.18,0,0,1623329.18,0,0,1623329.18,0,0,1623329.18,0,0,1623329.18,0,0,1623329.18,0,0,1623329.18,0,0,1623329.18,0,0,1623329.18,0,0,1623329.18,0,0,1623329.18,0,0,1623329.18,0,0,1623329.18,0,0,1623329.18,0,0,1623329.18,0,0,1623329.18,0,0,1623329.18,0,0,1623329.18,0,0,1772846.34,0,0,1772846.34,0,0,1623329.18,0,0,1623329.18,0,0,1623329.18,0,0,1623329.18,0,0,1623329.18,0,0,1623329.18,0,0,1623329.18,0,0,1623329.18,0,0,1623329.18,0,0,5389452.88,0,0,1623329.18,0,0,1623329.18,0,0,1623329.18,0,0,1772846.34,0,0,1623329.18,0,0,1772846.34,0,0,1623329.18
both_sexes,1,Pfizer,2021-03-08,COVDIAB,0,0,0,0,0,0,0,0,0,0,0,0,0,0,0,0,0,0,0,0,0,0,0,0,0,0,0,0,0,0,0,0,0,0,0,0,0,0,0,0,0,0,0,0,0,0,0,0,0,0,1095417.25,0,0,1095417.25,0,0,1095417.25,0,0,1497070.25,0,0,1161520.02,0,0,1271097.38,0,0,1095417.25,0,0,1203002.88,0,0,1418277.07,0,0,1418277.07,0,0,1095417.25,0,0,1095417.25,0,0,1095417.25,0,0,1095417.25,0,0,1095417.25,0,0,1095417.25,0,0,1095417.25,0,0,1095417.25,0,0,1095417.25,0,0,1095417.25,0,0,1095417.25,0,0,1095417.25,0,0,1095417.25,0,0,1095417.25,0,0,1095417.25,0,0,1095417.25,0,0,1095417.25,0,0,1095417.25,0,0,1095417.25,0,0,1161520.02,0,0,1161520.02,0,0,1095417.25,0,0,1095417.25,0,0,1095417.25,0,0,1095417.25,0,0,1095417.25,0,0,1095417.25,0,0,1095417.25,0,0,1095417.25,0,0,1095417.25,0,0,4210510.06,0,0,1095417.25,0,0,1095417.25,0,0,1095417.25,0,0,1161520.02,0,0,1095417.25,0,0,1161520.02,0,0,1095417.25
both_sexes,1,Pfizer,2021-03-15,COVDIAB,0,0,0,0,0,0,0,0,0,0,0,0,0,0,0,0,0,0,0,0,0,0,0,0,0,0,0,0,0,0,0,0,0,0,0,0,0,0,0,0,0,0,0,0,0,0,0,0,0,0,752716.88,0,0,752716.88,0,0,752716.88,0,0,1095417.25,0,0,774346.68,0,0,842102.01,0,0,752716.88,0,0,886423.17,0,0,929216.01,0,0,929216.01,0,0,752716.88,0,0,752716.88,0,0,752716.88,0,0,752716.88,0,0,752716.88,0,0,752716.88,0,0,752716.88,0,0,752716.88,0,0,752716.88,0,0,752716.88,0,0,752716.88,0,0,752716.88,0,0,752716.88,0,0,752716.88,0,0,752716.88,0,0,752716.88,0,0,752716.88,0,0,752716.88,0,0,752716.88,0,0,783350.71,0,0,783350.71,0,0,752716.88,0,0,752716.88,0,0,752716.88,0,0,752716.88,0,0,752716.88,0,0,752716.88,0,0,752716.88,0,0,752716.88,0,0,752716.88,0,0,2323040.04,0,0,752716.88,0,0,752716.88,0,0,752716.88,0,0,783350.71,0,0,752716.88,0,0,783350.71,0,0,752716.88
both_sexes,1,Pfizer,2021-03-22,COVDIAB,0,0,0,0,0,0,1,1,0,0,0,0,0,0,0,0,0,0,0,0,0,0,0,0,0,0,0,0,0,0,0,0,0,0,0,0,0,0,0,0,0,1,0,1,0,0,0,0,0,0,728304.44,0,0,728304.44,0,0,728304.44,0,0,983476.8,0,0,728304.44,0,0,787931.71,197432.43,4998.56,1100023.11,224079.75,5673.21,1248492.48,0,0,863694.37,0,0,863694.37,0,0,728304.44,0,0,728304.44,0,0,728304.44,0,0,728304.44,0,0,728304.44,0,0,728304.44,0,0,728304.44,0,0,728304.44,0,0,728304.44,0,0,728304.44,0,0,728304.44,0,0,728304.44,0,0,728304.44,0,0,728304.44,0,0,728304.44,0,0,728304.44,0,0,728304.44,0,0,728304.44,0,0,728304.44,0,0,756945.63,0,0,756945.63,0,0,728304.44,0,0,728304.44,0,0,728304.44,0,0,728304.44,0,0,728304.44,0,0,728304.44,0,0,728304.44,0,0,728304.44,0,0,728304.44,0,0,2138671.78,0,0,728304.44,0,0,728304.44,0,0,728304.44,205196.63,5195.13,1143282.44,0,0,728304.44,205196.63,5195.13,1143282.44,0,0,728304.44
both_sexes,1,Pfizer,2021-03-29,COVDIAB,0,0,0,0,0,0,0,0,0,0,0,0,0,0,0,0,0,0,0,0,0,0,0,0,0,0,0,0,0,0,0,0,0,0,0,0,0,0,0,0,0,0,0,0,0,0,0,0,0,0,585810.1,0,0,585810.1,0,0,585810.1,0,0,709138.54,0,0,585810.1,0,0,629608.98,0,0,593552.08,0,0,635548.69,0,0,680486.48,0,0,680486.48,0,0,585810.1,0,0,585810.1,0,0,585810.1,0,0,585810.1,0,0,585810.1,0,0,585810.1,0,0,588368.22,0,0,588368.22,0,0,585810.1,0,0,585810.1,0,0,585810.1,0,0,585810.1,0,0,585810.1,0,0,585810.1,0,0,585810.1,0,0,585810.1,0,0,585810.1,0,0,585810.1,0,0,585810.1,0,0,606920.37,0,0,606920.37,0,0,585810.1,0,0,585810.1,0,0,585810.1,0,0,585810.1,0,0,585810.1,0,0,585810.1,0,0,585810.1,0,0,585810.1,0,0,585810.1,0,0,2283666.48,0,0,585810.1,0,0,585810.1,0,0,585810.1,0,0,615234.35,0,0,585810.1,0,0,615234.35,0,0,585810.1
both_sexes,1,Pfizer,2021-04-05,COVDIAB,0,0,0,0,0,0,0,0,0,0,0,0,0,0,0,0,0,0,0,0,0,0,0,0,0,0,0,0,0,0,0,0,0,0,0,0,0,0,0,0,0,0,0,0,0,0,0,0,0,0,389411.34,0,0,389411.34,0,0,391675.35,0,0,471106.02,0,0,391675.35,0,0,408291.89,0,0,391675.35,0,0,408291.89,0,0,446146.76,0,0,446146.76,0,0,389411.34,0,0,389411.34,0,0,389411.34,0,0,389411.34,0,0,389411.34,0,0,389411.34,0,0,403402.16,0,0,403402.16,0,0,389411.34,0,0,389411.34,0,0,389411.34,0,0,389411.34,0,0,389411.34,0,0,389411.34,0,0,389411.34,0,0,389411.34,0,0,389411.34,0,0,389411.34,0,0,389411.34,0,0,409532.89,0,0,409532.89,0,0,389411.34,0,0,389411.34,0,0,389411.34,0,0,389411.34,0,0,389411.34,0,0,389411.34,0,0,389411.34,0,0,389411.34,0,0,389411.34,0,0,1749822.36,0,0,389411.34,0,0,389411.34,0,0,389411.34,0,0,412037.68,0,0,389411.34,0,0,412037.68,0,0,389411.34
both_sexes,1,Pfizer,2021-04-12,COVDIAB,0,0,0,0,0,0,0,0,0,0,0,0,0,0,0,0,0,0,0,0,0,0,0,0,0,0,0,0,0,0,0,0,0,0,0,0,0,0,0,0,0,0,0,0,0,0,0,0,0,0,285458.31,0,0,285458.31,0,0,289755.53,0,0,362194.41,0,0,297431.17,0,0,308321.1,0,0,292905.05,0,0,310452.35,0,0,327825.6,0,0,327825.6,0,0,285458.31,0,0,285458.31,0,0,285458.31,0,0,285458.31,0,0,285458.31,0,0,285458.31,0,0,294184.11,0,0,294184.11,0,0,285458.31,0,0,285458.31,0,0,285458.31,0,0,285458.31,0,0,285458.31,0,0,285458.31,0,0,285458.31,0,0,285458.31,0,0,285458.31,0,0,285458.31,0,0,285458.31,0,0,298750.16,0,0,298750.16,0,0,285458.31,0,0,285458.31,0,0,286673.03,0,0,286673.03,0,0,285458.31,0,0,285458.31,0,0,285458.31,0,0,285458.31,0,0,285458.31,0,0,1247558.54,0,0,285458.31,0,0,285458.31,0,0,285458.31,0,0,306916.45,0,0,286673.03,0,0,308321.1,0,0,285458.31
both_sexes,1,Pfizer,2021-04-19,COVDIAB,0,0,0,0,0,0,0,0,0,0,0,0,0,0,0,0,0,0,0,0,0,0,0,0,0,0,0,0,0,0,0,0,0,0,0,0,0,0,0,0,0,0,0,0,0,0,0,0,0,0,229925.46,0,0,229925.46,0,0,232705.22,0,0,301423.54,0,0,240600.58,0,0,247222.61,0,0,235553.01,0,0,255666.65,0,0,260108.73,0,0,260108.73,0,0,229925.46,0,0,229925.46,0,0,229925.46,0,0,229925.46,0,0,229925.46,0,0,229925.46,0,0,236379.51,0,0,236379.51,0,0,229925.46,0,0,229925.46,0,0,229925.46,0,0,229925.46,0,0,229925.46,0,0,229925.46,0,0,229925.46,0,0,229925.46,0,0,229925.46,0,0,229925.46,0,0,229925.46,0,0,238471.37,0,0,238471.37,0,0,229925.46,0,0,229925.46,0,0,232705.22,0,0,232705.22,0,0,229925.46,0,0,229925.46,0,0,229925.46,0,0,229925.46,0,0,229925.46,0,0,990708.25,0,0,229925.46,0,0,229925.46,0,0,229925.46,0,0,244530.53,0,0,232705.22,0,0,247677.06,0,0,229925.46
both_sexes,1,Pfizer,2021-04-26,COVDIAB,0,0,0,0,0,0,0,0,0,0,0,0,0,0,0,0,0,0,0,0,0,0,0,0,0,0,0,0,0,0,0,0,0,0,0,0,0,0,0,0,0,0,0,0,0,0,0,0,0,0,231108.61,0,0,231108.61,0,0,233511.82,0,0,296123.78,0,0,244975.13,0,0,251373.74,0,0,236379.51,0,0,262132.92,0,0,259607.56,0,0,259607.56,0,0,231108.61,0,0,231108.61,0,0,231108.61,0,0,231108.61,0,0,231108.61,0,0,231108.61,0,0,233917.23,0,0,233917.23,0,0,231108.61,0,0,231108.61,0,0,231108.61,0,0,231108.61,0,0,231108.61,0,0,231108.61,0,0,231108.61,0,0,231108.61,0,0,231108.61,0,0,231108.61,0,0,231108.61,0,0,241462.94,0,0,244530.53,0,0,231108.61,0,0,231108.61,0,0,233917.23,0,0,233917.23,0,0,231108.61,0,0,231108.61,0,0,231108.61,0,0,231108.61,0,0,231108.61,0,0,976350.16,0,0,231108.61,0,0,231108.61,0,0,231108.61,0,0,247222.61,0,0,233917.23,0,0,250439.26,0,0,231108.61
both_sexes,1,Pfizer,2021-05-03,COVDIAB,0,0,0,0,0,0,0,0,0,0,0,0,0,0,0,0,0,0,0,0,0,0,0,0,0,0,0,0,0,0,0,0,0,0,0,0,0,0,0,0,0,0,0,0,0,0,0,0,0,0,256640.61,0,0,256640.61,0,0,256640.61,0,0,307617.17,0,0,266277.32,0,0,271645.81,0,0,259108.31,0,0,281875.15,0,0,285458.31,0,0,285458.31,0,0,256640.61,0,0,256640.61,0,0,256640.61,0,0,256640.61,0,0,256640.61,0,0,256640.61,0,0,260108.73,0,0,260108.73,0,0,256640.61,0,0,256640.61,0,0,256640.61,0,0,256640.61,0,0,256640.61,0,0,256640.61,0,0,256640.61,0,0,256640.61,0,0,256640.61,0,0,256640.61,0,0,256640.61,0,0,267333.97,0,0,271099.24,0,0,256640.61,0,0,256640.61,0,0,257622.03,0,0,257622.03,0,0,256640.61,0,0,256640.61,0,0,256640.61,0,0,256640.61,0,0,256640.61,0,0,1141833.24,0,0,256640.61,0,0,256640.61,0,0,256640.61,0,0,270012.67,0,0,257622.03,0,0,271099.24,0,0,256640.61
both_sexes,1,Pfizer,2021-05-10,COVDIAB,0,0,0,0,0,0,0,0,0,0,0,0,0,0,0,0,0,0,0,0,0,0,0,0,0,0,0,0,0,0,0,0,0,0,0,0,0,1,0,0,0,0,0,0,0,0,0,0,0,0,257130.39,0,0,257130.39,0,0,257130.39,0,0,302099.38,0,0,260611.84,0,0,264188.87,0,0,257130.39,0,0,269472.64,0,0,273298.83,0,0,273298.83,0,0,257130.39,0,0,257130.39,0,0,257130.39,0,0,257130.39,0,0,257130.39,0,0,257130.39,0,0,257130.39,0,0,257130.39,0,0,257130.39,0,0,257130.39,0,0,257130.39,0,0,257130.39,0,0,257130.39,0,0,257130.39,0,0,257130.39,0,0,257130.39,0,0,257130.39,0,0,257130.39,0,0,257130.39,0,0,265752.11,0,0,269472.64,0,0,257130.39,0,0,257130.39,0,0,257130.39,0,0,257130.39,0,0,257130.39,0,0,257130.39,0,0,257130.39,0,0,257130.39,0,0,257130.39,287598.43,7281.36,1602395.86,0,0,257130.39,0,0,257130.39,0,0,257130.39,0,0,265752.11,0,0,257130.39,0,0,265752.11,0,0,257130.39
both_sexes,1,Pfizer,2021-05-17,COVDIAB,0,0,0,0,0,0,0,0,0,0,0,0,0,0,0,0,0,0,0,0,0,0,0,0,0,0,0,0,0,0,0,0,0,0,0,0,0,0,0,0,0,0,0,0,0,0,0,0,0,0,251843.59,0,0,251843.59,0,0,251843.59,0,0,296776.04,0,0,257130.39,0,0,260611.84,0,0,253740.72,0,0,267865.45,0,0,269472.64,0,0,269472.64,0,0,251843.59,0,0,251843.59,0,0,251843.59,0,0,251843.59,0,0,251843.59,0,0,251843.59,0,0,251843.59,0,0,251843.59,0,0,251843.59,0,0,251843.59,0,0,251843.59,0,0,251843.59,0,0,251843.59,0,0,251843.59,0,0,251843.59,0,0,251843.59,0,0,251843.59,0,0,251843.59,0,0,251843.59,0,0,255666.65,0,0,259108.31,0,0,251843.59,0,0,251843.59,0,0,251843.59,0,0,251843.59,0,0,251843.59,0,0,251843.59,0,0,251843.59,0,0,251843.59,0,0,251843.59,0,0,1151592.5,0,0,251843.59,0,0,251843.59,0,0,251843.59,0,0,257622.03,0,0,251843.59,0,0,257622.03,0,0,251843.59
both_sexes,1,Pfizer,2021-05-24,COVDIAB,0,0,0,0,0,0,0,0,0,0,0,0,0,0,0,0,0,0,0,0,0,0,0,0,0,0,0,0,0,0,0,0,0,0,0,0,0,0,0,0,0,0,0,0,0,0,0,0,0,0,236794.94,0,0,236794.94,0,0,236794.94,0,0,281286.68,0,0,242768.15,0,0,245869.2,0,0,239744.35,0,0,255666.65,0,0,252315.21,0,0,252315.21,0,0,236794.94,0,0,236794.94,0,0,236794.94,0,0,236794.94,0,0,236794.94,0,0,236794.94,0,0,236794.94,0,0,236794.94,0,0,236794.94,0,0,236794.94,0,0,236794.94,0,0,236794.94,0,0,236794.94,0,0,236794.94,0,0,236794.94,0,0,236794.94,0,0,236794.94,0,0,236794.94,0,0,236794.94,0,0,239744.35,0,0,242768.15,0,0,236794.94,0,0,236794.94,0,0,236794.94,0,0,236794.94,0,0,236794.94,0,0,236794.94,0,0,236794.94,0,0,236794.94,0,0,236794.94,0,0,1036433.25,0,0,236794.94,0,0,236794.94,0,0,236794.94,0,0,242768.15,0,0,236794.94,0,0,242768.15,0,0,236794.94
both_sexes,1,Pfizer,2021-05-31,COVDIAB,0,0,0,0,0,0,0,0,0,0,0,0,0,0,0,0,0,0,0,0,0,0,0,0,0,0,0,0,0,0,0,0,0,0,0,0,0,0,0,0,0,0,0,0,0,0,0,0,0,0,281875.15,0,0,281875.15,0,0,281875.15,0,0,341970.36,0,0,290380,0,0,294827.84,0,0,286064.38,0,0,309028.26,0,0,304145.2,0,0,304145.2,0,0,281875.15,0,0,281875.15,0,0,281875.15,0,0,281875.15,0,0,281875.15,0,0,281875.15,0,0,281875.15,0,0,281875.15,0,0,281875.15,0,0,281875.15,0,0,281875.15,0,0,281875.15,0,0,281875.15,0,0,281875.15,0,0,281875.15,0,0,281875.15,0,0,281875.15,0,0,281875.15,0,0,281875.15,0,0,286064.38,0,0,290380,0,0,281875.15,0,0,281875.15,0,0,281875.15,0,0,281875.15,0,0,281875.15,0,0,281875.15,0,0,281875.15,0,0,281875.15,0,0,281875.15,0,0,1104396.08,0,0,281875.15,0,0,281875.15,0,0,281875.15,0,0,290380,0,0,281875.15,0,0,290380,0,0,281875.15
both_sexes,1,Pfizer,2021-06-07,COVDIAB,0,0,0,0,0,0,0,0,0,0,0,0,0,0,0,0,0,0,0,0,0,0,0,0,0,0,0,0,0,0,0,0,0,0,0,0,0,0,0,0,0,0,0,0,0,0,0,0,0,0,266277.32,0,0,266277.32,0,0,266277.32,0,0,322335.7,0,0,273854.31,0,0,277806.85,0,0,270012.67,0,0,290380,0,0,286064.38,0,0,286064.38,0,0,266277.32,0,0,266277.32,0,0,266277.32,0,0,266277.32,0,0,266277.32,0,0,266277.32,0,0,266277.32,0,0,266277.32,0,0,266277.32,0,0,266277.32,0,0,266277.32,0,0,266277.32,0,0,266277.32,0,0,266277.32,0,0,266277.32,0,0,266277.32,0,0,266277.32,0,0,266277.32,0,0,266277.32,0,0,270012.67,0,0,273854.31,0,0,266277.32,0,0,266277.32,0,0,266277.32,0,0,266277.32,0,0,266277.32,0,0,266277.32,0,0,266277.32,0,0,266277.32,0,0,266277.32,0,0,969326.06,0,0,266277.32,0,0,266277.32,0,0,266277.32,0,0,273854.31,0,0,266277.32,0,0,273854.31,0,0,266277.32
both_sexes,1,Pfizer,2021-06-14,COVDIAB,0,0,0,0,0,0,0,0,0,0,0,0,0,0,0,0,0,0,0,0,0,0,0,0,0,0,0,0,0,0,0,0,0,0,0,0,0,0,0,0,0,0,0,0,0,0,0,0,0,0,239318.51,0,0,239318.51,0,0,239318.51,0,0,285458.31,0,0,245421.35,0,0,248591,0,0,242331.51,0,0,258610.98,0,0,255182.43,0,0,255182.43,0,0,239318.51,0,0,239318.51,0,0,239318.51,0,0,239318.51,0,0,239318.51,0,0,239318.51,0,0,239318.51,0,0,239318.51,0,0,239318.51,0,0,239318.51,0,0,239318.51,0,0,239318.51,0,0,239318.51,0,0,239318.51,0,0,239318.51,0,0,239318.51,0,0,239318.51,0,0,239318.51,0,0,239318.51,0,0,242331.51,0,0,245421.35,0,0,239318.51,0,0,239318.51,0,0,239318.51,0,0,239318.51,0,0,239318.51,0,0,239318.51,0,0,239318.51,0,0,239318.51,0,0,239318.51,0,0,831705.69,0,0,239318.51,0,0,239318.51,0,0,239318.51,0,0,245421.35,0,0,239318.51,0,0,245421.35,0,0,239318.51
both_sexes,1,Pfizer,2021-06-21,COVDIAB,0,0,0,0,0,0,0,0,0,0,0,0,0,0,0,0,0,0,0,0,0,0,0,0,0,0,0,0,0,0,0,0,0,0,0,0,0,0,0,0,0,0,0,0,0,0,0,0,0,0,232705.22,0,0,232705.22,0,0,232705.22,0,0,277235.23,0,0,238471.37,0,0,242331.51,0,0,235553.01,0,0,249974.62,0,0,247222.61,0,0,247222.61,0,0,232705.22,0,0,232705.22,0,0,232705.22,0,0,232705.22,0,0,232705.22,0,0,232705.22,0,0,232705.22,0,0,232705.22,0,0,232705.22,0,0,232705.22,0,0,232705.22,0,0,232705.22,0,0,232705.22,0,0,232705.22,0,0,232705.22,0,0,232705.22,0,0,232705.22,0,0,232705.22,0,0,232705.22,0,0,235553.01,0,0,239318.51,0,0,232705.22,0,0,232705.22,0,0,232705.22,0,0,232705.22,0,0,232705.22,0,0,232705.22,0,0,232705.22,0,0,232705.22,0,0,232705.22,0,0,811664.59,0,0,232705.22,0,0,232705.22,0,0,232705.22,0,0,238471.37,0,0,232705.22,0,0,238471.37,0,0,232705.22
both_sexes,1,Pfizer,2021-06-28,COVDIAB,0,0,0,0,0,0,0,0,0,0,0,0,0,0,0,0,0,0,0,0,0,0,0,0,0,0,0,0,0,0,0,0,0,0,0,0,0,0,0,0,0,0,0,0,0,0,0,0,0,0,570916.62,0,0,570916.62,0,0,570916.62,0,0,683940.72,0,0,583274.12,0,0,598828.1,0,0,575796.25,0,0,601501.44,0,0,601501.44,0,0,601501.44,0,0,570916.62,0,0,570916.62,0,0,570916.62,0,0,570916.62,0,0,570916.62,0,0,570916.62,0,0,570916.62,0,0,570916.62,0,0,570916.62,0,0,570916.62,0,0,570916.62,0,0,570916.62,0,0,570916.62,0,0,570916.62,0,0,570916.62,0,0,570916.62,0,0,570916.62,0,0,570916.62,0,0,570916.62,0,0,578267.48,0,0,593552.08,0,0,570916.62,0,0,570916.62,0,0,570916.62,0,0,570916.62,0,0,570916.62,0,0,570916.62,0,0,570916.62,0,0,570916.62,0,0,570916.62,0,0,1952700.32,0,0,570916.62,0,0,570916.62,0,0,570916.62,0,0,583274.12,0,0,570916.62,0,0,583274.12,0,0,570916.62
both_sexes,1,Moderna,2021-05-31,COVDIAB,0,0,0,0,0,0,0,0,0,0,0,0,0,0,0,0,0,0,0,0,0,0,0,0,0,0,0,0,0,0,0,0,0,0,0,0,0,1,0,0,0,0,0,0,0,0,0,0,0,0,2173166.48,0,0,1952700.32,0,0,1952700.32,0,0,2994140.49,0,0,1952700.32,0,0,1952700.32,0,0,1952700.32,0,0,1952700.32,0,0,2138671.78,0,0,2138671.78,0,0,1952700.32,0,0,1952700.32,0,0,1952700.32,0,0,1952700.32,0,0,1952700.32,0,0,1952700.32,0,0,1952700.32,0,0,2173166.48,0,0,1952700.32,0,0,1952700.32,0,0,2173166.48,0,0,1952700.32,0,0,1952700.32,0,0,1952700.32,0,0,1952700.32,0,0,1952700.32,0,0,1952700.32,0,0,1952700.32,0,0,1952700.32,0,0,1952700.32,0,0,1952700.32,0,0,1952700.32,0,0,1952700.32,0,0,2173166.48,0,0,2173166.48,0,0,1952700.32,0,0,1952700.32,0,0,1952700.32,0,0,1952700.32,0,0,1952700.32,1739285.71,44034.9,9690679.75,0,0,1952700.32,0,0,1952700.32,0,0,1952700.32,0,0,1952700.32,0,0,2173166.48,0,0,2173166.48,0,0,1952700.32
both_sexes,1,Moderna,2021-06-07,COVDIAB,0,0,0,0,0,0,0,0,0,0,0,0,0,0,0,0,0,0,0,0,0,0,0,0,0,0,0,0,0,0,0,0,0,0,0,0,0,0,0,0,0,0,0,0,0,0,0,0,0,0,1924804.6,0,0,1749822.36,0,0,1749822.36,0,0,3208007.67,0,0,1749822.36,0,0,1749822.36,0,0,1749822.36,0,0,1749822.36,0,0,1924804.6,0,0,1924804.6,0,0,1749822.36,0,0,1749822.36,0,0,1749822.36,0,0,1749822.36,0,0,1749822.36,0,0,1749822.36,0,0,1749822.36,0,0,1924804.6,0,0,1749822.36,0,0,1749822.36,0,0,1924804.6,0,0,1749822.36,0,0,1749822.36,0,0,1749822.36,0,0,1749822.36,0,0,1749822.36,0,0,1749822.36,0,0,1749822.36,0,0,1749822.36,0,0,1749822.36,0,0,1749822.36,0,0,1749822.36,0,0,1749822.36,0,0,1924804.6,0,0,1924804.6,0,0,1749822.36,0,0,1749822.36,0,0,1749822.36,0,0,1749822.36,0,0,1749822.36,0,0,9624023,0,0,1749822.36,0,0,1749822.36,0,0,1749822.36,0,0,1749822.36,0,0,1924804.6,0,0,1924804.6,0,0,1749822.36
both_sexes,1,Moderna,2021-06-14,COVDIAB,0,0,0,0,0,0,0,0,0,0,0,0,0,0,0,0,0,0,0,0,0,0,0,0,0,0,0,0,0,0,0,0,0,0,0,0,0,0,0,0,0,0,0,0,0,0,0,0,0,0,1924804.6,0,0,1749822.36,0,0,1749822.36,0,0,3208007.67,0,0,1749822.36,0,0,1749822.36,0,0,1749822.36,0,0,1749822.36,0,0,1924804.6,0,0,1924804.6,0,0,1749822.36,0,0,1749822.36,0,0,1749822.36,0,0,1749822.36,0,0,1749822.36,0,0,1749822.36,0,0,1749822.36,0,0,1924804.6,0,0,1749822.36,0,0,1749822.36,0,0,1924804.6,0,0,1749822.36,0,0,1749822.36,0,0,1749822.36,0,0,1749822.36,0,0,1749822.36,0,0,1749822.36,0,0,1749822.36,0,0,1749822.36,0,0,1749822.36,0,0,1749822.36,0,0,1749822.36,0,0,1749822.36,0,0,1924804.6,0,0,1924804.6,0,0,1749822.36,0,0,1749822.36,0,0,1749822.36,0,0,1749822.36,0,0,1749822.36,0,0,9624023,0,0,1749822.36,0,0,1749822.36,0,0,1749822.36,0,0,1749822.36,0,0,1924804.6,0,0,1924804.6,0,0,1749822.36
both_sexes,1,Moderna,2021-06-21,COVDIAB,0,0,0,0,0,0,0,0,0,0,0,0,0,0,0,0,0,0,0,0,0,0,0,0,0,0,0,0,0,0,0,0,0,0,0,0,0,0,0,0,0,0,0,0,0,0,0,0,0,0,1924804.6,0,0,1749822.36,0,0,1749822.36,0,0,3208007.67,0,0,1749822.36,0,0,1749822.36,0,0,1749822.36,0,0,1749822.36,0,0,1924804.6,0,0,1924804.6,0,0,1749822.36,0,0,1749822.36,0,0,1749822.36,0,0,1749822.36,0,0,1749822.36,0,0,1749822.36,0,0,1749822.36,0,0,1924804.6,0,0,1749822.36,0,0,1749822.36,0,0,1924804.6,0,0,1749822.36,0,0,1749822.36,0,0,1749822.36,0,0,1749822.36,0,0,1749822.36,0,0,1749822.36,0,0,1749822.36,0,0,1749822.36,0,0,1749822.36,0,0,1749822.36,0,0,1749822.36,0,0,1749822.36,0,0,1924804.6,0,0,1924804.6,0,0,1749822.36,0,0,1749822.36,0,0,1749822.36,0,0,1749822.36,0,0,1749822.36,0,0,9624023,0,0,1749822.36,0,0,1749822.36,0,0,1749822.36,0,0,1749822.36,0,0,1924804.6,0,0,1924804.6,0,0,1749822.36
both_sexes,1,Moderna,2021-06-28,COVDIAB,0,0,0,0,0,0,0,0,0,0,0,0,0,0,0,0,0,0,0,0,0,0,0,0,0,0,0,0,0,0,0,0,0,0,0,0,0,0,0,0,0,0,0,0,0,0,0,0,0,0,5389452.88,0,0,4812011.5,0,0,4812011.5,0,0,8421020.13,0,0,4812011.5,0,0,4812011.5,0,0,4812011.5,0,0,4812011.5,0,0,5389452.88,0,0,5389452.88,0,0,4812011.5,0,0,4812011.5,0,0,4812011.5,0,0,4812011.5,0,0,4812011.5,0,0,4812011.5,0,0,4812011.5,0,0,5389452.88,0,0,4812011.5,0,0,4812011.5,0,0,5389452.88,0,0,4812011.5,0,0,4812011.5,0,0,4812011.5,0,0,4812011.5,0,0,4812011.5,0,0,4812011.5,0,0,4812011.5,0,0,4812011.5,0,0,4812011.5,0,0,4812011.5,0,0,4812011.5,0,0,4812011.5,0,0,5389452.88,0,0,5389452.88,0,0,4812011.5,0,0,4812011.5,0,0,4812011.5,0,0,4812011.5,0,0,4812011.5,0,0,33684080.52,0,0,4812011.5,0,0,4812011.5,0,0,4812011.5,0,0,4812011.5,0,0,5389452.88,0,0,5389452.88,0,0,4812011.5
both_sexes,2,Pfizer,2021-05-24,COVDIAB,0,0,0,0,0,0,0,0,0,0,0,0,0,0,0,0,0,0,0,0,0,0,0,0,0,0,0,0,0,0,0,0,0,0,0,0,0,1,0,0,0,0,0,0,0,0,0,0,0,0,147899.37,0,0,147899.37,0,0,149044.6,0,0,184823.49,0,0,153808.59,0,0,157586.34,0,0,151389.13,0,0,167166.65,0,0,161554.34,0,0,161554.34,0,0,147899.37,0,0,147899.37,0,0,147899.37,0,0,147899.37,0,0,147899.37,0,0,147899.37,0,0,151389.13,0,0,151389.13,0,0,147899.37,0,0,147899.37,0,0,147899.37,0,0,147899.37,0,0,147899.37,0,0,147899.37,0,0,147899.37,0,0,147899.37,0,0,147899.37,0,0,147899.37,0,0,147899.37,0,0,152589.27,0,0,152589.27,0,0,147899.37,0,0,147899.37,0,0,149044.6,0,0,149044.6,0,0,147899.37,0,0,147899.37,0,0,147899.37,0,0,147899.37,0,0,147899.37,222713.41,5638.62,1240879.72,0,0,147899.37,0,0,147899.37,0,0,147899.37,0,0,156306.64,0,0,149044.6,0,0,157586.34,0,0,147899.37
both_sexes,2,Pfizer,2021-05-31,COVDIAB,0,0,0,0,0,0,0,0,0,0,0,0,0,0,0,0,0,0,0,0,0,0,0,0,0,0,0,0,0,0,0,0,0,0,0,0,0,1,0,0,0,0,0,0,0,0,0,0,0,0,130054.36,0,0,130054.36,0,0,130939.09,0,0,159074.76,0,0,134601.72,0,0,137486.04,0,0,132745.14,0,0,144722.15,0,0,140496.69,0,0,140496.69,0,0,130054.36,0,0,130054.36,0,0,130054.36,0,0,130054.36,0,0,130054.36,0,0,130054.36,0,0,132745.14,0,0,132745.14,0,0,130054.36,0,0,130054.36,0,0,130054.36,0,0,130054.36,0,0,130054.36,0,0,130054.36,0,0,130054.36,0,0,130054.36,0,0,130054.36,0,0,130054.36,0,0,130054.36,0,0,133666.99,0,0,133666.99,0,0,130054.36,0,0,130054.36,0,0,130939.09,0,0,130939.09,0,0,130054.36,0,0,130054.36,0,0,130054.36,0,0,130054.36,0,0,130054.36,213596.49,5407.79,1190083.48,0,0,130054.36,0,0,130054.36,0,0,130054.36,0,0,136510.96,0,0,130939.09,0,0,137486.04,0,0,130054.36
both_sexes,1,J&J,2021-05-24,COVDIAB,0,0,0,0,0,0,0,0,0,0,0,0,0,0,0,0,0,0,0,0,0,0,0,0,0,0,0,0,0,0,0,0,0,0,0,0,0,0,0,0,0,0,0,0,0,0,0,0,0,0,26947264.41,0,0,26947264.41,0,0,26947264.41,0,0,26947264.41,0,0,26947264.41,0,0,26947264.41,0,0,26947264.41,0,0,26947264.41,0,0,26947264.41,0,0,26947264.41,0,0,26947264.41,0,0,26947264.41,0,0,26947264.41,0,0,26947264.41,0,0,26947264.41,0,0,26947264.41,0,0,26947264.41,0,0,26947264.41,0,0,26947264.41,0,0,26947264.41,0,0,26947264.41,0,0,26947264.41,0,0,26947264.41,0,0,26947264.41,0,0,26947264.41,0,0,26947264.41,0,0,26947264.41,0,0,26947264.41,0,0,26947264.41,0,0,26947264.41,0,0,26947264.41,0,0,26947264.41,0,0,26947264.41,0,0,26947264.41,0,0,26947264.41,0,0,26947264.41,0,0,26947264.41,0,0,26947264.41,0,0,26947264.41,0,0,26947264.41,0,0,26947264.41,0,0,26947264.41,0,0,26947264.41,0,0,26947264.41,0,0,26947264.41,0,0,26947264.41,0,0,26947264.41,0,0,26947264.41
both_sexes,1,J&J,2021-05-31,COVDIAB,0,0,0,0,0,0,0,0,0,0,0,0,0,0,0,0,0,0,0,0,0,0,0,0,0,0,0,0,0,0,0,0,0,0,0,0,0,0,0,0,0,0,0,0,0,0,0,0,0,0,12248756.55,0,0,12248756.55,0,0,12248756.55,0,0,12248756.55,0,0,12248756.55,0,0,12248756.55,0,0,12248756.55,0,0,12248756.55,0,0,12248756.55,0,0,12248756.55,0,0,12248756.55,0,0,12248756.55,0,0,12248756.55,0,0,12248756.55,0,0,12248756.55,0,0,12248756.55,0,0,12248756.55,0,0,12248756.55,0,0,12248756.55,0,0,12248756.55,0,0,12248756.55,0,0,12248756.55,0,0,12248756.55,0,0,12248756.55,0,0,12248756.55,0,0,12248756.55,0,0,12248756.55,0,0,12248756.55,0,0,12248756.55,0,0,12248756.55,0,0,12248756.55,0,0,12248756.55,0,0,12248756.55,0,0,12248756.55,0,0,12248756.55,0,0,12248756.55,0,0,12248756.55,0,0,12248756.55,0,0,12248756.55,0,0,12248756.55,0,0,19248046.01,0,0,12248756.55,0,0,12248756.55,0,0,12248756.55,0,0,12248756.55,0,0,12248756.55,0,0,12248756.55,0,0,12248756.55
both_sexes,1,J&J,2021-06-07,COVDIAB,0,0,0,0,0,0,0,0,0,0,0,0,0,0,0,0,0,0,0,0,0,0,0,0,0,0,0,0,0,0,0,0,0,0,0,0,0,0,0,0,0,0,0,0,0,0,0,0,0,0,9624023,0,0,9624023,0,0,9624023,0,0,9624023,0,0,9624023,0,0,9624023,0,0,9624023,0,0,9624023,0,0,9624023,0,0,9624023,0,0,9624023,0,0,9624023,0,0,9624023,0,0,9624023,0,0,9624023,0,0,9624023,0,0,9624023,0,0,9624023,0,0,9624023,0,0,9624023,0,0,9624023,0,0,9624023,0,0,9624023,0,0,9624023,0,0,9624023,0,0,9624023,0,0,9624023,0,0,9624023,0,0,9624023,0,0,9624023,0,0,9624023,0,0,9624023,0,0,9624023,0,0,9624023,0,0,9624023,0,0,9624023,0,0,9624023,0,0,9624023,0,0,9624023,0,0,9624023,0,0,19248046.01,0,0,9624023,0,0,9624023,0,0,9624023,0,0,9624023,0,0,9624023,0,0,9624023,0,0,9624023
both_sexes,1,J&J,2021-06-14,COVDIAB,0,0,0,0,0,0,0,0,0,0,0,0,0,0,0,0,0,0,0,0,0,0,0,0,0,0,0,0,0,0,0,0,0,0,0,0,0,0,0,0,0,0,0,0,0,0,0,0,0,0,6416015.34,0,0,6416015.34,0,0,6416015.34,0,0,6416015.34,0,0,6416015.34,0,0,6416015.34,0,0,6416015.34,0,0,9624023,0,0,6416015.34,0,0,6416015.34,0,0,6416015.34,0,0,6416015.34,0,0,6416015.34,0,0,6416015.34,0,0,6416015.34,0,0,6416015.34,0,0,6416015.34,0,0,6416015.34,0,0,6416015.34,0,0,6416015.34,0,0,6416015.34,0,0,6416015.34,0,0,6416015.34,0,0,6416015.34,0,0,6416015.34,0,0,6416015.34,0,0,6416015.34,0,0,6416015.34,0,0,6416015.34,0,0,6416015.34,0,0,6416015.34,0,0,6416015.34,0,0,6416015.34,0,0,6416015.34,0,0,6416015.34,0,0,6416015.34,0,0,6416015.34,0,0,6416015.34,0,0,6416015.34,0,0,6416015.34,0,0,19248046.01,0,0,6416015.34,0,0,6416015.34,0,0,6416015.34,0,0,6416015.34,0,0,6416015.34,0,0,6416015.34,0,0,6416015.34
both_sexes,1,J&J,2021-06-21,COVDIAB,0,0,0,0,0,0,0,0,0,0,0,0,0,0,0,0,0,0,0,0,0,0,0,0,0,0,0,0,0,0,0,0,0,0,0,0,0,0,0,0,0,0,0,0,0,0,0,0,0,0,4812011.5,0,0,4812011.5,0,0,4812011.5,0,0,4812011.5,0,0,4812011.5,0,0,4812011.5,0,0,4812011.5,0,0,6416015.34,0,0,4812011.5,0,0,4812011.5,0,0,4812011.5,0,0,4812011.5,0,0,4812011.5,0,0,4812011.5,0,0,4812011.5,0,0,4812011.5,0,0,4812011.5,0,0,4812011.5,0,0,4812011.5,0,0,4812011.5,0,0,4812011.5,0,0,4812011.5,0,0,4812011.5,0,0,4812011.5,0,0,4812011.5,0,0,4812011.5,0,0,4812011.5,0,0,4812011.5,0,0,4812011.5,0,0,4812011.5,0,0,4812011.5,0,0,4812011.5,0,0,4812011.5,0,0,4812011.5,0,0,4812011.5,0,0,4812011.5,0,0,4812011.5,0,0,4812011.5,0,0,4812011.5,0,0,4812011.5,0,0,9624023,0,0,4812011.5,0,0,4812011.5,0,0,4812011.5,0,0,4812011.5,0,0,4812011.5,0,0,4812011.5,0,0,4812011.5
both_sexes,1,J&J,2021-06-28,COVDIAB,0,0,0,0,0,0,0,0,0,0,0,0,0,0,0,0,0,0,0,0,0,0,0,0,0,0,0,0,0,0,0,0,0,0,0,0,0,0,0,0,0,0,0,0,0,0,0,0,0,0,11228026.84,0,0,11228026.84,0,0,11228026.84,0,0,11228026.84,0,0,11228026.84,0,0,11228026.84,0,0,11228026.84,0,0,14970702.45,0,0,11228026.84,0,0,11228026.84,0,0,11228026.84,0,0,11228026.84,0,0,11228026.84,0,0,11228026.84,0,0,11228026.84,0,0,11228026.84,0,0,11228026.84,0,0,11228026.84,0,0,11228026.84,0,0,11228026.84,0,0,11228026.84,0,0,11228026.84,0,0,11228026.84,0,0,11228026.84,0,0,11228026.84,0,0,11228026.84,0,0,11228026.84,0,0,11228026.84,0,0,11228026.84,0,0,11228026.84,0,0,11228026.84,0,0,11228026.84,0,0,11228026.84,0,0,11228026.84,0,0,11228026.84,0,0,11228026.84,0,0,11228026.84,0,0,11228026.84,0,0,11228026.84,0,0,11228026.84,0,0,22456053.68,0,0,11228026.84,0,0,11228026.84,0,0,11228026.84,0,0,11228026.84,0,0,11228026.84,0,0,11228026.84,0,0,11228026.84
both_sexes,1,Moderna,2021-04-26,COVDIAB,0,0,0,0,0,0,0,0,0,0,0,0,0,0,0,0,0,0,0,0,0,0,0,0,0,0,0,0,0,0,0,0,0,0,0,0,0,0,0,0,0,0,0,0,0,0,0,0,0,0,1181897.56,0,0,1113523.32,0,0,1113523.32,0,0,1464525.24,0,0,1192356.83,0,0,1271097.38,0,0,1181897.56,0,0,1181897.56,0,0,1113523.32,0,0,1113523.32,0,0,1113523.32,0,0,1113523.32,0,0,1113523.32,0,0,1113523.32,0,0,1113523.32,0,0,1113523.32,0,0,1113523.32,0,0,1181897.56,0,0,1113523.32,0,0,1113523.32,0,0,1181897.56,0,0,1113523.32,0,0,1181897.56,0,0,1113523.32,0,0,1113523.32,0,0,1113523.32,0,0,1113523.32,0,0,1113523.32,0,0,1113523.32,0,0,1113523.32,0,0,1181897.56,0,0,1113523.32,0,0,1113523.32,0,0,1181897.56,0,0,1181897.56,0,0,1113523.32,0,0,1113523.32,0,0,1113523.32,0,0,1113523.32,0,0,1113523.32,0,0,5614013.42,0,0,1113523.32,0,0,1113523.32,0,0,1113523.32,0,0,1181897.56,0,0,1181897.56,0,0,1259217.96,0,0,1113523.32
both_sexes,1,Moderna,2021-05-03,COVDIAB,0,0,0,0,0,0,0,0,0,0,0,0,0,0,0,0,0,0,0,0,0,0,0,0,0,0,0,0,0,0,0,0,0,0,0,0,0,0,0,0,0,0,0,0,0,0,0,0,0,0,1213840.74,0,0,1141833.24,0,0,1141833.24,0,0,1497070.25,0,0,1213840.74,0,0,1295541.56,0,0,1213840.74,0,0,1213840.74,0,0,1141833.24,0,0,1141833.24,0,0,1141833.24,0,0,1141833.24,0,0,1141833.24,0,0,1141833.24,0,0,1141833.24,0,0,1141833.24,0,0,1141833.24,0,0,1213840.74,0,0,1141833.24,0,0,1141833.24,0,0,1213840.74,0,0,1141833.24,0,0,1213840.74,0,0,1141833.24,0,0,1141833.24,0,0,1141833.24,0,0,1141833.24,0,0,1141833.24,0,0,1141833.24,0,0,1141833.24,0,0,1213840.74,0,0,1141833.24,0,0,1141833.24,0,0,1213840.74,0,0,1213840.74,0,0,1141833.24,0,0,1141833.24,0,0,1141833.24,0,0,1141833.24,0,0,1141833.24,0,0,6416015.34,0,0,1141833.24,0,0,1141833.24,0,0,1141833.24,0,0,1213840.74,0,0,1213840.74,0,0,1295541.56,0,0,1141833.24
both_sexes,1,Moderna,2021-05-10,COVDIAB,0,0,0,0,0,0,0,0,0,0,0,0,0,0,0,0,0,0,0,0,0,0,0,0,0,0,0,0,0,0,0,0,0,0,0,0,0,0,0,0,0,0,0,0,0,0,0,0,0,0,1705523.06,0,0,1566701.42,0,0,1566701.42,0,0,2105255.03,0,0,1566701.42,0,0,1705523.06,0,0,1705523.06,0,0,1705523.06,0,0,1566701.42,0,0,1566701.42,0,0,1566701.42,0,0,1566701.42,0,0,1566701.42,0,0,1566701.42,0,0,1566701.42,0,0,1566701.42,0,0,1566701.42,0,0,1705523.06,0,0,1566701.42,0,0,1566701.42,0,0,1705523.06,0,0,1566701.42,0,0,1705523.06,0,0,1566701.42,0,0,1566701.42,0,0,1566701.42,0,0,1566701.42,0,0,1566701.42,0,0,1566701.42,0,0,1566701.42,0,0,1705523.06,0,0,1566701.42,0,0,1566701.42,0,0,1705523.06,0,0,1705523.06,0,0,1566701.42,0,0,1566701.42,0,0,1566701.42,0,0,1566701.42,0,0,1566701.42,0,0,11228026.84,0,0,1566701.42,0,0,1566701.42,0,0,1566701.42,0,0,1705523.06,0,0,1705523.06,0,0,1871337.81,0,0,1566701.42
both_sexes,1,Moderna,2021-05-17,COVDIAB,0,0,0,0,0,0,0,0,0,0,0,0,0,0,0,0,0,0,0,0,0,0,0,0,0,0,0,0,0,0,0,0,0,0,0,0,0,0,0,0,0,0,0,0,0,0,0,0,0,0,1924804.6,0,0,1749822.36,0,0,1749822.36,0,0,2749720.86,0,0,1749822.36,0,0,1871337.81,0,0,1924804.6,0,0,1924804.6,0,0,1749822.36,0,0,1749822.36,0,0,1749822.36,0,0,1749822.36,0,0,1749822.36,0,0,1749822.36,0,0,1749822.36,0,0,1749822.36,0,0,1749822.36,0,0,1924804.6,0,0,1749822.36,0,0,1749822.36,0,0,1924804.6,0,0,1749822.36,0,0,1871337.81,0,0,1749822.36,0,0,1749822.36,0,0,1749822.36,0,0,1749822.36,0,0,1749822.36,0,0,1749822.36,0,0,1749822.36,0,0,1924804.6,0,0,1749822.36,0,0,1749822.36,0,0,1924804.6,0,0,1924804.6,0,0,1749822.36,0,0,1749822.36,0,0,1749822.36,0,0,1749822.36,0,0,1749822.36,0,0,8421020.13,0,0,1749822.36,0,0,1749822.36,0,0,1749822.36,0,0,1924804.6,0,0,1924804.6,0,0,2138671.78,0,0,1749822.36
both_sexes,1,Moderna,2021-05-24,COVDIAB,0,0,0,0,0,0,0,0,0,0,0,0,0,0,0,0,0,0,0,0,0,0,0,0,0,0,0,0,0,0,0,0,0,0,0,0,0,0,0,0,0,0,0,0,0,0,0,0,0,0,2208792.16,0,0,1981416.5,0,0,1981416.5,0,0,2994140.49,0,0,1981416.5,0,0,1981416.5,0,0,2041459.43,0,0,2041459.43,0,0,1981416.5,0,0,1981416.5,0,0,1981416.5,0,0,1981416.5,0,0,1981416.5,0,0,1981416.5,0,0,1981416.5,0,0,1981416.5,0,0,1981416.5,0,0,2208792.16,0,0,1981416.5,0,0,1981416.5,0,0,2208792.16,0,0,1981416.5,0,0,1981416.5,0,0,1981416.5,0,0,1981416.5,0,0,1981416.5,0,0,1981416.5,0,0,1981416.5,0,0,1981416.5,0,0,1981416.5,0,0,2041459.43,0,0,1981416.5,0,0,1981416.5,0,0,2208792.16,0,0,2208792.16,0,0,1981416.5,0,0,1981416.5,0,0,1981416.5,0,0,1981416.5,0,0,1981416.5,0,0,6416015.34,0,0,1981416.5,0,0,1981416.5,0,0,1981416.5,0,0,2041459.43,0,0,2208792.16,0,0,2283666.48,0,0,1981416.5
both_sexes,1,Moderna,2021-03-08,COVDIAB,0,0,0,0,0,0,0,0,0,0,0,0,0,0,0,0,0,0,0,0,0,0,0,0,0,0,0,0,0,0,0,0,0,0,0,0,0,0,0,0,0,0,0,0,0,0,0,0,0,0,44912107.35,0,0,44912107.35,0,0,44912107.35,,,0,,,0,,,0,0,0,44912107.35,0,0,44912107.35,0,0,44912107.35,0,0,44912107.35,0,0,44912107.35,0,0,44912107.35,0,0,44912107.35,0,0,44912107.35,0,0,44912107.35,0,0,44912107.35,,,0,,,0,0,0,44912107.35,0,0,44912107.35,0,0,44912107.35,0,0,44912107.35,0,0,44912107.35,0,0,44912107.35,0,0,44912107.35,0,0,44912107.35,0,0,44912107.35,0,0,44912107.35,0,0,44912107.35,0,0,44912107.35,0,0,44912107.35,0,0,44912107.35,0,0,44912107.35,0,0,44912107.35,0,0,44912107.35,0,0,44912107.35,0,0,44912107.35,0,0,44912107.35,0,0,44912107.35,0,0,44912107.35,,,0,0,0,44912107.35,0,0,44912107.35,0,0,44912107.35,0,0,44912107.35,0,0,44912107.35,0,0,44912107.35,0,0,44912107.35
both_sexes,1,Pfizer,2021-01-04,COVDIAB,0,0,0,0,0,0,0,0,0,0,0,0,0,0,0,0,0,0,0,0,0,0,0,0,0,0,0,0,0,0,0,0,0,0,0,0,0,0,0,0,0,0,0,0,0,0,0,0,0,0,6124378.28,0,0,6124378.28,0,0,6124378.28,0,0,8421020.13,0,0,6124378.28,0,0,6124378.28,0,0,6416015.34,0,0,6416015.34,0,0,6124378.28,0,0,6124378.28,0,0,6124378.28,0,0,6124378.28,0,0,6124378.28,0,0,6124378.28,0,0,6124378.28,0,0,6124378.28,0,0,6416015.34,0,0,6416015.34,0,0,6124378.28,0,0,6124378.28,0,0,6124378.28,0,0,6124378.28,0,0,6124378.28,0,0,6124378.28,0,0,6124378.28,0,0,6124378.28,0,0,6124378.28,0,0,6124378.28,0,0,6124378.28,0,0,6124378.28,0,0,6124378.28,0,0,6124378.28,0,0,6124378.28,0,0,6124378.28,0,0,6124378.28,0,0,6124378.28,0,0,6124378.28,0,0,6124378.28,0,0,6124378.28,0,0,6124378.28,0,0,14970702.45,0,0,6124378.28,0,0,6124378.28,0,0,6124378.28,0,0,6416015.34,0,0,6124378.28,0,0,6416015.34,0,0,6124378.28
both_sexes,1,Pfizer,2021-01-11,COVDIAB,0,0,0,0,0,0,0,0,0,0,0,0,0,0,0,0,0,0,0,0,0,0,0,0,0,0,0,0,0,0,0,0,0,0,0,0,0,0,0,0,0,0,0,0,0,0,0,0,0,0,2173166.48,0,0,2173166.48,0,0,2173166.48,0,0,2807006.71,0,0,2173166.48,0,0,2173166.48,0,0,2449751.31,0,0,2449751.31,0,0,2449751.31,0,0,2449751.31,0,0,2173166.48,0,0,2173166.48,0,0,2173166.48,0,0,2173166.48,0,0,2173166.48,0,0,2173166.48,0,0,2449751.31,0,0,2449751.31,0,0,2173166.48,0,0,2173166.48,0,0,2173166.48,0,0,2173166.48,0,0,2173166.48,0,0,2173166.48,0,0,2173166.48,0,0,2173166.48,0,0,2173166.48,0,0,2173166.48,0,0,2173166.48,0,0,2173166.48,0,0,2173166.48,0,0,2173166.48,0,0,2173166.48,0,0,2173166.48,0,0,2173166.48,0,0,2173166.48,0,0,2173166.48,0,0,2173166.48,0,0,2173166.48,0,0,2173166.48,0,0,4812011.5,0,0,2173166.48,0,0,2173166.48,0,0,2173166.48,0,0,2449751.31,0,0,2173166.48,0,0,2449751.31,0,0,2173166.48
both_sexes,1,Pfizer,2021-01-18,COVDIAB,0,0,0,0,0,0,0,0,0,0,0,0,0,0,0,0,0,0,0,0,0,0,0,0,0,0,0,0,0,0,0,0,0,0,0,0,0,0,0,0,0,0,0,0,0,0,0,0,0,0,2138671.78,0,0,2138671.78,0,0,2138671.78,0,0,2749720.86,0,0,2138671.78,0,0,2138671.78,0,0,2406005.75,0,0,2406005.75,0,0,2406005.75,0,0,2406005.75,0,0,2138671.78,0,0,2138671.78,0,0,2138671.78,0,0,2138671.78,0,0,2138671.78,0,0,2138671.78,0,0,2406005.75,0,0,2406005.75,0,0,2138671.78,0,0,2138671.78,0,0,2138671.78,0,0,2138671.78,0,0,2138671.78,0,0,2138671.78,0,0,2138671.78,0,0,2138671.78,0,0,2138671.78,0,0,2138671.78,0,0,2138671.78,0,0,2138671.78,0,0,2138671.78,0,0,2138671.78,0,0,2138671.78,0,0,2138671.78,0,0,2138671.78,0,0,2138671.78,0,0,2138671.78,0,0,2138671.78,0,0,2138671.78,0,0,2138671.78,0,0,4812011.5,0,0,2138671.78,0,0,2138671.78,0,0,2138671.78,0,0,2406005.75,0,0,2138671.78,0,0,2406005.75,0,0,2138671.78
both_sexes,1,Pfizer,2021-01-25,COVDIAB,0,0,0,0,0,0,0,0,0,0,0,0,0,0,0,0,0,0,0,0,0,0,0,0,0,0,0,0,0,0,0,0,0,0,0,0,0,0,0,0,0,0,0,0,0,0,0,0,0,0,2866730.26,0,0,2866730.26,0,0,2866730.26,0,0,3641522.22,0,0,2866730.26,0,0,2866730.26,0,0,3368408.05,0,0,3368408.05,0,0,3368408.05,0,0,3368408.05,0,0,2866730.26,0,0,2866730.26,0,0,2866730.26,0,0,2866730.26,0,0,2866730.26,0,0,2866730.26,0,0,3368408.05,0,0,3368408.05,0,0,2866730.26,0,0,2866730.26,0,0,2866730.26,0,0,2866730.26,0,0,2866730.26,0,0,2866730.26,0,0,2866730.26,0,0,2866730.26,0,0,2866730.26,0,0,2866730.26,0,0,2866730.26,0,0,2866730.26,0,0,2866730.26,0,0,2866730.26,0,0,2866730.26,0,0,2866730.26,0,0,2866730.26,0,0,2866730.26,0,0,2866730.26,0,0,2866730.26,0,0,2866730.26,0,0,2866730.26,0,0,5389452.88,0,0,2866730.26,0,0,2866730.26,0,0,2866730.26,0,0,3368408.05,0,0,2866730.26,0,0,3368408.05,0,0,2866730.26
both_sexes,2,Moderna,2021-04-05,COVDIAB,0,0,0,0,0,0,0,0,0,0,0,0,0,0,0,0,0,0,0,0,0,0,0,0,0,0,0,0,0,0,0,0,0,0,0,0,0,0,0,0,0,0,0,0,0,0,0,0,0,0,11228026.84,0,0,11228026.84,0,0,11228026.84,0,0,19248046.01,0,0,19248046.01,0,0,19248046.01,0,0,11228026.84,0,0,11228026.84,0,0,11228026.84,0,0,11228026.84,0,0,11228026.84,0,0,11228026.84,0,0,11228026.84,0,0,11228026.84,0,0,11228026.84,0,0,11228026.84,0,0,19248046.01,0,0,19248046.01,0,0,11228026.84,0,0,11228026.84,0,0,11228026.84,0,0,11228026.84,0,0,11228026.84,0,0,11228026.84,0,0,11228026.84,0,0,11228026.84,0,0,11228026.84,0,0,11228026.84,0,0,11228026.84,0,0,11228026.84,0,0,11228026.84,0,0,11228026.84,0,0,11228026.84,0,0,11228026.84,0,0,11228026.84,0,0,11228026.84,0,0,11228026.84,0,0,11228026.84,0,0,11228026.84,0,0,11228026.84,0,0,19248046.01,0,0,11228026.84,0,0,11228026.84,0,0,11228026.84,0,0,11228026.84,0,0,11228026.84,0,0,11228026.84,0,0,11228026.84
both_sexes,2,Moderna,2021-04-12,COVDIAB,0,0,0,0,0,0,0,0,0,0,0,0,0,0,0,0,0,0,0,0,0,0,0,0,0,0,0,0,0,0,0,0,0,0,0,0,0,0,0,0,0,0,0,0,0,0,0,0,0,0,5858100.96,0,0,5858100.96,0,0,5858100.96,0,0,19248046.01,0,0,8421020.13,0,0,8421020.13,0,0,5858100.96,0,0,5858100.96,0,0,8421020.13,0,0,8421020.13,0,0,5858100.96,0,0,5858100.96,0,0,5858100.96,0,0,5858100.96,0,0,5858100.96,0,0,5858100.96,0,0,8421020.13,0,0,8421020.13,0,0,5858100.96,0,0,5858100.96,0,0,5858100.96,0,0,5858100.96,0,0,5858100.96,0,0,5858100.96,0,0,5858100.96,0,0,5858100.96,0,0,5858100.96,0,0,5858100.96,0,0,5858100.96,0,0,5858100.96,0,0,5858100.96,0,0,5858100.96,0,0,5858100.96,0,0,5858100.96,0,0,5858100.96,0,0,5858100.96,0,0,5858100.96,0,0,5858100.96,0,0,5858100.96,0,0,5858100.96,0,0,19248046.01,0,0,5858100.96,0,0,5858100.96,0,0,5858100.96,0,0,5858100.96,0,0,5858100.96,0,0,5858100.96,0,0,5858100.96
both_sexes,2,Pfizer,2021-01-25,COVDIAB,0,0,0,0,0,0,0,0,0,0,0,0,0,0,0,0,0,0,0,0,0,0,0,0,0,0,0,0,0,0,0,0,0,0,0,0,0,0,0,0,0,0,0,0,0,0,0,0,0,0,8421020.13,0,0,8421020.13,0,0,8421020.13,0,0,11228026.84,0,0,8421020.13,0,0,8421020.13,0,0,8421020.13,0,0,8421020.13,0,0,8421020.13,0,0,8421020.13,0,0,8421020.13,0,0,8421020.13,0,0,8421020.13,0,0,8421020.13,0,0,8421020.13,0,0,8421020.13,0,0,8421020.13,0,0,8421020.13,0,0,8421020.13,0,0,8421020.13,0,0,8421020.13,0,0,8421020.13,0,0,8421020.13,0,0,8421020.13,0,0,8421020.13,0,0,8421020.13,0,0,8421020.13,0,0,8421020.13,0,0,8421020.13,0,0,8421020.13,0,0,8421020.13,0,0,8421020.13,0,0,8421020.13,0,0,8421020.13,0,0,8421020.13,0,0,8421020.13,0,0,8421020.13,0,0,8421020.13,0,0,8421020.13,0,0,8421020.13,0,0,44912107.35,0,0,8421020.13,0,0,8421020.13,0,0,8421020.13,0,0,8421020.13,0,0,8421020.13,0,0,8421020.13,0,0,8421020.13
both_sexes,2,Pfizer,2021-02-01,COVDIAB,0,0,0,0,0,0,0,0,0,0,0,0,0,0,0,0,0,0,0,0,0,0,0,0,0,0,0,0,0,0,0,0,0,0,0,0,0,0,0,0,0,0,0,0,0,0,0,0,0,0,3368408.05,0,0,3368408.05,0,0,3368408.05,0,0,4491210.74,0,0,3368408.05,0,0,3368408.05,0,0,3641522.22,0,0,3641522.22,0,0,3368408.05,0,0,3368408.05,0,0,3368408.05,0,0,3368408.05,0,0,3368408.05,0,0,3368408.05,0,0,3368408.05,0,0,3368408.05,0,0,3641522.22,0,0,3641522.22,0,0,3368408.05,0,0,3368408.05,0,0,3368408.05,0,0,3368408.05,0,0,3368408.05,0,0,3368408.05,0,0,3368408.05,0,0,3368408.05,0,0,3368408.05,0,0,3368408.05,0,0,3368408.05,0,0,3368408.05,0,0,3368408.05,0,0,3368408.05,0,0,3368408.05,0,0,3368408.05,0,0,3368408.05,0,0,3368408.05,0,0,3368408.05,0,0,3368408.05,0,0,3368408.05,0,0,3368408.05,0,0,7925666,0,0,3368408.05,0,0,3368408.05,0,0,3368408.05,0,0,3641522.22,0,0,3368408.05,0,0,3641522.22,0,0,3368408.05
both_sexes,2,Pfizer,2021-02-08,COVDIAB,0,0,0,0,0,0,0,0,0,0,0,0,0,0,0,0,0,0,0,0,0,0,0,0,0,0,0,0,0,0,0,0,0,0,0,0,0,0,0,0,0,0,0,0,0,0,0,0,0,0,2749720.86,0,0,2749720.86,0,0,2749720.86,0,0,3849609.2,0,0,2749720.86,0,0,2749720.86,0,0,3208007.67,0,0,3208007.67,0,0,2749720.86,0,0,2749720.86,0,0,2749720.86,0,0,2749720.86,0,0,2749720.86,0,0,2749720.86,0,0,2749720.86,0,0,2749720.86,0,0,3208007.67,0,0,3208007.67,0,0,2749720.86,0,0,2749720.86,0,0,2749720.86,0,0,2749720.86,0,0,2749720.86,0,0,2749720.86,0,0,2749720.86,0,0,2749720.86,0,0,2749720.86,0,0,2749720.86,0,0,2749720.86,0,0,2749720.86,0,0,2749720.86,0,0,2749720.86,0,0,2749720.86,0,0,2749720.86,0,0,2749720.86,0,0,2749720.86,0,0,2749720.86,0,0,2749720.86,0,0,2749720.86,0,0,2749720.86,0,0,6416015.34,0,0,2749720.86,0,0,2749720.86,0,0,2749720.86,0,0,3208007.67,0,0,2749720.86,0,0,3208007.67,0,0,2749720.86
both_sexes,2,Pfizer,2021-02-15,COVDIAB,0,0,0,0,0,0,0,0,0,0,0,0,0,0,0,0,0,0,0,0,0,0,0,0,0,0,0,0,0,0,0,0,0,0,0,0,0,0,0,0,0,0,0,0,0,0,0,0,0,0,2749720.86,0,0,2749720.86,0,0,2749720.86,0,0,3849609.2,0,0,2749720.86,0,0,2749720.86,0,0,3208007.67,0,0,3208007.67,0,0,2749720.86,0,0,2749720.86,0,0,2749720.86,0,0,2749720.86,0,0,2749720.86,0,0,2749720.86,0,0,2749720.86,0,0,2749720.86,0,0,3208007.67,0,0,3208007.67,0,0,2749720.86,0,0,2749720.86,0,0,2749720.86,0,0,2749720.86,0,0,2749720.86,0,0,2749720.86,0,0,2749720.86,0,0,2749720.86,0,0,2749720.86,0,0,2749720.86,0,0,2749720.86,0,0,2749720.86,0,0,2749720.86,0,0,2749720.86,0,0,2749720.86,0,0,2749720.86,0,0,2749720.86,0,0,2749720.86,0,0,2749720.86,0,0,2749720.86,0,0,2749720.86,0,0,2749720.86,0,0,6416015.34,0,0,2749720.86,0,0,2749720.86,0,0,2749720.86,0,0,3208007.67,0,0,2749720.86,0,0,3208007.67,0,0,2749720.86
both_sexes,2,Pfizer,2021-02-22,COVDIAB,0,0,0,0,0,0,0,0,0,0,0,0,0,0,0,0,0,0,0,0,0,0,0,0,0,0,0,0,0,0,0,0,0,0,0,0,0,0,0,0,0,0,0,0,0,0,0,0,0,0,2749720.86,0,0,2749720.86,0,0,2749720.86,0,0,3849609.2,0,0,2749720.86,0,0,2749720.86,0,0,3208007.67,0,0,3208007.67,0,0,2749720.86,0,0,2749720.86,0,0,2749720.86,0,0,2749720.86,0,0,2749720.86,0,0,2749720.86,0,0,2749720.86,0,0,2749720.86,0,0,3208007.67,0,0,3208007.67,0,0,2749720.86,0,0,2749720.86,0,0,2749720.86,0,0,2749720.86,0,0,2749720.86,0,0,2749720.86,0,0,2749720.86,0,0,2749720.86,0,0,2749720.86,0,0,2749720.86,0,0,2749720.86,0,0,2749720.86,0,0,2749720.86,0,0,2749720.86,0,0,2749720.86,0,0,2749720.86,0,0,2749720.86,0,0,2749720.86,0,0,2749720.86,0,0,2749720.86,0,0,2749720.86,0,0,2749720.86,0,0,6416015.34,0,0,2749720.86,0,0,2749720.86,0,0,2749720.86,0,0,3208007.67,0,0,2749720.86,0,0,3208007.67,0,0,2749720.86
both_sexes,2,Pfizer,2021-03-01,COVDIAB,0,0,0,0,0,0,0,0,0,0,0,0,0,0,0,0,0,0,0,0,0,0,0,0,0,0,0,0,0,0,0,0,0,0,0,0,0,0,0,0,0,0,0,0,0,0,0,0,0,0,2749720.86,0,0,2749720.86,0,0,2749720.86,0,0,3849609.2,0,0,2749720.86,0,0,2749720.86,0,0,3208007.67,0,0,3208007.67,0,0,2749720.86,0,0,2749720.86,0,0,2749720.86,0,0,2749720.86,0,0,2749720.86,0,0,2749720.86,0,0,2749720.86,0,0,2749720.86,0,0,3208007.67,0,0,3208007.67,0,0,2749720.86,0,0,2749720.86,0,0,2749720.86,0,0,2749720.86,0,0,2749720.86,0,0,2749720.86,0,0,2749720.86,0,0,2749720.86,0,0,2749720.86,0,0,2749720.86,0,0,2749720.86,0,0,2749720.86,0,0,2749720.86,0,0,2749720.86,0,0,2749720.86,0,0,2749720.86,0,0,2749720.86,0,0,2749720.86,0,0,2749720.86,0,0,2749720.86,0,0,2749720.86,0,0,2749720.86,0,0,6416015.34,0,0,2749720.86,0,0,2749720.86,0,0,2749720.86,0,0,3208007.67,0,0,2749720.86,0,0,3208007.67,0,0,2749720.86
both_sexes,2,Pfizer,2021-03-08,COVDIAB,0,0,0,0,0,0,0,0,0,0,0,0,0,0,0,0,0,0,0,0,0,0,0,0,0,0,0,0,0,0,0,0,0,0,0,0,0,0,0,0,0,0,0,0,0,0,0,0,0,0,2591083.12,0,0,2591083.12,0,0,2591083.12,0,0,3849609.2,0,0,2591083.12,0,0,2591083.12,0,0,2994140.49,0,0,2994140.49,0,0,2591083.12,0,0,2591083.12,0,0,2591083.12,0,0,2591083.12,0,0,2591083.12,0,0,2591083.12,0,0,2591083.12,0,0,2591083.12,0,0,2994140.49,0,0,2994140.49,0,0,2591083.12,0,0,2591083.12,0,0,2591083.12,0,0,2591083.12,0,0,2591083.12,0,0,2591083.12,0,0,2591083.12,0,0,2591083.12,0,0,2591083.12,0,0,2591083.12,0,0,2591083.12,0,0,2591083.12,0,0,2591083.12,0,0,2591083.12,0,0,2591083.12,0,0,2591083.12,0,0,2591083.12,0,0,2591083.12,0,0,2591083.12,0,0,2591083.12,0,0,2591083.12,0,0,2591083.12,0,0,5614013.42,0,0,2591083.12,0,0,2591083.12,0,0,2591083.12,0,0,2994140.49,0,0,2591083.12,0,0,2994140.49,0,0,2591083.12
both_sexes,2,Pfizer,2021-03-15,COVDIAB,0,0,0,0,0,0,0,0,0,0,0,0,0,0,0,0,0,0,0,0,0,0,0,0,0,0,0,0,0,0,0,0,0,0,0,0,0,0,0,0,0,0,0,0,0,0,0,0,0,0,2138671.78,0,0,2138671.78,0,0,2138671.78,0,0,3368408.05,0,0,2208792.16,0,0,2208792.16,0,0,2406005.75,0,0,2406005.75,0,0,2138671.78,0,0,2138671.78,0,0,2138671.78,0,0,2138671.78,0,0,2138671.78,0,0,2138671.78,0,0,2138671.78,0,0,2138671.78,0,0,2406005.75,0,0,2406005.75,0,0,2138671.78,0,0,2138671.78,0,0,2138671.78,0,0,2138671.78,0,0,2138671.78,0,0,2138671.78,0,0,2138671.78,0,0,2138671.78,0,0,2138671.78,0,0,2138671.78,0,0,2138671.78,0,0,2138671.78,0,0,2138671.78,0,0,2138671.78,0,0,2138671.78,0,0,2138671.78,0,0,2138671.78,0,0,2138671.78,0,0,2138671.78,0,0,2138671.78,0,0,2138671.78,0,0,2138671.78,0,0,4812011.5,0,0,2138671.78,0,0,2138671.78,0,0,2138671.78,0,0,2406005.75,0,0,2138671.78,0,0,2406005.75,0,0,2138671.78
both_sexes,2,Pfizer,2021-03-22,COVDIAB,0,0,0,0,0,0,0,0,0,0,0,0,0,0,0,0,0,0,0,0,0,0,0,1,0,0,0,0,0,0,0,0,0,0,0,0,0,0,0,1,0,0,0,0,0,0,0,0,0,0,1374860.43,0,0,1374860.43,0,0,1374860.43,0,0,2173166.48,0,0,1480618.92,0,0,1480618.92,0,0,1480618.92,0,0,1585133.2,0,0,1464525.24,0,0,1464525.24,0,0,1374860.43,0,0,1374860.43,0,0,1374860.43,0,0,1374860.43,0,0,1374860.43,0,0,1374860.43,0,0,1480618.92,0,0,1480618.92,0,0,1374860.43,0,0,1374860.43,0,0,1374860.43,0,0,1374860.43,0,0,1374860.43,0,0,1374860.43,0,0,1374860.43,0,0,1374860.43,397010.87,10051.44,2212002.99,0,0,1374860.43,0,0,1374860.43,0,0,1374860.43,0,0,1374860.43,0,0,1374860.43,0,0,1374860.43,0,0,1374860.43,0,0,1374860.43,0,0,1374860.43,0,0,1374860.43,0,0,1374860.43,0,0,1374860.43,0,0,1374860.43,0,0,4812011.5,0,0,1374860.43,397010.87,10051.44,2212002.99,0,0,1374860.43,0,0,1480618.92,0,0,1374860.43,0,0,1480618.92,0,0,1374860.43
both_sexes,2,Pfizer,2021-03-29,COVDIAB,0,0,0,0,0,0,0,0,0,0,0,0,0,0,0,0,0,0,0,0,0,0,0,0,0,0,0,0,0,0,0,0,0,0,0,0,0,0,0,0,0,0,0,0,0,0,0,0,0,0,969326.06,0,0,969326.06,0,0,969326.06,0,0,1464525.24,0,0,1020729.71,0,0,1044467.61,0,0,1052627.52,0,0,1171620.19,0,0,1069335.89,0,0,1069335.89,0,0,969326.06,0,0,969326.06,0,0,969326.06,0,0,969326.06,0,0,969326.06,0,0,969326.06,0,0,1020729.71,0,0,1020729.71,0,0,969326.06,0,0,969326.06,0,0,969326.06,0,0,969326.06,0,0,969326.06,0,0,969326.06,0,0,969326.06,0,0,969326.06,0,0,1020729.71,0,0,969326.06,0,0,969326.06,0,0,969326.06,0,0,969326.06,0,0,969326.06,0,0,969326.06,0,0,969326.06,0,0,969326.06,0,0,969326.06,0,0,969326.06,0,0,969326.06,0,0,969326.06,0,0,969326.06,0,0,3454777.49,0,0,969326.06,0,0,1020729.71,0,0,969326.06,0,0,1052627.52,0,0,969326.06,0,0,1052627.52,0,0,969326.06
both_sexes,2,Pfizer,2021-04-05,COVDIAB,0,0,0,0,0,0,0,0,0,0,0,0,0,0,0,0,0,0,0,0,0,0,0,0,0,0,0,0,0,0,0,0,0,0,0,0,0,0,0,0,0,0,0,0,0,0,0,0,0,0,744399.57,0,0,744399.57,0,0,744399.57,0,0,1086583.24,0,0,774346.68,0,0,806804.32,0,0,778822.67,0,0,929216.01,0,0,806804.32,0,0,806804.32,0,0,744399.57,0,0,744399.57,0,0,744399.57,0,0,744399.57,0,0,744399.57,0,0,744399.57,0,0,748535.12,0,0,748535.12,0,0,744399.57,0,0,744399.57,0,0,744399.57,0,0,744399.57,0,0,744399.57,0,0,744399.57,0,0,744399.57,0,0,744399.57,0,0,748535.12,0,0,744399.57,0,0,744399.57,0,0,744399.57,0,0,744399.57,0,0,744399.57,0,0,744399.57,0,0,744399.57,0,0,744399.57,0,0,744399.57,0,0,744399.57,0,0,744399.57,0,0,744399.57,0,0,744399.57,0,0,2694726.44,0,0,744399.57,0,0,748535.12,0,0,744399.57,0,0,778822.67,0,0,744399.57,0,0,778822.67,0,0,744399.57
both_sexes,2,Pfizer,2021-04-12,COVDIAB,0,0,0,0,0,0,0,0,0,0,0,0,0,0,0,0,0,0,0,0,0,0,0,0,0,0,0,0,0,0,0,0,0,0,0,0,0,0,0,0,0,0,0,0,0,0,0,0,0,0,620904.71,0,0,620904.71,0,0,620904.71,0,0,836871.57,0,0,641601.53,0,0,663725.72,0,0,641601.53,0,0,740309.46,0,0,663725.72,0,0,663725.72,0,0,620904.71,0,0,620904.71,0,0,620904.71,0,0,620904.71,0,0,620904.71,0,0,620904.71,0,0,620904.71,0,0,620904.71,0,0,620904.71,0,0,620904.71,0,0,620904.71,0,0,620904.71,0,0,620904.71,0,0,620904.71,0,0,620904.71,0,0,620904.71,0,0,620904.71,0,0,620904.71,0,0,620904.71,0,0,620904.71,0,0,620904.71,0,0,620904.71,0,0,620904.71,0,0,620904.71,0,0,620904.71,0,0,620904.71,0,0,620904.71,0,0,620904.71,0,0,620904.71,0,0,620904.71,0,0,2749720.86,0,0,620904.71,0,0,620904.71,0,0,620904.71,0,0,641601.53,0,0,620904.71,0,0,641601.53,0,0,620904.71
both_sexes,2,Pfizer,2021-04-19,COVDIAB,0,0,0,0,0,0,0,0,0,0,0,0,0,0,0,0,0,0,0,0,0,0,0,0,0,0,0,0,0,0,0,0,0,0,0,0,0,0,0,0,0,0,0,0,0,0,0,0,0,0,463011.42,0,0,463011.42,0,0,463011.42,0,0,583274.12,0,0,474423.67,0,0,497182,0,0,474423.67,0,0,528377.73,0,0,508438.95,0,0,508438.95,0,0,463011.42,0,0,463011.42,0,0,463011.42,0,0,463011.42,0,0,463011.42,0,0,463011.42,0,0,467834.45,0,0,467834.45,0,0,463011.42,0,0,463011.42,0,0,463011.42,0,0,463011.42,0,0,463011.42,0,0,463011.42,0,0,463011.42,0,0,463011.42,0,0,463011.42,0,0,463011.42,0,0,463011.42,0,0,466215.65,0,0,466215.65,0,0,463011.42,0,0,463011.42,0,0,463011.42,0,0,463011.42,0,0,463011.42,0,0,463011.42,0,0,463011.42,0,0,463011.42,0,0,463011.42,0,0,2694726.44,0,0,463011.42,0,0,463011.42,0,0,463011.42,0,0,477788.38,0,0,463011.42,0,0,477788.38,0,0,463011.42
both_sexes,2,Pfizer,2021-04-26,COVDIAB,0,0,0,0,0,0,0,0,0,0,0,0,0,0,0,0,0,0,0,0,0,0,0,0,0,0,0,0,0,0,0,0,0,0,0,0,0,0,0,0,0,0,0,0,0,0,0,0,0,0,308321.1,0,0,308321.1,0,0,309028.26,0,0,389411.34,0,0,314804.49,0,0,325450.05,0,0,314070.68,0,0,343715.11,0,0,340243.24,0,0,340243.24,0,0,308321.1,0,0,308321.1,0,0,308321.1,0,0,308321.1,0,0,308321.1,0,0,308321.1,0,0,318525.58,0,0,318525.58,0,0,308321.1,0,0,308321.1,0,0,308321.1,0,0,308321.1,0,0,308321.1,0,0,308321.1,0,0,308321.1,0,0,308321.1,0,0,308321.1,0,0,308321.1,0,0,308321.1,0,0,314070.68,0,0,314070.68,0,0,308321.1,0,0,308321.1,0,0,308321.1,0,0,308321.1,0,0,308321.1,0,0,308321.1,0,0,308321.1,0,0,308321.1,0,0,308321.1,0,0,1643125.88,0,0,308321.1,0,0,308321.1,0,0,308321.1,0,0,320038.77,0,0,308321.1,0,0,320038.77,0,0,308321.1
both_sexes,2,Pfizer,2021-05-03,COVDIAB,0,0,0,0,0,0,0,0,0,0,0,0,0,0,0,0,0,0,0,0,0,0,0,0,0,0,0,0,0,0,0,0,0,0,0,0,0,0,0,0,0,0,0,0,0,0,0,0,0,0,226447.6,0,0,226447.6,0,0,229143.4,0,0,294184.11,0,0,235553.01,0,0,243206.36,0,0,232705.22,0,0,257622.03,0,0,248133.19,0,0,248133.19,0,0,226447.6,0,0,226447.6,0,0,226447.6,0,0,226447.6,0,0,226447.6,0,0,226447.6,0,0,231904.17,0,0,231904.17,0,0,226447.6,0,0,226447.6,0,0,226447.6,0,0,226447.6,0,0,226447.6,0,0,226447.6,0,0,226447.6,0,0,226447.6,0,0,226447.6,0,0,226447.6,0,0,226447.6,0,0,231904.17,0,0,231904.17,0,0,226447.6,0,0,226447.6,0,0,228366.65,0,0,228366.65,0,0,226447.6,0,0,226447.6,0,0,226447.6,0,0,226447.6,0,0,226447.6,0,0,1181897.56,0,0,226447.6,0,0,226447.6,0,0,226447.6,0,0,238471.37,0,0,228366.65,0,0,240600.58,0,0,226447.6
both_sexes,2,Pfizer,2021-05-10,COVDIAB,0,0,0,0,0,0,0,0,0,0,0,0,0,0,0,0,0,0,0,0,0,0,0,0,0,0,0,0,0,0,0,0,0,0,0,0,0,0,0,0,0,0,0,0,0,0,0,0,0,0,178222.65,0,0,178222.65,0,0,179888.28,0,0,228754.37,0,0,186874.23,0,0,192480.46,0,0,183314.72,0,0,205704.31,0,0,197560.59,0,0,197560.59,0,0,178222.65,0,0,178222.65,0,0,178222.65,0,0,178222.65,0,0,178222.65,0,0,178222.65,0,0,183314.72,0,0,183314.72,0,0,178222.65,0,0,178222.65,0,0,178222.65,0,0,178222.65,0,0,178222.65,0,0,178222.65,0,0,178222.65,0,0,178222.65,0,0,178222.65,0,0,178222.65,0,0,178222.65,0,0,182569.54,0,0,182569.54,0,0,178222.65,0,0,178222.65,0,0,179888.28,0,0,179888.28,0,0,178222.65,0,0,178222.65,0,0,178222.65,0,0,178222.65,0,0,178222.65,0,0,1020729.71,0,0,178222.65,0,0,178222.65,0,0,178222.65,0,0,187916.77,0,0,179888.28,0,0,189769.47,0,0,178222.65
both_sexes,2,Pfizer,2021-05-17,COVDIAB,0,0,0,0,0,0,0,0,0,0,0,0,0,0,0,0,0,0,0,0,0,0,0,0,0,0,0,0,0,0,0,0,0,0,0,0,0,0,0,0,0,0,0,0,0,0,0,0,0,0,158327.05,0,0,158327.05,0,0,159640.19,0,0,199314.09,0,0,165118.04,0,0,169479.65,0,0,162332.92,0,0,180611.69,0,0,174077.94,0,0,174077.94,0,0,158327.05,0,0,158327.05,0,0,158327.05,0,0,158327.05,0,0,158327.05,0,0,158327.05,0,0,162332.92,0,0,162332.92,0,0,158327.05,0,0,158327.05,0,0,158327.05,0,0,158327.05,0,0,158327.05,0,0,158327.05,0,0,158327.05,0,0,158327.05,0,0,158327.05,0,0,158327.05,0,0,158327.05,0,0,163514.95,0,0,163514.95,0,0,158327.05,0,0,158327.05,0,0,159640.19,0,0,159640.19,0,0,158327.05,0,0,158327.05,0,0,158327.05,0,0,158327.05,0,0,158327.05,0,0,852761.53,0,0,158327.05,0,0,158327.05,0,0,158327.05,0,0,167791.19,0,0,159640.19,0,0,169266.74,0,0,158327.05
both_sexes,2,Pfizer,2021-06-07,COVDIAB,0,0,0,0,0,0,0,0,0,0,0,0,0,0,0,0,0,0,0,0,0,0,0,0,0,0,0,0,0,0,0,0,0,0,0,0,0,0,0,0,0,0,0,0,0,0,0,0,0,0,128076.35,0,0,128076.35,0,0,128198.21,0,0,155047.55,0,0,131707.06,0,0,134467.39,0,0,129928.95,0,0,141381.24,0,0,138191.1,0,0,138191.1,0,0,128076.35,0,0,128076.35,0,0,128076.35,0,0,128076.35,0,0,128076.35,0,0,128076.35,0,0,130685.08,0,0,130685.08,0,0,128076.35,0,0,128076.35,0,0,128076.35,0,0,128076.35,0,0,128076.35,0,0,128076.35,0,0,128076.35,0,0,128076.35,0,0,128076.35,0,0,128076.35,0,0,128076.35,0,0,131578.44,0,0,131578.44,0,0,128076.35,0,0,128076.35,0,0,128934.28,0,0,128934.28,0,0,128076.35,0,0,128076.35,0,0,128076.35,0,0,128076.35,0,0,128076.35,0,0,802001.92,0,0,128076.35,0,0,128076.35,0,0,128076.35,0,0,133534.51,0,0,128934.28,0,0,134467.39,0,0,128076.35
both_sexes,2,Pfizer,2021-06-14,COVDIAB,0,0,0,0,0,0,0,0,0,0,0,0,0,0,0,0,0,0,0,0,0,0,0,0,0,0,0,0,0,0,0,0,0,0,0,0,0,2,0,0,0,0,0,0,0,0,0,0,0,0,127470.5,0,0,127470.5,0,0,127470.5,0,0,153984.37,0,0,130939.09,0,0,133666.99,0,0,129181.52,0,0,140496.69,0,0,137486.04,0,0,137486.04,0,0,127470.5,0,0,127470.5,0,0,127470.5,0,0,127470.5,0,0,127470.5,0,0,127470.5,0,0,130054.36,0,0,130054.36,0,0,127470.5,0,0,127470.5,0,0,127470.5,0,0,127470.5,0,0,127470.5,0,0,127470.5,0,0,127470.5,0,0,127470.5,0,0,127470.5,0,0,127470.5,0,0,127470.5,0,0,130939.09,0,0,130939.09,0,0,127470.5,0,0,127470.5,0,0,128320.31,0,0,128320.31,0,0,127470.5,0,0,127470.5,0,0,127470.5,0,0,127470.5,0,0,127470.5,440060.24,53293.34,1589648.9,0,0,127470.5,0,0,127470.5,0,0,127470.5,0,0,132745.14,0,0,128320.31,0,0,133666.99,0,0,127470.5
both_sexes,2,Pfizer,2021-06-21,COVDIAB,0,0,0,0,0,0,0,0,0,0,0,0,0,0,0,0,0,0,0,0,0,0,0,0,0,0,0,0,0,0,0,0,0,0,0,0,0,0,0,0,0,0,0,0,0,0,0,0,0,0,126275.84,0,0,126275.84,0,0,126275.84,0,0,152244.43,0,0,129678.85,0,0,132353.95,0,0,127954.72,0,0,139334.36,0,0,136234.91,0,0,136234.91,0,0,126275.84,0,0,126275.84,0,0,126275.84,0,0,126275.84,0,0,126275.84,0,0,126275.84,0,0,128811.02,0,0,128811.02,0,0,126275.84,0,0,126275.84,0,0,126275.84,0,0,126275.84,0,0,126275.84,0,0,126275.84,0,0,126275.84,0,0,126275.84,0,0,126275.84,0,0,126275.84,0,0,126275.84,0,0,129678.85,0,0,129678.85,0,0,126275.84,0,0,126275.84,0,0,127109.74,0,0,127109.74,0,0,126275.84,0,0,126275.84,0,0,126275.84,0,0,126275.84,0,0,126275.84,0,0,842102.01,0,0,126275.84,0,0,126275.84,0,0,126275.84,0,0,131450.07,0,0,127109.74,0,0,132353.95,0,0,126275.84
both_sexes,2,Pfizer,2021-06-28,COVDIAB,0,0,0,0,0,0,0,0,0,0,0,0,0,0,0,0,0,0,0,0,0,0,0,0,0,0,0,0,0,0,0,0,0,0,0,0,0,0,0,0,0,0,0,0,0,0,0,0,0,0,283059.5,0,0,283059.5,0,0,283059.5,0,0,340243.24,0,0,290380,0,0,296123.78,0,0,286673.03,0,0,314070.68,0,0,306218.91,0,0,306218.91,0,0,283059.5,0,0,283059.5,0,0,283059.5,0,0,283059.5,0,0,283059.5,0,0,283059.5,0,0,288514.61,0,0,288514.61,0,0,283059.5,0,0,283059.5,0,0,283059.5,0,0,283059.5,0,0,283059.5,0,0,283059.5,0,0,283059.5,0,0,283059.5,0,0,283059.5,0,0,283059.5,0,0,283059.5,0,0,290380,0,0,290380,0,0,283059.5,0,0,283059.5,0,0,284854.8,0,0,284854.8,0,0,283059.5,0,0,283059.5,0,0,283059.5,0,0,283059.5,0,0,283059.5,0,0,1871337.81,0,0,283059.5,0,0,283059.5,0,0,283059.5,0,0,294184.11,0,0,284854.8,0,0,296123.78,0,0,283059.5
both_sexes,1,AstraZeneca,2021-04-26,COVDIAB,0,0,0,0,0,0,0,0,0,0,0,0,0,0,0,0,0,0,0,0,0,0,0,0,0,0,0,0,0,0,0,0,0,0,0,0,0,1,0,0,0,0,0,0,0,0,0,0,0,0,990708.25,0,0,990708.25,0,0,990708.25,0,0,1247558.54,0,0,990708.25,0,0,990708.25,0,0,990708.25,0,0,1044467.61,0,0,1044467.61,0,0,1044467.61,0,0,990708.25,0,0,990708.25,0,0,990708.25,0,0,990708.25,0,0,990708.25,0,0,990708.25,0,0,990708.25,0,0,990708.25,0,0,990708.25,0,0,990708.25,0,0,990708.25,0,0,990708.25,0,0,990708.25,0,0,990708.25,0,0,990708.25,0,0,990708.25,0,0,990708.25,0,0,990708.25,0,0,990708.25,0,0,990708.25,0,0,990708.25,0,0,990708.25,0,0,990708.25,0,0,990708.25,0,0,990708.25,0,0,990708.25,0,0,990708.25,0,0,990708.25,0,0,990708.25,0,0,990708.25,629741.38,15943.67,3508694.39,0,0,990708.25,0,0,990708.25,0,0,990708.25,0,0,990708.25,0,0,990708.25,0,0,990708.25,0,0,990708.25
both_sexes,1,AstraZeneca,2021-05-03,COVDIAB,0,0,0,0,0,0,0,0,0,0,0,0,0,0,0,0,0,0,0,0,0,0,0,0,0,0,0,0,0,0,0,0,0,0,0,0,0,0,0,0,0,0,0,0,0,0,0,0,0,0,756945.63,0,0,756945.63,0,0,756945.63,0,0,898242.15,0,0,756945.63,0,0,756945.63,0,0,756945.63,0,0,787931.71,0,0,787931.71,0,0,787931.71,0,0,756945.63,0,0,756945.63,0,0,756945.63,0,0,756945.63,0,0,756945.63,0,0,756945.63,0,0,756945.63,0,0,756945.63,0,0,756945.63,0,0,756945.63,0,0,756945.63,0,0,756945.63,0,0,756945.63,0,0,756945.63,0,0,756945.63,0,0,756945.63,0,0,756945.63,0,0,756945.63,0,0,756945.63,0,0,756945.63,0,0,756945.63,0,0,756945.63,0,0,756945.63,0,0,756945.63,0,0,756945.63,0,0,756945.63,0,0,756945.63,0,0,756945.63,0,0,756945.63,0,0,756945.63,0,0,2138671.78,0,0,756945.63,0,0,756945.63,0,0,756945.63,0,0,756945.63,0,0,756945.63,0,0,756945.63,0,0,756945.63
both_sexes,1,AstraZeneca,2021-05-10,COVDIAB,0,0,0,0,0,0,0,0,0,0,0,0,0,0,0,0,0,0,0,0,0,0,0,0,0,0,0,0,0,0,0,0,0,0,0,0,0,0,0,0,0,0,0,0,0,0,0,0,0,0,687430.21,0,0,687430.21,0,0,687430.21,0,0,802001.92,0,0,687430.21,0,0,687430.21,0,0,687430.21,0,0,712890.59,0,0,712890.59,0,0,712890.59,0,0,687430.21,0,0,687430.21,0,0,687430.21,0,0,687430.21,0,0,687430.21,0,0,687430.21,0,0,687430.21,0,0,687430.21,0,0,687430.21,0,0,687430.21,0,0,687430.21,0,0,687430.21,0,0,687430.21,0,0,687430.21,0,0,687430.21,0,0,687430.21,0,0,687430.21,0,0,687430.21,0,0,687430.21,0,0,687430.21,0,0,687430.21,0,0,687430.21,0,0,687430.21,0,0,687430.21,0,0,687430.21,0,0,687430.21,0,0,687430.21,0,0,687430.21,0,0,687430.21,0,0,687430.21,0,0,1772846.34,0,0,687430.21,0,0,687430.21,0,0,687430.21,0,0,687430.21,0,0,687430.21,0,0,687430.21,0,0,687430.21
both_sexes,1,AstraZeneca,2021-05-17,COVDIAB,0,0,0,0,0,0,0,0,0,0,0,0,0,0,0,0,0,0,0,0,0,0,0,0,0,0,0,0,0,0,0,0,0,0,0,0,0,0,0,0,0,0,0,0,0,0,0,0,0,0,626680.57,0,0,626680.57,0,0,626680.57,0,0,720515.09,0,0,626680.57,0,0,626680.57,0,0,626680.57,0,0,647770.78,0,0,647770.78,0,0,647770.78,0,0,626680.57,0,0,626680.57,0,0,626680.57,0,0,626680.57,0,0,626680.57,0,0,626680.57,0,0,626680.57,0,0,626680.57,0,0,626680.57,0,0,626680.57,0,0,626680.57,0,0,626680.57,0,0,626680.57,0,0,626680.57,0,0,626680.57,0,0,626680.57,0,0,626680.57,0,0,626680.57,0,0,626680.57,0,0,626680.57,0,0,626680.57,0,0,626680.57,0,0,626680.57,0,0,626680.57,0,0,626680.57,0,0,626680.57,0,0,626680.57,0,0,626680.57,0,0,626680.57,0,0,626680.57,0,0,1643125.88,0,0,626680.57,0,0,626680.57,0,0,626680.57,0,0,626680.57,0,0,626680.57,0,0,626680.57,0,0,626680.57
both_sexes,1,AstraZeneca,2021-05-24,COVDIAB,0,0,0,0,0,0,0,0,0,0,0,0,0,0,0,0,0,0,0,0,0,0,0,0,0,0,0,0,0,0,0,0,0,0,0,0,0,0,0,0,0,0,0,0,0,0,0,0,0,0,641601.53,0,0,641601.53,0,0,641601.53,0,0,740309.46,0,0,641601.53,0,0,641601.53,0,0,641601.53,0,0,663725.72,0,0,663725.72,0,0,663725.72,0,0,641601.53,0,0,641601.53,0,0,641601.53,0,0,641601.53,0,0,641601.53,0,0,641601.53,0,0,641601.53,0,0,641601.53,0,0,641601.53,0,0,641601.53,0,0,641601.53,0,0,641601.53,0,0,641601.53,0,0,641601.53,0,0,641601.53,0,0,641601.53,0,0,641601.53,0,0,641601.53,0,0,641601.53,0,0,641601.53,0,0,641601.53,0,0,641601.53,0,0,641601.53,0,0,641601.53,0,0,641601.53,0,0,641601.53,0,0,641601.53,0,0,641601.53,0,0,641601.53,0,0,641601.53,0,0,1749822.36,0,0,641601.53,0,0,641601.53,0,0,641601.53,0,0,641601.53,0,0,641601.53,0,0,641601.53,0,0,641601.53
both_sexes,1,AstraZeneca,2021-05-31,COVDIAB,0,0,0,0,0,0,0,0,0,0,0,0,0,0,0,0,0,0,0,0,0,0,0,0,0,0,0,0,0,0,0,0,0,0,0,0,0,1,0,0,0,0,0,0,0,0,0,0,0,0,660472.17,0,0,660472.17,0,0,660472.17,0,0,765547.28,0,0,660472.17,0,0,660472.17,0,0,660472.17,0,0,683940.72,0,0,683940.72,0,0,683940.72,0,0,660472.17,0,0,660472.17,0,0,660472.17,0,0,660472.17,0,0,660472.17,0,0,660472.17,0,0,660472.17,0,0,660472.17,0,0,660472.17,0,0,660472.17,0,0,660472.17,0,0,660472.17,0,0,660472.17,0,0,660472.17,0,0,660472.17,0,0,660472.17,0,0,660472.17,0,0,660472.17,0,0,660472.17,0,0,660472.17,0,0,660472.17,0,0,660472.17,0,0,660472.17,0,0,660472.17,0,0,660472.17,0,0,660472.17,0,0,660472.17,0,0,660472.17,0,0,660472.17,0,0,660472.17,514436.62,13024.41,2866257.39,0,0,660472.17,0,0,660472.17,0,0,660472.17,0,0,660472.17,0,0,660472.17,0,0,660472.17,0,0,660472.17
both_sexes,1,AstraZeneca,2021-06-07,COVDIAB,0,0,0,0,0,0,0,0,0,0,0,0,0,0,0,0,0,0,0,0,0,0,0,0,0,0,0,0,0,0,0,0,0,0,0,0,0,0,0,0,0,0,0,0,0,0,0,0,0,0,673681.61,0,0,673681.61,0,0,673681.61,0,0,783350.71,0,0,673681.61,0,0,673681.61,0,0,673681.61,0,0,698115.66,0,0,698115.66,0,0,698115.66,0,0,673681.61,0,0,673681.61,0,0,673681.61,0,0,673681.61,0,0,673681.61,0,0,673681.61,0,0,673681.61,0,0,673681.61,0,0,673681.61,0,0,673681.61,0,0,673681.61,0,0,673681.61,0,0,673681.61,0,0,673681.61,0,0,673681.61,0,0,673681.61,0,0,673681.61,0,0,673681.61,0,0,673681.61,0,0,673681.61,0,0,673681.61,0,0,673681.61,0,0,673681.61,0,0,673681.61,0,0,673681.61,0,0,673681.61,0,0,673681.61,0,0,673681.61,0,0,673681.61,0,0,673681.61,0,0,2245605.37,0,0,673681.61,0,0,673681.61,0,0,673681.61,0,0,673681.61,0,0,673681.61,0,0,673681.61,0,0,673681.61
both_sexes,1,AstraZeneca,2021-06-14,COVDIAB,0,0,0,0,0,0,0,0,0,0,0,0,0,0,0,0,0,0,0,0,0,0,0,0,0,0,0,0,0,0,0,0,0,0,0,0,0,0,0,0,0,0,0,0,0,0,0,0,0,0,783350.71,0,0,783350.71,0,0,783350.71,0,0,858193.13,0,0,783350.71,0,0,783350.71,0,0,783350.71,0,0,787931.71,0,0,816583.77,0,0,816583.77,0,0,783350.71,0,0,783350.71,0,0,783350.71,0,0,783350.71,0,0,783350.71,0,0,783350.71,0,0,783350.71,0,0,783350.71,0,0,783350.71,0,0,783350.71,0,0,783350.71,0,0,783350.71,0,0,783350.71,0,0,783350.71,0,0,783350.71,0,0,783350.71,0,0,783350.71,0,0,783350.71,0,0,783350.71,0,0,783350.71,0,0,783350.71,0,0,783350.71,0,0,783350.71,0,0,783350.71,0,0,783350.71,0,0,783350.71,0,0,783350.71,0,0,783350.71,0,0,783350.71,0,0,783350.71,0,0,2406005.75,0,0,783350.71,0,0,783350.71,0,0,783350.71,0,0,783350.71,0,0,783350.71,0,0,783350.71,0,0,783350.71
both_sexes,1,AstraZeneca,2021-06-21,COVDIAB,0,0,0,0,0,0,0,0,0,0,0,0,0,0,0,0,0,0,0,0,0,0,0,0,0,0,0,0,0,0,0,0,0,0,0,0,0,0,0,0,0,0,0,0,0,0,0,0,0,0,929216.01,0,0,929216.01,0,0,929216.01,0,0,969326.06,0,0,929216.01,0,0,929216.01,0,0,929216.01,0,0,929216.01,0,0,969326.06,0,0,969326.06,0,0,929216.01,0,0,929216.01,0,0,929216.01,0,0,929216.01,0,0,929216.01,0,0,929216.01,0,0,929216.01,0,0,929216.01,0,0,929216.01,0,0,929216.01,0,0,929216.01,0,0,929216.01,0,0,929216.01,0,0,929216.01,0,0,929216.01,0,0,929216.01,0,0,929216.01,0,0,929216.01,0,0,929216.01,0,0,929216.01,0,0,929216.01,0,0,929216.01,0,0,929216.01,0,0,929216.01,0,0,929216.01,0,0,929216.01,0,0,929216.01,0,0,929216.01,0,0,929216.01,0,0,929216.01,0,0,2449751.31,0,0,929216.01,0,0,929216.01,0,0,929216.01,0,0,929216.01,0,0,929216.01,0,0,929216.01,0,0,929216.01
both_sexes,1,AstraZeneca,2021-06-28,COVDIAB,0,0,0,0,0,0,0,0,0,0,0,0,0,0,0,0,0,0,0,0,0,0,0,0,0,0,0,0,0,0,0,0,0,0,0,0,0,0,0,0,0,0,0,0,0,0,0,0,0,0,2929050.48,0,0,2929050.48,0,0,2929050.48,0,0,2929050.48,0,0,2929050.48,0,0,2929050.48,0,0,2929050.48,0,0,2929050.48,0,0,2929050.48,0,0,2929050.48,0,0,2929050.48,0,0,2929050.48,0,0,2929050.48,0,0,2929050.48,0,0,2929050.48,0,0,2929050.48,0,0,2929050.48,0,0,2929050.48,0,0,2929050.48,0,0,2929050.48,0,0,2929050.48,0,0,2929050.48,0,0,2929050.48,0,0,2929050.48,0,0,2929050.48,0,0,2929050.48,0,0,2929050.48,0,0,2929050.48,0,0,2929050.48,0,0,2929050.48,0,0,2929050.48,0,0,2929050.48,0,0,2929050.48,0,0,2929050.48,0,0,2929050.48,0,0,2929050.48,0,0,2929050.48,0,0,2929050.48,0,0,2929050.48,0,0,2929050.48,0,0,7925666,0,0,2929050.48,0,0,2929050.48,0,0,2929050.48,0,0,2929050.48,0,0,2929050.48,0,0,2929050.48,0,0,2929050.48
both_sexes,1,AstraZeneca,2021-04-05,COVDIAB,0,0,0,0,0,0,0,0,0,0,0,0,0,0,0,0,0,0,0,0,0,0,0,0,0,0,0,0,0,0,0,0,0,0,0,0,0,0,0,0,0,0,0,0,0,0,0,0,0,0,1113523.32,0,0,1113523.32,0,0,1113523.32,0,0,1433365.13,0,0,1113523.32,0,0,1113523.32,0,0,1113523.32,0,0,1181897.56,0,0,1181897.56,0,0,1181897.56,0,0,1113523.32,0,0,1113523.32,0,0,1113523.32,0,0,1113523.32,0,0,1113523.32,0,0,1113523.32,0,0,1113523.32,0,0,1113523.32,0,0,1113523.32,0,0,1113523.32,0,0,1113523.32,0,0,1113523.32,0,0,1113523.32,0,0,1113523.32,0,0,1113523.32,0,0,1113523.32,0,0,1113523.32,0,0,1113523.32,0,0,1113523.32,0,0,1113523.32,0,0,1113523.32,0,0,1113523.32,0,0,1113523.32,0,0,1113523.32,0,0,1113523.32,0,0,1113523.32,0,0,1113523.32,0,0,1113523.32,0,0,1113523.32,0,0,1113523.32,0,0,2591083.12,0,0,1113523.32,0,0,1113523.32,0,0,1113523.32,0,0,1113523.32,0,0,1113523.32,0,0,1113523.32,0,0,1113523.32
both_sexes,1,AstraZeneca,2021-04-12,COVDIAB,0,0,0,0,0,0,0,0,0,0,0,0,0,0,0,0,0,0,0,0,0,0,0,0,0,0,0,0,0,0,0,0,0,0,0,0,0,0,0,0,0,0,0,0,0,0,0,0,0,0,1013055.05,0,0,1013055.05,0,0,1013055.05,0,0,1283203.07,0,0,1013055.05,0,0,1013055.05,0,0,1013055.05,0,0,1069335.89,0,0,1069335.89,0,0,1069335.89,0,0,1013055.05,0,0,1013055.05,0,0,1013055.05,0,0,1013055.05,0,0,1013055.05,0,0,1013055.05,0,0,1013055.05,0,0,1013055.05,0,0,1013055.05,0,0,1013055.05,0,0,1013055.05,0,0,1013055.05,0,0,1013055.05,0,0,1013055.05,0,0,1013055.05,0,0,1013055.05,0,0,1013055.05,0,0,1013055.05,0,0,1013055.05,0,0,1013055.05,0,0,1013055.05,0,0,1013055.05,0,0,1013055.05,0,0,1013055.05,0,0,1013055.05,0,0,1013055.05,0,0,1013055.05,0,0,1013055.05,0,0,1013055.05,0,0,1013055.05,0,0,2138671.78,0,0,1013055.05,0,0,1013055.05,0,0,1013055.05,0,0,1013055.05,0,0,1013055.05,0,0,1013055.05,0,0,1013055.05
both_sexes,1,AstraZeneca,2021-04-19,COVDIAB,0,0,0,0,0,0,0,0,0,0,0,0,0,0,0,0,0,0,0,0,0,0,0,0,0,0,0,0,0,0,0,0,0,0,0,0,0,0,0,0,0,0,0,0,0,0,0,0,0,0,1013055.05,0,0,1013055.05,0,0,1013055.05,0,0,1283203.07,0,0,1013055.05,0,0,1013055.05,0,0,1013055.05,0,0,1069335.89,0,0,1069335.89,0,0,1069335.89,0,0,1013055.05,0,0,1013055.05,0,0,1013055.05,0,0,1013055.05,0,0,1013055.05,0,0,1013055.05,0,0,1013055.05,0,0,1013055.05,0,0,1013055.05,0,0,1013055.05,0,0,1013055.05,0,0,1013055.05,0,0,1013055.05,0,0,1013055.05,0,0,1013055.05,0,0,1013055.05,0,0,1013055.05,0,0,1013055.05,0,0,1013055.05,0,0,1013055.05,0,0,1013055.05,0,0,1013055.05,0,0,1013055.05,0,0,1013055.05,0,0,1013055.05,0,0,1013055.05,0,0,1013055.05,0,0,1013055.05,0,0,1013055.05,0,0,1013055.05,0,0,2138671.78,0,0,1013055.05,0,0,1013055.05,0,0,1013055.05,0,0,1013055.05,0,0,1013055.05,0,0,1013055.05,0,0,1013055.05
both_sexes,1,Moderna,2021-01-18,COVDIAB,0,0,0,0,0,0,0,0,0,0,0,0,0,0,0,0,0,0,0,0,0,0,0,0,0,0,0,0,0,0,0,0,0,0,0,0,0,0,0,0,0,0,0,0,0,0,0,0,0,0,44912107.35,0,0,44912107.35,0,0,44912107.35,0,0,44912107.35,0,0,44912107.35,0,0,44912107.35,0,0,44912107.35,0,0,44912107.35,0,0,44912107.35,0,0,44912107.35,0,0,44912107.35,0,0,44912107.35,0,0,44912107.35,0,0,44912107.35,0,0,44912107.35,0,0,44912107.35,0,0,44912107.35,0,0,44912107.35,0,0,44912107.35,0,0,44912107.35,0,0,44912107.35,0,0,44912107.35,0,0,44912107.35,0,0,44912107.35,0,0,44912107.35,0,0,44912107.35,0,0,44912107.35,0,0,44912107.35,0,0,44912107.35,0,0,44912107.35,0,0,44912107.35,0,0,44912107.35,0,0,44912107.35,0,0,44912107.35,0,0,44912107.35,0,0,44912107.35,0,0,44912107.35,0,0,44912107.35,0,0,44912107.35,0,0,44912107.35,0,0,44912107.35,0,0,44912107.35,0,0,44912107.35,0,0,44912107.35,0,0,44912107.35,0,0,44912107.35,0,0,44912107.35,0,0,44912107.35
both_sexes,1,Moderna,2021-01-25,COVDIAB,0,0,0,0,0,0,0,0,0,0,0,0,0,0,0,0,0,0,0,0,0,0,0,0,0,0,0,0,0,0,0,0,0,0,0,0,0,0,0,0,0,0,0,0,0,0,0,0,0,0,19248046.01,0,0,19248046.01,0,0,19248046.01,0,0,19248046.01,0,0,19248046.01,0,0,19248046.01,0,0,19248046.01,0,0,19248046.01,0,0,19248046.01,0,0,19248046.01,0,0,19248046.01,0,0,19248046.01,0,0,19248046.01,0,0,19248046.01,0,0,19248046.01,0,0,19248046.01,0,0,19248046.01,0,0,19248046.01,0,0,19248046.01,0,0,19248046.01,0,0,19248046.01,0,0,19248046.01,0,0,19248046.01,0,0,19248046.01,0,0,19248046.01,0,0,19248046.01,0,0,19248046.01,0,0,19248046.01,0,0,19248046.01,0,0,19248046.01,0,0,19248046.01,0,0,19248046.01,0,0,19248046.01,0,0,19248046.01,0,0,19248046.01,0,0,19248046.01,0,0,19248046.01,0,0,19248046.01,0,0,19248046.01,0,0,19248046.01,0,0,19248046.01,0,0,19248046.01,0,0,19248046.01,0,0,19248046.01,0,0,19248046.01,0,0,19248046.01,0,0,19248046.01,0,0,19248046.01
both_sexes,1,Moderna,2021-02-01,COVDIAB,0,0,0,0,0,0,0,0,0,0,0,0,0,0,0,0,0,0,0,0,0,0,0,0,0,0,0,0,0,0,0,0,0,0,0,0,0,0,0,0,0,0,0,0,0,0,0,0,0,0,19248046.01,0,0,19248046.01,0,0,19248046.01,0,0,19248046.01,0,0,19248046.01,0,0,19248046.01,0,0,19248046.01,0,0,19248046.01,0,0,19248046.01,0,0,19248046.01,0,0,19248046.01,0,0,19248046.01,0,0,19248046.01,0,0,19248046.01,0,0,19248046.01,0,0,19248046.01,0,0,19248046.01,0,0,19248046.01,0,0,19248046.01,0,0,19248046.01,0,0,19248046.01,0,0,19248046.01,0,0,19248046.01,0,0,19248046.01,0,0,19248046.01,0,0,19248046.01,0,0,19248046.01,0,0,19248046.01,0,0,19248046.01,0,0,19248046.01,0,0,19248046.01,0,0,19248046.01,0,0,19248046.01,0,0,19248046.01,0,0,19248046.01,0,0,19248046.01,0,0,19248046.01,0,0,19248046.01,0,0,19248046.01,0,0,19248046.01,0,0,19248046.01,0,0,19248046.01,0,0,19248046.01,0,0,19248046.01,0,0,19248046.01,0,0,19248046.01,0,0,19248046.01,0,0,19248046.01
both_sexes,1,Moderna,2021-02-08,COVDIAB,0,0,0,0,0,0,0,0,0,0,0,0,0,0,0,0,0,0,0,0,0,0,0,0,0,0,0,0,0,0,0,0,0,0,0,0,0,0,0,0,0,0,0,0,0,0,0,0,0,0,19248046.01,0,0,19248046.01,0,0,19248046.01,0,0,19248046.01,0,0,19248046.01,0,0,19248046.01,0,0,19248046.01,0,0,19248046.01,0,0,19248046.01,0,0,19248046.01,0,0,19248046.01,0,0,19248046.01,0,0,19248046.01,0,0,19248046.01,0,0,19248046.01,0,0,19248046.01,0,0,19248046.01,0,0,19248046.01,0,0,19248046.01,0,0,19248046.01,0,0,19248046.01,0,0,19248046.01,0,0,19248046.01,0,0,19248046.01,0,0,19248046.01,0,0,19248046.01,0,0,19248046.01,0,0,19248046.01,0,0,19248046.01,0,0,19248046.01,0,0,19248046.01,0,0,19248046.01,0,0,19248046.01,0,0,19248046.01,0,0,19248046.01,0,0,19248046.01,0,0,19248046.01,0,0,19248046.01,0,0,19248046.01,0,0,19248046.01,0,0,19248046.01,0,0,19248046.01,0,0,19248046.01,0,0,19248046.01,0,0,19248046.01,0,0,19248046.01,0,0,19248046.01,0,0,19248046.01
both_sexes,1,Moderna,2021-02-15,COVDIAB,0,0,0,0,0,0,0,0,0,0,0,0,0,0,0,0,0,0,0,0,0,0,0,0,0,0,0,0,0,0,0,0,0,0,0,0,0,0,0,0,0,0,0,0,0,0,0,0,0,0,33684080.52,0,0,33684080.52,0,0,33684080.52,0,0,33684080.52,0,0,33684080.52,0,0,33684080.52,0,0,33684080.52,0,0,33684080.52,0,0,33684080.52,0,0,33684080.52,0,0,33684080.52,0,0,33684080.52,0,0,33684080.52,0,0,33684080.52,0,0,33684080.52,0,0,33684080.52,0,0,33684080.52,0,0,33684080.52,0,0,33684080.52,0,0,33684080.52,0,0,33684080.52,0,0,33684080.52,0,0,33684080.52,0,0,33684080.52,0,0,33684080.52,0,0,33684080.52,0,0,33684080.52,0,0,33684080.52,0,0,33684080.52,0,0,33684080.52,0,0,33684080.52,0,0,33684080.52,0,0,33684080.52,0,0,33684080.52,0,0,33684080.52,0,0,33684080.52,0,0,33684080.52,0,0,33684080.52,0,0,33684080.52,0,0,33684080.52,0,0,33684080.52,0,0,33684080.52,0,0,33684080.52,0,0,33684080.52,0,0,33684080.52,0,0,33684080.52,0,0,33684080.52,0,0,33684080.52
both_sexes,2,AstraZeneca,2021-06-21,COVDIAB,0,0,0,0,0,0,0,0,0,0,0,0,0,0,0,0,0,0,0,0,0,0,0,0,0,0,0,0,0,0,0,0,0,0,0,0,0,0,0,0,0,0,0,0,0,0,0,0,0,0,2072866.49,0,0,2072866.49,0,0,2072866.49,0,0,3133402.84,0,0,2072866.49,0,0,2072866.49,0,0,2072866.49,0,0,2323040.04,0,0,2105255.03,0,0,2105255.03,0,0,2072866.49,0,0,2072866.49,0,0,2072866.49,0,0,2072866.49,0,0,2072866.49,0,0,2072866.49,0,0,2072866.49,0,0,2072866.49,0,0,2072866.49,0,0,2072866.49,0,0,2072866.49,0,0,2072866.49,0,0,2072866.49,0,0,2072866.49,0,0,2072866.49,0,0,2072866.49,0,0,2072866.49,0,0,2072866.49,0,0,2072866.49,0,0,2072866.49,0,0,2072866.49,0,0,2072866.49,0,0,2072866.49,0,0,2072866.49,0,0,2072866.49,0,0,2072866.49,0,0,2072866.49,0,0,2072866.49,0,0,2072866.49,0,0,2072866.49,0,0,8982421.47,0,0,2072866.49,0,0,2072866.49,0,0,2072866.49,0,0,2072866.49,0,0,2072866.49,0,0,2072866.49,0,0,2072866.49
both_sexes,2,AstraZeneca,2021-06-28,COVDIAB,0,0,0,0,0,0,0,0,0,0,0,0,0,0,0,0,0,0,0,0,0,0,0,0,0,0,0,0,0,0,0,0,0,0,0,0,0,0,0,0,0,0,0,0,0,0,0,0,0,0,3208007.67,0,0,3208007.67,0,0,3208007.67,0,0,4491210.74,0,0,3208007.67,0,0,3208007.67,0,0,3208007.67,0,0,3454777.49,0,0,3454777.49,0,0,3454777.49,0,0,3208007.67,0,0,3208007.67,0,0,3208007.67,0,0,3208007.67,0,0,3208007.67,0,0,3208007.67,0,0,3208007.67,0,0,3208007.67,0,0,3208007.67,0,0,3208007.67,0,0,3208007.67,0,0,3208007.67,0,0,3208007.67,0,0,3208007.67,0,0,3208007.67,0,0,3208007.67,0,0,3208007.67,0,0,3208007.67,0,0,3208007.67,0,0,3208007.67,0,0,3208007.67,0,0,3208007.67,0,0,3208007.67,0,0,3208007.67,0,0,3208007.67,0,0,3208007.67,0,0,3208007.67,0,0,3208007.67,0,0,3208007.67,0,0,3208007.67,0,0,11228026.84,0,0,3208007.67,0,0,3208007.67,0,0,3208007.67,0,0,3208007.67,0,0,3208007.67,0,0,3208007.67,0,0,3208007.67
both_sexes,2,Moderna,2021-02-15,COVDIAB,0,0,0,0,0,0,0,0,0,0,0,0,0,0,0,0,0,0,0,0,0,0,0,0,0,0,0,0,0,0,0,0,0,0,0,0,0,0,0,0,0,0,0,0,0,0,0,0,0,0,44912107.35,0,0,44912107.35,0,0,44912107.35,0,0,44912107.35,0,0,44912107.35,0,0,44912107.35,0,0,44912107.35,0,0,44912107.35,0,0,44912107.35,0,0,44912107.35,0,0,44912107.35,0,0,44912107.35,0,0,44912107.35,0,0,44912107.35,0,0,44912107.35,0,0,44912107.35,0,0,44912107.35,0,0,44912107.35,0,0,44912107.35,0,0,44912107.35,0,0,44912107.35,0,0,44912107.35,0,0,44912107.35,0,0,44912107.35,0,0,44912107.35,0,0,44912107.35,0,0,44912107.35,0,0,44912107.35,0,0,44912107.35,0,0,44912107.35,0,0,44912107.35,0,0,44912107.35,0,0,44912107.35,0,0,44912107.35,0,0,44912107.35,0,0,44912107.35,0,0,44912107.35,0,0,44912107.35,0,0,44912107.35,0,0,44912107.35,0,0,44912107.35,0,0,44912107.35,0,0,44912107.35,0,0,44912107.35,0,0,44912107.35,0,0,44912107.35,0,0,44912107.35,0,0,44912107.35
both_sexes,2,Moderna,2021-02-22,COVDIAB,0,0,0,0,0,0,0,0,0,0,0,0,0,0,0,0,0,0,0,0,0,0,0,0,0,0,0,0,0,0,0,0,0,0,0,0,0,0,0,0,0,0,0,0,0,0,0,0,0,0,19248046.01,0,0,19248046.01,0,0,19248046.01,0,0,19248046.01,0,0,19248046.01,0,0,19248046.01,0,0,19248046.01,0,0,19248046.01,0,0,19248046.01,0,0,19248046.01,0,0,19248046.01,0,0,19248046.01,0,0,19248046.01,0,0,19248046.01,0,0,19248046.01,0,0,19248046.01,0,0,19248046.01,0,0,19248046.01,0,0,19248046.01,0,0,19248046.01,0,0,19248046.01,0,0,19248046.01,0,0,19248046.01,0,0,19248046.01,0,0,19248046.01,0,0,19248046.01,0,0,19248046.01,0,0,19248046.01,0,0,19248046.01,0,0,19248046.01,0,0,19248046.01,0,0,19248046.01,0,0,19248046.01,0,0,19248046.01,0,0,19248046.01,0,0,19248046.01,0,0,19248046.01,0,0,19248046.01,0,0,19248046.01,0,0,19248046.01,0,0,19248046.01,0,0,19248046.01,0,0,19248046.01,0,0,19248046.01,0,0,19248046.01,0,0,19248046.01,0,0,19248046.01,0,0,19248046.01
both_sexes,2,Moderna,2021-03-01,COVDIAB,0,0,0,0,0,0,0,0,0,0,0,0,0,0,0,0,0,0,0,0,0,0,0,0,0,0,0,0,0,0,0,0,0,0,0,0,0,0,0,0,0,0,0,0,0,0,0,0,0,0,19248046.01,0,0,19248046.01,0,0,19248046.01,0,0,19248046.01,0,0,19248046.01,0,0,19248046.01,0,0,19248046.01,0,0,19248046.01,0,0,19248046.01,0,0,19248046.01,0,0,19248046.01,0,0,19248046.01,0,0,19248046.01,0,0,19248046.01,0,0,19248046.01,0,0,19248046.01,0,0,19248046.01,0,0,19248046.01,0,0,19248046.01,0,0,19248046.01,0,0,19248046.01,0,0,19248046.01,0,0,19248046.01,0,0,19248046.01,0,0,19248046.01,0,0,19248046.01,0,0,19248046.01,0,0,19248046.01,0,0,19248046.01,0,0,19248046.01,0,0,19248046.01,0,0,19248046.01,0,0,19248046.01,0,0,19248046.01,0,0,19248046.01,0,0,19248046.01,0,0,19248046.01,0,0,19248046.01,0,0,19248046.01,0,0,19248046.01,0,0,19248046.01,0,0,19248046.01,0,0,19248046.01,0,0,19248046.01,0,0,19248046.01,0,0,19248046.01,0,0,19248046.01,0,0,19248046.01
both_sexes,2,Moderna,2021-03-08,COVDIAB,0,0,0,0,0,0,0,0,0,0,0,0,0,0,0,0,0,0,0,0,0,0,0,0,0,0,0,0,0,0,0,0,0,0,0,0,0,0,0,0,0,0,0,0,0,0,0,0,0,0,19248046.01,0,0,19248046.01,0,0,19248046.01,0,0,19248046.01,0,0,19248046.01,0,0,19248046.01,0,0,19248046.01,0,0,19248046.01,0,0,19248046.01,0,0,19248046.01,0,0,19248046.01,0,0,19248046.01,0,0,19248046.01,0,0,19248046.01,0,0,19248046.01,0,0,19248046.01,0,0,19248046.01,0,0,19248046.01,0,0,19248046.01,0,0,19248046.01,0,0,19248046.01,0,0,19248046.01,0,0,19248046.01,0,0,19248046.01,0,0,19248046.01,0,0,19248046.01,0,0,19248046.01,0,0,19248046.01,0,0,19248046.01,0,0,19248046.01,0,0,19248046.01,0,0,19248046.01,0,0,19248046.01,0,0,19248046.01,0,0,19248046.01,0,0,19248046.01,0,0,19248046.01,0,0,19248046.01,0,0,19248046.01,0,0,19248046.01,0,0,19248046.01,0,0,19248046.01,0,0,19248046.01,0,0,19248046.01,0,0,19248046.01,0,0,19248046.01,0,0,19248046.01,0,0,19248046.01
both_sexes,2,Moderna,2021-03-15,COVDIAB,0,0,0,0,0,0,0,0,0,0,0,0,0,0,0,0,0,0,0,0,0,0,0,0,0,0,0,0,0,0,0,0,0,0,0,0,0,0,0,0,0,0,0,0,0,0,0,0,0,0,19248046.01,0,0,19248046.01,0,0,19248046.01,0,0,19248046.01,0,0,19248046.01,0,0,19248046.01,0,0,19248046.01,0,0,19248046.01,0,0,19248046.01,0,0,19248046.01,0,0,19248046.01,0,0,19248046.01,0,0,19248046.01,0,0,19248046.01,0,0,19248046.01,0,0,19248046.01,0,0,19248046.01,0,0,19248046.01,0,0,19248046.01,0,0,19248046.01,0,0,19248046.01,0,0,19248046.01,0,0,19248046.01,0,0,19248046.01,0,0,19248046.01,0,0,19248046.01,0,0,19248046.01,0,0,19248046.01,0,0,19248046.01,0,0,19248046.01,0,0,19248046.01,0,0,19248046.01,0,0,19248046.01,0,0,19248046.01,0,0,19248046.01,0,0,19248046.01,0,0,19248046.01,0,0,19248046.01,0,0,19248046.01,0,0,19248046.01,0,0,19248046.01,0,0,19248046.01,0,0,19248046.01,0,0,19248046.01,0,0,19248046.01,0,0,19248046.01,0,0,19248046.01,0,0,19248046.01
both_sexes,2,Moderna,2021-03-22,COVDIAB,0,0,0,0,0,0,0,0,0,0,0,0,0,0,0,0,0,0,0,0,0,0,0,0,0,0,0,0,0,0,0,0,0,0,0,0,0,0,0,0,0,0,0,0,0,0,0,0,0,0,19248046.01,0,0,19248046.01,0,0,19248046.01,0,0,19248046.01,0,0,19248046.01,0,0,19248046.01,0,0,19248046.01,0,0,19248046.01,0,0,19248046.01,0,0,19248046.01,0,0,19248046.01,0,0,19248046.01,0,0,19248046.01,0,0,19248046.01,0,0,19248046.01,0,0,19248046.01,0,0,19248046.01,0,0,19248046.01,0,0,19248046.01,0,0,19248046.01,0,0,19248046.01,0,0,19248046.01,0,0,19248046.01,0,0,19248046.01,0,0,19248046.01,0,0,19248046.01,0,0,19248046.01,0,0,19248046.01,0,0,19248046.01,0,0,19248046.01,0,0,19248046.01,0,0,19248046.01,0,0,19248046.01,0,0,19248046.01,0,0,19248046.01,0,0,19248046.01,0,0,19248046.01,0,0,19248046.01,0,0,19248046.01,0,0,19248046.01,0,0,19248046.01,0,0,19248046.01,0,0,19248046.01,0,0,19248046.01,0,0,19248046.01,0,0,19248046.01,0,0,19248046.01,0,0,19248046.01
both_sexes,2,Moderna,2021-03-29,COVDIAB,0,0,0,0,0,0,0,0,0,0,0,0,0,0,0,0,0,0,0,0,0,0,0,0,0,0,0,0,0,0,0,0,0,0,0,0,0,0,0,0,0,0,0,0,0,0,0,0,0,0,19248046.01,0,0,19248046.01,0,0,19248046.01,0,0,19248046.01,0,0,19248046.01,0,0,19248046.01,0,0,19248046.01,0,0,19248046.01,0,0,19248046.01,0,0,19248046.01,0,0,19248046.01,0,0,19248046.01,0,0,19248046.01,0,0,19248046.01,0,0,19248046.01,0,0,19248046.01,0,0,19248046.01,0,0,19248046.01,0,0,19248046.01,0,0,19248046.01,0,0,19248046.01,0,0,19248046.01,0,0,19248046.01,0,0,19248046.01,0,0,19248046.01,0,0,19248046.01,0,0,19248046.01,0,0,19248046.01,0,0,19248046.01,0,0,19248046.01,0,0,19248046.01,0,0,19248046.01,0,0,19248046.01,0,0,19248046.01,0,0,19248046.01,0,0,19248046.01,0,0,19248046.01,0,0,19248046.01,0,0,19248046.01,0,0,19248046.01,0,0,19248046.01,0,0,19248046.01,0,0,19248046.01,0,0,19248046.01,0,0,19248046.01,0,0,19248046.01,0,0,19248046.01,0,0,19248046.01
both_sexes,1,AstraZeneca,2021-03-22,COVDIAB,0,0,0,0,0,0,0,0,0,0,0,0,0,0,0,0,0,0,0,0,0,0,0,0,0,0,0,0,0,0,0,0,0,0,0,0,0,0,0,0,0,0,0,0,0,0,0,0,0,0,3962833,0,0,3962833,0,0,3962833,0,0,7091385.37,0,0,3962833,0,0,3962833,0,0,3962833,0,0,4990234.15,0,0,3962833,0,0,3962833,0,0,3962833,0,0,3962833,0,0,3962833,0,0,3962833,0,0,3962833,0,0,3962833,0,0,3962833,0,0,3962833,0,0,3962833,0,0,3962833,0,0,3962833,0,0,3962833,0,0,3962833,0,0,3962833,0,0,3962833,0,0,3962833,0,0,3962833,0,0,3962833,0,0,3962833,0,0,3962833,0,0,3962833,0,0,3962833,0,0,3962833,0,0,3962833,0,0,3962833,0,0,3962833,0,0,3962833,0,0,3962833,0,0,3962833,0,0,3962833,0,0,9624023,0,0,3962833,0,0,3962833,0,0,3962833,0,0,3962833,0,0,3962833,0,0,3962833,0,0,3962833
both_sexes,1,AstraZeneca,2021-03-29,COVDIAB,0,0,0,0,0,0,0,0,0,0,0,0,0,0,0,0,0,0,0,0,0,0,0,0,0,0,0,0,0,0,0,0,0,0,0,0,0,0,0,0,0,0,0,0,0,0,0,0,0,0,1820761.11,0,0,1820761.11,0,0,1820761.11,0,0,2542194.76,0,0,1820761.11,0,0,1820761.11,0,0,1820761.11,0,0,2010989.88,0,0,1871337.81,0,0,1871337.81,0,0,1820761.11,0,0,1820761.11,0,0,1820761.11,0,0,1820761.11,0,0,1820761.11,0,0,1820761.11,0,0,1820761.11,0,0,1820761.11,0,0,1820761.11,0,0,1820761.11,0,0,1820761.11,0,0,1820761.11,0,0,1820761.11,0,0,1820761.11,0,0,1820761.11,0,0,1820761.11,0,0,1820761.11,0,0,1820761.11,0,0,1820761.11,0,0,1820761.11,0,0,1820761.11,0,0,1820761.11,0,0,1820761.11,0,0,1820761.11,0,0,1820761.11,0,0,1820761.11,0,0,1820761.11,0,0,1820761.11,0,0,1820761.11,0,0,1820761.11,0,0,5182166.23,0,0,1820761.11,0,0,1820761.11,0,0,1820761.11,0,0,1820761.11,0,0,1820761.11,0,0,1820761.11,0,0,1820761.11
both_sexes,2,AstraZeneca,2021-06-14,COVDIAB,0,0,0,0,0,0,0,0,0,0,0,0,0,0,0,0,0,0,0,0,0,0,0,0,0,0,0,0,0,0,0,0,0,0,0,0,0,0,0,0,0,0,0,0,0,0,0,0,0,0,3545692.69,0,0,3545692.69,0,0,3545692.69,0,0,5389452.88,0,0,3545692.69,0,0,3545692.69,0,0,3545692.69,0,0,4210510.06,0,0,3545692.69,0,0,3545692.69,0,0,3545692.69,0,0,3545692.69,0,0,3545692.69,0,0,3545692.69,0,0,3545692.69,0,0,3545692.69,0,0,3545692.69,0,0,3545692.69,0,0,3545692.69,0,0,3545692.69,0,0,3545692.69,0,0,3545692.69,0,0,3545692.69,0,0,3545692.69,0,0,3545692.69,0,0,3545692.69,0,0,3545692.69,0,0,3545692.69,0,0,3545692.69,0,0,3545692.69,0,0,3545692.69,0,0,3545692.69,0,0,3545692.69,0,0,3545692.69,0,0,3545692.69,0,0,3545692.69,0,0,3545692.69,0,0,3545692.69,0,0,3545692.69,0,0,3545692.69,0,0,9624023,0,0,3545692.69,0,0,3545692.69,0,0,3545692.69,0,0,3545692.69,0,0,3545692.69,0,0,3545692.69,0,0,3545692.69
both_sexes,1,Pfizer,2021-02-01,COVDIAB,0,0,0,0,0,0,0,0,0,0,0,0,0,0,0,0,0,0,0,0,0,0,0,0,0,0,0,0,0,0,0,0,0,0,0,0,0,0,0,0,0,0,0,0,0,0,0,0,0,0,5182166.23,0,0,5182166.23,0,0,5182166.23,0,0,7091385.37,0,0,5182166.23,0,0,5858100.96,0,0,6124378.28,0,0,6124378.28,0,0,8421020.13,0,0,8421020.13,0,0,5182166.23,0,0,5182166.23,0,0,5182166.23,0,0,5182166.23,0,0,5182166.23,0,0,5182166.23,0,0,6124378.28,0,0,6124378.28,0,0,5182166.23,0,0,5182166.23,0,0,5182166.23,0,0,5182166.23,0,0,5182166.23,0,0,5182166.23,0,0,5182166.23,0,0,5182166.23,0,0,5182166.23,0,0,5182166.23,0,0,5182166.23,0,0,5858100.96,0,0,5858100.96,0,0,5182166.23,0,0,5182166.23,0,0,5182166.23,0,0,5182166.23,0,0,5182166.23,0,0,5182166.23,0,0,5182166.23,0,0,5182166.23,0,0,5182166.23,0,0,12248756.55,0,0,5182166.23,0,0,5182166.23,0,0,5182166.23,0,0,7091385.37,0,0,5182166.23,0,0,7091385.37,0,0,5182166.23
both_sexes,1,Pfizer,2021-02-08,COVDIAB,0,0,0,0,0,0,0,0,0,0,0,0,0,0,0,0,0,0,0,0,0,0,0,0,0,0,0,0,0,0,0,0,0,0,0,0,0,0,0,0,0,0,0,0,0,0,0,0,0,0,6416015.34,0,0,6416015.34,0,0,6416015.34,0,0,9624023,0,0,6416015.34,0,0,9624023,0,0,6416015.34,0,0,6416015.34,0,0,19248046.01,0,0,19248046.01,0,0,6416015.34,0,0,6416015.34,0,0,6416015.34,0,0,6416015.34,0,0,6416015.34,0,0,6416015.34,0,0,6416015.34,0,0,6416015.34,0,0,6416015.34,0,0,6416015.34,0,0,6416015.34,0,0,6416015.34,0,0,6416015.34,0,0,6416015.34,0,0,6416015.34,0,0,6416015.34,0,0,6416015.34,0,0,6416015.34,0,0,6416015.34,0,0,9624023,0,0,9624023,0,0,6416015.34,0,0,6416015.34,0,0,6416015.34,0,0,6416015.34,0,0,6416015.34,0,0,6416015.34,0,0,6416015.34,0,0,6416015.34,0,0,6416015.34,0,0,19248046.01,0,0,6416015.34,0,0,6416015.34,0,0,6416015.34,0,0,9624023,0,0,6416015.34,0,0,9624023,0,0,6416015.34
both_sexes,1,Pfizer,2021-02-15,COVDIAB,0,0,0,0,0,0,0,0,0,0,0,0,0,0,0,0,0,0,0,0,0,0,0,0,0,0,0,0,0,0,0,0,0,0,0,0,0,0,0,0,0,0,0,0,0,0,0,0,0,0,5389452.88,0,0,5389452.88,0,0,5389452.88,0,0,9624023,0,0,5389452.88,0,0,7485351.23,0,0,5389452.88,0,0,5389452.88,0,0,12248756.55,0,0,12248756.55,0,0,5389452.88,0,0,5389452.88,0,0,5389452.88,0,0,5389452.88,0,0,5389452.88,0,0,5389452.88,0,0,5389452.88,0,0,5389452.88,0,0,5389452.88,0,0,5389452.88,0,0,5389452.88,0,0,5389452.88,0,0,5389452.88,0,0,5389452.88,0,0,5389452.88,0,0,5389452.88,0,0,5389452.88,0,0,5389452.88,0,0,5389452.88,0,0,7485351.23,0,0,7485351.23,0,0,5389452.88,0,0,5389452.88,0,0,5389452.88,0,0,5389452.88,0,0,5389452.88,0,0,5389452.88,0,0,5389452.88,0,0,5389452.88,0,0,5389452.88,0,0,12248756.55,0,0,5389452.88,0,0,5389452.88,0,0,5389452.88,0,0,7485351.23,0,0,5389452.88,0,0,7485351.23,0,0,5389452.88
both_sexes,1,Pfizer,2021-02-22,COVDIAB,0,0,0,0,0,0,0,0,0,0,0,0,0,0,0,0,0,0,0,0,0,0,0,0,0,0,0,0,0,0,0,0,0,0,0,0,0,0,0,0,0,0,0,0,0,0,0,0,0,0,3454777.49,0,0,3454777.49,0,0,3454777.49,0,0,5614013.42,0,0,3454777.49,0,0,4210510.06,0,0,3454777.49,0,0,3545692.69,0,0,5614013.42,0,0,5614013.42,0,0,3454777.49,0,0,3454777.49,0,0,3454777.49,0,0,3454777.49,0,0,3454777.49,0,0,3454777.49,0,0,3454777.49,0,0,3454777.49,0,0,3454777.49,0,0,3454777.49,0,0,3454777.49,0,0,3454777.49,0,0,3454777.49,0,0,3454777.49,0,0,3454777.49,0,0,3454777.49,0,0,3454777.49,0,0,3454777.49,0,0,3454777.49,0,0,4210510.06,0,0,4210510.06,0,0,3454777.49,0,0,3454777.49,0,0,3454777.49,0,0,3454777.49,0,0,3454777.49,0,0,3454777.49,0,0,3454777.49,0,0,3454777.49,0,0,3454777.49,0,0,7485351.23,0,0,3454777.49,0,0,3454777.49,0,0,3454777.49,0,0,4210510.06,0,0,3454777.49,0,0,4210510.06,0,0,3454777.49
both_sexes,1,AstraZeneca,2021-02-22,COVDIAB,0,0,0,0,0,0,0,0,0,0,0,0,0,0,0,0,0,0,0,0,0,0,0,0,0,0,0,0,0,0,0,0,0,0,0,0,0,0,0,0,0,0,0,0,0,0,0,0,0,0,22456053.68,0,0,22456053.68,0,0,22456053.68,0,0,22456053.68,0,0,22456053.68,0,0,22456053.68,0,0,22456053.68,0,0,22456053.68,0,0,22456053.68,0,0,22456053.68,0,0,22456053.68,0,0,22456053.68,0,0,22456053.68,0,0,22456053.68,0,0,22456053.68,0,0,22456053.68,0,0,22456053.68,0,0,22456053.68,0,0,22456053.68,0,0,22456053.68,0,0,22456053.68,0,0,22456053.68,0,0,22456053.68,0,0,22456053.68,0,0,22456053.68,0,0,22456053.68,0,0,22456053.68,0,0,22456053.68,0,0,22456053.68,0,0,22456053.68,0,0,22456053.68,0,0,22456053.68,0,0,22456053.68,0,0,22456053.68,0,0,22456053.68,0,0,22456053.68,0,0,22456053.68,0,0,22456053.68,0,0,22456053.68,0,0,22456053.68,0,0,22456053.68,0,0,22456053.68,0,0,22456053.68,0,0,22456053.68,0,0,22456053.68,0,0,22456053.68,0,0,22456053.68,0,0,22456053.68
both_sexes,1,AstraZeneca,2021-03-01,COVDIAB,0,0,0,0,0,0,0,0,0,0,0,0,0,0,0,0,0,0,0,0,0,0,0,0,0,0,0,0,0,0,0,0,0,0,0,0,0,0,0,0,0,0,0,0,0,0,0,0,0,0,19248046.01,0,0,19248046.01,0,0,19248046.01,0,0,19248046.01,0,0,19248046.01,0,0,19248046.01,0,0,19248046.01,0,0,19248046.01,0,0,19248046.01,0,0,19248046.01,0,0,19248046.01,0,0,19248046.01,0,0,19248046.01,0,0,19248046.01,0,0,19248046.01,0,0,19248046.01,0,0,19248046.01,0,0,19248046.01,0,0,19248046.01,0,0,19248046.01,0,0,19248046.01,0,0,19248046.01,0,0,19248046.01,0,0,19248046.01,0,0,19248046.01,0,0,19248046.01,0,0,19248046.01,0,0,19248046.01,0,0,19248046.01,0,0,19248046.01,0,0,19248046.01,0,0,19248046.01,0,0,19248046.01,0,0,19248046.01,0,0,19248046.01,0,0,19248046.01,0,0,19248046.01,0,0,19248046.01,0,0,19248046.01,0,0,19248046.01,0,0,19248046.01,0,0,19248046.01,0,0,19248046.01,0,0,19248046.01,0,0,19248046.01,0,0,19248046.01,0,0,19248046.01,0,0,19248046.01
both_sexes,1,AstraZeneca,2021-03-08,COVDIAB,0,0,0,0,0,0,0,0,0,0,0,0,0,0,0,0,0,0,0,0,0,0,0,0,0,0,0,0,0,0,0,0,0,0,0,0,0,0,0,0,0,0,0,0,0,0,0,0,0,0,19248046.01,0,0,19248046.01,0,0,19248046.01,0,0,19248046.01,0,0,19248046.01,0,0,19248046.01,0,0,19248046.01,0,0,19248046.01,0,0,19248046.01,0,0,19248046.01,0,0,19248046.01,0,0,19248046.01,0,0,19248046.01,0,0,19248046.01,0,0,19248046.01,0,0,19248046.01,0,0,19248046.01,0,0,19248046.01,0,0,19248046.01,0,0,19248046.01,0,0,19248046.01,0,0,19248046.01,0,0,19248046.01,0,0,19248046.01,0,0,19248046.01,0,0,19248046.01,0,0,19248046.01,0,0,19248046.01,0,0,19248046.01,0,0,19248046.01,0,0,19248046.01,0,0,19248046.01,0,0,19248046.01,0,0,19248046.01,0,0,19248046.01,0,0,19248046.01,0,0,19248046.01,0,0,19248046.01,0,0,19248046.01,0,0,19248046.01,0,0,19248046.01,0,0,19248046.01,0,0,19248046.01,0,0,19248046.01,0,0,19248046.01,0,0,19248046.01,0,0,19248046.01,0,0,19248046.01
both_sexes,1,AstraZeneca,2021-03-15,COVDIAB,0,0,0,0,0,0,0,0,0,0,0,0,0,0,0,0,0,0,0,0,0,0,0,0,0,0,0,0,0,0,0,0,0,0,0,0,0,0,0,0,0,0,0,0,0,0,0,0,0,0,14970702.45,0,0,14970702.45,0,0,14970702.45,0,0,16842040.26,0,0,14970702.45,0,0,14970702.45,0,0,14970702.45,0,0,16842040.26,0,0,14970702.45,0,0,14970702.45,0,0,14970702.45,0,0,14970702.45,0,0,14970702.45,0,0,14970702.45,0,0,14970702.45,0,0,14970702.45,0,0,14970702.45,0,0,14970702.45,0,0,14970702.45,0,0,14970702.45,0,0,14970702.45,0,0,14970702.45,0,0,14970702.45,0,0,14970702.45,0,0,14970702.45,0,0,14970702.45,0,0,14970702.45,0,0,14970702.45,0,0,14970702.45,0,0,14970702.45,0,0,14970702.45,0,0,14970702.45,0,0,14970702.45,0,0,14970702.45,0,0,14970702.45,0,0,14970702.45,0,0,14970702.45,0,0,14970702.45,0,0,14970702.45,0,0,14970702.45,0,0,16842040.26,0,0,14970702.45,0,0,14970702.45,0,0,14970702.45,0,0,14970702.45,0,0,14970702.45,0,0,14970702.45,0,0,14970702.45
both_sexes,2,AstraZeneca,2021-05-17,COVDIAB,0,0,0,0,0,0,0,0,0,0,0,0,0,0,0,0,0,0,0,0,0,0,0,0,0,0,0,0,0,0,0,0,0,0,0,0,0,0,0,0,0,0,0,0,0,0,0,0,0,0,67368161.03,0,0,67368161.03,0,0,67368161.03,0,0,67368161.03,0,0,67368161.03,0,0,67368161.03,0,0,67368161.03,0,0,67368161.03,0,0,67368161.03,0,0,67368161.03,0,0,67368161.03,0,0,67368161.03,0,0,67368161.03,0,0,67368161.03,0,0,67368161.03,0,0,67368161.03,0,0,67368161.03,0,0,67368161.03,0,0,67368161.03,0,0,67368161.03,0,0,67368161.03,0,0,67368161.03,0,0,67368161.03,0,0,67368161.03,0,0,67368161.03,0,0,67368161.03,0,0,67368161.03,0,0,67368161.03,0,0,67368161.03,0,0,67368161.03,0,0,67368161.03,0,0,67368161.03,0,0,67368161.03,0,0,67368161.03,0,0,67368161.03,0,0,67368161.03,0,0,67368161.03,0,0,67368161.03,0,0,67368161.03,0,0,67368161.03,0,0,67368161.03,0,0,67368161.03,0,0,67368161.03,0,0,67368161.03,0,0,67368161.03,0,0,67368161.03,0,0,67368161.03,0,0,67368161.03
both_sexes,2,AstraZeneca,2021-05-24,COVDIAB,0,0,0,0,0,0,0,0,0,0,0,0,0,0,0,0,0,0,0,0,0,0,0,0,0,0,0,0,0,0,0,0,0,0,0,0,0,0,0,0,0,0,0,0,0,0,0,0,0,0,19248046.01,0,0,19248046.01,0,0,19248046.01,0,0,19248046.01,0,0,19248046.01,0,0,19248046.01,0,0,19248046.01,0,0,19248046.01,0,0,19248046.01,0,0,19248046.01,0,0,19248046.01,0,0,19248046.01,0,0,19248046.01,0,0,19248046.01,0,0,19248046.01,0,0,19248046.01,0,0,19248046.01,0,0,19248046.01,0,0,19248046.01,0,0,19248046.01,0,0,19248046.01,0,0,19248046.01,0,0,19248046.01,0,0,19248046.01,0,0,19248046.01,0,0,19248046.01,0,0,19248046.01,0,0,19248046.01,0,0,19248046.01,0,0,19248046.01,0,0,19248046.01,0,0,19248046.01,0,0,19248046.01,0,0,19248046.01,0,0,19248046.01,0,0,19248046.01,0,0,19248046.01,0,0,19248046.01,0,0,19248046.01,0,0,19248046.01,0,0,19248046.01,0,0,19248046.01,0,0,19248046.01,0,0,19248046.01,0,0,19248046.01,0,0,19248046.01,0,0,19248046.01,0,0,19248046.01
both_sexes,2,AstraZeneca,2021-05-31,COVDIAB,0,0,0,0,0,0,0,0,0,0,0,0,0,0,0,0,0,0,0,0,0,0,0,0,0,0,0,0,0,0,0,0,0,0,0,0,0,0,0,0,0,0,0,0,0,0,0,0,0,0,19248046.01,0,0,19248046.01,0,0,19248046.01,0,0,19248046.01,0,0,19248046.01,0,0,19248046.01,0,0,19248046.01,0,0,19248046.01,0,0,19248046.01,0,0,19248046.01,0,0,19248046.01,0,0,19248046.01,0,0,19248046.01,0,0,19248046.01,0,0,19248046.01,0,0,19248046.01,0,0,19248046.01,0,0,19248046.01,0,0,19248046.01,0,0,19248046.01,0,0,19248046.01,0,0,19248046.01,0,0,19248046.01,0,0,19248046.01,0,0,19248046.01,0,0,19248046.01,0,0,19248046.01,0,0,19248046.01,0,0,19248046.01,0,0,19248046.01,0,0,19248046.01,0,0,19248046.01,0,0,19248046.01,0,0,19248046.01,0,0,19248046.01,0,0,19248046.01,0,0,19248046.01,0,0,19248046.01,0,0,19248046.01,0,0,19248046.01,0,0,19248046.01,0,0,19248046.01,0,0,19248046.01,0,0,19248046.01,0,0,19248046.01,0,0,19248046.01,0,0,19248046.01,0,0,19248046.01
both_sexes,2,AstraZeneca,2021-06-07,COVDIAB,0,0,0,0,0,0,0,0,0,0,0,0,0,0,0,0,0,0,0,0,0,0,0,0,0,0,0,0,0,0,0,0,0,0,0,0,0,0,0,0,0,0,0,0,0,0,0,0,0,0,13473632.21,0,0,13473632.21,0,0,13473632.21,0,0,13473632.21,0,0,13473632.21,0,0,13473632.21,0,0,13473632.21,0,0,13473632.21,0,0,13473632.21,0,0,13473632.21,0,0,13473632.21,0,0,13473632.21,0,0,13473632.21,0,0,13473632.21,0,0,13473632.21,0,0,13473632.21,0,0,13473632.21,0,0,13473632.21,0,0,13473632.21,0,0,13473632.21,0,0,13473632.21,0,0,13473632.21,0,0,13473632.21,0,0,13473632.21,0,0,13473632.21,0,0,13473632.21,0,0,13473632.21,0,0,13473632.21,0,0,13473632.21,0,0,13473632.21,0,0,13473632.21,0,0,13473632.21,0,0,13473632.21,0,0,13473632.21,0,0,13473632.21,0,0,13473632.21,0,0,13473632.21,0,0,13473632.21,0,0,13473632.21,0,0,13473632.21,0,0,13473632.21,0,0,13473632.21,0,0,13473632.21,0,0,13473632.21,0,0,13473632.21,0,0,13473632.21,0,0,13473632.21,0,0,13473632.21
both_sexes,0,0,2020-01-06,COVOBES,0,0,0,0,0,0,0,0,0,0,0,0,0,0,0,0,0,0,0,0,0,0,0,0,0,0,0,0,0,0,0,0,0,0,0,0,0,0,0,0,0,0,0,0,0,0,0,0,0,0,1192356.83,0,0,1192356.83,0,0,1192356.83,0,0,1271097.38,0,0,1749822.36,0,0,2138671.78,0,0,1192356.83,0,0,1464525.24,0,0,1480618.92,0,0,1480618.92,0,0,1192356.83,0,0,1192356.83,0,0,1192356.83,0,0,1192356.83,0,0,1192356.83,0,0,1192356.83,0,0,1360972.95,0,0,1360972.95,0,0,1192356.83,0,0,1192356.83,0,0,1192356.83,0,0,1192356.83,0,0,1192356.83,0,0,1192356.83,0,0,1192356.83,0,0,1192356.83,0,0,1192356.83,0,0,1192356.83,0,0,1192356.83,0,0,1192356.83,0,0,1192356.83,0,0,1192356.83,0,0,1192356.83,0,0,1192356.83,0,0,1192356.83,0,0,1192356.83,0,0,1192356.83,0,0,1192356.83,0,0,1192356.83,0,0,1192356.83,0,0,1749822.36,0,0,1192356.83,0,0,1192356.83,0,0,1192356.83,0,0,1192356.83,0,0,1192356.83,0,0,1192356.83,0,0,1192356.83
both_sexes,0,0,2020-01-13,COVOBES,0,0,0,0,0,0,0,0,0,0,0,0,0,0,0,0,0,0,0,0,0,0,0,0,0,0,0,0,0,0,0,0,0,0,0,0,0,0,0,0,0,0,0,0,0,0,0,0,0,0,1203002.88,0,0,1203002.88,0,0,1203002.88,0,0,1283203.07,0,0,1749822.36,0,0,2138671.78,0,0,1203002.88,0,0,1480618.92,0,0,1480618.92,0,0,1480618.92,0,0,1203002.88,0,0,1203002.88,0,0,1203002.88,0,0,1203002.88,0,0,1203002.88,0,0,1203002.88,0,0,1374860.43,0,0,1374860.43,0,0,1203002.88,0,0,1203002.88,0,0,1203002.88,0,0,1203002.88,0,0,1203002.88,0,0,1203002.88,0,0,1203002.88,0,0,1203002.88,0,0,1203002.88,0,0,1203002.88,0,0,1203002.88,0,0,1203002.88,0,0,1203002.88,0,0,1203002.88,0,0,1203002.88,0,0,1203002.88,0,0,1203002.88,0,0,1203002.88,0,0,1203002.88,0,0,1203002.88,0,0,1203002.88,0,0,1203002.88,0,0,1749822.36,0,0,1203002.88,0,0,1203002.88,0,0,1203002.88,0,0,1203002.88,0,0,1203002.88,0,0,1203002.88,0,0,1203002.88
both_sexes,0,0,2020-01-20,COVOBES,0,0,0,0,0,0,0,0,0,0,0,0,0,0,0,0,0,0,0,0,0,0,0,0,0,0,0,0,0,0,0,0,0,0,0,0,0,0,0,0,0,0,0,0,0,0,0,0,0,0,1203002.88,0,0,1203002.88,0,0,1203002.88,0,0,1283203.07,0,0,1749822.36,0,0,2138671.78,0,0,1203002.88,0,0,1480618.92,0,0,1480618.92,0,0,1480618.92,0,0,1203002.88,0,0,1203002.88,0,0,1203002.88,0,0,1203002.88,0,0,1203002.88,0,0,1203002.88,0,0,1374860.43,0,0,1374860.43,0,0,1203002.88,0,0,1203002.88,0,0,1203002.88,0,0,1203002.88,0,0,1203002.88,0,0,1203002.88,0,0,1203002.88,0,0,1203002.88,0,0,1203002.88,0,0,1203002.88,0,0,1203002.88,0,0,1203002.88,0,0,1203002.88,0,0,1203002.88,0,0,1203002.88,0,0,1203002.88,0,0,1203002.88,0,0,1203002.88,0,0,1203002.88,0,0,1203002.88,0,0,1203002.88,0,0,1203002.88,0,0,1749822.36,0,0,1203002.88,0,0,1203002.88,0,0,1203002.88,0,0,1203002.88,0,0,1203002.88,0,0,1203002.88,0,0,1203002.88
both_sexes,0,0,2020-01-27,COVOBES,0,0,0,0,0,0,0,0,0,0,0,0,0,0,0,0,0,0,0,0,0,0,0,0,0,0,0,0,0,0,0,0,0,0,0,0,0,0,0,0,0,0,0,0,0,0,0,0,0,0,1203002.88,0,0,1203002.88,0,0,1203002.88,0,0,1283203.07,0,0,1749822.36,0,0,2138671.78,0,0,1203002.88,0,0,1480618.92,0,0,1480618.92,0,0,1480618.92,0,0,1203002.88,0,0,1203002.88,0,0,1203002.88,0,0,1203002.88,0,0,1203002.88,0,0,1203002.88,0,0,1374860.43,0,0,1374860.43,0,0,1203002.88,0,0,1203002.88,0,0,1203002.88,0,0,1203002.88,0,0,1203002.88,0,0,1203002.88,0,0,1203002.88,0,0,1203002.88,0,0,1203002.88,0,0,1203002.88,0,0,1203002.88,0,0,1203002.88,0,0,1203002.88,0,0,1203002.88,0,0,1203002.88,0,0,1203002.88,0,0,1203002.88,0,0,1203002.88,0,0,1203002.88,0,0,1203002.88,0,0,1203002.88,0,0,1203002.88,0,0,1749822.36,0,0,1203002.88,0,0,1203002.88,0,0,1203002.88,0,0,1203002.88,0,0,1203002.88,0,0,1203002.88,0,0,1203002.88
both_sexes,0,0,2020-02-03,COVOBES,0,0,0,0,0,0,0,0,0,0,0,0,0,0,0,0,0,0,0,0,0,0,0,0,0,0,0,0,0,0,0,0,0,0,0,0,0,1,0,0,0,0,0,0,0,0,0,0,0,0,1203002.88,0,0,1203002.88,0,0,1203002.88,0,0,1283203.07,0,0,1749822.36,0,0,2138671.78,0,0,1203002.88,0,0,1480618.92,0,0,1480618.92,0,0,1480618.92,0,0,1203002.88,0,0,1203002.88,0,0,1203002.88,0,0,1203002.88,0,0,1203002.88,0,0,1203002.88,0,0,1374860.43,0,0,1374860.43,0,0,1203002.88,0,0,1203002.88,0,0,1203002.88,0,0,1203002.88,0,0,1203002.88,0,0,1203002.88,0,0,1203002.88,0,0,1203002.88,0,0,1203002.88,0,0,1203002.88,0,0,1203002.88,0,0,1203002.88,0,0,1203002.88,0,0,1203002.88,0,0,1203002.88,0,0,1203002.88,0,0,1203002.88,0,0,1203002.88,0,0,1203002.88,0,0,1203002.88,0,0,1203002.88,0,0,1203002.88,474350.65,12009.52,2642912.66,0,0,1203002.88,0,0,1203002.88,0,0,1203002.88,0,0,1203002.88,0,0,1203002.88,0,0,1203002.88,0,0,1203002.88
both_sexes,0,0,2020-02-10,COVOBES,0,0,0,0,0,0,0,0,0,0,0,0,0,0,0,0,0,0,0,0,0,0,0,0,0,0,0,0,0,0,0,0,0,0,0,0,0,0,0,0,0,0,0,0,0,0,0,0,0,0,1203002.88,0,0,1203002.88,0,0,1203002.88,0,0,1283203.07,0,0,1749822.36,0,0,2138671.78,0,0,1203002.88,0,0,1480618.92,0,0,1480618.92,0,0,1480618.92,0,0,1203002.88,0,0,1203002.88,0,0,1203002.88,0,0,1203002.88,0,0,1203002.88,0,0,1203002.88,0,0,1374860.43,0,0,1374860.43,0,0,1203002.88,0,0,1203002.88,0,0,1203002.88,0,0,1203002.88,0,0,1203002.88,0,0,1203002.88,0,0,1203002.88,0,0,1203002.88,0,0,1203002.88,0,0,1203002.88,0,0,1203002.88,0,0,1203002.88,0,0,1203002.88,0,0,1203002.88,0,0,1203002.88,0,0,1203002.88,0,0,1203002.88,0,0,1203002.88,0,0,1203002.88,0,0,1203002.88,0,0,1203002.88,0,0,1203002.88,0,0,1924804.6,0,0,1203002.88,0,0,1203002.88,0,0,1203002.88,0,0,1203002.88,0,0,1203002.88,0,0,1203002.88,0,0,1203002.88
both_sexes,0,0,2020-02-17,COVOBES,0,0,0,0,0,0,0,1,0,0,0,0,0,0,0,0,0,0,0,0,0,0,0,0,0,0,0,0,0,0,0,0,0,0,0,0,0,0,0,0,0,0,0,0,0,0,0,0,0,0,1203002.88,0,0,1203002.88,0,0,1203002.88,0,0,1283203.07,0,0,1749822.36,0,0,2138671.78,0,0,1203002.88,419827.59,10629.11,2339129.6,0,0,1480618.92,0,0,1480618.92,0,0,1203002.88,0,0,1203002.88,0,0,1203002.88,0,0,1203002.88,0,0,1203002.88,0,0,1203002.88,0,0,1374860.43,0,0,1374860.43,0,0,1203002.88,0,0,1203002.88,0,0,1203002.88,0,0,1203002.88,0,0,1203002.88,0,0,1203002.88,0,0,1203002.88,0,0,1203002.88,0,0,1203002.88,0,0,1203002.88,0,0,1203002.88,0,0,1203002.88,0,0,1203002.88,0,0,1203002.88,0,0,1203002.88,0,0,1203002.88,0,0,1203002.88,0,0,1203002.88,0,0,1203002.88,0,0,1203002.88,0,0,1203002.88,0,0,1203002.88,0,0,1924804.6,0,0,1203002.88,0,0,1203002.88,0,0,1203002.88,0,0,1203002.88,0,0,1203002.88,0,0,1203002.88,0,0,1203002.88
both_sexes,0,0,2020-02-24,COVOBES,0,0,0,0,0,0,0,0,0,0,0,0,0,0,0,0,0,0,0,0,0,0,0,0,0,0,0,0,0,0,0,0,0,0,0,0,0,0,0,0,0,0,0,0,0,0,0,0,0,0,1224875.66,0,0,1224875.66,0,0,1224875.66,0,0,1308119.63,0,0,1796484.29,0,0,2208792.16,0,0,1224875.66,0,0,1643125.88,0,0,1513891.26,0,0,1513891.26,0,0,1224875.66,0,0,1224875.66,0,0,1224875.66,0,0,1224875.66,0,0,1224875.66,0,0,1224875.66,0,0,1403503.35,0,0,1403503.35,0,0,1224875.66,0,0,1224875.66,0,0,1224875.66,0,0,1224875.66,0,0,1224875.66,0,0,1224875.66,0,0,1224875.66,0,0,1224875.66,0,0,1224875.66,0,0,1224875.66,0,0,1224875.66,0,0,1224875.66,0,0,1224875.66,0,0,1224875.66,0,0,1224875.66,0,0,1224875.66,0,0,1224875.66,0,0,1224875.66,0,0,1224875.66,0,0,1224875.66,0,0,1224875.66,0,0,1224875.66,0,0,1981416.5,0,0,1224875.66,0,0,1224875.66,0,0,1224875.66,0,0,1224875.66,0,0,1224875.66,0,0,1224875.66,0,0,1224875.66
both_sexes,0,0,2020-03-02,COVOBES,0,0,0,0,0,0,0,0,0,0,0,0,0,0,0,0,0,0,0,0,0,0,0,0,0,0,0,0,0,0,0,0,0,0,0,0,0,0,0,0,0,0,0,0,0,0,0,0,0,0,1283203.07,0,0,1283203.07,0,0,1283203.07,0,0,1374860.43,0,0,1924804.6,0,0,2406005.75,0,0,1283203.07,0,0,1749822.36,0,0,1604003.83,0,0,1604003.83,0,0,1283203.07,0,0,1283203.07,0,0,1283203.07,0,0,1283203.07,0,0,1283203.07,0,0,1283203.07,0,0,1480618.92,0,0,1480618.92,0,0,1283203.07,0,0,1283203.07,0,0,1283203.07,0,0,1283203.07,0,0,1283203.07,0,0,1283203.07,0,0,1283203.07,0,0,1283203.07,0,0,1283203.07,0,0,1283203.07,0,0,1283203.07,0,0,1283203.07,0,0,1283203.07,0,0,1283203.07,0,0,1283203.07,0,0,1283203.07,0,0,1283203.07,0,0,1283203.07,0,0,1283203.07,0,0,1283203.07,0,0,1283203.07,0,0,1283203.07,0,0,2138671.78,0,0,1283203.07,0,0,1283203.07,0,0,1283203.07,0,0,1283203.07,0,0,1283203.07,0,0,1283203.07,0,0,1283203.07
both_sexes,0,0,2020-03-09,COVOBES,0,0,0,0,0,0,0,0,0,0,0,0,0,0,0,0,0,0,0,0,0,0,0,0,0,0,0,0,0,0,0,0,0,0,0,0,0,0,0,0,0,0,0,0,0,0,0,0,0,0,1283203.07,0,0,1283203.07,0,0,1283203.07,0,0,1374860.43,0,0,1924804.6,0,0,2406005.75,0,0,1283203.07,0,0,1749822.36,0,0,1604003.83,0,0,1604003.83,0,0,1283203.07,0,0,1283203.07,0,0,1283203.07,0,0,1283203.07,0,0,1283203.07,0,0,1283203.07,0,0,1480618.92,0,0,1480618.92,0,0,1283203.07,0,0,1283203.07,0,0,1283203.07,0,0,1283203.07,0,0,1283203.07,0,0,1283203.07,0,0,1283203.07,0,0,1283203.07,0,0,1283203.07,0,0,1283203.07,0,0,1283203.07,0,0,1283203.07,0,0,1283203.07,0,0,1283203.07,0,0,1283203.07,0,0,1283203.07,0,0,1283203.07,0,0,1283203.07,0,0,1283203.07,0,0,1283203.07,0,0,1283203.07,0,0,1283203.07,0,0,2138671.78,0,0,1283203.07,0,0,1283203.07,0,0,1283203.07,0,0,1283203.07,0,0,1283203.07,0,0,1283203.07,0,0,1283203.07
both_sexes,0,0,2020-03-16,COVOBES,0,0,0,0,0,0,0,0,0,0,0,0,0,0,0,0,0,0,0,0,0,0,0,0,0,0,0,0,0,0,0,0,0,0,0,0,0,0,0,0,0,0,0,0,0,0,0,0,0,0,1283203.07,0,0,1283203.07,0,0,1283203.07,0,0,1374860.43,0,0,1924804.6,0,0,2406005.75,0,0,1283203.07,0,0,1749822.36,0,0,1604003.83,0,0,1604003.83,0,0,1283203.07,0,0,1283203.07,0,0,1283203.07,0,0,1283203.07,0,0,1283203.07,0,0,1283203.07,0,0,1480618.92,0,0,1480618.92,0,0,1283203.07,0,0,1283203.07,0,0,1283203.07,0,0,1283203.07,0,0,1283203.07,0,0,1283203.07,0,0,1283203.07,0,0,1283203.07,0,0,1283203.07,0,0,1283203.07,0,0,1283203.07,0,0,1283203.07,0,0,1283203.07,0,0,1283203.07,0,0,1283203.07,0,0,1283203.07,0,0,1283203.07,0,0,1283203.07,0,0,1283203.07,0,0,1283203.07,0,0,1283203.07,0,0,1283203.07,0,0,2138671.78,0,0,1283203.07,0,0,1283203.07,0,0,1283203.07,0,0,1283203.07,0,0,1283203.07,0,0,1283203.07,0,0,1283203.07
both_sexes,0,0,2020-03-23,COVOBES,0,0,0,0,0,0,0,0,0,0,0,0,0,0,0,0,0,0,0,0,0,0,0,0,0,0,0,0,0,0,0,0,0,0,0,0,0,1,0,0,0,0,0,0,0,0,0,0,0,0,1283203.07,0,0,1283203.07,0,0,1283203.07,0,0,1374860.43,0,0,1924804.6,0,0,2406005.75,0,0,1283203.07,0,0,1749822.36,0,0,1604003.83,0,0,1604003.83,0,0,1283203.07,0,0,1283203.07,0,0,1283203.07,0,0,1283203.07,0,0,1283203.07,0,0,1283203.07,0,0,1480618.92,0,0,1480618.92,0,0,1283203.07,0,0,1283203.07,0,0,1283203.07,0,0,1283203.07,0,0,1283203.07,0,0,1283203.07,0,0,1283203.07,0,0,1283203.07,0,0,1283203.07,0,0,1283203.07,0,0,1283203.07,0,0,1283203.07,0,0,1283203.07,0,0,1283203.07,0,0,1283203.07,0,0,1283203.07,0,0,1283203.07,0,0,1283203.07,0,0,1283203.07,0,0,1283203.07,0,0,1283203.07,0,0,1283203.07,589112.9,14915.05,3282327.01,0,0,1283203.07,0,0,1283203.07,0,0,1283203.07,0,0,1283203.07,0,0,1283203.07,0,0,1283203.07,0,0,1283203.07
both_sexes,0,0,2020-03-30,COVOBES,0,0,0,0,0,0,0,0,0,0,0,0,0,0,0,0,0,0,0,0,0,0,0,0,0,0,0,0,0,0,0,0,0,0,0,0,0,0,0,0,0,0,0,0,0,0,0,0,0,0,1283203.07,0,0,1283203.07,0,0,1283203.07,0,0,1374860.43,0,0,1924804.6,0,0,2406005.75,0,0,1283203.07,0,0,1749822.36,0,0,1604003.83,0,0,1604003.83,0,0,1283203.07,0,0,1283203.07,0,0,1283203.07,0,0,1283203.07,0,0,1283203.07,0,0,1283203.07,0,0,1480618.92,0,0,1480618.92,0,0,1283203.07,0,0,1283203.07,0,0,1283203.07,0,0,1283203.07,0,0,1283203.07,0,0,1283203.07,0,0,1283203.07,0,0,1283203.07,0,0,1283203.07,0,0,1283203.07,0,0,1283203.07,0,0,1283203.07,0,0,1283203.07,0,0,1283203.07,0,0,1283203.07,0,0,1283203.07,0,0,1283203.07,0,0,1283203.07,0,0,1283203.07,0,0,1283203.07,0,0,1283203.07,0,0,1283203.07,0,0,2406005.75,0,0,1283203.07,0,0,1283203.07,0,0,1283203.07,0,0,1283203.07,0,0,1283203.07,0,0,1283203.07,0,0,1283203.07
both_sexes,0,0,2020-04-06,COVOBES,0,0,0,0,0,0,0,0,0,0,0,0,0,0,0,0,0,0,0,0,0,0,0,0,0,0,0,0,0,0,0,0,0,0,0,0,0,0,0,0,0,0,0,0,0,0,0,0,0,0,1283203.07,0,0,1283203.07,0,0,1283203.07,0,0,1374860.43,0,0,1924804.6,0,0,2406005.75,0,0,1283203.07,0,0,1749822.36,0,0,1604003.83,0,0,1604003.83,0,0,1283203.07,0,0,1283203.07,0,0,1283203.07,0,0,1283203.07,0,0,1283203.07,0,0,1283203.07,0,0,1480618.92,0,0,1480618.92,0,0,1283203.07,0,0,1283203.07,0,0,1283203.07,0,0,1283203.07,0,0,1283203.07,0,0,1283203.07,0,0,1283203.07,0,0,1283203.07,0,0,1283203.07,0,0,1283203.07,0,0,1283203.07,0,0,1283203.07,0,0,1283203.07,0,0,1283203.07,0,0,1283203.07,0,0,1283203.07,0,0,1283203.07,0,0,1283203.07,0,0,1283203.07,0,0,1283203.07,0,0,1283203.07,0,0,1283203.07,0,0,2406005.75,0,0,1283203.07,0,0,1283203.07,0,0,1283203.07,0,0,1283203.07,0,0,1283203.07,0,0,1283203.07,0,0,1283203.07
both_sexes,0,0,2020-04-13,COVOBES,0,0,0,0,0,0,0,0,0,0,0,0,0,0,0,0,0,0,0,0,0,0,0,0,0,0,0,0,0,0,0,0,0,0,0,0,0,0,0,0,0,0,0,0,0,0,0,0,0,0,1283203.07,0,0,1283203.07,0,0,1283203.07,0,0,1374860.43,0,0,1924804.6,0,0,2406005.75,0,0,1283203.07,0,0,1749822.36,0,0,1604003.83,0,0,1604003.83,0,0,1283203.07,0,0,1283203.07,0,0,1283203.07,0,0,1283203.07,0,0,1283203.07,0,0,1283203.07,0,0,1480618.92,0,0,1480618.92,0,0,1283203.07,0,0,1283203.07,0,0,1283203.07,0,0,1283203.07,0,0,1283203.07,0,0,1283203.07,0,0,1283203.07,0,0,1283203.07,0,0,1283203.07,0,0,1283203.07,0,0,1283203.07,0,0,1283203.07,0,0,1283203.07,0,0,1283203.07,0,0,1283203.07,0,0,1283203.07,0,0,1283203.07,0,0,1283203.07,0,0,1283203.07,0,0,1283203.07,0,0,1283203.07,0,0,1283203.07,0,0,2406005.75,0,0,1283203.07,0,0,1283203.07,0,0,1283203.07,0,0,1283203.07,0,0,1283203.07,0,0,1283203.07,0,0,1283203.07
both_sexes,0,0,2020-04-20,COVOBES,0,0,0,0,0,0,0,0,0,0,0,0,0,0,0,0,0,0,0,0,0,0,0,0,0,0,0,0,0,0,0,0,0,0,0,0,0,0,0,0,0,0,0,0,0,0,0,0,0,0,1283203.07,0,0,1283203.07,0,0,1283203.07,0,0,1374860.43,0,0,1924804.6,0,0,2406005.75,0,0,1283203.07,0,0,1749822.36,0,0,1604003.83,0,0,1604003.83,0,0,1283203.07,0,0,1283203.07,0,0,1283203.07,0,0,1283203.07,0,0,1283203.07,0,0,1283203.07,0,0,1480618.92,0,0,1480618.92,0,0,1283203.07,0,0,1283203.07,0,0,1283203.07,0,0,1283203.07,0,0,1283203.07,0,0,1283203.07,0,0,1283203.07,0,0,1283203.07,0,0,1283203.07,0,0,1283203.07,0,0,1283203.07,0,0,1283203.07,0,0,1283203.07,0,0,1283203.07,0,0,1283203.07,0,0,1283203.07,0,0,1283203.07,0,0,1283203.07,0,0,1283203.07,0,0,1283203.07,0,0,1283203.07,0,0,1283203.07,0,0,2406005.75,0,0,1283203.07,0,0,1283203.07,0,0,1283203.07,0,0,1283203.07,0,0,1283203.07,0,0,1283203.07,0,0,1283203.07
both_sexes,0,0,2020-04-27,COVOBES,0,0,0,0,0,0,0,0,0,0,0,0,0,0,0,0,0,0,0,0,0,0,0,0,0,0,0,0,0,0,0,0,0,0,0,0,0,0,0,0,0,0,0,0,0,0,0,0,0,0,1283203.07,0,0,1283203.07,0,0,1283203.07,0,0,1374860.43,0,0,1924804.6,0,0,2406005.75,0,0,1283203.07,0,0,1749822.36,0,0,1604003.83,0,0,1604003.83,0,0,1283203.07,0,0,1283203.07,0,0,1283203.07,0,0,1283203.07,0,0,1283203.07,0,0,1283203.07,0,0,1480618.92,0,0,1480618.92,0,0,1283203.07,0,0,1283203.07,0,0,1283203.07,0,0,1283203.07,0,0,1283203.07,0,0,1283203.07,0,0,1283203.07,0,0,1283203.07,0,0,1283203.07,0,0,1283203.07,0,0,1283203.07,0,0,1283203.07,0,0,1283203.07,0,0,1283203.07,0,0,1283203.07,0,0,1283203.07,0,0,1283203.07,0,0,1283203.07,0,0,1283203.07,0,0,1283203.07,0,0,1283203.07,0,0,1283203.07,0,0,2406005.75,0,0,1283203.07,0,0,1283203.07,0,0,1283203.07,0,0,1283203.07,0,0,1283203.07,0,0,1283203.07,0,0,1283203.07
both_sexes,0,0,2020-05-04,COVOBES,0,0,0,0,0,0,0,0,0,0,0,0,0,0,0,0,0,0,0,0,0,0,0,0,0,0,0,0,0,0,0,0,0,0,0,0,0,0,0,0,0,0,0,0,0,0,0,0,0,0,1283203.07,0,0,1283203.07,0,0,1283203.07,0,0,1374860.43,0,0,1924804.6,0,0,2406005.75,0,0,1283203.07,0,0,1749822.36,0,0,1604003.83,0,0,1604003.83,0,0,1283203.07,0,0,1283203.07,0,0,1283203.07,0,0,1283203.07,0,0,1283203.07,0,0,1283203.07,0,0,1480618.92,0,0,1480618.92,0,0,1283203.07,0,0,1283203.07,0,0,1283203.07,0,0,1283203.07,0,0,1283203.07,0,0,1283203.07,0,0,1283203.07,0,0,1283203.07,0,0,1283203.07,0,0,1283203.07,0,0,1283203.07,0,0,1283203.07,0,0,1283203.07,0,0,1283203.07,0,0,1283203.07,0,0,1283203.07,0,0,1283203.07,0,0,1283203.07,0,0,1283203.07,0,0,1283203.07,0,0,1283203.07,0,0,1283203.07,0,0,2406005.75,0,0,1283203.07,0,0,1283203.07,0,0,1283203.07,0,0,1283203.07,0,0,1283203.07,0,0,1283203.07,0,0,1283203.07
both_sexes,0,0,2020-05-11,COVOBES,0,0,0,0,0,0,0,0,0,0,0,0,0,0,0,0,0,0,0,0,0,0,0,0,0,0,0,0,0,0,0,0,0,0,0,0,0,0,0,0,0,0,0,0,0,0,0,0,0,0,1283203.07,0,0,1283203.07,0,0,1283203.07,0,0,1374860.43,0,0,1924804.6,0,0,2406005.75,0,0,1283203.07,0,0,1749822.36,0,0,1604003.83,0,0,1604003.83,0,0,1283203.07,0,0,1283203.07,0,0,1283203.07,0,0,1283203.07,0,0,1283203.07,0,0,1283203.07,0,0,1480618.92,0,0,1480618.92,0,0,1283203.07,0,0,1283203.07,0,0,1283203.07,0,0,1283203.07,0,0,1283203.07,0,0,1283203.07,0,0,1283203.07,0,0,1283203.07,0,0,1283203.07,0,0,1283203.07,0,0,1283203.07,0,0,1283203.07,0,0,1283203.07,0,0,1283203.07,0,0,1283203.07,0,0,1283203.07,0,0,1283203.07,0,0,1283203.07,0,0,1283203.07,0,0,1283203.07,0,0,1283203.07,0,0,1283203.07,0,0,2406005.75,0,0,1283203.07,0,0,1283203.07,0,0,1283203.07,0,0,1283203.07,0,0,1283203.07,0,0,1283203.07,0,0,1283203.07
both_sexes,0,0,2020-05-18,COVOBES,0,0,0,0,0,0,0,0,0,0,0,0,0,0,0,0,0,0,0,0,0,0,0,0,0,0,0,0,0,0,0,0,0,0,0,0,0,0,0,0,0,0,0,0,0,0,0,0,0,0,1283203.07,0,0,1283203.07,0,0,1283203.07,0,0,1374860.43,0,0,1924804.6,0,0,2406005.75,0,0,1283203.07,0,0,1749822.36,0,0,1604003.83,0,0,1604003.83,0,0,1283203.07,0,0,1283203.07,0,0,1283203.07,0,0,1283203.07,0,0,1283203.07,0,0,1283203.07,0,0,1480618.92,0,0,1480618.92,0,0,1283203.07,0,0,1283203.07,0,0,1283203.07,0,0,1283203.07,0,0,1283203.07,0,0,1283203.07,0,0,1283203.07,0,0,1283203.07,0,0,1283203.07,0,0,1283203.07,0,0,1283203.07,0,0,1283203.07,0,0,1283203.07,0,0,1283203.07,0,0,1283203.07,0,0,1283203.07,0,0,1283203.07,0,0,1283203.07,0,0,1283203.07,0,0,1283203.07,0,0,1283203.07,0,0,1283203.07,0,0,2406005.75,0,0,1283203.07,0,0,1283203.07,0,0,1283203.07,0,0,1283203.07,0,0,1283203.07,0,0,1283203.07,0,0,1283203.07
both_sexes,0,0,2020-05-25,COVOBES,0,0,0,0,0,0,0,0,0,0,0,0,0,0,0,0,0,0,0,0,0,0,0,0,0,0,0,0,0,0,0,0,0,0,0,0,0,0,0,0,0,0,0,0,0,0,0,0,0,0,1283203.07,0,0,1283203.07,0,0,1283203.07,0,0,1374860.43,0,0,1924804.6,0,0,2406005.75,0,0,1283203.07,0,0,1749822.36,0,0,1604003.83,0,0,1604003.83,0,0,1283203.07,0,0,1283203.07,0,0,1283203.07,0,0,1283203.07,0,0,1283203.07,0,0,1283203.07,0,0,1480618.92,0,0,1480618.92,0,0,1283203.07,0,0,1283203.07,0,0,1283203.07,0,0,1283203.07,0,0,1283203.07,0,0,1283203.07,0,0,1283203.07,0,0,1283203.07,0,0,1283203.07,0,0,1283203.07,0,0,1283203.07,0,0,1283203.07,0,0,1283203.07,0,0,1283203.07,0,0,1283203.07,0,0,1283203.07,0,0,1283203.07,0,0,1283203.07,0,0,1283203.07,0,0,1283203.07,0,0,1283203.07,0,0,1283203.07,0,0,2406005.75,0,0,1283203.07,0,0,1283203.07,0,0,1283203.07,0,0,1283203.07,0,0,1283203.07,0,0,1283203.07,0,0,1283203.07
both_sexes,0,0,2020-06-01,COVOBES,0,0,0,0,0,0,0,0,0,0,0,0,0,0,0,0,0,0,0,0,0,0,0,0,0,0,0,0,0,0,0,0,0,0,0,0,0,0,0,0,0,0,0,0,0,0,0,0,0,0,1283203.07,0,0,1283203.07,0,0,1283203.07,0,0,1374860.43,0,0,1924804.6,0,0,2406005.75,0,0,1283203.07,0,0,1749822.36,0,0,1604003.83,0,0,1604003.83,0,0,1283203.07,0,0,1283203.07,0,0,1283203.07,0,0,1283203.07,0,0,1283203.07,0,0,1283203.07,0,0,1480618.92,0,0,1480618.92,0,0,1283203.07,0,0,1283203.07,0,0,1283203.07,0,0,1283203.07,0,0,1283203.07,0,0,1283203.07,0,0,1283203.07,0,0,1283203.07,0,0,1283203.07,0,0,1283203.07,0,0,1283203.07,0,0,1283203.07,0,0,1283203.07,0,0,1283203.07,0,0,1283203.07,0,0,1283203.07,0,0,1283203.07,0,0,1283203.07,0,0,1283203.07,0,0,1283203.07,0,0,1283203.07,0,0,1283203.07,0,0,2406005.75,0,0,1283203.07,0,0,1283203.07,0,0,1283203.07,0,0,1283203.07,0,0,1283203.07,0,0,1283203.07,0,0,1283203.07
both_sexes,0,0,2020-06-08,COVOBES,0,0,0,0,0,0,0,0,0,0,0,0,0,0,0,0,0,0,0,0,0,0,0,0,0,0,0,0,0,0,0,0,0,0,0,0,0,0,0,0,0,0,0,0,0,0,0,0,0,0,1283203.07,0,0,1283203.07,0,0,1283203.07,0,0,1374860.43,0,0,1924804.6,0,0,2406005.75,0,0,1283203.07,0,0,1749822.36,0,0,1604003.83,0,0,1604003.83,0,0,1283203.07,0,0,1283203.07,0,0,1283203.07,0,0,1283203.07,0,0,1283203.07,0,0,1283203.07,0,0,1480618.92,0,0,1480618.92,0,0,1283203.07,0,0,1283203.07,0,0,1283203.07,0,0,1283203.07,0,0,1283203.07,0,0,1283203.07,0,0,1283203.07,0,0,1283203.07,0,0,1283203.07,0,0,1283203.07,0,0,1283203.07,0,0,1283203.07,0,0,1283203.07,0,0,1283203.07,0,0,1283203.07,0,0,1283203.07,0,0,1283203.07,0,0,1283203.07,0,0,1283203.07,0,0,1283203.07,0,0,1283203.07,0,0,1283203.07,0,0,2406005.75,0,0,1283203.07,0,0,1283203.07,0,0,1283203.07,0,0,1283203.07,0,0,1283203.07,0,0,1283203.07,0,0,1283203.07
both_sexes,0,0,2020-06-15,COVOBES,0,0,0,0,0,0,0,0,0,0,0,0,0,0,0,0,0,0,0,0,0,0,0,0,0,0,0,0,0,0,0,0,0,0,0,0,0,0,0,0,0,0,0,0,0,0,0,0,0,0,1283203.07,0,0,1283203.07,0,0,1283203.07,0,0,1374860.43,0,0,1924804.6,0,0,2406005.75,0,0,1283203.07,0,0,1749822.36,0,0,1604003.83,0,0,1604003.83,0,0,1283203.07,0,0,1283203.07,0,0,1283203.07,0,0,1283203.07,0,0,1283203.07,0,0,1283203.07,0,0,1480618.92,0,0,1480618.92,0,0,1283203.07,0,0,1283203.07,0,0,1283203.07,0,0,1283203.07,0,0,1283203.07,0,0,1283203.07,0,0,1283203.07,0,0,1283203.07,0,0,1283203.07,0,0,1283203.07,0,0,1283203.07,0,0,1283203.07,0,0,1283203.07,0,0,1283203.07,0,0,1283203.07,0,0,1283203.07,0,0,1283203.07,0,0,1283203.07,0,0,1283203.07,0,0,1283203.07,0,0,1283203.07,0,0,1283203.07,0,0,2406005.75,0,0,1283203.07,0,0,1283203.07,0,0,1283203.07,0,0,1283203.07,0,0,1283203.07,0,0,1283203.07,0,0,1283203.07
both_sexes,0,0,2020-06-22,COVOBES,0,0,0,0,0,0,0,0,0,0,0,0,0,0,0,0,0,0,0,0,0,0,0,0,0,0,0,0,0,0,0,0,0,0,0,0,0,0,0,0,0,0,0,0,0,0,0,0,0,0,1283203.07,0,0,1283203.07,0,0,1283203.07,0,0,1374860.43,0,0,1924804.6,0,0,2406005.75,0,0,1283203.07,0,0,1749822.36,0,0,1604003.83,0,0,1604003.83,0,0,1283203.07,0,0,1283203.07,0,0,1283203.07,0,0,1283203.07,0,0,1283203.07,0,0,1283203.07,0,0,1480618.92,0,0,1480618.92,0,0,1283203.07,0,0,1283203.07,0,0,1283203.07,0,0,1283203.07,0,0,1283203.07,0,0,1283203.07,0,0,1283203.07,0,0,1283203.07,0,0,1283203.07,0,0,1283203.07,0,0,1283203.07,0,0,1283203.07,0,0,1283203.07,0,0,1283203.07,0,0,1283203.07,0,0,1283203.07,0,0,1283203.07,0,0,1283203.07,0,0,1283203.07,0,0,1283203.07,0,0,1283203.07,0,0,1283203.07,0,0,2406005.75,0,0,1283203.07,0,0,1283203.07,0,0,1283203.07,0,0,1283203.07,0,0,1283203.07,0,0,1283203.07,0,0,1283203.07
both_sexes,0,0,2020-06-29,COVOBES,0,0,0,0,0,0,0,0,0,0,0,0,0,0,0,0,0,0,0,0,0,0,0,0,0,0,0,0,0,0,0,0,0,0,0,0,0,0,0,0,0,0,0,0,0,0,0,0,0,0,1283203.07,0,0,1283203.07,0,0,1283203.07,0,0,1374860.43,0,0,1924804.6,0,0,2406005.75,0,0,1283203.07,0,0,1749822.36,0,0,1604003.83,0,0,1604003.83,0,0,1283203.07,0,0,1283203.07,0,0,1283203.07,0,0,1283203.07,0,0,1283203.07,0,0,1283203.07,0,0,1480618.92,0,0,1480618.92,0,0,1283203.07,0,0,1283203.07,0,0,1283203.07,0,0,1283203.07,0,0,1283203.07,0,0,1283203.07,0,0,1283203.07,0,0,1283203.07,0,0,1283203.07,0,0,1283203.07,0,0,1283203.07,0,0,1283203.07,0,0,1283203.07,0,0,1283203.07,0,0,1283203.07,0,0,1283203.07,0,0,1283203.07,0,0,1283203.07,0,0,1283203.07,0,0,1283203.07,0,0,1283203.07,0,0,1283203.07,0,0,2406005.75,0,0,1283203.07,0,0,1283203.07,0,0,1283203.07,0,0,1283203.07,0,0,1283203.07,0,0,1283203.07,0,0,1283203.07
both_sexes,0,0,2020-07-06,COVOBES,0,0,0,0,0,0,0,0,0,0,0,0,0,0,0,0,0,0,0,0,0,0,0,0,0,0,0,0,0,0,1,1,0,0,0,0,0,0,0,0,0,0,1,1,0,0,0,0,0,0,1283203.07,0,0,1283203.07,0,0,1283203.07,0,0,1374860.43,0,0,1924804.6,0,0,2406005.75,0,0,1283203.07,0,0,1749822.36,0,0,1604003.83,0,0,1604003.83,0,0,1283203.07,0,0,1283203.07,0,0,1283203.07,0,0,1283203.07,0,0,1283203.07,0,0,1283203.07,0,0,1480618.92,0,0,1480618.92,0,0,1283203.07,0,0,1283203.07,0,0,1283203.07,0,0,1283203.07,0,0,1283203.07,0,0,1283203.07,0,0,1283203.07,0,0,1283203.07,0,0,1283203.07,0,0,1283203.07,0,0,1283203.07,0,0,1283203.07,0,0,1283203.07,0,0,1283203.07,0,0,1283203.07,361633.66,9155.77,2014893.81,361633.66,9155.77,2014893.81,0,0,1283203.07,0,0,1283203.07,0,0,1283203.07,0,0,1283203.07,0,0,1283203.07,0,0,2406005.75,0,0,1283203.07,0,0,1283203.07,0,0,1283203.07,0,0,1283203.07,361633.66,9155.77,2014893.81,361633.66,9155.77,2014893.81,0,0,1283203.07
both_sexes,0,0,2020-07-13,COVOBES,0,0,0,0,0,0,0,0,0,0,0,0,0,0,0,0,0,0,0,0,0,0,0,0,0,0,0,0,0,0,0,0,0,0,0,0,0,0,0,0,0,0,0,0,0,0,0,0,0,0,1283203.07,0,0,1283203.07,0,0,1283203.07,0,0,1374860.43,0,0,1924804.6,0,0,2406005.75,0,0,1283203.07,0,0,1749822.36,0,0,1604003.83,0,0,1604003.83,0,0,1283203.07,0,0,1283203.07,0,0,1283203.07,0,0,1283203.07,0,0,1283203.07,0,0,1283203.07,0,0,1480618.92,0,0,1480618.92,0,0,1283203.07,0,0,1283203.07,0,0,1283203.07,0,0,1283203.07,0,0,1283203.07,0,0,1283203.07,0,0,1283203.07,0,0,1283203.07,0,0,1283203.07,0,0,1283203.07,0,0,1283203.07,0,0,1283203.07,0,0,1283203.07,0,0,1283203.07,0,0,1283203.07,0,0,1374860.43,0,0,1374860.43,0,0,1283203.07,0,0,1283203.07,0,0,1283203.07,0,0,1283203.07,0,0,1283203.07,0,0,2406005.75,0,0,1283203.07,0,0,1283203.07,0,0,1283203.07,0,0,1283203.07,0,0,1374860.43,0,0,1374860.43,0,0,1283203.07
both_sexes,0,0,2020-07-20,COVOBES,0,0,0,0,0,0,0,0,0,0,0,0,0,0,0,0,0,0,0,0,0,0,0,0,0,0,0,0,0,0,0,0,0,0,0,0,0,0,0,0,0,0,0,0,0,0,0,0,0,0,1283203.07,0,0,1283203.07,0,0,1283203.07,0,0,1374860.43,0,0,1924804.6,0,0,2406005.75,0,0,1283203.07,0,0,1749822.36,0,0,1604003.83,0,0,1604003.83,0,0,1283203.07,0,0,1283203.07,0,0,1283203.07,0,0,1283203.07,0,0,1283203.07,0,0,1283203.07,0,0,1480618.92,0,0,1480618.92,0,0,1283203.07,0,0,1283203.07,0,0,1283203.07,0,0,1283203.07,0,0,1283203.07,0,0,1283203.07,0,0,1283203.07,0,0,1283203.07,0,0,1283203.07,0,0,1283203.07,0,0,1283203.07,0,0,1283203.07,0,0,1283203.07,0,0,1283203.07,0,0,1283203.07,0,0,1374860.43,0,0,1374860.43,0,0,1283203.07,0,0,1283203.07,0,0,1283203.07,0,0,1283203.07,0,0,1283203.07,0,0,2406005.75,0,0,1283203.07,0,0,1283203.07,0,0,1283203.07,0,0,1283203.07,0,0,1374860.43,0,0,1374860.43,0,0,1283203.07
both_sexes,0,0,2020-07-27,COVOBES,0,0,0,0,0,0,0,0,0,0,0,0,0,0,0,0,0,0,0,0,0,0,0,0,0,0,0,0,0,0,0,0,0,0,0,0,0,0,0,0,0,0,0,0,0,0,0,0,0,0,1283203.07,0,0,1283203.07,0,0,1283203.07,0,0,1374860.43,0,0,1924804.6,0,0,2406005.75,0,0,1283203.07,0,0,1749822.36,0,0,1604003.83,0,0,1604003.83,0,0,1283203.07,0,0,1283203.07,0,0,1283203.07,0,0,1283203.07,0,0,1283203.07,0,0,1283203.07,0,0,1480618.92,0,0,1480618.92,0,0,1283203.07,0,0,1283203.07,0,0,1283203.07,0,0,1283203.07,0,0,1283203.07,0,0,1283203.07,0,0,1283203.07,0,0,1283203.07,0,0,1283203.07,0,0,1283203.07,0,0,1283203.07,0,0,1283203.07,0,0,1283203.07,0,0,1283203.07,0,0,1283203.07,0,0,1374860.43,0,0,1374860.43,0,0,1283203.07,0,0,1283203.07,0,0,1283203.07,0,0,1283203.07,0,0,1283203.07,0,0,2406005.75,0,0,1283203.07,0,0,1283203.07,0,0,1283203.07,0,0,1283203.07,0,0,1374860.43,0,0,1374860.43,0,0,1283203.07
both_sexes,0,0,2020-08-03,COVOBES,0,0,0,0,0,0,0,0,0,0,0,0,0,0,0,0,0,0,0,0,0,0,0,0,0,0,0,0,0,0,0,0,0,0,0,0,0,0,0,0,0,0,0,0,0,0,0,0,0,0,1283203.07,0,0,1283203.07,0,0,1283203.07,0,0,1374860.43,0,0,1924804.6,0,0,2406005.75,0,0,1283203.07,0,0,1749822.36,0,0,1604003.83,0,0,1604003.83,0,0,1283203.07,0,0,1283203.07,0,0,1283203.07,0,0,1283203.07,0,0,1283203.07,0,0,1283203.07,0,0,1480618.92,0,0,1480618.92,0,0,1283203.07,0,0,1283203.07,0,0,1283203.07,0,0,1283203.07,0,0,1283203.07,0,0,1283203.07,0,0,1283203.07,0,0,1283203.07,0,0,1283203.07,0,0,1283203.07,0,0,1283203.07,0,0,1283203.07,0,0,1283203.07,0,0,1283203.07,0,0,1283203.07,0,0,1374860.43,0,0,1374860.43,0,0,1283203.07,0,0,1283203.07,0,0,1283203.07,0,0,1283203.07,0,0,1283203.07,0,0,2406005.75,0,0,1283203.07,0,0,1283203.07,0,0,1283203.07,0,0,1283203.07,0,0,1374860.43,0,0,1374860.43,0,0,1283203.07
both_sexes,0,0,2020-08-10,COVOBES,0,0,0,0,0,0,0,0,0,0,0,0,0,0,0,0,0,0,0,0,0,0,0,0,0,0,0,0,0,0,0,0,0,0,0,0,0,0,0,0,0,0,0,0,0,0,0,0,0,0,1283203.07,0,0,1283203.07,0,0,1283203.07,0,0,1374860.43,0,0,1924804.6,0,0,2406005.75,0,0,1283203.07,0,0,1749822.36,0,0,1604003.83,0,0,1604003.83,0,0,1283203.07,0,0,1283203.07,0,0,1283203.07,0,0,1283203.07,0,0,1283203.07,0,0,1283203.07,0,0,1480618.92,0,0,1480618.92,0,0,1283203.07,0,0,1283203.07,0,0,1283203.07,0,0,1283203.07,0,0,1283203.07,0,0,1283203.07,0,0,1283203.07,0,0,1283203.07,0,0,1283203.07,0,0,1283203.07,0,0,1283203.07,0,0,1283203.07,0,0,1283203.07,0,0,1283203.07,0,0,1283203.07,0,0,1374860.43,0,0,1374860.43,0,0,1283203.07,0,0,1283203.07,0,0,1283203.07,0,0,1283203.07,0,0,1283203.07,0,0,2406005.75,0,0,1283203.07,0,0,1283203.07,0,0,1283203.07,0,0,1283203.07,0,0,1374860.43,0,0,1374860.43,0,0,1283203.07
both_sexes,0,0,2020-08-17,COVOBES,0,0,0,0,0,0,0,0,0,0,0,0,0,0,0,0,0,0,0,0,0,0,0,0,0,0,0,0,0,0,0,0,0,0,0,0,0,0,0,0,0,0,0,0,0,0,0,0,0,0,1283203.07,0,0,1283203.07,0,0,1283203.07,0,0,1374860.43,0,0,1924804.6,0,0,2406005.75,0,0,1283203.07,0,0,1749822.36,0,0,1604003.83,0,0,1604003.83,0,0,1283203.07,0,0,1283203.07,0,0,1283203.07,0,0,1283203.07,0,0,1283203.07,0,0,1283203.07,0,0,1480618.92,0,0,1480618.92,0,0,1283203.07,0,0,1283203.07,0,0,1283203.07,0,0,1283203.07,0,0,1283203.07,0,0,1283203.07,0,0,1283203.07,0,0,1283203.07,0,0,1283203.07,0,0,1283203.07,0,0,1283203.07,0,0,1283203.07,0,0,1283203.07,0,0,1283203.07,0,0,1283203.07,0,0,1374860.43,0,0,1374860.43,0,0,1283203.07,0,0,1283203.07,0,0,1283203.07,0,0,1283203.07,0,0,1283203.07,0,0,2406005.75,0,0,1283203.07,0,0,1283203.07,0,0,1283203.07,0,0,1283203.07,0,0,1374860.43,0,0,1374860.43,0,0,1283203.07
both_sexes,0,0,2020-08-24,COVOBES,0,0,0,0,0,0,0,0,0,0,0,0,0,0,0,0,0,0,0,0,0,0,0,0,0,0,0,0,0,0,0,0,0,0,0,0,0,0,0,0,0,0,0,0,0,0,0,0,0,0,1283203.07,0,0,1283203.07,0,0,1283203.07,0,0,1374860.43,0,0,1924804.6,0,0,2406005.75,0,0,1283203.07,0,0,1749822.36,0,0,1604003.83,0,0,1604003.83,0,0,1283203.07,0,0,1283203.07,0,0,1283203.07,0,0,1283203.07,0,0,1283203.07,0,0,1283203.07,0,0,1480618.92,0,0,1480618.92,0,0,1283203.07,0,0,1283203.07,0,0,1283203.07,0,0,1283203.07,0,0,1283203.07,0,0,1283203.07,0,0,1283203.07,0,0,1283203.07,0,0,1283203.07,0,0,1283203.07,0,0,1283203.07,0,0,1283203.07,0,0,1283203.07,0,0,1283203.07,0,0,1283203.07,0,0,1374860.43,0,0,1374860.43,0,0,1283203.07,0,0,1283203.07,0,0,1283203.07,0,0,1283203.07,0,0,1283203.07,0,0,2406005.75,0,0,1283203.07,0,0,1283203.07,0,0,1283203.07,0,0,1283203.07,0,0,1374860.43,0,0,1374860.43,0,0,1283203.07
both_sexes,0,0,2020-08-31,COVOBES,0,0,0,0,0,0,0,0,0,0,0,0,0,0,0,0,0,0,0,0,0,0,0,0,0,0,0,0,0,0,0,0,0,0,0,0,0,0,0,0,0,0,0,0,0,0,0,0,0,0,1283203.07,0,0,1283203.07,0,0,1283203.07,0,0,1374860.43,0,0,1924804.6,0,0,2406005.75,0,0,1283203.07,0,0,1749822.36,0,0,1604003.83,0,0,1604003.83,0,0,1283203.07,0,0,1283203.07,0,0,1283203.07,0,0,1283203.07,0,0,1283203.07,0,0,1283203.07,0,0,1480618.92,0,0,1480618.92,0,0,1283203.07,0,0,1283203.07,0,0,1283203.07,0,0,1283203.07,0,0,1283203.07,0,0,1283203.07,0,0,1283203.07,0,0,1283203.07,0,0,1283203.07,0,0,1283203.07,0,0,1283203.07,0,0,1283203.07,0,0,1283203.07,0,0,1283203.07,0,0,1283203.07,0,0,1374860.43,0,0,1374860.43,0,0,1283203.07,0,0,1283203.07,0,0,1283203.07,0,0,1283203.07,0,0,1283203.07,0,0,2406005.75,0,0,1283203.07,0,0,1283203.07,0,0,1283203.07,0,0,1283203.07,0,0,1374860.43,0,0,1374860.43,0,0,1283203.07
both_sexes,0,0,2020-09-07,COVOBES,0,0,0,0,0,0,0,0,0,0,0,0,0,0,0,0,0,0,0,0,0,0,0,0,0,0,0,0,0,0,0,0,0,0,0,0,0,0,0,0,0,0,0,0,0,0,0,0,0,0,1283203.07,0,0,1283203.07,0,0,1283203.07,0,0,1374860.43,0,0,1924804.6,0,0,2406005.75,0,0,1283203.07,0,0,1749822.36,0,0,1604003.83,0,0,1604003.83,0,0,1283203.07,0,0,1283203.07,0,0,1283203.07,0,0,1283203.07,0,0,1283203.07,0,0,1283203.07,0,0,1480618.92,0,0,1480618.92,0,0,1283203.07,0,0,1283203.07,0,0,1283203.07,0,0,1283203.07,0,0,1283203.07,0,0,1283203.07,0,0,1283203.07,0,0,1283203.07,0,0,1283203.07,0,0,1283203.07,0,0,1283203.07,0,0,1283203.07,0,0,1283203.07,0,0,1283203.07,0,0,1283203.07,0,0,1374860.43,0,0,1374860.43,0,0,1283203.07,0,0,1283203.07,0,0,1283203.07,0,0,1283203.07,0,0,1283203.07,0,0,2406005.75,0,0,1283203.07,0,0,1283203.07,0,0,1283203.07,0,0,1283203.07,0,0,1374860.43,0,0,1374860.43,0,0,1283203.07
both_sexes,0,0,2020-09-14,COVOBES,0,0,0,0,0,0,0,0,0,0,0,0,0,0,0,0,0,0,0,0,0,0,0,0,0,0,0,0,0,0,0,0,0,0,0,0,0,0,0,0,0,0,0,0,0,0,0,0,0,0,1283203.07,0,0,1283203.07,0,0,1283203.07,0,0,1374860.43,0,0,1924804.6,0,0,2406005.75,0,0,1283203.07,0,0,1749822.36,0,0,1604003.83,0,0,1604003.83,0,0,1283203.07,0,0,1283203.07,0,0,1283203.07,0,0,1283203.07,0,0,1283203.07,0,0,1283203.07,0,0,1480618.92,0,0,1480618.92,0,0,1283203.07,0,0,1283203.07,0,0,1283203.07,0,0,1283203.07,0,0,1283203.07,0,0,1283203.07,0,0,1283203.07,0,0,1283203.07,0,0,1283203.07,0,0,1283203.07,0,0,1283203.07,0,0,1283203.07,0,0,1283203.07,0,0,1283203.07,0,0,1283203.07,0,0,1374860.43,0,0,1374860.43,0,0,1283203.07,0,0,1283203.07,0,0,1283203.07,0,0,1283203.07,0,0,1283203.07,0,0,2406005.75,0,0,1283203.07,0,0,1283203.07,0,0,1283203.07,0,0,1283203.07,0,0,1374860.43,0,0,1374860.43,0,0,1283203.07
both_sexes,0,0,2020-09-21,COVOBES,0,0,0,0,0,0,0,0,0,0,0,0,0,0,0,0,0,0,0,0,0,0,0,0,0,0,0,0,0,0,0,0,0,0,0,0,0,0,0,0,0,0,0,0,0,0,0,0,0,0,1283203.07,0,0,1283203.07,0,0,1283203.07,0,0,1374860.43,0,0,1924804.6,0,0,2406005.75,0,0,1283203.07,0,0,1749822.36,0,0,1604003.83,0,0,1604003.83,0,0,1283203.07,0,0,1283203.07,0,0,1283203.07,0,0,1283203.07,0,0,1283203.07,0,0,1283203.07,0,0,1480618.92,0,0,1480618.92,0,0,1283203.07,0,0,1283203.07,0,0,1283203.07,0,0,1283203.07,0,0,1283203.07,0,0,1283203.07,0,0,1283203.07,0,0,1283203.07,0,0,1283203.07,0,0,1283203.07,0,0,1283203.07,0,0,1283203.07,0,0,1283203.07,0,0,1283203.07,0,0,1283203.07,0,0,1374860.43,0,0,1374860.43,0,0,1283203.07,0,0,1283203.07,0,0,1283203.07,0,0,1283203.07,0,0,1283203.07,0,0,2406005.75,0,0,1283203.07,0,0,1283203.07,0,0,1283203.07,0,0,1283203.07,0,0,1374860.43,0,0,1374860.43,0,0,1283203.07
both_sexes,0,0,2020-09-28,COVOBES,0,0,0,0,0,0,0,0,0,0,0,0,0,0,0,0,0,0,0,0,0,0,0,0,0,0,0,0,0,0,0,0,0,0,0,0,0,0,0,0,0,0,0,0,0,0,0,0,0,0,1283203.07,0,0,1283203.07,0,0,1283203.07,0,0,1374860.43,0,0,1924804.6,0,0,2406005.75,0,0,1283203.07,0,0,1749822.36,0,0,1604003.83,0,0,1604003.83,0,0,1283203.07,0,0,1283203.07,0,0,1283203.07,0,0,1283203.07,0,0,1283203.07,0,0,1283203.07,0,0,1480618.92,0,0,1480618.92,0,0,1283203.07,0,0,1283203.07,0,0,1283203.07,0,0,1283203.07,0,0,1283203.07,0,0,1283203.07,0,0,1283203.07,0,0,1283203.07,0,0,1283203.07,0,0,1283203.07,0,0,1283203.07,0,0,1283203.07,0,0,1283203.07,0,0,1283203.07,0,0,1283203.07,0,0,1374860.43,0,0,1374860.43,0,0,1283203.07,0,0,1283203.07,0,0,1283203.07,0,0,1283203.07,0,0,1283203.07,0,0,2406005.75,0,0,1283203.07,0,0,1283203.07,0,0,1283203.07,0,0,1283203.07,0,0,1374860.43,0,0,1374860.43,0,0,1283203.07
both_sexes,0,0,2020-10-05,COVOBES,0,0,0,0,0,0,0,0,0,0,0,0,0,0,0,0,0,0,0,0,0,0,0,0,0,0,0,0,0,0,0,0,0,0,0,0,0,0,0,0,0,0,0,0,0,0,0,0,0,0,1283203.07,0,0,1283203.07,0,0,1283203.07,0,0,1374860.43,0,0,1924804.6,0,0,2406005.75,0,0,1283203.07,0,0,1749822.36,0,0,1604003.83,0,0,1604003.83,0,0,1283203.07,0,0,1283203.07,0,0,1283203.07,0,0,1283203.07,0,0,1283203.07,0,0,1283203.07,0,0,1480618.92,0,0,1480618.92,0,0,1283203.07,0,0,1283203.07,0,0,1283203.07,0,0,1283203.07,0,0,1283203.07,0,0,1283203.07,0,0,1283203.07,0,0,1283203.07,0,0,1283203.07,0,0,1283203.07,0,0,1283203.07,0,0,1283203.07,0,0,1283203.07,0,0,1283203.07,0,0,1283203.07,0,0,1374860.43,0,0,1374860.43,0,0,1283203.07,0,0,1283203.07,0,0,1283203.07,0,0,1283203.07,0,0,1283203.07,0,0,2406005.75,0,0,1283203.07,0,0,1283203.07,0,0,1283203.07,0,0,1283203.07,0,0,1374860.43,0,0,1374860.43,0,0,1283203.07
both_sexes,0,0,2020-10-12,COVOBES,0,0,0,0,0,0,0,0,0,0,0,0,0,0,0,0,0,0,0,0,0,0,0,0,0,0,0,0,0,0,0,0,0,0,0,0,0,0,0,0,0,0,0,0,0,0,0,0,0,0,1283203.07,0,0,1283203.07,0,0,1283203.07,0,0,1374860.43,0,0,1924804.6,0,0,2406005.75,0,0,1283203.07,0,0,1749822.36,0,0,1604003.83,0,0,1604003.83,0,0,1283203.07,0,0,1283203.07,0,0,1283203.07,0,0,1283203.07,0,0,1283203.07,0,0,1283203.07,0,0,1480618.92,0,0,1480618.92,0,0,1283203.07,0,0,1283203.07,0,0,1283203.07,0,0,1283203.07,0,0,1283203.07,0,0,1283203.07,0,0,1283203.07,0,0,1283203.07,0,0,1283203.07,0,0,1283203.07,0,0,1283203.07,0,0,1283203.07,0,0,1283203.07,0,0,1283203.07,0,0,1283203.07,0,0,1374860.43,0,0,1374860.43,0,0,1283203.07,0,0,1283203.07,0,0,1283203.07,0,0,1283203.07,0,0,1283203.07,0,0,2406005.75,0,0,1283203.07,0,0,1283203.07,0,0,1283203.07,0,0,1283203.07,0,0,1374860.43,0,0,1374860.43,0,0,1283203.07
both_sexes,0,0,2020-10-19,COVOBES,0,0,0,0,0,0,0,0,0,0,0,0,0,0,0,0,0,0,0,0,0,0,0,0,0,0,0,0,0,0,0,0,0,0,0,0,0,0,0,0,0,0,0,0,0,0,0,0,0,0,1283203.07,0,0,1283203.07,0,0,1283203.07,0,0,1374860.43,0,0,1924804.6,0,0,2406005.75,0,0,1283203.07,0,0,1749822.36,0,0,1604003.83,0,0,1604003.83,0,0,1283203.07,0,0,1283203.07,0,0,1283203.07,0,0,1283203.07,0,0,1283203.07,0,0,1283203.07,0,0,1480618.92,0,0,1480618.92,0,0,1283203.07,0,0,1283203.07,0,0,1283203.07,0,0,1283203.07,0,0,1283203.07,0,0,1283203.07,0,0,1283203.07,0,0,1283203.07,0,0,1283203.07,0,0,1283203.07,0,0,1283203.07,0,0,1283203.07,0,0,1283203.07,0,0,1283203.07,0,0,1283203.07,0,0,1374860.43,0,0,1374860.43,0,0,1283203.07,0,0,1283203.07,0,0,1283203.07,0,0,1283203.07,0,0,1283203.07,0,0,2406005.75,0,0,1283203.07,0,0,1283203.07,0,0,1283203.07,0,0,1283203.07,0,0,1374860.43,0,0,1374860.43,0,0,1283203.07
both_sexes,0,0,2020-10-26,COVOBES,0,0,0,0,0,0,0,0,0,0,0,0,0,0,0,0,0,1,0,0,0,0,0,0,0,0,0,0,0,0,0,0,0,0,0,0,0,0,0,0,0,0,0,0,0,0,0,0,0,0,1283203.07,0,0,1283203.07,0,0,1283203.07,0,0,1374860.43,0,0,1924804.6,0,0,2406005.75,0,0,1283203.07,0,0,1749822.36,0,0,1604003.83,0,0,1604003.83,0,0,1283203.07,0,0,1283203.07,0,0,1283203.07,0,0,1283203.07,0,0,1283203.07,0,0,1283203.07,0,0,1480618.92,424709.3,10752.71,2366328.78,0,0,1283203.07,0,0,1283203.07,0,0,1283203.07,0,0,1283203.07,0,0,1283203.07,0,0,1283203.07,0,0,1283203.07,0,0,1283203.07,0,0,1283203.07,0,0,1283203.07,0,0,1283203.07,0,0,1283203.07,0,0,1283203.07,0,0,1283203.07,0,0,1283203.07,0,0,1374860.43,0,0,1374860.43,0,0,1283203.07,0,0,1283203.07,0,0,1283203.07,0,0,1283203.07,0,0,1283203.07,0,0,2406005.75,0,0,1283203.07,0,0,1283203.07,0,0,1283203.07,0,0,1283203.07,0,0,1374860.43,0,0,1374860.43,0,0,1283203.07
both_sexes,0,0,2020-11-02,COVOBES,0,0,0,0,0,0,0,0,0,0,0,0,0,0,0,0,0,0,0,0,0,0,0,0,0,0,0,0,0,0,0,0,0,0,0,0,0,0,0,0,0,0,0,0,0,0,0,0,0,0,1283203.07,0,0,1283203.07,0,0,1283203.07,0,0,1374860.43,0,0,1924804.6,0,0,2406005.75,0,0,1283203.07,0,0,1749822.36,0,0,1604003.83,0,0,1604003.83,0,0,1283203.07,0,0,1283203.07,0,0,1283203.07,0,0,1283203.07,0,0,1283203.07,0,0,1283203.07,0,0,1480618.92,0,0,1604003.83,0,0,1283203.07,0,0,1283203.07,0,0,1283203.07,0,0,1283203.07,0,0,1283203.07,0,0,1283203.07,0,0,1283203.07,0,0,1283203.07,0,0,1283203.07,0,0,1283203.07,0,0,1283203.07,0,0,1283203.07,0,0,1283203.07,0,0,1283203.07,0,0,1283203.07,0,0,1374860.43,0,0,1374860.43,0,0,1283203.07,0,0,1283203.07,0,0,1283203.07,0,0,1283203.07,0,0,1283203.07,0,0,2406005.75,0,0,1283203.07,0,0,1283203.07,0,0,1283203.07,0,0,1283203.07,0,0,1374860.43,0,0,1374860.43,0,0,1283203.07
both_sexes,0,0,2020-11-09,COVOBES,0,0,0,0,0,0,0,0,0,0,0,0,0,0,0,0,0,0,0,0,0,0,0,0,0,0,0,0,0,0,0,0,0,0,0,0,0,0,0,0,0,0,0,0,0,0,0,0,0,0,1283203.07,0,0,1283203.07,0,0,1283203.07,0,0,1374860.43,0,0,1924804.6,0,0,2406005.75,0,0,1283203.07,0,0,1749822.36,0,0,1604003.83,0,0,1604003.83,0,0,1283203.07,0,0,1283203.07,0,0,1283203.07,0,0,1283203.07,0,0,1283203.07,0,0,1283203.07,0,0,1480618.92,0,0,1604003.83,0,0,1283203.07,0,0,1283203.07,0,0,1283203.07,0,0,1283203.07,0,0,1283203.07,0,0,1283203.07,0,0,1283203.07,0,0,1283203.07,0,0,1283203.07,0,0,1283203.07,0,0,1283203.07,0,0,1283203.07,0,0,1283203.07,0,0,1283203.07,0,0,1283203.07,0,0,1374860.43,0,0,1374860.43,0,0,1283203.07,0,0,1283203.07,0,0,1283203.07,0,0,1283203.07,0,0,1283203.07,0,0,2406005.75,0,0,1283203.07,0,0,1283203.07,0,0,1283203.07,0,0,1283203.07,0,0,1374860.43,0,0,1374860.43,0,0,1283203.07
both_sexes,0,0,2020-11-16,COVOBES,0,0,0,0,0,0,0,0,0,0,0,0,0,0,0,0,0,0,0,0,0,0,0,0,0,0,0,0,0,0,0,0,0,0,0,0,0,0,0,0,0,0,0,0,0,0,0,0,0,0,1283203.07,0,0,1283203.07,0,0,1283203.07,0,0,1374860.43,0,0,1924804.6,0,0,2406005.75,0,0,1283203.07,0,0,1749822.36,0,0,1604003.83,0,0,1604003.83,0,0,1283203.07,0,0,1283203.07,0,0,1283203.07,0,0,1283203.07,0,0,1283203.07,0,0,1283203.07,0,0,1480618.92,0,0,1604003.83,0,0,1283203.07,0,0,1283203.07,0,0,1283203.07,0,0,1283203.07,0,0,1283203.07,0,0,1283203.07,0,0,1283203.07,0,0,1283203.07,0,0,1283203.07,0,0,1283203.07,0,0,1283203.07,0,0,1283203.07,0,0,1283203.07,0,0,1283203.07,0,0,1283203.07,0,0,1374860.43,0,0,1374860.43,0,0,1283203.07,0,0,1283203.07,0,0,1283203.07,0,0,1283203.07,0,0,1283203.07,0,0,2406005.75,0,0,1283203.07,0,0,1283203.07,0,0,1283203.07,0,0,1283203.07,0,0,1374860.43,0,0,1374860.43,0,0,1283203.07
both_sexes,0,0,2020-11-23,COVOBES,0,0,0,0,0,0,0,0,0,0,0,0,0,0,0,0,0,0,0,0,0,0,0,0,0,0,0,0,0,0,0,0,0,0,0,0,0,0,0,0,0,0,0,0,0,0,0,0,0,0,1283203.07,0,0,1283203.07,0,0,1283203.07,0,0,1374860.43,0,0,1924804.6,0,0,2406005.75,0,0,1283203.07,0,0,1749822.36,0,0,1604003.83,0,0,1604003.83,0,0,1283203.07,0,0,1283203.07,0,0,1283203.07,0,0,1283203.07,0,0,1283203.07,0,0,1283203.07,0,0,1480618.92,0,0,1604003.83,0,0,1283203.07,0,0,1283203.07,0,0,1283203.07,0,0,1283203.07,0,0,1283203.07,0,0,1283203.07,0,0,1283203.07,0,0,1283203.07,0,0,1283203.07,0,0,1283203.07,0,0,1283203.07,0,0,1283203.07,0,0,1283203.07,0,0,1283203.07,0,0,1283203.07,0,0,1374860.43,0,0,1374860.43,0,0,1283203.07,0,0,1283203.07,0,0,1283203.07,0,0,1283203.07,0,0,1283203.07,0,0,2406005.75,0,0,1283203.07,0,0,1283203.07,0,0,1283203.07,0,0,1283203.07,0,0,1374860.43,0,0,1374860.43,0,0,1283203.07
both_sexes,0,0,2020-11-30,COVOBES,0,0,0,0,0,0,0,0,0,0,0,0,0,0,0,0,0,0,0,0,0,0,0,0,0,0,0,0,0,0,0,0,0,0,0,0,0,1,0,0,0,0,0,0,0,0,0,0,0,0,1283203.07,0,0,1283203.07,0,0,1283203.07,0,0,1374860.43,0,0,1924804.6,0,0,2406005.75,0,0,1283203.07,0,0,1749822.36,0,0,1604003.83,0,0,1604003.83,0,0,1283203.07,0,0,1283203.07,0,0,1283203.07,0,0,1283203.07,0,0,1283203.07,0,0,1283203.07,0,0,1480618.92,0,0,1604003.83,0,0,1283203.07,0,0,1283203.07,0,0,1283203.07,0,0,1283203.07,0,0,1283203.07,0,0,1283203.07,0,0,1283203.07,0,0,1283203.07,0,0,1283203.07,0,0,1283203.07,0,0,1283203.07,0,0,1283203.07,0,0,1283203.07,0,0,1283203.07,0,0,1283203.07,0,0,1374860.43,0,0,1374860.43,0,0,1283203.07,0,0,1283203.07,0,0,1283203.07,0,0,1283203.07,0,0,1283203.07,702403.85,17783.33,3913543.75,0,0,1283203.07,0,0,1283203.07,0,0,1283203.07,0,0,1283203.07,0,0,1374860.43,0,0,1374860.43,0,0,1283203.07
both_sexes,0,0,2020-12-07,COVOBES,0,0,0,0,0,0,0,0,0,0,0,0,0,0,0,0,0,0,0,0,0,0,0,0,0,0,0,0,0,0,0,0,0,0,0,0,0,0,0,0,0,0,0,0,0,0,0,0,0,0,1283203.07,0,0,1283203.07,0,0,1283203.07,0,0,1374860.43,0,0,1924804.6,0,0,2406005.75,0,0,1283203.07,0,0,1749822.36,0,0,1604003.83,0,0,1604003.83,0,0,1283203.07,0,0,1283203.07,0,0,1283203.07,0,0,1283203.07,0,0,1283203.07,0,0,1283203.07,0,0,1480618.92,0,0,1604003.83,0,0,1283203.07,0,0,1283203.07,0,0,1283203.07,0,0,1283203.07,0,0,1283203.07,0,0,1283203.07,0,0,1283203.07,0,0,1283203.07,0,0,1283203.07,0,0,1283203.07,0,0,1283203.07,0,0,1283203.07,0,0,1283203.07,0,0,1283203.07,0,0,1283203.07,0,0,1374860.43,0,0,1374860.43,0,0,1283203.07,0,0,1283203.07,0,0,1283203.07,0,0,1283203.07,0,0,1283203.07,0,0,2749720.86,0,0,1283203.07,0,0,1283203.07,0,0,1283203.07,0,0,1283203.07,0,0,1374860.43,0,0,1374860.43,0,0,1283203.07
both_sexes,0,0,2020-12-14,COVOBES,0,0,0,0,0,0,0,0,0,0,0,0,0,0,0,0,0,0,0,0,0,0,0,0,0,0,0,0,0,0,0,0,0,0,0,0,0,0,0,0,0,0,0,0,0,0,0,0,0,0,1283203.07,0,0,1283203.07,0,0,1283203.07,0,0,1374860.43,0,0,1924804.6,0,0,2406005.75,0,0,1283203.07,0,0,1749822.36,0,0,1604003.83,0,0,1604003.83,0,0,1283203.07,0,0,1283203.07,0,0,1283203.07,0,0,1283203.07,0,0,1283203.07,0,0,1283203.07,0,0,1480618.92,0,0,1604003.83,0,0,1283203.07,0,0,1283203.07,0,0,1283203.07,0,0,1283203.07,0,0,1283203.07,0,0,1283203.07,0,0,1283203.07,0,0,1283203.07,0,0,1283203.07,0,0,1283203.07,0,0,1283203.07,0,0,1283203.07,0,0,1283203.07,0,0,1283203.07,0,0,1283203.07,0,0,1374860.43,0,0,1374860.43,0,0,1283203.07,0,0,1283203.07,0,0,1283203.07,0,0,1283203.07,0,0,1283203.07,0,0,2749720.86,0,0,1283203.07,0,0,1283203.07,0,0,1283203.07,0,0,1283203.07,0,0,1374860.43,0,0,1374860.43,0,0,1283203.07
both_sexes,0,0,2020-12-21,COVOBES,0,0,0,0,0,0,0,0,0,0,0,0,0,0,0,0,0,0,0,0,0,0,0,0,0,0,0,0,0,0,0,0,0,0,0,0,0,0,0,0,0,0,0,0,0,0,0,0,0,0,1283203.07,0,0,1283203.07,0,0,1283203.07,0,0,1374860.43,0,0,1924804.6,0,0,2406005.75,0,0,1283203.07,0,0,1749822.36,0,0,1604003.83,0,0,1604003.83,0,0,1283203.07,0,0,1283203.07,0,0,1283203.07,0,0,1283203.07,0,0,1283203.07,0,0,1283203.07,0,0,1480618.92,0,0,1604003.83,0,0,1283203.07,0,0,1283203.07,0,0,1283203.07,0,0,1283203.07,0,0,1283203.07,0,0,1283203.07,0,0,1283203.07,0,0,1283203.07,0,0,1283203.07,0,0,1283203.07,0,0,1283203.07,0,0,1283203.07,0,0,1283203.07,0,0,1283203.07,0,0,1283203.07,0,0,1374860.43,0,0,1374860.43,0,0,1283203.07,0,0,1283203.07,0,0,1283203.07,0,0,1283203.07,0,0,1283203.07,0,0,2749720.86,0,0,1283203.07,0,0,1283203.07,0,0,1283203.07,0,0,1283203.07,0,0,1374860.43,0,0,1374860.43,0,0,1283203.07
both_sexes,0,0,2020-12-28,COVOBES,0,0,0,0,0,0,0,0,0,0,0,0,0,0,0,0,0,0,0,0,0,0,0,0,0,0,0,0,0,0,0,0,0,0,0,0,0,0,0,0,0,0,0,0,0,0,0,0,0,0,1283203.07,0,0,1283203.07,0,0,1283203.07,0,0,1374860.43,0,0,1924804.6,0,0,2406005.75,0,0,1283203.07,0,0,1749822.36,0,0,1604003.83,0,0,1604003.83,0,0,1283203.07,0,0,1283203.07,0,0,1283203.07,0,0,1283203.07,0,0,1283203.07,0,0,1283203.07,0,0,1480618.92,0,0,1604003.83,0,0,1283203.07,0,0,1283203.07,0,0,1283203.07,0,0,1283203.07,0,0,1283203.07,0,0,1283203.07,0,0,1283203.07,0,0,1283203.07,0,0,1283203.07,0,0,1283203.07,0,0,1283203.07,0,0,1283203.07,0,0,1283203.07,0,0,1283203.07,0,0,1283203.07,0,0,1374860.43,0,0,1374860.43,0,0,1283203.07,0,0,1283203.07,0,0,1283203.07,0,0,1283203.07,0,0,1283203.07,0,0,2749720.86,0,0,1283203.07,0,0,1283203.07,0,0,1283203.07,0,0,1283203.07,0,0,1374860.43,0,0,1374860.43,0,0,1283203.07
both_sexes,0,0,2021-01-04,COVOBES,0,0,0,0,0,0,0,0,0,0,0,0,0,0,0,0,0,0,0,0,0,0,0,0,0,0,0,0,0,0,0,0,0,0,0,0,0,0,0,0,0,0,0,0,0,0,0,0,0,0,1295541.56,0,0,1295541.56,0,0,1295541.56,0,0,1389034.25,0,0,1952700.32,0,0,2449751.31,0,0,1295541.56,0,0,1772846.34,0,0,1623329.18,0,0,1623329.18,0,0,1295541.56,0,0,1295541.56,0,0,1295541.56,0,0,1295541.56,0,0,1295541.56,0,0,1295541.56,0,0,1497070.25,0,0,1623329.18,0,0,1295541.56,0,0,1295541.56,0,0,1295541.56,0,0,1295541.56,0,0,1295541.56,0,0,1295541.56,0,0,1295541.56,0,0,1295541.56,0,0,1295541.56,0,0,1295541.56,0,0,1295541.56,0,0,1295541.56,0,0,1295541.56,0,0,1295541.56,0,0,1295541.56,0,0,1389034.25,0,0,1389034.25,0,0,1295541.56,0,0,1295541.56,0,0,1295541.56,0,0,1295541.56,0,0,1295541.56,0,0,2807006.71,0,0,1295541.56,0,0,1295541.56,0,0,1295541.56,0,0,1295541.56,0,0,1389034.25,0,0,1389034.25,0,0,1295541.56
both_sexes,0,0,2021-01-11,COVOBES,0,0,0,0,0,0,0,0,0,0,0,0,0,0,0,0,0,0,0,0,0,0,0,0,0,0,0,0,0,0,0,0,0,0,0,0,0,0,0,0,0,0,0,0,0,0,0,0,0,0,1374860.43,0,0,1374860.43,0,0,1374860.43,0,0,1480618.92,0,0,2138671.78,0,0,2749720.86,0,0,1374860.43,0,0,1924804.6,0,0,1749822.36,0,0,1749822.36,0,0,1374860.43,0,0,1374860.43,0,0,1374860.43,0,0,1374860.43,0,0,1374860.43,0,0,1374860.43,0,0,1604003.83,0,0,1749822.36,0,0,1374860.43,0,0,1374860.43,0,0,1374860.43,0,0,1374860.43,0,0,1374860.43,0,0,1374860.43,0,0,1374860.43,0,0,1374860.43,0,0,1374860.43,0,0,1374860.43,0,0,1374860.43,0,0,1374860.43,0,0,1374860.43,0,0,1374860.43,0,0,1374860.43,0,0,1480618.92,0,0,1480618.92,0,0,1374860.43,0,0,1374860.43,0,0,1374860.43,0,0,1374860.43,0,0,1374860.43,0,0,3208007.67,0,0,1374860.43,0,0,1374860.43,0,0,1374860.43,0,0,1374860.43,0,0,1480618.92,0,0,1480618.92,0,0,1374860.43
both_sexes,0,0,2021-01-18,COVOBES,0,0,0,0,0,0,0,0,0,0,0,0,0,0,0,0,0,0,0,0,0,0,0,0,0,0,0,0,0,0,0,0,0,0,0,0,0,0,0,0,0,0,0,0,0,0,0,0,0,0,1374860.43,0,0,1374860.43,0,0,1374860.43,0,0,1480618.92,0,0,2138671.78,0,0,2749720.86,0,0,1374860.43,0,0,1924804.6,0,0,1749822.36,0,0,1749822.36,0,0,1374860.43,0,0,1374860.43,0,0,1374860.43,0,0,1374860.43,0,0,1374860.43,0,0,1374860.43,0,0,1604003.83,0,0,1749822.36,0,0,1374860.43,0,0,1374860.43,0,0,1374860.43,0,0,1374860.43,0,0,1374860.43,0,0,1374860.43,0,0,1374860.43,0,0,1374860.43,0,0,1374860.43,0,0,1374860.43,0,0,1374860.43,0,0,1374860.43,0,0,1374860.43,0,0,1374860.43,0,0,1374860.43,0,0,1480618.92,0,0,1480618.92,0,0,1374860.43,0,0,1374860.43,0,0,1374860.43,0,0,1374860.43,0,0,1374860.43,0,0,3208007.67,0,0,1374860.43,0,0,1374860.43,0,0,1374860.43,0,0,1374860.43,0,0,1480618.92,0,0,1480618.92,0,0,1374860.43
both_sexes,0,0,2021-01-25,COVOBES,0,0,0,0,0,0,0,0,0,0,0,0,0,0,0,0,0,0,0,0,0,0,0,0,0,0,0,0,0,0,0,0,0,0,0,0,0,0,0,0,0,0,0,0,0,0,0,0,0,0,1374860.43,0,0,1374860.43,0,0,1374860.43,0,0,1480618.92,0,0,2138671.78,0,0,2749720.86,0,0,1374860.43,0,0,1924804.6,0,0,1749822.36,0,0,1749822.36,0,0,1374860.43,0,0,1374860.43,0,0,1374860.43,0,0,1374860.43,0,0,1374860.43,0,0,1374860.43,0,0,1604003.83,0,0,1749822.36,0,0,1374860.43,0,0,1374860.43,0,0,1374860.43,0,0,1374860.43,0,0,1374860.43,0,0,1374860.43,0,0,1374860.43,0,0,1374860.43,0,0,1374860.43,0,0,1374860.43,0,0,1374860.43,0,0,1374860.43,0,0,1374860.43,0,0,1374860.43,0,0,1374860.43,0,0,1480618.92,0,0,1480618.92,0,0,1374860.43,0,0,1374860.43,0,0,1374860.43,0,0,1374860.43,0,0,1374860.43,0,0,3208007.67,0,0,1374860.43,0,0,1374860.43,0,0,1374860.43,0,0,1374860.43,0,0,1480618.92,0,0,1480618.92,0,0,1374860.43
both_sexes,0,0,2021-02-01,COVOBES,0,0,0,0,0,0,0,0,0,0,0,0,0,0,0,0,0,0,0,0,0,0,0,0,0,0,0,0,0,0,0,0,0,0,0,0,0,0,0,0,0,0,0,0,0,0,0,0,0,0,1374860.43,0,0,1374860.43,0,0,1374860.43,0,0,1480618.92,0,0,2138671.78,0,0,2749720.86,0,0,1374860.43,0,0,1924804.6,0,0,1749822.36,0,0,1749822.36,0,0,1374860.43,0,0,1374860.43,0,0,1374860.43,0,0,1374860.43,0,0,1374860.43,0,0,1374860.43,0,0,1604003.83,0,0,1749822.36,0,0,1374860.43,0,0,1374860.43,0,0,1374860.43,0,0,1374860.43,0,0,1374860.43,0,0,1374860.43,0,0,1374860.43,0,0,1374860.43,0,0,1374860.43,0,0,1374860.43,0,0,1374860.43,0,0,1374860.43,0,0,1374860.43,0,0,1374860.43,0,0,1374860.43,0,0,1480618.92,0,0,1480618.92,0,0,1374860.43,0,0,1374860.43,0,0,1374860.43,0,0,1374860.43,0,0,1374860.43,0,0,3208007.67,0,0,1374860.43,0,0,1374860.43,0,0,1374860.43,0,0,1374860.43,0,0,1480618.92,0,0,1480618.92,0,0,1374860.43
both_sexes,0,0,2021-02-08,COVOBES,0,0,0,0,0,0,0,0,0,0,0,0,0,0,0,0,0,0,0,0,0,0,0,0,0,0,0,0,0,0,0,0,0,0,0,0,0,0,0,0,0,0,0,0,0,0,0,0,0,0,1374860.43,0,0,1374860.43,0,0,1374860.43,0,0,1480618.92,0,0,2138671.78,0,0,2749720.86,0,0,1374860.43,0,0,1924804.6,0,0,1749822.36,0,0,1749822.36,0,0,1374860.43,0,0,1374860.43,0,0,1374860.43,0,0,1374860.43,0,0,1374860.43,0,0,1374860.43,0,0,1604003.83,0,0,1749822.36,0,0,1374860.43,0,0,1374860.43,0,0,1374860.43,0,0,1374860.43,0,0,1374860.43,0,0,1374860.43,0,0,1374860.43,0,0,1374860.43,0,0,1374860.43,0,0,1374860.43,0,0,1374860.43,0,0,1374860.43,0,0,1374860.43,0,0,1374860.43,0,0,1374860.43,0,0,1480618.92,0,0,1480618.92,0,0,1374860.43,0,0,1374860.43,0,0,1374860.43,0,0,1374860.43,0,0,1374860.43,0,0,3208007.67,0,0,1374860.43,0,0,1374860.43,0,0,1374860.43,0,0,1374860.43,0,0,1480618.92,0,0,1480618.92,0,0,1374860.43
both_sexes,0,0,2021-02-15,COVOBES,0,0,0,0,0,0,0,0,0,0,0,0,0,0,0,0,0,0,0,0,0,0,0,0,0,0,0,0,0,0,0,0,0,0,0,0,0,0,0,0,0,0,0,0,0,0,0,0,0,0,1403503.35,0,0,1403503.35,0,0,1403503.35,0,0,1513891.26,0,0,2208792.16,0,0,2866730.26,0,0,1403503.35,0,0,1981416.5,0,0,1796484.29,0,0,1796484.29,0,0,1403503.35,0,0,1403503.35,0,0,1403503.35,0,0,1403503.35,0,0,1403503.35,0,0,1403503.35,0,0,1643125.88,0,0,1796484.29,0,0,1403503.35,0,0,1403503.35,0,0,1403503.35,0,0,1403503.35,0,0,1403503.35,0,0,1403503.35,0,0,1403503.35,0,0,1403503.35,0,0,1403503.35,0,0,1403503.35,0,0,1403503.35,0,0,1403503.35,0,0,1403503.35,0,0,1403503.35,0,0,1403503.35,0,0,1513891.26,0,0,1513891.26,0,0,1403503.35,0,0,1403503.35,0,0,1403503.35,0,0,1403503.35,0,0,1403503.35,0,0,3368408.05,0,0,1403503.35,0,0,1403503.35,0,0,1403503.35,0,0,1403503.35,0,0,1513891.26,0,0,1513891.26,0,0,1403503.35
both_sexes,0,0,2021-02-22,COVOBES,0,0,0,0,1,1,0,0,0,0,0,0,0,0,0,0,0,0,0,0,0,0,0,0,0,0,0,0,0,0,0,0,0,0,0,0,0,0,0,0,0,0,0,0,0,0,0,0,0,0,1604003.83,0,0,1604003.83,0,0,1604003.83,0,0,1749822.36,664090.91,16813.33,3700077.72,890853.66,22554.46,4963518.9,0,0,1604003.83,0,0,2406005.75,0,0,2138671.78,0,0,2138671.78,0,0,1604003.83,0,0,1604003.83,0,0,1604003.83,0,0,1604003.83,0,0,1604003.83,0,0,1604003.83,0,0,1924804.6,0,0,1924804.6,0,0,1604003.83,0,0,1604003.83,0,0,1604003.83,0,0,1604003.83,0,0,1604003.83,0,0,1604003.83,0,0,1604003.83,0,0,1604003.83,0,0,1604003.83,0,0,1604003.83,0,0,1604003.83,0,0,1604003.83,0,0,1604003.83,0,0,1604003.83,0,0,1604003.83,0,0,1604003.83,0,0,1604003.83,0,0,1604003.83,0,0,1604003.83,0,0,1604003.83,0,0,1604003.83,0,0,1604003.83,0,0,3849609.2,0,0,1604003.83,0,0,1604003.83,0,0,1604003.83,0,0,1604003.83,0,0,1604003.83,0,0,1604003.83,0,0,1604003.83
both_sexes,0,0,2021-03-01,COVOBES,0,0,0,0,0,0,0,0,0,0,0,0,0,0,0,0,0,0,0,0,0,0,0,0,0,0,0,0,0,0,0,0,0,0,0,0,0,1,0,0,0,0,0,0,0,0,0,0,0,0,1604003.83,0,0,1604003.83,0,0,1604003.83,0,0,1749822.36,0,0,2749720.86,0,0,3849609.2,0,0,1604003.83,0,0,2406005.75,0,0,2138671.78,0,0,2138671.78,0,0,1604003.83,0,0,1604003.83,0,0,1604003.83,0,0,1604003.83,0,0,1604003.83,0,0,1604003.83,0,0,1924804.6,0,0,1924804.6,0,0,1604003.83,0,0,1604003.83,0,0,1604003.83,0,0,1604003.83,0,0,1604003.83,0,0,1604003.83,0,0,1604003.83,0,0,1604003.83,0,0,1604003.83,0,0,1604003.83,0,0,1604003.83,0,0,1604003.83,0,0,1604003.83,0,0,1604003.83,0,0,1604003.83,0,0,1604003.83,0,0,1604003.83,0,0,1604003.83,0,0,1604003.83,0,0,1604003.83,0,0,1604003.83,0,0,1604003.83,1217500,30824.43,6783475.83,0,0,1604003.83,0,0,1604003.83,0,0,1604003.83,0,0,1604003.83,0,0,1604003.83,0,0,1604003.83,0,0,1604003.83
both_sexes,0,0,2021-03-08,COVOBES,0,0,0,0,0,0,0,0,0,0,0,0,0,0,0,0,0,0,0,0,0,0,0,0,0,0,0,0,0,0,0,0,0,0,0,0,0,0,0,0,0,0,0,0,0,0,0,0,0,0,1727388.74,0,0,1727388.74,0,0,1727388.74,0,0,1820761.11,0,0,2929050.48,0,0,3849609.2,0,0,1727388.74,0,0,2542194.76,0,0,2363795.12,0,0,2363795.12,0,0,1727388.74,0,0,1727388.74,0,0,1727388.74,0,0,1727388.74,0,0,1727388.74,0,0,1727388.74,0,0,2010989.88,0,0,2010989.88,0,0,1727388.74,0,0,1727388.74,0,0,1727388.74,0,0,1727388.74,0,0,1727388.74,0,0,1727388.74,0,0,1727388.74,0,0,1727388.74,0,0,1727388.74,0,0,1727388.74,0,0,1727388.74,0,0,1727388.74,0,0,1727388.74,0,0,1727388.74,0,0,1727388.74,0,0,1727388.74,0,0,1727388.74,0,0,1727388.74,0,0,1727388.74,0,0,1727388.74,0,0,1727388.74,0,0,1727388.74,0,0,5389452.88,0,0,1727388.74,0,0,1727388.74,0,0,1727388.74,0,0,1727388.74,0,0,1727388.74,0,0,1727388.74,0,0,1727388.74
both_sexes,0,0,2021-03-15,COVOBES,0,0,0,0,0,0,0,0,0,0,0,0,0,0,0,0,0,0,0,0,0,0,0,0,0,0,0,0,0,0,0,0,0,0,0,0,0,0,0,0,0,0,0,0,0,0,0,0,0,0,1924804.6,0,0,1924804.6,0,0,1924804.6,0,0,1924804.6,0,0,3208007.67,0,0,3849609.2,0,0,1924804.6,0,0,2749720.86,0,0,2749720.86,0,0,2749720.86,0,0,1924804.6,0,0,1924804.6,0,0,1924804.6,0,0,1924804.6,0,0,1924804.6,0,0,1924804.6,0,0,2138671.78,0,0,2138671.78,0,0,1924804.6,0,0,1924804.6,0,0,1924804.6,0,0,1924804.6,0,0,1924804.6,0,0,1924804.6,0,0,1924804.6,0,0,1924804.6,0,0,1924804.6,0,0,1924804.6,0,0,1924804.6,0,0,1924804.6,0,0,1924804.6,0,0,1924804.6,0,0,1924804.6,0,0,1924804.6,0,0,1924804.6,0,0,1924804.6,0,0,1924804.6,0,0,1924804.6,0,0,1924804.6,0,0,1924804.6,0,0,6416015.34,0,0,1924804.6,0,0,1924804.6,0,0,1924804.6,0,0,1924804.6,0,0,1924804.6,0,0,1924804.6,0,0,1924804.6
both_sexes,0,0,2021-03-22,COVOBES,0,0,0,0,0,0,0,0,0,0,0,0,0,0,0,0,0,0,0,0,0,0,0,0,0,0,0,0,0,0,0,0,0,0,0,0,0,0,0,0,0,0,0,0,0,0,0,0,0,0,1924804.6,0,0,1924804.6,0,0,1924804.6,0,0,1924804.6,0,0,3208007.67,0,0,3849609.2,0,0,1924804.6,0,0,2749720.86,0,0,2749720.86,0,0,2749720.86,0,0,1924804.6,0,0,1924804.6,0,0,1924804.6,0,0,1924804.6,0,0,1924804.6,0,0,1924804.6,0,0,2138671.78,0,0,2138671.78,0,0,1924804.6,0,0,1924804.6,0,0,1924804.6,0,0,1924804.6,0,0,1924804.6,0,0,1924804.6,0,0,1924804.6,0,0,1924804.6,0,0,1924804.6,0,0,1924804.6,0,0,1924804.6,0,0,1924804.6,0,0,1924804.6,0,0,1924804.6,0,0,1924804.6,0,0,1924804.6,0,0,1924804.6,0,0,1924804.6,0,0,1924804.6,0,0,1924804.6,0,0,1924804.6,0,0,1924804.6,0,0,6416015.34,0,0,1924804.6,0,0,1924804.6,0,0,1924804.6,0,0,1924804.6,0,0,1924804.6,0,0,1924804.6,0,0,1924804.6
both_sexes,0,0,2021-03-29,COVOBES,0,0,0,0,0,0,0,0,0,0,0,0,0,0,0,0,0,0,0,0,0,0,0,0,0,0,0,0,0,0,0,0,0,0,0,0,0,0,0,0,0,0,0,0,0,0,0,0,0,0,2245605.37,0,0,2245605.37,0,0,2245605.37,0,0,2245605.37,0,0,4210510.06,0,0,4646080.07,0,0,2245605.37,0,0,3454777.49,0,0,3133402.84,0,0,3133402.84,0,0,2245605.37,0,0,2245605.37,0,0,2245605.37,0,0,2245605.37,0,0,2245605.37,0,0,2245605.37,0,0,2542194.76,0,0,2542194.76,0,0,2245605.37,0,0,2245605.37,0,0,2245605.37,0,0,2245605.37,0,0,2245605.37,0,0,2245605.37,0,0,2245605.37,0,0,2245605.37,0,0,2245605.37,0,0,2245605.37,0,0,2245605.37,0,0,2245605.37,0,0,2245605.37,0,0,2245605.37,0,0,2245605.37,0,0,2245605.37,0,0,2245605.37,0,0,2245605.37,0,0,2245605.37,0,0,2245605.37,0,0,2245605.37,0,0,2245605.37,0,0,6416015.34,0,0,2245605.37,0,0,2245605.37,0,0,2245605.37,0,0,2245605.37,0,0,2245605.37,0,0,2245605.37,0,0,2245605.37
both_sexes,0,0,2021-04-05,COVOBES,0,0,0,0,0,0,0,0,0,0,0,0,0,0,0,0,0,0,0,0,0,0,0,0,0,0,0,0,0,0,0,0,0,0,0,0,0,0,0,0,0,0,0,0,0,0,0,0,0,0,2694726.44,0,0,2694726.44,0,0,2694726.44,0,0,2694726.44,0,0,4812011.5,0,0,4812011.5,0,0,2694726.44,0,0,4491210.74,0,0,3641522.22,0,0,3641522.22,0,0,2694726.44,0,0,2694726.44,0,0,2694726.44,0,0,2694726.44,0,0,2694726.44,0,0,2694726.44,0,0,3133402.84,0,0,3133402.84,0,0,2694726.44,0,0,2694726.44,0,0,2694726.44,0,0,2694726.44,0,0,2694726.44,0,0,2694726.44,0,0,2694726.44,0,0,2694726.44,0,0,2694726.44,0,0,2694726.44,0,0,2694726.44,0,0,2694726.44,0,0,2694726.44,0,0,2694726.44,0,0,2694726.44,0,0,2694726.44,0,0,2694726.44,0,0,2694726.44,0,0,2694726.44,0,0,2694726.44,0,0,2694726.44,0,0,2694726.44,0,0,6416015.34,0,0,2694726.44,0,0,2694726.44,0,0,2694726.44,0,0,2694726.44,0,0,2694726.44,0,0,2694726.44,0,0,2694726.44
both_sexes,0,0,2021-04-12,COVOBES,0,0,0,0,0,0,0,0,0,0,0,0,0,0,0,0,0,0,0,0,0,0,0,0,0,0,0,0,0,0,0,0,0,0,0,0,0,0,0,0,0,0,0,0,0,0,0,0,0,0,3849609.2,0,0,3849609.2,0,0,3849609.2,0,0,3849609.2,0,0,6416015.34,0,0,6416015.34,0,0,3849609.2,0,0,6416015.34,0,0,4812011.5,0,0,4812011.5,0,0,3849609.2,0,0,3849609.2,0,0,3849609.2,0,0,3849609.2,0,0,3849609.2,0,0,3849609.2,0,0,4812011.5,0,0,4812011.5,0,0,3849609.2,0,0,3849609.2,0,0,3849609.2,0,0,3849609.2,0,0,3849609.2,0,0,3849609.2,0,0,3849609.2,0,0,3849609.2,0,0,3849609.2,0,0,3849609.2,0,0,3849609.2,0,0,3849609.2,0,0,3849609.2,0,0,3849609.2,0,0,3849609.2,0,0,3849609.2,0,0,3849609.2,0,0,3849609.2,0,0,3849609.2,0,0,3849609.2,0,0,3849609.2,0,0,3849609.2,0,0,9624023,0,0,3849609.2,0,0,3849609.2,0,0,3849609.2,0,0,3849609.2,0,0,3849609.2,0,0,3849609.2,0,0,3849609.2
both_sexes,0,0,2021-04-19,COVOBES,0,0,0,0,0,0,0,0,0,0,0,0,0,0,0,0,0,0,0,0,0,0,0,0,0,0,0,0,0,0,0,0,0,0,0,0,0,0,0,0,0,0,0,0,0,0,0,0,0,0,3849609.2,0,0,3849609.2,0,0,3849609.2,0,0,3849609.2,0,0,6416015.34,0,0,6416015.34,0,0,3849609.2,0,0,6416015.34,0,0,4812011.5,0,0,4812011.5,0,0,3849609.2,0,0,3849609.2,0,0,3849609.2,0,0,3849609.2,0,0,3849609.2,0,0,3849609.2,0,0,4812011.5,0,0,4812011.5,0,0,3849609.2,0,0,3849609.2,0,0,3849609.2,0,0,3849609.2,0,0,3849609.2,0,0,3849609.2,0,0,3849609.2,0,0,3849609.2,0,0,3849609.2,0,0,3849609.2,0,0,3849609.2,0,0,3849609.2,0,0,3849609.2,0,0,3849609.2,0,0,3849609.2,0,0,3849609.2,0,0,3849609.2,0,0,3849609.2,0,0,3849609.2,0,0,3849609.2,0,0,3849609.2,0,0,3849609.2,0,0,9624023,0,0,3849609.2,0,0,3849609.2,0,0,3849609.2,0,0,3849609.2,0,0,3849609.2,0,0,3849609.2,0,0,3849609.2
both_sexes,0,0,2021-04-26,COVOBES,0,0,0,0,0,0,0,0,0,0,0,0,0,0,0,0,0,0,0,0,0,0,0,0,0,0,0,0,0,0,0,0,0,0,0,0,0,0,0,0,0,0,0,0,0,0,0,0,0,0,3849609.2,0,0,3849609.2,0,0,3849609.2,0,0,3849609.2,0,0,6416015.34,0,0,6416015.34,0,0,3849609.2,0,0,6416015.34,0,0,4812011.5,0,0,4812011.5,0,0,3849609.2,0,0,3849609.2,0,0,3849609.2,0,0,3849609.2,0,0,3849609.2,0,0,3849609.2,0,0,4812011.5,0,0,4812011.5,0,0,3849609.2,0,0,3849609.2,0,0,3849609.2,0,0,3849609.2,0,0,3849609.2,0,0,3849609.2,0,0,3849609.2,0,0,3849609.2,0,0,3849609.2,0,0,3849609.2,0,0,3849609.2,0,0,3849609.2,0,0,3849609.2,0,0,3849609.2,0,0,3849609.2,0,0,3849609.2,0,0,3849609.2,0,0,3849609.2,0,0,3849609.2,0,0,3849609.2,0,0,3849609.2,0,0,3849609.2,0,0,9624023,0,0,3849609.2,0,0,3849609.2,0,0,3849609.2,0,0,3849609.2,0,0,3849609.2,0,0,3849609.2,0,0,3849609.2
both_sexes,0,0,2021-05-03,COVOBES,0,0,0,0,0,0,0,0,0,0,0,0,0,0,0,0,0,0,0,0,0,0,0,0,0,0,0,0,0,0,0,0,0,0,0,0,0,0,0,0,0,0,0,0,0,0,0,0,0,0,3849609.2,0,0,3849609.2,0,0,3849609.2,0,0,3849609.2,0,0,6416015.34,0,0,6416015.34,0,0,3849609.2,0,0,6416015.34,0,0,4812011.5,0,0,4812011.5,0,0,3849609.2,0,0,3849609.2,0,0,3849609.2,0,0,3849609.2,0,0,3849609.2,0,0,3849609.2,0,0,4812011.5,0,0,4812011.5,0,0,3849609.2,0,0,3849609.2,0,0,3849609.2,0,0,3849609.2,0,0,3849609.2,0,0,3849609.2,0,0,3849609.2,0,0,3849609.2,0,0,3849609.2,0,0,3849609.2,0,0,3849609.2,0,0,3849609.2,0,0,3849609.2,0,0,3849609.2,0,0,3849609.2,0,0,3849609.2,0,0,3849609.2,0,0,3849609.2,0,0,3849609.2,0,0,3849609.2,0,0,3849609.2,0,0,3849609.2,0,0,9624023,0,0,3849609.2,0,0,3849609.2,0,0,3849609.2,0,0,3849609.2,0,0,3849609.2,0,0,3849609.2,0,0,3849609.2
both_sexes,0,0,2021-05-10,COVOBES,0,0,0,0,0,0,0,0,0,0,0,0,0,0,0,0,0,0,0,0,0,0,0,0,0,0,0,0,0,0,0,0,0,0,0,0,0,0,0,0,0,0,0,0,0,0,0,0,0,0,4491210.74,0,0,4491210.74,0,0,4491210.74,0,0,4491210.74,0,0,6416015.34,0,0,6416015.34,0,0,4491210.74,0,0,6416015.34,0,0,4812011.5,0,0,4812011.5,0,0,4491210.74,0,0,4491210.74,0,0,4491210.74,0,0,4491210.74,0,0,4491210.74,0,0,4491210.74,0,0,5858100.96,0,0,5858100.96,0,0,4491210.74,0,0,4491210.74,0,0,4491210.74,0,0,4491210.74,0,0,4491210.74,0,0,4491210.74,0,0,4491210.74,0,0,4491210.74,0,0,4491210.74,0,0,4491210.74,0,0,4491210.74,0,0,4491210.74,0,0,4491210.74,0,0,4491210.74,0,0,4491210.74,0,0,4491210.74,0,0,4491210.74,0,0,4491210.74,0,0,4491210.74,0,0,4491210.74,0,0,4491210.74,0,0,4491210.74,0,0,9624023,0,0,4491210.74,0,0,4491210.74,0,0,4491210.74,0,0,4491210.74,0,0,4491210.74,0,0,4491210.74,0,0,4491210.74
both_sexes,0,0,2021-05-17,COVOBES,0,0,0,0,0,0,0,0,0,0,0,0,0,0,0,0,0,0,0,0,0,0,0,0,0,0,0,0,0,0,0,0,0,0,0,0,0,0,0,0,0,0,0,0,0,0,0,0,0,0,4812011.5,0,0,4812011.5,0,0,4812011.5,0,0,4812011.5,0,0,6416015.34,0,0,6416015.34,0,0,4812011.5,0,0,6416015.34,0,0,4812011.5,0,0,4812011.5,0,0,4812011.5,0,0,4812011.5,0,0,4812011.5,0,0,4812011.5,0,0,4812011.5,0,0,4812011.5,0,0,6416015.34,0,0,6416015.34,0,0,4812011.5,0,0,4812011.5,0,0,4812011.5,0,0,4812011.5,0,0,4812011.5,0,0,4812011.5,0,0,4812011.5,0,0,4812011.5,0,0,4812011.5,0,0,4812011.5,0,0,4812011.5,0,0,4812011.5,0,0,4812011.5,0,0,4812011.5,0,0,4812011.5,0,0,4812011.5,0,0,4812011.5,0,0,4812011.5,0,0,4812011.5,0,0,4812011.5,0,0,4812011.5,0,0,4812011.5,0,0,9624023,0,0,4812011.5,0,0,4812011.5,0,0,4812011.5,0,0,4812011.5,0,0,4812011.5,0,0,4812011.5,0,0,4812011.5
both_sexes,0,0,2021-05-24,COVOBES,0,0,0,0,0,0,0,0,0,0,0,0,0,0,0,0,0,0,0,0,0,0,0,0,0,0,0,0,0,0,0,0,0,0,0,0,0,0,0,0,0,0,0,0,0,0,0,0,0,0,4812011.5,0,0,4812011.5,0,0,4812011.5,0,0,4812011.5,0,0,6416015.34,0,0,6416015.34,0,0,4812011.5,0,0,6416015.34,0,0,4812011.5,0,0,4812011.5,0,0,4812011.5,0,0,4812011.5,0,0,4812011.5,0,0,4812011.5,0,0,4812011.5,0,0,4812011.5,0,0,6416015.34,0,0,6416015.34,0,0,4812011.5,0,0,4812011.5,0,0,4812011.5,0,0,4812011.5,0,0,4812011.5,0,0,4812011.5,0,0,4812011.5,0,0,4812011.5,0,0,4812011.5,0,0,4812011.5,0,0,4812011.5,0,0,4812011.5,0,0,4812011.5,0,0,4812011.5,0,0,4812011.5,0,0,4812011.5,0,0,4812011.5,0,0,4812011.5,0,0,4812011.5,0,0,4812011.5,0,0,4812011.5,0,0,4812011.5,0,0,9624023,0,0,4812011.5,0,0,4812011.5,0,0,4812011.5,0,0,4812011.5,0,0,4812011.5,0,0,4812011.5,0,0,4812011.5
both_sexes,0,0,2021-05-31,COVOBES,0,0,0,0,0,0,0,0,0,0,0,0,0,0,0,0,0,0,0,0,0,0,0,0,0,0,0,0,0,0,0,0,0,0,0,0,0,0,0,0,0,0,0,0,0,0,0,0,0,0,4812011.5,0,0,4812011.5,0,0,4812011.5,0,0,4812011.5,0,0,6416015.34,0,0,6416015.34,0,0,4812011.5,0,0,6416015.34,0,0,4812011.5,0,0,4812011.5,0,0,4812011.5,0,0,4812011.5,0,0,4812011.5,0,0,4812011.5,0,0,4812011.5,0,0,4812011.5,0,0,6416015.34,0,0,6416015.34,0,0,4812011.5,0,0,4812011.5,0,0,4812011.5,0,0,4812011.5,0,0,4812011.5,0,0,4812011.5,0,0,4812011.5,0,0,4812011.5,0,0,4812011.5,0,0,4812011.5,0,0,4812011.5,0,0,4812011.5,0,0,4812011.5,0,0,4812011.5,0,0,4812011.5,0,0,4812011.5,0,0,4812011.5,0,0,4812011.5,0,0,4812011.5,0,0,4812011.5,0,0,4812011.5,0,0,4812011.5,0,0,9624023,0,0,4812011.5,0,0,4812011.5,0,0,4812011.5,0,0,4812011.5,0,0,4812011.5,0,0,4812011.5,0,0,4812011.5
both_sexes,0,0,2021-06-07,COVOBES,0,0,0,0,0,0,0,0,0,0,0,0,0,0,0,0,0,0,0,0,0,0,0,0,0,0,0,0,0,0,0,0,0,0,0,0,0,0,0,0,0,0,0,0,0,0,0,0,0,0,4812011.5,0,0,4812011.5,0,0,4812011.5,0,0,4812011.5,0,0,6416015.34,0,0,6416015.34,0,0,4812011.5,0,0,6416015.34,0,0,4812011.5,0,0,4812011.5,0,0,4812011.5,0,0,4812011.5,0,0,4812011.5,0,0,4812011.5,0,0,4812011.5,0,0,4812011.5,0,0,6416015.34,0,0,6416015.34,0,0,4812011.5,0,0,4812011.5,0,0,4812011.5,0,0,4812011.5,0,0,4812011.5,0,0,4812011.5,0,0,4812011.5,0,0,4812011.5,0,0,4812011.5,0,0,4812011.5,0,0,4812011.5,0,0,4812011.5,0,0,4812011.5,0,0,4812011.5,0,0,4812011.5,0,0,4812011.5,0,0,4812011.5,0,0,4812011.5,0,0,4812011.5,0,0,4812011.5,0,0,4812011.5,0,0,4812011.5,0,0,9624023,0,0,4812011.5,0,0,4812011.5,0,0,4812011.5,0,0,4812011.5,0,0,4812011.5,0,0,4812011.5,0,0,4812011.5
both_sexes,0,0,2021-06-14,COVOBES,0,0,0,0,0,0,0,0,0,0,0,0,0,0,0,0,0,0,0,0,0,0,0,0,0,0,0,0,0,0,0,0,0,0,0,0,0,0,0,0,0,0,0,0,0,0,0,0,0,0,4812011.5,0,0,4812011.5,0,0,4812011.5,0,0,4812011.5,0,0,6416015.34,0,0,6416015.34,0,0,4812011.5,0,0,6416015.34,0,0,4812011.5,0,0,4812011.5,0,0,4812011.5,0,0,4812011.5,0,0,4812011.5,0,0,4812011.5,0,0,4812011.5,0,0,4812011.5,0,0,6416015.34,0,0,6416015.34,0,0,4812011.5,0,0,4812011.5,0,0,4812011.5,0,0,4812011.5,0,0,4812011.5,0,0,4812011.5,0,0,4812011.5,0,0,4812011.5,0,0,4812011.5,0,0,4812011.5,0,0,4812011.5,0,0,4812011.5,0,0,4812011.5,0,0,4812011.5,0,0,4812011.5,0,0,4812011.5,0,0,4812011.5,0,0,4812011.5,0,0,4812011.5,0,0,4812011.5,0,0,4812011.5,0,0,4812011.5,0,0,9624023,0,0,4812011.5,0,0,4812011.5,0,0,4812011.5,0,0,4812011.5,0,0,4812011.5,0,0,4812011.5,0,0,4812011.5
both_sexes,0,0,2021-06-21,COVOBES,0,0,0,0,0,0,0,0,0,0,0,0,0,0,0,0,0,0,0,0,0,0,0,0,0,0,0,0,0,0,0,0,0,0,0,0,0,0,0,0,0,0,0,0,0,0,0,0,0,0,6416015.34,0,0,6416015.34,0,0,6416015.34,0,0,6416015.34,0,0,9624023,0,0,9624023,0,0,6416015.34,0,0,8421020.13,0,0,6416015.34,0,0,6416015.34,0,0,6416015.34,0,0,6416015.34,0,0,6416015.34,0,0,6416015.34,0,0,6416015.34,0,0,6416015.34,0,0,9624023,0,0,9624023,0,0,6416015.34,0,0,6416015.34,0,0,6416015.34,0,0,6416015.34,0,0,6416015.34,0,0,6416015.34,0,0,6416015.34,0,0,6416015.34,0,0,6416015.34,0,0,6416015.34,0,0,6416015.34,0,0,6416015.34,0,0,6416015.34,0,0,6416015.34,0,0,6416015.34,0,0,6416015.34,0,0,6416015.34,0,0,6416015.34,0,0,6416015.34,0,0,6416015.34,0,0,6416015.34,0,0,6416015.34,0,0,14970702.45,0,0,6416015.34,0,0,6416015.34,0,0,6416015.34,0,0,6416015.34,0,0,6416015.34,0,0,6416015.34,0,0,6416015.34
both_sexes,0,0,2021-06-28,COVOBES,0,0,0,0,0,0,0,0,0,0,0,0,0,0,0,0,0,0,0,0,0,0,0,0,0,0,0,0,0,0,0,0,0,0,0,0,0,0,0,0,0,0,0,0,0,0,0,0,0,0,22456053.68,0,0,22456053.68,0,0,22456053.68,0,0,22456053.68,0,0,44912107.35,0,0,44912107.35,0,0,22456053.68,0,0,22456053.68,0,0,22456053.68,0,0,22456053.68,0,0,22456053.68,0,0,22456053.68,0,0,22456053.68,0,0,22456053.68,0,0,22456053.68,0,0,22456053.68,0,0,44912107.35,0,0,44912107.35,0,0,22456053.68,0,0,22456053.68,0,0,22456053.68,0,0,22456053.68,0,0,22456053.68,0,0,22456053.68,0,0,22456053.68,0,0,22456053.68,0,0,22456053.68,0,0,22456053.68,0,0,22456053.68,0,0,22456053.68,0,0,22456053.68,0,0,22456053.68,0,0,22456053.68,0,0,22456053.68,0,0,22456053.68,0,0,22456053.68,0,0,22456053.68,0,0,22456053.68,0,0,22456053.68,0,0,22456053.68,0,0,44912107.35,0,0,22456053.68,0,0,22456053.68,0,0,22456053.68,0,0,22456053.68,0,0,22456053.68,0,0,22456053.68,0,0,22456053.68
both_sexes,1,AstraZeneca,2021-02-15,COVOBES,0,0,0,0,0,0,0,0,0,0,0,0,0,0,0,0,0,0,0,0,0,0,0,0,0,0,0,0,0,0,0,0,0,0,0,0,0,0,0,0,0,0,0,0,0,0,0,0,0,0,67368161.03,0,0,67368161.03,0,0,67368161.03,0,0,67368161.03,0,0,67368161.03,0,0,67368161.03,0,0,67368161.03,0,0,67368161.03,0,0,67368161.03,0,0,67368161.03,0,0,67368161.03,0,0,67368161.03,0,0,67368161.03,0,0,67368161.03,0,0,67368161.03,0,0,67368161.03,0,0,67368161.03,0,0,67368161.03,0,0,67368161.03,0,0,67368161.03,0,0,67368161.03,0,0,67368161.03,0,0,67368161.03,0,0,67368161.03,0,0,67368161.03,0,0,67368161.03,0,0,67368161.03,0,0,67368161.03,0,0,67368161.03,0,0,67368161.03,0,0,67368161.03,0,0,67368161.03,0,0,67368161.03,0,0,67368161.03,0,0,67368161.03,0,0,67368161.03,0,0,67368161.03,0,0,67368161.03,0,0,67368161.03,0,0,67368161.03,0,0,67368161.03,0,0,67368161.03,0,0,67368161.03,0,0,67368161.03,0,0,67368161.03,0,0,67368161.03,0,0,67368161.03,0,0,67368161.03
both_sexes,1,AstraZeneca,2021-02-22,COVOBES,0,0,0,0,0,0,0,0,0,0,0,0,0,0,0,0,0,0,0,0,0,0,0,0,0,0,0,0,0,0,0,0,0,0,0,0,0,0,0,0,0,0,0,0,0,0,0,0,0,0,19248046.01,0,0,19248046.01,0,0,19248046.01,0,0,19248046.01,0,0,19248046.01,0,0,19248046.01,0,0,19248046.01,0,0,19248046.01,0,0,19248046.01,0,0,19248046.01,0,0,19248046.01,0,0,19248046.01,0,0,19248046.01,0,0,19248046.01,0,0,19248046.01,0,0,19248046.01,0,0,19248046.01,0,0,19248046.01,0,0,19248046.01,0,0,19248046.01,0,0,19248046.01,0,0,19248046.01,0,0,19248046.01,0,0,19248046.01,0,0,19248046.01,0,0,19248046.01,0,0,19248046.01,0,0,19248046.01,0,0,19248046.01,0,0,19248046.01,0,0,19248046.01,0,0,19248046.01,0,0,19248046.01,0,0,19248046.01,0,0,19248046.01,0,0,19248046.01,0,0,19248046.01,0,0,19248046.01,0,0,19248046.01,0,0,19248046.01,0,0,19248046.01,0,0,19248046.01,0,0,19248046.01,0,0,19248046.01,0,0,19248046.01,0,0,19248046.01,0,0,19248046.01,0,0,19248046.01
both_sexes,1,AstraZeneca,2021-03-01,COVOBES,0,0,0,0,0,0,0,0,0,0,0,0,0,0,0,0,0,0,0,0,0,0,0,0,0,0,0,0,0,0,0,0,0,0,0,0,0,0,0,0,0,0,0,0,0,0,0,0,0,0,19248046.01,0,0,19248046.01,0,0,19248046.01,0,0,19248046.01,0,0,19248046.01,0,0,19248046.01,0,0,19248046.01,0,0,19248046.01,0,0,19248046.01,0,0,19248046.01,0,0,19248046.01,0,0,19248046.01,0,0,19248046.01,0,0,19248046.01,0,0,19248046.01,0,0,19248046.01,0,0,19248046.01,0,0,19248046.01,0,0,19248046.01,0,0,19248046.01,0,0,19248046.01,0,0,19248046.01,0,0,19248046.01,0,0,19248046.01,0,0,19248046.01,0,0,19248046.01,0,0,19248046.01,0,0,19248046.01,0,0,19248046.01,0,0,19248046.01,0,0,19248046.01,0,0,19248046.01,0,0,19248046.01,0,0,19248046.01,0,0,19248046.01,0,0,19248046.01,0,0,19248046.01,0,0,19248046.01,0,0,19248046.01,0,0,19248046.01,0,0,19248046.01,0,0,19248046.01,0,0,19248046.01,0,0,19248046.01,0,0,19248046.01,0,0,19248046.01,0,0,19248046.01,0,0,19248046.01
both_sexes,1,AstraZeneca,2021-03-08,COVOBES,0,0,0,0,0,0,0,0,0,0,0,0,0,0,0,0,0,0,0,0,0,0,0,0,0,0,0,0,0,0,0,0,0,0,0,0,0,0,0,0,0,0,0,0,0,0,0,0,0,0,19248046.01,0,0,19248046.01,0,0,19248046.01,0,0,19248046.01,0,0,19248046.01,0,0,19248046.01,0,0,19248046.01,0,0,19248046.01,0,0,19248046.01,0,0,19248046.01,0,0,19248046.01,0,0,19248046.01,0,0,19248046.01,0,0,19248046.01,0,0,19248046.01,0,0,19248046.01,0,0,19248046.01,0,0,19248046.01,0,0,19248046.01,0,0,19248046.01,0,0,19248046.01,0,0,19248046.01,0,0,19248046.01,0,0,19248046.01,0,0,19248046.01,0,0,19248046.01,0,0,19248046.01,0,0,19248046.01,0,0,19248046.01,0,0,19248046.01,0,0,19248046.01,0,0,19248046.01,0,0,19248046.01,0,0,19248046.01,0,0,19248046.01,0,0,19248046.01,0,0,19248046.01,0,0,19248046.01,0,0,19248046.01,0,0,19248046.01,0,0,19248046.01,0,0,19248046.01,0,0,19248046.01,0,0,19248046.01,0,0,19248046.01,0,0,19248046.01,0,0,19248046.01,0,0,19248046.01
both_sexes,1,AstraZeneca,2021-03-15,COVOBES,0,0,0,0,0,0,0,0,0,0,0,0,0,0,0,0,0,0,0,0,0,0,0,0,0,0,0,0,0,0,0,0,0,0,0,0,0,0,0,0,0,0,0,0,0,0,0,0,0,0,19248046.01,0,0,19248046.01,0,0,19248046.01,0,0,19248046.01,0,0,19248046.01,0,0,19248046.01,0,0,19248046.01,0,0,19248046.01,0,0,19248046.01,0,0,19248046.01,0,0,19248046.01,0,0,19248046.01,0,0,19248046.01,0,0,19248046.01,0,0,19248046.01,0,0,19248046.01,0,0,19248046.01,0,0,19248046.01,0,0,19248046.01,0,0,19248046.01,0,0,19248046.01,0,0,19248046.01,0,0,19248046.01,0,0,19248046.01,0,0,19248046.01,0,0,19248046.01,0,0,19248046.01,0,0,19248046.01,0,0,19248046.01,0,0,19248046.01,0,0,19248046.01,0,0,19248046.01,0,0,19248046.01,0,0,19248046.01,0,0,19248046.01,0,0,19248046.01,0,0,19248046.01,0,0,19248046.01,0,0,19248046.01,0,0,19248046.01,0,0,19248046.01,0,0,19248046.01,0,0,19248046.01,0,0,19248046.01,0,0,19248046.01,0,0,19248046.01,0,0,19248046.01,0,0,19248046.01
both_sexes,1,AstraZeneca,2021-03-22,COVOBES,0,0,0,0,0,0,0,0,0,0,0,0,0,0,0,0,0,0,0,0,0,0,0,0,0,0,0,0,0,0,0,0,0,0,0,0,0,0,0,0,0,0,0,0,0,0,0,0,0,0,19248046.01,0,0,19248046.01,0,0,19248046.01,0,0,19248046.01,0,0,19248046.01,0,0,19248046.01,0,0,19248046.01,0,0,19248046.01,0,0,19248046.01,0,0,19248046.01,0,0,19248046.01,0,0,19248046.01,0,0,19248046.01,0,0,19248046.01,0,0,19248046.01,0,0,19248046.01,0,0,19248046.01,0,0,19248046.01,0,0,19248046.01,0,0,19248046.01,0,0,19248046.01,0,0,19248046.01,0,0,19248046.01,0,0,19248046.01,0,0,19248046.01,0,0,19248046.01,0,0,19248046.01,0,0,19248046.01,0,0,19248046.01,0,0,19248046.01,0,0,19248046.01,0,0,19248046.01,0,0,19248046.01,0,0,19248046.01,0,0,19248046.01,0,0,19248046.01,0,0,19248046.01,0,0,19248046.01,0,0,19248046.01,0,0,19248046.01,0,0,19248046.01,0,0,19248046.01,0,0,19248046.01,0,0,19248046.01,0,0,19248046.01,0,0,19248046.01,0,0,19248046.01,0,0,19248046.01
both_sexes,1,AstraZeneca,2021-03-29,COVOBES,0,0,0,0,0,0,0,0,0,0,0,0,0,0,0,0,0,0,0,0,0,0,0,0,0,0,0,0,0,0,0,0,0,0,0,0,0,0,0,0,0,0,0,0,0,0,0,0,0,0,12248756.55,0,0,12248756.55,0,0,12248756.55,0,0,12248756.55,0,0,12248756.55,0,0,19248046.01,0,0,12248756.55,0,0,12248756.55,0,0,19248046.01,0,0,19248046.01,0,0,12248756.55,0,0,12248756.55,0,0,12248756.55,0,0,12248756.55,0,0,12248756.55,0,0,12248756.55,0,0,12248756.55,0,0,12248756.55,0,0,12248756.55,0,0,12248756.55,0,0,12248756.55,0,0,12248756.55,0,0,12248756.55,0,0,12248756.55,0,0,12248756.55,0,0,12248756.55,0,0,12248756.55,0,0,12248756.55,0,0,12248756.55,0,0,12248756.55,0,0,12248756.55,0,0,12248756.55,0,0,12248756.55,0,0,12248756.55,0,0,12248756.55,0,0,12248756.55,0,0,12248756.55,0,0,12248756.55,0,0,12248756.55,0,0,12248756.55,0,0,19248046.01,0,0,12248756.55,0,0,12248756.55,0,0,12248756.55,0,0,12248756.55,0,0,12248756.55,0,0,12248756.55,0,0,12248756.55
both_sexes,1,AstraZeneca,2021-04-05,COVOBES,0,0,0,0,0,0,0,0,0,0,0,0,0,0,0,0,0,0,0,0,0,0,0,0,0,0,0,0,0,0,0,0,0,0,0,0,0,0,0,0,0,0,0,0,0,0,0,0,0,0,9624023,0,0,9624023,0,0,9624023,0,0,9624023,0,0,9624023,0,0,19248046.01,0,0,9624023,0,0,9624023,0,0,19248046.01,0,0,19248046.01,0,0,9624023,0,0,9624023,0,0,9624023,0,0,9624023,0,0,9624023,0,0,9624023,0,0,9624023,0,0,9624023,0,0,9624023,0,0,9624023,0,0,9624023,0,0,9624023,0,0,9624023,0,0,9624023,0,0,9624023,0,0,9624023,0,0,9624023,0,0,9624023,0,0,9624023,0,0,9624023,0,0,9624023,0,0,9624023,0,0,9624023,0,0,9624023,0,0,9624023,0,0,9624023,0,0,9624023,0,0,9624023,0,0,9624023,0,0,9624023,0,0,19248046.01,0,0,9624023,0,0,9624023,0,0,9624023,0,0,9624023,0,0,9624023,0,0,9624023,0,0,9624023
both_sexes,1,AstraZeneca,2021-04-12,COVOBES,0,0,0,0,0,0,0,0,0,0,0,0,0,0,0,0,0,0,0,0,0,0,0,0,0,0,0,0,0,0,0,0,0,0,0,0,0,0,0,0,0,0,0,0,0,0,0,0,0,0,9624023,0,0,9624023,0,0,9624023,0,0,9624023,0,0,9624023,0,0,19248046.01,0,0,9624023,0,0,9624023,0,0,19248046.01,0,0,19248046.01,0,0,9624023,0,0,9624023,0,0,9624023,0,0,9624023,0,0,9624023,0,0,9624023,0,0,9624023,0,0,9624023,0,0,9624023,0,0,9624023,0,0,9624023,0,0,9624023,0,0,9624023,0,0,9624023,0,0,9624023,0,0,9624023,0,0,9624023,0,0,9624023,0,0,9624023,0,0,9624023,0,0,9624023,0,0,9624023,0,0,9624023,0,0,9624023,0,0,9624023,0,0,9624023,0,0,9624023,0,0,9624023,0,0,9624023,0,0,9624023,0,0,19248046.01,0,0,9624023,0,0,9624023,0,0,9624023,0,0,9624023,0,0,9624023,0,0,9624023,0,0,9624023
both_sexes,1,AstraZeneca,2021-04-19,COVOBES,0,0,0,0,0,0,0,0,0,0,0,0,0,0,0,0,0,0,0,0,0,0,0,0,0,0,0,0,0,0,0,0,0,0,0,0,0,0,0,0,0,0,0,0,0,0,0,0,0,0,9624023,0,0,9624023,0,0,9624023,0,0,9624023,0,0,9624023,0,0,19248046.01,0,0,9624023,0,0,9624023,0,0,19248046.01,0,0,19248046.01,0,0,9624023,0,0,9624023,0,0,9624023,0,0,9624023,0,0,9624023,0,0,9624023,0,0,9624023,0,0,9624023,0,0,9624023,0,0,9624023,0,0,9624023,0,0,9624023,0,0,9624023,0,0,9624023,0,0,9624023,0,0,9624023,0,0,9624023,0,0,9624023,0,0,9624023,0,0,9624023,0,0,9624023,0,0,9624023,0,0,9624023,0,0,9624023,0,0,9624023,0,0,9624023,0,0,9624023,0,0,9624023,0,0,9624023,0,0,9624023,0,0,19248046.01,0,0,9624023,0,0,9624023,0,0,9624023,0,0,9624023,0,0,9624023,0,0,9624023,0,0,9624023
both_sexes,1,AstraZeneca,2021-04-26,COVOBES,0,0,0,0,0,0,0,0,0,0,0,0,0,0,0,0,0,0,0,0,0,0,0,0,0,0,0,0,0,0,0,0,0,0,0,0,0,0,0,0,0,0,0,0,0,0,0,0,0,0,9624023,0,0,9624023,0,0,9624023,0,0,9624023,0,0,9624023,0,0,19248046.01,0,0,9624023,0,0,9624023,0,0,19248046.01,0,0,19248046.01,0,0,9624023,0,0,9624023,0,0,9624023,0,0,9624023,0,0,9624023,0,0,9624023,0,0,9624023,0,0,9624023,0,0,9624023,0,0,9624023,0,0,9624023,0,0,9624023,0,0,9624023,0,0,9624023,0,0,9624023,0,0,9624023,0,0,9624023,0,0,9624023,0,0,9624023,0,0,9624023,0,0,9624023,0,0,9624023,0,0,9624023,0,0,9624023,0,0,9624023,0,0,9624023,0,0,9624023,0,0,9624023,0,0,9624023,0,0,9624023,0,0,19248046.01,0,0,9624023,0,0,9624023,0,0,9624023,0,0,9624023,0,0,9624023,0,0,9624023,0,0,9624023
both_sexes,1,AstraZeneca,2021-05-03,COVOBES,0,0,0,0,0,0,0,0,0,0,0,0,0,0,0,0,0,0,0,0,0,0,0,0,0,0,0,0,0,0,0,0,0,0,0,0,0,0,0,0,0,0,0,0,0,0,0,0,0,0,9624023,0,0,9624023,0,0,9624023,0,0,9624023,0,0,9624023,0,0,19248046.01,0,0,9624023,0,0,9624023,0,0,19248046.01,0,0,19248046.01,0,0,9624023,0,0,9624023,0,0,9624023,0,0,9624023,0,0,9624023,0,0,9624023,0,0,9624023,0,0,9624023,0,0,9624023,0,0,9624023,0,0,9624023,0,0,9624023,0,0,9624023,0,0,9624023,0,0,9624023,0,0,9624023,0,0,9624023,0,0,9624023,0,0,9624023,0,0,9624023,0,0,9624023,0,0,9624023,0,0,9624023,0,0,9624023,0,0,9624023,0,0,9624023,0,0,9624023,0,0,9624023,0,0,9624023,0,0,9624023,0,0,19248046.01,0,0,9624023,0,0,9624023,0,0,9624023,0,0,9624023,0,0,9624023,0,0,9624023,0,0,9624023
both_sexes,1,AstraZeneca,2021-05-10,COVOBES,0,0,0,0,0,0,0,0,0,0,0,0,0,0,0,0,0,0,0,0,0,0,0,0,0,0,0,0,0,0,0,0,0,0,0,0,0,0,0,0,0,0,0,0,0,0,0,0,0,0,16842040.26,0,0,16842040.26,0,0,16842040.26,0,0,16842040.26,0,0,16842040.26,0,0,134736322.06,0,0,16842040.26,0,0,16842040.26,0,0,134736322.06,0,0,134736322.06,0,0,16842040.26,0,0,16842040.26,0,0,16842040.26,0,0,16842040.26,0,0,16842040.26,0,0,16842040.26,0,0,16842040.26,0,0,16842040.26,0,0,16842040.26,0,0,16842040.26,0,0,16842040.26,0,0,16842040.26,0,0,16842040.26,0,0,16842040.26,0,0,16842040.26,0,0,16842040.26,0,0,16842040.26,0,0,16842040.26,0,0,16842040.26,0,0,16842040.26,0,0,16842040.26,0,0,16842040.26,0,0,16842040.26,0,0,16842040.26,0,0,16842040.26,0,0,16842040.26,0,0,16842040.26,0,0,16842040.26,0,0,16842040.26,0,0,16842040.26,0,0,134736322.06,0,0,16842040.26,0,0,16842040.26,0,0,16842040.26,0,0,16842040.26,0,0,16842040.26,0,0,16842040.26,0,0,16842040.26
both_sexes,1,Pfizer,2021-06-21,COVOBES,0,0,0,0,0,0,0,0,0,0,0,0,0,0,0,0,0,0,0,0,0,0,0,0,0,0,0,0,0,0,0,0,0,0,0,0,0,0,0,0,0,0,0,0,0,0,0,0,0,0,16842040.26,0,0,16842040.26,0,0,16842040.26,0,0,16842040.26,0,0,26947264.41,0,0,26947264.41,0,0,16842040.26,0,0,26947264.41,0,0,26947264.41,0,0,26947264.41,0,0,16842040.26,0,0,16842040.26,0,0,16842040.26,0,0,16842040.26,0,0,16842040.26,0,0,16842040.26,0,0,16842040.26,0,0,16842040.26,0,0,16842040.26,0,0,16842040.26,0,0,16842040.26,0,0,16842040.26,0,0,16842040.26,0,0,16842040.26,0,0,16842040.26,0,0,16842040.26,0,0,16842040.26,0,0,16842040.26,0,0,16842040.26,0,0,16842040.26,0,0,16842040.26,0,0,16842040.26,0,0,16842040.26,0,0,16842040.26,0,0,16842040.26,0,0,16842040.26,0,0,16842040.26,0,0,16842040.26,0,0,16842040.26,0,0,16842040.26,0,0,26947264.41,0,0,16842040.26,0,0,16842040.26,0,0,16842040.26,0,0,16842040.26,0,0,16842040.26,0,0,16842040.26,0,0,16842040.26
both_sexes,1,Pfizer,2021-06-28,COVOBES,0,0,0,0,0,0,0,0,0,0,0,0,0,0,0,0,0,0,0,0,0,0,0,0,0,0,0,0,0,0,0,0,0,0,0,0,0,0,0,0,0,0,0,0,0,0,0,0,0,0,44912107.35,0,0,44912107.35,0,0,44912107.35,0,0,44912107.35,0,0,44912107.35,0,0,44912107.35,0,0,44912107.35,0,0,44912107.35,0,0,44912107.35,0,0,44912107.35,0,0,44912107.35,0,0,44912107.35,0,0,44912107.35,0,0,44912107.35,0,0,44912107.35,0,0,44912107.35,0,0,44912107.35,0,0,44912107.35,0,0,44912107.35,0,0,44912107.35,0,0,44912107.35,0,0,44912107.35,0,0,44912107.35,0,0,44912107.35,0,0,44912107.35,0,0,44912107.35,0,0,44912107.35,0,0,44912107.35,0,0,44912107.35,0,0,44912107.35,0,0,44912107.35,0,0,44912107.35,0,0,44912107.35,0,0,44912107.35,0,0,44912107.35,0,0,44912107.35,0,0,44912107.35,0,0,44912107.35,0,0,44912107.35,0,0,44912107.35,0,0,44912107.35,0,0,44912107.35,0,0,44912107.35,0,0,44912107.35,0,0,44912107.35,0,0,44912107.35,0,0,44912107.35,0,0,44912107.35
both_sexes,1,Moderna,2021-03-08,COVOBES,0,0,0,0,0,0,0,0,0,0,0,0,0,0,0,0,0,0,0,0,0,0,0,0,0,0,0,0,0,0,0,0,0,0,0,0,0,0,0,0,0,0,0,0,0,0,0,0,0,0,44912107.35,0,0,44912107.35,0,0,44912107.35,,,0,,,0,,,0,0,0,44912107.35,0,0,44912107.35,0,0,44912107.35,0,0,44912107.35,0,0,44912107.35,0,0,44912107.35,0,0,44912107.35,0,0,44912107.35,0,0,44912107.35,0,0,44912107.35,,,0,,,0,0,0,44912107.35,0,0,44912107.35,0,0,44912107.35,0,0,44912107.35,0,0,44912107.35,0,0,44912107.35,0,0,44912107.35,0,0,44912107.35,0,0,44912107.35,0,0,44912107.35,0,0,44912107.35,0,0,44912107.35,0,0,44912107.35,0,0,44912107.35,0,0,44912107.35,0,0,44912107.35,0,0,44912107.35,0,0,44912107.35,0,0,44912107.35,0,0,44912107.35,0,0,44912107.35,0,0,44912107.35,,,0,0,0,44912107.35,0,0,44912107.35,0,0,44912107.35,0,0,44912107.35,0,0,44912107.35,0,0,44912107.35,0,0,44912107.35
both_sexes,1,Moderna,2021-03-15,COVOBES,0,0,0,0,0,0,0,0,0,0,0,0,0,0,0,0,0,0,0,0,0,0,0,0,0,0,0,0,0,0,0,0,0,0,0,0,0,0,0,0,0,0,0,0,0,0,0,0,0,0,19248046.01,0,0,19248046.01,0,0,19248046.01,,,0,,,0,,,0,0,0,19248046.01,0,0,19248046.01,0,0,19248046.01,0,0,19248046.01,0,0,19248046.01,0,0,19248046.01,0,0,19248046.01,0,0,19248046.01,0,0,19248046.01,0,0,19248046.01,,,0,,,0,0,0,19248046.01,0,0,19248046.01,0,0,19248046.01,0,0,19248046.01,0,0,19248046.01,0,0,19248046.01,0,0,19248046.01,0,0,19248046.01,0,0,19248046.01,0,0,19248046.01,0,0,19248046.01,0,0,19248046.01,0,0,19248046.01,0,0,19248046.01,0,0,19248046.01,0,0,19248046.01,0,0,19248046.01,0,0,19248046.01,0,0,19248046.01,0,0,19248046.01,0,0,19248046.01,0,0,19248046.01,,,0,0,0,19248046.01,0,0,19248046.01,0,0,19248046.01,0,0,19248046.01,0,0,19248046.01,0,0,19248046.01,0,0,19248046.01
both_sexes,1,Moderna,2021-03-22,COVOBES,0,0,0,0,0,0,0,0,0,0,0,0,0,0,0,0,0,0,0,0,0,0,0,0,0,0,0,0,0,0,0,0,0,0,0,0,0,0,0,0,0,0,0,0,0,0,0,0,0,0,19248046.01,0,0,19248046.01,0,0,19248046.01,,,0,,,0,,,0,0,0,19248046.01,0,0,19248046.01,0,0,19248046.01,0,0,19248046.01,0,0,19248046.01,0,0,19248046.01,0,0,19248046.01,0,0,19248046.01,0,0,19248046.01,0,0,19248046.01,,,0,,,0,0,0,19248046.01,0,0,19248046.01,0,0,19248046.01,0,0,19248046.01,0,0,19248046.01,0,0,19248046.01,0,0,19248046.01,0,0,19248046.01,0,0,19248046.01,0,0,19248046.01,0,0,19248046.01,0,0,19248046.01,0,0,19248046.01,0,0,19248046.01,0,0,19248046.01,0,0,19248046.01,0,0,19248046.01,0,0,19248046.01,0,0,19248046.01,0,0,19248046.01,0,0,19248046.01,0,0,19248046.01,,,0,0,0,19248046.01,0,0,19248046.01,0,0,19248046.01,0,0,19248046.01,0,0,19248046.01,0,0,19248046.01,0,0,19248046.01
both_sexes,1,Moderna,2021-03-29,COVOBES,0,0,0,0,0,0,0,0,0,0,0,0,0,0,0,0,0,0,0,0,0,0,0,0,0,0,0,0,0,0,0,0,0,0,0,0,0,0,0,0,0,0,0,0,0,0,0,0,0,0,10364332.47,0,0,10364332.47,0,0,10364332.47,0,0,22456053.68,0,0,22456053.68,0,0,22456053.68,0,0,10364332.47,0,0,10364332.47,0,0,10364332.47,0,0,10364332.47,0,0,10364332.47,0,0,10364332.47,0,0,10364332.47,0,0,10364332.47,0,0,10364332.47,0,0,10364332.47,0,0,22456053.68,0,0,22456053.68,0,0,10364332.47,0,0,10364332.47,0,0,10364332.47,0,0,10364332.47,0,0,10364332.47,0,0,10364332.47,0,0,10364332.47,0,0,10364332.47,0,0,10364332.47,0,0,10364332.47,0,0,10364332.47,0,0,10364332.47,0,0,10364332.47,0,0,10364332.47,0,0,10364332.47,0,0,10364332.47,0,0,10364332.47,0,0,10364332.47,0,0,10364332.47,0,0,10364332.47,0,0,10364332.47,0,0,10364332.47,,,0,0,0,10364332.47,0,0,10364332.47,0,0,10364332.47,0,0,10364332.47,0,0,10364332.47,0,0,10364332.47,0,0,10364332.47
both_sexes,1,Moderna,2021-04-05,COVOBES,0,0,0,0,0,0,0,0,0,0,0,0,0,0,0,0,0,0,0,0,0,0,0,0,0,0,0,0,0,0,0,0,0,0,0,0,0,0,0,0,0,0,0,0,0,0,0,0,0,0,9624023,0,0,9624023,0,0,9624023,0,0,11228026.84,0,0,19248046.01,0,0,19248046.01,0,0,9624023,0,0,9624023,0,0,9624023,0,0,9624023,0,0,9624023,0,0,9624023,0,0,9624023,0,0,9624023,0,0,9624023,0,0,9624023,0,0,11228026.84,0,0,11228026.84,0,0,9624023,0,0,9624023,0,0,9624023,0,0,9624023,0,0,9624023,0,0,9624023,0,0,9624023,0,0,9624023,0,0,9624023,0,0,9624023,0,0,9624023,0,0,9624023,0,0,9624023,0,0,9624023,0,0,9624023,0,0,9624023,0,0,9624023,0,0,9624023,0,0,9624023,0,0,9624023,0,0,9624023,0,0,9624023,,,0,0,0,9624023,0,0,9624023,0,0,9624023,0,0,9624023,0,0,9624023,0,0,9624023,0,0,9624023
both_sexes,1,Pfizer,2021-01-04,COVOBES,0,0,0,0,0,0,0,0,0,0,0,0,0,0,0,0,0,0,0,0,0,0,0,0,0,0,0,0,0,0,0,0,0,0,0,0,0,0,0,0,0,0,0,0,0,0,0,0,0,0,134736322.06,0,0,134736322.06,0,0,134736322.06,0,0,134736322.06,0,0,134736322.06,0,0,134736322.06,0,0,134736322.06,0,0,134736322.06,0,0,134736322.06,0,0,134736322.06,0,0,134736322.06,0,0,134736322.06,0,0,134736322.06,0,0,134736322.06,0,0,134736322.06,0,0,134736322.06,0,0,134736322.06,0,0,134736322.06,0,0,134736322.06,0,0,134736322.06,0,0,134736322.06,0,0,134736322.06,0,0,134736322.06,0,0,134736322.06,0,0,134736322.06,0,0,134736322.06,0,0,134736322.06,0,0,134736322.06,0,0,134736322.06,0,0,134736322.06,0,0,134736322.06,0,0,134736322.06,0,0,134736322.06,0,0,134736322.06,0,0,134736322.06,0,0,134736322.06,0,0,134736322.06,0,0,134736322.06,0,0,134736322.06,0,0,134736322.06,0,0,134736322.06,0,0,134736322.06,0,0,134736322.06,0,0,134736322.06,0,0,134736322.06,0,0,134736322.06,0,0,134736322.06,0,0,134736322.06
both_sexes,1,Pfizer,2021-01-11,COVOBES,0,0,0,0,0,0,0,0,0,0,0,0,0,0,0,0,0,0,0,0,0,0,0,0,0,0,0,0,0,0,0,0,0,0,0,0,0,0,0,0,0,0,0,0,0,0,0,0,0,0,19248046.01,0,0,19248046.01,0,0,19248046.01,0,0,19248046.01,0,0,19248046.01,0,0,19248046.01,0,0,19248046.01,0,0,19248046.01,0,0,19248046.01,0,0,19248046.01,0,0,19248046.01,0,0,19248046.01,0,0,19248046.01,0,0,19248046.01,0,0,19248046.01,0,0,19248046.01,0,0,19248046.01,0,0,19248046.01,0,0,19248046.01,0,0,19248046.01,0,0,19248046.01,0,0,19248046.01,0,0,19248046.01,0,0,19248046.01,0,0,19248046.01,0,0,19248046.01,0,0,19248046.01,0,0,19248046.01,0,0,19248046.01,0,0,19248046.01,0,0,19248046.01,0,0,19248046.01,0,0,19248046.01,0,0,19248046.01,0,0,19248046.01,0,0,19248046.01,0,0,19248046.01,0,0,19248046.01,0,0,19248046.01,0,0,19248046.01,0,0,19248046.01,0,0,19248046.01,0,0,19248046.01,0,0,19248046.01,0,0,19248046.01,0,0,19248046.01,0,0,19248046.01,0,0,19248046.01
both_sexes,1,Pfizer,2021-01-18,COVOBES,0,0,0,0,0,0,0,0,0,0,0,0,0,0,0,0,0,0,0,0,0,0,0,0,0,0,0,0,0,0,0,0,0,0,0,0,0,0,0,0,0,0,0,0,0,0,0,0,0,0,19248046.01,0,0,19248046.01,0,0,19248046.01,0,0,19248046.01,0,0,19248046.01,0,0,19248046.01,0,0,19248046.01,0,0,19248046.01,0,0,19248046.01,0,0,19248046.01,0,0,19248046.01,0,0,19248046.01,0,0,19248046.01,0,0,19248046.01,0,0,19248046.01,0,0,19248046.01,0,0,19248046.01,0,0,19248046.01,0,0,19248046.01,0,0,19248046.01,0,0,19248046.01,0,0,19248046.01,0,0,19248046.01,0,0,19248046.01,0,0,19248046.01,0,0,19248046.01,0,0,19248046.01,0,0,19248046.01,0,0,19248046.01,0,0,19248046.01,0,0,19248046.01,0,0,19248046.01,0,0,19248046.01,0,0,19248046.01,0,0,19248046.01,0,0,19248046.01,0,0,19248046.01,0,0,19248046.01,0,0,19248046.01,0,0,19248046.01,0,0,19248046.01,0,0,19248046.01,0,0,19248046.01,0,0,19248046.01,0,0,19248046.01,0,0,19248046.01,0,0,19248046.01,0,0,19248046.01
both_sexes,1,Pfizer,2021-01-25,COVOBES,0,0,0,0,0,0,0,0,0,0,0,0,0,0,0,0,0,0,0,0,0,0,0,0,0,0,0,0,0,0,0,0,0,0,0,0,0,0,0,0,0,0,0,0,0,0,0,0,0,0,33684080.52,0,0,33684080.52,0,0,33684080.52,0,0,33684080.52,0,0,33684080.52,0,0,33684080.52,0,0,33684080.52,0,0,33684080.52,0,0,33684080.52,0,0,33684080.52,0,0,33684080.52,0,0,33684080.52,0,0,33684080.52,0,0,33684080.52,0,0,33684080.52,0,0,33684080.52,0,0,33684080.52,0,0,33684080.52,0,0,33684080.52,0,0,33684080.52,0,0,33684080.52,0,0,33684080.52,0,0,33684080.52,0,0,33684080.52,0,0,33684080.52,0,0,33684080.52,0,0,33684080.52,0,0,33684080.52,0,0,33684080.52,0,0,33684080.52,0,0,33684080.52,0,0,33684080.52,0,0,33684080.52,0,0,33684080.52,0,0,33684080.52,0,0,33684080.52,0,0,33684080.52,0,0,33684080.52,0,0,33684080.52,0,0,33684080.52,0,0,33684080.52,0,0,33684080.52,0,0,33684080.52,0,0,33684080.52,0,0,33684080.52,0,0,33684080.52,0,0,33684080.52,0,0,33684080.52
both_sexes,2,Moderna,2021-04-05,COVOBES,0,0,0,0,0,0,0,0,0,0,0,0,0,0,0,0,0,0,0,0,0,0,0,0,0,0,0,0,0,0,0,0,0,0,0,0,0,0,0,0,0,0,0,0,0,0,0,0,0,0,26947264.41,0,0,26947264.41,0,0,26947264.41,,,0,,,0,,,0,0,0,26947264.41,0,0,26947264.41,0,0,26947264.41,0,0,26947264.41,0,0,26947264.41,0,0,26947264.41,0,0,26947264.41,0,0,26947264.41,0,0,26947264.41,0,0,26947264.41,,,0,,,0,0,0,26947264.41,0,0,26947264.41,0,0,26947264.41,0,0,26947264.41,0,0,26947264.41,0,0,26947264.41,0,0,26947264.41,0,0,26947264.41,0,0,26947264.41,0,0,26947264.41,0,0,26947264.41,0,0,26947264.41,0,0,26947264.41,0,0,26947264.41,0,0,26947264.41,0,0,26947264.41,0,0,26947264.41,0,0,26947264.41,0,0,26947264.41,0,0,26947264.41,0,0,26947264.41,0,0,26947264.41,,,0,0,0,26947264.41,0,0,26947264.41,0,0,26947264.41,0,0,26947264.41,0,0,26947264.41,0,0,26947264.41,0,0,26947264.41
both_sexes,2,Moderna,2021-04-12,COVOBES,0,0,0,0,0,0,0,0,0,0,0,0,0,0,0,0,0,0,0,0,0,0,0,0,0,0,0,0,0,0,0,0,0,0,0,0,0,0,0,0,0,0,0,0,0,0,0,0,0,0,19248046.01,0,0,19248046.01,0,0,19248046.01,,,0,,,0,,,0,0,0,19248046.01,0,0,19248046.01,0,0,19248046.01,0,0,19248046.01,0,0,19248046.01,0,0,19248046.01,0,0,19248046.01,0,0,19248046.01,0,0,19248046.01,0,0,19248046.01,,,0,,,0,0,0,19248046.01,0,0,19248046.01,0,0,19248046.01,0,0,19248046.01,0,0,19248046.01,0,0,19248046.01,0,0,19248046.01,0,0,19248046.01,0,0,19248046.01,0,0,19248046.01,0,0,19248046.01,0,0,19248046.01,0,0,19248046.01,0,0,19248046.01,0,0,19248046.01,0,0,19248046.01,0,0,19248046.01,0,0,19248046.01,0,0,19248046.01,0,0,19248046.01,0,0,19248046.01,0,0,19248046.01,,,0,0,0,19248046.01,0,0,19248046.01,0,0,19248046.01,0,0,19248046.01,0,0,19248046.01,0,0,19248046.01,0,0,19248046.01
both_sexes,2,Moderna,2021-04-19,COVOBES,0,0,0,0,0,0,0,0,0,0,0,0,0,0,0,0,0,0,0,0,0,0,0,0,0,0,0,0,0,0,0,0,0,0,0,0,0,0,0,0,0,0,0,0,0,0,0,0,0,0,19248046.01,0,0,19248046.01,0,0,19248046.01,,,0,,,0,,,0,0,0,19248046.01,0,0,19248046.01,0,0,19248046.01,0,0,19248046.01,0,0,19248046.01,0,0,19248046.01,0,0,19248046.01,0,0,19248046.01,0,0,19248046.01,0,0,19248046.01,,,0,,,0,0,0,19248046.01,0,0,19248046.01,0,0,19248046.01,0,0,19248046.01,0,0,19248046.01,0,0,19248046.01,0,0,19248046.01,0,0,19248046.01,0,0,19248046.01,0,0,19248046.01,0,0,19248046.01,0,0,19248046.01,0,0,19248046.01,0,0,19248046.01,0,0,19248046.01,0,0,19248046.01,0,0,19248046.01,0,0,19248046.01,0,0,19248046.01,0,0,19248046.01,0,0,19248046.01,0,0,19248046.01,,,0,0,0,19248046.01,0,0,19248046.01,0,0,19248046.01,0,0,19248046.01,0,0,19248046.01,0,0,19248046.01,0,0,19248046.01
both_sexes,2,Moderna,2021-04-26,COVOBES,0,0,0,0,0,0,0,0,0,0,0,0,0,0,0,0,0,0,0,0,0,0,0,0,0,0,0,0,0,0,0,0,0,0,0,0,0,0,0,0,0,0,0,0,0,0,0,0,0,0,11228026.84,0,0,11228026.84,0,0,11228026.84,0,0,26947264.41,0,0,26947264.41,0,0,26947264.41,0,0,11228026.84,0,0,11228026.84,0,0,11228026.84,0,0,11228026.84,0,0,11228026.84,0,0,11228026.84,0,0,11228026.84,0,0,11228026.84,0,0,11228026.84,0,0,11228026.84,0,0,26947264.41,0,0,26947264.41,0,0,11228026.84,0,0,11228026.84,0,0,11228026.84,0,0,11228026.84,0,0,11228026.84,0,0,11228026.84,0,0,11228026.84,0,0,11228026.84,0,0,11228026.84,0,0,11228026.84,0,0,11228026.84,0,0,11228026.84,0,0,11228026.84,0,0,11228026.84,0,0,11228026.84,0,0,11228026.84,0,0,11228026.84,0,0,11228026.84,0,0,11228026.84,0,0,11228026.84,0,0,11228026.84,0,0,11228026.84,,,0,0,0,11228026.84,0,0,11228026.84,0,0,11228026.84,0,0,11228026.84,0,0,11228026.84,0,0,11228026.84,0,0,11228026.84
both_sexes,2,Moderna,2021-05-03,COVOBES,0,0,0,0,0,0,0,0,0,0,0,0,0,0,0,0,0,0,0,0,0,0,0,0,0,0,0,0,0,0,0,0,0,0,0,0,0,0,0,0,0,0,0,0,0,0,0,0,0,0,8982421.47,0,0,8982421.47,0,0,8982421.47,0,0,16842040.26,0,0,19248046.01,0,0,19248046.01,0,0,8982421.47,0,0,8982421.47,0,0,8982421.47,0,0,8982421.47,0,0,8982421.47,0,0,8982421.47,0,0,8982421.47,0,0,8982421.47,0,0,8982421.47,0,0,8982421.47,0,0,16842040.26,0,0,16842040.26,0,0,8982421.47,0,0,8982421.47,0,0,8982421.47,0,0,8982421.47,0,0,8982421.47,0,0,8982421.47,0,0,8982421.47,0,0,8982421.47,0,0,8982421.47,0,0,8982421.47,0,0,8982421.47,0,0,8982421.47,0,0,8982421.47,0,0,8982421.47,0,0,8982421.47,0,0,8982421.47,0,0,8982421.47,0,0,8982421.47,0,0,8982421.47,0,0,8982421.47,0,0,8982421.47,0,0,8982421.47,,,0,0,0,8982421.47,0,0,8982421.47,0,0,8982421.47,0,0,8982421.47,0,0,8982421.47,0,0,8982421.47,0,0,8982421.47
both_sexes,2,Moderna,2021-05-10,COVOBES,0,0,0,0,0,0,0,0,0,0,0,0,0,0,0,0,0,0,0,0,0,0,0,0,0,0,0,0,0,0,0,0,0,0,0,0,0,0,0,0,0,0,0,0,0,0,0,0,0,0,6416015.34,0,0,6416015.34,0,0,6416015.34,0,0,9624023,0,0,19248046.01,0,0,19248046.01,0,0,6416015.34,0,0,6416015.34,0,0,6416015.34,0,0,6416015.34,0,0,6416015.34,0,0,6416015.34,0,0,6416015.34,0,0,6416015.34,0,0,6416015.34,0,0,6416015.34,0,0,9624023,0,0,9624023,0,0,6416015.34,0,0,6416015.34,0,0,6416015.34,0,0,6416015.34,0,0,6416015.34,0,0,6416015.34,0,0,6416015.34,0,0,6416015.34,0,0,6416015.34,0,0,6416015.34,0,0,6416015.34,0,0,6416015.34,0,0,6416015.34,0,0,6416015.34,0,0,6416015.34,0,0,6416015.34,0,0,6416015.34,0,0,6416015.34,0,0,6416015.34,0,0,6416015.34,0,0,6416015.34,0,0,6416015.34,,,0,0,0,6416015.34,0,0,6416015.34,0,0,6416015.34,0,0,6416015.34,0,0,6416015.34,0,0,6416015.34,0,0,6416015.34
both_sexes,2,Moderna,2021-05-17,COVOBES,0,0,0,0,0,0,0,0,0,0,0,0,0,0,0,0,0,0,0,0,0,0,0,0,0,0,0,0,0,0,0,0,0,0,0,0,0,0,0,0,0,0,0,0,0,0,0,0,0,0,6416015.34,0,0,6416015.34,0,0,6416015.34,0,0,9624023,0,0,19248046.01,0,0,19248046.01,0,0,6416015.34,0,0,6416015.34,0,0,6416015.34,0,0,6416015.34,0,0,6416015.34,0,0,6416015.34,0,0,6416015.34,0,0,6416015.34,0,0,6416015.34,0,0,6416015.34,0,0,9624023,0,0,9624023,0,0,6416015.34,0,0,6416015.34,0,0,6416015.34,0,0,6416015.34,0,0,6416015.34,0,0,6416015.34,0,0,6416015.34,0,0,6416015.34,0,0,6416015.34,0,0,6416015.34,0,0,6416015.34,0,0,6416015.34,0,0,6416015.34,0,0,6416015.34,0,0,6416015.34,0,0,6416015.34,0,0,6416015.34,0,0,6416015.34,0,0,6416015.34,0,0,6416015.34,0,0,6416015.34,0,0,6416015.34,,,0,0,0,6416015.34,0,0,6416015.34,0,0,6416015.34,0,0,6416015.34,0,0,6416015.34,0,0,6416015.34,0,0,6416015.34
both_sexes,2,Moderna,2021-05-24,COVOBES,0,0,0,0,0,0,0,0,0,0,0,0,0,0,0,0,0,0,0,0,0,0,0,0,0,0,0,0,0,0,0,0,0,0,0,0,0,0,0,0,0,0,0,0,0,0,0,0,0,0,6416015.34,0,0,6416015.34,0,0,6416015.34,0,0,9624023,0,0,19248046.01,0,0,19248046.01,0,0,6416015.34,0,0,6416015.34,0,0,6416015.34,0,0,6416015.34,0,0,6416015.34,0,0,6416015.34,0,0,6416015.34,0,0,6416015.34,0,0,6416015.34,0,0,6416015.34,0,0,9624023,0,0,9624023,0,0,6416015.34,0,0,6416015.34,0,0,6416015.34,0,0,6416015.34,0,0,6416015.34,0,0,6416015.34,0,0,6416015.34,0,0,6416015.34,0,0,6416015.34,0,0,6416015.34,0,0,6416015.34,0,0,6416015.34,0,0,6416015.34,0,0,6416015.34,0,0,6416015.34,0,0,6416015.34,0,0,6416015.34,0,0,6416015.34,0,0,6416015.34,0,0,6416015.34,0,0,6416015.34,0,0,6416015.34,,,0,0,0,6416015.34,0,0,6416015.34,0,0,6416015.34,0,0,6416015.34,0,0,6416015.34,0,0,6416015.34,0,0,6416015.34
both_sexes,2,Moderna,2021-05-31,COVOBES,0,0,0,0,0,0,0,0,0,0,0,0,0,0,0,0,0,0,0,0,0,0,0,0,0,0,0,0,0,0,0,0,0,0,0,0,0,0,0,0,0,0,0,0,0,0,0,0,0,0,6416015.34,0,0,6416015.34,0,0,6416015.34,0,0,9624023,0,0,19248046.01,0,0,19248046.01,0,0,6416015.34,0,0,6416015.34,0,0,6416015.34,0,0,6416015.34,0,0,6416015.34,0,0,6416015.34,0,0,6416015.34,0,0,6416015.34,0,0,6416015.34,0,0,6416015.34,0,0,9624023,0,0,9624023,0,0,6416015.34,0,0,6416015.34,0,0,6416015.34,0,0,6416015.34,0,0,6416015.34,0,0,6416015.34,0,0,6416015.34,0,0,6416015.34,0,0,6416015.34,0,0,6416015.34,0,0,6416015.34,0,0,6416015.34,0,0,6416015.34,0,0,6416015.34,0,0,6416015.34,0,0,6416015.34,0,0,6416015.34,0,0,6416015.34,0,0,6416015.34,0,0,6416015.34,0,0,6416015.34,0,0,6416015.34,,,0,0,0,6416015.34,0,0,6416015.34,0,0,6416015.34,0,0,6416015.34,0,0,6416015.34,0,0,6416015.34,0,0,6416015.34
both_sexes,2,Moderna,2021-06-07,COVOBES,0,0,0,0,0,0,0,0,0,0,0,0,0,0,0,0,0,0,0,0,0,0,0,0,0,0,0,0,0,0,0,0,0,0,0,0,0,0,0,0,0,0,0,0,0,0,0,0,0,0,6416015.34,0,0,6416015.34,0,0,6416015.34,0,0,9624023,0,0,19248046.01,0,0,19248046.01,0,0,6416015.34,0,0,6416015.34,0,0,6416015.34,0,0,6416015.34,0,0,6416015.34,0,0,6416015.34,0,0,6416015.34,0,0,6416015.34,0,0,6416015.34,0,0,6416015.34,0,0,9624023,0,0,9624023,0,0,6416015.34,0,0,6416015.34,0,0,6416015.34,0,0,6416015.34,0,0,6416015.34,0,0,6416015.34,0,0,6416015.34,0,0,6416015.34,0,0,6416015.34,0,0,6416015.34,0,0,6416015.34,0,0,6416015.34,0,0,6416015.34,0,0,6416015.34,0,0,6416015.34,0,0,6416015.34,0,0,6416015.34,0,0,6416015.34,0,0,6416015.34,0,0,6416015.34,0,0,6416015.34,0,0,6416015.34,,,0,0,0,6416015.34,0,0,6416015.34,0,0,6416015.34,0,0,6416015.34,0,0,6416015.34,0,0,6416015.34,0,0,6416015.34
both_sexes,2,Moderna,2021-06-14,COVOBES,0,0,0,0,0,0,0,0,0,0,0,0,0,0,0,0,0,0,0,0,0,0,0,0,0,0,0,0,0,0,0,0,0,0,0,0,0,0,0,0,0,0,0,0,0,0,0,0,0,0,6416015.34,0,0,6416015.34,0,0,6416015.34,0,0,9624023,0,0,19248046.01,0,0,19248046.01,0,0,6416015.34,0,0,6416015.34,0,0,6416015.34,0,0,6416015.34,0,0,6416015.34,0,0,6416015.34,0,0,6416015.34,0,0,6416015.34,0,0,6416015.34,0,0,6416015.34,0,0,9624023,0,0,9624023,0,0,6416015.34,0,0,6416015.34,0,0,6416015.34,0,0,6416015.34,0,0,6416015.34,0,0,6416015.34,0,0,6416015.34,0,0,6416015.34,0,0,6416015.34,0,0,6416015.34,0,0,6416015.34,0,0,6416015.34,0,0,6416015.34,0,0,6416015.34,0,0,6416015.34,0,0,6416015.34,0,0,6416015.34,0,0,6416015.34,0,0,6416015.34,0,0,6416015.34,0,0,6416015.34,0,0,6416015.34,,,0,0,0,6416015.34,0,0,6416015.34,0,0,6416015.34,0,0,6416015.34,0,0,6416015.34,0,0,6416015.34,0,0,6416015.34
both_sexes,2,Moderna,2021-06-21,COVOBES,0,0,0,0,0,0,0,0,0,0,0,0,0,0,0,0,0,0,0,0,0,0,0,0,0,0,0,0,0,0,0,0,0,0,0,0,0,0,0,0,0,0,0,0,0,0,0,0,0,0,6416015.34,0,0,6416015.34,0,0,6416015.34,0,0,9624023,0,0,19248046.01,0,0,19248046.01,0,0,6416015.34,0,0,6416015.34,0,0,6416015.34,0,0,6416015.34,0,0,6416015.34,0,0,6416015.34,0,0,6416015.34,0,0,6416015.34,0,0,6416015.34,0,0,6416015.34,0,0,9624023,0,0,9624023,0,0,6416015.34,0,0,6416015.34,0,0,6416015.34,0,0,6416015.34,0,0,6416015.34,0,0,6416015.34,0,0,6416015.34,0,0,6416015.34,0,0,6416015.34,0,0,6416015.34,0,0,6416015.34,0,0,6416015.34,0,0,6416015.34,0,0,6416015.34,0,0,6416015.34,0,0,6416015.34,0,0,6416015.34,0,0,6416015.34,0,0,6416015.34,0,0,6416015.34,0,0,6416015.34,0,0,6416015.34,,,0,0,0,6416015.34,0,0,6416015.34,0,0,6416015.34,0,0,6416015.34,0,0,6416015.34,0,0,6416015.34,0,0,6416015.34
both_sexes,2,Moderna,2021-06-28,COVOBES,0,0,0,0,0,0,0,0,0,0,0,0,0,0,0,0,0,0,0,0,0,0,0,0,0,0,0,0,0,0,0,0,0,0,0,0,0,0,0,0,0,0,0,0,0,0,0,0,0,0,14970702.45,0,0,14970702.45,0,0,14970702.45,0,0,22456053.68,0,0,44912107.35,0,0,44912107.35,0,0,14970702.45,0,0,14970702.45,0,0,14970702.45,0,0,14970702.45,0,0,14970702.45,0,0,14970702.45,0,0,14970702.45,0,0,14970702.45,0,0,14970702.45,0,0,14970702.45,0,0,22456053.68,0,0,22456053.68,0,0,14970702.45,0,0,14970702.45,0,0,14970702.45,0,0,14970702.45,0,0,14970702.45,0,0,14970702.45,0,0,14970702.45,0,0,14970702.45,0,0,14970702.45,0,0,14970702.45,0,0,14970702.45,0,0,14970702.45,0,0,14970702.45,0,0,14970702.45,0,0,14970702.45,0,0,14970702.45,0,0,14970702.45,0,0,14970702.45,0,0,14970702.45,0,0,14970702.45,0,0,14970702.45,0,0,14970702.45,,,0,0,0,14970702.45,0,0,14970702.45,0,0,14970702.45,0,0,14970702.45,0,0,14970702.45,0,0,14970702.45,0,0,14970702.45
both_sexes,2,Pfizer,2021-01-25,COVOBES,0,0,0,0,0,0,0,0,0,0,0,0,0,0,0,0,0,0,0,0,0,0,0,0,0,0,0,0,0,0,0,0,0,0,0,0,0,0,0,0,0,0,0,0,0,0,0,0,0,0,44912107.35,0,0,44912107.35,0,0,44912107.35,0,0,44912107.35,0,0,44912107.35,0,0,44912107.35,0,0,44912107.35,0,0,44912107.35,0,0,44912107.35,0,0,44912107.35,0,0,44912107.35,0,0,44912107.35,0,0,44912107.35,0,0,44912107.35,0,0,44912107.35,0,0,44912107.35,0,0,44912107.35,0,0,44912107.35,0,0,44912107.35,0,0,44912107.35,0,0,44912107.35,0,0,44912107.35,0,0,44912107.35,0,0,44912107.35,0,0,44912107.35,0,0,44912107.35,0,0,44912107.35,0,0,44912107.35,0,0,44912107.35,0,0,44912107.35,0,0,44912107.35,0,0,44912107.35,0,0,44912107.35,0,0,44912107.35,0,0,44912107.35,0,0,44912107.35,0,0,44912107.35,0,0,44912107.35,0,0,44912107.35,0,0,44912107.35,0,0,44912107.35,0,0,44912107.35,0,0,44912107.35,0,0,44912107.35,0,0,44912107.35,0,0,44912107.35,0,0,44912107.35,0,0,44912107.35
both_sexes,2,Pfizer,2021-02-01,COVOBES,0,0,0,0,0,0,0,0,0,0,0,0,0,0,0,0,0,0,0,0,0,0,0,0,0,0,0,0,0,0,0,0,0,0,0,0,0,0,0,0,0,0,0,0,0,0,0,0,0,0,19248046.01,0,0,19248046.01,0,0,19248046.01,0,0,19248046.01,0,0,19248046.01,0,0,19248046.01,0,0,19248046.01,0,0,19248046.01,0,0,19248046.01,0,0,19248046.01,0,0,19248046.01,0,0,19248046.01,0,0,19248046.01,0,0,19248046.01,0,0,19248046.01,0,0,19248046.01,0,0,19248046.01,0,0,19248046.01,0,0,19248046.01,0,0,19248046.01,0,0,19248046.01,0,0,19248046.01,0,0,19248046.01,0,0,19248046.01,0,0,19248046.01,0,0,19248046.01,0,0,19248046.01,0,0,19248046.01,0,0,19248046.01,0,0,19248046.01,0,0,19248046.01,0,0,19248046.01,0,0,19248046.01,0,0,19248046.01,0,0,19248046.01,0,0,19248046.01,0,0,19248046.01,0,0,19248046.01,0,0,19248046.01,0,0,19248046.01,0,0,19248046.01,0,0,19248046.01,0,0,19248046.01,0,0,19248046.01,0,0,19248046.01,0,0,19248046.01,0,0,19248046.01,0,0,19248046.01
both_sexes,2,Pfizer,2021-02-08,COVOBES,0,0,0,0,0,0,0,0,0,0,0,0,0,0,0,0,0,0,0,0,0,0,0,0,0,0,0,0,0,0,0,0,0,0,0,0,0,0,0,0,0,0,0,0,0,0,0,0,0,0,19248046.01,0,0,19248046.01,0,0,19248046.01,0,0,19248046.01,0,0,19248046.01,0,0,19248046.01,0,0,19248046.01,0,0,19248046.01,0,0,19248046.01,0,0,19248046.01,0,0,19248046.01,0,0,19248046.01,0,0,19248046.01,0,0,19248046.01,0,0,19248046.01,0,0,19248046.01,0,0,19248046.01,0,0,19248046.01,0,0,19248046.01,0,0,19248046.01,0,0,19248046.01,0,0,19248046.01,0,0,19248046.01,0,0,19248046.01,0,0,19248046.01,0,0,19248046.01,0,0,19248046.01,0,0,19248046.01,0,0,19248046.01,0,0,19248046.01,0,0,19248046.01,0,0,19248046.01,0,0,19248046.01,0,0,19248046.01,0,0,19248046.01,0,0,19248046.01,0,0,19248046.01,0,0,19248046.01,0,0,19248046.01,0,0,19248046.01,0,0,19248046.01,0,0,19248046.01,0,0,19248046.01,0,0,19248046.01,0,0,19248046.01,0,0,19248046.01,0,0,19248046.01,0,0,19248046.01
both_sexes,2,Pfizer,2021-02-15,COVOBES,0,0,0,0,0,0,0,0,0,0,0,0,0,0,0,0,0,0,0,0,0,0,0,0,0,0,0,0,0,0,0,0,0,0,0,0,0,0,0,0,0,0,0,0,0,0,0,0,0,0,19248046.01,0,0,19248046.01,0,0,19248046.01,0,0,19248046.01,0,0,19248046.01,0,0,19248046.01,0,0,19248046.01,0,0,19248046.01,0,0,19248046.01,0,0,19248046.01,0,0,19248046.01,0,0,19248046.01,0,0,19248046.01,0,0,19248046.01,0,0,19248046.01,0,0,19248046.01,0,0,19248046.01,0,0,19248046.01,0,0,19248046.01,0,0,19248046.01,0,0,19248046.01,0,0,19248046.01,0,0,19248046.01,0,0,19248046.01,0,0,19248046.01,0,0,19248046.01,0,0,19248046.01,0,0,19248046.01,0,0,19248046.01,0,0,19248046.01,0,0,19248046.01,0,0,19248046.01,0,0,19248046.01,0,0,19248046.01,0,0,19248046.01,0,0,19248046.01,0,0,19248046.01,0,0,19248046.01,0,0,19248046.01,0,0,19248046.01,0,0,19248046.01,0,0,19248046.01,0,0,19248046.01,0,0,19248046.01,0,0,19248046.01,0,0,19248046.01,0,0,19248046.01,0,0,19248046.01
both_sexes,2,Pfizer,2021-02-22,COVOBES,0,0,0,0,0,0,0,0,0,0,0,0,0,0,0,0,0,0,0,0,0,0,0,0,0,0,0,0,0,0,0,0,0,0,0,0,0,0,0,0,0,0,0,0,0,0,0,0,0,0,19248046.01,0,0,19248046.01,0,0,19248046.01,0,0,19248046.01,0,0,19248046.01,0,0,19248046.01,0,0,19248046.01,0,0,19248046.01,0,0,19248046.01,0,0,19248046.01,0,0,19248046.01,0,0,19248046.01,0,0,19248046.01,0,0,19248046.01,0,0,19248046.01,0,0,19248046.01,0,0,19248046.01,0,0,19248046.01,0,0,19248046.01,0,0,19248046.01,0,0,19248046.01,0,0,19248046.01,0,0,19248046.01,0,0,19248046.01,0,0,19248046.01,0,0,19248046.01,0,0,19248046.01,0,0,19248046.01,0,0,19248046.01,0,0,19248046.01,0,0,19248046.01,0,0,19248046.01,0,0,19248046.01,0,0,19248046.01,0,0,19248046.01,0,0,19248046.01,0,0,19248046.01,0,0,19248046.01,0,0,19248046.01,0,0,19248046.01,0,0,19248046.01,0,0,19248046.01,0,0,19248046.01,0,0,19248046.01,0,0,19248046.01,0,0,19248046.01,0,0,19248046.01,0,0,19248046.01
both_sexes,2,Pfizer,2021-03-01,COVOBES,0,0,0,0,0,0,0,0,0,0,0,0,0,0,0,0,0,0,0,0,0,0,0,0,0,0,0,0,0,0,0,0,0,0,0,0,0,0,0,0,0,0,0,0,0,0,0,0,0,0,19248046.01,0,0,19248046.01,0,0,19248046.01,0,0,19248046.01,0,0,19248046.01,0,0,19248046.01,0,0,19248046.01,0,0,19248046.01,0,0,19248046.01,0,0,19248046.01,0,0,19248046.01,0,0,19248046.01,0,0,19248046.01,0,0,19248046.01,0,0,19248046.01,0,0,19248046.01,0,0,19248046.01,0,0,19248046.01,0,0,19248046.01,0,0,19248046.01,0,0,19248046.01,0,0,19248046.01,0,0,19248046.01,0,0,19248046.01,0,0,19248046.01,0,0,19248046.01,0,0,19248046.01,0,0,19248046.01,0,0,19248046.01,0,0,19248046.01,0,0,19248046.01,0,0,19248046.01,0,0,19248046.01,0,0,19248046.01,0,0,19248046.01,0,0,19248046.01,0,0,19248046.01,0,0,19248046.01,0,0,19248046.01,0,0,19248046.01,0,0,19248046.01,0,0,19248046.01,0,0,19248046.01,0,0,19248046.01,0,0,19248046.01,0,0,19248046.01,0,0,19248046.01,0,0,19248046.01
both_sexes,2,Pfizer,2021-03-08,COVOBES,0,0,0,0,0,0,0,0,0,0,0,0,0,0,0,0,0,0,0,0,0,0,0,0,0,0,0,0,0,0,0,0,0,0,0,0,0,0,0,0,0,0,0,0,0,0,0,0,0,0,19248046.01,0,0,19248046.01,0,0,19248046.01,0,0,19248046.01,0,0,19248046.01,0,0,19248046.01,0,0,19248046.01,0,0,19248046.01,0,0,19248046.01,0,0,19248046.01,0,0,19248046.01,0,0,19248046.01,0,0,19248046.01,0,0,19248046.01,0,0,19248046.01,0,0,19248046.01,0,0,19248046.01,0,0,19248046.01,0,0,19248046.01,0,0,19248046.01,0,0,19248046.01,0,0,19248046.01,0,0,19248046.01,0,0,19248046.01,0,0,19248046.01,0,0,19248046.01,0,0,19248046.01,0,0,19248046.01,0,0,19248046.01,0,0,19248046.01,0,0,19248046.01,0,0,19248046.01,0,0,19248046.01,0,0,19248046.01,0,0,19248046.01,0,0,19248046.01,0,0,19248046.01,0,0,19248046.01,0,0,19248046.01,0,0,19248046.01,0,0,19248046.01,0,0,19248046.01,0,0,19248046.01,0,0,19248046.01,0,0,19248046.01,0,0,19248046.01,0,0,19248046.01,0,0,19248046.01
both_sexes,2,Pfizer,2021-03-15,COVOBES,0,0,0,0,0,0,0,0,0,0,0,0,0,0,0,0,0,0,0,0,0,0,0,0,0,0,0,0,0,0,0,0,0,0,0,0,0,0,0,0,0,0,0,0,0,0,0,0,0,0,19248046.01,0,0,19248046.01,0,0,19248046.01,0,0,19248046.01,0,0,19248046.01,0,0,19248046.01,0,0,19248046.01,0,0,19248046.01,0,0,19248046.01,0,0,19248046.01,0,0,19248046.01,0,0,19248046.01,0,0,19248046.01,0,0,19248046.01,0,0,19248046.01,0,0,19248046.01,0,0,19248046.01,0,0,19248046.01,0,0,19248046.01,0,0,19248046.01,0,0,19248046.01,0,0,19248046.01,0,0,19248046.01,0,0,19248046.01,0,0,19248046.01,0,0,19248046.01,0,0,19248046.01,0,0,19248046.01,0,0,19248046.01,0,0,19248046.01,0,0,19248046.01,0,0,19248046.01,0,0,19248046.01,0,0,19248046.01,0,0,19248046.01,0,0,19248046.01,0,0,19248046.01,0,0,19248046.01,0,0,19248046.01,0,0,19248046.01,0,0,19248046.01,0,0,19248046.01,0,0,19248046.01,0,0,19248046.01,0,0,19248046.01,0,0,19248046.01,0,0,19248046.01,0,0,19248046.01
both_sexes,2,Pfizer,2021-03-22,COVOBES,0,0,0,0,0,0,0,0,0,0,0,0,0,0,0,0,0,0,0,0,0,0,0,0,0,0,0,0,0,0,0,0,0,0,0,0,0,0,0,0,0,0,0,0,0,0,0,0,0,0,19248046.01,0,0,19248046.01,0,0,19248046.01,0,0,19248046.01,0,0,19248046.01,0,0,19248046.01,0,0,19248046.01,0,0,19248046.01,0,0,19248046.01,0,0,19248046.01,0,0,19248046.01,0,0,19248046.01,0,0,19248046.01,0,0,19248046.01,0,0,19248046.01,0,0,19248046.01,0,0,19248046.01,0,0,19248046.01,0,0,19248046.01,0,0,19248046.01,0,0,19248046.01,0,0,19248046.01,0,0,19248046.01,0,0,19248046.01,0,0,19248046.01,0,0,19248046.01,0,0,19248046.01,0,0,19248046.01,0,0,19248046.01,0,0,19248046.01,0,0,19248046.01,0,0,19248046.01,0,0,19248046.01,0,0,19248046.01,0,0,19248046.01,0,0,19248046.01,0,0,19248046.01,0,0,19248046.01,0,0,19248046.01,0,0,19248046.01,0,0,19248046.01,0,0,19248046.01,0,0,19248046.01,0,0,19248046.01,0,0,19248046.01,0,0,19248046.01,0,0,19248046.01,0,0,19248046.01
both_sexes,2,Pfizer,2021-03-29,COVOBES,0,0,0,0,0,0,0,0,0,0,0,0,0,0,0,0,0,0,0,0,0,0,0,0,0,0,0,0,0,0,0,0,0,0,0,0,0,0,0,0,0,0,0,0,0,0,0,0,0,0,13473632.21,0,0,13473632.21,0,0,13473632.21,0,0,13473632.21,0,0,13473632.21,0,0,19248046.01,0,0,13473632.21,0,0,19248046.01,0,0,13473632.21,0,0,13473632.21,0,0,13473632.21,0,0,13473632.21,0,0,13473632.21,0,0,13473632.21,0,0,13473632.21,0,0,13473632.21,0,0,13473632.21,0,0,13473632.21,0,0,13473632.21,0,0,13473632.21,0,0,13473632.21,0,0,13473632.21,0,0,13473632.21,0,0,13473632.21,0,0,13473632.21,0,0,13473632.21,0,0,13473632.21,0,0,13473632.21,0,0,13473632.21,0,0,13473632.21,0,0,13473632.21,0,0,13473632.21,0,0,13473632.21,0,0,13473632.21,0,0,13473632.21,0,0,13473632.21,0,0,13473632.21,0,0,13473632.21,0,0,13473632.21,0,0,13473632.21,0,0,13473632.21,0,0,13473632.21,0,0,13473632.21,0,0,13473632.21,0,0,13473632.21,0,0,13473632.21,0,0,13473632.21,0,0,13473632.21
both_sexes,2,Pfizer,2021-04-05,COVOBES,0,0,0,0,0,0,0,0,0,0,0,0,0,0,0,0,0,0,0,0,0,0,0,0,0,0,0,0,0,0,0,0,0,0,0,0,0,0,0,0,0,0,0,0,0,0,0,0,0,0,9624023,0,0,9624023,0,0,9624023,0,0,9624023,0,0,9624023,0,0,19248046.01,0,0,9624023,0,0,19248046.01,0,0,9624023,0,0,9624023,0,0,9624023,0,0,9624023,0,0,9624023,0,0,9624023,0,0,9624023,0,0,9624023,0,0,9624023,0,0,9624023,0,0,9624023,0,0,9624023,0,0,9624023,0,0,9624023,0,0,9624023,0,0,9624023,0,0,9624023,0,0,9624023,0,0,9624023,0,0,9624023,0,0,9624023,0,0,9624023,0,0,9624023,0,0,9624023,0,0,9624023,0,0,9624023,0,0,9624023,0,0,9624023,0,0,9624023,0,0,9624023,0,0,9624023,0,0,9624023,0,0,9624023,0,0,9624023,0,0,9624023,0,0,9624023,0,0,9624023,0,0,9624023,0,0,9624023,0,0,9624023
both_sexes,2,Pfizer,2021-04-12,COVOBES,0,0,0,0,0,0,0,0,0,0,0,0,0,0,0,0,0,0,0,0,0,0,0,0,0,0,0,0,0,0,0,0,0,0,0,0,0,0,0,0,0,0,0,0,0,0,0,0,0,0,9624023,0,0,9624023,0,0,9624023,0,0,9624023,0,0,9624023,0,0,19248046.01,0,0,9624023,0,0,19248046.01,0,0,9624023,0,0,9624023,0,0,9624023,0,0,9624023,0,0,9624023,0,0,9624023,0,0,9624023,0,0,9624023,0,0,9624023,0,0,9624023,0,0,9624023,0,0,9624023,0,0,9624023,0,0,9624023,0,0,9624023,0,0,9624023,0,0,9624023,0,0,9624023,0,0,9624023,0,0,9624023,0,0,9624023,0,0,9624023,0,0,9624023,0,0,9624023,0,0,9624023,0,0,9624023,0,0,9624023,0,0,9624023,0,0,9624023,0,0,9624023,0,0,9624023,0,0,9624023,0,0,9624023,0,0,9624023,0,0,9624023,0,0,9624023,0,0,9624023,0,0,9624023,0,0,9624023,0,0,9624023
both_sexes,2,Pfizer,2021-04-19,COVOBES,0,0,0,0,0,0,0,0,0,0,0,0,0,0,0,0,0,0,0,0,0,0,0,0,0,0,0,0,0,0,0,0,0,0,0,0,0,0,0,0,0,0,0,0,0,0,0,0,0,0,9624023,0,0,9624023,0,0,9624023,0,0,9624023,0,0,9624023,0,0,19248046.01,0,0,9624023,0,0,19248046.01,0,0,9624023,0,0,9624023,0,0,9624023,0,0,9624023,0,0,9624023,0,0,9624023,0,0,9624023,0,0,9624023,0,0,9624023,0,0,9624023,0,0,9624023,0,0,9624023,0,0,9624023,0,0,9624023,0,0,9624023,0,0,9624023,0,0,9624023,0,0,9624023,0,0,9624023,0,0,9624023,0,0,9624023,0,0,9624023,0,0,9624023,0,0,9624023,0,0,9624023,0,0,9624023,0,0,9624023,0,0,9624023,0,0,9624023,0,0,9624023,0,0,9624023,0,0,9624023,0,0,9624023,0,0,9624023,0,0,9624023,0,0,9624023,0,0,9624023,0,0,9624023,0,0,9624023,0,0,9624023
both_sexes,2,Pfizer,2021-04-26,COVOBES,0,0,0,0,0,0,0,0,0,0,0,0,0,0,0,0,0,0,0,0,0,0,0,0,0,0,0,0,0,0,0,0,0,0,0,0,0,0,0,0,0,0,0,0,0,0,0,0,0,0,9624023,0,0,9624023,0,0,9624023,0,0,9624023,0,0,9624023,0,0,19248046.01,0,0,9624023,0,0,19248046.01,0,0,9624023,0,0,9624023,0,0,9624023,0,0,9624023,0,0,9624023,0,0,9624023,0,0,9624023,0,0,9624023,0,0,9624023,0,0,9624023,0,0,9624023,0,0,9624023,0,0,9624023,0,0,9624023,0,0,9624023,0,0,9624023,0,0,9624023,0,0,9624023,0,0,9624023,0,0,9624023,0,0,9624023,0,0,9624023,0,0,9624023,0,0,9624023,0,0,9624023,0,0,9624023,0,0,9624023,0,0,9624023,0,0,9624023,0,0,9624023,0,0,9624023,0,0,9624023,0,0,9624023,0,0,9624023,0,0,9624023,0,0,9624023,0,0,9624023,0,0,9624023,0,0,9624023,0,0,9624023
both_sexes,2,Pfizer,2021-05-03,COVOBES,0,0,0,0,0,0,0,0,0,0,0,0,0,0,0,0,0,0,0,0,0,0,0,0,0,0,0,0,0,0,0,0,0,0,0,0,0,0,0,0,0,0,0,0,0,0,0,0,0,0,7091385.37,0,0,7091385.37,0,0,7091385.37,0,0,7091385.37,0,0,9624023,0,0,19248046.01,0,0,7091385.37,0,0,19248046.01,0,0,9624023,0,0,9624023,0,0,7091385.37,0,0,7091385.37,0,0,7091385.37,0,0,7091385.37,0,0,7091385.37,0,0,7091385.37,0,0,7091385.37,0,0,7091385.37,0,0,7091385.37,0,0,7091385.37,0,0,7091385.37,0,0,7091385.37,0,0,7091385.37,0,0,7091385.37,0,0,7091385.37,0,0,7091385.37,0,0,7091385.37,0,0,7091385.37,0,0,7091385.37,0,0,7091385.37,0,0,7091385.37,0,0,7091385.37,0,0,7091385.37,0,0,7091385.37,0,0,7091385.37,0,0,7091385.37,0,0,7091385.37,0,0,7091385.37,0,0,7091385.37,0,0,7091385.37,0,0,9624023,0,0,7091385.37,0,0,7091385.37,0,0,7091385.37,0,0,7091385.37,0,0,7091385.37,0,0,7091385.37,0,0,7091385.37
both_sexes,2,Pfizer,2021-05-10,COVOBES,0,0,0,0,0,0,0,0,0,0,0,0,0,0,0,0,0,0,0,0,0,0,0,0,0,0,0,0,0,0,0,0,0,0,0,0,0,0,0,0,0,0,0,0,0,0,0,0,0,0,6416015.34,0,0,6416015.34,0,0,6416015.34,0,0,6416015.34,0,0,9624023,0,0,19248046.01,0,0,6416015.34,0,0,19248046.01,0,0,9624023,0,0,9624023,0,0,6416015.34,0,0,6416015.34,0,0,6416015.34,0,0,6416015.34,0,0,6416015.34,0,0,6416015.34,0,0,6416015.34,0,0,6416015.34,0,0,6416015.34,0,0,6416015.34,0,0,6416015.34,0,0,6416015.34,0,0,6416015.34,0,0,6416015.34,0,0,6416015.34,0,0,6416015.34,0,0,6416015.34,0,0,6416015.34,0,0,6416015.34,0,0,6416015.34,0,0,6416015.34,0,0,6416015.34,0,0,6416015.34,0,0,6416015.34,0,0,6416015.34,0,0,6416015.34,0,0,6416015.34,0,0,6416015.34,0,0,6416015.34,0,0,6416015.34,0,0,9624023,0,0,6416015.34,0,0,6416015.34,0,0,6416015.34,0,0,6416015.34,0,0,6416015.34,0,0,6416015.34,0,0,6416015.34
both_sexes,2,Pfizer,2021-05-17,COVOBES,0,0,0,0,0,0,0,0,0,0,0,0,0,0,0,0,0,0,0,0,0,0,0,0,0,0,0,0,0,0,0,0,0,0,0,0,0,0,0,0,0,0,0,0,0,0,0,0,0,0,6416015.34,0,0,6416015.34,0,0,6416015.34,0,0,6416015.34,0,0,9624023,0,0,19248046.01,0,0,6416015.34,0,0,19248046.01,0,0,9624023,0,0,9624023,0,0,6416015.34,0,0,6416015.34,0,0,6416015.34,0,0,6416015.34,0,0,6416015.34,0,0,6416015.34,0,0,6416015.34,0,0,6416015.34,0,0,6416015.34,0,0,6416015.34,0,0,6416015.34,0,0,6416015.34,0,0,6416015.34,0,0,6416015.34,0,0,6416015.34,0,0,6416015.34,0,0,6416015.34,0,0,6416015.34,0,0,6416015.34,0,0,6416015.34,0,0,6416015.34,0,0,6416015.34,0,0,6416015.34,0,0,6416015.34,0,0,6416015.34,0,0,6416015.34,0,0,6416015.34,0,0,6416015.34,0,0,6416015.34,0,0,6416015.34,0,0,9624023,0,0,6416015.34,0,0,6416015.34,0,0,6416015.34,0,0,6416015.34,0,0,6416015.34,0,0,6416015.34,0,0,6416015.34
both_sexes,2,Pfizer,2021-05-24,COVOBES,0,0,0,0,0,0,0,0,0,0,0,0,0,0,0,0,0,0,0,0,0,0,0,0,0,0,0,0,0,0,0,0,0,0,0,0,0,0,0,0,0,0,0,0,0,0,0,0,0,0,6416015.34,0,0,6416015.34,0,0,6416015.34,0,0,6416015.34,0,0,9624023,0,0,19248046.01,0,0,6416015.34,0,0,19248046.01,0,0,9624023,0,0,9624023,0,0,6416015.34,0,0,6416015.34,0,0,6416015.34,0,0,6416015.34,0,0,6416015.34,0,0,6416015.34,0,0,6416015.34,0,0,6416015.34,0,0,6416015.34,0,0,6416015.34,0,0,6416015.34,0,0,6416015.34,0,0,6416015.34,0,0,6416015.34,0,0,6416015.34,0,0,6416015.34,0,0,6416015.34,0,0,6416015.34,0,0,6416015.34,0,0,6416015.34,0,0,6416015.34,0,0,6416015.34,0,0,6416015.34,0,0,6416015.34,0,0,6416015.34,0,0,6416015.34,0,0,6416015.34,0,0,6416015.34,0,0,6416015.34,0,0,6416015.34,0,0,9624023,0,0,6416015.34,0,0,6416015.34,0,0,6416015.34,0,0,6416015.34,0,0,6416015.34,0,0,6416015.34,0,0,6416015.34
both_sexes,2,Pfizer,2021-05-31,COVOBES,0,0,0,0,0,0,0,0,0,0,0,0,0,0,0,0,0,0,0,0,0,0,0,0,0,0,0,0,0,0,0,0,0,0,0,0,0,0,0,0,0,0,0,0,0,0,0,0,0,0,6416015.34,0,0,6416015.34,0,0,6416015.34,0,0,6416015.34,0,0,9624023,0,0,19248046.01,0,0,6416015.34,0,0,19248046.01,0,0,9624023,0,0,9624023,0,0,6416015.34,0,0,6416015.34,0,0,6416015.34,0,0,6416015.34,0,0,6416015.34,0,0,6416015.34,0,0,6416015.34,0,0,6416015.34,0,0,6416015.34,0,0,6416015.34,0,0,6416015.34,0,0,6416015.34,0,0,6416015.34,0,0,6416015.34,0,0,6416015.34,0,0,6416015.34,0,0,6416015.34,0,0,6416015.34,0,0,6416015.34,0,0,6416015.34,0,0,6416015.34,0,0,6416015.34,0,0,6416015.34,0,0,6416015.34,0,0,6416015.34,0,0,6416015.34,0,0,6416015.34,0,0,6416015.34,0,0,6416015.34,0,0,6416015.34,0,0,9624023,0,0,6416015.34,0,0,6416015.34,0,0,6416015.34,0,0,6416015.34,0,0,6416015.34,0,0,6416015.34,0,0,6416015.34
both_sexes,2,Pfizer,2021-06-07,COVOBES,0,0,0,0,0,0,0,0,0,0,0,0,0,0,0,0,0,0,0,0,0,0,0,0,0,0,0,0,0,0,0,0,0,0,0,0,0,0,0,0,0,0,0,0,0,0,0,0,0,0,6416015.34,0,0,6416015.34,0,0,6416015.34,0,0,6416015.34,0,0,9624023,0,0,19248046.01,0,0,6416015.34,0,0,19248046.01,0,0,9624023,0,0,9624023,0,0,6416015.34,0,0,6416015.34,0,0,6416015.34,0,0,6416015.34,0,0,6416015.34,0,0,6416015.34,0,0,6416015.34,0,0,6416015.34,0,0,6416015.34,0,0,6416015.34,0,0,6416015.34,0,0,6416015.34,0,0,6416015.34,0,0,6416015.34,0,0,6416015.34,0,0,6416015.34,0,0,6416015.34,0,0,6416015.34,0,0,6416015.34,0,0,6416015.34,0,0,6416015.34,0,0,6416015.34,0,0,6416015.34,0,0,6416015.34,0,0,6416015.34,0,0,6416015.34,0,0,6416015.34,0,0,6416015.34,0,0,6416015.34,0,0,6416015.34,0,0,9624023,0,0,6416015.34,0,0,6416015.34,0,0,6416015.34,0,0,6416015.34,0,0,6416015.34,0,0,6416015.34,0,0,6416015.34
both_sexes,2,Pfizer,2021-06-14,COVOBES,0,0,0,0,0,0,0,0,0,0,0,0,0,0,0,0,0,0,0,0,0,0,0,0,0,0,0,0,0,0,0,0,0,0,0,0,0,0,0,0,0,0,0,0,0,0,0,0,0,0,6416015.34,0,0,6416015.34,0,0,6416015.34,0,0,6416015.34,0,0,9624023,0,0,19248046.01,0,0,6416015.34,0,0,19248046.01,0,0,9624023,0,0,9624023,0,0,6416015.34,0,0,6416015.34,0,0,6416015.34,0,0,6416015.34,0,0,6416015.34,0,0,6416015.34,0,0,6416015.34,0,0,6416015.34,0,0,6416015.34,0,0,6416015.34,0,0,6416015.34,0,0,6416015.34,0,0,6416015.34,0,0,6416015.34,0,0,6416015.34,0,0,6416015.34,0,0,6416015.34,0,0,6416015.34,0,0,6416015.34,0,0,6416015.34,0,0,6416015.34,0,0,6416015.34,0,0,6416015.34,0,0,6416015.34,0,0,6416015.34,0,0,6416015.34,0,0,6416015.34,0,0,6416015.34,0,0,6416015.34,0,0,6416015.34,0,0,9624023,0,0,6416015.34,0,0,6416015.34,0,0,6416015.34,0,0,6416015.34,0,0,6416015.34,0,0,6416015.34,0,0,6416015.34
both_sexes,2,Pfizer,2021-06-21,COVOBES,0,0,0,0,0,0,0,0,0,0,0,0,0,0,0,0,0,0,0,0,0,0,0,0,0,0,0,0,0,0,0,0,0,0,0,0,0,0,0,0,0,0,0,0,0,0,0,0,0,0,5389452.88,0,0,5389452.88,0,0,5389452.88,0,0,5389452.88,0,0,9624023,0,0,19248046.01,0,0,5389452.88,0,0,19248046.01,0,0,9624023,0,0,9624023,0,0,5389452.88,0,0,5389452.88,0,0,5389452.88,0,0,5389452.88,0,0,5389452.88,0,0,5389452.88,0,0,5389452.88,0,0,5389452.88,0,0,5389452.88,0,0,5389452.88,0,0,5389452.88,0,0,5389452.88,0,0,5389452.88,0,0,5389452.88,0,0,5389452.88,0,0,5389452.88,0,0,5389452.88,0,0,5389452.88,0,0,5389452.88,0,0,5389452.88,0,0,5389452.88,0,0,5389452.88,0,0,5389452.88,0,0,5389452.88,0,0,5389452.88,0,0,5389452.88,0,0,5389452.88,0,0,5389452.88,0,0,5389452.88,0,0,5389452.88,0,0,9624023,0,0,5389452.88,0,0,5389452.88,0,0,5389452.88,0,0,5389452.88,0,0,5389452.88,0,0,5389452.88,0,0,5389452.88
both_sexes,2,Pfizer,2021-06-28,COVOBES,0,0,0,0,0,0,0,0,0,0,0,0,0,0,0,0,0,0,0,0,0,0,0,0,0,0,0,0,0,0,0,0,0,0,0,0,0,0,0,0,0,0,0,0,0,0,0,0,0,0,11228026.84,0,0,11228026.84,0,0,11228026.84,0,0,11228026.84,0,0,22456053.68,0,0,44912107.35,0,0,11228026.84,0,0,44912107.35,0,0,22456053.68,0,0,22456053.68,0,0,11228026.84,0,0,11228026.84,0,0,11228026.84,0,0,11228026.84,0,0,11228026.84,0,0,11228026.84,0,0,11228026.84,0,0,11228026.84,0,0,11228026.84,0,0,11228026.84,0,0,11228026.84,0,0,11228026.84,0,0,11228026.84,0,0,11228026.84,0,0,11228026.84,0,0,11228026.84,0,0,11228026.84,0,0,11228026.84,0,0,11228026.84,0,0,11228026.84,0,0,11228026.84,0,0,11228026.84,0,0,11228026.84,0,0,11228026.84,0,0,11228026.84,0,0,11228026.84,0,0,11228026.84,0,0,11228026.84,0,0,11228026.84,0,0,11228026.84,0,0,22456053.68,0,0,11228026.84,0,0,11228026.84,0,0,11228026.84,0,0,11228026.84,0,0,11228026.84,0,0,11228026.84,0,0,11228026.84
both_sexes,1,Pfizer,2021-03-08,COVOBES,0,0,0,0,0,0,0,0,0,0,0,0,0,0,0,0,0,0,0,0,0,0,0,0,0,0,0,0,0,0,0,0,0,0,0,0,0,0,0,0,0,0,0,0,0,0,0,0,0,0,44912107.35,0,0,44912107.35,0,0,44912107.35,0,0,44912107.35,0,0,44912107.35,,,0,0,0,44912107.35,,,0,0,0,44912107.35,0,0,44912107.35,0,0,44912107.35,0,0,44912107.35,0,0,44912107.35,0,0,44912107.35,0,0,44912107.35,0,0,44912107.35,0,0,44912107.35,0,0,44912107.35,0,0,44912107.35,0,0,44912107.35,0,0,44912107.35,0,0,44912107.35,0,0,44912107.35,0,0,44912107.35,0,0,44912107.35,0,0,44912107.35,0,0,44912107.35,0,0,44912107.35,0,0,44912107.35,0,0,44912107.35,0,0,44912107.35,0,0,44912107.35,0,0,44912107.35,0,0,44912107.35,0,0,44912107.35,0,0,44912107.35,0,0,44912107.35,0,0,44912107.35,0,0,44912107.35,0,0,44912107.35,0,0,44912107.35,0,0,44912107.35,0,0,44912107.35,0,0,44912107.35,0,0,44912107.35,0,0,44912107.35,0,0,44912107.35,0,0,44912107.35
both_sexes,1,Pfizer,2021-03-15,COVOBES,0,0,0,0,0,0,0,0,0,0,0,0,0,0,0,0,0,0,0,0,0,0,0,0,0,0,0,0,0,0,0,0,0,0,0,0,0,0,0,0,0,0,0,0,0,0,0,0,0,0,19248046.01,0,0,19248046.01,0,0,19248046.01,0,0,19248046.01,0,0,19248046.01,,,0,0,0,19248046.01,,,0,0,0,19248046.01,0,0,19248046.01,0,0,19248046.01,0,0,19248046.01,0,0,19248046.01,0,0,19248046.01,0,0,19248046.01,0,0,19248046.01,0,0,19248046.01,0,0,19248046.01,0,0,19248046.01,0,0,19248046.01,0,0,19248046.01,0,0,19248046.01,0,0,19248046.01,0,0,19248046.01,0,0,19248046.01,0,0,19248046.01,0,0,19248046.01,0,0,19248046.01,0,0,19248046.01,0,0,19248046.01,0,0,19248046.01,0,0,19248046.01,0,0,19248046.01,0,0,19248046.01,0,0,19248046.01,0,0,19248046.01,0,0,19248046.01,0,0,19248046.01,0,0,19248046.01,0,0,19248046.01,0,0,19248046.01,0,0,19248046.01,0,0,19248046.01,0,0,19248046.01,0,0,19248046.01,0,0,19248046.01,0,0,19248046.01,0,0,19248046.01
both_sexes,1,Pfizer,2021-03-22,COVOBES,0,0,0,0,0,0,0,0,0,0,0,0,0,0,0,0,0,0,0,0,0,0,0,0,0,0,0,0,0,0,0,0,0,0,0,0,0,0,0,0,0,0,0,0,0,0,0,0,0,0,19248046.01,0,0,19248046.01,0,0,19248046.01,0,0,19248046.01,0,0,19248046.01,,,0,0,0,19248046.01,,,0,0,0,19248046.01,0,0,19248046.01,0,0,19248046.01,0,0,19248046.01,0,0,19248046.01,0,0,19248046.01,0,0,19248046.01,0,0,19248046.01,0,0,19248046.01,0,0,19248046.01,0,0,19248046.01,0,0,19248046.01,0,0,19248046.01,0,0,19248046.01,0,0,19248046.01,0,0,19248046.01,0,0,19248046.01,0,0,19248046.01,0,0,19248046.01,0,0,19248046.01,0,0,19248046.01,0,0,19248046.01,0,0,19248046.01,0,0,19248046.01,0,0,19248046.01,0,0,19248046.01,0,0,19248046.01,0,0,19248046.01,0,0,19248046.01,0,0,19248046.01,0,0,19248046.01,0,0,19248046.01,0,0,19248046.01,0,0,19248046.01,0,0,19248046.01,0,0,19248046.01,0,0,19248046.01,0,0,19248046.01,0,0,19248046.01,0,0,19248046.01
both_sexes,1,Pfizer,2021-03-29,COVOBES,0,0,0,0,0,0,0,0,0,0,0,0,0,0,0,0,0,0,0,0,0,0,0,0,0,0,0,0,0,0,0,0,0,0,0,0,0,0,0,0,0,0,0,0,0,0,0,0,0,0,33684080.52,0,0,33684080.52,0,0,33684080.52,0,0,33684080.52,0,0,33684080.52,,,0,0,0,33684080.52,,,0,0,0,33684080.52,0,0,33684080.52,0,0,33684080.52,0,0,33684080.52,0,0,33684080.52,0,0,33684080.52,0,0,33684080.52,0,0,33684080.52,0,0,33684080.52,0,0,33684080.52,0,0,33684080.52,0,0,33684080.52,0,0,33684080.52,0,0,33684080.52,0,0,33684080.52,0,0,33684080.52,0,0,33684080.52,0,0,33684080.52,0,0,33684080.52,0,0,33684080.52,0,0,33684080.52,0,0,33684080.52,0,0,33684080.52,0,0,33684080.52,0,0,33684080.52,0,0,33684080.52,0,0,33684080.52,0,0,33684080.52,0,0,33684080.52,0,0,33684080.52,0,0,33684080.52,0,0,33684080.52,0,0,33684080.52,0,0,33684080.52,0,0,33684080.52,0,0,33684080.52,0,0,33684080.52,0,0,33684080.52,0,0,33684080.52,0,0,33684080.52
both_sexes,1,Pfizer,2021-05-10,COVOBES,0,0,0,0,0,0,0,0,0,0,0,0,0,0,0,0,0,0,0,0,0,0,0,0,0,0,0,0,0,0,0,0,0,0,0,0,0,0,0,0,0,0,0,0,0,0,0,0,0,0,26947264.41,0,0,26947264.41,0,0,26947264.41,0,0,26947264.41,,,0,,,0,0,0,26947264.41,,,0,,,0,,,0,0,0,26947264.41,0,0,26947264.41,0,0,26947264.41,0,0,26947264.41,0,0,26947264.41,0,0,26947264.41,0,0,26947264.41,0,0,26947264.41,0,0,26947264.41,0,0,26947264.41,0,0,26947264.41,0,0,26947264.41,0,0,26947264.41,0,0,26947264.41,0,0,26947264.41,0,0,26947264.41,0,0,26947264.41,0,0,26947264.41,0,0,26947264.41,0,0,26947264.41,0,0,26947264.41,0,0,26947264.41,0,0,26947264.41,0,0,26947264.41,0,0,26947264.41,0,0,26947264.41,0,0,26947264.41,0,0,26947264.41,0,0,26947264.41,0,0,26947264.41,,,0,0,0,26947264.41,0,0,26947264.41,0,0,26947264.41,0,0,26947264.41,0,0,26947264.41,0,0,26947264.41,0,0,26947264.41
both_sexes,1,Pfizer,2021-05-17,COVOBES,0,0,0,0,0,0,0,0,0,0,0,0,0,0,0,0,0,0,0,0,0,0,0,0,0,0,0,0,0,0,0,0,0,0,0,0,0,0,0,0,0,0,0,0,0,0,0,0,0,0,19248046.01,0,0,19248046.01,0,0,19248046.01,0,0,19248046.01,,,0,,,0,0,0,19248046.01,,,0,,,0,,,0,0,0,19248046.01,0,0,19248046.01,0,0,19248046.01,0,0,19248046.01,0,0,19248046.01,0,0,19248046.01,0,0,19248046.01,0,0,19248046.01,0,0,19248046.01,0,0,19248046.01,0,0,19248046.01,0,0,19248046.01,0,0,19248046.01,0,0,19248046.01,0,0,19248046.01,0,0,19248046.01,0,0,19248046.01,0,0,19248046.01,0,0,19248046.01,0,0,19248046.01,0,0,19248046.01,0,0,19248046.01,0,0,19248046.01,0,0,19248046.01,0,0,19248046.01,0,0,19248046.01,0,0,19248046.01,0,0,19248046.01,0,0,19248046.01,0,0,19248046.01,,,0,0,0,19248046.01,0,0,19248046.01,0,0,19248046.01,0,0,19248046.01,0,0,19248046.01,0,0,19248046.01,0,0,19248046.01
both_sexes,1,Pfizer,2021-05-24,COVOBES,0,0,0,0,0,0,0,0,0,0,0,0,0,0,0,0,0,0,0,0,0,0,0,0,0,0,0,0,0,0,0,0,0,0,0,0,0,0,0,0,0,0,0,0,0,0,0,0,0,0,19248046.01,0,0,19248046.01,0,0,19248046.01,0,0,19248046.01,,,0,,,0,0,0,19248046.01,,,0,,,0,,,0,0,0,19248046.01,0,0,19248046.01,0,0,19248046.01,0,0,19248046.01,0,0,19248046.01,0,0,19248046.01,0,0,19248046.01,0,0,19248046.01,0,0,19248046.01,0,0,19248046.01,0,0,19248046.01,0,0,19248046.01,0,0,19248046.01,0,0,19248046.01,0,0,19248046.01,0,0,19248046.01,0,0,19248046.01,0,0,19248046.01,0,0,19248046.01,0,0,19248046.01,0,0,19248046.01,0,0,19248046.01,0,0,19248046.01,0,0,19248046.01,0,0,19248046.01,0,0,19248046.01,0,0,19248046.01,0,0,19248046.01,0,0,19248046.01,0,0,19248046.01,,,0,0,0,19248046.01,0,0,19248046.01,0,0,19248046.01,0,0,19248046.01,0,0,19248046.01,0,0,19248046.01,0,0,19248046.01
both_sexes,1,Pfizer,2021-05-31,COVOBES,0,0,0,0,0,0,0,0,0,0,0,0,0,0,0,0,0,0,0,0,0,0,0,0,0,0,0,0,0,0,0,0,0,0,0,0,0,0,0,0,0,0,0,0,0,0,0,0,0,0,19248046.01,0,0,19248046.01,0,0,19248046.01,0,0,19248046.01,,,0,,,0,0,0,19248046.01,,,0,,,0,,,0,0,0,19248046.01,0,0,19248046.01,0,0,19248046.01,0,0,19248046.01,0,0,19248046.01,0,0,19248046.01,0,0,19248046.01,0,0,19248046.01,0,0,19248046.01,0,0,19248046.01,0,0,19248046.01,0,0,19248046.01,0,0,19248046.01,0,0,19248046.01,0,0,19248046.01,0,0,19248046.01,0,0,19248046.01,0,0,19248046.01,0,0,19248046.01,0,0,19248046.01,0,0,19248046.01,0,0,19248046.01,0,0,19248046.01,0,0,19248046.01,0,0,19248046.01,0,0,19248046.01,0,0,19248046.01,0,0,19248046.01,0,0,19248046.01,0,0,19248046.01,,,0,0,0,19248046.01,0,0,19248046.01,0,0,19248046.01,0,0,19248046.01,0,0,19248046.01,0,0,19248046.01,0,0,19248046.01
both_sexes,1,Pfizer,2021-06-07,COVOBES,0,0,0,0,0,0,0,0,0,0,0,0,0,0,0,0,0,0,0,0,0,0,0,0,0,0,0,0,0,0,0,0,0,0,0,0,0,0,0,0,0,0,0,0,0,0,0,0,0,0,19248046.01,0,0,19248046.01,0,0,19248046.01,0,0,19248046.01,,,0,,,0,0,0,19248046.01,,,0,,,0,,,0,0,0,19248046.01,0,0,19248046.01,0,0,19248046.01,0,0,19248046.01,0,0,19248046.01,0,0,19248046.01,0,0,19248046.01,0,0,19248046.01,0,0,19248046.01,0,0,19248046.01,0,0,19248046.01,0,0,19248046.01,0,0,19248046.01,0,0,19248046.01,0,0,19248046.01,0,0,19248046.01,0,0,19248046.01,0,0,19248046.01,0,0,19248046.01,0,0,19248046.01,0,0,19248046.01,0,0,19248046.01,0,0,19248046.01,0,0,19248046.01,0,0,19248046.01,0,0,19248046.01,0,0,19248046.01,0,0,19248046.01,0,0,19248046.01,0,0,19248046.01,,,0,0,0,19248046.01,0,0,19248046.01,0,0,19248046.01,0,0,19248046.01,0,0,19248046.01,0,0,19248046.01,0,0,19248046.01
both_sexes,1,Pfizer,2021-06-14,COVOBES,0,0,0,0,0,0,0,0,0,0,0,0,0,0,0,0,0,0,0,0,0,0,0,0,0,0,0,0,0,0,0,0,0,0,0,0,0,0,0,0,0,0,0,0,0,0,0,0,0,0,19248046.01,0,0,19248046.01,0,0,19248046.01,0,0,19248046.01,,,0,,,0,0,0,19248046.01,,,0,,,0,,,0,0,0,19248046.01,0,0,19248046.01,0,0,19248046.01,0,0,19248046.01,0,0,19248046.01,0,0,19248046.01,0,0,19248046.01,0,0,19248046.01,0,0,19248046.01,0,0,19248046.01,0,0,19248046.01,0,0,19248046.01,0,0,19248046.01,0,0,19248046.01,0,0,19248046.01,0,0,19248046.01,0,0,19248046.01,0,0,19248046.01,0,0,19248046.01,0,0,19248046.01,0,0,19248046.01,0,0,19248046.01,0,0,19248046.01,0,0,19248046.01,0,0,19248046.01,0,0,19248046.01,0,0,19248046.01,0,0,19248046.01,0,0,19248046.01,0,0,19248046.01,,,0,0,0,19248046.01,0,0,19248046.01,0,0,19248046.01,0,0,19248046.01,0,0,19248046.01,0,0,19248046.01,0,0,19248046.01
both_sexes,1,AstraZeneca,2021-05-17,COVOBES,0,0,0,0,0,0,0,0,0,0,0,0,0,0,0,0,0,0,0,0,0,0,0,0,0,0,0,0,0,0,0,0,0,0,0,0,0,0,0,0,0,0,0,0,0,0,0,0,0,0,19248046.01,0,0,19248046.01,0,0,19248046.01,0,0,19248046.01,0,0,19248046.01,,,0,0,0,19248046.01,0,0,19248046.01,,,0,,,0,0,0,19248046.01,0,0,19248046.01,0,0,19248046.01,0,0,19248046.01,0,0,19248046.01,0,0,19248046.01,0,0,19248046.01,0,0,19248046.01,0,0,19248046.01,0,0,19248046.01,0,0,19248046.01,0,0,19248046.01,0,0,19248046.01,0,0,19248046.01,0,0,19248046.01,0,0,19248046.01,0,0,19248046.01,0,0,19248046.01,0,0,19248046.01,0,0,19248046.01,0,0,19248046.01,0,0,19248046.01,0,0,19248046.01,0,0,19248046.01,0,0,19248046.01,0,0,19248046.01,0,0,19248046.01,0,0,19248046.01,0,0,19248046.01,0,0,19248046.01,,,0,0,0,19248046.01,0,0,19248046.01,0,0,19248046.01,0,0,19248046.01,0,0,19248046.01,0,0,19248046.01,0,0,19248046.01
both_sexes,1,AstraZeneca,2021-05-24,COVOBES,0,0,0,0,0,0,0,0,0,0,0,0,0,0,0,0,0,0,0,0,0,0,0,0,0,0,0,0,0,0,0,0,0,0,0,0,0,0,0,0,0,0,0,0,0,0,0,0,0,0,19248046.01,0,0,19248046.01,0,0,19248046.01,0,0,19248046.01,0,0,19248046.01,,,0,0,0,19248046.01,0,0,19248046.01,,,0,,,0,0,0,19248046.01,0,0,19248046.01,0,0,19248046.01,0,0,19248046.01,0,0,19248046.01,0,0,19248046.01,0,0,19248046.01,0,0,19248046.01,0,0,19248046.01,0,0,19248046.01,0,0,19248046.01,0,0,19248046.01,0,0,19248046.01,0,0,19248046.01,0,0,19248046.01,0,0,19248046.01,0,0,19248046.01,0,0,19248046.01,0,0,19248046.01,0,0,19248046.01,0,0,19248046.01,0,0,19248046.01,0,0,19248046.01,0,0,19248046.01,0,0,19248046.01,0,0,19248046.01,0,0,19248046.01,0,0,19248046.01,0,0,19248046.01,0,0,19248046.01,,,0,0,0,19248046.01,0,0,19248046.01,0,0,19248046.01,0,0,19248046.01,0,0,19248046.01,0,0,19248046.01,0,0,19248046.01
both_sexes,1,AstraZeneca,2021-05-31,COVOBES,0,0,0,0,0,0,0,0,0,0,0,0,0,0,0,0,0,0,0,0,0,0,0,0,0,0,0,0,0,0,0,0,0,0,0,0,0,0,0,0,0,0,0,0,0,0,0,0,0,0,19248046.01,0,0,19248046.01,0,0,19248046.01,0,0,19248046.01,0,0,19248046.01,,,0,0,0,19248046.01,0,0,19248046.01,,,0,,,0,0,0,19248046.01,0,0,19248046.01,0,0,19248046.01,0,0,19248046.01,0,0,19248046.01,0,0,19248046.01,0,0,19248046.01,0,0,19248046.01,0,0,19248046.01,0,0,19248046.01,0,0,19248046.01,0,0,19248046.01,0,0,19248046.01,0,0,19248046.01,0,0,19248046.01,0,0,19248046.01,0,0,19248046.01,0,0,19248046.01,0,0,19248046.01,0,0,19248046.01,0,0,19248046.01,0,0,19248046.01,0,0,19248046.01,0,0,19248046.01,0,0,19248046.01,0,0,19248046.01,0,0,19248046.01,0,0,19248046.01,0,0,19248046.01,0,0,19248046.01,,,0,0,0,19248046.01,0,0,19248046.01,0,0,19248046.01,0,0,19248046.01,0,0,19248046.01,0,0,19248046.01,0,0,19248046.01
both_sexes,1,AstraZeneca,2021-06-07,COVOBES,0,0,0,0,0,0,0,0,0,0,0,0,0,0,0,0,0,0,0,0,0,0,0,0,0,0,0,0,0,0,0,0,0,0,0,0,0,0,0,0,0,0,0,0,0,0,0,0,0,0,19248046.01,0,0,19248046.01,0,0,19248046.01,0,0,19248046.01,0,0,19248046.01,,,0,0,0,19248046.01,0,0,19248046.01,,,0,,,0,0,0,19248046.01,0,0,19248046.01,0,0,19248046.01,0,0,19248046.01,0,0,19248046.01,0,0,19248046.01,0,0,19248046.01,0,0,19248046.01,0,0,19248046.01,0,0,19248046.01,0,0,19248046.01,0,0,19248046.01,0,0,19248046.01,0,0,19248046.01,0,0,19248046.01,0,0,19248046.01,0,0,19248046.01,0,0,19248046.01,0,0,19248046.01,0,0,19248046.01,0,0,19248046.01,0,0,19248046.01,0,0,19248046.01,0,0,19248046.01,0,0,19248046.01,0,0,19248046.01,0,0,19248046.01,0,0,19248046.01,0,0,19248046.01,0,0,19248046.01,,,0,0,0,19248046.01,0,0,19248046.01,0,0,19248046.01,0,0,19248046.01,0,0,19248046.01,0,0,19248046.01,0,0,19248046.01
both_sexes,1,AstraZeneca,2021-06-14,COVOBES,0,0,0,0,0,0,0,0,0,0,0,0,0,0,0,0,0,0,0,0,0,0,0,0,0,0,0,0,0,0,0,0,0,0,0,0,0,0,0,0,0,0,0,0,0,0,0,0,0,0,19248046.01,0,0,19248046.01,0,0,19248046.01,0,0,19248046.01,0,0,19248046.01,,,0,0,0,19248046.01,0,0,19248046.01,,,0,,,0,0,0,19248046.01,0,0,19248046.01,0,0,19248046.01,0,0,19248046.01,0,0,19248046.01,0,0,19248046.01,0,0,19248046.01,0,0,19248046.01,0,0,19248046.01,0,0,19248046.01,0,0,19248046.01,0,0,19248046.01,0,0,19248046.01,0,0,19248046.01,0,0,19248046.01,0,0,19248046.01,0,0,19248046.01,0,0,19248046.01,0,0,19248046.01,0,0,19248046.01,0,0,19248046.01,0,0,19248046.01,0,0,19248046.01,0,0,19248046.01,0,0,19248046.01,0,0,19248046.01,0,0,19248046.01,0,0,19248046.01,0,0,19248046.01,0,0,19248046.01,,,0,0,0,19248046.01,0,0,19248046.01,0,0,19248046.01,0,0,19248046.01,0,0,19248046.01,0,0,19248046.01,0,0,19248046.01
both_sexes,1,AstraZeneca,2021-06-21,COVOBES,0,0,0,0,0,0,0,0,0,0,0,0,0,0,0,0,0,0,0,0,0,0,0,0,0,0,0,0,0,0,0,0,0,0,0,0,0,0,0,0,0,0,0,0,0,0,0,0,0,0,67368161.03,0,0,67368161.03,0,0,67368161.03,0,0,67368161.03,0,0,67368161.03,,,0,0,0,67368161.03,0,0,67368161.03,,,0,,,0,0,0,67368161.03,0,0,67368161.03,0,0,67368161.03,0,0,67368161.03,0,0,67368161.03,0,0,67368161.03,0,0,67368161.03,0,0,67368161.03,0,0,67368161.03,0,0,67368161.03,0,0,67368161.03,0,0,67368161.03,0,0,67368161.03,0,0,67368161.03,0,0,67368161.03,0,0,67368161.03,0,0,67368161.03,0,0,67368161.03,0,0,67368161.03,0,0,67368161.03,0,0,67368161.03,0,0,67368161.03,0,0,67368161.03,0,0,67368161.03,0,0,67368161.03,0,0,67368161.03,0,0,67368161.03,0,0,67368161.03,0,0,67368161.03,0,0,67368161.03,,,0,0,0,67368161.03,0,0,67368161.03,0,0,67368161.03,0,0,67368161.03,0,0,67368161.03,0,0,67368161.03,0,0,67368161.03
both_sexes,1,Moderna,2021-04-12,COVOBES,0,0,0,0,0,0,0,0,0,0,0,0,0,0,0,0,0,0,0,0,0,0,0,0,0,0,0,0,0,0,0,0,0,0,0,0,0,0,0,0,0,0,0,0,0,0,0,0,0,0,9624023,0,0,9624023,0,0,9624023,0,0,9624023,0,0,19248046.01,0,0,19248046.01,0,0,9624023,0,0,9624023,0,0,9624023,0,0,9624023,0,0,9624023,0,0,9624023,0,0,9624023,0,0,9624023,0,0,9624023,0,0,9624023,0,0,9624023,0,0,9624023,0,0,9624023,0,0,9624023,0,0,9624023,0,0,9624023,0,0,9624023,0,0,9624023,0,0,9624023,0,0,9624023,0,0,9624023,0,0,9624023,0,0,9624023,0,0,9624023,0,0,9624023,0,0,9624023,0,0,9624023,0,0,9624023,0,0,9624023,0,0,9624023,0,0,9624023,0,0,9624023,0,0,9624023,0,0,9624023,,,0,0,0,9624023,0,0,9624023,0,0,9624023,0,0,9624023,0,0,9624023,0,0,9624023,0,0,9624023
both_sexes,1,Moderna,2021-04-19,COVOBES,0,0,0,0,0,0,0,0,0,0,0,0,0,0,0,0,0,0,0,0,0,0,0,0,0,0,0,0,0,0,0,0,0,0,0,0,0,0,0,0,0,0,0,0,0,0,0,0,0,0,9624023,0,0,9624023,0,0,9624023,0,0,9624023,0,0,19248046.01,0,0,19248046.01,0,0,9624023,0,0,9624023,0,0,9624023,0,0,9624023,0,0,9624023,0,0,9624023,0,0,9624023,0,0,9624023,0,0,9624023,0,0,9624023,0,0,9624023,0,0,9624023,0,0,9624023,0,0,9624023,0,0,9624023,0,0,9624023,0,0,9624023,0,0,9624023,0,0,9624023,0,0,9624023,0,0,9624023,0,0,9624023,0,0,9624023,0,0,9624023,0,0,9624023,0,0,9624023,0,0,9624023,0,0,9624023,0,0,9624023,0,0,9624023,0,0,9624023,0,0,9624023,0,0,9624023,0,0,9624023,,,0,0,0,9624023,0,0,9624023,0,0,9624023,0,0,9624023,0,0,9624023,0,0,9624023,0,0,9624023
both_sexes,1,Moderna,2021-04-26,COVOBES,0,0,0,0,0,0,0,0,0,0,0,0,0,0,0,0,0,0,0,0,0,0,0,0,0,0,0,0,0,0,0,0,0,0,0,0,0,0,0,0,0,0,0,0,0,0,0,0,0,0,14970702.45,0,0,14970702.45,0,0,14970702.45,0,0,14970702.45,0,0,67368161.03,0,0,67368161.03,0,0,14970702.45,0,0,14970702.45,0,0,14970702.45,0,0,14970702.45,0,0,14970702.45,0,0,14970702.45,0,0,14970702.45,0,0,14970702.45,0,0,14970702.45,0,0,14970702.45,0,0,14970702.45,0,0,14970702.45,0,0,14970702.45,0,0,14970702.45,0,0,14970702.45,0,0,14970702.45,0,0,14970702.45,0,0,14970702.45,0,0,14970702.45,0,0,14970702.45,0,0,14970702.45,0,0,14970702.45,0,0,14970702.45,0,0,14970702.45,0,0,14970702.45,0,0,14970702.45,0,0,14970702.45,0,0,14970702.45,0,0,14970702.45,0,0,14970702.45,0,0,14970702.45,0,0,14970702.45,0,0,14970702.45,0,0,14970702.45,,,0,0,0,14970702.45,0,0,14970702.45,0,0,14970702.45,0,0,14970702.45,0,0,14970702.45,0,0,14970702.45,0,0,14970702.45
both_sexes,1,Moderna,2021-05-03,COVOBES,0,0,0,0,0,0,0,0,0,0,0,0,0,0,0,0,0,0,0,0,0,0,0,0,0,0,0,0,0,0,0,0,0,0,0,0,0,0,0,0,0,0,0,0,0,0,0,0,0,0,22456053.68,0,0,22456053.68,0,0,22456053.68,0,0,22456053.68,,,0,,,0,0,0,22456053.68,0,0,22456053.68,0,0,22456053.68,0,0,22456053.68,0,0,22456053.68,0,0,22456053.68,0,0,22456053.68,0,0,22456053.68,0,0,22456053.68,0,0,22456053.68,0,0,22456053.68,0,0,22456053.68,0,0,22456053.68,0,0,22456053.68,0,0,22456053.68,0,0,22456053.68,0,0,22456053.68,0,0,22456053.68,0,0,22456053.68,0,0,22456053.68,0,0,22456053.68,0,0,22456053.68,0,0,22456053.68,0,0,22456053.68,0,0,22456053.68,0,0,22456053.68,0,0,22456053.68,0,0,22456053.68,0,0,22456053.68,0,0,22456053.68,0,0,22456053.68,0,0,22456053.68,0,0,22456053.68,0,0,22456053.68,,,0,0,0,22456053.68,0,0,22456053.68,0,0,22456053.68,0,0,22456053.68,0,0,22456053.68,0,0,22456053.68,0,0,22456053.68
both_sexes,2,AstraZeneca,2021-06-21,COVOBES,0,0,0,0,0,0,0,0,0,0,0,0,0,0,0,0,0,0,0,0,0,0,0,0,0,0,0,0,0,0,0,0,0,0,0,0,0,0,0,0,0,0,0,0,0,0,0,0,0,0,26947264.41,0,0,26947264.41,0,0,26947264.41,0,0,26947264.41,0,0,26947264.41,,,0,0,0,26947264.41,0,0,26947264.41,,,0,,,0,0,0,26947264.41,0,0,26947264.41,0,0,26947264.41,0,0,26947264.41,0,0,26947264.41,0,0,26947264.41,0,0,26947264.41,0,0,26947264.41,0,0,26947264.41,0,0,26947264.41,0,0,26947264.41,0,0,26947264.41,0,0,26947264.41,0,0,26947264.41,0,0,26947264.41,0,0,26947264.41,0,0,26947264.41,0,0,26947264.41,0,0,26947264.41,0,0,26947264.41,0,0,26947264.41,0,0,26947264.41,0,0,26947264.41,0,0,26947264.41,0,0,26947264.41,0,0,26947264.41,0,0,26947264.41,0,0,26947264.41,0,0,26947264.41,0,0,26947264.41,,,0,0,0,26947264.41,0,0,26947264.41,0,0,26947264.41,0,0,26947264.41,0,0,26947264.41,0,0,26947264.41,0,0,26947264.41
both_sexes,2,AstraZeneca,2021-06-28,COVOBES,0,0,0,0,0,0,0,0,0,0,0,0,0,0,0,0,0,0,0,0,0,0,0,0,0,0,0,0,0,0,0,0,0,0,0,0,0,0,0,0,0,0,0,0,0,0,0,0,0,0,44912107.35,0,0,44912107.35,0,0,44912107.35,0,0,44912107.35,0,0,44912107.35,,,0,0,0,44912107.35,0,0,44912107.35,,,0,,,0,0,0,44912107.35,0,0,44912107.35,0,0,44912107.35,0,0,44912107.35,0,0,44912107.35,0,0,44912107.35,0,0,44912107.35,0,0,44912107.35,0,0,44912107.35,0,0,44912107.35,0,0,44912107.35,0,0,44912107.35,0,0,44912107.35,0,0,44912107.35,0,0,44912107.35,0,0,44912107.35,0,0,44912107.35,0,0,44912107.35,0,0,44912107.35,0,0,44912107.35,0,0,44912107.35,0,0,44912107.35,0,0,44912107.35,0,0,44912107.35,0,0,44912107.35,0,0,44912107.35,0,0,44912107.35,0,0,44912107.35,0,0,44912107.35,0,0,44912107.35,,,0,0,0,44912107.35,0,0,44912107.35,0,0,44912107.35,0,0,44912107.35,0,0,44912107.35,0,0,44912107.35,0,0,44912107.35
both_sexes,1,Pfizer,2021-04-05,COVOBES,0,0,0,0,0,0,0,0,0,0,0,0,0,0,0,0,0,0,0,0,0,0,0,0,0,0,0,0,0,0,0,0,0,0,0,0,0,0,0,0,0,0,0,0,0,0,0,0,0,0,134736322.06,0,0,134736322.06,0,0,134736322.06,0,0,134736322.06,,,0,,,0,0,0,134736322.06,,,0,,,0,,,0,0,0,134736322.06,0,0,134736322.06,0,0,134736322.06,0,0,134736322.06,0,0,134736322.06,0,0,134736322.06,0,0,134736322.06,0,0,134736322.06,0,0,134736322.06,0,0,134736322.06,0,0,134736322.06,0,0,134736322.06,0,0,134736322.06,0,0,134736322.06,0,0,134736322.06,0,0,134736322.06,0,0,134736322.06,0,0,134736322.06,0,0,134736322.06,0,0,134736322.06,0,0,134736322.06,0,0,134736322.06,0,0,134736322.06,0,0,134736322.06,0,0,134736322.06,0,0,134736322.06,0,0,134736322.06,0,0,134736322.06,0,0,134736322.06,0,0,134736322.06,,,0,0,0,134736322.06,0,0,134736322.06,0,0,134736322.06,0,0,134736322.06,0,0,134736322.06,0,0,134736322.06,0,0,134736322.06
both_sexes,1,Pfizer,2021-04-12,COVOBES,0,0,0,0,0,0,0,0,0,0,0,0,0,0,0,0,0,0,0,0,0,0,0,0,0,0,0,0,0,0,0,0,0,0,0,0,0,0,0,0,0,0,0,0,0,0,0,0,0,0,19248046.01,0,0,19248046.01,0,0,19248046.01,0,0,19248046.01,,,0,,,0,0,0,19248046.01,,,0,,,0,,,0,0,0,19248046.01,0,0,19248046.01,0,0,19248046.01,0,0,19248046.01,0,0,19248046.01,0,0,19248046.01,0,0,19248046.01,0,0,19248046.01,0,0,19248046.01,0,0,19248046.01,0,0,19248046.01,0,0,19248046.01,0,0,19248046.01,0,0,19248046.01,0,0,19248046.01,0,0,19248046.01,0,0,19248046.01,0,0,19248046.01,0,0,19248046.01,0,0,19248046.01,0,0,19248046.01,0,0,19248046.01,0,0,19248046.01,0,0,19248046.01,0,0,19248046.01,0,0,19248046.01,0,0,19248046.01,0,0,19248046.01,0,0,19248046.01,0,0,19248046.01,,,0,0,0,19248046.01,0,0,19248046.01,0,0,19248046.01,0,0,19248046.01,0,0,19248046.01,0,0,19248046.01,0,0,19248046.01
both_sexes,1,Pfizer,2021-04-19,COVOBES,0,0,0,0,0,0,0,0,0,0,0,0,0,0,0,0,0,0,0,0,0,0,0,0,0,0,0,0,0,0,0,0,0,0,0,0,0,0,0,0,0,0,0,0,0,0,0,0,0,0,19248046.01,0,0,19248046.01,0,0,19248046.01,0,0,19248046.01,,,0,,,0,0,0,19248046.01,,,0,,,0,,,0,0,0,19248046.01,0,0,19248046.01,0,0,19248046.01,0,0,19248046.01,0,0,19248046.01,0,0,19248046.01,0,0,19248046.01,0,0,19248046.01,0,0,19248046.01,0,0,19248046.01,0,0,19248046.01,0,0,19248046.01,0,0,19248046.01,0,0,19248046.01,0,0,19248046.01,0,0,19248046.01,0,0,19248046.01,0,0,19248046.01,0,0,19248046.01,0,0,19248046.01,0,0,19248046.01,0,0,19248046.01,0,0,19248046.01,0,0,19248046.01,0,0,19248046.01,0,0,19248046.01,0,0,19248046.01,0,0,19248046.01,0,0,19248046.01,0,0,19248046.01,,,0,0,0,19248046.01,0,0,19248046.01,0,0,19248046.01,0,0,19248046.01,0,0,19248046.01,0,0,19248046.01,0,0,19248046.01
both_sexes,1,Pfizer,2021-04-26,COVOBES,0,0,0,0,0,0,0,0,0,0,0,0,0,0,0,0,0,0,0,0,0,0,0,0,0,0,0,0,0,0,0,0,0,0,0,0,0,0,0,0,0,0,0,0,0,0,0,0,0,0,19248046.01,0,0,19248046.01,0,0,19248046.01,0,0,19248046.01,,,0,,,0,0,0,19248046.01,,,0,,,0,,,0,0,0,19248046.01,0,0,19248046.01,0,0,19248046.01,0,0,19248046.01,0,0,19248046.01,0,0,19248046.01,0,0,19248046.01,0,0,19248046.01,0,0,19248046.01,0,0,19248046.01,0,0,19248046.01,0,0,19248046.01,0,0,19248046.01,0,0,19248046.01,0,0,19248046.01,0,0,19248046.01,0,0,19248046.01,0,0,19248046.01,0,0,19248046.01,0,0,19248046.01,0,0,19248046.01,0,0,19248046.01,0,0,19248046.01,0,0,19248046.01,0,0,19248046.01,0,0,19248046.01,0,0,19248046.01,0,0,19248046.01,0,0,19248046.01,0,0,19248046.01,,,0,0,0,19248046.01,0,0,19248046.01,0,0,19248046.01,0,0,19248046.01,0,0,19248046.01,0,0,19248046.01,0,0,19248046.01
both_sexes,1,Pfizer,2021-05-03,COVOBES,0,0,0,0,0,0,0,0,0,0,0,0,0,0,0,0,0,0,0,0,0,0,0,0,0,0,0,0,0,0,0,0,0,0,0,0,0,0,0,0,0,0,0,0,0,0,0,0,0,0,67368161.03,0,0,67368161.03,0,0,67368161.03,0,0,67368161.03,,,0,,,0,0,0,67368161.03,,,0,,,0,,,0,0,0,67368161.03,0,0,67368161.03,0,0,67368161.03,0,0,67368161.03,0,0,67368161.03,0,0,67368161.03,0,0,67368161.03,0,0,67368161.03,0,0,67368161.03,0,0,67368161.03,0,0,67368161.03,0,0,67368161.03,0,0,67368161.03,0,0,67368161.03,0,0,67368161.03,0,0,67368161.03,0,0,67368161.03,0,0,67368161.03,0,0,67368161.03,0,0,67368161.03,0,0,67368161.03,0,0,67368161.03,0,0,67368161.03,0,0,67368161.03,0,0,67368161.03,0,0,67368161.03,0,0,67368161.03,0,0,67368161.03,0,0,67368161.03,0,0,67368161.03,,,0,0,0,67368161.03,0,0,67368161.03,0,0,67368161.03,0,0,67368161.03,0,0,67368161.03,0,0,67368161.03,0,0,67368161.03
both_sexes,0,0,2020-01-06,COVSICKLE,0,0,0,0,0,0,0,0,0,0,0,0,0,0,0,0,0,0,0,0,0,0,0,0,0,0,0,0,0,0,0,0,0,0,0,0,0,0,0,0,0,0,0,0,0,0,0,0,0,0,2138671.78,0,0,2138671.78,0,0,2138671.78,0,0,2138671.78,0,0,2406005.75,0,0,2406005.75,0,0,2138671.78,0,0,2138671.78,0,0,2138671.78,0,0,2138671.78,0,0,2138671.78,0,0,2138671.78,0,0,2138671.78,0,0,2138671.78,0,0,2138671.78,0,0,2138671.78,0,0,2138671.78,0,0,2138671.78,0,0,2138671.78,0,0,2138671.78,0,0,2138671.78,0,0,2138671.78,0,0,2138671.78,0,0,2138671.78,0,0,2138671.78,0,0,2138671.78,0,0,2138671.78,0,0,2138671.78,0,0,2138671.78,0,0,2138671.78,0,0,2138671.78,0,0,2138671.78,0,0,2138671.78,0,0,2138671.78,0,0,2138671.78,0,0,2138671.78,0,0,2138671.78,0,0,2138671.78,0,0,2138671.78,0,0,2138671.78,0,0,2749720.86,0,0,2138671.78,0,0,2138671.78,0,0,2138671.78,0,0,2138671.78,0,0,2138671.78,0,0,2138671.78,0,0,2138671.78
both_sexes,0,0,2020-01-13,COVSICKLE,0,0,0,0,0,0,0,0,0,0,0,0,0,0,0,0,0,0,0,0,0,0,0,0,0,0,0,0,0,0,0,0,0,0,0,0,0,0,0,0,0,0,0,0,0,0,0,0,0,0,2138671.78,0,0,2138671.78,0,0,2138671.78,0,0,2138671.78,0,0,2406005.75,0,0,2406005.75,0,0,2138671.78,0,0,2138671.78,0,0,2138671.78,0,0,2138671.78,0,0,2138671.78,0,0,2138671.78,0,0,2138671.78,0,0,2138671.78,0,0,2138671.78,0,0,2138671.78,0,0,2138671.78,0,0,2138671.78,0,0,2138671.78,0,0,2138671.78,0,0,2138671.78,0,0,2138671.78,0,0,2138671.78,0,0,2138671.78,0,0,2138671.78,0,0,2138671.78,0,0,2138671.78,0,0,2138671.78,0,0,2138671.78,0,0,2138671.78,0,0,2138671.78,0,0,2138671.78,0,0,2138671.78,0,0,2138671.78,0,0,2138671.78,0,0,2138671.78,0,0,2138671.78,0,0,2138671.78,0,0,2138671.78,0,0,2138671.78,0,0,2749720.86,0,0,2138671.78,0,0,2138671.78,0,0,2138671.78,0,0,2138671.78,0,0,2138671.78,0,0,2138671.78,0,0,2138671.78
both_sexes,0,0,2020-01-20,COVSICKLE,0,0,0,0,0,0,0,0,0,0,0,0,0,0,0,0,0,0,0,0,0,0,0,0,0,0,0,0,0,0,0,0,0,0,0,0,0,0,0,0,0,0,0,0,0,0,0,0,0,0,2138671.78,0,0,2138671.78,0,0,2138671.78,0,0,2138671.78,0,0,2406005.75,0,0,2406005.75,0,0,2138671.78,0,0,2138671.78,0,0,2138671.78,0,0,2138671.78,0,0,2138671.78,0,0,2138671.78,0,0,2138671.78,0,0,2138671.78,0,0,2138671.78,0,0,2138671.78,0,0,2138671.78,0,0,2138671.78,0,0,2138671.78,0,0,2138671.78,0,0,2138671.78,0,0,2138671.78,0,0,2138671.78,0,0,2138671.78,0,0,2138671.78,0,0,2138671.78,0,0,2138671.78,0,0,2138671.78,0,0,2138671.78,0,0,2138671.78,0,0,2138671.78,0,0,2138671.78,0,0,2138671.78,0,0,2138671.78,0,0,2138671.78,0,0,2138671.78,0,0,2138671.78,0,0,2138671.78,0,0,2138671.78,0,0,2138671.78,0,0,2749720.86,0,0,2138671.78,0,0,2138671.78,0,0,2138671.78,0,0,2138671.78,0,0,2138671.78,0,0,2138671.78,0,0,2138671.78
both_sexes,0,0,2020-01-27,COVSICKLE,0,0,0,0,0,0,0,0,0,0,0,0,0,0,0,0,0,0,0,0,0,0,0,0,0,0,0,0,0,0,0,0,0,0,0,0,0,0,0,0,0,0,0,0,0,0,0,0,0,0,2138671.78,0,0,2138671.78,0,0,2138671.78,0,0,2138671.78,0,0,2406005.75,0,0,2406005.75,0,0,2138671.78,0,0,2138671.78,0,0,2138671.78,0,0,2138671.78,0,0,2138671.78,0,0,2138671.78,0,0,2138671.78,0,0,2138671.78,0,0,2138671.78,0,0,2138671.78,0,0,2138671.78,0,0,2138671.78,0,0,2138671.78,0,0,2138671.78,0,0,2138671.78,0,0,2138671.78,0,0,2138671.78,0,0,2138671.78,0,0,2138671.78,0,0,2138671.78,0,0,2138671.78,0,0,2138671.78,0,0,2138671.78,0,0,2138671.78,0,0,2138671.78,0,0,2138671.78,0,0,2138671.78,0,0,2138671.78,0,0,2138671.78,0,0,2138671.78,0,0,2138671.78,0,0,2138671.78,0,0,2138671.78,0,0,2138671.78,0,0,2749720.86,0,0,2138671.78,0,0,2138671.78,0,0,2138671.78,0,0,2138671.78,0,0,2138671.78,0,0,2138671.78,0,0,2138671.78
both_sexes,0,0,2020-02-03,COVSICKLE,0,0,0,1,0,0,0,0,0,0,0,0,0,0,0,0,1,1,0,0,0,0,0,0,0,0,0,0,0,0,0,0,0,0,0,0,0,0,0,0,0,0,0,0,0,0,0,0,0,0,2138671.78,0,0,2138671.78,0,0,2138671.78,598770.49,15159.56,3336135.65,0,0,2406005.75,0,0,2406005.75,0,0,2138671.78,0,0,2138671.78,0,0,2138671.78,0,0,2138671.78,0,0,2138671.78,0,0,2138671.78,0,0,2138671.78,0,0,2138671.78,0,0,2138671.78,0,0,2138671.78,629741.38,15943.67,3508694.39,629741.38,15943.67,3508694.39,0,0,2138671.78,0,0,2138671.78,0,0,2138671.78,0,0,2138671.78,0,0,2138671.78,0,0,2138671.78,0,0,2138671.78,0,0,2138671.78,0,0,2138671.78,0,0,2138671.78,0,0,2138671.78,0,0,2138671.78,0,0,2138671.78,0,0,2138671.78,0,0,2138671.78,0,0,2138671.78,0,0,2138671.78,0,0,2138671.78,0,0,2138671.78,0,0,2138671.78,0,0,2138671.78,0,0,2138671.78,0,0,2749720.86,0,0,2138671.78,0,0,2138671.78,0,0,2138671.78,0,0,2138671.78,0,0,2138671.78,0,0,2138671.78,0,0,2138671.78
both_sexes,0,0,2020-02-10,COVSICKLE,0,0,0,0,0,0,0,0,0,0,0,0,0,0,0,0,0,0,0,0,0,0,0,0,0,0,0,0,0,0,0,0,0,0,0,0,0,0,0,0,0,0,0,0,0,0,0,0,0,0,2138671.78,0,0,2138671.78,0,0,2138671.78,0,0,2406005.75,0,0,2406005.75,0,0,2406005.75,0,0,2138671.78,0,0,2138671.78,0,0,2138671.78,0,0,2138671.78,0,0,2138671.78,0,0,2138671.78,0,0,2138671.78,0,0,2138671.78,0,0,2138671.78,0,0,2138671.78,0,0,2406005.75,0,0,2406005.75,0,0,2138671.78,0,0,2138671.78,0,0,2138671.78,0,0,2138671.78,0,0,2138671.78,0,0,2138671.78,0,0,2138671.78,0,0,2138671.78,0,0,2138671.78,0,0,2138671.78,0,0,2138671.78,0,0,2138671.78,0,0,2138671.78,0,0,2138671.78,0,0,2138671.78,0,0,2138671.78,0,0,2138671.78,0,0,2138671.78,0,0,2138671.78,0,0,2138671.78,0,0,2138671.78,0,0,2138671.78,0,0,2749720.86,0,0,2138671.78,0,0,2138671.78,0,0,2138671.78,0,0,2138671.78,0,0,2138671.78,0,0,2138671.78,0,0,2138671.78
both_sexes,0,0,2020-02-17,COVSICKLE,0,0,0,0,0,0,0,0,0,0,0,0,0,0,0,0,0,0,0,0,0,0,0,0,0,0,0,0,0,0,0,0,0,0,0,0,0,0,0,0,0,0,0,0,0,0,0,0,0,0,2138671.78,0,0,2138671.78,0,0,2138671.78,0,0,2406005.75,0,0,2406005.75,0,0,2406005.75,0,0,2138671.78,0,0,2138671.78,0,0,2138671.78,0,0,2138671.78,0,0,2138671.78,0,0,2138671.78,0,0,2138671.78,0,0,2138671.78,0,0,2138671.78,0,0,2138671.78,0,0,2406005.75,0,0,2406005.75,0,0,2138671.78,0,0,2138671.78,0,0,2138671.78,0,0,2138671.78,0,0,2138671.78,0,0,2138671.78,0,0,2138671.78,0,0,2138671.78,0,0,2138671.78,0,0,2138671.78,0,0,2138671.78,0,0,2138671.78,0,0,2138671.78,0,0,2138671.78,0,0,2138671.78,0,0,2138671.78,0,0,2138671.78,0,0,2138671.78,0,0,2138671.78,0,0,2138671.78,0,0,2138671.78,0,0,2138671.78,0,0,2749720.86,0,0,2138671.78,0,0,2138671.78,0,0,2138671.78,0,0,2138671.78,0,0,2138671.78,0,0,2138671.78,0,0,2138671.78
both_sexes,0,0,2020-02-24,COVSICKLE,0,0,0,0,0,0,0,0,0,0,0,0,0,0,0,0,0,0,0,0,0,0,0,0,0,0,0,0,0,0,0,0,0,0,0,0,0,0,0,0,0,0,0,0,0,0,0,0,0,0,2138671.78,0,0,2138671.78,0,0,2138671.78,0,0,2406005.75,0,0,2406005.75,0,0,2406005.75,0,0,2138671.78,0,0,2138671.78,0,0,2138671.78,0,0,2138671.78,0,0,2138671.78,0,0,2138671.78,0,0,2138671.78,0,0,2138671.78,0,0,2138671.78,0,0,2138671.78,0,0,2406005.75,0,0,2406005.75,0,0,2138671.78,0,0,2138671.78,0,0,2138671.78,0,0,2138671.78,0,0,2138671.78,0,0,2138671.78,0,0,2138671.78,0,0,2138671.78,0,0,2138671.78,0,0,2138671.78,0,0,2138671.78,0,0,2138671.78,0,0,2138671.78,0,0,2138671.78,0,0,2138671.78,0,0,2138671.78,0,0,2138671.78,0,0,2138671.78,0,0,2138671.78,0,0,2138671.78,0,0,2138671.78,0,0,2138671.78,0,0,2749720.86,0,0,2138671.78,0,0,2138671.78,0,0,2138671.78,0,0,2138671.78,0,0,2138671.78,0,0,2138671.78,0,0,2138671.78
both_sexes,0,0,2020-03-02,COVSICKLE,0,0,0,0,0,0,0,0,0,0,0,0,0,0,0,0,0,0,0,0,0,0,0,0,0,0,0,0,0,0,0,0,0,0,0,0,0,0,0,0,0,0,0,0,0,0,0,0,0,0,2138671.78,0,0,2138671.78,0,0,2138671.78,0,0,2406005.75,0,0,2406005.75,0,0,2406005.75,0,0,2138671.78,0,0,2138671.78,0,0,2138671.78,0,0,2138671.78,0,0,2138671.78,0,0,2138671.78,0,0,2138671.78,0,0,2138671.78,0,0,2138671.78,0,0,2138671.78,0,0,2406005.75,0,0,2406005.75,0,0,2138671.78,0,0,2138671.78,0,0,2138671.78,0,0,2138671.78,0,0,2138671.78,0,0,2138671.78,0,0,2138671.78,0,0,2138671.78,0,0,2138671.78,0,0,2138671.78,0,0,2138671.78,0,0,2138671.78,0,0,2138671.78,0,0,2138671.78,0,0,2138671.78,0,0,2138671.78,0,0,2138671.78,0,0,2138671.78,0,0,2138671.78,0,0,2138671.78,0,0,2138671.78,0,0,2138671.78,0,0,2749720.86,0,0,2138671.78,0,0,2138671.78,0,0,2138671.78,0,0,2138671.78,0,0,2138671.78,0,0,2138671.78,0,0,2138671.78
both_sexes,0,0,2020-03-09,COVSICKLE,0,0,0,0,0,0,0,0,0,0,0,0,0,0,0,0,0,0,0,0,0,0,0,0,0,0,0,0,0,0,0,0,0,0,0,0,0,0,0,0,0,0,0,0,0,0,0,0,0,0,2138671.78,0,0,2138671.78,0,0,2138671.78,0,0,2406005.75,0,0,2406005.75,0,0,2406005.75,0,0,2138671.78,0,0,2138671.78,0,0,2138671.78,0,0,2138671.78,0,0,2138671.78,0,0,2138671.78,0,0,2138671.78,0,0,2138671.78,0,0,2138671.78,0,0,2138671.78,0,0,2406005.75,0,0,2406005.75,0,0,2138671.78,0,0,2138671.78,0,0,2138671.78,0,0,2138671.78,0,0,2138671.78,0,0,2138671.78,0,0,2138671.78,0,0,2138671.78,0,0,2138671.78,0,0,2138671.78,0,0,2138671.78,0,0,2138671.78,0,0,2138671.78,0,0,2138671.78,0,0,2138671.78,0,0,2138671.78,0,0,2138671.78,0,0,2138671.78,0,0,2138671.78,0,0,2138671.78,0,0,2138671.78,0,0,2138671.78,0,0,2749720.86,0,0,2138671.78,0,0,2138671.78,0,0,2138671.78,0,0,2138671.78,0,0,2138671.78,0,0,2138671.78,0,0,2138671.78
both_sexes,0,0,2020-03-16,COVSICKLE,0,0,0,0,0,0,0,0,0,0,0,0,0,0,0,0,0,0,0,0,0,0,0,0,0,0,0,0,0,0,0,0,0,0,0,0,0,0,0,0,0,0,0,0,0,0,0,0,0,0,2138671.78,0,0,2138671.78,0,0,2138671.78,0,0,2406005.75,0,0,2406005.75,0,0,2406005.75,0,0,2138671.78,0,0,2138671.78,0,0,2138671.78,0,0,2138671.78,0,0,2138671.78,0,0,2138671.78,0,0,2138671.78,0,0,2138671.78,0,0,2138671.78,0,0,2138671.78,0,0,2406005.75,0,0,2406005.75,0,0,2138671.78,0,0,2138671.78,0,0,2138671.78,0,0,2138671.78,0,0,2138671.78,0,0,2138671.78,0,0,2138671.78,0,0,2138671.78,0,0,2138671.78,0,0,2138671.78,0,0,2138671.78,0,0,2138671.78,0,0,2138671.78,0,0,2138671.78,0,0,2138671.78,0,0,2138671.78,0,0,2138671.78,0,0,2138671.78,0,0,2138671.78,0,0,2138671.78,0,0,2138671.78,0,0,2138671.78,0,0,2749720.86,0,0,2138671.78,0,0,2138671.78,0,0,2138671.78,0,0,2138671.78,0,0,2138671.78,0,0,2138671.78,0,0,2138671.78
both_sexes,0,0,2020-03-23,COVSICKLE,0,0,0,0,0,0,0,0,0,0,0,0,0,0,0,0,0,0,0,0,0,0,0,0,0,0,0,0,0,0,0,0,0,0,0,0,0,0,0,0,0,0,0,0,0,0,0,0,0,0,2138671.78,0,0,2138671.78,0,0,2138671.78,0,0,2406005.75,0,0,2406005.75,0,0,2406005.75,0,0,2138671.78,0,0,2138671.78,0,0,2138671.78,0,0,2138671.78,0,0,2138671.78,0,0,2138671.78,0,0,2138671.78,0,0,2138671.78,0,0,2138671.78,0,0,2138671.78,0,0,2406005.75,0,0,2406005.75,0,0,2138671.78,0,0,2138671.78,0,0,2138671.78,0,0,2138671.78,0,0,2138671.78,0,0,2138671.78,0,0,2138671.78,0,0,2138671.78,0,0,2138671.78,0,0,2138671.78,0,0,2138671.78,0,0,2138671.78,0,0,2138671.78,0,0,2138671.78,0,0,2138671.78,0,0,2138671.78,0,0,2138671.78,0,0,2138671.78,0,0,2138671.78,0,0,2138671.78,0,0,2138671.78,0,0,2138671.78,0,0,2749720.86,0,0,2138671.78,0,0,2138671.78,0,0,2138671.78,0,0,2138671.78,0,0,2138671.78,0,0,2138671.78,0,0,2138671.78
both_sexes,0,0,2020-03-30,COVSICKLE,0,0,0,0,0,0,0,0,0,0,0,0,0,0,0,0,0,0,0,0,0,0,0,0,0,0,0,0,0,0,0,0,0,0,0,0,0,0,0,0,0,0,0,0,0,0,0,0,0,0,2138671.78,0,0,2138671.78,0,0,2138671.78,0,0,2406005.75,0,0,2406005.75,0,0,2406005.75,0,0,2138671.78,0,0,2138671.78,0,0,2138671.78,0,0,2138671.78,0,0,2138671.78,0,0,2138671.78,0,0,2138671.78,0,0,2138671.78,0,0,2138671.78,0,0,2138671.78,0,0,2406005.75,0,0,2406005.75,0,0,2138671.78,0,0,2138671.78,0,0,2138671.78,0,0,2138671.78,0,0,2138671.78,0,0,2138671.78,0,0,2138671.78,0,0,2138671.78,0,0,2138671.78,0,0,2138671.78,0,0,2138671.78,0,0,2138671.78,0,0,2138671.78,0,0,2138671.78,0,0,2138671.78,0,0,2138671.78,0,0,2138671.78,0,0,2138671.78,0,0,2138671.78,0,0,2138671.78,0,0,2138671.78,0,0,2138671.78,0,0,2749720.86,0,0,2138671.78,0,0,2138671.78,0,0,2138671.78,0,0,2138671.78,0,0,2138671.78,0,0,2138671.78,0,0,2138671.78
both_sexes,0,0,2020-04-06,COVSICKLE,0,0,0,0,0,0,0,0,0,0,0,0,0,0,0,0,0,0,0,0,0,0,0,0,0,0,0,0,0,0,0,0,0,0,0,0,0,0,0,0,0,0,0,0,0,0,0,0,0,0,2138671.78,0,0,2138671.78,0,0,2138671.78,0,0,2406005.75,0,0,2406005.75,0,0,2406005.75,0,0,2138671.78,0,0,2138671.78,0,0,2138671.78,0,0,2138671.78,0,0,2138671.78,0,0,2138671.78,0,0,2138671.78,0,0,2138671.78,0,0,2138671.78,0,0,2138671.78,0,0,2406005.75,0,0,2406005.75,0,0,2138671.78,0,0,2138671.78,0,0,2138671.78,0,0,2138671.78,0,0,2138671.78,0,0,2138671.78,0,0,2138671.78,0,0,2138671.78,0,0,2138671.78,0,0,2138671.78,0,0,2138671.78,0,0,2138671.78,0,0,2138671.78,0,0,2138671.78,0,0,2138671.78,0,0,2138671.78,0,0,2138671.78,0,0,2138671.78,0,0,2138671.78,0,0,2138671.78,0,0,2138671.78,0,0,2138671.78,0,0,2749720.86,0,0,2138671.78,0,0,2138671.78,0,0,2138671.78,0,0,2138671.78,0,0,2138671.78,0,0,2138671.78,0,0,2138671.78
both_sexes,0,0,2020-04-13,COVSICKLE,0,0,0,0,0,0,0,0,0,0,0,0,0,0,0,0,0,0,0,0,0,0,0,0,0,0,0,0,0,0,0,0,0,0,0,0,0,0,0,0,0,0,0,0,0,0,0,0,0,0,2138671.78,0,0,2138671.78,0,0,2138671.78,0,0,2406005.75,0,0,2406005.75,0,0,2406005.75,0,0,2138671.78,0,0,2138671.78,0,0,2138671.78,0,0,2138671.78,0,0,2138671.78,0,0,2138671.78,0,0,2138671.78,0,0,2138671.78,0,0,2138671.78,0,0,2138671.78,0,0,2406005.75,0,0,2406005.75,0,0,2138671.78,0,0,2138671.78,0,0,2138671.78,0,0,2138671.78,0,0,2138671.78,0,0,2138671.78,0,0,2138671.78,0,0,2138671.78,0,0,2138671.78,0,0,2138671.78,0,0,2138671.78,0,0,2138671.78,0,0,2138671.78,0,0,2138671.78,0,0,2138671.78,0,0,2138671.78,0,0,2138671.78,0,0,2138671.78,0,0,2138671.78,0,0,2138671.78,0,0,2138671.78,0,0,2138671.78,0,0,2749720.86,0,0,2138671.78,0,0,2138671.78,0,0,2138671.78,0,0,2138671.78,0,0,2138671.78,0,0,2138671.78,0,0,2138671.78
both_sexes,0,0,2020-04-20,COVSICKLE,0,0,0,0,0,0,0,0,0,0,0,0,0,0,0,0,0,0,0,0,0,0,0,0,0,0,0,0,0,0,0,0,0,0,0,0,0,0,0,0,0,0,0,0,0,0,0,0,0,0,2138671.78,0,0,2138671.78,0,0,2138671.78,0,0,2406005.75,0,0,2406005.75,0,0,2406005.75,0,0,2138671.78,0,0,2138671.78,0,0,2138671.78,0,0,2138671.78,0,0,2138671.78,0,0,2138671.78,0,0,2138671.78,0,0,2138671.78,0,0,2138671.78,0,0,2138671.78,0,0,2406005.75,0,0,2406005.75,0,0,2138671.78,0,0,2138671.78,0,0,2138671.78,0,0,2138671.78,0,0,2138671.78,0,0,2138671.78,0,0,2138671.78,0,0,2138671.78,0,0,2138671.78,0,0,2138671.78,0,0,2138671.78,0,0,2138671.78,0,0,2138671.78,0,0,2138671.78,0,0,2138671.78,0,0,2138671.78,0,0,2138671.78,0,0,2138671.78,0,0,2138671.78,0,0,2138671.78,0,0,2138671.78,0,0,2138671.78,0,0,2749720.86,0,0,2138671.78,0,0,2138671.78,0,0,2138671.78,0,0,2138671.78,0,0,2138671.78,0,0,2138671.78,0,0,2138671.78
both_sexes,0,0,2020-04-27,COVSICKLE,0,0,0,0,0,0,0,0,0,0,0,0,0,0,0,0,0,0,0,0,0,0,0,0,0,0,0,0,0,0,0,0,0,0,0,0,0,0,0,0,0,0,0,0,0,0,0,0,0,0,2138671.78,0,0,2138671.78,0,0,2138671.78,0,0,2406005.75,0,0,2406005.75,0,0,2406005.75,0,0,2138671.78,0,0,2138671.78,0,0,2138671.78,0,0,2138671.78,0,0,2138671.78,0,0,2138671.78,0,0,2138671.78,0,0,2138671.78,0,0,2138671.78,0,0,2138671.78,0,0,2406005.75,0,0,2406005.75,0,0,2138671.78,0,0,2138671.78,0,0,2138671.78,0,0,2138671.78,0,0,2138671.78,0,0,2138671.78,0,0,2138671.78,0,0,2138671.78,0,0,2138671.78,0,0,2138671.78,0,0,2138671.78,0,0,2138671.78,0,0,2138671.78,0,0,2138671.78,0,0,2138671.78,0,0,2138671.78,0,0,2138671.78,0,0,2138671.78,0,0,2138671.78,0,0,2138671.78,0,0,2138671.78,0,0,2138671.78,0,0,2749720.86,0,0,2138671.78,0,0,2138671.78,0,0,2138671.78,0,0,2138671.78,0,0,2138671.78,0,0,2138671.78,0,0,2138671.78
both_sexes,0,0,2020-05-04,COVSICKLE,0,0,0,0,0,0,0,0,0,0,0,0,0,0,0,0,0,0,0,0,0,0,0,0,0,0,0,0,0,0,0,0,0,0,0,0,0,0,0,0,0,0,0,0,0,0,0,0,0,0,2138671.78,0,0,2138671.78,0,0,2138671.78,0,0,2406005.75,0,0,2406005.75,0,0,2406005.75,0,0,2138671.78,0,0,2138671.78,0,0,2138671.78,0,0,2138671.78,0,0,2138671.78,0,0,2138671.78,0,0,2138671.78,0,0,2138671.78,0,0,2138671.78,0,0,2138671.78,0,0,2406005.75,0,0,2406005.75,0,0,2138671.78,0,0,2138671.78,0,0,2138671.78,0,0,2138671.78,0,0,2138671.78,0,0,2138671.78,0,0,2138671.78,0,0,2138671.78,0,0,2138671.78,0,0,2138671.78,0,0,2138671.78,0,0,2138671.78,0,0,2138671.78,0,0,2138671.78,0,0,2138671.78,0,0,2138671.78,0,0,2138671.78,0,0,2138671.78,0,0,2138671.78,0,0,2138671.78,0,0,2138671.78,0,0,2138671.78,0,0,2749720.86,0,0,2138671.78,0,0,2138671.78,0,0,2138671.78,0,0,2138671.78,0,0,2138671.78,0,0,2138671.78,0,0,2138671.78
both_sexes,0,0,2020-05-11,COVSICKLE,0,0,0,0,0,0,0,0,0,0,0,0,0,0,0,0,0,0,0,0,0,0,0,0,0,0,0,0,0,0,0,0,0,0,0,0,0,0,0,0,0,0,0,0,0,0,0,0,0,0,2138671.78,0,0,2138671.78,0,0,2138671.78,0,0,2406005.75,0,0,2406005.75,0,0,2406005.75,0,0,2138671.78,0,0,2138671.78,0,0,2138671.78,0,0,2138671.78,0,0,2138671.78,0,0,2138671.78,0,0,2138671.78,0,0,2138671.78,0,0,2138671.78,0,0,2138671.78,0,0,2406005.75,0,0,2406005.75,0,0,2138671.78,0,0,2138671.78,0,0,2138671.78,0,0,2138671.78,0,0,2138671.78,0,0,2138671.78,0,0,2138671.78,0,0,2138671.78,0,0,2138671.78,0,0,2138671.78,0,0,2138671.78,0,0,2138671.78,0,0,2138671.78,0,0,2138671.78,0,0,2138671.78,0,0,2138671.78,0,0,2138671.78,0,0,2138671.78,0,0,2138671.78,0,0,2138671.78,0,0,2138671.78,0,0,2138671.78,0,0,2749720.86,0,0,2138671.78,0,0,2138671.78,0,0,2138671.78,0,0,2138671.78,0,0,2138671.78,0,0,2138671.78,0,0,2138671.78
both_sexes,0,0,2020-05-18,COVSICKLE,0,0,0,0,0,0,0,0,0,0,0,0,0,0,0,0,0,0,0,0,0,0,0,0,0,0,0,0,0,0,0,0,0,0,0,0,0,0,0,0,0,0,0,0,0,0,0,0,0,0,2138671.78,0,0,2138671.78,0,0,2138671.78,0,0,2406005.75,0,0,2406005.75,0,0,2406005.75,0,0,2138671.78,0,0,2138671.78,0,0,2138671.78,0,0,2138671.78,0,0,2138671.78,0,0,2138671.78,0,0,2138671.78,0,0,2138671.78,0,0,2138671.78,0,0,2138671.78,0,0,2406005.75,0,0,2406005.75,0,0,2138671.78,0,0,2138671.78,0,0,2138671.78,0,0,2138671.78,0,0,2138671.78,0,0,2138671.78,0,0,2138671.78,0,0,2138671.78,0,0,2138671.78,0,0,2138671.78,0,0,2138671.78,0,0,2138671.78,0,0,2138671.78,0,0,2138671.78,0,0,2138671.78,0,0,2138671.78,0,0,2138671.78,0,0,2138671.78,0,0,2138671.78,0,0,2138671.78,0,0,2138671.78,0,0,2138671.78,0,0,2749720.86,0,0,2138671.78,0,0,2138671.78,0,0,2138671.78,0,0,2138671.78,0,0,2138671.78,0,0,2138671.78,0,0,2138671.78
both_sexes,0,0,2020-05-25,COVSICKLE,0,0,0,0,0,0,0,0,0,0,0,0,0,0,0,0,0,0,0,0,0,0,0,0,0,0,0,0,0,0,0,0,0,0,0,0,0,0,0,0,0,0,0,0,0,0,0,0,0,0,2138671.78,0,0,2138671.78,0,0,2138671.78,0,0,2406005.75,0,0,2406005.75,0,0,2406005.75,0,0,2138671.78,0,0,2138671.78,0,0,2138671.78,0,0,2138671.78,0,0,2138671.78,0,0,2138671.78,0,0,2138671.78,0,0,2138671.78,0,0,2138671.78,0,0,2138671.78,0,0,2406005.75,0,0,2406005.75,0,0,2138671.78,0,0,2138671.78,0,0,2138671.78,0,0,2138671.78,0,0,2138671.78,0,0,2138671.78,0,0,2138671.78,0,0,2138671.78,0,0,2138671.78,0,0,2138671.78,0,0,2138671.78,0,0,2138671.78,0,0,2138671.78,0,0,2138671.78,0,0,2138671.78,0,0,2138671.78,0,0,2138671.78,0,0,2138671.78,0,0,2138671.78,0,0,2138671.78,0,0,2138671.78,0,0,2138671.78,0,0,2749720.86,0,0,2138671.78,0,0,2138671.78,0,0,2138671.78,0,0,2138671.78,0,0,2138671.78,0,0,2138671.78,0,0,2138671.78
both_sexes,0,0,2020-06-01,COVSICKLE,0,0,0,0,0,0,0,0,0,0,0,0,0,0,0,0,0,0,0,0,0,0,0,0,0,0,0,0,0,0,0,0,0,0,0,0,0,0,0,0,0,0,0,0,0,0,0,0,0,0,2138671.78,0,0,2138671.78,0,0,2138671.78,0,0,2406005.75,0,0,2406005.75,0,0,2406005.75,0,0,2138671.78,0,0,2138671.78,0,0,2138671.78,0,0,2138671.78,0,0,2138671.78,0,0,2138671.78,0,0,2138671.78,0,0,2138671.78,0,0,2138671.78,0,0,2138671.78,0,0,2406005.75,0,0,2406005.75,0,0,2138671.78,0,0,2138671.78,0,0,2138671.78,0,0,2138671.78,0,0,2138671.78,0,0,2138671.78,0,0,2138671.78,0,0,2138671.78,0,0,2138671.78,0,0,2138671.78,0,0,2138671.78,0,0,2138671.78,0,0,2138671.78,0,0,2138671.78,0,0,2138671.78,0,0,2138671.78,0,0,2138671.78,0,0,2138671.78,0,0,2138671.78,0,0,2138671.78,0,0,2138671.78,0,0,2138671.78,0,0,2749720.86,0,0,2138671.78,0,0,2138671.78,0,0,2138671.78,0,0,2138671.78,0,0,2138671.78,0,0,2138671.78,0,0,2138671.78
both_sexes,0,0,2020-06-08,COVSICKLE,0,0,0,0,0,0,0,0,0,0,0,0,0,0,0,0,0,0,0,0,0,0,0,0,0,0,0,0,0,0,0,0,0,0,0,0,0,0,0,0,0,0,0,0,0,0,0,0,0,0,2138671.78,0,0,2138671.78,0,0,2138671.78,0,0,2406005.75,0,0,2406005.75,0,0,2406005.75,0,0,2138671.78,0,0,2138671.78,0,0,2138671.78,0,0,2138671.78,0,0,2138671.78,0,0,2138671.78,0,0,2138671.78,0,0,2138671.78,0,0,2138671.78,0,0,2138671.78,0,0,2406005.75,0,0,2406005.75,0,0,2138671.78,0,0,2138671.78,0,0,2138671.78,0,0,2138671.78,0,0,2138671.78,0,0,2138671.78,0,0,2138671.78,0,0,2138671.78,0,0,2138671.78,0,0,2138671.78,0,0,2138671.78,0,0,2138671.78,0,0,2138671.78,0,0,2138671.78,0,0,2138671.78,0,0,2138671.78,0,0,2138671.78,0,0,2138671.78,0,0,2138671.78,0,0,2138671.78,0,0,2138671.78,0,0,2138671.78,0,0,2749720.86,0,0,2138671.78,0,0,2138671.78,0,0,2138671.78,0,0,2138671.78,0,0,2138671.78,0,0,2138671.78,0,0,2138671.78
both_sexes,0,0,2020-06-15,COVSICKLE,0,0,0,0,0,0,0,0,0,0,0,0,0,0,0,0,0,0,0,0,0,0,0,0,0,0,0,0,0,0,0,0,0,0,0,0,0,0,0,0,0,0,0,0,0,0,0,0,0,0,2138671.78,0,0,2138671.78,0,0,2138671.78,0,0,2406005.75,0,0,2406005.75,0,0,2406005.75,0,0,2138671.78,0,0,2138671.78,0,0,2138671.78,0,0,2138671.78,0,0,2138671.78,0,0,2138671.78,0,0,2138671.78,0,0,2138671.78,0,0,2138671.78,0,0,2138671.78,0,0,2406005.75,0,0,2406005.75,0,0,2138671.78,0,0,2138671.78,0,0,2138671.78,0,0,2138671.78,0,0,2138671.78,0,0,2138671.78,0,0,2138671.78,0,0,2138671.78,0,0,2138671.78,0,0,2138671.78,0,0,2138671.78,0,0,2138671.78,0,0,2138671.78,0,0,2138671.78,0,0,2138671.78,0,0,2138671.78,0,0,2138671.78,0,0,2138671.78,0,0,2138671.78,0,0,2138671.78,0,0,2138671.78,0,0,2138671.78,0,0,2749720.86,0,0,2138671.78,0,0,2138671.78,0,0,2138671.78,0,0,2138671.78,0,0,2138671.78,0,0,2138671.78,0,0,2138671.78
both_sexes,0,0,2020-06-22,COVSICKLE,0,0,0,0,0,0,0,0,0,0,0,0,0,0,0,0,0,0,0,0,0,0,0,0,0,0,0,0,0,0,0,0,0,0,0,0,0,0,0,0,0,0,0,0,0,0,0,0,0,0,2138671.78,0,0,2138671.78,0,0,2138671.78,0,0,2406005.75,0,0,2406005.75,0,0,2406005.75,0,0,2138671.78,0,0,2138671.78,0,0,2138671.78,0,0,2138671.78,0,0,2138671.78,0,0,2138671.78,0,0,2138671.78,0,0,2138671.78,0,0,2138671.78,0,0,2138671.78,0,0,2406005.75,0,0,2406005.75,0,0,2138671.78,0,0,2138671.78,0,0,2138671.78,0,0,2138671.78,0,0,2138671.78,0,0,2138671.78,0,0,2138671.78,0,0,2138671.78,0,0,2138671.78,0,0,2138671.78,0,0,2138671.78,0,0,2138671.78,0,0,2138671.78,0,0,2138671.78,0,0,2138671.78,0,0,2138671.78,0,0,2138671.78,0,0,2138671.78,0,0,2138671.78,0,0,2138671.78,0,0,2138671.78,0,0,2138671.78,0,0,2749720.86,0,0,2138671.78,0,0,2138671.78,0,0,2138671.78,0,0,2138671.78,0,0,2138671.78,0,0,2138671.78,0,0,2138671.78
both_sexes,0,0,2020-06-29,COVSICKLE,0,0,0,0,0,0,0,0,0,0,0,0,0,0,0,0,0,0,0,0,0,0,0,0,0,0,0,0,0,0,0,0,0,0,0,0,0,0,0,0,0,0,0,0,0,0,0,0,0,0,2138671.78,0,0,2138671.78,0,0,2138671.78,0,0,2406005.75,0,0,2406005.75,0,0,2406005.75,0,0,2138671.78,0,0,2138671.78,0,0,2138671.78,0,0,2138671.78,0,0,2138671.78,0,0,2138671.78,0,0,2138671.78,0,0,2138671.78,0,0,2138671.78,0,0,2138671.78,0,0,2406005.75,0,0,2406005.75,0,0,2138671.78,0,0,2138671.78,0,0,2138671.78,0,0,2138671.78,0,0,2138671.78,0,0,2138671.78,0,0,2138671.78,0,0,2138671.78,0,0,2138671.78,0,0,2138671.78,0,0,2138671.78,0,0,2138671.78,0,0,2138671.78,0,0,2138671.78,0,0,2138671.78,0,0,2138671.78,0,0,2138671.78,0,0,2138671.78,0,0,2138671.78,0,0,2138671.78,0,0,2138671.78,0,0,2138671.78,0,0,2749720.86,0,0,2138671.78,0,0,2138671.78,0,0,2138671.78,0,0,2138671.78,0,0,2138671.78,0,0,2138671.78,0,0,2138671.78
both_sexes,0,0,2020-07-06,COVSICKLE,0,0,0,0,0,0,0,0,0,0,0,0,0,0,0,0,0,0,0,0,0,0,0,0,0,0,0,0,0,0,0,0,0,0,0,0,0,0,0,0,0,0,0,0,0,0,0,0,0,0,2138671.78,0,0,2138671.78,0,0,2138671.78,0,0,2406005.75,0,0,2406005.75,0,0,2406005.75,0,0,2138671.78,0,0,2138671.78,0,0,2138671.78,0,0,2138671.78,0,0,2138671.78,0,0,2138671.78,0,0,2138671.78,0,0,2138671.78,0,0,2138671.78,0,0,2138671.78,0,0,2406005.75,0,0,2406005.75,0,0,2138671.78,0,0,2138671.78,0,0,2138671.78,0,0,2138671.78,0,0,2138671.78,0,0,2138671.78,0,0,2138671.78,0,0,2138671.78,0,0,2138671.78,0,0,2138671.78,0,0,2138671.78,0,0,2138671.78,0,0,2138671.78,0,0,2138671.78,0,0,2138671.78,0,0,2138671.78,0,0,2138671.78,0,0,2138671.78,0,0,2138671.78,0,0,2138671.78,0,0,2138671.78,0,0,2138671.78,0,0,2749720.86,0,0,2138671.78,0,0,2138671.78,0,0,2138671.78,0,0,2138671.78,0,0,2138671.78,0,0,2138671.78,0,0,2138671.78
both_sexes,0,0,2020-07-13,COVSICKLE,0,0,0,0,0,0,0,0,0,0,0,0,0,0,0,0,0,0,0,0,0,0,0,0,0,0,0,0,0,0,0,0,0,0,0,0,0,0,0,0,0,0,0,0,0,0,0,0,0,0,2138671.78,0,0,2138671.78,0,0,2138671.78,0,0,2406005.75,0,0,2406005.75,0,0,2406005.75,0,0,2138671.78,0,0,2138671.78,0,0,2138671.78,0,0,2138671.78,0,0,2138671.78,0,0,2138671.78,0,0,2138671.78,0,0,2138671.78,0,0,2138671.78,0,0,2138671.78,0,0,2406005.75,0,0,2406005.75,0,0,2138671.78,0,0,2138671.78,0,0,2138671.78,0,0,2138671.78,0,0,2138671.78,0,0,2138671.78,0,0,2138671.78,0,0,2138671.78,0,0,2138671.78,0,0,2138671.78,0,0,2138671.78,0,0,2138671.78,0,0,2138671.78,0,0,2138671.78,0,0,2138671.78,0,0,2138671.78,0,0,2138671.78,0,0,2138671.78,0,0,2138671.78,0,0,2138671.78,0,0,2138671.78,0,0,2138671.78,0,0,2749720.86,0,0,2138671.78,0,0,2138671.78,0,0,2138671.78,0,0,2138671.78,0,0,2138671.78,0,0,2138671.78,0,0,2138671.78
both_sexes,0,0,2020-07-20,COVSICKLE,0,0,0,0,0,0,0,0,0,0,0,0,0,0,0,0,0,0,0,0,0,0,0,0,0,0,0,0,0,0,0,0,0,0,0,0,0,0,0,0,0,0,0,0,0,0,0,0,0,0,2138671.78,0,0,2138671.78,0,0,2138671.78,0,0,2406005.75,0,0,2406005.75,0,0,2406005.75,0,0,2138671.78,0,0,2138671.78,0,0,2138671.78,0,0,2138671.78,0,0,2138671.78,0,0,2138671.78,0,0,2138671.78,0,0,2138671.78,0,0,2138671.78,0,0,2138671.78,0,0,2406005.75,0,0,2406005.75,0,0,2138671.78,0,0,2138671.78,0,0,2138671.78,0,0,2138671.78,0,0,2138671.78,0,0,2138671.78,0,0,2138671.78,0,0,2138671.78,0,0,2138671.78,0,0,2138671.78,0,0,2138671.78,0,0,2138671.78,0,0,2138671.78,0,0,2138671.78,0,0,2138671.78,0,0,2138671.78,0,0,2138671.78,0,0,2138671.78,0,0,2138671.78,0,0,2138671.78,0,0,2138671.78,0,0,2138671.78,0,0,2749720.86,0,0,2138671.78,0,0,2138671.78,0,0,2138671.78,0,0,2138671.78,0,0,2138671.78,0,0,2138671.78,0,0,2138671.78
both_sexes,0,0,2020-07-27,COVSICKLE,0,0,0,0,0,0,0,0,0,0,0,0,0,0,0,0,0,0,0,0,0,0,0,0,0,0,0,0,0,0,0,0,0,0,0,0,0,0,0,0,0,0,0,0,0,0,0,0,0,0,2138671.78,0,0,2138671.78,0,0,2138671.78,0,0,2406005.75,0,0,2406005.75,0,0,2406005.75,0,0,2138671.78,0,0,2138671.78,0,0,2138671.78,0,0,2138671.78,0,0,2138671.78,0,0,2138671.78,0,0,2138671.78,0,0,2138671.78,0,0,2138671.78,0,0,2138671.78,0,0,2406005.75,0,0,2406005.75,0,0,2138671.78,0,0,2138671.78,0,0,2138671.78,0,0,2138671.78,0,0,2138671.78,0,0,2138671.78,0,0,2138671.78,0,0,2138671.78,0,0,2138671.78,0,0,2138671.78,0,0,2138671.78,0,0,2138671.78,0,0,2138671.78,0,0,2138671.78,0,0,2138671.78,0,0,2138671.78,0,0,2138671.78,0,0,2138671.78,0,0,2138671.78,0,0,2138671.78,0,0,2138671.78,0,0,2138671.78,0,0,2749720.86,0,0,2138671.78,0,0,2138671.78,0,0,2138671.78,0,0,2138671.78,0,0,2138671.78,0,0,2138671.78,0,0,2138671.78
both_sexes,0,0,2020-08-03,COVSICKLE,0,0,0,0,0,0,0,0,0,0,0,0,0,0,0,0,0,0,0,0,0,0,0,0,0,0,0,0,0,0,0,0,0,0,0,0,0,0,0,0,0,0,0,0,0,0,0,0,0,0,2138671.78,0,0,2138671.78,0,0,2138671.78,0,0,2406005.75,0,0,2406005.75,0,0,2406005.75,0,0,2138671.78,0,0,2138671.78,0,0,2138671.78,0,0,2138671.78,0,0,2138671.78,0,0,2138671.78,0,0,2138671.78,0,0,2138671.78,0,0,2138671.78,0,0,2138671.78,0,0,2406005.75,0,0,2406005.75,0,0,2138671.78,0,0,2138671.78,0,0,2138671.78,0,0,2138671.78,0,0,2138671.78,0,0,2138671.78,0,0,2138671.78,0,0,2138671.78,0,0,2138671.78,0,0,2138671.78,0,0,2138671.78,0,0,2138671.78,0,0,2138671.78,0,0,2138671.78,0,0,2138671.78,0,0,2138671.78,0,0,2138671.78,0,0,2138671.78,0,0,2138671.78,0,0,2138671.78,0,0,2138671.78,0,0,2138671.78,0,0,2749720.86,0,0,2138671.78,0,0,2138671.78,0,0,2138671.78,0,0,2138671.78,0,0,2138671.78,0,0,2138671.78,0,0,2138671.78
both_sexes,0,0,2020-08-10,COVSICKLE,0,0,0,0,0,0,0,0,0,0,0,0,0,0,0,0,0,0,0,0,0,0,0,0,0,0,0,0,0,0,0,0,0,0,0,0,0,0,0,0,0,0,0,0,0,0,0,0,0,0,2138671.78,0,0,2138671.78,0,0,2138671.78,0,0,2406005.75,0,0,2406005.75,0,0,2406005.75,0,0,2138671.78,0,0,2138671.78,0,0,2138671.78,0,0,2138671.78,0,0,2138671.78,0,0,2138671.78,0,0,2138671.78,0,0,2138671.78,0,0,2138671.78,0,0,2138671.78,0,0,2406005.75,0,0,2406005.75,0,0,2138671.78,0,0,2138671.78,0,0,2138671.78,0,0,2138671.78,0,0,2138671.78,0,0,2138671.78,0,0,2138671.78,0,0,2138671.78,0,0,2138671.78,0,0,2138671.78,0,0,2138671.78,0,0,2138671.78,0,0,2138671.78,0,0,2138671.78,0,0,2138671.78,0,0,2138671.78,0,0,2138671.78,0,0,2138671.78,0,0,2138671.78,0,0,2138671.78,0,0,2138671.78,0,0,2138671.78,0,0,2749720.86,0,0,2138671.78,0,0,2138671.78,0,0,2138671.78,0,0,2138671.78,0,0,2138671.78,0,0,2138671.78,0,0,2138671.78
both_sexes,0,0,2020-08-17,COVSICKLE,0,0,0,0,0,0,0,0,0,0,0,0,0,0,0,0,0,0,0,0,0,0,0,0,0,0,0,0,0,0,0,0,0,0,0,0,0,0,0,0,0,0,0,0,0,0,0,0,0,0,2138671.78,0,0,2138671.78,0,0,2138671.78,0,0,2406005.75,0,0,2406005.75,0,0,2406005.75,0,0,2138671.78,0,0,2138671.78,0,0,2138671.78,0,0,2138671.78,0,0,2138671.78,0,0,2138671.78,0,0,2138671.78,0,0,2138671.78,0,0,2138671.78,0,0,2138671.78,0,0,2406005.75,0,0,2406005.75,0,0,2138671.78,0,0,2138671.78,0,0,2138671.78,0,0,2138671.78,0,0,2138671.78,0,0,2138671.78,0,0,2138671.78,0,0,2138671.78,0,0,2138671.78,0,0,2138671.78,0,0,2138671.78,0,0,2138671.78,0,0,2138671.78,0,0,2138671.78,0,0,2138671.78,0,0,2138671.78,0,0,2138671.78,0,0,2138671.78,0,0,2138671.78,0,0,2138671.78,0,0,2138671.78,0,0,2138671.78,0,0,2749720.86,0,0,2138671.78,0,0,2138671.78,0,0,2138671.78,0,0,2138671.78,0,0,2138671.78,0,0,2138671.78,0,0,2138671.78
both_sexes,0,0,2020-08-24,COVSICKLE,0,0,0,0,0,0,0,0,0,0,0,0,0,0,0,0,0,0,0,0,0,0,0,0,0,0,0,0,0,0,0,0,0,0,0,0,0,0,0,0,0,0,0,0,0,0,0,0,0,0,2138671.78,0,0,2138671.78,0,0,2138671.78,0,0,2406005.75,0,0,2406005.75,0,0,2406005.75,0,0,2138671.78,0,0,2138671.78,0,0,2138671.78,0,0,2138671.78,0,0,2138671.78,0,0,2138671.78,0,0,2138671.78,0,0,2138671.78,0,0,2138671.78,0,0,2138671.78,0,0,2406005.75,0,0,2406005.75,0,0,2138671.78,0,0,2138671.78,0,0,2138671.78,0,0,2138671.78,0,0,2138671.78,0,0,2138671.78,0,0,2138671.78,0,0,2138671.78,0,0,2138671.78,0,0,2138671.78,0,0,2138671.78,0,0,2138671.78,0,0,2138671.78,0,0,2138671.78,0,0,2138671.78,0,0,2138671.78,0,0,2138671.78,0,0,2138671.78,0,0,2138671.78,0,0,2138671.78,0,0,2138671.78,0,0,2138671.78,0,0,2749720.86,0,0,2138671.78,0,0,2138671.78,0,0,2138671.78,0,0,2138671.78,0,0,2138671.78,0,0,2138671.78,0,0,2138671.78
both_sexes,0,0,2020-08-31,COVSICKLE,0,0,0,0,0,0,0,0,0,0,0,0,0,0,0,0,0,0,0,0,0,0,0,0,0,0,0,0,0,0,0,0,0,0,0,0,0,0,0,0,0,0,0,0,0,0,0,0,0,0,2138671.78,0,0,2138671.78,0,0,2138671.78,0,0,2406005.75,0,0,2406005.75,0,0,2406005.75,0,0,2138671.78,0,0,2138671.78,0,0,2138671.78,0,0,2138671.78,0,0,2138671.78,0,0,2138671.78,0,0,2138671.78,0,0,2138671.78,0,0,2138671.78,0,0,2138671.78,0,0,2406005.75,0,0,2406005.75,0,0,2138671.78,0,0,2138671.78,0,0,2138671.78,0,0,2138671.78,0,0,2138671.78,0,0,2138671.78,0,0,2138671.78,0,0,2138671.78,0,0,2138671.78,0,0,2138671.78,0,0,2138671.78,0,0,2138671.78,0,0,2138671.78,0,0,2138671.78,0,0,2138671.78,0,0,2138671.78,0,0,2138671.78,0,0,2138671.78,0,0,2138671.78,0,0,2138671.78,0,0,2138671.78,0,0,2138671.78,0,0,2749720.86,0,0,2138671.78,0,0,2138671.78,0,0,2138671.78,0,0,2138671.78,0,0,2138671.78,0,0,2138671.78,0,0,2138671.78
both_sexes,0,0,2020-09-07,COVSICKLE,0,0,0,0,0,0,0,0,0,0,0,0,0,0,0,0,0,0,0,0,0,0,0,0,0,0,0,0,0,0,0,0,0,0,0,0,0,0,0,0,0,0,0,0,0,0,0,0,0,0,2138671.78,0,0,2138671.78,0,0,2138671.78,0,0,2406005.75,0,0,2406005.75,0,0,2406005.75,0,0,2138671.78,0,0,2138671.78,0,0,2138671.78,0,0,2138671.78,0,0,2138671.78,0,0,2138671.78,0,0,2138671.78,0,0,2138671.78,0,0,2138671.78,0,0,2138671.78,0,0,2406005.75,0,0,2406005.75,0,0,2138671.78,0,0,2138671.78,0,0,2138671.78,0,0,2138671.78,0,0,2138671.78,0,0,2138671.78,0,0,2138671.78,0,0,2138671.78,0,0,2138671.78,0,0,2138671.78,0,0,2138671.78,0,0,2138671.78,0,0,2138671.78,0,0,2138671.78,0,0,2138671.78,0,0,2138671.78,0,0,2138671.78,0,0,2138671.78,0,0,2138671.78,0,0,2138671.78,0,0,2138671.78,0,0,2138671.78,0,0,2749720.86,0,0,2138671.78,0,0,2138671.78,0,0,2138671.78,0,0,2138671.78,0,0,2138671.78,0,0,2138671.78,0,0,2138671.78
both_sexes,0,0,2020-09-14,COVSICKLE,0,0,0,0,0,0,0,0,0,0,0,0,0,0,0,0,0,0,0,0,0,0,0,0,0,0,0,0,0,0,0,0,0,0,0,0,0,0,0,0,0,0,0,0,0,0,0,0,0,0,2138671.78,0,0,2138671.78,0,0,2138671.78,0,0,2406005.75,0,0,2406005.75,0,0,2406005.75,0,0,2138671.78,0,0,2138671.78,0,0,2138671.78,0,0,2138671.78,0,0,2138671.78,0,0,2138671.78,0,0,2138671.78,0,0,2138671.78,0,0,2138671.78,0,0,2138671.78,0,0,2406005.75,0,0,2406005.75,0,0,2138671.78,0,0,2138671.78,0,0,2138671.78,0,0,2138671.78,0,0,2138671.78,0,0,2138671.78,0,0,2138671.78,0,0,2138671.78,0,0,2138671.78,0,0,2138671.78,0,0,2138671.78,0,0,2138671.78,0,0,2138671.78,0,0,2138671.78,0,0,2138671.78,0,0,2138671.78,0,0,2138671.78,0,0,2138671.78,0,0,2138671.78,0,0,2138671.78,0,0,2138671.78,0,0,2138671.78,0,0,2749720.86,0,0,2138671.78,0,0,2138671.78,0,0,2138671.78,0,0,2138671.78,0,0,2138671.78,0,0,2138671.78,0,0,2138671.78
both_sexes,0,0,2020-09-21,COVSICKLE,0,0,0,0,0,0,0,0,0,0,0,0,0,0,0,0,0,0,0,0,0,0,0,0,0,0,0,0,0,0,0,0,0,0,0,0,0,0,0,0,0,0,0,0,0,0,0,0,0,0,2138671.78,0,0,2138671.78,0,0,2138671.78,0,0,2406005.75,0,0,2406005.75,0,0,2406005.75,0,0,2138671.78,0,0,2138671.78,0,0,2138671.78,0,0,2138671.78,0,0,2138671.78,0,0,2138671.78,0,0,2138671.78,0,0,2138671.78,0,0,2138671.78,0,0,2138671.78,0,0,2406005.75,0,0,2406005.75,0,0,2138671.78,0,0,2138671.78,0,0,2138671.78,0,0,2138671.78,0,0,2138671.78,0,0,2138671.78,0,0,2138671.78,0,0,2138671.78,0,0,2138671.78,0,0,2138671.78,0,0,2138671.78,0,0,2138671.78,0,0,2138671.78,0,0,2138671.78,0,0,2138671.78,0,0,2138671.78,0,0,2138671.78,0,0,2138671.78,0,0,2138671.78,0,0,2138671.78,0,0,2138671.78,0,0,2138671.78,0,0,2749720.86,0,0,2138671.78,0,0,2138671.78,0,0,2138671.78,0,0,2138671.78,0,0,2138671.78,0,0,2138671.78,0,0,2138671.78
both_sexes,0,0,2020-09-28,COVSICKLE,0,0,0,0,0,0,0,0,0,0,0,0,0,0,0,0,0,0,0,0,0,0,0,0,0,0,0,0,0,0,0,0,0,0,0,0,0,0,0,0,0,0,0,0,0,0,0,0,0,0,2138671.78,0,0,2138671.78,0,0,2138671.78,0,0,2406005.75,0,0,2406005.75,0,0,2406005.75,0,0,2138671.78,0,0,2138671.78,0,0,2138671.78,0,0,2138671.78,0,0,2138671.78,0,0,2138671.78,0,0,2138671.78,0,0,2138671.78,0,0,2138671.78,0,0,2138671.78,0,0,2406005.75,0,0,2406005.75,0,0,2138671.78,0,0,2138671.78,0,0,2138671.78,0,0,2138671.78,0,0,2138671.78,0,0,2138671.78,0,0,2138671.78,0,0,2138671.78,0,0,2138671.78,0,0,2138671.78,0,0,2138671.78,0,0,2138671.78,0,0,2138671.78,0,0,2138671.78,0,0,2138671.78,0,0,2138671.78,0,0,2138671.78,0,0,2138671.78,0,0,2138671.78,0,0,2138671.78,0,0,2138671.78,0,0,2138671.78,0,0,2749720.86,0,0,2138671.78,0,0,2138671.78,0,0,2138671.78,0,0,2138671.78,0,0,2138671.78,0,0,2138671.78,0,0,2138671.78
both_sexes,0,0,2020-10-05,COVSICKLE,0,0,0,0,0,0,0,0,0,0,0,0,0,0,0,0,0,0,0,0,0,0,0,0,0,0,0,0,0,0,0,0,0,0,0,0,0,1,0,0,0,0,0,0,0,0,0,0,0,0,2138671.78,0,0,2138671.78,0,0,2138671.78,0,0,2406005.75,0,0,2406005.75,0,0,2406005.75,0,0,2138671.78,0,0,2138671.78,0,0,2138671.78,0,0,2138671.78,0,0,2138671.78,0,0,2138671.78,0,0,2138671.78,0,0,2138671.78,0,0,2138671.78,0,0,2138671.78,0,0,2406005.75,0,0,2406005.75,0,0,2138671.78,0,0,2138671.78,0,0,2138671.78,0,0,2138671.78,0,0,2138671.78,0,0,2138671.78,0,0,2138671.78,0,0,2138671.78,0,0,2138671.78,0,0,2138671.78,0,0,2138671.78,0,0,2138671.78,0,0,2138671.78,0,0,2138671.78,0,0,2138671.78,0,0,2138671.78,0,0,2138671.78,0,0,2138671.78,0,0,2138671.78,0,0,2138671.78,0,0,2138671.78,0,0,2138671.78,794021.74,20102.89,4424005.98,0,0,2138671.78,0,0,2138671.78,0,0,2138671.78,0,0,2138671.78,0,0,2138671.78,0,0,2138671.78,0,0,2138671.78
both_sexes,0,0,2020-10-12,COVSICKLE,0,0,0,0,0,0,0,0,0,0,0,0,0,0,0,0,0,0,0,0,0,0,0,0,0,0,0,0,0,0,0,0,0,0,0,0,0,0,0,0,0,0,0,0,0,0,0,0,0,0,2138671.78,0,0,2138671.78,0,0,2138671.78,0,0,2406005.75,0,0,2406005.75,0,0,2406005.75,0,0,2138671.78,0,0,2138671.78,0,0,2138671.78,0,0,2138671.78,0,0,2138671.78,0,0,2138671.78,0,0,2138671.78,0,0,2138671.78,0,0,2138671.78,0,0,2138671.78,0,0,2406005.75,0,0,2406005.75,0,0,2138671.78,0,0,2138671.78,0,0,2138671.78,0,0,2138671.78,0,0,2138671.78,0,0,2138671.78,0,0,2138671.78,0,0,2138671.78,0,0,2138671.78,0,0,2138671.78,0,0,2138671.78,0,0,2138671.78,0,0,2138671.78,0,0,2138671.78,0,0,2138671.78,0,0,2138671.78,0,0,2138671.78,0,0,2138671.78,0,0,2138671.78,0,0,2138671.78,0,0,2138671.78,0,0,2138671.78,0,0,3208007.67,0,0,2138671.78,0,0,2138671.78,0,0,2138671.78,0,0,2138671.78,0,0,2138671.78,0,0,2138671.78,0,0,2138671.78
both_sexes,0,0,2020-10-19,COVSICKLE,0,0,0,0,0,0,0,0,0,0,0,0,0,0,0,0,0,0,0,0,0,0,0,0,0,0,0,0,0,0,0,0,0,0,0,0,0,0,0,0,0,0,0,0,0,0,0,0,0,0,2138671.78,0,0,2138671.78,0,0,2138671.78,0,0,2406005.75,0,0,2406005.75,0,0,2406005.75,0,0,2138671.78,0,0,2138671.78,0,0,2138671.78,0,0,2138671.78,0,0,2138671.78,0,0,2138671.78,0,0,2138671.78,0,0,2138671.78,0,0,2138671.78,0,0,2138671.78,0,0,2406005.75,0,0,2406005.75,0,0,2138671.78,0,0,2138671.78,0,0,2138671.78,0,0,2138671.78,0,0,2138671.78,0,0,2138671.78,0,0,2138671.78,0,0,2138671.78,0,0,2138671.78,0,0,2138671.78,0,0,2138671.78,0,0,2138671.78,0,0,2138671.78,0,0,2138671.78,0,0,2138671.78,0,0,2138671.78,0,0,2138671.78,0,0,2138671.78,0,0,2138671.78,0,0,2138671.78,0,0,2138671.78,0,0,2138671.78,0,0,3208007.67,0,0,2138671.78,0,0,2138671.78,0,0,2138671.78,0,0,2138671.78,0,0,2138671.78,0,0,2138671.78,0,0,2138671.78
both_sexes,0,0,2020-10-26,COVSICKLE,0,0,0,0,0,0,0,0,0,0,0,0,0,0,0,0,0,0,0,0,0,0,0,0,0,0,0,0,0,0,0,0,0,0,0,0,0,0,0,0,0,0,0,0,0,0,0,0,0,0,2138671.78,0,0,2138671.78,0,0,2138671.78,0,0,2406005.75,0,0,2406005.75,0,0,2406005.75,0,0,2138671.78,0,0,2138671.78,0,0,2138671.78,0,0,2138671.78,0,0,2138671.78,0,0,2138671.78,0,0,2138671.78,0,0,2138671.78,0,0,2138671.78,0,0,2138671.78,0,0,2406005.75,0,0,2406005.75,0,0,2138671.78,0,0,2138671.78,0,0,2138671.78,0,0,2138671.78,0,0,2138671.78,0,0,2138671.78,0,0,2138671.78,0,0,2138671.78,0,0,2138671.78,0,0,2138671.78,0,0,2138671.78,0,0,2138671.78,0,0,2138671.78,0,0,2138671.78,0,0,2138671.78,0,0,2138671.78,0,0,2138671.78,0,0,2138671.78,0,0,2138671.78,0,0,2138671.78,0,0,2138671.78,0,0,2138671.78,0,0,3208007.67,0,0,2138671.78,0,0,2138671.78,0,0,2138671.78,0,0,2138671.78,0,0,2138671.78,0,0,2138671.78,0,0,2138671.78
both_sexes,0,0,2020-11-02,COVSICKLE,0,0,0,0,0,0,0,0,0,0,0,0,0,0,0,0,0,0,0,0,0,0,0,0,0,0,0,0,0,0,0,0,0,0,0,0,0,1,0,0,0,0,0,0,0,0,0,0,0,0,2138671.78,0,0,2138671.78,0,0,2138671.78,0,0,2406005.75,0,0,2406005.75,0,0,2406005.75,0,0,2138671.78,0,0,2138671.78,0,0,2138671.78,0,0,2138671.78,0,0,2138671.78,0,0,2138671.78,0,0,2138671.78,0,0,2138671.78,0,0,2138671.78,0,0,2138671.78,0,0,2406005.75,0,0,2406005.75,0,0,2138671.78,0,0,2138671.78,0,0,2138671.78,0,0,2138671.78,0,0,2138671.78,0,0,2138671.78,0,0,2138671.78,0,0,2138671.78,0,0,2138671.78,0,0,2138671.78,0,0,2138671.78,0,0,2138671.78,0,0,2138671.78,0,0,2138671.78,0,0,2138671.78,0,0,2138671.78,0,0,2138671.78,0,0,2138671.78,0,0,2138671.78,0,0,2138671.78,0,0,2138671.78,0,0,2138671.78,869642.86,22017.45,4845339.88,0,0,2138671.78,0,0,2138671.78,0,0,2138671.78,0,0,2138671.78,0,0,2138671.78,0,0,2138671.78,0,0,2138671.78
both_sexes,0,0,2020-11-09,COVSICKLE,0,0,0,0,0,0,0,0,0,0,0,0,0,0,0,0,0,0,0,0,0,0,0,0,0,0,0,0,0,0,0,0,0,0,0,0,0,0,0,0,0,0,0,0,0,0,0,0,0,0,2138671.78,0,0,2138671.78,0,0,2138671.78,0,0,2406005.75,0,0,2406005.75,0,0,2406005.75,0,0,2138671.78,0,0,2138671.78,0,0,2138671.78,0,0,2138671.78,0,0,2138671.78,0,0,2138671.78,0,0,2138671.78,0,0,2138671.78,0,0,2138671.78,0,0,2138671.78,0,0,2406005.75,0,0,2406005.75,0,0,2138671.78,0,0,2138671.78,0,0,2138671.78,0,0,2138671.78,0,0,2138671.78,0,0,2138671.78,0,0,2138671.78,0,0,2138671.78,0,0,2138671.78,0,0,2138671.78,0,0,2138671.78,0,0,2138671.78,0,0,2138671.78,0,0,2138671.78,0,0,2138671.78,0,0,2138671.78,0,0,2138671.78,0,0,2138671.78,0,0,2138671.78,0,0,2138671.78,0,0,2138671.78,0,0,2138671.78,0,0,3849609.2,0,0,2138671.78,0,0,2138671.78,0,0,2138671.78,0,0,2138671.78,0,0,2138671.78,0,0,2138671.78,0,0,2138671.78
both_sexes,0,0,2020-11-16,COVSICKLE,0,0,0,0,0,0,0,0,0,0,0,0,0,0,0,0,0,0,0,0,0,0,0,0,0,0,0,0,0,0,0,0,0,0,0,0,0,0,0,0,0,0,0,0,0,0,0,0,0,0,2138671.78,0,0,2138671.78,0,0,2138671.78,0,0,2406005.75,0,0,2406005.75,0,0,2406005.75,0,0,2138671.78,0,0,2138671.78,0,0,2138671.78,0,0,2138671.78,0,0,2138671.78,0,0,2138671.78,0,0,2138671.78,0,0,2138671.78,0,0,2138671.78,0,0,2138671.78,0,0,2406005.75,0,0,2406005.75,0,0,2138671.78,0,0,2138671.78,0,0,2138671.78,0,0,2138671.78,0,0,2138671.78,0,0,2138671.78,0,0,2138671.78,0,0,2138671.78,0,0,2138671.78,0,0,2138671.78,0,0,2138671.78,0,0,2138671.78,0,0,2138671.78,0,0,2138671.78,0,0,2138671.78,0,0,2138671.78,0,0,2138671.78,0,0,2138671.78,0,0,2138671.78,0,0,2138671.78,0,0,2138671.78,0,0,2138671.78,0,0,3849609.2,0,0,2138671.78,0,0,2138671.78,0,0,2138671.78,0,0,2138671.78,0,0,2138671.78,0,0,2138671.78,0,0,2138671.78
both_sexes,0,0,2020-11-23,COVSICKLE,0,0,0,0,0,0,0,0,0,0,0,0,0,0,0,0,0,0,0,0,0,0,0,0,0,0,0,0,0,0,0,0,0,0,0,0,0,0,0,0,0,0,0,0,0,0,0,0,0,0,2138671.78,0,0,2138671.78,0,0,2138671.78,0,0,2406005.75,0,0,2406005.75,0,0,2406005.75,0,0,2138671.78,0,0,2138671.78,0,0,2138671.78,0,0,2138671.78,0,0,2138671.78,0,0,2138671.78,0,0,2138671.78,0,0,2138671.78,0,0,2138671.78,0,0,2138671.78,0,0,2406005.75,0,0,2406005.75,0,0,2138671.78,0,0,2138671.78,0,0,2138671.78,0,0,2138671.78,0,0,2138671.78,0,0,2138671.78,0,0,2138671.78,0,0,2138671.78,0,0,2138671.78,0,0,2138671.78,0,0,2138671.78,0,0,2138671.78,0,0,2138671.78,0,0,2138671.78,0,0,2138671.78,0,0,2138671.78,0,0,2138671.78,0,0,2138671.78,0,0,2138671.78,0,0,2138671.78,0,0,2138671.78,0,0,2138671.78,0,0,3849609.2,0,0,2138671.78,0,0,2138671.78,0,0,2138671.78,0,0,2138671.78,0,0,2138671.78,0,0,2138671.78,0,0,2138671.78
both_sexes,0,0,2020-11-30,COVSICKLE,0,0,0,0,0,0,0,0,0,0,0,0,0,0,0,0,0,0,0,0,0,0,0,0,0,0,0,0,0,0,0,0,0,0,0,0,0,0,0,0,0,0,0,0,0,0,0,0,0,0,2138671.78,0,0,2138671.78,0,0,2138671.78,0,0,2406005.75,0,0,2406005.75,0,0,2406005.75,0,0,2138671.78,0,0,2138671.78,0,0,2138671.78,0,0,2138671.78,0,0,2138671.78,0,0,2138671.78,0,0,2138671.78,0,0,2138671.78,0,0,2138671.78,0,0,2138671.78,0,0,2406005.75,0,0,2406005.75,0,0,2138671.78,0,0,2138671.78,0,0,2138671.78,0,0,2138671.78,0,0,2138671.78,0,0,2138671.78,0,0,2138671.78,0,0,2138671.78,0,0,2138671.78,0,0,2138671.78,0,0,2138671.78,0,0,2138671.78,0,0,2138671.78,0,0,2138671.78,0,0,2138671.78,0,0,2138671.78,0,0,2138671.78,0,0,2138671.78,0,0,2138671.78,0,0,2138671.78,0,0,2138671.78,0,0,2138671.78,0,0,3849609.2,0,0,2138671.78,0,0,2138671.78,0,0,2138671.78,0,0,2138671.78,0,0,2138671.78,0,0,2138671.78,0,0,2138671.78
both_sexes,0,0,2020-12-07,COVSICKLE,0,0,0,0,0,0,0,0,0,0,0,0,0,0,0,0,0,0,0,0,0,0,0,0,0,0,0,0,0,0,0,0,0,0,0,0,0,0,0,0,0,0,0,0,0,0,0,0,0,0,2138671.78,0,0,2138671.78,0,0,2138671.78,0,0,2406005.75,0,0,2406005.75,0,0,2406005.75,0,0,2138671.78,0,0,2138671.78,0,0,2138671.78,0,0,2138671.78,0,0,2138671.78,0,0,2138671.78,0,0,2138671.78,0,0,2138671.78,0,0,2138671.78,0,0,2138671.78,0,0,2406005.75,0,0,2406005.75,0,0,2138671.78,0,0,2138671.78,0,0,2138671.78,0,0,2138671.78,0,0,2138671.78,0,0,2138671.78,0,0,2138671.78,0,0,2138671.78,0,0,2138671.78,0,0,2138671.78,0,0,2138671.78,0,0,2138671.78,0,0,2138671.78,0,0,2138671.78,0,0,2138671.78,0,0,2138671.78,0,0,2138671.78,0,0,2138671.78,0,0,2138671.78,0,0,2138671.78,0,0,2138671.78,0,0,2138671.78,0,0,3849609.2,0,0,2138671.78,0,0,2138671.78,0,0,2138671.78,0,0,2138671.78,0,0,2138671.78,0,0,2138671.78,0,0,2138671.78
both_sexes,0,0,2020-12-14,COVSICKLE,0,0,0,0,0,0,0,0,0,0,0,0,0,0,0,0,0,0,0,0,0,0,0,0,0,0,0,0,0,0,0,0,0,0,0,0,0,0,0,0,0,0,0,0,0,0,0,0,0,0,2138671.78,0,0,2138671.78,0,0,2138671.78,0,0,2406005.75,0,0,2406005.75,0,0,2406005.75,0,0,2138671.78,0,0,2138671.78,0,0,2138671.78,0,0,2138671.78,0,0,2138671.78,0,0,2138671.78,0,0,2138671.78,0,0,2138671.78,0,0,2138671.78,0,0,2138671.78,0,0,2406005.75,0,0,2406005.75,0,0,2138671.78,0,0,2138671.78,0,0,2138671.78,0,0,2138671.78,0,0,2138671.78,0,0,2138671.78,0,0,2138671.78,0,0,2138671.78,0,0,2138671.78,0,0,2138671.78,0,0,2138671.78,0,0,2138671.78,0,0,2138671.78,0,0,2138671.78,0,0,2138671.78,0,0,2138671.78,0,0,2138671.78,0,0,2138671.78,0,0,2138671.78,0,0,2138671.78,0,0,2138671.78,0,0,2138671.78,0,0,3849609.2,0,0,2138671.78,0,0,2138671.78,0,0,2138671.78,0,0,2138671.78,0,0,2138671.78,0,0,2138671.78,0,0,2138671.78
both_sexes,0,0,2020-12-21,COVSICKLE,0,0,0,0,0,0,0,0,0,0,0,0,0,0,0,0,0,0,0,0,0,0,0,0,0,0,0,0,0,0,0,0,0,0,0,0,0,0,0,0,0,0,0,0,0,0,0,0,0,0,2138671.78,0,0,2138671.78,0,0,2138671.78,0,0,2406005.75,0,0,2406005.75,0,0,2406005.75,0,0,2138671.78,0,0,2138671.78,0,0,2138671.78,0,0,2138671.78,0,0,2138671.78,0,0,2138671.78,0,0,2138671.78,0,0,2138671.78,0,0,2138671.78,0,0,2138671.78,0,0,2406005.75,0,0,2406005.75,0,0,2138671.78,0,0,2138671.78,0,0,2138671.78,0,0,2138671.78,0,0,2138671.78,0,0,2138671.78,0,0,2138671.78,0,0,2138671.78,0,0,2138671.78,0,0,2138671.78,0,0,2138671.78,0,0,2138671.78,0,0,2138671.78,0,0,2138671.78,0,0,2138671.78,0,0,2138671.78,0,0,2138671.78,0,0,2138671.78,0,0,2138671.78,0,0,2138671.78,0,0,2138671.78,0,0,2138671.78,0,0,3849609.2,0,0,2138671.78,0,0,2138671.78,0,0,2138671.78,0,0,2138671.78,0,0,2138671.78,0,0,2138671.78,0,0,2138671.78
both_sexes,0,0,2020-12-28,COVSICKLE,0,0,0,0,0,0,0,0,0,0,0,0,0,0,0,0,0,0,0,0,0,0,0,0,0,0,0,0,0,0,0,0,0,0,0,0,0,0,0,0,0,0,0,0,0,0,0,0,0,0,2138671.78,0,0,2138671.78,0,0,2138671.78,0,0,2406005.75,0,0,2406005.75,0,0,2406005.75,0,0,2138671.78,0,0,2138671.78,0,0,2138671.78,0,0,2138671.78,0,0,2138671.78,0,0,2138671.78,0,0,2138671.78,0,0,2138671.78,0,0,2138671.78,0,0,2138671.78,0,0,2406005.75,0,0,2406005.75,0,0,2138671.78,0,0,2138671.78,0,0,2138671.78,0,0,2138671.78,0,0,2138671.78,0,0,2138671.78,0,0,2138671.78,0,0,2138671.78,0,0,2138671.78,0,0,2138671.78,0,0,2138671.78,0,0,2138671.78,0,0,2138671.78,0,0,2138671.78,0,0,2138671.78,0,0,2138671.78,0,0,2138671.78,0,0,2138671.78,0,0,2138671.78,0,0,2138671.78,0,0,2138671.78,0,0,2138671.78,0,0,3849609.2,0,0,2138671.78,0,0,2138671.78,0,0,2138671.78,0,0,2138671.78,0,0,2138671.78,0,0,2138671.78,0,0,2138671.78
both_sexes,0,0,2021-01-04,COVSICKLE,0,0,0,0,0,0,0,0,0,0,0,0,0,0,0,0,0,0,0,0,0,0,0,0,0,0,0,0,0,0,0,0,0,0,0,0,0,0,0,0,0,0,0,0,0,0,0,0,0,0,2138671.78,0,0,2138671.78,0,0,2138671.78,0,0,2406005.75,0,0,2406005.75,0,0,2406005.75,0,0,2138671.78,0,0,2138671.78,0,0,2138671.78,0,0,2138671.78,0,0,2138671.78,0,0,2138671.78,0,0,2138671.78,0,0,2138671.78,0,0,2138671.78,0,0,2138671.78,0,0,2406005.75,0,0,2406005.75,0,0,2138671.78,0,0,2138671.78,0,0,2138671.78,0,0,2138671.78,0,0,2138671.78,0,0,2138671.78,0,0,2138671.78,0,0,2138671.78,0,0,2138671.78,0,0,2138671.78,0,0,2138671.78,0,0,2138671.78,0,0,2138671.78,0,0,2138671.78,0,0,2138671.78,0,0,2138671.78,0,0,2138671.78,0,0,2138671.78,0,0,2138671.78,0,0,2138671.78,0,0,2138671.78,0,0,2138671.78,0,0,3849609.2,0,0,2138671.78,0,0,2138671.78,0,0,2138671.78,0,0,2138671.78,0,0,2138671.78,0,0,2138671.78,0,0,2138671.78
both_sexes,0,0,2021-01-11,COVSICKLE,0,0,0,0,0,0,0,0,0,0,0,0,0,0,0,0,0,0,0,0,0,0,0,0,0,0,0,0,0,0,0,0,0,0,0,0,0,0,0,0,0,0,0,0,0,0,0,0,0,0,2138671.78,0,0,2138671.78,0,0,2138671.78,0,0,2406005.75,0,0,2406005.75,0,0,2406005.75,0,0,2138671.78,0,0,2138671.78,0,0,2138671.78,0,0,2138671.78,0,0,2138671.78,0,0,2138671.78,0,0,2138671.78,0,0,2138671.78,0,0,2138671.78,0,0,2138671.78,0,0,2406005.75,0,0,2406005.75,0,0,2138671.78,0,0,2138671.78,0,0,2138671.78,0,0,2138671.78,0,0,2138671.78,0,0,2138671.78,0,0,2138671.78,0,0,2138671.78,0,0,2138671.78,0,0,2138671.78,0,0,2138671.78,0,0,2138671.78,0,0,2138671.78,0,0,2138671.78,0,0,2138671.78,0,0,2138671.78,0,0,2138671.78,0,0,2138671.78,0,0,2138671.78,0,0,2138671.78,0,0,2138671.78,0,0,2138671.78,0,0,3849609.2,0,0,2138671.78,0,0,2138671.78,0,0,2138671.78,0,0,2138671.78,0,0,2138671.78,0,0,2138671.78,0,0,2138671.78
both_sexes,0,0,2021-01-18,COVSICKLE,0,0,0,0,0,0,0,0,0,0,0,0,0,0,0,0,0,0,0,0,0,0,0,0,0,0,0,0,0,0,0,0,0,0,0,0,0,1,0,0,0,0,0,0,0,0,0,0,0,0,2138671.78,0,0,2138671.78,0,0,2138671.78,0,0,2406005.75,0,0,2406005.75,0,0,2406005.75,0,0,2138671.78,0,0,2138671.78,0,0,2138671.78,0,0,2138671.78,0,0,2138671.78,0,0,2138671.78,0,0,2138671.78,0,0,2138671.78,0,0,2138671.78,0,0,2138671.78,0,0,2406005.75,0,0,2406005.75,0,0,2138671.78,0,0,2138671.78,0,0,2138671.78,0,0,2138671.78,0,0,2138671.78,0,0,2138671.78,0,0,2138671.78,0,0,2138671.78,0,0,2138671.78,0,0,2138671.78,0,0,2138671.78,0,0,2138671.78,0,0,2138671.78,0,0,2138671.78,0,0,2138671.78,0,0,2138671.78,0,0,2138671.78,0,0,2138671.78,0,0,2138671.78,0,0,2138671.78,0,0,2138671.78,0,0,2138671.78,1106818.18,28022.21,6166796.21,0,0,2138671.78,0,0,2138671.78,0,0,2138671.78,0,0,2138671.78,0,0,2138671.78,0,0,2138671.78,0,0,2138671.78
both_sexes,0,0,2021-01-25,COVSICKLE,0,0,0,0,0,0,0,0,0,0,0,0,0,0,0,0,0,0,0,0,0,0,0,0,0,0,0,0,0,0,0,0,0,0,0,0,0,0,0,0,0,0,0,0,0,0,0,0,0,0,2138671.78,0,0,2138671.78,0,0,2138671.78,0,0,2406005.75,0,0,2406005.75,0,0,2406005.75,0,0,2138671.78,0,0,2138671.78,0,0,2138671.78,0,0,2138671.78,0,0,2138671.78,0,0,2138671.78,0,0,2138671.78,0,0,2138671.78,0,0,2138671.78,0,0,2138671.78,0,0,2406005.75,0,0,2406005.75,0,0,2138671.78,0,0,2138671.78,0,0,2138671.78,0,0,2138671.78,0,0,2138671.78,0,0,2138671.78,0,0,2138671.78,0,0,2138671.78,0,0,2138671.78,0,0,2138671.78,0,0,2138671.78,0,0,2138671.78,0,0,2138671.78,0,0,2138671.78,0,0,2138671.78,0,0,2138671.78,0,0,2138671.78,0,0,2138671.78,0,0,2138671.78,0,0,2138671.78,0,0,2138671.78,0,0,2138671.78,0,0,4812011.5,0,0,2138671.78,0,0,2138671.78,0,0,2138671.78,0,0,2138671.78,0,0,2138671.78,0,0,2138671.78,0,0,2138671.78
both_sexes,0,0,2021-02-01,COVSICKLE,0,0,0,0,0,0,0,0,0,0,0,0,0,0,0,0,0,0,0,0,0,0,0,0,0,0,0,0,0,0,0,0,0,0,0,0,0,0,0,0,0,0,0,0,0,0,0,0,0,0,2138671.78,0,0,2138671.78,0,0,2138671.78,0,0,2406005.75,0,0,2406005.75,0,0,2406005.75,0,0,2138671.78,0,0,2138671.78,0,0,2138671.78,0,0,2138671.78,0,0,2138671.78,0,0,2138671.78,0,0,2138671.78,0,0,2138671.78,0,0,2138671.78,0,0,2138671.78,0,0,2406005.75,0,0,2406005.75,0,0,2138671.78,0,0,2138671.78,0,0,2138671.78,0,0,2138671.78,0,0,2138671.78,0,0,2138671.78,0,0,2138671.78,0,0,2138671.78,0,0,2138671.78,0,0,2138671.78,0,0,2138671.78,0,0,2138671.78,0,0,2138671.78,0,0,2138671.78,0,0,2138671.78,0,0,2138671.78,0,0,2138671.78,0,0,2138671.78,0,0,2138671.78,0,0,2138671.78,0,0,2138671.78,0,0,2138671.78,0,0,4812011.5,0,0,2138671.78,0,0,2138671.78,0,0,2138671.78,0,0,2138671.78,0,0,2138671.78,0,0,2138671.78,0,0,2138671.78
both_sexes,0,0,2021-02-08,COVSICKLE,0,0,0,0,0,0,0,0,0,0,0,0,0,0,0,0,0,0,0,0,0,0,0,0,0,0,0,0,0,0,0,0,0,0,0,0,0,0,0,0,0,0,0,0,0,0,0,0,0,0,2138671.78,0,0,2138671.78,0,0,2138671.78,0,0,2406005.75,0,0,2406005.75,0,0,2406005.75,0,0,2138671.78,0,0,2138671.78,0,0,2138671.78,0,0,2138671.78,0,0,2138671.78,0,0,2138671.78,0,0,2138671.78,0,0,2138671.78,0,0,2138671.78,0,0,2138671.78,0,0,2406005.75,0,0,2406005.75,0,0,2138671.78,0,0,2138671.78,0,0,2138671.78,0,0,2138671.78,0,0,2138671.78,0,0,2138671.78,0,0,2138671.78,0,0,2138671.78,0,0,2138671.78,0,0,2138671.78,0,0,2138671.78,0,0,2138671.78,0,0,2138671.78,0,0,2138671.78,0,0,2138671.78,0,0,2138671.78,0,0,2138671.78,0,0,2138671.78,0,0,2138671.78,0,0,2138671.78,0,0,2138671.78,0,0,2138671.78,0,0,4812011.5,0,0,2138671.78,0,0,2138671.78,0,0,2138671.78,0,0,2138671.78,0,0,2138671.78,0,0,2138671.78,0,0,2138671.78
both_sexes,0,0,2021-02-15,COVSICKLE,0,0,0,0,0,0,0,0,0,0,0,0,0,0,0,0,0,0,0,0,0,0,0,0,0,0,0,0,0,0,0,0,0,0,0,0,0,0,0,0,0,0,0,0,0,0,0,0,0,0,2173166.48,0,0,2173166.48,0,0,2173166.48,0,0,2449751.31,0,0,2449751.31,0,0,2449751.31,0,0,2173166.48,0,0,2173166.48,0,0,2173166.48,0,0,2173166.48,0,0,2173166.48,0,0,2173166.48,0,0,2173166.48,0,0,2173166.48,0,0,2173166.48,0,0,2173166.48,0,0,2449751.31,0,0,2449751.31,0,0,2173166.48,0,0,2173166.48,0,0,2173166.48,0,0,2173166.48,0,0,2173166.48,0,0,2173166.48,0,0,2173166.48,0,0,2173166.48,0,0,2173166.48,0,0,2173166.48,0,0,2173166.48,0,0,2173166.48,0,0,2173166.48,0,0,2173166.48,0,0,2173166.48,0,0,2173166.48,0,0,2173166.48,0,0,2173166.48,0,0,2173166.48,0,0,2173166.48,0,0,2173166.48,0,0,2173166.48,0,0,4990234.15,0,0,2173166.48,0,0,2173166.48,0,0,2173166.48,0,0,2173166.48,0,0,2173166.48,0,0,2173166.48,0,0,2173166.48
both_sexes,1,Pfizer,2021-02-15,COVSICKLE,0,0,0,0,0,0,0,0,0,0,0,0,0,0,0,0,0,0,0,0,0,0,0,0,0,0,0,0,0,0,0,0,0,0,0,0,0,0,0,0,0,0,0,0,0,0,0,0,0,0,134736322.06,0,0,134736322.06,0,0,134736322.06,0,0,134736322.06,0,0,134736322.06,0,0,134736322.06,0,0,134736322.06,0,0,134736322.06,0,0,134736322.06,0,0,134736322.06,0,0,134736322.06,0,0,134736322.06,0,0,134736322.06,0,0,134736322.06,0,0,134736322.06,0,0,134736322.06,0,0,134736322.06,0,0,134736322.06,0,0,134736322.06,0,0,134736322.06,0,0,134736322.06,0,0,134736322.06,0,0,134736322.06,0,0,134736322.06,0,0,134736322.06,0,0,134736322.06,0,0,134736322.06,0,0,134736322.06,0,0,134736322.06,0,0,134736322.06,0,0,134736322.06,0,0,134736322.06,0,0,134736322.06,0,0,134736322.06,0,0,134736322.06,0,0,134736322.06,0,0,134736322.06,0,0,134736322.06,0,0,134736322.06,0,0,134736322.06,0,0,134736322.06,0,0,134736322.06,0,0,134736322.06,0,0,134736322.06,0,0,134736322.06,0,0,134736322.06,0,0,134736322.06,0,0,134736322.06
both_sexes,1,Pfizer,2021-02-22,COVSICKLE,0,0,0,0,0,0,0,0,0,0,0,0,0,0,0,0,0,0,0,0,0,0,0,0,0,0,0,0,0,0,0,0,0,0,0,0,0,0,0,0,0,0,0,0,0,0,0,0,0,0,19248046.01,0,0,19248046.01,0,0,19248046.01,0,0,19248046.01,0,0,19248046.01,0,0,19248046.01,0,0,19248046.01,0,0,19248046.01,0,0,19248046.01,0,0,19248046.01,0,0,19248046.01,0,0,19248046.01,0,0,19248046.01,0,0,19248046.01,0,0,19248046.01,0,0,19248046.01,0,0,19248046.01,0,0,19248046.01,0,0,19248046.01,0,0,19248046.01,0,0,19248046.01,0,0,19248046.01,0,0,19248046.01,0,0,19248046.01,0,0,19248046.01,0,0,19248046.01,0,0,19248046.01,0,0,19248046.01,0,0,19248046.01,0,0,19248046.01,0,0,19248046.01,0,0,19248046.01,0,0,19248046.01,0,0,19248046.01,0,0,19248046.01,0,0,19248046.01,0,0,19248046.01,0,0,19248046.01,0,0,19248046.01,0,0,19248046.01,0,0,19248046.01,0,0,19248046.01,0,0,19248046.01,0,0,19248046.01,0,0,19248046.01,0,0,19248046.01,0,0,19248046.01,0,0,19248046.01
both_sexes,1,Pfizer,2021-03-01,COVSICKLE,0,0,0,0,0,0,0,0,0,0,0,0,0,0,0,0,0,0,0,0,0,0,0,0,0,0,0,0,0,0,0,0,0,0,0,0,0,0,0,0,0,0,0,0,0,0,0,0,0,0,19248046.01,0,0,19248046.01,0,0,19248046.01,0,0,19248046.01,0,0,19248046.01,0,0,19248046.01,0,0,19248046.01,0,0,19248046.01,0,0,19248046.01,0,0,19248046.01,0,0,19248046.01,0,0,19248046.01,0,0,19248046.01,0,0,19248046.01,0,0,19248046.01,0,0,19248046.01,0,0,19248046.01,0,0,19248046.01,0,0,19248046.01,0,0,19248046.01,0,0,19248046.01,0,0,19248046.01,0,0,19248046.01,0,0,19248046.01,0,0,19248046.01,0,0,19248046.01,0,0,19248046.01,0,0,19248046.01,0,0,19248046.01,0,0,19248046.01,0,0,19248046.01,0,0,19248046.01,0,0,19248046.01,0,0,19248046.01,0,0,19248046.01,0,0,19248046.01,0,0,19248046.01,0,0,19248046.01,0,0,19248046.01,0,0,19248046.01,0,0,19248046.01,0,0,19248046.01,0,0,19248046.01,0,0,19248046.01,0,0,19248046.01,0,0,19248046.01,0,0,19248046.01,0,0,19248046.01
both_sexes,1,Pfizer,2021-03-08,COVSICKLE,0,0,0,0,0,0,0,0,0,0,0,0,0,0,0,0,0,0,0,0,0,0,0,0,0,0,0,0,0,0,0,0,0,0,0,0,0,0,0,0,0,0,0,0,0,0,0,0,0,0,19248046.01,0,0,19248046.01,0,0,19248046.01,0,0,19248046.01,0,0,19248046.01,0,0,19248046.01,0,0,19248046.01,0,0,19248046.01,0,0,19248046.01,0,0,19248046.01,0,0,19248046.01,0,0,19248046.01,0,0,19248046.01,0,0,19248046.01,0,0,19248046.01,0,0,19248046.01,0,0,19248046.01,0,0,19248046.01,0,0,19248046.01,0,0,19248046.01,0,0,19248046.01,0,0,19248046.01,0,0,19248046.01,0,0,19248046.01,0,0,19248046.01,0,0,19248046.01,0,0,19248046.01,0,0,19248046.01,0,0,19248046.01,0,0,19248046.01,0,0,19248046.01,0,0,19248046.01,0,0,19248046.01,0,0,19248046.01,0,0,19248046.01,0,0,19248046.01,0,0,19248046.01,0,0,19248046.01,0,0,19248046.01,0,0,19248046.01,0,0,19248046.01,0,0,19248046.01,0,0,19248046.01,0,0,19248046.01,0,0,19248046.01,0,0,19248046.01,0,0,19248046.01,0,0,19248046.01
both_sexes,1,Pfizer,2021-03-15,COVSICKLE,0,0,0,0,0,0,0,0,0,0,0,0,0,0,0,0,0,0,0,0,0,0,0,0,0,0,0,0,0,0,0,0,0,0,0,0,0,0,0,0,0,0,0,0,0,0,0,0,0,0,12248756.55,0,0,12248756.55,0,0,12248756.55,0,0,26947264.41,0,0,19248046.01,0,0,19248046.01,0,0,12248756.55,0,0,12248756.55,0,0,12248756.55,0,0,12248756.55,0,0,12248756.55,0,0,12248756.55,0,0,12248756.55,0,0,12248756.55,0,0,12248756.55,0,0,12248756.55,0,0,19248046.01,0,0,19248046.01,0,0,12248756.55,0,0,12248756.55,0,0,12248756.55,0,0,12248756.55,0,0,12248756.55,0,0,12248756.55,0,0,12248756.55,0,0,12248756.55,0,0,12248756.55,0,0,12248756.55,0,0,12248756.55,0,0,12248756.55,0,0,12248756.55,0,0,12248756.55,0,0,12248756.55,0,0,12248756.55,0,0,12248756.55,0,0,12248756.55,0,0,12248756.55,0,0,12248756.55,0,0,12248756.55,0,0,12248756.55,0,0,19248046.01,0,0,12248756.55,0,0,12248756.55,0,0,12248756.55,0,0,12248756.55,0,0,12248756.55,0,0,12248756.55,0,0,12248756.55
both_sexes,2,Pfizer,2021-03-15,COVSICKLE,0,0,0,0,0,0,0,0,0,0,0,0,0,0,0,0,0,0,0,0,0,0,0,0,0,0,0,0,0,0,0,0,0,0,0,0,0,0,0,0,0,0,0,0,0,0,0,0,0,0,22456053.68,0,0,22456053.68,0,0,22456053.68,0,0,22456053.68,0,0,22456053.68,0,0,22456053.68,0,0,22456053.68,0,0,22456053.68,0,0,22456053.68,0,0,22456053.68,0,0,22456053.68,0,0,22456053.68,0,0,22456053.68,0,0,22456053.68,0,0,22456053.68,0,0,22456053.68,0,0,22456053.68,0,0,22456053.68,0,0,22456053.68,0,0,22456053.68,0,0,22456053.68,0,0,22456053.68,0,0,22456053.68,0,0,22456053.68,0,0,22456053.68,0,0,22456053.68,0,0,22456053.68,0,0,22456053.68,0,0,22456053.68,0,0,22456053.68,0,0,22456053.68,0,0,22456053.68,0,0,22456053.68,0,0,22456053.68,0,0,22456053.68,0,0,22456053.68,0,0,22456053.68,0,0,22456053.68,0,0,22456053.68,0,0,22456053.68,0,0,22456053.68,0,0,22456053.68,0,0,22456053.68,0,0,22456053.68,0,0,22456053.68,0,0,22456053.68,0,0,22456053.68,0,0,22456053.68
both_sexes,2,Pfizer,2021-03-22,COVSICKLE,0,0,0,0,0,0,0,0,0,0,0,0,0,0,0,0,0,0,0,0,0,0,0,0,0,0,0,0,0,0,0,0,0,0,0,0,0,0,0,0,0,0,0,0,0,0,0,0,0,0,19248046.01,0,0,19248046.01,0,0,19248046.01,0,0,19248046.01,0,0,19248046.01,0,0,19248046.01,0,0,19248046.01,0,0,19248046.01,0,0,19248046.01,0,0,19248046.01,0,0,19248046.01,0,0,19248046.01,0,0,19248046.01,0,0,19248046.01,0,0,19248046.01,0,0,19248046.01,0,0,19248046.01,0,0,19248046.01,0,0,19248046.01,0,0,19248046.01,0,0,19248046.01,0,0,19248046.01,0,0,19248046.01,0,0,19248046.01,0,0,19248046.01,0,0,19248046.01,0,0,19248046.01,0,0,19248046.01,0,0,19248046.01,0,0,19248046.01,0,0,19248046.01,0,0,19248046.01,0,0,19248046.01,0,0,19248046.01,0,0,19248046.01,0,0,19248046.01,0,0,19248046.01,0,0,19248046.01,0,0,19248046.01,0,0,19248046.01,0,0,19248046.01,0,0,19248046.01,0,0,19248046.01,0,0,19248046.01,0,0,19248046.01,0,0,19248046.01,0,0,19248046.01,0,0,19248046.01
both_sexes,2,Pfizer,2021-03-29,COVSICKLE,0,0,0,0,0,0,0,0,0,0,0,0,0,0,0,0,0,0,0,0,0,0,0,0,0,0,0,0,0,0,0,0,0,0,0,0,0,0,0,0,0,0,0,0,0,0,0,0,0,0,14970702.45,0,0,14970702.45,0,0,14970702.45,0,0,19248046.01,0,0,14970702.45,0,0,14970702.45,0,0,14970702.45,0,0,14970702.45,0,0,14970702.45,0,0,14970702.45,0,0,14970702.45,0,0,14970702.45,0,0,14970702.45,0,0,14970702.45,0,0,14970702.45,0,0,14970702.45,0,0,14970702.45,0,0,14970702.45,0,0,14970702.45,0,0,14970702.45,0,0,14970702.45,0,0,14970702.45,0,0,14970702.45,0,0,14970702.45,0,0,14970702.45,0,0,14970702.45,0,0,14970702.45,0,0,14970702.45,0,0,14970702.45,0,0,14970702.45,0,0,14970702.45,0,0,14970702.45,0,0,14970702.45,0,0,14970702.45,0,0,14970702.45,0,0,14970702.45,0,0,14970702.45,0,0,14970702.45,0,0,14970702.45,0,0,14970702.45,0,0,14970702.45,0,0,14970702.45,0,0,14970702.45,0,0,14970702.45,0,0,14970702.45,0,0,14970702.45,0,0,14970702.45,0,0,14970702.45
both_sexes,2,Pfizer,2021-04-05,COVSICKLE,0,0,0,0,0,0,0,0,0,0,0,0,0,0,0,0,0,0,0,0,0,0,0,0,0,0,0,0,0,0,0,0,0,0,0,0,0,0,0,0,0,0,0,0,0,0,0,0,0,0,9624023,0,0,9624023,0,0,9624023,0,0,19248046.01,0,0,9624023,0,0,9624023,0,0,9624023,0,0,9624023,0,0,9624023,0,0,9624023,0,0,9624023,0,0,9624023,0,0,9624023,0,0,9624023,0,0,9624023,0,0,9624023,0,0,9624023,0,0,9624023,0,0,9624023,0,0,9624023,0,0,9624023,0,0,9624023,0,0,9624023,0,0,9624023,0,0,9624023,0,0,9624023,0,0,9624023,0,0,9624023,0,0,9624023,0,0,9624023,0,0,9624023,0,0,9624023,0,0,9624023,0,0,9624023,0,0,9624023,0,0,9624023,0,0,9624023,0,0,9624023,0,0,9624023,0,0,9624023,0,0,9624023,0,0,9624023,0,0,9624023,0,0,9624023,0,0,9624023,0,0,9624023,0,0,9624023,0,0,9624023
both_sexes,2,Pfizer,2021-04-12,COVSICKLE,0,0,0,0,0,0,0,0,0,0,0,0,0,0,0,0,0,0,0,0,0,0,0,0,0,0,0,0,0,0,0,0,0,0,0,0,0,0,0,0,0,0,0,0,0,0,0,0,0,0,9624023,0,0,9624023,0,0,9624023,0,0,19248046.01,0,0,9624023,0,0,9624023,0,0,9624023,0,0,9624023,0,0,9624023,0,0,9624023,0,0,9624023,0,0,9624023,0,0,9624023,0,0,9624023,0,0,9624023,0,0,9624023,0,0,9624023,0,0,9624023,0,0,9624023,0,0,9624023,0,0,9624023,0,0,9624023,0,0,9624023,0,0,9624023,0,0,9624023,0,0,9624023,0,0,9624023,0,0,9624023,0,0,9624023,0,0,9624023,0,0,9624023,0,0,9624023,0,0,9624023,0,0,9624023,0,0,9624023,0,0,9624023,0,0,9624023,0,0,9624023,0,0,9624023,0,0,9624023,0,0,9624023,0,0,9624023,0,0,9624023,0,0,9624023,0,0,9624023,0,0,9624023,0,0,9624023,0,0,9624023
both_sexes,2,Pfizer,2021-04-19,COVSICKLE,0,0,0,0,0,0,0,0,0,0,0,0,0,0,0,0,0,0,0,0,0,0,0,0,0,0,0,0,0,0,0,0,0,0,0,0,0,0,0,0,0,0,0,0,0,0,0,0,0,0,7485351.23,0,0,7485351.23,0,0,7485351.23,0,0,12248756.55,0,0,7485351.23,0,0,7485351.23,0,0,7485351.23,0,0,7485351.23,0,0,7485351.23,0,0,7485351.23,0,0,7485351.23,0,0,7485351.23,0,0,7485351.23,0,0,7485351.23,0,0,7485351.23,0,0,7485351.23,0,0,7485351.23,0,0,7485351.23,0,0,7485351.23,0,0,7485351.23,0,0,7485351.23,0,0,7485351.23,0,0,7485351.23,0,0,7485351.23,0,0,7485351.23,0,0,7485351.23,0,0,7485351.23,0,0,7485351.23,0,0,7485351.23,0,0,7485351.23,0,0,7485351.23,0,0,7485351.23,0,0,7485351.23,0,0,7485351.23,0,0,7485351.23,0,0,7485351.23,0,0,7485351.23,0,0,7485351.23,0,0,7485351.23,0,0,7485351.23,0,0,9624023,0,0,7485351.23,0,0,7485351.23,0,0,7485351.23,0,0,7485351.23,0,0,7485351.23,0,0,7485351.23,0,0,7485351.23
both_sexes,2,Pfizer,2021-04-26,COVSICKLE,0,0,0,0,0,0,0,0,0,0,0,0,0,0,0,0,0,0,0,0,0,0,0,0,0,0,0,0,0,0,0,0,0,0,0,0,0,0,0,0,0,0,0,0,0,0,0,0,0,0,4990234.15,0,0,4990234.15,0,0,4990234.15,0,0,6736816.1,0,0,4990234.15,0,0,4990234.15,0,0,4990234.15,0,0,4990234.15,0,0,4990234.15,0,0,4990234.15,0,0,4990234.15,0,0,4990234.15,0,0,4990234.15,0,0,4990234.15,0,0,4990234.15,0,0,4990234.15,0,0,4990234.15,0,0,4990234.15,0,0,4990234.15,0,0,4990234.15,0,0,4990234.15,0,0,4990234.15,0,0,4990234.15,0,0,4990234.15,0,0,4990234.15,0,0,4990234.15,0,0,4990234.15,0,0,4990234.15,0,0,4990234.15,0,0,4990234.15,0,0,4990234.15,0,0,4990234.15,0,0,4990234.15,0,0,4990234.15,0,0,4990234.15,0,0,4990234.15,0,0,4990234.15,0,0,4990234.15,0,0,4990234.15,0,0,4990234.15,0,0,9624023,0,0,4990234.15,0,0,4990234.15,0,0,4990234.15,0,0,4990234.15,0,0,4990234.15,0,0,4990234.15,0,0,4990234.15
both_sexes,2,Pfizer,2021-05-03,COVSICKLE,0,0,0,0,0,0,0,0,0,0,0,0,0,0,0,0,0,0,0,0,0,0,0,0,0,0,0,0,0,0,0,0,0,0,0,0,0,0,0,0,0,0,0,0,0,0,0,0,0,0,3849609.2,0,0,3849609.2,0,0,3849609.2,0,0,4812011.5,0,0,3849609.2,0,0,3849609.2,0,0,3849609.2,0,0,3849609.2,0,0,3849609.2,0,0,3849609.2,0,0,3849609.2,0,0,3849609.2,0,0,3849609.2,0,0,3849609.2,0,0,3849609.2,0,0,3849609.2,0,0,3849609.2,0,0,3849609.2,0,0,3849609.2,0,0,3849609.2,0,0,3849609.2,0,0,3849609.2,0,0,3849609.2,0,0,3849609.2,0,0,3849609.2,0,0,3849609.2,0,0,3849609.2,0,0,3849609.2,0,0,3849609.2,0,0,3849609.2,0,0,3849609.2,0,0,3849609.2,0,0,3849609.2,0,0,3849609.2,0,0,3849609.2,0,0,3849609.2,0,0,3849609.2,0,0,3849609.2,0,0,3849609.2,0,0,3849609.2,0,0,9624023,0,0,3849609.2,0,0,3849609.2,0,0,3849609.2,0,0,3849609.2,0,0,3849609.2,0,0,3849609.2,0,0,3849609.2
both_sexes,2,Pfizer,2021-05-10,COVSICKLE,0,0,0,0,0,0,0,0,0,0,0,0,0,0,0,0,0,0,0,0,0,0,0,0,0,0,0,0,0,0,0,0,0,0,0,0,0,0,0,0,0,0,0,0,0,0,0,0,0,0,3849609.2,0,0,3849609.2,0,0,3849609.2,0,0,4812011.5,0,0,3849609.2,0,0,3849609.2,0,0,3849609.2,0,0,3849609.2,0,0,3849609.2,0,0,3849609.2,0,0,3849609.2,0,0,3849609.2,0,0,3849609.2,0,0,3849609.2,0,0,3849609.2,0,0,3849609.2,0,0,3849609.2,0,0,3849609.2,0,0,3849609.2,0,0,3849609.2,0,0,3849609.2,0,0,3849609.2,0,0,3849609.2,0,0,3849609.2,0,0,3849609.2,0,0,3849609.2,0,0,3849609.2,0,0,3849609.2,0,0,3849609.2,0,0,3849609.2,0,0,3849609.2,0,0,3849609.2,0,0,3849609.2,0,0,3849609.2,0,0,3849609.2,0,0,3849609.2,0,0,3849609.2,0,0,3849609.2,0,0,3849609.2,0,0,3849609.2,0,0,9624023,0,0,3849609.2,0,0,3849609.2,0,0,3849609.2,0,0,3849609.2,0,0,3849609.2,0,0,3849609.2,0,0,3849609.2
both_sexes,2,Pfizer,2021-05-17,COVSICKLE,0,0,0,0,0,0,0,0,0,0,0,0,0,0,0,0,0,0,0,0,0,0,0,0,0,0,0,0,0,0,0,0,0,0,0,0,0,0,0,0,0,0,0,0,0,0,0,0,0,0,3849609.2,0,0,3849609.2,0,0,3849609.2,0,0,4812011.5,0,0,3849609.2,0,0,3849609.2,0,0,3849609.2,0,0,3849609.2,0,0,3849609.2,0,0,3849609.2,0,0,3849609.2,0,0,3849609.2,0,0,3849609.2,0,0,3849609.2,0,0,3849609.2,0,0,3849609.2,0,0,3849609.2,0,0,3849609.2,0,0,3849609.2,0,0,3849609.2,0,0,3849609.2,0,0,3849609.2,0,0,3849609.2,0,0,3849609.2,0,0,3849609.2,0,0,3849609.2,0,0,3849609.2,0,0,3849609.2,0,0,3849609.2,0,0,3849609.2,0,0,3849609.2,0,0,3849609.2,0,0,3849609.2,0,0,3849609.2,0,0,3849609.2,0,0,3849609.2,0,0,3849609.2,0,0,3849609.2,0,0,3849609.2,0,0,3849609.2,0,0,9624023,0,0,3849609.2,0,0,3849609.2,0,0,3849609.2,0,0,3849609.2,0,0,3849609.2,0,0,3849609.2,0,0,3849609.2
both_sexes,2,Pfizer,2021-05-24,COVSICKLE,0,0,0,0,0,0,0,0,0,0,0,0,0,0,0,0,0,0,0,0,0,0,0,0,0,0,0,0,0,0,0,0,0,0,0,0,0,0,0,0,0,0,0,0,0,0,0,0,0,0,3849609.2,0,0,3849609.2,0,0,3849609.2,0,0,4812011.5,0,0,3849609.2,0,0,3849609.2,0,0,3849609.2,0,0,3849609.2,0,0,3849609.2,0,0,3849609.2,0,0,3849609.2,0,0,3849609.2,0,0,3849609.2,0,0,3849609.2,0,0,3849609.2,0,0,3849609.2,0,0,3849609.2,0,0,3849609.2,0,0,3849609.2,0,0,3849609.2,0,0,3849609.2,0,0,3849609.2,0,0,3849609.2,0,0,3849609.2,0,0,3849609.2,0,0,3849609.2,0,0,3849609.2,0,0,3849609.2,0,0,3849609.2,0,0,3849609.2,0,0,3849609.2,0,0,3849609.2,0,0,3849609.2,0,0,3849609.2,0,0,3849609.2,0,0,3849609.2,0,0,3849609.2,0,0,3849609.2,0,0,3849609.2,0,0,3849609.2,0,0,9624023,0,0,3849609.2,0,0,3849609.2,0,0,3849609.2,0,0,3849609.2,0,0,3849609.2,0,0,3849609.2,0,0,3849609.2
both_sexes,2,Pfizer,2021-05-31,COVSICKLE,0,0,0,0,0,0,0,0,0,0,0,0,0,0,0,0,0,0,0,0,0,0,0,0,0,0,0,0,0,0,0,0,0,0,0,0,0,0,0,0,0,0,0,0,0,0,0,0,0,0,3849609.2,0,0,3849609.2,0,0,3849609.2,0,0,4812011.5,0,0,3849609.2,0,0,3849609.2,0,0,3849609.2,0,0,3849609.2,0,0,3849609.2,0,0,3849609.2,0,0,3849609.2,0,0,3849609.2,0,0,3849609.2,0,0,3849609.2,0,0,3849609.2,0,0,3849609.2,0,0,3849609.2,0,0,3849609.2,0,0,3849609.2,0,0,3849609.2,0,0,3849609.2,0,0,3849609.2,0,0,3849609.2,0,0,3849609.2,0,0,3849609.2,0,0,3849609.2,0,0,3849609.2,0,0,3849609.2,0,0,3849609.2,0,0,3849609.2,0,0,3849609.2,0,0,3849609.2,0,0,3849609.2,0,0,3849609.2,0,0,3849609.2,0,0,3849609.2,0,0,3849609.2,0,0,3849609.2,0,0,3849609.2,0,0,3849609.2,0,0,9624023,0,0,3849609.2,0,0,3849609.2,0,0,3849609.2,0,0,3849609.2,0,0,3849609.2,0,0,3849609.2,0,0,3849609.2
both_sexes,2,Pfizer,2021-06-07,COVSICKLE,0,0,0,0,0,0,0,0,0,0,0,0,0,0,0,0,0,0,0,0,0,0,0,0,0,0,0,0,0,0,0,0,0,0,0,0,0,0,0,0,0,0,0,0,0,0,0,0,0,0,3849609.2,0,0,3849609.2,0,0,3849609.2,0,0,4812011.5,0,0,3849609.2,0,0,3849609.2,0,0,3849609.2,0,0,3849609.2,0,0,3849609.2,0,0,3849609.2,0,0,3849609.2,0,0,3849609.2,0,0,3849609.2,0,0,3849609.2,0,0,3849609.2,0,0,3849609.2,0,0,3849609.2,0,0,3849609.2,0,0,3849609.2,0,0,3849609.2,0,0,3849609.2,0,0,3849609.2,0,0,3849609.2,0,0,3849609.2,0,0,3849609.2,0,0,3849609.2,0,0,3849609.2,0,0,3849609.2,0,0,3849609.2,0,0,3849609.2,0,0,3849609.2,0,0,3849609.2,0,0,3849609.2,0,0,3849609.2,0,0,3849609.2,0,0,3849609.2,0,0,3849609.2,0,0,3849609.2,0,0,3849609.2,0,0,3849609.2,0,0,9624023,0,0,3849609.2,0,0,3849609.2,0,0,3849609.2,0,0,3849609.2,0,0,3849609.2,0,0,3849609.2,0,0,3849609.2
both_sexes,2,Pfizer,2021-06-14,COVSICKLE,0,0,0,0,0,0,0,0,0,0,0,0,0,0,0,0,0,0,0,0,0,0,0,0,0,0,0,0,0,0,0,0,0,0,0,0,0,0,0,0,0,0,0,0,0,0,0,0,0,0,3849609.2,0,0,3849609.2,0,0,3849609.2,0,0,4812011.5,0,0,3849609.2,0,0,3849609.2,0,0,3849609.2,0,0,3849609.2,0,0,3849609.2,0,0,3849609.2,0,0,3849609.2,0,0,3849609.2,0,0,3849609.2,0,0,3849609.2,0,0,3849609.2,0,0,3849609.2,0,0,3849609.2,0,0,3849609.2,0,0,3849609.2,0,0,3849609.2,0,0,3849609.2,0,0,3849609.2,0,0,3849609.2,0,0,3849609.2,0,0,3849609.2,0,0,3849609.2,0,0,3849609.2,0,0,3849609.2,0,0,3849609.2,0,0,3849609.2,0,0,3849609.2,0,0,3849609.2,0,0,3849609.2,0,0,3849609.2,0,0,3849609.2,0,0,3849609.2,0,0,3849609.2,0,0,3849609.2,0,0,3849609.2,0,0,3849609.2,0,0,9624023,0,0,3849609.2,0,0,3849609.2,0,0,3849609.2,0,0,3849609.2,0,0,3849609.2,0,0,3849609.2,0,0,3849609.2
both_sexes,2,Pfizer,2021-06-21,COVSICKLE,0,0,0,0,0,0,0,0,0,0,0,0,0,0,0,0,0,0,0,0,0,0,0,0,0,0,0,0,0,0,0,0,0,0,0,0,0,0,0,0,0,0,0,0,0,0,0,0,0,0,3849609.2,0,0,3849609.2,0,0,3849609.2,0,0,4812011.5,0,0,3849609.2,0,0,3849609.2,0,0,3849609.2,0,0,3849609.2,0,0,3849609.2,0,0,3849609.2,0,0,3849609.2,0,0,3849609.2,0,0,3849609.2,0,0,3849609.2,0,0,3849609.2,0,0,3849609.2,0,0,3849609.2,0,0,3849609.2,0,0,3849609.2,0,0,3849609.2,0,0,3849609.2,0,0,3849609.2,0,0,3849609.2,0,0,3849609.2,0,0,3849609.2,0,0,3849609.2,0,0,3849609.2,0,0,3849609.2,0,0,3849609.2,0,0,3849609.2,0,0,3849609.2,0,0,3849609.2,0,0,3849609.2,0,0,3849609.2,0,0,3849609.2,0,0,3849609.2,0,0,3849609.2,0,0,3849609.2,0,0,3849609.2,0,0,3849609.2,0,0,9624023,0,0,3849609.2,0,0,3849609.2,0,0,3849609.2,0,0,3849609.2,0,0,3849609.2,0,0,3849609.2,0,0,3849609.2
both_sexes,2,Pfizer,2021-06-28,COVSICKLE,0,0,0,0,0,0,0,0,0,0,0,0,0,0,0,0,0,0,0,0,0,0,0,0,0,0,0,0,0,0,0,0,0,0,0,0,0,0,0,0,0,0,0,0,0,0,0,0,0,0,8982421.47,0,0,8982421.47,0,0,8982421.47,0,0,11228026.84,0,0,8982421.47,0,0,8982421.47,0,0,8982421.47,0,0,8982421.47,0,0,8982421.47,0,0,8982421.47,0,0,8982421.47,0,0,8982421.47,0,0,8982421.47,0,0,8982421.47,0,0,8982421.47,0,0,8982421.47,0,0,8982421.47,0,0,8982421.47,0,0,8982421.47,0,0,8982421.47,0,0,8982421.47,0,0,8982421.47,0,0,8982421.47,0,0,8982421.47,0,0,8982421.47,0,0,8982421.47,0,0,8982421.47,0,0,8982421.47,0,0,8982421.47,0,0,8982421.47,0,0,8982421.47,0,0,8982421.47,0,0,8982421.47,0,0,8982421.47,0,0,8982421.47,0,0,8982421.47,0,0,8982421.47,0,0,8982421.47,0,0,8982421.47,0,0,8982421.47,0,0,22456053.68,0,0,8982421.47,0,0,8982421.47,0,0,8982421.47,0,0,8982421.47,0,0,8982421.47,0,0,8982421.47,0,0,8982421.47
both_sexes,0,0,2021-02-22,COVSICKLE,0,0,0,0,0,0,0,0,0,0,0,0,0,0,0,0,0,0,0,0,0,0,0,0,0,0,0,0,0,0,0,0,0,0,0,0,0,0,0,0,0,0,0,0,0,0,0,0,0,0,2406005.75,0,0,2406005.75,0,0,2406005.75,0,0,2749720.86,0,0,2749720.86,0,0,2749720.86,0,0,2406005.75,0,0,2406005.75,0,0,2406005.75,0,0,2406005.75,0,0,2406005.75,0,0,2406005.75,0,0,2406005.75,0,0,2406005.75,0,0,2406005.75,0,0,2406005.75,0,0,2749720.86,0,0,2749720.86,0,0,2406005.75,0,0,2406005.75,0,0,2406005.75,0,0,2406005.75,0,0,2406005.75,0,0,2406005.75,0,0,2406005.75,0,0,2406005.75,0,0,2406005.75,0,0,2406005.75,0,0,2406005.75,0,0,2406005.75,0,0,2406005.75,0,0,2406005.75,0,0,2406005.75,0,0,2406005.75,0,0,2406005.75,0,0,2406005.75,0,0,2406005.75,0,0,2406005.75,0,0,2406005.75,0,0,2406005.75,0,0,6416015.34,0,0,2406005.75,0,0,2406005.75,0,0,2406005.75,0,0,2406005.75,0,0,2406005.75,0,0,2406005.75,0,0,2406005.75
both_sexes,0,0,2021-03-01,COVSICKLE,0,0,0,0,0,0,0,0,0,0,0,0,0,0,0,0,0,0,0,0,0,0,0,0,0,0,0,0,0,0,0,0,0,0,0,0,0,0,0,0,0,0,0,0,0,0,0,0,0,0,2406005.75,0,0,2406005.75,0,0,2406005.75,0,0,2749720.86,0,0,2749720.86,0,0,2749720.86,0,0,2406005.75,0,0,2406005.75,0,0,2406005.75,0,0,2406005.75,0,0,2406005.75,0,0,2406005.75,0,0,2406005.75,0,0,2406005.75,0,0,2406005.75,0,0,2406005.75,0,0,2749720.86,0,0,2749720.86,0,0,2406005.75,0,0,2406005.75,0,0,2406005.75,0,0,2406005.75,0,0,2406005.75,0,0,2406005.75,0,0,2406005.75,0,0,2406005.75,0,0,2406005.75,0,0,2406005.75,0,0,2406005.75,0,0,2406005.75,0,0,2406005.75,0,0,2406005.75,0,0,2406005.75,0,0,2406005.75,0,0,2406005.75,0,0,2406005.75,0,0,2406005.75,0,0,2406005.75,0,0,2406005.75,0,0,2406005.75,0,0,6416015.34,0,0,2406005.75,0,0,2406005.75,0,0,2406005.75,0,0,2406005.75,0,0,2406005.75,0,0,2406005.75,0,0,2406005.75
both_sexes,0,0,2021-03-08,COVSICKLE,0,0,0,0,0,0,0,0,0,0,0,0,0,0,0,0,0,0,0,0,0,0,0,0,0,0,0,0,0,0,0,0,0,0,0,0,0,0,0,0,0,0,0,0,0,0,0,0,0,0,2406005.75,0,0,2406005.75,0,0,2406005.75,0,0,2749720.86,0,0,2749720.86,0,0,2749720.86,0,0,2406005.75,0,0,2406005.75,0,0,2406005.75,0,0,2406005.75,0,0,2406005.75,0,0,2406005.75,0,0,2406005.75,0,0,2406005.75,0,0,2406005.75,0,0,2406005.75,0,0,2749720.86,0,0,2749720.86,0,0,2406005.75,0,0,2406005.75,0,0,2406005.75,0,0,2406005.75,0,0,2406005.75,0,0,2406005.75,0,0,2406005.75,0,0,2406005.75,0,0,2406005.75,0,0,2406005.75,0,0,2406005.75,0,0,2406005.75,0,0,2406005.75,0,0,2406005.75,0,0,2406005.75,0,0,2406005.75,0,0,2406005.75,0,0,2406005.75,0,0,2406005.75,0,0,2406005.75,0,0,2406005.75,0,0,2406005.75,0,0,6416015.34,0,0,2406005.75,0,0,2406005.75,0,0,2406005.75,0,0,2406005.75,0,0,2406005.75,0,0,2406005.75,0,0,2406005.75
both_sexes,0,0,2021-03-15,COVSICKLE,0,0,0,0,0,0,0,0,0,0,0,0,0,0,0,0,0,0,0,0,0,0,0,0,0,0,0,0,0,0,0,0,0,0,0,0,0,0,0,0,0,0,0,0,0,0,0,0,0,0,2929050.48,0,0,2929050.48,0,0,2929050.48,0,0,2994140.49,0,0,3133402.84,0,0,3133402.84,0,0,2929050.48,0,0,2929050.48,0,0,2929050.48,0,0,2929050.48,0,0,2929050.48,0,0,2929050.48,0,0,2929050.48,0,0,2929050.48,0,0,2929050.48,0,0,2929050.48,0,0,3133402.84,0,0,3133402.84,0,0,2929050.48,0,0,2929050.48,0,0,2929050.48,0,0,2929050.48,0,0,2929050.48,0,0,2929050.48,0,0,2929050.48,0,0,2929050.48,0,0,2929050.48,0,0,2929050.48,0,0,2929050.48,0,0,2929050.48,0,0,2929050.48,0,0,2929050.48,0,0,2929050.48,0,0,2929050.48,0,0,2929050.48,0,0,2929050.48,0,0,2929050.48,0,0,2929050.48,0,0,2929050.48,0,0,2929050.48,0,0,8982421.47,0,0,2929050.48,0,0,2929050.48,0,0,2929050.48,0,0,2929050.48,0,0,2929050.48,0,0,2929050.48,0,0,2929050.48
both_sexes,0,0,2021-03-22,COVSICKLE,0,0,0,0,0,0,0,0,0,0,0,0,0,0,0,0,0,0,0,0,0,0,0,0,0,0,0,0,0,0,0,0,0,0,0,0,0,0,0,0,0,0,0,0,0,0,0,0,0,0,3208007.67,0,0,3208007.67,0,0,3208007.67,0,0,3208007.67,0,0,3208007.67,0,0,3208007.67,0,0,3208007.67,0,0,3208007.67,0,0,3208007.67,0,0,3208007.67,0,0,3208007.67,0,0,3208007.67,0,0,3208007.67,0,0,3208007.67,0,0,3208007.67,0,0,3208007.67,0,0,3208007.67,0,0,3208007.67,0,0,3208007.67,0,0,3208007.67,0,0,3208007.67,0,0,3208007.67,0,0,3208007.67,0,0,3208007.67,0,0,3208007.67,0,0,3208007.67,0,0,3208007.67,0,0,3208007.67,0,0,3208007.67,0,0,3208007.67,0,0,3208007.67,0,0,3208007.67,0,0,3208007.67,0,0,3208007.67,0,0,3208007.67,0,0,3208007.67,0,0,3208007.67,0,0,3208007.67,0,0,3208007.67,0,0,3208007.67,0,0,9624023,0,0,3208007.67,0,0,3208007.67,0,0,3208007.67,0,0,3208007.67,0,0,3208007.67,0,0,3208007.67,0,0,3208007.67
both_sexes,0,0,2021-03-29,COVSICKLE,0,0,0,0,0,0,0,0,0,0,0,0,0,0,0,0,0,0,0,0,0,0,0,0,0,0,0,0,0,0,0,0,0,0,0,0,0,0,0,0,0,0,0,0,0,0,0,0,0,0,3545692.69,0,0,3545692.69,0,0,3545692.69,0,0,3545692.69,0,0,3545692.69,0,0,3545692.69,0,0,3545692.69,0,0,3545692.69,0,0,3545692.69,0,0,3545692.69,0,0,3545692.69,0,0,3545692.69,0,0,3545692.69,0,0,3545692.69,0,0,3545692.69,0,0,3545692.69,0,0,3545692.69,0,0,3545692.69,0,0,3545692.69,0,0,3545692.69,0,0,3545692.69,0,0,3545692.69,0,0,3545692.69,0,0,3545692.69,0,0,3545692.69,0,0,3545692.69,0,0,3545692.69,0,0,3545692.69,0,0,3545692.69,0,0,3545692.69,0,0,3545692.69,0,0,3545692.69,0,0,3545692.69,0,0,3545692.69,0,0,3545692.69,0,0,3545692.69,0,0,3545692.69,0,0,3545692.69,0,0,3545692.69,0,0,3545692.69,0,0,9624023,0,0,3545692.69,0,0,3545692.69,0,0,3545692.69,0,0,3545692.69,0,0,3545692.69,0,0,3545692.69,0,0,3545692.69
both_sexes,0,0,2021-04-05,COVSICKLE,0,0,0,0,0,0,0,0,0,0,0,0,0,0,0,0,0,0,0,0,0,0,0,0,0,0,0,0,0,0,0,0,0,0,0,0,0,0,0,0,0,0,0,0,0,0,0,0,0,0,5182166.23,0,0,5182166.23,0,0,5182166.23,0,0,5182166.23,0,0,5182166.23,0,0,5182166.23,0,0,5182166.23,0,0,5182166.23,0,0,5182166.23,0,0,5182166.23,0,0,5182166.23,0,0,5182166.23,0,0,5182166.23,0,0,5182166.23,0,0,5182166.23,0,0,5182166.23,0,0,5182166.23,0,0,5182166.23,0,0,5182166.23,0,0,5182166.23,0,0,5182166.23,0,0,5182166.23,0,0,5182166.23,0,0,5182166.23,0,0,5182166.23,0,0,5182166.23,0,0,5182166.23,0,0,5182166.23,0,0,5182166.23,0,0,5182166.23,0,0,5182166.23,0,0,5182166.23,0,0,5182166.23,0,0,5182166.23,0,0,5182166.23,0,0,5182166.23,0,0,5182166.23,0,0,5182166.23,0,0,5182166.23,0,0,5182166.23,0,0,16842040.26,0,0,5182166.23,0,0,5182166.23,0,0,5182166.23,0,0,5182166.23,0,0,5182166.23,0,0,5182166.23,0,0,5182166.23
both_sexes,0,0,2021-04-12,COVSICKLE,0,0,0,0,0,0,0,0,0,0,0,0,0,0,0,0,0,0,0,0,0,0,0,0,0,0,0,0,0,0,0,0,0,0,0,0,0,0,0,0,0,0,0,0,0,0,0,0,0,0,12248756.55,0,0,12248756.55,0,0,12248756.55,0,0,12248756.55,0,0,12248756.55,0,0,12248756.55,0,0,12248756.55,0,0,12248756.55,0,0,12248756.55,0,0,12248756.55,0,0,12248756.55,0,0,12248756.55,0,0,12248756.55,0,0,12248756.55,0,0,12248756.55,0,0,12248756.55,0,0,12248756.55,0,0,12248756.55,0,0,12248756.55,0,0,12248756.55,0,0,12248756.55,0,0,12248756.55,0,0,12248756.55,0,0,12248756.55,0,0,12248756.55,0,0,12248756.55,0,0,12248756.55,0,0,12248756.55,0,0,12248756.55,0,0,12248756.55,0,0,12248756.55,0,0,12248756.55,0,0,12248756.55,0,0,12248756.55,0,0,12248756.55,0,0,12248756.55,0,0,12248756.55,0,0,12248756.55,0,0,12248756.55,0,0,12248756.55,0,0,33684080.52,0,0,12248756.55,0,0,12248756.55,0,0,12248756.55,0,0,12248756.55,0,0,12248756.55,0,0,12248756.55,0,0,12248756.55
both_sexes,0,0,2021-04-19,COVSICKLE,0,0,0,0,0,0,0,0,0,0,0,0,0,0,0,0,0,0,0,0,0,0,0,0,0,0,0,0,0,0,0,0,0,0,0,0,0,0,0,0,0,0,0,0,0,0,0,0,0,0,19248046.01,0,0,19248046.01,0,0,19248046.01,0,0,19248046.01,0,0,19248046.01,0,0,19248046.01,0,0,19248046.01,0,0,19248046.01,0,0,19248046.01,0,0,19248046.01,0,0,19248046.01,0,0,19248046.01,0,0,19248046.01,0,0,19248046.01,0,0,19248046.01,0,0,19248046.01,0,0,19248046.01,0,0,19248046.01,0,0,19248046.01,0,0,19248046.01,0,0,19248046.01,0,0,19248046.01,0,0,19248046.01,0,0,19248046.01,0,0,19248046.01,0,0,19248046.01,0,0,19248046.01,0,0,19248046.01,0,0,19248046.01,0,0,19248046.01,0,0,19248046.01,0,0,19248046.01,0,0,19248046.01,0,0,19248046.01,0,0,19248046.01,0,0,19248046.01,0,0,19248046.01,0,0,19248046.01,0,0,19248046.01,0,0,19248046.01,,,0,0,0,19248046.01,0,0,19248046.01,0,0,19248046.01,0,0,19248046.01,0,0,19248046.01,0,0,19248046.01,0,0,19248046.01
both_sexes,0,0,2021-04-26,COVSICKLE,0,0,0,0,0,0,0,0,0,0,0,0,0,0,0,0,0,0,0,0,0,0,0,0,0,0,0,0,0,0,0,0,0,0,0,0,0,0,0,0,0,0,0,0,0,0,0,0,0,0,19248046.01,0,0,19248046.01,0,0,19248046.01,0,0,19248046.01,0,0,19248046.01,0,0,19248046.01,0,0,19248046.01,0,0,19248046.01,0,0,19248046.01,0,0,19248046.01,0,0,19248046.01,0,0,19248046.01,0,0,19248046.01,0,0,19248046.01,0,0,19248046.01,0,0,19248046.01,0,0,19248046.01,0,0,19248046.01,0,0,19248046.01,0,0,19248046.01,0,0,19248046.01,0,0,19248046.01,0,0,19248046.01,0,0,19248046.01,0,0,19248046.01,0,0,19248046.01,0,0,19248046.01,0,0,19248046.01,0,0,19248046.01,0,0,19248046.01,0,0,19248046.01,0,0,19248046.01,0,0,19248046.01,0,0,19248046.01,0,0,19248046.01,0,0,19248046.01,0,0,19248046.01,0,0,19248046.01,0,0,19248046.01,0,0,19248046.01,,,0,0,0,19248046.01,0,0,19248046.01,0,0,19248046.01,0,0,19248046.01,0,0,19248046.01,0,0,19248046.01,0,0,19248046.01
both_sexes,0,0,2021-05-03,COVSICKLE,0,0,0,0,0,0,0,0,0,0,0,0,0,0,0,0,0,0,0,0,0,0,0,0,0,0,0,0,0,0,0,0,0,0,0,0,0,0,0,0,0,0,0,0,0,0,0,0,0,0,26947264.41,0,0,26947264.41,0,0,26947264.41,0,0,26947264.41,0,0,26947264.41,0,0,26947264.41,0,0,26947264.41,0,0,26947264.41,0,0,26947264.41,0,0,26947264.41,0,0,26947264.41,0,0,26947264.41,0,0,26947264.41,0,0,26947264.41,0,0,26947264.41,0,0,26947264.41,0,0,26947264.41,0,0,26947264.41,0,0,26947264.41,0,0,26947264.41,0,0,26947264.41,0,0,26947264.41,0,0,26947264.41,0,0,26947264.41,0,0,26947264.41,0,0,26947264.41,0,0,26947264.41,0,0,26947264.41,0,0,26947264.41,0,0,26947264.41,0,0,26947264.41,0,0,26947264.41,0,0,26947264.41,0,0,26947264.41,0,0,26947264.41,0,0,26947264.41,0,0,26947264.41,0,0,26947264.41,0,0,26947264.41,0,0,26947264.41,,,0,0,0,26947264.41,0,0,26947264.41,0,0,26947264.41,0,0,26947264.41,0,0,26947264.41,0,0,26947264.41,0,0,26947264.41
both_sexes,1,Moderna,2021-05-03,COVSICKLE,0,0,0,0,0,0,0,0,0,0,0,0,0,0,0,0,0,0,0,0,0,0,0,0,0,0,0,0,0,0,0,0,0,0,0,0,0,0,0,0,0,0,0,0,0,0,0,0,0,0,14970702.45,0,0,14970702.45,0,0,14970702.45,0,0,14970702.45,0,0,14970702.45,0,0,14970702.45,0,0,14970702.45,0,0,14970702.45,0,0,14970702.45,0,0,14970702.45,0,0,14970702.45,0,0,14970702.45,0,0,14970702.45,0,0,14970702.45,0,0,14970702.45,0,0,14970702.45,0,0,14970702.45,0,0,14970702.45,0,0,14970702.45,0,0,14970702.45,0,0,14970702.45,0,0,14970702.45,0,0,14970702.45,0,0,14970702.45,0,0,14970702.45,0,0,14970702.45,0,0,14970702.45,0,0,14970702.45,0,0,14970702.45,0,0,14970702.45,0,0,14970702.45,0,0,14970702.45,0,0,14970702.45,0,0,14970702.45,0,0,14970702.45,0,0,14970702.45,0,0,14970702.45,0,0,14970702.45,0,0,14970702.45,0,0,14970702.45,0,0,19248046.01,0,0,14970702.45,0,0,14970702.45,0,0,14970702.45,0,0,14970702.45,0,0,14970702.45,0,0,14970702.45,0,0,14970702.45
both_sexes,1,Moderna,2021-05-10,COVSICKLE,0,0,0,0,0,0,0,0,0,0,0,0,0,0,0,0,0,0,0,0,0,0,0,0,0,0,0,0,0,0,0,0,0,0,0,0,0,0,0,0,0,0,0,0,0,0,0,0,0,0,9624023,0,0,9624023,0,0,9624023,0,0,9624023,0,0,9624023,0,0,9624023,0,0,9624023,0,0,9624023,0,0,9624023,0,0,9624023,0,0,9624023,0,0,9624023,0,0,9624023,0,0,9624023,0,0,9624023,0,0,9624023,0,0,9624023,0,0,9624023,0,0,9624023,0,0,9624023,0,0,9624023,0,0,9624023,0,0,9624023,0,0,9624023,0,0,9624023,0,0,9624023,0,0,9624023,0,0,9624023,0,0,9624023,0,0,9624023,0,0,9624023,0,0,9624023,0,0,9624023,0,0,9624023,0,0,9624023,0,0,9624023,0,0,9624023,0,0,9624023,0,0,9624023,0,0,9624023,0,0,19248046.01,0,0,9624023,0,0,9624023,0,0,9624023,0,0,9624023,0,0,9624023,0,0,9624023,0,0,9624023
both_sexes,1,Moderna,2021-05-17,COVSICKLE,0,0,0,0,0,0,0,0,0,0,0,0,0,0,0,0,0,0,0,0,0,0,0,0,0,0,0,0,0,0,0,0,0,0,0,0,0,0,0,0,0,0,0,0,0,0,0,0,0,0,11228026.84,0,0,11228026.84,0,0,11228026.84,0,0,11228026.84,0,0,11228026.84,0,0,11228026.84,0,0,11228026.84,0,0,11228026.84,0,0,11228026.84,0,0,11228026.84,0,0,11228026.84,0,0,11228026.84,0,0,11228026.84,0,0,11228026.84,0,0,11228026.84,0,0,11228026.84,0,0,11228026.84,0,0,11228026.84,0,0,11228026.84,0,0,11228026.84,0,0,11228026.84,0,0,11228026.84,0,0,11228026.84,0,0,11228026.84,0,0,11228026.84,0,0,11228026.84,0,0,11228026.84,0,0,11228026.84,0,0,11228026.84,0,0,11228026.84,0,0,11228026.84,0,0,11228026.84,0,0,11228026.84,0,0,11228026.84,0,0,11228026.84,0,0,11228026.84,0,0,11228026.84,0,0,11228026.84,0,0,11228026.84,0,0,11228026.84,0,0,26947264.41,0,0,11228026.84,0,0,11228026.84,0,0,11228026.84,0,0,11228026.84,0,0,11228026.84,0,0,11228026.84,0,0,11228026.84
both_sexes,1,Moderna,2021-05-24,COVSICKLE,0,0,0,0,0,0,0,0,0,0,0,0,0,0,0,0,0,0,0,0,0,0,0,0,0,0,0,0,0,0,0,0,0,0,0,0,0,0,0,0,0,0,0,0,0,0,0,0,0,0,19248046.01,0,0,19248046.01,0,0,19248046.01,0,0,19248046.01,0,0,19248046.01,0,0,19248046.01,0,0,19248046.01,0,0,19248046.01,0,0,19248046.01,0,0,19248046.01,0,0,19248046.01,0,0,19248046.01,0,0,19248046.01,0,0,19248046.01,0,0,19248046.01,0,0,19248046.01,0,0,19248046.01,0,0,19248046.01,0,0,19248046.01,0,0,19248046.01,0,0,19248046.01,0,0,19248046.01,0,0,19248046.01,0,0,19248046.01,0,0,19248046.01,0,0,19248046.01,0,0,19248046.01,0,0,19248046.01,0,0,19248046.01,0,0,19248046.01,0,0,19248046.01,0,0,19248046.01,0,0,19248046.01,0,0,19248046.01,0,0,19248046.01,0,0,19248046.01,0,0,19248046.01,0,0,19248046.01,0,0,19248046.01,0,0,19248046.01,,,0,0,0,19248046.01,0,0,19248046.01,0,0,19248046.01,0,0,19248046.01,0,0,19248046.01,0,0,19248046.01,0,0,19248046.01
both_sexes,1,Moderna,2021-05-31,COVSICKLE,0,0,0,0,0,0,0,0,0,0,0,0,0,0,0,0,0,0,0,0,0,0,0,0,0,0,0,0,0,0,0,0,0,0,0,0,0,0,0,0,0,0,0,0,0,0,0,0,0,0,19248046.01,0,0,19248046.01,0,0,19248046.01,0,0,19248046.01,0,0,19248046.01,0,0,19248046.01,0,0,19248046.01,0,0,19248046.01,0,0,19248046.01,0,0,19248046.01,0,0,19248046.01,0,0,19248046.01,0,0,19248046.01,0,0,19248046.01,0,0,19248046.01,0,0,19248046.01,0,0,19248046.01,0,0,19248046.01,0,0,19248046.01,0,0,19248046.01,0,0,19248046.01,0,0,19248046.01,0,0,19248046.01,0,0,19248046.01,0,0,19248046.01,0,0,19248046.01,0,0,19248046.01,0,0,19248046.01,0,0,19248046.01,0,0,19248046.01,0,0,19248046.01,0,0,19248046.01,0,0,19248046.01,0,0,19248046.01,0,0,19248046.01,0,0,19248046.01,0,0,19248046.01,0,0,19248046.01,0,0,19248046.01,0,0,19248046.01,,,0,0,0,19248046.01,0,0,19248046.01,0,0,19248046.01,0,0,19248046.01,0,0,19248046.01,0,0,19248046.01,0,0,19248046.01
both_sexes,1,Moderna,2021-06-07,COVSICKLE,0,0,0,0,0,0,0,0,0,0,0,0,0,0,0,0,0,0,0,0,0,0,0,0,0,0,0,0,0,0,0,0,0,0,0,0,0,0,0,0,0,0,0,0,0,0,0,0,0,0,19248046.01,0,0,19248046.01,0,0,19248046.01,0,0,19248046.01,0,0,19248046.01,0,0,19248046.01,0,0,19248046.01,0,0,19248046.01,0,0,19248046.01,0,0,19248046.01,0,0,19248046.01,0,0,19248046.01,0,0,19248046.01,0,0,19248046.01,0,0,19248046.01,0,0,19248046.01,0,0,19248046.01,0,0,19248046.01,0,0,19248046.01,0,0,19248046.01,0,0,19248046.01,0,0,19248046.01,0,0,19248046.01,0,0,19248046.01,0,0,19248046.01,0,0,19248046.01,0,0,19248046.01,0,0,19248046.01,0,0,19248046.01,0,0,19248046.01,0,0,19248046.01,0,0,19248046.01,0,0,19248046.01,0,0,19248046.01,0,0,19248046.01,0,0,19248046.01,0,0,19248046.01,0,0,19248046.01,0,0,19248046.01,0,0,19248046.01,,,0,0,0,19248046.01,0,0,19248046.01,0,0,19248046.01,0,0,19248046.01,0,0,19248046.01,0,0,19248046.01,0,0,19248046.01
both_sexes,1,Moderna,2021-06-14,COVSICKLE,0,0,0,0,0,0,0,0,0,0,0,0,0,0,0,0,0,0,0,0,0,0,0,0,0,0,0,0,0,0,0,0,0,0,0,0,0,0,0,0,0,0,0,0,0,0,0,0,0,0,19248046.01,0,0,19248046.01,0,0,19248046.01,0,0,19248046.01,0,0,19248046.01,0,0,19248046.01,0,0,19248046.01,0,0,19248046.01,0,0,19248046.01,0,0,19248046.01,0,0,19248046.01,0,0,19248046.01,0,0,19248046.01,0,0,19248046.01,0,0,19248046.01,0,0,19248046.01,0,0,19248046.01,0,0,19248046.01,0,0,19248046.01,0,0,19248046.01,0,0,19248046.01,0,0,19248046.01,0,0,19248046.01,0,0,19248046.01,0,0,19248046.01,0,0,19248046.01,0,0,19248046.01,0,0,19248046.01,0,0,19248046.01,0,0,19248046.01,0,0,19248046.01,0,0,19248046.01,0,0,19248046.01,0,0,19248046.01,0,0,19248046.01,0,0,19248046.01,0,0,19248046.01,0,0,19248046.01,0,0,19248046.01,0,0,19248046.01,,,0,0,0,19248046.01,0,0,19248046.01,0,0,19248046.01,0,0,19248046.01,0,0,19248046.01,0,0,19248046.01,0,0,19248046.01
both_sexes,1,Moderna,2021-06-21,COVSICKLE,0,0,0,0,0,0,0,0,0,0,0,0,0,0,0,0,0,0,0,0,0,0,0,0,0,0,0,0,0,0,0,0,0,0,0,0,0,0,0,0,0,0,0,0,0,0,0,0,0,0,19248046.01,0,0,19248046.01,0,0,19248046.01,0,0,19248046.01,0,0,19248046.01,0,0,19248046.01,0,0,19248046.01,0,0,19248046.01,0,0,19248046.01,0,0,19248046.01,0,0,19248046.01,0,0,19248046.01,0,0,19248046.01,0,0,19248046.01,0,0,19248046.01,0,0,19248046.01,0,0,19248046.01,0,0,19248046.01,0,0,19248046.01,0,0,19248046.01,0,0,19248046.01,0,0,19248046.01,0,0,19248046.01,0,0,19248046.01,0,0,19248046.01,0,0,19248046.01,0,0,19248046.01,0,0,19248046.01,0,0,19248046.01,0,0,19248046.01,0,0,19248046.01,0,0,19248046.01,0,0,19248046.01,0,0,19248046.01,0,0,19248046.01,0,0,19248046.01,0,0,19248046.01,0,0,19248046.01,0,0,19248046.01,0,0,19248046.01,,,0,0,0,19248046.01,0,0,19248046.01,0,0,19248046.01,0,0,19248046.01,0,0,19248046.01,0,0,19248046.01,0,0,19248046.01
both_sexes,1,Moderna,2021-06-28,COVSICKLE,0,0,0,0,0,0,0,0,0,0,0,0,0,0,0,0,0,0,0,0,0,0,0,0,0,0,0,0,0,0,0,0,0,0,0,0,0,0,0,0,0,0,0,0,0,0,0,0,0,0,44912107.35,0,0,44912107.35,0,0,44912107.35,0,0,44912107.35,0,0,44912107.35,0,0,44912107.35,0,0,44912107.35,0,0,44912107.35,0,0,44912107.35,0,0,44912107.35,0,0,44912107.35,0,0,44912107.35,0,0,44912107.35,0,0,44912107.35,0,0,44912107.35,0,0,44912107.35,0,0,44912107.35,0,0,44912107.35,0,0,44912107.35,0,0,44912107.35,0,0,44912107.35,0,0,44912107.35,0,0,44912107.35,0,0,44912107.35,0,0,44912107.35,0,0,44912107.35,0,0,44912107.35,0,0,44912107.35,0,0,44912107.35,0,0,44912107.35,0,0,44912107.35,0,0,44912107.35,0,0,44912107.35,0,0,44912107.35,0,0,44912107.35,0,0,44912107.35,0,0,44912107.35,0,0,44912107.35,0,0,44912107.35,0,0,44912107.35,,,0,0,0,44912107.35,0,0,44912107.35,0,0,44912107.35,0,0,44912107.35,0,0,44912107.35,0,0,44912107.35,0,0,44912107.35
both_sexes,1,Pfizer,2021-04-05,COVSICKLE,0,0,0,0,0,0,0,0,0,0,0,0,0,0,0,0,0,0,0,0,0,0,0,0,0,0,0,0,0,0,0,0,0,0,0,0,0,0,0,0,0,0,0,0,0,0,0,0,0,0,7925666,0,0,7925666,0,0,7925666,0,0,7925666,0,0,13473632.21,0,0,13473632.21,0,0,7925666,0,0,7925666,0,0,7925666,0,0,7925666,0,0,7925666,0,0,7925666,0,0,7925666,0,0,7925666,0,0,7925666,0,0,7925666,0,0,13473632.21,0,0,13473632.21,0,0,7925666,0,0,7925666,0,0,7925666,0,0,7925666,0,0,7925666,0,0,7925666,0,0,7925666,0,0,7925666,0,0,7925666,0,0,7925666,0,0,7925666,0,0,7925666,0,0,7925666,0,0,7925666,0,0,7925666,0,0,7925666,0,0,7925666,0,0,7925666,0,0,7925666,0,0,7925666,0,0,7925666,0,0,7925666,,,0,0,0,7925666,0,0,7925666,0,0,7925666,0,0,7925666,0,0,7925666,0,0,7925666,0,0,7925666
both_sexes,1,Pfizer,2021-04-12,COVSICKLE,0,0,0,0,0,0,0,0,0,0,0,0,0,0,0,0,0,0,0,0,0,0,0,0,0,0,0,0,0,0,0,0,0,0,0,0,0,0,0,0,0,0,0,0,0,0,0,0,0,0,4812011.5,0,0,4812011.5,0,0,4812011.5,0,0,4812011.5,0,0,6416015.34,0,0,6416015.34,0,0,4812011.5,0,0,4812011.5,0,0,4812011.5,0,0,4812011.5,0,0,4812011.5,0,0,4812011.5,0,0,4812011.5,0,0,4812011.5,0,0,4812011.5,0,0,4812011.5,0,0,6416015.34,0,0,6416015.34,0,0,4812011.5,0,0,4812011.5,0,0,4812011.5,0,0,4812011.5,0,0,4812011.5,0,0,4812011.5,0,0,4812011.5,0,0,4812011.5,0,0,4812011.5,0,0,4812011.5,0,0,4812011.5,0,0,4812011.5,0,0,4812011.5,0,0,4812011.5,0,0,4812011.5,0,0,4812011.5,0,0,4812011.5,0,0,4812011.5,0,0,4812011.5,0,0,4812011.5,0,0,4812011.5,0,0,4812011.5,,,0,0,0,4812011.5,0,0,4812011.5,0,0,4812011.5,0,0,4812011.5,0,0,4812011.5,0,0,4812011.5,0,0,4812011.5
both_sexes,1,Pfizer,2021-04-19,COVSICKLE,0,0,0,0,0,0,0,0,0,0,0,0,0,0,0,0,0,0,0,0,0,0,0,0,0,0,0,0,0,0,0,0,0,0,0,0,0,0,0,0,0,0,0,0,0,0,0,0,0,0,5614013.42,0,0,5614013.42,0,0,5614013.42,0,0,5614013.42,0,0,7925666,0,0,7925666,0,0,5614013.42,0,0,5614013.42,0,0,5614013.42,0,0,5614013.42,0,0,5614013.42,0,0,5614013.42,0,0,5614013.42,0,0,5614013.42,0,0,5614013.42,0,0,5614013.42,0,0,7925666,0,0,7925666,0,0,5614013.42,0,0,5614013.42,0,0,5614013.42,0,0,5614013.42,0,0,5614013.42,0,0,5614013.42,0,0,5614013.42,0,0,5614013.42,0,0,5614013.42,0,0,5614013.42,0,0,5614013.42,0,0,5614013.42,0,0,5614013.42,0,0,5614013.42,0,0,5614013.42,0,0,5614013.42,0,0,5614013.42,0,0,5614013.42,0,0,5614013.42,0,0,5614013.42,0,0,5614013.42,0,0,5614013.42,,,0,0,0,5614013.42,0,0,5614013.42,0,0,5614013.42,0,0,5614013.42,0,0,5614013.42,0,0,5614013.42,0,0,5614013.42
both_sexes,1,Pfizer,2021-04-26,COVSICKLE,0,0,0,0,0,0,0,0,0,0,0,0,0,0,0,0,0,0,0,0,0,0,0,0,0,0,0,0,0,0,0,0,0,0,0,0,0,0,0,0,0,0,0,0,0,0,0,0,0,0,8982421.47,0,0,8982421.47,0,0,8982421.47,0,0,8982421.47,0,0,16842040.26,0,0,16842040.26,0,0,8982421.47,0,0,8982421.47,0,0,8982421.47,0,0,8982421.47,0,0,8982421.47,0,0,8982421.47,0,0,8982421.47,0,0,8982421.47,0,0,8982421.47,0,0,8982421.47,0,0,16842040.26,0,0,16842040.26,0,0,8982421.47,0,0,8982421.47,0,0,8982421.47,0,0,8982421.47,0,0,8982421.47,0,0,8982421.47,0,0,8982421.47,0,0,8982421.47,0,0,8982421.47,0,0,8982421.47,0,0,8982421.47,0,0,8982421.47,0,0,8982421.47,0,0,8982421.47,0,0,8982421.47,0,0,8982421.47,0,0,8982421.47,0,0,8982421.47,0,0,8982421.47,0,0,8982421.47,0,0,8982421.47,0,0,8982421.47,,,0,0,0,8982421.47,0,0,8982421.47,0,0,8982421.47,0,0,8982421.47,0,0,8982421.47,0,0,8982421.47,0,0,8982421.47
both_sexes,1,Pfizer,2021-03-22,COVSICKLE,0,0,0,0,0,0,0,0,0,0,0,0,0,0,0,0,0,0,0,0,0,0,0,0,0,0,0,0,0,0,0,0,0,0,0,0,0,0,0,0,0,0,0,0,0,0,0,0,0,0,9624023,0,0,9624023,0,0,9624023,0,0,19248046.01,0,0,19248046.01,0,0,19248046.01,0,0,9624023,0,0,9624023,0,0,9624023,0,0,9624023,0,0,9624023,0,0,9624023,0,0,9624023,0,0,9624023,0,0,9624023,0,0,9624023,0,0,19248046.01,0,0,19248046.01,0,0,9624023,0,0,9624023,0,0,9624023,0,0,9624023,0,0,9624023,0,0,9624023,0,0,9624023,0,0,9624023,0,0,9624023,0,0,9624023,0,0,9624023,0,0,9624023,0,0,9624023,0,0,9624023,0,0,9624023,0,0,9624023,0,0,9624023,0,0,9624023,0,0,9624023,0,0,9624023,0,0,9624023,0,0,9624023,0,0,19248046.01,0,0,9624023,0,0,9624023,0,0,9624023,0,0,9624023,0,0,9624023,0,0,9624023,0,0,9624023
both_sexes,1,Pfizer,2021-03-29,COVSICKLE,0,0,0,0,0,0,0,0,0,0,0,0,0,0,0,0,0,0,0,0,0,0,0,0,0,0,0,0,0,0,0,0,0,0,0,0,0,0,0,0,0,0,0,0,0,0,0,0,0,0,8421020.13,0,0,8421020.13,0,0,8421020.13,0,0,12248756.55,0,0,14970702.45,0,0,14970702.45,0,0,8421020.13,0,0,8421020.13,0,0,8421020.13,0,0,8421020.13,0,0,8421020.13,0,0,8421020.13,0,0,8421020.13,0,0,8421020.13,0,0,8421020.13,0,0,8421020.13,0,0,14970702.45,0,0,14970702.45,0,0,8421020.13,0,0,8421020.13,0,0,8421020.13,0,0,8421020.13,0,0,8421020.13,0,0,8421020.13,0,0,8421020.13,0,0,8421020.13,0,0,8421020.13,0,0,8421020.13,0,0,8421020.13,0,0,8421020.13,0,0,8421020.13,0,0,8421020.13,0,0,8421020.13,0,0,8421020.13,0,0,8421020.13,0,0,8421020.13,0,0,8421020.13,0,0,8421020.13,0,0,8421020.13,0,0,8421020.13,0,0,26947264.41,0,0,8421020.13,0,0,8421020.13,0,0,8421020.13,0,0,8421020.13,0,0,8421020.13,0,0,8421020.13,0,0,8421020.13
both_sexes,1,Pfizer,2021-05-03,COVSICKLE,0,0,0,0,0,0,0,0,0,0,0,0,0,0,0,0,0,0,0,0,0,0,0,0,0,0,0,0,0,0,0,0,0,0,0,0,0,0,0,0,0,0,0,0,0,0,0,0,0,0,19248046.01,0,0,19248046.01,0,0,19248046.01,0,0,19248046.01,,,0,,,0,0,0,19248046.01,0,0,19248046.01,0,0,19248046.01,0,0,19248046.01,0,0,19248046.01,0,0,19248046.01,0,0,19248046.01,0,0,19248046.01,0,0,19248046.01,0,0,19248046.01,,,0,,,0,0,0,19248046.01,0,0,19248046.01,0,0,19248046.01,0,0,19248046.01,0,0,19248046.01,0,0,19248046.01,0,0,19248046.01,0,0,19248046.01,0,0,19248046.01,0,0,19248046.01,0,0,19248046.01,0,0,19248046.01,0,0,19248046.01,0,0,19248046.01,0,0,19248046.01,0,0,19248046.01,0,0,19248046.01,0,0,19248046.01,0,0,19248046.01,0,0,19248046.01,0,0,19248046.01,0,0,19248046.01,,,0,0,0,19248046.01,0,0,19248046.01,0,0,19248046.01,0,0,19248046.01,0,0,19248046.01,0,0,19248046.01,0,0,19248046.01
both_sexes,1,Pfizer,2021-05-10,COVSICKLE,0,0,0,0,0,0,0,0,0,0,0,0,0,0,0,0,0,0,0,0,0,0,0,0,0,0,0,0,0,0,0,0,0,0,0,0,0,0,0,0,0,0,0,0,0,0,0,0,0,0,19248046.01,0,0,19248046.01,0,0,19248046.01,0,0,19248046.01,,,0,,,0,0,0,19248046.01,0,0,19248046.01,0,0,19248046.01,0,0,19248046.01,0,0,19248046.01,0,0,19248046.01,0,0,19248046.01,0,0,19248046.01,0,0,19248046.01,0,0,19248046.01,,,0,,,0,0,0,19248046.01,0,0,19248046.01,0,0,19248046.01,0,0,19248046.01,0,0,19248046.01,0,0,19248046.01,0,0,19248046.01,0,0,19248046.01,0,0,19248046.01,0,0,19248046.01,0,0,19248046.01,0,0,19248046.01,0,0,19248046.01,0,0,19248046.01,0,0,19248046.01,0,0,19248046.01,0,0,19248046.01,0,0,19248046.01,0,0,19248046.01,0,0,19248046.01,0,0,19248046.01,0,0,19248046.01,,,0,0,0,19248046.01,0,0,19248046.01,0,0,19248046.01,0,0,19248046.01,0,0,19248046.01,0,0,19248046.01,0,0,19248046.01
both_sexes,1,Pfizer,2021-05-17,COVSICKLE,0,0,0,0,0,0,0,0,0,0,0,0,0,0,0,0,0,0,0,0,0,0,0,0,0,0,0,0,0,0,0,0,0,0,0,0,0,0,0,0,0,0,0,0,0,0,0,0,0,0,19248046.01,0,0,19248046.01,0,0,19248046.01,0,0,19248046.01,,,0,,,0,0,0,19248046.01,0,0,19248046.01,0,0,19248046.01,0,0,19248046.01,0,0,19248046.01,0,0,19248046.01,0,0,19248046.01,0,0,19248046.01,0,0,19248046.01,0,0,19248046.01,,,0,,,0,0,0,19248046.01,0,0,19248046.01,0,0,19248046.01,0,0,19248046.01,0,0,19248046.01,0,0,19248046.01,0,0,19248046.01,0,0,19248046.01,0,0,19248046.01,0,0,19248046.01,0,0,19248046.01,0,0,19248046.01,0,0,19248046.01,0,0,19248046.01,0,0,19248046.01,0,0,19248046.01,0,0,19248046.01,0,0,19248046.01,0,0,19248046.01,0,0,19248046.01,0,0,19248046.01,0,0,19248046.01,,,0,0,0,19248046.01,0,0,19248046.01,0,0,19248046.01,0,0,19248046.01,0,0,19248046.01,0,0,19248046.01,0,0,19248046.01
both_sexes,1,Pfizer,2021-05-24,COVSICKLE,0,0,0,0,0,0,0,0,0,0,0,0,0,0,0,0,0,0,0,0,0,0,0,0,0,0,0,0,0,0,0,0,0,0,0,0,0,0,0,0,0,0,0,0,0,0,0,0,0,0,19248046.01,0,0,19248046.01,0,0,19248046.01,0,0,19248046.01,,,0,,,0,0,0,19248046.01,0,0,19248046.01,0,0,19248046.01,0,0,19248046.01,0,0,19248046.01,0,0,19248046.01,0,0,19248046.01,0,0,19248046.01,0,0,19248046.01,0,0,19248046.01,,,0,,,0,0,0,19248046.01,0,0,19248046.01,0,0,19248046.01,0,0,19248046.01,0,0,19248046.01,0,0,19248046.01,0,0,19248046.01,0,0,19248046.01,0,0,19248046.01,0,0,19248046.01,0,0,19248046.01,0,0,19248046.01,0,0,19248046.01,0,0,19248046.01,0,0,19248046.01,0,0,19248046.01,0,0,19248046.01,0,0,19248046.01,0,0,19248046.01,0,0,19248046.01,0,0,19248046.01,0,0,19248046.01,,,0,0,0,19248046.01,0,0,19248046.01,0,0,19248046.01,0,0,19248046.01,0,0,19248046.01,0,0,19248046.01,0,0,19248046.01
both_sexes,1,Pfizer,2021-05-31,COVSICKLE,0,0,0,0,0,0,0,0,0,0,0,0,0,0,0,0,0,0,0,0,0,0,0,0,0,0,0,0,0,0,0,0,0,0,0,0,0,0,0,0,0,0,0,0,0,0,0,0,0,0,19248046.01,0,0,19248046.01,0,0,19248046.01,0,0,19248046.01,,,0,,,0,0,0,19248046.01,0,0,19248046.01,0,0,19248046.01,0,0,19248046.01,0,0,19248046.01,0,0,19248046.01,0,0,19248046.01,0,0,19248046.01,0,0,19248046.01,0,0,19248046.01,,,0,,,0,0,0,19248046.01,0,0,19248046.01,0,0,19248046.01,0,0,19248046.01,0,0,19248046.01,0,0,19248046.01,0,0,19248046.01,0,0,19248046.01,0,0,19248046.01,0,0,19248046.01,0,0,19248046.01,0,0,19248046.01,0,0,19248046.01,0,0,19248046.01,0,0,19248046.01,0,0,19248046.01,0,0,19248046.01,0,0,19248046.01,0,0,19248046.01,0,0,19248046.01,0,0,19248046.01,0,0,19248046.01,,,0,0,0,19248046.01,0,0,19248046.01,0,0,19248046.01,0,0,19248046.01,0,0,19248046.01,0,0,19248046.01,0,0,19248046.01
both_sexes,1,Pfizer,2021-06-07,COVSICKLE,0,0,0,0,0,0,0,0,0,0,0,0,0,0,0,0,0,0,0,0,0,0,0,0,0,0,0,0,0,0,0,0,0,0,0,0,0,0,0,0,0,0,0,0,0,0,0,0,0,0,19248046.01,0,0,19248046.01,0,0,19248046.01,0,0,19248046.01,,,0,,,0,0,0,19248046.01,0,0,19248046.01,0,0,19248046.01,0,0,19248046.01,0,0,19248046.01,0,0,19248046.01,0,0,19248046.01,0,0,19248046.01,0,0,19248046.01,0,0,19248046.01,,,0,,,0,0,0,19248046.01,0,0,19248046.01,0,0,19248046.01,0,0,19248046.01,0,0,19248046.01,0,0,19248046.01,0,0,19248046.01,0,0,19248046.01,0,0,19248046.01,0,0,19248046.01,0,0,19248046.01,0,0,19248046.01,0,0,19248046.01,0,0,19248046.01,0,0,19248046.01,0,0,19248046.01,0,0,19248046.01,0,0,19248046.01,0,0,19248046.01,0,0,19248046.01,0,0,19248046.01,0,0,19248046.01,,,0,0,0,19248046.01,0,0,19248046.01,0,0,19248046.01,0,0,19248046.01,0,0,19248046.01,0,0,19248046.01,0,0,19248046.01
both_sexes,1,Pfizer,2021-06-14,COVSICKLE,0,0,0,0,0,0,0,0,0,0,0,0,0,0,0,0,0,0,0,0,0,0,0,0,0,0,0,0,0,0,0,0,0,0,0,0,0,0,0,0,0,0,0,0,0,0,0,0,0,0,19248046.01,0,0,19248046.01,0,0,19248046.01,0,0,19248046.01,,,0,,,0,0,0,19248046.01,0,0,19248046.01,0,0,19248046.01,0,0,19248046.01,0,0,19248046.01,0,0,19248046.01,0,0,19248046.01,0,0,19248046.01,0,0,19248046.01,0,0,19248046.01,,,0,,,0,0,0,19248046.01,0,0,19248046.01,0,0,19248046.01,0,0,19248046.01,0,0,19248046.01,0,0,19248046.01,0,0,19248046.01,0,0,19248046.01,0,0,19248046.01,0,0,19248046.01,0,0,19248046.01,0,0,19248046.01,0,0,19248046.01,0,0,19248046.01,0,0,19248046.01,0,0,19248046.01,0,0,19248046.01,0,0,19248046.01,0,0,19248046.01,0,0,19248046.01,0,0,19248046.01,0,0,19248046.01,,,0,0,0,19248046.01,0,0,19248046.01,0,0,19248046.01,0,0,19248046.01,0,0,19248046.01,0,0,19248046.01,0,0,19248046.01
both_sexes,1,Pfizer,2021-06-21,COVSICKLE,0,0,0,0,0,0,0,0,0,0,0,0,0,0,0,0,0,0,0,0,0,0,0,0,0,0,0,0,0,0,0,0,0,0,0,0,0,0,0,0,0,0,0,0,0,0,0,0,0,0,19248046.01,0,0,19248046.01,0,0,19248046.01,0,0,19248046.01,,,0,,,0,0,0,19248046.01,0,0,19248046.01,0,0,19248046.01,0,0,19248046.01,0,0,19248046.01,0,0,19248046.01,0,0,19248046.01,0,0,19248046.01,0,0,19248046.01,0,0,19248046.01,,,0,,,0,0,0,19248046.01,0,0,19248046.01,0,0,19248046.01,0,0,19248046.01,0,0,19248046.01,0,0,19248046.01,0,0,19248046.01,0,0,19248046.01,0,0,19248046.01,0,0,19248046.01,0,0,19248046.01,0,0,19248046.01,0,0,19248046.01,0,0,19248046.01,0,0,19248046.01,0,0,19248046.01,0,0,19248046.01,0,0,19248046.01,0,0,19248046.01,0,0,19248046.01,0,0,19248046.01,0,0,19248046.01,,,0,0,0,19248046.01,0,0,19248046.01,0,0,19248046.01,0,0,19248046.01,0,0,19248046.01,0,0,19248046.01,0,0,19248046.01
both_sexes,1,Pfizer,2021-06-28,COVSICKLE,0,0,0,0,0,0,0,0,0,0,0,0,0,0,0,0,0,0,0,0,0,0,0,0,0,0,0,0,0,0,0,0,0,0,0,0,0,0,0,0,0,0,0,0,0,0,0,0,0,0,44912107.35,0,0,44912107.35,0,0,44912107.35,0,0,44912107.35,,,0,,,0,0,0,44912107.35,0,0,44912107.35,0,0,44912107.35,0,0,44912107.35,0,0,44912107.35,0,0,44912107.35,0,0,44912107.35,0,0,44912107.35,0,0,44912107.35,0,0,44912107.35,,,0,,,0,0,0,44912107.35,0,0,44912107.35,0,0,44912107.35,0,0,44912107.35,0,0,44912107.35,0,0,44912107.35,0,0,44912107.35,0,0,44912107.35,0,0,44912107.35,0,0,44912107.35,0,0,44912107.35,0,0,44912107.35,0,0,44912107.35,0,0,44912107.35,0,0,44912107.35,0,0,44912107.35,0,0,44912107.35,0,0,44912107.35,0,0,44912107.35,0,0,44912107.35,0,0,44912107.35,0,0,44912107.35,,,0,0,0,44912107.35,0,0,44912107.35,0,0,44912107.35,0,0,44912107.35,0,0,44912107.35,0,0,44912107.35,0,0,44912107.35
both_sexes,1,Moderna,2021-04-05,COVSICKLE,0,0,0,0,0,0,0,0,0,0,0,0,0,0,0,0,0,0,0,0,0,0,0,0,0,0,0,0,0,0,0,0,0,0,0,0,0,0,0,0,0,0,0,0,0,0,0,0,0,0,22456053.68,0,0,22456053.68,0,0,22456053.68,0,0,22456053.68,0,0,22456053.68,0,0,22456053.68,0,0,22456053.68,0,0,22456053.68,0,0,22456053.68,0,0,22456053.68,0,0,22456053.68,0,0,22456053.68,0,0,22456053.68,0,0,22456053.68,0,0,22456053.68,0,0,22456053.68,0,0,22456053.68,0,0,22456053.68,0,0,22456053.68,0,0,22456053.68,0,0,22456053.68,0,0,22456053.68,0,0,22456053.68,0,0,22456053.68,0,0,22456053.68,0,0,22456053.68,0,0,22456053.68,0,0,22456053.68,0,0,22456053.68,0,0,22456053.68,0,0,22456053.68,0,0,22456053.68,0,0,22456053.68,0,0,22456053.68,0,0,22456053.68,0,0,22456053.68,0,0,22456053.68,0,0,22456053.68,0,0,22456053.68,0,0,22456053.68,0,0,22456053.68,0,0,22456053.68,0,0,22456053.68,0,0,22456053.68,0,0,22456053.68,0,0,22456053.68,0,0,22456053.68,0,0,22456053.68
both_sexes,1,Moderna,2021-04-12,COVSICKLE,0,0,0,0,0,0,0,0,0,0,0,0,0,0,0,0,0,0,0,0,0,0,0,0,0,0,0,0,0,0,0,0,0,0,0,0,0,0,0,0,0,0,0,0,0,0,0,0,0,0,13473632.21,0,0,13473632.21,0,0,13473632.21,0,0,13473632.21,0,0,13473632.21,0,0,13473632.21,0,0,13473632.21,0,0,13473632.21,0,0,13473632.21,0,0,13473632.21,0,0,13473632.21,0,0,13473632.21,0,0,13473632.21,0,0,13473632.21,0,0,13473632.21,0,0,13473632.21,0,0,13473632.21,0,0,13473632.21,0,0,13473632.21,0,0,13473632.21,0,0,13473632.21,0,0,13473632.21,0,0,13473632.21,0,0,13473632.21,0,0,13473632.21,0,0,13473632.21,0,0,13473632.21,0,0,13473632.21,0,0,13473632.21,0,0,13473632.21,0,0,13473632.21,0,0,13473632.21,0,0,13473632.21,0,0,13473632.21,0,0,13473632.21,0,0,13473632.21,0,0,13473632.21,0,0,13473632.21,0,0,13473632.21,0,0,13473632.21,0,0,13473632.21,0,0,13473632.21,0,0,13473632.21,0,0,13473632.21,0,0,13473632.21,0,0,13473632.21,0,0,13473632.21,0,0,13473632.21
both_sexes,1,Moderna,2021-04-19,COVSICKLE,0,0,0,0,0,0,0,0,0,0,0,0,0,0,0,0,0,0,0,0,0,0,0,0,0,0,0,0,0,0,0,0,0,0,0,0,0,0,0,0,0,0,0,0,0,0,0,0,0,0,9624023,0,0,9624023,0,0,9624023,0,0,9624023,0,0,9624023,0,0,9624023,0,0,9624023,0,0,9624023,0,0,9624023,0,0,9624023,0,0,9624023,0,0,9624023,0,0,9624023,0,0,9624023,0,0,9624023,0,0,9624023,0,0,9624023,0,0,9624023,0,0,9624023,0,0,9624023,0,0,9624023,0,0,9624023,0,0,9624023,0,0,9624023,0,0,9624023,0,0,9624023,0,0,9624023,0,0,9624023,0,0,9624023,0,0,9624023,0,0,9624023,0,0,9624023,0,0,9624023,0,0,9624023,0,0,9624023,0,0,9624023,0,0,9624023,0,0,9624023,0,0,9624023,0,0,9624023,0,0,9624023,0,0,9624023,0,0,9624023,0,0,9624023,0,0,9624023,0,0,9624023,0,0,9624023,0,0,9624023
both_sexes,1,Moderna,2021-04-26,COVSICKLE,0,0,0,0,0,0,0,0,0,0,0,0,0,0,0,0,0,0,0,0,0,0,0,0,0,0,0,0,0,0,0,0,0,0,0,0,0,0,0,0,0,0,0,0,0,0,0,0,0,0,10364332.47,0,0,10364332.47,0,0,10364332.47,0,0,10364332.47,0,0,10364332.47,0,0,10364332.47,0,0,10364332.47,0,0,10364332.47,0,0,10364332.47,0,0,10364332.47,0,0,10364332.47,0,0,10364332.47,0,0,10364332.47,0,0,10364332.47,0,0,10364332.47,0,0,10364332.47,0,0,10364332.47,0,0,10364332.47,0,0,10364332.47,0,0,10364332.47,0,0,10364332.47,0,0,10364332.47,0,0,10364332.47,0,0,10364332.47,0,0,10364332.47,0,0,10364332.47,0,0,10364332.47,0,0,10364332.47,0,0,10364332.47,0,0,10364332.47,0,0,10364332.47,0,0,10364332.47,0,0,10364332.47,0,0,10364332.47,0,0,10364332.47,0,0,10364332.47,0,0,10364332.47,0,0,10364332.47,0,0,10364332.47,0,0,10364332.47,0,0,10364332.47,0,0,10364332.47,0,0,10364332.47,0,0,10364332.47,0,0,10364332.47,0,0,10364332.47,0,0,10364332.47,0,0,10364332.47
both_sexes,2,Moderna,2021-04-26,COVSICKLE,0,0,0,0,0,0,0,0,0,0,0,0,0,0,0,0,0,0,0,0,0,0,0,0,0,0,0,0,0,0,0,0,0,0,0,0,0,0,0,0,0,0,0,0,0,0,0,0,0,0,134736322.06,0,0,134736322.06,0,0,134736322.06,0,0,134736322.06,0,0,134736322.06,0,0,134736322.06,0,0,134736322.06,0,0,134736322.06,0,0,134736322.06,0,0,134736322.06,0,0,134736322.06,0,0,134736322.06,0,0,134736322.06,0,0,134736322.06,0,0,134736322.06,0,0,134736322.06,0,0,134736322.06,0,0,134736322.06,0,0,134736322.06,0,0,134736322.06,0,0,134736322.06,0,0,134736322.06,0,0,134736322.06,0,0,134736322.06,0,0,134736322.06,0,0,134736322.06,0,0,134736322.06,0,0,134736322.06,0,0,134736322.06,0,0,134736322.06,0,0,134736322.06,0,0,134736322.06,0,0,134736322.06,0,0,134736322.06,0,0,134736322.06,0,0,134736322.06,0,0,134736322.06,0,0,134736322.06,0,0,134736322.06,0,0,134736322.06,0,0,134736322.06,0,0,134736322.06,0,0,134736322.06,0,0,134736322.06,0,0,134736322.06,0,0,134736322.06,0,0,134736322.06,0,0,134736322.06
both_sexes,2,Moderna,2021-05-03,COVSICKLE,0,0,0,0,0,0,0,0,0,0,0,0,0,0,0,0,0,0,0,0,0,0,0,0,0,0,0,0,0,0,0,0,0,0,0,0,0,0,0,0,0,0,0,0,0,0,0,0,0,0,19248046.01,0,0,19248046.01,0,0,19248046.01,0,0,19248046.01,0,0,19248046.01,0,0,19248046.01,0,0,19248046.01,0,0,19248046.01,0,0,19248046.01,0,0,19248046.01,0,0,19248046.01,0,0,19248046.01,0,0,19248046.01,0,0,19248046.01,0,0,19248046.01,0,0,19248046.01,0,0,19248046.01,0,0,19248046.01,0,0,19248046.01,0,0,19248046.01,0,0,19248046.01,0,0,19248046.01,0,0,19248046.01,0,0,19248046.01,0,0,19248046.01,0,0,19248046.01,0,0,19248046.01,0,0,19248046.01,0,0,19248046.01,0,0,19248046.01,0,0,19248046.01,0,0,19248046.01,0,0,19248046.01,0,0,19248046.01,0,0,19248046.01,0,0,19248046.01,0,0,19248046.01,0,0,19248046.01,0,0,19248046.01,0,0,19248046.01,0,0,19248046.01,0,0,19248046.01,0,0,19248046.01,0,0,19248046.01,0,0,19248046.01,0,0,19248046.01,0,0,19248046.01,0,0,19248046.01
both_sexes,2,Moderna,2021-05-10,COVSICKLE,0,0,0,0,0,0,0,0,0,0,0,0,0,0,0,0,0,0,0,0,0,0,0,0,0,0,0,0,0,0,0,0,0,0,0,0,0,0,0,0,0,0,0,0,0,0,0,0,0,0,19248046.01,0,0,19248046.01,0,0,19248046.01,0,0,19248046.01,0,0,19248046.01,0,0,19248046.01,0,0,19248046.01,0,0,19248046.01,0,0,19248046.01,0,0,19248046.01,0,0,19248046.01,0,0,19248046.01,0,0,19248046.01,0,0,19248046.01,0,0,19248046.01,0,0,19248046.01,0,0,19248046.01,0,0,19248046.01,0,0,19248046.01,0,0,19248046.01,0,0,19248046.01,0,0,19248046.01,0,0,19248046.01,0,0,19248046.01,0,0,19248046.01,0,0,19248046.01,0,0,19248046.01,0,0,19248046.01,0,0,19248046.01,0,0,19248046.01,0,0,19248046.01,0,0,19248046.01,0,0,19248046.01,0,0,19248046.01,0,0,19248046.01,0,0,19248046.01,0,0,19248046.01,0,0,19248046.01,0,0,19248046.01,0,0,19248046.01,0,0,19248046.01,0,0,19248046.01,0,0,19248046.01,0,0,19248046.01,0,0,19248046.01,0,0,19248046.01,0,0,19248046.01,0,0,19248046.01
both_sexes,2,Moderna,2021-05-17,COVSICKLE,0,0,0,0,0,0,0,0,0,0,0,0,0,0,0,0,0,0,0,0,0,0,0,0,0,0,0,0,0,0,0,0,0,0,0,0,0,0,0,0,0,0,0,0,0,0,0,0,0,0,14970702.45,0,0,14970702.45,0,0,14970702.45,0,0,14970702.45,0,0,14970702.45,0,0,14970702.45,0,0,14970702.45,0,0,14970702.45,0,0,14970702.45,0,0,14970702.45,0,0,14970702.45,0,0,14970702.45,0,0,14970702.45,0,0,14970702.45,0,0,14970702.45,0,0,14970702.45,0,0,14970702.45,0,0,14970702.45,0,0,14970702.45,0,0,14970702.45,0,0,14970702.45,0,0,14970702.45,0,0,14970702.45,0,0,14970702.45,0,0,14970702.45,0,0,14970702.45,0,0,14970702.45,0,0,14970702.45,0,0,14970702.45,0,0,14970702.45,0,0,14970702.45,0,0,14970702.45,0,0,14970702.45,0,0,14970702.45,0,0,14970702.45,0,0,14970702.45,0,0,14970702.45,0,0,14970702.45,0,0,14970702.45,0,0,14970702.45,0,0,14970702.45,0,0,14970702.45,0,0,14970702.45,0,0,14970702.45,0,0,14970702.45,0,0,14970702.45,0,0,14970702.45,0,0,14970702.45
both_sexes,2,Moderna,2021-05-24,COVSICKLE,0,0,0,0,0,0,0,0,0,0,0,0,0,0,0,0,0,0,0,0,0,0,0,0,0,0,0,0,0,0,0,0,0,0,0,0,0,0,0,0,0,0,0,0,0,0,0,0,0,0,9624023,0,0,9624023,0,0,9624023,0,0,9624023,0,0,9624023,0,0,9624023,0,0,9624023,0,0,9624023,0,0,9624023,0,0,9624023,0,0,9624023,0,0,9624023,0,0,9624023,0,0,9624023,0,0,9624023,0,0,9624023,0,0,9624023,0,0,9624023,0,0,9624023,0,0,9624023,0,0,9624023,0,0,9624023,0,0,9624023,0,0,9624023,0,0,9624023,0,0,9624023,0,0,9624023,0,0,9624023,0,0,9624023,0,0,9624023,0,0,9624023,0,0,9624023,0,0,9624023,0,0,9624023,0,0,9624023,0,0,9624023,0,0,9624023,0,0,9624023,0,0,9624023,0,0,9624023,0,0,9624023,0,0,9624023,0,0,9624023,0,0,9624023,0,0,9624023,0,0,9624023,0,0,9624023,0,0,9624023
both_sexes,2,Moderna,2021-05-31,COVSICKLE,0,0,0,0,0,0,0,0,0,0,0,0,0,0,0,0,0,0,0,0,0,0,0,0,0,0,0,0,0,0,0,0,0,0,0,0,0,0,0,0,0,0,0,0,0,0,0,0,0,0,9624023,0,0,9624023,0,0,9624023,0,0,9624023,0,0,9624023,0,0,9624023,0,0,9624023,0,0,9624023,0,0,9624023,0,0,9624023,0,0,9624023,0,0,9624023,0,0,9624023,0,0,9624023,0,0,9624023,0,0,9624023,0,0,9624023,0,0,9624023,0,0,9624023,0,0,9624023,0,0,9624023,0,0,9624023,0,0,9624023,0,0,9624023,0,0,9624023,0,0,9624023,0,0,9624023,0,0,9624023,0,0,9624023,0,0,9624023,0,0,9624023,0,0,9624023,0,0,9624023,0,0,9624023,0,0,9624023,0,0,9624023,0,0,9624023,0,0,9624023,0,0,9624023,0,0,9624023,0,0,9624023,0,0,9624023,0,0,9624023,0,0,9624023,0,0,9624023,0,0,9624023,0,0,9624023,0,0,9624023
both_sexes,2,Moderna,2021-06-07,COVSICKLE,0,0,0,0,0,0,0,0,0,0,0,0,0,0,0,0,0,0,0,0,0,0,0,0,0,0,0,0,0,0,0,0,0,0,0,0,0,0,0,0,0,0,0,0,0,0,0,0,0,0,9624023,0,0,9624023,0,0,9624023,0,0,9624023,0,0,9624023,0,0,9624023,0,0,9624023,0,0,9624023,0,0,9624023,0,0,9624023,0,0,9624023,0,0,9624023,0,0,9624023,0,0,9624023,0,0,9624023,0,0,9624023,0,0,9624023,0,0,9624023,0,0,9624023,0,0,9624023,0,0,9624023,0,0,9624023,0,0,9624023,0,0,9624023,0,0,9624023,0,0,9624023,0,0,9624023,0,0,9624023,0,0,9624023,0,0,9624023,0,0,9624023,0,0,9624023,0,0,9624023,0,0,9624023,0,0,9624023,0,0,9624023,0,0,9624023,0,0,9624023,0,0,9624023,0,0,9624023,0,0,9624023,0,0,9624023,0,0,9624023,0,0,9624023,0,0,9624023,0,0,9624023,0,0,9624023,0,0,9624023
both_sexes,2,Moderna,2021-06-14,COVSICKLE,0,0,0,0,0,0,0,0,0,0,0,0,0,0,0,0,0,0,0,0,0,0,0,0,0,0,0,0,0,0,0,0,0,0,0,0,0,0,0,0,0,0,0,0,0,0,0,0,0,0,9624023,0,0,9624023,0,0,9624023,0,0,9624023,0,0,9624023,0,0,9624023,0,0,9624023,0,0,9624023,0,0,9624023,0,0,9624023,0,0,9624023,0,0,9624023,0,0,9624023,0,0,9624023,0,0,9624023,0,0,9624023,0,0,9624023,0,0,9624023,0,0,9624023,0,0,9624023,0,0,9624023,0,0,9624023,0,0,9624023,0,0,9624023,0,0,9624023,0,0,9624023,0,0,9624023,0,0,9624023,0,0,9624023,0,0,9624023,0,0,9624023,0,0,9624023,0,0,9624023,0,0,9624023,0,0,9624023,0,0,9624023,0,0,9624023,0,0,9624023,0,0,9624023,0,0,9624023,0,0,9624023,0,0,9624023,0,0,9624023,0,0,9624023,0,0,9624023,0,0,9624023,0,0,9624023,0,0,9624023
both_sexes,2,Moderna,2021-06-21,COVSICKLE,0,0,0,0,0,0,0,0,0,0,0,0,0,0,0,0,0,0,0,0,0,0,0,0,0,0,0,0,0,0,0,0,0,0,0,0,0,0,0,0,0,0,0,0,0,0,0,0,0,0,9624023,0,0,9624023,0,0,9624023,0,0,9624023,0,0,9624023,0,0,9624023,0,0,9624023,0,0,9624023,0,0,9624023,0,0,9624023,0,0,9624023,0,0,9624023,0,0,9624023,0,0,9624023,0,0,9624023,0,0,9624023,0,0,9624023,0,0,9624023,0,0,9624023,0,0,9624023,0,0,9624023,0,0,9624023,0,0,9624023,0,0,9624023,0,0,9624023,0,0,9624023,0,0,9624023,0,0,9624023,0,0,9624023,0,0,9624023,0,0,9624023,0,0,9624023,0,0,9624023,0,0,9624023,0,0,9624023,0,0,9624023,0,0,9624023,0,0,9624023,0,0,9624023,0,0,9624023,0,0,9624023,0,0,9624023,0,0,9624023,0,0,9624023,0,0,9624023,0,0,9624023,0,0,9624023,0,0,9624023
both_sexes,2,Moderna,2021-06-28,COVSICKLE,0,0,0,0,0,0,0,0,0,0,0,0,0,0,0,0,0,0,0,0,0,0,0,0,0,0,0,0,0,0,0,0,0,0,0,0,0,0,0,0,0,0,0,0,0,0,0,0,0,0,22456053.68,0,0,22456053.68,0,0,22456053.68,0,0,22456053.68,0,0,22456053.68,0,0,22456053.68,0,0,22456053.68,0,0,22456053.68,0,0,22456053.68,0,0,22456053.68,0,0,22456053.68,0,0,22456053.68,0,0,22456053.68,0,0,22456053.68,0,0,22456053.68,0,0,22456053.68,0,0,22456053.68,0,0,22456053.68,0,0,22456053.68,0,0,22456053.68,0,0,22456053.68,0,0,22456053.68,0,0,22456053.68,0,0,22456053.68,0,0,22456053.68,0,0,22456053.68,0,0,22456053.68,0,0,22456053.68,0,0,22456053.68,0,0,22456053.68,0,0,22456053.68,0,0,22456053.68,0,0,22456053.68,0,0,22456053.68,0,0,22456053.68,0,0,22456053.68,0,0,22456053.68,0,0,22456053.68,0,0,22456053.68,0,0,22456053.68,0,0,22456053.68,0,0,22456053.68,0,0,22456053.68,0,0,22456053.68,0,0,22456053.68,0,0,22456053.68,0,0,22456053.68,0,0,22456053.68
both_sexes,0,0,2020-01-06,IMMUNOSUPPR,0,0,0,0,0,0,0,0,0,0,0,0,0,0,0,0,0,0,0,0,0,0,0,0,0,0,0,0,0,0,0,0,0,0,0,0,0,0,0,0,0,0,0,0,0,0,0,0,0,0,54527.04,0,0,54527.04,0,0,54373.01,0,0,55310.48,0,0,55333.19,0,0,55492.72,0,0,54527.04,0,0,55791.44,0,0,55174.58,0,0,55174.58,0,0,54527.04,0,0,54527.04,0,0,54527.04,0,0,54527.04,0,0,54373.01,0,0,54373.01,0,0,54527.04,0,0,54681.95,0,0,54373.01,0,0,54373.01,0,0,54527.04,0,0,54373.01,0,0,54373.01,0,0,54373.01,0,0,54373.01,0,0,54373.01,0,0,54373.01,0,0,54373.01,0,0,54373.01,0,0,54373.01,0,0,54373.01,0,0,54373.01,0,0,54373.01,0,0,54681.95,0,0,54681.95,0,0,54527.04,0,0,54527.04,0,0,54373.01,0,0,54373.01,0,0,54373.01,0,0,82609.64,0,0,54373.01,0,0,54373.01,0,0,54373.01,0,0,54527.04,0,0,54681.95,0,0,54837.74,0,0,54373.01
both_sexes,0,0,2020-01-13,IMMUNOSUPPR,0,0,0,0,0,0,0,0,0,0,0,0,0,0,0,0,0,0,0,0,0,0,0,0,0,0,0,0,0,0,0,0,0,0,0,0,0,0,0,0,0,0,0,0,0,0,0,0,0,0,54681.95,0,0,54681.95,0,0,54527.04,0,0,55469.87,0,0,55469.87,0,0,55630.19,0,0,54681.95,0,0,55953.62,0,0,55310.48,0,0,55310.48,0,0,54681.95,0,0,54681.95,0,0,54681.95,0,0,54681.95,0,0,54527.04,0,0,54527.04,0,0,54681.95,0,0,54837.74,0,0,54527.04,0,0,54527.04,0,0,54681.95,0,0,54527.04,0,0,54527.04,0,0,54527.04,0,0,54527.04,0,0,54527.04,0,0,54527.04,0,0,54527.04,0,0,54527.04,0,0,54527.04,0,0,54527.04,0,0,54527.04,0,0,54527.04,0,0,54837.74,0,0,54837.74,0,0,54681.95,0,0,54681.95,0,0,54527.04,0,0,54527.04,0,0,54527.04,0,0,82609.64,0,0,54527.04,0,0,54527.04,0,0,54527.04,0,0,54681.95,0,0,54837.74,0,0,54994.42,0,0,54527.04
both_sexes,0,0,2020-01-20,IMMUNOSUPPR,0,0,0,1,0,0,0,0,0,0,0,0,0,0,0,0,0,0,0,0,0,0,0,0,0,0,0,0,0,0,0,0,0,0,0,0,0,0,0,0,0,0,0,0,0,0,0,0,0,0,54681.95,0,0,54681.95,0,0,54527.04,15055.65,381.18,83884.7,0,0,55469.87,0,0,55630.19,0,0,54681.95,0,0,55953.62,0,0,55310.48,0,0,55310.48,0,0,54681.95,0,0,54681.95,0,0,54681.95,0,0,54681.95,0,0,54527.04,0,0,54527.04,0,0,54681.95,0,0,54837.74,0,0,54527.04,0,0,54527.04,0,0,54681.95,0,0,54527.04,0,0,54527.04,0,0,54527.04,0,0,54527.04,0,0,54527.04,0,0,54527.04,0,0,54527.04,0,0,54527.04,0,0,54527.04,0,0,54527.04,0,0,54527.04,0,0,54527.04,0,0,54837.74,0,0,54837.74,0,0,54681.95,0,0,54681.95,0,0,54527.04,0,0,54527.04,0,0,54527.04,0,0,82609.64,0,0,54527.04,0,0,54527.04,0,0,54527.04,0,0,54681.95,0,0,54837.74,0,0,54994.42,0,0,54527.04
both_sexes,0,0,2020-01-27,IMMUNOSUPPR,0,0,0,0,0,0,0,0,0,0,0,0,0,0,0,0,0,0,0,0,0,0,0,0,0,0,0,0,0,0,0,0,0,0,0,0,0,1,0,0,0,0,0,0,0,0,0,0,0,0,54837.74,0,0,54837.74,0,0,54681.95,0,0,55791.44,0,0,55630.19,0,0,55791.44,0,0,54837.74,0,0,56116.75,0,0,55469.87,0,0,55469.87,0,0,54837.74,0,0,54837.74,0,0,54837.74,0,0,54837.74,0,0,54681.95,0,0,54681.95,0,0,54837.74,0,0,54994.42,0,0,54681.95,0,0,54681.95,0,0,54837.74,0,0,54681.95,0,0,54681.95,0,0,54681.95,0,0,54681.95,0,0,54681.95,0,0,54681.95,0,0,54681.95,0,0,54681.95,0,0,54681.95,0,0,54681.95,0,0,54681.95,0,0,54681.95,0,0,54994.42,0,0,54994.42,0,0,54837.74,0,0,54837.74,0,0,54681.95,0,0,54681.95,0,0,54681.95,22435.5,568.02,125002.63,0,0,54681.95,0,0,54681.95,0,0,54681.95,0,0,54837.74,0,0,54994.42,0,0,55151.99,0,0,54681.95
both_sexes,0,0,2020-02-03,IMMUNOSUPPR,0,0,0,0,0,0,0,0,0,0,0,0,0,0,0,0,0,0,0,0,0,0,0,0,0,0,0,0,0,0,0,0,0,0,0,0,0,2,0,0,0,0,0,0,0,0,0,0,0,0,54994.42,0,0,54994.42,0,0,54837.74,0,0,55953.62,0,0,55791.44,0,0,55953.62,0,0,54994.42,0,0,56280.84,0,0,55630.19,0,0,55630.19,0,0,54994.42,0,0,54994.42,0,0,54994.42,0,0,54994.42,0,0,54837.74,0,0,54837.74,0,0,54994.42,0,0,55151.99,0,0,54837.74,0,0,54837.74,0,0,54994.42,0,0,54837.74,0,0,54837.74,0,0,54837.74,0,0,54837.74,0,0,54837.74,0,0,54837.74,0,0,54837.74,0,0,54837.74,0,0,54837.74,0,0,54837.74,0,0,54837.74,0,0,54837.74,0,0,55151.99,0,0,55151.99,0,0,54994.42,0,0,54994.42,0,0,54837.74,0,0,54837.74,0,0,54837.74,45204.21,5474.44,163293.14,0,0,54837.74,0,0,54837.74,0,0,54837.74,0,0,54994.42,0,0,55151.99,0,0,55310.48,0,0,54837.74
both_sexes,0,0,2020-02-10,IMMUNOSUPPR,0,0,0,0,0,0,0,0,0,0,0,0,0,0,0,0,0,0,0,0,0,0,0,0,0,0,0,0,0,0,0,0,0,0,0,0,0,2,0,0,0,0,0,0,0,0,0,0,0,0,55151.99,0,0,55151.99,0,0,54994.42,0,0,56116.75,0,0,55953.62,0,0,56116.75,0,0,55151.99,0,0,56445.88,0,0,55791.44,0,0,55791.44,0,0,55151.99,0,0,55151.99,0,0,55151.99,0,0,55151.99,0,0,54994.42,0,0,54994.42,0,0,55151.99,0,0,55310.48,0,0,54994.42,0,0,54994.42,0,0,55151.99,0,0,54994.42,0,0,54994.42,0,0,54994.42,0,0,54994.42,0,0,54994.42,0,0,54994.42,0,0,54994.42,0,0,54994.42,0,0,54994.42,0,0,54994.42,0,0,54994.42,0,0,54994.42,0,0,55310.48,0,0,55310.48,0,0,55151.99,0,0,55151.99,0,0,54994.42,0,0,54994.42,0,0,54994.42,45770.68,5543.04,165339.42,0,0,54994.42,0,0,54994.42,0,0,54994.42,0,0,55151.99,0,0,55310.48,0,0,55469.87,0,0,54994.42
both_sexes,0,0,2020-02-17,IMMUNOSUPPR,0,0,0,0,0,0,0,0,0,0,0,0,0,0,0,0,0,1,0,0,0,0,0,0,0,0,0,0,0,0,0,0,0,0,0,0,0,0,0,0,0,0,0,0,0,0,0,0,0,0,55151.99,0,0,55151.99,0,0,54994.42,0,0,56116.75,0,0,55953.62,0,0,56116.75,0,0,55151.99,0,0,56445.88,0,0,55791.44,0,0,55791.44,0,0,55151.99,0,0,55151.99,0,0,55151.99,0,0,55151.99,0,0,54994.42,0,0,54994.42,0,0,55151.99,15018.5,380.24,83677.74,0,0,54994.42,0,0,54994.42,0,0,55151.99,0,0,54994.42,0,0,54994.42,0,0,54994.42,0,0,54994.42,0,0,54994.42,0,0,54994.42,0,0,54994.42,0,0,54994.42,0,0,54994.42,0,0,54994.42,0,0,54994.42,0,0,54994.42,0,0,55310.48,0,0,55310.48,0,0,55151.99,0,0,55151.99,0,0,54994.42,0,0,54994.42,0,0,54994.42,0,0,84793.15,0,0,54994.42,0,0,54994.42,0,0,54994.42,0,0,55151.99,0,0,55310.48,0,0,55469.87,0,0,54994.42
both_sexes,0,0,2020-02-24,IMMUNOSUPPR,0,0,0,0,0,0,0,0,1,1,0,0,0,0,0,0,1,1,0,0,0,0,0,0,0,0,0,0,0,0,0,0,0,0,0,0,0,0,0,0,0,0,0,0,0,0,0,0,0,0,55151.99,0,0,55151.99,0,0,54994.42,0,0,56116.75,0,0,55953.62,0,0,56116.75,0,0,55151.99,0,0,56445.88,15161.89,383.87,84476.66,15161.89,383.87,84476.66,0,0,55151.99,0,0,55151.99,0,0,55151.99,0,0,55151.99,0,0,54994.42,0,0,54994.42,14957,378.68,83335.08,15043.25,380.86,83815.6,0,0,54994.42,0,0,54994.42,0,0,55151.99,0,0,54994.42,0,0,54994.42,0,0,54994.42,0,0,54994.42,0,0,54994.42,0,0,54994.42,0,0,54994.42,0,0,54994.42,0,0,54994.42,0,0,54994.42,0,0,54994.42,0,0,54994.42,0,0,55310.48,0,0,55310.48,0,0,55151.99,0,0,55151.99,0,0,54994.42,0,0,54994.42,0,0,54994.42,0,0,84793.15,0,0,54994.42,0,0,54994.42,0,0,54994.42,0,0,55151.99,0,0,55310.48,0,0,55469.87,0,0,54994.42
both_sexes,0,0,2020-03-02,IMMUNOSUPPR,0,0,0,0,0,0,0,0,0,0,0,0,0,0,0,0,0,0,0,0,0,0,0,0,0,0,0,0,0,0,0,0,0,0,0,0,0,0,0,0,0,0,0,0,0,0,0,0,0,0,55151.99,0,0,55151.99,0,0,54994.42,0,0,56116.75,0,0,55953.62,0,0,56116.75,0,0,55151.99,0,0,56445.88,0,0,55953.62,0,0,55953.62,0,0,55151.99,0,0,55151.99,0,0,55151.99,0,0,55151.99,0,0,54994.42,0,0,54994.42,0,0,55310.48,0,0,55630.19,0,0,54994.42,0,0,54994.42,0,0,55151.99,0,0,54994.42,0,0,54994.42,0,0,54994.42,0,0,54994.42,0,0,54994.42,0,0,54994.42,0,0,54994.42,0,0,54994.42,0,0,54994.42,0,0,54994.42,0,0,54994.42,0,0,54994.42,0,0,55310.48,0,0,55310.48,0,0,55151.99,0,0,55151.99,0,0,54994.42,0,0,54994.42,0,0,54994.42,0,0,84793.15,0,0,54994.42,0,0,54994.42,0,0,54994.42,0,0,55151.99,0,0,55310.48,0,0,55469.87,0,0,54994.42
both_sexes,0,0,2020-03-09,IMMUNOSUPPR,0,0,0,0,0,0,0,0,0,0,0,0,0,0,0,0,0,0,0,0,0,0,0,0,0,0,0,0,0,0,0,0,0,0,0,0,0,1,0,0,0,0,0,0,0,0,0,1,0,0,55151.99,0,0,55151.99,0,0,54994.42,0,0,56116.75,0,0,55953.62,0,0,56116.75,0,0,55151.99,0,0,56445.88,0,0,55953.62,0,0,55953.62,0,0,55151.99,0,0,55151.99,0,0,55151.99,0,0,55151.99,0,0,54994.42,0,0,54994.42,0,0,55310.48,0,0,55630.19,0,0,54994.42,0,0,54994.42,0,0,55151.99,0,0,54994.42,0,0,54994.42,14932.54,378.06,83198.8,0,0,54994.42,0,0,54994.42,0,0,54994.42,0,0,54994.42,0,0,54994.42,0,0,54994.42,0,0,54994.42,0,0,54994.42,0,0,54994.42,0,0,55310.48,0,0,55310.48,0,0,55151.99,0,0,55151.99,0,0,54994.42,0,0,54994.42,0,0,54994.42,22986.15,581.96,128070.66,0,0,54994.42,0,0,54994.42,0,0,54994.42,0,0,55151.99,0,0,55310.48,0,0,55469.87,0,0,54994.42
both_sexes,0,0,2020-03-16,IMMUNOSUPPR,0,0,0,0,0,0,0,0,0,0,0,0,0,0,0,0,0,0,0,0,0,0,0,0,0,0,0,0,0,0,0,0,0,0,0,0,0,0,0,0,0,0,0,0,0,0,0,0,0,0,55151.99,0,0,55151.99,0,0,54994.42,0,0,56116.75,0,0,55953.62,0,0,56116.75,0,0,55151.99,0,0,56445.88,0,0,55953.62,0,0,55953.62,0,0,55151.99,0,0,55151.99,0,0,55151.99,0,0,55151.99,0,0,54994.42,0,0,54994.42,0,0,55310.48,0,0,55630.19,0,0,54994.42,0,0,54994.42,0,0,55151.99,0,0,54994.42,0,0,54994.42,0,0,55151.99,0,0,54994.42,0,0,54994.42,0,0,54994.42,0,0,54994.42,0,0,54994.42,0,0,54994.42,0,0,54994.42,0,0,54994.42,0,0,54994.42,0,0,55310.48,0,0,55310.48,0,0,55151.99,0,0,55151.99,0,0,54994.42,0,0,54994.42,0,0,54994.42,0,0,85168.35,0,0,54994.42,0,0,54994.42,0,0,54994.42,0,0,55151.99,0,0,55310.48,0,0,55469.87,0,0,54994.42
both_sexes,0,0,2020-03-23,IMMUNOSUPPR,0,0,0,0,0,0,0,0,0,0,0,0,0,0,0,0,0,0,0,0,0,0,0,0,0,0,0,0,0,0,0,0,0,0,0,0,0,0,0,0,0,0,0,0,0,0,0,0,0,0,55151.99,0,0,55151.99,0,0,54994.42,0,0,56116.75,0,0,55953.62,0,0,56116.75,0,0,55151.99,0,0,56445.88,0,0,55953.62,0,0,55953.62,0,0,55151.99,0,0,55151.99,0,0,55151.99,0,0,55151.99,0,0,54994.42,0,0,54994.42,0,0,55310.48,0,0,55630.19,0,0,54994.42,0,0,54994.42,0,0,55151.99,0,0,54994.42,0,0,54994.42,0,0,55151.99,0,0,54994.42,0,0,54994.42,0,0,54994.42,0,0,54994.42,0,0,54994.42,0,0,54994.42,0,0,54994.42,0,0,54994.42,0,0,54994.42,0,0,55310.48,0,0,55310.48,0,0,55151.99,0,0,55151.99,0,0,54994.42,0,0,54994.42,0,0,54994.42,0,0,85168.35,0,0,54994.42,0,0,54994.42,0,0,54994.42,0,0,55151.99,0,0,55310.48,0,0,55469.87,0,0,54994.42
both_sexes,0,0,2020-03-30,IMMUNOSUPPR,0,0,1,1,0,0,0,1,0,0,0,0,0,0,0,0,0,0,0,0,0,0,0,0,0,0,0,0,0,0,0,0,0,0,0,0,0,1,0,0,0,0,0,0,0,0,0,0,0,0,55219.8,0,0,55219.8,14950.88,378.52,83300.97,15256.89,386.27,85005.96,0,0,56023.42,0,0,56186.96,0,0,55219.8,15346.64,388.54,85506,0,0,56023.42,0,0,56023.42,0,0,55219.8,0,0,55219.8,0,0,55219.8,0,0,55219.8,0,0,55061.84,0,0,55061.84,0,0,55378.68,0,0,55699.18,0,0,55061.84,0,0,55061.84,0,0,55219.8,0,0,55061.84,0,0,55061.84,0,0,55219.8,0,0,55061.84,0,0,55061.84,0,0,55061.84,0,0,55061.84,0,0,55061.84,0,0,55061.84,0,0,55061.84,0,0,55061.84,0,0,55061.84,0,0,55378.68,0,0,55378.68,0,0,55219.8,0,0,55219.8,0,0,55061.84,0,0,55061.84,0,0,55061.84,23131.73,585.64,128881.74,0,0,55061.84,0,0,55061.84,0,0,55061.84,0,0,55219.8,0,0,55378.68,0,0,55538.47,0,0,55061.84
both_sexes,0,0,2020-04-06,IMMUNOSUPPR,0,0,0,0,0,0,0,0,0,0,0,0,0,0,0,0,0,0,0,0,0,0,0,0,0,0,0,0,0,0,0,0,0,0,0,0,0,0,0,0,0,0,0,0,0,0,0,0,0,0,55401.45,0,0,55401.45,0,0,55401.45,0,0,56540.63,0,0,56210.4,0,0,56375.03,0,0,55401.45,0,0,56874.77,0,0,56210.4,0,0,56210.4,0,0,55401.45,0,0,55401.45,0,0,55401.45,0,0,55401.45,0,0,55242.44,0,0,55242.44,0,0,55561.37,0,0,55884,0,0,55242.44,0,0,55242.44,0,0,55401.45,0,0,55242.44,0,0,55242.44,0,0,55355.93,0,0,55242.44,0,0,55242.44,0,0,55242.44,0,0,55242.44,0,0,55242.44,0,0,55242.44,0,0,55242.44,0,0,55242.44,0,0,55242.44,0,0,55561.37,0,0,55561.37,0,0,55401.45,0,0,55401.45,0,0,55242.44,0,0,55242.44,0,0,55242.44,0,0,85928.78,0,0,55242.44,0,0,55242.44,0,0,55242.44,0,0,55401.45,0,0,55561.37,0,0,55722.22,0,0,55242.44
both_sexes,0,0,2020-04-13,IMMUNOSUPPR,0,0,0,0,0,0,0,0,0,0,0,0,0,0,0,0,0,0,0,0,0,0,0,0,0,0,0,0,0,0,0,0,0,0,0,0,0,0,0,0,0,0,0,0,0,0,0,0,0,0,55630.19,0,0,55630.19,0,0,55630.19,0,0,56778.9,0,0,56445.88,0,0,56611.9,0,0,55630.19,0,0,57115.86,0,0,56445.88,0,0,56445.88,0,0,55630.19,0,0,55630.19,0,0,55630.19,0,0,55630.19,0,0,55469.87,0,0,55469.87,0,0,55791.44,0,0,56116.75,0,0,55469.87,0,0,55469.87,0,0,55630.19,0,0,55469.87,0,0,55469.87,0,0,55469.87,0,0,55469.87,0,0,55469.87,0,0,55469.87,0,0,55469.87,0,0,55469.87,0,0,55469.87,0,0,55469.87,0,0,55469.87,0,0,55469.87,0,0,55791.44,0,0,55791.44,0,0,55630.19,0,0,55630.19,0,0,55469.87,0,0,55469.87,0,0,55469.87,0,0,85928.78,0,0,55469.87,0,0,55469.87,0,0,55469.87,0,0,55630.19,0,0,55791.44,0,0,55953.62,0,0,55469.87
both_sexes,0,0,2020-04-20,IMMUNOSUPPR,0,0,0,0,0,0,0,0,0,0,0,0,0,0,0,0,0,0,0,0,0,0,0,0,0,0,0,0,0,0,0,0,0,0,0,0,0,0,0,0,0,0,0,0,0,0,0,0,0,0,55791.44,0,0,55791.44,0,0,55791.44,0,0,56946.88,0,0,56611.9,0,0,56778.9,0,0,55791.44,0,0,57285.85,0,0,56611.9,0,0,56611.9,0,0,55791.44,0,0,55791.44,0,0,55791.44,0,0,55791.44,0,0,55630.19,0,0,55630.19,0,0,55953.62,0,0,56280.84,0,0,55630.19,0,0,55630.19,0,0,55791.44,0,0,55630.19,0,0,55630.19,0,0,55630.19,0,0,55630.19,0,0,55630.19,0,0,55630.19,0,0,55630.19,0,0,55630.19,0,0,55630.19,0,0,55630.19,0,0,55630.19,0,0,55630.19,0,0,55953.62,0,0,55953.62,0,0,55791.44,0,0,55791.44,0,0,55630.19,0,0,55630.19,0,0,55630.19,0,0,86314.11,0,0,55630.19,0,0,55630.19,0,0,55630.19,0,0,55791.44,0,0,55953.62,0,0,56116.75,0,0,55630.19
both_sexes,0,0,2020-04-27,IMMUNOSUPPR,0,0,0,0,0,0,0,0,0,0,0,0,0,0,0,0,0,0,0,0,0,0,0,0,0,0,0,0,0,0,0,0,0,0,0,0,0,0,0,0,0,0,0,0,0,0,0,0,0,0,55791.44,0,0,55791.44,0,0,55791.44,0,0,56946.88,0,0,56611.9,0,0,56778.9,0,0,55791.44,0,0,57285.85,0,0,56611.9,0,0,56611.9,0,0,55791.44,0,0,55791.44,0,0,55791.44,0,0,55791.44,0,0,55630.19,0,0,55630.19,0,0,55953.62,0,0,56280.84,0,0,55630.19,0,0,55630.19,0,0,55791.44,0,0,55630.19,0,0,55630.19,0,0,55630.19,0,0,55630.19,0,0,55630.19,0,0,55630.19,0,0,55630.19,0,0,55630.19,0,0,55630.19,0,0,55630.19,0,0,55630.19,0,0,55630.19,0,0,55953.62,0,0,55953.62,0,0,55791.44,0,0,55791.44,0,0,55630.19,0,0,55630.19,0,0,55630.19,0,0,86314.11,0,0,55630.19,0,0,55630.19,0,0,55630.19,0,0,55791.44,0,0,55953.62,0,0,56116.75,0,0,55630.19
both_sexes,0,0,2020-05-04,IMMUNOSUPPR,0,0,0,0,0,0,0,0,0,0,0,0,0,0,0,0,0,0,0,0,0,0,0,0,0,0,0,0,0,0,0,0,0,0,0,0,0,1,0,0,0,0,0,0,0,0,0,0,0,0,55791.44,0,0,55791.44,0,0,55791.44,0,0,56946.88,0,0,56611.9,0,0,56778.9,0,0,55791.44,0,0,57285.85,0,0,56611.9,0,0,56611.9,0,0,55791.44,0,0,55791.44,0,0,55791.44,0,0,55791.44,0,0,55630.19,0,0,55630.19,0,0,55953.62,0,0,56280.84,0,0,55630.19,0,0,55630.19,0,0,55791.44,0,0,55630.19,0,0,55630.19,0,0,55630.19,0,0,55630.19,0,0,55630.19,0,0,55630.19,0,0,55630.19,0,0,55630.19,0,0,55630.19,0,0,55630.19,0,0,55630.19,0,0,55630.19,0,0,55953.62,0,0,55953.62,0,0,55791.44,0,0,55791.44,0,0,55630.19,0,0,55630.19,0,0,55630.19,23413.46,592.78,130451.46,0,0,55630.19,0,0,55630.19,0,0,55630.19,0,0,55791.44,0,0,55953.62,0,0,56116.75,0,0,55630.19
both_sexes,0,0,2020-05-11,IMMUNOSUPPR,0,0,0,0,0,0,0,0,0,0,0,0,0,0,0,0,0,0,0,0,0,0,0,0,0,0,0,0,0,0,0,0,0,0,0,0,0,0,0,0,0,0,0,0,0,0,0,0,0,0,56046.72,0,0,56046.72,0,0,56046.72,0,0,57212.88,0,0,56874.77,0,0,57043.32,0,0,56046.72,0,0,57555.03,0,0,56874.77,0,0,56874.77,0,0,56046.72,0,0,56046.72,0,0,56046.72,0,0,56046.72,0,0,55884,0,0,55884,0,0,56210.4,0,0,56540.63,0,0,55884,0,0,55884,0,0,56046.72,0,0,55884,0,0,55884,0,0,55884,0,0,55884,0,0,55884,0,0,55884,0,0,55884,0,0,55884,0,0,55884,0,0,55884,0,0,55884,0,0,55884,0,0,56210.4,0,0,56210.4,0,0,56046.72,0,0,56046.72,0,0,55884,0,0,55884,0,0,55884,0,0,87151.57,0,0,55884,0,0,55884,0,0,55884,0,0,56046.72,0,0,56210.4,0,0,56375.03,0,0,55884
both_sexes,0,0,2020-05-18,IMMUNOSUPPR,0,0,0,0,0,0,0,0,0,0,0,0,0,0,0,0,1,1,0,0,0,0,0,0,0,0,0,0,0,0,0,0,0,0,0,0,0,0,0,0,0,0,0,0,0,0,0,0,0,0,56280.84,0,0,56280.84,0,0,56280.84,0,0,57456.85,0,0,57115.86,0,0,57285.85,0,0,56280.84,0,0,57801.94,0,0,57115.86,0,0,57115.86,0,0,56280.84,0,0,56280.84,0,0,56280.84,0,0,56280.84,0,0,56116.75,0,0,56116.75,15308.05,387.57,85290.98,15398.4,389.85,85794.38,0,0,56116.75,0,0,56116.75,0,0,56280.84,0,0,56116.75,0,0,56116.75,0,0,56116.75,0,0,56116.75,0,0,56116.75,0,0,56116.75,0,0,56116.75,0,0,56116.75,0,0,56116.75,0,0,56116.75,0,0,56116.75,0,0,56116.75,0,0,56445.88,0,0,56445.88,0,0,56280.84,0,0,56280.84,0,0,56116.75,0,0,56116.75,0,0,56116.75,0,0,87491.12,0,0,56116.75,0,0,56116.75,0,0,56116.75,0,0,56280.84,0,0,56445.88,0,0,56611.9,0,0,56116.75
both_sexes,0,0,2020-05-25,IMMUNOSUPPR,0,0,0,0,0,1,0,0,1,1,0,0,0,0,0,0,0,0,0,0,0,0,0,0,0,0,0,0,0,0,0,0,0,0,0,0,0,0,0,0,0,0,0,0,0,0,0,0,0,0,56280.84,0,0,56280.84,0,0,56280.84,0,0,57456.85,0,0,57115.86,15535.94,393.34,86560.73,0,0,56280.84,0,0,57801.94,15489.82,392.17,86303.76,15489.82,392.17,86303.76,0,0,56280.84,0,0,56280.84,0,0,56280.84,0,0,56280.84,0,0,56116.75,0,0,56116.75,0,0,56611.9,0,0,56946.88,0,0,56116.75,0,0,56116.75,0,0,56280.84,0,0,56116.75,0,0,56116.75,0,0,56116.75,0,0,56116.75,0,0,56116.75,0,0,56116.75,0,0,56116.75,0,0,56116.75,0,0,56116.75,0,0,56116.75,0,0,56116.75,0,0,56116.75,0,0,56445.88,0,0,56445.88,0,0,56280.84,0,0,56280.84,0,0,56116.75,0,0,56116.75,0,0,56116.75,0,0,87491.12,0,0,56116.75,0,0,56116.75,0,0,56116.75,0,0,56280.84,0,0,56445.88,0,0,56611.9,0,0,56116.75
both_sexes,0,0,2020-06-01,IMMUNOSUPPR,0,0,0,0,0,0,0,0,0,0,0,0,0,0,0,0,0,0,0,0,0,0,0,0,0,0,0,0,0,0,0,0,0,0,0,0,0,0,0,0,1,0,0,0,0,0,0,0,0,0,56422.25,0,0,56422.25,0,0,56422.25,0,0,57604.24,0,0,57261.51,0,0,57604.24,0,0,56422.25,0,0,57951.11,0,0,57432.36,0,0,57432.36,0,0,56422.25,0,0,56422.25,0,0,56422.25,0,0,56422.25,0,0,56257.34,0,0,56257.34,0,0,56754.98,0,0,57091.66,0,0,56257.34,0,0,56257.34,0,0,56422.25,0,0,56257.34,0,0,56257.34,0,0,56257.34,0,0,56257.34,0,0,56257.34,0,0,56257.34,0,0,56257.34,0,0,56257.34,0,0,56257.34,0,0,56257.34,0,0,56257.34,0,0,56257.34,0,0,56445.88,0,0,56445.88,0,0,56422.25,0,0,56422.25,0,0,56257.34,0,0,56257.34,0,0,56257.34,0,0,87833.33,0,0,56257.34,0,0,56257.34,15250.52,386.11,84970.47,0,0,56422.25,0,0,56445.88,0,0,56611.9,0,0,56257.34
both_sexes,0,0,2020-06-08,IMMUNOSUPPR,0,0,0,0,0,0,0,0,0,0,0,0,0,0,0,0,0,0,0,0,0,0,0,0,0,0,0,0,0,0,0,0,0,0,0,0,0,0,0,0,0,0,0,0,0,0,0,0,0,0,56445.88,0,0,56445.88,0,0,56445.88,0,0,57628.88,0,0,57285.85,0,0,57628.88,0,0,56445.88,0,0,57976.04,0,0,57456.85,0,0,57456.85,0,0,56445.88,0,0,56445.88,0,0,56445.88,0,0,56445.88,0,0,56280.84,0,0,56280.84,0,0,56778.9,0,0,57115.86,0,0,56280.84,0,0,56280.84,0,0,56445.88,0,0,56280.84,0,0,56280.84,0,0,56280.84,0,0,56280.84,0,0,56280.84,0,0,56280.84,0,0,56280.84,0,0,56280.84,0,0,56280.84,0,0,56280.84,0,0,56280.84,0,0,56280.84,0,0,56445.88,0,0,56445.88,0,0,56445.88,0,0,56445.88,0,0,56280.84,0,0,56280.84,0,0,56280.84,0,0,87890.62,0,0,56280.84,0,0,56280.84,0,0,56280.84,0,0,56445.88,0,0,56445.88,0,0,56611.9,0,0,56280.84
both_sexes,0,0,2020-06-15,IMMUNOSUPPR,0,0,0,0,0,0,0,0,0,0,0,0,0,0,0,0,0,0,0,0,0,0,0,0,0,0,0,0,0,0,0,0,0,0,0,0,0,0,0,0,1,0,0,0,0,0,0,0,0,0,56445.88,0,0,56445.88,0,0,56445.88,0,0,57628.88,0,0,57285.85,0,0,57628.88,0,0,56445.88,0,0,57976.04,0,0,57456.85,0,0,57456.85,0,0,56445.88,0,0,56445.88,0,0,56445.88,0,0,56445.88,0,0,56280.84,0,0,56280.84,0,0,56778.9,0,0,57115.86,0,0,56280.84,0,0,56280.84,0,0,56445.88,0,0,56280.84,0,0,56280.84,0,0,56280.84,0,0,56280.84,0,0,56280.84,0,0,56280.84,0,0,56280.84,0,0,56280.84,0,0,56280.84,0,0,56280.84,0,0,56280.84,0,0,56280.84,0,0,56445.88,0,0,56445.88,0,0,56445.88,0,0,56445.88,0,0,56280.84,0,0,56280.84,0,0,56280.84,0,0,87890.62,0,0,56280.84,0,0,56280.84,15256.89,386.27,85005.96,0,0,56445.88,0,0,56445.88,0,0,56611.9,0,0,56280.84
both_sexes,0,0,2020-06-22,IMMUNOSUPPR,0,0,0,0,0,0,0,0,0,0,0,0,0,0,0,0,0,0,0,0,0,0,0,0,0,0,0,0,0,0,0,0,0,0,0,0,0,0,0,0,0,0,0,0,0,0,0,0,0,0,56635.7,0,0,56635.7,0,0,56635.7,0,0,57801.94,0,0,57481.37,0,0,57801.94,0,0,56635.7,0,0,58176.3,0,0,57653.54,0,0,57653.54,0,0,56635.7,0,0,56635.7,0,0,56635.7,0,0,56635.7,0,0,56469.54,0,0,56469.54,0,0,56970.96,0,0,57310.22,0,0,56469.54,0,0,56469.54,0,0,56635.7,0,0,56469.54,0,0,56469.54,0,0,56469.54,0,0,56469.54,0,0,56469.54,0,0,56469.54,0,0,56469.54,0,0,56469.54,0,0,56469.54,0,0,56469.54,0,0,56469.54,0,0,56469.54,0,0,56635.7,0,0,56635.7,0,0,56635.7,0,0,56635.7,0,0,56469.54,0,0,56469.54,0,0,56469.54,0,0,87890.62,0,0,56469.54,0,0,56469.54,0,0,56469.54,0,0,56635.7,0,0,56635.7,0,0,56802.83,0,0,56469.54
both_sexes,0,0,2020-06-29,IMMUNOSUPPR,0,0,0,0,0,0,0,0,0,0,0,0,0,0,0,0,0,0,0,0,0,0,0,0,0,0,0,0,0,0,0,0,0,0,0,0,0,1,0,0,0,0,0,0,0,0,0,0,0,0,56778.9,0,0,56778.9,0,0,56778.9,0,0,57801.94,0,0,57628.88,0,0,57801.94,0,0,56778.9,0,0,58327.41,0,0,57801.94,0,0,57801.94,0,0,56778.9,0,0,56778.9,0,0,56778.9,0,0,56778.9,0,0,56611.9,0,0,56611.9,0,0,57115.86,0,0,57456.85,0,0,56611.9,0,0,56611.9,0,0,56778.9,0,0,56611.9,0,0,56611.9,0,0,56611.9,0,0,56611.9,0,0,56611.9,0,0,56611.9,0,0,56611.9,0,0,56611.9,0,0,56611.9,0,0,56611.9,0,0,56611.9,0,0,56611.9,0,0,56778.9,0,0,56778.9,0,0,56778.9,0,0,56778.9,0,0,56611.9,0,0,56611.9,0,0,56611.9,23872.55,604.4,133009.33,0,0,56611.9,0,0,56611.9,0,0,56611.9,0,0,56778.9,0,0,56778.9,0,0,56946.88,0,0,56611.9
both_sexes,0,0,2020-07-06,IMMUNOSUPPR,0,0,0,0,0,0,0,0,0,0,0,0,0,0,0,0,0,0,0,0,0,0,0,0,0,0,0,0,0,0,1,1,0,0,0,0,0,0,0,0,0,0,1,1,0,0,0,0,0,0,56778.9,0,0,56778.9,0,0,56778.9,0,0,57801.94,0,0,57628.88,0,0,57801.94,0,0,56778.9,0,0,58327.41,0,0,57801.94,0,0,57801.94,0,0,56778.9,0,0,56778.9,0,0,56778.9,0,0,56778.9,0,0,56611.9,0,0,56611.9,0,0,57115.86,0,0,57456.85,0,0,56611.9,0,0,56611.9,0,0,56778.9,0,0,56611.9,0,0,56611.9,0,0,56611.9,0,0,56611.9,0,0,56611.9,0,0,56611.9,0,0,56611.9,0,0,56611.9,0,0,56611.9,0,0,56611.9,0,0,56611.9,0,0,56611.9,15417.9,390.35,85903.03,15417.9,390.35,85903.03,0,0,56778.9,0,0,56778.9,0,0,56611.9,0,0,56611.9,0,0,56611.9,0,0,88293.79,0,0,56611.9,0,0,56611.9,0,0,56611.9,0,0,56778.9,15417.9,390.35,85903.03,15463.59,391.5,86157.61,0,0,56611.9
both_sexes,0,0,2020-07-13,IMMUNOSUPPR,0,0,0,0,0,0,0,0,0,0,0,0,0,0,0,0,0,0,0,0,0,0,0,0,0,0,0,0,0,0,0,0,0,0,0,0,0,0,0,0,0,0,0,0,0,0,0,0,0,0,56826.79,0,0,56826.79,0,0,56826.79,0,0,57851.58,0,0,57678.22,0,0,57851.58,0,0,56826.79,0,0,58377.96,0,0,57851.58,0,0,57851.58,0,0,56826.79,0,0,56826.79,0,0,56826.79,0,0,56826.79,0,0,56659.51,0,0,56659.51,0,0,57164.33,0,0,57505.9,0,0,56659.51,0,0,56659.51,0,0,56826.79,0,0,56659.51,0,0,56659.51,0,0,56659.51,0,0,56659.51,0,0,56659.51,0,0,56659.51,0,0,56659.51,0,0,56659.51,0,0,56659.51,0,0,56659.51,0,0,56659.51,0,0,56659.51,0,0,56995.06,0,0,56995.06,0,0,56826.79,0,0,56826.79,0,0,56659.51,0,0,56659.51,0,0,56659.51,0,0,88409.66,0,0,56659.51,0,0,56659.51,0,0,56659.51,0,0,56826.79,0,0,56995.06,0,0,57164.33,0,0,56659.51
both_sexes,0,0,2020-07-20,IMMUNOSUPPR,0,0,0,0,0,0,0,0,0,0,0,0,0,0,0,0,0,0,0,0,0,0,0,0,0,0,0,0,0,0,0,0,0,0,0,0,0,0,0,0,0,0,0,0,0,0,0,0,0,0,57115.86,0,0,57115.86,0,0,57115.86,0,0,58151.2,0,0,57976.04,0,0,58151.2,0,0,57115.86,0,0,58683.07,0,0,58151.2,0,0,58151.2,0,0,57115.86,0,0,57115.86,0,0,57115.86,0,0,57115.86,0,0,56946.88,0,0,56946.88,0,0,57456.85,0,0,57801.94,0,0,56946.88,0,0,56946.88,0,0,57115.86,0,0,56946.88,0,0,56946.88,0,0,56946.88,0,0,56946.88,0,0,56946.88,0,0,56946.88,0,0,56946.88,0,0,56946.88,0,0,56946.88,0,0,56946.88,0,0,56946.88,0,0,56946.88,0,0,57285.85,0,0,57285.85,0,0,57115.86,0,0,57115.86,0,0,56946.88,0,0,56946.88,0,0,56946.88,0,0,88700.67,0,0,56946.88,0,0,56946.88,0,0,56946.88,0,0,57115.86,0,0,57285.85,0,0,57456.85,0,0,56946.88
both_sexes,0,0,2020-07-27,IMMUNOSUPPR,0,0,0,0,0,0,0,0,0,0,0,0,0,0,0,0,0,0,0,0,0,0,0,0,0,0,0,0,0,0,0,0,0,0,0,0,0,0,0,0,0,0,0,0,0,0,0,0,0,0,57115.86,0,0,57115.86,0,0,57115.86,0,0,58151.2,0,0,57976.04,0,0,58151.2,0,0,57115.86,0,0,58683.07,0,0,58151.2,0,0,58151.2,0,0,57115.86,0,0,57115.86,0,0,57115.86,0,0,57115.86,0,0,56946.88,0,0,56946.88,0,0,57456.85,0,0,57801.94,0,0,56946.88,0,0,56946.88,0,0,57115.86,0,0,56946.88,0,0,56946.88,0,0,56946.88,0,0,56946.88,0,0,56946.88,0,0,56946.88,0,0,56946.88,0,0,56946.88,0,0,56946.88,0,0,56946.88,0,0,56946.88,0,0,56946.88,0,0,57285.85,0,0,57285.85,0,0,57115.86,0,0,57115.86,0,0,56946.88,0,0,56946.88,0,0,56946.88,0,0,88700.67,0,0,56946.88,0,0,56946.88,0,0,56946.88,0,0,57115.86,0,0,57285.85,0,0,57456.85,0,0,56946.88
both_sexes,0,0,2020-08-03,IMMUNOSUPPR,0,0,0,0,1,1,0,0,0,0,0,0,0,0,0,0,2,2,0,0,0,0,0,0,0,0,0,0,0,0,0,0,0,0,0,0,0,0,0,0,0,0,0,0,0,0,0,0,0,0,57115.86,0,0,57115.86,0,0,57115.86,0,0,58151.2,15750.32,398.76,87755.19,15798.01,399.97,88020.88,0,0,57115.86,0,0,58683.07,0,0,58151.2,0,0,58151.2,0,0,57115.86,0,0,57115.86,0,0,57115.86,0,0,57115.86,0,0,56946.88,0,0,56946.88,31217.95,3780.64,112769.96,31405.85,3803.39,113448.72,0,0,56946.88,0,0,56946.88,0,0,57115.86,0,0,56946.88,0,0,56946.88,0,0,56946.88,0,0,56946.88,0,0,56946.88,0,0,56946.88,0,0,56946.88,0,0,56946.88,0,0,56946.88,0,0,56946.88,0,0,56946.88,0,0,56946.88,0,0,57285.85,0,0,57285.85,0,0,57115.86,0,0,57115.86,0,0,56946.88,0,0,56946.88,0,0,56946.88,0,0,88700.67,0,0,56946.88,0,0,56946.88,0,0,56946.88,0,0,57115.86,0,0,57285.85,0,0,57456.85,0,0,56946.88
both_sexes,0,0,2020-08-10,IMMUNOSUPPR,0,0,0,0,0,0,0,0,0,0,0,0,0,0,0,0,0,0,0,0,0,0,0,0,0,0,0,0,0,0,0,0,0,0,0,0,0,0,0,0,1,0,0,0,0,0,0,0,0,0,57140.09,0,0,57140.09,0,0,57140.09,0,0,58176.3,0,0,58176.3,0,0,58327.41,0,0,57140.09,0,0,58708.64,0,0,58151.2,0,0,58151.2,0,0,57140.09,0,0,57140.09,0,0,57140.09,0,0,57140.09,0,0,56970.96,0,0,56970.96,0,0,57826.75,0,0,58176.3,0,0,56970.96,0,0,56970.96,0,0,57140.09,0,0,56970.96,0,0,56970.96,0,0,56970.96,0,0,56970.96,0,0,56970.96,0,0,56970.96,0,0,56970.96,0,0,56970.96,0,0,56970.96,0,0,56970.96,0,0,56970.96,0,0,56970.96,0,0,57310.22,0,0,57310.22,0,0,57140.09,0,0,57140.09,0,0,56970.96,0,0,56970.96,0,0,56970.96,0,0,88700.67,0,0,56970.96,0,0,56970.96,15443.97,391.01,86048.32,0,0,57140.09,0,0,57310.22,0,0,57481.37,0,0,56970.96
both_sexes,0,0,2020-08-17,IMMUNOSUPPR,0,0,0,0,0,0,1,1,0,0,0,0,0,0,1,1,0,0,0,0,1,0,0,0,0,0,0,0,0,0,0,0,0,0,0,0,0,0,0,0,0,1,0,1,0,0,0,0,0,0,57310.22,0,0,57310.22,0,0,57310.22,0,0,58352.67,0,0,58352.67,0,0,58352.67,15562.42,394.01,86708.26,15991.68,404.87,89099.95,0,0,58176.3,0,0,58176.3,0,0,57310.22,0,0,57310.22,0,0,57310.22,0,0,57310.22,15489.82,392.17,86303.76,15489.82,392.17,86303.76,0,0,58001,0,0,58352.67,0,0,57140.09,0,0,57140.09,0,0,57310.22,0,0,57140.09,15489.82,392.17,86303.76,0,0,57140.09,0,0,57140.09,0,0,57140.09,0,0,57140.09,0,0,57140.09,0,0,57140.09,0,0,57140.09,0,0,57140.09,0,0,57140.09,0,0,57140.09,0,0,57481.37,0,0,57481.37,0,0,57310.22,0,0,57310.22,0,0,57140.09,0,0,57140.09,0,0,57140.09,0,0,88700.67,0,0,57140.09,0,0,57140.09,0,0,57140.09,15562.42,394.01,86708.26,0,0,57481.37,15655.81,396.37,87228.58,0,0,57140.09
both_sexes,0,0,2020-08-24,IMMUNOSUPPR,0,0,0,0,0,0,0,0,0,0,0,0,0,0,0,0,0,0,0,0,0,0,0,0,0,0,0,0,0,0,0,0,0,0,0,0,0,0,0,0,0,0,0,0,0,0,0,0,0,0,57456.85,0,0,57456.85,0,0,57456.85,0,0,58504.7,0,0,58504.7,0,0,58504.7,0,0,57628.88,0,0,59224.76,0,0,58327.41,0,0,58327.41,0,0,57456.85,0,0,57456.85,0,0,57456.85,0,0,57456.85,0,0,57456.85,0,0,57456.85,0,0,58151.2,0,0,58504.7,0,0,57285.85,0,0,57285.85,0,0,57456.85,0,0,57285.85,0,0,57456.85,0,0,57285.85,0,0,57285.85,0,0,57285.85,0,0,57285.85,0,0,57285.85,0,0,57285.85,0,0,57285.85,0,0,57285.85,0,0,57285.85,0,0,57285.85,0,0,57628.88,0,0,57628.88,0,0,57456.85,0,0,57456.85,0,0,57285.85,0,0,57285.85,0,0,57285.85,0,0,88700.67,0,0,57285.85,0,0,57285.85,0,0,57285.85,0,0,57628.88,0,0,57628.88,0,0,57976.04,0,0,57285.85
both_sexes,0,0,2020-08-31,IMMUNOSUPPR,0,0,0,0,0,0,0,0,0,0,0,0,0,0,0,0,0,0,0,0,0,0,0,0,0,0,0,0,0,0,0,0,0,0,0,0,0,0,0,0,0,0,0,0,0,0,0,0,0,0,57530.45,0,0,57530.45,0,0,57530.45,0,0,58581.01,0,0,58581.01,0,0,58581.01,0,0,57702.92,0,0,59302.96,0,0,58403.26,0,0,58403.26,0,0,57530.45,0,0,57530.45,0,0,57530.45,0,0,57530.45,0,0,57530.45,0,0,57530.45,0,0,58226.59,0,0,58581.01,0,0,57359.01,0,0,57359.01,0,0,57530.45,0,0,57359.01,0,0,57530.45,0,0,57359.01,0,0,57359.01,0,0,57359.01,0,0,57359.01,0,0,57359.01,0,0,57359.01,0,0,57359.01,0,0,57359.01,0,0,57359.01,0,0,57359.01,0,0,57702.92,0,0,57702.92,0,0,57530.45,0,0,57530.45,0,0,57359.01,0,0,57359.01,0,0,57359.01,0,0,88876.2,0,0,57359.01,0,0,57359.01,0,0,57359.01,0,0,57702.92,0,0,57702.92,0,0,58050.98,0,0,57359.01
both_sexes,0,0,2020-09-07,IMMUNOSUPPR,0,0,0,0,0,0,0,0,0,0,0,0,0,0,0,0,0,0,0,0,0,0,0,0,0,0,0,0,0,0,0,0,0,0,0,0,0,0,0,0,1,0,0,0,0,0,0,0,0,0,57851.58,0,0,57851.58,0,0,57851.58,0,0,58914,0,0,58914,0,0,58914,0,0,58025.98,0,0,59644.23,0,0,58734.23,0,0,58734.23,0,0,57851.58,0,0,57851.58,0,0,57851.58,0,0,57851.58,0,0,57777.15,0,0,57777.15,0,0,58555.55,0,0,58914,0,0,57678.22,0,0,57678.22,0,0,57851.58,0,0,57678.22,0,0,57777.15,0,0,57678.22,0,0,57678.22,0,0,57678.22,0,0,57678.22,0,0,57678.22,0,0,57678.22,0,0,57678.22,0,0,57678.22,0,0,57678.22,0,0,57678.22,0,0,58025.98,0,0,58025.98,0,0,57851.58,0,0,57851.58,0,0,57678.22,0,0,57678.22,0,0,57678.22,0,0,89644.92,0,0,57678.22,0,0,57678.22,15635.7,395.86,87116.56,0,0,58025.98,0,0,58025.98,0,0,58377.96,0,0,57678.22
both_sexes,0,0,2020-09-14,IMMUNOSUPPR,0,0,0,0,0,0,0,0,0,0,0,0,0,0,0,0,0,0,0,0,0,0,0,0,0,0,0,0,0,0,0,0,0,0,0,0,0,0,0,0,0,0,0,0,0,0,0,0,0,0,57976.04,0,0,57976.04,0,0,57976.04,0,0,59043.09,0,0,59043.09,0,0,59043.09,0,0,58151.2,0,0,59776.54,0,0,58862.53,0,0,58862.53,0,0,57976.04,0,0,57976.04,0,0,57976.04,0,0,57976.04,0,0,57801.94,0,0,57801.94,0,0,58683.07,0,0,59043.09,0,0,57801.94,0,0,57801.94,0,0,57976.04,0,0,57801.94,0,0,57801.94,0,0,57801.94,0,0,57801.94,0,0,57801.94,0,0,57801.94,0,0,57801.94,0,0,57801.94,0,0,57801.94,0,0,57801.94,0,0,57801.94,0,0,57801.94,0,0,58151.2,0,0,58151.2,0,0,57976.04,0,0,57976.04,0,0,57801.94,0,0,57801.94,0,0,57801.94,0,0,89944.14,0,0,57801.94,0,0,57801.94,0,0,57801.94,0,0,58151.2,0,0,58151.2,0,0,58504.7,0,0,57801.94
both_sexes,0,0,2020-09-21,IMMUNOSUPPR,0,0,0,0,0,0,0,0,0,0,0,0,0,0,0,0,0,0,0,0,0,0,0,0,0,0,0,0,0,0,0,0,0,0,0,0,0,2,0,0,0,0,0,0,0,0,0,0,0,0,58050.98,0,0,58050.98,0,0,58050.98,0,0,59120.81,0,0,59120.81,0,0,59120.81,0,0,58226.59,0,0,59856.21,0,0,58939.77,0,0,58939.77,0,0,58050.98,0,0,58050.98,0,0,58050.98,0,0,58050.98,0,0,57876.43,0,0,57876.43,0,0,58759.84,0,0,59120.81,0,0,57876.43,0,0,57876.43,0,0,58050.98,0,0,57876.43,0,0,57876.43,0,0,57876.43,0,0,57876.43,0,0,57876.43,0,0,57876.43,0,0,57876.43,0,0,57876.43,0,0,57876.43,0,0,57876.43,0,0,57876.43,0,0,57876.43,0,0,58226.59,0,0,58226.59,0,0,58050.98,0,0,58050.98,0,0,57876.43,0,0,57876.43,0,0,57876.43,49059.77,5941.37,177220.76,0,0,57876.43,0,0,57876.43,0,0,57876.43,0,0,58226.59,0,0,58226.59,0,0,58581.01,0,0,57876.43
both_sexes,0,0,2020-09-28,IMMUNOSUPPR,0,0,0,0,0,0,0,0,0,0,0,0,0,0,0,0,0,0,0,0,0,0,0,0,0,0,0,0,0,0,0,0,0,0,0,0,0,0,0,0,0,0,0,0,0,0,0,0,0,0,58403.26,0,0,58403.26,0,0,58403.26,0,0,59486.23,0,0,59486.23,0,0,59486.23,0,0,58581.01,0,0,60230.81,0,0,59302.96,0,0,59302.96,0,0,58403.26,0,0,58403.26,0,0,58403.26,0,0,58403.26,0,0,58226.59,0,0,58226.59,0,0,59120.81,0,0,59486.23,0,0,58226.59,0,0,58226.59,0,0,58403.26,0,0,58226.59,0,0,58226.59,0,0,58226.59,0,0,58226.59,0,0,58226.59,0,0,58226.59,0,0,58226.59,0,0,58226.59,0,0,58226.59,0,0,58226.59,0,0,58226.59,0,0,58226.59,0,0,58581.01,0,0,58581.01,0,0,58403.26,0,0,58403.26,0,0,58226.59,0,0,58226.59,0,0,58226.59,0,0,91408.63,0,0,58226.59,0,0,58226.59,0,0,58226.59,0,0,58581.01,0,0,58581.01,0,0,58939.77,0,0,58226.59
both_sexes,0,0,2020-10-05,IMMUNOSUPPR,0,0,0,1,0,0,0,0,0,0,0,0,0,0,0,0,0,0,0,0,0,0,0,0,0,0,0,0,0,0,0,0,0,0,0,0,0,0,0,0,0,0,0,0,0,0,0,0,0,0,58504.7,0,0,58504.7,0,0,58504.7,16175.82,409.54,90125.9,0,0,59591.47,0,0,59591.47,0,0,58683.07,0,0,60338.7,0,0,59407.55,0,0,59407.55,0,0,58504.7,0,0,58504.7,0,0,58504.7,0,0,58504.7,0,0,58327.41,0,0,58327.41,0,0,59224.76,0,0,59591.47,0,0,58327.41,0,0,58327.41,0,0,58504.7,0,0,58327.41,0,0,58327.41,0,0,58327.41,0,0,58327.41,0,0,58327.41,0,0,58327.41,0,0,58327.41,0,0,58327.41,0,0,58327.41,0,0,58327.41,0,0,58327.41,0,0,58327.41,0,0,58683.07,0,0,58683.07,0,0,58504.7,0,0,58504.7,0,0,58327.41,0,0,58327.41,0,0,58327.41,0,0,91657.36,0,0,58327.41,0,0,58327.41,0,0,58327.41,0,0,58683.07,0,0,58683.07,0,0,59043.09,0,0,58327.41
both_sexes,0,0,2020-10-12,IMMUNOSUPPR,0,0,0,0,1,1,0,0,0,0,0,0,0,0,0,0,0,0,0,1,1,0,0,0,0,0,0,0,0,0,0,0,0,0,0,0,0,0,0,0,1,0,0,0,0,0,0,0,0,0,58504.7,0,0,58504.7,0,0,58504.7,0,0,59776.54,16182.99,409.72,90165.83,16182.99,409.72,90165.83,0,0,58683.07,0,0,60338.7,0,0,59407.55,0,0,59407.55,0,0,58504.7,0,0,58504.7,0,0,58504.7,0,0,58504.7,0,0,58327.41,0,0,58327.41,0,0,59224.76,0,0,59591.47,0,0,58327.41,0,0,58327.41,0,0,58504.7,15839.12,401.01,88249.9,15839.12,401.01,88249.9,0,0,58327.41,0,0,58327.41,0,0,58327.41,0,0,58327.41,0,0,58327.41,0,0,58327.41,0,0,58327.41,0,0,58327.41,0,0,58327.41,0,0,58327.41,0,0,58683.07,0,0,58683.07,0,0,58504.7,0,0,58504.7,0,0,58327.41,0,0,58327.41,0,0,58327.41,0,0,91657.36,0,0,58327.41,0,0,58327.41,15811.69,400.32,88097.09,0,0,58683.07,0,0,58683.07,0,0,59043.09,0,0,58327.41
both_sexes,0,0,2020-10-19,IMMUNOSUPPR,0,0,0,0,0,0,0,0,0,0,0,0,0,0,0,0,0,0,0,0,0,0,0,0,0,0,0,0,0,0,0,0,0,0,0,0,0,2,0,0,0,0,0,0,0,0,0,0,0,0,58683.07,0,0,58683.07,0,0,58683.07,0,0,59962.76,0,0,59962.76,0,0,59962.76,0,0,58862.53,0,0,60528.45,0,0,59591.47,0,0,59591.47,0,0,58683.07,0,0,58683.07,0,0,58683.07,0,0,58683.07,0,0,58504.7,0,0,58504.7,0,0,59407.55,0,0,59776.54,0,0,58504.7,0,0,58504.7,0,0,58683.07,0,0,58683.07,0,0,58683.07,0,0,58504.7,0,0,58504.7,0,0,58504.7,0,0,58504.7,0,0,58504.7,0,0,58504.7,0,0,58504.7,0,0,58504.7,0,0,58504.7,0,0,58504.7,0,0,58862.53,0,0,58862.53,0,0,58683.07,0,0,58683.07,0,0,58504.7,0,0,58504.7,0,0,58504.7,50206.19,6080.2,181362,0,0,58504.7,0,0,58504.7,0,0,58504.7,0,0,58862.53,0,0,58862.53,0,0,59224.76,0,0,58504.7
both_sexes,0,0,2020-10-26,IMMUNOSUPPR,0,0,0,0,0,0,0,0,0,0,0,0,0,0,0,0,0,1,0,0,0,0,0,0,0,0,0,0,0,0,0,0,0,0,0,0,0,1,0,0,0,0,0,0,0,0,0,0,0,0,58683.07,0,0,58683.07,0,0,58683.07,0,0,59962.76,0,0,59962.76,0,0,59962.76,0,0,58862.53,0,0,60528.45,0,0,59591.47,0,0,59591.47,0,0,58683.07,0,0,58683.07,0,0,58683.07,0,0,58683.07,0,0,58504.7,0,0,58504.7,0,0,59407.55,16240.55,411.18,90486.56,0,0,58504.7,0,0,58504.7,0,0,58683.07,0,0,58683.07,0,0,58683.07,0,0,58504.7,0,0,58504.7,0,0,58504.7,0,0,58504.7,0,0,58504.7,0,0,58504.7,0,0,58504.7,0,0,58504.7,0,0,58504.7,0,0,58504.7,0,0,58862.53,0,0,58862.53,0,0,58683.07,0,0,58683.07,0,0,58504.7,0,0,58504.7,0,0,58504.7,25294.32,640.4,140930.94,0,0,58504.7,0,0,58504.7,0,0,58504.7,0,0,58862.53,0,0,58862.53,0,0,59224.76,0,0,58504.7
both_sexes,0,0,2020-11-02,IMMUNOSUPPR,0,0,0,0,0,0,0,0,0,0,0,0,0,0,0,0,0,0,0,0,0,0,0,0,0,0,0,0,0,0,0,0,0,0,0,0,0,4,0,0,1,0,0,0,0,0,0,0,0,0,58836.82,0,0,58836.82,0,0,58836.82,0,0,60123.3,0,0,60123.3,0,0,60123.3,0,0,59017.22,0,0,60692.04,0,0,59750.03,0,0,59750.03,0,0,58836.82,0,0,58836.82,0,0,58836.82,0,0,58836.82,0,0,58657.52,0,0,58657.52,0,0,59565.13,0,0,60123.3,0,0,58657.52,0,0,58657.52,0,0,58836.82,0,0,58836.82,0,0,58836.82,0,0,58657.52,0,0,58657.52,0,0,58657.52,0,0,58657.52,0,0,58657.52,0,0,58657.52,0,0,58657.52,0,0,58657.52,0,0,58657.52,0,0,58657.52,0,0,59017.22,0,0,59017.22,0,0,58836.82,0,0,58836.82,0,0,58657.52,0,0,58657.52,0,0,58657.52,101811.85,27740.3,260678.76,0,0,58657.52,0,0,58657.52,15901.18,402.58,88595.68,0,0,59017.22,0,0,59017.22,0,0,59381.37,0,0,58657.52
both_sexes,0,0,2020-11-09,IMMUNOSUPPR,0,0,0,0,1,1,0,0,1,1,0,0,0,0,0,0,0,0,0,0,0,0,0,0,0,0,0,0,0,0,0,0,0,0,0,0,0,3,0,0,0,0,0,0,0,0,0,1,0,0,59068.97,0,0,59068.97,0,0,59068.97,0,0,60365.74,16371.58,414.49,91216.62,16371.58,414.49,91216.62,0,0,59250.8,0,0,60939.09,16269.49,411.91,90647.78,16269.49,411.91,90647.78,0,0,59068.97,0,0,59068.97,0,0,59068.97,0,0,59068.97,0,0,58888.25,0,0,58888.25,0,0,59803.07,0,0,60365.74,0,0,58888.25,0,0,58888.25,0,0,59068.97,0,0,59068.97,0,0,59068.97,15977.69,404.52,89021.99,0,0,58888.25,0,0,58888.25,0,0,58888.25,0,0,58888.25,0,0,58888.25,0,0,58888.25,0,0,58888.25,0,0,58888.25,0,0,58888.25,0,0,59250.8,0,0,59250.8,0,0,59068.97,0,0,59068.97,0,0,58888.25,0,0,58888.25,0,0,58888.25,77989.32,16083.27,227917.9,0,0,58888.25,0,0,58888.25,0,0,58888.25,0,0,59250.8,0,0,59250.8,0,0,59617.84,0,0,58888.25
both_sexes,0,0,2020-11-16,IMMUNOSUPPR,0,0,0,0,0,0,0,0,0,0,0,0,0,0,0,0,0,0,0,0,0,0,0,0,0,0,0,0,0,0,0,0,0,0,0,0,0,3,0,0,1,0,0,0,0,0,0,0,0,0,59302.96,0,0,59302.96,0,0,59302.96,0,0,60610.13,0,0,60801.59,0,0,60801.59,0,0,59486.23,0,0,61188.16,0,0,60419.88,0,0,60419.88,0,0,59302.96,0,0,59302.96,0,0,59302.96,0,0,59302.96,0,0,59120.81,0,0,59120.81,0,0,60042.92,0,0,60610.13,0,0,59120.81,0,0,59120.81,0,0,59302.96,0,0,59302.96,0,0,59302.96,0,0,59302.96,0,0,59120.81,0,0,59120.81,0,0,59120.81,0,0,59120.81,0,0,59120.81,0,0,59120.81,0,0,59120.81,0,0,59120.81,0,0,59120.81,0,0,59486.23,0,0,59486.23,0,0,59302.96,0,0,59302.96,0,0,59120.81,0,0,59120.81,0,0,59120.81,79690.91,16434.18,232890.65,0,0,59120.81,0,0,59120.81,16026.77,405.76,89295.43,0,0,59486.23,0,0,59486.23,0,0,59856.21,0,0,59120.81
both_sexes,0,0,2020-11-23,IMMUNOSUPPR,0,0,0,0,0,0,0,0,0,0,0,0,0,0,0,0,0,0,0,0,0,0,0,0,0,0,0,0,0,0,0,0,0,0,0,0,0,2,0,0,0,0,0,0,0,0,0,0,0,0,59723.55,0,0,59723.55,0,0,59723.55,0,0,61049.53,0,0,61243.78,0,0,61243.78,0,0,59909.44,0,0,61636.01,0,0,60856.51,0,0,60856.51,0,0,59723.55,0,0,59723.55,0,0,59723.55,0,0,59723.55,0,0,59538.81,0,0,59538.81,0,0,60474.11,0,0,61049.53,0,0,59538.81,0,0,59538.81,0,0,59723.55,0,0,59723.55,0,0,59723.55,0,0,59723.55,0,0,59538.81,0,0,59538.81,0,0,59538.81,0,0,59538.81,0,0,59538.81,0,0,59538.81,0,0,59538.81,0,0,59538.81,0,0,59538.81,0,0,59909.44,0,0,59909.44,0,0,59723.55,0,0,59723.55,0,0,59538.81,0,0,59538.81,0,0,59538.81,54111.11,6553.11,195467.94,0,0,59538.81,0,0,59538.81,0,0,59538.81,0,0,59909.44,0,0,59909.44,0,0,60284.71,0,0,59538.81
both_sexes,0,0,2020-11-30,IMMUNOSUPPR,0,0,0,0,0,0,0,0,1,1,0,0,0,0,0,0,0,1,0,0,0,0,0,0,0,0,0,0,0,0,0,0,0,0,0,0,0,4,0,0,0,0,0,0,0,0,0,0,0,0,60042.92,0,0,60042.92,0,0,60042.92,0,0,61383.29,0,0,61579.67,0,0,61579.67,0,0,60230.81,0,0,61976.23,16587.19,419.95,92417.93,16587.19,419.95,92417.93,0,0,60042.92,0,0,60042.92,0,0,60042.92,0,0,60042.92,0,0,59856.21,0,0,59856.21,0,0,60801.59,16640.09,421.29,92712.65,0,0,59856.21,0,0,59856.21,0,0,60042.92,0,0,60042.92,0,0,60042.92,0,0,60042.92,0,0,59856.21,0,0,59856.21,0,0,59856.21,0,0,59856.21,0,0,59856.21,0,0,59856.21,0,0,59856.21,0,0,59856.21,0,0,59856.21,0,0,60230.81,0,0,60230.81,0,0,60042.92,0,0,60042.92,0,0,59856.21,0,0,59856.21,0,0,59856.21,110598.03,30134.24,283174.89,0,0,59856.21,0,0,59856.21,0,0,59856.21,0,0,60230.81,0,0,60230.81,0,0,60610.13,0,0,59856.21
both_sexes,0,0,2020-12-07,IMMUNOSUPPR,0,0,0,0,1,1,0,0,0,0,0,0,0,0,0,0,0,0,0,0,0,0,0,0,0,0,0,0,0,0,1,1,0,0,0,0,0,4,0,0,0,0,1,1,0,0,0,0,0,0,60150.14,0,0,60150.14,0,0,60150.14,0,0,61495.35,16731.56,423.61,93222.3,16731.56,423.61,93222.3,0,0,60338.7,0,0,62090.47,0,0,61495.35,0,0,61495.35,0,0,60150.14,0,0,60150.14,0,0,60150.14,0,0,60150.14,0,0,59962.76,0,0,59962.76,0,0,60911.54,0,0,61692.46,0,0,59962.76,0,0,59962.76,0,0,60150.14,0,0,60150.14,0,0,60150.14,0,0,60150.14,0,0,59962.76,0,0,59962.76,0,0,59962.76,0,0,59962.76,0,0,59962.76,0,0,59962.76,0,0,59962.76,0,0,59962.76,0,0,59962.76,16400.99,415.24,91380.46,16400.99,415.24,91380.46,0,0,60150.14,0,0,60150.14,0,0,59962.76,0,0,59962.76,0,0,59962.76,113343.68,30882.34,290204.83,0,0,59962.76,0,0,59962.76,0,0,59962.76,0,0,60338.7,16400.99,415.24,91380.46,16504.74,417.86,91958.55,0,0,59962.76
both_sexes,0,0,2020-12-14,IMMUNOSUPPR,0,0,0,0,0,0,0,0,0,0,0,0,0,0,0,0,0,0,0,0,0,0,0,0,0,0,0,0,0,0,0,0,0,0,0,0,0,1,0,0,0,0,0,0,0,0,0,0,0,0,60150.14,0,0,60150.14,0,0,60150.14,0,0,61495.35,0,0,61890.82,0,0,61890.82,0,0,60338.7,0,0,62090.47,0,0,61495.35,0,0,61495.35,0,0,60150.14,0,0,60150.14,0,0,60150.14,0,0,60150.14,0,0,59962.76,0,0,59962.76,0,0,60911.54,0,0,61692.46,0,0,59962.76,0,0,59962.76,0,0,60150.14,0,0,60150.14,0,0,60150.14,0,0,59962.76,0,0,59962.76,0,0,59962.76,0,0,59962.76,0,0,59962.76,0,0,59962.76,0,0,59962.76,0,0,59962.76,0,0,59962.76,0,0,59962.76,0,0,60528.45,0,0,60528.45,0,0,60150.14,0,0,60150.14,0,0,59962.76,0,0,59962.76,0,0,59962.76,28737.21,727.56,160113.51,0,0,59962.76,0,0,59962.76,0,0,59962.76,0,0,60338.7,0,0,60528.45,0,0,60911.54,0,0,59962.76
both_sexes,0,0,2020-12-21,IMMUNOSUPPR,0,0,0,0,0,0,0,0,0,0,0,0,0,0,0,0,0,0,0,0,0,0,0,0,0,0,0,0,0,0,0,0,0,0,0,0,0,3,0,0,0,0,0,0,0,0,0,0,0,0,60150.14,0,0,60150.14,0,0,60150.14,0,0,61495.35,0,0,61890.82,0,0,61890.82,0,0,60338.7,0,0,62090.47,0,0,61495.35,0,0,61495.35,0,0,60150.14,0,0,60150.14,0,0,60150.14,0,0,60150.14,0,0,59962.76,0,0,59962.76,0,0,60911.54,0,0,61692.46,0,0,59962.76,0,0,59962.76,0,0,60150.14,0,0,60150.14,0,0,60150.14,0,0,59962.76,0,0,59962.76,0,0,59962.76,0,0,59962.76,0,0,59962.76,0,0,59962.76,0,0,59962.76,0,0,59962.76,0,0,59962.76,0,0,59962.76,0,0,60528.45,0,0,60528.45,0,0,60150.14,0,0,60150.14,0,0,59962.76,0,0,59962.76,0,0,59962.76,87589.93,18063.15,255974.94,0,0,59962.76,0,0,59962.76,0,0,59962.76,0,0,60338.7,0,0,60528.45,0,0,60911.54,0,0,59962.76
both_sexes,0,0,2020-12-28,IMMUNOSUPPR,0,0,0,0,0,0,0,0,0,0,0,0,0,0,0,0,0,0,0,0,0,0,0,0,0,0,0,0,0,0,0,0,0,0,0,0,0,2,0,0,0,0,0,0,0,0,0,0,0,0,60365.74,0,0,60365.74,0,0,60365.74,0,0,61720.72,0,0,62119.1,0,0,62119.1,0,0,60555.65,0,0,62320.22,0,0,61720.72,0,0,61720.72,0,0,60365.74,0,0,60365.74,0,0,60365.74,0,0,60365.74,0,0,60177.01,0,0,60177.01,0,0,61132.63,0,0,61919.27,0,0,60177.01,0,0,60177.01,0,0,60365.74,0,0,60365.74,0,0,60365.74,0,0,60177.01,0,0,60177.01,0,0,60177.01,0,0,60177.01,0,0,60177.01,0,0,60177.01,0,0,60177.01,0,0,60177.01,0,0,60177.01,0,0,60177.01,0,0,60610.13,0,0,60610.13,0,0,60365.74,0,0,60365.74,0,0,60177.01,0,0,60177.01,0,0,60177.01,58911.29,7134.43,212807.84,0,0,60177.01,0,0,60177.01,0,0,60177.01,0,0,60555.65,0,0,60610.13,0,0,60994.26,0,0,60177.01
both_sexes,0,0,2021-01-04,IMMUNOSUPPR,0,0,0,0,0,0,0,0,0,0,0,0,0,0,0,0,0,0,0,0,0,0,0,0,0,0,0,0,0,0,1,1,0,0,0,0,0,0,0,0,0,0,1,1,0,0,0,0,0,0,60746.76,0,0,60746.76,0,0,60746.76,0,0,62119.1,0,0,62522.66,0,0,62522.66,0,0,60939.09,0,0,62726.41,0,0,62119.1,0,0,62119.1,0,0,60746.76,0,0,60746.76,0,0,60746.76,0,0,60746.76,0,0,60555.65,0,0,60555.65,0,0,61523.43,0,0,62320.22,0,0,60555.65,0,0,60555.65,0,0,60746.76,0,0,60746.76,0,0,60746.76,0,0,60555.65,0,0,60555.65,0,0,60555.65,0,0,60555.65,0,0,60555.65,0,0,60555.65,0,0,60555.65,0,0,60555.65,0,0,60555.65,0,0,60555.65,16557.12,419.19,92250.35,16557.12,419.19,92250.35,0,0,60746.76,0,0,60746.76,0,0,60555.65,0,0,60555.65,0,0,60555.65,0,0,109630.86,0,0,60555.65,0,0,60555.65,0,0,60555.65,0,0,60939.09,16557.12,419.19,92250.35,16662.86,421.87,92839.54,0,0,60555.65
both_sexes,0,0,2021-01-11,IMMUNOSUPPR,0,0,0,0,0,0,0,0,0,0,0,0,0,0,0,0,0,0,0,0,0,0,0,0,0,0,0,0,0,0,0,0,0,0,0,0,0,3,0,0,0,0,0,0,0,0,0,0,0,0,61243.78,0,0,61243.78,0,0,61243.78,0,0,62638.92,0,0,63049.29,0,0,63049.29,0,0,61439.27,0,0,63256.49,0,0,62638.92,0,0,62638.92,0,0,61243.78,0,0,61243.78,0,0,61243.78,0,0,61243.78,0,0,61049.53,0,0,61049.53,0,0,62033.3,0,0,62843.43,0,0,61049.53,0,0,61049.53,0,0,61243.78,0,0,61243.78,0,0,61243.78,0,0,61049.53,0,0,61049.53,0,0,61049.53,0,0,61049.53,0,0,61049.53,0,0,61049.53,0,0,61049.53,0,0,61049.53,0,0,61049.53,0,0,61049.53,0,0,61636.01,0,0,61636.01,0,0,61243.78,0,0,61243.78,0,0,61049.53,0,0,61049.53,0,0,61049.53,91160.57,18799.5,266409.86,0,0,61049.53,0,0,61049.53,0,0,61049.53,0,0,61439.27,0,0,61636.01,0,0,62033.3,0,0,61049.53
both_sexes,0,0,2021-01-18,IMMUNOSUPPR,0,0,0,0,1,1,0,0,2,2,0,0,0,0,0,0,0,0,0,0,0,0,0,0,0,0,0,0,0,0,0,0,0,0,0,0,0,3,0,0,0,0,0,0,0,0,0,0,0,0,61579.67,0,0,61579.67,0,0,61579.67,0,0,62990.33,17196.33,435.37,95811.81,17196.33,435.37,95811.81,0,0,61777.31,0,0,63614.88,34263.6,4149.48,123771.91,34263.6,4149.48,123771.91,0,0,61579.67,0,0,61579.67,0,0,61579.67,0,0,61579.67,0,0,61383.29,0,0,61383.29,0,0,62377.93,0,0,63197.15,0,0,61383.29,0,0,61383.29,0,0,61579.67,0,0,61579.67,0,0,61579.67,0,0,61383.29,0,0,61383.29,0,0,61383.29,0,0,61383.29,0,0,61383.29,0,0,61383.29,0,0,61383.29,0,0,61383.29,0,0,61383.29,0,0,61383.29,0,0,61976.23,0,0,61976.23,0,0,61579.67,0,0,61579.67,0,0,61383.29,0,0,61383.29,0,0,61383.29,92938.93,19166.24,271607,0,0,61383.29,0,0,61383.29,0,0,61383.29,0,0,61777.31,0,0,61976.23,0,0,62377.93,0,0,61383.29
both_sexes,0,0,2021-01-25,IMMUNOSUPPR,0,0,0,0,0,0,0,0,0,0,0,0,0,0,0,0,0,0,0,0,0,0,0,0,0,0,0,0,0,0,0,0,0,0,0,0,0,2,0,0,0,0,0,0,0,0,0,0,0,0,61890.82,0,0,61890.82,0,0,61890.82,0,0,63315.94,0,0,63947,0,0,63947,0,0,62090.47,0,0,63947,0,0,63735.25,0,0,63735.25,0,0,61890.82,0,0,61890.82,0,0,61890.82,0,0,61890.82,0,0,61692.46,0,0,61692.46,0,0,62697.22,0,0,63524.9,0,0,61692.46,0,0,61692.46,0,0,61890.82,0,0,61890.82,0,0,61890.82,0,0,61692.46,0,0,61692.46,0,0,61692.46,0,0,61692.46,0,0,61692.46,0,0,61692.46,0,0,61692.46,0,0,61692.46,0,0,61692.46,0,0,61692.46,0,0,62291.41,0,0,62291.41,0,0,61890.82,0,0,61890.82,0,0,61692.46,0,0,61692.46,0,0,61692.46,63743.46,7719.63,230263.28,0,0,61692.46,0,0,61692.46,0,0,61692.46,0,0,62090.47,0,0,62291.41,0,0,62697.22,0,0,61692.46
both_sexes,0,0,2021-02-01,IMMUNOSUPPR,0,0,0,0,0,0,0,0,0,0,0,0,0,0,0,0,0,0,0,0,0,0,0,0,0,0,0,0,0,0,0,0,0,0,0,0,0,0,0,0,0,0,0,0,0,0,0,0,0,0,62061.87,0,0,62061.87,0,0,61947.73,0,0,63375.5,0,0,64129.62,0,0,64129.62,0,0,62262.63,0,0,64007.75,0,0,63916.66,0,0,63916.66,0,0,62061.87,0,0,62061.87,0,0,62061.87,0,0,62061.87,0,0,61862.41,0,0,61862.41,0,0,62755.62,0,0,63584.86,0,0,61862.41,0,0,61862.41,0,0,62061.87,0,0,62061.87,0,0,62061.87,0,0,61862.41,0,0,61862.41,0,0,61862.41,0,0,61862.41,0,0,61862.41,0,0,61862.41,0,0,61862.41,0,0,61862.41,0,0,61862.41,0,0,61862.41,0,0,62464.68,0,0,62464.68,0,0,62061.87,0,0,62061.87,0,0,61862.41,0,0,61862.41,0,0,61862.41,0,0,118086.17,0,0,61862.41,0,0,61862.41,0,0,61862.41,0,0,62262.63,0,0,62464.68,0,0,62872.76,0,0,61862.41
both_sexes,0,0,2021-02-08,IMMUNOSUPPR,0,0,0,0,0,0,0,0,0,0,0,0,0,1,0,0,0,0,0,0,0,0,0,0,0,0,0,0,0,0,0,0,0,0,0,0,0,1,0,0,0,0,0,0,0,0,0,0,0,0,62580.73,0,0,62580.73,0,0,62377.93,0,0,63825.83,0,0,64683.78,0,0,64683.78,0,0,62784.87,0,0,64467.14,0,0,64467.14,0,0,64467.14,0,0,62580.73,0,0,62580.73,0,0,62580.73,16980.47,429.91,94609.15,0,0,62377.93,0,0,62377.93,0,0,63197.15,0,0,64038.18,0,0,62377.93,0,0,62377.93,0,0,62580.73,0,0,62580.73,0,0,62580.73,0,0,62377.93,0,0,62377.93,0,0,62377.93,0,0,62377.93,0,0,62377.93,0,0,62377.93,0,0,62377.93,0,0,62377.93,0,0,62377.93,0,0,62377.93,0,0,62990.33,0,0,62990.33,0,0,62580.73,0,0,62580.73,0,0,62377.93,0,0,62377.93,0,0,62377.93,32466.67,821.98,180892.69,0,0,62377.93,0,0,62377.93,0,0,62377.93,0,0,62784.87,0,0,62990.33,0,0,63405.33,0,0,62377.93
both_sexes,0,0,2021-02-15,IMMUNOSUPPR,0,0,0,0,0,0,0,1,1,1,0,0,0,0,0,0,1,1,0,0,0,0,0,0,0,0,0,0,0,0,0,0,0,0,0,0,0,1,0,0,0,0,0,0,0,0,0,0,0,0,63049.29,0,0,63049.29,0,0,62843.43,0,0,64313.28,0,0,65184.48,0,0,65184.48,0,0,63256.49,17636.41,446.52,98263.77,17636.41,446.52,98263.77,17636.41,446.52,98263.77,0,0,63049.29,0,0,63049.29,0,0,63049.29,0,0,63256.49,0,0,62843.43,0,0,62843.43,17285.85,437.64,96310.59,17517.99,443.52,97603.97,0,0,62843.43,0,0,62843.43,0,0,63049.29,0,0,63049.29,0,0,63049.29,0,0,62843.43,0,0,62843.43,0,0,62843.43,0,0,62843.43,0,0,62843.43,0,0,62843.43,0,0,62843.43,0,0,62843.43,0,0,62843.43,0,0,62843.43,0,0,63465.06,0,0,63465.06,0,0,63049.29,0,0,63049.29,0,0,62843.43,0,0,62843.43,0,0,62843.43,33114.23,838.38,184500.7,0,0,62843.43,0,0,62843.43,0,0,62843.43,0,0,63256.49,0,0,63465.06,0,0,63886.35,0,0,62843.43
both_sexes,0,0,2021-02-22,IMMUNOSUPPR,0,0,0,0,0,0,0,0,0,0,0,0,0,0,0,0,0,0,0,0,0,0,0,0,0,0,0,0,0,0,0,0,0,0,0,0,0,0,0,0,1,0,0,0,0,0,0,0,0,0,64498,0,0,64498,0,0,64282.6,0,0,65821.36,0,0,66503.61,0,0,66503.61,0,0,64714.85,0,0,66734.19,0,0,66536.46,0,0,66536.46,0,0,64498,0,0,64498,0,0,64498,0,0,64714.85,0,0,64282.6,0,0,64282.6,0,0,65374.25,0,0,66047.22,0,0,64282.6,0,0,64282.6,0,0,64498,0,0,64498,0,0,64498,0,0,64282.6,0,0,64282.6,0,0,64282.6,0,0,64282.6,0,0,64282.6,0,0,64282.6,0,0,64282.6,0,0,64282.6,0,0,64282.6,0,0,64282.6,0,0,64714.85,0,0,64714.85,0,0,64498,0,0,64498,0,0,64282.6,0,0,64282.6,0,0,64282.6,0,0,124871.48,0,0,64282.6,0,0,64282.6,17426.05,441.19,97091.73,0,0,64714.85,0,0,64714.85,0,0,65152.96,0,0,64282.6
both_sexes,0,0,2021-03-01,IMMUNOSUPPR,0,0,0,0,0,0,0,0,0,0,0,0,0,0,0,0,0,0,0,0,0,0,0,0,0,0,0,0,0,0,0,0,0,0,0,0,0,1,0,0,0,0,0,0,0,0,0,0,0,0,66569.33,0,0,66470.81,0,0,66339.89,0,0,67979.98,0,0,68359.37,0,0,68359.37,0,0,66800.36,0,0,68707.97,0,0,68359.37,0,0,68359.37,0,0,66569.33,0,0,66569.33,0,0,66569.33,0,0,66800.36,0,0,66339.89,0,0,66339.89,0,0,67503.17,0,0,68220.92,0,0,66339.89,0,0,66339.89,0,0,66569.33,0,0,66569.33,0,0,66569.33,0,0,66339.89,0,0,66339.89,0,0,66339.89,0,0,66339.89,0,0,66339.89,0,0,66339.89,0,0,66339.89,0,0,66339.89,0,0,66339.89,0,0,66339.89,0,0,66800.36,0,0,66800.36,0,0,66569.33,0,0,66569.33,0,0,66339.89,0,0,66339.89,0,0,66339.89,34457.55,872.39,191985.16,0,0,66339.89,0,0,66339.89,0,0,66339.89,0,0,66800.36,0,0,66800.36,0,0,67267.26,0,0,66339.89
both_sexes,0,0,2021-03-08,IMMUNOSUPPR,0,0,0,0,1,1,0,0,0,0,0,0,0,0,0,0,0,0,0,0,0,0,0,0,0,0,0,0,0,0,0,0,0,0,0,0,0,1,0,0,0,0,0,0,0,0,0,0,0,0,69060.13,0,0,68813.24,0,0,68813.24,0,0,70468.79,19193.38,485.93,106938.66,19193.38,485.93,106938.66,0,0,69308.81,0,0,71251.36,0,0,70839.29,0,0,70839.29,0,0,69060.13,0,0,69060.13,0,0,69060.13,0,0,69308.81,0,0,68813.24,0,0,68813.24,0,0,69956.55,0,0,70727.73,0,0,68813.24,0,0,68813.24,0,0,69060.13,0,0,69060.13,0,0,69060.13,0,0,68813.24,0,0,68813.24,0,0,68813.24,0,0,68813.24,0,0,68813.24,0,0,68813.24,0,0,68813.24,0,0,68813.24,0,0,68813.24,0,0,68813.24,0,0,69308.81,0,0,69308.81,0,0,69060.13,0,0,69060.13,0,0,68813.24,0,0,68813.24,0,0,68813.24,35599.42,901.3,198347.25,0,0,68813.24,0,0,68813.24,0,0,68813.24,0,0,69308.81,0,0,69308.81,0,0,69811.57,0,0,68813.24
both_sexes,0,0,2021-03-15,IMMUNOSUPPR,0,0,0,0,0,0,0,0,0,0,0,0,0,0,0,0,0,0,0,0,0,0,0,0,0,0,0,0,0,0,0,0,0,0,0,0,0,1,0,0,1,0,0,0,0,0,0,0,0,0,71630.16,0,0,71364.58,0,0,71364.58,0,0,72751.79,0,0,73266.08,0,0,73266.08,0,0,71897.72,0,0,73828.12,0,0,73305.94,0,0,73305.94,0,0,71630.16,0,0,71630.16,0,0,71630.16,0,0,71897.72,0,0,71364.58,0,0,71364.58,0,0,72438.88,0,0,73266.08,0,0,71364.58,0,0,71364.58,0,0,71630.16,0,0,71630.16,0,0,71630.16,0,0,71364.58,0,0,71364.58,0,0,71364.58,0,0,71364.58,0,0,71364.58,0,0,71364.58,0,0,71364.58,0,0,71364.58,0,0,71364.58,0,0,71364.58,0,0,71897.72,0,0,71897.72,0,0,71630.16,0,0,71630.16,0,0,71364.58,0,0,71364.58,0,0,71364.58,36856.71,933.13,205352.45,0,0,71364.58,0,0,71364.58,19345.87,489.79,107788.28,0,0,71897.72,0,0,71897.72,0,0,72438.88,0,0,71364.58
both_sexes,0,0,2021-03-22,IMMUNOSUPPR,0,0,0,0,0,0,0,0,0,0,0,0,0,0,0,0,0,0,0,0,0,0,0,0,0,0,0,0,0,0,0,0,0,0,0,0,0,0,0,0,0,0,0,0,0,0,0,0,0,0,74030.95,0,0,73747.3,0,0,73747.3,0,0,75062.02,0,0,75779.71,0,0,75779.71,0,0,74316.78,0,0,76381.13,0,0,75779.71,0,0,75779.71,0,0,74030.95,0,0,74030.95,0,0,74030.95,0,0,74316.78,0,0,73747.3,0,0,73747.3,0,0,74895.12,0,0,75779.71,0,0,73747.3,0,0,73747.3,0,0,74030.95,0,0,74030.95,0,0,74030.95,0,0,73747.3,0,0,73747.3,0,0,73747.3,0,0,73747.3,0,0,73747.3,0,0,73747.3,0,0,73747.3,0,0,73747.3,0,0,73747.3,0,0,73747.3,0,0,74316.78,0,0,74316.78,0,0,74030.95,0,0,74030.95,0,0,73747.3,0,0,73747.3,0,0,73747.3,0,0,138760.37,0,0,73747.3,0,0,73747.3,0,0,73747.3,0,0,74316.78,0,0,74316.78,0,0,74895.12,0,0,73747.3
both_sexes,0,0,2021-03-29,IMMUNOSUPPR,0,0,0,0,0,0,0,0,0,0,0,0,0,0,0,0,0,0,0,0,0,0,0,0,0,0,0,0,0,0,0,0,0,0,0,0,0,0,0,0,0,0,0,0,0,0,0,0,0,0,78380.64,0,0,78062.76,0,0,78062.76,0,0,79350.01,0,0,80009.69,0,0,80009.69,0,0,78701.12,0,0,80680.43,0,0,80009.69,0,0,80009.69,0,0,78380.64,0,0,78380.64,0,0,78380.64,0,0,78701.12,0,0,78062.76,0,0,78062.76,0,0,79117.04,0,0,80104.83,0,0,78062.76,0,0,78062.76,0,0,78380.64,0,0,78380.64,0,0,78380.64,0,0,78062.76,0,0,78062.76,0,0,78062.76,0,0,78062.76,0,0,78062.76,0,0,78062.76,0,0,78062.76,0,0,78062.76,0,0,78062.76,0,0,78062.76,0,0,78701.12,0,0,78701.12,0,0,78380.64,0,0,78380.64,0,0,78062.76,0,0,78062.76,0,0,78062.76,0,0,142277,0,0,78062.76,0,0,78062.76,0,0,78062.76,0,0,78701.12,0,0,78701.12,0,0,79350.01,0,0,78062.76
both_sexes,0,0,2021-04-05,IMMUNOSUPPR,0,0,0,0,0,0,0,0,0,0,0,0,0,0,0,0,0,0,0,0,0,0,0,0,0,0,0,0,0,0,0,0,0,0,0,0,0,1,0,0,1,0,0,0,0,0,0,0,0,0,86424.84,0,0,86038.52,0,0,86038.52,0,0,87604.89,0,0,88005.44,0,0,88005.44,0,0,86591.47,0,0,88178.22,0,0,87890.62,0,0,87890.62,0,0,86424.84,0,0,86424.84,0,0,86424.84,0,0,86814.64,0,0,86038.52,0,0,86038.52,0,0,86926.66,0,0,88120.55,0,0,86038.52,0,0,86038.52,0,0,86424.84,0,0,86424.84,0,0,86424.84,0,0,86038.52,0,0,86038.52,0,0,86038.52,0,0,86038.52,0,0,86038.52,0,0,86038.52,0,0,86038.52,0,0,86038.52,0,0,86038.52,0,0,86038.52,0,0,86814.64,0,0,86814.64,0,0,86424.84,0,0,86424.84,0,0,86038.52,0,0,86038.52,0,0,86038.52,40005.48,1012.85,222896.25,0,0,86038.52,0,0,86038.52,23323.75,590.51,129951.64,0,0,86591.47,0,0,86814.64,0,0,87377.64,0,0,86038.52
both_sexes,0,0,2021-04-12,IMMUNOSUPPR,0,0,0,0,0,0,0,0,0,0,0,0,0,0,0,0,1,1,0,0,0,0,0,0,0,0,0,0,0,0,0,0,0,0,0,0,0,0,0,0,0,0,0,0,0,0,0,0,0,0,93697.03,0,0,93243.13,0,0,93243.13,0,0,95085.62,0,0,95152.77,0,0,95152.77,0,0,93697.03,0,0,95557.68,0,0,95085.62,0,0,95085.62,0,0,93697.03,0,0,93697.03,0,0,93697.03,0,0,94155.36,0,0,93243.13,0,0,93243.13,25577.73,647.57,142510,25959.49,657.24,144637.01,0,0,93243.13,0,0,93243.13,0,0,93697.03,0,0,93697.03,0,0,93697.03,0,0,93243.13,0,0,93243.13,0,0,93243.13,0,0,93243.13,0,0,93243.13,0,0,93243.13,0,0,93243.13,0,0,93243.13,0,0,93243.13,0,0,93243.13,0,0,94155.36,0,0,94155.36,0,0,93697.03,0,0,93697.03,0,0,93243.13,0,0,93243.13,0,0,93243.13,0,0,154691.53,0,0,93243.13,0,0,93243.13,0,0,93243.13,0,0,93697.03,0,0,94155.36,0,0,94618.2,0,0,93243.13
both_sexes,0,0,2021-04-19,IMMUNOSUPPR,0,0,0,0,0,0,0,0,0,0,0,0,0,0,0,0,0,0,0,0,0,0,0,0,0,0,0,0,0,0,0,0,0,0,0,0,0,0,0,0,0,0,0,0,0,0,0,0,0,0,100026.97,0,0,99952.76,0,0,99952.76,0,0,101611.1,0,0,101764.59,0,0,101764.59,0,0,100474.51,0,0,102383.22,0,0,101764.59,0,0,101764.59,0,0,100474.51,0,0,100474.51,0,0,100474.51,0,0,101001.74,0,0,99952.76,0,0,99952.76,0,0,101229.39,0,0,102383.22,0,0,99952.76,0,0,99952.76,0,0,100026.97,0,0,100474.51,0,0,100474.51,0,0,99952.76,0,0,99952.76,0,0,99952.76,0,0,99952.76,0,0,99952.76,0,0,99952.76,0,0,99952.76,0,0,99952.76,0,0,99952.76,0,0,99952.76,0,0,100549.49,0,0,100549.49,0,0,100474.51,0,0,100474.51,0,0,99952.76,0,0,99952.76,0,0,99952.76,0,0,159451.27,0,0,99952.76,0,0,99952.76,0,0,99952.76,0,0,100474.51,0,0,100549.49,0,0,101077.51,0,0,99952.76
both_sexes,0,0,2021-04-26,IMMUNOSUPPR,0,0,0,0,0,0,0,0,0,0,0,0,0,0,0,0,0,0,0,0,0,0,0,0,0,0,0,0,0,0,0,0,0,0,0,0,0,1,0,0,0,0,0,0,0,0,0,0,0,0,107359.62,0,0,107359.62,0,0,107359.62,0,0,109186.65,0,0,109186.65,0,0,109186.65,0,0,107961.8,0,0,109809.55,0,0,108570.77,0,0,108570.77,0,0,107961.8,0,0,107961.8,0,0,107961.8,0,0,108570.77,0,0,107359.62,0,0,107359.62,0,0,107961.8,0,0,109186.65,0,0,107359.62,0,0,107359.62,0,0,107359.62,0,0,107961.8,0,0,107961.8,0,0,107359.62,0,0,107359.62,0,0,107359.62,0,0,107359.62,0,0,107359.62,0,0,107359.62,0,0,107359.62,0,0,107359.62,0,0,107359.62,0,0,107359.62,0,0,107961.8,0,0,107961.8,0,0,107961.8,0,0,107961.8,0,0,107359.62,0,0,107359.62,0,0,107359.62,44434.31,1124.98,247572.11,0,0,107359.62,0,0,107359.62,0,0,107359.62,0,0,107961.8,0,0,107961.8,0,0,108570.77,0,0,107359.62
both_sexes,0,0,2021-05-03,IMMUNOSUPPR,0,0,0,0,0,0,0,0,0,0,1,1,1,0,0,0,0,0,0,0,0,0,0,0,0,0,0,0,0,0,0,0,0,0,0,0,0,0,0,0,0,0,0,0,0,0,0,0,0,0,112000.27,0,0,112000.27,0,0,112000.27,0,0,113990.12,0,0,113990.12,0,0,113990.12,0,0,112655.79,0,0,114474.36,0,0,113319.03,0,0,113319.03,30693.28,777.09,171012,30693.28,777.09,171012,30693.28,777.09,171012,0,0,113319.03,0,0,112000.27,0,0,112000.27,0,0,112655.79,0,0,113990.12,0,0,112000.27,0,0,112000.27,0,0,112000.27,0,0,112655.79,0,0,112655.79,0,0,112000.27,0,0,112000.27,0,0,112000.27,0,0,112000.27,0,0,112000.27,0,0,112000.27,0,0,112000.27,0,0,112000.27,0,0,112000.27,0,0,112000.27,0,0,112655.79,0,0,112655.79,0,0,112655.79,0,0,112655.79,0,0,112000.27,0,0,112000.27,0,0,112000.27,0,0,171202.44,0,0,112000.27,0,0,112000.27,0,0,112000.27,0,0,112655.79,0,0,112655.79,0,0,113319.03,0,0,112000.27
both_sexes,0,0,2021-05-10,IMMUNOSUPPR,0,0,0,0,0,0,0,0,0,0,0,0,0,0,0,0,0,0,0,0,0,0,0,0,0,0,0,0,0,0,0,0,0,0,0,0,0,1,0,0,1,0,0,0,0,0,0,0,0,0,122265.27,0,0,122265.27,0,0,122265.27,0,0,124640.45,0,0,124410.27,0,0,124410.27,0,0,122822.54,0,0,124410.27,0,0,123611.3,0,0,123611.3,0,0,123838.53,0,0,123838.53,0,0,123838.53,0,0,123838.53,0,0,122265.27,0,0,122265.27,0,0,123046.87,0,0,124410.27,0,0,122265.27,0,0,122265.27,0,0,122265.27,0,0,122822.54,0,0,122822.54,0,0,122265.27,0,0,122265.27,0,0,122265.27,0,0,122265.27,0,0,122265.27,0,0,122265.27,0,0,122265.27,0,0,122265.27,0,0,122265.27,0,0,122265.27,0,0,123046.87,0,0,123046.87,0,0,123046.87,0,0,123046.87,0,0,122265.27,0,0,122265.27,0,0,122265.27,50102.88,1268.5,279155.38,0,0,122265.27,0,0,122265.27,33144.28,839.14,184668.13,0,0,122822.54,0,0,123046.87,0,0,123611.3,0,0,122265.27
both_sexes,0,0,2021-05-17,IMMUNOSUPPR,0,0,0,0,0,0,0,0,0,0,0,0,0,0,0,0,0,0,0,0,0,0,0,0,0,0,0,0,0,0,0,0,0,0,0,0,0,1,0,0,0,0,0,0,0,0,0,0,0,0,135006.33,0,0,135006.33,0,0,135006.33,0,0,137908.21,0,0,136927.16,0,0,136927.16,0,0,135006.33,0,0,136927.16,0,0,135959.96,0,0,135959.96,0,0,136927.16,0,0,136927.16,0,0,136927.16,0,0,136927.16,0,0,135006.33,0,0,135006.33,0,0,135959.96,0,0,136927.16,0,0,135006.33,0,0,135006.33,0,0,135006.33,0,0,135006.33,0,0,135006.33,0,0,135006.33,0,0,135006.33,0,0,135006.33,0,0,135006.33,0,0,135006.33,0,0,135006.33,0,0,135006.33,0,0,135006.33,0,0,135006.33,0,0,135006.33,0,0,135959.96,0,0,135959.96,0,0,135959.96,0,0,135959.96,0,0,135006.33,0,0,135006.33,0,0,135006.33,55007.53,1392.67,306482.34,0,0,135006.33,0,0,135006.33,0,0,135006.33,0,0,135006.33,0,0,135959.96,0,0,135959.96,0,0,135006.33
both_sexes,0,0,2021-05-24,IMMUNOSUPPR,0,0,0,0,0,0,0,0,0,0,0,0,0,0,0,0,0,0,0,0,0,0,0,0,0,0,0,0,0,0,0,0,0,0,0,0,0,1,0,0,0,0,0,0,0,0,0,0,0,0,149873.55,0,0,149873.55,0,0,149873.55,0,0,152416.65,0,0,152244.43,0,0,152244.43,0,0,149873.55,0,0,151219.22,0,0,151049.69,0,0,151049.69,0,0,151049.69,0,0,151049.69,0,0,151049.69,0,0,151049.69,0,0,149873.55,0,0,149873.55,0,0,151049.69,0,0,152244.43,0,0,149873.55,0,0,149873.55,0,0,149873.55,0,0,149873.55,0,0,149873.55,0,0,149873.55,0,0,149873.55,0,0,149873.55,0,0,149873.55,0,0,149873.55,0,0,149873.55,0,0,149873.55,0,0,149873.55,0,0,149873.55,0,0,149873.55,0,0,151049.69,0,0,151049.69,0,0,150207.72,0,0,150207.72,0,0,149873.55,0,0,149873.55,0,0,149873.55,58346.65,1477.21,325086.7,0,0,149873.55,0,0,149873.55,0,0,149873.55,0,0,149873.55,0,0,151049.69,0,0,151049.69,0,0,149873.55
both_sexes,0,0,2021-05-31,IMMUNOSUPPR,0,0,0,0,0,0,0,0,0,0,0,0,0,0,0,0,0,0,0,0,0,0,0,0,0,0,0,0,0,0,0,0,0,0,0,0,0,0,0,0,0,0,0,0,0,0,0,0,0,0,163514.95,0,0,163514.95,0,0,163514.95,0,0,166341.14,0,0,166341.14,0,0,166341.14,0,0,163514.95,0,0,164915.94,0,0,164915.94,0,0,164915.94,0,0,164915.94,0,0,164915.94,0,0,164915.94,0,0,164915.94,0,0,163514.95,0,0,163514.95,0,0,164915.94,0,0,166341.14,0,0,163514.95,0,0,163514.95,0,0,163514.95,0,0,163514.95,0,0,163514.95,0,0,163514.95,0,0,163514.95,0,0,163514.95,0,0,163514.95,0,0,163514.95,0,0,163514.95,0,0,163514.95,0,0,163514.95,0,0,163514.95,0,0,163514.95,0,0,163514.95,0,0,163514.95,0,0,163514.95,0,0,163514.95,0,0,163514.95,0,0,163514.95,0,0,163514.95,0,0,233511.82,0,0,163514.95,0,0,163514.95,0,0,163514.95,0,0,163514.95,0,0,163514.95,0,0,163514.95,0,0,163514.95
both_sexes,0,0,2021-06-07,IMMUNOSUPPR,0,0,0,0,0,0,0,0,0,0,0,0,0,0,0,0,0,0,0,0,0,0,0,0,0,0,0,0,0,0,0,0,0,0,0,0,0,0,0,0,1,0,0,0,0,0,0,0,0,0,193031.98,0,0,193031.98,0,0,193031.98,0,0,196982.93,0,0,195270.03,0,0,195270.03,0,0,193031.98,0,0,194987.44,0,0,193308.93,0,0,193308.93,0,0,193031.98,0,0,193031.98,0,0,193031.98,0,0,193031.98,0,0,193031.98,0,0,193031.98,0,0,193031.98,0,0,194987.44,0,0,193031.98,0,0,193031.98,0,0,193031.98,0,0,193031.98,0,0,193031.98,0,0,193031.98,0,0,193031.98,0,0,193031.98,0,0,193031.98,0,0,193031.98,0,0,193031.98,0,0,193031.98,0,0,193031.98,0,0,193031.98,0,0,193031.98,0,0,193031.98,0,0,193031.98,0,0,193031.98,0,0,193031.98,0,0,193031.98,0,0,193031.98,0,0,193031.98,0,0,270554.86,0,0,193031.98,0,0,193031.98,52328.08,1324.83,291553.4,0,0,193031.98,0,0,193031.98,0,0,193031.98,0,0,193031.98
both_sexes,0,0,2021-06-14,IMMUNOSUPPR,0,0,0,0,0,0,0,0,0,0,0,0,0,0,0,0,0,0,0,0,0,0,0,0,0,0,0,0,0,0,0,0,0,0,0,0,0,0,0,0,0,0,0,0,0,0,0,0,0,0,214890.47,0,0,214890.47,0,0,214890.47,0,0,219798.24,0,0,217316.65,0,0,217316.65,0,0,214890.47,0,0,217316.65,0,0,214890.47,0,0,214890.47,0,0,214890.47,0,0,214890.47,0,0,214890.47,0,0,214890.47,0,0,214890.47,0,0,214890.47,0,0,214890.47,0,0,217316.65,0,0,214890.47,0,0,214890.47,0,0,214890.47,0,0,214890.47,0,0,214890.47,0,0,214890.47,0,0,214890.47,0,0,214890.47,0,0,214890.47,0,0,214890.47,0,0,214890.47,0,0,214890.47,0,0,214890.47,0,0,214890.47,0,0,214890.47,0,0,214890.47,0,0,214890.47,0,0,214890.47,0,0,214890.47,0,0,214890.47,0,0,214890.47,0,0,214890.47,0,0,301423.54,0,0,214890.47,0,0,214890.47,0,0,214890.47,0,0,214890.47,0,0,214890.47,0,0,214890.47,0,0,214890.47
both_sexes,0,0,2021-06-21,IMMUNOSUPPR,0,0,0,0,0,0,0,0,0,0,0,0,0,0,0,0,0,0,0,0,0,0,0,0,0,0,0,0,0,0,0,0,0,0,0,0,0,0,0,0,0,0,0,0,0,0,0,0,0,0,238050.04,0,0,238050.04,0,0,238050.04,0,0,244087.54,0,0,241030.99,0,0,241030.99,0,0,238050.04,0,0,241030.99,0,0,238050.04,0,0,238050.04,0,0,238050.04,0,0,238050.04,0,0,238050.04,0,0,238050.04,0,0,238050.04,0,0,238050.04,0,0,238050.04,0,0,241030.99,0,0,238050.04,0,0,238050.04,0,0,238050.04,0,0,238050.04,0,0,238050.04,0,0,238050.04,0,0,238050.04,0,0,238050.04,0,0,238050.04,0,0,238050.04,0,0,238050.04,0,0,238050.04,0,0,238050.04,0,0,238050.04,0,0,238050.04,0,0,238050.04,0,0,238050.04,0,0,238050.04,0,0,238050.04,0,0,238050.04,0,0,238050.04,0,0,238050.04,0,0,338533.47,0,0,238050.04,0,0,238050.04,0,0,238050.04,0,0,238050.04,0,0,238050.04,0,0,238050.04,0,0,238050.04
both_sexes,0,0,2021-06-28,IMMUNOSUPPR,0,0,0,0,0,0,0,0,0,0,0,0,0,0,0,0,0,0,0,0,0,0,0,0,0,0,0,0,0,0,0,0,0,0,0,0,0,1,0,0,0,0,0,0,0,0,0,0,0,0,583274.12,0,0,583274.12,0,0,583274.12,0,0,598828.1,0,0,590948.78,0,0,590948.78,0,0,583274.12,0,0,590948.78,0,0,583274.12,0,0,583274.12,0,0,583274.12,0,0,583274.12,0,0,583274.12,0,0,583274.12,0,0,583274.12,0,0,583274.12,0,0,583274.12,0,0,590948.78,0,0,583274.12,0,0,583274.12,0,0,583274.12,0,0,583274.12,0,0,583274.12,0,0,583274.12,0,0,583274.12,0,0,583274.12,0,0,583274.12,0,0,583274.12,0,0,583274.12,0,0,583274.12,0,0,583274.12,0,0,583274.12,0,0,583274.12,0,0,583274.12,0,0,583274.12,0,0,583274.12,0,0,583274.12,0,0,583274.12,0,0,583274.12,0,0,583274.12,225462.96,5708.23,1256199.23,0,0,583274.12,0,0,583274.12,0,0,583274.12,0,0,583274.12,0,0,583274.12,0,0,583274.12,0,0,583274.12
both_sexes,1,Pfizer,2021-05-17,IMMUNOSUPPR,0,0,0,0,0,0,0,0,0,0,0,0,0,0,0,0,0,0,0,0,0,0,0,0,0,0,0,0,0,0,0,0,0,0,0,0,0,0,0,0,0,0,0,0,0,0,0,0,0,0,650900.11,0,0,650900.11,0,0,650900.11,0,0,650900.11,0,0,650900.11,0,0,650900.11,0,0,650900.11,0,0,698115.66,0,0,673681.61,0,0,673681.61,0,0,650900.11,0,0,650900.11,0,0,650900.11,0,0,650900.11,0,0,650900.11,0,0,650900.11,0,0,650900.11,0,0,650900.11,0,0,650900.11,0,0,650900.11,0,0,650900.11,0,0,650900.11,0,0,650900.11,0,0,650900.11,0,0,650900.11,0,0,650900.11,0,0,650900.11,0,0,650900.11,0,0,650900.11,0,0,650900.11,0,0,650900.11,0,0,650900.11,0,0,650900.11,0,0,650900.11,0,0,650900.11,0,0,650900.11,0,0,650900.11,0,0,650900.11,0,0,650900.11,0,0,650900.11,0,0,1308119.63,0,0,650900.11,0,0,650900.11,0,0,650900.11,0,0,650900.11,0,0,650900.11,0,0,650900.11,0,0,650900.11
both_sexes,1,Pfizer,2021-05-24,IMMUNOSUPPR,0,0,0,0,0,0,0,0,0,0,0,0,0,0,0,0,0,0,0,0,0,0,0,0,0,0,0,0,0,0,0,0,0,0,0,0,0,2,0,0,0,0,0,0,0,0,0,0,0,0,497182,0,0,497182,0,0,497182,0,0,508438.95,0,0,497182,0,0,497182,0,0,497182,0,0,530457.96,0,0,510364.86,0,0,510364.86,0,0,510364.86,0,0,510364.86,0,0,510364.86,0,0,510364.86,0,0,497182,0,0,497182,0,0,497182,0,0,497182,0,0,497182,0,0,497182,0,0,497182,0,0,497182,0,0,497182,0,0,497182,0,0,497182,0,0,497182,0,0,497182,0,0,497182,0,0,497182,0,0,497182,0,0,497182,0,0,497182,0,0,497182,0,0,497182,0,0,497182,0,0,506527.53,0,0,506527.53,0,0,497182,0,0,497182,0,0,497182,635217.39,76927.77,2294623.63,0,0,497182,0,0,497182,0,0,497182,0,0,497182,0,0,497182,0,0,497182,0,0,497182
both_sexes,1,Pfizer,2021-05-31,IMMUNOSUPPR,0,0,0,0,0,0,0,0,0,0,0,0,0,0,0,0,0,0,0,0,0,0,0,0,0,0,0,0,0,0,0,0,0,0,0,0,0,0,0,0,0,0,0,0,0,0,0,0,0,0,520217.46,0,0,520217.46,0,0,520217.46,0,0,534667.94,0,0,520217.46,0,0,520217.46,0,0,520217.46,0,0,549944.17,0,0,534667.94,0,0,534667.94,0,0,534667.94,0,0,534667.94,0,0,534667.94,0,0,534667.94,0,0,520217.46,0,0,520217.46,0,0,520217.46,0,0,520217.46,0,0,520217.46,0,0,520217.46,0,0,520217.46,0,0,520217.46,0,0,520217.46,0,0,520217.46,0,0,520217.46,0,0,520217.46,0,0,520217.46,0,0,520217.46,0,0,520217.46,0,0,520217.46,0,0,520217.46,0,0,520217.46,0,0,520217.46,0,0,534667.94,0,0,534667.94,0,0,534667.94,0,0,534667.94,0,0,520217.46,0,0,520217.46,0,0,520217.46,0,0,1192356.83,0,0,520217.46,0,0,520217.46,0,0,520217.46,0,0,520217.46,0,0,534667.94,0,0,534667.94,0,0,520217.46
both_sexes,1,Pfizer,2021-06-07,IMMUNOSUPPR,0,0,0,0,0,0,0,0,0,0,0,0,0,0,0,0,0,0,0,0,0,0,0,0,0,0,0,0,0,0,0,0,0,0,0,0,0,0,0,0,0,0,0,0,0,0,0,0,0,0,410781.47,0,0,410781.47,0,0,410781.47,0,0,419739.32,0,0,410781.47,0,0,410781.47,0,0,410781.47,0,0,429096.57,0,0,419739.32,0,0,419739.32,0,0,419739.32,0,0,419739.32,0,0,419739.32,0,0,419739.32,0,0,410781.47,0,0,410781.47,0,0,419739.32,0,0,419739.32,0,0,410781.47,0,0,410781.47,0,0,410781.47,0,0,410781.47,0,0,410781.47,0,0,410781.47,0,0,410781.47,0,0,410781.47,0,0,410781.47,0,0,410781.47,0,0,410781.47,0,0,410781.47,0,0,410781.47,0,0,410781.47,0,0,410781.47,0,0,419739.32,0,0,419739.32,0,0,419739.32,0,0,419739.32,0,0,410781.47,0,0,410781.47,0,0,410781.47,0,0,826603.2,0,0,410781.47,0,0,410781.47,0,0,410781.47,0,0,410781.47,0,0,419739.32,0,0,419739.32,0,0,410781.47
both_sexes,1,Pfizer,2021-06-14,IMMUNOSUPPR,0,0,0,0,1,1,0,0,1,1,0,0,0,0,0,0,0,0,0,0,0,0,0,0,0,0,0,0,0,0,0,0,0,0,0,0,0,0,0,0,0,0,0,0,0,0,0,0,0,0,356445.3,0,0,356445.3,0,0,356445.3,0,0,363170.68,96626.98,2446.38,538371.1,96626.98,2446.38,538371.1,0,0,356445.3,0,0,370154.73,98450.13,2492.54,548529.04,98450.13,2492.54,548529.04,0,0,363170.68,0,0,363170.68,0,0,363170.68,0,0,363170.68,0,0,356445.3,0,0,356445.3,0,0,363170.68,0,0,363170.68,0,0,356445.3,0,0,356445.3,0,0,356445.3,0,0,356445.3,0,0,356445.3,0,0,356445.3,0,0,356445.3,0,0,356445.3,0,0,356445.3,0,0,356445.3,0,0,356445.3,0,0,356445.3,0,0,356445.3,0,0,356445.3,0,0,356445.3,0,0,363170.68,0,0,363170.68,0,0,363170.68,0,0,363170.68,0,0,356445.3,0,0,356445.3,0,0,356445.3,0,0,673681.61,0,0,356445.3,0,0,356445.3,0,0,356445.3,0,0,356445.3,0,0,363170.68,0,0,363170.68,0,0,356445.3
both_sexes,1,Pfizer,2021-06-21,IMMUNOSUPPR,0,0,0,0,0,0,0,0,0,0,0,0,0,0,0,0,0,0,0,0,0,0,0,0,0,0,0,0,0,0,0,0,0,0,0,0,0,0,0,0,0,0,0,0,0,0,0,0,0,0,327825.6,0,0,327825.6,0,0,327825.6,0,0,333505.75,0,0,333505.75,0,0,333505.75,0,0,327825.6,0,0,339386.2,0,0,339386.2,0,0,339386.2,0,0,333505.75,0,0,333505.75,0,0,333505.75,0,0,333505.75,0,0,327825.6,0,0,327825.6,0,0,333505.75,0,0,333505.75,0,0,327825.6,0,0,327825.6,0,0,327825.6,0,0,327825.6,0,0,327825.6,0,0,327825.6,0,0,327825.6,0,0,327825.6,0,0,327825.6,0,0,327825.6,0,0,327825.6,0,0,327825.6,0,0,327825.6,0,0,327825.6,0,0,327825.6,0,0,333505.75,0,0,333505.75,0,0,333505.75,0,0,333505.75,0,0,327825.6,0,0,327825.6,0,0,327825.6,0,0,590948.78,0,0,327825.6,0,0,327825.6,0,0,327825.6,0,0,327825.6,0,0,333505.75,0,0,333505.75,0,0,327825.6
both_sexes,2,Pfizer,2021-06-28,IMMUNOSUPPR,0,0,0,0,0,0,0,0,0,0,0,0,0,0,0,0,0,0,0,0,0,0,0,0,0,0,0,0,0,0,0,0,0,0,0,0,0,0,0,0,0,0,0,0,0,0,0,0,0,0,552198.04,0,0,552198.04,0,0,552198.04,0,0,552198.04,0,0,588368.22,0,0,588368.22,0,0,552198.04,0,0,588368.22,0,0,580760.01,0,0,580760.01,0,0,552198.04,0,0,552198.04,0,0,552198.04,0,0,552198.04,0,0,552198.04,0,0,552198.04,0,0,573346.05,0,0,573346.05,0,0,552198.04,0,0,552198.04,0,0,552198.04,0,0,552198.04,0,0,552198.04,0,0,552198.04,0,0,552198.04,0,0,552198.04,0,0,552198.04,0,0,559071.88,0,0,559071.88,0,0,552198.04,0,0,552198.04,0,0,552198.04,0,0,552198.04,0,0,552198.04,0,0,552198.04,0,0,552198.04,0,0,552198.04,0,0,552198.04,0,0,552198.04,0,0,552198.04,0,0,2072866.49,0,0,552198.04,0,0,552198.04,0,0,552198.04,0,0,552198.04,0,0,552198.04,0,0,552198.04,0,0,552198.04
both_sexes,1,Pfizer,2021-06-28,IMMUNOSUPPR,0,0,0,0,0,0,0,0,0,0,0,0,0,0,0,0,0,0,0,0,0,0,0,0,0,0,0,0,0,0,0,0,0,0,0,0,0,0,0,0,0,0,0,0,0,0,0,0,0,0,792566.6,0,0,792566.6,0,0,792566.6,0,0,806804.32,0,0,806804.32,0,0,806804.32,0,0,792566.6,0,0,821562.94,0,0,821562.94,0,0,821562.94,0,0,792566.6,0,0,792566.6,0,0,792566.6,0,0,792566.6,0,0,792566.6,0,0,792566.6,0,0,806804.32,0,0,806804.32,0,0,792566.6,0,0,792566.6,0,0,792566.6,0,0,792566.6,0,0,792566.6,0,0,792566.6,0,0,792566.6,0,0,792566.6,0,0,792566.6,0,0,792566.6,0,0,792566.6,0,0,792566.6,0,0,792566.6,0,0,792566.6,0,0,792566.6,0,0,806804.32,0,0,806804.32,0,0,806804.32,0,0,806804.32,0,0,792566.6,0,0,792566.6,0,0,792566.6,0,0,1389034.25,0,0,792566.6,0,0,792566.6,0,0,792566.6,0,0,792566.6,0,0,806804.32,0,0,806804.32,0,0,792566.6
both_sexes,1,Moderna,2021-02-08,IMMUNOSUPPR,0,0,0,0,0,0,0,0,0,0,0,0,0,0,0,0,0,0,0,0,0,0,0,0,0,0,0,0,0,0,0,0,0,0,0,0,0,0,0,0,0,0,0,0,0,0,0,0,0,0,11228026.84,0,0,11228026.84,0,0,11228026.84,0,0,11228026.84,0,0,11228026.84,0,0,11228026.84,0,0,11228026.84,0,0,11228026.84,0,0,11228026.84,0,0,11228026.84,0,0,11228026.84,0,0,11228026.84,0,0,11228026.84,0,0,11228026.84,0,0,11228026.84,0,0,11228026.84,0,0,11228026.84,0,0,11228026.84,0,0,11228026.84,0,0,11228026.84,0,0,11228026.84,0,0,11228026.84,0,0,11228026.84,0,0,11228026.84,0,0,11228026.84,0,0,11228026.84,0,0,11228026.84,0,0,11228026.84,0,0,11228026.84,0,0,11228026.84,0,0,11228026.84,0,0,11228026.84,0,0,11228026.84,0,0,11228026.84,0,0,11228026.84,0,0,11228026.84,0,0,11228026.84,0,0,11228026.84,0,0,11228026.84,0,0,11228026.84,0,0,11228026.84,0,0,11228026.84,0,0,11228026.84,0,0,11228026.84,0,0,11228026.84,0,0,11228026.84,0,0,11228026.84,0,0,11228026.84
both_sexes,1,Moderna,2021-02-15,IMMUNOSUPPR,0,0,0,0,0,0,0,0,0,0,0,0,0,0,0,0,0,0,0,0,0,0,0,0,0,0,0,0,0,0,0,0,0,0,0,0,0,0,0,0,0,0,0,0,0,0,0,0,0,0,12248756.55,0,0,12248756.55,0,0,12248756.55,0,0,12248756.55,0,0,12248756.55,0,0,12248756.55,0,0,12248756.55,0,0,12248756.55,0,0,12248756.55,0,0,12248756.55,0,0,12248756.55,0,0,12248756.55,0,0,12248756.55,0,0,12248756.55,0,0,12248756.55,0,0,12248756.55,0,0,12248756.55,0,0,12248756.55,0,0,12248756.55,0,0,12248756.55,0,0,12248756.55,0,0,12248756.55,0,0,12248756.55,0,0,12248756.55,0,0,12248756.55,0,0,12248756.55,0,0,12248756.55,0,0,12248756.55,0,0,12248756.55,0,0,12248756.55,0,0,12248756.55,0,0,12248756.55,0,0,12248756.55,0,0,12248756.55,0,0,12248756.55,0,0,12248756.55,0,0,12248756.55,0,0,12248756.55,0,0,12248756.55,0,0,12248756.55,0,0,12248756.55,0,0,12248756.55,0,0,12248756.55,0,0,12248756.55,0,0,12248756.55,0,0,12248756.55,0,0,12248756.55,0,0,12248756.55
both_sexes,1,Moderna,2021-02-22,IMMUNOSUPPR,0,0,0,0,0,0,0,0,0,0,0,0,0,0,0,0,0,0,0,0,0,0,0,0,0,0,0,0,0,0,0,0,0,0,0,0,0,0,0,0,0,0,0,0,0,0,0,0,0,0,10364332.47,0,0,10364332.47,0,0,10364332.47,0,0,10364332.47,0,0,10364332.47,0,0,10364332.47,0,0,10364332.47,0,0,10364332.47,0,0,19248046.01,0,0,19248046.01,0,0,10364332.47,0,0,10364332.47,0,0,10364332.47,0,0,10364332.47,0,0,10364332.47,0,0,10364332.47,0,0,10364332.47,0,0,10364332.47,0,0,10364332.47,0,0,10364332.47,0,0,10364332.47,0,0,10364332.47,0,0,10364332.47,0,0,10364332.47,0,0,10364332.47,0,0,10364332.47,0,0,10364332.47,0,0,10364332.47,0,0,10364332.47,0,0,10364332.47,0,0,10364332.47,0,0,10364332.47,0,0,10364332.47,0,0,10364332.47,0,0,10364332.47,0,0,10364332.47,0,0,10364332.47,0,0,10364332.47,0,0,10364332.47,0,0,10364332.47,0,0,19248046.01,0,0,10364332.47,0,0,10364332.47,0,0,10364332.47,0,0,10364332.47,0,0,10364332.47,0,0,10364332.47,0,0,10364332.47
both_sexes,1,Moderna,2021-03-01,IMMUNOSUPPR,0,0,0,0,0,0,0,0,0,0,0,0,0,0,0,0,0,0,0,0,0,0,0,0,0,0,0,0,0,0,0,0,0,0,0,0,0,0,0,0,0,0,0,0,0,0,0,0,0,0,7091385.37,0,0,8421020.13,0,0,7091385.37,0,0,7091385.37,0,0,8421020.13,0,0,8421020.13,0,0,7091385.37,0,0,7091385.37,0,0,14970702.45,0,0,14970702.45,0,0,7091385.37,0,0,7091385.37,0,0,7091385.37,0,0,7091385.37,0,0,7091385.37,0,0,7091385.37,0,0,7091385.37,0,0,7091385.37,0,0,7091385.37,0,0,7091385.37,0,0,7091385.37,0,0,7091385.37,0,0,7091385.37,0,0,7091385.37,0,0,7091385.37,0,0,7091385.37,0,0,7091385.37,0,0,7091385.37,0,0,7091385.37,0,0,7091385.37,0,0,7091385.37,0,0,7091385.37,0,0,7091385.37,0,0,7091385.37,0,0,7091385.37,0,0,7091385.37,0,0,7091385.37,0,0,7091385.37,0,0,7091385.37,0,0,7091385.37,0,0,19248046.01,0,0,7091385.37,0,0,7091385.37,0,0,7091385.37,0,0,7091385.37,0,0,7091385.37,0,0,7091385.37,0,0,7091385.37
both_sexes,1,Moderna,2021-03-08,IMMUNOSUPPR,0,0,0,0,0,0,0,0,0,0,0,0,0,0,0,0,0,0,0,0,0,0,0,0,0,0,0,0,0,0,0,0,0,0,0,0,0,0,0,0,0,0,0,0,0,0,0,0,0,0,5182166.23,0,0,7091385.37,0,0,5182166.23,0,0,5858100.96,0,0,8421020.13,0,0,8421020.13,0,0,5182166.23,0,0,5182166.23,0,0,11228026.84,0,0,11228026.84,0,0,5182166.23,0,0,5182166.23,0,0,5182166.23,0,0,5182166.23,0,0,5182166.23,0,0,5182166.23,0,0,5858100.96,0,0,5858100.96,0,0,5182166.23,0,0,5182166.23,0,0,5182166.23,0,0,5182166.23,0,0,5182166.23,0,0,5182166.23,0,0,5182166.23,0,0,5182166.23,0,0,5182166.23,0,0,5182166.23,0,0,5182166.23,0,0,5182166.23,0,0,5182166.23,0,0,5182166.23,0,0,5182166.23,0,0,5182166.23,0,0,5182166.23,0,0,5182166.23,0,0,5182166.23,0,0,5182166.23,0,0,5182166.23,0,0,5182166.23,0,0,67368161.03,0,0,5182166.23,0,0,5182166.23,0,0,5182166.23,0,0,5182166.23,0,0,5182166.23,0,0,5182166.23,0,0,5182166.23
both_sexes,1,Moderna,2021-05-31,IMMUNOSUPPR,0,0,0,0,0,0,0,0,0,0,0,0,0,0,0,0,0,0,0,0,0,0,0,0,0,0,0,0,0,0,0,0,0,0,0,0,0,0,0,0,0,0,0,0,0,0,0,0,0,0,3133402.84,0,0,2694726.44,0,0,2694726.44,0,0,3133402.84,0,0,2694726.44,0,0,2694726.44,0,0,2694726.44,0,0,2694726.44,0,0,2694726.44,0,0,2694726.44,0,0,2694726.44,0,0,2694726.44,0,0,2694726.44,0,0,2694726.44,0,0,2694726.44,0,0,2694726.44,0,0,2694726.44,0,0,3133402.84,0,0,2694726.44,0,0,2694726.44,0,0,3133402.84,0,0,2694726.44,0,0,2694726.44,0,0,2694726.44,0,0,2694726.44,0,0,2694726.44,0,0,2694726.44,0,0,2694726.44,0,0,2694726.44,0,0,2694726.44,0,0,2694726.44,0,0,2694726.44,0,0,2694726.44,0,0,3133402.84,0,0,3133402.84,0,0,2694726.44,0,0,2694726.44,0,0,2694726.44,0,0,2694726.44,0,0,2694726.44,0,0,6124378.28,0,0,2694726.44,0,0,2694726.44,0,0,2694726.44,0,0,2694726.44,0,0,3133402.84,0,0,3133402.84,0,0,2694726.44
both_sexes,1,Moderna,2021-06-07,IMMUNOSUPPR,0,0,0,0,0,0,0,0,0,0,0,0,0,0,0,0,0,0,0,0,0,0,0,0,0,0,0,0,0,0,0,0,0,0,0,0,0,0,0,0,0,0,0,0,0,0,0,0,0,0,2041459.43,0,0,1845703.04,0,0,1845703.04,0,0,2041459.43,0,0,1845703.04,0,0,1845703.04,0,0,1845703.04,0,0,1845703.04,0,0,1845703.04,0,0,1845703.04,0,0,2041459.43,0,0,2041459.43,0,0,2041459.43,0,0,2041459.43,0,0,1845703.04,0,0,1845703.04,0,0,1845703.04,0,0,2041459.43,0,0,1845703.04,0,0,1845703.04,0,0,2041459.43,0,0,1845703.04,0,0,1845703.04,0,0,1845703.04,0,0,1845703.04,0,0,1845703.04,0,0,1845703.04,0,0,1845703.04,0,0,1845703.04,0,0,1845703.04,0,0,1845703.04,0,0,1845703.04,0,0,1845703.04,0,0,2041459.43,0,0,2041459.43,0,0,1845703.04,0,0,1845703.04,0,0,1845703.04,0,0,1845703.04,0,0,1845703.04,0,0,4346332.97,0,0,1845703.04,0,0,1845703.04,0,0,1845703.04,0,0,1845703.04,0,0,2041459.43,0,0,2041459.43,0,0,1845703.04
both_sexes,1,Moderna,2021-06-14,IMMUNOSUPPR,0,0,0,0,0,0,0,0,0,0,0,0,0,0,0,0,0,0,0,0,0,0,0,0,0,0,0,0,0,0,0,0,0,0,0,0,0,0,0,0,0,0,0,0,0,0,0,0,0,0,1684204.03,0,0,1548693.36,0,0,1548693.36,0,0,1684204.03,0,0,1548693.36,0,0,1548693.36,0,0,1548693.36,0,0,1548693.36,0,0,1548693.36,0,0,1548693.36,0,0,1684204.03,0,0,1684204.03,0,0,1684204.03,0,0,1684204.03,0,0,1548693.36,0,0,1548693.36,0,0,1548693.36,0,0,1684204.03,0,0,1548693.36,0,0,1548693.36,0,0,1684204.03,0,0,1548693.36,0,0,1548693.36,0,0,1548693.36,0,0,1548693.36,0,0,1548693.36,0,0,1548693.36,0,0,1548693.36,0,0,1548693.36,0,0,1548693.36,0,0,1548693.36,0,0,1548693.36,0,0,1548693.36,0,0,1684204.03,0,0,1684204.03,0,0,1548693.36,0,0,1548693.36,0,0,1548693.36,0,0,1548693.36,0,0,1548693.36,0,0,3454777.49,0,0,1548693.36,0,0,1548693.36,0,0,1548693.36,0,0,1548693.36,0,0,1684204.03,0,0,1684204.03,0,0,1548693.36
both_sexes,1,Moderna,2021-06-21,IMMUNOSUPPR,0,0,0,0,0,0,0,0,0,0,0,0,0,0,0,0,0,0,0,0,0,0,0,0,0,0,0,0,0,0,0,0,0,0,0,0,0,0,0,0,0,0,0,0,0,0,0,0,0,0,1497070.25,0,0,1389034.25,0,0,1389034.25,0,0,1497070.25,0,0,1389034.25,0,0,1389034.25,0,0,1389034.25,0,0,1389034.25,0,0,1389034.25,0,0,1389034.25,0,0,1497070.25,0,0,1497070.25,0,0,1497070.25,0,0,1497070.25,0,0,1389034.25,0,0,1389034.25,0,0,1389034.25,0,0,1497070.25,0,0,1389034.25,0,0,1389034.25,0,0,1497070.25,0,0,1389034.25,0,0,1389034.25,0,0,1389034.25,0,0,1389034.25,0,0,1389034.25,0,0,1389034.25,0,0,1389034.25,0,0,1389034.25,0,0,1389034.25,0,0,1389034.25,0,0,1389034.25,0,0,1389034.25,0,0,1497070.25,0,0,1497070.25,0,0,1389034.25,0,0,1389034.25,0,0,1389034.25,0,0,1389034.25,0,0,1389034.25,0,0,2807006.71,0,0,1389034.25,0,0,1389034.25,0,0,1389034.25,0,0,1389034.25,0,0,1497070.25,0,0,1497070.25,0,0,1389034.25
both_sexes,1,Moderna,2021-06-28,IMMUNOSUPPR,0,0,0,0,0,0,0,0,0,0,0,0,0,0,0,0,0,0,0,0,0,0,0,0,0,0,0,0,0,0,0,0,0,0,0,0,0,0,0,0,0,0,0,0,0,0,0,0,0,0,3208007.67,0,0,2994140.49,0,0,2994140.49,0,0,3208007.67,0,0,2994140.49,0,0,2994140.49,0,0,2994140.49,0,0,2994140.49,0,0,2994140.49,0,0,2994140.49,0,0,3208007.67,0,0,3208007.67,0,0,3208007.67,0,0,3208007.67,0,0,2994140.49,0,0,2994140.49,0,0,2994140.49,0,0,3208007.67,0,0,2994140.49,0,0,2994140.49,0,0,3208007.67,0,0,2994140.49,0,0,2994140.49,0,0,2994140.49,0,0,2994140.49,0,0,2994140.49,0,0,2994140.49,0,0,2994140.49,0,0,2994140.49,0,0,2994140.49,0,0,2994140.49,0,0,2994140.49,0,0,2994140.49,0,0,3208007.67,0,0,3208007.67,0,0,2994140.49,0,0,2994140.49,0,0,2994140.49,0,0,2994140.49,0,0,2994140.49,0,0,6416015.34,0,0,2994140.49,0,0,2994140.49,0,0,2994140.49,0,0,2994140.49,0,0,3208007.67,0,0,3208007.67,0,0,2994140.49
both_sexes,1,Moderna,2021-03-29,IMMUNOSUPPR,0,0,0,0,0,0,0,0,0,0,0,0,0,0,0,0,0,0,0,0,0,0,0,0,0,0,0,0,0,0,0,0,0,0,0,0,0,0,0,0,0,0,0,0,0,0,0,0,0,0,1727388.74,0,0,1820761.11,0,0,1727388.74,0,0,2105255.03,0,0,2010989.88,0,0,2010989.88,0,0,1727388.74,0,0,1727388.74,0,0,2010989.88,0,0,2010989.88,0,0,1727388.74,0,0,1727388.74,0,0,1727388.74,0,0,1727388.74,0,0,1727388.74,0,0,1727388.74,0,0,1897694.68,0,0,1897694.68,0,0,1727388.74,0,0,1727388.74,0,0,1727388.74,0,0,1727388.74,0,0,1727388.74,0,0,1727388.74,0,0,1727388.74,0,0,1727388.74,0,0,1727388.74,0,0,1727388.74,0,0,1727388.74,0,0,1727388.74,0,0,1727388.74,0,0,1727388.74,0,0,1727388.74,0,0,1727388.74,0,0,1727388.74,0,0,1727388.74,0,0,1727388.74,0,0,1727388.74,0,0,1727388.74,0,0,1727388.74,0,0,7091385.37,0,0,1727388.74,0,0,1727388.74,0,0,1727388.74,0,0,1727388.74,0,0,1727388.74,0,0,1727388.74,0,0,1727388.74
both_sexes,1,Moderna,2021-04-05,IMMUNOSUPPR,0,0,0,0,0,0,0,0,0,0,0,0,0,0,0,0,0,0,0,0,0,0,0,0,0,0,0,0,0,0,0,0,0,0,0,0,0,0,0,0,0,0,0,0,0,0,0,0,0,0,1480618.92,0,0,1480618.92,0,0,1480618.92,0,0,1643125.88,0,0,1513891.26,0,0,1513891.26,0,0,1480618.92,0,0,1480618.92,0,0,1604003.83,0,0,1604003.83,0,0,1480618.92,0,0,1480618.92,0,0,1480618.92,0,0,1480618.92,0,0,1480618.92,0,0,1480618.92,0,0,1513891.26,0,0,1513891.26,0,0,1480618.92,0,0,1480618.92,0,0,1480618.92,0,0,1480618.92,0,0,1480618.92,0,0,1480618.92,0,0,1480618.92,0,0,1480618.92,0,0,1480618.92,0,0,1480618.92,0,0,1480618.92,0,0,1480618.92,0,0,1480618.92,0,0,1480618.92,0,0,1480618.92,0,0,1480618.92,0,0,1480618.92,0,0,1480618.92,0,0,1480618.92,0,0,1480618.92,0,0,1480618.92,0,0,1480618.92,0,0,6416015.34,0,0,1480618.92,0,0,1480618.92,0,0,1480618.92,0,0,1480618.92,0,0,1480618.92,0,0,1480618.92,0,0,1480618.92
both_sexes,1,Moderna,2021-04-12,IMMUNOSUPPR,0,0,0,0,0,0,0,0,0,0,0,0,0,0,0,0,0,0,0,0,0,0,0,0,0,0,0,0,0,0,0,0,0,0,0,0,0,0,0,0,0,0,0,0,0,0,0,0,0,0,1772846.34,0,0,1772846.34,0,0,1772846.34,0,0,1772846.34,0,0,1772846.34,0,0,1772846.34,0,0,1772846.34,0,0,1772846.34,0,0,1772846.34,0,0,1772846.34,0,0,1772846.34,0,0,1772846.34,0,0,1772846.34,0,0,1772846.34,0,0,1772846.34,0,0,1772846.34,0,0,1772846.34,0,0,1772846.34,0,0,1772846.34,0,0,1772846.34,0,0,1772846.34,0,0,1772846.34,0,0,1772846.34,0,0,1772846.34,0,0,1772846.34,0,0,1772846.34,0,0,1772846.34,0,0,1772846.34,0,0,1772846.34,0,0,1772846.34,0,0,1772846.34,0,0,1772846.34,0,0,1772846.34,0,0,1772846.34,0,0,1772846.34,0,0,1772846.34,0,0,1772846.34,0,0,1772846.34,0,0,1772846.34,0,0,1772846.34,0,0,6736816.1,0,0,1772846.34,0,0,1772846.34,0,0,1772846.34,0,0,1772846.34,0,0,1772846.34,0,0,1772846.34,0,0,1772846.34
both_sexes,1,Moderna,2021-04-19,IMMUNOSUPPR,0,0,0,0,0,0,0,0,0,0,0,0,0,0,0,0,0,0,0,0,0,0,0,0,0,0,0,0,0,0,0,0,0,0,0,0,0,0,0,0,0,0,0,0,0,0,0,0,0,0,1897694.68,0,0,1749822.36,0,0,1749822.36,0,0,1897694.68,0,0,1749822.36,0,0,1749822.36,0,0,1749822.36,0,0,1749822.36,0,0,1749822.36,0,0,1749822.36,0,0,1749822.36,0,0,1749822.36,0,0,1749822.36,0,0,1749822.36,0,0,1749822.36,0,0,1749822.36,0,0,1749822.36,0,0,1897694.68,0,0,1749822.36,0,0,1749822.36,0,0,1897694.68,0,0,1749822.36,0,0,1749822.36,0,0,1749822.36,0,0,1749822.36,0,0,1749822.36,0,0,1749822.36,0,0,1749822.36,0,0,1749822.36,0,0,1749822.36,0,0,1749822.36,0,0,1749822.36,0,0,1749822.36,0,0,1897694.68,0,0,1897694.68,0,0,1749822.36,0,0,1749822.36,0,0,1749822.36,0,0,1749822.36,0,0,1749822.36,0,0,7485351.23,0,0,1749822.36,0,0,1749822.36,0,0,1749822.36,0,0,1749822.36,0,0,1897694.68,0,0,1897694.68,0,0,1749822.36
both_sexes,1,Moderna,2021-04-26,IMMUNOSUPPR,0,0,0,0,0,0,0,0,0,0,0,0,0,0,0,0,0,0,0,0,0,0,0,0,0,0,0,0,0,0,0,0,0,0,0,0,0,0,0,0,0,0,0,0,0,0,0,0,0,0,2138671.78,0,0,1924804.6,0,0,1924804.6,0,0,2138671.78,0,0,1924804.6,0,0,1924804.6,0,0,1924804.6,0,0,1924804.6,0,0,1924804.6,0,0,1924804.6,0,0,1924804.6,0,0,1924804.6,0,0,1924804.6,0,0,1924804.6,0,0,1924804.6,0,0,1924804.6,0,0,2138671.78,0,0,2406005.75,0,0,1924804.6,0,0,1924804.6,0,0,2138671.78,0,0,1924804.6,0,0,1924804.6,0,0,1924804.6,0,0,1924804.6,0,0,1924804.6,0,0,1924804.6,0,0,1924804.6,0,0,1924804.6,0,0,1924804.6,0,0,1924804.6,0,0,1924804.6,0,0,1924804.6,0,0,2138671.78,0,0,2138671.78,0,0,1924804.6,0,0,1924804.6,0,0,1924804.6,0,0,1924804.6,0,0,1924804.6,0,0,8982421.47,0,0,1924804.6,0,0,1924804.6,0,0,1924804.6,0,0,1924804.6,0,0,2138671.78,0,0,2138671.78,0,0,1924804.6
both_sexes,1,Moderna,2021-05-03,IMMUNOSUPPR,0,0,0,0,0,0,0,0,0,0,0,0,0,0,0,0,0,0,0,0,0,0,0,0,0,0,0,0,0,0,0,0,0,0,0,0,0,0,0,0,0,0,0,0,0,0,0,0,0,0,2807006.71,0,0,2449751.31,0,0,2449751.31,0,0,2807006.71,0,0,2449751.31,0,0,2449751.31,0,0,2449751.31,0,0,2449751.31,0,0,2449751.31,0,0,2449751.31,0,0,2449751.31,0,0,2449751.31,0,0,2449751.31,0,0,2449751.31,0,0,2449751.31,0,0,2449751.31,0,0,2807006.71,0,0,3286251.76,0,0,2449751.31,0,0,2449751.31,0,0,2807006.71,0,0,2449751.31,0,0,2449751.31,0,0,2449751.31,0,0,2449751.31,0,0,2449751.31,0,0,2449751.31,0,0,2449751.31,0,0,2449751.31,0,0,2449751.31,0,0,2449751.31,0,0,2449751.31,0,0,2449751.31,0,0,2807006.71,0,0,2807006.71,0,0,2449751.31,0,0,2449751.31,0,0,2449751.31,0,0,2449751.31,0,0,2449751.31,0,0,6416015.34,0,0,2449751.31,0,0,2449751.31,0,0,2449751.31,0,0,2449751.31,0,0,2807006.71,0,0,2807006.71,0,0,2449751.31
both_sexes,1,Moderna,2021-05-10,IMMUNOSUPPR,0,0,0,0,0,0,0,0,0,0,0,0,0,0,0,0,0,0,0,0,0,0,0,0,0,0,0,0,0,0,0,0,0,0,0,0,0,0,0,0,0,0,0,0,0,0,0,0,0,0,2866730.26,0,0,2495117.08,0,0,2495117.08,0,0,2866730.26,0,0,2495117.08,0,0,2495117.08,0,0,2495117.08,0,0,2495117.08,0,0,2495117.08,0,0,2495117.08,0,0,2495117.08,0,0,2495117.08,0,0,2495117.08,0,0,2495117.08,0,0,2495117.08,0,0,2495117.08,0,0,2866730.26,0,0,3368408.05,0,0,2495117.08,0,0,2495117.08,0,0,2866730.26,0,0,2495117.08,0,0,2495117.08,0,0,2495117.08,0,0,2495117.08,0,0,2495117.08,0,0,2495117.08,0,0,2495117.08,0,0,2495117.08,0,0,2495117.08,0,0,2495117.08,0,0,2495117.08,0,0,2495117.08,0,0,2866730.26,0,0,2866730.26,0,0,2495117.08,0,0,2495117.08,0,0,2495117.08,0,0,2495117.08,0,0,2495117.08,0,0,5182166.23,0,0,2495117.08,0,0,2495117.08,0,0,2495117.08,0,0,2495117.08,0,0,2866730.26,0,0,2866730.26,0,0,2495117.08
both_sexes,1,Moderna,2021-05-17,IMMUNOSUPPR,0,0,0,0,0,0,0,0,0,0,0,0,0,0,0,0,0,0,0,0,0,0,0,0,0,0,0,0,0,0,0,0,0,0,0,0,0,0,0,0,0,0,0,0,0,0,0,0,0,0,2323040.04,0,0,2072866.49,0,0,2072866.49,0,0,2323040.04,0,0,2072866.49,0,0,2072866.49,0,0,2072866.49,0,0,2072866.49,0,0,2072866.49,0,0,2072866.49,0,0,2072866.49,0,0,2072866.49,0,0,2072866.49,0,0,2072866.49,0,0,2072866.49,0,0,2072866.49,0,0,2323040.04,0,0,2641888.67,0,0,2072866.49,0,0,2072866.49,0,0,2323040.04,0,0,2072866.49,0,0,2072866.49,0,0,2072866.49,0,0,2072866.49,0,0,2072866.49,0,0,2072866.49,0,0,2072866.49,0,0,2072866.49,0,0,2072866.49,0,0,2072866.49,0,0,2072866.49,0,0,2072866.49,0,0,2323040.04,0,0,2323040.04,0,0,2072866.49,0,0,2072866.49,0,0,2072866.49,0,0,2072866.49,0,0,2072866.49,0,0,4491210.74,0,0,2072866.49,0,0,2072866.49,0,0,2072866.49,0,0,2072866.49,0,0,2323040.04,0,0,2323040.04,0,0,2072866.49
both_sexes,1,Moderna,2021-05-24,IMMUNOSUPPR,0,0,0,0,0,0,0,0,0,0,0,0,0,0,0,0,0,0,0,0,0,0,0,0,0,0,0,0,0,0,0,0,0,0,0,0,0,0,0,0,0,0,0,0,0,0,0,0,0,0,2807006.71,0,0,2449751.31,0,0,2449751.31,0,0,2807006.71,0,0,2449751.31,0,0,2449751.31,0,0,2449751.31,0,0,2449751.31,0,0,2449751.31,0,0,2449751.31,0,0,2449751.31,0,0,2449751.31,0,0,2449751.31,0,0,2449751.31,0,0,2449751.31,0,0,2449751.31,0,0,2449751.31,0,0,2807006.71,0,0,2449751.31,0,0,2449751.31,0,0,2807006.71,0,0,2449751.31,0,0,2449751.31,0,0,2449751.31,0,0,2449751.31,0,0,2449751.31,0,0,2449751.31,0,0,2449751.31,0,0,2449751.31,0,0,2449751.31,0,0,2449751.31,0,0,2449751.31,0,0,2449751.31,0,0,2807006.71,0,0,2807006.71,0,0,2449751.31,0,0,2449751.31,0,0,2449751.31,0,0,2449751.31,0,0,2449751.31,0,0,4990234.15,0,0,2449751.31,0,0,2449751.31,0,0,2449751.31,0,0,2449751.31,0,0,2807006.71,0,0,2807006.71,0,0,2449751.31
both_sexes,1,Pfizer,2021-05-10,IMMUNOSUPPR,0,0,0,0,0,0,0,0,0,0,0,0,0,0,0,0,0,0,0,0,0,0,0,0,0,0,0,0,0,0,0,0,0,0,0,0,0,0,0,0,0,0,0,0,0,0,0,0,0,0,705425.77,0,0,705425.77,0,0,705425.77,0,0,705425.77,0,0,728304.44,0,0,728304.44,0,0,705425.77,0,0,761222.16,0,0,761222.16,0,0,761222.16,0,0,705425.77,0,0,705425.77,0,0,705425.77,0,0,705425.77,0,0,705425.77,0,0,705425.77,0,0,728304.44,0,0,728304.44,0,0,705425.77,0,0,705425.77,0,0,705425.77,0,0,705425.77,0,0,705425.77,0,0,705425.77,0,0,705425.77,0,0,705425.77,0,0,705425.77,0,0,705425.77,0,0,705425.77,0,0,705425.77,0,0,705425.77,0,0,705425.77,0,0,705425.77,0,0,705425.77,0,0,705425.77,0,0,705425.77,0,0,705425.77,0,0,705425.77,0,0,705425.77,0,0,705425.77,0,0,2173166.48,0,0,705425.77,0,0,705425.77,0,0,705425.77,0,0,705425.77,0,0,705425.77,0,0,705425.77,0,0,705425.77
both_sexes,2,Moderna,2021-03-08,IMMUNOSUPPR,0,0,0,0,0,0,0,0,0,0,0,0,0,0,0,0,0,0,0,0,0,0,0,0,0,0,0,0,0,0,0,0,0,0,0,0,0,0,0,0,0,0,0,0,0,0,0,0,0,0,11228026.84,0,0,11228026.84,0,0,11228026.84,0,0,11228026.84,0,0,11228026.84,0,0,11228026.84,0,0,11228026.84,0,0,11228026.84,0,0,11228026.84,0,0,11228026.84,0,0,11228026.84,0,0,11228026.84,0,0,11228026.84,0,0,11228026.84,0,0,11228026.84,0,0,11228026.84,0,0,11228026.84,0,0,11228026.84,0,0,11228026.84,0,0,11228026.84,0,0,11228026.84,0,0,11228026.84,0,0,11228026.84,0,0,11228026.84,0,0,11228026.84,0,0,11228026.84,0,0,11228026.84,0,0,11228026.84,0,0,11228026.84,0,0,11228026.84,0,0,11228026.84,0,0,11228026.84,0,0,11228026.84,0,0,11228026.84,0,0,11228026.84,0,0,11228026.84,0,0,11228026.84,0,0,11228026.84,0,0,11228026.84,0,0,11228026.84,0,0,11228026.84,0,0,11228026.84,0,0,11228026.84,0,0,11228026.84,0,0,11228026.84,0,0,11228026.84,0,0,11228026.84,0,0,11228026.84
both_sexes,2,Moderna,2021-03-15,IMMUNOSUPPR,0,0,0,0,0,0,0,0,0,0,0,0,0,0,0,0,0,0,0,0,0,0,0,0,0,0,0,0,0,0,0,0,0,0,0,0,0,0,0,0,0,0,0,0,0,0,0,0,0,0,9624023,0,0,9624023,0,0,9624023,0,0,9624023,0,0,9624023,0,0,9624023,0,0,9624023,0,0,9624023,0,0,9624023,0,0,9624023,0,0,9624023,0,0,9624023,0,0,9624023,0,0,9624023,0,0,9624023,0,0,9624023,0,0,9624023,0,0,9624023,0,0,9624023,0,0,9624023,0,0,9624023,0,0,9624023,0,0,9624023,0,0,9624023,0,0,9624023,0,0,9624023,0,0,9624023,0,0,9624023,0,0,9624023,0,0,9624023,0,0,9624023,0,0,9624023,0,0,9624023,0,0,9624023,0,0,9624023,0,0,9624023,0,0,9624023,0,0,9624023,0,0,9624023,0,0,9624023,0,0,9624023,0,0,9624023,0,0,9624023,0,0,9624023,0,0,9624023,0,0,9624023,0,0,9624023,0,0,9624023
both_sexes,2,Moderna,2021-03-22,IMMUNOSUPPR,0,0,0,0,0,0,0,0,0,0,0,0,0,0,0,0,0,0,0,0,0,0,0,0,0,0,0,0,0,0,0,0,0,0,0,0,0,0,0,0,0,0,0,0,0,0,0,0,0,0,7091385.37,0,0,7091385.37,0,0,7091385.37,0,0,7091385.37,0,0,7091385.37,0,0,7091385.37,0,0,7091385.37,0,0,7091385.37,0,0,9624023,0,0,9624023,0,0,7091385.37,0,0,7091385.37,0,0,7091385.37,0,0,7091385.37,0,0,7091385.37,0,0,7091385.37,0,0,7091385.37,0,0,7091385.37,0,0,7091385.37,0,0,7091385.37,0,0,7091385.37,0,0,7091385.37,0,0,7091385.37,0,0,7091385.37,0,0,7091385.37,0,0,7091385.37,0,0,7091385.37,0,0,7091385.37,0,0,7091385.37,0,0,7091385.37,0,0,7091385.37,0,0,7091385.37,0,0,7091385.37,0,0,7091385.37,0,0,7091385.37,0,0,7091385.37,0,0,7091385.37,0,0,7091385.37,0,0,7091385.37,0,0,7091385.37,0,0,9624023,0,0,7091385.37,0,0,7091385.37,0,0,7091385.37,0,0,7091385.37,0,0,7091385.37,0,0,7091385.37,0,0,7091385.37
both_sexes,2,Moderna,2021-03-29,IMMUNOSUPPR,0,0,0,0,0,0,0,0,0,0,0,0,0,0,0,0,0,0,0,0,0,0,0,0,0,0,0,0,0,0,0,0,0,0,0,0,0,0,0,0,0,0,0,0,0,0,0,0,0,0,5614013.42,0,0,6416015.34,0,0,5614013.42,0,0,5614013.42,0,0,6416015.34,0,0,6416015.34,0,0,5614013.42,0,0,5614013.42,0,0,9624023,0,0,9624023,0,0,5614013.42,0,0,5614013.42,0,0,5614013.42,0,0,5614013.42,0,0,5614013.42,0,0,5614013.42,0,0,5614013.42,0,0,5614013.42,0,0,5614013.42,0,0,5614013.42,0,0,5614013.42,0,0,5614013.42,0,0,5614013.42,0,0,5614013.42,0,0,5614013.42,0,0,5614013.42,0,0,5614013.42,0,0,5614013.42,0,0,5614013.42,0,0,5614013.42,0,0,5614013.42,0,0,5614013.42,0,0,5614013.42,0,0,5614013.42,0,0,5614013.42,0,0,5614013.42,0,0,5614013.42,0,0,5614013.42,0,0,5614013.42,0,0,5614013.42,0,0,9624023,0,0,5614013.42,0,0,5614013.42,0,0,5614013.42,0,0,5614013.42,0,0,5614013.42,0,0,5614013.42,0,0,5614013.42
both_sexes,2,Moderna,2021-04-05,IMMUNOSUPPR,0,0,0,0,0,0,0,0,0,0,0,0,0,0,0,0,0,0,0,0,0,0,0,0,0,0,0,0,0,0,0,0,0,0,0,0,0,0,0,0,0,0,0,0,0,0,0,0,0,0,3286251.76,0,0,3962833,0,0,3286251.76,0,0,3742675.61,0,0,4646080.07,0,0,4646080.07,0,0,3286251.76,0,0,3286251.76,0,0,4990234.15,0,0,4990234.15,0,0,3286251.76,0,0,3286251.76,0,0,3286251.76,0,0,3286251.76,0,0,3286251.76,0,0,3286251.76,0,0,3742675.61,0,0,3742675.61,0,0,3286251.76,0,0,3286251.76,0,0,3286251.76,0,0,3286251.76,0,0,3286251.76,0,0,3286251.76,0,0,3286251.76,0,0,3286251.76,0,0,3286251.76,0,0,3286251.76,0,0,3286251.76,0,0,3286251.76,0,0,3286251.76,0,0,3286251.76,0,0,3286251.76,0,0,3286251.76,0,0,3286251.76,0,0,3286251.76,0,0,3286251.76,0,0,3286251.76,0,0,3286251.76,0,0,3286251.76,0,0,9624023,0,0,3286251.76,0,0,3286251.76,0,0,3286251.76,0,0,3286251.76,0,0,3286251.76,0,0,3286251.76,0,0,3286251.76
both_sexes,2,Moderna,2021-04-12,IMMUNOSUPPR,0,0,0,0,0,0,0,0,0,0,0,0,0,0,0,0,0,0,0,0,0,0,0,0,0,0,0,0,0,0,0,0,0,0,0,0,0,0,0,0,0,0,0,0,0,0,0,0,0,0,2245605.37,0,0,2542194.76,0,0,2245605.37,0,0,2929050.48,0,0,2929050.48,0,0,2929050.48,0,0,2245605.37,0,0,2245605.37,0,0,3454777.49,0,0,3454777.49,0,0,2245605.37,0,0,2245605.37,0,0,2245605.37,0,0,2245605.37,0,0,2245605.37,0,0,2245605.37,0,0,2542194.76,0,0,2542194.76,0,0,2245605.37,0,0,2245605.37,0,0,2245605.37,0,0,2245605.37,0,0,2245605.37,0,0,2245605.37,0,0,2245605.37,0,0,2245605.37,0,0,2245605.37,0,0,2245605.37,0,0,2245605.37,0,0,2245605.37,0,0,2245605.37,0,0,2245605.37,0,0,2245605.37,0,0,2245605.37,0,0,2245605.37,0,0,2245605.37,0,0,2245605.37,0,0,2245605.37,0,0,2245605.37,0,0,2245605.37,0,0,7485351.23,0,0,2245605.37,0,0,2245605.37,0,0,2245605.37,0,0,2245605.37,0,0,2245605.37,0,0,2245605.37,0,0,2245605.37
both_sexes,2,Moderna,2021-04-19,IMMUNOSUPPR,0,0,0,0,0,0,0,0,0,0,0,0,0,0,0,0,0,0,0,0,0,0,0,0,0,0,0,0,0,0,0,0,0,0,0,0,0,0,0,0,0,0,0,0,0,0,0,0,0,0,1772846.34,0,0,1952700.32,0,0,1772846.34,0,0,2173166.48,0,0,2173166.48,0,0,2173166.48,0,0,1772846.34,0,0,1772846.34,0,0,2449751.31,0,0,2449751.31,0,0,1772846.34,0,0,1772846.34,0,0,1772846.34,0,0,1772846.34,0,0,1772846.34,0,0,1772846.34,0,0,1952700.32,0,0,1952700.32,0,0,1772846.34,0,0,1772846.34,0,0,1772846.34,0,0,1772846.34,0,0,1772846.34,0,0,1772846.34,0,0,1772846.34,0,0,1772846.34,0,0,1772846.34,0,0,1772846.34,0,0,1772846.34,0,0,1772846.34,0,0,1772846.34,0,0,1772846.34,0,0,1772846.34,0,0,1772846.34,0,0,1772846.34,0,0,1772846.34,0,0,1772846.34,0,0,1772846.34,0,0,1772846.34,0,0,1772846.34,0,0,5614013.42,0,0,1772846.34,0,0,1772846.34,0,0,1772846.34,0,0,1772846.34,0,0,1772846.34,0,0,1772846.34,0,0,1772846.34
both_sexes,2,Moderna,2021-04-26,IMMUNOSUPPR,0,0,0,0,0,0,0,1,0,0,0,0,0,0,0,0,0,0,0,0,0,0,0,0,0,0,0,0,0,0,0,0,0,0,0,0,0,0,0,0,0,0,0,0,0,0,0,0,0,0,1295541.56,0,0,1389034.25,0,0,1295541.56,0,0,1497070.25,0,0,1497070.25,0,0,1497070.25,0,0,1295541.56,361633.66,9155.77,2014893.81,0,0,1623329.18,0,0,1623329.18,0,0,1295541.56,0,0,1295541.56,0,0,1295541.56,0,0,1295541.56,0,0,1295541.56,0,0,1295541.56,0,0,1389034.25,0,0,1389034.25,0,0,1295541.56,0,0,1295541.56,0,0,1295541.56,0,0,1295541.56,0,0,1295541.56,0,0,1295541.56,0,0,1295541.56,0,0,1295541.56,0,0,1295541.56,0,0,1295541.56,0,0,1295541.56,0,0,1295541.56,0,0,1295541.56,0,0,1295541.56,0,0,1295541.56,0,0,1295541.56,0,0,1295541.56,0,0,1295541.56,0,0,1295541.56,0,0,1295541.56,0,0,1295541.56,0,0,1295541.56,0,0,4082918.85,0,0,1295541.56,0,0,1295541.56,0,0,1295541.56,0,0,1295541.56,0,0,1295541.56,0,0,1295541.56,0,0,1295541.56
both_sexes,2,Moderna,2021-05-03,IMMUNOSUPPR,0,0,0,0,0,0,0,0,0,0,0,0,0,0,0,0,0,0,0,0,0,0,0,0,0,0,0,0,0,0,0,0,0,0,0,0,0,0,0,0,0,0,0,0,0,0,0,0,0,0,1060915.92,0,0,1122802.68,0,0,1060915.92,0,0,1192356.83,0,0,1192356.83,0,0,1192356.83,0,0,1060915.92,0,0,1122802.68,0,0,1271097.38,0,0,1271097.38,0,0,1060915.92,0,0,1060915.92,0,0,1060915.92,0,0,1060915.92,0,0,1060915.92,0,0,1060915.92,0,0,1122802.68,0,0,1122802.68,0,0,1060915.92,0,0,1060915.92,0,0,1060915.92,0,0,1060915.92,0,0,1060915.92,0,0,1060915.92,0,0,1060915.92,0,0,1060915.92,0,0,1060915.92,0,0,1060915.92,0,0,1060915.92,0,0,1060915.92,0,0,1060915.92,0,0,1060915.92,0,0,1060915.92,0,0,1060915.92,0,0,1060915.92,0,0,1060915.92,0,0,1060915.92,0,0,1060915.92,0,0,1060915.92,0,0,1060915.92,0,0,3849609.2,0,0,1060915.92,0,0,1060915.92,0,0,1060915.92,0,0,1060915.92,0,0,1060915.92,0,0,1060915.92,0,0,1060915.92
both_sexes,2,Moderna,2021-05-10,IMMUNOSUPPR,0,0,0,0,0,0,0,0,0,0,0,0,0,0,0,0,0,0,0,0,0,0,0,0,0,0,0,0,0,0,0,0,0,0,0,0,0,0,0,0,0,0,0,0,0,0,0,0,0,0,1013055.05,0,0,1069335.89,0,0,1013055.05,0,0,1132238,0,0,1132238,0,0,1132238,0,0,1013055.05,0,0,1069335.89,0,0,1203002.88,0,0,1203002.88,0,0,1013055.05,0,0,1013055.05,0,0,1013055.05,0,0,1013055.05,0,0,1013055.05,0,0,1013055.05,0,0,1069335.89,0,0,1069335.89,0,0,1013055.05,0,0,1013055.05,0,0,1013055.05,0,0,1013055.05,0,0,1013055.05,0,0,1013055.05,0,0,1013055.05,0,0,1013055.05,0,0,1013055.05,0,0,1013055.05,0,0,1013055.05,0,0,1013055.05,0,0,1013055.05,0,0,1013055.05,0,0,1013055.05,0,0,1013055.05,0,0,1013055.05,0,0,1013055.05,0,0,1013055.05,0,0,1013055.05,0,0,1013055.05,0,0,1013055.05,0,0,3849609.2,0,0,1013055.05,0,0,1013055.05,0,0,1013055.05,0,0,1013055.05,0,0,1013055.05,0,0,1013055.05,0,0,1013055.05
both_sexes,2,Moderna,2021-05-17,IMMUNOSUPPR,0,0,0,0,0,0,0,0,0,0,0,0,0,0,0,0,0,0,0,0,0,0,0,0,0,0,0,0,0,0,0,0,0,0,0,0,0,0,0,0,0,0,0,0,0,0,0,0,0,0,983476.8,0,0,1036433.25,0,0,983476.8,0,0,1095417.25,0,0,1095417.25,0,0,1095417.25,0,0,983476.8,0,0,1036433.25,0,0,1161520.02,0,0,1161520.02,0,0,983476.8,0,0,983476.8,0,0,983476.8,0,0,983476.8,0,0,983476.8,0,0,983476.8,0,0,1036433.25,0,0,1036433.25,0,0,983476.8,0,0,983476.8,0,0,983476.8,0,0,983476.8,0,0,983476.8,0,0,983476.8,0,0,983476.8,0,0,983476.8,0,0,983476.8,0,0,983476.8,0,0,983476.8,0,0,983476.8,0,0,983476.8,0,0,983476.8,0,0,983476.8,0,0,983476.8,0,0,983476.8,0,0,983476.8,0,0,983476.8,0,0,983476.8,0,0,983476.8,0,0,983476.8,0,0,3641522.22,0,0,983476.8,0,0,983476.8,0,0,983476.8,0,0,983476.8,0,0,983476.8,0,0,983476.8,0,0,983476.8
both_sexes,2,Moderna,2021-05-24,IMMUNOSUPPR,0,0,0,0,0,0,0,0,0,0,0,0,0,0,0,0,0,0,0,0,0,0,0,0,0,0,0,0,0,0,0,0,0,0,0,0,0,0,0,0,0,0,0,0,0,0,0,0,0,0,869266.59,0,0,910380.55,0,0,869266.59,0,0,955576.75,0,0,955576.75,0,0,955576.75,0,0,869266.59,0,0,910380.55,0,0,1005494.94,0,0,1005494.94,0,0,869266.59,0,0,869266.59,0,0,869266.59,0,0,869266.59,0,0,869266.59,0,0,869266.59,0,0,955576.75,0,0,955576.75,0,0,869266.59,0,0,869266.59,0,0,869266.59,0,0,869266.59,0,0,869266.59,0,0,869266.59,0,0,869266.59,0,0,869266.59,0,0,869266.59,0,0,869266.59,0,0,869266.59,0,0,869266.59,0,0,869266.59,0,0,869266.59,0,0,869266.59,0,0,869266.59,0,0,869266.59,0,0,869266.59,0,0,869266.59,0,0,869266.59,0,0,869266.59,0,0,869266.59,0,0,3133402.84,0,0,869266.59,0,0,869266.59,0,0,869266.59,0,0,869266.59,0,0,869266.59,0,0,869266.59,0,0,869266.59
both_sexes,2,Moderna,2021-05-31,IMMUNOSUPPR,0,0,0,0,0,0,0,0,0,0,0,0,0,0,0,0,0,0,0,0,0,0,0,0,0,0,0,0,0,0,0,0,0,0,0,0,0,0,0,0,0,0,0,0,0,0,0,0,0,0,836871.57,0,0,874911.18,0,0,836871.57,0,0,916573.62,0,0,916573.62,0,0,916573.62,0,0,836871.57,0,0,874911.18,0,0,962402.3,0,0,962402.3,0,0,836871.57,0,0,836871.57,0,0,836871.57,0,0,836871.57,0,0,836871.57,0,0,836871.57,0,0,916573.62,0,0,916573.62,0,0,836871.57,0,0,836871.57,0,0,836871.57,0,0,836871.57,0,0,836871.57,0,0,836871.57,0,0,836871.57,0,0,836871.57,0,0,836871.57,0,0,836871.57,0,0,836871.57,0,0,836871.57,0,0,836871.57,0,0,836871.57,0,0,836871.57,0,0,836871.57,0,0,836871.57,0,0,836871.57,0,0,836871.57,0,0,836871.57,0,0,836871.57,0,0,836871.57,0,0,2749720.86,0,0,836871.57,0,0,836871.57,0,0,836871.57,0,0,836871.57,0,0,836871.57,0,0,836871.57,0,0,836871.57
both_sexes,2,Moderna,2021-06-07,IMMUNOSUPPR,0,0,0,0,0,0,0,0,0,0,0,0,0,0,0,0,0,0,0,0,0,0,0,0,0,0,0,0,0,0,0,0,0,0,0,0,0,0,0,0,0,0,0,0,0,0,0,0,0,0,836871.57,0,0,874911.18,0,0,836871.57,0,0,916573.62,0,0,916573.62,0,0,916573.62,0,0,836871.57,0,0,874911.18,0,0,962402.3,0,0,962402.3,0,0,836871.57,0,0,836871.57,0,0,836871.57,0,0,836871.57,0,0,836871.57,0,0,836871.57,0,0,916573.62,0,0,916573.62,0,0,836871.57,0,0,836871.57,0,0,836871.57,0,0,836871.57,0,0,836871.57,0,0,836871.57,0,0,836871.57,0,0,836871.57,0,0,836871.57,0,0,836871.57,0,0,836871.57,0,0,836871.57,0,0,836871.57,0,0,836871.57,0,0,836871.57,0,0,836871.57,0,0,836871.57,0,0,836871.57,0,0,836871.57,0,0,836871.57,0,0,836871.57,0,0,836871.57,0,0,2749720.86,0,0,836871.57,0,0,836871.57,0,0,836871.57,0,0,836871.57,0,0,836871.57,0,0,836871.57,0,0,836871.57
both_sexes,2,Moderna,2021-06-14,IMMUNOSUPPR,0,0,0,0,0,0,0,0,0,0,0,0,0,0,0,0,0,0,0,0,0,0,0,0,0,0,0,0,0,0,0,0,0,0,0,0,0,0,0,0,0,0,0,0,0,0,0,0,0,0,836871.57,0,0,874911.18,0,0,836871.57,0,0,916573.62,0,0,916573.62,0,0,916573.62,0,0,836871.57,0,0,874911.18,0,0,962402.3,0,0,962402.3,0,0,836871.57,0,0,836871.57,0,0,836871.57,0,0,836871.57,0,0,836871.57,0,0,836871.57,0,0,916573.62,0,0,916573.62,0,0,836871.57,0,0,836871.57,0,0,836871.57,0,0,836871.57,0,0,836871.57,0,0,836871.57,0,0,836871.57,0,0,836871.57,0,0,836871.57,0,0,836871.57,0,0,836871.57,0,0,836871.57,0,0,836871.57,0,0,836871.57,0,0,836871.57,0,0,836871.57,0,0,836871.57,0,0,836871.57,0,0,836871.57,0,0,836871.57,0,0,836871.57,0,0,836871.57,0,0,2749720.86,0,0,836871.57,0,0,836871.57,0,0,836871.57,0,0,836871.57,0,0,836871.57,0,0,836871.57,0,0,836871.57
both_sexes,2,Moderna,2021-06-21,IMMUNOSUPPR,0,0,0,0,0,0,0,0,0,0,0,0,0,0,0,0,0,0,0,0,0,0,0,0,0,0,0,0,0,0,0,0,0,0,0,0,0,0,0,0,0,0,0,0,0,0,0,0,0,0,836871.57,0,0,874911.18,0,0,836871.57,0,0,916573.62,0,0,916573.62,0,0,916573.62,0,0,836871.57,0,0,874911.18,0,0,962402.3,0,0,962402.3,0,0,836871.57,0,0,836871.57,0,0,836871.57,0,0,836871.57,0,0,836871.57,0,0,836871.57,0,0,916573.62,0,0,916573.62,0,0,836871.57,0,0,836871.57,0,0,836871.57,0,0,836871.57,0,0,836871.57,0,0,836871.57,0,0,836871.57,0,0,836871.57,0,0,836871.57,0,0,836871.57,0,0,836871.57,0,0,836871.57,0,0,836871.57,0,0,836871.57,0,0,836871.57,0,0,836871.57,0,0,836871.57,0,0,836871.57,0,0,836871.57,0,0,836871.57,0,0,836871.57,0,0,836871.57,0,0,2749720.86,0,0,836871.57,0,0,836871.57,0,0,836871.57,0,0,836871.57,0,0,836871.57,0,0,836871.57,0,0,836871.57
both_sexes,2,Moderna,2021-06-28,IMMUNOSUPPR,0,0,0,0,0,0,0,0,0,0,0,0,0,0,0,0,0,0,0,0,0,0,0,0,0,0,0,0,0,0,0,0,0,0,0,0,0,0,0,0,0,0,0,0,0,0,0,0,0,0,1952700.32,0,0,2041459.43,0,0,1952700.32,0,0,2138671.78,0,0,2138671.78,0,0,2138671.78,0,0,1952700.32,0,0,2041459.43,0,0,2245605.37,0,0,2245605.37,0,0,1952700.32,0,0,1952700.32,0,0,1952700.32,0,0,1952700.32,0,0,1952700.32,0,0,1952700.32,0,0,2138671.78,0,0,2138671.78,0,0,1952700.32,0,0,1952700.32,0,0,1952700.32,0,0,1952700.32,0,0,1952700.32,0,0,1952700.32,0,0,1952700.32,0,0,1952700.32,0,0,1952700.32,0,0,1952700.32,0,0,1952700.32,0,0,1952700.32,0,0,1952700.32,0,0,1952700.32,0,0,1952700.32,0,0,1952700.32,0,0,1952700.32,0,0,1952700.32,0,0,1952700.32,0,0,1952700.32,0,0,1952700.32,0,0,1952700.32,0,0,6416015.34,0,0,1952700.32,0,0,1952700.32,0,0,1952700.32,0,0,1952700.32,0,0,1952700.32,0,0,1952700.32,0,0,1952700.32
both_sexes,2,Pfizer,2021-06-21,IMMUNOSUPPR,0,0,0,0,0,0,0,0,0,0,0,0,0,0,0,0,0,0,0,0,0,0,0,0,0,0,0,0,0,0,0,0,0,0,0,0,0,0,0,0,0,0,0,0,0,0,0,0,0,0,248133.19,0,0,248133.19,0,0,248133.19,0,0,248133.19,0,0,265228.98,0,0,265228.98,0,0,248133.19,0,0,265228.98,0,0,261623.93,0,0,261623.93,0,0,248133.19,0,0,248133.19,0,0,248133.19,0,0,248133.19,0,0,248133.19,0,0,248133.19,0,0,258115.56,0,0,258115.56,0,0,248133.19,0,0,248133.19,0,0,248133.19,0,0,248133.19,0,0,248133.19,0,0,248133.19,0,0,248133.19,0,0,248133.19,0,0,248133.19,0,0,251373.74,0,0,251373.74,0,0,248133.19,0,0,248133.19,0,0,248133.19,0,0,248133.19,0,0,248133.19,0,0,248133.19,0,0,248133.19,0,0,248133.19,0,0,248133.19,0,0,248133.19,0,0,248133.19,0,0,1028521.54,0,0,248133.19,0,0,248133.19,0,0,248133.19,0,0,248133.19,0,0,248133.19,0,0,248133.19,0,0,248133.19
both_sexes,1,AstraZeneca,2021-02-15,IMMUNOSUPPR,0,0,0,0,0,0,0,0,0,0,0,0,0,0,0,0,0,0,0,0,0,0,0,0,0,0,0,0,0,0,0,0,0,0,0,0,0,0,0,0,0,0,0,0,0,0,0,0,0,0,11228026.84,0,0,11228026.84,0,0,11228026.84,0,0,11228026.84,0,0,11228026.84,0,0,11228026.84,0,0,11228026.84,0,0,11228026.84,0,0,11228026.84,0,0,11228026.84,0,0,11228026.84,0,0,11228026.84,0,0,11228026.84,0,0,11228026.84,0,0,11228026.84,0,0,11228026.84,0,0,11228026.84,0,0,11228026.84,0,0,11228026.84,0,0,11228026.84,0,0,11228026.84,0,0,11228026.84,0,0,11228026.84,0,0,11228026.84,0,0,11228026.84,0,0,11228026.84,0,0,11228026.84,0,0,11228026.84,0,0,11228026.84,0,0,11228026.84,0,0,11228026.84,0,0,11228026.84,0,0,11228026.84,0,0,11228026.84,0,0,11228026.84,0,0,11228026.84,0,0,11228026.84,0,0,11228026.84,0,0,11228026.84,0,0,11228026.84,0,0,11228026.84,0,0,11228026.84,0,0,11228026.84,0,0,11228026.84,0,0,11228026.84,0,0,11228026.84,0,0,11228026.84,0,0,11228026.84
both_sexes,1,AstraZeneca,2021-02-22,IMMUNOSUPPR,0,0,0,0,0,0,0,0,0,0,0,0,0,0,0,0,0,0,0,0,0,0,0,0,0,0,0,0,0,0,0,0,0,0,0,0,0,0,0,0,0,0,0,0,0,0,0,0,0,0,5182166.23,0,0,5182166.23,0,0,5182166.23,0,0,5182166.23,0,0,5182166.23,0,0,5182166.23,0,0,5182166.23,0,0,5182166.23,0,0,5182166.23,0,0,5182166.23,0,0,5182166.23,0,0,5182166.23,0,0,5182166.23,0,0,5182166.23,0,0,5182166.23,0,0,5182166.23,0,0,5182166.23,0,0,5182166.23,0,0,5182166.23,0,0,5182166.23,0,0,5182166.23,0,0,5182166.23,0,0,5182166.23,0,0,5182166.23,0,0,5182166.23,0,0,5182166.23,0,0,5182166.23,0,0,5182166.23,0,0,5182166.23,0,0,5182166.23,0,0,5182166.23,0,0,5182166.23,0,0,5182166.23,0,0,5182166.23,0,0,5182166.23,0,0,5182166.23,0,0,5182166.23,0,0,5182166.23,0,0,5182166.23,0,0,5182166.23,0,0,5182166.23,0,0,5182166.23,0,0,5182166.23,0,0,5182166.23,0,0,5182166.23,0,0,5182166.23,0,0,5182166.23,0,0,5182166.23
both_sexes,1,AstraZeneca,2021-03-01,IMMUNOSUPPR,0,0,0,0,0,0,0,0,0,0,0,0,0,0,0,0,0,0,0,0,0,0,0,0,0,0,0,0,0,0,0,0,0,0,0,0,0,0,0,0,0,0,0,0,0,0,0,0,0,0,4346332.97,0,0,4346332.97,0,0,4346332.97,0,0,4346332.97,0,0,4346332.97,0,0,4346332.97,0,0,4346332.97,0,0,4346332.97,0,0,4346332.97,0,0,4346332.97,0,0,4346332.97,0,0,4346332.97,0,0,4346332.97,0,0,4346332.97,0,0,4346332.97,0,0,4346332.97,0,0,4346332.97,0,0,4346332.97,0,0,4346332.97,0,0,4346332.97,0,0,4346332.97,0,0,4346332.97,0,0,4346332.97,0,0,4346332.97,0,0,4346332.97,0,0,4346332.97,0,0,4346332.97,0,0,4346332.97,0,0,4346332.97,0,0,4346332.97,0,0,4346332.97,0,0,4346332.97,0,0,4346332.97,0,0,4346332.97,0,0,4346332.97,0,0,4346332.97,0,0,4346332.97,0,0,4346332.97,0,0,4346332.97,0,0,4346332.97,0,0,4346332.97,0,0,4346332.97,0,0,4346332.97,0,0,4346332.97,0,0,4346332.97,0,0,4346332.97,0,0,4346332.97,0,0,4346332.97
both_sexes,1,AstraZeneca,2021-03-08,IMMUNOSUPPR,0,0,0,0,0,0,0,0,0,0,0,0,0,0,0,0,0,0,0,0,0,0,0,0,0,0,0,0,0,0,0,0,0,0,0,0,0,0,0,0,0,0,0,0,0,0,0,0,0,0,3208007.67,0,0,3208007.67,0,0,3208007.67,0,0,3208007.67,0,0,3208007.67,0,0,3208007.67,0,0,3208007.67,0,0,3208007.67,0,0,3208007.67,0,0,3208007.67,0,0,3208007.67,0,0,3208007.67,0,0,3208007.67,0,0,3208007.67,0,0,3208007.67,0,0,3208007.67,0,0,3208007.67,0,0,3208007.67,0,0,3208007.67,0,0,3208007.67,0,0,3208007.67,0,0,3208007.67,0,0,3208007.67,0,0,3208007.67,0,0,3208007.67,0,0,3208007.67,0,0,3208007.67,0,0,3208007.67,0,0,3208007.67,0,0,3208007.67,0,0,3208007.67,0,0,3208007.67,0,0,3208007.67,0,0,3208007.67,0,0,3208007.67,0,0,3208007.67,0,0,3208007.67,0,0,3208007.67,0,0,3208007.67,0,0,3208007.67,0,0,3208007.67,0,0,3208007.67,0,0,3208007.67,0,0,3208007.67,0,0,3208007.67,0,0,3208007.67,0,0,3208007.67,0,0,3208007.67
both_sexes,1,AstraZeneca,2021-03-15,IMMUNOSUPPR,0,0,0,0,0,0,0,0,0,0,0,0,0,0,0,0,0,0,0,0,0,0,0,0,0,0,0,0,0,0,0,0,0,0,0,0,0,0,0,0,0,0,0,0,0,0,0,0,0,0,2866730.26,0,0,2866730.26,0,0,2866730.26,0,0,2866730.26,0,0,2866730.26,0,0,2866730.26,0,0,2866730.26,0,0,2866730.26,0,0,2866730.26,0,0,2866730.26,0,0,2866730.26,0,0,2866730.26,0,0,2866730.26,0,0,2866730.26,0,0,2866730.26,0,0,2866730.26,0,0,2866730.26,0,0,2866730.26,0,0,2866730.26,0,0,2866730.26,0,0,2866730.26,0,0,2866730.26,0,0,2866730.26,0,0,2866730.26,0,0,2866730.26,0,0,2866730.26,0,0,2866730.26,0,0,2866730.26,0,0,2866730.26,0,0,2866730.26,0,0,2866730.26,0,0,2866730.26,0,0,2866730.26,0,0,2866730.26,0,0,2866730.26,0,0,2866730.26,0,0,2866730.26,0,0,2866730.26,0,0,2866730.26,0,0,2866730.26,0,0,2866730.26,0,0,2866730.26,0,0,2866730.26,0,0,2866730.26,0,0,2866730.26,0,0,2866730.26,0,0,2866730.26,0,0,2866730.26
both_sexes,1,AstraZeneca,2021-03-22,IMMUNOSUPPR,0,0,0,0,0,0,0,0,0,0,0,0,0,0,0,0,0,0,0,0,0,0,0,0,0,0,0,0,0,0,0,0,0,0,0,0,0,0,0,0,0,0,0,0,0,0,0,0,0,0,2072866.49,0,0,2072866.49,0,0,2072866.49,0,0,2173166.48,0,0,2072866.49,0,0,2072866.49,0,0,2072866.49,0,0,2072866.49,0,0,2072866.49,0,0,2072866.49,0,0,2072866.49,0,0,2072866.49,0,0,2072866.49,0,0,2072866.49,0,0,2072866.49,0,0,2072866.49,0,0,2072866.49,0,0,2072866.49,0,0,2072866.49,0,0,2072866.49,0,0,2072866.49,0,0,2072866.49,0,0,2072866.49,0,0,2072866.49,0,0,2072866.49,0,0,2072866.49,0,0,2072866.49,0,0,2072866.49,0,0,2072866.49,0,0,2072866.49,0,0,2072866.49,0,0,2072866.49,0,0,2072866.49,0,0,2072866.49,0,0,2072866.49,0,0,2072866.49,0,0,2072866.49,0,0,2072866.49,0,0,2072866.49,0,0,2072866.49,0,0,2323040.04,0,0,2072866.49,0,0,2072866.49,0,0,2072866.49,0,0,2072866.49,0,0,2072866.49,0,0,2072866.49,0,0,2072866.49
both_sexes,1,AstraZeneca,2021-03-29,IMMUNOSUPPR,0,0,0,0,0,0,0,0,0,0,0,0,0,0,0,0,0,0,0,0,0,0,0,0,0,0,0,0,0,0,0,0,0,0,0,0,0,0,0,0,0,0,0,0,0,0,0,0,0,0,1247558.54,0,0,1247558.54,0,0,1247558.54,0,0,1334022.99,0,0,1247558.54,0,0,1247558.54,0,0,1247558.54,0,0,1247558.54,0,0,1247558.54,0,0,1247558.54,0,0,1247558.54,0,0,1247558.54,0,0,1247558.54,0,0,1247558.54,0,0,1247558.54,0,0,1247558.54,0,0,1247558.54,0,0,1247558.54,0,0,1247558.54,0,0,1247558.54,0,0,1247558.54,0,0,1247558.54,0,0,1247558.54,0,0,1247558.54,0,0,1247558.54,0,0,1247558.54,0,0,1247558.54,0,0,1247558.54,0,0,1247558.54,0,0,1247558.54,0,0,1247558.54,0,0,1247558.54,0,0,1247558.54,0,0,1247558.54,0,0,1247558.54,0,0,1247558.54,0,0,1247558.54,0,0,1247558.54,0,0,1247558.54,0,0,1247558.54,0,0,2105255.03,0,0,1247558.54,0,0,1247558.54,0,0,1247558.54,0,0,1247558.54,0,0,1247558.54,0,0,1247558.54,0,0,1247558.54
both_sexes,1,AstraZeneca,2021-04-05,IMMUNOSUPPR,0,0,0,0,0,0,0,0,0,0,0,0,0,0,0,0,0,0,0,0,0,0,0,0,0,0,0,0,0,0,0,0,0,0,0,0,0,0,0,0,0,0,0,0,0,0,0,0,0,0,935668.9,0,0,935668.9,0,0,935668.9,0,0,983476.8,0,0,935668.9,0,0,935668.9,0,0,935668.9,0,0,935668.9,0,0,935668.9,0,0,935668.9,0,0,935668.9,0,0,935668.9,0,0,935668.9,0,0,935668.9,0,0,935668.9,0,0,935668.9,0,0,935668.9,0,0,935668.9,0,0,935668.9,0,0,935668.9,0,0,935668.9,0,0,935668.9,0,0,935668.9,0,0,935668.9,0,0,935668.9,0,0,935668.9,0,0,935668.9,0,0,935668.9,0,0,935668.9,0,0,935668.9,0,0,935668.9,0,0,935668.9,0,0,935668.9,0,0,935668.9,0,0,935668.9,0,0,935668.9,0,0,935668.9,0,0,935668.9,0,0,935668.9,0,0,935668.9,0,0,1897694.68,0,0,935668.9,0,0,935668.9,0,0,935668.9,0,0,935668.9,0,0,935668.9,0,0,935668.9,0,0,935668.9
both_sexes,1,AstraZeneca,2021-04-12,IMMUNOSUPPR,0,0,0,0,0,0,0,0,0,0,0,0,0,0,0,0,0,0,0,0,0,0,0,0,0,0,0,0,0,0,0,0,0,0,0,0,0,0,0,0,0,0,0,0,0,0,0,0,0,0,802001.92,0,0,802001.92,0,0,802001.92,0,0,836871.57,0,0,802001.92,0,0,802001.92,0,0,802001.92,0,0,802001.92,0,0,802001.92,0,0,802001.92,0,0,802001.92,0,0,802001.92,0,0,802001.92,0,0,802001.92,0,0,802001.92,0,0,802001.92,0,0,802001.92,0,0,802001.92,0,0,802001.92,0,0,802001.92,0,0,802001.92,0,0,802001.92,0,0,802001.92,0,0,802001.92,0,0,802001.92,0,0,802001.92,0,0,802001.92,0,0,802001.92,0,0,802001.92,0,0,802001.92,0,0,802001.92,0,0,802001.92,0,0,802001.92,0,0,802001.92,0,0,802001.92,0,0,802001.92,0,0,802001.92,0,0,802001.92,0,0,802001.92,0,0,802001.92,0,0,1749822.36,0,0,802001.92,0,0,802001.92,0,0,802001.92,0,0,802001.92,0,0,802001.92,0,0,802001.92,0,0,802001.92
both_sexes,1,AstraZeneca,2021-04-19,IMMUNOSUPPR,0,0,0,0,0,0,0,0,0,0,0,0,0,0,0,0,0,0,0,0,0,0,0,0,0,0,0,0,0,0,0,0,0,0,0,0,0,0,0,0,0,0,0,0,0,0,0,0,0,0,752716.88,0,0,752716.88,0,0,752716.88,0,0,783350.71,0,0,752716.88,0,0,752716.88,0,0,752716.88,0,0,752716.88,0,0,752716.88,0,0,752716.88,0,0,752716.88,0,0,752716.88,0,0,752716.88,0,0,752716.88,0,0,752716.88,0,0,752716.88,0,0,752716.88,0,0,752716.88,0,0,752716.88,0,0,752716.88,0,0,752716.88,0,0,752716.88,0,0,752716.88,0,0,752716.88,0,0,752716.88,0,0,752716.88,0,0,752716.88,0,0,752716.88,0,0,752716.88,0,0,752716.88,0,0,752716.88,0,0,752716.88,0,0,752716.88,0,0,752716.88,0,0,752716.88,0,0,752716.88,0,0,752716.88,0,0,752716.88,0,0,752716.88,0,0,752716.88,0,0,1604003.83,0,0,752716.88,0,0,752716.88,0,0,752716.88,0,0,752716.88,0,0,752716.88,0,0,752716.88,0,0,752716.88
both_sexes,1,AstraZeneca,2021-04-26,IMMUNOSUPPR,0,0,0,0,0,0,0,0,0,0,0,0,0,0,0,0,0,0,0,0,0,0,0,0,0,0,0,0,0,0,0,0,0,0,0,0,0,0,0,0,0,0,0,0,0,0,0,0,0,0,728304.44,0,0,728304.44,0,0,728304.44,0,0,756945.63,0,0,728304.44,0,0,728304.44,0,0,728304.44,0,0,728304.44,0,0,728304.44,0,0,728304.44,0,0,728304.44,0,0,728304.44,0,0,728304.44,0,0,728304.44,0,0,728304.44,0,0,728304.44,0,0,728304.44,0,0,728304.44,0,0,728304.44,0,0,728304.44,0,0,728304.44,0,0,728304.44,0,0,728304.44,0,0,728304.44,0,0,728304.44,0,0,728304.44,0,0,728304.44,0,0,728304.44,0,0,728304.44,0,0,728304.44,0,0,728304.44,0,0,728304.44,0,0,728304.44,0,0,728304.44,0,0,728304.44,0,0,728304.44,0,0,728304.44,0,0,728304.44,0,0,728304.44,0,0,728304.44,0,0,1604003.83,0,0,728304.44,0,0,728304.44,0,0,728304.44,0,0,728304.44,0,0,728304.44,0,0,728304.44,0,0,728304.44
both_sexes,1,AstraZeneca,2021-05-03,IMMUNOSUPPR,0,0,0,0,0,0,0,0,0,0,0,0,0,0,0,0,0,0,0,0,0,0,0,0,0,0,0,0,0,0,0,0,0,0,0,0,0,0,0,0,0,0,0,0,0,0,0,0,0,0,667011.5,0,0,667011.5,0,0,667011.5,0,0,690955.5,0,0,667011.5,0,0,667011.5,0,0,667011.5,0,0,667011.5,0,0,667011.5,0,0,667011.5,0,0,667011.5,0,0,667011.5,0,0,667011.5,0,0,667011.5,0,0,667011.5,0,0,667011.5,0,0,667011.5,0,0,667011.5,0,0,667011.5,0,0,667011.5,0,0,667011.5,0,0,667011.5,0,0,667011.5,0,0,667011.5,0,0,667011.5,0,0,667011.5,0,0,667011.5,0,0,667011.5,0,0,667011.5,0,0,667011.5,0,0,667011.5,0,0,667011.5,0,0,667011.5,0,0,667011.5,0,0,667011.5,0,0,667011.5,0,0,667011.5,0,0,667011.5,0,0,667011.5,0,0,667011.5,0,0,1480618.92,0,0,667011.5,0,0,667011.5,0,0,667011.5,0,0,667011.5,0,0,667011.5,0,0,667011.5,0,0,667011.5
both_sexes,1,AstraZeneca,2021-05-10,IMMUNOSUPPR,0,0,0,0,0,0,0,0,0,0,0,0,0,0,0,0,0,0,0,0,0,0,0,0,0,0,0,0,0,0,0,0,0,0,0,0,0,0,0,0,0,0,0,0,0,0,0,0,0,0,680486.48,0,0,680486.48,0,0,680486.48,0,0,705425.77,0,0,680486.48,0,0,680486.48,0,0,680486.48,0,0,680486.48,0,0,680486.48,0,0,680486.48,0,0,680486.48,0,0,680486.48,0,0,680486.48,0,0,680486.48,0,0,680486.48,0,0,680486.48,0,0,680486.48,0,0,680486.48,0,0,680486.48,0,0,680486.48,0,0,680486.48,0,0,680486.48,0,0,680486.48,0,0,680486.48,0,0,680486.48,0,0,680486.48,0,0,680486.48,0,0,680486.48,0,0,680486.48,0,0,680486.48,0,0,680486.48,0,0,680486.48,0,0,680486.48,0,0,680486.48,0,0,680486.48,0,0,680486.48,0,0,680486.48,0,0,680486.48,0,0,680486.48,0,0,680486.48,0,0,1566701.42,0,0,680486.48,0,0,680486.48,0,0,680486.48,0,0,680486.48,0,0,680486.48,0,0,680486.48,0,0,680486.48
both_sexes,1,AstraZeneca,2021-05-17,IMMUNOSUPPR,0,0,0,0,0,0,0,0,0,0,0,0,0,0,0,0,0,0,0,0,0,0,0,0,0,0,0,0,0,0,0,0,0,0,0,0,0,0,0,0,0,0,0,0,0,0,0,0,0,0,683940.72,0,0,683940.72,0,0,683940.72,0,0,709138.54,0,0,683940.72,0,0,683940.72,0,0,683940.72,0,0,683940.72,0,0,683940.72,0,0,683940.72,0,0,683940.72,0,0,683940.72,0,0,683940.72,0,0,683940.72,0,0,683940.72,0,0,683940.72,0,0,683940.72,0,0,683940.72,0,0,683940.72,0,0,683940.72,0,0,683940.72,0,0,683940.72,0,0,683940.72,0,0,683940.72,0,0,683940.72,0,0,683940.72,0,0,683940.72,0,0,683940.72,0,0,683940.72,0,0,683940.72,0,0,683940.72,0,0,683940.72,0,0,683940.72,0,0,683940.72,0,0,683940.72,0,0,683940.72,0,0,683940.72,0,0,683940.72,0,0,683940.72,0,0,683940.72,0,0,1684204.03,0,0,683940.72,0,0,683940.72,0,0,683940.72,0,0,683940.72,0,0,683940.72,0,0,683940.72,0,0,683940.72
both_sexes,1,AstraZeneca,2021-05-24,IMMUNOSUPPR,0,0,0,0,0,0,0,0,0,0,0,0,0,0,0,0,0,0,0,0,0,0,0,0,0,0,0,0,0,0,0,0,0,0,0,0,0,0,0,0,0,0,0,0,0,0,0,0,0,0,667011.5,0,0,667011.5,0,0,667011.5,0,0,690955.5,0,0,667011.5,0,0,667011.5,0,0,667011.5,0,0,667011.5,0,0,667011.5,0,0,667011.5,0,0,667011.5,0,0,667011.5,0,0,667011.5,0,0,667011.5,0,0,667011.5,0,0,667011.5,0,0,667011.5,0,0,667011.5,0,0,667011.5,0,0,667011.5,0,0,667011.5,0,0,667011.5,0,0,667011.5,0,0,667011.5,0,0,667011.5,0,0,667011.5,0,0,667011.5,0,0,667011.5,0,0,667011.5,0,0,667011.5,0,0,667011.5,0,0,667011.5,0,0,667011.5,0,0,667011.5,0,0,667011.5,0,0,667011.5,0,0,667011.5,0,0,667011.5,0,0,667011.5,0,0,667011.5,0,0,1727388.74,0,0,667011.5,0,0,667011.5,0,0,667011.5,0,0,667011.5,0,0,667011.5,0,0,667011.5,0,0,667011.5
both_sexes,1,AstraZeneca,2021-02-08,IMMUNOSUPPR,0,0,0,0,0,0,0,0,0,0,0,0,0,0,0,0,0,0,0,0,0,0,0,0,0,0,0,0,0,0,0,0,0,0,0,0,0,0,0,0,0,0,0,0,0,0,0,0,0,0,134736322.06,0,0,134736322.06,0,0,134736322.06,0,0,134736322.06,0,0,134736322.06,0,0,134736322.06,0,0,134736322.06,0,0,134736322.06,0,0,134736322.06,0,0,134736322.06,0,0,134736322.06,0,0,134736322.06,0,0,134736322.06,0,0,134736322.06,0,0,134736322.06,0,0,134736322.06,0,0,134736322.06,0,0,134736322.06,0,0,134736322.06,0,0,134736322.06,0,0,134736322.06,0,0,134736322.06,0,0,134736322.06,0,0,134736322.06,0,0,134736322.06,0,0,134736322.06,0,0,134736322.06,0,0,134736322.06,0,0,134736322.06,0,0,134736322.06,0,0,134736322.06,0,0,134736322.06,0,0,134736322.06,0,0,134736322.06,0,0,134736322.06,0,0,134736322.06,0,0,134736322.06,0,0,134736322.06,0,0,134736322.06,0,0,134736322.06,0,0,134736322.06,0,0,134736322.06,0,0,134736322.06,0,0,134736322.06,0,0,134736322.06,0,0,134736322.06,0,0,134736322.06,0,0,134736322.06
both_sexes,1,Pfizer,2021-01-11,IMMUNOSUPPR,0,0,0,0,0,0,0,0,0,0,0,0,0,0,0,0,0,0,0,0,0,0,0,0,0,0,0,0,0,0,0,0,0,0,0,0,0,0,0,0,0,0,0,0,0,0,0,0,0,0,13473632.21,0,0,13473632.21,0,0,13473632.21,0,0,13473632.21,0,0,13473632.21,0,0,13473632.21,0,0,13473632.21,0,0,13473632.21,0,0,13473632.21,0,0,13473632.21,0,0,13473632.21,0,0,13473632.21,0,0,13473632.21,0,0,13473632.21,0,0,13473632.21,0,0,13473632.21,0,0,13473632.21,0,0,13473632.21,0,0,13473632.21,0,0,13473632.21,0,0,13473632.21,0,0,13473632.21,0,0,13473632.21,0,0,13473632.21,0,0,13473632.21,0,0,13473632.21,0,0,13473632.21,0,0,13473632.21,0,0,13473632.21,0,0,13473632.21,0,0,13473632.21,0,0,13473632.21,0,0,13473632.21,0,0,13473632.21,0,0,13473632.21,0,0,13473632.21,0,0,13473632.21,0,0,13473632.21,0,0,13473632.21,0,0,13473632.21,0,0,13473632.21,0,0,13473632.21,0,0,13473632.21,0,0,13473632.21,0,0,13473632.21,0,0,13473632.21,0,0,13473632.21,0,0,13473632.21
both_sexes,1,Pfizer,2021-01-18,IMMUNOSUPPR,0,0,0,0,0,0,0,0,0,0,0,0,0,0,0,0,0,0,0,0,0,0,0,0,0,0,0,0,0,0,0,0,0,0,0,0,0,0,0,0,0,0,0,0,0,0,0,0,0,0,9624023,0,0,9624023,0,0,9624023,0,0,9624023,0,0,9624023,0,0,9624023,0,0,9624023,0,0,9624023,0,0,9624023,0,0,9624023,0,0,9624023,0,0,9624023,0,0,9624023,0,0,9624023,0,0,9624023,0,0,9624023,0,0,9624023,0,0,9624023,0,0,9624023,0,0,9624023,0,0,9624023,0,0,9624023,0,0,9624023,0,0,9624023,0,0,9624023,0,0,9624023,0,0,9624023,0,0,9624023,0,0,9624023,0,0,9624023,0,0,9624023,0,0,9624023,0,0,9624023,0,0,9624023,0,0,9624023,0,0,9624023,0,0,9624023,0,0,9624023,0,0,9624023,0,0,9624023,0,0,9624023,0,0,9624023,0,0,9624023,0,0,9624023,0,0,9624023,0,0,9624023,0,0,9624023,0,0,9624023
both_sexes,1,Pfizer,2021-01-25,IMMUNOSUPPR,0,0,0,0,0,0,0,0,0,0,0,0,0,0,0,0,0,0,0,0,0,0,0,0,0,0,0,0,0,0,0,0,0,0,0,0,0,0,0,0,0,0,0,0,0,0,0,0,0,0,12248756.55,0,0,12248756.55,0,0,12248756.55,0,0,12248756.55,0,0,12248756.55,0,0,12248756.55,0,0,12248756.55,0,0,12248756.55,0,0,12248756.55,0,0,12248756.55,0,0,12248756.55,0,0,12248756.55,0,0,12248756.55,0,0,12248756.55,0,0,12248756.55,0,0,12248756.55,0,0,12248756.55,0,0,12248756.55,0,0,12248756.55,0,0,12248756.55,0,0,12248756.55,0,0,12248756.55,0,0,12248756.55,0,0,12248756.55,0,0,12248756.55,0,0,12248756.55,0,0,12248756.55,0,0,12248756.55,0,0,12248756.55,0,0,12248756.55,0,0,12248756.55,0,0,12248756.55,0,0,12248756.55,0,0,12248756.55,0,0,12248756.55,0,0,12248756.55,0,0,12248756.55,0,0,12248756.55,0,0,12248756.55,0,0,12248756.55,0,0,12248756.55,0,0,12248756.55,0,0,12248756.55,0,0,12248756.55,0,0,12248756.55,0,0,12248756.55,0,0,12248756.55,0,0,12248756.55
both_sexes,1,Pfizer,2021-02-01,IMMUNOSUPPR,0,0,0,0,0,0,0,0,0,0,0,0,0,0,0,0,0,0,0,0,0,0,0,0,0,0,0,0,0,0,0,0,0,0,0,0,0,0,0,0,0,0,0,0,0,0,0,0,0,0,44912107.35,0,0,44912107.35,0,0,44912107.35,0,0,44912107.35,0,0,44912107.35,0,0,44912107.35,0,0,44912107.35,0,0,44912107.35,0,0,44912107.35,0,0,44912107.35,0,0,44912107.35,0,0,44912107.35,0,0,44912107.35,0,0,44912107.35,0,0,44912107.35,0,0,44912107.35,0,0,44912107.35,0,0,44912107.35,0,0,44912107.35,0,0,44912107.35,0,0,44912107.35,0,0,44912107.35,0,0,44912107.35,0,0,44912107.35,0,0,44912107.35,0,0,44912107.35,0,0,44912107.35,0,0,44912107.35,0,0,44912107.35,0,0,44912107.35,0,0,44912107.35,0,0,44912107.35,0,0,44912107.35,0,0,44912107.35,0,0,44912107.35,0,0,44912107.35,0,0,44912107.35,0,0,44912107.35,0,0,44912107.35,0,0,44912107.35,0,0,44912107.35,0,0,44912107.35,0,0,44912107.35,0,0,44912107.35,0,0,44912107.35,0,0,44912107.35,0,0,44912107.35,0,0,44912107.35
both_sexes,1,Pfizer,2021-03-29,IMMUNOSUPPR,0,0,0,0,0,0,0,0,0,0,0,0,0,0,0,0,0,0,0,0,0,0,0,0,0,0,0,0,0,0,0,0,0,0,0,0,0,0,0,0,0,0,0,0,0,0,0,0,0,0,1464525.24,0,0,1464525.24,0,0,1464525.24,0,0,1464525.24,0,0,1663411.38,0,0,1663411.38,0,0,1464525.24,0,0,1663411.38,0,0,1585133.2,0,0,1585133.2,0,0,1464525.24,0,0,1464525.24,0,0,1464525.24,0,0,1464525.24,0,0,1464525.24,0,0,1464525.24,0,0,1548693.36,0,0,1548693.36,0,0,1464525.24,0,0,1464525.24,0,0,1464525.24,0,0,1464525.24,0,0,1464525.24,0,0,1464525.24,0,0,1464525.24,0,0,1464525.24,0,0,1464525.24,0,0,1464525.24,0,0,1464525.24,0,0,1464525.24,0,0,1464525.24,0,0,1464525.24,0,0,1464525.24,0,0,1464525.24,0,0,1464525.24,0,0,1464525.24,0,0,1464525.24,0,0,1464525.24,0,0,1464525.24,0,0,1464525.24,0,0,7485351.23,0,0,1464525.24,0,0,1464525.24,0,0,1464525.24,0,0,1464525.24,0,0,1464525.24,0,0,1464525.24,0,0,1464525.24
both_sexes,1,Pfizer,2021-04-05,IMMUNOSUPPR,0,0,0,0,0,0,0,0,0,0,0,0,0,0,0,0,0,0,0,0,0,0,0,0,0,0,0,0,0,0,0,0,0,0,0,0,0,0,0,0,0,0,0,0,0,0,0,0,0,0,955576.75,0,0,955576.75,0,0,955576.75,0,0,955576.75,0,0,1060915.92,0,0,1060915.92,0,0,955576.75,0,0,1122802.68,0,0,1077890.58,0,0,1077890.58,0,0,955576.75,0,0,955576.75,0,0,955576.75,0,0,955576.75,0,0,955576.75,0,0,955576.75,0,0,1044467.61,0,0,1044467.61,0,0,955576.75,0,0,955576.75,0,0,955576.75,0,0,955576.75,0,0,955576.75,0,0,955576.75,0,0,955576.75,0,0,955576.75,0,0,955576.75,0,0,955576.75,0,0,955576.75,0,0,955576.75,0,0,955576.75,0,0,955576.75,0,0,955576.75,0,0,955576.75,0,0,955576.75,0,0,955576.75,0,0,955576.75,0,0,955576.75,0,0,955576.75,0,0,955576.75,0,0,7091385.37,0,0,955576.75,0,0,955576.75,0,0,955576.75,0,0,955576.75,0,0,955576.75,0,0,955576.75,0,0,955576.75
both_sexes,1,Pfizer,2021-04-12,IMMUNOSUPPR,0,0,0,0,0,0,0,0,0,0,0,0,0,0,0,0,0,0,0,0,0,0,0,0,0,0,0,0,0,0,0,0,0,0,0,0,0,0,0,0,0,0,0,0,0,0,0,0,0,0,641601.53,0,0,641601.53,0,0,641601.53,0,0,641601.53,0,0,709138.54,0,0,709138.54,0,0,641601.53,0,0,712890.59,0,0,712890.59,0,0,712890.59,0,0,641601.53,0,0,641601.53,0,0,641601.53,0,0,641601.53,0,0,641601.53,0,0,641601.53,0,0,687430.21,0,0,687430.21,0,0,641601.53,0,0,641601.53,0,0,641601.53,0,0,641601.53,0,0,641601.53,0,0,641601.53,0,0,641601.53,0,0,641601.53,0,0,641601.53,0,0,641601.53,0,0,641601.53,0,0,641601.53,0,0,641601.53,0,0,641601.53,0,0,641601.53,0,0,641601.53,0,0,641601.53,0,0,641601.53,0,0,641601.53,0,0,641601.53,0,0,641601.53,0,0,641601.53,0,0,2694726.44,0,0,641601.53,0,0,641601.53,0,0,641601.53,0,0,641601.53,0,0,641601.53,0,0,641601.53,0,0,641601.53
both_sexes,1,Pfizer,2021-04-19,IMMUNOSUPPR,0,0,0,0,0,0,0,0,0,0,0,0,0,0,0,0,0,0,0,0,0,0,0,0,0,0,0,0,0,0,0,0,0,0,0,0,0,0,0,0,0,0,0,0,0,0,0,0,0,0,524265.84,0,0,524265.84,0,0,524265.84,0,0,524265.84,0,0,578267.48,0,0,578267.48,0,0,524265.84,0,0,573346.05,0,0,578267.48,0,0,578267.48,0,0,524265.84,0,0,524265.84,0,0,524265.84,0,0,524265.84,0,0,524265.84,0,0,524265.84,0,0,559071.88,0,0,559071.88,0,0,524265.84,0,0,524265.84,0,0,524265.84,0,0,524265.84,0,0,524265.84,0,0,524265.84,0,0,524265.84,0,0,524265.84,0,0,524265.84,0,0,524265.84,0,0,524265.84,0,0,524265.84,0,0,524265.84,0,0,524265.84,0,0,524265.84,0,0,524265.84,0,0,524265.84,0,0,524265.84,0,0,524265.84,0,0,524265.84,0,0,524265.84,0,0,524265.84,0,0,2245605.37,0,0,524265.84,0,0,524265.84,0,0,524265.84,0,0,524265.84,0,0,524265.84,0,0,524265.84,0,0,524265.84
both_sexes,1,Pfizer,2021-04-26,IMMUNOSUPPR,0,0,0,0,0,0,0,0,0,0,0,0,0,0,0,0,0,0,0,0,0,0,0,0,0,0,0,0,0,0,0,0,0,0,0,0,0,1,0,0,0,0,0,0,0,0,0,0,0,0,554470.46,0,0,554470.46,0,0,554470.46,0,0,554470.46,0,0,588368.22,0,0,588368.22,0,0,554470.46,0,0,570916.62,0,0,604198.75,0,0,604198.75,0,0,554470.46,0,0,554470.46,0,0,554470.46,0,0,554470.46,0,0,554470.46,0,0,554470.46,0,0,570916.62,0,0,570916.62,0,0,554470.46,0,0,554470.46,0,0,554470.46,0,0,554470.46,0,0,554470.46,0,0,554470.46,0,0,554470.46,0,0,554470.46,0,0,554470.46,0,0,554470.46,0,0,554470.46,0,0,554470.46,0,0,554470.46,0,0,554470.46,0,0,554470.46,0,0,554470.46,0,0,554470.46,0,0,554470.46,0,0,554470.46,0,0,554470.46,0,0,554470.46,0,0,554470.46,652232.14,16513.09,3634004.91,0,0,554470.46,0,0,554470.46,0,0,554470.46,0,0,554470.46,0,0,554470.46,0,0,554470.46,0,0,554470.46
both_sexes,1,Pfizer,2021-05-03,IMMUNOSUPPR,0,0,0,0,0,0,0,0,0,0,0,0,0,0,0,0,0,0,0,0,0,0,0,0,0,0,0,0,0,0,0,0,0,0,0,0,0,0,0,0,0,0,0,0,0,0,0,0,0,0,816583.77,0,0,816583.77,0,0,816583.77,0,0,816583.77,0,0,852761.53,0,0,852761.53,0,0,816583.77,0,0,863694.37,0,0,892293.52,0,0,892293.52,0,0,816583.77,0,0,816583.77,0,0,816583.77,0,0,816583.77,0,0,816583.77,0,0,816583.77,0,0,852761.53,0,0,852761.53,0,0,816583.77,0,0,816583.77,0,0,816583.77,0,0,816583.77,0,0,816583.77,0,0,816583.77,0,0,816583.77,0,0,816583.77,0,0,816583.77,0,0,816583.77,0,0,816583.77,0,0,816583.77,0,0,816583.77,0,0,816583.77,0,0,816583.77,0,0,816583.77,0,0,816583.77,0,0,816583.77,0,0,816583.77,0,0,816583.77,0,0,816583.77,0,0,816583.77,0,0,3545692.69,0,0,816583.77,0,0,816583.77,0,0,816583.77,0,0,816583.77,0,0,816583.77,0,0,816583.77,0,0,816583.77
both_sexes,2,AstraZeneca,2021-05-10,IMMUNOSUPPR,0,0,0,0,0,0,0,0,0,0,0,0,0,0,0,0,0,0,0,0,0,0,0,0,0,0,0,0,0,0,0,0,0,0,0,0,0,0,0,0,0,0,0,0,0,0,0,0,0,0,22456053.68,0,0,22456053.68,0,0,22456053.68,0,0,22456053.68,0,0,22456053.68,0,0,22456053.68,0,0,22456053.68,0,0,22456053.68,0,0,22456053.68,0,0,22456053.68,0,0,22456053.68,0,0,22456053.68,0,0,22456053.68,0,0,22456053.68,0,0,22456053.68,0,0,22456053.68,0,0,22456053.68,0,0,22456053.68,0,0,22456053.68,0,0,22456053.68,0,0,22456053.68,0,0,22456053.68,0,0,22456053.68,0,0,22456053.68,0,0,22456053.68,0,0,22456053.68,0,0,22456053.68,0,0,22456053.68,0,0,22456053.68,0,0,22456053.68,0,0,22456053.68,0,0,22456053.68,0,0,22456053.68,0,0,22456053.68,0,0,22456053.68,0,0,22456053.68,0,0,22456053.68,0,0,22456053.68,0,0,22456053.68,0,0,22456053.68,0,0,22456053.68,0,0,22456053.68,0,0,22456053.68,0,0,22456053.68,0,0,22456053.68,0,0,22456053.68,0,0,22456053.68,0,0,22456053.68
both_sexes,2,AstraZeneca,2021-05-17,IMMUNOSUPPR,0,0,0,0,0,0,0,0,0,0,0,0,0,0,0,0,0,0,0,0,0,0,0,0,0,0,0,0,0,0,0,0,0,0,0,0,0,0,0,0,0,0,0,0,0,0,0,0,0,0,5614013.42,0,0,5614013.42,0,0,5614013.42,0,0,5614013.42,0,0,5614013.42,0,0,5614013.42,0,0,5614013.42,0,0,5614013.42,0,0,5614013.42,0,0,5614013.42,0,0,5614013.42,0,0,5614013.42,0,0,5614013.42,0,0,5614013.42,0,0,5614013.42,0,0,5614013.42,0,0,5614013.42,0,0,5614013.42,0,0,5614013.42,0,0,5614013.42,0,0,5614013.42,0,0,5614013.42,0,0,5614013.42,0,0,5614013.42,0,0,5614013.42,0,0,5614013.42,0,0,5614013.42,0,0,5614013.42,0,0,5614013.42,0,0,5614013.42,0,0,5614013.42,0,0,5614013.42,0,0,5614013.42,0,0,5614013.42,0,0,5614013.42,0,0,5614013.42,0,0,5614013.42,0,0,5614013.42,0,0,5614013.42,0,0,5614013.42,0,0,5614013.42,0,0,5614013.42,0,0,5614013.42,0,0,5614013.42,0,0,5614013.42,0,0,5614013.42,0,0,5614013.42,0,0,5614013.42
both_sexes,2,AstraZeneca,2021-05-24,IMMUNOSUPPR,0,0,0,0,0,0,0,0,0,0,0,0,0,0,0,0,0,0,0,0,0,0,0,0,0,0,0,0,0,0,0,0,0,0,0,0,0,0,0,0,0,0,0,0,0,0,0,0,0,0,4346332.97,0,0,4346332.97,0,0,4346332.97,0,0,4346332.97,0,0,4346332.97,0,0,4346332.97,0,0,4346332.97,0,0,4346332.97,0,0,4346332.97,0,0,4346332.97,0,0,4346332.97,0,0,4346332.97,0,0,4346332.97,0,0,4346332.97,0,0,4346332.97,0,0,4346332.97,0,0,4346332.97,0,0,4346332.97,0,0,4346332.97,0,0,4346332.97,0,0,4346332.97,0,0,4346332.97,0,0,4346332.97,0,0,4346332.97,0,0,4346332.97,0,0,4346332.97,0,0,4346332.97,0,0,4346332.97,0,0,4346332.97,0,0,4346332.97,0,0,4346332.97,0,0,4346332.97,0,0,4346332.97,0,0,4346332.97,0,0,4346332.97,0,0,4346332.97,0,0,4346332.97,0,0,4346332.97,0,0,4346332.97,0,0,4346332.97,0,0,4346332.97,0,0,4346332.97,0,0,4346332.97,0,0,4346332.97,0,0,4346332.97,0,0,4346332.97,0,0,4346332.97,0,0,4346332.97
both_sexes,2,AstraZeneca,2021-05-31,IMMUNOSUPPR,0,0,0,0,0,0,0,0,0,0,0,0,0,0,0,0,0,0,0,0,0,0,0,0,0,0,0,0,0,0,0,0,0,0,0,0,0,0,0,0,0,0,0,0,0,0,0,0,0,0,3286251.76,0,0,3286251.76,0,0,3286251.76,0,0,3286251.76,0,0,3286251.76,0,0,3286251.76,0,0,3286251.76,0,0,3286251.76,0,0,3286251.76,0,0,3286251.76,0,0,3286251.76,0,0,3286251.76,0,0,3286251.76,0,0,3286251.76,0,0,3286251.76,0,0,3286251.76,0,0,3286251.76,0,0,3286251.76,0,0,3286251.76,0,0,3286251.76,0,0,3286251.76,0,0,3286251.76,0,0,3286251.76,0,0,3286251.76,0,0,3286251.76,0,0,3286251.76,0,0,3286251.76,0,0,3286251.76,0,0,3286251.76,0,0,3286251.76,0,0,3286251.76,0,0,3286251.76,0,0,3286251.76,0,0,3286251.76,0,0,3286251.76,0,0,3286251.76,0,0,3286251.76,0,0,3286251.76,0,0,3286251.76,0,0,3286251.76,0,0,3286251.76,0,0,3286251.76,0,0,3286251.76,0,0,3286251.76,0,0,3286251.76,0,0,3286251.76,0,0,3286251.76,0,0,3286251.76
both_sexes,2,AstraZeneca,2021-06-07,IMMUNOSUPPR,0,0,0,0,0,0,0,0,0,0,0,0,0,0,0,0,0,0,0,0,0,0,0,0,0,0,0,0,0,0,0,0,0,0,0,0,0,0,0,0,0,0,0,0,0,0,0,0,0,0,2749720.86,0,0,2749720.86,0,0,2749720.86,0,0,2749720.86,0,0,2749720.86,0,0,2749720.86,0,0,2749720.86,0,0,2749720.86,0,0,2749720.86,0,0,2749720.86,0,0,2749720.86,0,0,2749720.86,0,0,2749720.86,0,0,2749720.86,0,0,2749720.86,0,0,2749720.86,0,0,2749720.86,0,0,2749720.86,0,0,2749720.86,0,0,2749720.86,0,0,2749720.86,0,0,2749720.86,0,0,2749720.86,0,0,2749720.86,0,0,2749720.86,0,0,2749720.86,0,0,2749720.86,0,0,2749720.86,0,0,2749720.86,0,0,2749720.86,0,0,2749720.86,0,0,2749720.86,0,0,2749720.86,0,0,2749720.86,0,0,2749720.86,0,0,2749720.86,0,0,2749720.86,0,0,2749720.86,0,0,2749720.86,0,0,2749720.86,0,0,2749720.86,0,0,2749720.86,0,0,2749720.86,0,0,2749720.86,0,0,2749720.86,0,0,2749720.86,0,0,2749720.86,0,0,2749720.86
both_sexes,2,AstraZeneca,2021-06-14,IMMUNOSUPPR,0,0,0,0,0,0,0,0,0,0,0,0,0,0,0,0,0,0,0,0,0,0,0,0,0,0,0,0,0,0,0,0,0,0,0,0,0,0,0,0,0,0,0,0,0,0,0,0,0,0,1897694.68,0,0,1897694.68,0,0,1897694.68,0,0,1952700.32,0,0,1897694.68,0,0,1897694.68,0,0,1897694.68,0,0,1897694.68,0,0,1897694.68,0,0,1897694.68,0,0,1897694.68,0,0,1897694.68,0,0,1897694.68,0,0,1897694.68,0,0,1897694.68,0,0,1897694.68,0,0,1897694.68,0,0,1897694.68,0,0,1897694.68,0,0,1897694.68,0,0,1897694.68,0,0,1897694.68,0,0,1897694.68,0,0,1897694.68,0,0,1897694.68,0,0,1897694.68,0,0,1897694.68,0,0,1897694.68,0,0,1897694.68,0,0,1897694.68,0,0,1897694.68,0,0,1897694.68,0,0,1897694.68,0,0,1897694.68,0,0,1897694.68,0,0,1897694.68,0,0,1897694.68,0,0,1897694.68,0,0,1897694.68,0,0,1897694.68,0,0,2406005.75,0,0,1897694.68,0,0,1897694.68,0,0,1897694.68,0,0,1897694.68,0,0,1897694.68,0,0,1897694.68,0,0,1897694.68
both_sexes,2,AstraZeneca,2021-06-21,IMMUNOSUPPR,0,0,0,0,0,0,0,0,0,0,0,0,0,0,0,0,0,0,0,0,0,0,0,0,0,0,0,0,0,0,0,0,0,0,0,0,0,1,0,0,0,0,0,0,0,0,0,0,0,0,1113523.32,0,0,1113523.32,0,0,1113523.32,0,0,1181897.56,0,0,1113523.32,0,0,1113523.32,0,0,1113523.32,0,0,1113523.32,0,0,1113523.32,0,0,1113523.32,0,0,1113523.32,0,0,1113523.32,0,0,1113523.32,0,0,1113523.32,0,0,1113523.32,0,0,1113523.32,0,0,1113523.32,0,0,1113523.32,0,0,1113523.32,0,0,1113523.32,0,0,1113523.32,0,0,1113523.32,0,0,1113523.32,0,0,1113523.32,0,0,1113523.32,0,0,1113523.32,0,0,1113523.32,0,0,1113523.32,0,0,1113523.32,0,0,1113523.32,0,0,1113523.32,0,0,1113523.32,0,0,1113523.32,0,0,1113523.32,0,0,1113523.32,0,0,1113523.32,0,0,1113523.32,0,0,1113523.32,0,0,1113523.32,0,0,1113523.32,589112.9,14915.05,3282327.01,0,0,1113523.32,0,0,1113523.32,0,0,1113523.32,0,0,1113523.32,0,0,1113523.32,0,0,1113523.32,0,0,1113523.32
both_sexes,2,AstraZeneca,2021-06-28,IMMUNOSUPPR,0,0,0,0,0,0,0,0,0,0,0,0,0,0,0,0,0,0,0,0,0,0,0,0,0,0,0,0,0,0,0,0,0,0,0,0,0,0,0,0,0,0,0,0,0,0,0,0,0,0,2072866.49,0,0,2072866.49,0,0,2072866.49,0,0,2173166.48,0,0,2072866.49,0,0,2072866.49,0,0,2072866.49,0,0,2072866.49,0,0,2072866.49,0,0,2072866.49,0,0,2173166.48,0,0,2173166.48,0,0,2173166.48,0,0,2173166.48,0,0,2072866.49,0,0,2072866.49,0,0,2072866.49,0,0,2072866.49,0,0,2072866.49,0,0,2072866.49,0,0,2072866.49,0,0,2072866.49,0,0,2072866.49,0,0,2072866.49,0,0,2072866.49,0,0,2072866.49,0,0,2072866.49,0,0,2072866.49,0,0,2072866.49,0,0,2072866.49,0,0,2072866.49,0,0,2072866.49,0,0,2072866.49,0,0,2072866.49,0,0,2072866.49,0,0,2072866.49,0,0,2072866.49,0,0,2072866.49,0,0,2072866.49,0,0,2072866.49,0,0,4990234.15,0,0,2072866.49,0,0,2072866.49,0,0,2072866.49,0,0,2072866.49,0,0,2072866.49,0,0,2072866.49,0,0,2072866.49
both_sexes,2,Pfizer,2021-02-01,IMMUNOSUPPR,0,0,0,0,0,0,0,0,0,0,0,0,0,0,0,0,0,0,0,0,0,0,0,0,0,0,0,0,0,0,0,0,0,0,0,0,0,0,0,0,0,0,0,0,0,0,0,0,0,0,12248756.55,0,0,12248756.55,0,0,12248756.55,0,0,12248756.55,0,0,12248756.55,0,0,12248756.55,0,0,12248756.55,0,0,12248756.55,0,0,12248756.55,0,0,12248756.55,0,0,12248756.55,0,0,12248756.55,0,0,12248756.55,0,0,12248756.55,0,0,12248756.55,0,0,12248756.55,0,0,12248756.55,0,0,12248756.55,0,0,12248756.55,0,0,12248756.55,0,0,12248756.55,0,0,12248756.55,0,0,12248756.55,0,0,12248756.55,0,0,12248756.55,0,0,12248756.55,0,0,12248756.55,0,0,12248756.55,0,0,12248756.55,0,0,12248756.55,0,0,12248756.55,0,0,12248756.55,0,0,12248756.55,0,0,12248756.55,0,0,12248756.55,0,0,12248756.55,0,0,12248756.55,0,0,12248756.55,0,0,12248756.55,0,0,12248756.55,0,0,12248756.55,0,0,12248756.55,0,0,12248756.55,0,0,12248756.55,0,0,12248756.55,0,0,12248756.55,0,0,12248756.55,0,0,12248756.55
both_sexes,2,Pfizer,2021-02-08,IMMUNOSUPPR,0,0,0,0,0,0,0,0,0,0,0,0,0,0,0,0,0,0,0,0,0,0,0,0,0,0,0,0,0,0,0,0,0,0,0,0,0,0,0,0,0,0,0,0,0,0,0,0,0,0,9624023,0,0,9624023,0,0,9624023,0,0,9624023,0,0,9624023,0,0,9624023,0,0,9624023,0,0,9624023,0,0,9624023,0,0,9624023,0,0,9624023,0,0,9624023,0,0,9624023,0,0,9624023,0,0,9624023,0,0,9624023,0,0,9624023,0,0,9624023,0,0,9624023,0,0,9624023,0,0,9624023,0,0,9624023,0,0,9624023,0,0,9624023,0,0,9624023,0,0,9624023,0,0,9624023,0,0,9624023,0,0,9624023,0,0,9624023,0,0,9624023,0,0,9624023,0,0,9624023,0,0,9624023,0,0,9624023,0,0,9624023,0,0,9624023,0,0,9624023,0,0,9624023,0,0,9624023,0,0,9624023,0,0,9624023,0,0,9624023,0,0,9624023,0,0,9624023,0,0,9624023,0,0,9624023,0,0,9624023
both_sexes,2,Pfizer,2021-02-15,IMMUNOSUPPR,0,0,0,0,0,0,0,0,0,0,0,0,0,0,0,0,0,0,0,0,0,0,0,0,0,0,0,0,0,0,0,0,0,0,0,0,0,0,0,0,0,0,0,0,0,0,0,0,0,0,9624023,0,0,9624023,0,0,9624023,0,0,9624023,0,0,9624023,0,0,9624023,0,0,9624023,0,0,9624023,0,0,9624023,0,0,9624023,0,0,9624023,0,0,9624023,0,0,9624023,0,0,9624023,0,0,9624023,0,0,9624023,0,0,9624023,0,0,9624023,0,0,9624023,0,0,9624023,0,0,9624023,0,0,9624023,0,0,9624023,0,0,9624023,0,0,9624023,0,0,9624023,0,0,9624023,0,0,9624023,0,0,9624023,0,0,9624023,0,0,9624023,0,0,9624023,0,0,9624023,0,0,9624023,0,0,9624023,0,0,9624023,0,0,9624023,0,0,9624023,0,0,9624023,0,0,9624023,0,0,9624023,0,0,9624023,0,0,9624023,0,0,9624023,0,0,9624023,0,0,9624023,0,0,9624023,0,0,9624023
both_sexes,2,Pfizer,2021-02-22,IMMUNOSUPPR,0,0,0,0,0,0,0,0,0,0,0,0,0,0,0,0,0,0,0,0,0,0,0,0,0,0,0,0,0,0,0,0,0,0,0,0,0,0,0,0,0,0,0,0,0,0,0,0,0,0,9624023,0,0,9624023,0,0,9624023,0,0,9624023,0,0,9624023,0,0,9624023,0,0,9624023,0,0,9624023,0,0,9624023,0,0,9624023,0,0,9624023,0,0,9624023,0,0,9624023,0,0,9624023,0,0,9624023,0,0,9624023,0,0,9624023,0,0,9624023,0,0,9624023,0,0,9624023,0,0,9624023,0,0,9624023,0,0,9624023,0,0,9624023,0,0,9624023,0,0,9624023,0,0,9624023,0,0,9624023,0,0,9624023,0,0,9624023,0,0,9624023,0,0,9624023,0,0,9624023,0,0,9624023,0,0,9624023,0,0,9624023,0,0,9624023,0,0,9624023,0,0,9624023,0,0,9624023,0,0,9624023,0,0,9624023,0,0,9624023,0,0,9624023,0,0,9624023,0,0,9624023,0,0,9624023,0,0,9624023
both_sexes,2,Pfizer,2021-03-01,IMMUNOSUPPR,0,0,0,0,0,0,0,0,0,0,0,0,0,0,0,0,0,0,0,0,0,0,0,0,0,0,0,0,0,0,0,0,0,0,0,0,0,0,0,0,0,0,0,0,0,0,0,0,0,0,9624023,0,0,9624023,0,0,9624023,0,0,9624023,0,0,9624023,0,0,9624023,0,0,9624023,0,0,9624023,0,0,9624023,0,0,9624023,0,0,9624023,0,0,9624023,0,0,9624023,0,0,9624023,0,0,9624023,0,0,9624023,0,0,9624023,0,0,9624023,0,0,9624023,0,0,9624023,0,0,9624023,0,0,9624023,0,0,9624023,0,0,9624023,0,0,9624023,0,0,9624023,0,0,9624023,0,0,9624023,0,0,9624023,0,0,9624023,0,0,9624023,0,0,9624023,0,0,9624023,0,0,9624023,0,0,9624023,0,0,9624023,0,0,9624023,0,0,9624023,0,0,9624023,0,0,9624023,0,0,9624023,0,0,9624023,0,0,9624023,0,0,9624023,0,0,9624023,0,0,9624023,0,0,9624023,0,0,9624023
both_sexes,2,Pfizer,2021-03-08,IMMUNOSUPPR,0,0,0,0,0,0,0,0,0,0,0,0,0,0,0,0,0,0,0,0,0,0,0,0,0,0,0,0,0,0,0,0,0,0,0,0,0,0,0,0,0,0,0,0,0,0,0,0,0,0,9624023,0,0,9624023,0,0,9624023,0,0,9624023,0,0,9624023,0,0,9624023,0,0,9624023,0,0,9624023,0,0,9624023,0,0,9624023,0,0,9624023,0,0,9624023,0,0,9624023,0,0,9624023,0,0,9624023,0,0,9624023,0,0,9624023,0,0,9624023,0,0,9624023,0,0,9624023,0,0,9624023,0,0,9624023,0,0,9624023,0,0,9624023,0,0,9624023,0,0,9624023,0,0,9624023,0,0,9624023,0,0,9624023,0,0,9624023,0,0,9624023,0,0,9624023,0,0,9624023,0,0,9624023,0,0,9624023,0,0,9624023,0,0,9624023,0,0,9624023,0,0,9624023,0,0,9624023,0,0,9624023,0,0,9624023,0,0,9624023,0,0,9624023,0,0,9624023,0,0,9624023,0,0,9624023,0,0,9624023
both_sexes,2,Pfizer,2021-03-15,IMMUNOSUPPR,0,0,0,0,0,0,0,0,0,0,0,0,0,0,0,0,0,0,0,0,0,0,0,0,0,0,0,0,0,0,0,0,0,0,0,0,0,0,0,0,0,0,0,0,0,0,0,0,0,0,6124378.28,0,0,6124378.28,0,0,6124378.28,0,0,6124378.28,0,0,6124378.28,0,0,6124378.28,0,0,6124378.28,0,0,6124378.28,0,0,6124378.28,0,0,6124378.28,0,0,6124378.28,0,0,6124378.28,0,0,6124378.28,0,0,6124378.28,0,0,6124378.28,0,0,6124378.28,0,0,6124378.28,0,0,6124378.28,0,0,6124378.28,0,0,6124378.28,0,0,6124378.28,0,0,6124378.28,0,0,6124378.28,0,0,6124378.28,0,0,6124378.28,0,0,6124378.28,0,0,6124378.28,0,0,6124378.28,0,0,6124378.28,0,0,6124378.28,0,0,6124378.28,0,0,6124378.28,0,0,6124378.28,0,0,6124378.28,0,0,6124378.28,0,0,6124378.28,0,0,6124378.28,0,0,6124378.28,0,0,6124378.28,0,0,6124378.28,0,0,7925666,0,0,6124378.28,0,0,6124378.28,0,0,6124378.28,0,0,6124378.28,0,0,6124378.28,0,0,6124378.28,0,0,6124378.28
both_sexes,2,Pfizer,2021-03-22,IMMUNOSUPPR,0,0,0,0,0,0,0,0,0,0,0,0,0,0,0,0,0,0,0,0,0,0,0,0,0,0,0,0,0,0,0,0,0,0,0,0,0,0,0,0,0,0,0,0,0,0,0,0,0,0,2749720.86,0,0,2749720.86,0,0,2749720.86,0,0,2749720.86,0,0,2749720.86,0,0,2749720.86,0,0,2749720.86,0,0,2749720.86,0,0,2749720.86,0,0,2749720.86,0,0,2749720.86,0,0,2749720.86,0,0,2749720.86,0,0,2749720.86,0,0,2749720.86,0,0,2749720.86,0,0,2749720.86,0,0,2749720.86,0,0,2749720.86,0,0,2749720.86,0,0,2749720.86,0,0,2749720.86,0,0,2749720.86,0,0,2749720.86,0,0,2749720.86,0,0,2749720.86,0,0,2749720.86,0,0,2749720.86,0,0,2749720.86,0,0,2749720.86,0,0,2749720.86,0,0,2749720.86,0,0,2749720.86,0,0,2749720.86,0,0,2749720.86,0,0,2749720.86,0,0,2749720.86,0,0,2749720.86,0,0,2749720.86,0,0,2749720.86,0,0,5182166.23,0,0,2749720.86,0,0,2749720.86,0,0,2749720.86,0,0,2749720.86,0,0,2749720.86,0,0,2749720.86,0,0,2749720.86
both_sexes,2,Pfizer,2021-03-29,IMMUNOSUPPR,0,0,0,0,0,0,0,0,0,0,0,0,0,0,0,0,0,0,0,0,0,0,0,0,0,0,0,0,0,0,0,0,0,0,0,0,0,0,0,0,0,0,0,0,0,0,0,0,0,0,1497070.25,0,0,1497070.25,0,0,1497070.25,0,0,1497070.25,0,0,1548693.36,0,0,1548693.36,0,0,1497070.25,0,0,1548693.36,0,0,1497070.25,0,0,1497070.25,0,0,1497070.25,0,0,1497070.25,0,0,1497070.25,0,0,1497070.25,0,0,1497070.25,0,0,1497070.25,0,0,1497070.25,0,0,1497070.25,0,0,1497070.25,0,0,1497070.25,0,0,1497070.25,0,0,1497070.25,0,0,1497070.25,0,0,1497070.25,0,0,1497070.25,0,0,1497070.25,0,0,1497070.25,0,0,1497070.25,0,0,1497070.25,0,0,1497070.25,0,0,1497070.25,0,0,1497070.25,0,0,1497070.25,0,0,1497070.25,0,0,1497070.25,0,0,1497070.25,0,0,1497070.25,0,0,1497070.25,0,0,1497070.25,0,0,1497070.25,0,0,3962833,0,0,1497070.25,0,0,1497070.25,0,0,1497070.25,0,0,1497070.25,0,0,1497070.25,0,0,1497070.25,0,0,1497070.25
both_sexes,2,Pfizer,2021-04-05,IMMUNOSUPPR,0,0,0,0,0,0,0,0,0,0,0,0,0,0,0,0,0,0,0,0,0,0,0,0,0,0,0,0,0,0,0,0,0,0,0,0,0,0,0,0,0,0,0,0,0,0,0,0,0,0,1060915.92,0,0,1060915.92,0,0,1060915.92,0,0,1060915.92,0,0,1122802.68,0,0,1122802.68,0,0,1060915.92,0,0,1122802.68,0,0,1060915.92,0,0,1060915.92,0,0,1060915.92,0,0,1060915.92,0,0,1060915.92,0,0,1060915.92,0,0,1060915.92,0,0,1060915.92,0,0,1060915.92,0,0,1060915.92,0,0,1060915.92,0,0,1060915.92,0,0,1060915.92,0,0,1060915.92,0,0,1060915.92,0,0,1060915.92,0,0,1060915.92,0,0,1060915.92,0,0,1060915.92,0,0,1060915.92,0,0,1060915.92,0,0,1060915.92,0,0,1060915.92,0,0,1060915.92,0,0,1060915.92,0,0,1060915.92,0,0,1060915.92,0,0,1060915.92,0,0,1060915.92,0,0,1060915.92,0,0,1060915.92,0,0,1060915.92,0,0,2749720.86,0,0,1060915.92,0,0,1060915.92,0,0,1060915.92,0,0,1060915.92,0,0,1060915.92,0,0,1060915.92,0,0,1060915.92
both_sexes,2,Pfizer,2021-04-12,IMMUNOSUPPR,0,0,0,0,0,0,0,0,0,0,0,0,0,0,0,0,0,0,0,0,0,0,0,0,0,0,0,0,0,0,0,0,0,0,0,0,0,0,0,0,0,0,0,0,0,0,0,0,0,0,910380.55,0,0,910380.55,0,0,910380.55,0,0,910380.55,0,0,955576.75,0,0,955576.75,0,0,910380.55,0,0,955576.75,0,0,910380.55,0,0,910380.55,0,0,910380.55,0,0,910380.55,0,0,910380.55,0,0,910380.55,0,0,910380.55,0,0,910380.55,0,0,910380.55,0,0,910380.55,0,0,910380.55,0,0,910380.55,0,0,910380.55,0,0,910380.55,0,0,910380.55,0,0,910380.55,0,0,910380.55,0,0,910380.55,0,0,910380.55,0,0,910380.55,0,0,910380.55,0,0,910380.55,0,0,910380.55,0,0,910380.55,0,0,910380.55,0,0,910380.55,0,0,910380.55,0,0,910380.55,0,0,910380.55,0,0,910380.55,0,0,910380.55,0,0,910380.55,0,0,2749720.86,0,0,910380.55,0,0,910380.55,0,0,910380.55,0,0,910380.55,0,0,910380.55,0,0,910380.55,0,0,910380.55
both_sexes,2,Pfizer,2021-04-19,IMMUNOSUPPR,0,0,0,0,0,0,0,0,0,0,0,0,0,0,0,0,0,0,0,0,0,0,0,0,0,0,0,0,0,0,0,0,0,0,0,0,0,1,0,0,0,0,0,0,0,0,0,0,0,0,826603.2,0,0,826603.2,0,0,826603.2,0,0,826603.2,0,0,869266.59,0,0,869266.59,0,0,826603.2,0,0,874911.18,0,0,831705.69,0,0,831705.69,0,0,826603.2,0,0,826603.2,0,0,826603.2,0,0,826603.2,0,0,826603.2,0,0,826603.2,0,0,836871.57,0,0,836871.57,0,0,826603.2,0,0,826603.2,0,0,826603.2,0,0,826603.2,0,0,826603.2,0,0,826603.2,0,0,826603.2,0,0,826603.2,0,0,826603.2,0,0,826603.2,0,0,826603.2,0,0,826603.2,0,0,826603.2,0,0,826603.2,0,0,826603.2,0,0,826603.2,0,0,826603.2,0,0,826603.2,0,0,826603.2,0,0,826603.2,0,0,826603.2,0,0,826603.2,689150.94,17447.79,3839703.3,0,0,826603.2,0,0,826603.2,0,0,826603.2,0,0,826603.2,0,0,826603.2,0,0,826603.2,0,0,826603.2
both_sexes,2,Pfizer,2021-04-26,IMMUNOSUPPR,0,0,0,0,0,0,0,0,0,0,0,0,0,0,0,0,0,0,0,0,0,0,0,0,0,0,0,0,0,0,0,0,0,0,0,0,0,1,0,0,0,0,0,0,0,0,0,0,0,0,590948.78,0,0,590948.78,0,0,590948.78,0,0,590948.78,0,0,650900.11,0,0,650900.11,0,0,590948.78,0,0,673681.61,0,0,632564.89,0,0,632564.89,0,0,590948.78,0,0,590948.78,0,0,590948.78,0,0,590948.78,0,0,590948.78,0,0,590948.78,0,0,629608.98,0,0,629608.98,0,0,590948.78,0,0,590948.78,0,0,590948.78,0,0,590948.78,0,0,590948.78,0,0,590948.78,0,0,590948.78,0,0,590948.78,0,0,590948.78,0,0,590948.78,0,0,590948.78,0,0,590948.78,0,0,590948.78,0,0,590948.78,0,0,590948.78,0,0,590948.78,0,0,590948.78,0,0,590948.78,0,0,590948.78,0,0,590948.78,0,0,590948.78,0,0,590948.78,794021.74,20102.89,4424005.98,0,0,590948.78,0,0,590948.78,0,0,590948.78,0,0,590948.78,0,0,590948.78,0,0,590948.78,0,0,590948.78
both_sexes,2,Pfizer,2021-05-03,IMMUNOSUPPR,0,0,0,0,0,0,0,0,0,0,0,0,0,0,0,0,0,0,0,0,0,0,0,0,0,0,0,0,0,0,0,0,0,0,0,0,0,0,0,0,0,0,0,0,0,0,0,0,0,0,419739.32,0,0,419739.32,0,0,419739.32,0,0,419739.32,0,0,459850.93,0,0,459850.93,0,0,419739.32,0,0,459850.93,0,0,449121.07,0,0,449121.07,0,0,419739.32,0,0,419739.32,0,0,419739.32,0,0,419739.32,0,0,419739.32,0,0,419739.32,0,0,438880.53,0,0,438880.53,0,0,419739.32,0,0,419739.32,0,0,419739.32,0,0,419739.32,0,0,419739.32,0,0,419739.32,0,0,419739.32,0,0,419739.32,0,0,419739.32,0,0,419739.32,0,0,419739.32,0,0,419739.32,0,0,419739.32,0,0,419739.32,0,0,419739.32,0,0,419739.32,0,0,419739.32,0,0,419739.32,0,0,419739.32,0,0,419739.32,0,0,419739.32,0,0,419739.32,0,0,2072866.49,0,0,419739.32,0,0,419739.32,0,0,419739.32,0,0,419739.32,0,0,419739.32,0,0,419739.32,0,0,419739.32
both_sexes,2,Pfizer,2021-05-10,IMMUNOSUPPR,0,0,0,0,0,0,0,0,0,0,0,0,0,0,0,0,0,0,0,0,0,0,0,0,0,0,0,0,0,0,0,0,0,0,0,0,0,0,0,0,0,0,0,0,0,0,0,0,0,0,354569.27,0,0,354569.27,0,0,354569.27,0,0,354569.27,0,0,383864.17,0,0,383864.17,0,0,354569.27,0,0,382773.64,0,0,375310.09,0,0,375310.09,0,0,354569.27,0,0,354569.27,0,0,354569.27,0,0,354569.27,0,0,354569.27,0,0,354569.27,0,0,369140.61,0,0,369140.61,0,0,354569.27,0,0,354569.27,0,0,354569.27,0,0,354569.27,0,0,354569.27,0,0,354569.27,0,0,354569.27,0,0,354569.27,0,0,354569.27,0,0,354569.27,0,0,354569.27,0,0,354569.27,0,0,354569.27,0,0,354569.27,0,0,354569.27,0,0,354569.27,0,0,354569.27,0,0,354569.27,0,0,354569.27,0,0,354569.27,0,0,354569.27,0,0,354569.27,0,0,1623329.18,0,0,354569.27,0,0,354569.27,0,0,354569.27,0,0,354569.27,0,0,354569.27,0,0,354569.27,0,0,354569.27
both_sexes,2,Pfizer,2021-05-17,IMMUNOSUPPR,0,0,0,0,0,0,0,0,0,0,0,0,0,0,0,0,0,0,0,0,0,0,0,0,0,0,0,0,0,0,0,0,0,0,0,0,0,0,0,0,0,0,0,0,0,0,0,0,0,0,317026.64,0,0,317026.64,0,0,317026.64,0,0,317026.64,0,0,345477.75,0,0,345477.75,0,0,317026.64,0,0,339386.2,0,0,339386.2,0,0,339386.2,0,0,317026.64,0,0,317026.64,0,0,317026.64,0,0,317026.64,0,0,317026.64,0,0,317026.64,0,0,333505.75,0,0,333505.75,0,0,317026.64,0,0,317026.64,0,0,317026.64,0,0,317026.64,0,0,317026.64,0,0,317026.64,0,0,317026.64,0,0,317026.64,0,0,317026.64,0,0,317026.64,0,0,317026.64,0,0,317026.64,0,0,317026.64,0,0,317026.64,0,0,317026.64,0,0,317026.64,0,0,317026.64,0,0,317026.64,0,0,317026.64,0,0,317026.64,0,0,317026.64,0,0,317026.64,0,0,1604003.83,0,0,317026.64,0,0,317026.64,0,0,317026.64,0,0,317026.64,0,0,317026.64,0,0,317026.64,0,0,317026.64
both_sexes,2,Pfizer,2021-05-24,IMMUNOSUPPR,0,0,0,0,0,0,0,0,0,0,0,0,0,0,0,0,0,0,0,0,0,0,0,0,0,0,0,0,0,0,0,0,0,0,0,0,0,0,0,0,0,0,0,0,0,0,0,0,0,0,307617.17,0,0,307617.17,0,0,307617.17,0,0,307617.17,0,0,334333.31,0,0,334333.31,0,0,307617.17,0,0,331047.47,0,0,328625.18,0,0,328625.18,0,0,307617.17,0,0,307617.17,0,0,307617.17,0,0,307617.17,0,0,307617.17,0,0,307617.17,0,0,323108.69,0,0,323108.69,0,0,307617.17,0,0,307617.17,0,0,307617.17,0,0,307617.17,0,0,307617.17,0,0,307617.17,0,0,307617.17,0,0,307617.17,0,0,307617.17,0,0,307617.17,0,0,307617.17,0,0,307617.17,0,0,307617.17,0,0,307617.17,0,0,307617.17,0,0,307617.17,0,0,307617.17,0,0,307617.17,0,0,307617.17,0,0,307617.17,0,0,307617.17,0,0,307617.17,0,0,1497070.25,0,0,307617.17,0,0,307617.17,0,0,307617.17,0,0,307617.17,0,0,307617.17,0,0,307617.17,0,0,307617.17
both_sexes,2,Pfizer,2021-05-31,IMMUNOSUPPR,0,0,0,0,0,0,0,0,0,0,0,0,0,0,0,0,0,0,0,0,0,0,0,0,0,0,0,0,0,0,0,0,0,0,0,0,0,1,0,0,0,0,0,0,0,0,0,0,0,0,262132.92,0,0,262132.92,0,0,262132.92,0,0,262132.92,0,0,281286.68,0,0,281286.68,0,0,262132.92,0,0,281286.68,0,0,277235.23,0,0,277235.23,0,0,262132.92,0,0,262132.92,0,0,262132.92,0,0,262132.92,0,0,262132.92,0,0,262132.92,0,0,273298.83,0,0,273298.83,0,0,262132.92,0,0,262132.92,0,0,262132.92,0,0,262132.92,0,0,262132.92,0,0,262132.92,0,0,262132.92,0,0,262132.92,0,0,262132.92,0,0,262132.92,0,0,262132.92,0,0,262132.92,0,0,262132.92,0,0,262132.92,0,0,262132.92,0,0,262132.92,0,0,262132.92,0,0,262132.92,0,0,262132.92,0,0,262132.92,0,0,262132.92,0,0,262132.92,312179.49,7903.7,1739352.78,0,0,262132.92,0,0,262132.92,0,0,262132.92,0,0,262132.92,0,0,262132.92,0,0,262132.92,0,0,262132.92
both_sexes,2,Pfizer,2021-06-07,IMMUNOSUPPR,0,0,0,0,0,0,0,0,0,0,0,0,0,0,0,0,0,0,0,0,0,0,0,0,1,1,0,0,0,0,0,0,0,0,0,0,0,0,0,0,0,0,0,0,0,0,0,0,0,0,256640.61,0,0,256640.61,0,0,256640.61,0,0,256640.61,0,0,274972.09,0,0,274972.09,0,0,256640.61,0,0,274972.09,0,0,271099.24,0,0,271099.24,0,0,256640.61,0,0,256640.61,0,0,256640.61,0,0,256640.61,0,0,256640.61,0,0,256640.61,0,0,267333.97,0,0,267333.97,0,0,256640.61,0,0,256640.61,0,0,256640.61,0,0,256640.61,0,0,256640.61,0,0,256640.61,0,0,256640.61,0,0,256640.61,0,0,256640.61,70105.57,1774.92,390603.21,70105.57,1774.92,390603.21,0,0,256640.61,0,0,256640.61,0,0,256640.61,0,0,256640.61,0,0,256640.61,0,0,256640.61,0,0,256640.61,0,0,256640.61,0,0,256640.61,0,0,256640.61,0,0,256640.61,0,0,1132238,0,0,256640.61,0,0,256640.61,0,0,256640.61,0,0,256640.61,0,0,256640.61,0,0,256640.61,0,0,256640.61
both_sexes,2,Pfizer,2021-06-14,IMMUNOSUPPR,0,0,0,0,0,0,0,0,0,0,0,0,0,0,0,0,0,0,0,0,0,0,0,0,0,0,0,0,0,0,0,0,0,0,0,0,0,0,0,0,0,0,0,0,0,0,0,0,0,0,256640.61,0,0,256640.61,0,0,256640.61,0,0,256640.61,0,0,274972.09,0,0,274972.09,0,0,256640.61,0,0,274972.09,0,0,271099.24,0,0,271099.24,0,0,256640.61,0,0,256640.61,0,0,256640.61,0,0,256640.61,0,0,256640.61,0,0,256640.61,0,0,267333.97,0,0,267333.97,0,0,256640.61,0,0,256640.61,0,0,256640.61,0,0,256640.61,0,0,256640.61,0,0,256640.61,0,0,256640.61,0,0,256640.61,0,0,256640.61,0,0,260108.73,0,0,260108.73,0,0,256640.61,0,0,256640.61,0,0,256640.61,0,0,256640.61,0,0,256640.61,0,0,256640.61,0,0,256640.61,0,0,256640.61,0,0,256640.61,0,0,256640.61,0,0,256640.61,0,0,1132238,0,0,256640.61,0,0,256640.61,0,0,256640.61,0,0,256640.61,0,0,256640.61,0,0,256640.61,0,0,256640.61
both_sexes,1,AstraZeneca,2021-05-31,IMMUNOSUPPR,0,0,0,0,0,0,0,0,0,0,0,0,0,0,0,0,0,0,0,0,0,0,0,0,0,0,0,0,0,0,0,0,0,0,0,0,0,0,0,0,0,0,0,0,0,0,0,0,0,0,667011.5,0,0,667011.5,0,0,667011.5,0,0,690955.5,0,0,667011.5,0,0,667011.5,0,0,667011.5,0,0,667011.5,0,0,667011.5,0,0,667011.5,0,0,667011.5,0,0,667011.5,0,0,667011.5,0,0,667011.5,0,0,667011.5,0,0,667011.5,0,0,667011.5,0,0,667011.5,0,0,667011.5,0,0,667011.5,0,0,667011.5,0,0,667011.5,0,0,667011.5,0,0,667011.5,0,0,667011.5,0,0,667011.5,0,0,667011.5,0,0,667011.5,0,0,667011.5,0,0,667011.5,0,0,667011.5,0,0,667011.5,0,0,667011.5,0,0,667011.5,0,0,667011.5,0,0,667011.5,0,0,667011.5,0,0,667011.5,0,0,667011.5,0,0,667011.5,0,0,1897694.68,0,0,667011.5,0,0,667011.5,0,0,667011.5,0,0,667011.5,0,0,667011.5,0,0,667011.5,0,0,667011.5
both_sexes,1,AstraZeneca,2021-06-07,IMMUNOSUPPR,0,0,0,0,0,0,0,0,0,0,0,0,0,0,0,0,0,0,0,0,0,0,0,0,0,0,0,0,0,0,0,0,0,0,0,0,0,0,0,0,0,0,0,0,0,0,0,0,0,0,687430.21,0,0,687430.21,0,0,687430.21,0,0,712890.59,0,0,687430.21,0,0,687430.21,0,0,687430.21,0,0,687430.21,0,0,687430.21,0,0,687430.21,0,0,687430.21,0,0,687430.21,0,0,687430.21,0,0,687430.21,0,0,687430.21,0,0,687430.21,0,0,687430.21,0,0,687430.21,0,0,687430.21,0,0,687430.21,0,0,687430.21,0,0,687430.21,0,0,687430.21,0,0,687430.21,0,0,687430.21,0,0,687430.21,0,0,687430.21,0,0,687430.21,0,0,687430.21,0,0,687430.21,0,0,687430.21,0,0,687430.21,0,0,687430.21,0,0,687430.21,0,0,687430.21,0,0,687430.21,0,0,687430.21,0,0,687430.21,0,0,687430.21,0,0,687430.21,0,0,2138671.78,0,0,687430.21,0,0,687430.21,0,0,687430.21,0,0,687430.21,0,0,687430.21,0,0,687430.21,0,0,687430.21
both_sexes,1,AstraZeneca,2021-06-14,IMMUNOSUPPR,0,0,0,0,0,0,0,0,0,0,0,0,0,0,0,0,0,0,0,0,0,0,0,0,0,0,0,0,0,0,0,0,0,0,0,0,0,1,0,0,0,0,0,0,0,0,0,0,0,0,774346.68,0,0,774346.68,0,0,774346.68,0,0,797256.34,0,0,774346.68,0,0,774346.68,0,0,774346.68,0,0,774346.68,0,0,774346.68,0,0,774346.68,0,0,774346.68,0,0,774346.68,0,0,774346.68,0,0,774346.68,0,0,774346.68,0,0,774346.68,0,0,774346.68,0,0,774346.68,0,0,774346.68,0,0,774346.68,0,0,774346.68,0,0,774346.68,0,0,774346.68,0,0,774346.68,0,0,774346.68,0,0,774346.68,0,0,774346.68,0,0,774346.68,0,0,774346.68,0,0,774346.68,0,0,774346.68,0,0,774346.68,0,0,774346.68,0,0,774346.68,0,0,774346.68,0,0,774346.68,0,0,774346.68,0,0,774346.68,0,0,774346.68,0,0,774346.68,676388.89,17124.68,3768597.68,0,0,774346.68,0,0,774346.68,0,0,774346.68,0,0,774346.68,0,0,774346.68,0,0,774346.68,0,0,774346.68
both_sexes,1,AstraZeneca,2021-06-21,IMMUNOSUPPR,0,0,0,0,0,0,0,0,0,0,0,0,0,0,0,0,0,0,0,0,0,0,0,0,0,0,0,0,0,0,0,0,0,0,0,0,0,0,0,0,0,0,0,0,0,0,0,0,0,0,1104396.08,0,0,1104396.08,0,0,1104396.08,0,0,1104396.08,0,0,1104396.08,0,0,1104396.08,0,0,1104396.08,0,0,1104396.08,0,0,1104396.08,0,0,1104396.08,0,0,1104396.08,0,0,1104396.08,0,0,1104396.08,0,0,1104396.08,0,0,1104396.08,0,0,1104396.08,0,0,1104396.08,0,0,1104396.08,0,0,1104396.08,0,0,1104396.08,0,0,1104396.08,0,0,1104396.08,0,0,1104396.08,0,0,1104396.08,0,0,1104396.08,0,0,1104396.08,0,0,1104396.08,0,0,1104396.08,0,0,1104396.08,0,0,1104396.08,0,0,1104396.08,0,0,1104396.08,0,0,1104396.08,0,0,1104396.08,0,0,1104396.08,0,0,1104396.08,0,0,1104396.08,0,0,1104396.08,0,0,1104396.08,0,0,1104396.08,0,0,3368408.05,0,0,1104396.08,0,0,1104396.08,0,0,1104396.08,0,0,1104396.08,0,0,1104396.08,0,0,1104396.08,0,0,1104396.08
both_sexes,1,AstraZeneca,2021-06-28,IMMUNOSUPPR,0,0,0,0,0,0,0,0,0,0,0,0,0,0,0,0,0,0,0,0,0,0,0,0,0,0,0,0,0,0,0,0,0,0,0,0,0,0,0,0,0,0,0,0,0,0,0,0,0,0,3454777.49,0,0,3454777.49,0,0,3454777.49,0,0,3454777.49,0,0,3454777.49,0,0,3454777.49,0,0,3454777.49,0,0,3454777.49,0,0,3454777.49,0,0,3454777.49,0,0,3454777.49,0,0,3454777.49,0,0,3454777.49,0,0,3454777.49,0,0,3454777.49,0,0,3454777.49,0,0,3454777.49,0,0,3454777.49,0,0,3454777.49,0,0,3454777.49,0,0,3454777.49,0,0,3454777.49,0,0,3454777.49,0,0,3454777.49,0,0,3454777.49,0,0,3454777.49,0,0,3454777.49,0,0,3454777.49,0,0,3454777.49,0,0,3454777.49,0,0,3454777.49,0,0,3454777.49,0,0,3454777.49,0,0,3454777.49,0,0,3454777.49,0,0,3454777.49,0,0,3454777.49,0,0,3454777.49,0,0,3454777.49,0,0,3454777.49,0,0,11228026.84,0,0,3454777.49,0,0,3454777.49,0,0,3454777.49,0,0,3454777.49,0,0,3454777.49,0,0,3454777.49,0,0,3454777.49
both_sexes,1,J&J,2021-06-07,IMMUNOSUPPR,0,0,0,0,0,0,0,0,0,0,0,0,0,0,0,0,0,0,0,0,0,0,0,0,0,0,0,0,0,0,0,0,0,0,0,0,0,0,0,0,0,0,0,0,0,0,0,0,0,0,3742675.61,0,0,3742675.61,0,0,3742675.61,0,0,3742675.61,0,0,3742675.61,0,0,3742675.61,0,0,3742675.61,0,0,3742675.61,0,0,3742675.61,0,0,3742675.61,0,0,3742675.61,0,0,3742675.61,0,0,3742675.61,0,0,3742675.61,0,0,3742675.61,0,0,3742675.61,0,0,3742675.61,0,0,3742675.61,0,0,3742675.61,0,0,3742675.61,0,0,3742675.61,0,0,3742675.61,0,0,3742675.61,0,0,3742675.61,0,0,3742675.61,0,0,3742675.61,0,0,3742675.61,0,0,3742675.61,0,0,3742675.61,0,0,3742675.61,0,0,3742675.61,0,0,3742675.61,0,0,3742675.61,0,0,3742675.61,0,0,3742675.61,0,0,3742675.61,0,0,3742675.61,0,0,3742675.61,0,0,3742675.61,0,0,3742675.61,0,0,4646080.07,0,0,3742675.61,0,0,3742675.61,0,0,3742675.61,0,0,3742675.61,0,0,3742675.61,0,0,3742675.61,0,0,3742675.61
both_sexes,1,J&J,2021-06-14,IMMUNOSUPPR,0,0,0,0,0,0,0,0,0,0,0,0,0,0,0,0,0,0,0,0,0,0,0,0,0,0,0,0,0,0,0,0,0,0,0,0,0,0,0,0,0,0,0,0,0,0,0,0,0,0,3208007.67,0,0,3208007.67,0,0,3208007.67,0,0,3208007.67,0,0,3208007.67,0,0,3208007.67,0,0,3208007.67,0,0,3208007.67,0,0,3208007.67,0,0,3208007.67,0,0,3208007.67,0,0,3208007.67,0,0,3208007.67,0,0,3208007.67,0,0,3208007.67,0,0,3208007.67,0,0,3208007.67,0,0,3208007.67,0,0,3208007.67,0,0,3208007.67,0,0,3208007.67,0,0,3208007.67,0,0,3208007.67,0,0,3208007.67,0,0,3208007.67,0,0,3208007.67,0,0,3208007.67,0,0,3208007.67,0,0,3208007.67,0,0,3208007.67,0,0,3208007.67,0,0,3208007.67,0,0,3208007.67,0,0,3208007.67,0,0,3208007.67,0,0,3208007.67,0,0,3208007.67,0,0,3208007.67,0,0,3208007.67,0,0,3208007.67,0,0,3849609.2,0,0,3208007.67,0,0,3208007.67,0,0,3208007.67,0,0,3208007.67,0,0,3208007.67,0,0,3208007.67,0,0,3208007.67
both_sexes,1,J&J,2021-06-21,IMMUNOSUPPR,0,0,0,0,0,0,0,0,0,0,0,0,0,0,0,0,0,0,0,0,0,0,0,0,0,0,0,0,0,0,0,0,0,0,0,0,0,0,0,0,0,0,0,0,0,0,0,0,0,0,3208007.67,0,0,3208007.67,0,0,3208007.67,0,0,3208007.67,0,0,3208007.67,0,0,3208007.67,0,0,3208007.67,0,0,3208007.67,0,0,3208007.67,0,0,3208007.67,0,0,3208007.67,0,0,3208007.67,0,0,3208007.67,0,0,3208007.67,0,0,3208007.67,0,0,3208007.67,0,0,3208007.67,0,0,3208007.67,0,0,3208007.67,0,0,3208007.67,0,0,3208007.67,0,0,3208007.67,0,0,3208007.67,0,0,3208007.67,0,0,3208007.67,0,0,3208007.67,0,0,3208007.67,0,0,3208007.67,0,0,3208007.67,0,0,3208007.67,0,0,3208007.67,0,0,3208007.67,0,0,3208007.67,0,0,3208007.67,0,0,3208007.67,0,0,3208007.67,0,0,3208007.67,0,0,3208007.67,0,0,3208007.67,0,0,3208007.67,0,0,3849609.2,0,0,3208007.67,0,0,3208007.67,0,0,3208007.67,0,0,3208007.67,0,0,3208007.67,0,0,3208007.67,0,0,3208007.67
both_sexes,1,J&J,2021-06-28,IMMUNOSUPPR,0,0,0,0,0,0,0,0,0,0,0,0,0,0,0,0,0,0,0,0,0,0,0,0,0,0,0,0,0,0,0,0,0,0,0,0,0,0,0,0,0,0,0,0,0,0,0,0,0,0,7485351.23,0,0,7485351.23,0,0,7485351.23,0,0,7485351.23,0,0,7485351.23,0,0,7485351.23,0,0,7485351.23,0,0,7485351.23,0,0,7485351.23,0,0,7485351.23,0,0,7485351.23,0,0,7485351.23,0,0,7485351.23,0,0,7485351.23,0,0,7485351.23,0,0,7485351.23,0,0,7485351.23,0,0,7485351.23,0,0,7485351.23,0,0,7485351.23,0,0,7485351.23,0,0,7485351.23,0,0,7485351.23,0,0,7485351.23,0,0,7485351.23,0,0,7485351.23,0,0,7485351.23,0,0,7485351.23,0,0,7485351.23,0,0,7485351.23,0,0,7485351.23,0,0,7485351.23,0,0,7485351.23,0,0,7485351.23,0,0,7485351.23,0,0,7485351.23,0,0,7485351.23,0,0,7485351.23,0,0,7485351.23,0,0,7485351.23,0,0,8982421.47,0,0,7485351.23,0,0,7485351.23,0,0,7485351.23,0,0,7485351.23,0,0,7485351.23,0,0,7485351.23,0,0,7485351.23
both_sexes,1,Moderna,2021-03-15,IMMUNOSUPPR,0,0,0,0,0,0,0,0,0,0,0,0,0,0,0,0,0,0,0,0,0,0,0,0,0,0,0,0,0,0,0,0,0,0,0,0,0,0,0,0,0,0,0,0,0,0,0,0,0,0,2866730.26,0,0,3368408.05,0,0,2866730.26,0,0,3962833,0,0,4082918.85,0,0,4082918.85,0,0,2866730.26,0,0,2866730.26,0,0,4990234.15,0,0,4990234.15,0,0,2866730.26,0,0,2866730.26,0,0,2866730.26,0,0,2866730.26,0,0,2866730.26,0,0,2866730.26,0,0,3368408.05,0,0,3368408.05,0,0,2866730.26,0,0,2866730.26,0,0,2866730.26,0,0,2866730.26,0,0,2866730.26,0,0,2866730.26,0,0,2866730.26,0,0,2866730.26,0,0,2866730.26,0,0,2866730.26,0,0,2866730.26,0,0,2866730.26,0,0,2866730.26,0,0,2866730.26,0,0,2866730.26,0,0,2866730.26,0,0,2866730.26,0,0,2866730.26,0,0,2866730.26,0,0,2866730.26,0,0,2866730.26,0,0,2866730.26,0,0,22456053.68,0,0,2866730.26,0,0,2866730.26,0,0,2866730.26,0,0,2866730.26,0,0,2866730.26,0,0,2866730.26,0,0,2866730.26
both_sexes,1,Moderna,2021-03-22,IMMUNOSUPPR,0,0,0,0,0,0,0,0,0,0,0,0,0,0,0,0,0,0,0,0,0,0,0,0,0,0,0,0,0,0,0,0,0,0,0,0,0,0,0,0,0,0,0,0,0,0,0,0,0,0,2542194.76,0,0,2929050.48,0,0,2542194.76,0,0,3454777.49,0,0,3454777.49,0,0,3454777.49,0,0,2542194.76,0,0,2542194.76,0,0,3641522.22,0,0,3641522.22,0,0,2542194.76,0,0,2542194.76,0,0,2542194.76,0,0,2542194.76,0,0,2542194.76,0,0,2542194.76,0,0,2929050.48,0,0,2929050.48,0,0,2542194.76,0,0,2542194.76,0,0,2542194.76,0,0,2542194.76,0,0,2542194.76,0,0,2542194.76,0,0,2542194.76,0,0,2542194.76,0,0,2542194.76,0,0,2542194.76,0,0,2542194.76,0,0,2542194.76,0,0,2542194.76,0,0,2542194.76,0,0,2542194.76,0,0,2542194.76,0,0,2542194.76,0,0,2542194.76,0,0,2542194.76,0,0,2542194.76,0,0,2542194.76,0,0,2542194.76,0,0,19248046.01,0,0,2542194.76,0,0,2542194.76,0,0,2542194.76,0,0,2542194.76,0,0,2542194.76,0,0,2542194.76,0,0,2542194.76
both_sexes,1,Pfizer,2021-02-22,IMMUNOSUPPR,0,0,0,0,0,0,0,0,0,0,0,0,0,0,0,0,0,0,0,0,0,0,0,0,0,0,0,0,0,0,0,0,0,0,0,0,0,0,0,0,0,0,0,0,0,0,0,0,0,0,10364332.47,0,0,10364332.47,0,0,10364332.47,0,0,10364332.47,0,0,10364332.47,0,0,10364332.47,0,0,10364332.47,0,0,10364332.47,0,0,10364332.47,0,0,10364332.47,0,0,10364332.47,0,0,10364332.47,0,0,10364332.47,0,0,10364332.47,0,0,10364332.47,0,0,10364332.47,0,0,10364332.47,0,0,10364332.47,0,0,10364332.47,0,0,10364332.47,0,0,10364332.47,0,0,10364332.47,0,0,10364332.47,0,0,10364332.47,0,0,10364332.47,0,0,10364332.47,0,0,10364332.47,0,0,10364332.47,0,0,10364332.47,0,0,10364332.47,0,0,10364332.47,0,0,10364332.47,0,0,10364332.47,0,0,10364332.47,0,0,10364332.47,0,0,10364332.47,0,0,10364332.47,0,0,10364332.47,0,0,10364332.47,0,0,10364332.47,0,0,19248046.01,0,0,10364332.47,0,0,10364332.47,0,0,10364332.47,0,0,10364332.47,0,0,10364332.47,0,0,10364332.47,0,0,10364332.47
both_sexes,1,Pfizer,2021-03-01,IMMUNOSUPPR,0,0,0,0,0,0,0,0,0,0,0,0,0,0,0,0,0,0,0,0,0,0,0,0,0,0,0,0,0,0,0,0,0,0,0,0,0,0,0,0,0,0,0,0,0,0,0,0,0,0,2866730.26,0,0,2866730.26,0,0,2866730.26,0,0,2866730.26,0,0,2866730.26,0,0,2866730.26,0,0,2866730.26,0,0,2866730.26,0,0,2866730.26,0,0,2866730.26,0,0,2866730.26,0,0,2866730.26,0,0,2866730.26,0,0,2866730.26,0,0,2866730.26,0,0,2866730.26,0,0,2866730.26,0,0,2866730.26,0,0,2866730.26,0,0,2866730.26,0,0,2866730.26,0,0,2866730.26,0,0,2866730.26,0,0,2866730.26,0,0,2866730.26,0,0,2866730.26,0,0,2866730.26,0,0,2866730.26,0,0,2866730.26,0,0,2866730.26,0,0,2866730.26,0,0,2866730.26,0,0,2866730.26,0,0,2866730.26,0,0,2866730.26,0,0,2866730.26,0,0,2866730.26,0,0,2866730.26,0,0,2866730.26,0,0,2866730.26,0,0,11228026.84,0,0,2866730.26,0,0,2866730.26,0,0,2866730.26,0,0,2866730.26,0,0,2866730.26,0,0,2866730.26,0,0,2866730.26
both_sexes,1,Pfizer,2021-03-08,IMMUNOSUPPR,0,0,0,0,0,0,0,0,0,0,0,0,0,0,0,0,0,0,0,0,0,0,0,0,0,0,0,0,0,0,0,0,0,0,0,0,0,0,0,0,0,0,0,0,0,0,0,0,0,0,1418277.07,0,0,1418277.07,0,0,1418277.07,0,0,1418277.07,0,0,1464525.24,0,0,1464525.24,0,0,1418277.07,0,0,1464525.24,0,0,1418277.07,0,0,1418277.07,0,0,1418277.07,0,0,1418277.07,0,0,1418277.07,0,0,1418277.07,0,0,1418277.07,0,0,1418277.07,0,0,1418277.07,0,0,1418277.07,0,0,1418277.07,0,0,1418277.07,0,0,1418277.07,0,0,1418277.07,0,0,1418277.07,0,0,1418277.07,0,0,1418277.07,0,0,1418277.07,0,0,1418277.07,0,0,1418277.07,0,0,1418277.07,0,0,1418277.07,0,0,1418277.07,0,0,1418277.07,0,0,1418277.07,0,0,1418277.07,0,0,1418277.07,0,0,1418277.07,0,0,1418277.07,0,0,1418277.07,0,0,1418277.07,0,0,1418277.07,0,0,5389452.88,0,0,1418277.07,0,0,1418277.07,0,0,1418277.07,0,0,1418277.07,0,0,1418277.07,0,0,1418277.07,0,0,1418277.07
both_sexes,1,Pfizer,2021-03-15,IMMUNOSUPPR,0,0,0,0,0,0,0,0,0,0,0,0,0,0,0,0,0,0,0,0,0,0,0,0,0,0,0,0,0,0,0,0,0,0,0,0,0,0,0,0,0,0,0,0,0,0,0,0,0,0,1122802.68,0,0,1122802.68,0,0,1122802.68,0,0,1122802.68,0,0,1192356.83,0,0,1192356.83,0,0,1122802.68,0,0,1192356.83,0,0,1122802.68,0,0,1122802.68,0,0,1122802.68,0,0,1122802.68,0,0,1122802.68,0,0,1122802.68,0,0,1122802.68,0,0,1122802.68,0,0,1122802.68,0,0,1122802.68,0,0,1122802.68,0,0,1122802.68,0,0,1122802.68,0,0,1122802.68,0,0,1122802.68,0,0,1122802.68,0,0,1122802.68,0,0,1122802.68,0,0,1122802.68,0,0,1122802.68,0,0,1122802.68,0,0,1122802.68,0,0,1122802.68,0,0,1122802.68,0,0,1122802.68,0,0,1122802.68,0,0,1122802.68,0,0,1122802.68,0,0,1122802.68,0,0,1122802.68,0,0,1122802.68,0,0,1122802.68,0,0,4210510.06,0,0,1122802.68,0,0,1122802.68,0,0,1122802.68,0,0,1122802.68,0,0,1122802.68,0,0,1122802.68,0,0,1122802.68
both_sexes,1,J&J,2021-05-10,IMMUNOSUPPR,0,0,0,0,0,0,0,0,0,0,0,0,0,0,0,0,0,0,0,0,0,0,0,0,0,0,0,0,0,0,0,0,0,0,0,0,0,0,0,0,0,0,0,0,0,0,0,0,0,0,6736816.1,0,0,6736816.1,0,0,6736816.1,0,0,6736816.1,0,0,6736816.1,0,0,6736816.1,0,0,6736816.1,0,0,6736816.1,0,0,6736816.1,0,0,6736816.1,0,0,6736816.1,0,0,6736816.1,0,0,6736816.1,0,0,6736816.1,0,0,6736816.1,0,0,6736816.1,0,0,6736816.1,0,0,6736816.1,0,0,6736816.1,0,0,6736816.1,0,0,6736816.1,0,0,6736816.1,0,0,6736816.1,0,0,6736816.1,0,0,6736816.1,0,0,6736816.1,0,0,6736816.1,0,0,6736816.1,0,0,6736816.1,0,0,6736816.1,0,0,6736816.1,0,0,6736816.1,0,0,6736816.1,0,0,6736816.1,0,0,6736816.1,0,0,6736816.1,0,0,6736816.1,0,0,6736816.1,0,0,6736816.1,0,0,6736816.1,0,0,10364332.47,0,0,6736816.1,0,0,6736816.1,0,0,6736816.1,0,0,6736816.1,0,0,6736816.1,0,0,6736816.1,0,0,6736816.1
both_sexes,1,J&J,2021-05-17,IMMUNOSUPPR,0,0,0,0,0,0,0,0,0,0,0,0,0,0,0,0,0,0,0,0,0,0,0,0,0,0,0,0,0,0,0,0,0,0,0,0,0,0,0,0,0,0,0,0,0,0,0,0,0,0,6416015.34,0,0,6416015.34,0,0,6416015.34,0,0,6416015.34,0,0,6416015.34,0,0,6416015.34,0,0,6416015.34,0,0,6416015.34,0,0,6416015.34,0,0,6416015.34,0,0,6416015.34,0,0,6416015.34,0,0,6416015.34,0,0,6416015.34,0,0,6416015.34,0,0,6416015.34,0,0,6416015.34,0,0,6416015.34,0,0,6416015.34,0,0,6416015.34,0,0,6416015.34,0,0,6416015.34,0,0,6416015.34,0,0,6416015.34,0,0,6416015.34,0,0,6416015.34,0,0,6416015.34,0,0,6416015.34,0,0,6416015.34,0,0,6416015.34,0,0,6416015.34,0,0,6416015.34,0,0,6416015.34,0,0,6416015.34,0,0,6416015.34,0,0,6416015.34,0,0,6416015.34,0,0,6416015.34,0,0,6416015.34,0,0,6416015.34,0,0,9624023,0,0,6416015.34,0,0,6416015.34,0,0,6416015.34,0,0,6416015.34,0,0,6416015.34,0,0,6416015.34,0,0,6416015.34
both_sexes,1,J&J,2021-05-24,IMMUNOSUPPR,0,0,0,0,0,0,0,0,0,0,0,0,0,0,0,0,0,0,0,0,0,0,0,0,0,0,0,0,0,0,0,0,0,0,0,0,0,0,0,0,0,0,0,0,0,0,0,0,0,0,6416015.34,0,0,6416015.34,0,0,6416015.34,0,0,6416015.34,0,0,6416015.34,0,0,6416015.34,0,0,6416015.34,0,0,6416015.34,0,0,6416015.34,0,0,6416015.34,0,0,6416015.34,0,0,6416015.34,0,0,6416015.34,0,0,6416015.34,0,0,6416015.34,0,0,6416015.34,0,0,6416015.34,0,0,6416015.34,0,0,6416015.34,0,0,6416015.34,0,0,6416015.34,0,0,6416015.34,0,0,6416015.34,0,0,6416015.34,0,0,6416015.34,0,0,6416015.34,0,0,6416015.34,0,0,6416015.34,0,0,6416015.34,0,0,6416015.34,0,0,6416015.34,0,0,6416015.34,0,0,6416015.34,0,0,6416015.34,0,0,6416015.34,0,0,6416015.34,0,0,6416015.34,0,0,6416015.34,0,0,6416015.34,0,0,6416015.34,0,0,9624023,0,0,6416015.34,0,0,6416015.34,0,0,6416015.34,0,0,6416015.34,0,0,6416015.34,0,0,6416015.34,0,0,6416015.34
both_sexes,1,J&J,2021-05-31,IMMUNOSUPPR,0,0,0,0,0,0,0,0,0,0,0,0,0,0,0,0,0,0,0,0,0,0,0,0,0,0,0,0,0,0,0,0,0,0,0,0,0,0,0,0,0,0,0,0,0,0,0,0,0,0,6416015.34,0,0,6416015.34,0,0,6416015.34,0,0,6416015.34,0,0,6416015.34,0,0,6416015.34,0,0,6416015.34,0,0,6416015.34,0,0,6416015.34,0,0,6416015.34,0,0,6416015.34,0,0,6416015.34,0,0,6416015.34,0,0,6416015.34,0,0,6416015.34,0,0,6416015.34,0,0,6416015.34,0,0,6416015.34,0,0,6416015.34,0,0,6416015.34,0,0,6416015.34,0,0,6416015.34,0,0,6416015.34,0,0,6416015.34,0,0,6416015.34,0,0,6416015.34,0,0,6416015.34,0,0,6416015.34,0,0,6416015.34,0,0,6416015.34,0,0,6416015.34,0,0,6416015.34,0,0,6416015.34,0,0,6416015.34,0,0,6416015.34,0,0,6416015.34,0,0,6416015.34,0,0,6416015.34,0,0,6416015.34,0,0,6416015.34,0,0,9624023,0,0,6416015.34,0,0,6416015.34,0,0,6416015.34,0,0,6416015.34,0,0,6416015.34,0,0,6416015.34,0,0,6416015.34
both_sexes,1,Moderna,2021-01-18,IMMUNOSUPPR,0,0,0,0,0,0,0,0,0,0,0,0,0,0,0,0,0,0,0,0,0,0,0,0,0,0,0,0,0,0,0,0,0,0,0,0,0,0,0,0,0,0,0,0,0,0,0,0,0,0,44912107.35,0,0,44912107.35,0,0,44912107.35,0,0,44912107.35,0,0,44912107.35,0,0,44912107.35,0,0,44912107.35,0,0,44912107.35,0,0,44912107.35,0,0,44912107.35,0,0,44912107.35,0,0,44912107.35,0,0,44912107.35,0,0,44912107.35,0,0,44912107.35,0,0,44912107.35,0,0,44912107.35,0,0,44912107.35,0,0,44912107.35,0,0,44912107.35,0,0,44912107.35,0,0,44912107.35,0,0,44912107.35,0,0,44912107.35,0,0,44912107.35,0,0,44912107.35,0,0,44912107.35,0,0,44912107.35,0,0,44912107.35,0,0,44912107.35,0,0,44912107.35,0,0,44912107.35,0,0,44912107.35,0,0,44912107.35,0,0,44912107.35,0,0,44912107.35,0,0,44912107.35,0,0,44912107.35,0,0,44912107.35,0,0,44912107.35,0,0,44912107.35,0,0,44912107.35,0,0,44912107.35,0,0,44912107.35,0,0,44912107.35,0,0,44912107.35,0,0,44912107.35,0,0,44912107.35
both_sexes,1,Moderna,2021-01-25,IMMUNOSUPPR,0,0,0,0,0,0,0,0,0,0,0,0,0,0,0,0,0,0,0,0,0,0,0,0,0,0,0,0,0,0,0,0,0,0,0,0,0,0,0,0,0,0,0,0,0,0,0,0,0,0,19248046.01,0,0,19248046.01,0,0,19248046.01,0,0,19248046.01,0,0,19248046.01,0,0,19248046.01,0,0,19248046.01,0,0,19248046.01,0,0,19248046.01,0,0,19248046.01,0,0,19248046.01,0,0,19248046.01,0,0,19248046.01,0,0,19248046.01,0,0,19248046.01,0,0,19248046.01,0,0,19248046.01,0,0,19248046.01,0,0,19248046.01,0,0,19248046.01,0,0,19248046.01,0,0,19248046.01,0,0,19248046.01,0,0,19248046.01,0,0,19248046.01,0,0,19248046.01,0,0,19248046.01,0,0,19248046.01,0,0,19248046.01,0,0,19248046.01,0,0,19248046.01,0,0,19248046.01,0,0,19248046.01,0,0,19248046.01,0,0,19248046.01,0,0,19248046.01,0,0,19248046.01,0,0,19248046.01,0,0,19248046.01,0,0,19248046.01,0,0,19248046.01,0,0,19248046.01,0,0,19248046.01,0,0,19248046.01,0,0,19248046.01,0,0,19248046.01,0,0,19248046.01,0,0,19248046.01
both_sexes,1,Moderna,2021-02-01,IMMUNOSUPPR,0,0,0,0,0,0,0,0,0,0,0,0,0,0,0,0,0,0,0,0,0,0,0,0,0,0,0,0,0,0,0,0,0,0,0,0,0,0,0,0,0,0,0,0,0,0,0,0,0,0,19248046.01,0,0,19248046.01,0,0,19248046.01,0,0,19248046.01,0,0,19248046.01,0,0,19248046.01,0,0,19248046.01,0,0,19248046.01,0,0,19248046.01,0,0,19248046.01,0,0,19248046.01,0,0,19248046.01,0,0,19248046.01,0,0,19248046.01,0,0,19248046.01,0,0,19248046.01,0,0,19248046.01,0,0,19248046.01,0,0,19248046.01,0,0,19248046.01,0,0,19248046.01,0,0,19248046.01,0,0,19248046.01,0,0,19248046.01,0,0,19248046.01,0,0,19248046.01,0,0,19248046.01,0,0,19248046.01,0,0,19248046.01,0,0,19248046.01,0,0,19248046.01,0,0,19248046.01,0,0,19248046.01,0,0,19248046.01,0,0,19248046.01,0,0,19248046.01,0,0,19248046.01,0,0,19248046.01,0,0,19248046.01,0,0,19248046.01,0,0,19248046.01,0,0,19248046.01,0,0,19248046.01,0,0,19248046.01,0,0,19248046.01,0,0,19248046.01,0,0,19248046.01,0,0,19248046.01
both_sexes,2,Moderna,2021-02-15,IMMUNOSUPPR,0,0,0,0,0,0,0,0,0,0,0,0,0,0,0,0,0,0,0,0,0,0,0,0,0,0,0,0,0,0,0,0,0,0,0,0,0,0,0,0,0,0,0,0,0,0,0,0,0,0,44912107.35,0,0,44912107.35,0,0,44912107.35,0,0,44912107.35,0,0,44912107.35,0,0,44912107.35,0,0,44912107.35,0,0,44912107.35,0,0,44912107.35,0,0,44912107.35,0,0,44912107.35,0,0,44912107.35,0,0,44912107.35,0,0,44912107.35,0,0,44912107.35,0,0,44912107.35,0,0,44912107.35,0,0,44912107.35,0,0,44912107.35,0,0,44912107.35,0,0,44912107.35,0,0,44912107.35,0,0,44912107.35,0,0,44912107.35,0,0,44912107.35,0,0,44912107.35,0,0,44912107.35,0,0,44912107.35,0,0,44912107.35,0,0,44912107.35,0,0,44912107.35,0,0,44912107.35,0,0,44912107.35,0,0,44912107.35,0,0,44912107.35,0,0,44912107.35,0,0,44912107.35,0,0,44912107.35,0,0,44912107.35,0,0,44912107.35,0,0,44912107.35,0,0,44912107.35,0,0,44912107.35,0,0,44912107.35,0,0,44912107.35,0,0,44912107.35,0,0,44912107.35,0,0,44912107.35
both_sexes,2,Moderna,2021-02-22,IMMUNOSUPPR,0,0,0,0,0,0,0,0,0,0,0,0,0,0,0,0,0,0,0,0,0,0,0,0,0,0,0,0,0,0,0,0,0,0,0,0,0,0,0,0,0,0,0,0,0,0,0,0,0,0,19248046.01,0,0,19248046.01,0,0,19248046.01,0,0,19248046.01,0,0,19248046.01,0,0,19248046.01,0,0,19248046.01,0,0,19248046.01,0,0,19248046.01,0,0,19248046.01,0,0,19248046.01,0,0,19248046.01,0,0,19248046.01,0,0,19248046.01,0,0,19248046.01,0,0,19248046.01,0,0,19248046.01,0,0,19248046.01,0,0,19248046.01,0,0,19248046.01,0,0,19248046.01,0,0,19248046.01,0,0,19248046.01,0,0,19248046.01,0,0,19248046.01,0,0,19248046.01,0,0,19248046.01,0,0,19248046.01,0,0,19248046.01,0,0,19248046.01,0,0,19248046.01,0,0,19248046.01,0,0,19248046.01,0,0,19248046.01,0,0,19248046.01,0,0,19248046.01,0,0,19248046.01,0,0,19248046.01,0,0,19248046.01,0,0,19248046.01,0,0,19248046.01,0,0,19248046.01,0,0,19248046.01,0,0,19248046.01,0,0,19248046.01,0,0,19248046.01,0,0,19248046.01,0,0,19248046.01
both_sexes,2,Moderna,2021-03-01,IMMUNOSUPPR,0,0,0,0,0,0,0,0,0,0,0,0,0,0,0,0,0,0,0,0,0,0,0,0,0,0,0,0,0,0,0,0,0,0,0,0,0,0,0,0,0,0,0,0,0,0,0,0,0,0,19248046.01,0,0,19248046.01,0,0,19248046.01,0,0,19248046.01,0,0,19248046.01,0,0,19248046.01,0,0,19248046.01,0,0,19248046.01,0,0,19248046.01,0,0,19248046.01,0,0,19248046.01,0,0,19248046.01,0,0,19248046.01,0,0,19248046.01,0,0,19248046.01,0,0,19248046.01,0,0,19248046.01,0,0,19248046.01,0,0,19248046.01,0,0,19248046.01,0,0,19248046.01,0,0,19248046.01,0,0,19248046.01,0,0,19248046.01,0,0,19248046.01,0,0,19248046.01,0,0,19248046.01,0,0,19248046.01,0,0,19248046.01,0,0,19248046.01,0,0,19248046.01,0,0,19248046.01,0,0,19248046.01,0,0,19248046.01,0,0,19248046.01,0,0,19248046.01,0,0,19248046.01,0,0,19248046.01,0,0,19248046.01,0,0,19248046.01,0,0,19248046.01,0,0,19248046.01,0,0,19248046.01,0,0,19248046.01,0,0,19248046.01,0,0,19248046.01,0,0,19248046.01,0,0,19248046.01
both_sexes,1,J&J,2021-04-26,IMMUNOSUPPR,0,0,0,0,0,0,0,0,0,0,0,0,0,0,0,0,0,0,0,0,0,0,0,0,0,0,0,0,0,0,0,0,0,0,0,0,0,0,0,0,0,0,0,0,0,0,0,0,0,0,16842040.26,0,0,16842040.26,0,0,16842040.26,0,0,16842040.26,0,0,16842040.26,0,0,16842040.26,0,0,16842040.26,0,0,16842040.26,0,0,16842040.26,0,0,16842040.26,0,0,16842040.26,0,0,16842040.26,0,0,16842040.26,0,0,16842040.26,0,0,16842040.26,0,0,16842040.26,0,0,16842040.26,0,0,16842040.26,0,0,16842040.26,0,0,16842040.26,0,0,16842040.26,0,0,16842040.26,0,0,16842040.26,0,0,16842040.26,0,0,16842040.26,0,0,16842040.26,0,0,16842040.26,0,0,16842040.26,0,0,16842040.26,0,0,16842040.26,0,0,16842040.26,0,0,16842040.26,0,0,16842040.26,0,0,16842040.26,0,0,16842040.26,0,0,16842040.26,0,0,16842040.26,0,0,16842040.26,0,0,16842040.26,0,0,16842040.26,0,0,67368161.03,0,0,16842040.26,0,0,16842040.26,0,0,16842040.26,0,0,16842040.26,0,0,16842040.26,0,0,16842040.26,0,0,16842040.26
both_sexes,1,J&J,2021-05-03,IMMUNOSUPPR,0,0,0,0,0,0,0,0,0,0,0,0,0,0,0,0,0,0,0,0,0,0,0,0,0,0,0,0,0,0,0,0,0,0,0,0,0,0,0,0,0,0,0,0,0,0,0,0,0,0,9624023,0,0,9624023,0,0,9624023,0,0,9624023,0,0,9624023,0,0,9624023,0,0,9624023,0,0,9624023,0,0,9624023,0,0,9624023,0,0,9624023,0,0,9624023,0,0,9624023,0,0,9624023,0,0,9624023,0,0,9624023,0,0,9624023,0,0,9624023,0,0,9624023,0,0,9624023,0,0,9624023,0,0,9624023,0,0,9624023,0,0,9624023,0,0,9624023,0,0,9624023,0,0,9624023,0,0,9624023,0,0,9624023,0,0,9624023,0,0,9624023,0,0,9624023,0,0,9624023,0,0,9624023,0,0,9624023,0,0,9624023,0,0,9624023,0,0,9624023,0,0,9624023,0,0,9624023,0,0,19248046.01,0,0,9624023,0,0,9624023,0,0,9624023,0,0,9624023,0,0,9624023,0,0,9624023,0,0,9624023
both_sexes,1,Pfizer,2021-03-22,IMMUNOSUPPR,0,0,0,0,0,0,0,0,0,0,0,0,0,0,0,0,0,0,0,0,0,0,0,0,0,0,0,0,0,0,0,0,0,0,0,0,0,0,0,0,0,0,0,0,0,0,0,0,0,0,1224875.66,0,0,1224875.66,0,0,1224875.66,0,0,1224875.66,0,0,1308119.63,0,0,1308119.63,0,0,1224875.66,0,0,1308119.63,0,0,1224875.66,0,0,1224875.66,0,0,1224875.66,0,0,1224875.66,0,0,1224875.66,0,0,1224875.66,0,0,1224875.66,0,0,1224875.66,0,0,1224875.66,0,0,1224875.66,0,0,1224875.66,0,0,1224875.66,0,0,1224875.66,0,0,1224875.66,0,0,1224875.66,0,0,1224875.66,0,0,1224875.66,0,0,1224875.66,0,0,1224875.66,0,0,1224875.66,0,0,1224875.66,0,0,1224875.66,0,0,1224875.66,0,0,1224875.66,0,0,1224875.66,0,0,1224875.66,0,0,1224875.66,0,0,1224875.66,0,0,1224875.66,0,0,1224875.66,0,0,1224875.66,0,0,1224875.66,0,0,5858100.96,0,0,1224875.66,0,0,1224875.66,0,0,1224875.66,0,0,1224875.66,0,0,1224875.66,0,0,1224875.66,0,0,1224875.66
both_sexes,2,Pfizer,2021-01-25,IMMUNOSUPPR,0,0,0,0,0,0,0,0,0,0,0,0,0,0,0,0,0,0,0,0,0,0,0,0,0,0,0,0,0,0,0,0,0,0,0,0,0,0,0,0,0,0,0,0,0,0,0,0,0,0,44912107.35,0,0,44912107.35,0,0,44912107.35,0,0,44912107.35,0,0,44912107.35,0,0,44912107.35,0,0,44912107.35,0,0,44912107.35,0,0,44912107.35,0,0,44912107.35,0,0,44912107.35,0,0,44912107.35,0,0,44912107.35,0,0,44912107.35,0,0,44912107.35,0,0,44912107.35,0,0,44912107.35,0,0,44912107.35,0,0,44912107.35,0,0,44912107.35,0,0,44912107.35,0,0,44912107.35,0,0,44912107.35,0,0,44912107.35,0,0,44912107.35,0,0,44912107.35,0,0,44912107.35,0,0,44912107.35,0,0,44912107.35,0,0,44912107.35,0,0,44912107.35,0,0,44912107.35,0,0,44912107.35,0,0,44912107.35,0,0,44912107.35,0,0,44912107.35,0,0,44912107.35,0,0,44912107.35,0,0,44912107.35,0,0,44912107.35,0,0,44912107.35,0,0,44912107.35,0,0,44912107.35,0,0,44912107.35,0,0,44912107.35,0,0,44912107.35,0,0,44912107.35,0,0,44912107.35
both_sexes,0,0,2020-01-06,any_risk_factors,0,0,0,1,0,1,1,1,1,1,0,0,0,0,0,0,0,0,0,0,0,0,0,0,0,0,0,0,0,0,0,0,0,0,0,0,0,1,0,0,1,1,0,1,0,0,0,0,0,0,10785.81,0,0,10791.86,0,0,10779.77,3011.38,76.24,16778.32,0,0,11005.17,3026.35,76.62,16861.73,2944.14,74.54,16403.7,3009.39,76.19,16767.26,2997.78,75.9,16702.58,2997.78,75.9,16702.58,0,0,10797.91,0,0,10797.91,0,0,10797.91,0,0,10797.91,0,0,10779.77,0,0,10779.77,0,0,10832.64,0,0,10863.2,0,0,10780.63,0,0,10780.63,0,0,10785.81,0,0,10779.77,0,0,10779.77,0,0,10779.77,0,0,10779.77,0,0,10779.77,0,0,10785.81,0,0,10797.91,0,0,10797.91,0,0,10822.19,0,0,10852.7,0,0,10785.81,0,0,10785.81,0,0,10822.19,0,0,10822.19,0,0,10785.81,0,0,10785.81,0,0,10779.77,0,0,10779.77,0,0,10779.77,4932.48,124.88,27482.01,0,0,10779.77,0,0,10785.81,2922.23,73.98,16281.64,2955.81,74.83,16468.74,0,0,10822.19,2967.58,75.13,16534.31,0,0,10785.81
both_sexes,0,0,2020-01-13,any_risk_factors,0,0,0,1,0,1,2,2,3,3,0,0,0,0,0,0,1,1,0,0,0,0,0,0,0,0,0,0,0,0,0,0,0,0,0,0,0,3,0,0,2,2,0,2,0,0,0,0,0,0,10821.33,0,0,10827.41,0,0,10815.24,3021.84,76.51,16836.62,0,0,11038.53,3036.66,76.88,16919.21,5913.06,716.1,21360.02,6043.18,731.86,21830.06,9031.9,1862.59,26395.04,9031.9,1862.59,26395.04,0,0,10833.51,0,0,10833.51,0,0,10833.51,0,0,10833.51,0,0,10815.24,0,0,10815.24,2945.33,74.57,16410.31,2953.66,74.78,16456.76,0,0,10815.24,0,0,10815.24,0,0,10821.33,0,0,10815.24,0,0,10815.24,0,0,10815.24,0,0,10815.24,0,0,10815.24,0,0,10821.33,0,0,10833.51,0,0,10833.51,0,0,10857.95,0,0,10888.66,0,0,10821.33,0,0,10821.33,0,0,10857.95,0,0,10857.95,0,0,10821.33,0,0,10821.33,0,0,10815.24,0,0,10815.24,0,0,10815.24,14857.63,3064,43420.29,0,0,10815.24,0,0,10821.33,5863.7,710.12,21181.71,5936.61,718.95,21445.08,0,0,10857.95,5960.35,721.83,21530.82,0,0,10821.33
both_sexes,0,0,2020-01-20,any_risk_factors,0,0,0,1,0,0,0,0,1,1,0,0,0,0,0,0,0,0,0,0,0,0,0,0,0,0,0,0,0,0,0,0,0,0,0,0,0,0,0,0,1,0,0,0,0,0,0,0,0,0,10850.08,0,0,10856.2,0,0,10843.97,3030.87,76.73,16886.92,0,0,11063.91,0,0,11231.77,0,0,10942.61,0,0,11174.02,3022.59,76.53,16840.8,3022.59,76.53,16840.8,0,0,10862.33,0,0,10862.33,0,0,10862.33,0,0,10862.33,0,0,10843.97,0,0,10843.97,0,0,10899.23,0,0,10930.18,0,0,10843.97,0,0,10843.97,0,0,10850.08,0,0,10843.97,0,0,10843.97,0,0,10843.97,0,0,10843.97,0,0,10843.97,0,0,10850.08,0,0,10862.33,0,0,10862.33,0,0,10886.9,0,0,10917.78,0,0,10850.08,0,0,10850.08,0,0,10886.9,0,0,10886.9,0,0,10850.08,0,0,10850.08,0,0,10843.97,0,0,10843.97,0,0,10843.97,0,0,18363.95,0,0,10843.97,0,0,10850.08,2939.64,74.43,16378.61,0,0,10986.33,0,0,10886.9,0,0,11030.4,0,0,10850.08
both_sexes,0,0,2020-01-27,any_risk_factors,0,0,0,1,0,0,0,0,0,0,0,0,0,0,0,0,1,1,0,0,0,0,0,0,0,0,1,1,0,0,0,0,0,0,0,0,0,3,0,0,0,1,0,1,0,0,0,0,0,0,10883.39,0,0,10889.54,0,0,10877.24,3042.99,77.04,16954.45,0,0,11096.72,0,0,11265.58,0,0,10976.48,0,0,11206.55,0,0,11180.51,0,0,11180.51,0,0,10895.71,0,0,10895.71,0,0,10895.71,0,0,10895.71,0,0,10877.24,0,0,10877.24,2963.73,75.04,16512.84,2972.17,75.25,16559.87,0,0,10877.24,0,0,10877.24,0,0,10883.39,0,0,10877.24,0,0,10877.24,0,0,10877.24,0,0,10877.24,0,0,10877.24,0,0,10883.39,0,0,10895.71,0,0,10895.71,2960.85,74.96,16496.78,2969.27,75.18,16543.72,0,0,10883.39,0,0,10883.39,0,0,10920.43,0,0,10920.43,0,0,10883.39,0,0,10883.39,0,0,10877.24,0,0,10877.24,0,0,10877.24,14993.84,3092.09,43818.37,0,0,10877.24,0,0,10883.39,0,0,10877.24,2987.97,75.65,16647.93,0,0,10920.43,3000,75.95,16714.93,0,0,10883.39
both_sexes,0,0,2020-02-03,any_risk_factors,0,0,0,2,0,0,0,1,0,0,1,1,1,1,0,0,1,1,0,0,0,0,0,1,0,0,1,1,0,0,0,0,0,0,0,0,0,4,0,1,0,1,0,1,0,0,0,0,0,0,10908.94,0,0,10915.13,0,0,10902.76,6104.29,739.26,22050.78,0,0,11118.69,0,0,11288.23,0,0,11002.48,3045.78,77.11,16970,0,0,11207.48,0,0,11207.48,2961.09,74.97,16498.12,2961.09,74.97,16498.12,2961.09,74.97,16498.12,2961.09,74.97,16498.12,0,0,10902.76,0,0,10902.76,2973.62,75.29,16567.96,2982.12,75.5,16615.31,0,0,10902.76,0,0,10902.76,0,0,10908.94,0,0,10902.76,0,0,10902.76,0,0,10902.76,0,0,10902.76,0,0,10902.76,2957.73,74.88,16479.41,0,0,10921.32,0,0,10921.32,2969.03,75.17,16542.37,2977.5,75.38,16589.57,0,0,10908.94,0,0,10908.94,0,0,10946.16,0,0,10946.16,0,0,10908.94,0,0,10908.94,0,0,10902.76,0,0,10902.76,0,0,10902.76,20074.2,5469.54,51397.92,0,0,10902.76,2957.73,74.88,16479.41,0,0,10902.76,2996.31,75.86,16694.36,0,0,10946.16,3008.4,76.17,16761.74,0,0,10908.94
both_sexes,0,0,2020-02-10,any_risk_factors,0,0,0,1,1,1,0,0,1,1,0,0,0,0,0,0,1,1,0,0,0,0,0,0,0,0,0,0,0,0,0,0,0,0,0,0,0,3,0,0,0,0,0,0,0,0,0,0,0,0,10931.95,0,0,10937.28,0,0,10925.75,3062.12,77.53,17061.06,3021.34,76.49,16833.84,3067.52,77.66,17091.15,0,0,11025.89,0,0,11263.7,3045.02,77.09,16965.76,3045.02,77.09,16965.76,0,0,10950.61,0,0,10950.61,0,0,10950.61,0,0,10950.61,0,0,10925.75,0,0,10925.75,2980.42,75.46,16605.82,2988.95,75.67,16653.38,0,0,10925.75,0,0,10925.75,0,0,10931.95,0,0,10925.75,0,0,10925.75,0,0,10925.75,0,0,10925.75,0,0,10925.75,0,0,10938.17,0,0,10944.38,0,0,10944.38,0,0,10980.96,0,0,11012.37,0,0,10931.95,0,0,10931.95,0,0,10969.33,0,0,10969.33,0,0,10931.95,0,0,10931.95,0,0,10925.75,0,0,10925.75,0,0,10925.75,15130.49,3120.27,44217.71,0,0,10925.75,0,0,10938.17,0,0,10925.75,0,0,11082.11,0,0,10969.33,0,0,11126.96,0,0,10931.95
both_sexes,0,0,2020-02-17,any_risk_factors,0,0,0,0,0,0,0,1,0,0,0,0,0,0,0,0,0,1,0,0,0,0,0,0,0,0,0,0,0,0,0,0,0,0,0,0,0,1,0,0,0,0,0,0,0,0,0,0,0,0,10948.83,0,0,10948.83,0,0,10942.61,0,0,11311.92,0,0,11161.06,0,0,11331.9,0,0,11043.06,3057.76,77.42,17036.77,0,0,11256.17,0,0,11256.17,0,0,10967.55,0,0,10967.55,0,0,10967.55,0,0,10967.55,0,0,10942.61,0,0,10942.61,0,0,11017.77,2996.31,75.86,16694.36,0,0,10942.61,0,0,10942.61,0,0,10948.83,0,0,10942.61,0,0,10942.61,0,0,10942.61,0,0,10942.61,0,0,10942.61,0,0,10955.06,0,0,10961.3,0,0,10961.3,0,0,10992.6,0,0,11024.08,0,0,10948.83,0,0,10948.83,0,0,10986.33,0,0,10986.33,0,0,10948.83,0,0,10948.83,0,0,10942.61,0,0,10942.61,0,0,10942.61,5053.27,127.94,28154.99,0,0,10942.61,0,0,10955.06,0,0,10942.61,0,0,11093.97,0,0,10986.33,0,0,11138.92,0,0,10948.83
both_sexes,0,0,2020-02-24,any_risk_factors,0,0,0,1,0,0,1,1,1,1,0,0,0,0,0,0,1,1,0,0,0,0,0,0,0,0,0,0,0,0,0,0,0,0,0,0,0,2,0,0,1,1,0,1,0,0,0,0,0,0,10958.63,0,0,10958.63,0,0,10952.39,3068.55,77.69,17096.89,0,0,11168.46,0,0,11337.62,2997.05,75.88,16698.47,3062.12,77.53,17061.06,3055.72,77.36,17025.37,3055.72,77.36,17025.37,0,0,10977.38,0,0,10977.38,0,0,10977.38,0,0,10977.38,0,0,10952.39,0,0,10952.39,2989.2,75.68,16654.74,2999.51,75.94,16712.18,0,0,10952.39,0,0,10952.39,0,0,10958.63,0,0,10952.39,0,0,10952.39,0,0,10952.39,0,0,10952.39,0,0,10952.39,0,0,10964.87,0,0,10971.12,0,0,10971.12,0,0,11002.48,0,0,11032.21,0,0,10958.63,0,0,10958.63,0,0,10996.19,0,0,10996.19,0,0,10958.63,0,0,10958.63,0,0,10952.39,0,0,10952.39,0,0,10952.39,10121.93,1225.81,36563.91,0,0,10952.39,0,0,10964.87,2969.03,75.17,16542.37,3010.88,76.23,16775.56,0,0,10996.19,3023.09,76.54,16843.59,0,0,10958.63
both_sexes,0,0,2020-03-02,any_risk_factors,0,0,1,3,1,1,0,0,0,0,0,0,0,0,0,0,1,1,0,0,0,0,0,0,0,0,0,0,0,0,0,0,0,0,0,0,0,1,0,0,0,0,0,0,0,0,0,0,0,0,10985.43,0,0,10985.43,2976.53,75.36,16584.16,9230.48,1903.55,26975.37,3035.15,76.84,16910.78,3079.94,77.98,17160.32,0,0,11086.67,0,0,11328.09,0,0,11301.49,0,0,11301.49,0,0,11004.27,0,0,11004.27,0,0,11004.27,0,0,11004.27,0,0,10979.17,0,0,10979.17,2997.78,75.9,16702.58,3008.15,76.16,16760.36,0,0,10979.17,0,0,10979.17,0,0,10985.43,0,0,10979.17,0,0,10979.17,0,0,10979.17,0,0,10979.17,0,0,10979.17,0,0,10991.71,0,0,10997.99,0,0,10997.99,0,0,11029.5,0,0,11054.83,0,0,10985.43,0,0,10985.43,0,0,11023.18,0,0,11023.18,0,0,10985.43,0,0,10985.43,0,0,10979.17,0,0,10979.17,0,0,10979.17,5082.09,128.67,28315.61,0,0,10979.17,0,0,10991.71,0,0,10979.17,0,0,11137.99,0,0,11023.18,0,0,11183.29,0,0,10985.43
both_sexes,0,0,2020-03-09,any_risk_factors,0,0,0,2,1,1,0,0,2,2,0,0,0,0,0,0,0,0,0,0,0,0,0,0,0,0,0,0,0,0,0,0,0,0,0,0,0,2,0,0,1,0,0,0,0,0,0,1,0,0,11019.57,0,0,11019.57,0,0,11019.57,6185.44,749.09,22343.92,3047.31,77.15,16978.5,3092.46,78.29,17230.06,0,0,11121.45,0,0,11364.4,6150.54,744.86,22217.88,6150.54,744.86,22217.88,0,0,11038.53,0,0,11038.53,0,0,11038.53,0,0,11038.53,0,0,11013.27,0,0,11013.27,0,0,11095.8,0,0,11134.31,0,0,11013.27,0,0,11013.27,0,0,11019.57,0,0,11013.27,0,0,11013.27,2986.51,75.61,16639.76,0,0,11013.27,0,0,11013.27,0,0,11025.89,0,0,11032.21,0,0,11032.21,0,0,11063.91,0,0,11089.41,0,0,11019.57,0,0,11019.57,0,0,11057.56,0,0,11057.56,0,0,11019.57,0,0,11019.57,0,0,11013.27,0,0,11013.27,0,0,11013.27,10191.13,1234.19,36813.86,0,0,11013.27,0,0,11025.89,2985.53,75.59,16634.32,0,0,11173.09,0,0,11057.56,0,0,11218.68,0,0,11019.57
both_sexes,0,0,2020-03-16,any_risk_factors,0,0,0,2,1,3,0,1,2,2,0,0,0,0,0,0,0,0,0,0,1,0,0,0,0,0,0,0,0,0,0,0,0,0,0,0,0,1,0,0,0,0,0,0,0,0,0,0,0,0,11038.53,0,0,11038.53,0,0,11038.53,6204.88,751.44,22414.14,3055.21,77.35,17022.52,9306.52,1919.23,27197.61,0,0,11140.76,3086.71,78.15,17198.03,6169.24,747.12,22285.42,6169.24,747.12,22285.42,0,0,11057.56,0,0,11057.56,0,0,11057.56,0,0,11057.56,0,0,11032.21,0,0,11032.21,0,0,11115.02,0,0,11153.67,0,0,11032.21,0,0,11032.21,0,0,11038.53,0,0,11032.21,2991.65,75.74,16668.38,0,0,11038.53,0,0,11032.21,0,0,11032.21,0,0,11044.87,0,0,11051.21,0,0,11051.21,0,0,11083.02,0,0,11108.61,0,0,11038.53,0,0,11038.53,0,0,11076.65,0,0,11076.65,0,0,11038.53,0,0,11038.53,0,0,11032.21,0,0,11032.21,0,0,11032.21,5109.11,129.35,28466.12,0,0,11032.21,0,0,11044.87,0,0,11032.21,0,0,11192.58,0,0,11076.65,0,0,11238.33,0,0,11038.53
both_sexes,0,0,2020-03-23,any_risk_factors,0,0,0,0,0,0,0,0,1,1,0,0,0,0,0,0,0,0,0,0,0,0,0,0,0,0,0,0,0,0,0,0,0,0,0,0,0,2,0,0,1,0,0,0,0,0,0,0,0,0,11054.83,0,0,11054.83,0,0,11054.83,0,0,11468.87,0,0,11287.29,0,0,11468.87,0,0,11157.36,0,0,11408.66,3090.89,78.25,17221.31,3090.89,78.25,17221.31,0,0,11073.91,0,0,11073.91,0,0,11073.91,0,0,11073.91,0,0,11048.49,0,0,11048.49,0,0,11131.55,0,0,11170.31,0,0,11048.49,0,0,11048.49,0,0,11054.83,0,0,11048.49,0,0,11054.83,0,0,11054.83,0,0,11048.49,0,0,11048.49,0,0,11061.19,0,0,11067.55,0,0,11067.55,0,0,11099.46,0,0,11125.12,0,0,11054.83,0,0,11054.83,0,0,11093.06,0,0,11093.06,0,0,11054.83,0,0,11054.83,0,0,11048.49,0,0,11048.49,0,0,11048.49,10235.39,1239.55,36973.76,0,0,11048.49,0,0,11061.19,2995.08,75.83,16687.52,0,0,11209.34,0,0,11093.06,0,0,11255.23,0,0,11054.83
both_sexes,0,0,2020-03-30,any_risk_factors,0,0,1,1,0,1,0,2,1,1,0,0,0,0,0,0,0,0,0,0,0,0,0,1,0,0,1,1,0,0,0,0,0,0,0,0,0,2,0,1,0,1,0,1,0,0,0,0,0,0,11078.47,0,0,11078.47,3004.19,76.06,16738.3,3115.4,78.88,17357.92,0,0,11306.23,3115.67,78.88,17359.4,0,0,11181.44,6203.82,751.31,22410.34,3100.07,78.49,17272.47,3100.07,78.49,17272.47,0,0,11097.63,0,0,11097.63,0,0,11097.63,0,0,11097.63,0,0,11072.09,0,0,11072.09,0,0,11155.52,0,0,11194.44,0,0,11072.09,0,0,11072.09,0,0,11078.47,0,0,11072.09,0,0,11078.47,0,0,11078.47,0,0,11072.09,0,0,11072.09,3005.43,76.09,16745.19,0,0,11091.23,0,0,11091.23,3015.85,76.35,16803.26,3022.84,76.53,16842.2,0,0,11078.47,0,0,11078.47,0,0,11116.86,0,0,11116.86,0,0,11078.47,0,0,11078.47,0,0,11072.09,0,0,11072.09,0,0,11072.09,10275.71,1244.44,37119.39,0,0,11072.09,3005.43,76.09,16745.19,0,0,11072.09,3045.78,77.11,16970,0,0,11116.86,3058.28,77.43,17039.63,0,0,11078.47
both_sexes,0,0,2020-04-06,any_risk_factors,0,0,0,1,0,0,0,1,0,0,0,0,0,0,0,0,1,1,0,0,0,0,0,0,0,0,0,0,0,0,0,0,0,0,0,0,0,4,0,0,1,0,0,0,0,0,0,0,0,0,11096.72,0,0,11096.72,0,0,11103.12,3122.6,79.06,17397.99,0,0,11325.24,0,0,11514.94,0,0,11200.03,3109.3,78.72,17323.94,0,0,11460.09,0,0,11460.09,0,0,11115.94,0,0,11115.94,0,0,11115.94,0,0,11115.94,0,0,11090.32,0,0,11090.32,3029.86,76.71,16881.32,3040.46,76.98,16940.34,0,0,11090.32,0,0,11090.32,0,0,11096.72,0,0,11090.32,0,0,11096.72,0,0,11094.89,0,0,11090.32,0,0,11090.32,0,0,11109.53,0,0,11109.53,0,0,11109.53,0,0,11148.13,0,0,11174.02,0,0,11096.72,0,0,11096.72,0,0,11135.23,0,0,11135.23,0,0,11096.72,0,0,11096.72,0,0,11090.32,0,0,11090.32,0,0,11090.32,20667.7,5631.25,52917.53,0,0,11090.32,0,0,11109.53,3006.42,76.12,16750.7,0,0,11258.99,0,0,11135.23,0,0,11305.28,0,0,11096.72
both_sexes,0,0,2020-04-13,any_risk_factors,0,0,0,0,0,0,0,0,0,0,0,0,0,0,0,0,0,0,0,0,0,0,0,0,1,1,0,0,0,0,0,0,0,0,0,0,0,0,0,0,0,0,0,0,0,0,0,1,0,0,11109.53,0,0,11109.53,0,0,11115.94,0,0,11535.64,0,0,11338.58,0,0,11528.73,0,0,11213.08,0,0,11487.45,0,0,11470.83,0,0,11470.83,0,0,11128.8,0,0,11128.8,0,0,11128.8,0,0,11128.8,0,0,11103.12,0,0,11103.12,0,0,11193.51,0,0,11232.71,0,0,11103.12,0,0,11103.12,0,0,11109.53,0,0,11103.12,0,0,11109.53,3011.13,76.24,16776.94,0,0,11103.12,0,0,11103.12,0,0,11122.36,3015.36,76.34,16800.49,3015.36,76.34,16800.49,0,0,11161.06,0,0,11187.01,0,0,11109.53,0,0,11109.53,0,0,11148.13,0,0,11148.13,0,0,11109.53,0,0,11109.53,0,0,11103.12,0,0,11103.12,0,0,11103.12,0,0,19103.41,0,0,11103.12,0,0,11122.36,0,0,11103.12,0,0,11272.18,0,0,11148.13,0,0,11318.58,0,0,11109.53
both_sexes,0,0,2020-04-20,any_risk_factors,0,0,0,1,0,1,0,1,0,0,0,0,0,0,0,0,0,0,0,0,0,0,0,0,0,0,0,0,0,0,0,0,0,0,0,0,0,1,0,0,0,0,0,0,0,0,0,0,0,0,11126.96,0,0,11126.96,0,0,11133.39,3132.77,79.31,17454.69,0,0,11356.74,3130.36,79.25,17441.23,0,0,11230.83,3119.66,78.98,17381.64,0,0,11485.49,0,0,11485.49,0,0,11146.29,0,0,11146.29,0,0,11146.29,0,0,11146.29,0,0,11120.53,0,0,11120.53,0,0,11211.21,0,0,11250.53,0,0,11120.53,0,0,11120.53,0,0,11126.96,0,0,11120.53,0,0,11126.96,0,0,11126.96,0,0,11120.53,0,0,11120.53,0,0,11139.84,0,0,11146.29,0,0,11146.29,0,0,11178.65,0,0,11204.68,0,0,11126.96,0,0,11126.96,0,0,11165.69,0,0,11165.69,0,0,11126.96,0,0,11126.96,0,0,11120.53,0,0,11120.53,0,0,11120.53,5196.33,131.56,28952.09,0,0,11120.53,0,0,11139.84,0,0,11120.53,0,0,11290.12,0,0,11165.69,0,0,11336.67,0,0,11126.96
both_sexes,0,0,2020-04-27,any_risk_factors,0,0,0,0,0,0,0,0,1,1,0,0,0,0,0,0,0,0,0,0,0,0,0,0,1,1,0,0,0,0,0,0,0,0,0,0,0,1,0,0,0,0,0,0,0,0,0,0,0,0,11132.47,0,0,11132.47,0,0,11138.92,0,0,11567.34,0,0,11362.48,0,0,11560.39,0,0,11236.45,0,0,11518.88,3115.94,78.89,17360.88,3115.94,78.89,17360.88,0,0,11151.82,0,0,11151.82,0,0,11151.82,0,0,11151.82,0,0,11126.04,0,0,11126.04,0,0,11216.81,0,0,11256.17,0,0,11126.04,0,0,11126.04,0,0,11132.47,0,0,11126.04,0,0,11132.47,0,0,11132.47,0,0,11126.04,0,0,11126.04,0,0,11145.37,3023.09,76.54,16843.59,3023.09,76.54,16843.59,0,0,11184.22,0,0,11210.28,0,0,11132.47,0,0,11132.47,0,0,11171.24,0,0,11171.24,0,0,11132.47,0,0,11132.47,0,0,11126.04,0,0,11126.04,0,0,11126.04,5201.51,131.69,28980.96,0,0,11126.04,0,0,11145.37,0,0,11126.04,0,0,11295.8,0,0,11171.24,0,0,11342.4,0,0,11132.47
both_sexes,0,0,2020-05-04,any_risk_factors,0,0,0,0,0,0,1,1,1,1,0,0,0,0,0,0,0,0,0,0,0,0,0,1,0,0,0,0,0,0,0,0,0,0,0,0,0,1,0,1,2,1,0,1,0,0,0,0,0,0,11148.13,0,0,11148.13,0,0,11154.59,0,0,11584.24,0,0,11378.8,0,0,11577.27,3051.12,77.25,16999.77,3127.94,79.19,17427.79,3121.79,79.04,17393.53,3121.79,79.04,17393.53,0,0,11167.54,0,0,11167.54,0,0,11167.54,0,0,11167.54,0,0,11141.68,0,0,11141.68,0,0,11232.71,0,0,11271.23,0,0,11141.68,0,0,11141.68,0,0,11148.13,0,0,11141.68,0,0,11148.13,0,0,11148.13,0,0,11141.68,0,0,11141.68,3025.85,76.61,16858.94,0,0,11174.02,0,0,11174.02,0,0,11200.03,0,0,11226.16,0,0,11148.13,0,0,11148.13,0,0,11187.01,0,0,11187.01,0,0,11148.13,0,0,11148.13,0,0,11141.68,0,0,11141.68,0,0,11141.68,5213.39,131.99,29047.14,0,0,11141.68,3025.85,76.61,16858.94,6040.68,731.55,21821.03,3067.27,77.66,17089.71,0,0,11187.01,3079.94,77.98,17160.32,0,0,11148.13
both_sexes,0,0,2020-05-11,any_risk_factors,0,0,0,1,2,1,0,1,0,0,0,0,0,0,0,0,0,0,0,0,0,0,0,0,0,0,0,0,0,0,0,0,0,0,0,0,0,2,0,0,4,0,0,0,0,0,0,0,0,0,11196.3,0,0,11196.3,0,0,11202.82,3152.78,79.82,17566.19,6198.03,750.61,22389.42,3153.06,79.83,17567.7,0,0,11308.13,3144.64,79.62,17520.82,0,0,11568.33,0,0,11568.33,0,0,11215.88,0,0,11215.88,0,0,11215.88,0,0,11215.88,0,0,11189.8,0,0,11189.8,0,0,11281.61,0,0,11314.77,0,0,11189.8,0,0,11189.8,0,0,11196.3,0,0,11189.8,0,0,11196.3,0,0,11193.51,0,0,11189.8,0,0,11189.8,0,0,11209.34,0,0,11216.81,0,0,11216.81,0,0,11248.65,0,0,11275.01,0,0,11196.3,0,0,11196.3,0,0,11235.52,0,0,11235.52,0,0,11196.3,0,0,11196.3,0,0,11189.8,0,0,11189.8,0,0,11189.8,10494.18,1270.89,37908.59,0,0,11189.8,0,0,11209.34,12133.54,3305.98,31066.69,0,0,11368.24,0,0,11235.52,0,0,11415.43,0,0,11196.3
both_sexes,0,0,2020-05-18,any_risk_factors,0,0,0,1,1,1,1,1,2,2,0,0,0,0,0,0,1,1,0,0,0,0,0,0,0,0,0,0,0,0,0,0,0,0,0,0,0,5,0,0,0,1,0,1,0,0,0,0,0,0,11239.27,0,0,11239.27,0,0,11245.83,3166.72,80.17,17643.86,3112.22,78.79,17340.17,3165.08,80.13,17634.69,3078.9,77.95,17154.54,3157.96,79.95,17595.04,6293.07,762.12,22732.75,6293.07,762.12,22732.75,0,0,11258.99,0,0,11258.99,0,0,11258.99,0,0,11258.99,0,0,11232.71,0,0,11232.71,3068.55,77.69,17096.89,3077.6,77.92,17147.31,0,0,11232.71,0,0,11232.71,0,0,11239.27,0,0,11232.71,0,0,11239.27,0,0,11232.71,0,0,11232.71,0,0,11232.71,0,0,11245.83,0,0,11258.99,0,0,11258.99,0,0,11285.39,0,0,11311.92,0,0,11239.27,0,0,11239.27,0,0,11278.78,0,0,11278.78,0,0,11239.27,0,0,11239.27,0,0,11232.71,0,0,11232.71,0,0,11232.71,26394.71,8570.29,61596.45,0,0,11232.71,0,0,11245.83,0,0,11232.71,3093.5,78.32,17235.9,0,0,11278.78,3106.4,78.65,17307.73,0,0,11239.27
both_sexes,0,0,2020-05-25,any_risk_factors,0,0,0,0,0,2,0,1,3,3,0,0,0,0,0,0,0,0,0,0,1,0,0,0,0,0,0,0,0,0,1,1,0,0,0,0,0,2,0,0,0,0,1,1,0,0,0,0,0,0,11259.93,0,0,11259.93,0,0,11266.52,0,0,11705.01,0,0,11495.29,6341.15,767.94,22906.4,0,0,11379.76,3163.43,80.09,17625.52,9469.8,1952.9,27674.76,9469.8,1952.9,27674.76,0,0,11279.73,0,0,11279.73,0,0,11279.73,0,0,11279.73,0,0,11253.35,0,0,11253.35,0,0,11346.22,0,0,11379.76,0,0,11253.35,0,0,11253.35,0,0,11259.93,0,0,11253.35,3053.42,77.31,17012.56,0,0,11253.35,0,0,11253.35,0,0,11253.35,0,0,11266.52,0,0,11279.73,0,0,11279.73,0,0,11306.23,0,0,11332.86,0,0,11259.93,0,0,11259.93,3064.43,77.58,17073.94,3064.43,77.58,17073.94,0,0,11259.93,0,0,11259.93,0,0,11253.35,0,0,11253.35,0,0,11253.35,10614.65,1285.48,38343.75,0,0,11253.35,0,0,11266.52,0,0,11253.35,0,0,11433.84,3064.43,77.58,17073.94,3113.81,78.83,17349.04,0,0,11259.93
both_sexes,0,0,2020-06-01,any_risk_factors,0,0,0,0,1,1,1,1,1,1,0,0,0,0,0,0,0,0,0,0,0,0,0,0,1,1,0,0,0,0,0,0,0,0,0,0,0,0,0,0,1,1,0,1,0,0,0,0,0,0,11268.41,0,0,11268.41,0,0,11275.01,0,0,11714.16,3119.4,78.98,17380.16,3176.36,80.42,17697.56,3088.01,78.18,17205.3,3168.65,80.22,17654.57,3162.06,80.06,17617.89,3162.06,80.06,17617.89,0,0,11288.23,0,0,11288.23,0,0,11288.23,0,0,11288.23,0,0,11261.81,0,0,11261.81,0,0,11354.82,0,0,11388.41,0,0,11261.81,0,0,11261.81,0,0,11268.41,0,0,11261.81,0,0,11275.01,0,0,11261.81,0,0,11261.81,0,0,11261.81,0,0,11275.01,3060.58,77.49,17052.48,3060.58,77.49,17052.48,0,0,11314.77,0,0,11341.44,0,0,11268.41,0,0,11268.41,0,0,11309.08,0,0,11309.08,0,0,11268.41,0,0,11268.41,0,0,11261.81,0,0,11261.81,0,0,11261.81,0,0,19617.99,0,0,11261.81,0,0,11275.01,3052.91,77.29,17009.72,3102.7,78.55,17287.15,0,0,11309.08,3115.94,78.89,17360.88,0,0,11268.41
both_sexes,0,0,2020-06-08,any_risk_factors,0,0,0,0,0,1,0,0,0,0,0,0,0,0,0,0,0,1,0,0,0,0,0,0,0,0,0,0,0,0,1,1,0,0,0,0,0,1,0,0,0,0,1,1,0,0,0,0,0,0,11269.35,0,0,11269.35,0,0,11275.95,0,0,11715.18,0,0,11511.99,3179.4,80.5,17714.51,0,0,11396.12,0,0,11693.83,0,0,11672.56,0,0,11672.56,0,0,11289.18,0,0,11289.18,0,0,11289.18,0,0,11289.18,0,0,11262.75,0,0,11262.75,0,0,11355.78,3089.06,78.21,17211.12,0,0,11262.75,0,0,11262.75,0,0,11269.35,0,0,11262.75,0,0,11275.95,0,0,11262.75,0,0,11262.75,0,0,11262.75,0,0,11275.95,0,0,11295.8,0,0,11295.8,0,0,11315.72,0,0,11342.4,0,0,11269.35,0,0,11269.35,3066.49,77.64,17085.41,3066.49,77.64,17085.41,0,0,11269.35,0,0,11269.35,0,0,11262.75,0,0,11262.75,0,0,11262.75,5322.79,134.76,29656.7,0,0,11262.75,0,0,11275.95,0,0,11262.75,0,0,11450.35,3066.49,77.64,17085.41,3117.8,78.94,17371.26,0,0,11269.35
both_sexes,0,0,2020-06-15,any_risk_factors,0,0,0,0,0,1,0,0,0,0,0,0,0,0,0,0,0,0,0,0,0,0,0,0,0,0,0,0,0,0,0,0,0,0,0,0,0,2,0,0,2,0,0,0,0,1,1,0,0,0,11274.06,0,0,11274.06,0,0,11280.67,0,0,11720.28,0,0,11516.91,3181.34,80.54,17725.31,0,0,11400.94,0,0,11698.91,0,0,11677.62,0,0,11677.62,0,0,11293.91,0,0,11293.91,0,0,11293.91,0,0,11293.91,0,0,11267.46,0,0,11267.46,0,0,11360.57,0,0,11400.94,3054.95,77.34,17021.1,3054.95,77.34,17021.1,0,0,11274.06,0,0,11267.46,0,0,11280.67,0,0,11267.46,0,0,11267.46,0,0,11267.46,0,0,11280.67,0,0,11300.54,0,0,11300.54,0,0,11320.48,0,0,11347.17,0,0,11274.06,0,0,11274.06,0,0,11320.48,0,0,11320.48,0,0,11274.06,0,0,11274.06,0,0,11267.46,0,0,11267.46,0,0,11267.46,10661.12,1291.11,38511.63,0,0,11267.46,0,0,11280.67,6108.88,739.81,22067.38,0,0,11455.22,0,0,11320.48,0,0,11510.02,0,0,11274.06
both_sexes,0,0,2020-06-22,any_risk_factors,0,0,0,1,1,1,0,1,1,1,0,0,0,0,0,0,0,0,0,0,0,0,0,0,0,0,0,0,0,0,0,0,0,0,0,0,0,0,0,0,0,0,0,0,0,1,1,0,0,0,11302.43,0,0,11302.43,0,0,11309.08,3185.23,80.64,17746.95,3130.09,79.25,17439.74,3189.4,80.75,17770.2,0,0,11429.96,3181.07,80.54,17723.77,3173.6,80.35,17682.19,3173.6,80.35,17682.19,0,0,11322.38,0,0,11322.38,0,0,11322.38,0,0,11322.38,0,0,11295.8,0,0,11295.8,0,0,11388.41,0,0,11428.99,3065.72,77.62,17081.1,3065.72,77.62,17081.1,0,0,11302.43,0,0,11295.8,0,0,11308.13,0,0,11295.8,0,0,11295.8,0,0,11295.8,0,0,11309.08,0,0,11329.04,0,0,11329.04,0,0,11349.08,0,0,11375.91,0,0,11302.43,0,0,11302.43,0,0,11349.08,0,0,11349.08,0,0,11302.43,0,0,11302.43,0,0,11295.8,0,0,11295.8,0,0,11295.8,0,0,19686.78,0,0,11295.8,0,0,11309.08,0,0,11295.8,0,0,11484.51,0,0,11349.08,0,0,11539.6,0,0,11302.43
both_sexes,0,0,2020-06-29,any_risk_factors,0,0,0,0,0,0,0,0,0,0,0,0,0,0,0,0,0,0,0,0,0,0,0,0,0,0,0,0,0,0,0,0,0,0,0,0,0,1,0,0,0,0,0,0,0,0,0,0,0,0,11331.9,0,0,11331.9,0,0,11338.58,0,0,11782.8,0,0,11584.24,0,0,11790.02,0,0,11460.09,0,0,11761.2,0,0,11739.68,0,0,11739.68,0,0,11351.95,0,0,11351.95,0,0,11351.95,0,0,11351.95,0,0,11325.24,0,0,11325.24,0,0,11412.53,0,0,11453.27,0,0,11338.58,0,0,11338.58,0,0,11331.9,0,0,11325.24,0,0,11331.9,0,0,11325.24,0,0,11325.24,0,0,11325.24,0,0,11338.58,0,0,11358.65,0,0,11358.65,0,0,11378.8,0,0,11405.77,0,0,11331.9,0,0,11331.9,0,0,11378.8,0,0,11378.8,0,0,11331.9,0,0,11331.9,0,0,11325.24,0,0,11325.24,0,0,11325.24,5347.73,135.39,29795.65,0,0,11325.24,0,0,11338.58,0,0,11325.24,0,0,11514.94,0,0,11378.8,0,0,11570.32,0,0,11331.9
both_sexes,0,0,2020-07-06,any_risk_factors,0,0,0,0,1,1,0,0,2,2,0,0,0,0,0,0,0,0,0,0,0,0,0,0,0,0,0,0,0,0,1,1,0,0,0,0,0,1,0,0,2,0,1,1,0,0,0,0,0,0,11354.82,0,0,11354.82,0,0,11361.52,0,0,11807.58,3147.08,79.68,17534.4,3203.1,81.1,17846.56,0,0,11483.54,0,0,11785.89,6377.68,772.37,23038.39,6377.68,772.37,23038.39,0,0,11374.95,0,0,11374.95,0,0,11374.95,0,0,11374.95,0,0,11348.13,0,0,11348.13,0,0,11435.78,0,0,11476.69,0,0,11361.52,0,0,11361.52,0,0,11354.82,0,0,11348.13,0,0,11354.82,0,0,11348.13,0,0,11348.13,0,0,11348.13,0,0,11361.52,0,0,11381.68,0,0,11381.68,0,0,11401.91,0,0,11428.99,0,0,11354.82,0,0,11354.82,3091.93,78.28,17227.15,3091.93,78.28,17227.15,0,0,11354.82,0,0,11354.82,0,0,11348.13,0,0,11348.13,0,0,11348.13,5361.86,135.75,29874.38,0,0,11348.13,0,0,11361.52,6152.62,745.11,22225.36,0,0,11538.61,3091.93,78.28,17227.15,3144.1,79.6,17517.8,0,0,11354.82
both_sexes,0,0,2020-07-13,any_risk_factors,0,0,0,3,0,0,1,2,0,0,0,0,0,0,0,0,2,2,0,0,0,0,0,0,0,0,0,0,0,0,0,0,0,0,0,0,0,0,0,0,0,1,0,1,0,0,0,0,0,0,11379.76,0,0,11379.76,0,0,11386.49,9632.12,1986.37,28149.14,0,0,11641.29,0,0,11843.91,3121.26,79.02,17390.56,6407.89,776.03,23147.52,0,0,11798.28,0,0,11798.28,0,0,11399.98,0,0,11399.98,0,0,11399.98,0,0,11399.98,0,0,11373.03,0,0,11373.03,6215.43,752.72,22452.29,6237.73,755.42,22532.81,0,0,11381.68,0,0,11381.68,0,0,11379.76,0,0,11373.03,0,0,11379.76,0,0,11373.03,0,0,11373.03,0,0,11373.03,0,0,11386.49,0,0,11401.91,0,0,11401.91,0,0,11427.05,0,0,11454.25,0,0,11379.76,0,0,11379.76,0,0,11433.84,0,0,11433.84,0,0,11379.76,0,0,11379.76,0,0,11373.03,0,0,11373.03,0,0,11373.03,0,0,19799.61,0,0,11373.03,0,0,11386.49,0,0,11373.03,3136.27,79.4,17474.18,0,0,11433.84,3153.33,79.84,17569.22,0,0,11379.76
both_sexes,0,0,2020-07-20,any_risk_factors,0,0,0,1,1,1,0,1,0,0,0,0,0,0,0,0,0,0,0,0,0,0,0,0,0,0,0,0,0,0,0,0,0,0,0,0,0,0,0,0,0,0,0,0,0,0,0,0,0,0,11399.98,0,0,11399.98,0,0,11406.73,3220.62,81.54,17944.12,3162.06,80.06,17617.89,3216.64,81.44,17922,0,0,11536.63,3210.71,81.29,17888.91,0,0,11820.01,0,0,11820.01,0,0,11420.27,0,0,11420.27,0,0,11420.27,0,0,11420.27,0,0,11393.23,0,0,11393.23,0,0,11495.29,0,0,11536.63,0,0,11393.23,0,0,11393.23,0,0,11399.98,0,0,11393.23,0,0,11399.98,0,0,11393.23,0,0,11393.23,0,0,11393.23,0,0,11406.73,0,0,11420.27,0,0,11420.27,0,0,11447.44,0,0,11474.73,0,0,11399.98,0,0,11399.98,0,0,11454.25,0,0,11454.25,0,0,11399.98,0,0,11399.98,0,0,11393.23,0,0,11393.23,0,0,11393.23,0,0,19828.74,0,0,11393.23,0,0,11406.73,0,0,11393.23,0,0,11592.22,0,0,11454.25,0,0,11655.39,0,0,11399.98
both_sexes,0,0,2020-07-27,any_risk_factors,0,0,0,1,0,0,0,0,0,0,0,0,0,0,0,0,0,1,0,0,0,0,0,0,0,0,0,0,0,0,0,0,0,0,0,0,0,1,0,0,1,0,0,0,0,0,0,0,0,0,11423.17,0,0,11423.17,0,0,11429.96,3230.59,81.79,17999.67,0,0,11693.83,0,0,11896.2,0,0,11560.39,0,0,11872.09,0,0,11844.95,0,0,11844.95,0,0,11443.55,0,0,11443.55,0,0,11443.55,0,0,11443.55,0,0,11416.4,0,0,11416.4,0,0,11518.88,3134.92,79.37,17466.68,0,0,11416.4,0,0,11416.4,0,0,11423.17,0,0,11416.4,0,0,11423.17,0,0,11416.4,0,0,11416.4,0,0,11416.4,0,0,11429.96,0,0,11443.55,0,0,11443.55,0,0,11470.83,0,0,11498.24,0,0,11423.17,0,0,11423.17,0,0,11477.67,0,0,11477.67,0,0,11423.17,0,0,11423.17,0,0,11416.4,0,0,11416.4,0,0,11416.4,5385.58,136.35,30006.53,0,0,11416.4,0,0,11429.96,3094.81,78.35,17243.2,0,0,11616.2,0,0,11477.67,0,0,11679.64,0,0,11423.17
both_sexes,0,0,2020-08-03,any_risk_factors,0,0,0,0,1,1,0,1,1,1,0,0,0,0,0,0,3,3,0,0,0,0,0,0,0,0,0,0,0,0,0,0,0,0,0,0,0,0,0,0,0,0,0,0,0,0,0,0,0,0,11430.93,0,0,11430.93,0,0,11437.72,0,0,11926.73,3173.6,80.35,17682.19,3228.59,81.74,17988.53,0,0,11568.33,3220.05,81.52,17940.96,3214.1,81.37,17907.8,3214.1,81.37,17907.8,0,0,11451.33,0,0,11451.33,0,0,11451.33,0,0,11451.33,0,0,11424.14,0,0,11424.14,9382.22,1934.84,27418.84,9421.75,1942.99,27534.36,0,0,11424.14,0,0,11424.14,0,0,11430.93,0,0,11424.14,0,0,11430.93,0,0,11424.14,0,0,11424.14,0,0,11424.14,0,0,11437.72,0,0,11451.33,0,0,11451.33,0,0,11478.64,0,0,11506.09,0,0,11430.93,0,0,11430.93,0,0,11485.49,0,0,11485.49,0,0,11430.93,0,0,11430.93,0,0,11424.14,0,0,11424.14,0,0,11424.14,0,0,19884.35,0,0,11424.14,0,0,11437.72,0,0,11424.14,0,0,11624.22,0,0,11485.49,0,0,11687.74,0,0,11430.93
both_sexes,0,0,2020-08-10,any_risk_factors,0,0,0,0,0,0,0,0,0,0,0,0,0,0,0,0,0,0,0,0,0,0,0,0,0,0,0,0,0,0,0,0,0,0,0,0,0,1,0,0,2,0,0,0,0,1,1,0,0,0,11440.63,0,0,11440.63,0,0,11447.44,0,0,11937.3,0,0,11719.26,0,0,11921.46,0,0,11578.27,0,0,11893.05,0,0,11870,0,0,11870,0,0,11461.07,0,0,11461.07,0,0,11461.07,0,0,11461.07,0,0,11433.84,0,0,11433.84,0,0,11557.41,0,0,11606.2,3100.59,78.5,17275.41,3100.59,78.5,17275.41,0,0,11440.63,0,0,11433.84,0,0,11440.63,0,0,11433.84,0,0,11433.84,0,0,11433.84,0,0,11447.44,0,0,11461.07,0,0,11461.07,0,0,11488.43,0,0,11515.92,0,0,11440.63,0,0,11440.63,0,0,11495.29,0,0,11495.29,0,0,11440.63,0,0,11440.63,0,0,11433.84,0,0,11433.84,0,0,11433.84,5391.14,136.49,30037.53,0,0,11433.84,0,0,11447.44,6199.08,750.74,22393.22,0,0,11634.26,0,0,11495.29,0,0,11697.89,0,0,11440.63
both_sexes,0,0,2020-08-17,any_risk_factors,0,0,0,0,1,1,1,1,1,1,0,0,0,1,1,1,0,0,0,0,1,0,0,0,0,0,0,0,0,0,1,1,0,0,0,0,0,1,0,0,0,1,1,2,0,0,0,0,0,0,11476.69,0,0,11476.69,0,0,11483.54,0,0,11976.56,3188.56,80.73,17765.54,3242.06,82.08,18063.58,3149.79,79.75,17549.52,3235.74,81.92,18028.37,3228.02,81.73,17985.35,3228.02,81.73,17985.35,0,0,11497.25,0,0,11497.25,0,0,11497.25,3116.73,78.91,17365.33,3109.3,78.72,17323.94,3109.3,78.72,17323.94,0,0,11594.21,0,0,11643.3,0,0,11476.69,0,0,11476.69,0,0,11476.69,0,0,11469.85,3111.16,78.77,17334.27,0,0,11469.85,0,0,11469.85,0,0,11469.85,0,0,11483.54,0,0,11497.25,0,0,11497.25,0,0,11524.79,0,0,11552.46,0,0,11476.69,0,0,11476.69,3127.41,79.18,17424.8,3127.41,79.18,17424.8,0,0,11476.69,0,0,11476.69,0,0,11469.85,0,0,11469.85,0,0,11469.85,5405.51,136.86,30117.55,0,0,11469.85,0,0,11483.54,0,0,11469.85,3165.08,80.13,17634.69,3127.41,79.18,17424.8,6367.68,771.16,23002.24,0,0,11476.69
both_sexes,0,0,2020-08-24,any_risk_factors,0,0,0,0,0,0,0,1,1,1,0,0,0,0,0,0,1,0,0,0,0,0,0,0,0,0,0,0,0,0,0,0,0,0,0,0,0,0,0,0,0,0,0,0,0,0,0,0,0,0,11496.27,0,0,11496.27,0,0,11503.14,0,0,11997.89,0,0,11784.86,0,0,11982.95,0,0,11642.3,3242.92,82.1,18068.39,3235.45,81.91,18026.78,3235.45,81.91,18026.78,0,0,11516.91,0,0,11516.91,0,0,11516.91,0,0,11523.8,0,0,11496.27,0,0,11496.27,3149.79,79.75,17549.52,0,0,11663.46,0,0,11496.27,0,0,11496.27,0,0,11496.27,0,0,11489.41,0,0,11503.14,0,0,11489.41,0,0,11489.41,0,0,11489.41,0,0,11503.14,0,0,11516.91,0,0,11516.91,0,0,11544.54,0,0,11572.3,0,0,11496.27,0,0,11496.27,0,0,11558.4,0,0,11558.4,0,0,11496.27,0,0,11496.27,0,0,11489.41,0,0,11489.41,0,0,11489.41,0,0,19966.85,0,0,11489.41,0,0,11503.14,0,0,11489.41,0,0,11698.91,0,0,11558.4,0,0,11770.45,0,0,11496.27
both_sexes,0,0,2020-08-31,any_risk_factors,0,0,0,0,0,0,0,0,1,1,0,0,0,0,0,0,0,0,0,0,0,0,0,0,0,0,0,0,0,0,0,0,0,0,0,0,0,0,0,0,0,0,0,0,0,1,1,0,0,0,11510.02,0,0,11510.02,0,0,11516.91,0,0,12012.87,0,0,11799.31,0,0,11997.89,0,0,11656.4,0,0,11982.95,3241.77,82.07,18061.98,3241.77,82.07,18061.98,0,0,11530.71,0,0,11530.71,0,0,11530.71,0,0,11537.62,0,0,11510.02,0,0,11510.02,0,0,11635.26,0,0,11677.62,3121.53,79.03,17392.04,3121.53,79.03,17392.04,0,0,11510.02,0,0,11503.14,0,0,11516.91,0,0,11503.14,0,0,11503.14,0,0,11503.14,0,0,11516.91,0,0,11530.71,0,0,11530.71,0,0,11558.4,0,0,11586.23,0,0,11510.02,0,0,11510.02,0,0,11572.3,0,0,11572.3,0,0,11510.02,0,0,11510.02,0,0,11503.14,0,0,11503.14,0,0,11503.14,0,0,19975.73,0,0,11503.14,0,0,11516.91,0,0,11503.14,0,0,11713.15,0,0,11572.3,0,0,11784.86,0,0,11510.02
both_sexes,0,0,2020-09-07,any_risk_factors,0,0,0,0,0,0,0,0,0,0,0,0,0,0,0,0,0,0,0,0,0,0,0,1,0,0,0,0,0,0,0,0,0,0,0,0,0,0,0,1,1,0,0,0,0,0,0,0,0,0,11532.68,0,0,11532.68,0,0,11539.6,0,0,12037.55,0,0,11823.12,0,0,12022.51,0,0,11679.64,0,0,12007.51,0,0,11985.08,0,0,11985.08,0,0,11553.45,0,0,11553.45,0,0,11553.45,0,0,11560.39,0,0,11529.72,0,0,11529.72,0,0,11658.42,0,0,11700.94,0,0,11537.62,0,0,11537.62,0,0,11532.68,0,0,11525.78,0,0,11536.63,0,0,11525.78,0,0,11525.78,0,0,11525.78,3128.75,79.21,17432.27,0,0,11553.45,0,0,11553.45,0,0,11581.26,0,0,11609.2,0,0,11532.68,0,0,11532.68,0,0,11595.21,0,0,11595.21,0,0,11532.68,0,0,11532.68,0,0,11525.78,0,0,11525.78,0,0,11525.78,0,0,20014.31,0,0,11525.78,3128.75,79.21,17432.27,3124.47,79.1,17408.41,0,0,11736.61,0,0,11595.21,0,0,11808.62,0,0,11532.68
both_sexes,0,0,2020-09-14,any_risk_factors,0,0,0,0,1,1,1,1,0,0,0,0,0,0,0,0,0,0,0,0,0,0,0,0,0,0,0,0,0,0,0,0,0,0,0,0,0,1,0,0,0,1,0,1,0,0,0,0,0,0,11544.54,0,0,11544.54,0,0,11551.47,0,0,12050.47,3209.01,81.25,17879.48,3263.2,82.62,18181.39,3170.85,80.28,17666.84,3260,82.54,18163.54,0,0,11994.69,0,0,11994.69,0,0,11565.35,0,0,11565.35,0,0,11565.35,0,0,11572.3,0,0,11537.62,0,0,11537.62,0,0,11670.53,0,0,11713.15,0,0,11544.54,0,0,11544.54,0,0,11544.54,0,0,11537.62,0,0,11544.54,0,0,11537.62,0,0,11537.62,0,0,11537.62,0,0,11556.42,0,0,11565.35,0,0,11565.35,0,0,11593.21,0,0,11621.21,0,0,11544.54,0,0,11544.54,0,0,11607.2,0,0,11607.2,0,0,11544.54,0,0,11544.54,0,0,11537.62,0,0,11537.62,0,0,11537.62,5432.03,137.53,30265.36,0,0,11537.62,0,0,11556.42,0,0,11537.62,3186.34,80.67,17753.14,0,0,11607.2,3205.92,81.17,17862.22,0,0,11544.54
both_sexes,0,0,2020-09-21,any_risk_factors,0,0,0,0,0,1,0,0,1,1,0,0,0,0,0,0,0,0,0,0,0,0,0,0,0,0,0,0,0,0,0,0,0,0,0,0,0,3,0,0,0,0,0,0,0,0,0,0,0,0,11564.36,0,0,11564.36,0,0,11571.31,0,0,12072.07,0,0,11856.42,3269.63,82.78,18217.19,0,0,11719.26,0,0,12049.39,3257.38,82.47,18148.96,3257.38,82.47,18148.96,0,0,11585.24,0,0,11585.24,0,0,11585.24,0,0,11592.22,0,0,11557.41,0,0,11557.41,0,0,11690.79,0,0,11733.55,0,0,11564.36,0,0,11564.36,0,0,11564.36,0,0,11557.41,0,0,11564.36,0,0,11557.41,0,0,11557.41,0,0,11557.41,0,0,11571.31,0,0,11585.24,0,0,11585.24,0,0,11613.2,0,0,11641.29,0,0,11564.36,0,0,11564.36,0,0,11627.23,0,0,11627.23,0,0,11564.36,0,0,11564.36,0,0,11557.41,0,0,11557.41,0,0,11557.41,16334.97,3368.66,47737.72,0,0,11557.41,0,0,11571.31,0,0,11557.41,0,0,11776.62,0,0,11627.23,0,0,11849.12,0,0,11564.36
both_sexes,0,0,2020-09-28,any_risk_factors,0,0,0,1,0,0,0,0,1,1,0,0,0,0,0,0,0,0,0,0,0,0,0,0,0,0,0,0,0,0,0,0,0,0,0,0,0,1,0,0,1,0,0,0,0,0,0,0,0,0,11598.2,0,0,11598.2,0,0,11605.2,3284.03,83.14,18297.45,0,0,11892,0,0,12101.34,0,0,11754.02,0,0,12086.14,3268.16,82.74,18209.04,3268.16,82.74,18209.04,0,0,11619.21,0,0,11619.21,0,0,11619.21,0,0,11626.23,0,0,11591.22,0,0,11591.22,0,0,11725.38,0,0,11768.39,0,0,11595.21,0,0,11595.21,0,0,11598.2,0,0,11591.22,0,0,11598.2,0,0,11591.22,0,0,11591.22,0,0,11591.22,0,0,11605.2,0,0,11619.21,0,0,11619.21,0,0,11647.33,0,0,11675.59,0,0,11598.2,0,0,11598.2,0,0,11661.44,0,0,11661.44,0,0,11598.2,0,0,11598.2,0,0,11591.22,0,0,11591.22,0,0,11591.22,5467,138.41,30460.15,0,0,11591.22,0,0,11605.2,3142.21,79.55,17507.25,0,0,11811.72,0,0,11661.44,0,0,11884.65,0,0,11598.2
both_sexes,0,0,2020-10-05,any_risk_factors,0,0,0,1,0,0,0,0,1,1,0,0,0,0,0,0,0,0,0,0,0,0,0,0,0,0,0,0,0,0,0,0,0,0,0,0,0,2,0,0,1,0,0,0,0,0,0,0,0,0,11624.22,0,0,11624.22,0,0,11631.24,3291.13,83.32,18337.02,0,0,11919.35,0,0,12125.3,0,0,11780.74,0,0,12114.4,3278.73,83.01,18267.89,3278.73,83.01,18267.89,0,0,11645.32,0,0,11645.32,0,0,11645.32,0,0,11652.37,0,0,11617.2,0,0,11617.2,0,0,11751.97,0,0,11795.18,0,0,11617.2,0,0,11617.2,0,0,11624.22,0,0,11617.2,0,0,11624.22,0,0,11617.2,0,0,11617.2,0,0,11617.2,0,0,11631.24,0,0,11645.32,0,0,11645.32,0,0,11673.57,0,0,11701.96,0,0,11624.22,0,0,11624.22,0,0,11687.74,0,0,11687.74,0,0,11624.22,0,0,11624.22,0,0,11617.2,0,0,11617.2,0,0,11617.2,10971.76,1328.73,39633.78,0,0,11617.2,0,0,11631.24,3149.25,79.73,17546.5,0,0,11838.71,0,0,11687.74,0,0,11911.97,0,0,11624.22
both_sexes,0,0,2020-10-12,any_risk_factors,0,0,0,0,1,1,0,1,0,0,0,0,0,0,0,0,0,0,0,1,1,0,0,0,0,0,0,0,0,0,0,0,0,0,0,0,0,6,0,0,2,0,0,0,0,0,0,0,0,0,11651.36,0,0,11651.36,0,0,11658.42,0,0,12174.6,3240.04,82.03,18052.36,3295.29,83.43,18360.18,0,0,11808.62,3293.8,83.39,18351.91,0,0,12128.57,0,0,12128.57,0,0,11672.56,0,0,11672.56,0,0,11672.56,0,0,11679.64,0,0,11644.31,0,0,11644.31,0,0,11779.71,0,0,11823.12,0,0,11644.31,0,0,11644.31,0,0,11651.36,3157.69,79.95,17593.52,3159.6,79.99,17604.18,0,0,11644.31,0,0,11644.31,0,0,11644.31,0,0,11658.42,0,0,11672.56,0,0,11672.56,0,0,11700.94,0,0,11729.46,0,0,11651.36,0,0,11651.36,0,0,11715.18,0,0,11715.18,0,0,11651.36,0,0,11651.36,0,0,11644.31,0,0,11644.31,0,0,11644.31,33109.23,12150.5,72064.86,0,0,11644.31,0,0,11658.42,6313.2,764.56,22805.44,0,0,11866.86,0,0,11715.18,0,0,11940.48,0,0,11651.36
both_sexes,0,0,2020-10-19,any_risk_factors,0,0,0,1,1,1,0,0,1,1,0,0,0,0,0,0,0,0,0,0,0,0,0,0,0,0,0,0,0,0,0,0,0,0,0,0,0,7,0,0,1,0,0,0,0,0,0,0,0,0,11673.57,0,0,11673.57,0,0,11680.65,3307.53,83.74,18428.35,3247.53,82.22,18094.09,3303.04,83.63,18403.35,0,0,11831.43,0,0,12175.7,3294.7,83.41,18356.87,3294.7,83.41,18356.87,0,0,11694.85,0,0,11694.85,0,0,11694.85,0,0,11698.91,0,0,11666.49,0,0,11666.49,0,0,11802.41,0,0,11845.99,0,0,11666.49,0,0,11666.49,0,0,11673.57,0,0,11673.57,0,0,11680.65,0,0,11666.49,0,0,11666.49,0,0,11666.49,0,0,11680.65,0,0,11694.85,0,0,11694.85,0,0,11723.34,0,0,11751.97,0,0,11673.57,0,0,11673.57,0,0,11737.64,0,0,11737.64,0,0,11673.57,0,0,11673.57,0,0,11666.49,0,0,11666.49,0,0,11666.49,38980.79,15672.3,80315.33,0,0,11666.49,0,0,11680.65,3162.61,80.07,17620.94,0,0,11889.9,0,0,11737.64,0,0,11963.8,0,0,11673.57
both_sexes,0,0,2020-10-26,any_risk_factors,0,0,0,0,0,0,0,0,0,0,0,0,0,0,0,0,0,1,0,0,0,0,0,0,0,0,0,0,0,0,0,0,0,0,0,0,0,6,0,0,0,0,0,0,0,0,0,0,0,0,11692.82,0,0,11692.82,0,0,11699.92,0,0,12219.87,0,0,12006.44,0,0,12212.12,0,0,11851.2,0,0,12196.64,0,0,12181.21,0,0,12181.21,0,0,11714.16,0,0,11714.16,0,0,11714.16,0,0,11714.16,0,0,11685.72,0,0,11685.72,0,0,11822.09,3218.06,81.47,17929.89,0,0,11685.72,0,0,11685.72,0,0,11692.82,0,0,11692.82,0,0,11699.92,0,0,11685.72,0,0,11685.72,0,0,11685.72,0,0,11699.92,0,0,11714.16,0,0,11714.16,0,0,11742.75,0,0,11771.48,0,0,11692.82,0,0,11692.82,0,0,11757.1,0,0,11757.1,0,0,11692.82,0,0,11692.82,0,0,11685.72,0,0,11685.72,0,0,11685.72,33637.76,12344.46,73215.24,0,0,11685.72,0,0,11699.92,0,0,11685.72,0,0,11909.87,0,0,11757.1,0,0,11984.02,0,0,11692.82
both_sexes,0,0,2020-11-02,any_risk_factors,0,0,0,0,0,0,0,0,0,0,0,0,0,0,0,0,0,0,0,0,0,0,0,0,0,0,0,0,0,0,0,0,0,0,0,0,0,10,0,0,1,0,0,0,0,0,0,0,0,0,11710.09,0,0,11710.09,0,0,11717.22,0,0,12238.74,0,0,12024.66,0,0,12230.97,0,0,11868.95,0,0,12215.44,0,0,12199.96,0,0,12199.96,0,0,11731.5,0,0,11731.5,0,0,11731.5,0,0,11731.5,0,0,11702.97,0,0,11702.97,0,0,11839.75,0,0,11890.95,0,0,11702.97,0,0,11702.97,0,0,11710.09,0,0,11710.09,0,0,11717.22,0,0,11702.97,0,0,11702.97,0,0,11702.97,0,0,11717.22,0,0,11731.5,0,0,11731.5,0,0,11760.17,0,0,11788.99,0,0,11710.09,0,0,11710.09,0,0,11774.56,0,0,11774.56,0,0,11710.09,0,0,11710.09,0,0,11702.97,0,0,11702.97,0,0,11702.97,56479.05,27083.9,103866.98,0,0,11702.97,0,0,11717.22,3172.5,80.32,17676.04,0,0,11927.79,0,0,11774.56,0,0,12002.17,0,0,11710.09
both_sexes,0,0,2020-11-09,any_risk_factors,0,0,0,0,1,1,0,0,1,1,0,0,0,0,0,0,0,0,0,0,0,0,0,0,0,0,0,1,0,0,0,0,0,0,0,0,0,13,0,0,0,0,0,0,0,0,0,1,0,0,11734.57,0,0,11734.57,0,0,11741.73,0,0,12265.48,3266.99,82.71,18202.53,3323.17,84.14,18515.54,0,0,11894.1,0,0,12242.08,3314.73,83.92,18468.49,3314.73,83.92,18468.49,0,0,11756.07,0,0,11756.07,0,0,11756.07,0,0,11756.07,0,0,11727.42,0,0,11727.42,0,0,11864.77,0,0,11916.19,0,0,11727.42,0,0,11727.42,0,0,11734.57,0,0,11734.57,0,0,11741.73,3179.68,80.5,17716.05,0,0,11727.42,0,0,11727.42,0,0,11741.73,0,0,11756.07,0,0,11756.07,0,0,11784.86,3203.95,81.12,17851.25,0,0,11734.57,0,0,11734.57,0,0,11799.31,0,0,11799.31,0,0,11734.57,0,0,11734.57,0,0,11727.42,0,0,11727.42,0,0,11727.42,74552.52,39696.08,127487.08,0,0,11727.42,0,0,11741.73,0,0,11727.42,0,0,11953.19,0,0,11799.31,0,0,12027.88,0,0,11734.57
both_sexes,0,0,2020-11-16,any_risk_factors,0,0,0,0,0,0,0,0,0,0,0,0,0,0,0,0,0,0,0,0,0,0,0,0,0,0,0,0,0,0,0,0,0,0,0,0,0,14,0,0,2,0,0,0,0,0,0,0,0,0,11754.02,0,0,11754.02,0,0,11761.2,0,0,12286.73,0,0,12078.56,0,0,12286.73,0,0,11914.08,0,0,12263.25,0,0,12255.44,0,0,12255.44,0,0,11775.59,0,0,11775.59,0,0,11775.59,0,0,11775.59,0,0,11746.85,0,0,11746.85,0,0,11884.65,0,0,11936.24,0,0,11746.85,0,0,11746.85,0,0,11754.02,0,0,11754.02,0,0,11761.2,0,0,11754.02,0,0,11746.85,0,0,11746.85,0,0,11761.2,0,0,11775.59,0,0,11775.59,0,0,11804.48,0,0,11840.79,0,0,11754.02,0,0,11754.02,0,0,11818.98,0,0,11818.98,0,0,11754.02,0,0,11754.02,0,0,11746.85,0,0,11746.85,0,0,11746.85,81594.06,44608.23,136900.98,0,0,11746.85,0,0,11761.2,6368.79,771.29,23006.25,0,0,11973.37,0,0,11818.98,0,0,12048.32,0,0,11754.02
both_sexes,0,0,2020-11-23,any_risk_factors,0,0,0,0,0,0,0,1,0,0,0,0,0,0,0,0,0,0,0,0,0,0,0,0,0,0,0,0,0,0,0,0,0,0,0,0,0,12,0,0,0,0,0,0,0,0,0,0,0,0,11790.02,0,0,11790.02,0,0,11797.24,0,0,12326.07,0,0,12114.4,0,0,12323.82,0,0,11951.07,3335.92,84.46,18586.56,0,0,12292.34,0,0,12292.34,0,0,11811.72,0,0,11811.72,0,0,11811.72,0,0,11811.72,0,0,11782.8,0,0,11782.8,0,0,11921.46,0,0,11973.37,0,0,11782.8,0,0,11782.8,0,0,11790.02,0,0,11790.02,0,0,11797.24,0,0,11790.02,0,0,11782.8,0,0,11782.8,0,0,11797.24,0,0,11811.72,0,0,11811.72,0,0,11840.79,0,0,11877.32,0,0,11790.02,0,0,11790.02,0,0,11855.37,0,0,11855.37,0,0,11790.02,0,0,11790.02,0,0,11782.8,0,0,11782.8,0,0,11782.8,71117.96,36747.69,124228.77,0,0,11782.8,0,0,11797.24,0,0,11782.8,0,0,12010.73,0,0,11855.37,0,0,12086.14,0,0,11790.02
both_sexes,0,0,2020-11-30,any_risk_factors,0,0,0,0,0,0,0,1,2,2,0,0,0,0,0,0,0,1,0,0,0,0,0,0,0,0,1,1,0,0,0,0,0,0,0,0,0,19,0,0,1,1,0,1,0,0,0,0,0,0,11821.05,0,0,11821.05,0,0,11828.31,0,0,12360,0,0,12141.69,0,0,12352.06,0,0,11982.95,3345.09,84.69,18637.63,6680.38,809.03,24131.84,6680.38,809.03,24131.84,0,0,11842.87,0,0,11842.87,0,0,11842.87,0,0,11842.87,0,0,11813.79,0,0,11813.79,0,0,11953.19,3254.48,82.4,18132.79,0,0,11813.79,0,0,11813.79,0,0,11821.05,0,0,11821.05,0,0,11828.31,0,0,11821.05,0,0,11813.79,0,0,11813.79,0,0,11828.31,0,0,11842.87,0,0,11842.87,3219.76,81.52,17939.38,3229.73,81.77,17994.9,0,0,11821.05,0,0,11821.05,0,0,11886.75,0,0,11886.75,0,0,11821.05,0,0,11821.05,0,0,11813.79,0,0,11813.79,0,0,11813.79,114896.52,69175.21,179425.15,0,0,11813.79,0,0,11828.31,3202.54,81.08,17843.43,3266.12,82.69,18197.65,0,0,11886.75,3286.69,83.21,18312.27,0,0,11821.05
both_sexes,0,0,2020-12-07,any_risk_factors,0,0,0,0,1,1,0,0,0,0,0,0,0,0,0,0,0,0,0,0,0,0,0,0,0,0,1,1,0,0,1,1,0,0,0,0,0,18,0,0,0,1,1,2,0,0,0,0,0,0,11841.83,0,0,11841.83,0,0,11849.12,0,0,12382.72,3297.67,83.49,18373.44,3354.92,84.94,18692.41,0,0,12004.31,0,0,12366.8,0,0,12350.93,0,0,12350.93,0,0,11863.72,0,0,11863.72,0,0,11863.72,0,0,11863.72,0,0,11834.55,0,0,11834.55,0,0,11974.43,0,0,12034.33,0,0,11834.55,0,0,11834.55,0,0,11841.83,0,0,11841.83,0,0,11849.12,0,0,11841.83,0,0,11834.55,0,0,11834.55,0,0,11849.12,0,0,11863.72,0,0,11863.72,3227.73,81.72,17983.76,3237.74,81.97,18039.56,0,0,11841.83,0,0,11841.83,3229.73,81.77,17994.9,3229.73,81.77,17994.9,0,0,11841.83,0,0,11841.83,0,0,11834.55,0,0,11834.55,0,0,11834.55,111697.25,66198.87,176529.81,0,0,11834.55,0,0,11849.12,0,0,11834.55,3274.32,82.9,18243.32,3229.73,81.77,17994.9,6593.56,798.51,23818.19,0,0,11841.83
both_sexes,0,0,2020-12-14,any_risk_factors,0,0,0,0,0,0,0,0,0,0,0,0,0,0,0,0,0,0,0,0,0,0,0,0,0,0,0,0,0,0,0,0,0,0,0,0,0,10,0,0,1,0,0,0,0,0,0,0,0,0,11853.29,0,0,11853.29,0,0,11860.59,0,0,12391.83,0,0,12180.11,0,0,12391.83,0,0,12016.08,0,0,12379.3,0,0,12363.4,0,0,12363.4,0,0,11875.23,0,0,11875.23,0,0,11875.23,0,0,11875.23,0,0,11845.99,0,0,11845.99,0,0,11982.95,0,0,12042.93,0,0,11845.99,0,0,11845.99,0,0,11853.29,0,0,11853.29,0,0,11860.59,0,0,11845.99,0,0,11845.99,0,0,11845.99,0,0,11860.59,0,0,11875.23,0,0,11875.23,0,0,11919.35,0,0,11956.37,0,0,11853.29,0,0,11853.29,0,0,11926.73,0,0,11926.73,0,0,11853.29,0,0,11853.29,0,0,11845.99,0,0,11845.99,0,0,11845.99,63126.51,30271.62,116091.9,0,0,11845.99,0,0,11860.59,3211.27,81.3,17892.06,0,0,12091.57,0,0,11926.73,0,0,12175.7,0,0,11853.29
both_sexes,0,0,2020-12-21,any_risk_factors,0,1,0,0,0,0,0,2,1,1,0,0,0,0,0,0,1,1,0,0,0,0,0,0,0,0,0,0,0,0,0,0,0,0,0,0,0,10,0,0,2,0,0,0,0,0,0,0,0,0,11870,3219.2,81.5,17936.21,0,0,11877.32,0,0,12404.38,0,0,12192.23,0,0,12404.38,0,0,12033.25,6724.04,814.31,24289.55,3358,85.02,18709.6,3358,85.02,18709.6,0,0,11892,0,0,11892,0,0,11892,0,0,11892,0,0,11862.68,0,0,11862.68,3253.32,82.37,18126.33,3269.63,82.78,18217.19,0,0,11862.68,0,0,11862.68,0,0,11870,0,0,11870,0,0,11877.32,0,0,11862.68,0,0,11862.68,0,0,11862.68,0,0,11877.32,0,0,11892,0,0,11892,0,0,11936.24,0,0,11973.37,0,0,11870,0,0,11870,0,0,11943.65,0,0,11943.65,0,0,11870,0,0,11870,0,0,11862.68,0,0,11862.68,0,0,11862.68,63955.52,30669.16,117616.49,0,0,11862.68,0,0,11877.32,6431.59,778.9,23233.11,0,0,12108.95,0,0,11943.65,0,0,12193.33,0,0,11870
both_sexes,0,0,2020-12-28,any_risk_factors,0,0,0,1,0,0,0,1,1,1,0,0,0,0,0,0,0,0,0,0,0,0,0,0,0,0,0,0,0,0,0,0,0,0,0,0,0,24,0,0,0,0,0,0,0,0,0,0,0,0,11909.87,0,0,11917.24,0,0,11917.24,3372.58,85.39,18790.79,0,0,12227.64,0,0,12441.03,0,0,12074.23,3376.01,85.47,18809.9,3372.26,85.38,18789.06,3372.26,85.38,18789.06,0,0,11932.02,0,0,11932.02,0,0,11932.02,0,0,11932.02,0,0,11902.5,0,0,11902.5,0,0,12028.95,0,0,12089.4,0,0,11902.5,0,0,11902.5,0,0,11909.87,0,0,11909.87,0,0,11917.24,0,0,11902.5,0,0,11902.5,0,0,11902.5,0,0,11917.24,0,0,11932.02,0,0,11932.02,0,0,11976.56,0,0,12013.94,0,0,11909.87,0,0,11909.87,0,0,11978.69,0,0,11978.69,0,0,11909.87,0,0,11909.87,0,0,11902.5,0,0,11902.5,0,0,11902.5,156956.13,100564.76,233538.28,0,0,11902.5,0,0,11917.24,0,0,11902.5,0,0,12150.45,0,0,11978.69,0,0,12229.86,0,0,11909.87
both_sexes,0,0,2021-01-04,any_risk_factors,0,0,0,1,0,0,0,0,1,1,0,0,0,0,0,0,0,0,0,0,0,0,0,0,0,0,1,1,0,0,1,1,0,0,0,0,0,15,0,0,0,1,1,2,0,0,0,0,0,0,12007.51,0,0,12015.01,0,0,12015.01,3399.89,86.08,18942.97,0,0,12327.2,0,0,12533.61,0,0,12173.5,0,0,12562.83,3400.84,86.1,18948.26,3400.84,86.1,18948.26,0,0,12030.03,0,0,12030.03,0,0,12030.03,0,0,12030.03,0,0,12000.03,0,0,12000.03,0,0,12124.21,0,0,12185.61,0,0,12000.03,0,0,12000.03,0,0,12007.51,0,0,12007.51,0,0,12015.01,0,0,12000.03,0,0,12000.03,0,0,12000.03,0,0,12015.01,0,0,12030.03,0,0,12030.03,3273.73,82.88,18240.05,3284.03,83.14,18297.45,0,0,12007.51,0,0,12007.51,3274.9,82.91,18246.6,3274.9,82.91,18246.6,0,0,12007.51,0,0,12007.51,0,0,12000.03,0,0,12000.03,0,0,12000.03,101383.23,56743.43,167216.23,0,0,12000.03,0,0,12015.01,0,0,12000.03,3321.36,84.09,18505.44,3274.9,82.91,18246.6,6688.34,809.99,24160.57,0,0,12007.51
both_sexes,0,0,2021-01-11,any_risk_factors,0,0,0,0,1,1,0,0,1,1,0,0,0,0,0,0,0,0,0,0,0,0,0,0,0,0,0,0,0,0,0,0,0,0,0,0,0,23,0,0,0,0,0,0,0,0,0,0,0,0,12153.74,0,0,12161.42,0,0,12161.42,0,0,12698.99,3383.2,85.66,18849.97,3438.94,87.07,19160.56,0,0,12317.06,0,0,12714.57,3443.16,87.17,19184.04,3443.16,87.17,19184.04,0,0,12176.8,0,0,12176.8,0,0,12176.8,0,0,12176.8,0,0,12146.07,0,0,12146.07,0,0,12262.13,0,0,12324.95,0,0,12146.07,0,0,12146.07,0,0,12153.74,0,0,12153.74,0,0,12161.42,0,0,12146.07,0,0,12146.07,0,0,12146.07,0,0,12161.42,0,0,12176.8,0,0,12176.8,0,0,12230.97,0,0,12269.95,0,0,12153.74,0,0,12153.74,0,0,12230.97,0,0,12230.97,0,0,12153.74,0,0,12153.74,0,0,12146.07,0,0,12146.07,0,0,12146.07,160656.91,101842.7,241064.25,0,0,12146.07,0,0,12161.42,0,0,12146.07,0,0,12404.38,0,0,12230.97,0,0,12492.94,0,0,12153.74
both_sexes,0,0,2021-01-18,any_risk_factors,0,0,0,0,1,1,0,0,3,3,0,0,0,0,0,0,0,0,0,0,0,0,0,0,0,0,0,0,0,0,0,0,0,0,0,0,0,16,0,0,1,0,0,0,0,0,0,0,0,0,12234.3,0,0,12242.08,0,0,12242.08,0,0,12786.97,3407.82,86.28,18987.15,3462.09,87.65,19289.5,0,0,12399.81,0,0,12795.47,10404.01,2145.56,30404.92,10404.01,2145.56,30404.92,0,0,12257.67,0,0,12257.67,0,0,12257.67,0,0,12257.67,0,0,12226.53,0,0,12226.53,0,0,12344.14,0,0,12404.38,0,0,12226.53,0,0,12226.53,0,0,12234.3,0,0,12234.3,0,0,12242.08,0,0,12226.53,0,0,12226.53,0,0,12226.53,0,0,12242.08,0,0,12257.67,0,0,12257.67,0,0,12312.56,0,0,12352.06,0,0,12234.3,0,0,12234.3,0,0,12312.56,0,0,12312.56,0,0,12234.3,0,0,12234.3,0,0,12226.53,0,0,12226.53,0,0,12226.53,115585.44,66067.07,187703.52,0,0,12226.53,0,0,12242.08,3314.43,83.91,18466.81,0,0,12488.3,0,0,12312.56,0,0,12578.07,0,0,12234.3
both_sexes,0,0,2021-01-25,any_risk_factors,0,0,0,0,0,0,0,0,0,0,0,0,0,0,0,0,0,0,0,0,0,0,0,0,0,0,0,0,0,0,0,0,0,0,0,0,0,12,0,0,0,0,0,0,0,0,0,0,0,0,12266.6,0,0,12274.42,0,0,12274.42,0,0,12822.26,0,0,12612.22,0,0,12813.73,0,0,12432.99,0,0,12830.81,0,0,12839.37,0,0,12839.37,0,0,12290.1,0,0,12290.1,0,0,12290.1,0,0,12290.1,0,0,12258.79,0,0,12258.79,0,0,12377.03,0,0,12432.99,0,0,12258.79,0,0,12258.79,0,0,12266.6,0,0,12266.6,0,0,12274.42,0,0,12258.79,0,0,12258.79,0,0,12258.79,0,0,12274.42,0,0,12290.1,0,0,12290.1,0,0,12345.27,0,0,12384.99,0,0,12266.6,0,0,12266.6,0,0,12345.27,0,0,12345.27,0,0,12266.6,0,0,12266.6,0,0,12258.79,0,0,12258.79,0,0,12258.79,88778.61,45873.2,155078.37,0,0,12258.79,0,0,12274.42,0,0,12258.79,0,0,12521.96,0,0,12345.27,0,0,12612.22,0,0,12266.6
both_sexes,0,0,2021-02-01,any_risk_factors,0,0,0,1,1,1,0,0,0,0,0,0,0,0,0,0,0,0,0,0,0,0,0,0,0,0,0,0,0,0,0,0,0,0,0,0,0,7,0,0,1,0,0,0,0,1,1,0,0,0,12295.7,0,0,12303.56,0,0,12299.07,3483.55,88.2,19409.09,3428.61,86.8,19103,3482.55,88.17,19403.53,0,0,12462.89,0,0,12857.75,0,0,12867.57,0,0,12867.57,0,0,12319.31,0,0,12319.31,0,0,12319.31,0,0,12319.31,0,0,12287.85,0,0,12287.85,0,0,12402.09,0,0,12458.28,3333.18,84.39,18571.3,3333.18,84.39,18571.3,0,0,12295.7,0,0,12295.7,0,0,12303.56,0,0,12287.85,0,0,12287.85,0,0,12287.85,0,0,12303.56,0,0,12319.31,0,0,12319.31,0,0,12371.35,0,0,12411.23,0,0,12295.7,0,0,12295.7,0,0,12374.75,0,0,12374.75,0,0,12295.7,0,0,12295.7,0,0,12287.85,0,0,12287.85,0,0,12287.85,52521.57,21116.39,108214.51,0,0,12287.85,0,0,12303.56,3331.05,84.33,18559.44,0,0,12548.79,0,0,12374.75,0,0,12639.43,0,0,12295.7
both_sexes,0,0,2021-02-08,any_risk_factors,0,0,1,2,0,0,0,1,1,1,0,0,0,1,0,0,1,1,0,1,1,0,0,0,0,0,0,0,0,0,0,0,0,0,0,0,0,7,0,0,1,0,0,0,0,0,0,0,0,0,12365.67,0,0,12373.62,3352.46,84.88,18678.69,7009.21,848.85,25319.68,0,0,12725.38,0,0,12914.44,0,0,12533.61,3506.29,88.77,19535.79,3508.65,88.83,19548.92,3508.65,88.83,19548.92,0,0,12389.55,0,0,12389.55,0,0,12389.55,3359.24,85.05,18716.48,0,0,12357.73,0,0,12357.73,3381.63,85.62,18841.24,3397.04,86.01,18927.11,0,0,12365.67,0,0,12365.67,0,0,12365.67,3353.07,84.89,18682.11,3355.23,84.95,18694.13,0,0,12357.73,0,0,12357.73,0,0,12357.73,0,0,12373.62,0,0,12389.55,0,0,12389.55,0,0,12437.58,0,0,12477.9,0,0,12365.67,0,0,12365.67,0,0,12445.62,0,0,12445.62,0,0,12365.67,0,0,12365.67,0,0,12357.73,0,0,12357.73,0,0,12357.73,53365.69,21455.77,109953.71,0,0,12357.73,0,0,12373.62,3350,84.81,18664.98,0,0,12615.76,0,0,12445.62,0,0,12707.38,0,0,12365.67
both_sexes,0,0,2021-02-15,any_risk_factors,0,0,0,1,0,0,1,3,1,1,0,0,0,0,0,0,1,1,0,0,0,0,0,0,0,0,0,0,0,0,0,0,0,0,0,0,0,6,0,0,0,1,0,1,0,0,0,0,0,0,12441.03,0,0,12449.07,0,0,12446.77,3529.33,89.35,19664.15,0,0,12805.2,0,0,12986.63,3418.02,86.54,19044.01,10595.15,2184.97,30963.51,3533.42,89.46,19686.98,3533.42,89.46,19686.98,0,0,12465.2,0,0,12465.2,0,0,12465.2,0,0,12473.28,0,0,12432.99,0,0,12432.99,3404.32,86.19,18967.68,3419.94,86.59,19054.71,0,0,12441.03,0,0,12441.03,0,0,12441.03,0,0,12449.07,0,0,12457.13,0,0,12432.99,0,0,12432.99,0,0,12432.99,0,0,12449.07,0,0,12465.2,0,0,12465.2,0,0,12513.82,0,0,12554.63,0,0,12441.03,0,0,12441.03,0,0,12521.96,0,0,12521.96,0,0,12441.03,0,0,12441.03,0,0,12432.99,0,0,12432.99,0,0,12432.99,46558.32,17086.08,101337.86,0,0,12432.99,0,0,12449.07,0,0,12432.99,3440.56,87.11,19169.58,0,0,12521.96,3465.7,87.74,19309.64,0,0,12441.03
both_sexes,0,0,2021-02-22,any_risk_factors,0,0,0,1,1,2,1,1,0,0,0,0,0,0,0,0,0,0,0,0,0,0,0,0,0,0,0,0,0,0,0,0,0,0,0,0,0,7,0,0,1,1,0,1,0,0,0,0,0,0,12565.17,0,0,12573.38,0,0,12565.17,3564.46,90.24,19859.89,3504.94,88.74,19528.29,7112.95,861.41,25694.42,3454.88,87.47,19249.36,3571.78,90.43,19900.67,0,0,13166.84,0,0,13166.84,0,0,12589.83,0,0,12589.83,0,0,12589.83,0,0,12598.07,0,0,12556.97,0,0,12556.97,0,0,12689.43,0,0,12739.82,0,0,12565.17,0,0,12565.17,0,0,12565.17,0,0,12573.38,0,0,12581.6,0,0,12556.97,0,0,12556.97,0,0,12556.97,0,0,12569.86,0,0,12589.83,0,0,12589.83,0,0,12639.43,0,0,12677.49,0,0,12565.17,0,0,12565.17,0,0,12639.43,0,0,12639.43,0,0,12565.17,0,0,12565.17,0,0,12556.97,0,0,12556.97,0,0,12556.97,55485.03,22307.86,114320.36,0,0,12556.97,0,0,12569.86,3404.01,86.18,18965.92,3477.91,88.05,19377.67,0,0,12639.43,3501.25,88.64,19507.7,0,0,12565.17
both_sexes,0,0,2021-03-01,any_risk_factors,0,0,0,2,0,0,0,1,1,1,0,0,0,0,0,0,0,0,0,0,0,0,0,0,0,0,0,0,0,0,0,0,0,0,0,0,0,7,0,0,0,0,0,0,0,0,0,0,0,0,12791.83,0,0,12796.69,0,0,12791.83,7260.71,879.31,26228.18,0,0,13155.27,0,0,13356.1,0,0,12981.63,3635.05,92.03,20253.21,3631.44,91.94,20233.08,3631.44,91.94,20233.08,0,0,12817.38,0,0,12817.38,0,0,12817.38,0,0,12825.92,0,0,12783.33,0,0,12783.33,0,0,12915.68,0,0,12967.88,0,0,12785.76,0,0,12785.76,0,0,12791.83,0,0,12800.33,0,0,12808.85,0,0,12783.33,0,0,12783.33,0,0,12783.33,0,0,12791.83,0,0,12817.38,0,0,12817.38,0,0,12868.8,0,0,12903.31,0,0,12791.83,0,0,12791.83,0,0,12868.8,0,0,12868.8,0,0,12791.83,0,0,12791.83,0,0,12783.33,0,0,12783.33,0,0,12783.33,56804.04,22838.17,117038.04,0,0,12783.33,0,0,12791.83,0,0,12783.33,0,0,13069.78,0,0,12868.8,0,0,13159.13,0,0,12791.83
both_sexes,0,0,2021-03-08,any_risk_factors,0,0,0,1,1,1,0,0,0,0,0,0,0,0,0,0,0,0,0,0,0,0,0,0,0,0,0,0,0,0,0,0,0,0,0,0,0,8,0,0,0,0,0,0,0,1,1,0,0,0,13190.05,0,0,13190.05,0,0,13190.05,3751.16,94.97,20900.1,3676.03,93.07,20481.51,3730.85,94.46,20786.95,0,0,13386.62,0,0,13836.14,0,0,13810.61,0,0,13810.61,0,0,13217.22,0,0,13217.22,0,0,13217.22,0,0,13226.3,0,0,13181.01,0,0,13181.01,0,0,13313.87,0,0,13362.72,3574.92,90.51,19918.2,3574.92,90.51,19918.2,0,0,13190.05,0,0,13199.09,0,0,13208.15,0,0,13181.01,0,0,13181.01,0,0,13181.01,0,0,13190.05,0,0,13217.22,0,0,13217.22,0,0,13271.9,0,0,13308.61,0,0,13190.05,0,0,13190.05,0,0,13271.9,0,0,13271.9,0,0,13190.05,0,0,13190.05,0,0,13181.01,0,0,13181.01,0,0,13181.01,66819.12,28847.75,131660.3,0,0,13181.01,0,0,13190.05,0,0,13181.01,0,0,13480.37,0,0,13271.9,0,0,13575.45,0,0,13190.05
both_sexes,0,0,2021-03-15,any_risk_factors,0,0,0,0,0,0,0,1,0,0,0,0,0,0,0,0,0,0,0,0,0,0,0,0,0,0,0,0,0,0,0,0,0,0,0,0,0,8,0,0,1,0,0,0,0,0,0,0,0,0,13705.25,0,0,13705.25,0,0,13705.25,0,0,14335.18,0,0,14070.21,0,0,14278.97,0,0,13903.24,3884.4,98.34,21642.48,0,0,14306.26,0,0,14306.26,0,0,13734.59,0,0,13734.59,0,0,13734.59,0,0,13744.4,0,0,13695.5,0,0,13695.5,0,0,13827.62,0,0,13877.47,0,0,13705.25,0,0,13705.25,0,0,13705.25,0,0,13715.02,0,0,13724.8,0,0,13695.5,0,0,13695.5,0,0,13695.5,0,0,13705.25,0,0,13734.59,0,0,13734.59,0,0,13783.77,0,0,13823.36,0,0,13705.25,0,0,13705.25,0,0,13783.77,0,0,13783.77,0,0,13705.25,0,0,13705.25,0,0,13695.5,0,0,13695.5,0,0,13695.5,70307.99,30354,138534.77,0,0,13695.5,0,0,13705.25,3712.64,94,20685.53,0,0,13994.22,0,0,13783.77,0,0,14086.39,0,0,13705.25
both_sexes,0,0,2021-03-22,any_risk_factors,0,0,0,0,0,0,0,1,0,0,0,0,0,0,0,0,0,0,0,0,0,0,0,0,0,0,0,0,0,0,0,0,0,0,0,0,0,2,0,0,0,0,0,0,0,0,0,0,0,0,14226.2,0,0,14226.2,0,0,14226.2,0,0,14858.44,0,0,14611.9,0,0,14830.64,0,0,14430.37,4033.24,102.11,22471.76,0,0,14830.64,0,0,14830.64,0,0,14257.81,0,0,14257.81,0,0,14257.81,0,0,14268.38,0,0,14215.69,0,0,14215.69,0,0,14353.5,0,0,14407.22,0,0,14226.2,0,0,14226.2,0,0,14226.2,0,0,14236.72,0,0,14247.26,0,0,14215.69,0,0,14215.69,0,0,14215.69,0,0,14226.2,0,0,14257.81,0,0,14257.81,0,0,14310.81,0,0,14353.5,0,0,14226.2,0,0,14226.2,0,0,14310.81,0,0,14310.81,0,0,14226.2,0,0,14226.2,0,0,14215.69,0,0,14215.69,0,0,14215.69,18262.5,2211.67,65970.43,0,0,14215.69,0,0,14226.2,0,0,14215.69,0,0,14528.39,0,0,14310.81,0,0,14627.76,0,0,14226.2
both_sexes,0,0,2021-03-29,any_risk_factors,0,0,0,2,2,1,1,2,1,1,1,1,1,1,0,0,0,0,0,0,0,0,0,0,0,0,0,0,0,0,0,0,0,0,0,0,0,2,0,0,0,1,0,1,0,0,0,0,0,0,15337.09,0,0,15335.34,0,0,15337.09,8701.61,1053.81,31433.2,8536.87,1033.85,30838.11,4327.09,109.55,24109.02,4213.77,106.68,23477.65,8701.61,1053.81,31433.2,4316.36,109.28,24049.19,4316.36,109.28,24049.19,4167.62,105.51,23220.48,4167.62,105.51,23220.48,4167.62,105.51,23220.48,4170.95,105.6,23239.04,0,0,15324.88,0,0,15324.88,0,0,15474.48,0,0,15536.94,0,0,15337.09,0,0,15337.09,0,0,15337.09,0,0,15349.32,0,0,15361.57,0,0,15324.88,0,0,15324.88,0,0,15324.88,0,0,15337.09,0,0,15373.84,0,0,15373.84,0,0,15433.71,0,0,15483.37,0,0,15337.09,0,0,15337.09,0,0,15435.48,0,0,15435.48,0,0,15337.09,0,0,15337.09,0,0,15324.88,0,0,15324.88,0,0,15324.88,19243.94,2330.53,69515.73,0,0,15324.88,0,0,15337.09,0,0,15324.88,4244.13,107.45,23646.79,0,0,15435.48,4275.43,108.24,23821.17,0,0,15337.09
both_sexes,0,0,2021-04-05,any_risk_factors,0,0,0,0,0,0,0,0,0,0,0,0,0,0,0,0,0,0,0,0,0,0,0,0,0,0,0,0,0,0,0,0,0,0,0,0,0,3,0,0,2,0,0,0,0,0,0,0,0,0,17218.7,0,0,17203.31,0,0,17214.3,0,0,18032.16,0,0,17702.84,0,0,17936.15,0,0,17450.63,0,0,18020.1,0,0,17815.2,0,0,17815.2,0,0,17265.03,0,0,17265.03,0,0,17265.03,0,0,17280.53,0,0,17203.31,0,0,17203.31,0,0,17356.22,0,0,17434.82,0,0,17212.1,0,0,17212.1,0,0,17218.7,0,0,17234.12,0,0,17249.56,0,0,17203.31,0,0,17203.31,0,0,17203.31,0,0,17214.3,0,0,17265.03,0,0,17265.03,0,0,17309.39,0,0,17371.88,0,0,17218.7,0,0,17218.7,0,0,17318.29,0,0,17318.29,0,0,17218.7,0,0,17218.7,0,0,17203.31,0,0,17203.31,0,0,17203.31,31129.26,6419.6,90972.91,0,0,17203.31,0,0,17214.3,9327.12,1129.56,33692.76,0,0,17559.8,0,0,17318.29,0,0,17679.61,0,0,17218.7
both_sexes,0,0,2021-04-12,any_risk_factors,0,0,0,0,0,0,0,0,0,0,0,0,0,0,0,0,1,1,0,0,0,0,0,0,0,0,0,0,0,0,0,0,0,0,0,0,0,2,0,0,1,0,0,0,0,0,0,0,0,0,19325.35,0,0,19305.96,0,0,19305.96,0,0,20191.27,0,0,19770.55,0,0,20032.16,0,0,19563.86,0,0,20164.07,0,0,19922.57,0,0,19922.57,0,0,19383.73,0,0,19383.73,0,0,19383.73,0,0,19403.27,0,0,19305.96,0,0,19305.96,5277.42,133.61,29403.88,5303.47,134.27,29549.05,0,0,19305.96,0,0,19305.96,0,0,19325.35,0,0,19344.77,0,0,19364.23,0,0,19305.96,0,0,19305.96,0,0,19305.96,0,0,19305.96,0,0,19380.94,0,0,19380.94,0,0,19422.85,0,0,19501.57,0,0,19325.35,0,0,19325.35,0,0,19414.46,0,0,19414.46,0,0,19325.35,0,0,19325.35,0,0,19305.96,0,0,19305.96,0,0,19305.96,22353.12,2707.07,80747.16,0,0,19305.96,0,0,19305.96,5233.56,132.5,29159.52,0,0,19683.9,0,0,19414.46,0,0,19796.7,0,0,19325.35
both_sexes,0,0,2021-04-19,any_risk_factors,0,0,0,0,1,1,1,0,0,0,0,0,0,0,0,0,0,0,0,0,0,0,0,0,0,0,0,0,0,0,0,0,0,0,0,0,0,1,0,0,0,1,0,1,0,0,0,0,0,0,21437.76,0,0,21434.35,0,0,21434.35,0,0,22285.2,5923.61,149.97,33004.26,5999.51,151.89,33427.11,5892.08,149.17,32828.57,0,0,22325.82,0,0,22022.94,0,0,22022.94,0,0,21530.25,0,0,21530.25,0,0,21530.25,0,0,21554.36,0,0,21434.35,0,0,21434.35,0,0,21595.82,0,0,21672.24,0,0,21434.35,0,0,21434.35,0,0,21437.76,0,0,21465.08,0,0,21478.77,0,0,21434.35,0,0,21434.35,0,0,21434.35,0,0,21434.35,0,0,21506.2,0,0,21506.2,0,0,21571.62,0,0,21668.76,0,0,21458.25,0,0,21458.25,0,0,21509.63,0,0,21509.63,0,0,21458.25,0,0,21458.25,0,0,21434.35,0,0,21434.35,0,0,21434.35,11661.88,295.25,64975.82,0,0,21434.35,0,0,21434.35,0,0,21434.35,5930.35,150.14,33041.77,0,0,21509.63,5951.61,150.68,33160.22,0,0,21458.25
both_sexes,0,0,2021-04-26,any_risk_factors,0,0,0,0,0,0,0,0,0,0,0,0,0,0,0,0,0,0,0,0,0,0,0,0,0,0,0,0,0,0,0,0,0,0,0,0,0,6,0,0,0,0,0,0,0,0,0,0,0,0,23522.4,0,0,23522.4,0,0,23522.4,0,0,24382.25,0,0,23978.7,0,0,24193.99,0,0,23830.27,0,0,24377.84,0,0,24103.1,0,0,24103.1,0,0,23637.95,0,0,23637.95,0,0,23637.95,0,0,23667.02,0,0,23522.4,0,0,23522.4,0,0,23667.02,0,0,23754.64,0,0,23522.4,0,0,23522.4,0,0,23522.4,0,0,23551.18,0,0,23551.18,0,0,23522.4,0,0,23522.4,0,0,23522.4,0,0,23522.4,0,0,23608.96,0,0,23608.96,0,0,23646.25,0,0,23704.49,0,0,23551.18,0,0,23551.18,0,0,23608.96,0,0,23608.96,0,0,23551.18,0,0,23551.18,0,0,23522.4,0,0,23522.4,0,0,23522.4,73466.31,26960.84,159905.23,0,0,23522.4,0,0,23522.4,0,0,23522.4,0,0,23957.38,0,0,23608.96,0,0,24047.18,0,0,23551.18
both_sexes,0,0,2021-05-03,any_risk_factors,0,0,0,0,1,2,1,1,0,0,1,1,1,0,0,0,0,0,0,0,0,0,0,0,0,0,0,0,0,0,0,0,0,0,0,0,0,2,0,0,0,1,0,1,0,0,0,0,0,0,26126.88,0,0,26126.88,0,0,26126.88,0,0,27142.69,7206.99,182.47,40154.75,14546,1761.59,52545.14,7174.43,181.64,39973.34,7343.18,185.91,40913.61,0,0,26818.54,0,0,26818.54,7122.66,180.33,39684.92,7122.66,180.33,39684.92,7122.66,180.33,39684.92,0,0,26279.76,0,0,26126.88,0,0,26126.88,0,0,26305.41,0,0,26382.68,0,0,26126.88,0,0,26126.88,0,0,26126.88,0,0,26162.39,0,0,26162.39,0,0,26126.88,0,0,26126.88,0,0,26126.88,0,0,26126.88,0,0,26233.71,0,0,26233.71,0,0,26269.51,0,0,26341.41,0,0,26162.39,0,0,26162.39,0,0,26233.71,0,0,26233.71,0,0,26162.39,0,0,26162.39,0,0,26126.88,0,0,26126.88,0,0,26126.88,25904.26,3137.13,93575.08,0,0,26126.88,0,0,26126.88,0,0,26126.88,7214.1,182.65,40194.41,0,0,26233.71,7244.15,183.41,40361.82,0,0,26162.39
both_sexes,0,0,2021-05-10,any_risk_factors,0,0,0,1,1,1,0,1,0,0,0,0,0,0,0,0,1,1,0,0,0,0,0,0,0,0,0,0,0,0,0,0,0,0,0,0,0,1,0,0,1,0,0,0,0,1,1,0,0,0,29138.48,0,0,29138.48,0,0,29138.48,8202.34,207.67,45700.49,8043.38,203.64,44814.86,8131.12,205.86,45303.71,0,0,29489.24,8183.96,207.2,45598.09,0,0,29934.75,0,0,29934.75,0,0,29271.41,0,0,29271.41,0,0,29271.41,0,0,29271.41,0,0,29138.48,0,0,29138.48,7966.19,201.69,44384.79,7987.1,202.22,44501.26,7907.56,200.2,44058.08,7907.56,200.2,44058.08,0,0,29138.48,0,0,29170.02,0,0,29170.02,0,0,29138.48,0,0,29138.48,0,0,29138.48,0,0,29138.48,0,0,29271.41,0,0,29271.41,0,0,29316,0,0,29405.57,0,0,29182.66,0,0,29182.66,0,0,29271.41,0,0,29271.41,0,0,29182.66,0,0,29182.66,0,0,29138.48,0,0,29138.48,0,0,29138.48,14021.11,354.98,78120.64,0,0,29138.48,0,0,29138.48,7899.01,199.99,44010.44,0,0,29671.07,0,0,29271.41,0,0,29808.92,0,0,29182.66
both_sexes,0,0,2021-05-17,any_risk_factors,0,0,0,0,0,0,0,0,0,0,0,0,0,0,0,0,0,0,0,0,0,0,0,1,0,0,0,0,0,0,0,0,0,0,0,0,0,4,0,1,0,0,0,0,0,0,0,0,0,0,32671.27,0,0,32671.27,0,0,32671.27,0,0,33947.17,0,0,33251.81,0,0,33600.08,0,0,33023.61,0,0,33776.97,0,0,33516.5,0,0,33516.5,0,0,32838.49,0,0,32838.49,0,0,32838.49,0,0,32838.49,0,0,32671.27,0,0,32671.27,0,0,33007.43,0,0,33064.13,0,0,32726.82,0,0,32726.82,0,0,32671.27,0,0,32671.27,0,0,32671.27,0,0,32671.27,0,0,32671.27,0,0,32671.27,8860.99,224.34,49370.28,0,0,32782.56,0,0,32782.56,0,0,32894.61,0,0,33007.43,0,0,32726.82,0,0,32726.82,0,0,32782.56,0,0,32782.56,0,0,32726.82,0,0,32726.82,0,0,32671.27,0,0,32671.27,0,0,32671.27,60446.83,16469.73,154767.9,0,0,32671.27,8860.99,224.34,49370.28,0,0,32671.27,0,0,33251.81,0,0,32782.56,0,0,33367.09,0,0,32726.82
both_sexes,0,0,2021-05-24,any_risk_factors,0,0,0,0,0,0,0,0,0,0,0,0,0,0,0,0,0,0,0,0,0,0,0,0,0,0,0,0,0,0,0,0,0,0,0,0,0,1,0,0,0,0,0,0,0,0,0,0,0,0,36873.65,0,0,36873.65,0,0,36873.65,0,0,38277.36,0,0,37499.67,0,0,37943.21,0,0,37230.26,0,0,37932.52,0,0,37889.85,0,0,37889.85,0,0,37015.47,0,0,37015.47,0,0,37015.47,0,0,37015.47,0,0,36873.65,0,0,36873.65,0,0,37302.41,0,0,37374.85,0,0,36944.43,0,0,36944.43,0,0,36873.65,0,0,36873.65,0,0,36873.65,0,0,36873.65,0,0,36873.65,0,0,36873.65,0,0,36944.43,0,0,37015.47,0,0,37015.47,0,0,37158.39,0,0,37302.41,0,0,36944.43,0,0,36944.43,0,0,37015.47,0,0,37015.47,0,0,36893.85,0,0,36893.85,0,0,36873.65,0,0,36873.65,0,0,36873.65,16624.94,420.91,92628.25,0,0,36873.65,0,0,36944.43,0,0,36873.65,0,0,37520.56,0,0,37015.47,0,0,37667.41,0,0,36944.43
both_sexes,0,0,2021-05-31,any_risk_factors,0,0,0,1,1,1,0,1,0,0,0,0,0,0,0,0,1,1,0,0,0,0,0,0,0,0,0,0,0,0,0,0,0,0,0,0,0,0,0,0,1,0,0,0,0,0,0,0,0,0,41140.86,0,0,41140.86,0,0,41140.86,11606.29,293.85,64666.12,11353.75,287.45,63259.02,11503.94,291.25,64095.83,0,0,41534.01,11457.03,290.07,63834.47,0,0,42329.98,0,0,42329.98,0,0,41317.49,0,0,41317.49,0,0,41317.49,0,0,41317.49,0,0,41140.86,0,0,41140.86,11304.55,286.21,62984.92,11329.09,286.83,63121.67,0,0,41228.98,0,0,41228.98,0,0,41140.86,0,0,41140.86,0,0,41140.86,0,0,41140.86,0,0,41140.86,0,0,41140.86,0,0,41228.98,0,0,41317.49,0,0,41317.49,0,0,41495.63,0,0,41675.32,0,0,41228.98,0,0,41228.98,0,0,41228.98,0,0,41228.98,0,0,41140.86,0,0,41140.86,0,0,41140.86,0,0,41140.86,0,0,41140.86,0,0,67469.37,0,0,41140.86,0,0,41228.98,11152.67,282.36,62138.71,0,0,41895.62,0,0,41228.98,0,0,41987.01,0,0,41228.98
both_sexes,0,0,2021-06-07,any_risk_factors,0,0,0,1,0,0,0,0,0,0,0,0,0,0,0,0,1,1,0,0,0,0,0,0,0,0,0,0,0,0,0,0,0,0,0,0,0,2,0,0,1,0,0,0,0,0,0,0,0,0,47110.6,0,0,47110.6,0,0,47110.6,13315.71,337.12,74190.4,0,0,47931.81,0,0,48658.84,0,0,47492.54,0,0,48327.23,0,0,48396.67,0,0,48396.67,0,0,47193.11,0,0,47193.11,0,0,47193.11,0,0,47193.11,0,0,47110.6,0,0,47110.6,12979.74,328.62,72318.51,13012.11,329.44,72498.85,0,0,47176.58,0,0,47176.58,0,0,47110.6,0,0,47110.6,0,0,47110.6,0,0,47110.6,0,0,47110.6,0,0,47110.6,0,0,47226.19,0,0,47342.35,0,0,47342.35,0,0,47576.38,0,0,47812.75,0,0,47226.19,0,0,47226.19,0,0,47209.64,0,0,47209.64,0,0,47110.6,0,0,47110.6,0,0,47110.6,0,0,47110.6,0,0,47110.6,40810.06,4942.29,147419.95,0,0,47110.6,0,0,47226.19,12770.98,323.33,71155.34,0,0,47965.94,0,0,47209.64,0,0,48068.61,0,0,47226.19
both_sexes,0,0,2021-06-14,any_risk_factors,0,0,0,0,0,0,0,0,0,0,0,0,0,0,0,0,1,1,0,0,0,0,0,0,0,0,0,0,0,0,0,0,0,0,0,0,0,0,0,0,0,0,0,0,0,0,0,0,0,0,53066.69,0,0,53066.69,0,0,53066.69,0,0,55676.17,0,0,53959.28,0,0,54882.41,0,0,53509.26,0,0,54416.93,0,0,54416.93,0,0,54416.93,0,0,53066.69,0,0,53066.69,0,0,53066.69,0,0,53066.69,0,0,53066.69,0,0,53066.69,14692.28,371.98,81860.13,14733.76,373.03,82091.28,0,0,53066.69,0,0,53066.69,0,0,53066.69,0,0,53066.69,0,0,53066.69,0,0,53066.69,0,0,53066.69,0,0,53066.69,0,0,53213.4,0,0,53360.92,0,0,53360.92,0,0,53658.43,0,0,53959.28,0,0,53213.4,0,0,53213.4,0,0,53066.69,0,0,53066.69,0,0,53066.69,0,0,53066.69,0,0,53066.69,0,0,53066.69,0,0,53066.69,0,0,84157.6,0,0,53066.69,0,0,53213.4,0,0,53066.69,0,0,54110.97,0,0,53066.69,0,0,54110.97,0,0,53213.4
both_sexes,0,0,2021-06-21,any_risk_factors,0,0,0,0,0,0,0,0,0,0,0,0,0,0,0,0,0,0,0,0,0,0,0,0,0,0,0,0,0,0,0,0,0,0,0,0,0,1,0,0,0,0,0,0,0,0,0,0,0,0,57826.75,0,0,57826.75,0,0,57826.75,0,0,60884.01,0,0,58888.25,0,0,59936.09,0,0,58352.67,0,0,59381.37,0,0,59433.75,0,0,59433.75,0,0,57826.75,0,0,57826.75,0,0,57826.75,0,0,57826.75,0,0,57826.75,0,0,57826.75,0,0,59250.8,0,0,59433.75,0,0,57826.75,0,0,57826.75,0,0,57826.75,0,0,57826.75,0,0,57826.75,0,0,57826.75,0,0,57826.75,0,0,57826.75,0,0,58001,0,0,58176.3,0,0,58176.3,0,0,58530.11,0,0,58836.82,0,0,58001,0,0,58001,0,0,57826.75,0,0,57826.75,0,0,57826.75,0,0,57826.75,0,0,57826.75,0,0,57826.75,0,0,57826.75,25224.45,638.63,140541.63,0,0,57826.75,0,0,58001,0,0,57826.75,0,0,59068.97,0,0,57826.75,0,0,59068.97,0,0,58001
both_sexes,0,0,2021-06-28,any_risk_factors,0,0,0,0,0,0,0,0,0,0,0,0,0,0,0,0,0,0,0,0,0,0,0,0,0,0,0,0,0,0,0,0,0,0,0,0,0,1,0,0,0,0,0,0,0,0,0,0,0,0,142427.4,0,0,142427.4,0,0,142427.4,0,0,150040.45,0,0,145190,0,0,147575.38,0,0,143795.43,0,0,146134.84,0,0,146611.88,0,0,146611.88,0,0,142427.4,0,0,142427.4,0,0,142427.4,0,0,142427.4,0,0,142427.4,0,0,142427.4,0,0,146134.84,0,0,146611.88,0,0,142427.4,0,0,142427.4,0,0,142427.4,0,0,142427.4,0,0,142427.4,0,0,142427.4,0,0,142427.4,0,0,142427.4,0,0,142880.51,0,0,143336.51,0,0,143336.51,0,0,144257.3,0,0,144722.15,0,0,142427.4,0,0,142427.4,0,0,142427.4,0,0,142427.4,0,0,142427.4,0,0,142427.4,0,0,142427.4,0,0,142427.4,0,0,142427.4,62650.09,1586.16,349063.94,0,0,142427.4,0,0,142880.51,0,0,142427.4,0,0,145660.89,0,0,142427.4,0,0,145660.89,0,0,142427.4
both_sexes,1,Pfizer,2021-05-17,any_risk_factors,0,0,0,0,0,1,0,0,1,1,0,0,0,0,0,0,0,0,0,0,0,0,0,0,0,0,0,0,0,0,0,0,0,0,0,0,0,0,0,0,0,0,0,0,0,0,0,0,0,0,91844.8,0,0,91844.8,0,0,91844.8,0,0,97776.72,0,0,95152.77,26258.09,664.8,146300.7,0,0,93827.52,0,0,98275.95,26915.99,681.45,149966.3,26915.99,681.45,149966.3,0,0,92285.15,0,0,92285.15,0,0,92285.15,0,0,92285.15,0,0,91844.8,0,0,91844.8,0,0,93178.65,0,0,93178.65,0,0,91844.8,0,0,91844.8,0,0,91844.8,0,0,92285.15,0,0,92285.15,0,0,91844.8,0,0,91844.8,0,0,91844.8,0,0,91844.8,0,0,92285.15,0,0,92285.15,0,0,92348.4,0,0,92793.61,0,0,91844.8,0,0,91844.8,0,0,92285.15,0,0,92285.15,0,0,91844.8,0,0,91844.8,0,0,91844.8,0,0,91844.8,0,0,91844.8,0,0,339386.2,0,0,91844.8,0,0,91844.8,0,0,91844.8,0,0,94353.17,0,0,92285.15,0,0,94817.96,0,0,91844.8
both_sexes,1,Pfizer,2021-05-24,any_risk_factors,0,0,0,0,0,0,0,0,0,0,0,0,0,0,0,0,0,0,0,0,0,0,0,0,0,0,0,0,0,0,0,0,0,0,0,0,0,5,0,0,0,0,0,0,0,0,0,0,0,0,81166.46,0,0,81166.46,0,0,81166.46,0,0,86038.52,0,0,83791.25,0,0,84580.24,0,0,82609.64,0,0,87095.23,0,0,86702.91,0,0,86702.91,0,0,81856.82,0,0,81856.82,0,0,81856.82,0,0,81856.82,0,0,81166.46,0,0,81166.46,0,0,82206.42,0,0,82206.42,0,0,81166.46,0,0,81166.46,0,0,81166.46,0,0,81510.18,0,0,81510.18,0,0,81166.46,0,0,81166.46,0,0,81166.46,0,0,81166.46,0,0,81510.18,0,0,81510.18,0,0,81510.18,0,0,81856.82,0,0,81166.46,0,0,81166.46,0,0,81510.18,0,0,81510.18,0,0,81411.67,0,0,81411.67,0,0,81166.46,0,0,81166.46,0,0,81166.46,366716.87,119071.97,855794.84,0,0,81166.46,0,0,81166.46,0,0,81166.46,0,0,82965.72,0,0,81510.18,0,0,83324.87,0,0,81166.46
both_sexes,1,Pfizer,2021-05-31,any_risk_factors,0,0,0,0,0,0,0,0,0,0,0,0,0,0,0,0,0,0,0,0,0,0,0,0,0,0,0,0,0,0,0,0,0,0,0,0,0,0,0,0,0,0,0,0,0,0,0,0,0,0,83583.33,0,0,83583.33,0,0,83583.33,0,0,88293.79,0,0,86591.47,0,0,87377.64,0,0,84900.01,0,0,90064.39,0,0,89406.98,0,0,89406.98,0,0,84315.6,0,0,84315.6,0,0,84315.6,0,0,84315.6,0,0,83583.33,0,0,83583.33,0,0,84686.56,0,0,84686.56,0,0,83583.33,0,0,83583.33,0,0,83583.33,0,0,83947.86,0,0,83947.86,0,0,83583.33,0,0,83583.33,0,0,83583.33,0,0,83583.33,0,0,83947.86,0,0,83947.86,0,0,83947.86,0,0,84315.6,0,0,83583.33,0,0,83583.33,0,0,84315.6,0,0,84315.6,0,0,83947.86,0,0,83947.86,0,0,83583.33,0,0,83583.33,0,0,83583.33,0,0,258115.56,0,0,83583.33,0,0,83583.33,0,0,83583.33,0,0,85276.15,0,0,84315.6,0,0,86038.52,0,0,83583.33
both_sexes,1,Pfizer,2021-06-07,any_risk_factors,0,0,0,0,0,0,0,0,0,0,0,0,0,0,0,0,0,0,0,0,0,0,0,0,0,0,0,0,0,0,0,0,0,0,0,0,0,0,0,0,0,0,0,0,0,0,0,0,0,0,71744.58,0,0,71744.58,0,0,71744.58,0,0,75567.2,0,0,74112.39,0,0,74687.54,0,0,73027.82,0,0,77124.4,0,0,76208.33,0,0,76208.33,0,0,72361.08,0,0,72361.08,0,0,72361.08,0,0,72361.08,0,0,71744.58,0,0,71744.58,0,0,72830.44,0,0,72830.44,0,0,71744.58,0,0,71744.58,0,0,71744.58,0,0,72013,0,0,72013,0,0,71744.58,0,0,71744.58,0,0,71744.58,0,0,71744.58,0,0,72013,0,0,72013,0,0,72013,0,0,72283.43,0,0,71744.58,0,0,71744.58,0,0,72283.43,0,0,72283.43,0,0,72013,0,0,72013,0,0,71744.58,0,0,71744.58,0,0,71744.58,0,0,199905.52,0,0,71744.58,0,0,71744.58,0,0,71744.58,0,0,73305.94,0,0,72283.43,0,0,73868.6,0,0,71744.58
both_sexes,1,Pfizer,2021-06-14,any_risk_factors,0,0,0,0,1,1,0,0,1,1,0,0,0,0,0,0,0,0,0,0,0,0,0,0,0,0,0,0,0,0,0,0,0,0,0,0,0,0,0,0,0,0,0,0,0,0,0,0,0,0,64251.94,0,0,64251.94,0,0,64251.94,0,0,67401.86,17895.64,453.08,99708.12,18019.24,456.21,100396.78,0,0,65342.54,0,0,68603.02,18400.5,465.86,102521.05,18400.5,465.86,102521.05,0,0,64901.89,0,0,64901.89,0,0,64901.89,0,0,64901.89,0,0,64251.94,0,0,64251.94,0,0,65121.47,0,0,65121.47,0,0,64251.94,0,0,64251.94,0,0,64251.94,0,0,64467.14,0,0,64467.14,0,0,64251.94,0,0,64251.94,0,0,64251.94,0,0,64251.94,0,0,64467.14,0,0,64467.14,0,0,64467.14,0,0,64683.78,0,0,64251.94,0,0,64251.94,0,0,64683.78,0,0,64683.78,0,0,64467.14,0,0,64467.14,0,0,64251.94,0,0,64251.94,0,0,64251.94,0,0,167166.65,0,0,64251.94,0,0,64251.94,0,0,64251.94,0,0,65565.12,0,0,64683.78,0,0,66014.86,0,0,64251.94
both_sexes,1,Pfizer,2021-06-21,any_risk_factors,0,0,0,0,0,0,0,0,0,0,0,0,0,0,0,0,0,0,0,0,0,0,0,0,0,0,0,0,0,0,0,0,0,0,0,0,0,1,0,0,0,0,0,0,0,0,0,0,0,0,61411.27,0,0,61411.27,0,0,61411.27,0,0,64343.99,0,0,63108.35,0,0,63584.86,0,0,62406.82,0,0,65184.48,0,0,64777.08,0,0,64777.08,0,0,62004.75,0,0,62004.75,0,0,62004.75,0,0,62004.75,0,0,61411.27,0,0,61411.27,0,0,62205.13,0,0,62205.13,0,0,61411.27,0,0,61411.27,0,0,61411.27,0,0,61607.83,0,0,61607.83,0,0,61411.27,0,0,61411.27,0,0,61411.27,0,0,61411.27,0,0,61607.83,0,0,61607.83,0,0,61607.83,0,0,61862.41,0,0,61411.27,0,0,61411.27,0,0,61805.65,0,0,61805.65,0,0,61607.83,0,0,61607.83,0,0,61411.27,0,0,61411.27,0,0,61411.27,40855.7,1034.38,227633.42,0,0,61411.27,0,0,61411.27,0,0,61411.27,0,0,62609.82,0,0,61805.65,0,0,63019.8,0,0,61411.27
both_sexes,2,Pfizer,2021-06-28,any_risk_factors,0,0,0,0,0,0,0,0,0,0,0,0,0,0,0,0,0,0,0,0,0,0,0,0,0,0,0,0,0,0,0,0,0,0,0,0,0,0,0,0,0,0,0,0,0,0,0,0,0,0,81411.67,0,0,81411.67,0,0,81411.67,0,0,86203.66,0,0,85601.22,0,0,87947.99,0,0,83376.44,0,0,88235.97,0,0,87776.11,0,0,87776.11,0,0,81559.52,0,0,81559.52,0,0,81559.52,0,0,81559.52,0,0,81411.67,0,0,81411.67,0,0,82457.97,0,0,82761.87,0,0,81411.67,0,0,81411.67,0,0,81411.67,0,0,81411.67,0,0,81411.67,0,0,81411.67,0,0,81411.67,0,0,81411.67,0,0,81707.9,0,0,81707.9,0,0,81707.9,0,0,82156.29,0,0,82306.86,0,0,81411.67,0,0,81411.67,0,0,82156.29,0,0,82156.29,0,0,81411.67,0,0,81411.67,0,0,81411.67,0,0,81411.67,0,0,81411.67,0,0,455190.28,0,0,81411.67,0,0,81707.9,0,0,81411.67,0,0,84157.6,0,0,82156.29,0,0,84953.54,0,0,81411.67
both_sexes,1,Pfizer,2021-06-28,any_risk_factors,0,0,0,0,0,0,0,0,0,0,0,0,0,0,0,0,0,0,0,0,0,0,0,0,0,0,0,0,0,0,0,0,0,0,0,0,0,0,0,0,0,0,0,0,0,0,0,0,0,0,146931.65,0,0,146931.65,0,0,146931.65,0,0,153984.37,0,0,150207.72,0,0,151730.09,0,0,149209.66,0,0,155047.55,0,0,153984.37,0,0,153984.37,0,0,147899.37,0,0,147899.37,0,0,147899.37,0,0,147899.37,0,0,146931.65,0,0,146931.65,0,0,148879.91,0,0,148879.91,0,0,146931.65,0,0,146931.65,0,0,146931.65,0,0,147413.92,0,0,147413.92,0,0,146931.65,0,0,146931.65,0,0,146931.65,0,0,146931.65,0,0,147413.92,0,0,147413.92,0,0,147413.92,0,0,148388.02,0,0,147413.92,0,0,147413.92,0,0,147899.37,0,0,147899.37,0,0,147413.92,0,0,147413.92,0,0,146931.65,0,0,146931.65,0,0,146931.65,0,0,342840.51,0,0,146931.65,0,0,146931.65,0,0,146931.65,0,0,149707.02,0,0,147899.37,0,0,150711.77,0,0,147413.92
both_sexes,1,Pfizer,2021-05-10,any_risk_factors,0,0,0,0,0,0,1,1,0,0,0,0,0,0,0,0,0,0,0,0,0,0,0,0,0,0,0,0,0,0,0,0,0,0,0,0,0,2,0,0,0,1,0,1,0,0,0,0,0,0,92475.17,0,0,92475.17,0,0,92475.17,0,0,98707.93,0,0,95761.42,0,0,98635.67,25595.66,648.03,142609.86,26797.51,678.45,149306.14,0,0,99952.76,0,0,99952.76,0,0,92921.6,0,0,92921.6,0,0,92921.6,0,0,92921.6,0,0,92475.17,0,0,92475.17,0,0,94221.2,0,0,94221.2,0,0,92475.17,0,0,92475.17,0,0,92475.17,0,0,92921.6,0,0,92921.6,0,0,92475.17,0,0,92475.17,0,0,92475.17,0,0,92475.17,0,0,92475.17,0,0,92475.17,0,0,93566.89,0,0,94023.95,0,0,92475.17,0,0,92475.17,0,0,92475.17,0,0,92475.17,0,0,92475.17,0,0,92475.17,0,0,92475.17,0,0,92475.17,0,0,92475.17,201795.58,24438.38,728955.02,0,0,92475.17,0,0,92475.17,0,0,92475.17,25904.26,655.84,144329.27,0,0,92475.17,25904.26,655.84,144329.27,0,0,92475.17
both_sexes,2,Pfizer,2021-05-31,any_risk_factors,0,0,0,0,0,0,0,0,0,0,0,0,0,0,0,0,0,0,0,0,0,0,0,0,0,0,0,0,0,0,0,0,0,0,0,0,0,4,0,0,0,0,0,0,0,0,0,0,0,0,37097,0,0,37097,0,0,37168.64,0,0,39454.27,0,0,39088,0,0,40231.81,0,0,38125.73,0,0,40279.92,0,0,39945.54,0,0,39945.54,0,0,37168.64,0,0,37168.64,0,0,37168.64,0,0,37168.64,0,0,37097,0,0,37097,0,0,37656.88,0,0,37804.8,0,0,37097,0,0,37097,0,0,37097,0,0,37097,0,0,37097,0,0,37097,0,0,37097,0,0,37097,0,0,37240.55,0,0,37168.64,0,0,37168.64,0,0,37457.97,0,0,37531.01,0,0,37097,0,0,37097,0,0,37457.97,0,0,37457.97,0,0,37097,0,0,37097,0,0,37097,0,0,37097,0,0,37097,215805.02,58799.61,552546.57,0,0,37097,0,0,37240.55,0,0,37097,0,0,38507.09,0,0,37457.97,0,0,38896.17,0,0,37097
both_sexes,2,Pfizer,2021-06-07,any_risk_factors,0,0,0,0,0,0,0,0,0,0,0,0,0,0,0,0,0,0,0,0,0,0,0,0,1,1,0,0,0,0,0,0,0,0,0,0,0,1,0,0,0,0,0,0,0,0,0,0,0,0,36853.48,0,0,36853.48,0,0,36863.56,0,0,39110.69,0,0,38717.33,0,0,39839.24,0,0,37804.8,0,0,39921.87,0,0,39663.33,0,0,39663.33,0,0,36924.18,0,0,36924.18,0,0,36924.18,0,0,36924.18,0,0,36853.48,0,0,36853.48,0,0,37354.12,0,0,37499.67,0,0,36853.48,0,0,36853.48,0,0,36853.48,0,0,36853.48,0,0,36853.48,0,0,36853.48,0,0,36853.48,0,0,36853.48,0,0,36995.15,10020.58,253.7,55831.08,10020.58,253.7,55831.08,0,0,37209.7,0,0,37281.77,0,0,36853.48,0,0,36853.48,0,0,37209.7,0,0,37209.7,0,0,36853.48,0,0,36853.48,0,0,36853.48,0,0,36853.48,0,0,36853.48,54514.93,1380.2,303737.72,0,0,36853.48,0,0,36995.15,0,0,36853.48,0,0,38179.75,0,0,37209.7,0,0,38562.2,0,0,36853.48
both_sexes,2,Pfizer,2021-06-14,any_risk_factors,0,0,0,0,0,0,0,0,0,0,0,0,0,0,0,0,0,0,0,0,0,0,0,0,0,0,0,0,0,0,0,0,0,0,0,0,0,5,0,0,0,0,0,0,0,0,0,0,0,0,36752.95,0,0,36752.95,0,0,36752.95,0,0,38986.2,0,0,38595.34,0,0,39710.09,0,0,37688.48,0,0,39792.18,0,0,39546.91,0,0,39546.91,0,0,36823.26,0,0,36823.26,0,0,36823.26,0,0,36823.26,0,0,36752.95,0,0,36752.95,0,0,37250.85,0,0,37395.59,0,0,36752.95,0,0,36752.95,0,0,36752.95,0,0,36752.95,0,0,36752.95,0,0,36752.95,0,0,36752.95,0,0,36752.95,0,0,36893.85,0,0,36893.85,0,0,36893.85,0,0,37107.22,0,0,37178.9,0,0,36752.95,0,0,36752.95,0,0,37107.22,0,0,37107.22,0,0,36752.95,0,0,36752.95,0,0,36752.95,0,0,36752.95,0,0,36752.95,274624.06,89169.68,640880.95,0,0,36752.95,0,0,36893.85,0,0,36752.95,0,0,38061.11,0,0,37107.22,0,0,38441.18,0,0,36752.95
both_sexes,2,Pfizer,2021-06-21,any_risk_factors,0,0,0,0,0,0,0,0,0,0,0,0,0,0,0,0,0,0,0,0,0,0,0,0,0,0,0,0,0,0,0,0,0,0,0,0,0,2,0,0,0,0,0,0,0,0,0,0,0,0,36073.98,0,0,36073.98,0,0,36073.98,0,0,38223.07,0,0,37889.85,0,0,38963.66,0,0,36974.84,0,0,39065.33,0,0,38817.72,0,0,38817.72,0,0,36141.72,0,0,36141.72,0,0,36141.72,0,0,36141.72,0,0,36073.98,0,0,36073.98,0,0,36553.53,0,0,36692.9,0,0,36073.98,0,0,36073.98,0,0,36073.98,0,0,36073.98,0,0,36073.98,0,0,36073.98,0,0,36073.98,0,0,36073.98,0,0,36209.71,0,0,36209.71,0,0,36209.71,0,0,36415.22,0,0,36484.25,0,0,36073.98,0,0,36073.98,0,0,36415.22,0,0,36415.22,0,0,36073.98,0,0,36073.98,0,0,36073.98,0,0,36073.98,0,0,36073.98,110347.43,13363.59,398612.87,0,0,36073.98,0,0,36209.71,0,0,36073.98,0,0,37333.42,0,0,36415.22,0,0,37699.03,0,0,36073.98
both_sexes,1,Moderna,2021-03-15,any_risk_factors,0,0,0,0,0,0,0,0,0,0,0,0,0,0,0,0,0,0,0,0,0,0,0,0,0,0,0,0,0,0,0,0,0,0,0,0,0,0,0,0,0,0,0,0,0,0,0,0,0,0,1772846.34,0,0,1952700.32,0,0,1772846.34,0,0,2138671.78,0,0,2173166.48,0,0,2173166.48,0,0,1772846.34,0,0,1772846.34,0,0,2749720.86,0,0,2749720.86,0,0,1772846.34,0,0,1772846.34,0,0,1772846.34,0,0,1772846.34,0,0,1772846.34,0,0,1772846.34,0,0,1952700.32,0,0,1952700.32,0,0,1772846.34,0,0,1772846.34,0,0,1772846.34,0,0,1772846.34,0,0,1772846.34,0,0,1772846.34,0,0,1772846.34,0,0,1772846.34,0,0,1772846.34,0,0,1772846.34,0,0,1772846.34,0,0,1772846.34,0,0,1772846.34,0,0,1772846.34,0,0,1772846.34,0,0,1772846.34,0,0,1772846.34,0,0,1772846.34,0,0,1772846.34,0,0,1772846.34,0,0,1772846.34,0,0,1772846.34,0,0,4812011.5,0,0,1772846.34,0,0,1772846.34,0,0,1772846.34,0,0,1772846.34,0,0,1772846.34,0,0,1772846.34,0,0,1772846.34
both_sexes,1,Moderna,2021-03-22,any_risk_factors,0,0,0,0,0,0,0,0,0,0,0,0,0,0,0,0,0,0,0,0,0,0,0,0,0,0,0,0,0,0,0,0,0,0,0,0,0,1,0,0,0,0,0,0,0,0,0,0,0,0,1141833.24,0,0,1213840.74,0,0,1141833.24,0,0,1418277.07,0,0,1320944.33,0,0,1374860.43,0,0,1203002.88,0,0,1203002.88,0,0,1480618.92,0,0,1480618.92,0,0,1141833.24,0,0,1141833.24,0,0,1141833.24,0,0,1141833.24,0,0,1141833.24,0,0,1141833.24,0,0,1213840.74,0,0,1213840.74,0,0,1141833.24,0,0,1141833.24,0,0,1141833.24,0,0,1141833.24,0,0,1141833.24,0,0,1141833.24,0,0,1141833.24,0,0,1141833.24,0,0,1141833.24,0,0,1141833.24,0,0,1141833.24,0,0,1141833.24,0,0,1141833.24,0,0,1141833.24,0,0,1141833.24,0,0,1141833.24,0,0,1141833.24,0,0,1141833.24,0,0,1141833.24,0,0,1141833.24,0,0,1141833.24,0,0,1141833.24,716176.47,18132.02,3990279.9,0,0,1141833.24,0,0,1141833.24,0,0,1141833.24,0,0,1203002.88,0,0,1141833.24,0,0,1203002.88,0,0,1141833.24
both_sexes,1,Moderna,2021-03-29,any_risk_factors,0,0,0,0,0,0,0,0,0,0,0,0,0,0,0,0,0,0,0,0,0,0,0,0,0,0,0,0,0,0,0,0,0,0,0,0,0,0,0,0,0,0,0,0,0,0,0,0,0,0,526313.76,0,0,534667.94,0,0,526313.76,0,0,609666.62,0,0,583274.12,0,0,620904.71,0,0,568507.69,0,0,568507.69,0,0,601501.44,0,0,601501.44,0,0,526313.76,0,0,526313.76,0,0,526313.76,0,0,526313.76,0,0,526313.76,0,0,526313.76,0,0,541109.73,0,0,541109.73,0,0,526313.76,0,0,526313.76,0,0,526313.76,0,0,526313.76,0,0,526313.76,0,0,526313.76,0,0,526313.76,0,0,526313.76,0,0,526313.76,0,0,526313.76,0,0,526313.76,0,0,526313.76,0,0,526313.76,0,0,526313.76,0,0,526313.76,0,0,526313.76,0,0,526313.76,0,0,526313.76,0,0,526313.76,0,0,526313.76,0,0,526313.76,0,0,526313.76,0,0,1389034.25,0,0,526313.76,0,0,526313.76,0,0,526313.76,0,0,568507.69,0,0,526313.76,0,0,568507.69,0,0,526313.76
both_sexes,1,Moderna,2021-04-05,any_risk_factors,0,0,0,1,0,0,0,0,0,0,0,0,0,0,0,0,0,0,0,0,0,0,0,0,0,0,0,0,0,0,0,0,0,0,0,0,0,0,0,0,0,0,0,0,0,0,0,0,0,0,409532.89,0,0,409532.89,0,0,409532.89,124234.69,3145.35,692191.41,0,0,438880.53,0,0,459850.93,0,0,437455.59,0,0,437455.59,0,0,447628.98,0,0,447628.98,0,0,409532.89,0,0,409532.89,0,0,409532.89,0,0,409532.89,0,0,409532.89,0,0,409532.89,0,0,412037.68,0,0,412037.68,0,0,409532.89,0,0,409532.89,0,0,409532.89,0,0,409532.89,0,0,409532.89,0,0,409532.89,0,0,409532.89,0,0,409532.89,0,0,409532.89,0,0,409532.89,0,0,409532.89,0,0,409532.89,0,0,409532.89,0,0,409532.89,0,0,409532.89,0,0,409532.89,0,0,409532.89,0,0,409532.89,0,0,409532.89,0,0,409532.89,0,0,409532.89,0,0,409532.89,0,0,1122802.68,0,0,409532.89,0,0,409532.89,0,0,409532.89,0,0,437455.59,0,0,409532.89,0,0,437455.59,0,0,409532.89
both_sexes,1,Moderna,2021-04-12,any_risk_factors,0,0,0,0,0,0,0,0,0,0,0,0,0,0,0,0,0,0,0,0,0,0,0,0,0,0,0,0,0,0,0,0,0,0,0,0,0,0,0,0,0,0,0,0,0,0,0,0,0,0,354569.27,0,0,354569.27,0,0,354569.27,0,0,388289.11,0,0,382773.64,0,0,398628.17,0,0,375310.09,0,0,375310.09,0,0,368132.03,0,0,368132.03,0,0,354569.27,0,0,354569.27,0,0,354569.27,0,0,354569.27,0,0,354569.27,0,0,354569.27,0,0,354569.27,0,0,354569.27,0,0,354569.27,0,0,354569.27,0,0,354569.27,0,0,354569.27,0,0,354569.27,0,0,354569.27,0,0,354569.27,0,0,354569.27,0,0,354569.27,0,0,354569.27,0,0,354569.27,0,0,354569.27,0,0,354569.27,0,0,354569.27,0,0,354569.27,0,0,354569.27,0,0,354569.27,0,0,354569.27,0,0,354569.27,0,0,354569.27,0,0,354569.27,0,0,354569.27,0,0,910380.55,0,0,354569.27,0,0,354569.27,0,0,354569.27,0,0,375310.09,0,0,354569.27,0,0,375310.09,0,0,354569.27
both_sexes,1,Moderna,2021-04-19,any_risk_factors,0,0,0,0,0,0,0,0,0,0,0,0,0,0,0,0,0,0,0,0,0,0,0,0,0,0,0,0,0,0,0,0,0,0,0,0,0,1,0,0,0,0,0,0,0,0,0,0,0,0,341970.36,0,0,336840.81,0,0,336840.81,0,0,363170.68,0,0,362194.41,0,0,375310.09,0,0,350875.84,0,0,350875.84,0,0,343715.11,0,0,343715.11,0,0,336840.81,0,0,336840.81,0,0,336840.81,0,0,336840.81,0,0,336840.81,0,0,336840.81,0,0,336840.81,0,0,341970.36,0,0,336840.81,0,0,336840.81,0,0,341970.36,0,0,336840.81,0,0,339386.2,0,0,336840.81,0,0,336840.81,0,0,336840.81,0,0,336840.81,0,0,336840.81,0,0,336840.81,0,0,336840.81,0,0,336840.81,0,0,336840.81,0,0,336840.81,0,0,341970.36,0,0,341970.36,0,0,336840.81,0,0,336840.81,0,0,336840.81,0,0,336840.81,0,0,336840.81,246790.54,6248.2,1375028.88,0,0,336840.81,0,0,336840.81,0,0,336840.81,0,0,350875.84,0,0,341970.36,0,0,356445.3,0,0,336840.81
both_sexes,2,Moderna,2021-04-19,any_risk_factors,0,0,0,0,0,0,0,0,0,0,0,0,0,0,0,0,0,0,0,0,0,0,0,0,0,0,0,0,0,0,0,0,0,0,0,0,0,1,0,0,0,0,0,0,0,0,0,0,0,0,962402.3,0,0,1013055.05,0,0,962402.3,0,0,1213840.74,0,0,1069335.89,0,0,1104396.08,0,0,998046.83,0,0,998046.83,0,0,1271097.38,0,0,1271097.38,0,0,962402.3,0,0,962402.3,0,0,962402.3,0,0,962402.3,0,0,962402.3,0,0,962402.3,0,0,1013055.05,0,0,1013055.05,0,0,962402.3,0,0,962402.3,0,0,962402.3,0,0,962402.3,0,0,962402.3,0,0,962402.3,0,0,962402.3,0,0,962402.3,0,0,962402.3,0,0,962402.3,0,0,962402.3,0,0,962402.3,0,0,962402.3,0,0,962402.3,0,0,962402.3,0,0,962402.3,0,0,962402.3,0,0,962402.3,0,0,962402.3,0,0,962402.3,0,0,962402.3,0,0,962402.3,608750,15412.22,3391737.91,0,0,962402.3,0,0,962402.3,0,0,962402.3,0,0,998046.83,0,0,962402.3,0,0,998046.83,0,0,962402.3
both_sexes,2,Moderna,2021-04-26,any_risk_factors,0,0,0,0,0,0,0,1,0,0,0,0,0,0,0,0,0,0,0,0,0,0,0,0,0,0,0,0,0,0,0,0,0,0,0,0,0,1,0,0,0,0,0,0,0,0,0,0,0,0,512305.41,0,0,526313.76,0,0,512305.41,0,0,606920.37,0,0,568507.69,0,0,604198.75,0,0,554470.46,152187.5,3853.05,847934.48,0,0,609666.62,0,0,609666.62,0,0,512305.41,0,0,512305.41,0,0,512305.41,0,0,512305.41,0,0,512305.41,0,0,512305.41,0,0,526313.76,0,0,526313.76,0,0,512305.41,0,0,512305.41,0,0,512305.41,0,0,512305.41,0,0,512305.41,0,0,512305.41,0,0,512305.41,0,0,512305.41,0,0,512305.41,0,0,512305.41,0,0,512305.41,0,0,512305.41,0,0,512305.41,0,0,512305.41,0,0,512305.41,0,0,512305.41,0,0,512305.41,0,0,512305.41,0,0,512305.41,0,0,512305.41,0,0,512305.41,0,0,512305.41,397010.87,10051.44,2212002.99,0,0,512305.41,0,0,512305.41,0,0,512305.41,0,0,554470.46,0,0,512305.41,0,0,554470.46,0,0,512305.41
both_sexes,2,Moderna,2021-05-03,any_risk_factors,0,0,0,0,0,0,0,0,0,0,0,0,0,0,0,0,0,0,0,0,0,0,0,0,0,0,0,0,0,0,0,0,0,0,0,0,0,0,0,0,0,0,0,0,0,0,0,0,0,0,391675.35,0,0,399811.04,0,0,391675.35,0,0,446146.76,0,0,427734.36,0,0,447628.98,0,0,417140.32,0,0,426380.77,0,0,446146.76,0,0,446146.76,0,0,391675.35,0,0,391675.35,0,0,391675.35,0,0,391675.35,0,0,391675.35,0,0,391675.35,0,0,399811.04,0,0,399811.04,0,0,391675.35,0,0,391675.35,0,0,391675.35,0,0,391675.35,0,0,391675.35,0,0,391675.35,0,0,391675.35,0,0,391675.35,0,0,391675.35,0,0,391675.35,0,0,391675.35,0,0,391675.35,0,0,391675.35,0,0,391675.35,0,0,391675.35,0,0,391675.35,0,0,391675.35,0,0,391675.35,0,0,391675.35,0,0,391675.35,0,0,391675.35,0,0,391675.35,0,0,1086583.24,0,0,391675.35,0,0,391675.35,0,0,391675.35,0,0,417140.32,0,0,391675.35,0,0,417140.32,0,0,391675.35
both_sexes,2,Moderna,2021-05-10,any_risk_factors,0,0,0,0,0,0,0,0,0,0,0,0,0,0,0,0,0,0,0,0,0,0,0,0,0,0,0,0,0,0,0,0,0,0,0,0,0,0,0,0,0,0,0,0,0,0,0,0,0,0,315541.74,0,0,320800.77,0,0,315541.74,0,0,356445.3,0,0,349964.47,0,0,363170.68,0,0,331862.86,0,0,337685.02,0,0,349964.47,0,0,349964.47,0,0,315541.74,0,0,315541.74,0,0,315541.74,0,0,315541.74,0,0,315541.74,0,0,315541.74,0,0,320800.77,0,0,320800.77,0,0,315541.74,0,0,315541.74,0,0,315541.74,0,0,315541.74,0,0,315541.74,0,0,315541.74,0,0,315541.74,0,0,315541.74,0,0,315541.74,0,0,315541.74,0,0,315541.74,0,0,315541.74,0,0,315541.74,0,0,315541.74,0,0,315541.74,0,0,315541.74,0,0,315541.74,0,0,315541.74,0,0,315541.74,0,0,315541.74,0,0,315541.74,0,0,315541.74,0,0,910380.55,0,0,315541.74,0,0,315541.74,0,0,315541.74,0,0,331862.86,0,0,315541.74,0,0,331862.86,0,0,315541.74
both_sexes,2,Moderna,2021-05-17,any_risk_factors,0,0,0,0,0,0,0,0,0,0,0,0,0,0,0,0,0,0,0,0,0,0,0,0,0,0,0,0,0,0,0,0,0,0,0,0,0,1,0,0,0,0,0,0,0,0,0,0,0,0,283655.41,0,0,287898.12,0,0,283655.41,0,0,317774.34,0,0,311169.34,0,0,323108.69,0,0,296776.04,0,0,301423.54,0,0,311169.34,0,0,311169.34,0,0,283655.41,0,0,283655.41,0,0,283655.41,0,0,283655.41,0,0,283655.41,0,0,283655.41,0,0,287898.12,0,0,287898.12,0,0,283655.41,0,0,283655.41,0,0,283655.41,0,0,283655.41,0,0,284854.8,0,0,283655.41,0,0,283655.41,0,0,283655.41,0,0,283655.41,0,0,283655.41,0,0,283655.41,0,0,283655.41,0,0,283655.41,0,0,283655.41,0,0,283655.41,0,0,283655.41,0,0,283655.41,0,0,283655.41,0,0,283655.41,0,0,283655.41,0,0,283655.41,0,0,283655.41,220030.12,5570.68,1225929.37,0,0,283655.41,0,0,283655.41,0,0,283655.41,0,0,296776.04,0,0,283655.41,0,0,296776.04,0,0,283655.41
both_sexes,2,Moderna,2021-05-24,any_risk_factors,0,0,0,0,0,0,0,0,0,0,0,0,0,0,0,0,0,0,0,0,0,0,0,0,0,0,0,0,0,0,0,0,0,0,0,0,0,0,0,0,0,0,0,0,0,0,0,0,0,0,261116.9,0,0,264707.9,0,0,261116.9,0,0,296123.78,0,0,284253.84,0,0,297431.17,0,0,274972.09,0,0,278957.19,0,0,284253.84,0,0,284253.84,0,0,261116.9,0,0,261116.9,0,0,261116.9,0,0,261116.9,0,0,261116.9,0,0,261116.9,0,0,268399.05,0,0,268399.05,0,0,261116.9,0,0,261116.9,0,0,261116.9,0,0,261116.9,0,0,264707.9,0,0,261116.9,0,0,261116.9,0,0,261116.9,0,0,261116.9,0,0,261116.9,0,0,261116.9,0,0,261116.9,0,0,263671.86,0,0,261116.9,0,0,261116.9,0,0,261116.9,0,0,261116.9,0,0,261116.9,0,0,261116.9,0,0,261116.9,0,0,261116.9,0,0,261116.9,0,0,765547.28,0,0,261116.9,0,0,261116.9,0,0,261116.9,0,0,274972.09,0,0,261116.9,0,0,274972.09,0,0,261116.9
both_sexes,2,Moderna,2021-05-31,any_risk_factors,0,0,0,0,0,0,0,0,0,0,0,0,0,0,0,0,1,1,0,0,0,0,0,0,0,0,0,0,0,0,0,0,0,0,0,0,0,0,0,0,0,0,0,0,0,0,0,0,0,0,242331.51,0,0,245421.35,0,0,242331.51,0,0,273298.83,0,0,262132.92,0,0,273298.83,0,0,255182.43,0,0,258610.98,0,0,262132.92,0,0,262132.92,0,0,242331.51,0,0,242331.51,0,0,242331.51,0,0,242331.51,0,0,242331.51,0,0,242331.51,67890.33,1718.83,378260.73,68271.03,1728.47,380381.82,0,0,242331.51,0,0,242331.51,0,0,242331.51,0,0,242331.51,0,0,245421.35,0,0,242331.51,0,0,242331.51,0,0,242331.51,0,0,242331.51,0,0,242331.51,0,0,242331.51,0,0,242331.51,0,0,245421.35,0,0,242331.51,0,0,242331.51,0,0,242331.51,0,0,242331.51,0,0,242331.51,0,0,242331.51,0,0,242331.51,0,0,242331.51,0,0,242331.51,0,0,724388.83,0,0,242331.51,0,0,242331.51,0,0,242331.51,0,0,255182.43,0,0,242331.51,0,0,255182.43,0,0,242331.51
both_sexes,2,Moderna,2021-06-07,any_risk_factors,0,0,0,1,0,0,0,0,0,0,0,0,0,0,0,0,0,0,0,0,0,0,0,0,0,0,0,0,0,0,0,0,0,0,0,0,0,1,0,0,0,0,0,0,0,0,0,0,0,0,230318.5,0,0,233107.82,0,0,230318.5,69971.26,1771.52,389854.93,0,0,248133.19,0,0,258115.56,0,0,241896.45,0,0,244975.13,0,0,248133.19,0,0,248133.19,0,0,230318.5,0,0,230318.5,0,0,230318.5,0,0,230318.5,0,0,230318.5,0,0,230318.5,0,0,238894.19,0,0,241896.45,0,0,230318.5,0,0,230318.5,0,0,230318.5,0,0,230318.5,0,0,233107.82,0,0,230318.5,0,0,230318.5,0,0,230318.5,0,0,230318.5,0,0,230318.5,0,0,230318.5,0,0,230318.5,0,0,233107.82,0,0,230318.5,0,0,230318.5,0,0,230318.5,0,0,230318.5,0,0,230318.5,0,0,230318.5,0,0,230318.5,0,0,230318.5,0,0,230318.5,187307.69,4742.22,1043611.67,0,0,230318.5,0,0,230318.5,0,0,230318.5,0,0,241896.45,0,0,230318.5,0,0,241896.45,0,0,230318.5
both_sexes,2,Moderna,2021-06-14,any_risk_factors,0,0,0,0,0,0,0,0,0,0,0,0,0,0,0,0,0,0,0,0,0,0,0,0,0,0,0,0,0,0,0,0,0,0,0,0,0,0,0,0,0,0,0,0,0,0,0,0,0,0,229143.4,0,0,231904.17,0,0,229143.4,0,0,260108.73,0,0,246769.82,0,0,256640.61,0,0,240600.58,0,0,243646.15,0,0,246769.82,0,0,246769.82,0,0,229143.4,0,0,229143.4,0,0,229143.4,0,0,229143.4,0,0,229143.4,0,0,229143.4,0,0,237630.2,0,0,240600.58,0,0,229143.4,0,0,229143.4,0,0,229143.4,0,0,229143.4,0,0,231904.17,0,0,229143.4,0,0,229143.4,0,0,229143.4,0,0,229143.4,0,0,229143.4,0,0,229143.4,0,0,229143.4,0,0,231904.17,0,0,229143.4,0,0,229143.4,0,0,229143.4,0,0,229143.4,0,0,229143.4,0,0,229143.4,0,0,229143.4,0,0,229143.4,0,0,229143.4,0,0,712890.59,0,0,229143.4,0,0,229143.4,0,0,229143.4,0,0,240600.58,0,0,229143.4,0,0,240600.58,0,0,229143.4
both_sexes,2,Moderna,2021-06-21,any_risk_factors,0,0,0,0,0,0,0,0,0,0,0,0,0,0,0,0,0,0,0,0,0,0,0,0,0,0,0,0,0,0,0,0,0,0,0,0,0,0,0,0,0,0,0,0,0,0,0,0,0,0,224935.43,0,0,227595.14,0,0,224935.43,0,0,254700.04,0,0,241896.45,0,0,251373.74,0,0,235965.54,0,0,238894.19,0,0,241896.45,0,0,241896.45,0,0,224935.43,0,0,224935.43,0,0,224935.43,0,0,224935.43,0,0,224935.43,0,0,224935.43,0,0,233107.82,0,0,235965.54,0,0,224935.43,0,0,224935.43,0,0,224935.43,0,0,224935.43,0,0,227595.14,0,0,224935.43,0,0,224935.43,0,0,224935.43,0,0,224935.43,0,0,224935.43,0,0,224935.43,0,0,224935.43,0,0,227595.14,0,0,224935.43,0,0,224935.43,0,0,224935.43,0,0,224935.43,0,0,224935.43,0,0,224935.43,0,0,224935.43,0,0,224935.43,0,0,224935.43,0,0,673681.61,0,0,224935.43,0,0,224935.43,0,0,224935.43,0,0,235965.54,0,0,224935.43,0,0,235965.54,0,0,224935.43
both_sexes,2,Moderna,2021-06-28,any_risk_factors,0,0,0,0,0,0,0,0,0,0,0,0,0,0,0,0,0,0,0,0,0,0,0,0,0,0,0,0,0,0,0,0,0,0,0,0,0,0,0,0,0,0,0,0,0,0,0,0,0,0,508438.95,0,0,514260.77,0,0,508438.95,0,0,580760.01,0,0,545491.18,0,0,566119,0,0,532554.63,0,0,538945.29,0,0,545491.18,0,0,545491.18,0,0,508438.95,0,0,508438.95,0,0,508438.95,0,0,508438.95,0,0,508438.95,0,0,508438.95,0,0,526313.76,0,0,532554.63,0,0,508438.95,0,0,508438.95,0,0,508438.95,0,0,508438.95,0,0,514260.77,0,0,508438.95,0,0,508438.95,0,0,508438.95,0,0,508438.95,0,0,508438.95,0,0,508438.95,0,0,508438.95,0,0,514260.77,0,0,508438.95,0,0,508438.95,0,0,508438.95,0,0,508438.95,0,0,508438.95,0,0,508438.95,0,0,508438.95,0,0,508438.95,0,0,508438.95,0,0,1480618.92,0,0,508438.95,0,0,508438.95,0,0,508438.95,0,0,532554.63,0,0,508438.95,0,0,532554.63,0,0,508438.95
both_sexes,1,Moderna,2021-02-08,any_risk_factors,0,0,0,0,0,0,0,0,0,0,0,0,0,0,0,0,0,0,0,0,0,0,0,0,0,0,0,0,0,0,0,0,0,0,0,0,0,0,0,0,0,0,0,0,0,0,0,0,0,0,11228026.84,0,0,11228026.84,0,0,11228026.84,0,0,11228026.84,0,0,11228026.84,0,0,11228026.84,0,0,11228026.84,0,0,11228026.84,0,0,11228026.84,0,0,11228026.84,0,0,11228026.84,0,0,11228026.84,0,0,11228026.84,0,0,11228026.84,0,0,11228026.84,0,0,11228026.84,0,0,11228026.84,0,0,11228026.84,0,0,11228026.84,0,0,11228026.84,0,0,11228026.84,0,0,11228026.84,0,0,11228026.84,0,0,11228026.84,0,0,11228026.84,0,0,11228026.84,0,0,11228026.84,0,0,11228026.84,0,0,11228026.84,0,0,11228026.84,0,0,11228026.84,0,0,11228026.84,0,0,11228026.84,0,0,11228026.84,0,0,11228026.84,0,0,11228026.84,0,0,11228026.84,0,0,11228026.84,0,0,11228026.84,0,0,11228026.84,0,0,11228026.84,0,0,11228026.84,0,0,11228026.84,0,0,11228026.84,0,0,11228026.84,0,0,11228026.84,0,0,11228026.84,0,0,11228026.84
both_sexes,1,Moderna,2021-02-15,any_risk_factors,0,0,0,0,0,0,0,0,0,0,0,0,0,0,0,0,0,0,0,0,0,0,0,0,0,0,0,0,0,0,0,0,0,0,0,0,0,0,0,0,0,0,0,0,0,0,0,0,0,0,12248756.55,0,0,12248756.55,0,0,12248756.55,0,0,12248756.55,0,0,12248756.55,0,0,12248756.55,0,0,12248756.55,0,0,12248756.55,0,0,12248756.55,0,0,12248756.55,0,0,12248756.55,0,0,12248756.55,0,0,12248756.55,0,0,12248756.55,0,0,12248756.55,0,0,12248756.55,0,0,12248756.55,0,0,12248756.55,0,0,12248756.55,0,0,12248756.55,0,0,12248756.55,0,0,12248756.55,0,0,12248756.55,0,0,12248756.55,0,0,12248756.55,0,0,12248756.55,0,0,12248756.55,0,0,12248756.55,0,0,12248756.55,0,0,12248756.55,0,0,12248756.55,0,0,12248756.55,0,0,12248756.55,0,0,12248756.55,0,0,12248756.55,0,0,12248756.55,0,0,12248756.55,0,0,12248756.55,0,0,12248756.55,0,0,12248756.55,0,0,12248756.55,0,0,12248756.55,0,0,12248756.55,0,0,12248756.55,0,0,12248756.55,0,0,12248756.55,0,0,12248756.55,0,0,12248756.55
both_sexes,1,Moderna,2021-02-22,any_risk_factors,0,0,0,0,0,0,0,0,0,0,0,0,0,0,0,0,0,0,0,0,0,0,0,0,0,0,0,0,0,0,0,0,0,0,0,0,0,0,0,0,0,0,0,0,0,0,0,0,0,0,7485351.23,0,0,7485351.23,0,0,7485351.23,0,0,7485351.23,0,0,7485351.23,0,0,7485351.23,0,0,7485351.23,0,0,7485351.23,0,0,11228026.84,0,0,11228026.84,0,0,7485351.23,0,0,7485351.23,0,0,7485351.23,0,0,7485351.23,0,0,7485351.23,0,0,7485351.23,0,0,7485351.23,0,0,7485351.23,0,0,7485351.23,0,0,7485351.23,0,0,7485351.23,0,0,7485351.23,0,0,7485351.23,0,0,7485351.23,0,0,7485351.23,0,0,7485351.23,0,0,7485351.23,0,0,7485351.23,0,0,7485351.23,0,0,7485351.23,0,0,7485351.23,0,0,7485351.23,0,0,7485351.23,0,0,7485351.23,0,0,7485351.23,0,0,7485351.23,0,0,7485351.23,0,0,7485351.23,0,0,7485351.23,0,0,7485351.23,0,0,11228026.84,0,0,7485351.23,0,0,7485351.23,0,0,7485351.23,0,0,7485351.23,0,0,7485351.23,0,0,7485351.23,0,0,7485351.23
both_sexes,1,Moderna,2021-03-01,any_risk_factors,0,0,0,0,0,0,0,0,0,0,0,0,0,0,0,0,0,0,0,0,0,0,0,0,0,0,0,0,0,0,0,0,0,0,0,0,0,0,0,0,0,0,0,0,0,0,0,0,0,0,5182166.23,0,0,5858100.96,0,0,5182166.23,0,0,5182166.23,0,0,5858100.96,0,0,5858100.96,0,0,5182166.23,0,0,5182166.23,0,0,8421020.13,0,0,8421020.13,0,0,5182166.23,0,0,5182166.23,0,0,5182166.23,0,0,5182166.23,0,0,5182166.23,0,0,5182166.23,0,0,5182166.23,0,0,5182166.23,0,0,5182166.23,0,0,5182166.23,0,0,5182166.23,0,0,5182166.23,0,0,5182166.23,0,0,5182166.23,0,0,5182166.23,0,0,5182166.23,0,0,5182166.23,0,0,5182166.23,0,0,5182166.23,0,0,5182166.23,0,0,5182166.23,0,0,5182166.23,0,0,5182166.23,0,0,5182166.23,0,0,5182166.23,0,0,5182166.23,0,0,5182166.23,0,0,5182166.23,0,0,5182166.23,0,0,5182166.23,0,0,9624023,0,0,5182166.23,0,0,5182166.23,0,0,5182166.23,0,0,5182166.23,0,0,5182166.23,0,0,5182166.23,0,0,5182166.23
both_sexes,1,Moderna,2021-03-08,any_risk_factors,0,0,0,0,0,0,0,0,0,0,0,0,0,0,0,0,0,0,0,0,0,0,0,0,0,0,0,0,0,0,0,0,0,0,0,0,0,0,0,0,0,0,0,0,0,0,0,0,0,0,2994140.49,0,0,3545692.69,0,0,2994140.49,0,0,3208007.67,0,0,3849609.2,0,0,3849609.2,0,0,2994140.49,0,0,2994140.49,0,0,4812011.5,0,0,4812011.5,0,0,2994140.49,0,0,2994140.49,0,0,2994140.49,0,0,2994140.49,0,0,2994140.49,0,0,2994140.49,0,0,3208007.67,0,0,3208007.67,0,0,2994140.49,0,0,2994140.49,0,0,2994140.49,0,0,2994140.49,0,0,2994140.49,0,0,2994140.49,0,0,2994140.49,0,0,2994140.49,0,0,2994140.49,0,0,2994140.49,0,0,2994140.49,0,0,2994140.49,0,0,2994140.49,0,0,2994140.49,0,0,2994140.49,0,0,2994140.49,0,0,2994140.49,0,0,2994140.49,0,0,2994140.49,0,0,2994140.49,0,0,2994140.49,0,0,2994140.49,0,0,7485351.23,0,0,2994140.49,0,0,2994140.49,0,0,2994140.49,0,0,2994140.49,0,0,2994140.49,0,0,2994140.49,0,0,2994140.49
both_sexes,1,Moderna,2021-05-31,any_risk_factors,0,0,0,0,0,0,0,0,0,0,0,0,0,0,0,0,0,0,0,0,0,0,0,0,0,0,0,0,0,0,0,0,0,0,0,0,0,1,0,0,0,0,0,0,0,0,0,0,0,0,499023.42,0,0,486412.72,0,0,486412.72,0,0,532554.63,0,0,486412.72,0,0,486412.72,0,0,486412.72,0,0,486412.72,0,0,497182,0,0,497182,0,0,499023.42,0,0,499023.42,0,0,499023.42,0,0,499023.42,0,0,486412.72,0,0,486412.72,0,0,486412.72,0,0,506527.53,0,0,486412.72,0,0,486412.72,0,0,499023.42,0,0,486412.72,0,0,486412.72,0,0,486412.72,0,0,486412.72,0,0,486412.72,0,0,486412.72,0,0,486412.72,0,0,486412.72,0,0,486412.72,0,0,486412.72,0,0,486412.72,0,0,486412.72,0,0,499023.42,0,0,499023.42,0,0,486412.72,0,0,486412.72,0,0,486412.72,0,0,486412.72,0,0,486412.72,296951.22,7518.15,1654506.3,0,0,486412.72,0,0,486412.72,0,0,486412.72,0,0,486412.72,0,0,499023.42,0,0,499023.42,0,0,486412.72
both_sexes,1,Moderna,2021-06-07,any_risk_factors,0,0,0,0,0,0,0,0,0,0,0,0,0,0,0,0,0,0,0,0,0,0,0,0,0,0,0,0,0,0,0,0,0,0,0,0,0,0,0,0,0,0,0,0,0,0,0,0,0,0,463011.42,0,0,452135.31,0,0,452135.31,0,0,512305.41,0,0,452135.31,0,0,452135.31,0,0,452135.31,0,0,452135.31,0,0,463011.42,0,0,463011.42,0,0,474423.67,0,0,474423.67,0,0,474423.67,0,0,474423.67,0,0,452135.31,0,0,452135.31,0,0,452135.31,0,0,463011.42,0,0,452135.31,0,0,452135.31,0,0,463011.42,0,0,452135.31,0,0,452135.31,0,0,452135.31,0,0,452135.31,0,0,452135.31,0,0,452135.31,0,0,452135.31,0,0,452135.31,0,0,452135.31,0,0,452135.31,0,0,452135.31,0,0,452135.31,0,0,463011.42,0,0,463011.42,0,0,452135.31,0,0,452135.31,0,0,452135.31,0,0,452135.31,0,0,452135.31,0,0,1122802.68,0,0,452135.31,0,0,452135.31,0,0,452135.31,0,0,452135.31,0,0,463011.42,0,0,463011.42,0,0,452135.31
both_sexes,1,Moderna,2021-06-14,any_risk_factors,0,0,0,0,0,0,0,0,0,0,0,0,0,0,0,0,0,0,0,0,0,0,0,0,0,0,0,0,0,0,0,0,0,0,0,0,0,0,0,0,0,0,0,0,0,0,0,0,0,0,422370.92,0,0,413301.6,0,0,413301.6,0,0,463011.42,0,0,413301.6,0,0,413301.6,0,0,413301.6,0,0,413301.6,0,0,422370.92,0,0,422370.92,0,0,431847.19,0,0,431847.19,0,0,431847.19,0,0,431847.19,0,0,413301.6,0,0,413301.6,0,0,413301.6,0,0,422370.92,0,0,413301.6,0,0,413301.6,0,0,422370.92,0,0,413301.6,0,0,413301.6,0,0,413301.6,0,0,413301.6,0,0,413301.6,0,0,413301.6,0,0,413301.6,0,0,413301.6,0,0,413301.6,0,0,413301.6,0,0,413301.6,0,0,413301.6,0,0,422370.92,0,0,422370.92,0,0,413301.6,0,0,413301.6,0,0,413301.6,0,0,413301.6,0,0,413301.6,0,0,969326.06,0,0,413301.6,0,0,413301.6,0,0,413301.6,0,0,413301.6,0,0,422370.92,0,0,422370.92,0,0,413301.6
both_sexes,1,Moderna,2021-06-21,any_risk_factors,0,0,0,0,0,0,0,0,0,0,0,0,0,0,0,0,0,0,0,0,0,0,0,0,0,0,0,0,0,0,0,0,0,0,0,0,0,0,0,0,0,0,0,0,0,0,0,0,0,0,423699.13,0,0,414573.3,0,0,414573.3,0,0,464608.01,0,0,414573.3,0,0,414573.3,0,0,414573.3,0,0,414573.3,0,0,423699.13,0,0,423699.13,0,0,433235.76,0,0,433235.76,0,0,433235.76,0,0,433235.76,0,0,414573.3,0,0,414573.3,0,0,414573.3,0,0,423699.13,0,0,414573.3,0,0,414573.3,0,0,423699.13,0,0,414573.3,0,0,414573.3,0,0,414573.3,0,0,414573.3,0,0,414573.3,0,0,414573.3,0,0,414573.3,0,0,414573.3,0,0,414573.3,0,0,414573.3,0,0,414573.3,0,0,414573.3,0,0,423699.13,0,0,423699.13,0,0,414573.3,0,0,414573.3,0,0,414573.3,0,0,414573.3,0,0,414573.3,0,0,942212.04,0,0,414573.3,0,0,414573.3,0,0,414573.3,0,0,414573.3,0,0,423699.13,0,0,423699.13,0,0,414573.3
both_sexes,1,Moderna,2021-06-28,any_risk_factors,0,0,0,0,0,0,0,0,0,0,0,0,0,0,0,0,0,0,0,0,0,0,0,0,0,0,0,0,0,0,0,0,0,0,0,0,0,0,0,0,0,0,0,0,0,0,0,0,0,0,1005494.94,0,0,983476.8,0,0,983476.8,0,0,1077890.58,0,0,983476.8,0,0,983476.8,0,0,983476.8,0,0,983476.8,0,0,1005494.94,0,0,1005494.94,0,0,1028521.54,0,0,1028521.54,0,0,1028521.54,0,0,1028521.54,0,0,983476.8,0,0,983476.8,0,0,983476.8,0,0,1005494.94,0,0,983476.8,0,0,983476.8,0,0,1005494.94,0,0,983476.8,0,0,983476.8,0,0,983476.8,0,0,983476.8,0,0,983476.8,0,0,983476.8,0,0,983476.8,0,0,983476.8,0,0,983476.8,0,0,983476.8,0,0,983476.8,0,0,983476.8,0,0,1005494.94,0,0,1005494.94,0,0,983476.8,0,0,983476.8,0,0,983476.8,0,0,983476.8,0,0,983476.8,0,0,2283666.48,0,0,983476.8,0,0,983476.8,0,0,983476.8,0,0,983476.8,0,0,1005494.94,0,0,1005494.94,0,0,983476.8
both_sexes,1,Moderna,2021-04-26,any_risk_factors,0,0,0,0,0,0,0,0,0,0,0,0,0,0,0,0,0,0,0,0,0,0,0,0,0,0,0,0,0,0,0,0,0,0,0,0,0,0,0,0,0,0,0,0,0,0,0,0,0,0,412037.68,0,0,403402.16,0,0,403402.16,0,0,441758.43,0,0,423699.13,0,0,433235.76,0,0,413301.6,0,0,413301.6,0,0,403402.16,0,0,403402.16,0,0,403402.16,0,0,403402.16,0,0,403402.16,0,0,403402.16,0,0,403402.16,0,0,403402.16,0,0,412037.68,0,0,421051.01,0,0,403402.16,0,0,403402.16,0,0,412037.68,0,0,403402.16,0,0,412037.68,0,0,403402.16,0,0,403402.16,0,0,403402.16,0,0,403402.16,0,0,403402.16,0,0,403402.16,0,0,403402.16,0,0,412037.68,0,0,403402.16,0,0,403402.16,0,0,412037.68,0,0,412037.68,0,0,403402.16,0,0,403402.16,0,0,403402.16,0,0,403402.16,0,0,403402.16,0,0,1213840.74,0,0,403402.16,0,0,403402.16,0,0,403402.16,0,0,413301.6,0,0,412037.68,0,0,422370.92,0,0,403402.16
both_sexes,1,Moderna,2021-05-03,any_risk_factors,0,0,0,0,0,0,0,0,0,0,0,0,0,0,0,0,0,0,0,0,0,0,0,0,0,0,0,0,0,0,0,0,0,0,0,0,0,0,0,0,0,0,0,0,0,0,0,0,0,0,449121.07,0,0,438880.53,0,0,438880.53,0,0,482925.89,0,0,458286.81,0,0,469464.54,0,0,449121.07,0,0,449121.07,0,0,438880.53,0,0,438880.53,0,0,441758.43,0,0,441758.43,0,0,441758.43,0,0,441758.43,0,0,438880.53,0,0,438880.53,0,0,449121.07,0,0,469464.54,0,0,438880.53,0,0,438880.53,0,0,449121.07,0,0,438880.53,0,0,449121.07,0,0,438880.53,0,0,438880.53,0,0,438880.53,0,0,438880.53,0,0,438880.53,0,0,438880.53,0,0,438880.53,0,0,449121.07,0,0,438880.53,0,0,438880.53,0,0,449121.07,0,0,449121.07,0,0,438880.53,0,0,438880.53,0,0,438880.53,0,0,438880.53,0,0,438880.53,0,0,1480618.92,0,0,438880.53,0,0,438880.53,0,0,438880.53,0,0,449121.07,0,0,449121.07,0,0,459850.93,0,0,438880.53
both_sexes,1,Moderna,2021-05-10,any_risk_factors,0,0,0,0,0,0,0,0,0,0,0,0,0,0,0,0,0,0,0,0,0,0,0,0,0,0,0,0,0,0,0,0,0,0,0,0,0,0,0,0,0,0,0,0,0,0,0,0,0,0,532554.63,0,0,518216.62,0,0,518216.62,0,0,566119,0,0,518216.62,0,0,532554.63,0,0,532554.63,0,0,532554.63,0,0,518216.62,0,0,518216.62,0,0,532554.63,0,0,532554.63,0,0,532554.63,0,0,532554.63,0,0,518216.62,0,0,518216.62,0,0,532554.63,0,0,563750.3,0,0,518216.62,0,0,518216.62,0,0,532554.63,0,0,518216.62,0,0,532554.63,0,0,518216.62,0,0,518216.62,0,0,518216.62,0,0,518216.62,0,0,518216.62,0,0,518216.62,0,0,518216.62,0,0,532554.63,0,0,518216.62,0,0,518216.62,0,0,532554.63,0,0,532554.63,0,0,518216.62,0,0,518216.62,0,0,518216.62,0,0,518216.62,0,0,518216.62,0,0,1433365.13,0,0,518216.62,0,0,518216.62,0,0,518216.62,0,0,532554.63,0,0,532554.63,0,0,547708.63,0,0,518216.62
both_sexes,1,Moderna,2021-05-17,any_risk_factors,0,0,0,0,0,0,0,0,0,0,0,0,0,0,0,0,0,0,0,0,0,0,0,0,0,0,0,0,0,0,0,0,0,0,0,0,0,0,0,0,0,0,0,0,0,0,0,0,0,0,502747.47,0,0,489950.26,0,0,489950.26,0,0,545491.18,0,0,489950.26,0,0,499023.42,0,0,502747.47,0,0,502747.47,0,0,489950.26,0,0,489950.26,0,0,502747.47,0,0,502747.47,0,0,502747.47,0,0,502747.47,0,0,489950.26,0,0,489950.26,0,0,502747.47,0,0,530457.96,0,0,489950.26,0,0,489950.26,0,0,502747.47,0,0,489950.26,0,0,499023.42,0,0,489950.26,0,0,489950.26,0,0,489950.26,0,0,489950.26,0,0,489950.26,0,0,489950.26,0,0,489950.26,0,0,502747.47,0,0,489950.26,0,0,489950.26,0,0,502747.47,0,0,502747.47,0,0,489950.26,0,0,489950.26,0,0,489950.26,0,0,489950.26,0,0,489950.26,0,0,1213840.74,0,0,489950.26,0,0,489950.26,0,0,489950.26,0,0,502747.47,0,0,502747.47,0,0,516231.12,0,0,489950.26
both_sexes,1,Moderna,2021-05-24,any_risk_factors,0,0,0,0,0,0,0,0,0,0,0,0,0,0,0,0,0,0,0,0,0,0,0,0,0,0,0,0,0,0,0,0,0,0,0,0,0,0,0,0,0,0,0,0,0,0,0,0,0,0,518216.62,0,0,504630.42,0,0,504630.42,0,0,552198.04,0,0,504630.42,0,0,504630.42,0,0,508438.95,0,0,508438.95,0,0,504630.42,0,0,504630.42,0,0,518216.62,0,0,518216.62,0,0,518216.62,0,0,518216.62,0,0,504630.42,0,0,504630.42,0,0,504630.42,0,0,532554.63,0,0,504630.42,0,0,504630.42,0,0,518216.62,0,0,504630.42,0,0,504630.42,0,0,504630.42,0,0,504630.42,0,0,504630.42,0,0,504630.42,0,0,504630.42,0,0,504630.42,0,0,504630.42,0,0,508438.95,0,0,504630.42,0,0,504630.42,0,0,518216.62,0,0,518216.62,0,0,504630.42,0,0,504630.42,0,0,504630.42,0,0,504630.42,0,0,504630.42,0,0,1122802.68,0,0,504630.42,0,0,504630.42,0,0,504630.42,0,0,508438.95,0,0,518216.62,0,0,522233.81,0,0,504630.42
both_sexes,1,Pfizer,2021-03-01,any_risk_factors,0,0,0,0,0,0,0,0,0,0,0,0,0,0,0,0,0,0,0,0,0,0,0,0,0,0,0,0,0,0,0,0,0,0,0,0,0,0,0,0,0,0,0,0,0,0,0,0,0,0,575796.25,0,0,575796.25,0,0,575796.25,0,0,663725.72,0,0,593552.08,0,0,632564.89,0,0,593552.08,0,0,654059.82,0,0,660472.17,0,0,660472.17,0,0,575796.25,0,0,575796.25,0,0,575796.25,0,0,575796.25,0,0,575796.25,0,0,575796.25,0,0,585810.1,0,0,585810.1,0,0,575796.25,0,0,575796.25,0,0,575796.25,0,0,575796.25,0,0,575796.25,0,0,575796.25,0,0,575796.25,0,0,575796.25,0,0,593552.08,0,0,575796.25,0,0,575796.25,0,0,593552.08,0,0,612437.83,0,0,575796.25,0,0,575796.25,0,0,575796.25,0,0,575796.25,0,0,575796.25,0,0,575796.25,0,0,575796.25,0,0,575796.25,0,0,575796.25,0,0,2173166.48,0,0,575796.25,0,0,593552.08,0,0,575796.25,0,0,612437.83,0,0,575796.25,0,0,612437.83,0,0,575796.25
both_sexes,1,Pfizer,2021-03-08,any_risk_factors,0,0,0,0,0,0,0,0,0,0,0,0,0,0,0,0,0,0,0,0,0,0,0,0,0,0,0,0,0,0,0,0,0,0,0,0,0,0,0,0,0,0,0,0,0,0,0,0,0,0,277235.23,0,0,277235.23,0,0,277235.23,0,0,297431.17,0,0,287284.27,0,0,297431.17,0,0,280117.09,0,0,296123.78,0,0,300750.72,0,0,300750.72,0,0,277235.23,0,0,277235.23,0,0,277235.23,0,0,277235.23,0,0,277235.23,0,0,277235.23,0,0,281286.68,0,0,284253.84,0,0,277235.23,0,0,277235.23,0,0,277235.23,0,0,277235.23,0,0,277235.23,0,0,277235.23,0,0,277235.23,0,0,277235.23,0,0,281286.68,0,0,277235.23,0,0,277235.23,0,0,281286.68,0,0,285458.31,0,0,277235.23,0,0,277235.23,0,0,277235.23,0,0,277235.23,0,0,277235.23,0,0,277235.23,0,0,277235.23,0,0,277235.23,0,0,277235.23,0,0,1171620.19,0,0,277235.23,0,0,281286.68,0,0,277235.23,0,0,284253.84,0,0,277235.23,0,0,284253.84,0,0,277235.23
both_sexes,1,Pfizer,2021-03-15,any_risk_factors,0,0,0,0,1,1,0,0,0,0,0,0,0,0,0,0,0,0,0,0,0,0,0,0,0,0,0,0,0,0,0,0,0,0,0,0,0,0,0,0,0,0,0,0,0,0,0,0,0,0,182817.26,0,0,182817.26,0,0,182817.26,0,0,197850.69,52178.57,1321.05,290720.39,53792.34,1361.9,299711.74,0,0,186357.29,0,0,201399.58,0,0,200202.56,0,0,200202.56,0,0,182817.26,0,0,182817.26,0,0,182817.26,0,0,182817.26,0,0,182817.26,0,0,182817.26,0,0,185587.22,0,0,187394.05,0,0,182817.26,0,0,182817.26,0,0,182817.26,0,0,182817.26,0,0,182817.26,0,0,182817.26,0,0,182817.26,0,0,182817.26,0,0,184317.81,0,0,182817.26,0,0,182817.26,0,0,184570.3,0,0,186099.89,0,0,182817.26,0,0,182817.26,0,0,184570.3,0,0,184570.3,0,0,182817.26,0,0,182817.26,0,0,182817.26,0,0,182817.26,0,0,182817.26,0,0,660472.17,0,0,182817.26,0,0,184317.81,0,0,182817.26,0,0,188179.22,0,0,184570.3,0,0,190037.13,0,0,182817.26
both_sexes,1,Pfizer,2021-03-22,any_risk_factors,0,0,0,0,0,0,1,1,0,0,0,0,0,0,0,0,0,0,0,0,0,0,0,0,0,0,0,0,0,0,0,0,0,0,0,0,0,1,0,0,0,1,0,1,0,0,0,0,0,0,172077.04,0,0,172077.04,0,0,172077.04,0,0,183314.72,0,0,181340.94,0,0,186615.4,47496.75,1202.51,264634.95,50448.9,1277.26,281083.25,0,0,189769.47,0,0,189769.47,0,0,172077.04,0,0,172077.04,0,0,172077.04,0,0,172077.04,0,0,172077.04,0,0,172077.04,0,0,175209.78,0,0,176819.32,0,0,172077.04,0,0,172077.04,0,0,172077.04,0,0,172077.04,0,0,172077.04,0,0,172077.04,0,0,172077.04,0,0,172077.04,0,0,172077.04,0,0,172077.04,0,0,172077.04,0,0,173629.28,0,0,173629.28,0,0,172077.04,0,0,172077.04,0,0,173629.28,0,0,173629.28,0,0,172077.04,0,0,172077.04,0,0,172077.04,0,0,172077.04,0,0,172077.04,170677.57,4321.18,950954.56,0,0,172077.04,0,0,172077.04,0,0,172077.04,47933.07,1213.56,267065.98,0,0,173629.28,48377.48,1224.81,269542.09,0,0,172077.04
both_sexes,1,Pfizer,2021-03-29,any_risk_factors,0,0,0,0,0,0,0,0,0,0,0,0,0,0,0,0,0,0,0,0,0,0,0,0,0,0,0,0,0,0,0,0,0,0,0,0,0,1,0,0,0,0,0,0,0,0,0,0,0,0,160975.3,0,0,160975.3,0,0,160975.3,0,0,169054.36,0,0,168842.51,0,0,172738.87,0,0,164714.33,0,0,175437.92,0,0,182076.11,0,0,182076.11,0,0,161748.29,0,0,161748.29,0,0,161748.29,0,0,161748.29,0,0,160975.3,0,0,160975.3,0,0,163514.95,0,0,163912.8,0,0,160975.3,0,0,160975.3,0,0,160975.3,0,0,160975.3,0,0,160975.3,0,0,160975.3,0,0,160975.3,0,0,160975.3,0,0,160975.3,0,0,160975.3,0,0,160975.3,0,0,162528.74,0,0,162528.74,0,0,160975.3,0,0,160975.3,0,0,161554.34,0,0,161554.34,0,0,160975.3,0,0,160975.3,0,0,160975.3,0,0,160975.3,0,0,160975.3,170677.57,4321.18,950954.56,0,0,160975.3,0,0,160975.3,0,0,160975.3,0,0,166341.14,0,0,161554.34,0,0,166959.51,0,0,160975.3
both_sexes,1,Pfizer,2021-04-05,any_risk_factors,0,0,0,0,0,0,0,0,0,0,0,0,0,0,0,0,0,0,0,0,0,0,0,0,0,0,0,0,0,0,0,0,0,0,0,0,0,1,0,0,0,0,0,0,0,0,0,0,0,0,119553.08,0,0,119553.08,0,0,119765.62,0,0,126275.84,0,0,123952.46,0,0,125804.22,0,0,120839.75,0,0,126870.36,0,0,134871.19,0,0,134871.19,0,0,120300.29,0,0,120300.29,0,0,120300.29,0,0,120300.29,0,0,119553.08,0,0,119553.08,0,0,122710.68,0,0,122710.68,0,0,119553.08,0,0,119553.08,0,0,119553.08,0,0,119553.08,0,0,119553.08,0,0,119553.08,0,0,119553.08,0,0,119553.08,0,0,119765.62,0,0,119553.08,0,0,119553.08,0,0,121933.32,0,0,121933.32,0,0,119553.08,0,0,119553.08,0,0,120085.85,0,0,120085.85,0,0,119553.08,0,0,119553.08,0,0,119553.08,0,0,119553.08,0,0,119553.08,150308.64,3805.49,837466.15,0,0,119553.08,0,0,119765.62,0,0,119553.08,0,0,123272.02,0,0,120085.85,0,0,123838.53,0,0,119553.08
both_sexes,1,Pfizer,2021-04-12,any_risk_factors,0,0,0,0,0,0,0,0,1,1,0,0,0,0,0,0,1,1,0,0,0,0,0,0,0,0,0,0,0,0,0,0,0,0,0,0,0,0,0,0,0,0,0,0,0,0,0,0,0,0,83376.44,0,0,83376.44,0,0,83739.17,0,0,88993.61,0,0,88178.22,0,0,89525.8,0,0,84793.15,0,0,89052.43,25346.98,641.73,141224.34,25346.98,641.73,141224.34,0,0,83739.17,0,0,83739.17,0,0,83739.17,0,0,83739.17,0,0,83376.44,0,0,83376.44,23219.96,587.88,129373.35,23234.73,588.25,129455.65,0,0,83376.44,0,0,83376.44,0,0,83376.44,0,0,83376.44,0,0,83376.44,0,0,83376.44,0,0,83376.44,0,0,83376.44,0,0,83739.17,0,0,83428.06,0,0,83428.06,0,0,84846.55,0,0,84846.55,0,0,83376.44,0,0,83376.44,0,0,84262.87,0,0,84262.87,0,0,83376.44,0,0,83376.44,0,0,83376.44,0,0,83376.44,0,0,83376.44,0,0,369140.61,0,0,83376.44,0,0,83739.17,0,0,83376.44,0,0,86314.11,0,0,84262.87,0,0,87264.46,0,0,83376.44
both_sexes,1,Pfizer,2021-04-19,any_risk_factors,0,0,0,0,0,0,0,0,1,1,0,0,0,0,0,0,0,0,0,0,0,0,0,0,0,0,0,0,0,0,0,0,0,0,0,0,0,1,0,0,0,0,0,0,0,0,0,0,0,0,70839.29,0,0,70839.29,0,0,71100.96,0,0,77036.2,0,0,76079.23,0,0,77168.57,0,0,72090.06,0,0,76294.63,21422.29,542.37,119357.35,21422.29,542.37,119357.35,0,0,71026,0,0,71026,0,0,71026,0,0,71026,0,0,70839.29,0,0,70839.29,0,0,73186.49,0,0,73465.82,0,0,70839.29,0,0,70839.29,0,0,70839.29,0,0,71026,0,0,71026,0,0,70839.29,0,0,70839.29,0,0,70839.29,0,0,71100.96,0,0,71100.96,0,0,71100.96,0,0,71897.72,0,0,71897.72,0,0,70839.29,0,0,70839.29,0,0,71897.72,0,0,71897.72,0,0,70839.29,0,0,70839.29,0,0,70839.29,0,0,70839.29,0,0,70839.29,93894.6,2377.21,523147.24,0,0,70839.29,0,0,71100.96,0,0,70839.29,0,0,73186.49,0,0,71897.72,0,0,74316.78,0,0,70839.29
both_sexes,1,Pfizer,2021-04-26,any_risk_factors,0,0,0,0,0,0,0,0,0,0,0,0,0,0,0,0,0,0,0,0,0,0,0,0,0,0,0,0,0,0,0,0,0,0,0,0,0,2,0,0,0,0,0,0,0,0,0,0,0,0,73586.19,0,0,73586.19,0,0,73828.12,0,0,80057.23,0,0,78931.65,0,0,81166.46,0,0,74811.95,0,0,79490.46,0,0,81757.48,0,0,81757.48,0,0,73586.19,0,0,73586.19,0,0,73586.19,0,0,73586.19,0,0,73586.19,0,0,73586.19,0,0,75482.53,0,0,75779.71,0,0,73586.19,0,0,73586.19,0,0,73586.19,0,0,73868.6,0,0,73868.6,0,0,73586.19,0,0,73586.19,0,0,73586.19,0,0,73828.12,0,0,73868.6,0,0,73868.6,0,0,74895.12,0,0,75187.68,0,0,73586.19,0,0,73586.19,0,0,74604.83,0,0,74604.83,0,0,73586.19,0,0,73586.19,0,0,73586.19,0,0,73586.19,0,0,73586.19,192236.84,23280.77,694425.57,0,0,73586.19,0,0,73828.12,0,0,73586.19,0,0,76165.25,0,0,74604.83,0,0,77257.07,0,0,73586.19
both_sexes,1,Pfizer,2021-05-03,any_risk_factors,0,0,0,0,0,0,0,0,0,0,0,0,0,0,0,0,0,0,0,0,0,0,0,0,0,0,0,0,0,0,0,0,0,0,0,0,0,0,0,0,0,0,0,0,0,0,0,0,0,0,86702.91,0,0,86702.91,0,0,86702.91,0,0,93178.65,0,0,92221.99,0,0,95152.77,0,0,88178.22,0,0,93243.13,0,0,95693.41,0,0,95693.41,0,0,86870.61,0,0,86870.61,0,0,86870.61,0,0,86870.61,0,0,86702.91,0,0,86702.91,0,0,88934.87,0,0,89288.48,0,0,86702.91,0,0,86702.91,0,0,86702.91,0,0,87095.23,0,0,87095.23,0,0,86702.91,0,0,86702.91,0,0,86702.91,0,0,86702.91,0,0,86814.64,0,0,86814.64,0,0,87890.62,0,0,88293.79,0,0,86702.91,0,0,86702.91,0,0,86926.66,0,0,86926.66,0,0,86702.91,0,0,86702.91,0,0,86702.91,0,0,86702.91,0,0,86702.91,0,0,412037.68,0,0,86702.91,0,0,86702.91,0,0,86702.91,0,0,89406.98,0,0,86926.66,0,0,89644.92,0,0,86702.91
both_sexes,2,Moderna,2021-03-08,any_risk_factors,0,0,0,0,0,0,0,0,0,0,0,0,0,0,0,0,0,0,0,0,0,0,0,0,0,0,0,0,0,0,0,0,0,0,0,0,0,0,0,0,0,0,0,0,0,0,0,0,0,0,11228026.84,0,0,11228026.84,0,0,11228026.84,0,0,11228026.84,0,0,11228026.84,0,0,11228026.84,0,0,11228026.84,0,0,11228026.84,0,0,11228026.84,0,0,11228026.84,0,0,11228026.84,0,0,11228026.84,0,0,11228026.84,0,0,11228026.84,0,0,11228026.84,0,0,11228026.84,0,0,11228026.84,0,0,11228026.84,0,0,11228026.84,0,0,11228026.84,0,0,11228026.84,0,0,11228026.84,0,0,11228026.84,0,0,11228026.84,0,0,11228026.84,0,0,11228026.84,0,0,11228026.84,0,0,11228026.84,0,0,11228026.84,0,0,11228026.84,0,0,11228026.84,0,0,11228026.84,0,0,11228026.84,0,0,11228026.84,0,0,11228026.84,0,0,11228026.84,0,0,11228026.84,0,0,11228026.84,0,0,11228026.84,0,0,11228026.84,0,0,11228026.84,0,0,11228026.84,0,0,11228026.84,0,0,11228026.84,0,0,11228026.84,0,0,11228026.84,0,0,11228026.84,0,0,11228026.84
both_sexes,2,Moderna,2021-03-15,any_risk_factors,0,0,0,0,0,0,0,0,0,0,0,0,0,0,0,0,0,0,0,0,0,0,0,0,0,0,0,0,0,0,0,0,0,0,0,0,0,0,0,0,0,0,0,0,0,0,0,0,0,0,9624023,0,0,9624023,0,0,9624023,0,0,9624023,0,0,9624023,0,0,9624023,0,0,9624023,0,0,9624023,0,0,9624023,0,0,9624023,0,0,9624023,0,0,9624023,0,0,9624023,0,0,9624023,0,0,9624023,0,0,9624023,0,0,9624023,0,0,9624023,0,0,9624023,0,0,9624023,0,0,9624023,0,0,9624023,0,0,9624023,0,0,9624023,0,0,9624023,0,0,9624023,0,0,9624023,0,0,9624023,0,0,9624023,0,0,9624023,0,0,9624023,0,0,9624023,0,0,9624023,0,0,9624023,0,0,9624023,0,0,9624023,0,0,9624023,0,0,9624023,0,0,9624023,0,0,9624023,0,0,9624023,0,0,9624023,0,0,9624023,0,0,9624023,0,0,9624023,0,0,9624023,0,0,9624023,0,0,9624023
both_sexes,2,Moderna,2021-03-22,any_risk_factors,0,0,0,0,0,0,0,0,0,0,0,0,0,0,0,0,0,0,0,0,0,0,0,0,0,0,0,0,0,0,0,0,0,0,0,0,0,0,0,0,0,0,0,0,0,0,0,0,0,0,5182166.23,0,0,5182166.23,0,0,5182166.23,0,0,5182166.23,0,0,5182166.23,0,0,5182166.23,0,0,5182166.23,0,0,5182166.23,0,0,6416015.34,0,0,6416015.34,0,0,5182166.23,0,0,5182166.23,0,0,5182166.23,0,0,5182166.23,0,0,5182166.23,0,0,5182166.23,0,0,5182166.23,0,0,5182166.23,0,0,5182166.23,0,0,5182166.23,0,0,5182166.23,0,0,5182166.23,0,0,5182166.23,0,0,5182166.23,0,0,5182166.23,0,0,5182166.23,0,0,5182166.23,0,0,5182166.23,0,0,5182166.23,0,0,5182166.23,0,0,5182166.23,0,0,5182166.23,0,0,5182166.23,0,0,5182166.23,0,0,5182166.23,0,0,5182166.23,0,0,5182166.23,0,0,5182166.23,0,0,5182166.23,0,0,5182166.23,0,0,6416015.34,0,0,5182166.23,0,0,5182166.23,0,0,5182166.23,0,0,5182166.23,0,0,5182166.23,0,0,5182166.23,0,0,5182166.23
both_sexes,2,Moderna,2021-03-29,any_risk_factors,0,0,0,0,0,0,0,0,0,0,0,0,0,0,0,0,0,0,0,0,0,0,0,0,0,0,0,0,0,0,0,0,0,0,0,0,0,0,0,0,0,0,0,0,0,0,0,0,0,0,4346332.97,0,0,4812011.5,0,0,4346332.97,0,0,4346332.97,0,0,4812011.5,0,0,4812011.5,0,0,4346332.97,0,0,4346332.97,0,0,6416015.34,0,0,6416015.34,0,0,4346332.97,0,0,4346332.97,0,0,4346332.97,0,0,4346332.97,0,0,4346332.97,0,0,4346332.97,0,0,4346332.97,0,0,4346332.97,0,0,4346332.97,0,0,4346332.97,0,0,4346332.97,0,0,4346332.97,0,0,4346332.97,0,0,4346332.97,0,0,4346332.97,0,0,4346332.97,0,0,4346332.97,0,0,4346332.97,0,0,4346332.97,0,0,4346332.97,0,0,4346332.97,0,0,4346332.97,0,0,4346332.97,0,0,4346332.97,0,0,4346332.97,0,0,4346332.97,0,0,4346332.97,0,0,4346332.97,0,0,4346332.97,0,0,4346332.97,0,0,6416015.34,0,0,4346332.97,0,0,4346332.97,0,0,4346332.97,0,0,4346332.97,0,0,4346332.97,0,0,4346332.97,0,0,4346332.97
both_sexes,2,Moderna,2021-04-05,any_risk_factors,0,0,0,0,0,0,0,0,0,0,0,0,0,0,0,0,0,0,0,0,0,0,0,0,0,0,0,0,0,0,0,0,0,0,0,0,0,0,0,0,0,0,0,0,0,0,0,0,0,0,2323040.04,0,0,2641888.67,0,0,2323040.04,0,0,2542194.76,0,0,2929050.48,0,0,2929050.48,0,0,2323040.04,0,0,2323040.04,0,0,3062189.14,0,0,3062189.14,0,0,2323040.04,0,0,2323040.04,0,0,2323040.04,0,0,2323040.04,0,0,2323040.04,0,0,2323040.04,0,0,2542194.76,0,0,2542194.76,0,0,2323040.04,0,0,2323040.04,0,0,2323040.04,0,0,2323040.04,0,0,2323040.04,0,0,2323040.04,0,0,2323040.04,0,0,2323040.04,0,0,2323040.04,0,0,2323040.04,0,0,2323040.04,0,0,2323040.04,0,0,2323040.04,0,0,2323040.04,0,0,2323040.04,0,0,2323040.04,0,0,2323040.04,0,0,2323040.04,0,0,2323040.04,0,0,2323040.04,0,0,2323040.04,0,0,2323040.04,0,0,4346332.97,0,0,2323040.04,0,0,2323040.04,0,0,2323040.04,0,0,2323040.04,0,0,2323040.04,0,0,2323040.04,0,0,2323040.04
both_sexes,2,Moderna,2021-04-12,any_risk_factors,0,0,0,0,0,0,0,0,0,0,0,0,0,0,0,0,0,0,0,0,0,0,0,0,0,0,0,0,0,0,0,0,0,0,0,0,0,0,0,0,0,0,0,0,0,0,0,0,0,0,1497070.25,0,0,1623329.18,0,0,1497070.25,0,0,1820761.11,0,0,1772846.34,0,0,1772846.34,0,0,1497070.25,0,0,1497070.25,0,0,2173166.48,0,0,2173166.48,0,0,1497070.25,0,0,1497070.25,0,0,1497070.25,0,0,1497070.25,0,0,1497070.25,0,0,1497070.25,0,0,1623329.18,0,0,1623329.18,0,0,1497070.25,0,0,1497070.25,0,0,1497070.25,0,0,1497070.25,0,0,1497070.25,0,0,1497070.25,0,0,1497070.25,0,0,1497070.25,0,0,1497070.25,0,0,1497070.25,0,0,1497070.25,0,0,1497070.25,0,0,1497070.25,0,0,1497070.25,0,0,1497070.25,0,0,1497070.25,0,0,1497070.25,0,0,1497070.25,0,0,1497070.25,0,0,1497070.25,0,0,1497070.25,0,0,1497070.25,0,0,3454777.49,0,0,1497070.25,0,0,1497070.25,0,0,1497070.25,0,0,1497070.25,0,0,1497070.25,0,0,1497070.25,0,0,1497070.25
both_sexes,1,AstraZeneca,2021-02-15,any_risk_factors,0,0,0,0,0,0,0,0,0,0,0,0,0,0,0,0,0,0,0,0,0,0,0,0,0,0,0,0,0,0,0,0,0,0,0,0,0,0,0,0,0,0,0,0,0,0,0,0,0,0,7091385.37,0,0,7091385.37,0,0,7091385.37,0,0,7091385.37,0,0,7091385.37,0,0,7091385.37,0,0,7091385.37,0,0,7091385.37,0,0,7091385.37,0,0,7091385.37,0,0,7091385.37,0,0,7091385.37,0,0,7091385.37,0,0,7091385.37,0,0,7091385.37,0,0,7091385.37,0,0,7091385.37,0,0,7091385.37,0,0,7091385.37,0,0,7091385.37,0,0,7091385.37,0,0,7091385.37,0,0,7091385.37,0,0,7091385.37,0,0,7091385.37,0,0,7091385.37,0,0,7091385.37,0,0,7091385.37,0,0,7091385.37,0,0,7091385.37,0,0,7091385.37,0,0,7091385.37,0,0,7091385.37,0,0,7091385.37,0,0,7091385.37,0,0,7091385.37,0,0,7091385.37,0,0,7091385.37,0,0,7091385.37,0,0,7091385.37,0,0,7091385.37,0,0,7091385.37,0,0,7091385.37,0,0,7091385.37,0,0,7091385.37,0,0,7091385.37,0,0,7091385.37,0,0,7091385.37
both_sexes,1,AstraZeneca,2021-02-22,any_risk_factors,0,0,0,0,0,0,0,0,0,0,0,0,0,0,0,0,0,0,0,0,0,0,0,0,0,0,0,0,0,0,0,0,0,0,0,0,0,0,0,0,0,0,0,0,0,0,0,0,0,0,2929050.48,0,0,2929050.48,0,0,2929050.48,0,0,2929050.48,0,0,2929050.48,0,0,2929050.48,0,0,2929050.48,0,0,2929050.48,0,0,2929050.48,0,0,2929050.48,0,0,2929050.48,0,0,2929050.48,0,0,2929050.48,0,0,2929050.48,0,0,2929050.48,0,0,2929050.48,0,0,2929050.48,0,0,2929050.48,0,0,2929050.48,0,0,2929050.48,0,0,2929050.48,0,0,2929050.48,0,0,2929050.48,0,0,2929050.48,0,0,2929050.48,0,0,2929050.48,0,0,2929050.48,0,0,2929050.48,0,0,2929050.48,0,0,2929050.48,0,0,2929050.48,0,0,2929050.48,0,0,2929050.48,0,0,2929050.48,0,0,2929050.48,0,0,2929050.48,0,0,2929050.48,0,0,2929050.48,0,0,2929050.48,0,0,2929050.48,0,0,2929050.48,0,0,2929050.48,0,0,2929050.48,0,0,2929050.48,0,0,2929050.48,0,0,2929050.48,0,0,2929050.48,0,0,2929050.48
both_sexes,1,AstraZeneca,2021-03-01,any_risk_factors,0,0,0,0,0,0,0,0,0,0,0,0,0,0,0,0,0,0,0,0,0,0,0,0,0,0,0,0,0,0,0,0,0,0,0,0,0,0,0,0,0,0,0,0,0,0,0,0,0,0,2208792.16,0,0,2208792.16,0,0,2208792.16,0,0,2208792.16,0,0,2208792.16,0,0,2208792.16,0,0,2208792.16,0,0,2208792.16,0,0,2208792.16,0,0,2208792.16,0,0,2208792.16,0,0,2208792.16,0,0,2208792.16,0,0,2208792.16,0,0,2208792.16,0,0,2208792.16,0,0,2208792.16,0,0,2208792.16,0,0,2208792.16,0,0,2208792.16,0,0,2208792.16,0,0,2208792.16,0,0,2208792.16,0,0,2208792.16,0,0,2208792.16,0,0,2208792.16,0,0,2208792.16,0,0,2208792.16,0,0,2208792.16,0,0,2208792.16,0,0,2208792.16,0,0,2208792.16,0,0,2208792.16,0,0,2208792.16,0,0,2208792.16,0,0,2208792.16,0,0,2208792.16,0,0,2208792.16,0,0,2208792.16,0,0,2208792.16,0,0,2208792.16,0,0,2208792.16,0,0,2208792.16,0,0,2208792.16,0,0,2208792.16,0,0,2208792.16,0,0,2208792.16,0,0,2208792.16
both_sexes,1,AstraZeneca,2021-03-08,any_risk_factors,0,0,0,0,0,0,0,0,0,0,0,0,0,0,0,0,0,0,0,0,0,0,0,0,0,0,0,0,0,0,0,0,0,0,0,0,0,0,0,0,0,0,0,0,0,0,0,0,0,0,1749822.36,0,0,1749822.36,0,0,1749822.36,0,0,1749822.36,0,0,1749822.36,0,0,1749822.36,0,0,1749822.36,0,0,1749822.36,0,0,1749822.36,0,0,1749822.36,0,0,1749822.36,0,0,1749822.36,0,0,1749822.36,0,0,1749822.36,0,0,1749822.36,0,0,1749822.36,0,0,1749822.36,0,0,1749822.36,0,0,1749822.36,0,0,1749822.36,0,0,1749822.36,0,0,1749822.36,0,0,1749822.36,0,0,1749822.36,0,0,1749822.36,0,0,1749822.36,0,0,1749822.36,0,0,1749822.36,0,0,1749822.36,0,0,1749822.36,0,0,1749822.36,0,0,1749822.36,0,0,1749822.36,0,0,1749822.36,0,0,1749822.36,0,0,1749822.36,0,0,1749822.36,0,0,1749822.36,0,0,1749822.36,0,0,1749822.36,0,0,1749822.36,0,0,1749822.36,0,0,1749822.36,0,0,1749822.36,0,0,1749822.36,0,0,1749822.36,0,0,1749822.36,0,0,1749822.36
both_sexes,1,AstraZeneca,2021-03-15,any_risk_factors,0,0,0,0,0,0,0,0,0,0,0,0,0,0,0,0,0,0,0,0,0,0,0,0,0,0,0,0,0,0,0,0,0,0,0,0,0,0,0,0,0,0,0,0,0,0,0,0,0,0,1271097.38,0,0,1271097.38,0,0,1271097.38,0,0,1283203.07,0,0,1271097.38,0,0,1271097.38,0,0,1271097.38,0,0,1374860.43,0,0,1271097.38,0,0,1271097.38,0,0,1271097.38,0,0,1271097.38,0,0,1271097.38,0,0,1271097.38,0,0,1271097.38,0,0,1271097.38,0,0,1271097.38,0,0,1271097.38,0,0,1271097.38,0,0,1271097.38,0,0,1271097.38,0,0,1271097.38,0,0,1271097.38,0,0,1271097.38,0,0,1271097.38,0,0,1271097.38,0,0,1271097.38,0,0,1271097.38,0,0,1271097.38,0,0,1271097.38,0,0,1271097.38,0,0,1271097.38,0,0,1271097.38,0,0,1271097.38,0,0,1271097.38,0,0,1271097.38,0,0,1271097.38,0,0,1271097.38,0,0,1271097.38,0,0,1271097.38,0,0,1389034.25,0,0,1271097.38,0,0,1271097.38,0,0,1271097.38,0,0,1271097.38,0,0,1271097.38,0,0,1271097.38,0,0,1271097.38
both_sexes,1,AstraZeneca,2021-03-22,any_risk_factors,0,0,0,0,0,0,0,0,0,0,0,0,0,0,0,0,0,0,0,0,0,0,0,0,0,0,0,0,0,0,0,0,0,0,0,0,0,0,0,0,0,0,0,0,0,0,0,0,0,0,601501.44,0,0,601501.44,0,0,601501.44,0,0,644671.4,0,0,601501.44,0,0,601501.44,0,0,601501.44,0,0,660472.17,0,0,620904.71,0,0,620904.71,0,0,601501.44,0,0,601501.44,0,0,601501.44,0,0,601501.44,0,0,601501.44,0,0,601501.44,0,0,601501.44,0,0,601501.44,0,0,601501.44,0,0,601501.44,0,0,601501.44,0,0,601501.44,0,0,601501.44,0,0,601501.44,0,0,601501.44,0,0,601501.44,0,0,601501.44,0,0,601501.44,0,0,601501.44,0,0,601501.44,0,0,601501.44,0,0,601501.44,0,0,601501.44,0,0,601501.44,0,0,601501.44,0,0,601501.44,0,0,601501.44,0,0,601501.44,0,0,601501.44,0,0,601501.44,0,0,898242.15,0,0,601501.44,0,0,601501.44,0,0,601501.44,0,0,601501.44,0,0,601501.44,0,0,601501.44,0,0,601501.44
both_sexes,1,AstraZeneca,2021-03-29,any_risk_factors,0,0,0,0,0,0,0,0,0,0,0,0,0,0,0,0,0,0,0,0,0,0,0,0,0,0,0,0,0,0,0,0,0,0,0,0,0,0,0,0,0,0,0,0,0,0,0,0,0,0,294184.11,0,0,294827.84,0,0,294184.11,0,0,308321.1,0,0,294184.11,0,0,296776.04,0,0,296776.04,0,0,311169.34,0,0,308321.1,0,0,308321.1,0,0,294184.11,0,0,294184.11,0,0,294184.11,0,0,294184.11,0,0,294184.11,0,0,294184.11,0,0,294184.11,0,0,294184.11,0,0,294184.11,0,0,294184.11,0,0,294184.11,0,0,294184.11,0,0,294184.11,0,0,294184.11,0,0,294184.11,0,0,294184.11,0,0,294184.11,0,0,294184.11,0,0,294184.11,0,0,294184.11,0,0,294184.11,0,0,294184.11,0,0,294184.11,0,0,294184.11,0,0,294184.11,0,0,294184.11,0,0,294184.11,0,0,294184.11,0,0,294184.11,0,0,294184.11,0,0,598828.1,0,0,294184.11,0,0,294184.11,0,0,294184.11,0,0,296776.04,0,0,294184.11,0,0,296776.04,0,0,294184.11
both_sexes,1,AstraZeneca,2021-04-05,any_risk_factors,0,1,0,0,0,0,0,0,0,0,0,0,0,0,0,0,0,0,0,0,0,0,0,0,0,0,0,0,0,0,0,0,0,0,0,0,0,0,0,0,0,0,0,0,0,0,0,0,0,0,182817.26,50240.72,1271.98,279923.35,0,0,182817.26,0,0,189769.47,0,0,182817.26,0,0,185587.22,0,0,184570.3,0,0,191659.06,0,0,193308.93,0,0,193308.93,0,0,182817.26,0,0,182817.26,0,0,182817.26,0,0,182817.26,0,0,182817.26,0,0,182817.26,0,0,182817.26,0,0,182817.26,0,0,182817.26,0,0,182817.26,0,0,182817.26,0,0,182817.26,0,0,182817.26,0,0,182817.26,0,0,182817.26,0,0,182817.26,0,0,182817.26,0,0,182817.26,0,0,182817.26,0,0,182817.26,0,0,182817.26,0,0,182817.26,0,0,182817.26,0,0,184317.81,0,0,184317.81,0,0,182817.26,0,0,182817.26,0,0,182817.26,0,0,182817.26,0,0,182817.26,0,0,425035.72,0,0,182817.26,0,0,182817.26,0,0,182817.26,0,0,184570.3,0,0,184317.81,0,0,186099.89,0,0,182817.26
both_sexes,1,AstraZeneca,2021-04-12,any_risk_factors,0,0,0,0,0,0,0,0,0,0,0,0,0,0,0,0,0,0,0,0,0,0,0,0,0,0,0,0,0,0,0,0,0,0,0,0,0,1,0,0,0,0,0,0,0,0,0,0,0,0,159262.79,0,0,161942.69,0,0,159262.79,0,0,164714.33,0,0,159262.79,0,0,161942.69,0,0,160591.56,0,0,167582.49,0,0,167582.49,0,0,167582.49,0,0,159262.79,0,0,159262.79,0,0,159262.79,0,0,159262.79,0,0,159262.79,0,0,159262.79,0,0,159262.79,0,0,159262.79,0,0,159262.79,0,0,159262.79,0,0,159262.79,0,0,159262.79,0,0,159262.79,0,0,159262.79,0,0,159262.79,0,0,159262.79,0,0,159262.79,0,0,159262.79,0,0,159262.79,0,0,159262.79,0,0,159262.79,0,0,159262.79,0,0,159262.79,0,0,160591.56,0,0,160591.56,0,0,159262.79,0,0,159262.79,0,0,159262.79,0,0,159262.79,0,0,159262.79,102310.92,2590.29,570039.99,0,0,159262.79,0,0,159262.79,0,0,159262.79,0,0,160591.56,0,0,160591.56,0,0,161942.69,0,0,159262.79
both_sexes,1,AstraZeneca,2021-04-19,any_risk_factors,0,0,0,0,0,0,0,0,0,0,0,0,0,0,0,0,0,0,0,0,0,0,0,0,0,0,0,0,0,0,0,0,0,0,0,0,0,0,0,0,0,0,0,0,0,0,0,0,0,0,151730.09,0,0,154160.55,0,0,151730.09,0,0,156670.14,0,0,151730.09,0,0,154160.55,0,0,152935.67,0,0,159262.79,0,0,159262.79,0,0,159262.79,0,0,151730.09,0,0,151730.09,0,0,151730.09,0,0,151730.09,0,0,151730.09,0,0,151730.09,0,0,151730.09,0,0,151730.09,0,0,151730.09,0,0,151730.09,0,0,151730.09,0,0,151730.09,0,0,151730.09,0,0,151730.09,0,0,151730.09,0,0,151730.09,0,0,151730.09,0,0,151730.09,0,0,151730.09,0,0,151730.09,0,0,151730.09,0,0,151730.09,0,0,151730.09,0,0,152935.67,0,0,152935.67,0,0,151730.09,0,0,151730.09,0,0,151730.09,0,0,151730.09,0,0,151730.09,0,0,358341.28,0,0,151730.09,0,0,151730.09,0,0,151730.09,0,0,152935.67,0,0,152935.67,0,0,154160.55,0,0,151730.09
both_sexes,1,AstraZeneca,2021-04-26,any_risk_factors,0,0,0,0,0,0,0,0,0,0,0,0,0,0,0,0,0,0,0,0,0,0,0,0,0,0,0,0,0,0,0,0,0,0,0,0,0,2,0,0,0,0,0,0,0,0,0,0,0,0,145660.89,0,0,147899.37,0,0,145660.89,0,0,150207.72,0,0,146134.84,0,0,148388.02,0,0,147252.81,0,0,153109.46,0,0,152589.27,0,0,152589.27,0,0,145660.89,0,0,145660.89,0,0,145660.89,0,0,145660.89,0,0,145660.89,0,0,145660.89,0,0,145660.89,0,0,145660.89,0,0,145660.89,0,0,145660.89,0,0,145660.89,0,0,145660.89,0,0,145660.89,0,0,145660.89,0,0,145660.89,0,0,145660.89,0,0,145660.89,0,0,145660.89,0,0,145660.89,0,0,145660.89,0,0,145660.89,0,0,145660.89,0,0,145660.89,0,0,146771.59,0,0,146771.59,0,0,145660.89,0,0,145660.89,0,0,145660.89,0,0,145660.89,0,0,145660.89,192744.06,23342.2,696257.83,0,0,145660.89,0,0,145660.89,0,0,145660.89,0,0,147252.81,0,0,146771.59,0,0,148388.02,0,0,145660.89
both_sexes,1,AstraZeneca,2021-05-03,any_risk_factors,0,0,0,0,0,0,0,0,0,0,0,0,0,0,0,0,0,0,0,0,0,0,0,0,0,0,0,0,0,0,0,0,0,0,0,0,0,0,0,0,0,0,0,0,0,0,0,0,0,0,121713.03,0,0,123272.02,0,0,121713.03,0,0,124871.48,0,0,123159.34,0,0,124755.85,0,0,123272.02,0,0,127350.02,0,0,126512.98,0,0,126512.98,0,0,121713.03,0,0,121713.03,0,0,121713.03,0,0,121713.03,0,0,121713.03,0,0,121713.03,0,0,121713.03,0,0,121713.03,0,0,121713.03,0,0,121713.03,0,0,121713.03,0,0,121713.03,0,0,121713.03,0,0,121713.03,0,0,121713.03,0,0,121713.03,0,0,121713.03,0,0,121713.03,0,0,121713.03,0,0,121713.03,0,0,121713.03,0,0,121713.03,0,0,121713.03,0,0,122487.57,0,0,122487.57,0,0,121713.03,0,0,121713.03,0,0,121713.03,0,0,121713.03,0,0,121713.03,0,0,323108.69,0,0,121713.03,0,0,121713.03,0,0,121713.03,0,0,123272.02,0,0,122487.57,0,0,124066.59,0,0,121713.03
both_sexes,1,AstraZeneca,2021-05-10,any_risk_factors,0,0,0,0,0,0,0,0,0,0,0,0,0,0,0,0,0,0,0,0,0,0,0,0,0,0,0,0,0,0,0,0,0,0,0,0,0,2,0,0,0,0,0,0,0,0,0,0,0,0,117468.46,0,0,118919.97,0,0,117468.46,0,0,120407.79,0,0,118189.76,0,0,119659.26,0,0,118189.76,0,0,121933.32,0,0,121933.32,0,0,121933.32,0,0,117468.46,0,0,117468.46,0,0,117468.46,0,0,117468.46,0,0,117468.46,0,0,117468.46,0,0,117468.46,0,0,117468.46,0,0,117468.46,0,0,117468.46,0,0,117468.46,0,0,117468.46,0,0,117468.46,0,0,117468.46,0,0,117468.46,0,0,117468.46,0,0,117468.46,0,0,117468.46,0,0,117468.46,0,0,117468.46,0,0,117468.46,0,0,117468.46,0,0,117468.46,0,0,118189.76,0,0,118189.76,0,0,117468.46,0,0,117468.46,0,0,117468.46,0,0,117468.46,0,0,117468.46,170279.72,20621.66,615108.9,0,0,117468.46,0,0,117468.46,0,0,117468.46,0,0,118189.76,0,0,118189.76,0,0,118919.97,0,0,117468.46
both_sexes,1,AstraZeneca,2021-05-17,any_risk_factors,0,0,0,0,0,0,0,0,0,0,0,0,0,0,0,0,0,0,0,0,0,0,0,0,0,0,0,0,0,0,0,0,0,0,0,0,0,1,0,0,0,0,0,0,0,0,0,0,0,0,110168.7,0,0,111444.44,0,0,110168.7,0,0,112750.06,0,0,110802.9,0,0,112093.45,0,0,110802.9,0,0,114086.64,0,0,114086.64,0,0,114086.64,0,0,110168.7,0,0,110168.7,0,0,110168.7,0,0,110168.7,0,0,110168.7,0,0,110168.7,0,0,110168.7,0,0,110168.7,0,0,110168.7,0,0,110168.7,0,0,110168.7,0,0,110168.7,0,0,110168.7,0,0,110168.7,0,0,110168.7,0,0,110168.7,0,0,110168.7,0,0,110168.7,0,0,110168.7,0,0,110168.7,0,0,110168.7,0,0,110168.7,0,0,110168.7,0,0,110802.9,0,0,110802.9,0,0,110168.7,0,0,110168.7,0,0,110168.7,0,0,110168.7,0,0,110168.7,84941.86,2150.54,473265.76,0,0,110168.7,0,0,110168.7,0,0,110168.7,0,0,110802.9,0,0,110802.9,0,0,111444.44,0,0,110168.7
both_sexes,1,AstraZeneca,2021-05-24,any_risk_factors,0,0,0,0,0,0,0,0,0,0,0,0,0,0,0,0,0,0,0,0,0,0,0,0,0,0,0,0,0,0,0,0,0,0,0,0,0,1,0,0,0,0,0,0,0,0,0,0,0,0,109541.73,0,0,110802.9,0,0,109541.73,0,0,112093.45,0,0,110168.7,0,0,111444.44,0,0,110168.7,0,0,113414.41,0,0,113414.41,0,0,113414.41,0,0,109541.73,0,0,109541.73,0,0,109541.73,0,0,109541.73,0,0,109541.73,0,0,109541.73,0,0,109541.73,0,0,109541.73,0,0,109541.73,0,0,109541.73,0,0,109541.73,0,0,109541.73,0,0,109541.73,0,0,109541.73,0,0,109541.73,0,0,109541.73,0,0,109541.73,0,0,109541.73,0,0,109541.73,0,0,109541.73,0,0,109541.73,0,0,109541.73,0,0,109541.73,0,0,110168.7,0,0,110168.7,0,0,109541.73,0,0,109541.73,0,0,109541.73,0,0,109541.73,0,0,109541.73,87589.93,2217.58,488019.84,0,0,109541.73,0,0,109541.73,0,0,109541.73,0,0,110168.7,0,0,110168.7,0,0,110802.9,0,0,109541.73
both_sexes,1,AstraZeneca,2021-05-31,any_risk_factors,0,0,0,0,0,0,0,0,0,0,0,0,0,0,0,0,0,0,0,0,0,0,0,0,0,0,0,0,0,0,0,0,0,0,0,0,0,2,0,0,0,0,0,0,0,0,0,0,0,0,108658.32,0,0,109899.12,0,0,108658.32,0,0,111168.58,0,0,109275.2,0,0,110530.21,0,0,109275.2,0,0,112939.08,0,0,112467.71,0,0,112467.71,0,0,108658.32,0,0,108658.32,0,0,108658.32,0,0,108658.32,0,0,108658.32,0,0,108658.32,0,0,108658.32,0,0,108658.32,0,0,108658.32,0,0,108658.32,0,0,108658.32,0,0,108658.32,0,0,108658.32,0,0,108658.32,0,0,108658.32,0,0,108658.32,0,0,108658.32,0,0,108658.32,0,0,108658.32,0,0,108658.32,0,0,108658.32,0,0,108658.32,0,0,108658.32,0,0,109275.2,0,0,109275.2,0,0,108658.32,0,0,108658.32,0,0,108658.32,0,0,108658.32,0,0,108658.32,177737.23,21524.8,642047.97,0,0,108658.32,0,0,108658.32,0,0,108658.32,0,0,109275.2,0,0,109275.2,0,0,109899.12,0,0,108658.32
both_sexes,1,AstraZeneca,2021-06-07,any_risk_factors,0,0,0,0,0,0,0,0,0,0,0,0,0,0,0,0,0,0,0,0,0,0,0,0,0,0,0,0,0,0,0,0,0,0,0,0,0,1,0,0,0,0,0,0,0,0,0,0,0,0,111352.33,0,0,112655.79,0,0,111352.33,0,0,113990.12,0,0,112000.27,0,0,113319.03,0,0,112000.27,0,0,115356.44,0,0,115356.44,0,0,115356.44,0,0,111352.33,0,0,111352.33,0,0,111352.33,0,0,111352.33,0,0,111352.33,0,0,111352.33,0,0,111352.33,0,0,111352.33,0,0,111352.33,0,0,111352.33,0,0,111352.33,0,0,111352.33,0,0,111352.33,0,0,111352.33,0,0,111352.33,0,0,111352.33,0,0,111352.33,0,0,111352.33,0,0,111352.33,0,0,111352.33,0,0,111352.33,0,0,111352.33,0,0,111352.33,0,0,112000.27,0,0,112000.27,0,0,111352.33,0,0,111352.33,0,0,111352.33,0,0,111352.33,0,0,111352.33,95866.14,2427.12,534131.95,0,0,111352.33,0,0,111352.33,0,0,111352.33,0,0,112000.27,0,0,112000.27,0,0,112655.79,0,0,111352.33
both_sexes,1,AstraZeneca,2021-06-14,any_risk_factors,0,0,0,0,0,0,0,1,0,0,0,0,0,0,0,0,0,0,0,0,0,0,0,0,0,0,0,0,0,0,0,0,0,0,0,0,0,1,0,0,0,0,0,0,0,0,0,0,0,0,123611.3,0,0,125219.63,0,0,123611.3,0,0,125336.11,0,0,124410.27,0,0,126039.59,0,0,124410.27,34490.08,873.21,192166.45,0,0,127470.5,0,0,127470.5,0,0,123611.3,0,0,123611.3,0,0,123611.3,0,0,123611.3,0,0,123611.3,0,0,123611.3,0,0,123611.3,0,0,123611.3,0,0,123611.3,0,0,123611.3,0,0,123611.3,0,0,123611.3,0,0,123611.3,0,0,123611.3,0,0,123611.3,0,0,123611.3,0,0,123611.3,0,0,123611.3,0,0,123611.3,0,0,123611.3,0,0,123611.3,0,0,123611.3,0,0,123611.3,0,0,124410.27,0,0,124410.27,0,0,123611.3,0,0,123611.3,0,0,123611.3,0,0,123611.3,0,0,123611.3,109684.68,2776.98,611123.95,0,0,123611.3,0,0,123611.3,0,0,123611.3,0,0,124410.27,0,0,124410.27,0,0,125219.63,0,0,123611.3
both_sexes,1,AstraZeneca,2021-06-21,any_risk_factors,0,0,0,0,0,0,0,0,0,0,0,0,0,0,0,0,0,0,0,0,0,0,0,0,0,0,0,0,0,0,0,0,0,0,0,0,0,0,0,0,0,0,0,0,0,0,0,0,0,0,155584.67,0,0,157218.58,0,0,155584.67,0,0,156670.14,0,0,156852.53,0,0,158513.32,0,0,155764.53,0,0,160591.56,0,0,159262.79,0,0,159262.79,0,0,155584.67,0,0,155584.67,0,0,155584.67,0,0,155584.67,0,0,155584.67,0,0,155584.67,0,0,155584.67,0,0,155584.67,0,0,155584.67,0,0,155584.67,0,0,155584.67,0,0,155584.67,0,0,155584.67,0,0,155584.67,0,0,155584.67,0,0,155584.67,0,0,155584.67,0,0,155584.67,0,0,155584.67,0,0,155584.67,0,0,155584.67,0,0,155584.67,0,0,155584.67,0,0,156852.53,0,0,156852.53,0,0,155584.67,0,0,155584.67,0,0,155584.67,0,0,155584.67,0,0,155584.67,0,0,486412.72,0,0,155584.67,0,0,155584.67,0,0,155584.67,0,0,155764.53,0,0,156852.53,0,0,157035.34,0,0,155584.67
both_sexes,1,AstraZeneca,2021-06-28,any_risk_factors,0,0,0,0,0,0,0,0,0,0,0,0,0,0,0,0,0,0,0,0,0,0,0,0,0,0,0,0,0,0,0,0,0,0,0,0,0,0,0,0,0,0,0,0,0,0,0,0,0,0,469464.54,0,0,474423.67,0,0,469464.54,0,0,469464.54,0,0,474423.67,0,0,479488.69,0,0,469464.54,0,0,482925.89,0,0,474423.67,0,0,474423.67,0,0,469464.54,0,0,469464.54,0,0,469464.54,0,0,469464.54,0,0,469464.54,0,0,469464.54,0,0,469464.54,0,0,469464.54,0,0,469464.54,0,0,469464.54,0,0,469464.54,0,0,469464.54,0,0,469464.54,0,0,469464.54,0,0,469464.54,0,0,469464.54,0,0,469464.54,0,0,469464.54,0,0,469464.54,0,0,469464.54,0,0,469464.54,0,0,469464.54,0,0,469464.54,0,0,472759.02,0,0,472759.02,0,0,469464.54,0,0,469464.54,0,0,469464.54,0,0,469464.54,0,0,469464.54,0,0,1403503.35,0,0,469464.54,0,0,469464.54,0,0,469464.54,0,0,469464.54,0,0,472759.02,0,0,472759.02,0,0,469464.54
both_sexes,1,AstraZeneca,2021-02-08,any_risk_factors,0,0,0,0,0,0,0,0,0,0,0,0,0,0,0,0,0,0,0,0,0,0,0,0,0,0,0,0,0,0,0,0,0,0,0,0,0,0,0,0,0,0,0,0,0,0,0,0,0,0,134736322.06,0,0,134736322.06,0,0,134736322.06,0,0,134736322.06,0,0,134736322.06,0,0,134736322.06,0,0,134736322.06,0,0,134736322.06,0,0,134736322.06,0,0,134736322.06,0,0,134736322.06,0,0,134736322.06,0,0,134736322.06,0,0,134736322.06,0,0,134736322.06,0,0,134736322.06,0,0,134736322.06,0,0,134736322.06,0,0,134736322.06,0,0,134736322.06,0,0,134736322.06,0,0,134736322.06,0,0,134736322.06,0,0,134736322.06,0,0,134736322.06,0,0,134736322.06,0,0,134736322.06,0,0,134736322.06,0,0,134736322.06,0,0,134736322.06,0,0,134736322.06,0,0,134736322.06,0,0,134736322.06,0,0,134736322.06,0,0,134736322.06,0,0,134736322.06,0,0,134736322.06,0,0,134736322.06,0,0,134736322.06,0,0,134736322.06,0,0,134736322.06,0,0,134736322.06,0,0,134736322.06,0,0,134736322.06,0,0,134736322.06,0,0,134736322.06,0,0,134736322.06,0,0,134736322.06
both_sexes,1,Pfizer,2021-01-11,any_risk_factors,0,0,0,0,0,0,0,0,0,0,0,0,0,0,0,0,0,0,0,0,0,0,0,0,0,0,0,0,0,0,0,0,0,0,0,0,0,0,0,0,0,0,0,0,0,0,0,0,0,0,892293.52,0,0,892293.52,0,0,892293.52,0,0,983476.8,0,0,892293.52,0,0,983476.8,0,0,935668.9,0,0,942212.04,0,0,942212.04,0,0,942212.04,0,0,892293.52,0,0,892293.52,0,0,892293.52,0,0,892293.52,0,0,892293.52,0,0,892293.52,0,0,935668.9,0,0,935668.9,0,0,892293.52,0,0,892293.52,0,0,892293.52,0,0,892293.52,0,0,892293.52,0,0,892293.52,0,0,892293.52,0,0,892293.52,0,0,892293.52,0,0,892293.52,0,0,892293.52,0,0,892293.52,0,0,892293.52,0,0,892293.52,0,0,892293.52,0,0,892293.52,0,0,892293.52,0,0,892293.52,0,0,892293.52,0,0,892293.52,0,0,892293.52,0,0,892293.52,0,0,2138671.78,0,0,892293.52,0,0,892293.52,0,0,892293.52,0,0,935668.9,0,0,892293.52,0,0,935668.9,0,0,892293.52
both_sexes,1,Pfizer,2021-01-18,any_risk_factors,0,0,0,0,0,0,0,0,0,0,0,0,0,0,0,0,0,0,0,0,0,0,0,0,0,0,0,0,0,0,0,0,0,0,0,0,0,0,0,0,0,0,0,0,0,0,0,0,0,0,728304.44,0,0,728304.44,0,0,728304.44,0,0,787931.71,0,0,728304.44,0,0,787931.71,0,0,756945.63,0,0,787931.71,0,0,787931.71,0,0,787931.71,0,0,728304.44,0,0,728304.44,0,0,728304.44,0,0,728304.44,0,0,728304.44,0,0,728304.44,0,0,756945.63,0,0,756945.63,0,0,728304.44,0,0,728304.44,0,0,728304.44,0,0,728304.44,0,0,728304.44,0,0,728304.44,0,0,728304.44,0,0,728304.44,0,0,728304.44,0,0,728304.44,0,0,728304.44,0,0,728304.44,0,0,728304.44,0,0,728304.44,0,0,728304.44,0,0,728304.44,0,0,728304.44,0,0,728304.44,0,0,728304.44,0,0,728304.44,0,0,728304.44,0,0,728304.44,0,0,1772846.34,0,0,728304.44,0,0,728304.44,0,0,728304.44,0,0,756945.63,0,0,728304.44,0,0,756945.63,0,0,728304.44
both_sexes,1,Pfizer,2021-01-25,any_risk_factors,0,0,0,0,0,0,0,0,0,0,0,0,0,0,0,0,0,0,0,0,0,0,0,0,0,0,0,0,0,0,0,0,0,0,0,0,0,0,0,0,0,0,0,0,0,0,0,0,0,0,948847.34,0,0,948847.34,0,0,948847.34,0,0,1020729.71,0,0,948847.34,0,0,976350.16,0,0,998046.83,0,0,1052627.52,0,0,1052627.52,0,0,1052627.52,0,0,948847.34,0,0,948847.34,0,0,948847.34,0,0,948847.34,0,0,948847.34,0,0,948847.34,0,0,998046.83,0,0,998046.83,0,0,948847.34,0,0,948847.34,0,0,948847.34,0,0,948847.34,0,0,948847.34,0,0,948847.34,0,0,948847.34,0,0,948847.34,0,0,948847.34,0,0,948847.34,0,0,948847.34,0,0,948847.34,0,0,948847.34,0,0,948847.34,0,0,948847.34,0,0,948847.34,0,0,948847.34,0,0,948847.34,0,0,948847.34,0,0,948847.34,0,0,948847.34,0,0,948847.34,0,0,2041459.43,0,0,948847.34,0,0,948847.34,0,0,948847.34,0,0,998046.83,0,0,948847.34,0,0,998046.83,0,0,948847.34
both_sexes,1,Pfizer,2021-02-01,any_risk_factors,0,0,0,0,0,0,0,0,0,0,0,0,0,0,0,0,0,0,0,0,0,0,0,0,0,0,0,0,0,0,0,0,0,0,0,0,0,0,0,0,0,0,0,0,0,0,0,0,0,0,1981416.5,0,0,1981416.5,0,0,1981416.5,0,0,2208792.16,0,0,1981416.5,0,0,2072866.49,0,0,2105255.03,0,0,2363795.12,0,0,2641888.67,0,0,2641888.67,0,0,1981416.5,0,0,1981416.5,0,0,1981416.5,0,0,1981416.5,0,0,1981416.5,0,0,1981416.5,0,0,2105255.03,0,0,2105255.03,0,0,1981416.5,0,0,1981416.5,0,0,1981416.5,0,0,1981416.5,0,0,1981416.5,0,0,1981416.5,0,0,1981416.5,0,0,1981416.5,0,0,1981416.5,0,0,1981416.5,0,0,1981416.5,0,0,2072866.49,0,0,2072866.49,0,0,1981416.5,0,0,1981416.5,0,0,1981416.5,0,0,1981416.5,0,0,1981416.5,0,0,1981416.5,0,0,1981416.5,0,0,1981416.5,0,0,1981416.5,0,0,5389452.88,0,0,1981416.5,0,0,1981416.5,0,0,1981416.5,0,0,2208792.16,0,0,1981416.5,0,0,2208792.16,0,0,1981416.5
both_sexes,1,Pfizer,2021-02-15,any_risk_factors,0,0,0,0,0,0,0,0,0,0,0,0,0,0,0,0,0,0,0,0,0,0,0,0,0,0,0,0,0,0,0,0,0,0,0,0,0,0,0,0,0,0,0,0,0,0,0,0,0,0,2495117.08,0,0,2495117.08,0,0,2495117.08,0,0,3133402.84,0,0,2495117.08,0,0,3368408.05,0,0,2866730.26,0,0,3368408.05,0,0,4082918.85,0,0,4082918.85,0,0,2495117.08,0,0,2495117.08,0,0,2495117.08,0,0,2495117.08,0,0,2495117.08,0,0,2495117.08,0,0,2495117.08,0,0,2495117.08,0,0,2495117.08,0,0,2495117.08,0,0,2495117.08,0,0,2495117.08,0,0,2495117.08,0,0,2495117.08,0,0,2495117.08,0,0,2495117.08,0,0,2495117.08,0,0,2495117.08,0,0,2495117.08,0,0,2866730.26,0,0,2866730.26,0,0,2495117.08,0,0,2495117.08,0,0,2495117.08,0,0,2495117.08,0,0,2495117.08,0,0,2495117.08,0,0,2495117.08,0,0,2495117.08,0,0,2495117.08,0,0,7091385.37,0,0,2495117.08,0,0,2495117.08,0,0,2495117.08,0,0,3368408.05,0,0,2495117.08,0,0,3368408.05,0,0,2495117.08
both_sexes,1,Pfizer,2021-02-22,any_risk_factors,0,0,0,0,0,0,0,0,0,0,0,0,0,0,0,0,0,0,0,0,0,0,0,0,0,0,0,0,0,0,0,0,0,0,0,0,0,0,0,0,0,0,0,0,0,0,0,0,0,0,1389034.25,0,0,1389034.25,0,0,1389034.25,0,0,1643125.88,0,0,1389034.25,0,0,1623329.18,0,0,1497070.25,0,0,1705523.06,0,0,1796484.29,0,0,1796484.29,0,0,1389034.25,0,0,1389034.25,0,0,1389034.25,0,0,1389034.25,0,0,1389034.25,0,0,1389034.25,0,0,1389034.25,0,0,1389034.25,0,0,1389034.25,0,0,1389034.25,0,0,1389034.25,0,0,1389034.25,0,0,1389034.25,0,0,1389034.25,0,0,1389034.25,0,0,1389034.25,0,0,1433365.13,0,0,1389034.25,0,0,1389034.25,0,0,1497070.25,0,0,1548693.36,0,0,1389034.25,0,0,1389034.25,0,0,1389034.25,0,0,1389034.25,0,0,1389034.25,0,0,1389034.25,0,0,1389034.25,0,0,1389034.25,0,0,1389034.25,0,0,3208007.67,0,0,1389034.25,0,0,1433365.13,0,0,1389034.25,0,0,1623329.18,0,0,1389034.25,0,0,1623329.18,0,0,1389034.25
both_sexes,2,AstraZeneca,2021-05-10,any_risk_factors,0,0,0,0,0,0,0,0,0,0,0,0,0,0,0,0,0,0,0,0,0,0,0,0,0,0,0,0,0,0,0,0,0,0,0,0,0,0,0,0,0,0,0,0,0,0,0,0,0,0,10364332.47,0,0,10364332.47,0,0,10364332.47,0,0,10364332.47,0,0,10364332.47,0,0,10364332.47,0,0,10364332.47,0,0,10364332.47,0,0,10364332.47,0,0,10364332.47,0,0,10364332.47,0,0,10364332.47,0,0,10364332.47,0,0,10364332.47,0,0,10364332.47,0,0,10364332.47,0,0,10364332.47,0,0,10364332.47,0,0,10364332.47,0,0,10364332.47,0,0,10364332.47,0,0,10364332.47,0,0,10364332.47,0,0,10364332.47,0,0,10364332.47,0,0,10364332.47,0,0,10364332.47,0,0,10364332.47,0,0,10364332.47,0,0,10364332.47,0,0,10364332.47,0,0,10364332.47,0,0,10364332.47,0,0,10364332.47,0,0,10364332.47,0,0,10364332.47,0,0,10364332.47,0,0,10364332.47,0,0,10364332.47,0,0,10364332.47,0,0,10364332.47,0,0,10364332.47,0,0,10364332.47,0,0,10364332.47,0,0,10364332.47,0,0,10364332.47,0,0,10364332.47,0,0,10364332.47
both_sexes,2,AstraZeneca,2021-05-17,any_risk_factors,0,0,0,0,0,0,0,0,0,0,0,0,0,0,0,0,0,0,0,0,0,0,0,0,0,0,0,0,0,0,0,0,0,0,0,0,0,0,0,0,0,0,0,0,0,0,0,0,0,0,4082918.85,0,0,4082918.85,0,0,4082918.85,0,0,4082918.85,0,0,4082918.85,0,0,4082918.85,0,0,4082918.85,0,0,4082918.85,0,0,4082918.85,0,0,4082918.85,0,0,4082918.85,0,0,4082918.85,0,0,4082918.85,0,0,4082918.85,0,0,4082918.85,0,0,4082918.85,0,0,4082918.85,0,0,4082918.85,0,0,4082918.85,0,0,4082918.85,0,0,4082918.85,0,0,4082918.85,0,0,4082918.85,0,0,4082918.85,0,0,4082918.85,0,0,4082918.85,0,0,4082918.85,0,0,4082918.85,0,0,4082918.85,0,0,4082918.85,0,0,4082918.85,0,0,4082918.85,0,0,4082918.85,0,0,4082918.85,0,0,4082918.85,0,0,4082918.85,0,0,4082918.85,0,0,4082918.85,0,0,4082918.85,0,0,4082918.85,0,0,4082918.85,0,0,4082918.85,0,0,4082918.85,0,0,4082918.85,0,0,4082918.85,0,0,4082918.85,0,0,4082918.85,0,0,4082918.85
both_sexes,2,AstraZeneca,2021-05-24,any_risk_factors,0,0,0,0,0,0,0,0,0,0,0,0,0,0,0,0,0,0,0,0,0,0,0,0,0,0,0,0,0,0,0,0,0,0,0,0,0,0,0,0,0,0,0,0,0,0,0,0,0,0,2866730.26,0,0,2866730.26,0,0,2866730.26,0,0,2866730.26,0,0,2866730.26,0,0,2866730.26,0,0,2866730.26,0,0,2866730.26,0,0,2866730.26,0,0,2866730.26,0,0,2866730.26,0,0,2866730.26,0,0,2866730.26,0,0,2866730.26,0,0,2866730.26,0,0,2866730.26,0,0,2866730.26,0,0,2866730.26,0,0,2866730.26,0,0,2866730.26,0,0,2866730.26,0,0,2866730.26,0,0,2866730.26,0,0,2866730.26,0,0,2866730.26,0,0,2866730.26,0,0,2866730.26,0,0,2866730.26,0,0,2866730.26,0,0,2866730.26,0,0,2866730.26,0,0,2866730.26,0,0,2866730.26,0,0,2866730.26,0,0,2866730.26,0,0,2866730.26,0,0,2866730.26,0,0,2866730.26,0,0,2866730.26,0,0,2866730.26,0,0,2866730.26,0,0,2866730.26,0,0,2866730.26,0,0,2866730.26,0,0,2866730.26,0,0,2866730.26,0,0,2866730.26,0,0,2866730.26
both_sexes,2,AstraZeneca,2021-05-31,any_risk_factors,0,0,0,0,0,0,0,0,0,0,0,0,0,0,0,0,0,0,0,0,0,0,0,0,0,0,0,0,0,0,0,0,0,0,0,0,0,0,0,0,0,0,0,0,0,0,0,0,0,0,2072866.49,0,0,2072866.49,0,0,2072866.49,0,0,2072866.49,0,0,2072866.49,0,0,2072866.49,0,0,2072866.49,0,0,2105255.03,0,0,2072866.49,0,0,2072866.49,0,0,2072866.49,0,0,2072866.49,0,0,2072866.49,0,0,2072866.49,0,0,2072866.49,0,0,2072866.49,0,0,2072866.49,0,0,2072866.49,0,0,2072866.49,0,0,2072866.49,0,0,2072866.49,0,0,2072866.49,0,0,2072866.49,0,0,2072866.49,0,0,2072866.49,0,0,2072866.49,0,0,2072866.49,0,0,2072866.49,0,0,2072866.49,0,0,2072866.49,0,0,2072866.49,0,0,2072866.49,0,0,2072866.49,0,0,2072866.49,0,0,2072866.49,0,0,2072866.49,0,0,2072866.49,0,0,2072866.49,0,0,2072866.49,0,0,2072866.49,0,0,2072866.49,0,0,2072866.49,0,0,2072866.49,0,0,2072866.49,0,0,2072866.49,0,0,2072866.49,0,0,2072866.49,0,0,2072866.49
both_sexes,2,AstraZeneca,2021-06-07,any_risk_factors,0,0,0,0,0,0,0,0,0,0,0,0,0,0,0,0,0,0,0,0,0,0,0,0,0,0,0,0,0,0,0,0,0,0,0,0,0,0,0,0,0,0,0,0,0,0,0,0,0,0,1360972.95,0,0,1360972.95,0,0,1360972.95,0,0,1360972.95,0,0,1360972.95,0,0,1360972.95,0,0,1360972.95,0,0,1464525.24,0,0,1360972.95,0,0,1360972.95,0,0,1360972.95,0,0,1360972.95,0,0,1360972.95,0,0,1360972.95,0,0,1360972.95,0,0,1360972.95,0,0,1360972.95,0,0,1360972.95,0,0,1360972.95,0,0,1360972.95,0,0,1360972.95,0,0,1360972.95,0,0,1360972.95,0,0,1360972.95,0,0,1360972.95,0,0,1360972.95,0,0,1360972.95,0,0,1360972.95,0,0,1360972.95,0,0,1360972.95,0,0,1360972.95,0,0,1360972.95,0,0,1360972.95,0,0,1360972.95,0,0,1360972.95,0,0,1360972.95,0,0,1360972.95,0,0,1360972.95,0,0,1360972.95,0,0,1360972.95,0,0,1531094.57,0,0,1360972.95,0,0,1360972.95,0,0,1360972.95,0,0,1360972.95,0,0,1360972.95,0,0,1360972.95,0,0,1360972.95
both_sexes,2,AstraZeneca,2021-06-14,any_risk_factors,0,0,0,0,0,0,0,0,0,0,0,0,0,0,0,0,0,0,0,0,0,0,0,0,0,0,0,0,0,0,0,0,0,0,0,0,0,0,0,0,0,0,0,0,0,0,0,0,0,0,615234.35,0,0,615234.35,0,0,615234.35,0,0,654059.82,0,0,615234.35,0,0,615234.35,0,0,615234.35,0,0,670329.96,0,0,641601.53,0,0,641601.53,0,0,615234.35,0,0,615234.35,0,0,615234.35,0,0,615234.35,0,0,615234.35,0,0,615234.35,0,0,615234.35,0,0,615234.35,0,0,615234.35,0,0,615234.35,0,0,615234.35,0,0,615234.35,0,0,615234.35,0,0,615234.35,0,0,615234.35,0,0,615234.35,0,0,615234.35,0,0,615234.35,0,0,615234.35,0,0,615234.35,0,0,615234.35,0,0,615234.35,0,0,615234.35,0,0,615234.35,0,0,615234.35,0,0,615234.35,0,0,615234.35,0,0,615234.35,0,0,615234.35,0,0,615234.35,0,0,1060915.92,0,0,615234.35,0,0,615234.35,0,0,615234.35,0,0,615234.35,0,0,615234.35,0,0,615234.35,0,0,615234.35
both_sexes,2,AstraZeneca,2021-06-21,any_risk_factors,0,0,0,0,0,0,0,0,0,0,0,0,0,0,0,0,0,0,0,0,0,0,0,0,0,0,0,0,0,0,0,0,0,0,0,0,0,1,0,0,0,0,0,0,0,0,0,0,0,0,305524.54,0,0,309028.26,0,0,305524.54,0,0,321566.4,0,0,305524.54,0,0,309028.26,0,0,309738.67,0,0,327029.91,0,0,321566.4,0,0,321566.4,0,0,305524.54,0,0,305524.54,0,0,305524.54,0,0,305524.54,0,0,305524.54,0,0,305524.54,0,0,305524.54,0,0,305524.54,0,0,305524.54,0,0,305524.54,0,0,305524.54,0,0,305524.54,0,0,305524.54,0,0,305524.54,0,0,305524.54,0,0,305524.54,0,0,305524.54,0,0,305524.54,0,0,305524.54,0,0,305524.54,0,0,305524.54,0,0,305524.54,0,0,305524.54,0,0,305524.54,0,0,305524.54,0,0,305524.54,0,0,305524.54,0,0,305524.54,0,0,305524.54,0,0,305524.54,208714.29,5284.19,1162881.57,0,0,305524.54,0,0,305524.54,0,0,305524.54,0,0,309738.67,0,0,305524.54,0,0,309738.67,0,0,305524.54
both_sexes,2,AstraZeneca,2021-06-28,any_risk_factors,0,0,0,0,0,0,0,0,0,0,0,0,0,0,0,0,0,0,0,0,0,0,0,0,0,0,0,0,0,0,0,0,0,0,0,0,0,0,0,0,0,0,0,0,0,0,0,0,0,0,502747.47,0,0,508438.95,0,0,502747.47,0,0,526313.76,0,0,502747.47,0,0,508438.95,0,0,508438.95,0,0,532554.63,0,0,532554.63,0,0,532554.63,0,0,508438.95,0,0,508438.95,0,0,508438.95,0,0,508438.95,0,0,502747.47,0,0,502747.47,0,0,502747.47,0,0,502747.47,0,0,502747.47,0,0,502747.47,0,0,502747.47,0,0,502747.47,0,0,502747.47,0,0,502747.47,0,0,502747.47,0,0,502747.47,0,0,502747.47,0,0,502747.47,0,0,502747.47,0,0,502747.47,0,0,502747.47,0,0,502747.47,0,0,502747.47,0,0,502747.47,0,0,502747.47,0,0,502747.47,0,0,502747.47,0,0,502747.47,0,0,502747.47,0,0,502747.47,0,0,1497070.25,0,0,502747.47,0,0,502747.47,0,0,502747.47,0,0,508438.95,0,0,502747.47,0,0,508438.95,0,0,502747.47
both_sexes,2,Pfizer,2021-02-01,any_risk_factors,0,0,0,0,0,0,0,0,0,0,0,0,0,0,0,0,0,0,0,0,0,0,0,0,0,0,0,0,0,0,0,0,0,0,0,0,0,0,0,0,0,0,0,0,0,0,0,0,0,0,1151592.5,0,0,1151592.5,0,0,1151592.5,0,0,1259217.96,0,0,1151592.5,0,0,1308119.63,0,0,1181897.56,0,0,1181897.56,0,0,1151592.5,0,0,1151592.5,0,0,1151592.5,0,0,1151592.5,0,0,1151592.5,0,0,1151592.5,0,0,1151592.5,0,0,1151592.5,0,0,1181897.56,0,0,1181897.56,0,0,1151592.5,0,0,1151592.5,0,0,1151592.5,0,0,1151592.5,0,0,1151592.5,0,0,1151592.5,0,0,1151592.5,0,0,1151592.5,0,0,1151592.5,0,0,1151592.5,0,0,1151592.5,0,0,1151592.5,0,0,1151592.5,0,0,1151592.5,0,0,1151592.5,0,0,1151592.5,0,0,1151592.5,0,0,1151592.5,0,0,1151592.5,0,0,1151592.5,0,0,1151592.5,0,0,1151592.5,0,0,2591083.12,0,0,1151592.5,0,0,1151592.5,0,0,1151592.5,0,0,1181897.56,0,0,1151592.5,0,0,1181897.56,0,0,1151592.5
both_sexes,2,Pfizer,2021-02-08,any_risk_factors,0,0,0,0,0,0,0,0,0,0,0,0,0,0,0,0,0,0,0,0,0,0,0,0,0,0,0,0,0,0,0,0,0,0,0,0,0,0,0,0,0,0,0,0,0,0,0,0,0,0,836871.57,0,0,836871.57,0,0,836871.57,0,0,916573.62,0,0,836871.57,0,0,916573.62,0,0,874911.18,0,0,874911.18,0,0,836871.57,0,0,836871.57,0,0,836871.57,0,0,836871.57,0,0,836871.57,0,0,836871.57,0,0,836871.57,0,0,836871.57,0,0,874911.18,0,0,874911.18,0,0,836871.57,0,0,836871.57,0,0,836871.57,0,0,836871.57,0,0,836871.57,0,0,836871.57,0,0,836871.57,0,0,836871.57,0,0,836871.57,0,0,836871.57,0,0,836871.57,0,0,836871.57,0,0,836871.57,0,0,836871.57,0,0,836871.57,0,0,836871.57,0,0,836871.57,0,0,836871.57,0,0,836871.57,0,0,836871.57,0,0,836871.57,0,0,836871.57,0,0,1924804.6,0,0,836871.57,0,0,836871.57,0,0,836871.57,0,0,874911.18,0,0,836871.57,0,0,874911.18,0,0,836871.57
both_sexes,2,Pfizer,2021-02-15,any_risk_factors,0,0,0,0,0,0,0,0,0,0,0,0,0,0,0,0,0,0,0,0,0,0,0,0,0,0,0,0,0,0,0,0,0,0,0,0,0,0,0,0,0,0,0,0,0,0,0,0,0,0,836871.57,0,0,836871.57,0,0,836871.57,0,0,916573.62,0,0,836871.57,0,0,916573.62,0,0,874911.18,0,0,874911.18,0,0,836871.57,0,0,836871.57,0,0,836871.57,0,0,836871.57,0,0,836871.57,0,0,836871.57,0,0,836871.57,0,0,836871.57,0,0,874911.18,0,0,874911.18,0,0,836871.57,0,0,836871.57,0,0,836871.57,0,0,836871.57,0,0,836871.57,0,0,836871.57,0,0,836871.57,0,0,836871.57,0,0,836871.57,0,0,836871.57,0,0,836871.57,0,0,836871.57,0,0,836871.57,0,0,836871.57,0,0,836871.57,0,0,836871.57,0,0,836871.57,0,0,836871.57,0,0,836871.57,0,0,836871.57,0,0,836871.57,0,0,836871.57,0,0,1924804.6,0,0,836871.57,0,0,836871.57,0,0,836871.57,0,0,874911.18,0,0,836871.57,0,0,874911.18,0,0,836871.57
both_sexes,2,Pfizer,2021-02-22,any_risk_factors,0,0,0,0,0,0,0,0,0,0,0,0,0,0,0,0,0,0,0,0,0,0,0,0,0,0,0,0,0,0,0,0,0,0,0,0,0,0,0,0,0,0,0,0,0,0,0,0,0,0,836871.57,0,0,836871.57,0,0,836871.57,0,0,916573.62,0,0,836871.57,0,0,916573.62,0,0,874911.18,0,0,874911.18,0,0,836871.57,0,0,836871.57,0,0,836871.57,0,0,836871.57,0,0,836871.57,0,0,836871.57,0,0,836871.57,0,0,836871.57,0,0,874911.18,0,0,874911.18,0,0,836871.57,0,0,836871.57,0,0,836871.57,0,0,836871.57,0,0,836871.57,0,0,836871.57,0,0,836871.57,0,0,836871.57,0,0,836871.57,0,0,836871.57,0,0,836871.57,0,0,836871.57,0,0,836871.57,0,0,836871.57,0,0,836871.57,0,0,836871.57,0,0,836871.57,0,0,836871.57,0,0,836871.57,0,0,836871.57,0,0,836871.57,0,0,836871.57,0,0,1924804.6,0,0,836871.57,0,0,836871.57,0,0,836871.57,0,0,874911.18,0,0,836871.57,0,0,874911.18,0,0,836871.57
both_sexes,2,Pfizer,2021-03-01,any_risk_factors,0,0,0,0,0,0,0,0,0,0,0,0,0,0,0,0,0,0,0,0,0,0,0,0,0,0,0,0,0,0,0,0,0,0,0,0,0,1,0,0,0,0,0,0,0,0,0,0,0,0,787931.71,0,0,787931.71,0,0,787931.71,0,0,858193.13,0,0,787931.71,0,0,858193.13,0,0,821562.94,0,0,821562.94,0,0,787931.71,0,0,787931.71,0,0,787931.71,0,0,787931.71,0,0,787931.71,0,0,787931.71,0,0,787931.71,0,0,787931.71,0,0,821562.94,0,0,821562.94,0,0,787931.71,0,0,787931.71,0,0,787931.71,0,0,787931.71,0,0,787931.71,0,0,787931.71,0,0,787931.71,0,0,787931.71,0,0,787931.71,0,0,787931.71,0,0,787931.71,0,0,787931.71,0,0,787931.71,0,0,787931.71,0,0,787931.71,0,0,787931.71,0,0,787931.71,0,0,787931.71,0,0,787931.71,0,0,787931.71,0,0,787931.71,0,0,787931.71,507291.67,12843.51,2826448.26,0,0,787931.71,0,0,787931.71,0,0,787931.71,0,0,821562.94,0,0,787931.71,0,0,821562.94,0,0,787931.71
both_sexes,2,Pfizer,2021-03-08,any_risk_factors,0,0,0,0,0,0,0,0,0,0,0,0,0,0,0,0,0,0,0,0,0,0,0,0,0,0,0,0,0,0,0,0,0,0,0,0,0,0,0,0,0,0,0,0,0,0,0,0,0,0,716682.56,0,0,716682.56,0,0,716682.56,0,0,787931.71,0,0,716682.56,0,0,802001.92,0,0,769921.84,0,0,787931.71,0,0,732262.62,0,0,732262.62,0,0,716682.56,0,0,716682.56,0,0,716682.56,0,0,716682.56,0,0,716682.56,0,0,716682.56,0,0,744399.57,0,0,744399.57,0,0,716682.56,0,0,716682.56,0,0,716682.56,0,0,716682.56,0,0,716682.56,0,0,716682.56,0,0,716682.56,0,0,716682.56,0,0,716682.56,0,0,716682.56,0,0,716682.56,0,0,716682.56,0,0,716682.56,0,0,716682.56,0,0,716682.56,0,0,716682.56,0,0,716682.56,0,0,716682.56,0,0,716682.56,0,0,716682.56,0,0,716682.56,0,0,716682.56,0,0,1845703.04,0,0,716682.56,0,0,716682.56,0,0,716682.56,0,0,769921.84,0,0,716682.56,0,0,769921.84,0,0,716682.56
both_sexes,2,Pfizer,2021-03-15,any_risk_factors,0,0,0,0,0,0,0,0,0,0,0,0,0,0,0,0,0,0,0,0,0,0,0,0,0,0,0,0,0,0,0,0,0,0,0,0,0,0,0,0,0,0,0,0,0,0,0,0,0,0,588368.22,0,0,588368.22,0,0,588368.22,0,0,654059.82,0,0,593552.08,0,0,654059.82,0,0,626680.57,0,0,650900.11,0,0,606920.37,0,0,606920.37,0,0,588368.22,0,0,588368.22,0,0,588368.22,0,0,588368.22,0,0,588368.22,0,0,588368.22,0,0,606920.37,0,0,606920.37,0,0,588368.22,0,0,588368.22,0,0,588368.22,0,0,588368.22,0,0,588368.22,0,0,588368.22,0,0,588368.22,0,0,588368.22,0,0,590948.78,0,0,588368.22,0,0,588368.22,0,0,588368.22,0,0,590948.78,0,0,588368.22,0,0,588368.22,0,0,588368.22,0,0,588368.22,0,0,588368.22,0,0,588368.22,0,0,588368.22,0,0,588368.22,0,0,588368.22,0,0,1531094.57,0,0,588368.22,0,0,590948.78,0,0,588368.22,0,0,626680.57,0,0,588368.22,0,0,626680.57,0,0,588368.22
both_sexes,2,Pfizer,2021-03-22,any_risk_factors,0,0,0,0,0,0,0,0,0,0,0,0,0,0,0,0,0,0,0,0,0,0,0,1,0,0,0,0,0,0,0,0,0,0,0,0,0,0,0,1,0,0,0,0,0,0,0,0,0,0,386063.96,0,0,386063.96,0,0,386063.96,0,0,430467.48,0,0,396283.3,0,0,422370.92,0,0,402197.98,0,0,427734.36,0,0,401000.96,0,0,401000.96,0,0,386063.96,0,0,386063.96,0,0,386063.96,0,0,386063.96,0,0,386063.96,0,0,386063.96,0,0,393965.85,0,0,393965.85,0,0,386063.96,0,0,386063.96,0,0,386063.96,0,0,386063.96,0,0,386063.96,0,0,386063.96,0,0,386063.96,0,0,386063.96,108705.36,2752.18,605667.48,0,0,386063.96,0,0,386063.96,0,0,386063.96,0,0,393965.85,0,0,386063.96,0,0,386063.96,0,0,386063.96,0,0,386063.96,0,0,386063.96,0,0,386063.96,0,0,386063.96,0,0,386063.96,0,0,386063.96,0,0,1224875.66,0,0,386063.96,108705.36,2752.18,605667.48,0,0,386063.96,0,0,402197.98,0,0,386063.96,0,0,402197.98,0,0,386063.96
both_sexes,2,Pfizer,2021-03-29,any_risk_factors,0,0,0,0,0,0,0,0,0,0,0,0,0,0,0,0,0,0,0,0,0,0,0,0,0,0,0,0,0,0,0,0,0,0,0,0,0,0,0,0,0,0,0,0,0,0,0,0,0,0,229143.4,0,0,229143.4,0,0,229143.4,0,0,249050.5,0,0,238050.04,0,0,250905.63,0,0,237211.83,0,0,250439.26,0,0,241030.99,0,0,241030.99,0,0,229143.4,0,0,229143.4,0,0,229143.4,0,0,229143.4,0,0,229143.4,0,0,229143.4,0,0,234732.27,0,0,236794.94,0,0,229143.4,0,0,229143.4,0,0,229143.4,0,0,229143.4,0,0,229143.4,0,0,229143.4,0,0,229143.4,0,0,229143.4,0,0,234732.27,0,0,229143.4,0,0,229143.4,0,0,229143.4,0,0,231904.17,0,0,229143.4,0,0,229143.4,0,0,230712.88,0,0,230712.88,0,0,229143.4,0,0,229143.4,0,0,229143.4,0,0,229143.4,0,0,229143.4,0,0,892293.52,0,0,229143.4,0,0,234732.27,0,0,229143.4,0,0,237211.83,0,0,230712.88,0,0,238894.19,0,0,229143.4
both_sexes,2,Pfizer,2021-04-05,any_risk_factors,0,0,0,0,0,0,0,0,0,0,0,0,0,0,0,0,0,0,0,0,0,0,0,0,0,0,0,0,0,0,0,0,0,0,0,0,0,1,0,0,0,0,0,0,0,0,0,0,0,0,159451.27,0,0,159451.27,0,0,159451.27,0,0,170985.18,0,0,167582.49,0,0,175209.78,0,0,164915.94,0,0,176587.58,0,0,168631.19,0,0,168631.19,0,0,159451.27,0,0,159451.27,0,0,159451.27,0,0,159451.27,0,0,159451.27,0,0,159451.27,0,0,160975.3,0,0,162332.92,0,0,159451.27,0,0,159451.27,0,0,159451.27,0,0,159451.27,0,0,159451.27,0,0,159451.27,0,0,159451.27,0,0,159451.27,0,0,160975.3,0,0,159451.27,0,0,159451.27,0,0,159451.27,0,0,160783.2,0,0,159451.27,0,0,159451.27,0,0,160783.2,0,0,160783.2,0,0,159451.27,0,0,159451.27,0,0,159451.27,0,0,159451.27,0,0,159451.27,160903.08,4073.71,896494.6,0,0,159451.27,0,0,160975.3,0,0,159451.27,0,0,164915.94,0,0,160783.2,0,0,166341.14,0,0,159451.27
both_sexes,2,Pfizer,2021-04-12,any_risk_factors,0,0,0,0,1,1,1,0,0,0,0,0,0,0,0,0,0,0,0,0,0,0,0,0,0,0,0,0,0,0,0,0,0,0,0,0,0,1,0,0,0,1,0,1,0,0,0,0,0,0,136649.41,0,0,136649.41,0,0,136649.41,0,0,144877.77,38897.76,984.81,216724.47,40403.76,1022.93,225115.35,38326.34,970.34,213540.69,0,0,149540.87,0,0,143949.06,0,0,143949.06,0,0,136649.41,0,0,136649.41,0,0,136649.41,0,0,136649.41,0,0,136649.41,0,0,136649.41,0,0,137626.48,0,0,138617.62,0,0,136649.41,0,0,136649.41,0,0,136649.41,0,0,136649.41,0,0,136649.41,0,0,136649.41,0,0,136649.41,0,0,136649.41,0,0,137626.48,0,0,136649.41,0,0,136649.41,0,0,136649.41,0,0,137626.48,0,0,136649.41,0,0,136649.41,0,0,137626.48,0,0,137626.48,0,0,136649.41,0,0,136649.41,0,0,136649.41,0,0,136649.41,0,0,136649.41,154113.92,3901.83,858667.83,0,0,136649.41,0,0,137626.48,0,0,136649.41,38326.34,970.34,213540.69,0,0,137626.48,38609.94,977.52,215120.8,0,0,136649.41
both_sexes,2,Pfizer,2021-04-19,any_risk_factors,0,0,0,0,0,0,0,0,0,0,0,0,0,0,0,0,0,0,0,0,0,0,0,0,0,0,0,0,0,0,0,0,0,0,0,0,0,2,0,0,0,0,0,0,0,0,0,0,0,0,107359.62,0,0,107359.62,0,0,107359.62,0,0,112750.06,0,0,112093.45,0,0,116051.96,0,0,110620.95,0,0,116252.22,0,0,115356.44,0,0,115356.44,0,0,107530.98,0,0,107530.98,0,0,107530.98,0,0,107530.98,0,0,107359.62,0,0,107359.62,0,0,108308.94,0,0,108921.84,0,0,107359.62,0,0,107359.62,0,0,107359.62,0,0,107359.62,0,0,107359.62,0,0,107359.62,0,0,107359.62,0,0,107359.62,0,0,107961.8,0,0,107359.62,0,0,107359.62,0,0,107530.98,0,0,108135.09,0,0,107359.62,0,0,107359.62,0,0,107961.8,0,0,107961.8,0,0,107359.62,0,0,107359.62,0,0,107359.62,0,0,107359.62,0,0,107359.62,256315.79,31041.03,925900.76,0,0,107359.62,0,0,107961.8,0,0,107359.62,0,0,110802.9,0,0,107961.8,0,0,111444.44,0,0,107359.62
both_sexes,2,Pfizer,2021-04-26,any_risk_factors,0,0,0,0,0,0,0,0,0,0,0,0,0,0,0,0,0,0,0,0,0,0,0,0,0,0,0,0,0,0,0,0,0,0,0,0,0,1,0,0,0,0,0,0,0,0,0,0,0,0,77523.78,0,0,77523.78,0,0,77568.41,0,0,81807.12,0,0,80874.14,0,0,83016.83,0,0,79678.49,0,0,84105.07,0,0,84000.2,0,0,84000.2,0,0,77837.27,0,0,77837.27,0,0,77837.27,0,0,77837.27,0,0,77523.78,0,0,77523.78,0,0,78931.65,0,0,79256.66,0,0,77523.78,0,0,77523.78,0,0,77523.78,0,0,77523.78,0,0,77523.78,0,0,77523.78,0,0,77523.78,0,0,77523.78,0,0,77882.27,0,0,77523.78,0,0,77523.78,0,0,77882.27,0,0,78198.68,0,0,77523.78,0,0,77523.78,0,0,77972.41,0,0,77972.41,0,0,77523.78,0,0,77523.78,0,0,77523.78,0,0,77523.78,0,0,77523.78,102887.32,2604.88,573251.48,0,0,77523.78,0,0,77882.27,0,0,77523.78,0,0,80057.23,0,0,77972.41,0,0,80535.76,0,0,77523.78
both_sexes,2,Pfizer,2021-05-03,any_risk_factors,0,0,0,0,0,0,0,0,0,0,0,0,0,0,0,0,0,0,0,0,0,0,0,0,0,0,0,0,0,0,0,0,0,0,0,0,0,0,0,0,0,0,0,0,0,0,0,0,0,0,58479.31,0,0,58479.31,0,0,58657.52,0,0,62262.63,0,0,61551.54,0,0,63078.8,0,0,60016.18,0,0,63465.06,0,0,63315.94,0,0,63315.94,0,0,58657.52,0,0,58657.52,0,0,58657.52,0,0,58657.52,0,0,58479.31,0,0,58479.31,0,0,59459.98,0,0,59670.65,0,0,58479.31,0,0,58479.31,0,0,58479.31,0,0,58479.31,0,0,58479.31,0,0,58479.31,0,0,58479.31,0,0,58479.31,0,0,58836.82,0,0,58606.49,0,0,58606.49,0,0,59017.22,0,0,59198.74,0,0,58479.31,0,0,58479.31,0,0,59276.87,0,0,59276.87,0,0,58479.31,0,0,58479.31,0,0,58479.31,0,0,58479.31,0,0,58479.31,0,0,294827.84,0,0,58479.31,0,0,58836.82,0,0,58479.31,0,0,60582.88,0,0,59276.87,0,0,61439.27,0,0,58479.31
both_sexes,2,Pfizer,2021-05-10,any_risk_factors,0,0,0,0,0,0,0,0,1,1,0,0,0,0,0,0,0,0,0,0,0,0,0,0,0,0,0,0,0,0,0,0,0,0,0,0,0,0,0,0,0,0,0,0,0,0,0,0,0,0,47983.02,0,0,47983.02,0,0,48102.94,0,0,51289.05,0,0,51036.49,0,0,52162.73,0,0,49209.76,0,0,52203.15,14135.06,357.87,78755.52,14135.06,357.87,78755.52,0,0,48102.94,0,0,48102.94,0,0,48102.94,0,0,48102.94,0,0,47983.02,0,0,47983.02,0,0,48852.91,0,0,49102.16,0,0,47983.02,0,0,47983.02,0,0,47983.02,0,0,47983.02,0,0,47983.02,0,0,47983.02,0,0,47983.02,0,0,47983.02,0,0,48223.45,0,0,48102.94,0,0,48102.94,0,0,48414.06,0,0,48536.14,0,0,47983.02,0,0,47983.02,0,0,48588.65,0,0,48588.65,0,0,47983.02,0,0,47983.02,0,0,47983.02,0,0,47983.02,0,0,47983.02,0,0,249050.5,0,0,47983.02,0,0,48223.45,0,0,47983.02,0,0,49663.22,0,0,48588.65,0,0,50312.29,0,0,47983.02
both_sexes,2,Pfizer,2021-05-17,any_risk_factors,0,0,0,0,0,0,0,0,0,0,0,0,0,0,0,0,0,0,0,0,0,0,0,0,0,0,0,0,0,0,0,0,0,0,0,0,0,3,0,0,0,0,0,0,0,0,0,0,0,0,43198.56,0,0,43198.56,0,0,43295.73,0,0,46079.45,0,0,45813.1,0,0,47193.11,0,0,44321.16,0,0,46995.58,0,0,46913.76,0,0,46913.76,0,0,43295.73,0,0,43295.73,0,0,43295.73,0,0,43295.73,0,0,43198.56,0,0,43198.56,0,0,43988.35,0,0,44190.33,0,0,43198.56,0,0,43198.56,0,0,43198.56,0,0,43198.56,0,0,43198.56,0,0,43198.56,0,0,43198.56,0,0,43198.56,0,0,43393.34,0,0,43295.73,0,0,43295.73,0,0,43674.66,0,0,43773.98,0,0,43198.56,0,0,43198.56,0,0,43688.82,0,0,43688.82,0,0,43198.56,0,0,43198.56,0,0,43198.56,0,0,43198.56,0,0,43198.56,182625,37661.67,533707.75,0,0,43198.56,0,0,43393.34,0,0,43198.56,0,0,44822.46,0,0,43688.82,0,0,45350.5,0,0,43198.56
both_sexes,2,Pfizer,2021-05-24,any_risk_factors,0,0,0,0,0,0,0,1,0,0,0,0,0,0,0,0,0,0,0,0,0,0,0,0,0,0,0,0,0,0,0,0,0,0,0,0,0,3,0,0,0,0,0,0,0,0,0,0,0,0,40607.69,0,0,40607.69,0,0,40693.54,0,0,43295.73,0,0,43046.75,0,0,44423.45,0,0,41739.88,11999.01,303.79,66854.23,0,0,44031.48,0,0,44031.48,0,0,40693.54,0,0,40693.54,0,0,40693.54,0,0,40693.54,0,0,40607.69,0,0,40607.69,0,0,41304.82,0,0,41482.86,0,0,40607.69,0,0,40607.69,0,0,40607.69,0,0,40607.69,0,0,40607.69,0,0,40607.69,0,0,40607.69,0,0,40607.69,0,0,40779.76,0,0,40693.54,0,0,40693.54,0,0,41040.61,0,0,41128.3,0,0,40607.69,0,0,40607.69,0,0,41040.61,0,0,41040.61,0,0,40607.69,0,0,40607.69,0,0,40607.69,0,0,40607.69,0,0,40607.69,180816.83,37288.78,528423.51,0,0,40607.69,0,0,40779.76,0,0,40607.69,0,0,42197.41,0,0,41040.61,0,0,42665.08,0,0,40607.69
both_sexes,1,J&J,2021-06-07,any_risk_factors,0,0,0,0,0,0,0,0,0,0,0,0,0,0,0,0,0,0,0,0,0,0,0,0,0,0,0,0,0,0,0,0,0,0,0,0,0,0,0,0,0,0,0,0,0,0,0,0,0,0,1171620.19,0,0,1171620.19,0,0,1171620.19,0,0,1171620.19,0,0,1171620.19,0,0,1171620.19,0,0,1171620.19,0,0,1171620.19,0,0,1171620.19,0,0,1171620.19,0,0,1171620.19,0,0,1171620.19,0,0,1171620.19,0,0,1171620.19,0,0,1171620.19,0,0,1171620.19,0,0,1171620.19,0,0,1171620.19,0,0,1171620.19,0,0,1171620.19,0,0,1171620.19,0,0,1171620.19,0,0,1171620.19,0,0,1171620.19,0,0,1171620.19,0,0,1171620.19,0,0,1171620.19,0,0,1171620.19,0,0,1171620.19,0,0,1171620.19,0,0,1171620.19,0,0,1171620.19,0,0,1171620.19,0,0,1171620.19,0,0,1171620.19,0,0,1171620.19,0,0,1171620.19,0,0,1171620.19,0,0,1171620.19,0,0,1171620.19,0,0,1845703.04,0,0,1171620.19,0,0,1171620.19,0,0,1171620.19,0,0,1171620.19,0,0,1171620.19,0,0,1171620.19,0,0,1171620.19
both_sexes,1,J&J,2021-06-14,any_risk_factors,0,0,0,0,0,0,0,0,0,0,0,0,0,0,0,0,0,0,0,0,0,0,0,0,0,0,0,0,0,0,0,0,0,0,0,0,0,0,0,0,0,0,0,0,0,0,0,0,0,0,880629.56,0,0,880629.56,0,0,880629.56,0,0,880629.56,0,0,880629.56,0,0,880629.56,0,0,880629.56,0,0,922851.52,0,0,880629.56,0,0,880629.56,0,0,880629.56,0,0,880629.56,0,0,880629.56,0,0,880629.56,0,0,880629.56,0,0,880629.56,0,0,880629.56,0,0,880629.56,0,0,880629.56,0,0,880629.56,0,0,880629.56,0,0,880629.56,0,0,880629.56,0,0,880629.56,0,0,880629.56,0,0,880629.56,0,0,880629.56,0,0,880629.56,0,0,880629.56,0,0,880629.56,0,0,880629.56,0,0,880629.56,0,0,880629.56,0,0,880629.56,0,0,880629.56,0,0,880629.56,0,0,880629.56,0,0,880629.56,0,0,880629.56,0,0,880629.56,0,0,1480618.92,0,0,880629.56,0,0,880629.56,0,0,880629.56,0,0,880629.56,0,0,880629.56,0,0,880629.56,0,0,880629.56
both_sexes,1,J&J,2021-06-21,any_risk_factors,0,0,0,0,0,0,0,0,0,0,0,0,0,0,0,0,0,0,0,0,0,0,0,0,0,0,0,0,0,0,0,0,0,0,0,0,0,0,0,0,0,0,0,0,0,0,0,0,0,0,821562.94,0,0,821562.94,0,0,821562.94,0,0,821562.94,0,0,821562.94,0,0,821562.94,0,0,821562.94,0,0,858193.13,0,0,821562.94,0,0,821562.94,0,0,821562.94,0,0,821562.94,0,0,821562.94,0,0,821562.94,0,0,821562.94,0,0,821562.94,0,0,821562.94,0,0,821562.94,0,0,821562.94,0,0,821562.94,0,0,821562.94,0,0,821562.94,0,0,821562.94,0,0,821562.94,0,0,821562.94,0,0,821562.94,0,0,821562.94,0,0,821562.94,0,0,821562.94,0,0,821562.94,0,0,821562.94,0,0,821562.94,0,0,821562.94,0,0,821562.94,0,0,821562.94,0,0,821562.94,0,0,821562.94,0,0,821562.94,0,0,821562.94,0,0,821562.94,0,0,1334022.99,0,0,821562.94,0,0,821562.94,0,0,821562.94,0,0,821562.94,0,0,821562.94,0,0,821562.94,0,0,821562.94
both_sexes,1,J&J,2021-06-28,any_risk_factors,0,0,0,0,0,0,0,0,0,0,0,0,0,0,0,0,0,0,0,0,0,0,0,0,0,0,0,0,0,0,0,0,0,0,0,0,0,0,0,0,0,0,0,0,0,0,0,0,0,0,1871337.81,0,0,1871337.81,0,0,1871337.81,0,0,1871337.81,0,0,1871337.81,0,0,1871337.81,0,0,1871337.81,0,0,1952700.32,0,0,1871337.81,0,0,1871337.81,0,0,1871337.81,0,0,1871337.81,0,0,1871337.81,0,0,1871337.81,0,0,1871337.81,0,0,1871337.81,0,0,1871337.81,0,0,1871337.81,0,0,1871337.81,0,0,1871337.81,0,0,1871337.81,0,0,1871337.81,0,0,1871337.81,0,0,1871337.81,0,0,1871337.81,0,0,1871337.81,0,0,1871337.81,0,0,1871337.81,0,0,1871337.81,0,0,1871337.81,0,0,1871337.81,0,0,1871337.81,0,0,1871337.81,0,0,1871337.81,0,0,1871337.81,0,0,1871337.81,0,0,1871337.81,0,0,1871337.81,0,0,1871337.81,0,0,1871337.81,0,0,2994140.49,0,0,1871337.81,0,0,1871337.81,0,0,1871337.81,0,0,1871337.81,0,0,1871337.81,0,0,1871337.81,0,0,1871337.81
both_sexes,1,J&J,2021-05-24,any_risk_factors,0,0,0,0,0,0,0,0,0,0,0,0,0,0,0,0,0,0,0,0,0,0,0,0,0,0,0,0,0,0,0,0,0,0,0,0,0,0,0,0,0,0,0,0,0,0,0,0,0,0,1820761.11,0,0,1820761.11,0,0,1820761.11,0,0,1820761.11,0,0,1820761.11,0,0,1820761.11,0,0,1820761.11,0,0,1820761.11,0,0,1820761.11,0,0,1820761.11,0,0,1820761.11,0,0,1820761.11,0,0,1820761.11,0,0,1820761.11,0,0,1820761.11,0,0,1820761.11,0,0,1820761.11,0,0,1820761.11,0,0,1820761.11,0,0,1820761.11,0,0,1820761.11,0,0,1820761.11,0,0,1820761.11,0,0,1820761.11,0,0,1820761.11,0,0,1820761.11,0,0,1820761.11,0,0,1820761.11,0,0,1820761.11,0,0,1820761.11,0,0,1820761.11,0,0,1820761.11,0,0,1820761.11,0,0,1820761.11,0,0,1820761.11,0,0,1820761.11,0,0,1820761.11,0,0,1820761.11,0,0,1820761.11,0,0,1820761.11,0,0,2929050.48,0,0,1820761.11,0,0,1820761.11,0,0,1820761.11,0,0,1820761.11,0,0,1820761.11,0,0,1820761.11,0,0,1820761.11
both_sexes,1,J&J,2021-05-31,any_risk_factors,0,0,0,0,0,0,0,0,0,0,0,0,0,0,0,0,0,0,0,0,0,0,0,0,0,0,0,0,0,0,0,0,0,0,0,0,0,1,0,0,0,0,0,0,0,0,0,0,0,0,1464525.24,0,0,1464525.24,0,0,1464525.24,0,0,1464525.24,0,0,1464525.24,0,0,1464525.24,0,0,1464525.24,0,0,1464525.24,0,0,1464525.24,0,0,1464525.24,0,0,1464525.24,0,0,1464525.24,0,0,1464525.24,0,0,1464525.24,0,0,1464525.24,0,0,1464525.24,0,0,1464525.24,0,0,1464525.24,0,0,1464525.24,0,0,1464525.24,0,0,1464525.24,0,0,1464525.24,0,0,1464525.24,0,0,1464525.24,0,0,1464525.24,0,0,1464525.24,0,0,1464525.24,0,0,1464525.24,0,0,1464525.24,0,0,1464525.24,0,0,1464525.24,0,0,1464525.24,0,0,1464525.24,0,0,1464525.24,0,0,1464525.24,0,0,1464525.24,0,0,1464525.24,0,0,1464525.24,0,0,1464525.24,0,0,1464525.24,676388.89,17124.68,3768597.68,0,0,1464525.24,0,0,1464525.24,0,0,1464525.24,0,0,1464525.24,0,0,1464525.24,0,0,1464525.24,0,0,1464525.24
both_sexes,1,Pfizer,2021-01-04,any_risk_factors,0,0,0,0,0,0,0,0,0,0,0,0,0,0,0,0,0,0,0,0,0,0,0,0,0,0,0,0,0,0,0,0,0,0,0,0,0,0,0,0,0,0,0,0,0,0,0,0,0,0,2749720.86,0,0,2749720.86,0,0,2749720.86,0,0,3133402.84,0,0,2749720.86,0,0,3368408.05,0,0,2807006.71,0,0,2807006.71,0,0,2749720.86,0,0,2749720.86,0,0,2749720.86,0,0,2749720.86,0,0,2749720.86,0,0,2749720.86,0,0,2749720.86,0,0,2749720.86,0,0,2807006.71,0,0,2807006.71,0,0,2749720.86,0,0,2749720.86,0,0,2749720.86,0,0,2749720.86,0,0,2749720.86,0,0,2749720.86,0,0,2749720.86,0,0,2749720.86,0,0,2749720.86,0,0,2749720.86,0,0,2749720.86,0,0,2749720.86,0,0,2749720.86,0,0,2749720.86,0,0,2749720.86,0,0,2749720.86,0,0,2749720.86,0,0,2749720.86,0,0,2749720.86,0,0,2749720.86,0,0,2749720.86,0,0,2749720.86,0,0,7091385.37,0,0,2749720.86,0,0,2749720.86,0,0,2749720.86,0,0,2807006.71,0,0,2749720.86,0,0,2807006.71,0,0,2749720.86
both_sexes,2,Pfizer,2021-01-25,any_risk_factors,0,0,0,0,0,0,0,0,0,0,0,0,0,0,0,0,0,0,0,0,0,0,0,0,0,0,0,0,0,0,0,0,0,0,0,0,0,0,0,0,0,0,0,0,0,0,0,0,0,0,3368408.05,0,0,3368408.05,0,0,3368408.05,0,0,3742675.61,0,0,3368408.05,0,0,4491210.74,0,0,3368408.05,0,0,3368408.05,0,0,3368408.05,0,0,3368408.05,0,0,3368408.05,0,0,3368408.05,0,0,3368408.05,0,0,3368408.05,0,0,3368408.05,0,0,3368408.05,0,0,3368408.05,0,0,3368408.05,0,0,3368408.05,0,0,3368408.05,0,0,3368408.05,0,0,3368408.05,0,0,3368408.05,0,0,3368408.05,0,0,3368408.05,0,0,3368408.05,0,0,3368408.05,0,0,3368408.05,0,0,3368408.05,0,0,3368408.05,0,0,3368408.05,0,0,3368408.05,0,0,3368408.05,0,0,3368408.05,0,0,3368408.05,0,0,3368408.05,0,0,3368408.05,0,0,3368408.05,0,0,3368408.05,0,0,3368408.05,0,0,12248756.55,0,0,3368408.05,0,0,3368408.05,0,0,3368408.05,0,0,3368408.05,0,0,3368408.05,0,0,3368408.05,0,0,3368408.05
both_sexes,1,J&J,2021-05-10,any_risk_factors,0,0,0,0,0,0,0,0,0,0,0,0,0,0,0,0,0,0,0,0,0,0,0,0,0,0,0,0,0,0,0,0,0,0,0,0,0,0,0,0,0,0,0,0,0,0,0,0,0,0,2449751.31,0,0,2449751.31,0,0,2449751.31,0,0,2449751.31,0,0,2449751.31,0,0,2449751.31,0,0,2449751.31,0,0,2449751.31,0,0,2449751.31,0,0,2449751.31,0,0,2449751.31,0,0,2449751.31,0,0,2449751.31,0,0,2449751.31,0,0,2449751.31,0,0,2449751.31,0,0,2449751.31,0,0,2449751.31,0,0,2449751.31,0,0,2449751.31,0,0,2449751.31,0,0,2449751.31,0,0,2449751.31,0,0,2449751.31,0,0,2449751.31,0,0,2449751.31,0,0,2449751.31,0,0,2449751.31,0,0,2449751.31,0,0,2449751.31,0,0,2449751.31,0,0,2449751.31,0,0,2449751.31,0,0,2449751.31,0,0,2449751.31,0,0,2449751.31,0,0,2449751.31,0,0,2449751.31,0,0,2449751.31,0,0,2449751.31,0,0,4990234.15,0,0,2449751.31,0,0,2449751.31,0,0,2449751.31,0,0,2449751.31,0,0,2449751.31,0,0,2449751.31,0,0,2449751.31
both_sexes,1,J&J,2021-05-17,any_risk_factors,0,0,0,0,0,0,0,0,0,0,0,0,0,0,0,0,0,0,0,0,0,0,0,0,0,0,0,0,0,0,0,0,0,0,0,0,0,0,0,0,0,0,0,0,0,0,0,0,0,0,2406005.75,0,0,2406005.75,0,0,2406005.75,0,0,2406005.75,0,0,2406005.75,0,0,2406005.75,0,0,2406005.75,0,0,2406005.75,0,0,2406005.75,0,0,2406005.75,0,0,2406005.75,0,0,2406005.75,0,0,2406005.75,0,0,2406005.75,0,0,2406005.75,0,0,2406005.75,0,0,2406005.75,0,0,2406005.75,0,0,2406005.75,0,0,2406005.75,0,0,2406005.75,0,0,2406005.75,0,0,2406005.75,0,0,2406005.75,0,0,2406005.75,0,0,2406005.75,0,0,2406005.75,0,0,2406005.75,0,0,2406005.75,0,0,2406005.75,0,0,2406005.75,0,0,2406005.75,0,0,2406005.75,0,0,2406005.75,0,0,2406005.75,0,0,2406005.75,0,0,2406005.75,0,0,2406005.75,0,0,2406005.75,0,0,2406005.75,0,0,4812011.5,0,0,2406005.75,0,0,2406005.75,0,0,2406005.75,0,0,2406005.75,0,0,2406005.75,0,0,2406005.75,0,0,2406005.75
both_sexes,1,Moderna,2021-01-18,any_risk_factors,0,0,0,0,0,0,0,0,0,0,0,0,0,0,0,0,0,0,0,0,0,0,0,0,0,0,0,0,0,0,0,0,0,0,0,0,0,0,0,0,0,0,0,0,0,0,0,0,0,0,44912107.35,0,0,44912107.35,0,0,44912107.35,0,0,44912107.35,0,0,44912107.35,0,0,44912107.35,0,0,44912107.35,0,0,44912107.35,0,0,44912107.35,0,0,44912107.35,0,0,44912107.35,0,0,44912107.35,0,0,44912107.35,0,0,44912107.35,0,0,44912107.35,0,0,44912107.35,0,0,44912107.35,0,0,44912107.35,0,0,44912107.35,0,0,44912107.35,0,0,44912107.35,0,0,44912107.35,0,0,44912107.35,0,0,44912107.35,0,0,44912107.35,0,0,44912107.35,0,0,44912107.35,0,0,44912107.35,0,0,44912107.35,0,0,44912107.35,0,0,44912107.35,0,0,44912107.35,0,0,44912107.35,0,0,44912107.35,0,0,44912107.35,0,0,44912107.35,0,0,44912107.35,0,0,44912107.35,0,0,44912107.35,0,0,44912107.35,0,0,44912107.35,0,0,44912107.35,0,0,44912107.35,0,0,44912107.35,0,0,44912107.35,0,0,44912107.35,0,0,44912107.35,0,0,44912107.35
both_sexes,1,Moderna,2021-01-25,any_risk_factors,0,0,0,0,0,0,0,0,0,0,0,0,0,0,0,0,0,0,0,0,0,0,0,0,0,0,0,0,0,0,0,0,0,0,0,0,0,0,0,0,0,0,0,0,0,0,0,0,0,0,19248046.01,0,0,19248046.01,0,0,19248046.01,0,0,19248046.01,0,0,19248046.01,0,0,19248046.01,0,0,19248046.01,0,0,19248046.01,0,0,19248046.01,0,0,19248046.01,0,0,19248046.01,0,0,19248046.01,0,0,19248046.01,0,0,19248046.01,0,0,19248046.01,0,0,19248046.01,0,0,19248046.01,0,0,19248046.01,0,0,19248046.01,0,0,19248046.01,0,0,19248046.01,0,0,19248046.01,0,0,19248046.01,0,0,19248046.01,0,0,19248046.01,0,0,19248046.01,0,0,19248046.01,0,0,19248046.01,0,0,19248046.01,0,0,19248046.01,0,0,19248046.01,0,0,19248046.01,0,0,19248046.01,0,0,19248046.01,0,0,19248046.01,0,0,19248046.01,0,0,19248046.01,0,0,19248046.01,0,0,19248046.01,0,0,19248046.01,0,0,19248046.01,0,0,19248046.01,0,0,19248046.01,0,0,19248046.01,0,0,19248046.01,0,0,19248046.01,0,0,19248046.01,0,0,19248046.01
both_sexes,1,Moderna,2021-02-01,any_risk_factors,0,0,0,0,0,0,0,0,0,0,0,0,0,0,0,0,0,0,0,0,0,0,0,0,0,0,0,0,0,0,0,0,0,0,0,0,0,0,0,0,0,0,0,0,0,0,0,0,0,0,19248046.01,0,0,19248046.01,0,0,19248046.01,0,0,19248046.01,0,0,19248046.01,0,0,19248046.01,0,0,19248046.01,0,0,19248046.01,0,0,19248046.01,0,0,19248046.01,0,0,19248046.01,0,0,19248046.01,0,0,19248046.01,0,0,19248046.01,0,0,19248046.01,0,0,19248046.01,0,0,19248046.01,0,0,19248046.01,0,0,19248046.01,0,0,19248046.01,0,0,19248046.01,0,0,19248046.01,0,0,19248046.01,0,0,19248046.01,0,0,19248046.01,0,0,19248046.01,0,0,19248046.01,0,0,19248046.01,0,0,19248046.01,0,0,19248046.01,0,0,19248046.01,0,0,19248046.01,0,0,19248046.01,0,0,19248046.01,0,0,19248046.01,0,0,19248046.01,0,0,19248046.01,0,0,19248046.01,0,0,19248046.01,0,0,19248046.01,0,0,19248046.01,0,0,19248046.01,0,0,19248046.01,0,0,19248046.01,0,0,19248046.01,0,0,19248046.01,0,0,19248046.01,0,0,19248046.01
both_sexes,2,Moderna,2021-02-15,any_risk_factors,0,0,0,0,0,0,0,0,0,0,0,0,0,0,0,0,0,0,0,0,0,0,0,0,0,0,0,0,0,0,0,0,0,0,0,0,0,0,0,0,0,0,0,0,0,0,0,0,0,0,44912107.35,0,0,44912107.35,0,0,44912107.35,0,0,44912107.35,0,0,44912107.35,0,0,44912107.35,0,0,44912107.35,0,0,44912107.35,0,0,44912107.35,0,0,44912107.35,0,0,44912107.35,0,0,44912107.35,0,0,44912107.35,0,0,44912107.35,0,0,44912107.35,0,0,44912107.35,0,0,44912107.35,0,0,44912107.35,0,0,44912107.35,0,0,44912107.35,0,0,44912107.35,0,0,44912107.35,0,0,44912107.35,0,0,44912107.35,0,0,44912107.35,0,0,44912107.35,0,0,44912107.35,0,0,44912107.35,0,0,44912107.35,0,0,44912107.35,0,0,44912107.35,0,0,44912107.35,0,0,44912107.35,0,0,44912107.35,0,0,44912107.35,0,0,44912107.35,0,0,44912107.35,0,0,44912107.35,0,0,44912107.35,0,0,44912107.35,0,0,44912107.35,0,0,44912107.35,0,0,44912107.35,0,0,44912107.35,0,0,44912107.35,0,0,44912107.35,0,0,44912107.35,0,0,44912107.35
both_sexes,2,Moderna,2021-02-22,any_risk_factors,0,0,0,0,0,0,0,0,0,0,0,0,0,0,0,0,0,0,0,0,0,0,0,0,0,0,0,0,0,0,0,0,0,0,0,0,0,0,0,0,0,0,0,0,0,0,0,0,0,0,19248046.01,0,0,19248046.01,0,0,19248046.01,0,0,19248046.01,0,0,19248046.01,0,0,19248046.01,0,0,19248046.01,0,0,19248046.01,0,0,19248046.01,0,0,19248046.01,0,0,19248046.01,0,0,19248046.01,0,0,19248046.01,0,0,19248046.01,0,0,19248046.01,0,0,19248046.01,0,0,19248046.01,0,0,19248046.01,0,0,19248046.01,0,0,19248046.01,0,0,19248046.01,0,0,19248046.01,0,0,19248046.01,0,0,19248046.01,0,0,19248046.01,0,0,19248046.01,0,0,19248046.01,0,0,19248046.01,0,0,19248046.01,0,0,19248046.01,0,0,19248046.01,0,0,19248046.01,0,0,19248046.01,0,0,19248046.01,0,0,19248046.01,0,0,19248046.01,0,0,19248046.01,0,0,19248046.01,0,0,19248046.01,0,0,19248046.01,0,0,19248046.01,0,0,19248046.01,0,0,19248046.01,0,0,19248046.01,0,0,19248046.01,0,0,19248046.01,0,0,19248046.01,0,0,19248046.01
both_sexes,2,Moderna,2021-03-01,any_risk_factors,0,0,0,0,0,0,0,0,0,0,0,0,0,0,0,0,0,0,0,0,0,0,0,0,0,0,0,0,0,0,0,0,0,0,0,0,0,0,0,0,0,0,0,0,0,0,0,0,0,0,19248046.01,0,0,19248046.01,0,0,19248046.01,0,0,19248046.01,0,0,19248046.01,0,0,19248046.01,0,0,19248046.01,0,0,19248046.01,0,0,19248046.01,0,0,19248046.01,0,0,19248046.01,0,0,19248046.01,0,0,19248046.01,0,0,19248046.01,0,0,19248046.01,0,0,19248046.01,0,0,19248046.01,0,0,19248046.01,0,0,19248046.01,0,0,19248046.01,0,0,19248046.01,0,0,19248046.01,0,0,19248046.01,0,0,19248046.01,0,0,19248046.01,0,0,19248046.01,0,0,19248046.01,0,0,19248046.01,0,0,19248046.01,0,0,19248046.01,0,0,19248046.01,0,0,19248046.01,0,0,19248046.01,0,0,19248046.01,0,0,19248046.01,0,0,19248046.01,0,0,19248046.01,0,0,19248046.01,0,0,19248046.01,0,0,19248046.01,0,0,19248046.01,0,0,19248046.01,0,0,19248046.01,0,0,19248046.01,0,0,19248046.01,0,0,19248046.01,0,0,19248046.01,0,0,19248046.01
both_sexes,1,J&J,2021-04-26,any_risk_factors,0,0,0,0,0,0,0,0,0,0,0,0,0,0,0,0,0,0,0,0,0,0,0,0,0,0,0,0,0,0,0,0,0,0,0,0,0,0,0,0,0,0,0,0,0,0,0,0,0,0,4082918.85,0,0,4082918.85,0,0,4082918.85,0,0,4082918.85,0,0,4082918.85,0,0,4082918.85,0,0,4082918.85,0,0,4082918.85,0,0,4082918.85,0,0,4082918.85,0,0,4082918.85,0,0,4082918.85,0,0,4082918.85,0,0,4082918.85,0,0,4082918.85,0,0,4082918.85,0,0,4082918.85,0,0,4082918.85,0,0,4082918.85,0,0,4082918.85,0,0,4082918.85,0,0,4082918.85,0,0,4082918.85,0,0,4082918.85,0,0,4082918.85,0,0,4082918.85,0,0,4082918.85,0,0,4082918.85,0,0,4082918.85,0,0,4082918.85,0,0,4082918.85,0,0,4082918.85,0,0,4082918.85,0,0,4082918.85,0,0,4082918.85,0,0,4082918.85,0,0,4082918.85,0,0,4082918.85,0,0,4082918.85,0,0,4082918.85,0,0,12248756.55,0,0,4082918.85,0,0,4082918.85,0,0,4082918.85,0,0,4082918.85,0,0,4082918.85,0,0,4082918.85,0,0,4082918.85
both_sexes,1,J&J,2021-05-03,any_risk_factors,0,0,0,0,0,0,0,0,0,0,0,0,0,0,0,0,0,0,0,0,0,0,0,0,0,0,0,0,0,0,0,0,0,0,0,0,0,0,0,0,0,0,0,0,0,0,0,0,0,0,2749720.86,0,0,2749720.86,0,0,2749720.86,0,0,2749720.86,0,0,2749720.86,0,0,2749720.86,0,0,2749720.86,0,0,2749720.86,0,0,2749720.86,0,0,2749720.86,0,0,2749720.86,0,0,2749720.86,0,0,2749720.86,0,0,2749720.86,0,0,2749720.86,0,0,2749720.86,0,0,2749720.86,0,0,2749720.86,0,0,2749720.86,0,0,2749720.86,0,0,2749720.86,0,0,2749720.86,0,0,2749720.86,0,0,2749720.86,0,0,2749720.86,0,0,2749720.86,0,0,2749720.86,0,0,2749720.86,0,0,2749720.86,0,0,2749720.86,0,0,2749720.86,0,0,2749720.86,0,0,2749720.86,0,0,2749720.86,0,0,2749720.86,0,0,2749720.86,0,0,2749720.86,0,0,2749720.86,0,0,2749720.86,0,0,2749720.86,0,0,6416015.34,0,0,2749720.86,0,0,2749720.86,0,0,2749720.86,0,0,2749720.86,0,0,2749720.86,0,0,2749720.86,0,0,2749720.86
both_sexes,1,Pfizer,2021-02-08,any_risk_factors,0,0,0,0,0,0,0,0,0,0,0,0,0,0,0,0,0,0,0,0,0,0,0,0,0,0,0,0,0,0,0,0,0,0,0,0,0,0,0,0,0,0,0,0,0,0,0,0,0,0,3742675.61,0,0,3742675.61,0,0,3742675.61,0,0,4646080.07,0,0,3742675.61,0,0,4812011.5,0,0,3849609.2,0,0,4812011.5,0,0,8982421.47,0,0,8982421.47,0,0,3742675.61,0,0,3742675.61,0,0,3742675.61,0,0,3742675.61,0,0,3742675.61,0,0,3742675.61,0,0,3742675.61,0,0,3742675.61,0,0,3742675.61,0,0,3742675.61,0,0,3742675.61,0,0,3742675.61,0,0,3742675.61,0,0,3742675.61,0,0,3742675.61,0,0,3742675.61,0,0,3742675.61,0,0,3742675.61,0,0,3742675.61,0,0,4646080.07,0,0,4646080.07,0,0,3742675.61,0,0,3742675.61,0,0,3742675.61,0,0,3742675.61,0,0,3742675.61,0,0,3742675.61,0,0,3742675.61,0,0,3742675.61,0,0,3742675.61,0,0,11228026.84,0,0,3742675.61,0,0,3742675.61,0,0,3742675.61,0,0,4812011.5,0,0,3742675.61,0,0,4812011.5,0,0,3742675.61
both_sexes,2,AstraZeneca,2021-05-03,any_risk_factors,0,0,0,0,0,0,0,0,0,0,0,0,0,0,0,0,0,0,0,0,0,0,0,0,0,0,0,0,0,0,0,0,0,0,0,0,0,0,0,0,0,0,0,0,0,0,0,0,0,0,44912107.35,0,0,44912107.35,0,0,44912107.35,0,0,44912107.35,0,0,44912107.35,0,0,44912107.35,0,0,44912107.35,0,0,44912107.35,0,0,44912107.35,0,0,44912107.35,0,0,44912107.35,0,0,44912107.35,0,0,44912107.35,0,0,44912107.35,0,0,44912107.35,0,0,44912107.35,0,0,44912107.35,0,0,44912107.35,0,0,44912107.35,0,0,44912107.35,0,0,44912107.35,0,0,44912107.35,0,0,44912107.35,0,0,44912107.35,0,0,44912107.35,0,0,44912107.35,0,0,44912107.35,0,0,44912107.35,0,0,44912107.35,0,0,44912107.35,0,0,44912107.35,0,0,44912107.35,0,0,44912107.35,0,0,44912107.35,0,0,44912107.35,0,0,44912107.35,0,0,44912107.35,0,0,44912107.35,0,0,44912107.35,0,0,44912107.35,0,0,44912107.35,0,0,44912107.35,0,0,44912107.35,0,0,44912107.35,0,0,44912107.35,0,0,44912107.35,0,0,44912107.35,0,0,44912107.35
